dimension(22).
point(1, 274905.0, 126607.0).
point(2, -94753.0, -226571.0).
point(3, -140827.0, 320791.0).
point(4, -113091.0, 349566.0).
point(5, -222397.0, 20390.0).
point(6, 109885.0, -262780.0).
point(7, -27696.0, -287791.0).
point(8, 194791.0, 222350.0).
point(9, -181752.0, -289976.0).
point(10, 76784.0, -195954.0).
point(11, -183010.0, -30827.0).
point(12, 171410.0, 316374.0).
point(13, 70758.0, -26177.0).
point(14, -301337.0, -334195.0).
point(15, -57545.0, 124985.0).
point(16, 116329.0, 74929.0).
point(17, 543193.0, 373395.0).
point(18, 23544.0, 64686.0).
point(19, 129042.0, 113604.0).
point(20, -376827.0, -46545.0).
point(21, -186353.0, 260016.0).
point(22, -91601.0, 116742.0).
cost(1, 2, 511255).
cost(1, 3, 458847).
cost(1, 4, 447495).
cost(1, 5, 508519).
cost(1, 6, 422911).
cost(1, 7, 513121).
cost(1, 8, 124840).
cost(1, 9, 618124).
cost(1, 10, 378547).
cost(1, 11, 484223).
cost(1, 12, 216154).
cost(1, 13, 254988).
cost(1, 14, 737830).
cost(1, 15, 332454).
cost(1, 16, 166784).
cost(1, 17, 364531).
cost(1, 18, 258876).
cost(1, 19, 146441).
cost(1, 20, 674341).
cost(1, 21, 480163).
cost(1, 22, 366639).
cost(2, 1, 511255).
cost(2, 3, 549298).
cost(2, 4, 576429).
cost(2, 5, 277998).
cost(2, 6, 207817).
cost(2, 7, 90799).
cost(2, 8, 534196).
cost(2, 9, 107652).
cost(2, 10, 174248).
cost(2, 11, 214721).
cost(2, 12, 604675).
cost(2, 13, 259907).
cost(2, 14, 232937).
cost(2, 15, 353520).
cost(2, 16, 368046).
cost(2, 17, 875748).
cost(2, 18, 314364).
cost(2, 19, 407189).
cost(2, 20, 334627).
cost(2, 21, 495134).
cost(2, 22, 343327).
cost(3, 1, 458847).
cost(3, 2, 549298).
cost(3, 4, 39966).
cost(3, 5, 311279).
cost(3, 6, 635147).
cost(3, 7, 619008).
cost(3, 8, 349757).
cost(3, 9, 612137).
cost(3, 10, 560696).
cost(3, 11, 354139).
cost(3, 12, 312268).
cost(3, 13, 406393).
cost(3, 14, 674366).
cost(3, 15, 212781).
cost(3, 16, 355777).
cost(3, 17, 686040).
cost(3, 18, 304315).
cost(3, 19, 340229).
cost(3, 20, 436614).
cost(3, 21, 75936).
cost(3, 22, 209903).
cost(4, 1, 447495).
cost(4, 2, 576429).
cost(4, 3, 39966).
cost(4, 5, 346850).
cost(4, 6, 651679).
cost(4, 7, 643052).
cost(4, 8, 333129).
cost(4, 9, 643217).
cost(4, 10, 577620).
cost(4, 11, 386765).
cost(4, 12, 286431).
cost(4, 13, 418310).
cost(4, 14, 709201).
cost(4, 15, 231348).
cost(4, 16, 357853).
cost(4, 17, 656716).
cost(4, 18, 315952).
cost(4, 19, 338092).
cost(4, 20, 475879).
cost(4, 21, 115700).
cost(4, 22, 233814).
cost(5, 1, 508519).
cost(5, 2, 277998).
cost(5, 3, 311279).
cost(5, 4, 346850).
cost(5, 6, 436574).
cost(5, 7, 364533).
cost(5, 8, 463502).
cost(5, 9, 313016).
cost(5, 10, 369207).
cost(5, 11, 64611).
cost(5, 12, 492636).
cost(5, 13, 296830).
cost(5, 14, 363266).
cost(5, 15, 195234).
cost(5, 16, 343089).
cost(5, 17, 843054).
cost(5, 18, 249898).
cost(5, 19, 363591).
cost(5, 20, 168312).
cost(5, 21, 242322).
cost(5, 22, 162454).
cost(6, 1, 422911).
cost(6, 2, 207817).
cost(6, 3, 635147).
cost(6, 4, 651679).
cost(6, 5, 436574).
cost(6, 7, 139836).
cost(6, 8, 492504).
cost(6, 9, 292902).
cost(6, 10, 74575).
cost(6, 11, 373617).
cost(6, 12, 582413).
cost(6, 13, 239816).
cost(6, 14, 417377).
cost(6, 15, 422368).
cost(6, 16, 337770).
cost(6, 17, 769724).
cost(6, 18, 338657).
cost(6, 19, 376871).
cost(6, 20, 532584).
cost(6, 21, 600893).
cost(6, 22, 429690).
cost(7, 1, 513121).
cost(7, 2, 90799).
cost(7, 3, 619008).
cost(7, 4, 643052).
cost(7, 5, 364533).
cost(7, 6, 139836).
cost(7, 8, 556547).
cost(7, 9, 154071).
cost(7, 10, 139105).
cost(7, 11, 300255).
cost(7, 12, 636128).
cost(7, 13, 279527).
cost(7, 14, 277548).
cost(7, 15, 413854).
cost(7, 16, 390268).
cost(7, 17, 873545).
cost(7, 18, 356182).
cost(7, 19, 430912).
cost(7, 20, 424373).
cost(7, 21, 570320).
cost(7, 22, 409550).
cost(8, 1, 124840).
cost(8, 2, 534196).
cost(8, 3, 349757).
cost(8, 4, 333129).
cost(8, 5, 463502).
cost(8, 6, 492504).
cost(8, 7, 556547).
cost(8, 9, 635816).
cost(8, 10, 434631).
cost(8, 11, 454788).
cost(8, 12, 96887).
cost(8, 13, 277759).
cost(8, 14, 745577).
cost(8, 15, 270469).
cost(8, 16, 167001).
cost(8, 17, 379735).
cost(8, 18, 232773).
cost(8, 19, 127077).
cost(8, 20, 631705).
cost(8, 21, 383001).
cost(8, 22, 305243).
cost(9, 1, 618124).
cost(9, 2, 107652).
cost(9, 3, 612137).
cost(9, 4, 643217).
cost(9, 5, 313016).
cost(9, 6, 292902).
cost(9, 7, 154071).
cost(9, 8, 635816).
cost(9, 10, 275102).
cost(9, 11, 259152).
cost(9, 12, 701701).
cost(9, 13, 365173).
cost(9, 14, 127499).
cost(9, 15, 433151).
cost(9, 16, 471177).
cost(9, 17, 982653).
cost(9, 18, 409795).
cost(9, 19, 509382).
cost(9, 20, 311950).
cost(9, 21, 550011).
cost(9, 22, 416589).
cost(10, 1, 378547).
cost(10, 2, 174248).
cost(10, 3, 560696).
cost(10, 4, 577620).
cost(10, 5, 369207).
cost(10, 6, 74575).
cost(10, 7, 139105).
cost(10, 8, 434631).
cost(10, 9, 275102).
cost(10, 11, 307831).
cost(10, 12, 520993).
cost(10, 13, 169884).
cost(10, 14, 402599).
cost(10, 15, 347917).
cost(10, 16, 273754).
cost(10, 17, 736000).
cost(10, 18, 266022).
cost(10, 19, 313938).
cost(10, 20, 477583).
cost(10, 21, 526450).
cost(10, 22, 355151).
cost(11, 1, 484223).
cost(11, 2, 214721).
cost(11, 3, 354139).
cost(11, 4, 386765).
cost(11, 5, 64611).
cost(11, 6, 373617).
cost(11, 7, 300255).
cost(11, 8, 454788).
cost(11, 9, 259152).
cost(11, 10, 307831).
cost(11, 12, 496147).
cost(11, 13, 253811).
cost(11, 14, 325628).
cost(11, 15, 200047).
cost(11, 16, 317472).
cost(11, 17, 831123).
cost(11, 18, 227568).
cost(11, 19, 343856).
cost(11, 20, 194453).
cost(11, 21, 290862).
cost(11, 22, 173586).
cost(12, 1, 216154).
cost(12, 2, 604675).
cost(12, 3, 312268).
cost(12, 4, 286431).
cost(12, 5, 492636).
cost(12, 6, 582413).
cost(12, 7, 636128).
cost(12, 8, 96887).
cost(12, 9, 701701).
cost(12, 10, 520993).
cost(12, 11, 496147).
cost(12, 13, 357032).
cost(12, 14, 804195).
cost(12, 15, 298413).
cost(12, 16, 247648).
cost(12, 17, 376130).
cost(12, 18, 291910).
cost(12, 19, 207149).
cost(12, 20, 657475).
cost(12, 21, 362175).
cost(12, 22, 330193).
cost(13, 1, 254988).
cost(13, 2, 259907).
cost(13, 3, 406393).
cost(13, 4, 418310).
cost(13, 5, 296830).
cost(13, 6, 239816).
cost(13, 7, 279527).
cost(13, 8, 277759).
cost(13, 9, 365173).
cost(13, 10, 169884).
cost(13, 11, 253811).
cost(13, 12, 357032).
cost(13, 14, 483042).
cost(13, 15, 198272).
cost(13, 16, 110901).
cost(13, 17, 618751).
cost(13, 18, 102397).
cost(13, 19, 151446).
cost(13, 20, 448048).
cost(13, 21, 384724).
cost(13, 22, 216301).
cost(14, 1, 737830).
cost(14, 2, 232937).
cost(14, 3, 674366).
cost(14, 4, 709201).
cost(14, 5, 363266).
cost(14, 6, 417377).
cost(14, 7, 277548).
cost(14, 8, 745577).
cost(14, 9, 127499).
cost(14, 10, 402599).
cost(14, 11, 325628).
cost(14, 12, 804195).
cost(14, 13, 483042).
cost(14, 15, 519885).
cost(14, 16, 584660).
cost(14, 17, 1101778).
cost(14, 18, 514445).
cost(14, 19, 621088).
cost(14, 20, 297391).
cost(14, 21, 605234).
cost(14, 22, 497326).
cost(15, 1, 332454).
cost(15, 2, 353520).
cost(15, 3, 212781).
cost(15, 4, 231348).
cost(15, 5, 195234).
cost(15, 6, 422368).
cost(15, 7, 413854).
cost(15, 8, 270469).
cost(15, 9, 433151).
cost(15, 10, 347917).
cost(15, 11, 200047).
cost(15, 12, 298413).
cost(15, 13, 198272).
cost(15, 14, 519885).
cost(15, 16, 180936).
cost(15, 17, 650072).
cost(15, 18, 101051).
cost(15, 19, 186934).
cost(15, 20, 362441).
cost(15, 21, 186614).
cost(15, 22, 35039).
cost(16, 1, 166784).
cost(16, 2, 368046).
cost(16, 3, 355777).
cost(16, 4, 357853).
cost(16, 5, 343089).
cost(16, 6, 337770).
cost(16, 7, 390268).
cost(16, 8, 167001).
cost(16, 9, 471177).
cost(16, 10, 273754).
cost(16, 11, 317472).
cost(16, 12, 247648).
cost(16, 13, 110901).
cost(16, 14, 584660).
cost(16, 15, 180936).
cost(16, 17, 520860).
cost(16, 18, 93349).
cost(16, 19, 40711).
cost(16, 20, 507896).
cost(16, 21, 354787).
cost(16, 22, 212092).
cost(17, 1, 364531).
cost(17, 2, 875748).
cost(17, 3, 686040).
cost(17, 4, 656716).
cost(17, 5, 843054).
cost(17, 6, 769724).
cost(17, 7, 873545).
cost(17, 8, 379735).
cost(17, 9, 982653).
cost(17, 10, 736000).
cost(17, 11, 831123).
cost(17, 12, 376130).
cost(17, 13, 618751).
cost(17, 14, 1101778).
cost(17, 15, 650072).
cost(17, 16, 520860).
cost(17, 18, 604431).
cost(17, 19, 488889).
cost(17, 20, 1011329).
cost(17, 21, 738304).
cost(17, 22, 684715).
cost(18, 1, 258876).
cost(18, 2, 314364).
cost(18, 3, 304315).
cost(18, 4, 315952).
cost(18, 5, 249898).
cost(18, 6, 338657).
cost(18, 7, 356182).
cost(18, 8, 232773).
cost(18, 9, 409795).
cost(18, 10, 266022).
cost(18, 11, 227568).
cost(18, 12, 291910).
cost(18, 13, 102397).
cost(18, 14, 514445).
cost(18, 15, 101051).
cost(18, 16, 93349).
cost(18, 17, 604431).
cost(18, 19, 116288).
cost(18, 20, 415535).
cost(18, 21, 286724).
cost(18, 22, 126365).
cost(19, 1, 146441).
cost(19, 2, 407189).
cost(19, 3, 340229).
cost(19, 4, 338092).
cost(19, 5, 363591).
cost(19, 6, 376871).
cost(19, 7, 430912).
cost(19, 8, 127077).
cost(19, 9, 509382).
cost(19, 10, 313938).
cost(19, 11, 343856).
cost(19, 12, 207149).
cost(19, 13, 151446).
cost(19, 14, 621088).
cost(19, 15, 186934).
cost(19, 16, 40711).
cost(19, 17, 488889).
cost(19, 18, 116288).
cost(19, 20, 530614).
cost(19, 21, 347722).
cost(19, 22, 220665).
cost(20, 1, 674341).
cost(20, 2, 334627).
cost(20, 3, 436614).
cost(20, 4, 475879).
cost(20, 5, 168312).
cost(20, 6, 532584).
cost(20, 7, 424373).
cost(20, 8, 631705).
cost(20, 9, 311950).
cost(20, 10, 477583).
cost(20, 11, 194453).
cost(20, 12, 657475).
cost(20, 13, 448048).
cost(20, 14, 297391).
cost(20, 15, 362441).
cost(20, 16, 507896).
cost(20, 17, 1011329).
cost(20, 18, 415535).
cost(20, 19, 530614).
cost(20, 21, 360915).
cost(20, 22, 328659).
cost(21, 1, 480163).
cost(21, 2, 495134).
cost(21, 3, 75936).
cost(21, 4, 115700).
cost(21, 5, 242322).
cost(21, 6, 600893).
cost(21, 7, 570320).
cost(21, 8, 383001).
cost(21, 9, 550011).
cost(21, 10, 526450).
cost(21, 11, 290862).
cost(21, 12, 362175).
cost(21, 13, 384724).
cost(21, 14, 605234).
cost(21, 15, 186614).
cost(21, 16, 354787).
cost(21, 17, 738304).
cost(21, 18, 286724).
cost(21, 19, 347722).
cost(21, 20, 360915).
cost(21, 22, 171771).
cost(22, 1, 366639).
cost(22, 2, 343327).
cost(22, 3, 209903).
cost(22, 4, 233814).
cost(22, 5, 162454).
cost(22, 6, 429690).
cost(22, 7, 409550).
cost(22, 8, 305243).
cost(22, 9, 416589).
cost(22, 10, 355151).
cost(22, 11, 173586).
cost(22, 12, 330193).
cost(22, 13, 216301).
cost(22, 14, 497326).
cost(22, 15, 35039).
cost(22, 16, 212092).
cost(22, 17, 684715).
cost(22, 18, 126365).
cost(22, 19, 220665).
cost(22, 20, 328659).
cost(22, 21, 171771).
