dimension(22).
point(1, -61375.0, -81208.0).
point(2, -139533.0, -201224.0).
point(3, 285202.0, -71308.0).
point(4, -244797.0, 201953.0).
point(5, 151660.0, 7726.0).
point(6, -423817.0, 186054.0).
point(7, 93862.0, 223100.0).
point(8, 106925.0, 270652.0).
point(9, -107650.0, -127585.0).
point(10, -78567.0, 438279.0).
point(11, 58346.0, -113079.0).
point(12, 62486.0, -173981.0).
point(13, -435997.0, 151773.0).
point(14, 541116.0, -57179.0).
point(15, 180611.0, -185701.0).
point(16, 137537.0, -55324.0).
point(17, 217574.0, -62518.0).
point(18, -186115.0, 39661.0).
point(19, -177349.0, 90158.0).
point(20, -99324.0, -218902.0).
point(21, 210704.0, 59888.0).
point(22, 315746.0, -426041.0).
cost(1, 2, 143222).
cost(1, 3, 346718).
cost(1, 4, 337378).
cost(1, 5, 230853).
cost(1, 6, 450326).
cost(1, 7, 341617).
cost(1, 8, 390039).
cost(1, 9, 65515).
cost(1, 10, 519771).
cost(1, 11, 123891).
cost(1, 12, 154753).
cost(1, 13, 441160).
cost(1, 14, 602970).
cost(1, 15, 263583).
cost(1, 16, 200589).
cost(1, 17, 279574).
cost(1, 18, 173693).
cost(1, 19, 206921).
cost(1, 20, 142828).
cost(1, 21, 306488).
cost(1, 22, 511009).
cost(2, 1, 143222).
cost(2, 3, 444160).
cost(2, 4, 416692).
cost(2, 5, 358404).
cost(2, 6, 480418).
cost(2, 7, 484277).
cost(2, 8, 532361).
cost(2, 9, 80245).
cost(2, 10, 642402).
cost(2, 11, 216623).
cost(2, 12, 203848).
cost(2, 13, 460975).
cost(2, 14, 695724).
cost(2, 15, 320520).
cost(2, 16, 313137).
cost(2, 17, 383099).
cost(2, 18, 245348).
cost(2, 19, 293826).
cost(2, 20, 43924).
cost(2, 21, 436859).
cost(2, 22, 507761).
cost(3, 1, 346718).
cost(3, 2, 444160).
cost(3, 4, 596297).
cost(3, 5, 155177).
cost(3, 6, 754283).
cost(3, 7, 351123).
cost(3, 8, 385641).
cost(3, 9, 396862).
cost(3, 10, 626104).
cost(3, 11, 230670).
cost(3, 12, 245243).
cost(3, 13, 754913).
cost(3, 14, 256304).
cost(3, 15, 155000).
cost(3, 16, 148528).
cost(3, 17, 68197).
cost(3, 18, 484204).
cost(3, 19, 489923).
cost(3, 20, 411879).
cost(3, 21, 150872).
cost(3, 22, 356046).
cost(4, 1, 337378).
cost(4, 2, 416692).
cost(4, 3, 596297).
cost(4, 5, 441477).
cost(4, 6, 179725).
cost(4, 7, 339319).
cost(4, 8, 358368).
cost(4, 9, 356938).
cost(4, 10, 288933).
cost(4, 11, 437197).
cost(4, 12, 485540).
cost(4, 13, 197675).
cost(4, 14, 827532).
cost(4, 15, 575541).
cost(4, 16, 460837).
cost(4, 17, 532665).
cost(4, 18, 172575).
cost(4, 19, 130566).
cost(4, 20, 445288).
cost(4, 21, 477141).
cost(4, 22, 841775).
cost(5, 1, 230853).
cost(5, 2, 358404).
cost(5, 3, 155177).
cost(5, 4, 441477).
cost(5, 6, 602474).
cost(5, 7, 222995).
cost(5, 8, 266705).
cost(5, 9, 292491).
cost(5, 10, 488242).
cost(5, 11, 152648).
cost(5, 12, 202409).
cost(5, 13, 605054).
cost(5, 14, 394827).
cost(5, 15, 195582).
cost(5, 16, 64612).
cost(5, 17, 96327).
cost(5, 18, 339281).
cost(5, 19, 339178).
cost(5, 20, 338162).
cost(5, 21, 78785).
cost(5, 22, 463765).
cost(6, 1, 450326).
cost(6, 2, 480418).
cost(6, 3, 754283).
cost(6, 4, 179725).
cost(6, 5, 602474).
cost(6, 7, 519003).
cost(6, 8, 537442).
cost(6, 9, 445344).
cost(6, 10, 427569).
cost(6, 11, 567417).
cost(6, 12, 605075).
cost(6, 13, 36380).
cost(6, 14, 995117).
cost(6, 15, 709602).
cost(6, 16, 611050).
cost(6, 17, 687874).
cost(6, 18, 279165).
cost(6, 19, 264466).
cost(6, 20, 518927).
cost(6, 21, 646943).
cost(6, 22, 960007).
cost(7, 1, 341617).
cost(7, 2, 484277).
cost(7, 3, 351123).
cost(7, 4, 339319).
cost(7, 5, 222995).
cost(7, 6, 519003).
cost(7, 8, 49314).
cost(7, 9, 404459).
cost(7, 10, 275742).
cost(7, 11, 338050).
cost(7, 12, 398319).
cost(7, 13, 534638).
cost(7, 14, 527819).
cost(7, 15, 417904).
cost(7, 16, 281829).
cost(7, 17, 311259).
cost(7, 18, 334719).
cost(7, 19, 302041).
cost(7, 20, 482376).
cost(7, 21, 200724).
cost(7, 22, 686015).
cost(8, 1, 390039).
cost(8, 2, 532361).
cost(8, 3, 385641).
cost(8, 4, 358368).
cost(8, 5, 266705).
cost(8, 6, 537442).
cost(8, 7, 49314).
cost(8, 9, 452366).
cost(8, 10, 250012).
cost(8, 11, 386794).
cost(8, 12, 446848).
cost(8, 13, 555785).
cost(8, 14, 544054).
cost(8, 15, 462264).
cost(8, 16, 327410).
cost(8, 17, 351063).
cost(8, 18, 373134).
cost(8, 19, 336734).
cost(8, 20, 531227).
cost(8, 21, 234929).
cost(8, 22, 727315).
cost(9, 1, 65515).
cost(9, 2, 80245).
cost(9, 3, 396862).
cost(9, 4, 356938).
cost(9, 5, 292491).
cost(9, 6, 445344).
cost(9, 7, 404459).
cost(9, 8, 452366).
cost(9, 10, 566611).
cost(9, 11, 166629).
cost(9, 12, 176349).
cost(9, 13, 431106).
cost(9, 14, 652575).
cost(9, 15, 294061).
cost(9, 16, 255614).
cost(9, 17, 331669).
cost(9, 18, 184738).
cost(9, 19, 228626).
cost(9, 20, 91696).
cost(9, 21, 369453).
cost(9, 22, 518016).
cost(10, 1, 519771).
cost(10, 2, 642402).
cost(10, 3, 626104).
cost(10, 4, 288933).
cost(10, 5, 488242).
cost(10, 6, 427569).
cost(10, 7, 275742).
cost(10, 8, 250012).
cost(10, 9, 566611).
cost(10, 11, 568103).
cost(10, 12, 628298).
cost(10, 13, 458085).
cost(10, 14, 793401).
cost(10, 15, 675666).
cost(10, 16, 538837).
cost(10, 17, 581805).
cost(10, 18, 412872).
cost(10, 19, 361865).
cost(10, 20, 657509).
cost(10, 21, 476296).
cost(10, 22, 950017).
cost(11, 1, 123891).
cost(11, 2, 216623).
cost(11, 3, 230670).
cost(11, 4, 437197).
cost(11, 5, 152648).
cost(11, 6, 567417).
cost(11, 7, 338050).
cost(11, 8, 386794).
cost(11, 9, 166629).
cost(11, 10, 568103).
cost(11, 12, 61043).
cost(11, 13, 560822).
cost(11, 14, 485996).
cost(11, 15, 142206).
cost(11, 16, 98015).
cost(11, 17, 167063).
cost(11, 18, 288255).
cost(11, 19, 311219).
cost(11, 20, 189890).
cost(11, 21, 230501).
cost(11, 22, 405216).
cost(12, 1, 154753).
cost(12, 2, 203848).
cost(12, 3, 245243).
cost(12, 4, 485540).
cost(12, 5, 202409).
cost(12, 6, 605075).
cost(12, 7, 398319).
cost(12, 8, 446848).
cost(12, 9, 176349).
cost(12, 10, 628298).
cost(12, 11, 61043).
cost(12, 13, 595484).
cost(12, 14, 492676).
cost(12, 15, 118705).
cost(12, 16, 140400).
cost(12, 17, 190988).
cost(12, 18, 327789).
cost(12, 19, 356778).
cost(12, 20, 167930).
cost(12, 21, 276881).
cost(12, 22, 357316).
cost(13, 1, 441160).
cost(13, 2, 460975).
cost(13, 3, 754913).
cost(13, 4, 197675).
cost(13, 5, 605054).
cost(13, 6, 36380).
cost(13, 7, 534638).
cost(13, 8, 555785).
cost(13, 9, 431106).
cost(13, 10, 458085).
cost(13, 11, 560822).
cost(13, 12, 595484).
cost(13, 14, 999205).
cost(13, 15, 702918).
cost(13, 16, 609779).
cost(13, 17, 687805).
cost(13, 18, 273880).
cost(13, 19, 265886).
cost(13, 20, 500748).
cost(13, 21, 653196).
cost(13, 22, 948149).
cost(14, 1, 602970).
cost(14, 2, 695724).
cost(14, 3, 256304).
cost(14, 4, 827532).
cost(14, 5, 394827).
cost(14, 6, 995117).
cost(14, 7, 527819).
cost(14, 8, 544054).
cost(14, 9, 652575).
cost(14, 10, 793401).
cost(14, 11, 485996).
cost(14, 12, 492676).
cost(14, 13, 999205).
cost(14, 15, 382729).
cost(14, 16, 403583).
cost(14, 17, 323586).
cost(14, 18, 733650).
cost(14, 19, 733417).
cost(14, 20, 660544).
cost(14, 21, 350538).
cost(14, 22, 432262).
cost(15, 1, 263583).
cost(15, 2, 320520).
cost(15, 3, 155000).
cost(15, 4, 575541).
cost(15, 5, 195582).
cost(15, 6, 709602).
cost(15, 7, 417904).
cost(15, 8, 462264).
cost(15, 9, 294061).
cost(15, 10, 675666).
cost(15, 11, 142206).
cost(15, 12, 118705).
cost(15, 13, 702918).
cost(15, 14, 382729).
cost(15, 16, 137308).
cost(15, 17, 128609).
cost(15, 18, 430437).
cost(15, 19, 451922).
cost(15, 20, 281897).
cost(15, 21, 247426).
cost(15, 22, 275726).
cost(16, 1, 200589).
cost(16, 2, 313137).
cost(16, 3, 148528).
cost(16, 4, 460837).
cost(16, 5, 64612).
cost(16, 6, 611050).
cost(16, 7, 281829).
cost(16, 8, 327410).
cost(16, 9, 255614).
cost(16, 10, 538837).
cost(16, 11, 98015).
cost(16, 12, 140400).
cost(16, 13, 609779).
cost(16, 14, 403583).
cost(16, 15, 137308).
cost(16, 17, 80360).
cost(16, 18, 337302).
cost(16, 19, 346869).
cost(16, 20, 287856).
cost(16, 21, 136482).
cost(16, 22, 411327).
cost(17, 1, 279574).
cost(17, 2, 383099).
cost(17, 3, 68197).
cost(17, 4, 532665).
cost(17, 5, 96327).
cost(17, 6, 687874).
cost(17, 7, 311259).
cost(17, 8, 351063).
cost(17, 9, 331669).
cost(17, 10, 581805).
cost(17, 11, 167063).
cost(17, 12, 190988).
cost(17, 13, 687805).
cost(17, 14, 323586).
cost(17, 15, 128609).
cost(17, 16, 80360).
cost(17, 18, 416420).
cost(17, 19, 423408).
cost(17, 20, 353384).
cost(17, 21, 122599).
cost(17, 22, 376546).
cost(18, 1, 173693).
cost(18, 2, 245348).
cost(18, 3, 484204).
cost(18, 4, 172575).
cost(18, 5, 339281).
cost(18, 6, 279165).
cost(18, 7, 334719).
cost(18, 8, 373134).
cost(18, 9, 184738).
cost(18, 10, 412872).
cost(18, 11, 288255).
cost(18, 12, 327789).
cost(18, 13, 273880).
cost(18, 14, 733650).
cost(18, 15, 430437).
cost(18, 16, 337302).
cost(18, 17, 416420).
cost(18, 19, 51252).
cost(18, 20, 272741).
cost(18, 21, 397334).
cost(18, 22, 684648).
cost(19, 1, 206921).
cost(19, 2, 293826).
cost(19, 3, 489923).
cost(19, 4, 130566).
cost(19, 5, 339178).
cost(19, 6, 264466).
cost(19, 7, 302041).
cost(19, 8, 336734).
cost(19, 9, 228626).
cost(19, 10, 361865).
cost(19, 11, 311219).
cost(19, 12, 356778).
cost(19, 13, 265886).
cost(19, 14, 733417).
cost(19, 15, 451922).
cost(19, 16, 346869).
cost(19, 17, 423408).
cost(19, 18, 51252).
cost(19, 20, 318757).
cost(19, 21, 389232).
cost(19, 22, 713866).
cost(20, 1, 142828).
cost(20, 2, 43924).
cost(20, 3, 411879).
cost(20, 4, 445288).
cost(20, 5, 338162).
cost(20, 6, 518927).
cost(20, 7, 482376).
cost(20, 8, 531227).
cost(20, 9, 91696).
cost(20, 10, 657509).
cost(20, 11, 189890).
cost(20, 12, 167930).
cost(20, 13, 500748).
cost(20, 14, 660544).
cost(20, 15, 281897).
cost(20, 16, 287856).
cost(20, 17, 353384).
cost(20, 18, 272741).
cost(20, 19, 318757).
cost(20, 21, 416943).
cost(20, 22, 463885).
cost(21, 1, 306488).
cost(21, 2, 436859).
cost(21, 3, 150872).
cost(21, 4, 477141).
cost(21, 5, 78785).
cost(21, 6, 646943).
cost(21, 7, 200724).
cost(21, 8, 234929).
cost(21, 9, 369453).
cost(21, 10, 476296).
cost(21, 11, 230501).
cost(21, 12, 276881).
cost(21, 13, 653196).
cost(21, 14, 350538).
cost(21, 15, 247426).
cost(21, 16, 136482).
cost(21, 17, 122599).
cost(21, 18, 397334).
cost(21, 19, 389232).
cost(21, 20, 416943).
cost(21, 22, 497153).
cost(22, 1, 511009).
cost(22, 2, 507761).
cost(22, 3, 356046).
cost(22, 4, 841775).
cost(22, 5, 463765).
cost(22, 6, 960007).
cost(22, 7, 686015).
cost(22, 8, 727315).
cost(22, 9, 518016).
cost(22, 10, 950017).
cost(22, 11, 405216).
cost(22, 12, 357316).
cost(22, 13, 948149).
cost(22, 14, 432262).
cost(22, 15, 275726).
cost(22, 16, 411327).
cost(22, 17, 376546).
cost(22, 18, 684648).
cost(22, 19, 713866).
cost(22, 20, 463885).
cost(22, 21, 497153).
