dimension(22).
point(1, -375027.0, -1910.0).
point(2, 89284.0, -266480.0).
point(3, -333987.0, 70201.0).
point(4, -182111.0, 14293.0).
point(5, 174131.0, -158434.0).
point(6, 94014.0, -580612.0).
point(7, 178684.0, -112588.0).
point(8, 214670.0, 349183.0).
point(9, 77917.0, -129764.0).
point(10, -130853.0, -214482.0).
point(11, 33730.0, 29301.0).
point(12, 83256.0, 289175.0).
point(13, -397663.0, -218240.0).
point(14, 376409.0, 243326.0).
point(15, 38334.0, -19496.0).
point(16, -187677.0, 199942.0).
point(17, 295339.0, -169032.0).
point(18, 260831.0, 42077.0).
point(19, -147358.0, -166570.0).
point(20, 34569.0, 376890.0).
point(21, 10072.0, -51109.0).
point(22, -49050.0, 119085.0).
cost(1, 2, 534399).
cost(1, 3, 82972).
cost(1, 4, 193595).
cost(1, 5, 571029).
cost(1, 6, 744913).
cost(1, 7, 564664).
cost(1, 8, 686301).
cost(1, 9, 470643).
cost(1, 10, 323740).
cost(1, 11, 409947).
cost(1, 12, 542912).
cost(1, 13, 217511).
cost(1, 14, 790441).
cost(1, 15, 413735).
cost(1, 16, 275398).
cost(1, 17, 690884).
cost(1, 18, 637378).
cost(1, 19, 280973).
cost(1, 20, 557905).
cost(1, 21, 388229).
cost(1, 22, 347708).
cost(2, 1, 534399).
cost(2, 3, 540844).
cost(2, 4, 390498).
cost(2, 5, 137379).
cost(2, 6, 314168).
cost(2, 7, 177975).
cost(2, 8, 628301).
cost(2, 9, 137188).
cost(2, 10, 226195).
cost(2, 11, 300953).
cost(2, 12, 555688).
cost(2, 13, 489331).
cost(2, 14, 585101).
cost(2, 15, 252184).
cost(2, 16, 542454).
cost(2, 17, 227936).
cost(2, 18, 353038).
cost(2, 19, 256869).
cost(2, 20, 645692).
cost(2, 21, 229476).
cost(2, 22, 409630).
cost(3, 1, 82972).
cost(3, 2, 540844).
cost(3, 4, 161840).
cost(3, 5, 557187).
cost(3, 6, 778937).
cost(3, 7, 544282).
cost(3, 8, 615512).
cost(3, 9, 457877).
cost(3, 10, 349725).
cost(3, 11, 369985).
cost(3, 12, 471213).
cost(3, 13, 295386).
cost(3, 14, 731187).
cost(3, 15, 382973).
cost(3, 16, 195549).
cost(3, 17, 673263).
cost(3, 18, 595483).
cost(3, 19, 301481).
cost(3, 20, 479470).
cost(3, 21, 364819).
cost(3, 22, 289100).
cost(4, 1, 193595).
cost(4, 2, 390498).
cost(4, 3, 161840).
cost(4, 5, 395908).
cost(4, 6, 655864).
cost(4, 7, 382455).
cost(4, 8, 519217).
cost(4, 9, 297266).
cost(4, 10, 234447).
cost(4, 11, 216362).
cost(4, 12, 382073).
cost(4, 13, 317071).
cost(4, 14, 603656).
cost(4, 15, 223019).
cost(4, 16, 185732).
cost(4, 17, 511436).
cost(4, 18, 443813).
cost(4, 19, 184172).
cost(4, 20, 422406).
cost(4, 21, 203007).
cost(4, 22, 169371).
cost(5, 1, 571029).
cost(5, 2, 137379).
cost(5, 3, 557187).
cost(5, 4, 395908).
cost(5, 6, 429713).
cost(5, 7, 46072).
cost(5, 8, 509233).
cost(5, 9, 100395).
cost(5, 10, 310091).
cost(5, 11, 234429).
cost(5, 12, 456741).
cost(5, 13, 574913).
cost(5, 14, 449808).
cost(5, 15, 194280).
cost(5, 16, 509253).
cost(5, 17, 121670).
cost(5, 18, 218453).
cost(5, 19, 321592).
cost(5, 20, 553217).
cost(5, 21, 196046).
cost(5, 22, 356127).
cost(6, 1, 744913).
cost(6, 2, 314168).
cost(6, 3, 778937).
cost(6, 4, 655864).
cost(6, 5, 429713).
cost(6, 7, 475621).
cost(6, 8, 937591).
cost(6, 9, 451135).
cost(6, 10, 429670).
cost(6, 11, 612885).
cost(6, 12, 869854).
cost(6, 13, 610786).
cost(6, 14, 870988).
cost(6, 15, 563872).
cost(6, 16, 829828).
cost(6, 17, 458181).
cost(6, 18, 644647).
cost(6, 19, 479261).
cost(6, 20, 959345).
cost(6, 21, 536115).
cost(6, 22, 714173).
cost(7, 1, 564664).
cost(7, 2, 177975).
cost(7, 3, 544282).
cost(7, 4, 382455).
cost(7, 5, 46072).
cost(7, 6, 475621).
cost(7, 8, 463171).
cost(7, 9, 102220).
cost(7, 10, 325877).
cost(7, 11, 202840).
cost(7, 12, 412941).
cost(7, 13, 585951).
cost(7, 14, 407149).
cost(7, 15, 168417).
cost(7, 16, 481555).
cost(7, 17, 129593).
cost(7, 18, 175127).
cost(7, 19, 330481).
cost(7, 20, 510253).
cost(7, 21, 179471).
cost(7, 22, 324862).
cost(8, 1, 686301).
cost(8, 2, 628301).
cost(8, 3, 615512).
cost(8, 4, 519217).
cost(8, 5, 509233).
cost(8, 6, 937591).
cost(8, 7, 463171).
cost(8, 9, 498088).
cost(8, 10, 661139).
cost(8, 11, 367510).
cost(8, 12, 144467).
cost(8, 13, 834818).
cost(8, 14, 193301).
cost(8, 15, 408679).
cost(8, 16, 429134).
cost(8, 17, 524456).
cost(8, 18, 310556).
cost(8, 19, 630131).
cost(8, 20, 182220).
cost(8, 21, 449549).
cost(8, 22, 349990).
cost(9, 1, 470643).
cost(9, 2, 137188).
cost(9, 3, 457877).
cost(9, 4, 297266).
cost(9, 5, 100395).
cost(9, 6, 451135).
cost(9, 7, 102220).
cost(9, 8, 498088).
cost(9, 10, 225304).
cost(9, 11, 165088).
cost(9, 12, 418973).
cost(9, 13, 483740).
cost(9, 14, 477801).
cost(9, 15, 117157).
cost(9, 16, 423375).
cost(9, 17, 220940).
cost(9, 18, 250972).
cost(9, 19, 228262).
cost(9, 20, 508505).
cost(9, 21, 103873).
cost(9, 22, 279368).
cost(10, 1, 323740).
cost(10, 2, 226195).
cost(10, 3, 349725).
cost(10, 4, 234447).
cost(10, 5, 310091).
cost(10, 6, 429670).
cost(10, 7, 325877).
cost(10, 8, 661139).
cost(10, 9, 225304).
cost(10, 11, 294139).
cost(10, 12, 547278).
cost(10, 13, 266836).
cost(10, 14, 683303).
cost(10, 15, 258155).
cost(10, 16, 418302).
cost(10, 17, 428609).
cost(10, 18, 468230).
cost(10, 19, 50675).
cost(10, 20, 614073).
cost(10, 21, 215756).
cost(10, 22, 343451).
cost(11, 1, 409947).
cost(11, 2, 300953).
cost(11, 3, 369985).
cost(11, 4, 216362).
cost(11, 5, 234429).
cost(11, 6, 612885).
cost(11, 7, 202840).
cost(11, 8, 367510).
cost(11, 9, 165088).
cost(11, 10, 294139).
cost(11, 12, 264551).
cost(11, 13, 497370).
cost(11, 14, 404024).
cost(11, 15, 49014).
cost(11, 16, 279534).
cost(11, 17, 328291).
cost(11, 18, 227460).
cost(11, 19, 266755).
cost(11, 20, 347590).
cost(11, 21, 83818).
cost(11, 22, 122122).
cost(12, 1, 542912).
cost(12, 2, 555688).
cost(12, 3, 471213).
cost(12, 4, 382073).
cost(12, 5, 456741).
cost(12, 6, 869854).
cost(12, 7, 412941).
cost(12, 8, 144467).
cost(12, 9, 418973).
cost(12, 10, 547278).
cost(12, 11, 264551).
cost(12, 13, 699109).
cost(12, 14, 296717).
cost(12, 15, 311923).
cost(12, 16, 285249).
cost(12, 17, 504909).
cost(12, 18, 304287).
cost(12, 19, 510770).
cost(12, 20, 100321).
cost(12, 21, 348065).
cost(12, 22, 215489).
cost(13, 1, 217511).
cost(13, 2, 489331).
cost(13, 3, 295386).
cost(13, 4, 317071).
cost(13, 5, 574913).
cost(13, 6, 610786).
cost(13, 7, 585951).
cost(13, 8, 834818).
cost(13, 9, 483740).
cost(13, 10, 266836).
cost(13, 11, 497370).
cost(13, 12, 699109).
cost(13, 14, 901238).
cost(13, 15, 479158).
cost(13, 16, 467943).
cost(13, 17, 694747).
cost(13, 18, 708081).
cost(13, 19, 255582).
cost(13, 20, 735530).
cost(13, 21, 440659).
cost(13, 22, 485097).
cost(14, 1, 790441).
cost(14, 2, 585101).
cost(14, 3, 731187).
cost(14, 4, 603656).
cost(14, 5, 449808).
cost(14, 6, 870988).
cost(14, 7, 407149).
cost(14, 8, 193301).
cost(14, 9, 477801).
cost(14, 10, 683303).
cost(14, 11, 404024).
cost(14, 12, 296717).
cost(14, 13, 901238).
cost(14, 15, 428217).
cost(14, 16, 565752).
cost(14, 17, 420252).
cost(14, 18, 232076).
cost(14, 19, 665091).
cost(14, 20, 367007).
cost(14, 21, 469994).
cost(14, 22, 443228).
cost(15, 1, 413735).
cost(15, 2, 252184).
cost(15, 3, 382973).
cost(15, 4, 223019).
cost(15, 5, 194280).
cost(15, 6, 563872).
cost(15, 7, 168417).
cost(15, 8, 408679).
cost(15, 9, 117157).
cost(15, 10, 258155).
cost(15, 11, 49014).
cost(15, 12, 311923).
cost(15, 13, 479158).
cost(15, 14, 428217).
cost(15, 16, 315014).
cost(15, 17, 297343).
cost(15, 18, 230860).
cost(15, 19, 236880).
cost(15, 20, 396404).
cost(15, 21, 42404).
cost(15, 22, 163831).
cost(16, 1, 275398).
cost(16, 2, 542454).
cost(16, 3, 195549).
cost(16, 4, 185732).
cost(16, 5, 509253).
cost(16, 6, 829828).
cost(16, 7, 481555).
cost(16, 8, 429134).
cost(16, 9, 423375).
cost(16, 10, 418302).
cost(16, 11, 279534).
cost(16, 12, 285249).
cost(16, 13, 467943).
cost(16, 14, 565752).
cost(16, 15, 315014).
cost(16, 17, 607821).
cost(16, 18, 475480).
cost(16, 19, 368723).
cost(16, 20, 284084).
cost(16, 21, 319580).
cost(16, 22, 160485).
cost(17, 1, 690884).
cost(17, 2, 227936).
cost(17, 3, 673263).
cost(17, 4, 511436).
cost(17, 5, 121670).
cost(17, 6, 458181).
cost(17, 7, 129593).
cost(17, 8, 524456).
cost(17, 9, 220940).
cost(17, 10, 428609).
cost(17, 11, 328291).
cost(17, 12, 504909).
cost(17, 13, 694747).
cost(17, 14, 420252).
cost(17, 15, 297343).
cost(17, 16, 607821).
cost(17, 18, 213911).
cost(17, 19, 442704).
cost(17, 20, 605006).
cost(17, 21, 308680).
cost(17, 22, 449016).
cost(18, 1, 637378).
cost(18, 2, 353038).
cost(18, 3, 595483).
cost(18, 4, 443813).
cost(18, 5, 218453).
cost(18, 6, 644647).
cost(18, 7, 175127).
cost(18, 8, 310556).
cost(18, 9, 250972).
cost(18, 10, 468230).
cost(18, 11, 227460).
cost(18, 12, 304287).
cost(18, 13, 708081).
cost(18, 14, 232076).
cost(18, 15, 230860).
cost(18, 16, 475480).
cost(18, 17, 213911).
cost(18, 19, 458423).
cost(18, 20, 404097).
cost(18, 21, 267514).
cost(18, 22, 319306).
cost(19, 1, 280973).
cost(19, 2, 256869).
cost(19, 3, 301481).
cost(19, 4, 184172).
cost(19, 5, 321592).
cost(19, 6, 479261).
cost(19, 7, 330481).
cost(19, 8, 630131).
cost(19, 9, 228262).
cost(19, 10, 50675).
cost(19, 11, 266755).
cost(19, 12, 510770).
cost(19, 13, 255582).
cost(19, 14, 665091).
cost(19, 15, 236880).
cost(19, 16, 368723).
cost(19, 17, 442704).
cost(19, 18, 458423).
cost(19, 20, 573102).
cost(19, 21, 195232).
cost(19, 22, 302098).
cost(20, 1, 557905).
cost(20, 2, 645692).
cost(20, 3, 479470).
cost(20, 4, 422406).
cost(20, 5, 553217).
cost(20, 6, 959345).
cost(20, 7, 510253).
cost(20, 8, 182220).
cost(20, 9, 508505).
cost(20, 10, 614073).
cost(20, 11, 347590).
cost(20, 12, 100321).
cost(20, 13, 735530).
cost(20, 14, 367007).
cost(20, 15, 396404).
cost(20, 16, 284084).
cost(20, 17, 605006).
cost(20, 18, 404097).
cost(20, 19, 573102).
cost(20, 21, 428699).
cost(20, 22, 271027).
cost(21, 1, 388229).
cost(21, 2, 229476).
cost(21, 3, 364819).
cost(21, 4, 203007).
cost(21, 5, 196046).
cost(21, 6, 536115).
cost(21, 7, 179471).
cost(21, 8, 449549).
cost(21, 9, 103873).
cost(21, 10, 215756).
cost(21, 11, 83818).
cost(21, 12, 348065).
cost(21, 13, 440659).
cost(21, 14, 469994).
cost(21, 15, 42404).
cost(21, 16, 319580).
cost(21, 17, 308680).
cost(21, 18, 267514).
cost(21, 19, 195232).
cost(21, 20, 428699).
cost(21, 22, 180170).
cost(22, 1, 347708).
cost(22, 2, 409630).
cost(22, 3, 289100).
cost(22, 4, 169371).
cost(22, 5, 356127).
cost(22, 6, 714173).
cost(22, 7, 324862).
cost(22, 8, 349990).
cost(22, 9, 279368).
cost(22, 10, 343451).
cost(22, 11, 122122).
cost(22, 12, 215489).
cost(22, 13, 485097).
cost(22, 14, 443228).
cost(22, 15, 163831).
cost(22, 16, 160485).
cost(22, 17, 449016).
cost(22, 18, 319306).
cost(22, 19, 302098).
cost(22, 20, 271027).
cost(22, 21, 180170).
