dimension(22).
point(1, 52600.0, -321443.0).
point(2, -99993.0, 16454.0).
point(3, 174652.0, -484105.0).
point(4, 75823.0, -182365.0).
point(5, -171798.0, -105788.0).
point(6, -109318.0, -211550.0).
point(7, 5535.0, 27415.0).
point(8, 162921.0, -207971.0).
point(9, 149474.0, -272486.0).
point(10, 97834.0, 189950.0).
point(11, 330117.0, 353535.0).
point(12, 5563.0, 14897.0).
point(13, -323561.0, -203961.0).
point(14, -192106.0, -54578.0).
point(15, 173618.0, -97793.0).
point(16, -184658.0, -121616.0).
point(17, 250756.0, -118423.0).
point(18, -184454.0, -104584.0).
point(19, -10994.0, -246522.0).
point(20, -318163.0, 186390.0).
point(21, 35093.0, 50690.0).
point(22, 122282.0, 216076.0).
cost(1, 2, 370755).
cost(1, 3, 203361).
cost(1, 4, 141004).
cost(1, 5, 311226).
cost(1, 6, 195688).
cost(1, 7, 352018).
cost(1, 8, 158261).
cost(1, 9, 108542).
cost(1, 10, 513390).
cost(1, 11, 729802).
cost(1, 12, 339613).
cost(1, 13, 394080).
cost(1, 14, 362075).
cost(1, 15, 254293).
cost(1, 16, 310197).
cost(1, 17, 283695).
cost(1, 18, 321282).
cost(1, 19, 98272).
cost(1, 20, 628776).
cost(1, 21, 372545).
cost(1, 22, 542017).
cost(2, 1, 370755).
cost(2, 3, 570955).
cost(2, 4, 265406).
cost(2, 5, 141771).
cost(2, 6, 228195).
cost(2, 7, 106096).
cost(2, 8, 345674).
cost(2, 9, 381733).
cost(2, 10, 263128).
cost(2, 11, 546460).
cost(2, 12, 105567).
cost(2, 13, 313951).
cost(2, 14, 116320).
cost(2, 15, 296505).
cost(2, 16, 161961).
cost(2, 17, 375788).
cost(2, 18, 147594).
cost(2, 19, 277628).
cost(2, 20, 276544).
cost(2, 21, 139357).
cost(2, 22, 298756).
cost(3, 1, 203361).
cost(3, 2, 570955).
cost(3, 4, 317513).
cost(3, 5, 512983).
cost(3, 6, 393605).
cost(3, 7, 538752).
cost(3, 8, 276383).
cost(3, 9, 213112).
cost(3, 10, 678418).
cost(3, 11, 851945).
cost(3, 12, 526872).
cost(3, 13, 571574).
cost(3, 14, 564805).
cost(3, 15, 386313).
cost(3, 16, 510394).
cost(3, 17, 373517).
cost(3, 18, 522488).
cost(3, 19, 301513).
cost(3, 20, 832124).
cost(3, 21, 552705).
cost(3, 22, 702137).
cost(4, 1, 141004).
cost(4, 2, 265406).
cost(4, 3, 317513).
cost(4, 5, 259191).
cost(4, 6, 187427).
cost(4, 7, 221242).
cost(4, 8, 90784).
cost(4, 9, 116388).
cost(4, 10, 372965).
cost(4, 11, 593173).
cost(4, 12, 209401).
cost(4, 13, 399967).
cost(4, 14, 296842).
cost(4, 15, 129291).
cost(4, 16, 267471).
cost(4, 17, 186253).
cost(4, 18, 271651).
cost(4, 19, 107951).
cost(4, 20, 539634).
cost(4, 21, 236587).
cost(4, 22, 401140).
cost(5, 1, 311226).
cost(5, 2, 141771).
cost(5, 3, 512983).
cost(5, 4, 259191).
cost(5, 6, 122839).
cost(5, 7, 221788).
cost(5, 8, 349969).
cost(5, 9, 361945).
cost(5, 10, 400203).
cost(5, 11, 680365).
cost(5, 12, 214527).
cost(5, 13, 180748).
cost(5, 14, 55090).
cost(5, 15, 345509).
cost(5, 16, 20394).
cost(5, 17, 422743).
cost(5, 18, 12713).
cost(5, 19, 213691).
cost(5, 20, 326788).
cost(5, 21, 259402).
cost(5, 22, 435981).
cost(6, 1, 195688).
cost(6, 2, 228195).
cost(6, 3, 393605).
cost(6, 4, 187427).
cost(6, 5, 122839).
cost(6, 7, 265133).
cost(6, 8, 272263).
cost(6, 9, 265869).
cost(6, 10, 451790).
cost(6, 11, 715838).
cost(6, 12, 253921).
cost(6, 13, 214377).
cost(6, 14, 177466).
cost(6, 15, 304948).
cost(6, 16, 117321).
cost(6, 17, 371922).
cost(6, 18, 130718).
cost(6, 19, 104358).
cost(6, 20, 449413).
cost(6, 21, 299373).
cost(6, 22, 486315).
cost(7, 1, 352018).
cost(7, 2, 106096).
cost(7, 3, 538752).
cost(7, 4, 221242).
cost(7, 5, 221788).
cost(7, 6, 265133).
cost(7, 8, 283155).
cost(7, 9, 332655).
cost(7, 10, 186914).
cost(7, 11, 460117).
cost(7, 12, 12518).
cost(7, 13, 402292).
cost(7, 14, 213974).
cost(7, 15, 209592).
cost(7, 16, 241627).
cost(7, 17, 285310).
cost(7, 18, 231343).
cost(7, 19, 274435).
cost(7, 20, 360629).
cost(7, 21, 37622).
cost(7, 22, 221862).
cost(8, 1, 158261).
cost(8, 2, 345674).
cost(8, 3, 276383).
cost(8, 4, 90784).
cost(8, 5, 349969).
cost(8, 6, 272263).
cost(8, 7, 283155).
cost(8, 9, 65901).
cost(8, 10, 403209).
cost(8, 11, 585870).
cost(8, 12, 272822).
cost(8, 13, 486499).
cost(8, 14, 386747).
cost(8, 15, 110696).
cost(8, 16, 358146).
cost(8, 17, 125435).
cost(8, 18, 362434).
cost(8, 19, 178136).
cost(8, 20, 622063).
cost(8, 21, 288523).
cost(8, 22, 425990).
cost(9, 1, 108542).
cost(9, 2, 381733).
cost(9, 3, 213112).
cost(9, 4, 116388).
cost(9, 5, 361945).
cost(9, 6, 265869).
cost(9, 7, 332655).
cost(9, 8, 65901).
cost(9, 10, 465310).
cost(9, 11, 651563).
cost(9, 12, 321402).
cost(9, 13, 477973).
cost(9, 14, 405168).
cost(9, 15, 176354).
cost(9, 16, 366614).
cost(9, 17, 184373).
cost(9, 18, 373763).
cost(9, 19, 162555).
cost(9, 20, 655173).
cost(9, 21, 342820).
cost(9, 22, 489318).
cost(10, 1, 513390).
cost(10, 2, 263128).
cost(10, 3, 678418).
cost(10, 4, 372965).
cost(10, 5, 400203).
cost(10, 6, 451790).
cost(10, 7, 186914).
cost(10, 8, 403209).
cost(10, 9, 465310).
cost(10, 11, 284105).
cost(10, 12, 197883).
cost(10, 13, 576836).
cost(10, 14, 379288).
cost(10, 15, 297555).
cost(10, 16, 420565).
cost(10, 17, 344208).
cost(10, 18, 407967).
cost(10, 19, 449835).
cost(10, 20, 416012).
cost(10, 21, 152741).
cost(10, 22, 35781).
cost(11, 1, 729802).
cost(11, 2, 546460).
cost(11, 3, 851945).
cost(11, 4, 593173).
cost(11, 5, 680365).
cost(11, 6, 715838).
cost(11, 7, 460117).
cost(11, 8, 585870).
cost(11, 9, 651563).
cost(11, 10, 284105).
cost(11, 12, 469053).
cost(11, 13, 859126).
cost(11, 14, 662777).
cost(11, 15, 477691).
cost(11, 16, 700544).
cost(11, 17, 478584).
cost(11, 18, 688953).
cost(11, 19, 690236).
cost(11, 20, 669481).
cost(11, 21, 422793).
cost(11, 22, 249179).
cost(12, 1, 339613).
cost(12, 2, 105567).
cost(12, 3, 526872).
cost(12, 4, 209401).
cost(12, 5, 214527).
cost(12, 6, 253921).
cost(12, 7, 12518).
cost(12, 8, 272822).
cost(12, 9, 321402).
cost(12, 10, 197883).
cost(12, 11, 469053).
cost(12, 13, 395249).
cost(12, 14, 209523).
cost(12, 15, 202340).
cost(12, 16, 234136).
cost(12, 17, 279095).
cost(12, 18, 224460).
cost(12, 19, 261943).
cost(12, 20, 366345).
cost(12, 21, 46402).
cost(12, 22, 232586).
cost(13, 1, 394080).
cost(13, 2, 313951).
cost(13, 3, 571574).
cost(13, 4, 399967).
cost(13, 5, 180748).
cost(13, 6, 214377).
cost(13, 7, 402292).
cost(13, 8, 486499).
cost(13, 9, 477973).
cost(13, 10, 576836).
cost(13, 11, 859126).
cost(13, 12, 395249).
cost(13, 14, 198987).
cost(13, 15, 508388).
cost(13, 16, 161477).
cost(13, 17, 580652).
cost(13, 18, 170958).
cost(13, 19, 315451).
cost(13, 20, 390388).
cost(13, 21, 439863).
cost(13, 22, 612541).
cost(14, 1, 362075).
cost(14, 2, 116320).
cost(14, 3, 564805).
cost(14, 4, 296842).
cost(14, 5, 55090).
cost(14, 6, 177466).
cost(14, 7, 213974).
cost(14, 8, 386747).
cost(14, 9, 405168).
cost(14, 10, 379288).
cost(14, 11, 662777).
cost(14, 12, 209523).
cost(14, 13, 198987).
cost(14, 15, 368268).
cost(14, 16, 67450).
cost(14, 17, 447440).
cost(14, 18, 50588).
cost(14, 19, 263902).
cost(14, 20, 271948).
cost(14, 21, 250401).
cost(14, 22, 414841).
cost(15, 1, 254293).
cost(15, 2, 296505).
cost(15, 3, 386313).
cost(15, 4, 129291).
cost(15, 5, 345509).
cost(15, 6, 304948).
cost(15, 7, 209592).
cost(15, 8, 110696).
cost(15, 9, 176354).
cost(15, 10, 297555).
cost(15, 11, 477691).
cost(15, 12, 202340).
cost(15, 13, 508388).
cost(15, 14, 368268).
cost(15, 16, 359067).
cost(15, 17, 79849).
cost(15, 18, 358136).
cost(15, 19, 237069).
cost(15, 20, 567986).
cost(15, 21, 203067).
cost(15, 22, 318040).
cost(16, 1, 310197).
cost(16, 2, 161961).
cost(16, 3, 510394).
cost(16, 4, 267471).
cost(16, 5, 20394).
cost(16, 6, 117321).
cost(16, 7, 241627).
cost(16, 8, 358146).
cost(16, 9, 366614).
cost(16, 10, 420565).
cost(16, 11, 700544).
cost(16, 12, 234136).
cost(16, 13, 161477).
cost(16, 14, 67450).
cost(16, 15, 359067).
cost(16, 17, 435426).
cost(16, 18, 17033).
cost(16, 19, 213917).
cost(16, 20, 335695).
cost(16, 21, 279249).
cost(16, 22, 456342).
cost(17, 1, 283695).
cost(17, 2, 375788).
cost(17, 3, 373517).
cost(17, 4, 186253).
cost(17, 5, 422743).
cost(17, 6, 371922).
cost(17, 7, 285310).
cost(17, 8, 125435).
cost(17, 9, 184373).
cost(17, 10, 344208).
cost(17, 11, 478584).
cost(17, 12, 279095).
cost(17, 13, 580652).
cost(17, 14, 447440).
cost(17, 15, 79849).
cost(17, 16, 435426).
cost(17, 18, 435430).
cost(17, 19, 291415).
cost(17, 20, 645430).
cost(17, 21, 274062).
cost(17, 22, 358323).
cost(18, 1, 321282).
cost(18, 2, 147594).
cost(18, 3, 522488).
cost(18, 4, 271651).
cost(18, 5, 12713).
cost(18, 6, 130718).
cost(18, 7, 231343).
cost(18, 8, 362434).
cost(18, 9, 373763).
cost(18, 10, 407967).
cost(18, 11, 688953).
cost(18, 12, 224460).
cost(18, 13, 170958).
cost(18, 14, 50588).
cost(18, 15, 358136).
cost(18, 16, 17033).
cost(18, 17, 435430).
cost(18, 19, 224131).
cost(18, 20, 320225).
cost(18, 21, 268907).
cost(18, 22, 443745).
cost(19, 1, 98272).
cost(19, 2, 277628).
cost(19, 3, 301513).
cost(19, 4, 107951).
cost(19, 5, 213691).
cost(19, 6, 104358).
cost(19, 7, 274435).
cost(19, 8, 178136).
cost(19, 9, 162555).
cost(19, 10, 449835).
cost(19, 11, 690236).
cost(19, 12, 261943).
cost(19, 13, 315451).
cost(19, 14, 263902).
cost(19, 15, 237069).
cost(19, 16, 213917).
cost(19, 17, 291415).
cost(19, 18, 224131).
cost(19, 20, 530816).
cost(19, 21, 300764).
cost(19, 22, 481414).
cost(20, 1, 628776).
cost(20, 2, 276544).
cost(20, 3, 832124).
cost(20, 4, 539634).
cost(20, 5, 326788).
cost(20, 6, 449413).
cost(20, 7, 360629).
cost(20, 8, 622063).
cost(20, 9, 655173).
cost(20, 10, 416012).
cost(20, 11, 669481).
cost(20, 12, 366345).
cost(20, 13, 390388).
cost(20, 14, 271948).
cost(20, 15, 567986).
cost(20, 16, 335695).
cost(20, 17, 645430).
cost(20, 18, 320225).
cost(20, 19, 530816).
cost(20, 21, 378423).
cost(20, 22, 441444).
cost(21, 1, 372545).
cost(21, 2, 139357).
cost(21, 3, 552705).
cost(21, 4, 236587).
cost(21, 5, 259402).
cost(21, 6, 299373).
cost(21, 7, 37622).
cost(21, 8, 288523).
cost(21, 9, 342820).
cost(21, 10, 152741).
cost(21, 11, 422793).
cost(21, 12, 46402).
cost(21, 13, 439863).
cost(21, 14, 250401).
cost(21, 15, 203067).
cost(21, 16, 279249).
cost(21, 17, 274062).
cost(21, 18, 268907).
cost(21, 19, 300764).
cost(21, 20, 378423).
cost(21, 22, 186961).
cost(22, 1, 542017).
cost(22, 2, 298756).
cost(22, 3, 702137).
cost(22, 4, 401140).
cost(22, 5, 435981).
cost(22, 6, 486315).
cost(22, 7, 221862).
cost(22, 8, 425990).
cost(22, 9, 489318).
cost(22, 10, 35781).
cost(22, 11, 249179).
cost(22, 12, 232586).
cost(22, 13, 612541).
cost(22, 14, 414841).
cost(22, 15, 318040).
cost(22, 16, 456342).
cost(22, 17, 358323).
cost(22, 18, 443745).
cost(22, 19, 481414).
cost(22, 20, 441444).
cost(22, 21, 186961).
