dimension(22).
point(1, 107283.0, 219098.0).
point(2, 2754.0, 33007.0).
point(3, -194057.0, -96320.0).
point(4, 138674.0, 256429.0).
point(5, -315614.0, -244834.0).
point(6, -43438.0, 114160.0).
point(7, -14444.0, 422813.0).
point(8, 296777.0, 164567.0).
point(9, 166885.0, 226628.0).
point(10, 118928.0, -10861.0).
point(11, 262929.0, -16856.0).
point(12, 321031.0, 265830.0).
point(13, 129623.0, -211631.0).
point(14, 92447.0, -22902.0).
point(15, -278645.0, 301560.0).
point(16, 402283.0, 589545.0).
point(17, -326694.0, -194940.0).
point(18, 190150.0, -14314.0).
point(19, -149922.0, -340898.0).
point(20, 62447.0, 15887.0).
point(21, 437400.0, -74773.0).
point(22, 142014.0, -198974.0).
cost(1, 2, 213439).
cost(1, 3, 436227).
cost(1, 4, 48775).
cost(1, 5, 627754).
cost(1, 6, 183654).
cost(1, 7, 237313).
cost(1, 8, 197184).
cost(1, 9, 60076).
cost(1, 10, 230254).
cost(1, 11, 282666).
cost(1, 12, 218797).
cost(1, 13, 431308).
cost(1, 14, 242454).
cost(1, 15, 394640).
cost(1, 16, 473557).
cost(1, 17, 599803).
cost(1, 18, 247685).
cost(1, 19, 616239).
cost(1, 20, 208098).
cost(1, 21, 441970).
cost(1, 22, 419512).
cost(2, 1, 213439).
cost(2, 3, 235500).
cost(2, 4, 261518).
cost(2, 5, 422556).
cost(2, 6, 93378).
cost(2, 7, 390185).
cost(2, 8, 322114).
cost(2, 9, 253827).
cost(2, 10, 124181).
cost(2, 11, 264910).
cost(2, 12, 394344).
cost(2, 13, 275578).
cost(2, 14, 105691).
cost(2, 15, 388981).
cost(2, 16, 685097).
cost(2, 17, 400619).
cost(2, 18, 193278).
cost(2, 19, 403875).
cost(2, 20, 62100).
cost(2, 21, 447810).
cost(2, 22, 270571).
cost(3, 1, 436227).
cost(3, 2, 235500).
cost(3, 4, 484914).
cost(3, 5, 191918).
cost(3, 6, 258820).
cost(3, 7, 549327).
cost(3, 8, 555860).
cost(3, 9, 484329).
cost(3, 10, 324442).
cost(3, 11, 463843).
cost(3, 12, 629657).
cost(3, 13, 343606).
cost(3, 14, 295761).
cost(3, 15, 406772).
cost(3, 16, 908863).
cost(3, 17, 165283).
cost(3, 18, 392861).
cost(3, 19, 248528).
cost(3, 20, 279973).
cost(3, 21, 631825).
cost(3, 22, 351399).
cost(4, 1, 48775).
cost(4, 2, 261518).
cost(4, 3, 484914).
cost(4, 5, 676493).
cost(4, 6, 231096).
cost(4, 7, 226117).
cost(4, 8, 182853).
cost(4, 9, 41036).
cost(4, 10, 268018).
cost(4, 11, 300207).
cost(4, 12, 182599).
cost(4, 13, 468148).
cost(4, 14, 283130).
cost(4, 15, 419752).
cost(4, 16, 424801).
cost(4, 17, 648307).
cost(4, 18, 275593).
cost(4, 19, 663391).
cost(4, 20, 252331).
cost(4, 21, 446018).
cost(4, 22, 455415).
cost(5, 1, 627754).
cost(5, 2, 422556).
cost(5, 3, 191918).
cost(5, 4, 676493).
cost(5, 6, 450507).
cost(5, 7, 732431).
cost(5, 8, 736636).
cost(5, 9, 674597).
cost(5, 10, 493528).
cost(5, 11, 621841).
cost(5, 12, 816146).
cost(5, 13, 446473).
cost(5, 14, 464508).
cost(5, 15, 547643).
cost(5, 16, 1100711).
cost(5, 17, 51109).
cost(5, 18, 555821).
cost(5, 19, 191526).
cost(5, 20, 459245).
cost(5, 21, 771979).
cost(5, 22, 459920).
cost(6, 1, 183654).
cost(6, 2, 93378).
cost(6, 3, 258820).
cost(6, 4, 231096).
cost(6, 5, 450507).
cost(6, 7, 310012).
cost(6, 8, 343929).
cost(6, 9, 238505).
cost(6, 10, 204922).
cost(6, 11, 333206).
cost(6, 12, 394768).
cost(6, 13, 368904).
cost(6, 14, 193004).
cost(6, 15, 300734).
cost(6, 16, 651658).
cost(6, 17, 419257).
cost(6, 18, 266588).
cost(6, 19, 467351).
cost(6, 20, 144462).
cost(6, 21, 516624).
cost(6, 22, 363930).
cost(7, 1, 237313).
cost(7, 2, 390185).
cost(7, 3, 549327).
cost(7, 4, 226117).
cost(7, 5, 732431).
cost(7, 6, 310012).
cost(7, 8, 404413).
cost(7, 9, 267149).
cost(7, 10, 453719).
cost(7, 11, 519851).
cost(7, 12, 370388).
cost(7, 13, 650595).
cost(7, 14, 458353).
cost(7, 15, 290697).
cost(7, 16, 448844).
cost(7, 17, 692184).
cost(7, 18, 482637).
cost(7, 19, 775634).
cost(7, 20, 414127).
cost(7, 21, 672127).
cost(7, 22, 641169).
cost(8, 1, 197184).
cost(8, 2, 322114).
cost(8, 3, 555860).
cost(8, 4, 182853).
cost(8, 5, 736636).
cost(8, 6, 343929).
cost(8, 7, 404413).
cost(8, 9, 143957).
cost(8, 10, 249810).
cost(8, 11, 184553).
cost(8, 12, 104127).
cost(8, 13, 411662).
cost(8, 14, 277300).
cost(8, 15, 591504).
cost(8, 16, 437879).
cost(8, 17, 719695).
cost(8, 18, 208249).
cost(8, 19, 674563).
cost(8, 20, 277518).
cost(8, 21, 277594).
cost(8, 22, 395112).
cost(9, 1, 60076).
cost(9, 2, 253827).
cost(9, 3, 484329).
cost(9, 4, 41036).
cost(9, 5, 674597).
cost(9, 6, 238505).
cost(9, 7, 267149).
cost(9, 8, 143957).
cost(9, 10, 242283).
cost(9, 11, 261742).
cost(9, 12, 159053).
cost(9, 13, 439840).
cost(9, 14, 260396).
cost(9, 15, 451787).
cost(9, 16, 432575).
cost(9, 17, 649107).
cost(9, 18, 242063).
cost(9, 19, 649963).
cost(9, 20, 235200).
cost(9, 21, 404995).
cost(9, 22, 426328).
cost(10, 1, 230254).
cost(10, 2, 124181).
cost(10, 3, 324442).
cost(10, 4, 268018).
cost(10, 5, 493528).
cost(10, 6, 204922).
cost(10, 7, 453719).
cost(10, 8, 249810).
cost(10, 9, 242283).
cost(10, 11, 144126).
cost(10, 12, 342642).
cost(10, 13, 201055).
cost(10, 14, 29090).
cost(10, 15, 505639).
cost(10, 16, 663911).
cost(10, 17, 482145).
cost(10, 18, 71306).
cost(10, 19, 425682).
cost(10, 20, 62494).
cost(10, 21, 324822).
cost(10, 22, 189524).
cost(11, 1, 282666).
cost(11, 2, 264910).
cost(11, 3, 463843).
cost(11, 4, 300207).
cost(11, 5, 621841).
cost(11, 6, 333206).
cost(11, 7, 519851).
cost(11, 8, 184553).
cost(11, 9, 261742).
cost(11, 10, 144126).
cost(11, 12, 288595).
cost(11, 13, 236025).
cost(11, 14, 170589).
cost(11, 15, 628244).
cost(11, 16, 622207).
cost(11, 17, 615930).
cost(11, 18, 72823).
cost(11, 19, 524833).
cost(11, 20, 203138).
cost(11, 21, 183833).
cost(11, 22, 218603).
cost(12, 1, 218797).
cost(12, 2, 394344).
cost(12, 3, 629657).
cost(12, 4, 182599).
cost(12, 5, 816146).
cost(12, 6, 394768).
cost(12, 7, 370388).
cost(12, 8, 104127).
cost(12, 9, 159053).
cost(12, 10, 342642).
cost(12, 11, 288595).
cost(12, 13, 514399).
cost(12, 14, 368262).
cost(12, 15, 600739).
cost(12, 16, 333756).
cost(12, 17, 794894).
cost(12, 18, 309209).
cost(12, 19, 768060).
cost(12, 20, 359635).
cost(12, 21, 359934).
cost(12, 22, 498086).
cost(13, 1, 431308).
cost(13, 2, 275578).
cost(13, 3, 343606).
cost(13, 4, 468148).
cost(13, 5, 446473).
cost(13, 6, 368904).
cost(13, 7, 650595).
cost(13, 8, 411662).
cost(13, 9, 439840).
cost(13, 10, 201055).
cost(13, 11, 236025).
cost(13, 12, 514399).
cost(13, 14, 192356).
cost(13, 15, 655780).
cost(13, 16, 846302).
cost(13, 17, 456622).
cost(13, 18, 206392).
cost(13, 19, 307986).
cost(13, 20, 237228).
cost(13, 21, 336833).
cost(13, 22, 17713).
cost(14, 1, 242454).
cost(14, 2, 105691).
cost(14, 3, 295761).
cost(14, 4, 283130).
cost(14, 5, 464508).
cost(14, 6, 193004).
cost(14, 7, 458353).
cost(14, 8, 277300).
cost(14, 9, 260396).
cost(14, 10, 29090).
cost(14, 11, 170589).
cost(14, 12, 368262).
cost(14, 13, 192356).
cost(14, 15, 492935).
cost(14, 16, 686360).
cost(14, 17, 453074).
cost(14, 18, 98080).
cost(14, 19, 399830).
cost(14, 20, 49037).
cost(14, 21, 348831).
cost(14, 22, 182916).
cost(15, 1, 394640).
cost(15, 2, 388981).
cost(15, 3, 406772).
cost(15, 4, 419752).
cost(15, 5, 547643).
cost(15, 6, 300734).
cost(15, 7, 290697).
cost(15, 8, 591504).
cost(15, 9, 451787).
cost(15, 10, 505639).
cost(15, 11, 628244).
cost(15, 12, 600739).
cost(15, 13, 655780).
cost(15, 14, 492935).
cost(15, 16, 739323).
cost(15, 17, 498820).
cost(15, 18, 565283).
cost(15, 19, 655227).
cost(15, 20, 444919).
cost(15, 21, 808917).
cost(15, 22, 653826).
cost(16, 1, 473557).
cost(16, 2, 685097).
cost(16, 3, 908863).
cost(16, 4, 424801).
cost(16, 5, 1100711).
cost(16, 6, 651658).
cost(16, 7, 448844).
cost(16, 8, 437879).
cost(16, 9, 432575).
cost(16, 10, 663911).
cost(16, 11, 622207).
cost(16, 12, 333756).
cost(16, 13, 846302).
cost(16, 14, 686360).
cost(16, 15, 739323).
cost(16, 17, 1070899).
cost(16, 18, 640036).
cost(16, 19, 1081968).
cost(16, 20, 666762).
cost(16, 21, 665246).
cost(16, 22, 830363).
cost(17, 1, 599803).
cost(17, 2, 400619).
cost(17, 3, 165283).
cost(17, 4, 648307).
cost(17, 5, 51109).
cost(17, 6, 419257).
cost(17, 7, 692184).
cost(17, 8, 719695).
cost(17, 9, 649107).
cost(17, 10, 482145).
cost(17, 11, 615930).
cost(17, 12, 794894).
cost(17, 13, 456622).
cost(17, 14, 453074).
cost(17, 15, 498820).
cost(17, 16, 1070899).
cost(17, 18, 547497).
cost(17, 19, 229242).
cost(17, 20, 442582).
cost(17, 21, 773485).
cost(17, 22, 468725).
cost(18, 1, 247685).
cost(18, 2, 193278).
cost(18, 3, 392861).
cost(18, 4, 275593).
cost(18, 5, 555821).
cost(18, 6, 266588).
cost(18, 7, 482637).
cost(18, 8, 208249).
cost(18, 9, 242063).
cost(18, 10, 71306).
cost(18, 11, 72823).
cost(18, 12, 309209).
cost(18, 13, 206392).
cost(18, 14, 98080).
cost(18, 15, 565283).
cost(18, 16, 640036).
cost(18, 17, 547497).
cost(18, 19, 471493).
cost(18, 20, 131226).
cost(18, 21, 254535).
cost(18, 22, 190831).
cost(19, 1, 616239).
cost(19, 2, 403875).
cost(19, 3, 248528).
cost(19, 4, 663391).
cost(19, 5, 191526).
cost(19, 6, 467351).
cost(19, 7, 775634).
cost(19, 8, 674563).
cost(19, 9, 649963).
cost(19, 10, 425682).
cost(19, 11, 524833).
cost(19, 12, 768060).
cost(19, 13, 307986).
cost(19, 14, 399830).
cost(19, 15, 655227).
cost(19, 16, 1081968).
cost(19, 17, 229242).
cost(19, 18, 471493).
cost(19, 20, 415206).
cost(19, 21, 644802).
cost(19, 22, 324606).
cost(20, 1, 208098).
cost(20, 2, 62100).
cost(20, 3, 279973).
cost(20, 4, 252331).
cost(20, 5, 459245).
cost(20, 6, 144462).
cost(20, 7, 414127).
cost(20, 8, 277518).
cost(20, 9, 235200).
cost(20, 10, 62494).
cost(20, 11, 203138).
cost(20, 12, 359635).
cost(20, 13, 237228).
cost(20, 14, 49037).
cost(20, 15, 444919).
cost(20, 16, 666762).
cost(20, 17, 442582).
cost(20, 18, 131226).
cost(20, 19, 415206).
cost(20, 21, 385758).
cost(20, 22, 229120).
cost(21, 1, 441970).
cost(21, 2, 447810).
cost(21, 3, 631825).
cost(21, 4, 446018).
cost(21, 5, 771979).
cost(21, 6, 516624).
cost(21, 7, 672127).
cost(21, 8, 277594).
cost(21, 9, 404995).
cost(21, 10, 324822).
cost(21, 11, 183833).
cost(21, 12, 359934).
cost(21, 13, 336833).
cost(21, 14, 348831).
cost(21, 15, 808917).
cost(21, 16, 665246).
cost(21, 17, 773485).
cost(21, 18, 254535).
cost(21, 19, 644802).
cost(21, 20, 385758).
cost(21, 22, 320435).
cost(22, 1, 419512).
cost(22, 2, 270571).
cost(22, 3, 351399).
cost(22, 4, 455415).
cost(22, 5, 459920).
cost(22, 6, 363930).
cost(22, 7, 641169).
cost(22, 8, 395112).
cost(22, 9, 426328).
cost(22, 10, 189524).
cost(22, 11, 218603).
cost(22, 12, 498086).
cost(22, 13, 17713).
cost(22, 14, 182916).
cost(22, 15, 653826).
cost(22, 16, 830363).
cost(22, 17, 468725).
cost(22, 18, 190831).
cost(22, 19, 324606).
cost(22, 20, 229120).
cost(22, 21, 320435).
