dimension(22).
point(1, -202558.0, 338078.0).
point(2, 221875.0, 149112.0).
point(3, 90400.0, 90972.0).
point(4, 270126.0, -99189.0).
point(5, 14297.0, -59304.0).
point(6, -41444.0, -9601.0).
point(7, 219711.0, 49372.0).
point(8, 83307.0, 95138.0).
point(9, -331734.0, 14706.0).
point(10, -222715.0, 212418.0).
point(11, 57816.0, -247933.0).
point(12, -61696.0, 74365.0).
point(13, -244106.0, -208520.0).
point(14, -136531.0, 218864.0).
point(15, 108524.0, -80891.0).
point(16, -258237.0, -132557.0).
point(17, 300196.0, 26807.0).
point(18, 28802.0, -347288.0).
point(19, -128894.0, -150570.0).
point(20, 31035.0, 675396.0).
point(21, -84512.0, 34099.0).
point(22, -74884.0, -168941.0).
cost(1, 2, 464598).
cost(1, 3, 383257).
cost(1, 4, 643920).
cost(1, 5, 452701).
cost(1, 6, 383195).
cost(1, 7, 511529).
cost(1, 8, 375151).
cost(1, 9, 348218).
cost(1, 10, 127266).
cost(1, 11, 641252).
cost(1, 12, 298976).
cost(1, 13, 548175).
cost(1, 14, 136277).
cost(1, 15, 521830).
cost(1, 16, 473917).
cost(1, 17, 591313).
cost(1, 18, 723363).
cost(1, 19, 494169).
cost(1, 20, 410304).
cost(1, 21, 326095).
cost(1, 22, 522847).
cost(2, 1, 464598).
cost(2, 3, 143757).
cost(2, 4, 252946).
cost(2, 5, 294153).
cost(2, 6, 307452).
cost(2, 7, 99763).
cost(2, 8, 148709).
cost(2, 9, 569691).
cost(2, 10, 449075).
cost(2, 11, 429605).
cost(2, 12, 293257).
cost(2, 13, 587400).
cost(2, 14, 365130).
cost(2, 15, 256417).
cost(2, 16, 556637).
cost(2, 17, 145233).
cost(2, 18, 532626).
cost(2, 19, 461355).
cost(2, 20, 559817).
cost(2, 21, 327263).
cost(2, 22, 434998).
cost(3, 1, 383257).
cost(3, 2, 143757).
cost(3, 4, 261654).
cost(3, 5, 168447).
cost(3, 6, 165825).
cost(3, 7, 135838).
cost(3, 8, 8226).
cost(3, 9, 428968).
cost(3, 10, 335842).
cost(3, 11, 340468).
cost(3, 12, 153000).
cost(3, 13, 448987).
cost(3, 14, 260488).
cost(3, 15, 172816).
cost(3, 16, 414141).
cost(3, 17, 219389).
cost(3, 18, 442568).
cost(3, 19, 326240).
cost(3, 20, 587431).
cost(3, 21, 183926).
cost(3, 22, 308016).
cost(4, 1, 643920).
cost(4, 2, 252946).
cost(4, 3, 261654).
cost(4, 5, 258919).
cost(4, 6, 324194).
cost(4, 7, 156882).
cost(4, 8, 269563).
cost(4, 9, 612542).
cost(4, 10, 583088).
cost(4, 11, 259230).
cost(4, 12, 374469).
cost(4, 13, 525726).
cost(4, 14, 516263).
cost(4, 15, 162635).
cost(4, 16, 529416).
cost(4, 17, 129535).
cost(4, 18, 346107).
cost(4, 19, 402315).
cost(4, 20, 810646).
cost(4, 21, 378859).
cost(4, 22, 351990).
cost(5, 1, 452701).
cost(5, 2, 294153).
cost(5, 3, 168447).
cost(5, 4, 258919).
cost(5, 6, 74682).
cost(5, 7, 232391).
cost(5, 8, 169159).
cost(5, 9, 353857).
cost(5, 10, 360566).
cost(5, 11, 193584).
cost(5, 12, 153761).
cost(5, 13, 298392).
cost(5, 14, 316428).
cost(5, 15, 96668).
cost(5, 16, 282207).
cost(5, 17, 298586).
cost(5, 18, 288349).
cost(5, 19, 169803).
cost(5, 20, 734891).
cost(5, 21, 135968).
cost(5, 22, 141328).
cost(6, 1, 383195).
cost(6, 2, 307452).
cost(6, 3, 165825).
cost(6, 4, 324194).
cost(6, 5, 74682).
cost(6, 7, 267731).
cost(6, 8, 162890).
cost(6, 9, 291306).
cost(6, 10, 286621).
cost(6, 11, 258176).
cost(6, 12, 86374).
cost(6, 13, 283973).
cost(6, 14, 247463).
cost(6, 15, 166050).
cost(6, 16, 249234).
cost(6, 17, 343574).
cost(6, 18, 344916).
cost(6, 19, 165891).
cost(6, 20, 688821).
cost(6, 21, 61356).
cost(6, 22, 162811).
cost(7, 1, 511529).
cost(7, 2, 99763).
cost(7, 3, 135838).
cost(7, 4, 156882).
cost(7, 5, 232391).
cost(7, 6, 267731).
cost(7, 8, 143877).
cost(7, 9, 552534).
cost(7, 10, 471513).
cost(7, 11, 338527).
cost(7, 12, 282515).
cost(7, 13, 530692).
cost(7, 14, 394507).
cost(7, 15, 171263).
cost(7, 16, 511402).
cost(7, 17, 83588).
cost(7, 18, 440211).
cost(7, 19, 401873).
cost(7, 20, 653838).
cost(7, 21, 304606).
cost(7, 22, 366670).
cost(8, 1, 375151).
cost(8, 2, 148709).
cost(8, 3, 8226).
cost(8, 4, 269563).
cost(8, 5, 169159).
cost(8, 6, 162890).
cost(8, 7, 143877).
cost(8, 9, 422763).
cost(8, 10, 327726).
cost(8, 11, 344017).
cost(8, 12, 146483).
cost(8, 13, 446551).
cost(8, 14, 252263).
cost(8, 15, 177826).
cost(8, 16, 410484).
cost(8, 17, 227398).
cost(8, 18, 445771).
cost(8, 19, 324656).
cost(8, 20, 582608).
cost(8, 21, 178575).
cost(8, 22, 307835).
cost(9, 1, 348218).
cost(9, 2, 569691).
cost(9, 3, 428968).
cost(9, 4, 612542).
cost(9, 5, 353857).
cost(9, 6, 291306).
cost(9, 7, 552534).
cost(9, 8, 422763).
cost(9, 10, 225777).
cost(9, 11, 469817).
cost(9, 12, 276550).
cost(9, 13, 239809).
cost(9, 14, 282462).
cost(9, 15, 450517).
cost(9, 16, 164585).
cost(9, 17, 632046).
cost(9, 18, 510907).
cost(9, 19, 261649).
cost(9, 20, 753732).
cost(9, 21, 247981).
cost(9, 22, 315750).
cost(10, 1, 127266).
cost(10, 2, 449075).
cost(10, 3, 335842).
cost(10, 4, 583088).
cost(10, 5, 360566).
cost(10, 6, 286621).
cost(10, 7, 471513).
cost(10, 8, 327726).
cost(10, 9, 225777).
cost(10, 11, 539092).
cost(10, 12, 212098).
cost(10, 13, 421481).
cost(10, 14, 86425).
cost(10, 15, 442436).
cost(10, 16, 346799).
cost(10, 17, 554876).
cost(10, 18, 613622).
cost(10, 19, 374917).
cost(10, 20, 527956).
cost(10, 21, 225605).
cost(10, 22, 409009).
cost(11, 1, 641252).
cost(11, 2, 429605).
cost(11, 3, 340468).
cost(11, 4, 259230).
cost(11, 5, 193584).
cost(11, 6, 258176).
cost(11, 7, 338527).
cost(11, 8, 344017).
cost(11, 9, 469817).
cost(11, 10, 539092).
cost(11, 12, 343743).
cost(11, 13, 304484).
cost(11, 14, 505638).
cost(11, 15, 174569).
cost(11, 16, 336454).
cost(11, 17, 366374).
cost(11, 18, 103505).
cost(11, 19, 210571).
cost(11, 20, 923717).
cost(11, 21, 315910).
cost(11, 22, 154431).
cost(12, 1, 298976).
cost(12, 2, 293257).
cost(12, 3, 153000).
cost(12, 4, 374469).
cost(12, 5, 153761).
cost(12, 6, 86374).
cost(12, 7, 282515).
cost(12, 8, 146483).
cost(12, 9, 276550).
cost(12, 10, 212098).
cost(12, 11, 343743).
cost(12, 13, 336597).
cost(12, 14, 162727).
cost(12, 15, 230389).
cost(12, 16, 285386).
cost(12, 17, 365004).
cost(12, 18, 431255).
cost(12, 19, 234758).
cost(12, 20, 608143).
cost(12, 21, 46281).
cost(12, 22, 243663).
cost(13, 1, 548175).
cost(13, 2, 587400).
cost(13, 3, 448987).
cost(13, 4, 525726).
cost(13, 5, 298392).
cost(13, 6, 283973).
cost(13, 7, 530692).
cost(13, 8, 446551).
cost(13, 9, 239809).
cost(13, 10, 421481).
cost(13, 11, 304484).
cost(13, 12, 336597).
cost(13, 14, 440715).
cost(13, 15, 375016).
cost(13, 16, 77266).
cost(13, 17, 592995).
cost(13, 18, 306162).
cost(13, 19, 128965).
cost(13, 20, 925748).
cost(13, 21, 290404).
cost(13, 22, 173789).
cost(14, 1, 136277).
cost(14, 2, 365130).
cost(14, 3, 260488).
cost(14, 4, 516263).
cost(14, 5, 316428).
cost(14, 6, 247463).
cost(14, 7, 394507).
cost(14, 8, 252263).
cost(14, 9, 282462).
cost(14, 10, 86425).
cost(14, 11, 505638).
cost(14, 12, 162727).
cost(14, 13, 440715).
cost(14, 15, 387176).
cost(14, 16, 371899).
cost(14, 17, 477092).
cost(14, 18, 589799).
cost(14, 19, 369513).
cost(14, 20, 486312).
cost(14, 21, 191948).
cost(14, 22, 392674).
cost(15, 1, 521830).
cost(15, 2, 256417).
cost(15, 3, 172816).
cost(15, 4, 162635).
cost(15, 5, 96668).
cost(15, 6, 166050).
cost(15, 7, 171263).
cost(15, 8, 177826).
cost(15, 9, 450517).
cost(15, 10, 442436).
cost(15, 11, 174569).
cost(15, 12, 230389).
cost(15, 13, 375016).
cost(15, 14, 387176).
cost(15, 16, 370382).
cost(15, 17, 219857).
cost(15, 18, 278070).
cost(15, 19, 247432).
cost(15, 20, 760246).
cost(15, 21, 224690).
cost(15, 22, 203449).
cost(16, 1, 473917).
cost(16, 2, 556637).
cost(16, 3, 414141).
cost(16, 4, 529416).
cost(16, 5, 282207).
cost(16, 6, 249234).
cost(16, 7, 511402).
cost(16, 8, 410484).
cost(16, 9, 164585).
cost(16, 10, 346799).
cost(16, 11, 336454).
cost(16, 12, 285386).
cost(16, 13, 77266).
cost(16, 14, 371899).
cost(16, 15, 370382).
cost(16, 17, 580727).
cost(16, 18, 358470).
cost(16, 19, 130591).
cost(16, 20, 858176).
cost(16, 21, 240738).
cost(16, 22, 186928).
cost(17, 1, 591313).
cost(17, 2, 145233).
cost(17, 3, 219389).
cost(17, 4, 129535).
cost(17, 5, 298586).
cost(17, 6, 343574).
cost(17, 7, 83588).
cost(17, 8, 227398).
cost(17, 9, 632046).
cost(17, 10, 554876).
cost(17, 11, 366374).
cost(17, 12, 365004).
cost(17, 13, 592995).
cost(17, 14, 477092).
cost(17, 15, 219857).
cost(17, 16, 580727).
cost(17, 18, 462171).
cost(17, 19, 464307).
cost(17, 20, 702222).
cost(17, 21, 384777).
cost(17, 22, 423087).
cost(18, 1, 723363).
cost(18, 2, 532626).
cost(18, 3, 442568).
cost(18, 4, 346107).
cost(18, 5, 288349).
cost(18, 6, 344916).
cost(18, 7, 440211).
cost(18, 8, 445771).
cost(18, 9, 510907).
cost(18, 10, 613622).
cost(18, 11, 103505).
cost(18, 12, 431255).
cost(18, 13, 306162).
cost(18, 14, 589799).
cost(18, 15, 278070).
cost(18, 16, 358470).
cost(18, 17, 462171).
cost(18, 19, 252123).
cost(18, 20, 1022686).
cost(18, 21, 397864).
cost(18, 22, 206297).
cost(19, 1, 494169).
cost(19, 2, 461355).
cost(19, 3, 326240).
cost(19, 4, 402315).
cost(19, 5, 169803).
cost(19, 6, 165891).
cost(19, 7, 401873).
cost(19, 8, 324656).
cost(19, 9, 261649).
cost(19, 10, 374917).
cost(19, 11, 210571).
cost(19, 12, 234758).
cost(19, 13, 128965).
cost(19, 14, 369513).
cost(19, 15, 247432).
cost(19, 16, 130591).
cost(19, 17, 464307).
cost(19, 18, 252123).
cost(19, 20, 841307).
cost(19, 21, 189927).
cost(19, 22, 57049).
cost(20, 1, 410304).
cost(20, 2, 559817).
cost(20, 3, 587431).
cost(20, 4, 810646).
cost(20, 5, 734891).
cost(20, 6, 688821).
cost(20, 7, 653838).
cost(20, 8, 582608).
cost(20, 9, 753732).
cost(20, 10, 527956).
cost(20, 11, 923717).
cost(20, 12, 608143).
cost(20, 13, 925748).
cost(20, 14, 486312).
cost(20, 15, 760246).
cost(20, 16, 858176).
cost(20, 17, 702222).
cost(20, 18, 1022686).
cost(20, 19, 841307).
cost(20, 21, 651623).
cost(20, 22, 850955).
cost(21, 1, 326095).
cost(21, 2, 327263).
cost(21, 3, 183926).
cost(21, 4, 378859).
cost(21, 5, 135968).
cost(21, 6, 61356).
cost(21, 7, 304606).
cost(21, 8, 178575).
cost(21, 9, 247981).
cost(21, 10, 225605).
cost(21, 11, 315910).
cost(21, 12, 46281).
cost(21, 13, 290404).
cost(21, 14, 191948).
cost(21, 15, 224690).
cost(21, 16, 240738).
cost(21, 17, 384777).
cost(21, 18, 397864).
cost(21, 19, 189927).
cost(21, 20, 651623).
cost(21, 22, 203268).
cost(22, 1, 522847).
cost(22, 2, 434998).
cost(22, 3, 308016).
cost(22, 4, 351990).
cost(22, 5, 141328).
cost(22, 6, 162811).
cost(22, 7, 366670).
cost(22, 8, 307835).
cost(22, 9, 315750).
cost(22, 10, 409009).
cost(22, 11, 154431).
cost(22, 12, 243663).
cost(22, 13, 173789).
cost(22, 14, 392674).
cost(22, 15, 203449).
cost(22, 16, 186928).
cost(22, 17, 423087).
cost(22, 18, 206297).
cost(22, 19, 57049).
cost(22, 20, 850955).
cost(22, 21, 203268).
