dimension(22).
point(1, -143622.0, -293046.0).
point(2, -104098.0, -122066.0).
point(3, -46634.0, 38801.0).
point(4, -16035.0, -92284.0).
point(5, -344663.0, 102438.0).
point(6, -140649.0, -224630.0).
point(7, -294249.0, 83003.0).
point(8, 191456.0, 234360.0).
point(9, 240209.0, -122116.0).
point(10, -126221.0, -129961.0).
point(11, 38840.0, 101754.0).
point(12, -121024.0, -36305.0).
point(13, 24967.0, -7647.0).
point(14, -250391.0, 381812.0).
point(15, -78670.0, 72265.0).
point(16, -105059.0, -1262.0).
point(17, -36532.0, 13202.0).
point(18, -195273.0, 206408.0).
point(19, 2301.0, 252861.0).
point(20, 7254.0, -270136.0).
point(21, 93952.0, 189786.0).
point(22, 13000.0, 87956.0).
cost(1, 2, 175489).
cost(1, 3, 345730).
cost(1, 4, 237874).
cost(1, 5, 443650).
cost(1, 6, 68481).
cost(1, 7, 405094).
cost(1, 8, 624847).
cost(1, 9, 420171).
cost(1, 10, 164011).
cost(1, 11, 434925).
cost(1, 12, 257734).
cost(1, 13, 331474).
cost(1, 14, 683252).
cost(1, 15, 371040).
cost(1, 16, 294321).
cost(1, 17, 324432).
cost(1, 18, 502118).
cost(1, 19, 565073).
cost(1, 20, 152605).
cost(1, 21, 538115).
cost(1, 22, 411938).
cost(2, 1, 175489).
cost(2, 3, 170822).
cost(2, 4, 92963).
cost(2, 5, 329049).
cost(2, 6, 108882).
cost(2, 7, 279662).
cost(2, 8, 463024).
cost(2, 9, 344307).
cost(2, 10, 23490).
cost(2, 11, 265569).
cost(2, 12, 87415).
cost(2, 13, 172480).
cost(2, 14, 524685).
cost(2, 15, 195988).
cost(2, 16, 120808).
cost(2, 17, 151204).
cost(2, 18, 340893).
cost(2, 19, 389732).
cost(2, 20, 185267).
cost(2, 21, 369426).
cost(2, 22, 240460).
cost(3, 1, 345730).
cost(3, 2, 170822).
cost(3, 4, 134609).
cost(3, 5, 304747).
cost(3, 6, 279705).
cost(3, 7, 251529).
cost(3, 8, 308107).
cost(3, 9, 328897).
cost(3, 10, 186587).
cost(3, 11, 106155).
cost(3, 12, 105711).
cost(3, 13, 85347).
cost(3, 14, 398965).
cost(3, 15, 46326).
cost(3, 16, 70842).
cost(3, 17, 27520).
cost(3, 18, 224022).
cost(3, 19, 219582).
cost(3, 20, 313602).
cost(3, 21, 206303).
cost(3, 22, 77281).
cost(4, 1, 237874).
cost(4, 2, 92963).
cost(4, 3, 134609).
cost(4, 5, 381986).
cost(4, 6, 181780).
cost(4, 7, 328829).
cost(4, 8, 386974).
cost(4, 9, 257975).
cost(4, 10, 116450).
cost(4, 11, 201648).
cost(4, 12, 118980).
cost(4, 13, 94046).
cost(4, 14, 528857).
cost(4, 15, 176067).
cost(4, 16, 127320).
cost(4, 17, 107459).
cost(4, 18, 348343).
cost(4, 19, 345632).
cost(4, 20, 179370).
cost(4, 21, 302755).
cost(4, 22, 182564).
cost(5, 1, 443650).
cost(5, 2, 329049).
cost(5, 3, 304747).
cost(5, 4, 381986).
cost(5, 6, 385480).
cost(5, 7, 54030).
cost(5, 8, 552111).
cost(5, 9, 626498).
cost(5, 10, 318945).
cost(5, 11, 383504).
cost(5, 12, 263181).
cost(5, 13, 385675).
cost(5, 14, 294851).
cost(5, 15, 267699).
cost(5, 16, 261082).
cost(5, 17, 320792).
cost(5, 18, 182009).
cost(5, 19, 378168).
cost(5, 20, 512501).
cost(5, 21, 447228).
cost(5, 22, 357956).
cost(6, 1, 68481).
cost(6, 2, 108882).
cost(6, 3, 279705).
cost(6, 4, 181780).
cost(6, 5, 385480).
cost(6, 7, 343847).
cost(6, 8, 566538).
cost(6, 9, 394413).
cost(6, 10, 95762).
cost(6, 11, 372482).
cost(6, 12, 189345).
cost(6, 13, 272966).
cost(6, 14, 616291).
cost(6, 15, 303295).
cost(6, 16, 226186).
cost(6, 17, 259624).
cost(6, 18, 434485).
cost(6, 19, 498430).
cost(6, 20, 154745).
cost(6, 21, 476212).
cost(6, 22, 348307).
cost(7, 1, 405094).
cost(7, 2, 279662).
cost(7, 3, 251529).
cost(7, 4, 328829).
cost(7, 5, 54030).
cost(7, 6, 343847).
cost(7, 8, 508742).
cost(7, 9, 572468).
cost(7, 10, 271269).
cost(7, 11, 333616).
cost(7, 12, 210336).
cost(7, 13, 331838).
cost(7, 14, 302011).
cost(7, 15, 215846).
cost(7, 16, 207107).
cost(7, 17, 267002).
cost(7, 18, 158193).
cost(7, 19, 341751).
cost(7, 20, 464340).
cost(7, 21, 402620).
cost(7, 22, 307289).
cost(8, 1, 624847).
cost(8, 2, 463024).
cost(8, 3, 308107).
cost(8, 4, 386974).
cost(8, 5, 552111).
cost(8, 6, 566538).
cost(8, 7, 508742).
cost(8, 9, 359794).
cost(8, 10, 483372).
cost(8, 11, 202178).
cost(8, 12, 413405).
cost(8, 13, 293745).
cost(8, 14, 465801).
cost(8, 15, 315028).
cost(8, 16, 378733).
cost(8, 17, 317631).
cost(8, 18, 387738).
cost(8, 19, 190058).
cost(8, 20, 537072).
cost(8, 21, 107209).
cost(8, 22, 230826).
cost(9, 1, 420171).
cost(9, 2, 344307).
cost(9, 3, 328897).
cost(9, 4, 257975).
cost(9, 5, 626498).
cost(9, 6, 394413).
cost(9, 7, 572468).
cost(9, 8, 359794).
cost(9, 10, 366514).
cost(9, 11, 301110).
cost(9, 12, 371285).
cost(9, 13, 243787).
cost(9, 14, 703301).
cost(9, 15, 373454).
cost(9, 16, 365808).
cost(9, 17, 308053).
cost(9, 18, 545502).
cost(9, 19, 444081).
cost(9, 20, 276004).
cost(9, 21, 344491).
cost(9, 22, 309442).
cost(10, 1, 164011).
cost(10, 2, 23490).
cost(10, 3, 186587).
cost(10, 4, 116450).
cost(10, 5, 318945).
cost(10, 6, 95762).
cost(10, 7, 271269).
cost(10, 8, 483372).
cost(10, 9, 366514).
cost(10, 11, 284494).
cost(10, 12, 93800).
cost(10, 13, 194470).
cost(10, 14, 526621).
cost(10, 15, 207741).
cost(10, 16, 130427).
cost(10, 17, 168937).
cost(10, 18, 343384).
cost(10, 19, 403820).
cost(10, 20, 193558).
cost(10, 21, 388219).
cost(10, 22, 258593).
cost(11, 1, 434925).
cost(11, 2, 265569).
cost(11, 3, 106155).
cost(11, 4, 201648).
cost(11, 5, 383504).
cost(11, 6, 372482).
cost(11, 7, 333616).
cost(11, 8, 202178).
cost(11, 9, 301110).
cost(11, 10, 284494).
cost(11, 12, 211227).
cost(11, 13, 110277).
cost(11, 14, 402600).
cost(11, 15, 121154).
cost(11, 16, 176972).
cost(11, 17, 116286).
cost(11, 18, 256440).
cost(11, 19, 155462).
cost(11, 20, 373229).
cost(11, 21, 103860).
cost(11, 22, 29293).
cost(12, 1, 257734).
cost(12, 2, 87415).
cost(12, 3, 105711).
cost(12, 4, 118980).
cost(12, 5, 263181).
cost(12, 6, 189345).
cost(12, 7, 210336).
cost(12, 8, 413405).
cost(12, 9, 371285).
cost(12, 10, 93800).
cost(12, 11, 211227).
cost(12, 13, 148777).
cost(12, 14, 437673).
cost(12, 15, 116539).
cost(12, 16, 38508).
cost(12, 17, 97928).
cost(12, 18, 253816).
cost(12, 19, 314366).
cost(12, 20, 266706).
cost(12, 21, 311980).
cost(12, 22, 182766).
cost(13, 1, 331474).
cost(13, 2, 172480).
cost(13, 3, 85347).
cost(13, 4, 94046).
cost(13, 5, 385675).
cost(13, 6, 272966).
cost(13, 7, 331838).
cost(13, 8, 293745).
cost(13, 9, 243787).
cost(13, 10, 194470).
cost(13, 11, 110277).
cost(13, 12, 148777).
cost(13, 14, 476970).
cost(13, 15, 130868).
cost(13, 16, 130183).
cost(13, 17, 64937).
cost(13, 18, 307124).
cost(13, 19, 261492).
cost(13, 20, 263086).
cost(13, 21, 209138).
cost(13, 22, 96349).
cost(14, 1, 683252).
cost(14, 2, 524685).
cost(14, 3, 398965).
cost(14, 4, 528857).
cost(14, 5, 294851).
cost(14, 6, 616291).
cost(14, 7, 302011).
cost(14, 8, 465801).
cost(14, 9, 703301).
cost(14, 10, 526621).
cost(14, 11, 402600).
cost(14, 12, 437673).
cost(14, 13, 476970).
cost(14, 15, 353988).
cost(14, 16, 409716).
cost(14, 17, 426156).
cost(14, 18, 183860).
cost(14, 19, 283693).
cost(14, 20, 701012).
cost(14, 21, 394267).
cost(14, 22, 394622).
cost(15, 1, 371040).
cost(15, 2, 195988).
cost(15, 3, 46326).
cost(15, 4, 176067).
cost(15, 5, 267699).
cost(15, 6, 303295).
cost(15, 7, 215846).
cost(15, 8, 315028).
cost(15, 9, 373454).
cost(15, 10, 207741).
cost(15, 11, 121154).
cost(15, 12, 116539).
cost(15, 13, 130868).
cost(15, 14, 353988).
cost(15, 16, 78119).
cost(15, 17, 72554).
cost(15, 18, 177737).
cost(15, 19, 197917).
cost(15, 20, 353018).
cost(15, 21, 208829).
cost(15, 22, 93003).
cost(16, 1, 294321).
cost(16, 2, 120808).
cost(16, 3, 70842).
cost(16, 4, 127320).
cost(16, 5, 261082).
cost(16, 6, 226186).
cost(16, 7, 207107).
cost(16, 8, 378733).
cost(16, 9, 365808).
cost(16, 10, 130427).
cost(16, 11, 176972).
cost(16, 12, 38508).
cost(16, 13, 130183).
cost(16, 14, 409716).
cost(16, 15, 78119).
cost(16, 17, 70037).
cost(16, 18, 226419).
cost(16, 19, 275871).
cost(16, 20, 291389).
cost(16, 21, 275871).
cost(16, 22, 147979).
cost(17, 1, 324432).
cost(17, 2, 151204).
cost(17, 3, 27520).
cost(17, 4, 107459).
cost(17, 5, 320792).
cost(17, 6, 259624).
cost(17, 7, 267002).
cost(17, 8, 317631).
cost(17, 9, 308053).
cost(17, 10, 168937).
cost(17, 11, 116286).
cost(17, 12, 97928).
cost(17, 13, 64937).
cost(17, 14, 426156).
cost(17, 15, 72554).
cost(17, 16, 70037).
cost(17, 18, 250055).
cost(17, 19, 242785).
cost(17, 20, 286701).
cost(17, 21, 219563).
cost(17, 22, 89675).
cost(18, 1, 502118).
cost(18, 2, 340893).
cost(18, 3, 224022).
cost(18, 4, 348343).
cost(18, 5, 182009).
cost(18, 6, 434485).
cost(18, 7, 158193).
cost(18, 8, 387738).
cost(18, 9, 545502).
cost(18, 10, 343384).
cost(18, 11, 256440).
cost(18, 12, 253816).
cost(18, 13, 307124).
cost(18, 14, 183860).
cost(18, 15, 177737).
cost(18, 16, 226419).
cost(18, 17, 250055).
cost(18, 19, 202961).
cost(18, 20, 517795).
cost(18, 21, 289702).
cost(18, 22, 239601).
cost(19, 1, 565073).
cost(19, 2, 389732).
cost(19, 3, 219582).
cost(19, 4, 345632).
cost(19, 5, 378168).
cost(19, 6, 498430).
cost(19, 7, 341751).
cost(19, 8, 190058).
cost(19, 9, 444081).
cost(19, 10, 403820).
cost(19, 11, 155462).
cost(19, 12, 314366).
cost(19, 13, 261492).
cost(19, 14, 283693).
cost(19, 15, 197917).
cost(19, 16, 275871).
cost(19, 17, 242785).
cost(19, 18, 202961).
cost(19, 20, 523020).
cost(19, 21, 111258).
cost(19, 22, 165252).
cost(20, 1, 152605).
cost(20, 2, 185267).
cost(20, 3, 313602).
cost(20, 4, 179370).
cost(20, 5, 512501).
cost(20, 6, 154745).
cost(20, 7, 464340).
cost(20, 8, 537072).
cost(20, 9, 276004).
cost(20, 10, 193558).
cost(20, 11, 373229).
cost(20, 12, 266706).
cost(20, 13, 263086).
cost(20, 14, 701012).
cost(20, 15, 353018).
cost(20, 16, 291389).
cost(20, 17, 286701).
cost(20, 18, 517795).
cost(20, 19, 523020).
cost(20, 21, 468022).
cost(20, 22, 358138).
cost(21, 1, 538115).
cost(21, 2, 369426).
cost(21, 3, 206303).
cost(21, 4, 302755).
cost(21, 5, 447228).
cost(21, 6, 476212).
cost(21, 7, 402620).
cost(21, 8, 107209).
cost(21, 9, 344491).
cost(21, 10, 388219).
cost(21, 11, 103860).
cost(21, 12, 311980).
cost(21, 13, 209138).
cost(21, 14, 394267).
cost(21, 15, 208829).
cost(21, 16, 275871).
cost(21, 17, 219563).
cost(21, 18, 289702).
cost(21, 19, 111258).
cost(21, 20, 468022).
cost(21, 22, 130087).
cost(22, 1, 411938).
cost(22, 2, 240460).
cost(22, 3, 77281).
cost(22, 4, 182564).
cost(22, 5, 357956).
cost(22, 6, 348307).
cost(22, 7, 307289).
cost(22, 8, 230826).
cost(22, 9, 309442).
cost(22, 10, 258593).
cost(22, 11, 29293).
cost(22, 12, 182766).
cost(22, 13, 96349).
cost(22, 14, 394622).
cost(22, 15, 93003).
cost(22, 16, 147979).
cost(22, 17, 89675).
cost(22, 18, 239601).
cost(22, 19, 165252).
cost(22, 20, 358138).
cost(22, 21, 130087).
