dimension(22).
point(1, 110528.0, 101132.0).
point(2, -362389.0, -247216.0).
point(3, 168642.0, 65142.0).
point(4, 185556.0, 315929.0).
point(5, 48834.0, -333290.0).
point(6, 351501.0, -326400.0).
point(7, 258880.0, -8461.0).
point(8, -239077.0, 165089.0).
point(9, 359507.0, 99697.0).
point(10, -49230.0, -266799.0).
point(11, 95074.0, 146466.0).
point(12, -183319.0, 174822.0).
point(13, 346655.0, -260717.0).
point(14, -179597.0, -248337.0).
point(15, 314902.0, 18196.0).
point(16, -42484.0, -304094.0).
point(17, -98367.0, 130263.0).
point(18, 334289.0, 223848.0).
point(19, -415282.0, -7607.0).
point(20, 266234.0, -133011.0).
point(21, -125672.0, 23463.0).
point(22, 121081.0, 142965.0).
cost(1, 2, 587364).
cost(1, 3, 68356).
cost(1, 4, 227524).
cost(1, 5, 438781).
cost(1, 6, 490766).
cost(1, 7, 184442).
cost(1, 8, 355407).
cost(1, 9, 248983).
cost(1, 10, 401118).
cost(1, 11, 47896).
cost(1, 12, 302946).
cost(1, 13, 432077).
cost(1, 14, 454204).
cost(1, 15, 220561).
cost(1, 16, 433152).
cost(1, 17, 210916).
cost(1, 18, 255202).
cost(1, 19, 536936).
cost(1, 20, 281189).
cost(1, 21, 248642).
cost(1, 22, 43144).
cost(2, 1, 587364).
cost(2, 3, 616086).
cost(2, 4, 785733).
cost(2, 5, 420135).
cost(2, 6, 718268).
cost(2, 7, 665567).
cost(2, 8, 430350).
cost(2, 9, 800926).
cost(2, 10, 313771).
cost(2, 11, 603538).
cost(2, 12, 458456).
cost(2, 13, 709173).
cost(2, 14, 182795).
cost(2, 15, 727438).
cost(2, 16, 324922).
cost(2, 17, 460650).
cost(2, 18, 840988).
cost(2, 19, 245378).
cost(2, 20, 638913).
cost(2, 21, 359586).
cost(2, 22, 621276).
cost(3, 1, 68356).
cost(3, 2, 616086).
cost(3, 4, 251357).
cost(3, 5, 416055).
cost(3, 6, 432137).
cost(3, 7, 116449).
cost(3, 8, 419791).
cost(3, 9, 193968).
cost(3, 10, 397055).
cost(3, 11, 109662).
cost(3, 12, 368655).
cost(3, 13, 371312).
cost(3, 14, 468550).
cost(3, 15, 153610).
cost(3, 16, 425334).
cost(3, 17, 274835).
cost(3, 18, 229405).
cost(3, 19, 588438).
cost(3, 20, 220882).
cost(3, 21, 297251).
cost(3, 22, 91206).
cost(4, 1, 227524).
cost(4, 2, 785733).
cost(4, 3, 251357).
cost(4, 5, 663459).
cost(4, 6, 663419).
cost(4, 7, 332574).
cost(4, 8, 450628).
cost(4, 9, 277516).
cost(4, 10, 628249).
cost(4, 11, 192106).
cost(4, 12, 394943).
cost(4, 13, 598727).
cost(4, 14, 672111).
cost(4, 15, 324616).
cost(4, 16, 660629).
cost(4, 17, 339241).
cost(4, 18, 174930).
cost(4, 19, 682409).
cost(4, 20, 456132).
cost(4, 21, 427082).
cost(4, 22, 184590).
cost(5, 1, 438781).
cost(5, 2, 420135).
cost(5, 3, 416055).
cost(5, 4, 663459).
cost(5, 6, 302745).
cost(5, 7, 386825).
cost(5, 8, 575564).
cost(5, 9, 532912).
cost(5, 10, 118480).
cost(5, 11, 481979).
cost(5, 12, 558635).
cost(5, 13, 306536).
cost(5, 14, 243717).
cost(5, 15, 440834).
cost(5, 16, 95872).
cost(5, 17, 486364).
cost(5, 18, 626009).
cost(5, 19, 566986).
cost(5, 20, 295592).
cost(5, 21, 397146).
cost(5, 22, 481704).
cost(6, 1, 490766).
cost(6, 2, 718268).
cost(6, 3, 432137).
cost(6, 4, 663419).
cost(6, 5, 302745).
cost(6, 7, 331155).
cost(6, 8, 768338).
cost(6, 9, 426172).
cost(6, 10, 405139).
cost(6, 11, 537919).
cost(6, 12, 732977).
cost(6, 13, 65862).
cost(6, 14, 536804).
cost(6, 15, 346534).
cost(6, 16, 394616).
cost(6, 17, 641032).
cost(6, 18, 550517).
cost(6, 19, 830413).
cost(6, 20, 211352).
cost(6, 21, 591691).
cost(6, 22, 522874).
cost(7, 1, 184442).
cost(7, 2, 665567).
cost(7, 3, 116449).
cost(7, 4, 332574).
cost(7, 5, 386825).
cost(7, 6, 331155).
cost(7, 8, 527334).
cost(7, 9, 147729).
cost(7, 10, 402082).
cost(7, 11, 225466).
cost(7, 12, 478678).
cost(7, 13, 267091).
cost(7, 14, 499803).
cost(7, 15, 62041).
cost(7, 16, 422160).
cost(7, 17, 383236).
cost(7, 18, 244242).
cost(7, 19, 674163).
cost(7, 20, 124767).
cost(7, 21, 385875).
cost(7, 22, 204740).
cost(8, 1, 355407).
cost(8, 2, 430350).
cost(8, 3, 419791).
cost(8, 4, 450628).
cost(8, 5, 575564).
cost(8, 6, 768338).
cost(8, 7, 527334).
cost(8, 9, 602145).
cost(8, 10, 471772).
cost(8, 11, 334670).
cost(8, 12, 56601).
cost(8, 13, 724150).
cost(8, 14, 417683).
cost(8, 15, 573123).
cost(8, 16, 508706).
cost(8, 17, 144956).
cost(8, 18, 576369).
cost(8, 19, 246723).
cost(8, 20, 586688).
cost(8, 21, 181435).
cost(8, 22, 360837).
cost(9, 1, 248983).
cost(9, 2, 800926).
cost(9, 3, 193968).
cost(9, 4, 277516).
cost(9, 5, 532912).
cost(9, 6, 426172).
cost(9, 7, 147729).
cost(9, 8, 602145).
cost(9, 10, 548986).
cost(9, 11, 268537).
cost(9, 12, 548000).
cost(9, 13, 360643).
cost(9, 14, 641686).
cost(9, 15, 92909).
cost(9, 16, 569775).
cost(9, 17, 458893).
cost(9, 18, 126686).
cost(9, 19, 782184).
cost(9, 20, 250705).
cost(9, 21, 491132).
cost(9, 22, 242320).
cost(10, 1, 401118).
cost(10, 2, 313771).
cost(10, 3, 397055).
cost(10, 4, 628249).
cost(10, 5, 118480).
cost(10, 6, 405139).
cost(10, 7, 402082).
cost(10, 8, 471772).
cost(10, 9, 548986).
cost(10, 11, 437735).
cost(10, 12, 461529).
cost(10, 13, 395932).
cost(10, 14, 131668).
cost(10, 15, 462401).
cost(10, 16, 37900).
cost(10, 17, 400091).
cost(10, 18, 622753).
cost(10, 19, 448525).
cost(10, 20, 342661).
cost(10, 21, 300159).
cost(10, 22, 443748).
cost(11, 1, 47896).
cost(11, 2, 603538).
cost(11, 3, 109662).
cost(11, 4, 192106).
cost(11, 5, 481979).
cost(11, 6, 537919).
cost(11, 7, 225466).
cost(11, 8, 334670).
cost(11, 9, 268537).
cost(11, 10, 437735).
cost(11, 12, 279833).
cost(11, 13, 478635).
cost(11, 14, 480951).
cost(11, 15, 254514).
cost(11, 16, 471091).
cost(11, 17, 194118).
cost(11, 18, 251420).
cost(11, 19, 533106).
cost(11, 20, 327724).
cost(11, 21, 252702).
cost(11, 22, 26242).
cost(12, 1, 302946).
cost(12, 2, 458456).
cost(12, 3, 368655).
cost(12, 4, 394943).
cost(12, 5, 558635).
cost(12, 6, 732977).
cost(12, 7, 478678).
cost(12, 8, 56601).
cost(12, 9, 548000).
cost(12, 10, 461529).
cost(12, 11, 279833).
cost(12, 13, 685979).
cost(12, 14, 423175).
cost(12, 15, 522260).
cost(12, 16, 499194).
cost(12, 17, 95929).
cost(12, 18, 519925).
cost(12, 19, 295105).
cost(12, 20, 544848).
cost(12, 21, 161965).
cost(12, 22, 306062).
cost(13, 1, 432077).
cost(13, 2, 709173).
cost(13, 3, 371312).
cost(13, 4, 598727).
cost(13, 5, 306536).
cost(13, 6, 65862).
cost(13, 7, 267091).
cost(13, 8, 724150).
cost(13, 9, 360643).
cost(13, 10, 395932).
cost(13, 11, 478635).
cost(13, 12, 685979).
cost(13, 14, 526398).
cost(13, 15, 280715).
cost(13, 16, 391549).
cost(13, 17, 592377).
cost(13, 18, 484723).
cost(13, 19, 802878).
cost(13, 20, 150918).
cost(13, 21, 551227).
cost(13, 22, 462431).
cost(14, 1, 454204).
cost(14, 2, 182795).
cost(14, 3, 468550).
cost(14, 4, 672111).
cost(14, 5, 243717).
cost(14, 6, 536804).
cost(14, 7, 499803).
cost(14, 8, 417683).
cost(14, 9, 641686).
cost(14, 10, 131668).
cost(14, 11, 480951).
cost(14, 12, 423175).
cost(14, 13, 526398).
cost(14, 15, 561755).
cost(14, 16, 148016).
cost(14, 17, 387216).
cost(14, 18, 697881).
cost(14, 19, 336895).
cost(14, 20, 460506).
cost(14, 21, 277098).
cost(14, 22, 493482).
cost(15, 1, 220561).
cost(15, 2, 727438).
cost(15, 3, 153610).
cost(15, 4, 324616).
cost(15, 5, 440834).
cost(15, 6, 346534).
cost(15, 7, 62041).
cost(15, 8, 573123).
cost(15, 9, 92909).
cost(15, 10, 462401).
cost(15, 11, 254514).
cost(15, 12, 522260).
cost(15, 13, 280715).
cost(15, 14, 561755).
cost(15, 16, 481244).
cost(15, 17, 428194).
cost(15, 18, 206564).
cost(15, 19, 730640).
cost(15, 20, 158846).
cost(15, 21, 440605).
cost(15, 22, 230508).
cost(16, 1, 433152).
cost(16, 2, 324922).
cost(16, 3, 425334).
cost(16, 4, 660629).
cost(16, 5, 95872).
cost(16, 6, 394616).
cost(16, 7, 422160).
cost(16, 8, 508706).
cost(16, 9, 569775).
cost(16, 10, 37900).
cost(16, 11, 471091).
cost(16, 12, 499194).
cost(16, 13, 391549).
cost(16, 14, 148016).
cost(16, 15, 481244).
cost(16, 17, 437937).
cost(16, 18, 648599).
cost(16, 19, 476322).
cost(16, 20, 352954).
cost(16, 21, 337955).
cost(16, 22, 476041).
cost(17, 1, 210916).
cost(17, 2, 460650).
cost(17, 3, 274835).
cost(17, 4, 339241).
cost(17, 5, 486364).
cost(17, 6, 641032).
cost(17, 7, 383236).
cost(17, 8, 144956).
cost(17, 9, 458893).
cost(17, 10, 400091).
cost(17, 11, 194118).
cost(17, 12, 95929).
cost(17, 13, 592377).
cost(17, 14, 387216).
cost(17, 15, 428194).
cost(17, 16, 437937).
cost(17, 18, 442662).
cost(17, 19, 345606).
cost(17, 20, 449719).
cost(17, 21, 110235).
cost(17, 22, 219815).
cost(18, 1, 255202).
cost(18, 2, 840988).
cost(18, 3, 229405).
cost(18, 4, 174930).
cost(18, 5, 626009).
cost(18, 6, 550517).
cost(18, 7, 244242).
cost(18, 8, 576369).
cost(18, 9, 126686).
cost(18, 10, 622753).
cost(18, 11, 251420).
cost(18, 12, 519925).
cost(18, 13, 484723).
cost(18, 14, 697881).
cost(18, 15, 206564).
cost(18, 16, 648599).
cost(18, 17, 442662).
cost(18, 19, 784492).
cost(18, 20, 363290).
cost(18, 21, 501715).
cost(18, 22, 228034).
cost(19, 1, 536936).
cost(19, 2, 245378).
cost(19, 3, 588438).
cost(19, 4, 682409).
cost(19, 5, 566986).
cost(19, 6, 830413).
cost(19, 7, 674163).
cost(19, 8, 246723).
cost(19, 9, 782184).
cost(19, 10, 448525).
cost(19, 11, 533106).
cost(19, 12, 295105).
cost(19, 13, 802878).
cost(19, 14, 336895).
cost(19, 15, 730640).
cost(19, 16, 476322).
cost(19, 17, 345606).
cost(19, 18, 784492).
cost(19, 20, 692958).
cost(19, 21, 291272).
cost(19, 22, 557097).
cost(20, 1, 281189).
cost(20, 2, 638913).
cost(20, 3, 220882).
cost(20, 4, 456132).
cost(20, 5, 295592).
cost(20, 6, 211352).
cost(20, 7, 124767).
cost(20, 8, 586688).
cost(20, 9, 250705).
cost(20, 10, 342661).
cost(20, 11, 327724).
cost(20, 12, 544848).
cost(20, 13, 150918).
cost(20, 14, 460506).
cost(20, 15, 158846).
cost(20, 16, 352954).
cost(20, 17, 449719).
cost(20, 18, 363290).
cost(20, 19, 692958).
cost(20, 21, 421989).
cost(20, 22, 311821).
cost(21, 1, 248642).
cost(21, 2, 359586).
cost(21, 3, 297251).
cost(21, 4, 427082).
cost(21, 5, 397146).
cost(21, 6, 591691).
cost(21, 7, 385875).
cost(21, 8, 181435).
cost(21, 9, 491132).
cost(21, 10, 300159).
cost(21, 11, 252702).
cost(21, 12, 161965).
cost(21, 13, 551227).
cost(21, 14, 277098).
cost(21, 15, 440605).
cost(21, 16, 337955).
cost(21, 17, 110235).
cost(21, 18, 501715).
cost(21, 19, 291272).
cost(21, 20, 421989).
cost(21, 22, 274167).
cost(22, 1, 43144).
cost(22, 2, 621276).
cost(22, 3, 91206).
cost(22, 4, 184590).
cost(22, 5, 481704).
cost(22, 6, 522874).
cost(22, 7, 204740).
cost(22, 8, 360837).
cost(22, 9, 242320).
cost(22, 10, 443748).
cost(22, 11, 26242).
cost(22, 12, 306062).
cost(22, 13, 462431).
cost(22, 14, 493482).
cost(22, 15, 230508).
cost(22, 16, 476041).
cost(22, 17, 219815).
cost(22, 18, 228034).
cost(22, 19, 557097).
cost(22, 20, 311821).
cost(22, 21, 274167).
