dimension(24).
point(1, 646519.0, 346591.0).
point(2, 274588.0, 120675.0).
point(3, 634679.0, 494968.0).
point(4, 954961.0, 487656.0).
point(5, 656003.0, 496809.0).
point(6, 381498.0, 823599.0).
point(7, 86067.0, 259382.0).
point(8, 153315.0, 358564.0).
point(9, 613798.0, 183463.0).
point(10, 112257.0, 407454.0).
point(11, 426437.0, 44382.0).
point(12, 145160.0, 163059.0).
point(13, 511191.0, 44887.0).
point(14, 817831.0, 102336.0).
point(15, 714186.0, 867481.0).
point(16, 79675.0, 871721.0).
point(17, 361414.0, 361258.0).
point(18, 661448.0, 593432.0).
point(19, 284345.0, 282342.0).
point(20, 396342.0, 848817.0).
point(21, 616909.0, 683595.0).
point(22, 558039.0, 484953.0).
point(23, 741075.0, 848576.0).
point(24, 299584.0, 679259.0).
cost(1, 2, 435167).
cost(1, 3, 148849).
cost(1, 4, 339169).
cost(1, 5, 150517).
cost(1, 6, 545686).
cost(1, 7, 567196).
cost(1, 8, 493349).
cost(1, 9, 166377).
cost(1, 10, 537718).
cost(1, 11, 373853).
cost(1, 12, 533896).
cost(1, 13, 330664).
cost(1, 14, 298343).
cost(1, 15, 525267).
cost(1, 16, 772705).
cost(1, 17, 285482).
cost(1, 18, 247292).
cost(1, 19, 367829).
cost(1, 20, 561088).
cost(1, 21, 338302).
cost(1, 22, 164234).
cost(1, 23, 510813).
cost(1, 24, 480658).
cost(2, 1, 435167).
cost(2, 3, 519385).
cost(2, 4, 773035).
cost(2, 5, 535681).
cost(2, 6, 711008).
cost(2, 7, 234051).
cost(2, 8, 267017).
cost(2, 9, 344972).
cost(2, 10, 329535).
cost(2, 11, 169937).
cost(2, 12, 136191).
cost(2, 13, 248445).
cost(2, 14, 543552).
cost(2, 15, 866583).
cost(2, 16, 775926).
cost(2, 17, 255771).
cost(2, 18, 610868).
cost(2, 19, 161961).
cost(2, 20, 738251).
cost(2, 21, 658834).
cost(2, 22, 461566).
cost(2, 23, 864552).
cost(2, 24, 559143).
cost(3, 1, 148849).
cost(3, 2, 519385).
cost(3, 4, 320365).
cost(3, 5, 21403).
cost(3, 6, 414848).
cost(3, 7, 597056).
cost(3, 8, 500317).
cost(3, 9, 312204).
cost(3, 10, 529701).
cost(3, 11, 496379).
cost(3, 12, 591433).
cost(3, 13, 466714).
cost(3, 14, 433249).
cost(3, 15, 380903).
cost(3, 16, 670800).
cost(3, 17, 304224).
cost(3, 18, 102038).
cost(3, 19, 409809).
cost(3, 20, 426631).
cost(3, 21, 189462).
cost(3, 22, 77292).
cost(3, 23, 369268).
cost(3, 24, 382429).
cost(4, 1, 339169).
cost(4, 2, 773035).
cost(4, 3, 320365).
cost(4, 5, 299098).
cost(4, 6, 664618).
cost(4, 7, 898380).
cost(4, 8, 811974).
cost(4, 9, 457084).
cost(4, 10, 846512).
cost(4, 11, 689804).
cost(4, 12, 872434).
cost(4, 13, 626878).
cost(4, 14, 408994).
cost(4, 15, 449711).
cost(4, 16, 955841).
cost(4, 17, 606856).
cost(4, 18, 311991).
cost(4, 19, 701341).
cost(4, 20, 665201).
cost(4, 21, 390732).
cost(4, 22, 396931).
cost(4, 23, 419536).
cost(4, 24, 682811).
cost(5, 1, 150517).
cost(5, 2, 535681).
cost(5, 3, 21403).
cost(5, 4, 299098).
cost(5, 6, 426784).
cost(5, 7, 617413).
cost(5, 8, 521351).
cost(5, 9, 316176).
cost(5, 10, 551039).
cost(5, 11, 507337).
cost(5, 12, 610205).
cost(5, 13, 474557).
cost(5, 14, 426377).
cost(5, 15, 375211).
cost(5, 16, 687541).
cost(5, 17, 324279).
cost(5, 18, 96776).
cost(5, 19, 429099).
cost(5, 20, 437417).
cost(5, 21, 190833).
cost(5, 22, 98679).
cost(5, 23, 361908).
cost(5, 24, 400403).
cost(6, 1, 545686).
cost(6, 2, 711008).
cost(6, 3, 414848).
cost(6, 4, 664618).
cost(6, 5, 426784).
cost(6, 7, 636883).
cost(6, 8, 518001).
cost(6, 9, 680983).
cost(6, 10, 495648).
cost(6, 11, 780512).
cost(6, 12, 701547).
cost(6, 13, 789438).
cost(6, 14, 842975).
cost(6, 15, 335570).
cost(6, 16, 305635).
cost(6, 17, 462777).
cost(6, 18, 362421).
cost(6, 19, 549907).
cost(6, 20, 29262).
cost(6, 21, 273897).
cost(6, 22, 381900).
cost(6, 23, 360443).
cost(6, 24, 165964).
cost(7, 1, 567196).
cost(7, 2, 234051).
cost(7, 3, 597056).
cost(7, 4, 898380).
cost(7, 5, 617413).
cost(7, 6, 636883).
cost(7, 8, 119831).
cost(7, 9, 533164).
cost(7, 10, 150370).
cost(7, 11, 402588).
cost(7, 12, 113005).
cost(7, 13, 476171).
cost(7, 14, 748426).
cost(7, 15, 874253).
cost(7, 16, 612372).
cost(7, 17, 293589).
cost(7, 18, 665321).
cost(7, 19, 199603).
cost(7, 20, 666111).
cost(7, 21, 679522).
cost(7, 22, 523106).
cost(7, 23, 881014).
cost(7, 24, 471048).
cost(8, 1, 493349).
cost(8, 2, 267017).
cost(8, 3, 500317).
cost(8, 4, 811974).
cost(8, 5, 521351).
cost(8, 6, 518001).
cost(8, 7, 119831).
cost(8, 9, 492651).
cost(8, 10, 63843).
cost(8, 11, 416300).
cost(8, 12, 195675).
cost(8, 13, 475887).
cost(8, 14, 712204).
cost(8, 15, 757346).
cost(8, 16, 518414).
cost(8, 17, 208116).
cost(8, 18, 559788).
cost(8, 19, 151587).
cost(8, 20, 547184).
cost(8, 21, 566184).
cost(8, 22, 424000).
cost(8, 23, 765228).
cost(8, 24, 352477).
cost(9, 1, 166377).
cost(9, 2, 344972).
cost(9, 3, 312204).
cost(9, 4, 457084).
cost(9, 5, 316176).
cost(9, 6, 680983).
cost(9, 7, 533164).
cost(9, 8, 492651).
cost(9, 10, 549286).
cost(9, 11, 233340).
cost(9, 12, 469082).
cost(9, 13, 172428).
cost(9, 14, 219570).
cost(9, 15, 691345).
cost(9, 16, 871198).
cost(9, 17, 308721).
cost(9, 18, 412729).
cost(9, 19, 343971).
cost(9, 20, 699988).
cost(9, 21, 500142).
cost(9, 22, 306603).
cost(9, 23, 677181).
cost(9, 24, 586979).
cost(10, 1, 537718).
cost(10, 2, 329535).
cost(10, 3, 529701).
cost(10, 4, 846512).
cost(10, 5, 551039).
cost(10, 6, 495648).
cost(10, 7, 150370).
cost(10, 8, 63843).
cost(10, 9, 549286).
cost(10, 11, 480136).
cost(10, 12, 246600).
cost(10, 13, 539076).
cost(10, 14, 768721).
cost(10, 15, 757590).
cost(10, 16, 465409).
cost(10, 17, 253403).
cost(10, 18, 579826).
cost(10, 19, 212761).
cost(10, 20, 524886).
cost(10, 21, 575263).
cost(10, 22, 452468).
cost(10, 23, 768115).
cost(10, 24, 330105).
cost(11, 1, 373853).
cost(11, 2, 169937).
cost(11, 3, 496379).
cost(11, 4, 689804).
cost(11, 5, 507337).
cost(11, 6, 780512).
cost(11, 7, 402588).
cost(11, 8, 416300).
cost(11, 9, 233340).
cost(11, 10, 480136).
cost(11, 12, 305288).
cost(11, 13, 84756).
cost(11, 14, 395661).
cost(11, 15, 871947).
cost(11, 16, 897070).
cost(11, 17, 323479).
cost(11, 18, 597232).
cost(11, 19, 277155).
cost(11, 20, 804998).
cost(11, 21, 666988).
cost(11, 22, 459806).
cost(11, 23, 863554).
cost(11, 24, 647426).
cost(12, 1, 533896).
cost(12, 2, 136191).
cost(12, 3, 591433).
cost(12, 4, 872434).
cost(12, 5, 610205).
cost(12, 6, 701547).
cost(12, 7, 113005).
cost(12, 8, 195675).
cost(12, 9, 469082).
cost(12, 10, 246600).
cost(12, 11, 305288).
cost(12, 13, 384634).
cost(12, 14, 675406).
cost(12, 15, 905539).
cost(12, 16, 711681).
cost(12, 17, 293340).
cost(12, 18, 672142).
cost(12, 19, 183305).
cost(12, 20, 730313).
cost(12, 21, 702499).
cost(12, 22, 523531).
cost(12, 23, 908322).
cost(12, 24, 538804).
cost(13, 1, 330664).
cost(13, 2, 248445).
cost(13, 3, 466714).
cost(13, 4, 626878).
cost(13, 5, 474557).
cost(13, 6, 789438).
cost(13, 7, 476171).
cost(13, 8, 475887).
cost(13, 9, 172428).
cost(13, 10, 539076).
cost(13, 11, 84756).
cost(13, 12, 384634).
cost(13, 14, 311975).
cost(13, 15, 847271).
cost(13, 16, 932663).
cost(13, 17, 350034).
cost(13, 18, 568752).
cost(13, 19, 328396).
cost(13, 20, 812092).
cost(13, 21, 647398).
cost(13, 22, 442553).
cost(13, 23, 835920).
cost(13, 24, 668734).
cost(14, 1, 298343).
cost(14, 2, 543552).
cost(14, 3, 433249).
cost(14, 4, 408994).
cost(14, 5, 426377).
cost(14, 6, 842975).
cost(14, 7, 748426).
cost(14, 8, 712204).
cost(14, 9, 219570).
cost(14, 10, 768721).
cost(14, 11, 395661).
cost(14, 12, 675406).
cost(14, 13, 311975).
cost(14, 15, 772133).
cost(14, 16, 1066221).
cost(14, 17, 524745).
cost(14, 18, 515394).
cost(14, 19, 563036).
cost(14, 20, 857255).
cost(14, 21, 615005).
cost(14, 22, 462480).
cost(14, 23, 750177).
cost(14, 24, 775513).
cost(15, 1, 525267).
cost(15, 2, 866583).
cost(15, 3, 380903).
cost(15, 4, 449711).
cost(15, 5, 375211).
cost(15, 6, 335570).
cost(15, 7, 874253).
cost(15, 8, 757346).
cost(15, 9, 691345).
cost(15, 10, 757590).
cost(15, 11, 871947).
cost(15, 12, 905539).
cost(15, 13, 847271).
cost(15, 14, 772133).
cost(15, 16, 634525).
cost(15, 17, 617017).
cost(15, 18, 279077).
cost(15, 19, 726052).
cost(15, 20, 318392).
cost(15, 21, 208031).
cost(15, 22, 413170).
cost(15, 23, 32870).
cost(15, 24, 455327).
cost(16, 1, 772705).
cost(16, 2, 775926).
cost(16, 3, 670800).
cost(16, 4, 955841).
cost(16, 5, 687541).
cost(16, 6, 305635).
cost(16, 7, 612372).
cost(16, 8, 518414).
cost(16, 9, 871198).
cost(16, 10, 465409).
cost(16, 11, 897070).
cost(16, 12, 711681).
cost(16, 13, 932663).
cost(16, 14, 1066221).
cost(16, 15, 634525).
cost(16, 17, 583052).
cost(16, 18, 644907).
cost(16, 19, 623905).
cost(16, 20, 317494).
cost(16, 21, 569220).
cost(16, 22, 615160).
cost(16, 23, 661805).
cost(16, 24, 292236).
cost(17, 1, 285482).
cost(17, 2, 255771).
cost(17, 3, 304224).
cost(17, 4, 606856).
cost(17, 5, 324279).
cost(17, 6, 462777).
cost(17, 7, 293589).
cost(17, 8, 208116).
cost(17, 9, 308721).
cost(17, 10, 253403).
cost(17, 11, 323479).
cost(17, 12, 293340).
cost(17, 13, 350034).
cost(17, 14, 524745).
cost(17, 15, 617017).
cost(17, 16, 583052).
cost(17, 18, 379375).
cost(17, 19, 110306).
cost(17, 20, 488808).
cost(17, 21, 411314).
cost(17, 22, 232297).
cost(17, 23, 617755).
cost(17, 24, 323956).
cost(18, 1, 247292).
cost(18, 2, 610868).
cost(18, 3, 102038).
cost(18, 4, 311991).
cost(18, 5, 96776).
cost(18, 6, 362421).
cost(18, 7, 665321).
cost(18, 8, 559788).
cost(18, 9, 412729).
cost(18, 10, 579826).
cost(18, 11, 597232).
cost(18, 12, 672142).
cost(18, 13, 568752).
cost(18, 14, 515394).
cost(18, 15, 279077).
cost(18, 16, 644907).
cost(18, 17, 379375).
cost(18, 19, 488860).
cost(18, 20, 368107).
cost(18, 21, 100564).
cost(18, 22, 149870).
cost(18, 23, 267281).
cost(18, 24, 371903).
cost(19, 1, 367829).
cost(19, 2, 161961).
cost(19, 3, 409809).
cost(19, 4, 701341).
cost(19, 5, 429099).
cost(19, 6, 549907).
cost(19, 7, 199603).
cost(19, 8, 151587).
cost(19, 9, 343971).
cost(19, 10, 212761).
cost(19, 11, 277155).
cost(19, 12, 183305).
cost(19, 13, 328396).
cost(19, 14, 563036).
cost(19, 15, 726052).
cost(19, 16, 623905).
cost(19, 17, 110306).
cost(19, 18, 488860).
cost(19, 20, 577440).
cost(19, 21, 521155).
cost(19, 22, 340528).
cost(19, 23, 727477).
cost(19, 24, 397209).
cost(20, 1, 561088).
cost(20, 2, 738251).
cost(20, 3, 426631).
cost(20, 4, 665201).
cost(20, 5, 437417).
cost(20, 6, 29262).
cost(20, 7, 666111).
cost(20, 8, 547184).
cost(20, 9, 699988).
cost(20, 10, 524886).
cost(20, 11, 804998).
cost(20, 12, 730313).
cost(20, 13, 812092).
cost(20, 14, 857255).
cost(20, 15, 318392).
cost(20, 16, 317494).
cost(20, 17, 488808).
cost(20, 18, 368107).
cost(20, 19, 577440).
cost(20, 21, 275587).
cost(20, 22, 398174).
cost(20, 23, 344733).
cost(20, 24, 195223).
cost(21, 1, 338302).
cost(21, 2, 658834).
cost(21, 3, 189462).
cost(21, 4, 390732).
cost(21, 5, 190833).
cost(21, 6, 273897).
cost(21, 7, 679522).
cost(21, 8, 566184).
cost(21, 9, 500142).
cost(21, 10, 575263).
cost(21, 11, 666988).
cost(21, 12, 702499).
cost(21, 13, 647398).
cost(21, 14, 615005).
cost(21, 15, 208031).
cost(21, 16, 569220).
cost(21, 17, 411314).
cost(21, 18, 100564).
cost(21, 19, 521155).
cost(21, 20, 275587).
cost(21, 22, 207182).
cost(21, 23, 206485).
cost(21, 24, 317355).
cost(22, 1, 164234).
cost(22, 2, 461566).
cost(22, 3, 77292).
cost(22, 4, 396931).
cost(22, 5, 98679).
cost(22, 6, 381900).
cost(22, 7, 523106).
cost(22, 8, 424000).
cost(22, 9, 306603).
cost(22, 10, 452468).
cost(22, 11, 459806).
cost(22, 12, 523531).
cost(22, 13, 442553).
cost(22, 14, 462480).
cost(22, 15, 413170).
cost(22, 16, 615160).
cost(22, 17, 232297).
cost(22, 18, 149870).
cost(22, 19, 340528).
cost(22, 20, 398174).
cost(22, 21, 207182).
cost(22, 23, 407092).
cost(22, 24, 323348).
cost(23, 1, 510813).
cost(23, 2, 864552).
cost(23, 3, 369268).
cost(23, 4, 419536).
cost(23, 5, 361908).
cost(23, 6, 360443).
cost(23, 7, 881014).
cost(23, 8, 765228).
cost(23, 9, 677181).
cost(23, 10, 768115).
cost(23, 11, 863554).
cost(23, 12, 908322).
cost(23, 13, 835920).
cost(23, 14, 750177).
cost(23, 15, 32870).
cost(23, 16, 661805).
cost(23, 17, 617755).
cost(23, 18, 267281).
cost(23, 19, 727477).
cost(23, 20, 344733).
cost(23, 21, 206485).
cost(23, 22, 407092).
cost(23, 24, 472845).
cost(24, 1, 480658).
cost(24, 2, 559143).
cost(24, 3, 382429).
cost(24, 4, 682811).
cost(24, 5, 400403).
cost(24, 6, 165964).
cost(24, 7, 471048).
cost(24, 8, 352477).
cost(24, 9, 586979).
cost(24, 10, 330105).
cost(24, 11, 647426).
cost(24, 12, 538804).
cost(24, 13, 668734).
cost(24, 14, 775513).
cost(24, 15, 455327).
cost(24, 16, 292236).
cost(24, 17, 323956).
cost(24, 18, 371903).
cost(24, 19, 397209).
cost(24, 20, 195223).
cost(24, 21, 317355).
cost(24, 22, 323348).
cost(24, 23, 472845).
nocross(1,3).
nocross(1,5).
nocross(1,11).
nocross(1,13).
nocross(1,22).
nocross(1,23).
nocross(2,8).
nocross(2,11).
nocross(2,12).
nocross(2,13).
nocross(3,1).
nocross(3,22).
nocross(4,1).
nocross(4,3).
nocross(4,5).
nocross(4,14).
nocross(4,15).
nocross(4,23).
nocross(5,1).
nocross(5,20).
nocross(5,23).
nocross(6,3).
nocross(6,15).
nocross(6,20).
nocross(6,24).
nocross(7,10).
nocross(7,12).
nocross(7,13).
nocross(8,7).
nocross(8,10).
nocross(8,13).
nocross(8,19).
nocross(9,1).
nocross(9,3).
nocross(9,5).
nocross(9,13).
nocross(10,7).
nocross(10,8).
nocross(10,13).
nocross(10,17).
nocross(11,1).
nocross(11,2).
nocross(11,13).
nocross(12,2).
nocross(12,8).
nocross(12,10).
nocross(12,19).
nocross(13,1).
nocross(13,5).
nocross(13,9).
nocross(13,11).
nocross(13,14).
nocross(14,1).
nocross(14,9).
nocross(14,11).
nocross(14,13).
nocross(15,20).
nocross(15,21).
nocross(16,6).
nocross(16,10).
nocross(16,20).
nocross(16,24).
nocross(17,7).
nocross(17,13).
nocross(18,3).
nocross(18,5).
nocross(18,15).
nocross(18,23).
nocross(19,2).
nocross(19,7).
nocross(19,8).
nocross(19,10).
nocross(19,11).
nocross(19,13).
nocross(20,15).
nocross(20,23).
nocross(21,3).
nocross(21,15).
nocross(21,18).
nocross(21,22).
nocross(21,23).
nocross(22,1).
nocross(22,13).
nocross(22,20).
nocross(22,23).
nocross(23,6).
nocross(23,15).
nocross(24,8).
nocross(24,10).
nocross(24,15).
nocross(24,17).
