dimension(29).
point(1, 274756.0, 77208.0).
point(2, 469118.0, 125095.0).
point(3, -26996.0, -46902.0).
point(4, -193209.0, -111931.0).
point(5, -98007.0, -127858.0).
point(6, 222946.0, -268650.0).
point(7, 193728.0, 148429.0).
point(8, -353342.0, -83183.0).
point(9, 248831.0, -60954.0).
point(10, -66977.0, 207461.0).
point(11, 63033.0, 28087.0).
point(12, 178184.0, 301051.0).
point(13, -163679.0, 147758.0).
point(14, -22943.0, -189653.0).
point(15, 23997.0, -33828.0).
point(16, 23807.0, -7781.0).
point(17, -73059.0, 157218.0).
point(18, 71767.0, -301311.0).
point(19, 417050.0, -65907.0).
point(20, -221106.0, 205127.0).
point(21, -169463.0, -167545.0).
point(22, 181539.0, 235835.0).
point(23, 74890.0, 16847.0).
point(24, -196926.0, 201253.0).
point(25, 88593.0, -36511.0).
point(26, 143127.0, 217386.0).
point(27, 183329.0, 67348.0).
point(28, 98402.0, -378606.0).
point(29, 303583.0, 96197.0).
cost(1, 2, 200174).
cost(1, 3, 326278).
cost(1, 4, 504742).
cost(1, 5, 425446).
cost(1, 6, 349717).
cost(1, 7, 107879).
cost(1, 8, 648253).
cost(1, 9, 140573).
cost(1, 10, 365715).
cost(1, 11, 217347).
cost(1, 12, 243786).
cost(1, 13, 444075).
cost(1, 14, 399799).
cost(1, 15, 274243).
cost(1, 16, 264950).
cost(1, 17, 356899).
cost(1, 18, 429513).
cost(1, 19, 201815).
cost(1, 20, 512096).
cost(1, 21, 507183).
cost(1, 22, 183989).
cost(1, 23, 208782).
cost(1, 24, 487720).
cost(1, 25, 218148).
cost(1, 26, 192292).
cost(1, 27, 91957).
cost(1, 28, 488740).
cost(1, 29, 34519).
cost(2, 1, 200174).
cost(2, 3, 525083).
cost(2, 4, 703462).
cost(2, 5, 620980).
cost(2, 6, 464366).
cost(2, 7, 276377).
cost(2, 8, 848422).
cost(2, 9, 288341).
cost(2, 10, 542385).
cost(2, 11, 417511).
cost(2, 12, 340005).
cost(2, 13, 633203).
cost(2, 14, 584115).
cost(2, 15, 472641).
cost(2, 16, 464713).
cost(2, 17, 543128).
cost(2, 18, 582846).
cost(2, 19, 197972).
cost(2, 20, 694848).
cost(2, 21, 702441).
cost(2, 22, 308164).
cost(2, 23, 408819).
cost(2, 24, 670384).
cost(2, 25, 413420).
cost(2, 26, 338803).
cost(2, 27, 291565).
cost(2, 28, 625416).
cost(2, 29, 168038).
cost(3, 1, 326278).
cost(3, 2, 525083).
cost(3, 4, 178481).
cost(3, 5, 107687).
cost(3, 6, 334130).
cost(3, 7, 294743).
cost(3, 8, 328357).
cost(3, 9, 276185).
cost(3, 10, 257486).
cost(3, 11, 117169).
cost(3, 12, 403943).
cost(3, 13, 237854).
cost(3, 14, 142809).
cost(3, 15, 52642).
cost(3, 16, 64120).
cost(3, 17, 209253).
cost(3, 18, 272907).
cost(3, 19, 444453).
cost(3, 20, 318115).
cost(3, 21, 186686).
cost(3, 22, 351322).
cost(3, 23, 120186).
cost(3, 24, 300761).
cost(3, 25, 116055).
cost(3, 26, 314309).
cost(3, 27, 239353).
cost(3, 28, 354616).
cost(3, 29, 360222).
cost(4, 1, 504742).
cost(4, 2, 703462).
cost(4, 3, 178481).
cost(4, 5, 96525).
cost(4, 6, 444686).
cost(4, 7, 466377).
cost(4, 8, 162693).
cost(4, 9, 444970).
cost(4, 10, 343432).
cost(4, 11, 292002).
cost(4, 12, 555416).
cost(4, 13, 261363).
cost(4, 14, 187166).
cost(4, 15, 230821).
cost(4, 16, 240714).
cost(4, 17, 294749).
cost(4, 18, 325695).
cost(4, 19, 611992).
cost(4, 20, 318283).
cost(4, 21, 60471).
cost(4, 22, 511251).
cost(4, 23, 297424).
cost(4, 24, 313206).
cost(4, 25, 291720).
cost(4, 26, 470714).
cost(4, 27, 417039).
cost(4, 28, 395161).
cost(4, 29, 538627).
cost(5, 1, 425446).
cost(5, 2, 620980).
cost(5, 3, 107687).
cost(5, 4, 96525).
cost(5, 6, 350476).
cost(5, 7, 401801).
cost(5, 8, 259214).
cost(5, 9, 353232).
cost(5, 10, 336752).
cost(5, 11, 224171).
cost(5, 12, 510142).
cost(5, 13, 283332).
cost(5, 14, 97228).
cost(5, 15, 154034).
cost(5, 16, 171047).
cost(5, 17, 286166).
cost(5, 18, 242712).
cost(5, 19, 518769).
cost(5, 20, 355010).
cost(5, 21, 81737).
cost(5, 22, 458714).
cost(5, 23, 225462).
cost(5, 24, 343655).
cost(5, 25, 207759).
cost(5, 26, 421116).
cost(5, 27, 342426).
cost(5, 28, 318514).
cost(5, 29, 459864).
cost(6, 1, 349717).
cost(6, 2, 464366).
cost(6, 3, 334130).
cost(6, 4, 444686).
cost(6, 5, 350476).
cost(6, 7, 418101).
cost(6, 8, 605397).
cost(6, 9, 209303).
cost(6, 10, 557438).
cost(6, 11, 337083).
cost(6, 12, 571457).
cost(6, 13, 568220).
cost(6, 14, 258267).
cost(6, 15, 307770).
cost(6, 16, 328190).
cost(6, 17, 518635).
cost(6, 18, 154667).
cost(6, 19, 280680).
cost(6, 20, 649343).
cost(6, 21, 405225).
cost(6, 22, 506181).
cost(6, 23, 321604).
cost(6, 24, 630160).
cost(6, 25, 268215).
cost(6, 26, 492547).
cost(6, 27, 338326).
cost(6, 28, 166137).
cost(6, 29, 373652).
cost(7, 1, 107879).
cost(7, 2, 276377).
cost(7, 3, 294743).
cost(7, 4, 466377).
cost(7, 5, 401801).
cost(7, 6, 418101).
cost(7, 8, 594079).
cost(7, 9, 216512).
cost(7, 10, 267305).
cost(7, 11, 177661).
cost(7, 12, 153412).
cost(7, 13, 357408).
cost(7, 14, 401554).
cost(7, 15, 249051).
cost(7, 16, 230813).
cost(7, 17, 266932).
cost(7, 18, 465983).
cost(7, 19, 309536).
cost(7, 20, 418691).
cost(7, 21, 481401).
cost(7, 22, 88252).
cost(7, 23, 177303).
cost(7, 24, 394209).
cost(7, 25, 212735).
cost(7, 26, 85531).
cost(7, 27, 81745).
cost(7, 28, 535587).
cost(7, 29, 121640).
cost(8, 1, 648253).
cost(8, 2, 848422).
cost(8, 3, 328357).
cost(8, 4, 162693).
cost(8, 5, 259214).
cost(8, 6, 605397).
cost(8, 7, 594079).
cost(8, 9, 602583).
cost(8, 10, 408018).
cost(8, 11, 430986).
cost(8, 12, 655863).
cost(8, 13, 298841).
cost(8, 14, 347130).
cost(8, 15, 380553).
cost(8, 16, 384613).
cost(8, 17, 369258).
cost(8, 18, 477805).
cost(8, 19, 770586).
cost(8, 20, 317189).
cost(8, 21, 202308).
cost(8, 22, 622792).
cost(8, 23, 439760).
cost(8, 24, 324607).
cost(8, 25, 444393).
cost(8, 26, 580365).
cost(8, 27, 557383).
cost(8, 28, 539766).
cost(8, 29, 680976).
cost(9, 1, 140573).
cost(9, 2, 288341).
cost(9, 3, 276185).
cost(9, 4, 444970).
cost(9, 5, 353232).
cost(9, 6, 209303).
cost(9, 7, 216512).
cost(9, 8, 602583).
cost(9, 10, 414465).
cost(9, 11, 206032).
cost(9, 12, 368834).
cost(9, 13, 462304).
cost(9, 14, 300707).
cost(9, 15, 226464).
cost(9, 16, 231221).
cost(9, 17, 388860).
cost(9, 18, 298535).
cost(9, 19, 168292).
cost(9, 20, 540037).
cost(9, 21, 431661).
cost(9, 22, 304322).
cost(9, 23, 190548).
cost(9, 24, 517157).
cost(9, 25, 162092).
cost(9, 26, 297736).
cost(9, 27, 144055).
cost(9, 28, 351471).
cost(9, 29, 166416).
cost(10, 1, 365715).
cost(10, 2, 542385).
cost(10, 3, 257486).
cost(10, 4, 343432).
cost(10, 5, 336752).
cost(10, 6, 557438).
cost(10, 7, 267305).
cost(10, 8, 408018).
cost(10, 9, 414465).
cost(10, 11, 221535).
cost(10, 12, 262418).
cost(10, 13, 113647).
cost(10, 14, 399548).
cost(10, 15, 257869).
cost(10, 16, 233604).
cost(10, 17, 50610).
cost(10, 18, 527351).
cost(10, 19, 555889).
cost(10, 20, 154147).
cost(10, 21, 388758).
cost(10, 22, 250131).
cost(10, 23, 237613).
cost(10, 24, 130097).
cost(10, 25, 289352).
cost(10, 26, 210338).
cost(10, 27, 286853).
cost(10, 28, 608954).
cost(10, 29, 386904).
cost(11, 1, 217347).
cost(11, 2, 417511).
cost(11, 3, 117169).
cost(11, 4, 292002).
cost(11, 5, 224171).
cost(11, 6, 337083).
cost(11, 7, 177661).
cost(11, 8, 430986).
cost(11, 9, 206032).
cost(11, 10, 221535).
cost(11, 12, 296258).
cost(11, 13, 256358).
cost(11, 14, 234100).
cost(11, 15, 73193).
cost(11, 16, 53153).
cost(11, 17, 187606).
cost(11, 18, 329514).
cost(11, 19, 366283).
cost(11, 20, 334781).
cost(11, 21, 303852).
cost(11, 22, 239171).
cost(11, 23, 16338).
cost(11, 24, 312354).
cost(11, 25, 69471).
cost(11, 26, 205546).
cost(11, 27, 126541).
cost(11, 28, 408228).
cost(11, 29, 250007).
cost(12, 1, 243786).
cost(12, 2, 340005).
cost(12, 3, 403943).
cost(12, 4, 555416).
cost(12, 5, 510142).
cost(12, 6, 571457).
cost(12, 7, 153412).
cost(12, 8, 655863).
cost(12, 9, 368834).
cost(12, 10, 262418).
cost(12, 11, 296258).
cost(12, 13, 374659).
cost(12, 14, 530323).
cost(12, 15, 368670).
cost(12, 16, 345267).
cost(12, 17, 289501).
cost(12, 18, 611690).
cost(12, 19, 437853).
cost(12, 20, 410651).
cost(12, 21, 583473).
cost(12, 22, 65302).
cost(12, 23, 302393).
cost(12, 24, 388159).
cost(12, 25, 349249).
cost(12, 26, 90713).
cost(12, 27, 233760).
cost(12, 28, 684324).
cost(12, 29, 240188).
cost(13, 1, 444075).
cost(13, 2, 633203).
cost(13, 3, 237854).
cost(13, 4, 261363).
cost(13, 5, 283332).
cost(13, 6, 568220).
cost(13, 7, 357408).
cost(13, 8, 298841).
cost(13, 9, 462304).
cost(13, 10, 113647).
cost(13, 11, 256358).
cost(13, 12, 374659).
cost(13, 14, 365586).
cost(13, 15, 261143).
cost(13, 16, 243605).
cost(13, 17, 91112).
cost(13, 18, 507048).
cost(13, 19, 618788).
cost(13, 20, 81173).
cost(13, 21, 315356).
cost(13, 22, 356277).
cost(13, 23, 272127).
cost(13, 24, 62985).
cost(13, 25, 312404).
cost(13, 26, 314608).
cost(13, 27, 356203).
cost(13, 28, 588001).
cost(13, 29, 470098).
cost(14, 1, 399799).
cost(14, 2, 584115).
cost(14, 3, 142809).
cost(14, 4, 187166).
cost(14, 5, 97228).
cost(14, 6, 258267).
cost(14, 7, 401554).
cost(14, 8, 347130).
cost(14, 9, 300707).
cost(14, 10, 399548).
cost(14, 11, 234100).
cost(14, 12, 530323).
cost(14, 13, 365586).
cost(14, 15, 162741).
cost(14, 16, 187784).
cost(14, 17, 350473).
cost(14, 18, 146415).
cost(14, 19, 457063).
cost(14, 20, 441724).
cost(14, 21, 148179).
cost(14, 22, 472073).
cost(14, 23, 228503).
cost(14, 24, 427876).
cost(14, 25, 189454).
cost(14, 26, 439613).
cost(14, 27, 329542).
cost(14, 28, 224561).
cost(14, 29, 433969).
cost(15, 1, 274243).
cost(15, 2, 472641).
cost(15, 3, 52642).
cost(15, 4, 230821).
cost(15, 5, 154034).
cost(15, 6, 307770).
cost(15, 7, 249051).
cost(15, 8, 380553).
cost(15, 9, 226464).
cost(15, 10, 257869).
cost(15, 11, 73193).
cost(15, 12, 368670).
cost(15, 13, 261143).
cost(15, 14, 162741).
cost(15, 16, 26048).
cost(15, 17, 214286).
cost(15, 18, 271715).
cost(15, 19, 394360).
cost(15, 20, 342308).
cost(15, 21, 235174).
cost(15, 22, 312310).
cost(15, 23, 71820).
cost(15, 24, 322599).
cost(15, 25, 64652).
cost(15, 26, 278030).
cost(15, 27, 188741).
cost(15, 28, 352715).
cost(15, 29, 308342).
cost(16, 1, 264950).
cost(16, 2, 464713).
cost(16, 3, 64120).
cost(16, 4, 240714).
cost(16, 5, 171047).
cost(16, 6, 328190).
cost(16, 7, 230813).
cost(16, 8, 384613).
cost(16, 9, 231221).
cost(16, 10, 233604).
cost(16, 11, 53153).
cost(16, 12, 345267).
cost(16, 13, 243605).
cost(16, 14, 187784).
cost(16, 15, 26048).
cost(16, 17, 191331).
cost(16, 18, 297422).
cost(16, 19, 397516).
cost(16, 20, 324518).
cost(16, 21, 250755).
cost(16, 22, 290221).
cost(16, 23, 56710).
cost(16, 24, 304004).
cost(16, 25, 70871).
cost(16, 26, 254828).
cost(16, 27, 176328).
cost(16, 28, 378253).
cost(16, 29, 298473).
cost(17, 1, 356899).
cost(17, 2, 543128).
cost(17, 3, 209253).
cost(17, 4, 294749).
cost(17, 5, 286166).
cost(17, 6, 518635).
cost(17, 7, 266932).
cost(17, 8, 369258).
cost(17, 9, 388860).
cost(17, 10, 50610).
cost(17, 11, 187606).
cost(17, 12, 289501).
cost(17, 13, 91112).
cost(17, 14, 350473).
cost(17, 15, 214286).
cost(17, 16, 191331).
cost(17, 18, 480857).
cost(17, 19, 538509).
cost(17, 20, 155606).
cost(17, 21, 338769).
cost(17, 22, 266460).
cost(17, 23, 203943).
cost(17, 24, 131461).
cost(17, 25, 252314).
cost(17, 26, 224403).
cost(17, 27, 271683).
cost(17, 28, 562589).
cost(17, 29, 381553).
cost(18, 1, 429513).
cost(18, 2, 582846).
cost(18, 3, 272907).
cost(18, 4, 325695).
cost(18, 5, 242712).
cost(18, 6, 154667).
cost(18, 7, 465983).
cost(18, 8, 477805).
cost(18, 9, 298535).
cost(18, 10, 527351).
cost(18, 11, 329514).
cost(18, 12, 611690).
cost(18, 13, 507048).
cost(18, 14, 146415).
cost(18, 15, 271715).
cost(18, 16, 297422).
cost(18, 17, 480857).
cost(18, 19, 417894).
cost(18, 20, 585025).
cost(18, 21, 275836).
cost(18, 22, 548248).
cost(18, 23, 318173).
cost(18, 24, 569883).
cost(18, 25, 265334).
cost(18, 26, 523583).
cost(18, 27, 385169).
cost(18, 28, 81755).
cost(18, 29, 460164).
cost(19, 1, 201815).
cost(19, 2, 197972).
cost(19, 3, 444453).
cost(19, 4, 611992).
cost(19, 5, 518769).
cost(19, 6, 280680).
cost(19, 7, 309536).
cost(19, 8, 770586).
cost(19, 9, 168292).
cost(19, 10, 555889).
cost(19, 11, 366283).
cost(19, 12, 437853).
cost(19, 13, 618788).
cost(19, 14, 457063).
cost(19, 15, 394360).
cost(19, 16, 397516).
cost(19, 17, 538509).
cost(19, 18, 417894).
cost(19, 20, 693327).
cost(19, 21, 595254).
cost(19, 22, 382771).
cost(19, 23, 352025).
cost(19, 24, 669583).
cost(19, 25, 329770).
cost(19, 26, 394067).
cost(19, 27, 269040).
cost(19, 28, 446450).
cost(19, 29, 197870).
cost(20, 1, 512096).
cost(20, 2, 694848).
cost(20, 3, 318115).
cost(20, 4, 318283).
cost(20, 5, 355010).
cost(20, 6, 649343).
cost(20, 7, 418691).
cost(20, 8, 317189).
cost(20, 9, 540037).
cost(20, 10, 154147).
cost(20, 11, 334781).
cost(20, 12, 410651).
cost(20, 13, 81173).
cost(20, 14, 441724).
cost(20, 15, 342308).
cost(20, 16, 324518).
cost(20, 17, 155606).
cost(20, 18, 585025).
cost(20, 19, 693327).
cost(20, 21, 376233).
cost(20, 22, 403814).
cost(20, 23, 350803).
cost(20, 24, 24488).
cost(20, 25, 392813).
cost(20, 26, 364439).
cost(20, 27, 427260).
cost(20, 28, 665454).
cost(20, 29, 535877).
cost(21, 1, 507183).
cost(21, 2, 702441).
cost(21, 3, 186686).
cost(21, 4, 60471).
cost(21, 5, 81737).
cost(21, 6, 405225).
cost(21, 7, 481401).
cost(21, 8, 202308).
cost(21, 9, 431661).
cost(21, 10, 388758).
cost(21, 11, 303852).
cost(21, 12, 583473).
cost(21, 13, 315356).
cost(21, 14, 148179).
cost(21, 15, 235174).
cost(21, 16, 250755).
cost(21, 17, 338769).
cost(21, 18, 275836).
cost(21, 19, 595254).
cost(21, 20, 376233).
cost(21, 22, 534713).
cost(21, 23, 306119).
cost(21, 24, 369819).
cost(21, 25, 289418).
cost(21, 26, 495867).
cost(21, 27, 423836).
cost(21, 28, 341026).
cost(21, 29, 541602).
cost(22, 1, 183989).
cost(22, 2, 308164).
cost(22, 3, 351322).
cost(22, 4, 511251).
cost(22, 5, 458714).
cost(22, 6, 506181).
cost(22, 7, 88252).
cost(22, 8, 622792).
cost(22, 9, 304322).
cost(22, 10, 250131).
cost(22, 11, 239171).
cost(22, 12, 65302).
cost(22, 13, 356277).
cost(22, 14, 472073).
cost(22, 15, 312310).
cost(22, 16, 290221).
cost(22, 17, 266460).
cost(22, 18, 548248).
cost(22, 19, 382771).
cost(22, 20, 403814).
cost(22, 21, 534713).
cost(22, 23, 243577).
cost(22, 24, 380042).
cost(22, 25, 287770).
cost(22, 26, 42613).
cost(22, 27, 168497).
cost(22, 28, 620040).
cost(22, 29, 185455).
cost(23, 1, 208782).
cost(23, 2, 408819).
cost(23, 3, 120186).
cost(23, 4, 297424).
cost(23, 5, 225462).
cost(23, 6, 321604).
cost(23, 7, 177303).
cost(23, 8, 439760).
cost(23, 9, 190548).
cost(23, 10, 237613).
cost(23, 11, 16338).
cost(23, 12, 302393).
cost(23, 13, 272127).
cost(23, 14, 228503).
cost(23, 15, 71820).
cost(23, 16, 56710).
cost(23, 17, 203943).
cost(23, 18, 318173).
cost(23, 19, 352025).
cost(23, 20, 350803).
cost(23, 21, 306119).
cost(23, 22, 243577).
cost(23, 24, 328465).
cost(23, 25, 55089).
cost(23, 26, 211831).
cost(23, 27, 119622).
cost(23, 28, 396151).
cost(23, 29, 242068).
cost(24, 1, 487720).
cost(24, 2, 670384).
cost(24, 3, 300761).
cost(24, 4, 313206).
cost(24, 5, 343655).
cost(24, 6, 630160).
cost(24, 7, 394209).
cost(24, 8, 324607).
cost(24, 9, 517157).
cost(24, 10, 130097).
cost(24, 11, 312354).
cost(24, 12, 388159).
cost(24, 13, 62985).
cost(24, 14, 427876).
cost(24, 15, 322599).
cost(24, 16, 304004).
cost(24, 17, 131461).
cost(24, 18, 569883).
cost(24, 19, 669583).
cost(24, 20, 24488).
cost(24, 21, 369819).
cost(24, 22, 380042).
cost(24, 23, 328465).
cost(24, 25, 371555).
cost(24, 26, 340435).
cost(24, 27, 403143).
cost(24, 28, 650734).
cost(24, 29, 511416).
cost(25, 1, 218148).
cost(25, 2, 413420).
cost(25, 3, 116055).
cost(25, 4, 291720).
cost(25, 5, 207759).
cost(25, 6, 268215).
cost(25, 7, 212735).
cost(25, 8, 444393).
cost(25, 9, 162092).
cost(25, 10, 289352).
cost(25, 11, 69471).
cost(25, 12, 349249).
cost(25, 13, 312404).
cost(25, 14, 189454).
cost(25, 15, 64652).
cost(25, 16, 70871).
cost(25, 17, 252314).
cost(25, 18, 265334).
cost(25, 19, 329770).
cost(25, 20, 392813).
cost(25, 21, 289418).
cost(25, 22, 287770).
cost(25, 23, 55089).
cost(25, 24, 371555).
cost(25, 26, 259688).
cost(25, 27, 140576).
cost(25, 28, 342236).
cost(25, 29, 252650).
cost(26, 1, 192292).
cost(26, 2, 338803).
cost(26, 3, 314309).
cost(26, 4, 470714).
cost(26, 5, 421116).
cost(26, 6, 492547).
cost(26, 7, 85531).
cost(26, 8, 580365).
cost(26, 9, 297736).
cost(26, 10, 210338).
cost(26, 11, 205546).
cost(26, 12, 90713).
cost(26, 13, 314608).
cost(26, 14, 439613).
cost(26, 15, 278030).
cost(26, 16, 254828).
cost(26, 17, 224403).
cost(26, 18, 523583).
cost(26, 19, 394067).
cost(26, 20, 364439).
cost(26, 21, 495867).
cost(26, 22, 42613).
cost(26, 23, 211831).
cost(26, 24, 340435).
cost(26, 25, 259688).
cost(26, 27, 155331).
cost(26, 28, 597668).
cost(26, 29, 201079).
cost(27, 1, 91957).
cost(27, 2, 291565).
cost(27, 3, 239353).
cost(27, 4, 417039).
cost(27, 5, 342426).
cost(27, 6, 338326).
cost(27, 7, 81745).
cost(27, 8, 557383).
cost(27, 9, 144055).
cost(27, 10, 286853).
cost(27, 11, 126541).
cost(27, 12, 233760).
cost(27, 13, 356203).
cost(27, 14, 329542).
cost(27, 15, 188741).
cost(27, 16, 176328).
cost(27, 17, 271683).
cost(27, 18, 385169).
cost(27, 19, 269040).
cost(27, 20, 427260).
cost(27, 21, 423836).
cost(27, 22, 168497).
cost(27, 23, 119622).
cost(27, 24, 403143).
cost(27, 25, 140576).
cost(27, 26, 155331).
cost(27, 28, 453969).
cost(27, 29, 123666).
cost(28, 1, 488740).
cost(28, 2, 625416).
cost(28, 3, 354616).
cost(28, 4, 395161).
cost(28, 5, 318514).
cost(28, 6, 166137).
cost(28, 7, 535587).
cost(28, 8, 539766).
cost(28, 9, 351471).
cost(28, 10, 608954).
cost(28, 11, 408228).
cost(28, 12, 684324).
cost(28, 13, 588001).
cost(28, 14, 224561).
cost(28, 15, 352715).
cost(28, 16, 378253).
cost(28, 17, 562589).
cost(28, 18, 81755).
cost(28, 19, 446450).
cost(28, 20, 665454).
cost(28, 21, 341026).
cost(28, 22, 620040).
cost(28, 23, 396151).
cost(28, 24, 650734).
cost(28, 25, 342236).
cost(28, 26, 597668).
cost(28, 27, 453969).
cost(28, 29, 517240).
cost(29, 1, 34519).
cost(29, 2, 168038).
cost(29, 3, 360222).
cost(29, 4, 538627).
cost(29, 5, 459864).
cost(29, 6, 373652).
cost(29, 7, 121640).
cost(29, 8, 680976).
cost(29, 9, 166416).
cost(29, 10, 386904).
cost(29, 11, 250007).
cost(29, 12, 240188).
cost(29, 13, 470098).
cost(29, 14, 433969).
cost(29, 15, 308342).
cost(29, 16, 298473).
cost(29, 17, 381553).
cost(29, 18, 460164).
cost(29, 19, 197870).
cost(29, 20, 535877).
cost(29, 21, 541602).
cost(29, 22, 185455).
cost(29, 23, 242068).
cost(29, 24, 511416).
cost(29, 25, 252650).
cost(29, 26, 201079).
cost(29, 27, 123666).
cost(29, 28, 517240).
nocross(1,2).
nocross(1,7).
nocross(1,9).
nocross(1,10).
nocross(1,19).
nocross(2,1).
nocross(2,10).
nocross(2,19).
nocross(2,29).
nocross(3,4).
nocross(3,5).
nocross(3,8).
nocross(3,14).
nocross(3,15).
nocross(3,16).
nocross(3,18).
nocross(3,21).
nocross(4,5).
nocross(4,8).
nocross(4,14).
nocross(4,20).
nocross(4,21).
nocross(5,14).
nocross(5,15).
nocross(5,16).
nocross(5,20).
nocross(5,21).
nocross(6,9).
nocross(6,18).
nocross(6,19).
nocross(7,1).
nocross(7,10).
nocross(7,11).
nocross(7,22).
nocross(7,26).
nocross(8,4).
nocross(8,20).
nocross(9,1).
nocross(9,6).
nocross(9,19).
nocross(9,27).
nocross(11,1).
nocross(11,9).
nocross(11,23).
nocross(11,26).
nocross(11,29).
nocross(12,2).
nocross(12,10).
nocross(12,20).
nocross(12,22).
nocross(12,26).
nocross(13,8).
nocross(13,10).
nocross(14,4).
nocross(14,5).
nocross(14,6).
nocross(14,20).
nocross(14,21).
nocross(15,5).
nocross(15,11).
nocross(15,16).
nocross(15,18).
nocross(16,8).
nocross(16,11).
nocross(16,23).
nocross(16,26).
nocross(17,4).
nocross(17,7).
nocross(17,8).
nocross(17,11).
nocross(17,12).
nocross(17,21).
nocross(17,26).
nocross(18,5).
nocross(18,6).
nocross(18,9).
nocross(18,15).
nocross(18,19).
nocross(18,20).
nocross(18,21).
nocross(19,1).
nocross(19,2).
nocross(19,6).
nocross(19,9).
nocross(19,29).
nocross(20,10).
nocross(21,3).
nocross(21,4).
nocross(21,5).
nocross(21,20).
nocross(22,7).
nocross(22,10).
nocross(22,12).
nocross(22,20).
nocross(22,26).
nocross(22,29).
nocross(23,1).
nocross(23,9).
nocross(23,11).
nocross(23,15).
nocross(23,16).
nocross(23,22).
nocross(23,26).
nocross(24,8).
nocross(24,10).
nocross(24,13).
nocross(24,17).
nocross(24,20).
nocross(24,26).
nocross(25,1).
nocross(25,5).
nocross(25,9).
nocross(25,14).
nocross(25,23).
nocross(25,26).
nocross(26,7).
nocross(26,10).
nocross(26,11).
nocross(26,12).
nocross(26,22).
nocross(26,27).
nocross(26,29).
nocross(27,1).
nocross(27,7).
nocross(27,9).
nocross(27,10).
nocross(27,22).
nocross(27,26).
nocross(27,29).
