dimension(29).
point(1, -176425.0, 294462.0).
point(2, 193250.0, 129875.0).
point(3, 78738.0, 79236.0).
point(4, 235276.0, -86392.0).
point(5, 12453.0, -51653.0).
point(6, -36097.0, -8362.0).
point(7, 191365.0, 43002.0).
point(8, 72560.0, 82864.0).
point(9, -288936.0, 12809.0).
point(10, -193982.0, 185013.0).
point(11, 50357.0, -215947.0).
point(12, -53736.0, 64771.0).
point(13, -212614.0, -181619.0).
point(14, -118917.0, 190628.0).
point(15, 94523.0, -70455.0).
point(16, -224921.0, -115456.0).
point(17, 261467.0, 23348.0).
point(18, 25086.0, -302484.0).
point(19, -112265.0, -131145.0).
point(20, 27031.0, 588262.0).
point(21, -73609.0, 29700.0).
point(22, -65223.0, -147146.0).
point(23, -225805.0, 14341.0).
point(24, 188044.0, -8314.0).
point(25, 114591.0, 173319.0).
point(26, -107576.0, -155477.0).
point(27, 44019.0, -12679.0).
point(28, -121860.0, 293984.0).
point(29, -138590.0, -93001.0).
cost(1, 2, 404658).
cost(1, 3, 333812).
cost(1, 4, 560845).
cost(1, 5, 394297).
cost(1, 6, 333758).
cost(1, 7, 445535).
cost(1, 8, 326753).
cost(1, 9, 303294).
cost(1, 10, 110848).
cost(1, 11, 558523).
cost(1, 12, 260405).
cost(1, 13, 477454).
cost(1, 14, 118696).
cost(1, 15, 454508).
cost(1, 16, 412777).
cost(1, 17, 515026).
cost(1, 18, 630041).
cost(1, 19, 430416).
cost(1, 20, 357369).
cost(1, 21, 284025).
cost(1, 22, 455394).
cost(1, 23, 284440).
cost(1, 24, 473826).
cost(1, 25, 315224).
cost(1, 26, 455176).
cost(1, 27, 378062).
cost(1, 28, 54567).
cost(1, 29, 389306).
cost(2, 1, 404658).
cost(2, 3, 125209).
cost(2, 4, 220313).
cost(2, 5, 256203).
cost(2, 6, 267786).
cost(2, 7, 86893).
cost(2, 8, 129523).
cost(2, 9, 496193).
cost(2, 10, 391138).
cost(2, 11, 374181).
cost(2, 12, 255422).
cost(2, 13, 511619).
cost(2, 14, 318024).
cost(2, 15, 223336).
cost(2, 16, 484824).
cost(2, 17, 126497).
cost(2, 18, 463911).
cost(2, 19, 401834).
cost(2, 20, 487593).
cost(2, 21, 285042).
cost(2, 22, 378879).
cost(2, 23, 434690).
cost(2, 24, 138287).
cost(2, 25, 89859).
cost(2, 26, 414635).
cost(2, 27, 206377).
cost(2, 28, 355283).
cost(2, 29, 399739).
cost(3, 1, 333812).
cost(3, 2, 125209).
cost(3, 4, 227896).
cost(3, 5, 146716).
cost(3, 6, 144432).
cost(3, 7, 118312).
cost(3, 8, 7165).
cost(3, 9, 373626).
cost(3, 10, 292515).
cost(3, 11, 296544).
cost(3, 12, 133261).
cost(3, 13, 391064).
cost(3, 14, 226883).
cost(3, 15, 150521).
cost(3, 16, 360713).
cost(3, 17, 191085).
cost(3, 18, 385472).
cost(3, 19, 284152).
cost(3, 20, 511645).
cost(3, 21, 160198).
cost(3, 22, 268279).
cost(3, 23, 311380).
cost(3, 24, 140046).
cost(3, 25, 100683).
cost(3, 26, 299672).
cost(3, 27, 98254).
cost(3, 28, 293864).
cost(3, 29, 277303).
cost(4, 1, 560845).
cost(4, 2, 220313).
cost(4, 3, 227896).
cost(4, 5, 225515).
cost(4, 6, 282369).
cost(4, 7, 136642).
cost(4, 8, 234785).
cost(4, 9, 533516).
cost(4, 10, 507861).
cost(4, 11, 225786).
cost(4, 12, 326157).
cost(4, 13, 457901).
cost(4, 14, 449658).
cost(4, 15, 141652).
cost(4, 16, 461114).
cost(4, 17, 112822).
cost(4, 18, 301456).
cost(4, 19, 350411).
cost(4, 20, 706062).
cost(4, 21, 329981).
cost(4, 22, 306579).
cost(4, 23, 471956).
cost(4, 24, 91253).
cost(4, 25, 286382).
cost(4, 26, 349743).
cost(4, 27, 204970).
cost(4, 28, 521759).
cost(4, 29, 373924).
cost(5, 1, 394297).
cost(5, 2, 256203).
cost(5, 3, 146716).
cost(5, 4, 225515).
cost(5, 6, 65048).
cost(5, 7, 202408).
cost(5, 8, 147335).
cost(5, 9, 308206).
cost(5, 10, 314048).
cost(5, 11, 168610).
cost(5, 12, 133924).
cost(5, 13, 259897).
cost(5, 14, 275605).
cost(5, 15, 84196).
cost(5, 16, 245799).
cost(5, 17, 260064).
cost(5, 18, 251149).
cost(5, 19, 147897).
cost(5, 20, 640081).
cost(5, 21, 118427).
cost(5, 22, 123095).
cost(5, 23, 247229).
cost(5, 24, 180860).
cost(5, 25, 247072).
cost(5, 26, 158702).
cost(5, 27, 50154).
cost(5, 28, 370817).
cost(5, 29, 156600).
cost(6, 1, 333758).
cost(6, 2, 267786).
cost(6, 3, 144432).
cost(6, 4, 282369).
cost(6, 5, 65048).
cost(6, 7, 233189).
cost(6, 8, 141875).
cost(6, 9, 253724).
cost(6, 10, 249643).
cost(6, 11, 224868).
cost(6, 12, 75230).
cost(6, 13, 247338).
cost(6, 14, 215537).
cost(6, 15, 144628).
cost(6, 16, 217080).
cost(6, 17, 299249).
cost(6, 18, 300418).
cost(6, 19, 144490).
cost(6, 20, 599954).
cost(6, 21, 53440).
cost(6, 22, 141807).
cost(6, 23, 191062).
cost(6, 24, 224141).
cost(6, 25, 236040).
cost(6, 26, 163561).
cost(6, 27, 80232).
cost(6, 28, 314274).
cost(6, 29, 132923).
cost(7, 1, 445535).
cost(7, 2, 86893).
cost(7, 3, 118312).
cost(7, 4, 136642).
cost(7, 5, 202408).
cost(7, 6, 233189).
cost(7, 8, 125314).
cost(7, 9, 481249).
cost(7, 10, 410682).
cost(7, 11, 294852).
cost(7, 12, 246066).
cost(7, 13, 462227).
cost(7, 14, 343611).
cost(7, 15, 149167).
cost(7, 16, 445424).
cost(7, 17, 72805).
cost(7, 18, 383418).
cost(7, 19, 350026).
cost(7, 20, 569486).
cost(7, 21, 265308).
cost(7, 22, 319364).
cost(7, 23, 418153).
cost(7, 24, 51423).
cost(7, 25, 151251).
cost(7, 26, 358831).
cost(7, 27, 157516).
cost(7, 28, 401375).
cost(7, 29, 356885).
cost(8, 1, 326753).
cost(8, 2, 129523).
cost(8, 3, 7165).
cost(8, 4, 234785).
cost(8, 5, 147335).
cost(8, 6, 141875).
cost(8, 7, 125314).
cost(8, 9, 368221).
cost(8, 10, 285445).
cost(8, 11, 299635).
cost(8, 12, 127585).
cost(8, 13, 388941).
cost(8, 14, 219719).
cost(8, 15, 154884).
cost(8, 16, 357527).
cost(8, 17, 198061).
cost(8, 18, 388261).
cost(8, 19, 282772).
cost(8, 20, 507445).
cost(8, 21, 155537).
cost(8, 22, 268121).
cost(8, 23, 306132).
cost(8, 24, 147139).
cost(8, 25, 99743).
cost(8, 26, 298756).
cost(8, 27, 99715).
cost(8, 28, 287003).
cost(8, 29, 274796).
cost(9, 1, 303294).
cost(9, 2, 496193).
cost(9, 3, 373626).
cost(9, 4, 533516).
cost(9, 5, 308206).
cost(9, 6, 253724).
cost(9, 7, 481249).
cost(9, 8, 368221).
cost(9, 10, 196648).
cost(9, 11, 409205).
cost(9, 12, 240872).
cost(9, 13, 208871).
cost(9, 14, 246020).
cost(9, 15, 392395).
cost(9, 16, 143352).
cost(9, 17, 550504).
cost(9, 18, 444994).
cost(9, 19, 227893).
cost(9, 20, 656492).
cost(9, 21, 215988).
cost(9, 22, 275015).
cost(9, 23, 63150).
cost(9, 24, 477447).
cost(9, 25, 434278).
cost(9, 26, 247410).
cost(9, 27, 333929).
cost(9, 28, 327068).
cost(9, 29, 183847).
cost(10, 1, 110848).
cost(10, 2, 391138).
cost(10, 3, 292515).
cost(10, 4, 507861).
cost(10, 5, 314048).
cost(10, 6, 249643).
cost(10, 7, 410682).
cost(10, 8, 285445).
cost(10, 9, 196648).
cost(10, 11, 469543).
cost(10, 12, 184735).
cost(10, 13, 367105).
cost(10, 14, 75275).
cost(10, 15, 385356).
cost(10, 16, 302058).
cost(10, 17, 483290).
cost(10, 18, 534457).
cost(10, 19, 326548).
cost(10, 20, 459844).
cost(10, 21, 196499).
cost(10, 22, 356242).
cost(10, 23, 173613).
cost(10, 24, 428158).
cost(10, 25, 308795).
cost(10, 26, 351283).
cost(10, 27, 309397).
cost(10, 28, 130676).
cost(10, 29, 283478).
cost(11, 1, 558523).
cost(11, 2, 374181).
cost(11, 3, 296544).
cost(11, 4, 225786).
cost(11, 5, 168610).
cost(11, 6, 224868).
cost(11, 7, 294852).
cost(11, 8, 299635).
cost(11, 9, 409205).
cost(11, 10, 469543).
cost(11, 12, 299396).
cost(11, 13, 265202).
cost(11, 14, 440405).
cost(11, 15, 152048).
cost(11, 16, 293047).
cost(11, 17, 319107).
cost(11, 18, 90151).
cost(11, 19, 183405).
cost(11, 20, 804547).
cost(11, 21, 275155).
cost(11, 22, 134508).
cost(11, 23, 359580).
cost(11, 24, 249137).
cost(11, 25, 394530).
cost(11, 26, 169114).
cost(11, 27, 203367).
cost(11, 28, 538227).
cost(11, 29, 225426).
cost(12, 1, 260405).
cost(12, 2, 255422).
cost(12, 3, 133261).
cost(12, 4, 326157).
cost(12, 5, 133924).
cost(12, 6, 75230).
cost(12, 7, 246066).
cost(12, 8, 127585).
cost(12, 9, 240872).
cost(12, 10, 184735).
cost(12, 11, 299396).
cost(12, 13, 293173).
cost(12, 14, 141734).
cost(12, 15, 200666).
cost(12, 16, 248568).
cost(12, 17, 317913).
cost(12, 18, 375618).
cost(12, 19, 204472).
cost(12, 20, 529685).
cost(12, 21, 40310).
cost(12, 22, 212228).
cost(12, 23, 179307).
cost(12, 24, 252585).
cost(12, 25, 200291).
cost(12, 26, 226733).
cost(12, 27, 124718).
cost(12, 28, 239122).
cost(12, 29, 179143).
cost(13, 1, 477454).
cost(13, 2, 511619).
cost(13, 3, 391064).
cost(13, 4, 457901).
cost(13, 5, 259897).
cost(13, 6, 247338).
cost(13, 7, 462227).
cost(13, 8, 388941).
cost(13, 9, 208871).
cost(13, 10, 367105).
cost(13, 11, 265202).
cost(13, 12, 293173).
cost(13, 14, 383858).
cost(13, 15, 326635).
cost(13, 16, 67298).
cost(13, 17, 516492).
cost(13, 18, 266664).
cost(13, 19, 112328).
cost(13, 20, 806317).
cost(13, 21, 252939).
cost(13, 22, 151369).
cost(13, 23, 196403).
cost(13, 24, 436533).
cost(13, 25, 482746).
cost(13, 26, 108242).
cost(13, 27, 307248).
cost(13, 28, 484184).
cost(13, 29, 115467).
cost(14, 1, 118696).
cost(14, 2, 318024).
cost(14, 3, 226883).
cost(14, 4, 449658).
cost(14, 5, 275605).
cost(14, 6, 215537).
cost(14, 7, 343611).
cost(14, 8, 219719).
cost(14, 9, 246020).
cost(14, 10, 75275).
cost(14, 11, 440405).
cost(14, 12, 141734).
cost(14, 13, 383858).
cost(14, 15, 337225).
cost(14, 16, 323920).
cost(14, 17, 415541).
cost(14, 18, 513708).
cost(14, 19, 321842).
cost(14, 20, 423572).
cost(14, 21, 167184).
cost(14, 22, 342015).
cost(14, 23, 206160).
cost(14, 24, 365791).
cost(14, 25, 234149).
cost(14, 26, 346291).
cost(14, 27, 260542).
cost(14, 28, 103398).
cost(14, 29, 284310).
cost(15, 1, 454508).
cost(15, 2, 223336).
cost(15, 3, 150521).
cost(15, 4, 141652).
cost(15, 5, 84196).
cost(15, 6, 144628).
cost(15, 7, 149167).
cost(15, 8, 154884).
cost(15, 9, 392395).
cost(15, 10, 385356).
cost(15, 11, 152048).
cost(15, 12, 200666).
cost(15, 13, 326635).
cost(15, 14, 337225).
cost(15, 16, 322598).
cost(15, 17, 191492).
cost(15, 18, 242196).
cost(15, 19, 215510).
cost(15, 20, 662166).
cost(15, 21, 195702).
cost(15, 22, 177201).
cost(15, 23, 331361).
cost(15, 24, 112284).
cost(15, 25, 244599).
cost(15, 26, 219255).
cost(15, 27, 76738).
cost(15, 28, 423837).
cost(15, 29, 234201).
cost(16, 1, 412777).
cost(16, 2, 484824).
cost(16, 3, 360713).
cost(16, 4, 461114).
cost(16, 5, 245799).
cost(16, 6, 217080).
cost(16, 7, 445424).
cost(16, 8, 357527).
cost(16, 9, 143352).
cost(16, 10, 302058).
cost(16, 11, 293047).
cost(16, 12, 248568).
cost(16, 13, 67298).
cost(16, 14, 323920).
cost(16, 15, 322598).
cost(16, 17, 505806).
cost(16, 18, 312223).
cost(16, 19, 113743).
cost(16, 20, 747462).
cost(16, 21, 209680).
cost(16, 22, 162812).
cost(16, 23, 129800).
cost(16, 24, 426637).
cost(16, 25, 445712).
cost(16, 26, 123982).
cost(16, 27, 287909).
cost(16, 28, 422212).
cost(16, 29, 89204).
cost(17, 1, 515026).
cost(17, 2, 126497).
cost(17, 3, 191085).
cost(17, 4, 112822).
cost(17, 5, 260064).
cost(17, 6, 299249).
cost(17, 7, 72805).
cost(17, 8, 198061).
cost(17, 9, 550504).
cost(17, 10, 483290).
cost(17, 11, 319107).
cost(17, 12, 317913).
cost(17, 13, 516492).
cost(17, 14, 415541).
cost(17, 15, 191492).
cost(17, 16, 505806).
cost(17, 18, 402545).
cost(17, 19, 404405).
cost(17, 20, 611627).
cost(17, 21, 335136).
cost(17, 22, 368503).
cost(17, 23, 487355).
cost(17, 24, 79959).
cost(17, 25, 209914).
cost(17, 26, 410087).
cost(17, 27, 220412).
cost(17, 28, 469237).
cost(17, 29, 416633).
cost(18, 1, 630041).
cost(18, 2, 463911).
cost(18, 3, 385472).
cost(18, 4, 301456).
cost(18, 5, 251149).
cost(18, 6, 300418).
cost(18, 7, 383418).
cost(18, 8, 388261).
cost(18, 9, 444994).
cost(18, 10, 534457).
cost(18, 11, 90151).
cost(18, 12, 375618).
cost(18, 13, 266664).
cost(18, 14, 513708).
cost(18, 15, 242196).
cost(18, 16, 312223).
cost(18, 17, 402545).
cost(18, 19, 219596).
cost(18, 20, 890748).
cost(18, 21, 346536).
cost(18, 22, 179682).
cost(18, 23, 404134).
cost(18, 24, 336290).
cost(18, 25, 484148).
cost(18, 26, 198016).
cost(18, 27, 290423).
cost(18, 28, 614302).
cost(18, 29, 265844).
cost(19, 1, 430416).
cost(19, 2, 401834).
cost(19, 3, 284152).
cost(19, 4, 350411).
cost(19, 5, 147897).
cost(19, 6, 144490).
cost(19, 7, 350026).
cost(19, 8, 282772).
cost(19, 9, 227893).
cost(19, 10, 326548).
cost(19, 11, 183405).
cost(19, 12, 204472).
cost(19, 13, 112328).
cost(19, 14, 321842).
cost(19, 15, 215510).
cost(19, 16, 113743).
cost(19, 17, 404405).
cost(19, 18, 219596).
cost(19, 20, 732769).
cost(19, 21, 165425).
cost(19, 22, 49689).
cost(19, 23, 184547).
cost(19, 24, 324458).
cost(19, 25, 379687).
cost(19, 26, 24780).
cost(19, 27, 196109).
cost(19, 28, 425237).
cost(19, 29, 46346).
cost(20, 1, 357369).
cost(20, 2, 487593).
cost(20, 3, 511645).
cost(20, 4, 706062).
cost(20, 5, 640081).
cost(20, 6, 599954).
cost(20, 7, 569486).
cost(20, 8, 507445).
cost(20, 9, 656492).
cost(20, 10, 459844).
cost(20, 11, 804547).
cost(20, 12, 529685).
cost(20, 13, 806317).
cost(20, 14, 423572).
cost(20, 15, 662166).
cost(20, 16, 747462).
cost(20, 17, 611627).
cost(20, 18, 890748).
cost(20, 19, 732769).
cost(20, 21, 567556).
cost(20, 22, 741172).
cost(20, 23, 627145).
cost(20, 24, 617922).
cost(20, 25, 424081).
cost(20, 26, 755822).
cost(20, 27, 601181).
cost(20, 28, 329800).
cost(20, 29, 701106).
cost(21, 1, 284025).
cost(21, 2, 285042).
cost(21, 3, 160198).
cost(21, 4, 329981).
cost(21, 5, 118427).
cost(21, 6, 53440).
cost(21, 7, 265308).
cost(21, 8, 155537).
cost(21, 9, 215988).
cost(21, 10, 196499).
cost(21, 11, 275155).
cost(21, 12, 40310).
cost(21, 13, 252939).
cost(21, 14, 167184).
cost(21, 15, 195702).
cost(21, 16, 209680).
cost(21, 17, 335136).
cost(21, 18, 346536).
cost(21, 19, 165425).
cost(21, 20, 567556).
cost(21, 22, 177045).
cost(21, 23, 152969).
cost(21, 24, 264400).
cost(21, 25, 236740).
cost(21, 26, 188267).
cost(21, 27, 125029).
cost(21, 28, 268653).
cost(21, 29, 138845).
cost(22, 1, 455394).
cost(22, 2, 378879).
cost(22, 3, 268279).
cost(22, 4, 306579).
cost(22, 5, 123095).
cost(22, 6, 141807).
cost(22, 7, 319364).
cost(22, 8, 268121).
cost(22, 9, 275015).
cost(22, 10, 356242).
cost(22, 11, 134508).
cost(22, 12, 212228).
cost(22, 13, 151369).
cost(22, 14, 342015).
cost(22, 15, 177201).
cost(22, 16, 162812).
cost(22, 17, 368503).
cost(22, 18, 179682).
cost(22, 19, 49689).
cost(22, 20, 741172).
cost(22, 21, 177045).
cost(22, 23, 227738).
cost(22, 24, 288823).
cost(22, 25, 367465).
cost(22, 26, 43165).
cost(22, 27, 173249).
cost(22, 28, 444751).
cost(22, 29, 91183).
cost(23, 1, 284440).
cost(23, 2, 434690).
cost(23, 3, 311380).
cost(23, 4, 471956).
cost(23, 5, 247229).
cost(23, 6, 191062).
cost(23, 7, 418153).
cost(23, 8, 306132).
cost(23, 9, 63150).
cost(23, 10, 173613).
cost(23, 11, 359580).
cost(23, 12, 179307).
cost(23, 13, 196403).
cost(23, 14, 206160).
cost(23, 15, 331361).
cost(23, 16, 129800).
cost(23, 17, 487355).
cost(23, 18, 404134).
cost(23, 19, 184547).
cost(23, 20, 627145).
cost(23, 21, 152969).
cost(23, 22, 227738).
cost(23, 24, 414469).
cost(23, 25, 375691).
cost(23, 26, 206921).
cost(23, 27, 271174).
cost(23, 28, 298337).
cost(23, 29, 138307).
cost(24, 1, 473826).
cost(24, 2, 138287).
cost(24, 3, 140046).
cost(24, 4, 91253).
cost(24, 5, 180860).
cost(24, 6, 224141).
cost(24, 7, 51423).
cost(24, 8, 147139).
cost(24, 9, 477447).
cost(24, 10, 428158).
cost(24, 11, 249137).
cost(24, 12, 252585).
cost(24, 13, 436533).
cost(24, 14, 365791).
cost(24, 15, 112284).
cost(24, 16, 426637).
cost(24, 17, 79959).
cost(24, 18, 336290).
cost(24, 19, 324458).
cost(24, 20, 617922).
cost(24, 21, 264400).
cost(24, 22, 288823).
cost(24, 23, 414469).
cost(24, 25, 195923).
cost(24, 26, 330224).
cost(24, 27, 144091).
cost(24, 28, 432926).
cost(24, 29, 337434).
cost(25, 1, 315224).
cost(25, 2, 89859).
cost(25, 3, 100683).
cost(25, 4, 286382).
cost(25, 5, 247072).
cost(25, 6, 236040).
cost(25, 7, 151251).
cost(25, 8, 99743).
cost(25, 9, 434278).
cost(25, 10, 308795).
cost(25, 11, 394530).
cost(25, 12, 200291).
cost(25, 13, 482746).
cost(25, 14, 234149).
cost(25, 15, 244599).
cost(25, 16, 445712).
cost(25, 17, 209914).
cost(25, 18, 484148).
cost(25, 19, 379687).
cost(25, 20, 424081).
cost(25, 21, 236740).
cost(25, 22, 367465).
cost(25, 23, 375691).
cost(25, 24, 195923).
cost(25, 26, 396819).
cost(25, 27, 198936).
cost(25, 28, 265460).
cost(25, 29, 367460).
cost(26, 1, 455176).
cost(26, 2, 414635).
cost(26, 3, 299672).
cost(26, 4, 349743).
cost(26, 5, 158702).
cost(26, 6, 163561).
cost(26, 7, 358831).
cost(26, 8, 298756).
cost(26, 9, 247410).
cost(26, 10, 351283).
cost(26, 11, 169114).
cost(26, 12, 226733).
cost(26, 13, 108242).
cost(26, 14, 346291).
cost(26, 15, 219255).
cost(26, 16, 123982).
cost(26, 17, 410087).
cost(26, 18, 198016).
cost(26, 19, 24780).
cost(26, 20, 755822).
cost(26, 21, 188267).
cost(26, 22, 43165).
cost(26, 23, 206921).
cost(26, 24, 330224).
cost(26, 25, 396819).
cost(26, 27, 208260).
cost(26, 28, 449688).
cost(26, 29, 69750).
cost(27, 1, 378062).
cost(27, 2, 206377).
cost(27, 3, 98254).
cost(27, 4, 204970).
cost(27, 5, 50154).
cost(27, 6, 80232).
cost(27, 7, 157516).
cost(27, 8, 99715).
cost(27, 9, 333929).
cost(27, 10, 309397).
cost(27, 11, 203367).
cost(27, 12, 124718).
cost(27, 13, 307248).
cost(27, 14, 260542).
cost(27, 15, 76738).
cost(27, 16, 287909).
cost(27, 17, 220412).
cost(27, 18, 290423).
cost(27, 19, 196109).
cost(27, 20, 601181).
cost(27, 21, 125029).
cost(27, 22, 173249).
cost(27, 23, 271174).
cost(27, 24, 144091).
cost(27, 25, 198936).
cost(27, 26, 208260).
cost(27, 28, 348652).
cost(27, 29, 199494).
cost(28, 1, 54567).
cost(28, 2, 355283).
cost(28, 3, 293864).
cost(28, 4, 521759).
cost(28, 5, 370817).
cost(28, 6, 314274).
cost(28, 7, 401375).
cost(28, 8, 287003).
cost(28, 9, 327068).
cost(28, 10, 130676).
cost(28, 11, 538227).
cost(28, 12, 239122).
cost(28, 13, 484184).
cost(28, 14, 103398).
cost(28, 15, 423837).
cost(28, 16, 422212).
cost(28, 17, 469237).
cost(28, 18, 614302).
cost(28, 19, 425237).
cost(28, 20, 329800).
cost(28, 21, 268653).
cost(28, 22, 444751).
cost(28, 23, 298337).
cost(28, 24, 432926).
cost(28, 25, 265460).
cost(28, 26, 449688).
cost(28, 27, 348652).
cost(28, 29, 387346).
cost(29, 1, 389306).
cost(29, 2, 399739).
cost(29, 3, 277303).
cost(29, 4, 373924).
cost(29, 5, 156600).
cost(29, 6, 132923).
cost(29, 7, 356885).
cost(29, 8, 274796).
cost(29, 9, 183847).
cost(29, 10, 283478).
cost(29, 11, 225426).
cost(29, 12, 179143).
cost(29, 13, 115467).
cost(29, 14, 284310).
cost(29, 15, 234201).
cost(29, 16, 89204).
cost(29, 17, 416633).
cost(29, 18, 265844).
cost(29, 19, 46346).
cost(29, 20, 701106).
cost(29, 21, 138845).
cost(29, 22, 91183).
cost(29, 23, 138307).
cost(29, 24, 337434).
cost(29, 25, 367460).
cost(29, 26, 69750).
cost(29, 27, 199494).
cost(29, 28, 387346).
nocross(2,3).
nocross(2,7).
nocross(2,17).
nocross(2,25).
nocross(2,27).
nocross(3,24).
nocross(3,27).
nocross(4,15).
nocross(4,17).
nocross(4,24).
nocross(4,27).
nocross(5,8).
nocross(5,11).
nocross(5,15).
nocross(5,27).
nocross(5,29).
nocross(6,5).
nocross(6,27).
nocross(6,29).
nocross(7,3).
nocross(7,15).
nocross(7,27).
nocross(7,29).
nocross(10,1).
nocross(10,29).
nocross(11,4).
nocross(11,15).
nocross(12,6).
nocross(12,21).
nocross(12,27).
nocross(13,16).
nocross(13,19).
nocross(13,26).
nocross(13,29).
nocross(14,12).
nocross(14,20).
nocross(14,25).
nocross(14,27).
nocross(14,28).
nocross(14,29).
nocross(15,4).
nocross(15,5).
nocross(15,27).
nocross(15,29).
nocross(16,19).
nocross(16,26).
nocross(16,29).
nocross(17,4).
nocross(17,7).
nocross(17,27).
nocross(17,29).
nocross(19,5).
nocross(19,22).
nocross(19,26).
nocross(19,27).
nocross(19,29).
nocross(20,1).
nocross(20,14).
nocross(20,28).
nocross(20,29).
nocross(21,6).
nocross(21,27).
nocross(21,29).
nocross(22,26).
nocross(22,29).
nocross(23,16).
nocross(24,4).
nocross(24,15).
nocross(24,27).
nocross(25,7).
nocross(25,8).
nocross(25,12).
nocross(25,14).
nocross(25,20).
nocross(25,29).
nocross(26,5).
nocross(26,19).
nocross(26,22).
nocross(26,29).
nocross(27,11).
nocross(27,29).
nocross(28,14).
