dimension(29).
point(1, 239439.0, 110273.0).
point(2, -82528.0, -197341.0).
point(3, -122659.0, 279405.0).
point(4, -98501.0, 304468.0).
point(5, -193705.0, 17759.0).
point(6, 95709.0, -228878.0).
point(7, -24123.0, -250662.0).
point(8, 169660.0, 193664.0).
point(9, -158304.0, -252566.0).
point(10, 66878.0, -170673.0).
point(11, -159399.0, -26850.0).
point(12, 149296.0, 275558.0).
point(13, 61630.0, -22800.0).
point(14, -262461.0, -291080.0).
point(15, -50121.0, 108860.0).
point(16, 101321.0, 65262.0).
point(17, 473115.0, 325223.0).
point(18, 20506.0, 56340.0).
point(19, 112394.0, 98948.0).
point(20, -328212.0, -40540.0).
point(21, -162311.0, 226471.0).
point(22, -79783.0, 101681.0).
point(23, -9479.0, -77656.0).
point(24, 8322.0, 76535.0).
point(25, 45275.0, 326617.0).
point(26, 216934.0, -201580.0).
point(27, 198022.0, -89048.0).
point(28, 155784.0, -105813.0).
point(29, 33323.0, 326388.0).
cost(1, 2, 445297).
cost(1, 3, 399651).
cost(1, 4, 389763).
cost(1, 5, 442914).
cost(1, 6, 368350).
cost(1, 7, 446922).
cost(1, 8, 108734).
cost(1, 9, 538379).
cost(1, 10, 329709).
cost(1, 11, 421752).
cost(1, 12, 188268).
cost(1, 13, 222091).
cost(1, 14, 642641).
cost(1, 15, 289563).
cost(1, 16, 145267).
cost(1, 17, 317503).
cost(1, 18, 225478).
cost(1, 19, 127549).
cost(1, 20, 587343).
cost(1, 21, 418216).
cost(1, 22, 319338).
cost(1, 23, 311893).
cost(1, 24, 233567).
cost(1, 25, 290696).
cost(1, 26, 312664).
cost(1, 27, 203579).
cost(1, 28, 231714).
cost(1, 29, 298646).
cost(2, 1, 445297).
cost(2, 3, 478432).
cost(2, 4, 502063).
cost(2, 5, 242133).
cost(2, 6, 181006).
cost(2, 7, 79084).
cost(2, 8, 465278).
cost(2, 9, 93765).
cost(2, 10, 151767).
cost(2, 11, 187020).
cost(2, 12, 526665).
cost(2, 13, 226376).
cost(2, 14, 202886).
cost(2, 15, 307911).
cost(2, 16, 320563).
cost(2, 17, 762766).
cost(2, 18, 273807).
cost(2, 19, 354657).
cost(2, 20, 291457).
cost(2, 21, 431256).
cost(2, 22, 299035).
cost(2, 23, 140216).
cost(2, 24, 288551).
cost(2, 25, 539320).
cost(2, 26, 299492).
cost(2, 27, 300725).
cost(2, 28, 255284).
cost(2, 29, 536389).
cost(3, 1, 399651).
cost(3, 2, 478432).
cost(3, 4, 34810).
cost(3, 5, 271120).
cost(3, 6, 553205).
cost(3, 7, 539148).
cost(3, 8, 304634).
cost(3, 9, 533164).
cost(3, 10, 488359).
cost(3, 11, 308451).
cost(3, 12, 271982).
cost(3, 13, 353964).
cost(3, 14, 587365).
cost(3, 15, 185330).
cost(3, 16, 309878).
cost(3, 17, 597533).
cost(3, 18, 265055).
cost(3, 19, 296335).
cost(3, 20, 380285).
cost(3, 21, 66138).
cost(3, 22, 182823).
cost(3, 23, 374569).
cost(3, 24, 241479).
cost(3, 25, 174444).
cost(3, 26, 588787).
cost(3, 27, 488461).
cost(3, 28, 475314).
cost(3, 29, 162904).
cost(4, 1, 389763).
cost(4, 2, 502063).
cost(4, 3, 34810).
cost(4, 5, 302102).
cost(4, 6, 567605).
cost(4, 7, 560091).
cost(4, 8, 290151).
cost(4, 9, 560235).
cost(4, 10, 503100).
cost(4, 11, 336868).
cost(4, 12, 249478).
cost(4, 13, 364344).
cost(4, 14, 617706).
cost(4, 15, 201502).
cost(4, 16, 311686).
cost(4, 17, 571993).
cost(4, 18, 275191).
cost(4, 19, 294474).
cost(4, 20, 414485).
cost(4, 21, 100773).
cost(4, 22, 203649).
cost(4, 23, 392357).
cost(4, 24, 251723).
cost(4, 25, 145472).
cost(4, 26, 596308).
cost(4, 27, 492728).
cost(4, 28, 482692).
cost(4, 29, 133634).
cost(5, 1, 442914).
cost(5, 2, 242133).
cost(5, 3, 271120).
cost(5, 4, 302102).
cost(5, 6, 380250).
cost(5, 7, 317503).
cost(5, 8, 403704).
cost(5, 9, 272633).
cost(5, 10, 321574).
cost(5, 11, 56275).
cost(5, 12, 429080).
cost(5, 13, 258536).
cost(5, 14, 316400).
cost(5, 15, 170046).
cost(5, 16, 298826).
cost(5, 17, 734291).
cost(5, 18, 217658).
cost(5, 19, 316683).
cost(5, 20, 146598).
cost(5, 21, 211060).
cost(5, 22, 141496).
cost(5, 23, 207469).
cost(5, 24, 210403).
cost(5, 25, 390519).
cost(5, 26, 465547).
cost(5, 27, 406027).
cost(5, 28, 370692).
cost(5, 29, 383136).
cost(6, 1, 368350).
cost(6, 2, 181006).
cost(6, 3, 553205).
cost(6, 4, 567605).
cost(6, 5, 380250).
cost(6, 7, 121796).
cost(6, 8, 428964).
cost(6, 9, 255115).
cost(6, 10, 64954).
cost(6, 11, 325416).
cost(6, 12, 507274).
cost(6, 13, 208877).
cost(6, 14, 363531).
cost(6, 15, 367877).
cost(6, 16, 294194).
cost(6, 17, 670420).
cost(6, 18, 294966).
cost(6, 19, 328250).
cost(6, 20, 463875).
cost(6, 21, 523371).
cost(6, 22, 374255).
cost(6, 23, 184208).
cost(6, 24, 317669).
cost(6, 25, 557780).
cost(6, 26, 124261).
cost(6, 27, 173264).
cost(6, 28, 136945).
cost(6, 29, 558760).
cost(7, 1, 446922).
cost(7, 2, 79084).
cost(7, 3, 539148).
cost(7, 4, 560091).
cost(7, 5, 317503).
cost(7, 6, 121796).
cost(7, 8, 484745).
cost(7, 9, 134195).
cost(7, 10, 121159).
cost(7, 11, 261518).
cost(7, 12, 554059).
cost(7, 13, 243464).
cost(7, 14, 241741).
cost(7, 15, 360461).
cost(7, 16, 339918).
cost(7, 17, 760848).
cost(7, 18, 310229).
cost(7, 19, 375319).
cost(7, 20, 369623).
cost(7, 21, 496741).
cost(7, 22, 356712).
cost(7, 23, 173625).
cost(7, 24, 328802).
cost(7, 25, 581435).
cost(7, 26, 246003).
cost(7, 27, 274713).
cost(7, 28, 230971).
cost(7, 29, 579902).
cost(8, 1, 108734).
cost(8, 2, 465278).
cost(8, 3, 304634).
cost(8, 4, 290151).
cost(8, 5, 403704).
cost(8, 6, 428964).
cost(8, 7, 484745).
cost(8, 9, 553788).
cost(8, 10, 378557).
cost(8, 11, 396114).
cost(8, 12, 84388).
cost(8, 13, 241924).
cost(8, 14, 649388).
cost(8, 15, 235575).
cost(8, 16, 145455).
cost(8, 17, 330746).
cost(8, 18, 202743).
cost(8, 19, 110682).
cost(8, 20, 550207).
cost(8, 21, 333588).
cost(8, 22, 265862).
cost(8, 23, 325124).
cost(8, 24, 199372).
cost(8, 25, 182066).
cost(8, 26, 398061).
cost(8, 27, 284131).
cost(8, 28, 299798).
cost(8, 29, 190272).
cost(9, 1, 538379).
cost(9, 2, 93765).
cost(9, 3, 533164).
cost(9, 4, 560235).
cost(9, 5, 272633).
cost(9, 6, 255115).
cost(9, 7, 134195).
cost(9, 8, 553788).
cost(9, 10, 239611).
cost(9, 11, 225719).
cost(9, 12, 611173).
cost(9, 13, 318062).
cost(9, 14, 111050).
cost(9, 15, 377270).
cost(9, 16, 410390).
cost(9, 17, 855880).
cost(9, 18, 356926).
cost(9, 19, 443666).
cost(9, 20, 271705).
cost(9, 21, 479054).
cost(9, 22, 362845).
cost(9, 23, 229657).
cost(9, 24, 368879).
cost(9, 25, 613920).
cost(9, 26, 378686).
cost(9, 27, 392054).
cost(9, 28, 346681).
cost(9, 29, 609843).
cost(10, 1, 329709).
cost(10, 2, 151767).
cost(10, 3, 488359).
cost(10, 4, 503100).
cost(10, 5, 321574).
cost(10, 6, 64954).
cost(10, 7, 121159).
cost(10, 8, 378557).
cost(10, 9, 239611).
cost(10, 11, 268116).
cost(10, 12, 453778).
cost(10, 13, 147966).
cost(10, 14, 350659).
cost(10, 15, 303030).
cost(10, 16, 238436).
cost(10, 17, 641047).
cost(10, 18, 231701).
cost(10, 19, 273436).
cost(10, 20, 415970).
cost(10, 21, 458531).
cost(10, 22, 309332).
cost(10, 23, 120343).
cost(10, 24, 254048).
cost(10, 25, 497759).
cost(10, 26, 153206).
cost(10, 27, 154471).
cost(10, 28, 110050).
cost(10, 29, 498192).
cost(11, 1, 421752).
cost(11, 2, 187020).
cost(11, 3, 308451).
cost(11, 4, 336868).
cost(11, 5, 56275).
cost(11, 6, 325416).
cost(11, 7, 261518).
cost(11, 8, 396114).
cost(11, 9, 225719).
cost(11, 10, 268116).
cost(11, 12, 432138).
cost(11, 13, 221066).
cost(11, 14, 283618).
cost(11, 15, 174238).
cost(11, 16, 276513).
cost(11, 17, 723899).
cost(11, 18, 198208).
cost(11, 19, 299494).
cost(11, 20, 169367).
cost(11, 21, 253338).
cost(11, 22, 151192).
cost(11, 23, 158295).
cost(11, 24, 197025).
cost(11, 25, 408449).
cost(11, 26, 414918).
cost(11, 27, 362792).
cost(11, 28, 324924).
cost(11, 29, 402391).
cost(12, 1, 188268).
cost(12, 2, 526665).
cost(12, 3, 271982).
cost(12, 4, 249478).
cost(12, 5, 429080).
cost(12, 6, 507274).
cost(12, 7, 554059).
cost(12, 8, 84388).
cost(12, 9, 611173).
cost(12, 10, 453778).
cost(12, 11, 432138).
cost(12, 13, 310971).
cost(12, 14, 700444).
cost(12, 15, 259914).
cost(12, 16, 215699).
cost(12, 17, 327605).
cost(12, 18, 254251).
cost(12, 19, 180424).
cost(12, 20, 572653).
cost(12, 21, 315450).
cost(12, 22, 287594).
cost(12, 23, 387259).
cost(12, 24, 243893).
cost(12, 25, 115877).
cost(12, 26, 481908).
cost(12, 27, 367847).
cost(12, 28, 381426).
cost(12, 29, 126623).
cost(13, 1, 222091).
cost(13, 2, 226376).
cost(13, 3, 353964).
cost(13, 4, 364344).
cost(13, 5, 258536).
cost(13, 6, 208877).
cost(13, 7, 243464).
cost(13, 8, 241924).
cost(13, 9, 318062).
cost(13, 10, 147966).
cost(13, 11, 221066).
cost(13, 12, 310971).
cost(13, 14, 420725).
cost(13, 15, 172692).
cost(13, 16, 96593).
cost(13, 17, 538925).
cost(13, 18, 89187).
cost(13, 19, 131907).
cost(13, 20, 390245).
cost(13, 21, 335090).
cost(13, 22, 188396).
cost(13, 23, 89809).
cost(13, 24, 112735).
cost(13, 25, 349800).
cost(13, 26, 236816).
cost(13, 27, 151630).
cost(13, 28, 125523).
cost(13, 29, 350333).
cost(14, 1, 642641).
cost(14, 2, 202886).
cost(14, 3, 587365).
cost(14, 4, 617706).
cost(14, 5, 316400).
cost(14, 6, 363531).
cost(14, 7, 241741).
cost(14, 8, 649388).
cost(14, 9, 111050).
cost(14, 10, 350659).
cost(14, 11, 283618).
cost(14, 12, 700444).
cost(14, 13, 420725).
cost(14, 15, 452814).
cost(14, 16, 509232).
cost(14, 17, 959636).
cost(14, 18, 448075).
cost(14, 19, 540960).
cost(14, 20, 259024).
cost(14, 21, 527152).
cost(14, 22, 433166).
cost(14, 23, 330983).
cost(14, 24, 456579).
cost(14, 25, 690109).
cost(14, 26, 487678).
cost(14, 27, 502853).
cost(14, 28, 457442).
cost(14, 29, 684657).
cost(15, 1, 289563).
cost(15, 2, 307911).
cost(15, 3, 185330).
cost(15, 4, 201502).
cost(15, 5, 170046).
cost(15, 6, 367877).
cost(15, 7, 360461).
cost(15, 8, 235575).
cost(15, 9, 377270).
cost(15, 10, 303030).
cost(15, 11, 174238).
cost(15, 12, 259914).
cost(15, 13, 172692).
cost(15, 14, 452814).
cost(15, 16, 157593).
cost(15, 17, 566206).
cost(15, 18, 88014).
cost(15, 19, 162817).
cost(15, 20, 315682).
cost(15, 21, 162539).
cost(15, 22, 30518).
cost(15, 23, 190893).
cost(15, 24, 66787).
cost(15, 25, 237736).
cost(15, 26, 409501).
cost(15, 27, 317400).
cost(15, 28, 297458).
cost(15, 29, 232984).
cost(16, 1, 145267).
cost(16, 2, 320563).
cost(16, 3, 309878).
cost(16, 4, 311686).
cost(16, 5, 298826).
cost(16, 6, 294194).
cost(16, 7, 339918).
cost(16, 8, 145455).
cost(16, 9, 410390).
cost(16, 10, 238436).
cost(16, 11, 276513).
cost(16, 12, 215699).
cost(16, 13, 96593).
cost(16, 14, 509232).
cost(16, 15, 157593).
cost(16, 17, 453663).
cost(16, 18, 81306).
cost(16, 19, 35459).
cost(16, 20, 442372).
cost(16, 21, 309015).
cost(16, 22, 184730).
cost(16, 23, 180837).
cost(16, 24, 93680).
cost(16, 25, 267297).
cost(16, 26, 290811).
cost(16, 27, 182106).
cost(16, 28, 179535).
cost(16, 29, 269834).
cost(17, 1, 317503).
cost(17, 2, 762766).
cost(17, 3, 597533).
cost(17, 4, 571993).
cost(17, 5, 734291).
cost(17, 6, 670420).
cost(17, 7, 760848).
cost(17, 8, 330746).
cost(17, 9, 855880).
cost(17, 10, 641047).
cost(17, 11, 723899).
cost(17, 12, 327605).
cost(17, 13, 538925).
cost(17, 14, 959636).
cost(17, 15, 566206).
cost(17, 16, 453663).
cost(17, 18, 526453).
cost(17, 19, 425817).
cost(17, 20, 880856).
cost(17, 21, 643054).
cost(17, 22, 596378).
cost(17, 23, 628656).
cost(17, 24, 527142).
cost(17, 25, 427842).
cost(17, 26, 585790).
cost(17, 27, 497289).
cost(17, 28, 535249).
cost(17, 29, 439794).
cost(18, 1, 225478).
cost(18, 2, 273807).
cost(18, 3, 265055).
cost(18, 4, 275191).
cost(18, 5, 217658).
cost(18, 6, 294966).
cost(18, 7, 310229).
cost(18, 8, 202743).
cost(18, 9, 356926).
cost(18, 10, 231701).
cost(18, 11, 198208).
cost(18, 12, 254251).
cost(18, 13, 89187).
cost(18, 14, 448075).
cost(18, 15, 88014).
cost(18, 16, 81306).
cost(18, 17, 526453).
cost(18, 19, 101286).
cost(18, 20, 361925).
cost(18, 21, 249733).
cost(18, 22, 110062).
cost(18, 23, 137310).
cost(18, 24, 23586).
cost(18, 25, 271410).
cost(18, 26, 324202).
cost(18, 27, 229455).
cost(18, 28, 211172).
cost(18, 29, 270352).
cost(19, 1, 127549).
cost(19, 2, 354657).
cost(19, 3, 296335).
cost(19, 4, 294474).
cost(19, 5, 316683).
cost(19, 6, 328250).
cost(19, 7, 375319).
cost(19, 8, 110682).
cost(19, 9, 443666).
cost(19, 10, 273436).
cost(19, 11, 299494).
cost(19, 12, 180424).
cost(19, 13, 131907).
cost(19, 14, 540960).
cost(19, 15, 162817).
cost(19, 16, 35459).
cost(19, 17, 425817).
cost(19, 18, 101286).
cost(19, 20, 462159).
cost(19, 21, 302861).
cost(19, 22, 192196).
cost(19, 23, 214574).
cost(19, 24, 106458).
cost(19, 25, 237357).
cost(19, 26, 318191).
cost(19, 27, 206578).
cost(19, 28, 209308).
cost(19, 29, 240793).
cost(20, 1, 587343).
cost(20, 2, 291457).
cost(20, 3, 380285).
cost(20, 4, 414485).
cost(20, 5, 146598).
cost(20, 6, 463875).
cost(20, 7, 369623).
cost(20, 8, 550207).
cost(20, 9, 271705).
cost(20, 10, 415970).
cost(20, 11, 169367).
cost(20, 12, 572653).
cost(20, 13, 390245).
cost(20, 14, 259024).
cost(20, 15, 315682).
cost(20, 16, 442372).
cost(20, 17, 880856).
cost(20, 18, 361925).
cost(20, 19, 462159).
cost(20, 21, 314353).
cost(20, 22, 286258).
cost(20, 23, 320887).
cost(20, 24, 356317).
cost(20, 25, 523734).
cost(20, 26, 568435).
cost(20, 27, 528465).
cost(20, 28, 488378).
cost(20, 29, 515115).
cost(21, 1, 418216).
cost(21, 2, 431256).
cost(21, 3, 66138).
cost(21, 4, 100773).
cost(21, 5, 211060).
cost(21, 6, 523371).
cost(21, 7, 496741).
cost(21, 8, 333588).
cost(21, 9, 479054).
cost(21, 10, 458531).
cost(21, 11, 253338).
cost(21, 12, 315450).
cost(21, 13, 335090).
cost(21, 14, 527152).
cost(21, 15, 162539).
cost(21, 16, 309015).
cost(21, 17, 643054).
cost(21, 18, 249733).
cost(21, 19, 302861).
cost(21, 20, 314353).
cost(21, 22, 149611).
cost(21, 23, 340369).
cost(21, 24, 227148).
cost(21, 25, 230480).
cost(21, 26, 571887).
cost(21, 27, 478949).
cost(21, 28, 459997).
cost(21, 29, 219673).
cost(22, 1, 319338).
cost(22, 2, 299035).
cost(22, 3, 182823).
cost(22, 4, 203649).
cost(22, 5, 141496).
cost(22, 6, 374255).
cost(22, 7, 356712).
cost(22, 8, 265862).
cost(22, 9, 362845).
cost(22, 10, 309332).
cost(22, 11, 151192).
cost(22, 12, 287594).
cost(22, 13, 188396).
cost(22, 14, 433166).
cost(22, 15, 30518).
cost(22, 16, 184730).
cost(22, 17, 596378).
cost(22, 18, 110062).
cost(22, 19, 192196).
cost(22, 20, 286258).
cost(22, 21, 149611).
cost(22, 23, 192625).
cost(22, 24, 91623).
cost(22, 25, 257363).
cost(22, 26, 424274).
cost(22, 27, 336977).
cost(22, 28, 313920).
cost(22, 29, 251567).
cost(23, 1, 311893).
cost(23, 2, 140216).
cost(23, 3, 374569).
cost(23, 4, 392357).
cost(23, 5, 207469).
cost(23, 6, 184208).
cost(23, 7, 173625).
cost(23, 8, 325124).
cost(23, 9, 229657).
cost(23, 10, 120343).
cost(23, 11, 158295).
cost(23, 12, 387259).
cost(23, 13, 89809).
cost(23, 14, 330983).
cost(23, 15, 190893).
cost(23, 16, 180837).
cost(23, 17, 628656).
cost(23, 18, 137310).
cost(23, 19, 214574).
cost(23, 20, 320887).
cost(23, 21, 340369).
cost(23, 22, 192625).
cost(23, 24, 155215).
cost(23, 25, 407964).
cost(23, 26, 258109).
cost(23, 27, 207813).
cost(23, 28, 167644).
cost(23, 29, 406305).
cost(24, 1, 233567).
cost(24, 2, 288551).
cost(24, 3, 241479).
cost(24, 4, 251723).
cost(24, 5, 210403).
cost(24, 6, 317669).
cost(24, 7, 328802).
cost(24, 8, 199372).
cost(24, 9, 368879).
cost(24, 10, 254048).
cost(24, 11, 197025).
cost(24, 12, 243893).
cost(24, 13, 112735).
cost(24, 14, 456579).
cost(24, 15, 66787).
cost(24, 16, 93680).
cost(24, 17, 527142).
cost(24, 18, 23586).
cost(24, 19, 106458).
cost(24, 20, 356317).
cost(24, 21, 227148).
cost(24, 22, 91623).
cost(24, 23, 155215).
cost(24, 25, 252797).
cost(24, 26, 347659).
cost(24, 27, 251801).
cost(24, 28, 234512).
cost(24, 29, 251101).
cost(25, 1, 290696).
cost(25, 2, 539320).
cost(25, 3, 174444).
cost(25, 4, 145472).
cost(25, 5, 390519).
cost(25, 6, 557780).
cost(25, 7, 581435).
cost(25, 8, 182066).
cost(25, 9, 613920).
cost(25, 10, 497759).
cost(25, 11, 408449).
cost(25, 12, 115877).
cost(25, 13, 349800).
cost(25, 14, 690109).
cost(25, 15, 237736).
cost(25, 16, 267297).
cost(25, 17, 427842).
cost(25, 18, 271410).
cost(25, 19, 237357).
cost(25, 20, 523734).
cost(25, 21, 230480).
cost(25, 22, 257363).
cost(25, 23, 407964).
cost(25, 24, 252797).
cost(25, 26, 555391).
cost(25, 27, 442842).
cost(25, 28, 446327).
cost(25, 29, 11954).
cost(26, 1, 312664).
cost(26, 2, 299492).
cost(26, 3, 588787).
cost(26, 4, 596308).
cost(26, 5, 465547).
cost(26, 6, 124261).
cost(26, 7, 246003).
cost(26, 8, 398061).
cost(26, 9, 378686).
cost(26, 10, 153206).
cost(26, 11, 414918).
cost(26, 12, 481908).
cost(26, 13, 236816).
cost(26, 14, 487678).
cost(26, 15, 409501).
cost(26, 16, 290811).
cost(26, 17, 585790).
cost(26, 18, 324202).
cost(26, 19, 318191).
cost(26, 20, 568435).
cost(26, 21, 571887).
cost(26, 22, 424274).
cost(26, 23, 258109).
cost(26, 24, 347659).
cost(26, 25, 555391).
cost(26, 27, 114110).
cost(26, 28, 113625).
cost(26, 29, 558984).
cost(27, 1, 203579).
cost(27, 2, 300725).
cost(27, 3, 488461).
cost(27, 4, 492728).
cost(27, 5, 406027).
cost(27, 6, 173264).
cost(27, 7, 274713).
cost(27, 8, 284131).
cost(27, 9, 392054).
cost(27, 10, 154471).
cost(27, 11, 362792).
cost(27, 12, 367847).
cost(27, 13, 151630).
cost(27, 14, 502853).
cost(27, 15, 317400).
cost(27, 16, 182106).
cost(27, 17, 497289).
cost(27, 18, 229455).
cost(27, 19, 206578).
cost(27, 20, 528465).
cost(27, 21, 478949).
cost(27, 22, 336977).
cost(27, 23, 207813).
cost(27, 24, 251801).
cost(27, 25, 442842).
cost(27, 26, 114110).
cost(27, 28, 45444).
cost(27, 29, 446892).
cost(28, 1, 231714).
cost(28, 2, 255284).
cost(28, 3, 475314).
cost(28, 4, 482692).
cost(28, 5, 370692).
cost(28, 6, 136945).
cost(28, 7, 230971).
cost(28, 8, 299798).
cost(28, 9, 346681).
cost(28, 10, 110050).
cost(28, 11, 324924).
cost(28, 12, 381426).
cost(28, 13, 125523).
cost(28, 14, 457442).
cost(28, 15, 297458).
cost(28, 16, 179535).
cost(28, 17, 535249).
cost(28, 18, 211172).
cost(28, 19, 209308).
cost(28, 20, 488378).
cost(28, 21, 459997).
cost(28, 22, 313920).
cost(28, 23, 167644).
cost(28, 24, 234512).
cost(28, 25, 446327).
cost(28, 26, 113625).
cost(28, 27, 45444).
cost(28, 29, 449215).
cost(29, 1, 298646).
cost(29, 2, 536389).
cost(29, 3, 162904).
cost(29, 4, 133634).
cost(29, 5, 383136).
cost(29, 6, 558760).
cost(29, 7, 579902).
cost(29, 8, 190272).
cost(29, 9, 609843).
cost(29, 10, 498192).
cost(29, 11, 402391).
cost(29, 12, 126623).
cost(29, 13, 350333).
cost(29, 14, 684657).
cost(29, 15, 232984).
cost(29, 16, 269834).
cost(29, 17, 439794).
cost(29, 18, 270352).
cost(29, 19, 240793).
cost(29, 20, 515115).
cost(29, 21, 219673).
cost(29, 22, 251567).
cost(29, 23, 406305).
cost(29, 24, 251101).
cost(29, 25, 11954).
cost(29, 26, 558984).
cost(29, 27, 446892).
cost(29, 28, 449215).
nocross(1,8).
nocross(1,16).
nocross(1,28).
nocross(2,5).
nocross(2,7).
nocross(2,9).
nocross(2,10).
nocross(2,23).
nocross(3,11).
nocross(3,15).
nocross(3,21).
nocross(3,24).
nocross(4,11).
nocross(4,27).
nocross(5,2).
nocross(5,7).
nocross(5,9).
nocross(5,15).
nocross(5,20).
nocross(5,21).
nocross(5,22).
nocross(5,23).
nocross(5,24).
nocross(6,7).
nocross(6,23).
nocross(6,26).
nocross(6,27).
nocross(6,28).
nocross(7,2).
nocross(7,6).
nocross(7,9).
nocross(7,10).
nocross(7,23).
nocross(8,1).
nocross(8,25).
nocross(9,2).
nocross(9,7).
nocross(9,11).
nocross(10,2).
nocross(10,7).
nocross(10,9).
nocross(10,13).
nocross(10,23).
nocross(10,26).
nocross(10,28).
nocross(12,8).
nocross(12,24).
nocross(12,25).
nocross(13,16).
nocross(13,18).
nocross(14,11).
nocross(15,5).
nocross(15,8).
nocross(15,21).
nocross(15,22).
nocross(15,23).
nocross(15,25).
nocross(16,11).
nocross(16,13).
nocross(16,18).
nocross(16,24).
nocross(16,25).
nocross(16,27).
nocross(17,1).
nocross(17,8).
nocross(17,12).
nocross(17,25).
nocross(17,27).
nocross(18,11).
nocross(18,13).
nocross(18,16).
nocross(18,23).
nocross(18,24).
nocross(18,25).
nocross(19,1).
nocross(19,8).
nocross(19,11).
nocross(19,16).
nocross(19,25).
nocross(19,27).
nocross(20,11).
nocross(21,5).
nocross(21,11).
nocross(21,15).
nocross(21,20).
nocross(21,24).
nocross(22,5).
nocross(22,8).
nocross(22,9).
nocross(22,15).
nocross(22,21).
nocross(22,23).
nocross(22,24).
nocross(22,25).
nocross(23,5).
nocross(23,9).
nocross(23,15).
nocross(23,16).
nocross(23,22).
nocross(23,28).
nocross(24,11).
nocross(24,15).
nocross(24,16).
nocross(24,21).
nocross(24,22).
nocross(24,23).
nocross(24,25).
nocross(25,8).
nocross(25,12).
nocross(25,24).
nocross(25,27).
nocross(26,6).
nocross(26,10).
nocross(26,27).
nocross(28,1).
nocross(28,13).
