dimension(29).
point(1, -5761.0, 222447.0).
point(2, 294147.0, 114959.0).
point(3, -211790.0, 149300.0).
point(4, 56358.0, -70035.0).
point(5, -36893.0, -106121.0).
point(6, 67083.0, -42982.0).
point(7, -151863.0, 127165.0).
point(8, -106107.0, -34883.0).
point(9, 133746.0, 5073.0).
point(10, -105612.0, 77182.0).
point(11, 41227.0, 185588.0).
point(12, -51451.0, 270242.0).
point(13, 270767.0, -74791.0).
point(14, -33668.0, 24068.0).
point(15, 427843.0, 19888.0).
point(16, -206725.0, 176828.0).
point(17, -86845.0, 490638.0).
point(18, -93232.0, 4978.0).
point(19, -163960.0, 241229.0).
point(20, 250110.0, 6032.0).
point(21, 69853.0, 24085.0).
point(22, 82823.0, -69779.0).
point(23, 107696.0, -93091.0).
point(24, 75366.0, -92158.0).
point(25, -69569.0, 306696.0).
point(26, -160488.0, -204567.0).
point(27, 2478.0, -12994.0).
point(28, -73003.0, 159411.0).
point(29, -214746.0, 141823.0).
cost(1, 2, 318588).
cost(1, 3, 218629).
cost(1, 4, 299006).
cost(1, 5, 330040).
cost(1, 6, 275243).
cost(1, 7, 174426).
cost(1, 8, 276203).
cost(1, 9, 258290).
cost(1, 10, 176273).
cost(1, 11, 59720).
cost(1, 12, 66121).
cost(1, 13, 405978).
cost(1, 14, 200332).
cost(1, 15, 478584).
cost(1, 16, 206077).
cost(1, 17, 280180).
cost(1, 18, 234401).
cost(1, 19, 159310).
cost(1, 20, 335120).
cost(1, 21, 212285).
cost(1, 22, 305357).
cost(1, 23, 335316).
cost(1, 24, 324897).
cost(1, 25, 105685).
cost(1, 26, 454182).
cost(1, 27, 235585).
cost(1, 28, 92168).
cost(1, 29, 223998).
cost(2, 1, 318588).
cost(2, 3, 507101).
cost(2, 4, 301275).
cost(2, 5, 398075).
cost(2, 6, 276593).
cost(2, 7, 446177).
cost(2, 8, 427383).
cost(2, 9, 194431).
cost(2, 10, 401540).
cost(2, 11, 262597).
cost(2, 12, 378881).
cost(2, 13, 191185).
cost(2, 14, 340182).
cost(2, 15, 164052).
cost(2, 16, 504679).
cost(2, 17, 535060).
cost(2, 18, 402689).
cost(2, 19, 475191).
cost(2, 20, 117492).
cost(2, 21, 242004).
cost(2, 22, 280688).
cost(2, 23, 279372).
cost(2, 24, 301268).
cost(2, 25, 411160).
cost(2, 26, 555689).
cost(2, 27, 318501).
cost(2, 28, 369831).
cost(2, 29, 509602).
cost(3, 1, 218629).
cost(3, 2, 507101).
cost(3, 4, 346426).
cost(3, 5, 309562).
cost(3, 6, 338737).
cost(3, 7, 63884).
cost(3, 8, 212349).
cost(3, 9, 374428).
cost(3, 10, 128354).
cost(3, 11, 255606).
cost(3, 12, 200837).
cost(3, 13, 532051).
cost(3, 14, 217740).
cost(3, 15, 652593).
cost(3, 16, 27990).
cost(3, 17, 363487).
cost(3, 18, 186775).
cost(3, 19, 103627).
cost(3, 20, 483609).
cost(3, 21, 308223).
cost(3, 22, 367141).
cost(3, 23, 401030).
cost(3, 24, 375181).
cost(3, 25, 212133).
cost(3, 26, 357566).
cost(3, 27, 268794).
cost(3, 28, 139155).
cost(3, 29, 8040).
cost(4, 1, 299006).
cost(4, 2, 301275).
cost(4, 3, 346426).
cost(4, 5, 99990).
cost(4, 6, 29101).
cost(4, 7, 286782).
cost(4, 8, 166224).
cost(4, 9, 107843).
cost(4, 10, 218877).
cost(4, 11, 256070).
cost(4, 12, 356947).
cost(4, 13, 214462).
cost(4, 14, 130231).
cost(4, 15, 382214).
cost(4, 16, 360769).
cost(4, 17, 578672).
cost(4, 18, 167344).
cost(4, 19, 381347).
cost(4, 20, 208149).
cost(4, 21, 95083).
cost(4, 22, 26466).
cost(4, 23, 56278).
cost(4, 24, 29167).
cost(4, 25, 397220).
cost(4, 26, 255188).
cost(4, 27, 78465).
cost(4, 28, 263400).
cost(4, 29, 344066).
cost(5, 1, 330040).
cost(5, 2, 398075).
cost(5, 3, 309562).
cost(5, 4, 99990).
cost(5, 6, 121645).
cost(5, 7, 260078).
cost(5, 8, 99325).
cost(5, 9, 203671).
cost(5, 10, 195761).
cost(5, 11, 301988).
cost(5, 12, 376644).
cost(5, 13, 309251).
cost(5, 14, 130229).
cost(5, 15, 481516).
cost(5, 16, 330005).
cost(5, 17, 598846).
cost(5, 18, 124568).
cost(5, 19, 369862).
cost(5, 20, 308138).
cost(5, 21, 168370).
cost(5, 22, 125111).
cost(5, 23, 145175).
cost(5, 24, 113124).
cost(5, 25, 414108).
cost(5, 26, 158011).
cost(5, 27, 101107).
cost(5, 28, 267976).
cost(5, 29, 305136).
cost(6, 1, 275243).
cost(6, 2, 276593).
cost(6, 3, 338737).
cost(6, 4, 29101).
cost(6, 5, 121645).
cost(6, 7, 277286).
cost(6, 8, 173379).
cost(6, 9, 82178).
cost(6, 10, 210388).
cost(6, 11, 230028).
cost(6, 12, 334902).
cost(6, 13, 206153).
cost(6, 14, 121023).
cost(6, 15, 366197).
cost(6, 16, 351123).
cost(6, 17, 555377).
cost(6, 18, 167335).
cost(6, 19, 366274).
cost(6, 20, 189476).
cost(6, 21, 67124).
cost(6, 22, 31078).
cost(6, 23, 64501).
cost(6, 24, 49869).
cost(6, 25, 375431).
cost(6, 26, 279103).
cost(6, 27, 71226).
cost(6, 28, 246144).
cost(6, 29, 337017).
cost(7, 1, 174426).
cost(7, 2, 446177).
cost(7, 3, 63884).
cost(7, 4, 286782).
cost(7, 5, 260078).
cost(7, 6, 277286).
cost(7, 8, 168384).
cost(7, 9, 310611).
cost(7, 10, 68099).
cost(7, 11, 201735).
cost(7, 12, 174796).
cost(7, 13, 468404).
cost(7, 14, 156841).
cost(7, 15, 589548).
cost(7, 16, 74002).
cost(7, 17, 369242).
cost(7, 18, 135526).
cost(7, 19, 114704).
cost(7, 20, 419828).
cost(7, 21, 244507).
cost(7, 22, 306373).
cost(7, 23, 340417).
cost(7, 24, 315809).
cost(7, 25, 197493).
cost(7, 26, 331844).
cost(7, 27, 208484).
cost(7, 28, 85198).
cost(7, 29, 64569).
cost(8, 1, 276203).
cost(8, 2, 427383).
cost(8, 3, 212349).
cost(8, 4, 166224).
cost(8, 5, 99325).
cost(8, 6, 173379).
cost(8, 7, 168384).
cost(8, 9, 243158).
cost(8, 10, 112066).
cost(8, 11, 265169).
cost(8, 12, 309982).
cost(8, 13, 378981).
cost(8, 14, 93395).
cost(8, 15, 536752).
cost(8, 16, 234405).
cost(8, 17, 525874).
cost(8, 18, 41889).
cost(8, 19, 282108).
cost(8, 20, 358559).
cost(8, 21, 185578).
cost(8, 22, 192126).
cost(8, 23, 221585).
cost(8, 24, 190297).
cost(8, 25, 343528).
cost(8, 26, 178185).
cost(8, 27, 110769).
cost(8, 28, 197094).
cost(8, 29, 207431).
cost(9, 1, 258290).
cost(9, 2, 194431).
cost(9, 3, 374428).
cost(9, 4, 107843).
cost(9, 5, 203671).
cost(9, 6, 82178).
cost(9, 7, 310611).
cost(9, 8, 243158).
cost(9, 10, 249984).
cost(9, 11, 202843).
cost(9, 12, 323439).
cost(9, 13, 158597).
cost(9, 14, 168488).
cost(9, 15, 294470).
cost(9, 16, 381340).
cost(9, 17, 533323).
cost(9, 18, 226978).
cost(9, 19, 379998).
cost(9, 20, 116368).
cost(9, 21, 66662).
cost(9, 22, 90532).
cost(9, 23, 101562).
cost(9, 24, 113411).
cost(9, 25, 363749).
cost(9, 26, 361279).
cost(9, 27, 132505).
cost(9, 28, 258003).
cost(9, 29, 374362).
cost(10, 1, 176273).
cost(10, 2, 401540).
cost(10, 3, 128354).
cost(10, 4, 218877).
cost(10, 5, 195761).
cost(10, 6, 210388).
cost(10, 7, 68099).
cost(10, 8, 112066).
cost(10, 9, 249984).
cost(10, 11, 182520).
cost(10, 12, 200513).
cost(10, 13, 405903).
cost(10, 14, 89426).
cost(10, 15, 536523).
cost(10, 16, 141962).
cost(10, 17, 413882).
cost(10, 18, 73258).
cost(10, 19, 174115).
cost(10, 20, 362768).
cost(10, 21, 183323).
cost(10, 22, 238967).
cost(10, 23, 272934).
cost(10, 24, 247849).
cost(10, 25, 232327).
cost(10, 26, 287043).
cost(10, 27, 140766).
cost(10, 28, 88459).
cost(10, 29, 126841).
cost(11, 1, 59720).
cost(11, 2, 262597).
cost(11, 3, 255606).
cost(11, 4, 256070).
cost(11, 5, 301988).
cost(11, 6, 230028).
cost(11, 7, 201735).
cost(11, 8, 265169).
cost(11, 9, 202843).
cost(11, 10, 182520).
cost(11, 12, 125521).
cost(11, 13, 347111).
cost(11, 14, 178039).
cost(11, 15, 420629).
cost(11, 16, 248107).
cost(11, 17, 330844).
cost(11, 18, 225165).
cost(11, 19, 212597).
cost(11, 20, 275450).
cost(11, 21, 164020).
cost(11, 22, 258733).
cost(11, 23, 286496).
cost(11, 24, 279836).
cost(11, 25, 164143).
cost(11, 26, 439215).
cost(11, 27, 202327).
cost(11, 28, 117191).
cost(11, 29, 259687).
cost(12, 1, 66121).
cost(12, 2, 378881).
cost(12, 3, 200837).
cost(12, 4, 356947).
cost(12, 5, 376644).
cost(12, 6, 334902).
cost(12, 7, 174796).
cost(12, 8, 309982).
cost(12, 9, 323439).
cost(12, 10, 200513).
cost(12, 11, 125521).
cost(12, 13, 472093).
cost(12, 14, 246815).
cost(12, 15, 540740).
cost(12, 16, 181208).
cost(12, 17, 223220).
cost(12, 18, 268534).
cost(12, 19, 116190).
cost(12, 20, 400931).
cost(12, 21, 274423).
cost(12, 22, 365573).
cost(12, 23, 396659).
cost(12, 24, 383948).
cost(12, 25, 40708).
cost(12, 26, 487168).
cost(12, 27, 288324).
cost(12, 28, 112907).
cost(12, 29, 207742).
cost(13, 1, 405978).
cost(13, 2, 191185).
cost(13, 3, 532051).
cost(13, 4, 214462).
cost(13, 5, 309251).
cost(13, 6, 206153).
cost(13, 7, 468404).
cost(13, 8, 378981).
cost(13, 9, 158597).
cost(13, 10, 405903).
cost(13, 11, 347111).
cost(13, 12, 472093).
cost(13, 14, 320084).
cost(13, 15, 183404).
cost(13, 16, 539732).
cost(13, 17, 669026).
cost(13, 18, 372637).
cost(13, 19, 537453).
cost(13, 20, 83421).
cost(13, 21, 223926).
cost(13, 22, 188011).
cost(13, 23, 164095).
cost(13, 24, 196171).
cost(13, 25, 511235).
cost(13, 26, 450358).
cost(13, 27, 275314).
cost(13, 28, 415967).
cost(13, 29, 531643).
cost(14, 1, 200332).
cost(14, 2, 340182).
cost(14, 3, 217740).
cost(14, 4, 130231).
cost(14, 5, 130229).
cost(14, 6, 121023).
cost(14, 7, 156841).
cost(14, 8, 93395).
cost(14, 9, 168488).
cost(14, 10, 89426).
cost(14, 11, 178039).
cost(14, 12, 246815).
cost(14, 13, 320084).
cost(14, 15, 461530).
cost(14, 16, 230834).
cost(14, 17, 469591).
cost(14, 18, 62548).
cost(14, 19, 253249).
cost(14, 20, 284351).
cost(14, 21, 103521).
cost(14, 22, 149591).
cost(14, 23, 183603).
cost(14, 24, 159364).
cost(14, 25, 284899).
cost(14, 26, 261452).
cost(14, 27, 51770).
cost(14, 28, 140943).
cost(14, 29, 215999).
cost(15, 1, 478584).
cost(15, 2, 164052).
cost(15, 3, 652593).
cost(15, 4, 382214).
cost(15, 5, 481516).
cost(15, 6, 366197).
cost(15, 7, 589548).
cost(15, 8, 536752).
cost(15, 9, 294470).
cost(15, 10, 536523).
cost(15, 11, 420629).
cost(15, 12, 540740).
cost(15, 13, 183404).
cost(15, 14, 461530).
cost(15, 16, 653687).
cost(15, 17, 697502).
cost(15, 18, 521288).
cost(15, 19, 631841).
cost(15, 20, 178272).
cost(15, 21, 358015).
cost(15, 22, 356481).
cost(15, 23, 339497).
cost(15, 24, 369857).
cost(15, 25, 574176).
cost(15, 26, 629693).
cost(15, 27, 426634).
cost(15, 28, 519917).
cost(15, 29, 654056).
cost(16, 1, 206077).
cost(16, 2, 504679).
cost(16, 3, 27990).
cost(16, 4, 360769).
cost(16, 5, 330005).
cost(16, 6, 351123).
cost(16, 7, 74002).
cost(16, 8, 234405).
cost(16, 9, 381340).
cost(16, 10, 141962).
cost(16, 11, 248107).
cost(16, 12, 181208).
cost(16, 13, 539732).
cost(16, 14, 230834).
cost(16, 15, 653687).
cost(16, 17, 335928).
cost(16, 18, 205944).
cost(16, 19, 77307).
cost(16, 20, 487719).
cost(16, 21, 315952).
cost(16, 22, 380333).
cost(16, 23, 414387).
cost(16, 24, 389780).
cost(16, 25, 188885).
cost(16, 26, 384187).
cost(16, 27, 282486).
cost(16, 28, 134851).
cost(16, 29, 35912).
cost(17, 1, 280180).
cost(17, 2, 535060).
cost(17, 3, 363487).
cost(17, 4, 578672).
cost(17, 5, 598846).
cost(17, 6, 555377).
cost(17, 7, 369242).
cost(17, 8, 525874).
cost(17, 9, 533323).
cost(17, 10, 413882).
cost(17, 11, 330844).
cost(17, 12, 223220).
cost(17, 13, 669026).
cost(17, 14, 469591).
cost(17, 15, 697502).
cost(17, 16, 335928).
cost(17, 18, 485702).
cost(17, 19, 261059).
cost(17, 20, 590239).
cost(17, 21, 492165).
cost(17, 22, 585538).
cost(17, 23, 615293).
cost(17, 24, 604949).
cost(17, 25, 184752).
cost(17, 26, 699095).
cost(17, 27, 511492).
cost(17, 28, 331516).
cost(17, 29, 371525).
cost(18, 1, 234401).
cost(18, 2, 402689).
cost(18, 3, 186775).
cost(18, 4, 167344).
cost(18, 5, 124568).
cost(18, 6, 167335).
cost(18, 7, 135526).
cost(18, 8, 41889).
cost(18, 9, 226978).
cost(18, 10, 73258).
cost(18, 11, 225165).
cost(18, 12, 268534).
cost(18, 13, 372637).
cost(18, 14, 62548).
cost(18, 15, 521288).
cost(18, 16, 205944).
cost(18, 17, 485702).
cost(18, 19, 246611).
cost(18, 20, 343344).
cost(18, 21, 164200).
cost(18, 22, 191269).
cost(18, 23, 223584).
cost(18, 24, 194578).
cost(18, 25, 302644).
cost(18, 26, 220074).
cost(18, 27, 97383).
cost(18, 28, 155752).
cost(18, 29, 183009).
cost(19, 1, 159310).
cost(19, 2, 475191).
cost(19, 3, 103627).
cost(19, 4, 381347).
cost(19, 5, 369862).
cost(19, 6, 366274).
cost(19, 7, 114704).
cost(19, 8, 282108).
cost(19, 9, 379998).
cost(19, 10, 174115).
cost(19, 11, 212597).
cost(19, 12, 116190).
cost(19, 13, 537453).
cost(19, 14, 253249).
cost(19, 15, 631841).
cost(19, 16, 77307).
cost(19, 17, 261059).
cost(19, 18, 246611).
cost(19, 20, 476205).
cost(19, 21, 319093).
cost(19, 22, 397024).
cost(19, 23, 430775).
cost(19, 24, 410395).
cost(19, 25, 114872).
cost(19, 26, 445810).
cost(19, 27, 303860).
cost(19, 28, 122341).
cost(19, 29, 111628).
cost(20, 1, 335120).
cost(20, 2, 117492).
cost(20, 3, 483609).
cost(20, 4, 208149).
cost(20, 5, 308138).
cost(20, 6, 189476).
cost(20, 7, 419828).
cost(20, 8, 358559).
cost(20, 9, 116368).
cost(20, 10, 362768).
cost(20, 11, 275450).
cost(20, 12, 400931).
cost(20, 13, 83421).
cost(20, 14, 284351).
cost(20, 15, 178272).
cost(20, 16, 487719).
cost(20, 17, 590239).
cost(20, 18, 343344).
cost(20, 19, 476205).
cost(20, 21, 181159).
cost(20, 22, 183663).
cost(20, 23, 173514).
cost(20, 24, 200441).
cost(20, 25, 438855).
cost(20, 26, 461457).
cost(20, 27, 248362).
cost(20, 28, 357669).
cost(20, 29, 484283).
cost(21, 1, 212285).
cost(21, 2, 242004).
cost(21, 3, 308223).
cost(21, 4, 95083).
cost(21, 5, 168370).
cost(21, 6, 67124).
cost(21, 7, 244507).
cost(21, 8, 185578).
cost(21, 9, 66662).
cost(21, 10, 183323).
cost(21, 11, 164020).
cost(21, 12, 274423).
cost(21, 13, 223926).
cost(21, 14, 103521).
cost(21, 15, 358015).
cost(21, 16, 315952).
cost(21, 17, 492165).
cost(21, 18, 164200).
cost(21, 19, 319093).
cost(21, 20, 181159).
cost(21, 22, 94756).
cost(21, 23, 123135).
cost(21, 24, 116374).
cost(21, 25, 315131).
cost(21, 26, 324559).
cost(21, 27, 76904).
cost(21, 28, 196776).
cost(21, 29, 307992).
cost(22, 1, 305357).
cost(22, 2, 280688).
cost(22, 3, 367141).
cost(22, 4, 26466).
cost(22, 5, 125111).
cost(22, 6, 31078).
cost(22, 7, 306373).
cost(22, 8, 192126).
cost(22, 9, 90532).
cost(22, 10, 238967).
cost(22, 11, 258733).
cost(22, 12, 365573).
cost(22, 13, 188011).
cost(22, 14, 149591).
cost(22, 15, 356481).
cost(22, 16, 380333).
cost(22, 17, 585538).
cost(22, 18, 191269).
cost(22, 19, 397024).
cost(22, 20, 183663).
cost(22, 21, 94756).
cost(22, 23, 34090).
cost(22, 24, 23589).
cost(22, 25, 406149).
cost(22, 26, 278151).
cost(22, 27, 98386).
cost(22, 28, 277146).
cost(22, 29, 365134).
cost(23, 1, 335316).
cost(23, 2, 279372).
cost(23, 3, 401030).
cost(23, 4, 56278).
cost(23, 5, 145175).
cost(23, 6, 64501).
cost(23, 7, 340417).
cost(23, 8, 221585).
cost(23, 9, 101562).
cost(23, 10, 272934).
cost(23, 11, 286496).
cost(23, 12, 396659).
cost(23, 13, 164095).
cost(23, 14, 183603).
cost(23, 15, 339497).
cost(23, 16, 414387).
cost(23, 17, 615293).
cost(23, 18, 223584).
cost(23, 19, 430775).
cost(23, 20, 173514).
cost(23, 21, 123135).
cost(23, 22, 34090).
cost(23, 24, 32343).
cost(23, 25, 437324).
cost(23, 26, 290430).
cost(23, 27, 132236).
cost(23, 28, 310499).
cost(23, 29, 398940).
cost(24, 1, 324897).
cost(24, 2, 301268).
cost(24, 3, 375181).
cost(24, 4, 29167).
cost(24, 5, 113124).
cost(24, 6, 49869).
cost(24, 7, 315809).
cost(24, 8, 190297).
cost(24, 9, 113411).
cost(24, 10, 247849).
cost(24, 11, 279836).
cost(24, 12, 383948).
cost(24, 13, 196171).
cost(24, 14, 159364).
cost(24, 15, 369857).
cost(24, 16, 389780).
cost(24, 17, 604949).
cost(24, 18, 194578).
cost(24, 19, 410395).
cost(24, 20, 200441).
cost(24, 21, 116374).
cost(24, 22, 23589).
cost(24, 23, 32343).
cost(24, 25, 424371).
cost(24, 26, 261272).
cost(24, 27, 107609).
cost(24, 28, 292062).
cost(24, 29, 372709).
cost(25, 1, 105685).
cost(25, 2, 411160).
cost(25, 3, 212133).
cost(25, 4, 397220).
cost(25, 5, 414108).
cost(25, 6, 375431).
cost(25, 7, 197493).
cost(25, 8, 343528).
cost(25, 9, 363749).
cost(25, 10, 232327).
cost(25, 11, 164143).
cost(25, 12, 40708).
cost(25, 13, 511235).
cost(25, 14, 284899).
cost(25, 15, 574176).
cost(25, 16, 188885).
cost(25, 17, 184752).
cost(25, 18, 302644).
cost(25, 19, 114872).
cost(25, 20, 438855).
cost(25, 21, 315131).
cost(25, 22, 406149).
cost(25, 23, 437324).
cost(25, 24, 424371).
cost(25, 26, 519284).
cost(25, 27, 327708).
cost(25, 28, 147325).
cost(25, 29, 219680).
cost(26, 1, 454182).
cost(26, 2, 555689).
cost(26, 3, 357566).
cost(26, 4, 255188).
cost(26, 5, 158011).
cost(26, 6, 279103).
cost(26, 7, 331844).
cost(26, 8, 178185).
cost(26, 9, 361279).
cost(26, 10, 287043).
cost(26, 11, 439215).
cost(26, 12, 487168).
cost(26, 13, 450358).
cost(26, 14, 261452).
cost(26, 15, 629693).
cost(26, 16, 384187).
cost(26, 17, 699095).
cost(26, 18, 220074).
cost(26, 19, 445810).
cost(26, 20, 461457).
cost(26, 21, 324559).
cost(26, 22, 278151).
cost(26, 23, 290430).
cost(26, 24, 261272).
cost(26, 25, 519284).
cost(26, 27, 251512).
cost(26, 28, 374344).
cost(26, 29, 350614).
cost(27, 1, 235585).
cost(27, 2, 318501).
cost(27, 3, 268794).
cost(27, 4, 78465).
cost(27, 5, 101107).
cost(27, 6, 71226).
cost(27, 7, 208484).
cost(27, 8, 110769).
cost(27, 9, 132505).
cost(27, 10, 140766).
cost(27, 11, 202327).
cost(27, 12, 288324).
cost(27, 13, 275314).
cost(27, 14, 51770).
cost(27, 15, 426634).
cost(27, 16, 282486).
cost(27, 17, 511492).
cost(27, 18, 97383).
cost(27, 19, 303860).
cost(27, 20, 248362).
cost(27, 21, 76904).
cost(27, 22, 98386).
cost(27, 23, 132236).
cost(27, 24, 107609).
cost(27, 25, 327708).
cost(27, 26, 251512).
cost(27, 28, 188204).
cost(27, 29, 266748).
cost(28, 1, 92168).
cost(28, 2, 369831).
cost(28, 3, 139155).
cost(28, 4, 263400).
cost(28, 5, 267976).
cost(28, 6, 246144).
cost(28, 7, 85198).
cost(28, 8, 197094).
cost(28, 9, 258003).
cost(28, 10, 88459).
cost(28, 11, 117191).
cost(28, 12, 112907).
cost(28, 13, 415967).
cost(28, 14, 140943).
cost(28, 15, 519917).
cost(28, 16, 134851).
cost(28, 17, 331516).
cost(28, 18, 155752).
cost(28, 19, 122341).
cost(28, 20, 357669).
cost(28, 21, 196776).
cost(28, 22, 277146).
cost(28, 23, 310499).
cost(28, 24, 292062).
cost(28, 25, 147325).
cost(28, 26, 374344).
cost(28, 27, 188204).
cost(28, 29, 142830).
cost(29, 1, 223998).
cost(29, 2, 509602).
cost(29, 3, 8040).
cost(29, 4, 344066).
cost(29, 5, 305136).
cost(29, 6, 337017).
cost(29, 7, 64569).
cost(29, 8, 207431).
cost(29, 9, 374362).
cost(29, 10, 126841).
cost(29, 11, 259687).
cost(29, 12, 207742).
cost(29, 13, 531643).
cost(29, 14, 215999).
cost(29, 15, 654056).
cost(29, 16, 35912).
cost(29, 17, 371525).
cost(29, 18, 183009).
cost(29, 19, 111628).
cost(29, 20, 484283).
cost(29, 21, 307992).
cost(29, 22, 365134).
cost(29, 23, 398940).
cost(29, 24, 372709).
cost(29, 25, 219680).
cost(29, 26, 350614).
cost(29, 27, 266748).
cost(29, 28, 142830).
nocross(1,3).
nocross(1,11).
nocross(1,14).
nocross(1,18).
nocross(1,19).
nocross(1,29).
nocross(2,9).
nocross(2,11).
nocross(2,15).
nocross(2,20).
nocross(3,7).
nocross(3,8).
nocross(3,10).
nocross(3,14).
nocross(3,18).
nocross(3,29).
nocross(4,5).
nocross(4,6).
nocross(4,8).
nocross(4,14).
nocross(4,18).
nocross(4,21).
nocross(4,27).
nocross(5,3).
nocross(5,8).
nocross(5,14).
nocross(5,18).
nocross(5,26).
nocross(5,27).
nocross(5,29).
nocross(6,9).
nocross(6,11).
nocross(6,13).
nocross(6,14).
nocross(6,21).
nocross(6,27).
nocross(7,3).
nocross(7,8).
nocross(7,10).
nocross(7,11).
nocross(7,14).
nocross(7,18).
nocross(7,28).
nocross(7,29).
nocross(8,3).
nocross(8,5).
nocross(8,14).
nocross(8,18).
nocross(8,26).
nocross(8,29).
nocross(9,1).
nocross(9,2).
nocross(9,11).
nocross(9,14).
nocross(9,15).
nocross(9,21).
nocross(10,3).
nocross(10,7).
nocross(10,11).
nocross(10,14).
nocross(10,18).
nocross(10,29).
nocross(12,1).
nocross(12,3).
nocross(12,14).
nocross(12,18).
nocross(12,19).
nocross(12,21).
nocross(12,29).
nocross(14,1).
nocross(14,8).
nocross(14,10).
nocross(14,18).
nocross(14,21).
nocross(14,25).
nocross(14,29).
nocross(15,13).
nocross(16,1).
nocross(16,3).
nocross(16,7).
nocross(16,8).
nocross(16,10).
nocross(16,14).
nocross(16,18).
nocross(16,19).
nocross(16,28).
nocross(16,29).
nocross(17,25).
nocross(18,3).
nocross(18,7).
nocross(18,8).
nocross(18,10).
nocross(18,14).
nocross(18,27).
nocross(18,29).
nocross(19,1).
nocross(19,3).
nocross(19,7).
nocross(19,10).
nocross(19,14).
nocross(19,16).
nocross(19,28).
nocross(19,29).
nocross(20,1).
nocross(20,2).
nocross(20,6).
nocross(20,9).
nocross(20,11).
nocross(20,15).
nocross(20,21).
nocross(20,23).
nocross(21,1).
nocross(21,6).
nocross(21,9).
nocross(21,10).
nocross(21,11).
nocross(21,14).
nocross(21,27).
nocross(22,6).
nocross(22,9).
nocross(22,13).
nocross(22,14).
nocross(22,27).
nocross(23,9).
nocross(23,13).
nocross(23,24).
nocross(23,26).
nocross(23,27).
nocross(24,4).
nocross(24,5).
nocross(24,6).
nocross(24,8).
nocross(24,13).
nocross(24,18).
nocross(24,23).
nocross(24,26).
nocross(26,3).
nocross(26,5).
nocross(26,8).
nocross(26,13).
nocross(26,18).
nocross(26,29).
nocross(27,1).
nocross(27,8).
nocross(27,9).
nocross(27,10).
nocross(27,11).
nocross(27,14).
nocross(27,18).
nocross(27,21).
nocross(27,29).
nocross(28,1).
nocross(28,3).
nocross(28,10).
nocross(28,11).
nocross(28,14).
nocross(28,18).
nocross(28,21).
nocross(28,27).
nocross(28,29).
nocross(29,1).
nocross(29,3).
nocross(29,10).
nocross(29,14).
nocross(29,18).
