dimension(29).
point(1, 93442.0, 190832.0).
point(2, 2398.0, 28748.0).
point(3, -169021.0, -83893.0).
point(4, 120783.0, 223347.0).
point(5, -274896.0, -213247.0).
point(6, -37834.0, 99432.0).
point(7, -12581.0, 368265.0).
point(8, 258489.0, 143336.0).
point(9, 145355.0, 197390.0).
point(10, 103585.0, -9459.0).
point(11, 229008.0, -14682.0).
point(12, 279614.0, 231535.0).
point(13, 112900.0, -184328.0).
point(14, 80520.0, -19947.0).
point(15, -242697.0, 262655.0).
point(16, 350383.0, 513487.0).
point(17, -284547.0, -169790.0).
point(18, 165618.0, -12468.0).
point(19, -130580.0, -296918.0).
point(20, 54391.0, 13837.0).
point(21, 380970.0, -65126.0).
point(22, 123693.0, -173304.0).
point(23, -20540.0, -8612.0).
point(24, 75669.0, -1405.0).
point(25, -83294.0, 218474.0).
point(26, -153709.0, -169439.0).
point(27, -60444.0, 14711.0).
point(28, 215333.0, 308636.0).
point(29, -53750.0, 217021.0).
cost(1, 2, 185904).
cost(1, 3, 379948).
cost(1, 4, 42482).
cost(1, 5, 546766).
cost(1, 6, 159960).
cost(1, 7, 206696).
cost(1, 8, 171745).
cost(1, 9, 52326).
cost(1, 10, 200548).
cost(1, 11, 246199).
cost(1, 12, 190570).
cost(1, 13, 375664).
cost(1, 14, 211175).
cost(1, 15, 343727).
cost(1, 16, 412462).
cost(1, 17, 522421).
cost(1, 18, 215732).
cost(1, 19, 536736).
cost(1, 20, 181252).
cost(1, 21, 384950).
cost(1, 22, 365390).
cost(1, 23, 229717).
cost(1, 24, 193057).
cost(1, 25, 178885).
cost(1, 26, 436897).
cost(1, 27, 233879).
cost(1, 28, 169515).
cost(1, 29, 149504).
cost(2, 1, 185904).
cost(2, 3, 205116).
cost(2, 4, 227780).
cost(2, 5, 368040).
cost(2, 6, 81332).
cost(2, 7, 339847).
cost(2, 8, 280558).
cost(2, 9, 221081).
cost(2, 10, 108160).
cost(2, 11, 230734).
cost(2, 12, 343469).
cost(2, 13, 240025).
cost(2, 14, 92056).
cost(2, 15, 338798).
cost(2, 16, 596712).
cost(2, 17, 348934).
cost(2, 18, 168343).
cost(2, 19, 351769).
cost(2, 20, 54089).
cost(2, 21, 390037).
cost(2, 22, 235664).
cost(2, 23, 43840).
cost(2, 24, 79233).
cost(2, 25, 208180).
cost(2, 26, 252285).
cost(2, 27, 64391).
cost(2, 28, 351680).
cost(2, 29, 196467).
cost(3, 1, 379948).
cost(3, 2, 205116).
cost(3, 4, 422354).
cost(3, 5, 167159).
cost(3, 6, 225429).
cost(3, 7, 478456).
cost(3, 8, 484146).
cost(3, 9, 421844).
cost(3, 10, 282585).
cost(3, 11, 404002).
cost(3, 12, 548423).
cost(3, 13, 299277).
cost(3, 14, 257604).
cost(3, 15, 354293).
cost(3, 16, 791608).
cost(3, 17, 143960).
cost(3, 18, 342177).
cost(3, 19, 216466).
cost(3, 20, 243853).
cost(3, 21, 550311).
cost(3, 22, 306065).
cost(3, 23, 166475).
cost(3, 24, 258220).
cost(3, 25, 314285).
cost(3, 26, 86906).
cost(3, 27, 146669).
cost(3, 28, 549370).
cost(3, 29, 322237).
cost(4, 1, 42482).
cost(4, 2, 227780).
cost(4, 3, 422354).
cost(4, 5, 589217).
cost(4, 6, 201282).
cost(4, 7, 196945).
cost(4, 8, 159263).
cost(4, 9, 35743).
cost(4, 10, 233440).
cost(4, 11, 261477).
cost(4, 12, 159042).
cost(4, 13, 407751).
cost(4, 14, 246603).
cost(4, 15, 365599).
cost(4, 16, 369996).
cost(4, 17, 564667).
cost(4, 18, 240039).
cost(4, 19, 577805).
cost(4, 20, 219778).
cost(4, 21, 388476).
cost(4, 22, 396662).
cost(4, 23, 271620).
cost(4, 24, 229235).
cost(4, 25, 204135).
cost(4, 26, 479194).
cost(4, 27, 276355).
cost(4, 28, 127334).
cost(4, 29, 174648).
cost(5, 1, 546766).
cost(5, 2, 368040).
cost(5, 3, 167159).
cost(5, 4, 589217).
cost(5, 6, 392386).
cost(5, 7, 637938).
cost(5, 8, 641600).
cost(5, 9, 587566).
cost(5, 10, 429857).
cost(5, 11, 541615).
cost(5, 12, 710853).
cost(5, 13, 388873).
cost(5, 14, 404581).
cost(5, 15, 476990).
cost(5, 16, 958705).
cost(5, 17, 44516).
cost(5, 18, 484112).
cost(5, 19, 166817).
cost(5, 20, 399996).
cost(5, 21, 672384).
cost(5, 22, 400585).
cost(5, 23, 326454).
cost(5, 24, 409601).
cost(5, 25, 472329).
cost(5, 26, 128862).
cost(5, 27, 312977).
cost(5, 28, 716021).
cost(5, 29, 483773).
cost(6, 1, 159960).
cost(6, 2, 81332).
cost(6, 3, 225429).
cost(6, 4, 201282).
cost(6, 5, 392386).
cost(6, 7, 270016).
cost(6, 8, 299558).
cost(6, 9, 207735).
cost(6, 10, 178484).
cost(6, 11, 290218).
cost(6, 12, 343838).
cost(6, 13, 321311).
cost(6, 14, 168104).
cost(6, 15, 261936).
cost(6, 16, 567586).
cost(6, 17, 365168).
cost(6, 18, 232195).
cost(6, 19, 407057).
cost(6, 20, 125825).
cost(6, 21, 449973).
cost(6, 22, 316979).
cost(6, 23, 109419).
cost(6, 24, 151826).
cost(6, 25, 127427).
cost(6, 26, 292777).
cost(6, 27, 87686).
cost(6, 28, 328420).
cost(6, 29, 118661).
cost(7, 1, 206696).
cost(7, 2, 339847).
cost(7, 3, 478456).
cost(7, 4, 196945).
cost(7, 5, 637938).
cost(7, 6, 270016).
cost(7, 8, 352239).
cost(7, 9, 232684).
cost(7, 10, 395183).
cost(7, 11, 452784).
cost(7, 12, 322603).
cost(7, 13, 566661).
cost(7, 14, 399220).
cost(7, 15, 253193).
cost(7, 16, 390938).
cost(7, 17, 602884).
cost(7, 18, 420372).
cost(7, 19, 675568).
cost(7, 20, 360700).
cost(7, 21, 585415).
cost(7, 22, 558451).
cost(7, 23, 376961).
cost(7, 24, 380058).
cost(7, 25, 165643).
cost(7, 26, 555916).
cost(7, 27, 356779).
cost(7, 28, 235585).
cost(7, 29, 156747).
cost(8, 1, 171745).
cost(8, 2, 280558).
cost(8, 3, 484146).
cost(8, 4, 159263).
cost(8, 5, 641600).
cost(8, 6, 299558).
cost(8, 7, 352239).
cost(8, 9, 125384).
cost(8, 10, 217581).
cost(8, 11, 160745).
cost(8, 12, 90694).
cost(8, 13, 358552).
cost(8, 14, 241525).
cost(8, 15, 515194).
cost(8, 16, 381387).
cost(8, 17, 626846).
cost(8, 18, 181383).
cost(8, 19, 587536).
cost(8, 20, 241715).
cost(8, 21, 241781).
cost(8, 22, 344138).
cost(8, 23, 317719).
cost(8, 24, 233180).
cost(8, 25, 349945).
cost(8, 26, 517432).
cost(8, 27, 343893).
cost(8, 28, 170841).
cost(8, 29, 320816).
cost(9, 1, 52326).
cost(9, 2, 221081).
cost(9, 3, 421844).
cost(9, 4, 35743).
cost(9, 5, 587566).
cost(9, 6, 207735).
cost(9, 7, 232684).
cost(9, 8, 125384).
cost(9, 10, 211024).
cost(9, 11, 227974).
cost(9, 12, 138533).
cost(9, 13, 383095).
cost(9, 14, 226802).
cost(9, 15, 393502).
cost(9, 16, 376768).
cost(9, 17, 565364).
cost(9, 18, 210834).
cost(9, 19, 566110).
cost(9, 20, 204856).
cost(9, 21, 352745).
cost(9, 22, 371326).
cost(9, 23, 264496).
cost(9, 24, 210655).
cost(9, 25, 229619).
cost(9, 26, 473289).
cost(9, 27, 275181).
cost(9, 28, 131425).
cost(9, 29, 200070).
cost(10, 1, 200548).
cost(10, 2, 108160).
cost(10, 3, 282585).
cost(10, 4, 233440).
cost(10, 5, 429857).
cost(10, 6, 178484).
cost(10, 7, 395183).
cost(10, 8, 217581).
cost(10, 9, 211024).
cost(10, 11, 125532).
cost(10, 12, 298436).
cost(10, 13, 175117).
cost(10, 14, 25338).
cost(10, 15, 440406).
cost(10, 16, 578258).
cost(10, 17, 419943).
cost(10, 18, 62106).
cost(10, 19, 370764).
cost(10, 20, 54431).
cost(10, 21, 282916).
cost(10, 22, 165074).
cost(10, 23, 124128).
cost(10, 24, 29055).
cost(10, 25, 294749).
cost(10, 26, 302975).
cost(10, 27, 165800).
cost(10, 28, 337153).
cost(10, 29, 275767).
cost(11, 1, 246199).
cost(11, 2, 230734).
cost(11, 3, 404002).
cost(11, 4, 261477).
cost(11, 5, 541615).
cost(11, 6, 290218).
cost(11, 7, 452784).
cost(11, 8, 160745).
cost(11, 9, 227974).
cost(11, 10, 125532).
cost(11, 12, 251364).
cost(11, 13, 205574).
cost(11, 14, 148581).
cost(11, 15, 547194).
cost(11, 16, 541936).
cost(11, 17, 536467).
cost(11, 18, 63429).
cost(11, 19, 457122).
cost(11, 20, 176931).
cost(11, 21, 160116).
cost(11, 22, 190400).
cost(11, 23, 249622).
cost(11, 24, 153913).
cost(11, 25, 389736).
cost(11, 26, 412822).
cost(11, 27, 290941).
cost(11, 28, 323607).
cost(11, 29, 365566).
cost(12, 1, 190570).
cost(12, 2, 343469).
cost(12, 3, 548423).
cost(12, 4, 159042).
cost(12, 5, 710853).
cost(12, 6, 343838).
cost(12, 7, 322603).
cost(12, 8, 90694).
cost(12, 9, 138533).
cost(12, 10, 298436).
cost(12, 11, 251364).
cost(12, 13, 448035).
cost(12, 14, 320752).
cost(12, 15, 523237).
cost(12, 16, 290698).
cost(12, 17, 692343).
cost(12, 18, 269319).
cost(12, 19, 668971).
cost(12, 20, 313238).
cost(12, 21, 313498).
cost(12, 22, 433827).
cost(12, 23, 384400).
cost(12, 24, 309604).
cost(12, 25, 363143).
cost(12, 26, 590380).
cost(12, 27, 403301).
cost(12, 28, 100382).
cost(12, 29, 333680).
cost(13, 1, 375664).
cost(13, 2, 240025).
cost(13, 3, 299277).
cost(13, 4, 407751).
cost(13, 5, 388873).
cost(13, 6, 321311).
cost(13, 7, 566661).
cost(13, 8, 358552).
cost(13, 9, 383095).
cost(13, 10, 175117).
cost(13, 11, 205574).
cost(13, 12, 448035).
cost(13, 14, 167540).
cost(13, 15, 571177).
cost(13, 16, 737119).
cost(13, 17, 397713).
cost(13, 18, 179764).
cost(13, 19, 268252).
cost(13, 20, 206622).
cost(13, 21, 293378).
cost(13, 22, 15428).
cost(13, 23, 220641).
cost(13, 24, 186673).
cost(13, 25, 448042).
cost(13, 26, 267024).
cost(13, 27, 263941).
cost(13, 28, 503494).
cost(13, 29, 434572).
cost(14, 1, 211175).
cost(14, 2, 92056).
cost(14, 3, 257604).
cost(14, 4, 246603).
cost(14, 5, 404581).
cost(14, 6, 168104).
cost(14, 7, 399220).
cost(14, 8, 241525).
cost(14, 9, 226802).
cost(14, 10, 25338).
cost(14, 11, 148581).
cost(14, 12, 320752).
cost(14, 13, 167540).
cost(14, 15, 429340).
cost(14, 16, 597811).
cost(14, 17, 394622).
cost(14, 18, 85426).
cost(14, 19, 348247).
cost(14, 20, 42709).
cost(14, 21, 303828).
cost(14, 22, 159318).
cost(14, 23, 101694).
cost(14, 24, 19166).
cost(14, 25, 289274).
cost(14, 26, 277869).
cost(14, 27, 145162).
cost(14, 28, 355164).
cost(14, 29, 272364).
cost(15, 1, 343727).
cost(15, 2, 338798).
cost(15, 3, 354293).
cost(15, 4, 365599).
cost(15, 5, 476990).
cost(15, 6, 261936).
cost(15, 7, 253193).
cost(15, 8, 515194).
cost(15, 9, 393502).
cost(15, 10, 440406).
cost(15, 11, 547194).
cost(15, 12, 523237).
cost(15, 13, 571177).
cost(15, 14, 429340).
cost(15, 16, 643941).
cost(15, 17, 434465).
cost(15, 18, 492355).
cost(15, 19, 570694).
cost(15, 20, 387520).
cost(15, 21, 704557).
cost(15, 22, 569475).
cost(15, 23, 350627).
cost(15, 24, 413624).
cost(15, 25, 165412).
cost(15, 26, 441162).
cost(15, 27, 307721).
cost(15, 28, 460332).
cost(15, 29, 194380).
cost(16, 1, 412462).
cost(16, 2, 596712).
cost(16, 3, 791608).
cost(16, 4, 369996).
cost(16, 5, 958705).
cost(16, 6, 567586).
cost(16, 7, 390938).
cost(16, 8, 381387).
cost(16, 9, 376768).
cost(16, 10, 578258).
cost(16, 11, 541936).
cost(16, 12, 290698).
cost(16, 13, 737119).
cost(16, 14, 597811).
cost(16, 15, 643941).
cost(16, 17, 932740).
cost(16, 18, 557465).
cost(16, 19, 942381).
cost(16, 20, 580742).
cost(16, 21, 579421).
cost(16, 22, 723236).
cost(16, 23, 640446).
cost(16, 24, 583594).
cost(16, 25, 524508).
cost(16, 26, 848821).
cost(16, 27, 646186).
cost(16, 28, 245362).
cost(16, 29, 501214).
cost(17, 1, 522421).
cost(17, 2, 348934).
cost(17, 3, 143960).
cost(17, 4, 564667).
cost(17, 5, 44516).
cost(17, 6, 365168).
cost(17, 7, 602884).
cost(17, 8, 626846).
cost(17, 9, 565364).
cost(17, 10, 419943).
cost(17, 11, 536467).
cost(17, 12, 692343).
cost(17, 13, 397713).
cost(17, 14, 394622).
cost(17, 15, 434465).
cost(17, 16, 932740).
cost(17, 18, 476863).
cost(17, 19, 199668).
cost(17, 20, 385484).
cost(17, 21, 673697).
cost(17, 22, 408255).
cost(17, 23, 309319).
cost(17, 24, 397629).
cost(17, 25, 437323).
cost(17, 26, 130838).
cost(17, 27, 290281).
cost(17, 28, 691933).
cost(17, 29, 450433).
cost(18, 1, 215732).
cost(18, 2, 168343).
cost(18, 3, 342177).
cost(18, 4, 240039).
cost(18, 5, 484112).
cost(18, 6, 232195).
cost(18, 7, 420372).
cost(18, 8, 181383).
cost(18, 9, 210834).
cost(18, 10, 62106).
cost(18, 11, 63429).
cost(18, 12, 269319).
cost(18, 13, 179764).
cost(18, 14, 85426).
cost(18, 15, 492355).
cost(18, 16, 557465).
cost(18, 17, 476863).
cost(18, 19, 410664).
cost(18, 20, 114295).
cost(18, 21, 221697).
cost(18, 22, 166210).
cost(18, 23, 186198).
cost(18, 24, 90627).
cost(18, 25, 339546).
cost(18, 26, 355822).
cost(18, 27, 227690).
cost(18, 28, 324930).
cost(18, 29, 317471).
cost(19, 1, 536736).
cost(19, 2, 351769).
cost(19, 3, 216466).
cost(19, 4, 577805).
cost(19, 5, 166817).
cost(19, 6, 407057).
cost(19, 7, 675568).
cost(19, 8, 587536).
cost(19, 9, 566110).
cost(19, 10, 370764).
cost(19, 11, 457122).
cost(19, 12, 668971).
cost(19, 13, 268252).
cost(19, 14, 348247).
cost(19, 15, 570694).
cost(19, 16, 942381).
cost(19, 17, 199668).
cost(19, 18, 410664).
cost(19, 20, 361639).
cost(19, 21, 561615).
cost(19, 22, 282728).
cost(19, 23, 308592).
cost(19, 24, 360370).
cost(19, 25, 517557).
cost(19, 26, 129560).
cost(19, 27, 319424).
cost(19, 28, 697389).
cost(19, 29, 519650).
cost(20, 1, 181252).
cost(20, 2, 54089).
cost(20, 3, 243853).
cost(20, 4, 219778).
cost(20, 5, 399996).
cost(20, 6, 125825).
cost(20, 7, 360700).
cost(20, 8, 241715).
cost(20, 9, 204856).
cost(20, 10, 54431).
cost(20, 11, 176931).
cost(20, 12, 313238).
cost(20, 13, 206622).
cost(20, 14, 42709).
cost(20, 15, 387520).
cost(20, 16, 580742).
cost(20, 17, 385484).
cost(20, 18, 114295).
cost(20, 19, 361639).
cost(20, 21, 335990).
cost(20, 22, 199561).
cost(20, 23, 78222).
cost(20, 24, 26174).
cost(20, 25, 246644).
cost(20, 26, 277301).
cost(20, 27, 114838).
cost(20, 28, 335870).
cost(20, 29, 230170).
cost(21, 1, 384950).
cost(21, 2, 390037).
cost(21, 3, 550311).
cost(21, 4, 388476).
cost(21, 5, 672384).
cost(21, 6, 449973).
cost(21, 7, 585415).
cost(21, 8, 241781).
cost(21, 9, 352745).
cost(21, 10, 282916).
cost(21, 11, 160116).
cost(21, 12, 313498).
cost(21, 13, 293378).
cost(21, 14, 303828).
cost(21, 15, 704557).
cost(21, 16, 579421).
cost(21, 17, 673697).
cost(21, 18, 221697).
cost(21, 19, 561615).
cost(21, 20, 335990).
cost(21, 22, 279095).
cost(21, 23, 405468).
cost(21, 24, 311880).
cost(21, 25, 544031).
cost(21, 26, 544759).
cost(21, 27, 448576).
cost(21, 28, 408820).
cost(21, 29, 518255).
cost(22, 1, 365390).
cost(22, 2, 235664).
cost(22, 3, 306065).
cost(22, 4, 396662).
cost(22, 5, 400585).
cost(22, 6, 316979).
cost(22, 7, 558451).
cost(22, 8, 344138).
cost(22, 9, 371326).
cost(22, 10, 165074).
cost(22, 11, 190400).
cost(22, 12, 433827).
cost(22, 13, 15428).
cost(22, 14, 159318).
cost(22, 15, 569475).
cost(22, 16, 723236).
cost(22, 17, 408255).
cost(22, 18, 166210).
cost(22, 19, 282728).
cost(22, 20, 199561).
cost(22, 21, 279095).
cost(22, 23, 218921).
cost(22, 24, 178481).
cost(22, 25, 443095).
cost(22, 26, 277429).
cost(22, 27, 263165).
cost(22, 28, 490575).
cost(22, 29, 428765).
cost(23, 1, 229717).
cost(23, 2, 43840).
cost(23, 3, 166475).
cost(23, 4, 271620).
cost(23, 5, 326454).
cost(23, 6, 109419).
cost(23, 7, 376961).
cost(23, 8, 317719).
cost(23, 9, 264496).
cost(23, 10, 124128).
cost(23, 11, 249622).
cost(23, 12, 384400).
cost(23, 13, 220641).
cost(23, 14, 101694).
cost(23, 15, 350627).
cost(23, 16, 640446).
cost(23, 17, 309319).
cost(23, 18, 186198).
cost(23, 19, 308592).
cost(23, 20, 78222).
cost(23, 21, 405468).
cost(23, 22, 218921).
cost(23, 24, 96479).
cost(23, 25, 235597).
cost(23, 26, 208804).
cost(23, 27, 46220).
cost(23, 28, 395326).
cost(23, 29, 228064).
cost(24, 1, 193057).
cost(24, 2, 79233).
cost(24, 3, 258220).
cost(24, 4, 229235).
cost(24, 5, 409601).
cost(24, 6, 151826).
cost(24, 7, 380058).
cost(24, 8, 233180).
cost(24, 9, 210655).
cost(24, 10, 29055).
cost(24, 11, 153913).
cost(24, 12, 309604).
cost(24, 13, 186673).
cost(24, 14, 19166).
cost(24, 15, 413624).
cost(24, 16, 583594).
cost(24, 17, 397629).
cost(24, 18, 90627).
cost(24, 19, 360370).
cost(24, 20, 26174).
cost(24, 21, 311880).
cost(24, 22, 178481).
cost(24, 23, 96479).
cost(24, 25, 271323).
cost(24, 26, 284341).
cost(24, 27, 137064).
cost(24, 28, 340046).
cost(24, 29, 253888).
cost(25, 1, 178885).
cost(25, 2, 208180).
cost(25, 3, 314285).
cost(25, 4, 204135).
cost(25, 5, 472329).
cost(25, 6, 127427).
cost(25, 7, 165643).
cost(25, 8, 349945).
cost(25, 9, 229619).
cost(25, 10, 294749).
cost(25, 11, 389736).
cost(25, 12, 363143).
cost(25, 13, 448042).
cost(25, 14, 289274).
cost(25, 15, 165412).
cost(25, 16, 524508).
cost(25, 17, 437323).
cost(25, 18, 339546).
cost(25, 19, 517557).
cost(25, 20, 246644).
cost(25, 21, 544031).
cost(25, 22, 443095).
cost(25, 23, 235597).
cost(25, 24, 271323).
cost(25, 26, 394252).
cost(25, 27, 205040).
cost(25, 28, 311941).
cost(25, 29, 29580).
cost(26, 1, 436897).
cost(26, 2, 252285).
cost(26, 3, 86906).
cost(26, 4, 479194).
cost(26, 5, 128862).
cost(26, 6, 292777).
cost(26, 7, 555916).
cost(26, 8, 517432).
cost(26, 9, 473289).
cost(26, 10, 302975).
cost(26, 11, 412822).
cost(26, 12, 590380).
cost(26, 13, 267024).
cost(26, 14, 277869).
cost(26, 15, 441162).
cost(26, 16, 848821).
cost(26, 17, 130838).
cost(26, 18, 355822).
cost(26, 19, 129560).
cost(26, 20, 277301).
cost(26, 21, 544759).
cost(26, 22, 277429).
cost(26, 23, 208804).
cost(26, 24, 284341).
cost(26, 25, 394252).
cost(26, 27, 206421).
cost(26, 28, 603943).
cost(26, 29, 399178).
cost(27, 1, 233879).
cost(27, 2, 64391).
cost(27, 3, 146669).
cost(27, 4, 276355).
cost(27, 5, 312977).
cost(27, 6, 87686).
cost(27, 7, 356779).
cost(27, 8, 343893).
cost(27, 9, 275181).
cost(27, 10, 165800).
cost(27, 11, 290941).
cost(27, 12, 403301).
cost(27, 13, 263941).
cost(27, 14, 145162).
cost(27, 15, 307721).
cost(27, 16, 646186).
cost(27, 17, 290281).
cost(27, 18, 227690).
cost(27, 19, 319424).
cost(27, 20, 114838).
cost(27, 21, 448576).
cost(27, 22, 263165).
cost(27, 23, 46220).
cost(27, 24, 137064).
cost(27, 25, 205040).
cost(27, 26, 206421).
cost(27, 28, 403044).
cost(27, 29, 202421).
cost(28, 1, 169515).
cost(28, 2, 351680).
cost(28, 3, 549370).
cost(28, 4, 127334).
cost(28, 5, 716021).
cost(28, 6, 328420).
cost(28, 7, 235585).
cost(28, 8, 170841).
cost(28, 9, 131425).
cost(28, 10, 337153).
cost(28, 11, 323607).
cost(28, 12, 100382).
cost(28, 13, 503494).
cost(28, 14, 355164).
cost(28, 15, 460332).
cost(28, 16, 245362).
cost(28, 17, 691933).
cost(28, 18, 324930).
cost(28, 19, 697389).
cost(28, 20, 335870).
cost(28, 21, 408820).
cost(28, 22, 490575).
cost(28, 23, 395326).
cost(28, 24, 340046).
cost(28, 25, 311941).
cost(28, 26, 603943).
cost(28, 27, 403044).
cost(28, 29, 284252).
cost(29, 1, 149504).
cost(29, 2, 196467).
cost(29, 3, 322237).
cost(29, 4, 174648).
cost(29, 5, 483773).
cost(29, 6, 118661).
cost(29, 7, 156747).
cost(29, 8, 320816).
cost(29, 9, 200070).
cost(29, 10, 275767).
cost(29, 11, 365566).
cost(29, 12, 333680).
cost(29, 13, 434572).
cost(29, 14, 272364).
cost(29, 15, 194380).
cost(29, 16, 501214).
cost(29, 17, 450433).
cost(29, 18, 317471).
cost(29, 19, 519650).
cost(29, 20, 230170).
cost(29, 21, 518255).
cost(29, 22, 428765).
cost(29, 23, 228064).
cost(29, 24, 253888).
cost(29, 25, 29580).
cost(29, 26, 399178).
cost(29, 27, 202421).
cost(29, 28, 284252).
nocross(2,11).
nocross(2,20).
nocross(2,26).
nocross(3,25).
nocross(5,19).
nocross(5,25).
nocross(5,26).
nocross(7,1).
nocross(7,15).
nocross(7,25).
nocross(8,11).
nocross(14,26).
nocross(17,15).
nocross(18,8).
nocross(20,26).
nocross(21,11).
nocross(22,11).
nocross(22,19).
nocross(23,26).
nocross(24,26).
nocross(26,10).
nocross(28,12).
nocross(29,6).
nocross(29,20).
