dimension(29).
point(1, -326644.0, -1664.0).
point(2, 77765.0, -232101.0).
point(3, -290899.0, 61145.0).
point(4, -158617.0, 12449.0).
point(5, 151666.0, -137994.0).
point(6, 81885.0, -505706.0).
point(7, 155631.0, -98063.0).
point(8, 186975.0, 304134.0).
point(9, 67865.0, -113023.0).
point(10, -113972.0, -186811.0).
point(11, 29378.0, 25521.0).
point(12, 72515.0, 251868.0).
point(13, -346360.0, -190084.0).
point(14, 327848.0, 211934.0).
point(15, 33388.0, -16981.0).
point(16, -163464.0, 174147.0).
point(17, 257237.0, -147225.0).
point(18, 227181.0, 36649.0).
point(19, -128347.0, -145080.0).
point(20, 30109.0, 328266.0).
point(21, 8773.0, -44515.0).
point(22, -42722.0, 103722.0).
point(23, 175778.0, 24702.0).
point(24, -69044.0, 91507.0).
point(25, -31594.0, -9417.0).
point(26, 27705.0, 17203.0).
point(27, 248470.0, -348869.0).
point(28, -54925.0, 400256.0).
point(29, 46.0, 54542.0).
cost(1, 2, 465454).
cost(1, 3, 72268).
cost(1, 4, 168619).
cost(1, 5, 497359).
cost(1, 6, 648810).
cost(1, 7, 491815).
cost(1, 8, 597760).
cost(1, 9, 409925).
cost(1, 10, 281973).
cost(1, 11, 357058).
cost(1, 12, 472870).
cost(1, 13, 189449).
cost(1, 14, 688465).
cost(1, 15, 360358).
cost(1, 16, 239869).
cost(1, 17, 601752).
cost(1, 18, 555149).
cost(1, 19, 244724).
cost(1, 20, 485929).
cost(1, 21, 338143).
cost(1, 22, 302850).
cost(1, 23, 503113).
cost(1, 24, 273932).
cost(1, 25, 295152).
cost(1, 26, 354851).
cost(1, 27, 671794).
cost(1, 28, 485150).
cost(1, 29, 331490).
cost(2, 1, 465454).
cost(2, 3, 471069).
cost(2, 4, 340119).
cost(2, 5, 119656).
cost(2, 6, 273636).
cost(2, 7, 155014).
cost(2, 8, 547243).
cost(2, 9, 119489).
cost(2, 10, 197013).
cost(2, 11, 262127).
cost(2, 12, 483997).
cost(2, 13, 426201).
cost(2, 14, 509616).
cost(2, 15, 219650).
cost(2, 16, 472471).
cost(2, 17, 198530).
cost(2, 18, 307493).
cost(2, 19, 223729).
cost(2, 20, 562390).
cost(2, 21, 199871).
cost(2, 22, 356783).
cost(2, 23, 274871).
cost(2, 24, 355352).
cost(2, 25, 248088).
cost(2, 26, 254280).
cost(2, 27, 206821).
cost(2, 28, 646128).
cost(2, 29, 296992).
cost(3, 1, 72268).
cost(3, 2, 471069).
cost(3, 4, 140960).
cost(3, 5, 485304).
cost(3, 6, 678445).
cost(3, 7, 474064).
cost(3, 8, 536104).
cost(3, 9, 398806).
cost(3, 10, 304607).
cost(3, 11, 322252).
cost(3, 12, 410421).
cost(3, 13, 257278).
cost(3, 14, 636856).
cost(3, 15, 333565).
cost(3, 16, 170321).
cost(3, 17, 586405).
cost(3, 18, 518659).
cost(3, 19, 262587).
cost(3, 20, 417612).
cost(3, 21, 317754).
cost(3, 22, 251803).
cost(3, 23, 468098).
cost(3, 24, 223923).
cost(3, 25, 268734).
cost(3, 26, 321620).
cost(3, 27, 677518).
cost(3, 28, 413134).
cost(3, 29, 291020).
cost(4, 1, 168619).
cost(4, 2, 340119).
cost(4, 3, 140960).
cost(4, 5, 344831).
cost(4, 6, 571249).
cost(4, 7, 333114).
cost(4, 8, 452232).
cost(4, 9, 258916).
cost(4, 10, 204200).
cost(4, 11, 188449).
cost(4, 12, 332781).
cost(4, 13, 276165).
cost(4, 14, 525778).
cost(4, 15, 194247).
cost(4, 16, 161771).
cost(4, 17, 445455).
cost(4, 18, 386556).
cost(4, 19, 160411).
cost(4, 20, 367910).
cost(4, 21, 176817).
cost(4, 22, 147521).
cost(4, 23, 334619).
cost(4, 24, 119472).
cost(4, 25, 128891).
cost(4, 26, 186383).
cost(4, 27, 544307).
cost(4, 28, 401430).
cost(4, 29, 164152).
cost(5, 1, 497359).
cost(5, 2, 119656).
cost(5, 3, 485304).
cost(5, 4, 344831).
cost(5, 6, 374275).
cost(5, 7, 40127).
cost(5, 8, 443536).
cost(5, 9, 87442).
cost(5, 10, 270086).
cost(5, 11, 204185).
cost(5, 12, 397816).
cost(5, 13, 500743).
cost(5, 14, 391778).
cost(5, 15, 169215).
cost(5, 16, 443553).
cost(5, 17, 105974).
cost(5, 18, 190270).
cost(5, 19, 280103).
cost(5, 20, 481845).
cost(5, 21, 170753).
cost(5, 22, 310183).
cost(5, 23, 164473).
cost(5, 24, 318408).
cost(5, 25, 223867).
cost(5, 26, 198626).
cost(5, 27, 232033).
cost(5, 28, 576535).
cost(5, 29, 245069).
cost(6, 1, 648810).
cost(6, 2, 273636).
cost(6, 3, 678445).
cost(6, 4, 571249).
cost(6, 5, 374275).
cost(6, 7, 414260).
cost(6, 8, 816630).
cost(6, 9, 392933).
cost(6, 10, 374238).
cost(6, 11, 533816).
cost(6, 12, 757632).
cost(6, 13, 531988).
cost(6, 14, 758620).
cost(6, 15, 491125).
cost(6, 16, 722770).
cost(6, 17, 399070).
cost(6, 18, 561480).
cost(6, 19, 417431).
cost(6, 20, 835578).
cost(6, 21, 466950).
cost(6, 22, 622036).
cost(6, 23, 538654).
cost(6, 24, 615989).
cost(6, 25, 509097).
cost(6, 26, 525708).
cost(6, 27, 228798).
cost(6, 28, 916234).
cost(6, 29, 566194).
cost(7, 1, 491815).
cost(7, 2, 155014).
cost(7, 3, 474064).
cost(7, 4, 333114).
cost(7, 5, 40127).
cost(7, 6, 414260).
cost(7, 8, 403417).
cost(7, 9, 89032).
cost(7, 10, 283834).
cost(7, 11, 176672).
cost(7, 12, 359666).
cost(7, 13, 510356).
cost(7, 14, 354622).
cost(7, 15, 146689).
cost(7, 16, 419428).
cost(7, 17, 112875).
cost(7, 18, 152534).
cost(7, 19, 287844).
cost(7, 20, 444423).
cost(7, 21, 156316).
cost(7, 22, 282951).
cost(7, 23, 124407).
cost(7, 24, 293965).
cost(7, 25, 207150).
cost(7, 26, 172196).
cost(7, 27, 267437).
cost(7, 28, 540977).
cost(7, 29, 217933).
cost(8, 1, 597760).
cost(8, 2, 547243).
cost(8, 3, 536104).
cost(8, 4, 452232).
cost(8, 5, 443536).
cost(8, 6, 816630).
cost(8, 7, 403417).
cost(8, 9, 433828).
cost(8, 10, 575844).
cost(8, 11, 320097).
cost(8, 12, 125829).
cost(8, 13, 727116).
cost(8, 14, 168363).
cost(8, 15, 355955).
cost(8, 16, 373770).
cost(8, 17, 456795).
cost(8, 18, 270490).
cost(8, 19, 548836).
cost(8, 20, 158711).
cost(8, 21, 391551).
cost(8, 22, 304837).
cost(8, 23, 279656).
cost(8, 24, 332800).
cost(8, 25, 382213).
cost(8, 26, 328171).
cost(8, 27, 655892).
cost(8, 28, 260298).
cost(8, 29, 311831).
cost(9, 1, 409925).
cost(9, 2, 119489).
cost(9, 3, 398806).
cost(9, 4, 258916).
cost(9, 5, 87442).
cost(9, 6, 392933).
cost(9, 7, 89032).
cost(9, 8, 433828).
cost(9, 10, 196238).
cost(9, 11, 143790).
cost(9, 12, 364921).
cost(9, 13, 421332).
cost(9, 14, 416159).
cost(9, 15, 102043).
cost(9, 16, 368754).
cost(9, 17, 192436).
cost(9, 18, 218594).
cost(9, 19, 198813).
cost(9, 20, 442901).
cost(9, 21, 90472).
cost(9, 22, 243327).
cost(9, 23, 174967).
cost(9, 24, 246123).
cost(9, 25, 143619).
cost(9, 26, 136278).
cost(9, 27, 297055).
cost(9, 28, 527762).
cost(9, 29, 180769).
cost(10, 1, 281973).
cost(10, 2, 197013).
cost(10, 3, 304607).
cost(10, 4, 204200).
cost(10, 5, 270086).
cost(10, 6, 374238).
cost(10, 7, 283834).
cost(10, 8, 575844).
cost(10, 9, 196238).
cost(10, 11, 256192).
cost(10, 12, 476672).
cost(10, 13, 232411).
cost(10, 14, 595149).
cost(10, 15, 224849).
cost(10, 16, 364335).
cost(10, 17, 373314).
cost(10, 18, 407823).
cost(10, 19, 44137).
cost(10, 20, 534849).
cost(10, 21, 187921).
cost(10, 22, 299142).
cost(10, 23, 358738).
cost(10, 24, 281921).
cost(10, 25, 195588).
cost(10, 26, 248383).
cost(10, 27, 397023).
cost(10, 28, 590029).
cost(10, 29, 266930).
cost(11, 1, 357058).
cost(11, 2, 262127).
cost(11, 3, 322252).
cost(11, 4, 188449).
cost(11, 5, 204185).
cost(11, 6, 533816).
cost(11, 7, 176672).
cost(11, 8, 320097).
cost(11, 9, 143790).
cost(11, 10, 256192).
cost(11, 12, 230421).
cost(11, 13, 433203).
cost(11, 14, 351901).
cost(11, 15, 42691).
cost(11, 16, 243470).
cost(11, 17, 285939).
cost(11, 18, 198116).
cost(11, 19, 232340).
cost(11, 20, 302746).
cost(11, 21, 73004).
cost(11, 22, 106366).
cost(11, 23, 146402).
cost(11, 24, 118495).
cost(11, 25, 70273).
cost(11, 26, 8485).
cost(11, 27, 433785).
cost(11, 28, 384101).
cost(11, 29, 41262).
cost(12, 1, 472870).
cost(12, 2, 483997).
cost(12, 3, 410421).
cost(12, 4, 332781).
cost(12, 5, 397816).
cost(12, 6, 757632).
cost(12, 7, 359666).
cost(12, 8, 125829).
cost(12, 9, 364921).
cost(12, 10, 476672).
cost(12, 11, 230421).
cost(12, 13, 608915).
cost(12, 14, 258437).
cost(12, 15, 271681).
cost(12, 16, 248448).
cost(12, 17, 439770).
cost(12, 18, 265030).
cost(12, 19, 444874).
cost(12, 20, 87378).
cost(12, 21, 303160).
cost(12, 22, 187688).
cost(12, 23, 249535).
cost(12, 24, 213903).
cost(12, 25, 281262).
cost(12, 26, 238905).
cost(12, 27, 625975).
cost(12, 28, 195602).
cost(12, 29, 210213).
cost(13, 1, 189449).
cost(13, 2, 426201).
cost(13, 3, 257278).
cost(13, 4, 276165).
cost(13, 5, 500743).
cost(13, 6, 531988).
cost(13, 7, 510356).
cost(13, 8, 727116).
cost(13, 9, 421332).
cost(13, 10, 232411).
cost(13, 11, 433203).
cost(13, 12, 608915).
cost(13, 14, 784968).
cost(13, 15, 417341).
cost(13, 16, 407572).
cost(13, 17, 605117).
cost(13, 18, 616731).
cost(13, 19, 222610).
cost(13, 20, 640637).
cost(13, 21, 383810).
cost(13, 22, 422514).
cost(13, 23, 564589).
cost(13, 24, 395218).
cost(13, 25, 362930).
cost(13, 26, 427659).
cost(13, 27, 615659).
cost(13, 28, 658358).
cost(13, 29, 424074).
cost(14, 1, 688465).
cost(14, 2, 509616).
cost(14, 3, 636856).
cost(14, 4, 525778).
cost(14, 5, 391778).
cost(14, 6, 758620).
cost(14, 7, 354622).
cost(14, 8, 168363).
cost(14, 9, 416159).
cost(14, 10, 595149).
cost(14, 11, 351901).
cost(14, 12, 258437).
cost(14, 13, 784968).
cost(14, 15, 372973).
cost(14, 16, 492763).
cost(14, 17, 366034).
cost(14, 18, 202135).
cost(14, 19, 579287).
cost(14, 20, 319659).
cost(14, 21, 409359).
cost(14, 22, 386047).
cost(14, 23, 241208).
cost(14, 24, 414760).
cost(14, 25, 422131).
cost(14, 26, 357779).
cost(14, 27, 566393).
cost(14, 28, 426592).
cost(14, 29, 363629).
cost(15, 1, 360358).
cost(15, 2, 219650).
cost(15, 3, 333565).
cost(15, 4, 194247).
cost(15, 5, 169215).
cost(15, 6, 491125).
cost(15, 7, 146689).
cost(15, 8, 355955).
cost(15, 9, 102043).
cost(15, 10, 224849).
cost(15, 11, 42691).
cost(15, 12, 271681).
cost(15, 13, 417341).
cost(15, 14, 372973).
cost(15, 16, 274373).
cost(15, 17, 258982).
cost(15, 18, 201077).
cost(15, 19, 206319).
cost(15, 20, 345263).
cost(15, 21, 36933).
cost(15, 22, 142695).
cost(15, 23, 148366).
cost(15, 24, 149204).
cost(15, 25, 65421).
cost(15, 26, 34653).
cost(15, 27, 395487).
cost(15, 28, 426481).
cost(15, 29, 78913).
cost(16, 1, 239869).
cost(16, 2, 472471).
cost(16, 3, 170321).
cost(16, 4, 161771).
cost(16, 5, 443553).
cost(16, 6, 722770).
cost(16, 7, 419428).
cost(16, 8, 373770).
cost(16, 9, 368754).
cost(16, 10, 364335).
cost(16, 11, 243470).
cost(16, 12, 248448).
cost(16, 13, 407572).
cost(16, 14, 492763).
cost(16, 15, 274373).
cost(16, 17, 529405).
cost(16, 18, 414137).
cost(16, 19, 321153).
cost(16, 20, 247433).
cost(16, 21, 278350).
cost(16, 22, 139780).
cost(16, 23, 370701).
cost(16, 24, 125477).
cost(16, 25, 226021).
cost(16, 26, 247340).
cost(16, 27, 665759).
cost(16, 28, 250811).
cost(16, 29, 202585).
cost(17, 1, 601752).
cost(17, 2, 198530).
cost(17, 3, 586405).
cost(17, 4, 445455).
cost(17, 5, 105974).
cost(17, 6, 399070).
cost(17, 7, 112875).
cost(17, 8, 456795).
cost(17, 9, 192436).
cost(17, 10, 373314).
cost(17, 11, 285939).
cost(17, 12, 439770).
cost(17, 13, 605117).
cost(17, 14, 366034).
cost(17, 15, 258982).
cost(17, 16, 529405).
cost(17, 18, 186314).
cost(17, 19, 385590).
cost(17, 20, 526952).
cost(17, 21, 268856).
cost(17, 22, 391088).
cost(17, 23, 190248).
cost(17, 24, 404292).
cost(17, 25, 320022).
cost(17, 26, 282350).
cost(17, 27, 201834).
cost(17, 28, 630223).
cost(17, 29, 326890).
cost(18, 1, 555149).
cost(18, 2, 307493).
cost(18, 3, 518659).
cost(18, 4, 386556).
cost(18, 5, 190270).
cost(18, 6, 561480).
cost(18, 7, 152534).
cost(18, 8, 270490).
cost(18, 9, 218594).
cost(18, 10, 407823).
cost(18, 11, 198116).
cost(18, 12, 265030).
cost(18, 13, 616731).
cost(18, 14, 202135).
cost(18, 15, 201077).
cost(18, 16, 414137).
cost(18, 17, 186314).
cost(18, 19, 399281).
cost(18, 20, 351963).
cost(18, 21, 233001).
cost(18, 22, 278112).
cost(18, 23, 52773).
cost(18, 24, 301262).
cost(18, 25, 262843).
cost(18, 26, 200422).
cost(18, 27, 386105).
cost(18, 28, 460211).
cost(18, 29, 227839).
cost(19, 1, 244724).
cost(19, 2, 223729).
cost(19, 3, 262587).
cost(19, 4, 160411).
cost(19, 5, 280103).
cost(19, 6, 417431).
cost(19, 7, 287844).
cost(19, 8, 548836).
cost(19, 9, 198813).
cost(19, 10, 44137).
cost(19, 11, 232340).
cost(19, 12, 444874).
cost(19, 13, 222610).
cost(19, 14, 579287).
cost(19, 15, 206319).
cost(19, 16, 321153).
cost(19, 17, 385590).
cost(19, 18, 399281).
cost(19, 20, 499164).
cost(19, 21, 170045).
cost(19, 22, 263124).
cost(19, 23, 348307).
cost(19, 24, 243906).
cost(19, 25, 166630).
cost(19, 26, 225140).
cost(19, 27, 428394).
cost(19, 28, 550256).
cost(19, 29, 237347).
cost(20, 1, 485929).
cost(20, 2, 562390).
cost(20, 3, 417612).
cost(20, 4, 367910).
cost(20, 5, 481845).
cost(20, 6, 835578).
cost(20, 7, 444423).
cost(20, 8, 158711).
cost(20, 9, 442901).
cost(20, 10, 534849).
cost(20, 11, 302746).
cost(20, 12, 87378).
cost(20, 13, 640637).
cost(20, 14, 319659).
cost(20, 15, 345263).
cost(20, 16, 247433).
cost(20, 17, 526952).
cost(20, 18, 351963).
cost(20, 19, 499164).
cost(20, 21, 373391).
cost(20, 22, 236060).
cost(20, 23, 336705).
cost(20, 24, 256683).
cost(20, 25, 343274).
cost(20, 26, 311072).
cost(20, 27, 711473).
cost(20, 28, 111415).
cost(20, 29, 275370).
cost(21, 1, 338143).
cost(21, 2, 199871).
cost(21, 3, 317754).
cost(21, 4, 176817).
cost(21, 5, 170753).
cost(21, 6, 466950).
cost(21, 7, 156316).
cost(21, 8, 391551).
cost(21, 9, 90472).
cost(21, 10, 187921).
cost(21, 11, 73004).
cost(21, 12, 303160).
cost(21, 13, 383810).
cost(21, 14, 409359).
cost(21, 15, 36933).
cost(21, 16, 278350).
cost(21, 17, 268856).
cost(21, 18, 233001).
cost(21, 19, 170045).
cost(21, 20, 373391).
cost(21, 22, 156927).
cost(21, 23, 180781).
cost(21, 24, 156708).
cost(21, 25, 53492).
cost(21, 26, 64556).
cost(21, 27, 387409).
cost(21, 28, 449309).
cost(21, 29, 99441).
cost(22, 1, 302850).
cost(22, 2, 356783).
cost(22, 3, 251803).
cost(22, 4, 147521).
cost(22, 5, 310183).
cost(22, 6, 622036).
cost(22, 7, 282951).
cost(22, 8, 304837).
cost(22, 9, 243327).
cost(22, 10, 299142).
cost(22, 11, 106366).
cost(22, 12, 187688).
cost(22, 13, 422514).
cost(22, 14, 386047).
cost(22, 15, 142695).
cost(22, 16, 139780).
cost(22, 17, 391088).
cost(22, 18, 278112).
cost(22, 19, 263124).
cost(22, 20, 236060).
cost(22, 21, 156927).
cost(22, 23, 232350).
cost(22, 24, 29018).
cost(22, 25, 113685).
cost(22, 26, 111559).
cost(22, 27, 538174).
cost(22, 28, 296785).
cost(22, 29, 65175).
cost(23, 1, 503113).
cost(23, 2, 274871).
cost(23, 3, 468098).
cost(23, 4, 334619).
cost(23, 5, 164473).
cost(23, 6, 538654).
cost(23, 7, 124407).
cost(23, 8, 279656).
cost(23, 9, 174967).
cost(23, 10, 358738).
cost(23, 11, 146402).
cost(23, 12, 249535).
cost(23, 13, 564589).
cost(23, 14, 241208).
cost(23, 15, 148366).
cost(23, 16, 370701).
cost(23, 17, 190248).
cost(23, 18, 52773).
cost(23, 19, 348307).
cost(23, 20, 336705).
cost(23, 21, 180781).
cost(23, 22, 232350).
cost(23, 24, 253773).
cost(23, 25, 210160).
cost(23, 26, 148263).
cost(23, 27, 380578).
cost(23, 28, 440755).
cost(23, 29, 178247).
cost(24, 1, 273932).
cost(24, 2, 355352).
cost(24, 3, 223923).
cost(24, 4, 119472).
cost(24, 5, 318408).
cost(24, 6, 615989).
cost(24, 7, 293965).
cost(24, 8, 332800).
cost(24, 9, 246123).
cost(24, 10, 281921).
cost(24, 11, 118495).
cost(24, 12, 213903).
cost(24, 13, 395218).
cost(24, 14, 414760).
cost(24, 15, 149204).
cost(24, 16, 125477).
cost(24, 17, 404292).
cost(24, 18, 301262).
cost(24, 19, 243906).
cost(24, 20, 256683).
cost(24, 21, 156708).
cost(24, 22, 29018).
cost(24, 23, 253773).
cost(24, 25, 107648).
cost(24, 26, 121990).
cost(24, 27, 542905).
cost(24, 28, 309072).
cost(24, 29, 78357).
cost(25, 1, 295152).
cost(25, 2, 248088).
cost(25, 3, 268734).
cost(25, 4, 128891).
cost(25, 5, 223867).
cost(25, 6, 509097).
cost(25, 7, 207150).
cost(25, 8, 382213).
cost(25, 9, 143619).
cost(25, 10, 195588).
cost(25, 11, 70273).
cost(25, 12, 281262).
cost(25, 13, 362930).
cost(25, 14, 422131).
cost(25, 15, 65421).
cost(25, 16, 226021).
cost(25, 17, 320022).
cost(25, 18, 262843).
cost(25, 19, 166630).
cost(25, 20, 343274).
cost(25, 21, 53492).
cost(25, 22, 113685).
cost(25, 23, 210160).
cost(25, 24, 107648).
cost(25, 26, 65000).
cost(25, 27, 440072).
cost(25, 28, 410337).
cost(25, 29, 71357).
cost(26, 1, 354851).
cost(26, 2, 254280).
cost(26, 3, 321620).
cost(26, 4, 186383).
cost(26, 5, 198626).
cost(26, 6, 525708).
cost(26, 7, 172196).
cost(26, 8, 328171).
cost(26, 9, 136278).
cost(26, 10, 248383).
cost(26, 11, 8485).
cost(26, 12, 238905).
cost(26, 13, 427659).
cost(26, 14, 357779).
cost(26, 15, 34653).
cost(26, 16, 247340).
cost(26, 17, 282350).
cost(26, 18, 200422).
cost(26, 19, 225140).
cost(26, 20, 311072).
cost(26, 21, 64556).
cost(26, 22, 111559).
cost(26, 23, 148263).
cost(26, 24, 121990).
cost(26, 25, 65000).
cost(26, 27, 427488).
cost(26, 28, 391864).
cost(26, 29, 46467).
cost(27, 1, 671794).
cost(27, 2, 206821).
cost(27, 3, 677518).
cost(27, 4, 544307).
cost(27, 5, 232033).
cost(27, 6, 228798).
cost(27, 7, 267437).
cost(27, 8, 655892).
cost(27, 9, 297055).
cost(27, 10, 397023).
cost(27, 11, 433785).
cost(27, 12, 625975).
cost(27, 13, 615659).
cost(27, 14, 566393).
cost(27, 15, 395487).
cost(27, 16, 665759).
cost(27, 17, 201834).
cost(27, 18, 386105).
cost(27, 19, 428394).
cost(27, 20, 711473).
cost(27, 21, 387409).
cost(27, 22, 538174).
cost(27, 23, 380578).
cost(27, 24, 542905).
cost(27, 25, 440072).
cost(27, 26, 427488).
cost(27, 28, 808231).
cost(27, 29, 473767).
cost(28, 1, 485150).
cost(28, 2, 646128).
cost(28, 3, 413134).
cost(28, 4, 401430).
cost(28, 5, 576535).
cost(28, 6, 916234).
cost(28, 7, 540977).
cost(28, 8, 260298).
cost(28, 9, 527762).
cost(28, 10, 590029).
cost(28, 11, 384101).
cost(28, 12, 195602).
cost(28, 13, 658358).
cost(28, 14, 426592).
cost(28, 15, 426481).
cost(28, 16, 250811).
cost(28, 17, 630223).
cost(28, 18, 460211).
cost(28, 19, 550256).
cost(28, 20, 111415).
cost(28, 21, 449309).
cost(28, 22, 296785).
cost(28, 23, 440755).
cost(28, 24, 309072).
cost(28, 25, 410337).
cost(28, 26, 391864).
cost(28, 27, 808231).
cost(28, 29, 350057).
cost(29, 1, 331490).
cost(29, 2, 296992).
cost(29, 3, 291020).
cost(29, 4, 164152).
cost(29, 5, 245069).
cost(29, 6, 566194).
cost(29, 7, 217933).
cost(29, 8, 311831).
cost(29, 9, 180769).
cost(29, 10, 266930).
cost(29, 11, 41262).
cost(29, 12, 210213).
cost(29, 13, 424074).
cost(29, 14, 363629).
cost(29, 15, 78913).
cost(29, 16, 202585).
cost(29, 17, 326890).
cost(29, 18, 227839).
cost(29, 19, 237347).
cost(29, 20, 275370).
cost(29, 21, 99441).
cost(29, 22, 65175).
cost(29, 23, 178247).
cost(29, 24, 78357).
cost(29, 25, 71357).
cost(29, 26, 46467).
cost(29, 27, 473767).
cost(29, 28, 350057).
nocross(2,1).
nocross(2,5).
nocross(2,7).
nocross(2,9).
nocross(2,21).
nocross(3,1).
nocross(3,4).
nocross(3,13).
nocross(3,16).
nocross(4,1).
nocross(4,3).
nocross(4,16).
nocross(4,19).
nocross(4,22).
nocross(4,24).
nocross(5,2).
nocross(5,7).
nocross(5,9).
nocross(5,11).
nocross(5,15).
nocross(5,18).
nocross(5,21).
nocross(5,26).
nocross(7,5).
nocross(7,11).
nocross(7,15).
nocross(7,17).
nocross(8,12).
nocross(9,5).
nocross(9,6).
nocross(9,7).
nocross(9,11).
nocross(9,15).
nocross(9,21).
nocross(9,24).
nocross(10,2).
nocross(10,13).
nocross(10,24).
nocross(11,7).
nocross(11,9).
nocross(11,21).
nocross(11,23).
nocross(11,24).
nocross(11,25).
nocross(11,26).
nocross(11,29).
nocross(12,16).
nocross(12,20).
nocross(12,22).
nocross(12,28).
nocross(12,29).
nocross(13,1).
nocross(13,19).
nocross(14,8).
nocross(14,12).
nocross(14,22).
nocross(15,7).
nocross(15,9).
nocross(15,11).
nocross(15,18).
nocross(15,21).
nocross(15,23).
nocross(15,24).
nocross(15,26).
nocross(16,3).
nocross(16,12).
nocross(16,22).
nocross(16,24).
nocross(16,28).
nocross(17,2).
nocross(17,5).
nocross(17,7).
nocross(17,11).
nocross(17,18).
nocross(17,23).
nocross(18,5).
nocross(18,7).
nocross(18,11).
nocross(18,14).
nocross(18,17).
nocross(18,22).
nocross(18,23).
nocross(19,1).
nocross(19,2).
nocross(19,4).
nocross(19,6).
nocross(19,13).
nocross(19,21).
nocross(19,24).
nocross(19,25).
nocross(20,8).
nocross(20,12).
nocross(20,16).
nocross(20,22).
nocross(20,28).
nocross(21,7).
nocross(21,15).
nocross(21,24).
nocross(21,26).
nocross(22,3).
nocross(22,4).
nocross(22,11).
nocross(22,16).
nocross(22,21).
nocross(22,24).
nocross(22,26).
nocross(22,28).
nocross(22,29).
nocross(23,5).
nocross(23,7).
nocross(23,9).
nocross(23,11).
nocross(23,17).
nocross(23,18).
nocross(23,22).
nocross(23,26).
nocross(24,3).
nocross(24,4).
nocross(24,16).
nocross(24,22).
nocross(24,26).
nocross(24,28).
nocross(25,7).
nocross(25,11).
nocross(25,15).
nocross(25,19).
nocross(25,21).
nocross(25,22).
nocross(25,24).
nocross(25,26).
nocross(25,29).
nocross(26,7).
nocross(26,11).
nocross(26,15).
nocross(26,21).
nocross(26,22).
nocross(26,24).
nocross(26,29).
nocross(27,2).
nocross(27,5).
nocross(27,6).
nocross(27,17).
nocross(27,18).
nocross(28,8).
nocross(28,12).
nocross(28,16).
nocross(28,22).
nocross(29,4).
nocross(29,11).
nocross(29,15).
nocross(29,21).
nocross(29,22).
nocross(29,26).
