dimension(29).
point(1, 96269.0, 88084.0).
point(2, -315637.0, -215322.0).
point(3, 146885.0, 56738.0).
point(4, 161617.0, 275171.0).
point(5, 42534.0, -290291.0).
point(6, 306153.0, -284290.0).
point(7, 225482.0, -7370.0).
point(8, -208233.0, 143791.0).
point(9, 313126.0, 86834.0).
point(10, -42878.0, -232379.0).
point(11, 82808.0, 127570.0).
point(12, -159669.0, 152268.0).
point(13, 301932.0, -227082.0).
point(14, -156427.0, -216299.0).
point(15, 274276.0, 15848.0).
point(16, -37003.0, -264862.0).
point(17, -85676.0, 113457.0).
point(18, 291162.0, 194969.0).
point(19, -361706.0, -6625.0).
point(20, 231886.0, -115851.0).
point(21, -109459.0, 20436.0).
point(22, 105460.0, 124521.0).
point(23, 36310.0, -186978.0).
point(24, 178359.0, -147311.0).
point(25, 197350.0, 743.0).
point(26, 306535.0, 61190.0).
point(27, 12325.0, 87925.0).
point(28, 226157.0, -139906.0).
point(29, 456365.0, -33854.0).
cost(1, 2, 511587).
cost(1, 3, 59536).
cost(1, 4, 198171).
cost(1, 5, 382172).
cost(1, 6, 427450).
cost(1, 7, 160647).
cost(1, 8, 309556).
cost(1, 9, 216861).
cost(1, 10, 349369).
cost(1, 11, 41717).
cost(1, 12, 263863).
cost(1, 13, 376333).
cost(1, 14, 395606).
cost(1, 15, 192106).
cost(1, 16, 377270).
cost(1, 17, 183706).
cost(1, 18, 222278).
cost(1, 19, 467665).
cost(1, 20, 244911).
cost(1, 21, 216565).
cost(1, 22, 37578).
cost(1, 23, 281521).
cost(1, 24, 249298).
cost(1, 25, 133588).
cost(1, 26, 211979).
cost(1, 27, 83944).
cost(1, 28, 262393).
cost(1, 29, 380182).
cost(2, 1, 511587).
cost(2, 3, 536603).
cost(2, 4, 684364).
cost(2, 5, 365933).
cost(2, 6, 625603).
cost(2, 7, 579701).
cost(2, 8, 374830).
cost(2, 9, 697597).
cost(2, 10, 273292).
cost(2, 11, 525674).
cost(2, 12, 399310).
cost(2, 13, 617681).
cost(2, 14, 159213).
cost(2, 15, 633590).
cost(2, 16, 283004).
cost(2, 17, 401220).
cost(2, 18, 732491).
cost(2, 19, 213721).
cost(2, 20, 556485).
cost(2, 21, 313195).
cost(2, 22, 541125).
cost(2, 23, 353086).
cost(2, 24, 498656).
cost(2, 25, 556633).
cost(2, 26, 680850).
cost(2, 27, 446674).
cost(2, 28, 547018).
cost(2, 29, 793043).
cost(3, 1, 59536).
cost(3, 2, 536603).
cost(3, 4, 218929).
cost(3, 5, 362379).
cost(3, 6, 376386).
cost(3, 7, 101426).
cost(3, 8, 365632).
cost(3, 9, 168943).
cost(3, 10, 345830).
cost(3, 11, 95515).
cost(3, 12, 321094).
cost(3, 13, 323409).
cost(3, 14, 408102).
cost(3, 15, 133793).
cost(3, 16, 370461).
cost(3, 17, 239378).
cost(3, 18, 199809).
cost(3, 19, 512523).
cost(3, 20, 192385).
cost(3, 21, 258902).
cost(3, 22, 79439).
cost(3, 23, 267627).
cost(3, 24, 206462).
cost(3, 25, 75380).
cost(3, 26, 159712).
cost(3, 27, 138127).
cost(3, 28, 212021).
cost(3, 29, 322467).
cost(4, 1, 198171).
cost(4, 2, 684364).
cost(4, 3, 218929).
cost(4, 5, 577865).
cost(4, 6, 577830).
cost(4, 7, 289669).
cost(4, 8, 392492).
cost(4, 9, 241714).
cost(4, 10, 547198).
cost(4, 11, 167323).
cost(4, 12, 343991).
cost(4, 13, 521485).
cost(4, 14, 585401).
cost(4, 15, 282737).
cost(4, 16, 575400).
cost(4, 17, 295475).
cost(4, 18, 152362).
cost(4, 19, 594370).
cost(4, 20, 397286).
cost(4, 21, 371984).
cost(4, 22, 160776).
cost(4, 23, 478836).
cost(4, 24, 422814).
cost(4, 25, 276745).
cost(4, 26, 258436).
cost(4, 27, 239477).
cost(4, 28, 420065).
cost(4, 29, 427051).
cost(5, 1, 382172).
cost(5, 2, 365933).
cost(5, 3, 362379).
cost(5, 4, 577865).
cost(5, 6, 263687).
cost(5, 7, 336919).
cost(5, 8, 501310).
cost(5, 9, 464159).
cost(5, 10, 103194).
cost(5, 11, 419797).
cost(5, 12, 486564).
cost(5, 13, 266988).
cost(5, 14, 212274).
cost(5, 15, 383960).
cost(5, 16, 83503).
cost(5, 17, 423616).
cost(5, 18, 545246).
cost(5, 19, 493838).
cost(5, 20, 257456).
cost(5, 21, 345909).
cost(5, 22, 419558).
cost(5, 23, 103500).
cost(5, 24, 197210).
cost(5, 25, 329649).
cost(5, 26, 439586).
cost(5, 27, 379421).
cost(5, 28, 237346).
cost(5, 29, 486843).
cost(6, 1, 427450).
cost(6, 2, 625603).
cost(6, 3, 376386).
cost(6, 4, 577830).
cost(6, 5, 263687).
cost(6, 7, 288431).
cost(6, 8, 669213).
cost(6, 9, 371190).
cost(6, 10, 352870).
cost(6, 11, 468521).
cost(6, 12, 638414).
cost(6, 13, 57364).
cost(6, 14, 467550).
cost(6, 15, 301826).
cost(6, 16, 343706).
cost(6, 17, 558330).
cost(6, 18, 479493).
cost(6, 19, 723280).
cost(6, 20, 184085).
cost(6, 21, 515355).
cost(6, 22, 455416).
cost(6, 23, 286853).
cost(6, 24, 187335).
cost(6, 25, 305093).
cost(6, 26, 345480).
cost(6, 27, 474214).
cost(6, 28, 165064).
cost(6, 29, 292031).
cost(7, 1, 160647).
cost(7, 2, 579701).
cost(7, 3, 101426).
cost(7, 4, 289669).
cost(7, 5, 336919).
cost(7, 6, 288431).
cost(7, 8, 459302).
cost(7, 9, 128670).
cost(7, 10, 350209).
cost(7, 11, 196379).
cost(7, 12, 416924).
cost(7, 13, 232633).
cost(7, 14, 435323).
cost(7, 15, 54036).
cost(7, 16, 367696).
cost(7, 17, 333794).
cost(7, 18, 212732).
cost(7, 19, 587188).
cost(7, 20, 108670).
cost(7, 21, 336093).
cost(7, 22, 178327).
cost(7, 23, 260855).
cost(7, 24, 147662).
cost(7, 25, 29278).
cost(7, 26, 106161).
cost(7, 27, 233489).
cost(7, 28, 132538).
cost(7, 29, 232397).
cost(8, 1, 309556).
cost(8, 2, 374830).
cost(8, 3, 365632).
cost(8, 4, 392492).
cost(8, 5, 501310).
cost(8, 6, 669213).
cost(8, 7, 459302).
cost(8, 9, 524461).
cost(8, 10, 410909).
cost(8, 11, 291493).
cost(8, 12, 49298).
cost(8, 13, 630726).
cost(8, 14, 363798).
cost(8, 15, 499184).
cost(8, 16, 443077).
cost(8, 17, 126255).
cost(8, 18, 502011).
cost(8, 19, 214893).
cost(8, 20, 510998).
cost(8, 21, 158028).
cost(8, 22, 314284).
cost(8, 23, 411351).
cost(8, 24, 483936).
cost(8, 25, 430070).
cost(8, 26, 521353).
cost(8, 27, 227523).
cost(8, 28, 518824).
cost(8, 29, 687930).
cost(9, 1, 216861).
cost(9, 2, 697597).
cost(9, 3, 168943).
cost(9, 4, 241714).
cost(9, 5, 464159).
cost(9, 6, 371190).
cost(9, 7, 128670).
cost(9, 8, 524461).
cost(9, 10, 478159).
cost(9, 11, 233893).
cost(9, 12, 477301).
cost(9, 13, 314116).
cost(9, 14, 558900).
cost(9, 15, 80922).
cost(9, 16, 496266).
cost(9, 17, 399690).
cost(9, 18, 110343).
cost(9, 19, 681273).
cost(9, 20, 218360).
cost(9, 21, 427770).
cost(9, 22, 211058).
cost(9, 23, 389359).
cost(9, 24, 270159).
cost(9, 25, 144277).
cost(9, 26, 26477).
cost(9, 27, 300803).
cost(9, 28, 242847).
cost(9, 29, 187305).
cost(10, 1, 349369).
cost(10, 2, 273292).
cost(10, 3, 345830).
cost(10, 4, 547198).
cost(10, 5, 103194).
cost(10, 6, 352870).
cost(10, 7, 350209).
cost(10, 8, 410909).
cost(10, 9, 478159).
cost(10, 11, 381261).
cost(10, 12, 401987).
cost(10, 13, 344851).
cost(10, 14, 114682).
cost(10, 15, 402745).
cost(10, 16, 33010).
cost(10, 17, 348474).
cost(10, 18, 542410).
cost(10, 19, 390661).
cost(10, 20, 298453).
cost(10, 21, 261435).
cost(10, 22, 386499).
cost(10, 23, 91280).
cost(10, 24, 237028).
cost(10, 25, 334747).
cost(10, 26, 456368).
cost(10, 27, 325026).
cost(10, 28, 284484).
cost(10, 29, 537267).
cost(11, 1, 41717).
cost(11, 2, 525674).
cost(11, 3, 95515).
cost(11, 4, 167323).
cost(11, 5, 419797).
cost(11, 6, 468521).
cost(11, 7, 196379).
cost(11, 8, 291493).
cost(11, 9, 233893).
cost(11, 10, 381261).
cost(11, 12, 243732).
cost(11, 13, 416885).
cost(11, 14, 418902).
cost(11, 15, 221679).
cost(11, 16, 410314).
cost(11, 17, 169074).
cost(11, 18, 218984).
cost(11, 19, 464329).
cost(11, 20, 285444).
cost(11, 21, 220101).
cost(11, 22, 22856).
cost(11, 23, 317966).
cost(11, 24, 291015).
cost(11, 25, 170895).
cost(11, 26, 233367).
cost(11, 27, 80868).
cost(11, 28, 303467).
cost(11, 29, 406943).
cost(12, 1, 263863).
cost(12, 2, 399310).
cost(12, 3, 321094).
cost(12, 4, 343991).
cost(12, 5, 486564).
cost(12, 6, 638414).
cost(12, 7, 416924).
cost(12, 8, 49298).
cost(12, 9, 477301).
cost(12, 10, 401987).
cost(12, 11, 243732).
cost(12, 13, 597480).
cost(12, 14, 368581).
cost(12, 15, 454883).
cost(12, 16, 434792).
cost(12, 17, 83554).
cost(12, 18, 452849).
cost(12, 19, 257033).
cost(12, 20, 474556).
cost(12, 21, 141070).
cost(12, 22, 266577).
cost(12, 23, 391785).
cost(12, 24, 451675).
cost(12, 25, 387843).
cost(12, 26, 475017).
cost(12, 27, 183635).
cost(12, 28, 483970).
cost(12, 29, 643537).
cost(13, 1, 376333).
cost(13, 2, 617681).
cost(13, 3, 323409).
cost(13, 4, 521485).
cost(13, 5, 266988).
cost(13, 6, 57364).
cost(13, 7, 232633).
cost(13, 8, 630726).
cost(13, 9, 314116).
cost(13, 10, 344851).
cost(13, 11, 416885).
cost(13, 12, 597480).
cost(13, 14, 458486).
cost(13, 15, 244499).
cost(13, 16, 341034).
cost(13, 17, 515952).
cost(13, 18, 422188).
cost(13, 19, 699297).
cost(13, 20, 131449).
cost(13, 21, 480112).
cost(13, 22, 402773).
cost(13, 23, 268632).
cost(13, 24, 147084).
cost(13, 25, 250682).
cost(13, 26, 288309).
cost(13, 27, 427904).
cost(13, 28, 115505).
cost(13, 29, 247359).
cost(14, 1, 395606).
cost(14, 2, 159213).
cost(14, 3, 408102).
cost(14, 4, 585401).
cost(14, 5, 212274).
cost(14, 6, 467550).
cost(14, 7, 435323).
cost(14, 8, 363798).
cost(14, 9, 558900).
cost(14, 10, 114682).
cost(14, 11, 418902).
cost(14, 12, 368581).
cost(14, 13, 458486).
cost(14, 15, 489282).
cost(14, 16, 128920).
cost(14, 17, 337261).
cost(14, 18, 607846).
cost(14, 19, 293433).
cost(14, 20, 401094).
cost(14, 21, 241349).
cost(14, 22, 429817).
cost(14, 23, 194955).
cost(14, 24, 341820).
cost(14, 25, 415049).
cost(14, 26, 539754).
cost(14, 27, 347893).
cost(14, 28, 390136).
cost(14, 29, 639375).
cost(15, 1, 192106).
cost(15, 2, 633590).
cost(15, 3, 133793).
cost(15, 4, 282737).
cost(15, 5, 383960).
cost(15, 6, 301826).
cost(15, 7, 54036).
cost(15, 8, 499184).
cost(15, 9, 80922).
cost(15, 10, 402745).
cost(15, 11, 221679).
cost(15, 12, 454883).
cost(15, 13, 244499).
cost(15, 14, 489282).
cost(15, 16, 419157).
cost(15, 17, 372952).
cost(15, 18, 179915).
cost(15, 19, 636379).
cost(15, 20, 138353).
cost(15, 21, 383762).
cost(15, 22, 200770).
cost(15, 23, 312676).
cost(15, 24, 189264).
cost(15, 25, 78395).
cost(15, 26, 55647).
cost(15, 27, 271686).
cost(15, 28, 163018).
cost(15, 29, 188750).
cost(16, 1, 377270).
cost(16, 2, 283004).
cost(16, 3, 370461).
cost(16, 4, 575400).
cost(16, 5, 83503).
cost(16, 6, 343706).
cost(16, 7, 367696).
cost(16, 8, 443077).
cost(16, 9, 496266).
cost(16, 10, 33010).
cost(16, 11, 410314).
cost(16, 12, 434792).
cost(16, 13, 341034).
cost(16, 14, 128920).
cost(16, 15, 419157).
cost(16, 17, 381437).
cost(16, 18, 564922).
cost(16, 19, 414872).
cost(16, 20, 307418).
cost(16, 21, 294355).
cost(16, 22, 414626).
cost(16, 23, 106961).
cost(16, 24, 245355).
cost(16, 25, 354214).
cost(16, 26, 473633).
cost(16, 27, 356219).
cost(16, 28, 291320).
cost(16, 29, 544772).
cost(17, 1, 183706).
cost(17, 2, 401220).
cost(17, 3, 239378).
cost(17, 4, 295475).
cost(17, 5, 423616).
cost(17, 6, 558330).
cost(17, 7, 333794).
cost(17, 8, 126255).
cost(17, 9, 399690).
cost(17, 10, 348474).
cost(17, 11, 169074).
cost(17, 12, 83554).
cost(17, 13, 515952).
cost(17, 14, 337261).
cost(17, 15, 372952).
cost(17, 16, 381437).
cost(17, 18, 385553).
cost(17, 19, 301019).
cost(17, 20, 391699).
cost(17, 21, 96013).
cost(17, 22, 191456).
cost(17, 23, 324256).
cost(17, 24, 371099).
cost(17, 25, 304644).
cost(17, 26, 395678).
cost(17, 27, 101272).
cost(17, 28, 401787).
cost(17, 29, 561702).
cost(18, 1, 222278).
cost(18, 2, 732491).
cost(18, 3, 199809).
cost(18, 4, 152362).
cost(18, 5, 545246).
cost(18, 6, 479493).
cost(18, 7, 212732).
cost(18, 8, 502011).
cost(18, 9, 110343).
cost(18, 10, 542410).
cost(18, 11, 218984).
cost(18, 12, 452849).
cost(18, 13, 422188).
cost(18, 14, 607846).
cost(18, 15, 179915).
cost(18, 16, 564922).
cost(18, 17, 385553).
cost(18, 19, 683284).
cost(18, 20, 316422).
cost(18, 21, 436989).
cost(18, 22, 198616).
cost(18, 23, 459166).
cost(18, 24, 360389).
cost(18, 25, 215695).
cost(18, 26, 134659).
cost(18, 27, 298678).
cost(18, 28, 341126).
cost(18, 29, 282227).
cost(19, 1, 467665).
cost(19, 2, 213721).
cost(19, 3, 512523).
cost(19, 4, 594370).
cost(19, 5, 493838).
cost(19, 6, 723280).
cost(19, 7, 587188).
cost(19, 8, 214893).
cost(19, 9, 681273).
cost(19, 10, 390661).
cost(19, 11, 464329).
cost(19, 12, 257033).
cost(19, 13, 699297).
cost(19, 14, 293433).
cost(19, 15, 636379).
cost(19, 16, 414872).
cost(19, 17, 301019).
cost(19, 18, 683284).
cost(19, 20, 603558).
cost(19, 21, 253694).
cost(19, 22, 485225).
cost(19, 23, 436971).
cost(19, 24, 558088).
cost(19, 25, 559105).
cost(19, 26, 671673).
cost(19, 27, 385796).
cost(19, 28, 602782).
cost(19, 29, 818524).
cost(20, 1, 244911).
cost(20, 2, 556485).
cost(20, 3, 192385).
cost(20, 4, 397286).
cost(20, 5, 257456).
cost(20, 6, 184085).
cost(20, 7, 108670).
cost(20, 8, 510998).
cost(20, 9, 218360).
cost(20, 10, 298453).
cost(20, 11, 285444).
cost(20, 12, 474556).
cost(20, 13, 131449).
cost(20, 14, 401094).
cost(20, 15, 138353).
cost(20, 16, 307418).
cost(20, 17, 391699).
cost(20, 18, 316422).
cost(20, 19, 603558).
cost(20, 21, 367547).
cost(20, 22, 271592).
cost(20, 23, 208108).
cost(20, 24, 62088).
cost(20, 25, 121601).
cost(20, 26, 192135).
cost(20, 27, 299552).
cost(20, 28, 24728).
cost(20, 29, 238986).
cost(21, 1, 216565).
cost(21, 2, 313195).
cost(21, 3, 258902).
cost(21, 4, 371984).
cost(21, 5, 345909).
cost(21, 6, 515355).
cost(21, 7, 336093).
cost(21, 8, 158028).
cost(21, 9, 427770).
cost(21, 10, 261435).
cost(21, 11, 220101).
cost(21, 12, 141070).
cost(21, 13, 480112).
cost(21, 14, 241349).
cost(21, 15, 383762).
cost(21, 16, 294355).
cost(21, 17, 96013).
cost(21, 18, 436989).
cost(21, 19, 253694).
cost(21, 20, 367547).
cost(21, 22, 238797).
cost(21, 23, 253514).
cost(21, 24, 333134).
cost(21, 25, 307440).
cost(21, 26, 417986).
cost(21, 27, 139234).
cost(21, 28, 371951).
cost(21, 29, 568423).
cost(22, 1, 37578).
cost(22, 2, 541125).
cost(22, 3, 79439).
cost(22, 4, 160776).
cost(22, 5, 419558).
cost(22, 6, 455416).
cost(22, 7, 178327).
cost(22, 8, 314284).
cost(22, 9, 211058).
cost(22, 10, 386499).
cost(22, 11, 22856).
cost(22, 12, 266577).
cost(22, 13, 402773).
cost(22, 14, 429817).
cost(22, 15, 200770).
cost(22, 16, 414626).
cost(22, 17, 191456).
cost(22, 18, 198616).
cost(22, 19, 485225).
cost(22, 20, 271592).
cost(22, 21, 238797).
cost(22, 23, 319082).
cost(22, 24, 281437).
cost(22, 25, 154158).
cost(22, 26, 210813).
cost(22, 27, 100067).
cost(22, 28, 290671).
cost(22, 29, 384990).
cost(23, 1, 281521).
cost(23, 2, 353086).
cost(23, 3, 267627).
cost(23, 4, 478836).
cost(23, 5, 103500).
cost(23, 6, 286853).
cost(23, 7, 260855).
cost(23, 8, 411351).
cost(23, 9, 389359).
cost(23, 10, 91280).
cost(23, 11, 317966).
cost(23, 12, 391785).
cost(23, 13, 268632).
cost(23, 14, 194955).
cost(23, 15, 312676).
cost(23, 16, 106961).
cost(23, 17, 324256).
cost(23, 18, 459166).
cost(23, 19, 436971).
cost(23, 20, 208108).
cost(23, 21, 253514).
cost(23, 22, 319082).
cost(23, 24, 147484).
cost(23, 25, 247332).
cost(23, 26, 366891).
cost(23, 27, 275947).
cost(23, 28, 195596).
cost(23, 29, 447094).
cost(24, 1, 249298).
cost(24, 2, 498656).
cost(24, 3, 206462).
cost(24, 4, 422814).
cost(24, 5, 197210).
cost(24, 6, 187335).
cost(24, 7, 147662).
cost(24, 8, 483936).
cost(24, 9, 270159).
cost(24, 10, 237028).
cost(24, 11, 291015).
cost(24, 12, 451675).
cost(24, 13, 147084).
cost(24, 14, 341820).
cost(24, 15, 189264).
cost(24, 16, 245355).
cost(24, 17, 371099).
cost(24, 18, 360389).
cost(24, 19, 558088).
cost(24, 20, 62088).
cost(24, 21, 333134).
cost(24, 22, 281437).
cost(24, 23, 147484).
cost(24, 25, 149267).
cost(24, 26, 244748).
cost(24, 27, 287929).
cost(24, 28, 48368).
cost(24, 29, 300266).
cost(25, 1, 133588).
cost(25, 2, 556633).
cost(25, 3, 75380).
cost(25, 4, 276745).
cost(25, 5, 329649).
cost(25, 6, 305093).
cost(25, 7, 29278).
cost(25, 8, 430070).
cost(25, 9, 144277).
cost(25, 10, 334747).
cost(25, 11, 170895).
cost(25, 12, 387843).
cost(25, 13, 250682).
cost(25, 14, 415049).
cost(25, 15, 78395).
cost(25, 16, 354214).
cost(25, 17, 304644).
cost(25, 18, 215695).
cost(25, 19, 559105).
cost(25, 20, 121601).
cost(25, 21, 307440).
cost(25, 22, 154158).
cost(25, 23, 247332).
cost(25, 24, 149267).
cost(25, 26, 124801).
cost(25, 27, 204536).
cost(25, 28, 143569).
cost(25, 29, 261315).
cost(26, 1, 211979).
cost(26, 2, 680850).
cost(26, 3, 159712).
cost(26, 4, 258436).
cost(26, 5, 439586).
cost(26, 6, 345480).
cost(26, 7, 106161).
cost(26, 8, 521353).
cost(26, 9, 26477).
cost(26, 10, 456368).
cost(26, 11, 233367).
cost(26, 12, 475017).
cost(26, 13, 288309).
cost(26, 14, 539754).
cost(26, 15, 55647).
cost(26, 16, 473633).
cost(26, 17, 395678).
cost(26, 18, 134659).
cost(26, 19, 671673).
cost(26, 20, 192135).
cost(26, 21, 417986).
cost(26, 22, 210813).
cost(26, 23, 366891).
cost(26, 24, 244748).
cost(26, 25, 124801).
cost(26, 27, 295422).
cost(26, 28, 216565).
cost(26, 29, 177433).
cost(27, 1, 83944).
cost(27, 2, 446674).
cost(27, 3, 138127).
cost(27, 4, 239477).
cost(27, 5, 379421).
cost(27, 6, 474214).
cost(27, 7, 233489).
cost(27, 8, 227523).
cost(27, 9, 300803).
cost(27, 10, 325026).
cost(27, 11, 80868).
cost(27, 12, 183635).
cost(27, 13, 427904).
cost(27, 14, 347893).
cost(27, 15, 271686).
cost(27, 16, 356219).
cost(27, 17, 101272).
cost(27, 18, 298678).
cost(27, 19, 385796).
cost(27, 20, 299552).
cost(27, 21, 139234).
cost(27, 22, 100067).
cost(27, 23, 275947).
cost(27, 24, 287929).
cost(27, 25, 204536).
cost(27, 26, 295422).
cost(27, 28, 312460).
cost(27, 29, 460436).
cost(28, 1, 262393).
cost(28, 2, 547018).
cost(28, 3, 212021).
cost(28, 4, 420065).
cost(28, 5, 237346).
cost(28, 6, 165064).
cost(28, 7, 132538).
cost(28, 8, 518824).
cost(28, 9, 242847).
cost(28, 10, 284484).
cost(28, 11, 303467).
cost(28, 12, 483970).
cost(28, 13, 115505).
cost(28, 14, 390136).
cost(28, 15, 163018).
cost(28, 16, 291320).
cost(28, 17, 401787).
cost(28, 18, 341126).
cost(28, 19, 602782).
cost(28, 20, 24728).
cost(28, 21, 371951).
cost(28, 22, 290671).
cost(28, 23, 195596).
cost(28, 24, 48368).
cost(28, 25, 143569).
cost(28, 26, 216565).
cost(28, 27, 312460).
cost(28, 29, 253462).
cost(29, 1, 380182).
cost(29, 2, 793043).
cost(29, 3, 322467).
cost(29, 4, 427051).
cost(29, 5, 486843).
cost(29, 6, 292031).
cost(29, 7, 232397).
cost(29, 8, 687930).
cost(29, 9, 187305).
cost(29, 10, 537267).
cost(29, 11, 406943).
cost(29, 12, 643537).
cost(29, 13, 247359).
cost(29, 14, 639375).
cost(29, 15, 188750).
cost(29, 16, 544772).
cost(29, 17, 561702).
cost(29, 18, 282227).
cost(29, 19, 818524).
cost(29, 20, 238986).
cost(29, 21, 568423).
cost(29, 22, 384990).
cost(29, 23, 447094).
cost(29, 24, 300266).
cost(29, 25, 261315).
cost(29, 26, 177433).
cost(29, 27, 460436).
cost(29, 28, 253462).
nocross(1,9).
nocross(1,12).
nocross(1,25).
nocross(1,26).
nocross(2,10).
nocross(2,14).
nocross(3,9).
nocross(3,12).
nocross(3,14).
nocross(3,15).
nocross(3,20).
nocross(3,24).
nocross(3,25).
nocross(3,26).
nocross(3,28).
nocross(4,7).
nocross(4,9).
nocross(4,12).
nocross(4,15).
nocross(4,18).
nocross(4,26).
nocross(5,10).
nocross(5,16).
nocross(5,23).
nocross(5,24).
nocross(5,28).
nocross(7,9).
nocross(7,13).
nocross(7,14).
nocross(7,15).
nocross(7,20).
nocross(7,24).
nocross(7,25).
nocross(7,26).
nocross(9,15).
nocross(9,18).
nocross(9,26).
nocross(11,9).
nocross(11,12).
nocross(11,15).
nocross(11,20).
nocross(11,26).
nocross(12,2).
nocross(12,9).
nocross(12,14).
nocross(12,17).
nocross(12,19).
nocross(12,21).
nocross(13,7).
nocross(13,15).
nocross(13,20).
nocross(13,24).
nocross(13,28).
nocross(13,29).
nocross(14,2).
nocross(14,10).
nocross(14,19).
nocross(15,7).
nocross(15,9).
nocross(15,13).
nocross(15,20).
nocross(15,25).
nocross(15,26).
nocross(16,2).
nocross(16,5).
nocross(17,11).
nocross(17,12).
nocross(17,14).
nocross(17,21).
nocross(18,7).
nocross(18,9).
nocross(18,12).
nocross(18,15).
nocross(18,20).
nocross(18,25).
nocross(18,26).
nocross(19,2).
nocross(19,12).
nocross(19,14).
nocross(19,21).
nocross(20,7).
nocross(20,15).
nocross(20,24).
nocross(20,26).
nocross(20,28).
nocross(21,2).
nocross(21,12).
nocross(21,14).
nocross(21,17).
nocross(21,20).
nocross(22,7).
nocross(22,9).
nocross(22,11).
nocross(22,12).
nocross(22,15).
nocross(22,20).
nocross(22,26).
nocross(23,2).
nocross(23,5).
nocross(23,14).
nocross(23,20).
nocross(23,24).
nocross(23,25).
nocross(24,7).
nocross(24,20).
nocross(24,23).
nocross(24,28).
nocross(25,7).
nocross(25,9).
nocross(25,13).
nocross(25,14).
nocross(25,15).
nocross(25,20).
nocross(25,24).
nocross(25,26).
nocross(25,28).
nocross(26,7).
nocross(26,9).
nocross(26,12).
nocross(26,15).
nocross(26,18).
nocross(26,20).
nocross(26,29).
nocross(27,11).
nocross(27,14).
nocross(27,20).
nocross(27,25).
nocross(28,13).
nocross(28,20).
nocross(28,24).
nocross(28,26).
nocross(29,7).
nocross(29,9).
nocross(29,13).
nocross(29,15).
nocross(29,20).
nocross(29,26).
nocross(29,28).
