dimension(29).
point(1, -68824.0, 145939.0).
point(2, 58588.0, -125664.0).
point(3, 159622.0, 9411.0).
point(4, 90217.0, 197297.0).
point(5, -114806.0, 131200.0).
point(6, 59336.0, -91774.0).
point(7, 249211.0, 417288.0).
point(8, 141476.0, -171279.0).
point(9, -92506.0, -128683.0).
point(10, 48104.0, -259196.0).
point(11, 116233.0, -61516.0).
point(12, -141121.0, 97424.0).
point(13, -172141.0, -259912.0).
point(14, 2991.0, 26867.0).
point(15, 120489.0, 265745.0).
point(16, -91968.0, -23832.0).
point(17, 119392.0, -256976.0).
point(18, 6825.0, -26014.0).
point(19, 99842.0, 106013.0).
point(20, 122077.0, 145678.0).
point(21, -335576.0, 45601.0).
point(22, -34045.0, -182212.0).
point(23, -513729.0, -71379.0).
point(24, 41564.0, -11690.0).
point(25, -44386.0, 20308.0).
point(26, 249662.0, -134448.0).
point(27, -260992.0, -38609.0).
point(28, -24072.0, -53872.0).
point(29, 119155.0, -72362.0).
cost(1, 2, 300003).
cost(1, 3, 266134).
cost(1, 4, 167128).
cost(1, 5, 48286).
cost(1, 6, 270060).
cost(1, 7, 418063).
cost(1, 8, 380596).
cost(1, 9, 275641).
cost(1, 10, 421671).
cost(1, 11, 277999).
cost(1, 12, 87066).
cost(1, 13, 418795).
cost(1, 14, 139052).
cost(1, 15, 224038).
cost(1, 16, 171341).
cost(1, 17, 444709).
cost(1, 18, 187858).
cost(1, 19, 173327).
cost(1, 20, 190901).
cost(1, 21, 284999).
cost(1, 22, 329989).
cost(1, 23, 495144).
cost(1, 24, 192438).
cost(1, 25, 127986).
cost(1, 26, 424323).
cost(1, 27, 266433).
cost(1, 28, 204761).
cost(1, 29, 288082).
cost(2, 1, 300003).
cost(2, 3, 168681).
cost(2, 4, 324506).
cost(2, 5, 309911).
cost(2, 6, 33898).
cost(2, 7, 575442).
cost(2, 8, 94611).
cost(2, 9, 151124).
cost(2, 10, 133943).
cost(2, 11, 86243).
cost(2, 12, 299419).
cost(2, 13, 266943).
cost(2, 14, 162348).
cost(2, 15, 396274).
cost(2, 16, 181760).
cost(2, 17, 144706).
cost(2, 18, 112292).
cost(2, 19, 235321).
cost(2, 20, 278671).
cost(2, 21, 429764).
cost(2, 22, 108529).
cost(2, 23, 574886).
cost(2, 24, 115238).
cost(2, 25, 178638).
cost(2, 26, 191276).
cost(2, 27, 331225).
cost(2, 28, 109484).
cost(2, 29, 80681).
cost(3, 1, 266134).
cost(3, 2, 168681).
cost(3, 4, 200295).
cost(3, 5, 300239).
cost(3, 6, 142463).
cost(3, 7, 417600).
cost(3, 8, 181599).
cost(3, 9, 287469).
cost(3, 10, 290837).
cost(3, 11, 83146).
cost(3, 12, 313357).
cost(3, 13, 427319).
cost(3, 14, 157601).
cost(3, 15, 259304).
cost(3, 16, 253777).
cost(3, 17, 269408).
cost(3, 18, 156850).
cost(3, 19, 113603).
cost(3, 20, 141345).
cost(3, 21, 496519).
cost(3, 22, 272445).
cost(3, 23, 678180).
cost(3, 24, 119929).
cost(3, 25, 204299).
cost(3, 26, 169713).
cost(3, 27, 423346).
cost(3, 28, 194289).
cost(3, 29, 91238).
cost(4, 1, 167128).
cost(4, 2, 324506).
cost(4, 3, 200295).
cost(4, 5, 215414).
cost(4, 6, 290716).
cost(4, 7, 271432).
cost(4, 8, 372123).
cost(4, 9, 373699).
cost(4, 10, 458431).
cost(4, 11, 260117).
cost(4, 12, 251976).
cost(4, 13, 527135).
cost(4, 14, 191454).
cost(4, 15, 74843).
cost(4, 16, 286512).
cost(4, 17, 455209).
cost(4, 18, 238374).
cost(4, 19, 91790).
cost(4, 20, 60660).
cost(4, 21, 452008).
cost(4, 22, 399335).
cost(4, 23, 661013).
cost(4, 24, 214576).
cost(4, 25, 222358).
cost(4, 26, 368073).
cost(4, 27, 423083).
cost(4, 28, 275949).
cost(4, 29, 271207).
cost(5, 1, 48286).
cost(5, 2, 309911).
cost(5, 3, 300239).
cost(5, 4, 215414).
cost(5, 6, 282918).
cost(5, 7, 462985).
cost(5, 8, 396452).
cost(5, 9, 260838).
cost(5, 10, 423023).
cost(5, 11, 300863).
cost(5, 12, 42817).
cost(5, 13, 395292).
cost(5, 14, 157358).
cost(5, 15, 271046).
cost(5, 16, 156705).
cost(5, 17, 453353).
cost(5, 18, 198772).
cost(5, 19, 216121).
cost(5, 20, 237325).
cost(5, 21, 236784).
cost(5, 22, 323650).
cost(5, 23, 447412).
cost(5, 24, 211823).
cost(5, 25, 131362).
cost(5, 26, 451005).
cost(5, 27, 224066).
cost(5, 28, 206117).
cost(5, 29, 310121).
cost(6, 1, 270060).
cost(6, 2, 33898).
cost(6, 3, 142463).
cost(6, 4, 290716).
cost(6, 5, 282918).
cost(6, 7, 543320).
cost(6, 8, 114315).
cost(6, 9, 156263).
cost(6, 10, 167798).
cost(6, 11, 64442).
cost(6, 12, 275643).
cost(6, 13, 286098).
cost(6, 14, 131341).
cost(6, 15, 362711).
cost(6, 16, 165858).
cost(6, 17, 175779).
cost(6, 18, 84153).
cost(6, 19, 201892).
cost(6, 20, 245601).
cost(6, 21, 418124).
cost(6, 22, 129996).
cost(6, 23, 573428).
cost(6, 24, 82032).
cost(6, 25, 152711).
cost(6, 26, 195051).
cost(6, 27, 324710).
cost(6, 28, 91616).
cost(6, 29, 62890).
cost(7, 1, 418063).
cost(7, 2, 575442).
cost(7, 3, 417600).
cost(7, 4, 271432).
cost(7, 5, 462985).
cost(7, 6, 543320).
cost(7, 8, 598346).
cost(7, 9, 644092).
cost(7, 10, 705744).
cost(7, 11, 496927).
cost(7, 12, 504650).
cost(7, 13, 797582).
cost(7, 14, 461576).
cost(7, 15, 198833).
cost(7, 16, 557665).
cost(7, 17, 686648).
cost(7, 18, 505240).
cost(7, 19, 345258).
cost(7, 20, 299892).
cost(7, 21, 692912).
cost(7, 22, 663049).
cost(7, 23, 906020).
cost(7, 24, 476591).
cost(7, 25, 493753).
cost(7, 26, 551736).
cost(7, 27, 684214).
cost(7, 28, 544679).
cost(7, 29, 506628).
cost(8, 1, 380596).
cost(8, 2, 94611).
cost(8, 3, 181599).
cost(8, 4, 372123).
cost(8, 5, 396452).
cost(8, 6, 114315).
cost(8, 7, 598346).
cost(8, 9, 237828).
cost(8, 10, 128249).
cost(8, 11, 112628).
cost(8, 12, 389952).
cost(8, 13, 325901).
cost(8, 14, 241744).
cost(8, 15, 437528).
cost(8, 16, 276110).
cost(8, 17, 88497).
cost(8, 18, 198073).
cost(8, 19, 280400).
cost(8, 20, 317550).
cost(8, 21, 524038).
cost(8, 22, 175861).
cost(8, 23, 662777).
cost(8, 24, 188285).
cost(8, 25, 266927).
cost(8, 26, 114284).
cost(8, 27, 423771).
cost(8, 28, 202955).
cost(8, 29, 101404).
cost(9, 1, 275641).
cost(9, 2, 151124).
cost(9, 3, 287469).
cost(9, 4, 373699).
cost(9, 5, 260838).
cost(9, 6, 156263).
cost(9, 7, 644092).
cost(9, 8, 237828).
cost(9, 10, 191846).
cost(9, 11, 219279).
cost(9, 12, 231274).
cost(9, 13, 153502).
cost(9, 14, 182525).
cost(9, 15, 448264).
cost(9, 16, 104852).
cost(9, 17, 247709).
cost(9, 18, 142855).
cost(9, 19, 303447).
cost(9, 20, 348310).
cost(9, 21, 299095).
cost(9, 22, 79266).
cost(9, 23, 425103).
cost(9, 24, 177939).
cost(9, 25, 156569).
cost(9, 26, 342217).
cost(9, 27, 191052).
cost(9, 28, 101390).
cost(9, 29, 219026).
cost(10, 1, 421671).
cost(10, 2, 133943).
cost(10, 3, 290837).
cost(10, 4, 458431).
cost(10, 5, 423023).
cost(10, 6, 167798).
cost(10, 7, 705744).
cost(10, 8, 128249).
cost(10, 9, 191846).
cost(10, 11, 209091).
cost(10, 12, 403713).
cost(10, 13, 220246).
cost(10, 14, 289598).
cost(10, 15, 529908).
cost(10, 16, 273891).
cost(10, 17, 71323).
cost(10, 18, 236808).
cost(10, 19, 368856).
cost(10, 20, 411576).
cost(10, 21, 490012).
cost(10, 22, 112583).
cost(10, 23, 592395).
cost(10, 24, 247592).
cost(10, 25, 294409).
cost(10, 26, 237039).
cost(10, 27, 379735).
cost(10, 28, 217640).
cost(10, 29, 199888).
cost(11, 1, 277999).
cost(11, 2, 86243).
cost(11, 3, 83146).
cost(11, 4, 260117).
cost(11, 5, 300863).
cost(11, 6, 64442).
cost(11, 7, 496927).
cost(11, 8, 112628).
cost(11, 9, 219279).
cost(11, 10, 209091).
cost(11, 12, 302478).
cost(11, 13, 350029).
cost(11, 14, 143650).
cost(11, 15, 327289).
cost(11, 16, 211584).
cost(11, 17, 195486).
cost(11, 18, 115024).
cost(11, 19, 168329).
cost(11, 20, 207276).
cost(11, 21, 464333).
cost(11, 22, 192746).
cost(11, 23, 630039).
cost(11, 24, 89767).
cost(11, 25, 180260).
cost(11, 26, 152060).
cost(11, 27, 377920).
cost(11, 28, 140513).
cost(11, 29, 11233).
cost(12, 1, 87066).
cost(12, 2, 299419).
cost(12, 3, 313357).
cost(12, 4, 251976).
cost(12, 5, 42817).
cost(12, 6, 275643).
cost(12, 7, 504650).
cost(12, 8, 389952).
cost(12, 9, 231274).
cost(12, 10, 403713).
cost(12, 11, 302478).
cost(12, 13, 358680).
cost(12, 14, 160457).
cost(12, 15, 311082).
cost(12, 16, 130840).
cost(12, 17, 439848).
cost(12, 18, 192678).
cost(12, 19, 241116).
cost(12, 20, 267585).
cost(12, 21, 201242).
cost(12, 22, 299435).
cost(12, 23, 409061).
cost(12, 24, 212790).
cost(12, 25, 123712).
cost(12, 26, 454396).
cost(12, 27, 181312).
cost(12, 28, 191288).
cost(12, 29, 310759).
cost(13, 1, 418795).
cost(13, 2, 266943).
cost(13, 3, 427319).
cost(13, 4, 527135).
cost(13, 5, 395292).
cost(13, 6, 286098).
cost(13, 7, 797582).
cost(13, 8, 325901).
cost(13, 9, 153502).
cost(13, 10, 220246).
cost(13, 11, 350029).
cost(13, 12, 358680).
cost(13, 14, 336026).
cost(13, 15, 601621).
cost(13, 16, 249322).
cost(13, 17, 291548).
cost(13, 18, 294512).
cost(13, 19, 455934).
cost(13, 20, 501066).
cost(13, 21, 346481).
cost(13, 22, 158454).
cost(13, 23, 390163).
cost(13, 24, 327542).
cost(13, 25, 307968).
cost(13, 26, 440067).
cost(13, 27, 238473).
cost(13, 28, 253726).
cost(13, 29, 346451).
cost(14, 1, 139052).
cost(14, 2, 162348).
cost(14, 3, 157601).
cost(14, 4, 191454).
cost(14, 5, 157358).
cost(14, 6, 131341).
cost(14, 7, 461576).
cost(14, 8, 241744).
cost(14, 9, 182525).
cost(14, 10, 289598).
cost(14, 11, 143650).
cost(14, 12, 160457).
cost(14, 13, 336026).
cost(14, 15, 266211).
cost(14, 16, 107646).
cost(14, 17, 306783).
cost(14, 18, 53020).
cost(14, 19, 125077).
cost(14, 20, 168219).
cost(14, 21, 339085).
cost(14, 22, 212334).
cost(14, 23, 525977).
cost(14, 24, 54539).
cost(14, 25, 47829).
cost(14, 26, 294736).
cost(14, 27, 271982).
cost(14, 28, 85154).
cost(14, 29, 152776).
cost(15, 1, 224038).
cost(15, 2, 396274).
cost(15, 3, 259304).
cost(15, 4, 74843).
cost(15, 5, 271046).
cost(15, 6, 362711).
cost(15, 7, 198833).
cost(15, 8, 437528).
cost(15, 9, 448264).
cost(15, 10, 529908).
cost(15, 11, 327289).
cost(15, 12, 311082).
cost(15, 13, 601621).
cost(15, 14, 266211).
cost(15, 16, 359156).
cost(15, 17, 522722).
cost(15, 18, 313118).
cost(15, 19, 161061).
cost(15, 20, 120078).
cost(15, 21, 506417).
cost(15, 22, 473863).
cost(15, 23, 718251).
cost(15, 24, 288443).
cost(15, 25, 295674).
cost(15, 26, 420524).
cost(15, 27, 488015).
cost(15, 28, 350789).
cost(15, 29, 338110).
cost(16, 1, 171341).
cost(16, 2, 181760).
cost(16, 3, 253777).
cost(16, 4, 286512).
cost(16, 5, 156705).
cost(16, 6, 165858).
cost(16, 7, 557665).
cost(16, 8, 276110).
cost(16, 9, 104852).
cost(16, 10, 273891).
cost(16, 11, 211584).
cost(16, 12, 130840).
cost(16, 13, 249322).
cost(16, 14, 107646).
cost(16, 15, 359156).
cost(16, 17, 314689).
cost(16, 18, 98817).
cost(16, 19, 231626).
cost(16, 20, 273036).
cost(16, 21, 253310).
cost(16, 22, 168640).
cost(16, 23, 424433).
cost(16, 24, 134083).
cost(16, 25, 64903).
cost(16, 26, 359092).
cost(16, 27, 169669).
cost(16, 28, 74245).
cost(16, 29, 216629).
cost(17, 1, 444709).
cost(17, 2, 144706).
cost(17, 3, 269408).
cost(17, 4, 455209).
cost(17, 5, 453353).
cost(17, 6, 175779).
cost(17, 7, 686648).
cost(17, 8, 88497).
cost(17, 9, 247709).
cost(17, 10, 71323).
cost(17, 11, 195486).
cost(17, 12, 439848).
cost(17, 13, 291548).
cost(17, 14, 306783).
cost(17, 15, 522722).
cost(17, 16, 314689).
cost(17, 18, 256933).
cost(17, 19, 363515).
cost(17, 20, 402663).
cost(17, 21, 546396).
cost(17, 22, 170683).
cost(17, 23, 659764).
cost(17, 24, 257337).
cost(17, 25, 322040).
cost(17, 26, 178839).
cost(17, 27, 438607).
cost(17, 28, 248663).
cost(17, 29, 184614).
cost(18, 1, 187858).
cost(18, 2, 112292).
cost(18, 3, 156850).
cost(18, 4, 238374).
cost(18, 5, 198772).
cost(18, 6, 84153).
cost(18, 7, 505240).
cost(18, 8, 198073).
cost(18, 9, 142855).
cost(18, 10, 236808).
cost(18, 11, 115024).
cost(18, 12, 192678).
cost(18, 13, 294512).
cost(18, 14, 53020).
cost(18, 15, 313118).
cost(18, 16, 98817).
cost(18, 17, 256933).
cost(18, 19, 161503).
cost(18, 20, 206788).
cost(18, 21, 349810).
cost(18, 22, 161456).
cost(18, 23, 522527).
cost(18, 24, 37576).
cost(18, 25, 69053).
cost(18, 26, 265947).
cost(18, 27, 268113).
cost(18, 28, 41602).
cost(18, 29, 121516).
cost(19, 1, 173327).
cost(19, 2, 235321).
cost(19, 3, 113603).
cost(19, 4, 91790).
cost(19, 5, 216121).
cost(19, 6, 201892).
cost(19, 7, 345258).
cost(19, 8, 280400).
cost(19, 9, 303447).
cost(19, 10, 368856).
cost(19, 11, 168329).
cost(19, 12, 241116).
cost(19, 13, 455934).
cost(19, 14, 125077).
cost(19, 15, 161061).
cost(19, 16, 231626).
cost(19, 17, 363515).
cost(19, 18, 161503).
cost(19, 20, 45472).
cost(19, 21, 439589).
cost(19, 22, 317804).
cost(19, 23, 638700).
cost(19, 24, 131340).
cost(19, 25, 167771).
cost(19, 26, 283315).
cost(19, 27, 388737).
cost(19, 28, 202282).
cost(19, 29, 179417).
cost(20, 1, 190901).
cost(20, 2, 278671).
cost(20, 3, 141345).
cost(20, 4, 60660).
cost(20, 5, 237325).
cost(20, 6, 245601).
cost(20, 7, 299892).
cost(20, 8, 317550).
cost(20, 9, 348310).
cost(20, 10, 411576).
cost(20, 11, 207276).
cost(20, 12, 267585).
cost(20, 13, 501066).
cost(20, 14, 168219).
cost(20, 15, 120078).
cost(20, 16, 273036).
cost(20, 17, 402663).
cost(20, 18, 206788).
cost(20, 19, 45472).
cost(20, 21, 468467).
cost(20, 22, 363161).
cost(20, 23, 671836).
cost(20, 24, 176768).
cost(20, 25, 208393).
cost(20, 26, 307812).
cost(20, 27, 425092).
cost(20, 28, 247345).
cost(20, 29, 218060).
cost(21, 1, 284999).
cost(21, 2, 429764).
cost(21, 3, 496519).
cost(21, 4, 452008).
cost(21, 5, 236784).
cost(21, 6, 418124).
cost(21, 7, 692912).
cost(21, 8, 524038).
cost(21, 9, 299095).
cost(21, 10, 490012).
cost(21, 11, 464333).
cost(21, 12, 201242).
cost(21, 13, 346481).
cost(21, 14, 339085).
cost(21, 15, 506417).
cost(21, 16, 253310).
cost(21, 17, 546396).
cost(21, 18, 349810).
cost(21, 19, 439589).
cost(21, 20, 468467).
cost(21, 22, 377915).
cost(21, 23, 213126).
cost(21, 24, 381467).
cost(21, 25, 292286).
cost(21, 26, 612308).
cost(21, 27, 112490).
cost(21, 28, 327001).
cost(21, 29, 469782).
cost(22, 1, 329989).
cost(22, 2, 108529).
cost(22, 3, 272445).
cost(22, 4, 399335).
cost(22, 5, 323650).
cost(22, 6, 129996).
cost(22, 7, 663049).
cost(22, 8, 175861).
cost(22, 9, 79266).
cost(22, 10, 112583).
cost(22, 11, 192746).
cost(22, 12, 299435).
cost(22, 13, 158454).
cost(22, 14, 212334).
cost(22, 15, 473863).
cost(22, 16, 168640).
cost(22, 17, 170683).
cost(22, 18, 161456).
cost(22, 19, 317804).
cost(22, 20, 363161).
cost(22, 21, 377915).
cost(22, 23, 492322).
cost(22, 24, 186533).
cost(22, 25, 202784).
cost(22, 26, 287700).
cost(22, 27, 268564).
cost(22, 28, 128727).
cost(22, 29, 188513).
cost(23, 1, 495144).
cost(23, 2, 574886).
cost(23, 3, 678180).
cost(23, 4, 661013).
cost(23, 5, 447412).
cost(23, 6, 573428).
cost(23, 7, 906020).
cost(23, 8, 662777).
cost(23, 9, 425103).
cost(23, 10, 592395).
cost(23, 11, 630039).
cost(23, 12, 409061).
cost(23, 13, 390163).
cost(23, 14, 525977).
cost(23, 15, 718251).
cost(23, 16, 424433).
cost(23, 17, 659764).
cost(23, 18, 522527).
cost(23, 19, 638700).
cost(23, 20, 671836).
cost(23, 21, 213126).
cost(23, 22, 492322).
cost(23, 24, 558492).
cost(23, 25, 478215).
cost(23, 26, 765992).
cost(23, 27, 254853).
cost(23, 28, 489970).
cost(23, 29, 632885).
cost(24, 1, 192438).
cost(24, 2, 115238).
cost(24, 3, 119929).
cost(24, 4, 214576).
cost(24, 5, 211823).
cost(24, 6, 82032).
cost(24, 7, 476591).
cost(24, 8, 188285).
cost(24, 9, 177939).
cost(24, 10, 247592).
cost(24, 11, 89767).
cost(24, 12, 212790).
cost(24, 13, 327542).
cost(24, 14, 54539).
cost(24, 15, 288443).
cost(24, 16, 134083).
cost(24, 17, 257337).
cost(24, 18, 37576).
cost(24, 19, 131340).
cost(24, 20, 176768).
cost(24, 21, 381467).
cost(24, 22, 186533).
cost(24, 23, 558492).
cost(24, 25, 91713).
cost(24, 26, 241608).
cost(24, 27, 303751).
cost(24, 28, 78022).
cost(24, 29, 98496).
cost(25, 1, 127986).
cost(25, 2, 178638).
cost(25, 3, 204299).
cost(25, 4, 222358).
cost(25, 5, 131362).
cost(25, 6, 152711).
cost(25, 7, 493753).
cost(25, 8, 266927).
cost(25, 9, 156569).
cost(25, 10, 294409).
cost(25, 11, 180260).
cost(25, 12, 123712).
cost(25, 13, 307968).
cost(25, 14, 47829).
cost(25, 15, 295674).
cost(25, 16, 64903).
cost(25, 17, 322040).
cost(25, 18, 69053).
cost(25, 19, 167771).
cost(25, 20, 208393).
cost(25, 21, 292286).
cost(25, 22, 202784).
cost(25, 23, 478215).
cost(25, 24, 91713).
cost(25, 26, 332285).
cost(25, 27, 224476).
cost(25, 28, 76911).
cost(25, 29, 187972).
cost(26, 1, 424323).
cost(26, 2, 191276).
cost(26, 3, 169713).
cost(26, 4, 368073).
cost(26, 5, 451005).
cost(26, 6, 195051).
cost(26, 7, 551736).
cost(26, 8, 114284).
cost(26, 9, 342217).
cost(26, 10, 237039).
cost(26, 11, 152060).
cost(26, 12, 454396).
cost(26, 13, 440067).
cost(26, 14, 294736).
cost(26, 15, 420524).
cost(26, 16, 359092).
cost(26, 17, 178839).
cost(26, 18, 265947).
cost(26, 19, 283315).
cost(26, 20, 307812).
cost(26, 21, 612308).
cost(26, 22, 287700).
cost(26, 23, 765992).
cost(26, 24, 241608).
cost(26, 25, 332285).
cost(26, 27, 519570).
cost(26, 28, 285347).
cost(26, 29, 144522).
cost(27, 1, 266433).
cost(27, 2, 331225).
cost(27, 3, 423346).
cost(27, 4, 423083).
cost(27, 5, 224066).
cost(27, 6, 324710).
cost(27, 7, 684214).
cost(27, 8, 423771).
cost(27, 9, 191052).
cost(27, 10, 379735).
cost(27, 11, 377920).
cost(27, 12, 181312).
cost(27, 13, 238473).
cost(27, 14, 271982).
cost(27, 15, 488015).
cost(27, 16, 169669).
cost(27, 17, 438607).
cost(27, 18, 268113).
cost(27, 19, 388737).
cost(27, 20, 425092).
cost(27, 21, 112490).
cost(27, 22, 268564).
cost(27, 23, 254853).
cost(27, 24, 303751).
cost(27, 25, 224476).
cost(27, 26, 519570).
cost(27, 28, 237411).
cost(27, 29, 381643).
cost(28, 1, 204761).
cost(28, 2, 109484).
cost(28, 3, 194289).
cost(28, 4, 275949).
cost(28, 5, 206117).
cost(28, 6, 91616).
cost(28, 7, 544679).
cost(28, 8, 202955).
cost(28, 9, 101390).
cost(28, 10, 217640).
cost(28, 11, 140513).
cost(28, 12, 191288).
cost(28, 13, 253726).
cost(28, 14, 85154).
cost(28, 15, 350789).
cost(28, 16, 74245).
cost(28, 17, 248663).
cost(28, 18, 41602).
cost(28, 19, 202282).
cost(28, 20, 247345).
cost(28, 21, 327001).
cost(28, 22, 128727).
cost(28, 23, 489970).
cost(28, 24, 78022).
cost(28, 25, 76911).
cost(28, 26, 285347).
cost(28, 27, 237411).
cost(28, 29, 144416).
cost(29, 1, 288082).
cost(29, 2, 80681).
cost(29, 3, 91238).
cost(29, 4, 271207).
cost(29, 5, 310121).
cost(29, 6, 62890).
cost(29, 7, 506628).
cost(29, 8, 101404).
cost(29, 9, 219026).
cost(29, 10, 199888).
cost(29, 11, 11233).
cost(29, 12, 310759).
cost(29, 13, 346451).
cost(29, 14, 152776).
cost(29, 15, 338110).
cost(29, 16, 216629).
cost(29, 17, 184614).
cost(29, 18, 121516).
cost(29, 19, 179417).
cost(29, 20, 218060).
cost(29, 21, 469782).
cost(29, 22, 188513).
cost(29, 23, 632885).
cost(29, 24, 98496).
cost(29, 25, 187972).
cost(29, 26, 144522).
cost(29, 27, 381643).
cost(29, 28, 144416).
nocross(1,3).
nocross(1,5).
nocross(1,12).
nocross(1,14).
nocross(1,16).
nocross(1,20).
nocross(1,21).
nocross(1,24).
nocross(1,25).
nocross(1,27).
nocross(3,1).
nocross(3,5).
nocross(3,6).
nocross(3,19).
nocross(3,20).
nocross(3,24).
nocross(3,26).
nocross(3,29).
nocross(4,19).
nocross(5,1).
nocross(5,3).
nocross(5,12).
nocross(5,14).
nocross(5,16).
nocross(5,18).
nocross(5,20).
nocross(5,21).
nocross(5,24).
nocross(5,25).
nocross(5,27).
nocross(6,3).
nocross(6,18).
nocross(6,22).
nocross(6,24).
nocross(6,26).
nocross(6,29).
nocross(7,21).
nocross(8,2).
nocross(8,6).
nocross(8,10).
nocross(8,17).
nocross(8,19).
nocross(8,22).
nocross(8,24).
nocross(8,26).
nocross(8,29).
nocross(9,16).
nocross(9,22).
nocross(10,17).
nocross(10,22).
nocross(12,1).
nocross(12,2).
nocross(12,5).
nocross(12,21).
nocross(12,27).
nocross(13,2).
nocross(13,5).
nocross(13,9).
nocross(13,10).
nocross(13,12).
nocross(13,17).
nocross(13,22).
nocross(13,27).
nocross(14,1).
nocross(14,2).
nocross(14,4).
nocross(14,5).
nocross(14,18).
nocross(14,24).
nocross(14,25).
nocross(15,19).
nocross(15,21).
nocross(16,2).
nocross(16,5).
nocross(16,9).
nocross(16,12).
nocross(16,15).
nocross(16,18).
nocross(16,25).
nocross(17,2).
nocross(17,8).
nocross(17,10).
nocross(17,22).
nocross(17,24).
nocross(17,26).
nocross(17,29).
nocross(18,4).
nocross(18,6).
nocross(18,14).
nocross(18,24).
nocross(18,25).
nocross(18,29).
nocross(19,21).
nocross(20,1).
nocross(20,3).
nocross(20,5).
nocross(20,14).
nocross(20,18).
nocross(20,21).
nocross(20,24).
nocross(20,25).
nocross(20,26).
nocross(20,29).
nocross(22,2).
nocross(22,9).
nocross(22,19).
nocross(23,21).
nocross(24,3).
nocross(24,4).
nocross(24,6).
nocross(24,18).
nocross(24,26).
nocross(24,29).
nocross(25,5).
nocross(25,11).
nocross(25,14).
nocross(25,15).
nocross(25,16).
nocross(25,18).
nocross(25,21).
nocross(25,24).
nocross(26,2).
nocross(26,8).
nocross(26,11).
nocross(26,17).
nocross(26,19).
nocross(26,29).
nocross(27,2).
nocross(27,9).
nocross(27,12).
nocross(27,13).
nocross(27,16).
nocross(27,24).
nocross(27,25).
nocross(28,2).
nocross(28,4).
nocross(28,24).
nocross(28,25).
nocross(29,2).
nocross(29,3).
nocross(29,6).
nocross(29,8).
nocross(29,18).
nocross(29,19).
nocross(29,20).
nocross(29,24).
nocross(29,25).
nocross(29,26).
