dimension(21).
point(1, -567242.0, -238521.0).
point(2, -321658.0, 392980.0).
point(3, 80599.0, -132372.0).
point(4, 136427.0, -99609.0).
point(5, 357030.0, -136870.0).
point(6, 155061.0, -156300.0).
point(7, 232227.0, -59228.0).
point(8, 316896.0, -56098.0).
point(9, -48803.0, -244720.0).
point(10, -176736.0, -53063.0).
point(11, -144352.0, -65145.0).
point(12, 14320.0, 63872.0).
point(13, -267407.0, -72071.0).
point(14, 194616.0, 476691.0).
point(15, 110150.0, 241837.0).
point(16, 98862.0, 92603.0).
point(17, 149444.0, -364585.0).
point(18, 109110.0, -105724.0).
point(19, 112480.0, -143049.0).
point(20, -183675.0, 231663.0).
point(21, -275913.0, -358173.0).
cost(1, 2, 677573).
cost(1, 3, 656480).
cost(1, 4, 717249).
cost(1, 5, 929845).
cost(1, 6, 726968).
cost(1, 7, 819327).
cost(1, 8, 902761).
cost(1, 9, 518476).
cost(1, 10, 432307).
cost(1, 11, 457051).
cost(1, 12, 655481).
cost(1, 13, 342938).
cost(1, 14, 1044967).
cost(1, 15, 830424).
cost(1, 16, 743867).
cost(1, 17, 727689).
cost(1, 18, 689266).
cost(1, 19, 686394).
cost(1, 20, 606792).
cost(1, 21, 314943).
cost(2, 1, 677573).
cost(2, 3, 661669).
cost(2, 4, 672671).
cost(2, 5, 861022).
cost(2, 6, 727303).
cost(2, 7, 715039).
cost(2, 8, 780655).
cost(2, 9, 693622).
cost(2, 10, 468995).
cost(2, 11, 491239).
cost(2, 12, 470312).
cost(2, 13, 468205).
cost(2, 14, 523017).
cost(2, 15, 457496).
cost(2, 16, 516782).
cost(2, 17, 892100).
cost(2, 18, 658989).
cost(2, 19, 689785).
cost(2, 20, 212279).
cost(2, 21, 752545).
cost(3, 1, 656480).
cost(3, 2, 661669).
cost(3, 4, 64732).
cost(3, 5, 276468).
cost(3, 6, 78212).
cost(3, 7, 168348).
cost(3, 8, 248302).
cost(3, 9, 171368).
cost(3, 10, 269279).
cost(3, 11, 234782).
cost(3, 12, 207134).
cost(3, 13, 353192).
cost(3, 14, 619643).
cost(3, 15, 375374).
cost(3, 16, 225715).
cost(3, 17, 242203).
cost(3, 18, 39026).
cost(3, 19, 33621).
cost(3, 20, 449847).
cost(3, 21, 422003).
cost(4, 1, 717249).
cost(4, 2, 672671).
cost(4, 3, 64732).
cost(4, 5, 223728).
cost(4, 6, 59675).
cost(4, 7, 103963).
cost(4, 8, 185640).
cost(4, 9, 235303).
cost(4, 10, 316603).
cost(4, 11, 282886).
cost(4, 12, 204049).
cost(4, 13, 404772).
cost(4, 14, 579230).
cost(4, 15, 342456).
cost(4, 16, 195848).
cost(4, 17, 265296).
cost(4, 18, 27993).
cost(4, 19, 49603).
cost(4, 20, 460659).
cost(4, 21, 486703).
cost(5, 1, 929845).
cost(5, 2, 861022).
cost(5, 3, 276468).
cost(5, 4, 223728).
cost(5, 6, 202901).
cost(5, 7, 146983).
cost(5, 8, 90193).
cost(5, 9, 419919).
cost(5, 10, 540305).
cost(5, 11, 506486).
cost(5, 12, 397174).
cost(5, 13, 627790).
cost(5, 14, 634693).
cost(5, 15, 452072).
cost(5, 16, 345411).
cost(5, 17, 308133).
cost(5, 18, 249869).
cost(5, 19, 244628).
cost(5, 20, 654353).
cost(5, 21, 670516).
cost(6, 1, 726968).
cost(6, 2, 727303).
cost(6, 3, 78212).
cost(6, 4, 59675).
cost(6, 5, 202901).
cost(6, 7, 124006).
cost(6, 8, 190344).
cost(6, 9, 222213).
cost(6, 10, 347487).
cost(6, 11, 312981).
cost(6, 12, 261312).
cost(6, 13, 430783).
cost(6, 14, 634226).
cost(6, 15, 400662).
cost(6, 16, 255169).
cost(6, 17, 208361).
cost(6, 18, 68333).
cost(6, 19, 44595).
cost(6, 20, 515031).
cost(6, 21, 475911).
cost(7, 1, 819327).
cost(7, 2, 715039).
cost(7, 3, 168348).
cost(7, 4, 103963).
cost(7, 5, 146983).
cost(7, 6, 124006).
cost(7, 8, 84727).
cost(7, 9, 336727).
cost(7, 10, 409009).
cost(7, 11, 376625).
cost(7, 12, 250274).
cost(7, 13, 499799).
cost(7, 14, 537237).
cost(7, 15, 324874).
cost(7, 16, 202086).
cost(7, 17, 316379).
cost(7, 18, 131604).
cost(7, 19, 146169).
cost(7, 20, 507535).
cost(7, 21, 589554).
cost(8, 1, 902761).
cost(8, 2, 780655).
cost(8, 3, 248302).
cost(8, 4, 185640).
cost(8, 5, 90193).
cost(8, 6, 190344).
cost(8, 7, 84727).
cost(8, 9, 411478).
cost(8, 10, 493641).
cost(8, 11, 461337).
cost(8, 12, 325492).
cost(8, 13, 584521).
cost(8, 14, 546641).
cost(8, 15, 362642).
cost(8, 16, 263914).
cost(8, 17, 351005).
cost(8, 18, 213630).
cost(8, 19, 222140).
cost(8, 20, 577389).
cost(8, 21, 665336).
cost(9, 1, 518476).
cost(9, 2, 693622).
cost(9, 3, 171368).
cost(9, 4, 235303).
cost(9, 5, 419919).
cost(9, 6, 222213).
cost(9, 7, 336727).
cost(9, 8, 411478).
cost(9, 10, 230433).
cost(9, 11, 203413).
cost(9, 12, 314982).
cost(9, 13, 278559).
cost(9, 14, 761372).
cost(9, 15, 511863).
cost(9, 16, 368228).
cost(9, 17, 231667).
cost(9, 18, 210372).
cost(9, 19, 190655).
cost(9, 20, 495107).
cost(9, 21, 253871).
cost(10, 1, 432307).
cost(10, 2, 468995).
cost(10, 3, 269279).
cost(10, 4, 316603).
cost(10, 5, 540305).
cost(10, 6, 347487).
cost(10, 7, 409009).
cost(10, 8, 493641).
cost(10, 9, 230433).
cost(10, 11, 34564).
cost(10, 12, 224000).
cost(10, 13, 92642).
cost(10, 14, 646948).
cost(10, 15, 411424).
cost(10, 16, 311726).
cost(10, 17, 451043).
cost(10, 18, 290656).
cost(10, 19, 302892).
cost(10, 20, 284811).
cost(10, 21, 320824).
cost(11, 1, 457051).
cost(11, 2, 491239).
cost(11, 3, 234782).
cost(11, 4, 282886).
cost(11, 5, 506486).
cost(11, 6, 312981).
cost(11, 7, 376625).
cost(11, 8, 461337).
cost(11, 9, 203413).
cost(11, 10, 34564).
cost(11, 12, 204505).
cost(11, 13, 123250).
cost(11, 14, 639129).
cost(11, 15, 398760).
cost(11, 16, 289892).
cost(11, 17, 419500).
cost(11, 18, 256690).
cost(11, 19, 268387).
cost(11, 20, 299402).
cost(11, 21, 321207).
cost(12, 1, 655481).
cost(12, 2, 470312).
cost(12, 3, 207134).
cost(12, 4, 204049).
cost(12, 5, 397174).
cost(12, 6, 261312).
cost(12, 7, 250274).
cost(12, 8, 325492).
cost(12, 9, 314982).
cost(12, 10, 224000).
cost(12, 11, 204505).
cost(12, 13, 312811).
cost(12, 14, 450473).
cost(12, 15, 202126).
cost(12, 16, 89291).
cost(12, 17, 449259).
cost(12, 18, 194288).
cost(12, 19, 229023).
cost(12, 20, 259530).
cost(12, 21, 512208).
cost(13, 1, 342938).
cost(13, 2, 468205).
cost(13, 3, 353192).
cost(13, 4, 404772).
cost(13, 5, 627790).
cost(13, 6, 430783).
cost(13, 7, 499799).
cost(13, 8, 584521).
cost(13, 9, 278559).
cost(13, 10, 92642).
cost(13, 11, 123250).
cost(13, 12, 312811).
cost(13, 14, 717360).
cost(13, 15, 491007).
cost(13, 16, 401585).
cost(13, 17, 509244).
cost(13, 18, 378018).
cost(13, 19, 386461).
cost(13, 20, 315064).
cost(13, 21, 286228).
cost(14, 1, 1044967).
cost(14, 2, 523017).
cost(14, 3, 619643).
cost(14, 4, 579230).
cost(14, 5, 634693).
cost(14, 6, 634226).
cost(14, 7, 537237).
cost(14, 8, 546641).
cost(14, 9, 761372).
cost(14, 10, 646948).
cost(14, 11, 639129).
cost(14, 12, 450473).
cost(14, 13, 717360).
cost(14, 15, 249581).
cost(14, 16, 395844).
cost(14, 17, 842488).
cost(14, 18, 588658).
cost(14, 19, 625159).
cost(14, 20, 450714).
cost(14, 21, 958330).
cost(15, 1, 830424).
cost(15, 2, 457496).
cost(15, 3, 375374).
cost(15, 4, 342456).
cost(15, 5, 452072).
cost(15, 6, 400662).
cost(15, 7, 324874).
cost(15, 8, 362642).
cost(15, 9, 511863).
cost(15, 10, 411424).
cost(15, 11, 398760).
cost(15, 12, 202126).
cost(15, 13, 491007).
cost(15, 14, 249581).
cost(15, 16, 149660).
cost(15, 17, 607694).
cost(15, 18, 347563).
cost(15, 19, 384893).
cost(15, 20, 294001).
cost(15, 21, 713482).
cost(16, 1, 743867).
cost(16, 2, 516782).
cost(16, 3, 225715).
cost(16, 4, 195848).
cost(16, 5, 345411).
cost(16, 6, 255169).
cost(16, 7, 202086).
cost(16, 8, 263914).
cost(16, 9, 368228).
cost(16, 10, 311726).
cost(16, 11, 289892).
cost(16, 12, 89291).
cost(16, 13, 401585).
cost(16, 14, 395844).
cost(16, 15, 149660).
cost(16, 17, 459978).
cost(16, 18, 198592).
cost(16, 19, 236045).
cost(16, 20, 314904).
cost(16, 21, 586221).
cost(17, 1, 727689).
cost(17, 2, 892100).
cost(17, 3, 242203).
cost(17, 4, 265296).
cost(17, 5, 308133).
cost(17, 6, 208361).
cost(17, 7, 316379).
cost(17, 8, 351005).
cost(17, 9, 231667).
cost(17, 10, 451043).
cost(17, 11, 419500).
cost(17, 12, 449259).
cost(17, 13, 509244).
cost(17, 14, 842488).
cost(17, 15, 607694).
cost(17, 16, 459978).
cost(17, 18, 261984).
cost(17, 19, 224599).
cost(17, 20, 682993).
cost(17, 21, 425405).
cost(18, 1, 689266).
cost(18, 2, 658989).
cost(18, 3, 39026).
cost(18, 4, 27993).
cost(18, 5, 249869).
cost(18, 6, 68333).
cost(18, 7, 131604).
cost(18, 8, 213630).
cost(18, 9, 210372).
cost(18, 10, 290656).
cost(18, 11, 256690).
cost(18, 12, 194288).
cost(18, 13, 378018).
cost(18, 14, 588658).
cost(18, 15, 347563).
cost(18, 16, 198592).
cost(18, 17, 261984).
cost(18, 19, 37477).
cost(18, 20, 446714).
cost(18, 21, 460405).
cost(19, 1, 686394).
cost(19, 2, 689785).
cost(19, 3, 33621).
cost(19, 4, 49603).
cost(19, 5, 244628).
cost(19, 6, 44595).
cost(19, 7, 146169).
cost(19, 8, 222140).
cost(19, 9, 190655).
cost(19, 10, 302892).
cost(19, 11, 268387).
cost(19, 12, 229023).
cost(19, 13, 386461).
cost(19, 14, 625159).
cost(19, 15, 384893).
cost(19, 16, 236045).
cost(19, 17, 224599).
cost(19, 18, 37477).
cost(19, 20, 477616).
cost(19, 21, 443990).
cost(20, 1, 606792).
cost(20, 2, 212279).
cost(20, 3, 449847).
cost(20, 4, 460659).
cost(20, 5, 654353).
cost(20, 6, 515031).
cost(20, 7, 507535).
cost(20, 8, 577389).
cost(20, 9, 495107).
cost(20, 10, 284811).
cost(20, 11, 299402).
cost(20, 12, 259530).
cost(20, 13, 315064).
cost(20, 14, 450714).
cost(20, 15, 294001).
cost(20, 16, 314904).
cost(20, 17, 682993).
cost(20, 18, 446714).
cost(20, 19, 477616).
cost(20, 21, 597004).
cost(21, 1, 314943).
cost(21, 2, 752545).
cost(21, 3, 422003).
cost(21, 4, 486703).
cost(21, 5, 670516).
cost(21, 6, 475911).
cost(21, 7, 589554).
cost(21, 8, 665336).
cost(21, 9, 253871).
cost(21, 10, 320824).
cost(21, 11, 321207).
cost(21, 12, 512208).
cost(21, 13, 286228).
cost(21, 14, 958330).
cost(21, 15, 713482).
cost(21, 16, 586221).
cost(21, 17, 425405).
cost(21, 18, 460405).
cost(21, 19, 443990).
cost(21, 20, 597004).
