dimension(21).
point(1, 190884.0, -142379.0).
point(2, -177543.0, 55857.0).
point(3, 225620.0, -179985.0).
point(4, 115563.0, 228401.0).
point(5, -110505.0, 55892.0).
point(6, 120448.0, 993380.0).
point(7, 218396.0, 178657.0).
point(8, -226837.0, -141476.0).
point(9, 276197.0, -193375.0).
point(10, -98974.0, -254830.0).
point(11, 56848.0, -67944.0).
point(12, -110562.0, -89576.0).
point(13, -126424.0, 56489.0).
point(14, -302858.0, -132634.0).
point(15, -151336.0, -89047.0).
point(16, 63353.0, -120113.0).
point(17, 270291.0, 260401.0).
point(18, 39883.0, -164019.0).
point(19, 29630.0, 64477.0).
point(20, -186629.0, 470649.0).
point(21, -188040.0, -248702.0).
cost(1, 2, 418373).
cost(1, 3, 51194).
cost(1, 4, 378353).
cost(1, 5, 360759).
cost(1, 6, 1137941).
cost(1, 7, 322213).
cost(1, 8, 417722).
cost(1, 9, 99393).
cost(1, 10, 310907).
cost(1, 11, 153317).
cost(1, 12, 306036).
cost(1, 13, 374477).
cost(1, 14, 493838).
cost(1, 15, 346351).
cost(1, 16, 129460).
cost(1, 17, 410533).
cost(1, 18, 152544).
cost(1, 19, 262283).
cost(1, 20, 719944).
cost(1, 21, 393558).
cost(2, 1, 418373).
cost(2, 3, 467078).
cost(2, 4, 340121).
cost(2, 5, 67038).
cost(2, 6, 983742).
cost(2, 7, 414545).
cost(2, 8, 203397).
cost(2, 9, 517684).
cost(2, 10, 320468).
cost(2, 11, 265077).
cost(2, 12, 160116).
cost(2, 13, 51123).
cost(2, 14, 226346).
cost(2, 15, 147255).
cost(2, 16, 298323).
cost(2, 17, 492335).
cost(2, 18, 309224).
cost(2, 19, 207352).
cost(2, 20, 414892).
cost(2, 21, 304740).
cost(3, 1, 51194).
cost(3, 2, 467078).
cost(3, 4, 422956).
cost(3, 5, 410631).
cost(3, 6, 1178069).
cost(3, 7, 358715).
cost(3, 8, 454093).
cost(3, 9, 52319).
cost(3, 10, 333111).
cost(3, 11, 202576).
cost(3, 12, 348127).
cost(3, 13, 424093).
cost(3, 14, 530595).
cost(3, 15, 387770).
cost(3, 16, 172960).
cost(3, 17, 442646).
cost(3, 18, 186422).
cost(3, 19, 313327).
cost(3, 20, 770243).
cost(3, 21, 419329).
cost(4, 1, 378353).
cost(4, 2, 340121).
cost(4, 3, 422956).
cost(4, 5, 284370).
cost(4, 6, 764995).
cost(4, 7, 114233).
cost(4, 8, 504031).
cost(4, 9, 451329).
cost(4, 10, 528714).
cost(4, 11, 302106).
cost(4, 12, 390182).
cost(4, 13, 296836).
cost(4, 14, 552650).
cost(4, 15, 414739).
cost(4, 16, 352403).
cost(4, 17, 158002).
cost(4, 18, 399651).
cost(4, 19, 185083).
cost(4, 20, 387304).
cost(4, 21, 565510).
cost(5, 1, 360759).
cost(5, 2, 67038).
cost(5, 3, 410631).
cost(5, 4, 284370).
cost(5, 6, 965517).
cost(5, 7, 351066).
cost(5, 8, 229101).
cost(5, 9, 460079).
cost(5, 10, 310936).
cost(5, 11, 208188).
cost(5, 12, 145468).
cost(5, 13, 15930).
cost(5, 14, 269336).
cost(5, 15, 150580).
cost(5, 16, 247395).
cost(5, 17, 432238).
cost(5, 18, 266416).
cost(5, 19, 140398).
cost(5, 20, 421685).
cost(5, 21, 314307).
cost(6, 1, 1137941).
cost(6, 2, 983742).
cost(6, 3, 1178069).
cost(6, 4, 764995).
cost(6, 5, 965517).
cost(6, 7, 820590).
cost(6, 8, 1186805).
cost(6, 9, 1196932).
cost(6, 10, 1267349).
cost(6, 11, 1063228).
cost(6, 12, 1107321).
cost(6, 13, 968871).
cost(6, 14, 1202953).
cost(6, 15, 1116026).
cost(6, 16, 1114956).
cost(6, 17, 748138).
cost(6, 18, 1160200).
cost(6, 19, 933332).
cost(6, 20, 606254).
cost(6, 21, 1279817).
cost(7, 1, 322213).
cost(7, 2, 414545).
cost(7, 3, 358715).
cost(7, 4, 114233).
cost(7, 5, 351066).
cost(7, 6, 820590).
cost(7, 8, 548377).
cost(7, 9, 376495).
cost(7, 10, 537247).
cost(7, 11, 294805).
cost(7, 12, 424455).
cost(7, 13, 365822).
cost(7, 14, 607131).
cost(7, 15, 456473).
cost(7, 16, 336603).
cost(7, 17, 96825).
cost(7, 18, 386385).
cost(7, 19, 220612).
cost(7, 20, 499304).
cost(7, 21, 589768).
cost(8, 1, 417722).
cost(8, 2, 203397).
cost(8, 3, 454093).
cost(8, 4, 504031).
cost(8, 5, 229101).
cost(8, 6, 1186805).
cost(8, 7, 548377).
cost(8, 9, 505704).
cost(8, 10, 170874).
cost(8, 11, 293060).
cost(8, 12, 127332).
cost(8, 13, 221975).
cost(8, 14, 76533).
cost(8, 15, 91920).
cost(8, 16, 290975).
cost(8, 17, 639251).
cost(8, 18, 267671).
cost(8, 19, 328925).
cost(8, 20, 613444).
cost(8, 21, 114029).
cost(9, 1, 99393).
cost(9, 2, 517684).
cost(9, 3, 52319).
cost(9, 4, 451329).
cost(9, 5, 460079).
cost(9, 6, 1196932).
cost(9, 7, 376495).
cost(9, 8, 505704).
cost(9, 10, 380171).
cost(9, 11, 252679).
cost(9, 12, 400446).
cost(9, 13, 473852).
cost(9, 14, 582232).
cost(9, 15, 440078).
cost(9, 16, 225100).
cost(9, 17, 453814).
cost(9, 18, 238130).
cost(9, 19, 356767).
cost(9, 20, 809405).
cost(9, 21, 467522).
cost(10, 1, 310907).
cost(10, 2, 320468).
cost(10, 3, 333111).
cost(10, 4, 528714).
cost(10, 5, 310936).
cost(10, 6, 1267349).
cost(10, 7, 537247).
cost(10, 8, 170874).
cost(10, 9, 380171).
cost(10, 11, 243325).
cost(10, 12, 165660).
cost(10, 13, 312527).
cost(10, 14, 237698).
cost(10, 15, 173856).
cost(10, 16, 210947).
cost(10, 17, 633892).
cost(10, 18, 165915).
cost(10, 19, 344232).
cost(10, 20, 730755).
cost(10, 21, 89277).
cost(11, 1, 153317).
cost(11, 2, 265077).
cost(11, 3, 202576).
cost(11, 4, 302106).
cost(11, 5, 208188).
cost(11, 6, 1063228).
cost(11, 7, 294805).
cost(11, 8, 293060).
cost(11, 9, 252679).
cost(11, 10, 243325).
cost(11, 12, 168802).
cost(11, 13, 221522).
cost(11, 14, 365477).
cost(11, 15, 209251).
cost(11, 16, 52573).
cost(11, 17, 391623).
cost(11, 18, 97561).
cost(11, 19, 135189).
cost(11, 20, 591070).
cost(11, 21, 304374).
cost(12, 1, 306036).
cost(12, 2, 160116).
cost(12, 3, 348127).
cost(12, 4, 390182).
cost(12, 5, 145468).
cost(12, 6, 1107321).
cost(12, 7, 424455).
cost(12, 8, 127332).
cost(12, 9, 400446).
cost(12, 10, 165660).
cost(12, 11, 168802).
cost(12, 13, 146924).
cost(12, 14, 197058).
cost(12, 15, 40777).
cost(12, 16, 176576).
cost(12, 17, 517236).
cost(12, 18, 167855).
cost(12, 19, 208293).
cost(12, 20, 565366).
cost(12, 21, 176986).
cost(13, 1, 374477).
cost(13, 2, 51123).
cost(13, 3, 424093).
cost(13, 4, 296836).
cost(13, 5, 15930).
cost(13, 6, 968871).
cost(13, 7, 365822).
cost(13, 8, 221975).
cost(13, 9, 473852).
cost(13, 10, 312527).
cost(13, 11, 221522).
cost(13, 12, 146924).
cost(13, 14, 258644).
cost(13, 15, 147653).
cost(13, 16, 259237).
cost(13, 17, 446053).
cost(13, 18, 276192).
cost(13, 19, 156258).
cost(13, 20, 418513).
cost(13, 21, 311349).
cost(14, 1, 493838).
cost(14, 2, 226346).
cost(14, 3, 530595).
cost(14, 4, 552650).
cost(14, 5, 269336).
cost(14, 6, 1202953).
cost(14, 7, 607131).
cost(14, 8, 76533).
cost(14, 9, 582232).
cost(14, 10, 237698).
cost(14, 11, 365477).
cost(14, 12, 197058).
cost(14, 13, 258644).
cost(14, 15, 157667).
cost(14, 16, 366425).
cost(14, 17, 694965).
cost(14, 18, 344175).
cost(14, 19, 386524).
cost(14, 20, 614377).
cost(14, 21, 163263).
cost(15, 1, 346351).
cost(15, 2, 147255).
cost(15, 3, 387770).
cost(15, 4, 414739).
cost(15, 5, 150580).
cost(15, 6, 1116026).
cost(15, 7, 456473).
cost(15, 8, 91920).
cost(15, 9, 440078).
cost(15, 10, 173856).
cost(15, 11, 209251).
cost(15, 12, 40777).
cost(15, 13, 147653).
cost(15, 14, 157667).
cost(15, 16, 216925).
cost(15, 17, 547616).
cost(15, 18, 205391).
cost(15, 19, 237315).
cost(15, 20, 560808).
cost(15, 21, 163820).
cost(16, 1, 129460).
cost(16, 2, 298323).
cost(16, 3, 172960).
cost(16, 4, 352403).
cost(16, 5, 247395).
cost(16, 6, 1114956).
cost(16, 7, 336603).
cost(16, 8, 290975).
cost(16, 9, 225100).
cost(16, 10, 210947).
cost(16, 11, 52573).
cost(16, 12, 176576).
cost(16, 13, 259237).
cost(16, 14, 366425).
cost(16, 15, 216925).
cost(16, 17, 433145).
cost(16, 18, 49785).
cost(16, 19, 187645).
cost(16, 20, 641475).
cost(16, 21, 282371).
cost(17, 1, 410533).
cost(17, 2, 492335).
cost(17, 3, 442646).
cost(17, 4, 158002).
cost(17, 5, 432238).
cost(17, 6, 748138).
cost(17, 7, 96825).
cost(17, 8, 639251).
cost(17, 9, 453814).
cost(17, 10, 633892).
cost(17, 11, 391623).
cost(17, 12, 517236).
cost(17, 13, 446053).
cost(17, 14, 694965).
cost(17, 15, 547616).
cost(17, 16, 433145).
cost(17, 18, 482929).
cost(17, 19, 310329).
cost(17, 20, 502971).
cost(17, 21, 685021).
cost(18, 1, 152544).
cost(18, 2, 309224).
cost(18, 3, 186422).
cost(18, 4, 399651).
cost(18, 5, 266416).
cost(18, 6, 1160200).
cost(18, 7, 386385).
cost(18, 8, 267671).
cost(18, 9, 238130).
cost(18, 10, 165915).
cost(18, 11, 97561).
cost(18, 12, 167855).
cost(18, 13, 276192).
cost(18, 14, 344175).
cost(18, 15, 205391).
cost(18, 16, 49785).
cost(18, 17, 482929).
cost(18, 19, 228726).
cost(18, 20, 673878).
cost(18, 21, 243146).
cost(19, 1, 262283).
cost(19, 2, 207352).
cost(19, 3, 313327).
cost(19, 4, 185083).
cost(19, 5, 140398).
cost(19, 6, 933332).
cost(19, 7, 220612).
cost(19, 8, 328925).
cost(19, 9, 356767).
cost(19, 10, 344232).
cost(19, 11, 135189).
cost(19, 12, 208293).
cost(19, 13, 156258).
cost(19, 14, 386524).
cost(19, 15, 237315).
cost(19, 16, 187645).
cost(19, 17, 310329).
cost(19, 18, 228726).
cost(19, 20, 460156).
cost(19, 21, 381394).
cost(20, 1, 719944).
cost(20, 2, 414892).
cost(20, 3, 770243).
cost(20, 4, 387304).
cost(20, 5, 421685).
cost(20, 6, 606254).
cost(20, 7, 499304).
cost(20, 8, 613444).
cost(20, 9, 809405).
cost(20, 10, 730755).
cost(20, 11, 591070).
cost(20, 12, 565366).
cost(20, 13, 418513).
cost(20, 14, 614377).
cost(20, 15, 560808).
cost(20, 16, 641475).
cost(20, 17, 502971).
cost(20, 18, 673878).
cost(20, 19, 460156).
cost(20, 21, 719352).
cost(21, 1, 393558).
cost(21, 2, 304740).
cost(21, 3, 419329).
cost(21, 4, 565510).
cost(21, 5, 314307).
cost(21, 6, 1279817).
cost(21, 7, 589768).
cost(21, 8, 114029).
cost(21, 9, 467522).
cost(21, 10, 89277).
cost(21, 11, 304374).
cost(21, 12, 176986).
cost(21, 13, 311349).
cost(21, 14, 163263).
cost(21, 15, 163820).
cost(21, 16, 282371).
cost(21, 17, 685021).
cost(21, 18, 243146).
cost(21, 19, 381394).
cost(21, 20, 719352).
