dimension(21).
point(1, -207324.0, 346034.0).
point(2, 227096.0, 152621.0).
point(3, 92528.0, 93113.0).
point(4, 276483.0, -101523.0).
point(5, 14634.0, -60699.0).
point(6, -42419.0, -9827.0).
point(7, 224881.0, 50533.0).
point(8, 85268.0, 97376.0).
point(9, -339540.0, 15052.0).
point(10, -227956.0, 217416.0).
point(11, 59177.0, -253768.0).
point(12, -63148.0, 76115.0).
point(13, -249851.0, -213427.0).
point(14, -139744.0, 224014.0).
point(15, 111078.0, -82795.0).
point(16, -264314.0, -135676.0).
point(17, 307260.0, 27438.0).
point(18, 29480.0, -355461.0).
point(19, -131927.0, -154113.0).
point(20, 31765.0, 691289.0).
point(21, -86501.0, 34902.0).
cost(1, 2, 475531).
cost(1, 3, 392276).
cost(1, 4, 659072).
cost(1, 5, 463354).
cost(1, 6, 392213).
cost(1, 7, 523567).
cost(1, 8, 383980).
cost(1, 9, 356413).
cost(1, 10, 130262).
cost(1, 11, 656342).
cost(1, 12, 306011).
cost(1, 13, 561075).
cost(1, 14, 139485).
cost(1, 15, 534111).
cost(1, 16, 485069).
cost(1, 17, 605227).
cost(1, 18, 740386).
cost(1, 19, 505798).
cost(1, 20, 419958).
cost(1, 21, 333768).
cost(2, 1, 475531).
cost(2, 3, 147139).
cost(2, 4, 258898).
cost(2, 5, 301074).
cost(2, 6, 314687).
cost(2, 7, 102112).
cost(2, 8, 152208).
cost(2, 9, 583097).
cost(2, 10, 459642).
cost(2, 11, 439714).
cost(2, 12, 300158).
cost(2, 13, 601223).
cost(2, 14, 373723).
cost(2, 15, 262452).
cost(2, 16, 569736).
cost(2, 17, 148651).
cost(2, 18, 545160).
cost(2, 19, 472211).
cost(2, 20, 572990).
cost(2, 21, 334964).
cost(3, 1, 392276).
cost(3, 2, 147139).
cost(3, 4, 267811).
cost(3, 5, 172411).
cost(3, 6, 169727).
cost(3, 7, 139034).
cost(3, 8, 8419).
cost(3, 9, 439063).
cost(3, 10, 343746).
cost(3, 11, 348481).
cost(3, 12, 156601).
cost(3, 13, 459554).
cost(3, 14, 266618).
cost(3, 15, 176883).
cost(3, 16, 423888).
cost(3, 17, 224551).
cost(3, 18, 452983).
cost(3, 19, 333917).
cost(3, 20, 601254).
cost(3, 21, 188255).
cost(4, 1, 659072).
cost(4, 2, 258898).
cost(4, 3, 267811).
cost(4, 5, 265012).
cost(4, 6, 331823).
cost(4, 7, 160573).
cost(4, 8, 275906).
cost(4, 9, 626956).
cost(4, 10, 596809).
cost(4, 11, 265331).
cost(4, 12, 383281).
cost(4, 13, 538098).
cost(4, 14, 528412).
cost(4, 15, 166462).
cost(4, 16, 541874).
cost(4, 17, 132583).
cost(4, 18, 354253).
cost(4, 19, 411782).
cost(4, 20, 829721).
cost(4, 21, 387775).
cost(5, 1, 463354).
cost(5, 2, 301074).
cost(5, 3, 172411).
cost(5, 4, 265012).
cost(5, 6, 76440).
cost(5, 7, 237858).
cost(5, 8, 173138).
cost(5, 9, 362184).
cost(5, 10, 369050).
cost(5, 11, 198141).
cost(5, 12, 157379).
cost(5, 13, 305415).
cost(5, 14, 323874).
cost(5, 15, 98943).
cost(5, 16, 288849).
cost(5, 17, 305611).
cost(5, 18, 295136).
cost(5, 19, 173800).
cost(5, 20, 752183).
cost(5, 21, 139168).
cost(6, 1, 392213).
cost(6, 2, 314687).
cost(6, 3, 169727).
cost(6, 4, 331823).
cost(6, 5, 76440).
cost(6, 7, 274030).
cost(6, 8, 166723).
cost(6, 9, 298161).
cost(6, 10, 293366).
cost(6, 11, 264252).
cost(6, 12, 88407).
cost(6, 13, 290656).
cost(6, 14, 253286).
cost(6, 15, 169958).
cost(6, 16, 255099).
cost(6, 17, 351659).
cost(6, 18, 353033).
cost(6, 19, 169794).
cost(6, 20, 705030).
cost(6, 21, 62801).
cost(7, 1, 523567).
cost(7, 2, 102112).
cost(7, 3, 139034).
cost(7, 4, 160573).
cost(7, 5, 237858).
cost(7, 6, 274030).
cost(7, 8, 147262).
cost(7, 9, 565535).
cost(7, 10, 482609).
cost(7, 11, 346492).
cost(7, 12, 289163).
cost(7, 13, 543181).
cost(7, 14, 403791).
cost(7, 15, 175293).
cost(7, 16, 523436).
cost(7, 17, 85555).
cost(7, 18, 450569).
cost(7, 19, 411329).
cost(7, 20, 669225).
cost(7, 21, 311774).
cost(8, 1, 383980).
cost(8, 2, 152208).
cost(8, 3, 8419).
cost(8, 4, 275906).
cost(8, 5, 173138).
cost(8, 6, 166723).
cost(8, 7, 147262).
cost(8, 9, 432711).
cost(8, 10, 335438).
cost(8, 11, 352112).
cost(8, 12, 149931).
cost(8, 13, 457059).
cost(8, 14, 258201).
cost(8, 15, 182010).
cost(8, 16, 420144).
cost(8, 17, 232748).
cost(8, 18, 456261).
cost(8, 19, 332296).
cost(8, 20, 596318).
cost(8, 21, 182777).
cost(9, 1, 356413).
cost(9, 2, 583097).
cost(9, 3, 439063).
cost(9, 4, 626956).
cost(9, 5, 362184).
cost(9, 6, 298161).
cost(9, 7, 565535).
cost(9, 8, 432711).
cost(9, 10, 231089).
cost(9, 11, 480874).
cost(9, 12, 283057).
cost(9, 13, 245452).
cost(9, 14, 289108).
cost(9, 15, 461119).
cost(9, 16, 168457).
cost(9, 17, 646919).
cost(9, 18, 522930).
cost(9, 19, 267806).
cost(9, 20, 771469).
cost(9, 21, 253816).
cost(10, 1, 130262).
cost(10, 2, 459642).
cost(10, 3, 343746).
cost(10, 4, 596809).
cost(10, 5, 369050).
cost(10, 6, 293366).
cost(10, 7, 482609).
cost(10, 8, 335438).
cost(10, 9, 231089).
cost(10, 11, 551779).
cost(10, 12, 217089).
cost(10, 13, 431399).
cost(10, 14, 88458).
cost(10, 15, 452847).
cost(10, 16, 354959).
cost(10, 17, 567933).
cost(10, 18, 628062).
cost(10, 19, 383739).
cost(10, 20, 540380).
cost(10, 21, 230913).
cost(11, 1, 656342).
cost(11, 2, 439714).
cost(11, 3, 348481).
cost(11, 4, 265331).
cost(11, 5, 198141).
cost(11, 6, 264252).
cost(11, 7, 346492).
cost(11, 8, 352112).
cost(11, 9, 480874).
cost(11, 10, 551779).
cost(11, 12, 351833).
cost(11, 13, 311650).
cost(11, 14, 517538).
cost(11, 15, 178677).
cost(11, 16, 344372).
cost(11, 17, 374996).
cost(11, 18, 105940).
cost(11, 19, 215527).
cost(11, 20, 945454).
cost(11, 21, 323346).
cost(12, 1, 306011).
cost(12, 2, 300158).
cost(12, 3, 156601).
cost(12, 4, 383281).
cost(12, 5, 157379).
cost(12, 6, 88407).
cost(12, 7, 289163).
cost(12, 8, 149931).
cost(12, 9, 283057).
cost(12, 10, 217089).
cost(12, 11, 351833).
cost(12, 13, 344518).
cost(12, 14, 166556).
cost(12, 15, 235812).
cost(12, 16, 292101).
cost(12, 17, 373593).
cost(12, 18, 441404).
cost(12, 19, 240282).
cost(12, 20, 622453).
cost(12, 21, 47370).
cost(13, 1, 561075).
cost(13, 2, 601223).
cost(13, 3, 459554).
cost(13, 4, 538098).
cost(13, 5, 305415).
cost(13, 6, 290656).
cost(13, 7, 543181).
cost(13, 8, 457059).
cost(13, 9, 245452).
cost(13, 10, 431399).
cost(13, 11, 311650).
cost(13, 12, 344518).
cost(13, 14, 451086).
cost(13, 15, 383842).
cost(13, 16, 79085).
cost(13, 17, 606950).
cost(13, 18, 313368).
cost(13, 19, 132001).
cost(13, 20, 947533).
cost(13, 21, 297238).
cost(14, 1, 139485).
cost(14, 2, 373723).
cost(14, 3, 266618).
cost(14, 4, 528412).
cost(14, 5, 323874).
cost(14, 6, 253286).
cost(14, 7, 403791).
cost(14, 8, 258201).
cost(14, 9, 289108).
cost(14, 10, 88458).
cost(14, 11, 517538).
cost(14, 12, 166556).
cost(14, 13, 451086).
cost(14, 15, 396287).
cost(14, 16, 380650).
cost(14, 17, 488318).
cost(14, 18, 603679).
cost(14, 19, 378208).
cost(14, 20, 497756).
cost(14, 21, 196464).
cost(15, 1, 534111).
cost(15, 2, 262452).
cost(15, 3, 176883).
cost(15, 4, 166462).
cost(15, 5, 98943).
cost(15, 6, 169958).
cost(15, 7, 175293).
cost(15, 8, 182010).
cost(15, 9, 461119).
cost(15, 10, 452847).
cost(15, 11, 178677).
cost(15, 12, 235812).
cost(15, 13, 383842).
cost(15, 14, 396287).
cost(15, 16, 379098).
cost(15, 17, 225030).
cost(15, 18, 284614).
cost(15, 19, 253254).
cost(15, 20, 778137).
cost(15, 21, 229978).
cost(16, 1, 485069).
cost(16, 2, 569736).
cost(16, 3, 423888).
cost(16, 4, 541874).
cost(16, 5, 288849).
cost(16, 6, 255099).
cost(16, 7, 523436).
cost(16, 8, 420144).
cost(16, 9, 168457).
cost(16, 10, 354959).
cost(16, 11, 344372).
cost(16, 12, 292101).
cost(16, 13, 79085).
cost(16, 14, 380650).
cost(16, 15, 379098).
cost(16, 17, 594393).
cost(16, 18, 366906).
cost(16, 19, 133665).
cost(16, 20, 878370).
cost(16, 21, 246403).
cost(17, 1, 605227).
cost(17, 2, 148651).
cost(17, 3, 224551).
cost(17, 4, 132583).
cost(17, 5, 305611).
cost(17, 6, 351659).
cost(17, 7, 85555).
cost(17, 8, 232748).
cost(17, 9, 646919).
cost(17, 10, 567933).
cost(17, 11, 374996).
cost(17, 12, 373593).
cost(17, 13, 606950).
cost(17, 14, 488318).
cost(17, 15, 225030).
cost(17, 16, 594393).
cost(17, 18, 473047).
cost(17, 19, 475233).
cost(17, 20, 718746).
cost(17, 21, 393832).
cost(18, 1, 740386).
cost(18, 2, 545160).
cost(18, 3, 452983).
cost(18, 4, 354253).
cost(18, 5, 295136).
cost(18, 6, 353033).
cost(18, 7, 450569).
cost(18, 8, 456261).
cost(18, 9, 522930).
cost(18, 10, 628062).
cost(18, 11, 105940).
cost(18, 12, 441404).
cost(18, 13, 313368).
cost(18, 14, 603679).
cost(18, 15, 284614).
cost(18, 16, 366906).
cost(18, 17, 473047).
cost(18, 19, 258057).
cost(18, 20, 1046752).
cost(18, 21, 407228).
cost(19, 1, 505798).
cost(19, 2, 472211).
cost(19, 3, 333917).
cost(19, 4, 411782).
cost(19, 5, 173800).
cost(19, 6, 169794).
cost(19, 7, 411329).
cost(19, 8, 332296).
cost(19, 9, 267806).
cost(19, 10, 383739).
cost(19, 11, 215527).
cost(19, 12, 240282).
cost(19, 13, 132001).
cost(19, 14, 378208).
cost(19, 15, 253254).
cost(19, 16, 133665).
cost(19, 17, 475233).
cost(19, 18, 258057).
cost(19, 20, 861104).
cost(19, 21, 194397).
cost(20, 1, 419958).
cost(20, 2, 572990).
cost(20, 3, 601254).
cost(20, 4, 829721).
cost(20, 5, 752183).
cost(20, 6, 705030).
cost(20, 7, 669225).
cost(20, 8, 596318).
cost(20, 9, 771469).
cost(20, 10, 540380).
cost(20, 11, 945454).
cost(20, 12, 622453).
cost(20, 13, 947533).
cost(20, 14, 497756).
cost(20, 15, 778137).
cost(20, 16, 878370).
cost(20, 17, 718746).
cost(20, 18, 1046752).
cost(20, 19, 861104).
cost(20, 21, 666956).
cost(21, 1, 333768).
cost(21, 2, 334964).
cost(21, 3, 188255).
cost(21, 4, 387775).
cost(21, 5, 139168).
cost(21, 6, 62801).
cost(21, 7, 311774).
cost(21, 8, 182777).
cost(21, 9, 253816).
cost(21, 10, 230913).
cost(21, 11, 323346).
cost(21, 12, 47370).
cost(21, 13, 297238).
cost(21, 14, 196464).
cost(21, 15, 229978).
cost(21, 16, 246403).
cost(21, 17, 393832).
cost(21, 18, 407228).
cost(21, 19, 194397).
cost(21, 20, 666956).
