dimension(21).
point(1, 139346.0, -197081.0).
point(2, -59199.0, 353296.0).
point(3, 170669.0, -65681.0).
point(4, -262039.0, -276347.0).
point(5, -369294.0, 94080.0).
point(6, -18944.0, -184771.0).
point(7, -422657.0, -232342.0).
point(8, 202668.0, 203384.0).
point(9, -10976.0, -245877.0).
point(10, 846.0, -39681.0).
point(11, 140127.0, -25807.0).
point(12, 24783.0, -340845.0).
point(13, -528949.0, 175539.0).
point(14, -322531.0, 218057.0).
point(15, 409982.0, 301842.0).
point(16, -100744.0, 134049.0).
point(17, -75411.0, -263596.0).
point(18, -34906.0, -235279.0).
point(19, -435450.0, -109565.0).
point(20, 302455.0, -154338.0).
point(21, 61056.0, 369304.0).
cost(1, 2, 585094).
cost(1, 3, 135082).
cost(1, 4, 409137).
cost(1, 5, 586080).
cost(1, 6, 158768).
cost(1, 7, 563108).
cost(1, 8, 405440).
cost(1, 9, 158044).
cost(1, 10, 209659).
cost(1, 11, 171276).
cost(1, 12, 183828).
cost(1, 13, 765156).
cost(1, 14, 621023).
cost(1, 15, 567598).
cost(1, 16, 409011).
cost(1, 17, 224822).
cost(1, 18, 178390).
cost(1, 19, 581420).
cost(1, 20, 168616).
cost(1, 21, 571770).
cost(2, 1, 585094).
cost(2, 3, 477892).
cost(2, 4, 661509).
cost(2, 5, 404168).
cost(2, 6, 539571).
cost(2, 7, 689256).
cost(2, 8, 301742).
cost(2, 9, 601110).
cost(2, 10, 397538).
cost(2, 11, 428311).
cost(2, 12, 699203).
cost(2, 13, 502258).
cost(2, 14, 296029).
cost(2, 15, 471994).
cost(2, 16, 223148).
cost(2, 17, 617105).
cost(2, 18, 589076).
cost(2, 19, 596494).
cost(2, 20, 623286).
cost(2, 21, 121316).
cost(3, 1, 135082).
cost(3, 2, 477892).
cost(3, 4, 481265).
cost(3, 5, 563102).
cost(3, 6, 223910).
cost(3, 7, 616289).
cost(3, 8, 270961).
cost(3, 9, 255862).
cost(3, 10, 171802).
cost(3, 11, 50227).
cost(3, 12, 311445).
cost(3, 13, 740035).
cost(3, 14, 568993).
cost(3, 15, 438570).
cost(3, 16, 336982).
cost(3, 17, 315794).
cost(3, 18, 266504).
cost(3, 19, 607706).
cost(3, 20, 158832).
cost(3, 21, 448583).
cost(4, 1, 409137).
cost(4, 2, 661509).
cost(4, 3, 481265).
cost(4, 5, 385642).
cost(4, 6, 259772).
cost(4, 7, 166537).
cost(4, 8, 667903).
cost(4, 9, 252905).
cost(4, 10, 353722).
cost(4, 11, 473823).
cost(4, 12, 293984).
cost(4, 13, 524826).
cost(4, 14, 498091).
cost(4, 15, 886518).
cost(4, 16, 440955).
cost(4, 17, 187063).
cost(4, 18, 230816).
cost(4, 19, 240598).
cost(4, 20, 577529).
cost(4, 21, 721980).
cost(5, 1, 586080).
cost(5, 2, 404168).
cost(5, 3, 563102).
cost(5, 4, 385642).
cost(5, 6, 447776).
cost(5, 7, 330755).
cost(5, 8, 582313).
cost(5, 9, 493926).
cost(5, 10, 393568).
cost(5, 11, 523338).
cost(5, 12, 586904).
cost(5, 13, 179235).
cost(5, 14, 132503).
cost(5, 15, 806496).
cost(5, 16, 271508).
cost(5, 17, 462925).
cost(5, 18, 469353).
cost(5, 19, 214121).
cost(5, 20, 716211).
cost(5, 21, 510832).
cost(6, 1, 158768).
cost(6, 2, 539571).
cost(6, 3, 223910).
cost(6, 4, 259772).
cost(6, 5, 447776).
cost(6, 7, 406506).
cost(6, 8, 446963).
cost(6, 9, 61623).
cost(6, 10, 146433).
cost(6, 11, 224885).
cost(6, 12, 162084).
cost(6, 13, 624442).
cost(6, 14, 504416).
cost(6, 15, 648668).
cost(6, 16, 329147).
cost(6, 17, 96963).
cost(6, 18, 52970).
cost(6, 19, 423241).
cost(6, 20, 322837).
cost(6, 21, 559821).
cost(7, 1, 563108).
cost(7, 2, 689256).
cost(7, 3, 616289).
cost(7, 4, 166537).
cost(7, 5, 330755).
cost(7, 6, 406506).
cost(7, 8, 762160).
cost(7, 9, 411903).
cost(7, 10, 465267).
cost(7, 11, 599485).
cost(7, 12, 460408).
cost(7, 13, 421503).
cost(7, 14, 461394).
cost(7, 15, 989262).
cost(7, 16, 487720).
cost(7, 17, 348650).
cost(7, 18, 387762).
cost(7, 19, 123442).
cost(7, 20, 729296).
cost(7, 21, 771982).
cost(8, 1, 405440).
cost(8, 2, 301742).
cost(8, 3, 270961).
cost(8, 4, 667903).
cost(8, 5, 582313).
cost(8, 6, 446963).
cost(8, 7, 762160).
cost(8, 9, 497473).
cost(8, 10, 315932).
cost(8, 11, 237571).
cost(8, 12, 572563).
cost(8, 13, 732147).
cost(8, 14, 525404).
cost(8, 15, 229506).
cost(8, 16, 311233).
cost(8, 17, 543506).
cost(8, 18, 498865).
cost(8, 19, 710726).
cost(8, 20, 371379).
cost(8, 21, 218136).
cost(9, 1, 158044).
cost(9, 2, 601110).
cost(9, 3, 255862).
cost(9, 4, 252905).
cost(9, 5, 493926).
cost(9, 6, 61623).
cost(9, 7, 411903).
cost(9, 8, 497473).
cost(9, 10, 206535).
cost(9, 11, 266951).
cost(9, 12, 101477).
cost(9, 13, 667748).
cost(9, 14, 558839).
cost(9, 15, 690798).
cost(9, 16, 390387).
cost(9, 17, 66827).
cost(9, 18, 26172).
cost(9, 19, 445824).
cost(9, 20, 326525).
cost(9, 21, 619384).
cost(10, 1, 209659).
cost(10, 2, 397538).
cost(10, 3, 171802).
cost(10, 4, 353722).
cost(10, 5, 393568).
cost(10, 6, 146433).
cost(10, 7, 465267).
cost(10, 8, 315932).
cost(10, 9, 206535).
cost(10, 11, 139970).
cost(10, 12, 302114).
cost(10, 13, 571841).
cost(10, 14, 413523).
cost(10, 15, 532945).
cost(10, 16, 201253).
cost(10, 17, 236544).
cost(10, 18, 198839).
cost(10, 19, 441857).
cost(10, 20, 322667).
cost(10, 21, 413393).
cost(11, 1, 171276).
cost(11, 2, 428311).
cost(11, 3, 50227).
cost(11, 4, 473823).
cost(11, 5, 523338).
cost(11, 6, 224885).
cost(11, 7, 599485).
cost(11, 8, 237571).
cost(11, 9, 266951).
cost(11, 10, 139970).
cost(11, 12, 335489).
cost(11, 13, 698715).
cost(11, 14, 522993).
cost(11, 15, 424471).
cost(11, 16, 289090).
cost(11, 17, 320937).
cost(11, 18, 272974).
cost(11, 19, 581639).
cost(11, 20, 207052).
cost(11, 21, 402945).
cost(12, 1, 183828).
cost(12, 2, 699203).
cost(12, 3, 311445).
cost(12, 4, 293984).
cost(12, 5, 586904).
cost(12, 6, 162084).
cost(12, 7, 460408).
cost(12, 8, 572563).
cost(12, 9, 101477).
cost(12, 10, 302114).
cost(12, 11, 335489).
cost(12, 13, 757147).
cost(12, 14, 658026).
cost(12, 15, 749283).
cost(12, 16, 491204).
cost(12, 17, 126516).
cost(12, 18, 121272).
cost(12, 19, 515078).
cost(12, 20, 334495).
cost(12, 21, 711075).
cost(13, 1, 765156).
cost(13, 2, 502258).
cost(13, 3, 740035).
cost(13, 4, 524826).
cost(13, 5, 179235).
cost(13, 6, 624442).
cost(13, 7, 421503).
cost(13, 8, 732147).
cost(13, 9, 667748).
cost(13, 10, 571841).
cost(13, 11, 698715).
cost(13, 12, 757147).
cost(13, 14, 210751).
cost(13, 15, 947388).
cost(13, 16, 430210).
cost(13, 17, 631297).
cost(13, 18, 642534).
cost(13, 19, 300044).
cost(13, 20, 894456).
cost(13, 21, 621008).
cost(14, 1, 621023).
cost(14, 2, 296029).
cost(14, 3, 568993).
cost(14, 4, 498091).
cost(14, 5, 132503).
cost(14, 6, 504416).
cost(14, 7, 461394).
cost(14, 8, 525404).
cost(14, 9, 558839).
cost(14, 10, 413523).
cost(14, 11, 522993).
cost(14, 12, 658026).
cost(14, 13, 210751).
cost(14, 15, 737289).
cost(14, 16, 237164).
cost(14, 17, 541348).
cost(14, 18, 536881).
cost(14, 19, 346536).
cost(14, 20, 727520).
cost(14, 21, 412328).
cost(15, 1, 567598).
cost(15, 2, 471994).
cost(15, 3, 438570).
cost(15, 4, 886518).
cost(15, 5, 806496).
cost(15, 6, 648668).
cost(15, 7, 989262).
cost(15, 8, 229506).
cost(15, 9, 690798).
cost(15, 10, 532945).
cost(15, 11, 424471).
cost(15, 12, 749283).
cost(15, 13, 947388).
cost(15, 14, 737289).
cost(15, 16, 537583).
cost(15, 17, 745202).
cost(15, 18, 697441).
cost(15, 19, 940219).
cost(15, 20, 468681).
cost(15, 21, 355388).
cost(16, 1, 409011).
cost(16, 2, 223148).
cost(16, 3, 336982).
cost(16, 4, 440955).
cost(16, 5, 271508).
cost(16, 6, 329147).
cost(16, 7, 487720).
cost(16, 8, 311233).
cost(16, 9, 390387).
cost(16, 10, 201253).
cost(16, 11, 289090).
cost(16, 12, 491204).
cost(16, 13, 430210).
cost(16, 14, 237164).
cost(16, 15, 537583).
cost(16, 17, 398451).
cost(16, 18, 375150).
cost(16, 19, 413976).
cost(16, 20, 495718).
cost(16, 21, 285524).
cost(17, 1, 224822).
cost(17, 2, 617105).
cost(17, 3, 315794).
cost(17, 4, 187063).
cost(17, 5, 462925).
cost(17, 6, 96963).
cost(17, 7, 348650).
cost(17, 8, 543506).
cost(17, 9, 66827).
cost(17, 10, 236544).
cost(17, 11, 320937).
cost(17, 12, 126516).
cost(17, 13, 631297).
cost(17, 14, 541348).
cost(17, 15, 745202).
cost(17, 16, 398451).
cost(17, 18, 49422).
cost(17, 19, 391604).
cost(17, 20, 393345).
cost(17, 21, 647445).
cost(18, 1, 178390).
cost(18, 2, 589076).
cost(18, 3, 266504).
cost(18, 4, 230816).
cost(18, 5, 469353).
cost(18, 6, 52970).
cost(18, 7, 387762).
cost(18, 8, 498865).
cost(18, 9, 26172).
cost(18, 10, 198839).
cost(18, 11, 272974).
cost(18, 12, 121272).
cost(18, 13, 642534).
cost(18, 14, 536881).
cost(18, 15, 697441).
cost(18, 16, 375150).
cost(18, 17, 49422).
cost(18, 19, 419809).
cost(18, 20, 346935).
cost(18, 21, 612151).
cost(19, 1, 581420).
cost(19, 2, 596494).
cost(19, 3, 607706).
cost(19, 4, 240598).
cost(19, 5, 214121).
cost(19, 6, 423241).
cost(19, 7, 123442).
cost(19, 8, 710726).
cost(19, 9, 445824).
cost(19, 10, 441857).
cost(19, 11, 581639).
cost(19, 12, 515078).
cost(19, 13, 300044).
cost(19, 14, 346536).
cost(19, 15, 940219).
cost(19, 16, 413976).
cost(19, 17, 391604).
cost(19, 18, 419809).
cost(19, 20, 739262).
cost(19, 21, 689807).
cost(20, 1, 168616).
cost(20, 2, 623286).
cost(20, 3, 158832).
cost(20, 4, 577529).
cost(20, 5, 716211).
cost(20, 6, 322837).
cost(20, 7, 729296).
cost(20, 8, 371379).
cost(20, 9, 326525).
cost(20, 10, 322667).
cost(20, 11, 207052).
cost(20, 12, 334495).
cost(20, 13, 894456).
cost(20, 14, 727520).
cost(20, 15, 468681).
cost(20, 16, 495718).
cost(20, 17, 393345).
cost(20, 18, 346935).
cost(20, 19, 739262).
cost(20, 21, 576606).
cost(21, 1, 571770).
cost(21, 2, 121316).
cost(21, 3, 448583).
cost(21, 4, 721980).
cost(21, 5, 510832).
cost(21, 6, 559821).
cost(21, 7, 771982).
cost(21, 8, 218136).
cost(21, 9, 619384).
cost(21, 10, 413393).
cost(21, 11, 402945).
cost(21, 12, 711075).
cost(21, 13, 621008).
cost(21, 14, 412328).
cost(21, 15, 355388).
cost(21, 16, 285524).
cost(21, 17, 647445).
cost(21, 18, 612151).
cost(21, 19, 689807).
cost(21, 20, 576606).
