dimension(21).
point(1, -6770.0, 261406.0).
point(2, 345664.0, 135093.0).
point(3, -248883.0, 175449.0).
point(4, 66229.0, -82301.0).
point(5, -43355.0, -124707.0).
point(6, 78832.0, -50509.0).
point(7, -178460.0, 149437.0).
point(8, -124691.0, -40993.0).
point(9, 157170.0, 5961.0).
point(10, -124109.0, 90700.0).
point(11, 48448.0, 218092.0).
point(12, -60462.0, 317573.0).
point(13, 318189.0, -87890.0).
point(14, -39565.0, 28284.0).
point(15, 502775.0, 23372.0).
point(16, -242930.0, 207798.0).
point(17, -102055.0, 576568.0).
point(18, -109561.0, 5850.0).
point(19, -192676.0, 283478.0).
point(20, 293914.0, 7088.0).
point(21, 82087.0, 28304.0).
cost(1, 2, 374386).
cost(1, 3, 256919).
cost(1, 4, 351374).
cost(1, 5, 387842).
cost(1, 6, 323448).
cost(1, 7, 204974).
cost(1, 8, 324577).
cost(1, 9, 303527).
cost(1, 10, 207145).
cost(1, 11, 70179).
cost(1, 12, 77702).
cost(1, 13, 477081).
cost(1, 14, 235417).
cost(1, 15, 562402).
cost(1, 16, 242168).
cost(1, 17, 329251).
cost(1, 18, 275454).
cost(1, 19, 187212).
cost(1, 20, 393813).
cost(1, 21, 249464).
cost(2, 1, 374386).
cost(2, 3, 595915).
cost(2, 4, 354040).
cost(2, 5, 467795).
cost(2, 6, 325034).
cost(2, 7, 524320).
cost(2, 8, 502235).
cost(2, 9, 228484).
cost(2, 10, 471866).
cost(2, 11, 308587).
cost(2, 12, 445238).
cost(2, 13, 224669).
cost(2, 14, 399762).
cost(2, 15, 192783).
cost(2, 16, 593067).
cost(2, 17, 628771).
cost(2, 18, 473216).
cost(2, 19, 558416).
cost(2, 20, 138070).
cost(2, 21, 284388).
cost(3, 1, 256919).
cost(3, 2, 595915).
cost(3, 4, 407100).
cost(3, 5, 363779).
cost(3, 6, 398063).
cost(3, 7, 75073).
cost(3, 8, 249541).
cost(3, 9, 440006).
cost(3, 10, 150834).
cost(3, 11, 300373).
cost(3, 12, 236012).
cost(3, 13, 625234).
cost(3, 14, 255874).
cost(3, 15, 766888).
cost(3, 16, 32892).
cost(3, 17, 427147).
cost(3, 18, 219487).
cost(3, 19, 121776).
cost(3, 20, 568308).
cost(3, 21, 362205).
cost(4, 1, 351374).
cost(4, 2, 354040).
cost(4, 3, 407100).
cost(4, 5, 117503).
cost(4, 6, 34199).
cost(4, 7, 337009).
cost(4, 8, 195338).
cost(4, 9, 126730).
cost(4, 10, 257212).
cost(4, 11, 300919).
cost(4, 12, 419464).
cost(4, 13, 252022).
cost(4, 14, 153041).
cost(4, 15, 449154).
cost(4, 16, 423954).
cost(4, 17, 680020).
cost(4, 18, 196654).
cost(4, 19, 448136).
cost(4, 20, 244603).
cost(4, 21, 111736).
cost(5, 1, 387842).
cost(5, 2, 467795).
cost(5, 3, 363779).
cost(5, 4, 117503).
cost(5, 6, 142951).
cost(5, 7, 305628).
cost(5, 8, 116720).
cost(5, 9, 239342).
cost(5, 10, 230046).
cost(5, 11, 354879).
cost(5, 12, 442611).
cost(5, 13, 363414).
cost(5, 14, 153038).
cost(5, 15, 565849).
cost(5, 16, 387801).
cost(5, 17, 703727).
cost(5, 18, 146384).
cost(5, 19, 434640).
cost(5, 20, 362105).
cost(5, 21, 197859).
cost(6, 1, 323448).
cost(6, 2, 325034).
cost(6, 3, 398063).
cost(6, 4, 34199).
cost(6, 5, 142951).
cost(6, 7, 325849).
cost(6, 8, 203745).
cost(6, 9, 96570).
cost(6, 10, 247235).
cost(6, 11, 270314).
cost(6, 12, 393557).
cost(6, 13, 242258).
cost(6, 14, 142219).
cost(6, 15, 430333).
cost(6, 16, 412618).
cost(6, 17, 652645).
cost(6, 18, 196642).
cost(6, 19, 430423).
cost(6, 20, 222660).
cost(6, 21, 78880).
cost(7, 1, 204974).
cost(7, 2, 524320).
cost(7, 3, 75073).
cost(7, 4, 337009).
cost(7, 5, 305628).
cost(7, 6, 325849).
cost(7, 8, 197875).
cost(7, 9, 365011).
cost(7, 10, 80025).
cost(7, 11, 237067).
cost(7, 12, 205410).
cost(7, 13, 550440).
cost(7, 14, 184309).
cost(7, 15, 692801).
cost(7, 16, 86962).
cost(7, 17, 433911).
cost(7, 18, 159262).
cost(7, 19, 134793).
cost(7, 20, 493356).
cost(7, 21, 287329).
cost(8, 1, 324577).
cost(8, 2, 502235).
cost(8, 3, 249541).
cost(8, 4, 195338).
cost(8, 5, 116720).
cost(8, 6, 203745).
cost(8, 7, 197875).
cost(8, 9, 285745).
cost(8, 10, 131694).
cost(8, 11, 311612).
cost(8, 12, 364273).
cost(8, 13, 445356).
cost(8, 14, 109753).
cost(8, 15, 630759).
cost(8, 16, 275459).
cost(8, 17, 617976).
cost(8, 18, 49226).
cost(8, 19, 331517).
cost(8, 20, 421357).
cost(8, 21, 218081).
cost(9, 1, 303527).
cost(9, 2, 228484).
cost(9, 3, 440006).
cost(9, 4, 126730).
cost(9, 5, 239342).
cost(9, 6, 96570).
cost(9, 7, 365011).
cost(9, 8, 285745).
cost(9, 10, 293766).
cost(9, 11, 238370).
cost(9, 12, 380086).
cost(9, 13, 186374).
cost(9, 14, 197997).
cost(9, 15, 346043).
cost(9, 16, 448127).
cost(9, 17, 626730).
cost(9, 18, 266731).
cost(9, 19, 446551).
cost(9, 20, 136749).
cost(9, 21, 78337).
cost(10, 1, 207145).
cost(10, 2, 471866).
cost(10, 3, 150834).
cost(10, 4, 257212).
cost(10, 5, 230046).
cost(10, 6, 247235).
cost(10, 7, 80025).
cost(10, 8, 131694).
cost(10, 9, 293766).
cost(10, 11, 214487).
cost(10, 12, 235632).
cost(10, 13, 476993).
cost(10, 14, 105088).
cost(10, 15, 630489).
cost(10, 16, 166824).
cost(10, 17, 486368).
cost(10, 18, 86088).
cost(10, 19, 204609).
cost(10, 20, 426303).
cost(10, 21, 215430).
cost(11, 1, 70179).
cost(11, 2, 308587).
cost(11, 3, 300373).
cost(11, 4, 300919).
cost(11, 5, 354879).
cost(11, 6, 270314).
cost(11, 7, 237067).
cost(11, 8, 311612).
cost(11, 9, 238370).
cost(11, 10, 214487).
cost(11, 12, 147505).
cost(11, 13, 407903).
cost(11, 14, 209221).
cost(11, 15, 494296).
cost(11, 16, 291560).
cost(11, 17, 388788).
cost(11, 18, 264601).
cost(11, 19, 249832).
cost(11, 20, 323692).
cost(11, 21, 192746).
cost(12, 1, 77702).
cost(12, 2, 445238).
cost(12, 3, 236012).
cost(12, 4, 419464).
cost(12, 5, 442611).
cost(12, 6, 393557).
cost(12, 7, 205410).
cost(12, 8, 364273).
cost(12, 9, 380086).
cost(12, 10, 235632).
cost(12, 11, 147505).
cost(12, 13, 554776).
cost(12, 14, 290043).
cost(12, 15, 635445).
cost(12, 16, 212944).
cost(12, 17, 262314).
cost(12, 18, 315566).
cost(12, 19, 136539).
cost(12, 20, 471151).
cost(12, 21, 322485).
cost(13, 1, 477081).
cost(13, 2, 224669).
cost(13, 3, 625234).
cost(13, 4, 252022).
cost(13, 5, 363414).
cost(13, 6, 242258).
cost(13, 7, 550440).
cost(13, 8, 445356).
cost(13, 9, 186374).
cost(13, 10, 476993).
cost(13, 11, 407903).
cost(13, 12, 554776).
cost(13, 14, 376144).
cost(13, 15, 215525).
cost(13, 16, 634260).
cost(13, 17, 786199).
cost(13, 18, 437901).
cost(13, 19, 631583).
cost(13, 20, 98031).
cost(13, 21, 263145).
cost(14, 1, 235417).
cost(14, 2, 399762).
cost(14, 3, 255874).
cost(14, 4, 153041).
cost(14, 5, 153038).
cost(14, 6, 142219).
cost(14, 7, 184309).
cost(14, 8, 109753).
cost(14, 9, 197997).
cost(14, 10, 105088).
cost(14, 11, 209221).
cost(14, 12, 290043).
cost(14, 13, 376144).
cost(14, 15, 542362).
cost(14, 16, 271261).
cost(14, 17, 551834).
cost(14, 18, 73503).
cost(14, 19, 297602).
cost(14, 20, 334152).
cost(14, 21, 121652).
cost(15, 1, 562402).
cost(15, 2, 192783).
cost(15, 3, 766888).
cost(15, 4, 449154).
cost(15, 5, 565849).
cost(15, 6, 430333).
cost(15, 7, 692801).
cost(15, 8, 630759).
cost(15, 9, 346043).
cost(15, 10, 630489).
cost(15, 11, 494296).
cost(15, 12, 635445).
cost(15, 13, 215525).
cost(15, 14, 542362).
cost(15, 16, 768172).
cost(15, 17, 819662).
cost(15, 18, 612587).
cost(15, 19, 742501).
cost(15, 20, 209495).
cost(15, 21, 420717).
cost(16, 1, 242168).
cost(16, 2, 593067).
cost(16, 3, 32892).
cost(16, 4, 423954).
cost(16, 5, 387801).
cost(16, 6, 412618).
cost(16, 7, 86962).
cost(16, 8, 275459).
cost(16, 9, 448127).
cost(16, 10, 166824).
cost(16, 11, 291560).
cost(16, 12, 212944).
cost(16, 13, 634260).
cost(16, 14, 271261).
cost(16, 15, 768172).
cost(16, 17, 394762).
cost(16, 18, 242013).
cost(16, 19, 90846).
cost(16, 20, 573137).
cost(16, 21, 371287).
cost(17, 1, 329251).
cost(17, 2, 628771).
cost(17, 3, 427147).
cost(17, 4, 680020).
cost(17, 5, 703727).
cost(17, 6, 652645).
cost(17, 7, 433911).
cost(17, 8, 617976).
cost(17, 9, 626730).
cost(17, 10, 486368).
cost(17, 11, 388788).
cost(17, 12, 262314).
cost(17, 13, 786199).
cost(17, 14, 551834).
cost(17, 15, 819662).
cost(17, 16, 394762).
cost(17, 18, 570767).
cost(17, 19, 306780).
cost(17, 20, 693613).
cost(17, 21, 578361).
cost(18, 1, 275454).
cost(18, 2, 473216).
cost(18, 3, 219487).
cost(18, 4, 196654).
cost(18, 5, 146384).
cost(18, 6, 196642).
cost(18, 7, 159262).
cost(18, 8, 49226).
cost(18, 9, 266731).
cost(18, 10, 86088).
cost(18, 11, 264601).
cost(18, 12, 315566).
cost(18, 13, 437901).
cost(18, 14, 73503).
cost(18, 15, 612587).
cost(18, 16, 242013).
cost(18, 17, 570767).
cost(18, 19, 289802).
cost(18, 20, 403477).
cost(18, 21, 192959).
cost(19, 1, 187212).
cost(19, 2, 558416).
cost(19, 3, 121776).
cost(19, 4, 448136).
cost(19, 5, 434640).
cost(19, 6, 430423).
cost(19, 7, 134793).
cost(19, 8, 331517).
cost(19, 9, 446551).
cost(19, 10, 204609).
cost(19, 11, 249832).
cost(19, 12, 136539).
cost(19, 13, 631583).
cost(19, 14, 297602).
cost(19, 15, 742501).
cost(19, 16, 90846).
cost(19, 17, 306780).
cost(19, 18, 289802).
cost(19, 20, 559608).
cost(19, 21, 374978).
cost(20, 1, 393813).
cost(20, 2, 138070).
cost(20, 3, 568308).
cost(20, 4, 244603).
cost(20, 5, 362105).
cost(20, 6, 222660).
cost(20, 7, 493356).
cost(20, 8, 421357).
cost(20, 9, 136749).
cost(20, 10, 426303).
cost(20, 11, 323692).
cost(20, 12, 471151).
cost(20, 13, 98031).
cost(20, 14, 334152).
cost(20, 15, 209495).
cost(20, 16, 573137).
cost(20, 17, 693613).
cost(20, 18, 403477).
cost(20, 19, 559608).
cost(20, 21, 212887).
cost(21, 1, 249464).
cost(21, 2, 284388).
cost(21, 3, 362205).
cost(21, 4, 111736).
cost(21, 5, 197859).
cost(21, 6, 78880).
cost(21, 7, 287329).
cost(21, 8, 218081).
cost(21, 9, 78337).
cost(21, 10, 215430).
cost(21, 11, 192746).
cost(21, 12, 322485).
cost(21, 13, 263145).
cost(21, 14, 121652).
cost(21, 15, 420717).
cost(21, 16, 371287).
cost(21, 17, 578361).
cost(21, 18, 192959).
cost(21, 19, 374978).
cost(21, 20, 212887).
