dimension(21).
point(1, 53838.0, -329007.0).
point(2, -102346.0, 16841.0).
point(3, 178762.0, -495498.0).
point(4, 77607.0, -186656.0).
point(5, -175841.0, -108278.0).
point(6, -111890.0, -216528.0).
point(7, 5665.0, 28060.0).
point(8, 166755.0, -212865.0).
point(9, 152992.0, -278899.0).
point(10, 100136.0, 194420.0).
point(11, 337886.0, 361855.0).
point(12, 5693.0, 15248.0).
point(13, -331175.0, -208760.0).
point(14, -196627.0, -55862.0).
point(15, 177704.0, -100094.0).
point(16, -189004.0, -124478.0).
point(17, 256657.0, -121210.0).
point(18, -188795.0, -107045.0).
point(19, -11253.0, -252324.0).
point(20, -325651.0, 190776.0).
point(21, 35919.0, 51883.0).
cost(1, 2, 379479).
cost(1, 3, 208147).
cost(1, 4, 144322).
cost(1, 5, 318549).
cost(1, 6, 200293).
cost(1, 7, 360302).
cost(1, 8, 161985).
cost(1, 9, 111096).
cost(1, 10, 525471).
cost(1, 11, 746976).
cost(1, 12, 347605).
cost(1, 13, 403354).
cost(1, 14, 370595).
cost(1, 15, 260277).
cost(1, 16, 317497).
cost(1, 17, 290371).
cost(1, 18, 328843).
cost(1, 19, 100584).
cost(1, 20, 643573).
cost(1, 21, 381311).
cost(2, 1, 379479).
cost(2, 3, 584391).
cost(2, 4, 271651).
cost(2, 5, 145108).
cost(2, 6, 233564).
cost(2, 7, 108592).
cost(2, 8, 353808).
cost(2, 9, 390717).
cost(2, 10, 269320).
cost(2, 11, 559320).
cost(2, 12, 108051).
cost(2, 13, 321339).
cost(2, 14, 119057).
cost(2, 15, 303483).
cost(2, 16, 165773).
cost(2, 17, 384631).
cost(2, 18, 151067).
cost(2, 19, 284161).
cost(2, 20, 283052).
cost(2, 21, 142636).
cost(3, 1, 208147).
cost(3, 2, 584391).
cost(3, 4, 324986).
cost(3, 5, 525055).
cost(3, 6, 402868).
cost(3, 7, 551430).
cost(3, 8, 282888).
cost(3, 9, 218127).
cost(3, 10, 694384).
cost(3, 11, 871995).
cost(3, 12, 539272).
cost(3, 13, 585025).
cost(3, 14, 578097).
cost(3, 15, 395405).
cost(3, 16, 522406).
cost(3, 17, 382308).
cost(3, 18, 534784).
cost(3, 19, 308609).
cost(3, 20, 851707).
cost(3, 21, 565712).
cost(4, 1, 144322).
cost(4, 2, 271651).
cost(4, 3, 324986).
cost(4, 5, 265290).
cost(4, 6, 191837).
cost(4, 7, 226448).
cost(4, 8, 92921).
cost(4, 9, 119129).
cost(4, 10, 381741).
cost(4, 11, 607132).
cost(4, 12, 214329).
cost(4, 13, 409379).
cost(4, 14, 303828).
cost(4, 15, 132334).
cost(4, 16, 273765).
cost(4, 17, 190636).
cost(4, 18, 278043).
cost(4, 19, 110492).
cost(4, 20, 552333).
cost(4, 21, 242154).
cost(5, 1, 318549).
cost(5, 2, 145108).
cost(5, 3, 525055).
cost(5, 4, 265290).
cost(5, 6, 125729).
cost(5, 7, 227008).
cost(5, 8, 358204).
cost(5, 9, 370463).
cost(5, 10, 409621).
cost(5, 11, 696377).
cost(5, 12, 219575).
cost(5, 13, 185001).
cost(5, 14, 56387).
cost(5, 15, 353640).
cost(5, 16, 20874).
cost(5, 17, 432691).
cost(5, 18, 13013).
cost(5, 19, 218720).
cost(5, 20, 334479).
cost(5, 21, 265507).
cost(6, 1, 200293).
cost(6, 2, 233564).
cost(6, 3, 402868).
cost(6, 4, 191837).
cost(6, 5, 125729).
cost(6, 7, 271371).
cost(6, 8, 278669).
cost(6, 9, 272126).
cost(6, 10, 462421).
cost(6, 11, 732684).
cost(6, 12, 259896).
cost(6, 13, 219423).
cost(6, 14, 181642).
cost(6, 15, 312124).
cost(6, 16, 120082).
cost(6, 17, 380674).
cost(6, 18, 133794).
cost(6, 19, 106814).
cost(6, 20, 459989).
cost(6, 21, 306418).
cost(7, 1, 360302).
cost(7, 2, 108592).
cost(7, 3, 551430).
cost(7, 4, 226448).
cost(7, 5, 227008).
cost(7, 6, 271371).
cost(7, 8, 289819).
cost(7, 9, 340484).
cost(7, 10, 191312).
cost(7, 11, 470946).
cost(7, 12, 12812).
cost(7, 13, 411758).
cost(7, 14, 219009).
cost(7, 15, 214525).
cost(7, 16, 247313).
cost(7, 17, 292025).
cost(7, 18, 236787).
cost(7, 19, 280894).
cost(7, 20, 369116).
cost(7, 21, 38508).
cost(8, 1, 161985).
cost(8, 2, 353808).
cost(8, 3, 282888).
cost(8, 4, 92921).
cost(8, 5, 358204).
cost(8, 6, 278669).
cost(8, 7, 289819).
cost(8, 9, 67453).
cost(8, 10, 412697).
cost(8, 11, 599657).
cost(8, 12, 279243).
cost(8, 13, 497947).
cost(8, 14, 395849).
cost(8, 15, 113301).
cost(8, 16, 366574).
cost(8, 17, 128386).
cost(8, 18, 370963).
cost(8, 19, 182329).
cost(8, 20, 636702).
cost(8, 21, 295313).
cost(9, 1, 111096).
cost(9, 2, 390717).
cost(9, 3, 218127).
cost(9, 4, 119129).
cost(9, 5, 370463).
cost(9, 6, 272126).
cost(9, 7, 340484).
cost(9, 8, 67453).
cost(9, 10, 476261).
cost(9, 11, 666897).
cost(9, 12, 328967).
cost(9, 13, 489221).
cost(9, 14, 414703).
cost(9, 15, 180505).
cost(9, 16, 375243).
cost(9, 17, 188712).
cost(9, 18, 382560).
cost(9, 19, 166381).
cost(9, 20, 670592).
cost(9, 21, 350889).
cost(10, 1, 525471).
cost(10, 2, 269320).
cost(10, 3, 694384).
cost(10, 4, 381741).
cost(10, 5, 409621).
cost(10, 6, 462421).
cost(10, 7, 191312).
cost(10, 8, 412697).
cost(10, 9, 476261).
cost(10, 11, 290791).
cost(10, 12, 202539).
cost(10, 13, 590409).
cost(10, 14, 388213).
cost(10, 15, 304558).
cost(10, 16, 430462).
cost(10, 17, 352308).
cost(10, 18, 417567).
cost(10, 19, 460421).
cost(10, 20, 425803).
cost(10, 21, 156335).
cost(11, 1, 746976).
cost(11, 2, 559320).
cost(11, 3, 871995).
cost(11, 4, 607132).
cost(11, 5, 696377).
cost(11, 6, 732684).
cost(11, 7, 470946).
cost(11, 8, 599657).
cost(11, 9, 666897).
cost(11, 10, 290791).
cost(11, 12, 480092).
cost(11, 13, 879343).
cost(11, 14, 678374).
cost(11, 15, 488933).
cost(11, 16, 717031).
cost(11, 17, 489847).
cost(11, 18, 705167).
cost(11, 19, 706480).
cost(11, 20, 685237).
cost(11, 21, 432743).
cost(12, 1, 347605).
cost(12, 2, 108051).
cost(12, 3, 539272).
cost(12, 4, 214329).
cost(12, 5, 219575).
cost(12, 6, 259896).
cost(12, 7, 12812).
cost(12, 8, 279243).
cost(12, 9, 328967).
cost(12, 10, 202539).
cost(12, 11, 480092).
cost(12, 13, 404549).
cost(12, 14, 214453).
cost(12, 15, 207103).
cost(12, 16, 239646).
cost(12, 17, 285664).
cost(12, 18, 229742).
cost(12, 19, 268108).
cost(12, 20, 374965).
cost(12, 21, 47495).
cost(13, 1, 403354).
cost(13, 2, 321339).
cost(13, 3, 585025).
cost(13, 4, 409379).
cost(13, 5, 185001).
cost(13, 6, 219423).
cost(13, 7, 411758).
cost(13, 8, 497947).
cost(13, 9, 489221).
cost(13, 10, 590409).
cost(13, 11, 879343).
cost(13, 12, 404549).
cost(13, 14, 203669).
cost(13, 15, 520352).
cost(13, 16, 165276).
cost(13, 17, 594316).
cost(13, 18, 174980).
cost(13, 19, 322874).
cost(13, 20, 399574).
cost(13, 21, 450214).
cost(14, 1, 370595).
cost(14, 2, 119057).
cost(14, 3, 578097).
cost(14, 4, 303828).
cost(14, 5, 56387).
cost(14, 6, 181642).
cost(14, 7, 219009).
cost(14, 8, 395849).
cost(14, 9, 414703).
cost(14, 10, 388213).
cost(14, 11, 678374).
cost(14, 12, 214453).
cost(14, 13, 203669).
cost(14, 15, 376935).
cost(14, 16, 69038).
cost(14, 17, 457970).
cost(14, 18, 51779).
cost(14, 19, 270113).
cost(14, 20, 278348).
cost(14, 21, 256294).
cost(15, 1, 260277).
cost(15, 2, 303483).
cost(15, 3, 395405).
cost(15, 4, 132334).
cost(15, 5, 353640).
cost(15, 6, 312124).
cost(15, 7, 214525).
cost(15, 8, 113301).
cost(15, 9, 180505).
cost(15, 10, 304558).
cost(15, 11, 488933).
cost(15, 12, 207103).
cost(15, 13, 520352).
cost(15, 14, 376935).
cost(15, 16, 367518).
cost(15, 17, 81728).
cost(15, 18, 366565).
cost(15, 19, 242649).
cost(15, 20, 581353).
cost(15, 21, 207846).
cost(16, 1, 317497).
cost(16, 2, 165773).
cost(16, 3, 522406).
cost(16, 4, 273765).
cost(16, 5, 20874).
cost(16, 6, 120082).
cost(16, 7, 247313).
cost(16, 8, 366574).
cost(16, 9, 375243).
cost(16, 10, 430462).
cost(16, 11, 717031).
cost(16, 12, 239646).
cost(16, 13, 165276).
cost(16, 14, 69038).
cost(16, 15, 367518).
cost(16, 17, 445673).
cost(16, 18, 17434).
cost(16, 19, 218952).
cost(16, 20, 343595).
cost(16, 21, 285821).
cost(17, 1, 290371).
cost(17, 2, 384631).
cost(17, 3, 382308).
cost(17, 4, 190636).
cost(17, 5, 432691).
cost(17, 6, 380674).
cost(17, 7, 292025).
cost(17, 8, 128386).
cost(17, 9, 188712).
cost(17, 10, 352308).
cost(17, 11, 489847).
cost(17, 12, 285664).
cost(17, 13, 594316).
cost(17, 14, 457970).
cost(17, 15, 81728).
cost(17, 16, 445673).
cost(17, 18, 445677).
cost(17, 19, 298273).
cost(17, 20, 660619).
cost(17, 21, 280511).
cost(18, 1, 328843).
cost(18, 2, 151067).
cost(18, 3, 534784).
cost(18, 4, 278043).
cost(18, 5, 13013).
cost(18, 6, 133794).
cost(18, 7, 236787).
cost(18, 8, 370963).
cost(18, 9, 382560).
cost(18, 10, 417567).
cost(18, 11, 705167).
cost(18, 12, 229742).
cost(18, 13, 174980).
cost(18, 14, 51779).
cost(18, 15, 366565).
cost(18, 16, 17434).
cost(18, 17, 445677).
cost(18, 19, 229406).
cost(18, 20, 327760).
cost(18, 21, 275235).
cost(19, 1, 100584).
cost(19, 2, 284161).
cost(19, 3, 308609).
cost(19, 4, 110492).
cost(19, 5, 218720).
cost(19, 6, 106814).
cost(19, 7, 280894).
cost(19, 8, 182329).
cost(19, 9, 166381).
cost(19, 10, 460421).
cost(19, 11, 706480).
cost(19, 12, 268108).
cost(19, 13, 322874).
cost(19, 14, 270113).
cost(19, 15, 242649).
cost(19, 16, 218952).
cost(19, 17, 298273).
cost(19, 18, 229406).
cost(19, 20, 543308).
cost(19, 21, 307843).
cost(20, 1, 643573).
cost(20, 2, 283052).
cost(20, 3, 851707).
cost(20, 4, 552333).
cost(20, 5, 334479).
cost(20, 6, 459989).
cost(20, 7, 369116).
cost(20, 8, 636702).
cost(20, 9, 670592).
cost(20, 10, 425803).
cost(20, 11, 685237).
cost(20, 12, 374965).
cost(20, 13, 399574).
cost(20, 14, 278348).
cost(20, 15, 581353).
cost(20, 16, 343595).
cost(20, 17, 660619).
cost(20, 18, 327760).
cost(20, 19, 543308).
cost(20, 21, 387329).
cost(21, 1, 381311).
cost(21, 2, 142636).
cost(21, 3, 565712).
cost(21, 4, 242154).
cost(21, 5, 265507).
cost(21, 6, 306418).
cost(21, 7, 38508).
cost(21, 8, 295313).
cost(21, 9, 350889).
cost(21, 10, 156335).
cost(21, 11, 432743).
cost(21, 12, 47495).
cost(21, 13, 450214).
cost(21, 14, 256294).
cost(21, 15, 207846).
cost(21, 16, 285821).
cost(21, 17, 280511).
cost(21, 18, 275235).
cost(21, 19, 307843).
cost(21, 20, 387329).
