dimension(21).
point(1, -147002.0, -299943.0).
point(2, -106548.0, -124938.0).
point(3, -47732.0, 39714.0).
point(4, -16412.0, -94456.0).
point(5, -352774.0, 104848.0).
point(6, -143958.0, -229916.0).
point(7, -301173.0, 84956.0).
point(8, 195962.0, 239875.0).
point(9, 245862.0, -124990.0).
point(10, -129191.0, -133020.0).
point(11, 39754.0, 104149.0).
point(12, -123872.0, -37160.0).
point(13, 25555.0, -7827.0).
point(14, -256283.0, 390797.0).
point(15, -80521.0, 73965.0).
point(16, -107531.0, -1292.0).
point(17, -37392.0, 13512.0).
point(18, -199868.0, 211266.0).
point(19, 2355.0, 258811.0).
point(20, 7425.0, -276493.0).
point(21, 96163.0, 194252.0).
cost(1, 2, 179620).
cost(1, 3, 353866).
cost(1, 4, 243472).
cost(1, 5, 454090).
cost(1, 6, 70093).
cost(1, 7, 414627).
cost(1, 8, 639553).
cost(1, 9, 430059).
cost(1, 10, 167871).
cost(1, 11, 445161).
cost(1, 12, 263799).
cost(1, 13, 339275).
cost(1, 14, 699331).
cost(1, 15, 379772).
cost(1, 16, 301248).
cost(1, 17, 332067).
cost(1, 18, 513935).
cost(1, 19, 578371).
cost(1, 20, 156197).
cost(1, 21, 550779).
cost(2, 1, 179620).
cost(2, 3, 174842).
cost(2, 4, 95151).
cost(2, 5, 336792).
cost(2, 6, 111445).
cost(2, 7, 286242).
cost(2, 8, 473921).
cost(2, 9, 352410).
cost(2, 10, 24042).
cost(2, 11, 271818).
cost(2, 12, 89471).
cost(2, 13, 176539).
cost(2, 14, 537032).
cost(2, 15, 200599).
cost(2, 16, 123650).
cost(2, 17, 154761).
cost(2, 18, 348915).
cost(2, 19, 398902).
cost(2, 20, 189628).
cost(2, 21, 378119).
cost(3, 1, 353866).
cost(3, 2, 174842).
cost(3, 4, 137777).
cost(3, 5, 311918).
cost(3, 6, 286286).
cost(3, 7, 257447).
cost(3, 8, 315359).
cost(3, 9, 336638).
cost(3, 10, 190978).
cost(3, 11, 108654).
cost(3, 12, 108198).
cost(3, 13, 87356).
cost(3, 14, 408354).
cost(3, 15, 47416).
cost(3, 16, 72508).
cost(3, 17, 28168).
cost(3, 18, 229293).
cost(3, 19, 224749).
cost(3, 20, 320982).
cost(3, 21, 211158).
cost(4, 1, 243472).
cost(4, 2, 95151).
cost(4, 3, 137777).
cost(4, 5, 390975).
cost(4, 6, 186058).
cost(4, 7, 336567).
cost(4, 8, 396081).
cost(4, 9, 264045).
cost(4, 10, 119190).
cost(4, 11, 206394).
cost(4, 12, 121780).
cost(4, 13, 96259).
cost(4, 14, 541303).
cost(4, 15, 180210).
cost(4, 16, 130316).
cost(4, 17, 109987).
cost(4, 18, 356542).
cost(4, 19, 353765).
cost(4, 20, 183591).
cost(4, 21, 309880).
cost(5, 1, 454090).
cost(5, 2, 336792).
cost(5, 3, 311918).
cost(5, 4, 390975).
cost(5, 6, 394552).
cost(5, 7, 55302).
cost(5, 8, 565105).
cost(5, 9, 641241).
cost(5, 10, 326451).
cost(5, 11, 392529).
cost(5, 12, 269374).
cost(5, 13, 394751).
cost(5, 14, 301790).
cost(5, 15, 273999).
cost(5, 16, 267226).
cost(5, 17, 328341).
cost(5, 18, 186293).
cost(5, 19, 387067).
cost(5, 20, 524561).
cost(5, 21, 457753).
cost(6, 1, 70093).
cost(6, 2, 111445).
cost(6, 3, 286286).
cost(6, 4, 186058).
cost(6, 5, 394552).
cost(6, 7, 351939).
cost(6, 8, 579870).
cost(6, 9, 403694).
cost(6, 10, 98015).
cost(6, 11, 381247).
cost(6, 12, 193800).
cost(6, 13, 279389).
cost(6, 14, 630794).
cost(6, 15, 310432).
cost(6, 16, 231508).
cost(6, 17, 265732).
cost(6, 18, 444711).
cost(6, 19, 510158).
cost(6, 20, 158386).
cost(6, 21, 487418).
cost(7, 1, 414627).
cost(7, 2, 286242).
cost(7, 3, 257447).
cost(7, 4, 336567).
cost(7, 5, 55302).
cost(7, 6, 351939).
cost(7, 8, 520714).
cost(7, 9, 585939).
cost(7, 10, 277653).
cost(7, 11, 341467).
cost(7, 12, 215286).
cost(7, 13, 339647).
cost(7, 14, 309118).
cost(7, 15, 220926).
cost(7, 16, 211981).
cost(7, 17, 273285).
cost(7, 18, 161916).
cost(7, 19, 349793).
cost(7, 20, 475266).
cost(7, 21, 412094).
cost(8, 1, 639553).
cost(8, 2, 473921).
cost(8, 3, 315359).
cost(8, 4, 396081).
cost(8, 5, 565105).
cost(8, 6, 579870).
cost(8, 7, 520714).
cost(8, 9, 368261).
cost(8, 10, 494748).
cost(8, 11, 206936).
cost(8, 12, 423134).
cost(8, 13, 300657).
cost(8, 14, 476763).
cost(8, 15, 322442).
cost(8, 16, 387646).
cost(8, 17, 325107).
cost(8, 18, 396863).
cost(8, 19, 194531).
cost(8, 20, 549711).
cost(8, 21, 109733).
cost(9, 1, 430059).
cost(9, 2, 352410).
cost(9, 3, 336638).
cost(9, 4, 264045).
cost(9, 5, 641241).
cost(9, 6, 403694).
cost(9, 7, 585939).
cost(9, 8, 368261).
cost(9, 10, 375139).
cost(9, 11, 308197).
cost(9, 12, 380023).
cost(9, 13, 249524).
cost(9, 14, 719851).
cost(9, 15, 382242).
cost(9, 16, 374417).
cost(9, 17, 315302).
cost(9, 18, 558340).
cost(9, 19, 454531).
cost(9, 20, 282498).
cost(9, 21, 352598).
cost(10, 1, 167871).
cost(10, 2, 24042).
cost(10, 3, 190978).
cost(10, 4, 119190).
cost(10, 5, 326451).
cost(10, 6, 98015).
cost(10, 7, 277653).
cost(10, 8, 494748).
cost(10, 9, 375139).
cost(10, 11, 291190).
cost(10, 12, 96007).
cost(10, 13, 199047).
cost(10, 14, 539014).
cost(10, 15, 212630).
cost(10, 16, 133497).
cost(10, 17, 172912).
cost(10, 18, 351466).
cost(10, 19, 413323).
cost(10, 20, 198112).
cost(10, 21, 397355).
cost(11, 1, 445161).
cost(11, 2, 271818).
cost(11, 3, 108654).
cost(11, 4, 206394).
cost(11, 5, 392529).
cost(11, 6, 381247).
cost(11, 7, 341467).
cost(11, 8, 206936).
cost(11, 9, 308197).
cost(11, 10, 291190).
cost(11, 12, 216198).
cost(11, 13, 112873).
cost(11, 14, 412074).
cost(11, 15, 124005).
cost(11, 16, 181137).
cost(11, 17, 119023).
cost(11, 18, 262474).
cost(11, 19, 159120).
cost(11, 20, 382012).
cost(11, 21, 106304).
cost(12, 1, 263799).
cost(12, 2, 89471).
cost(12, 3, 108198).
cost(12, 4, 121780).
cost(12, 5, 269374).
cost(12, 6, 193800).
cost(12, 7, 215286).
cost(12, 8, 423134).
cost(12, 9, 380023).
cost(12, 10, 96007).
cost(12, 11, 216198).
cost(12, 13, 152279).
cost(12, 14, 447973).
cost(12, 15, 119281).
cost(12, 16, 39415).
cost(12, 17, 100232).
cost(12, 18, 259790).
cost(12, 19, 321764).
cost(12, 20, 272982).
cost(12, 21, 319323).
cost(13, 1, 339275).
cost(13, 2, 176539).
cost(13, 3, 87356).
cost(13, 4, 96259).
cost(13, 5, 394751).
cost(13, 6, 279389).
cost(13, 7, 339647).
cost(13, 8, 300657).
cost(13, 9, 249524).
cost(13, 10, 199047).
cost(13, 11, 112873).
cost(13, 12, 152279).
cost(13, 14, 488194).
cost(13, 15, 133948).
cost(13, 16, 133246).
cost(13, 17, 66466).
cost(13, 18, 314352).
cost(13, 19, 267645).
cost(13, 20, 269277).
cost(13, 21, 214059).
cost(14, 1, 699331).
cost(14, 2, 537032).
cost(14, 3, 408354).
cost(14, 4, 541303).
cost(14, 5, 301790).
cost(14, 6, 630794).
cost(14, 7, 309118).
cost(14, 8, 476763).
cost(14, 9, 719851).
cost(14, 10, 539014).
cost(14, 11, 412074).
cost(14, 12, 447973).
cost(14, 13, 488194).
cost(14, 15, 362319).
cost(14, 16, 419358).
cost(14, 17, 436185).
cost(14, 18, 188186).
cost(14, 19, 290369).
cost(14, 20, 717508).
cost(14, 21, 403544).
cost(15, 1, 379772).
cost(15, 2, 200599).
cost(15, 3, 47416).
cost(15, 4, 180210).
cost(15, 5, 273999).
cost(15, 6, 310432).
cost(15, 7, 220926).
cost(15, 8, 322442).
cost(15, 9, 382242).
cost(15, 10, 212630).
cost(15, 11, 124005).
cost(15, 12, 119281).
cost(15, 13, 133948).
cost(15, 14, 362319).
cost(15, 16, 79957).
cost(15, 17, 74261).
cost(15, 18, 181921).
cost(15, 19, 202575).
cost(15, 20, 361324).
cost(15, 21, 213743).
cost(16, 1, 301248).
cost(16, 2, 123650).
cost(16, 3, 72508).
cost(16, 4, 130316).
cost(16, 5, 267226).
cost(16, 6, 231508).
cost(16, 7, 211981).
cost(16, 8, 387646).
cost(16, 9, 374417).
cost(16, 10, 133497).
cost(16, 11, 181137).
cost(16, 12, 39415).
cost(16, 13, 133246).
cost(16, 14, 419358).
cost(16, 15, 79957).
cost(16, 17, 71684).
cost(16, 18, 231748).
cost(16, 19, 282362).
cost(16, 20, 298246).
cost(16, 21, 282363).
cost(17, 1, 332067).
cost(17, 2, 154761).
cost(17, 3, 28168).
cost(17, 4, 109987).
cost(17, 5, 328341).
cost(17, 6, 265732).
cost(17, 7, 273285).
cost(17, 8, 325107).
cost(17, 9, 315302).
cost(17, 10, 172912).
cost(17, 11, 119023).
cost(17, 12, 100232).
cost(17, 13, 66466).
cost(17, 14, 436185).
cost(17, 15, 74261).
cost(17, 16, 71684).
cost(17, 18, 255940).
cost(17, 19, 248498).
cost(17, 20, 293448).
cost(17, 21, 224731).
cost(18, 1, 513935).
cost(18, 2, 348915).
cost(18, 3, 229293).
cost(18, 4, 356542).
cost(18, 5, 186293).
cost(18, 6, 444711).
cost(18, 7, 161916).
cost(18, 8, 396863).
cost(18, 9, 558340).
cost(18, 10, 351466).
cost(18, 11, 262474).
cost(18, 12, 259790).
cost(18, 13, 314352).
cost(18, 14, 188186).
cost(18, 15, 181921).
cost(18, 16, 231748).
cost(18, 17, 255940).
cost(18, 19, 207737).
cost(18, 20, 529980).
cost(18, 21, 296520).
cost(19, 1, 578371).
cost(19, 2, 398902).
cost(19, 3, 224749).
cost(19, 4, 353765).
cost(19, 5, 387067).
cost(19, 6, 510158).
cost(19, 7, 349793).
cost(19, 8, 194531).
cost(19, 9, 454531).
cost(19, 10, 413323).
cost(19, 11, 159120).
cost(19, 12, 321764).
cost(19, 13, 267645).
cost(19, 14, 290369).
cost(19, 15, 202575).
cost(19, 16, 282362).
cost(19, 17, 248498).
cost(19, 18, 207737).
cost(19, 20, 535328).
cost(19, 21, 113876).
cost(20, 1, 156197).
cost(20, 2, 189628).
cost(20, 3, 320982).
cost(20, 4, 183591).
cost(20, 5, 524561).
cost(20, 6, 158386).
cost(20, 7, 475266).
cost(20, 8, 549711).
cost(20, 9, 282498).
cost(20, 10, 198112).
cost(20, 11, 382012).
cost(20, 12, 272982).
cost(20, 13, 269277).
cost(20, 14, 717508).
cost(20, 15, 361324).
cost(20, 16, 298246).
cost(20, 17, 293448).
cost(20, 18, 529980).
cost(20, 19, 535328).
cost(20, 21, 479036).
cost(21, 1, 550779).
cost(21, 2, 378119).
cost(21, 3, 211158).
cost(21, 4, 309880).
cost(21, 5, 457753).
cost(21, 6, 487418).
cost(21, 7, 412094).
cost(21, 8, 109733).
cost(21, 9, 352598).
cost(21, 10, 397355).
cost(21, 11, 106304).
cost(21, 12, 319323).
cost(21, 13, 214059).
cost(21, 14, 403544).
cost(21, 15, 213743).
cost(21, 16, 282363).
cost(21, 17, 224731).
cost(21, 18, 296520).
cost(21, 19, 113876).
cost(21, 20, 479036).
