dimension(30).
point(1, -6757.0, 352456.0).
point(2, 15756.0, -62717.0).
point(3, -43587.0, 209689.0).
point(4, 111675.0, 183042.0).
point(5, -53114.0, 105834.0).
point(6, -15350.0, -87992.0).
point(7, -232413.0, 106256.0).
point(8, -33023.0, 200401.0).
point(9, 64748.0, 114813.0).
point(10, -14185.0, 95805.0).
point(11, -168686.0, -240598.0).
point(12, -240176.0, -244921.0).
point(13, 36474.0, -46423.0).
point(14, 43682.0, -199761.0).
point(15, -105251.0, 104694.0).
point(16, 187429.0, -111309.0).
point(17, 241733.0, 145466.0).
point(18, 183991.0, -157787.0).
point(19, 63440.0, 229316.0).
point(20, -238727.0, 195810.0).
point(21, 43415.0, 281619.0).
point(22, -2549.0, 424723.0).
point(23, -126127.0, -150590.0).
point(24, -7084.0, 345143.0).
point(25, 13602.0, 74022.0).
point(26, -16208.0, -279556.0).
point(27, 67973.0, 252645.0).
point(28, 129593.0, -315971.0).
point(29, 187212.0, 249692.0).
point(30, -12850.0, 132491.0).
cost(1, 2, 415783).
cost(1, 3, 147441).
cost(1, 4, 206706).
cost(1, 5, 250941).
cost(1, 6, 440532).
cost(1, 7, 333969).
cost(1, 8, 154307).
cost(1, 9, 248168).
cost(1, 10, 256758).
cost(1, 11, 614763).
cost(1, 12, 641361).
cost(1, 13, 401215).
cost(1, 14, 554516).
cost(1, 15, 266622).
cost(1, 16, 502778).
cost(1, 17, 323407).
cost(1, 18, 544732).
cost(1, 19, 141743).
cost(1, 20, 279907).
cost(1, 21, 86805).
cost(1, 22, 72389).
cost(1, 23, 517015).
cost(1, 24, 7320).
cost(1, 25, 279177).
cost(1, 26, 632083).
cost(1, 27, 124687).
cost(1, 28, 682192).
cost(1, 29, 219509).
cost(1, 30, 220049).
cost(2, 1, 415783).
cost(2, 3, 278795).
cost(2, 4, 263814).
cost(2, 5, 182078).
cost(2, 6, 40080).
cost(2, 7, 300233).
cost(2, 8, 267601).
cost(2, 9, 184166).
cost(2, 10, 161325).
cost(2, 11, 256243).
cost(2, 12, 314165).
cost(2, 13, 26358).
cost(2, 14, 139860).
cost(2, 15, 206565).
cost(2, 16, 178417).
cost(2, 17, 307255).
cost(2, 18, 193239).
cost(2, 19, 295900).
cost(2, 20, 362764).
cost(2, 21, 345445).
cost(2, 22, 487784).
cost(2, 23, 166891).
cost(2, 24, 408499).
cost(2, 25, 136756).
cost(2, 26, 219182).
cost(2, 27, 319656).
cost(2, 28, 277662).
cost(2, 29, 356366).
cost(2, 30, 197293).
cost(3, 1, 147441).
cost(3, 2, 278795).
cost(3, 4, 157532).
cost(3, 5, 104291).
cost(3, 6, 299017).
cost(3, 7, 215299).
cost(3, 8, 14066).
cost(3, 9, 144007).
cost(3, 10, 117618).
cost(3, 11, 467342).
cost(3, 12, 495295).
cost(3, 13, 268334).
cost(3, 14, 418647).
cost(3, 15, 121764).
cost(3, 16, 395485).
cost(3, 17, 292459).
cost(3, 18, 432239).
cost(3, 19, 108812).
cost(3, 20, 195633).
cost(3, 21, 112886).
cost(3, 22, 218915).
cost(3, 23, 369613).
cost(3, 24, 140286).
cost(3, 25, 147228).
cost(3, 26, 490010).
cost(3, 27, 119544).
cost(3, 28, 553453).
cost(3, 29, 234240).
cost(3, 30, 83092).
cost(4, 1, 206706).
cost(4, 2, 263814).
cost(4, 3, 157532).
cost(4, 5, 181979).
cost(4, 6, 299324).
cost(4, 7, 352552).
cost(4, 8, 145736).
cost(4, 9, 82809).
cost(4, 10, 153137).
cost(4, 11, 508009).
cost(4, 12, 554032).
cost(4, 13, 241473).
cost(4, 14, 388795).
cost(4, 15, 230641).
cost(4, 16, 303943).
cost(4, 17, 135377).
cost(4, 18, 348416).
cost(4, 19, 66842).
cost(4, 20, 350635).
cost(4, 21, 119904).
cost(4, 22, 267314).
cost(4, 23, 409707).
cost(4, 24, 200949).
cost(4, 25, 146641).
cost(4, 26, 479949).
cost(4, 27, 82185).
cost(4, 28, 499335).
cost(4, 29, 100738).
cost(4, 30, 134394).
cost(5, 1, 250941).
cost(5, 2, 182078).
cost(5, 3, 104291).
cost(5, 4, 181979).
cost(5, 6, 197471).
cost(5, 7, 179299).
cost(5, 8, 96678).
cost(5, 9, 118204).
cost(5, 10, 40200).
cost(5, 11, 365201).
cost(5, 12, 397519).
cost(5, 13, 176658).
cost(5, 14, 320559).
cost(5, 15, 52149).
cost(5, 16, 324056).
cost(5, 17, 297499).
cost(5, 18, 354563).
cost(5, 19, 169802).
cost(5, 20, 206271).
cost(5, 21, 200545).
cost(5, 22, 322873).
cost(5, 23, 266616).
cost(5, 24, 243696).
cost(5, 25, 73912).
cost(5, 26, 387153).
cost(5, 27, 190304).
cost(5, 28, 459675).
cost(5, 29, 280092).
cost(5, 30, 48289).
cost(6, 1, 440532).
cost(6, 2, 40080).
cost(6, 3, 299017).
cost(6, 4, 299324).
cost(6, 5, 197471).
cost(6, 7, 291288).
cost(6, 8, 288934).
cost(6, 9, 218049).
cost(6, 10, 183801).
cost(6, 11, 216334).
cost(6, 12, 274178).
cost(6, 13, 66436).
cost(6, 14, 126400).
cost(6, 15, 212627).
cost(6, 16, 204115).
cost(6, 17, 347267).
cost(6, 18, 211206).
cost(6, 19, 326944).
cost(6, 20, 361166).
cost(6, 21, 374253).
cost(6, 22, 512875).
cost(6, 23, 127240).
cost(6, 24, 433214).
cost(6, 25, 164581).
cost(6, 26, 191566).
cost(6, 27, 350680).
cost(6, 28, 270153).
cost(6, 29, 393779).
cost(6, 30, 220497).
cost(7, 1, 333969).
cost(7, 2, 300233).
cost(7, 3, 215299).
cost(7, 4, 352552).
cost(7, 5, 179299).
cost(7, 6, 291288).
cost(7, 8, 220499).
cost(7, 9, 297284).
cost(7, 10, 218478).
cost(7, 11, 352660).
cost(7, 12, 351263).
cost(7, 13, 309210).
cost(7, 14, 412159).
cost(7, 15, 127172).
cost(7, 16, 472866).
cost(7, 17, 475764).
cost(7, 18, 493063).
cost(7, 19, 320426).
cost(7, 20, 89776).
cost(7, 21, 326854).
cost(7, 22, 392758).
cost(7, 23, 277969).
cost(7, 24, 328390).
cost(7, 25, 248118).
cost(7, 26, 442262).
cost(7, 27, 334158).
cost(7, 28, 556169).
cost(7, 29, 443463).
cost(7, 30, 221125).
cost(8, 1, 154307).
cost(8, 2, 267601).
cost(8, 3, 14066).
cost(8, 4, 145736).
cost(8, 5, 96678).
cost(8, 6, 288934).
cost(8, 7, 220499).
cost(8, 9, 129940).
cost(8, 10, 106279).
cost(8, 11, 461394).
cost(8, 12, 491146).
cost(8, 13, 256421).
cost(8, 14, 407447).
cost(8, 15, 119903).
cost(8, 16, 381788).
cost(8, 17, 280194).
cost(8, 18, 418800).
cost(8, 19, 100703).
cost(8, 20, 205755).
cost(8, 21, 111531).
cost(8, 22, 226382).
cost(8, 23, 363130).
cost(8, 24, 147048).
cost(8, 25, 134705).
cost(8, 26, 480251).
cost(8, 27, 113709).
cost(8, 28, 541372).
cost(8, 29, 225684).
cost(8, 30, 70843).
cost(9, 1, 248168).
cost(9, 2, 184166).
cost(9, 3, 144007).
cost(9, 4, 82809).
cost(9, 5, 118204).
cost(9, 6, 218049).
cost(9, 7, 297284).
cost(9, 8, 129940).
cost(9, 10, 81189).
cost(9, 11, 425216).
cost(9, 12, 471579).
cost(9, 13, 163696).
cost(9, 14, 315279).
cost(9, 15, 170300).
cost(9, 16, 257258).
cost(9, 17, 179620).
cost(9, 18, 297539).
cost(9, 19, 114510).
cost(9, 20, 314098).
cost(9, 21, 168165).
cost(9, 22, 317133).
cost(9, 23, 326913).
cost(9, 24, 241271).
cost(9, 25, 65420).
cost(9, 26, 402593).
cost(9, 27, 137870).
cost(9, 28, 435637).
cost(9, 29, 182181).
cost(9, 30, 79586).
cost(10, 1, 256758).
cost(10, 2, 161325).
cost(10, 3, 117618).
cost(10, 4, 153137).
cost(10, 5, 40200).
cost(10, 6, 183801).
cost(10, 7, 218478).
cost(10, 8, 106279).
cost(10, 9, 81189).
cost(10, 11, 370186).
cost(10, 12, 408860).
cost(10, 13, 150981).
cost(10, 14, 301177).
cost(10, 15, 91499).
cost(10, 16, 289041).
cost(10, 17, 260692).
cost(10, 18, 321843).
cost(10, 19, 154437).
cost(10, 20, 245805).
cost(10, 21, 194537).
cost(10, 22, 329124).
cost(10, 23, 270632).
cost(10, 24, 249439).
cost(10, 25, 35307).
cost(10, 26, 375366).
cost(10, 27, 177056).
cost(10, 28, 436155).
cost(10, 29, 253460).
cost(10, 30, 36710).
cost(11, 1, 614763).
cost(11, 2, 256243).
cost(11, 3, 467342).
cost(11, 4, 508009).
cost(11, 5, 365201).
cost(11, 6, 216334).
cost(11, 7, 352660).
cost(11, 8, 461394).
cost(11, 9, 425216).
cost(11, 10, 370186).
cost(11, 12, 71621).
cost(11, 13, 282479).
cost(11, 14, 216259).
cost(11, 15, 351071).
cost(11, 16, 378858).
cost(11, 17, 563462).
cost(11, 18, 362269).
cost(11, 19, 524120).
cost(11, 20, 441993).
cost(11, 21, 563647).
cost(11, 22, 685750).
cost(11, 23, 99563).
cost(11, 24, 607625).
cost(11, 25, 363613).
cost(11, 26, 157376).
cost(11, 27, 547080).
cost(11, 28, 307655).
cost(11, 29, 605845).
cost(11, 30, 404327).
cost(12, 1, 641361).
cost(12, 2, 314165).
cost(12, 3, 495295).
cost(12, 4, 554032).
cost(12, 5, 397519).
cost(12, 6, 274178).
cost(12, 7, 351263).
cost(12, 8, 491146).
cost(12, 9, 471579).
cost(12, 10, 408860).
cost(12, 11, 71621).
cost(12, 13, 340495).
cost(12, 14, 287428).
cost(12, 15, 374747).
cost(12, 16, 447994).
cost(12, 17, 620192).
cost(12, 18, 433024).
cost(12, 19, 563102).
cost(12, 20, 440733).
cost(12, 21, 598054).
cost(12, 22, 710556).
cost(12, 23, 148005).
cost(12, 24, 634435).
cost(12, 25, 407588).
cost(12, 26, 226630).
cost(12, 27, 585259).
cost(12, 28, 376533).
cost(12, 29, 653684).
cost(12, 30, 440587).
cost(13, 1, 401215).
cost(13, 2, 26358).
cost(13, 3, 268334).
cost(13, 4, 241473).
cost(13, 5, 176658).
cost(13, 6, 66436).
cost(13, 7, 309210).
cost(13, 8, 256421).
cost(13, 9, 163696).
cost(13, 10, 150981).
cost(13, 11, 282479).
cost(13, 12, 340495).
cost(13, 14, 153507).
cost(13, 15, 207177).
cost(13, 16, 164309).
cost(13, 17, 280985).
cost(13, 18, 184833).
cost(13, 19, 277054).
cost(13, 20, 366623).
cost(13, 21, 328115).
cost(13, 22, 472759).
cost(13, 23, 193106).
cost(13, 24, 393981).
cost(13, 25, 122597).
cost(13, 26, 239011).
cost(13, 27, 300722).
cost(13, 28, 285179).
cost(13, 29, 332274).
cost(13, 30, 185588).
cost(14, 1, 554516).
cost(14, 2, 139860).
cost(14, 3, 418647).
cost(14, 4, 388795).
cost(14, 5, 320559).
cost(14, 6, 126400).
cost(14, 7, 412159).
cost(14, 8, 407447).
cost(14, 9, 315279).
cost(14, 10, 301177).
cost(14, 11, 216259).
cost(14, 12, 287428).
cost(14, 13, 153507).
cost(14, 15, 338931).
cost(14, 16, 168781).
cost(14, 17, 398002).
cost(14, 18, 146453).
cost(14, 19, 429532).
cost(14, 20, 486036).
cost(14, 21, 481380).
cost(14, 22, 626193).
cost(14, 23, 176785).
cost(14, 24, 547264).
cost(14, 25, 275430).
cost(14, 26, 99770).
cost(14, 27, 453058).
cost(14, 28, 144518).
cost(14, 29, 471814).
cost(14, 30, 337027).
cost(15, 1, 266622).
cost(15, 2, 206565).
cost(15, 3, 121764).
cost(15, 4, 230641).
cost(15, 5, 52149).
cost(15, 6, 212627).
cost(15, 7, 127172).
cost(15, 8, 119903).
cost(15, 9, 170300).
cost(15, 10, 91499).
cost(15, 11, 351071).
cost(15, 12, 374747).
cost(15, 13, 207177).
cost(15, 14, 338931).
cost(15, 16, 363757).
cost(15, 17, 349371).
cost(15, 18, 390586).
cost(15, 19, 209731).
cost(15, 20, 161611).
cost(15, 21, 231093).
cost(15, 22, 336105).
cost(15, 23, 256136).
cost(15, 24, 259716).
cost(15, 25, 122747).
cost(15, 26, 394432).
cost(15, 27, 227807).
cost(15, 28, 481779).
cost(15, 29, 326434).
cost(15, 30, 96492).
cost(16, 1, 502778).
cost(16, 2, 178417).
cost(16, 3, 395485).
cost(16, 4, 303943).
cost(16, 5, 324056).
cost(16, 6, 204115).
cost(16, 7, 472866).
cost(16, 8, 381788).
cost(16, 9, 257258).
cost(16, 10, 289041).
cost(16, 11, 378858).
cost(16, 12, 447994).
cost(16, 13, 164309).
cost(16, 14, 168781).
cost(16, 15, 363757).
cost(16, 17, 262454).
cost(16, 18, 46605).
cost(16, 19, 362490).
cost(16, 20, 525291).
cost(16, 21, 418488).
cost(16, 22, 568702).
cost(16, 23, 316007).
cost(16, 24, 496169).
cost(16, 25, 254093).
cost(16, 26, 264150).
cost(16, 27, 383056).
cost(16, 28, 212677).
cost(16, 29, 361001).
cost(16, 30, 315516).
cost(17, 1, 323407).
cost(17, 2, 307255).
cost(17, 3, 292459).
cost(17, 4, 135377).
cost(17, 5, 297499).
cost(17, 6, 347267).
cost(17, 7, 475764).
cost(17, 8, 280194).
cost(17, 9, 179620).
cost(17, 10, 260692).
cost(17, 11, 563462).
cost(17, 12, 620192).
cost(17, 13, 280985).
cost(17, 14, 398002).
cost(17, 15, 349371).
cost(17, 16, 262454).
cost(17, 18, 308701).
cost(17, 19, 197026).
cost(17, 20, 483090).
cost(17, 21, 240557).
cost(17, 22, 371023).
cost(17, 23, 472197).
cost(17, 24, 319031).
cost(17, 25, 239056).
cost(17, 26, 497169).
cost(17, 27, 204156).
cost(17, 28, 474868).
cost(17, 29, 117625).
cost(17, 30, 254913).
cost(18, 1, 544732).
cost(18, 2, 193239).
cost(18, 3, 432239).
cost(18, 4, 348416).
cost(18, 5, 354563).
cost(18, 6, 211206).
cost(18, 7, 493063).
cost(18, 8, 418800).
cost(18, 9, 297539).
cost(18, 10, 321843).
cost(18, 11, 362269).
cost(18, 12, 433024).
cost(18, 13, 184833).
cost(18, 14, 146453).
cost(18, 15, 390586).
cost(18, 16, 46605).
cost(18, 17, 308701).
cost(18, 19, 405440).
cost(18, 20, 551109).
cost(18, 21, 461345).
cost(18, 22, 611649).
cost(18, 23, 310202).
cost(18, 24, 538004).
cost(18, 25, 287694).
cost(18, 26, 234323).
cost(18, 27, 426514).
cost(18, 28, 167276).
cost(18, 29, 407492).
cost(18, 30, 350725).
cost(19, 1, 141743).
cost(19, 2, 295900).
cost(19, 3, 108812).
cost(19, 4, 66842).
cost(19, 5, 169802).
cost(19, 6, 326944).
cost(19, 7, 320426).
cost(19, 8, 100703).
cost(19, 9, 114510).
cost(19, 10, 154437).
cost(19, 11, 524120).
cost(19, 12, 563102).
cost(19, 13, 277054).
cost(19, 14, 429532).
cost(19, 15, 209731).
cost(19, 16, 362490).
cost(19, 17, 197026).
cost(19, 18, 405440).
cost(19, 20, 304019).
cost(19, 21, 56005).
cost(19, 22, 206249).
cost(19, 23, 424575).
cost(19, 24, 135608).
cost(19, 25, 163095).
cost(19, 26, 515067).
cost(19, 27, 23765).
cost(19, 28, 549285).
cost(19, 29, 125438).
cost(19, 30, 123269).
cost(20, 1, 279907).
cost(20, 2, 362764).
cost(20, 3, 195633).
cost(20, 4, 350635).
cost(20, 5, 206271).
cost(20, 6, 361166).
cost(20, 7, 89776).
cost(20, 8, 205755).
cost(20, 9, 314098).
cost(20, 10, 245805).
cost(20, 11, 441993).
cost(20, 12, 440733).
cost(20, 13, 366623).
cost(20, 14, 486036).
cost(20, 15, 161611).
cost(20, 16, 525291).
cost(20, 17, 483090).
cost(20, 18, 551109).
cost(20, 19, 304019).
cost(20, 21, 294902).
cost(20, 22, 328909).
cost(20, 23, 364241).
cost(20, 24, 275606).
cost(20, 25, 280183).
cost(20, 26, 524869).
cost(20, 27, 311922).
cost(20, 28, 630539).
cost(20, 29, 429334).
cost(20, 30, 234584).
cost(21, 1, 86805).
cost(21, 2, 345445).
cost(21, 3, 112886).
cost(21, 4, 119904).
cost(21, 5, 200545).
cost(21, 6, 374253).
cost(21, 7, 326854).
cost(21, 8, 111531).
cost(21, 9, 168165).
cost(21, 10, 194537).
cost(21, 11, 563647).
cost(21, 12, 598054).
cost(21, 13, 328115).
cost(21, 14, 481380).
cost(21, 15, 231093).
cost(21, 16, 418488).
cost(21, 17, 240557).
cost(21, 18, 461345).
cost(21, 19, 56005).
cost(21, 20, 294902).
cost(21, 22, 150305).
cost(21, 23, 464273).
cost(21, 24, 81151).
cost(21, 25, 209727).
cost(21, 26, 564333).
cost(21, 27, 37981).
cost(21, 28, 603772).
cost(21, 29, 147299).
cost(21, 30, 159389).
cost(22, 1, 72389).
cost(22, 2, 487784).
cost(22, 3, 218915).
cost(22, 4, 267314).
cost(22, 5, 322873).
cost(22, 6, 512875).
cost(22, 7, 392758).
cost(22, 8, 226382).
cost(22, 9, 317133).
cost(22, 10, 329124).
cost(22, 11, 685750).
cost(22, 12, 710556).
cost(22, 13, 472759).
cost(22, 14, 626193).
cost(22, 15, 336105).
cost(22, 16, 568702).
cost(22, 17, 371023).
cost(22, 18, 611649).
cost(22, 19, 206249).
cost(22, 20, 328909).
cost(22, 21, 150305).
cost(22, 23, 588436).
cost(22, 24, 79709).
cost(22, 25, 351073).
cost(22, 26, 704411).
cost(22, 27, 185968).
cost(22, 28, 752389).
cost(22, 29, 258157).
cost(22, 30, 292413).
cost(23, 1, 517015).
cost(23, 2, 166891).
cost(23, 3, 369613).
cost(23, 4, 409707).
cost(23, 5, 266616).
cost(23, 6, 127240).
cost(23, 7, 277969).
cost(23, 8, 363130).
cost(23, 9, 326913).
cost(23, 10, 270632).
cost(23, 11, 99563).
cost(23, 12, 148005).
cost(23, 13, 193106).
cost(23, 14, 176785).
cost(23, 15, 256136).
cost(23, 16, 316007).
cost(23, 17, 472197).
cost(23, 18, 310202).
cost(23, 19, 424575).
cost(23, 20, 364241).
cost(23, 21, 464273).
cost(23, 22, 588436).
cost(23, 24, 509826).
cost(23, 25, 264527).
cost(23, 26, 169453).
cost(23, 27, 447519).
cost(23, 28, 304538).
cost(23, 29, 508337).
cost(23, 30, 304904).
cost(24, 1, 7320).
cost(24, 2, 408499).
cost(24, 3, 140286).
cost(24, 4, 200949).
cost(24, 5, 243696).
cost(24, 6, 433214).
cost(24, 7, 328390).
cost(24, 8, 147048).
cost(24, 9, 241271).
cost(24, 10, 249439).
cost(24, 11, 607625).
cost(24, 12, 634435).
cost(24, 13, 393981).
cost(24, 14, 547264).
cost(24, 15, 259716).
cost(24, 16, 496169).
cost(24, 17, 319031).
cost(24, 18, 538004).
cost(24, 19, 135608).
cost(24, 20, 275606).
cost(24, 21, 81151).
cost(24, 22, 79709).
cost(24, 23, 509826).
cost(24, 25, 271909).
cost(24, 26, 624766).
cost(24, 27, 119119).
cost(24, 28, 675094).
cost(24, 29, 216476).
cost(24, 30, 212730).
cost(25, 1, 279177).
cost(25, 2, 136756).
cost(25, 3, 147228).
cost(25, 4, 146641).
cost(25, 5, 73912).
cost(25, 6, 164581).
cost(25, 7, 248118).
cost(25, 8, 134705).
cost(25, 9, 65420).
cost(25, 10, 35307).
cost(25, 11, 363613).
cost(25, 12, 407588).
cost(25, 13, 122597).
cost(25, 14, 275430).
cost(25, 15, 122747).
cost(25, 16, 254093).
cost(25, 17, 239056).
cost(25, 18, 287694).
cost(25, 19, 163095).
cost(25, 20, 280183).
cost(25, 21, 209727).
cost(25, 22, 351073).
cost(25, 23, 264527).
cost(25, 24, 271909).
cost(25, 26, 354832).
cost(25, 27, 186715).
cost(25, 28, 406876).
cost(25, 29, 246983).
cost(25, 30, 64174).
cost(26, 1, 632083).
cost(26, 2, 219182).
cost(26, 3, 490010).
cost(26, 4, 479949).
cost(26, 5, 387153).
cost(26, 6, 191566).
cost(26, 7, 442262).
cost(26, 8, 480251).
cost(26, 9, 402593).
cost(26, 10, 375366).
cost(26, 11, 157376).
cost(26, 12, 226630).
cost(26, 13, 239011).
cost(26, 14, 99770).
cost(26, 15, 394432).
cost(26, 16, 264150).
cost(26, 17, 497169).
cost(26, 18, 234323).
cost(26, 19, 515067).
cost(26, 20, 524869).
cost(26, 21, 564333).
cost(26, 22, 704411).
cost(26, 23, 169453).
cost(26, 24, 624766).
cost(26, 25, 354832).
cost(26, 27, 538818).
cost(26, 28, 150280).
cost(26, 29, 566995).
cost(26, 30, 412061).
cost(27, 1, 124687).
cost(27, 2, 319656).
cost(27, 3, 119544).
cost(27, 4, 82185).
cost(27, 5, 190304).
cost(27, 6, 350680).
cost(27, 7, 334158).
cost(27, 8, 113709).
cost(27, 9, 137870).
cost(27, 10, 177056).
cost(27, 11, 547080).
cost(27, 12, 585259).
cost(27, 13, 300722).
cost(27, 14, 453058).
cost(27, 15, 227807).
cost(27, 16, 383056).
cost(27, 17, 204156).
cost(27, 18, 426514).
cost(27, 19, 23765).
cost(27, 20, 311922).
cost(27, 21, 37981).
cost(27, 22, 185968).
cost(27, 23, 447519).
cost(27, 24, 119119).
cost(27, 25, 186715).
cost(27, 26, 538818).
cost(27, 28, 571945).
cost(27, 29, 119276).
cost(27, 30, 144808).
cost(28, 1, 682192).
cost(28, 2, 277662).
cost(28, 3, 553453).
cost(28, 4, 499335).
cost(28, 5, 459675).
cost(28, 6, 270153).
cost(28, 7, 556169).
cost(28, 8, 541372).
cost(28, 9, 435637).
cost(28, 10, 436155).
cost(28, 11, 307655).
cost(28, 12, 376533).
cost(28, 13, 285179).
cost(28, 14, 144518).
cost(28, 15, 481779).
cost(28, 16, 212677).
cost(28, 17, 474868).
cost(28, 18, 167276).
cost(28, 19, 549285).
cost(28, 20, 630539).
cost(28, 21, 603772).
cost(28, 22, 752389).
cost(28, 23, 304538).
cost(28, 24, 675094).
cost(28, 25, 406876).
cost(28, 26, 150280).
cost(28, 27, 571945).
cost(28, 29, 568590).
cost(28, 30, 470540).
cost(29, 1, 219509).
cost(29, 2, 356366).
cost(29, 3, 234240).
cost(29, 4, 100738).
cost(29, 5, 280092).
cost(29, 6, 393779).
cost(29, 7, 443463).
cost(29, 8, 225684).
cost(29, 9, 182181).
cost(29, 10, 253460).
cost(29, 11, 605845).
cost(29, 12, 653684).
cost(29, 13, 332274).
cost(29, 14, 471814).
cost(29, 15, 326434).
cost(29, 16, 361001).
cost(29, 17, 117625).
cost(29, 18, 407492).
cost(29, 19, 125438).
cost(29, 20, 429334).
cost(29, 21, 147299).
cost(29, 22, 258157).
cost(29, 23, 508337).
cost(29, 24, 216476).
cost(29, 25, 246983).
cost(29, 26, 566995).
cost(29, 27, 119276).
cost(29, 28, 568590).
cost(29, 30, 231864).
cost(30, 1, 220049).
cost(30, 2, 197293).
cost(30, 3, 83092).
cost(30, 4, 134394).
cost(30, 5, 48289).
cost(30, 6, 220497).
cost(30, 7, 221125).
cost(30, 8, 70843).
cost(30, 9, 79586).
cost(30, 10, 36710).
cost(30, 11, 404327).
cost(30, 12, 440587).
cost(30, 13, 185588).
cost(30, 14, 337027).
cost(30, 15, 96492).
cost(30, 16, 315516).
cost(30, 17, 254913).
cost(30, 18, 350725).
cost(30, 19, 123269).
cost(30, 20, 234584).
cost(30, 21, 159389).
cost(30, 22, 292413).
cost(30, 23, 304904).
cost(30, 24, 212730).
cost(30, 25, 64174).
cost(30, 26, 412061).
cost(30, 27, 144808).
cost(30, 28, 470540).
cost(30, 29, 231864).
