dimension(30).
point(1, 265209.0, -75374.0).
point(2, -104592.0, -19983.0).
point(3, -501662.0, 206165.0).
point(4, 151402.0, 33476.0).
point(5, 91913.0, 359758.0).
point(6, -84923.0, -220721.0).
point(7, 3671.0, 8618.0).
point(8, -52071.0, -703636.0).
point(9, 91573.0, 186978.0).
point(10, 114952.0, -103354.0).
point(11, -115550.0, 24622.0).
point(12, 74977.0, -131297.0).
point(13, -192888.0, -108469.0).
point(14, -133686.0, 74644.0).
point(15, 377837.0, -350933.0).
point(16, 104021.0, -152907.0).
point(17, 160532.0, 152271.0).
point(18, 63278.0, 129536.0).
point(19, -84720.0, -200030.0).
point(20, 116371.0, -170368.0).
point(21, -102523.0, 181743.0).
point(22, -130300.0, -392451.0).
point(23, -157233.0, -60115.0).
point(24, -12669.0, -194826.0).
point(25, 76624.0, -93740.0).
point(26, 431267.0, -255453.0).
point(27, -387876.0, 38025.0).
point(28, -165550.0, -144582.0).
point(29, -94503.0, 352438.0).
point(30, 114787.0, -117497.0).
cost(1, 2, 373926).
cost(1, 3, 816918).
cost(1, 4, 157481).
cost(1, 5, 468371).
cost(1, 6, 379102).
cost(1, 7, 274694).
cost(1, 8, 703832).
cost(1, 9, 314608).
cost(1, 10, 152840).
cost(1, 11, 393671).
cost(1, 12, 198282).
cost(1, 13, 459291).
cost(1, 14, 426172).
cost(1, 15, 297687).
cost(1, 16, 178866).
cost(1, 17, 250558).
cost(1, 18, 287688).
cost(1, 19, 371469).
cost(1, 20, 176569).
cost(1, 21, 448705).
cost(1, 22, 506917).
cost(1, 23, 422717).
cost(1, 24, 302465).
cost(1, 25, 189477).
cost(1, 26, 244957).
cost(1, 27, 662857).
cost(1, 28, 436283).
cost(1, 29, 558942).
cost(1, 30, 156209).
cost(2, 1, 373926).
cost(2, 3, 456955).
cost(2, 4, 261516).
cost(2, 5, 427572).
cost(2, 6, 201699).
cost(2, 7, 111977).
cost(2, 8, 685667).
cost(2, 9, 285155).
cost(2, 10, 234841).
cost(2, 11, 45931).
cost(2, 12, 211272).
cost(2, 13, 125004).
cost(2, 14, 98999).
cost(2, 15, 585035).
cost(2, 16, 247362).
cost(2, 17, 316168).
cost(2, 18, 224803).
cost(2, 19, 181140).
cost(2, 20, 267283).
cost(2, 21, 201737).
cost(2, 22, 373354).
cost(2, 23, 66194).
cost(2, 24, 197535).
cost(2, 25, 195651).
cost(2, 26, 585313).
cost(2, 27, 289162).
cost(2, 28, 138711).
cost(2, 29, 372558).
cost(2, 30, 240075).
cost(3, 1, 816918).
cost(3, 2, 456955).
cost(3, 4, 675510).
cost(3, 5, 613125).
cost(3, 6, 596576).
cost(3, 7, 542574).
cost(3, 8, 1014825).
cost(3, 9, 593545).
cost(3, 10, 689938).
cost(3, 11, 426662).
cost(3, 12, 668127).
cost(3, 13, 440835).
cost(3, 14, 390774).
cost(3, 15, 1041094).
cost(3, 16, 704120).
cost(3, 17, 664384).
cost(3, 18, 570113).
cost(3, 19, 582095).
cost(3, 20, 723700).
cost(3, 21, 399885).
cost(3, 22, 704451).
cost(3, 23, 435358).
cost(3, 24, 632383).
cost(3, 25, 651427).
cost(3, 26, 1040888).
cost(3, 27, 203023).
cost(3, 28, 485793).
cost(3, 29, 432636).
cost(3, 30, 696252).
cost(4, 1, 157481).
cost(4, 2, 261516).
cost(4, 3, 675510).
cost(4, 5, 331661).
cost(4, 6, 347082).
cost(4, 7, 149808).
cost(4, 8, 764680).
cost(4, 9, 164749).
cost(4, 10, 141602).
cost(4, 11, 267099).
cost(4, 12, 181634).
cost(4, 13, 372403).
cost(4, 14, 288045).
cost(4, 15, 446142).
cost(4, 16, 192311).
cost(4, 17, 119145).
cost(4, 18, 130359).
cost(4, 19, 332082).
cost(4, 20, 206832).
cost(4, 21, 294043).
cost(4, 22, 510656).
cost(4, 23, 322513).
cost(4, 24, 281142).
cost(4, 25, 147566).
cost(4, 26, 402249).
cost(4, 27, 539297).
cost(4, 28, 363543).
cost(4, 29, 402748).
cost(4, 30, 155350).
cost(5, 1, 468371).
cost(5, 2, 427572).
cost(5, 3, 613125).
cost(5, 4, 331661).
cost(5, 6, 606817).
cost(5, 7, 362058).
cost(5, 8, 1073097).
cost(5, 9, 172780).
cost(5, 10, 463685).
cost(5, 11, 394154).
cost(5, 12, 491347).
cost(5, 13, 548040).
cost(5, 14, 363572).
cost(5, 15, 766051).
cost(5, 16, 512808).
cost(5, 17, 218539).
cost(5, 18, 231996).
cost(5, 19, 586994).
cost(5, 20, 530690).
cost(5, 21, 263618).
cost(5, 22, 784345).
cost(5, 23, 488228).
cost(5, 24, 564359).
cost(5, 25, 453756).
cost(5, 26, 702599).
cost(5, 27, 577676).
cost(5, 28, 566256).
cost(5, 29, 186560).
cost(5, 30, 477803).
cost(6, 1, 379102).
cost(6, 2, 201699).
cost(6, 3, 596576).
cost(6, 4, 347082).
cost(6, 5, 606817).
cost(6, 7, 245856).
cost(6, 8, 484031).
cost(6, 9, 444263).
cost(6, 10, 231787).
cost(6, 11, 247247).
cost(6, 12, 183207).
cost(6, 13, 155746).
cost(6, 14, 299363).
cost(6, 15, 480731).
cost(6, 16, 200745).
cost(6, 17, 446510).
cost(6, 18, 380320).
cost(6, 19, 20692).
cost(6, 20, 207496).
cost(6, 21, 402849).
cost(6, 22, 177624).
cost(6, 23, 176134).
cost(6, 24, 76754).
cost(6, 25, 205479).
cost(6, 26, 517357).
cost(6, 27, 398409).
cost(6, 28, 110896).
cost(6, 29, 573239).
cost(6, 30, 224809).
cost(7, 1, 274694).
cost(7, 2, 111977).
cost(7, 3, 542574).
cost(7, 4, 149808).
cost(7, 5, 362058).
cost(7, 6, 245856).
cost(7, 8, 714432).
cost(7, 9, 198844).
cost(7, 10, 157864).
cost(7, 11, 120290).
cost(7, 12, 157037).
cost(7, 13, 228790).
cost(7, 14, 152402).
cost(7, 15, 518919).
cost(7, 16, 190159).
cost(7, 17, 212701).
cost(7, 18, 134812).
cost(7, 19, 226599).
cost(7, 20, 211512).
cost(7, 21, 203100).
cost(7, 22, 422853).
cost(7, 23, 174969).
cost(7, 24, 204099).
cost(7, 25, 125695).
cost(7, 26, 502565).
cost(7, 27, 392650).
cost(7, 28, 228267).
cost(7, 29, 357562).
cost(7, 30, 168083).
cost(8, 1, 703832).
cost(8, 2, 685667).
cost(8, 3, 1014825).
cost(8, 4, 764680).
cost(8, 5, 1073097).
cost(8, 6, 484031).
cost(8, 7, 714432).
cost(8, 9, 902124).
cost(8, 10, 623085).
cost(8, 11, 731019).
cost(8, 12, 586271).
cost(8, 13, 611599).
cost(8, 14, 782548).
cost(8, 15, 556076).
cost(8, 16, 572422).
cost(8, 17, 881917).
cost(8, 18, 841119).
cost(8, 19, 504663).
cost(8, 20, 559238).
cost(8, 21, 886815).
cost(8, 22, 320867).
cost(8, 23, 652057).
cost(8, 24, 510333).
cost(8, 25, 623326).
cost(8, 26, 659154).
cost(8, 27, 814141).
cost(8, 28, 570455).
cost(8, 29, 1056926).
cost(8, 30, 609426).
cost(9, 1, 314608).
cost(9, 2, 285155).
cost(9, 3, 593545).
cost(9, 4, 164749).
cost(9, 5, 172780).
cost(9, 6, 444263).
cost(9, 7, 198844).
cost(9, 8, 902124).
cost(9, 10, 291272).
cost(9, 11, 263172).
cost(9, 12, 318707).
cost(9, 13, 410130).
cost(9, 14, 251715).
cost(9, 15, 609340).
cost(9, 16, 340113).
cost(9, 17, 77201).
cost(9, 18, 64033).
cost(9, 19, 425270).
cost(9, 20, 358205).
cost(9, 21, 194167).
cost(9, 22, 620456).
cost(9, 23, 350656).
cost(9, 24, 395779).
cost(9, 25, 281116).
cost(9, 26, 557797).
cost(9, 27, 502054).
cost(9, 28, 419576).
cost(9, 29, 249001).
cost(9, 30, 305359).
cost(10, 1, 152840).
cost(10, 2, 234841).
cost(10, 3, 689938).
cost(10, 4, 141602).
cost(10, 5, 463685).
cost(10, 6, 231787).
cost(10, 7, 157864).
cost(10, 8, 623085).
cost(10, 9, 291272).
cost(10, 11, 263646).
cost(10, 12, 48773).
cost(10, 13, 307882).
cost(10, 14, 305784).
cost(10, 15, 361115).
cost(10, 16, 50744).
cost(10, 17, 259657).
cost(10, 18, 238554).
cost(10, 19, 221845).
cost(10, 20, 67029).
cost(10, 21, 358575).
cost(10, 22, 379112).
cost(10, 23, 275598).
cost(10, 24, 157017).
cost(10, 25, 39515).
cost(10, 26, 350983).
cost(10, 27, 522326).
cost(10, 28, 283516).
cost(10, 29, 501615).
cost(10, 30, 14144).
cost(11, 1, 393671).
cost(11, 2, 45931).
cost(11, 3, 426662).
cost(11, 4, 267099).
cost(11, 5, 394154).
cost(11, 6, 247247).
cost(11, 7, 120290).
cost(11, 8, 731019).
cost(11, 9, 263172).
cost(11, 10, 263646).
cost(11, 12, 246194).
cost(11, 13, 153930).
cost(11, 14, 53208).
cost(11, 15, 620058).
cost(11, 16, 282361).
cost(11, 17, 304164).
cost(11, 18, 207332).
cost(11, 19, 226758).
cost(11, 20, 302999).
cost(11, 21, 157660).
cost(11, 22, 417334).
cost(11, 23, 94434).
cost(11, 24, 242367).
cost(11, 25, 225700).
cost(11, 26, 614370).
cost(11, 27, 272656).
cost(11, 28, 176437).
cost(11, 29, 328491).
cost(11, 30, 270653).
cost(12, 1, 198282).
cost(12, 2, 211272).
cost(12, 3, 668127).
cost(12, 4, 181634).
cost(12, 5, 491347).
cost(12, 6, 183207).
cost(12, 7, 157037).
cost(12, 8, 586271).
cost(12, 9, 318707).
cost(12, 10, 48773).
cost(12, 11, 246194).
cost(12, 13, 268836).
cost(12, 14, 293176).
cost(12, 15, 374118).
cost(12, 16, 36201).
cost(12, 17, 296193).
cost(12, 18, 261095).
cost(12, 19, 173860).
cost(12, 20, 56921).
cost(12, 21, 359861).
cost(12, 22, 332175).
cost(12, 23, 242875).
cost(12, 24, 108249).
cost(12, 25, 37593).
cost(12, 26, 377303).
cost(12, 27, 492852).
cost(12, 28, 240894).
cost(12, 29, 512565).
cost(12, 30, 42134).
cost(13, 1, 459291).
cost(13, 2, 125004).
cost(13, 3, 440835).
cost(13, 4, 372403).
cost(13, 5, 548040).
cost(13, 6, 155746).
cost(13, 7, 228790).
cost(13, 8, 611599).
cost(13, 9, 410130).
cost(13, 10, 307882).
cost(13, 11, 153930).
cost(13, 12, 268836).
cost(13, 14, 192445).
cost(13, 15, 620093).
cost(13, 16, 300216).
cost(13, 17, 439194).
cost(13, 18, 349668).
cost(13, 19, 141717).
cost(13, 20, 315393).
cost(13, 21, 303955).
cost(13, 22, 290797).
cost(13, 23, 60078).
cost(13, 24, 199841).
cost(13, 25, 269914).
cost(13, 26, 641228).
cost(13, 27, 243887).
cost(13, 28, 45294).
cost(13, 29, 471291).
cost(13, 30, 307807).
cost(14, 1, 426172).
cost(14, 2, 98999).
cost(14, 3, 390774).
cost(14, 4, 288045).
cost(14, 5, 363572).
cost(14, 6, 299363).
cost(14, 7, 152402).
cost(14, 8, 782548).
cost(14, 9, 251715).
cost(14, 10, 305784).
cost(14, 11, 53208).
cost(14, 12, 293176).
cost(14, 13, 192445).
cost(14, 15, 665411).
cost(14, 16, 329065).
cost(14, 17, 304286).
cost(14, 18, 204470).
cost(14, 19, 279004).
cost(14, 20, 350085).
cost(14, 21, 111541).
cost(14, 22, 467107).
cost(14, 23, 136801).
cost(14, 24, 295397).
cost(14, 25, 269413).
cost(14, 26, 654321).
cost(14, 27, 256814).
cost(14, 28, 221530).
cost(14, 29, 280544).
cost(14, 30, 314097).
cost(15, 1, 297687).
cost(15, 2, 585035).
cost(15, 3, 1041094).
cost(15, 4, 446142).
cost(15, 5, 766051).
cost(15, 6, 480731).
cost(15, 7, 518919).
cost(15, 8, 556076).
cost(15, 9, 609340).
cost(15, 10, 361115).
cost(15, 11, 620058).
cost(15, 12, 374118).
cost(15, 13, 620093).
cost(15, 14, 665411).
cost(15, 16, 337919).
cost(15, 17, 548120).
cost(15, 18, 574280).
cost(15, 19, 486550).
cost(15, 20, 317755).
cost(15, 21, 717279).
cost(15, 22, 509830).
cost(15, 23, 608995).
cost(15, 24, 420552).
cost(15, 25, 396078).
cost(15, 26, 109413).
cost(15, 27, 858839).
cost(15, 28, 581249).
cost(15, 29, 847252).
cost(15, 30, 351693).
cost(16, 1, 178866).
cost(16, 2, 247362).
cost(16, 3, 704120).
cost(16, 4, 192311).
cost(16, 5, 512808).
cost(16, 6, 200745).
cost(16, 7, 190159).
cost(16, 8, 572422).
cost(16, 9, 340113).
cost(16, 10, 50744).
cost(16, 11, 282361).
cost(16, 12, 36201).
cost(16, 13, 300216).
cost(16, 14, 329065).
cost(16, 15, 337919).
cost(16, 17, 310366).
cost(16, 18, 285367).
cost(16, 19, 194535).
cost(16, 20, 21387).
cost(16, 21, 393257).
cost(16, 22, 335094).
cost(16, 23, 277244).
cost(16, 24, 123991).
cost(16, 25, 65202).
cost(16, 26, 342937).
cost(16, 27, 527653).
cost(16, 28, 269700).
cost(16, 29, 542941).
cost(16, 30, 37010).
cost(17, 1, 250558).
cost(17, 2, 316168).
cost(17, 3, 664384).
cost(17, 4, 119145).
cost(17, 5, 218539).
cost(17, 6, 446510).
cost(17, 7, 212701).
cost(17, 8, 881917).
cost(17, 9, 77201).
cost(17, 10, 259657).
cost(17, 11, 304164).
cost(17, 12, 296193).
cost(17, 13, 439194).
cost(17, 14, 304286).
cost(17, 15, 548120).
cost(17, 16, 310366).
cost(17, 18, 99876).
cost(17, 19, 429260).
cost(17, 20, 325647).
cost(17, 21, 264701).
cost(17, 22, 617499).
cost(17, 23, 382207).
cost(17, 24, 387911).
cost(17, 25, 259927).
cost(17, 26, 489424).
cost(17, 27, 560182).
cost(17, 28, 440966).
cost(17, 29, 324206).
cost(17, 30, 273619).
cost(18, 1, 287688).
cost(18, 2, 224803).
cost(18, 3, 570113).
cost(18, 4, 130359).
cost(18, 5, 231996).
cost(18, 6, 380320).
cost(18, 7, 134812).
cost(18, 8, 841119).
cost(18, 9, 64033).
cost(18, 10, 238554).
cost(18, 11, 207332).
cost(18, 12, 261095).
cost(18, 13, 349668).
cost(18, 14, 204470).
cost(18, 15, 574280).
cost(18, 16, 285367).
cost(18, 17, 99876).
cost(18, 19, 361272).
cost(18, 20, 304567).
cost(18, 21, 173826).
cost(18, 22, 556725).
cost(18, 23, 290848).
cost(18, 24, 333135).
cost(18, 25, 223675).
cost(18, 26, 532572).
cost(18, 27, 460341).
cost(18, 28, 357076).
cost(18, 29, 273094).
cost(18, 30, 252346).
cost(19, 1, 371469).
cost(19, 2, 181140).
cost(19, 3, 582095).
cost(19, 4, 332082).
cost(19, 5, 586994).
cost(19, 6, 20692).
cost(19, 7, 226599).
cost(19, 8, 504663).
cost(19, 9, 425270).
cost(19, 10, 221845).
cost(19, 11, 226758).
cost(19, 12, 173860).
cost(19, 13, 141717).
cost(19, 14, 279004).
cost(19, 15, 486550).
cost(19, 16, 194535).
cost(19, 17, 429260).
cost(19, 18, 361272).
cost(19, 20, 203267).
cost(19, 21, 382188).
cost(19, 22, 197746).
cost(19, 23, 157589).
cost(19, 24, 72239).
cost(19, 25, 193208).
cost(19, 26, 518955).
cost(19, 27, 385453).
cost(19, 28, 98020).
cost(19, 29, 552555).
cost(19, 30, 215904).
cost(20, 1, 176569).
cost(20, 2, 267283).
cost(20, 3, 723700).
cost(20, 4, 206832).
cost(20, 5, 530690).
cost(20, 6, 207496).
cost(20, 7, 211512).
cost(20, 8, 559238).
cost(20, 9, 358205).
cost(20, 10, 67029).
cost(20, 11, 302999).
cost(20, 12, 56921).
cost(20, 13, 315393).
cost(20, 14, 350085).
cost(20, 15, 317755).
cost(20, 16, 21387).
cost(20, 17, 325647).
cost(20, 18, 304567).
cost(20, 19, 203267).
cost(20, 21, 414604).
cost(20, 22, 331915).
cost(20, 23, 294983).
cost(20, 24, 131337).
cost(20, 25, 86323).
cost(20, 26, 326189).
cost(20, 27, 545612).
cost(20, 28, 283098).
cost(20, 29, 563732).
cost(20, 30, 52895).
cost(21, 1, 448705).
cost(21, 2, 201737).
cost(21, 3, 399885).
cost(21, 4, 294043).
cost(21, 5, 263618).
cost(21, 6, 402849).
cost(21, 7, 203100).
cost(21, 8, 886815).
cost(21, 9, 194167).
cost(21, 10, 358575).
cost(21, 11, 157660).
cost(21, 12, 359861).
cost(21, 13, 303955).
cost(21, 14, 111541).
cost(21, 15, 717279).
cost(21, 16, 393257).
cost(21, 17, 264701).
cost(21, 18, 173826).
cost(21, 19, 382188).
cost(21, 20, 414604).
cost(21, 22, 574865).
cost(21, 23, 247969).
cost(21, 24, 387141).
cost(21, 25, 328610).
cost(21, 26, 689980).
cost(21, 27, 319501).
cost(21, 28, 332356).
cost(21, 29, 170883).
cost(21, 30, 369822).
cost(22, 1, 506917).
cost(22, 2, 373354).
cost(22, 3, 704451).
cost(22, 4, 510656).
cost(22, 5, 784345).
cost(22, 6, 177624).
cost(22, 7, 422853).
cost(22, 8, 320867).
cost(22, 9, 620456).
cost(22, 10, 379112).
cost(22, 11, 417334).
cost(22, 12, 332175).
cost(22, 13, 290797).
cost(22, 14, 467107).
cost(22, 15, 509830).
cost(22, 16, 335094).
cost(22, 17, 617499).
cost(22, 18, 556725).
cost(22, 19, 197746).
cost(22, 20, 331915).
cost(22, 21, 574865).
cost(22, 23, 333426).
cost(22, 24, 229984).
cost(22, 25, 363381).
cost(22, 26, 578036).
cost(22, 27, 501652).
cost(22, 28, 250363).
cost(22, 29, 745749).
cost(22, 30, 368330).
cost(23, 1, 422717).
cost(23, 2, 66194).
cost(23, 3, 435358).
cost(23, 4, 322513).
cost(23, 5, 488228).
cost(23, 6, 176134).
cost(23, 7, 174969).
cost(23, 8, 652057).
cost(23, 9, 350656).
cost(23, 10, 275598).
cost(23, 11, 94434).
cost(23, 12, 242875).
cost(23, 13, 60078).
cost(23, 14, 136801).
cost(23, 15, 608995).
cost(23, 16, 277244).
cost(23, 17, 382207).
cost(23, 18, 290848).
cost(23, 19, 157589).
cost(23, 20, 294983).
cost(23, 21, 247969).
cost(23, 22, 333426).
cost(23, 24, 197600).
cost(23, 25, 236262).
cost(23, 26, 620072).
cost(23, 27, 250654).
cost(23, 28, 84875).
cost(23, 29, 417295).
cost(23, 30, 278006).
cost(24, 1, 302465).
cost(24, 2, 197535).
cost(24, 3, 632383).
cost(24, 4, 281142).
cost(24, 5, 564359).
cost(24, 6, 76754).
cost(24, 7, 204099).
cost(24, 8, 510333).
cost(24, 9, 395779).
cost(24, 10, 157017).
cost(24, 11, 242367).
cost(24, 12, 108249).
cost(24, 13, 199841).
cost(24, 14, 295397).
cost(24, 15, 420552).
cost(24, 16, 123991).
cost(24, 17, 387911).
cost(24, 18, 333135).
cost(24, 19, 72239).
cost(24, 20, 131337).
cost(24, 21, 387141).
cost(24, 22, 229984).
cost(24, 23, 197600).
cost(24, 25, 134876).
cost(24, 26, 448057).
cost(24, 27, 441588).
cost(24, 28, 160926).
cost(24, 29, 553349).
cost(24, 30, 149080).
cost(25, 1, 189477).
cost(25, 2, 195651).
cost(25, 3, 651427).
cost(25, 4, 147566).
cost(25, 5, 453756).
cost(25, 6, 205479).
cost(25, 7, 125695).
cost(25, 8, 623326).
cost(25, 9, 281116).
cost(25, 10, 39515).
cost(25, 11, 225700).
cost(25, 12, 37593).
cost(25, 13, 269914).
cost(25, 14, 269413).
cost(25, 15, 396078).
cost(25, 16, 65202).
cost(25, 17, 259927).
cost(25, 18, 223675).
cost(25, 19, 193208).
cost(25, 20, 86323).
cost(25, 21, 328610).
cost(25, 22, 363381).
cost(25, 23, 236262).
cost(25, 24, 134876).
cost(25, 26, 389773).
cost(25, 27, 482827).
cost(25, 28, 247453).
cost(25, 29, 477869).
cost(25, 30, 44953).
cost(26, 1, 244957).
cost(26, 2, 585313).
cost(26, 3, 1040888).
cost(26, 4, 402249).
cost(26, 5, 702599).
cost(26, 6, 517357).
cost(26, 7, 502565).
cost(26, 8, 659154).
cost(26, 9, 557797).
cost(26, 10, 350983).
cost(26, 11, 614370).
cost(26, 12, 377303).
cost(26, 13, 641228).
cost(26, 14, 654321).
cost(26, 15, 109413).
cost(26, 16, 342937).
cost(26, 17, 489424).
cost(26, 18, 532572).
cost(26, 19, 518955).
cost(26, 20, 326189).
cost(26, 21, 689980).
cost(26, 22, 578036).
cost(26, 23, 620072).
cost(26, 24, 448057).
cost(26, 25, 389773).
cost(26, 27, 870129).
cost(26, 28, 607028).
cost(26, 29, 803720).
cost(26, 30, 345241).
cost(27, 1, 662857).
cost(27, 2, 289162).
cost(27, 3, 203023).
cost(27, 4, 539297).
cost(27, 5, 577676).
cost(27, 6, 398409).
cost(27, 7, 392650).
cost(27, 8, 814141).
cost(27, 9, 502054).
cost(27, 10, 522326).
cost(27, 11, 272656).
cost(27, 12, 492852).
cost(27, 13, 243887).
cost(27, 14, 256814).
cost(27, 15, 858839).
cost(27, 16, 527653).
cost(27, 17, 560182).
cost(27, 18, 460341).
cost(27, 19, 385453).
cost(27, 20, 545612).
cost(27, 21, 319501).
cost(27, 22, 501652).
cost(27, 23, 250654).
cost(27, 24, 441588).
cost(27, 25, 482827).
cost(27, 26, 870129).
cost(27, 28, 287705).
cost(27, 29, 430027).
cost(27, 30, 526172).
cost(28, 1, 436283).
cost(28, 2, 138711).
cost(28, 3, 485793).
cost(28, 4, 363543).
cost(28, 5, 566256).
cost(28, 6, 110896).
cost(28, 7, 228267).
cost(28, 8, 570455).
cost(28, 9, 419576).
cost(28, 10, 283516).
cost(28, 11, 176437).
cost(28, 12, 240894).
cost(28, 13, 45294).
cost(28, 14, 221530).
cost(28, 15, 581249).
cost(28, 16, 269700).
cost(28, 17, 440966).
cost(28, 18, 357076).
cost(28, 19, 98020).
cost(28, 20, 283098).
cost(28, 21, 332356).
cost(28, 22, 250363).
cost(28, 23, 84875).
cost(28, 24, 160926).
cost(28, 25, 247453).
cost(28, 26, 607028).
cost(28, 27, 287705).
cost(28, 29, 502072).
cost(28, 30, 281642).
cost(29, 1, 558942).
cost(29, 2, 372558).
cost(29, 3, 432636).
cost(29, 4, 402748).
cost(29, 5, 186560).
cost(29, 6, 573239).
cost(29, 7, 357562).
cost(29, 8, 1056926).
cost(29, 9, 249001).
cost(29, 10, 501615).
cost(29, 11, 328491).
cost(29, 12, 512565).
cost(29, 13, 471291).
cost(29, 14, 280544).
cost(29, 15, 847252).
cost(29, 16, 542941).
cost(29, 17, 324206).
cost(29, 18, 273094).
cost(29, 19, 552555).
cost(29, 20, 563732).
cost(29, 21, 170883).
cost(29, 22, 745749).
cost(29, 23, 417295).
cost(29, 24, 553349).
cost(29, 25, 477869).
cost(29, 26, 803720).
cost(29, 27, 430027).
cost(29, 28, 502072).
cost(29, 30, 514433).
cost(30, 1, 156209).
cost(30, 2, 240075).
cost(30, 3, 696252).
cost(30, 4, 155350).
cost(30, 5, 477803).
cost(30, 6, 224809).
cost(30, 7, 168083).
cost(30, 8, 609426).
cost(30, 9, 305359).
cost(30, 10, 14144).
cost(30, 11, 270653).
cost(30, 12, 42134).
cost(30, 13, 307807).
cost(30, 14, 314097).
cost(30, 15, 351693).
cost(30, 16, 37010).
cost(30, 17, 273619).
cost(30, 18, 252346).
cost(30, 19, 215904).
cost(30, 20, 52895).
cost(30, 21, 369822).
cost(30, 22, 368330).
cost(30, 23, 278006).
cost(30, 24, 149080).
cost(30, 25, 44953).
cost(30, 26, 345241).
cost(30, 27, 526172).
cost(30, 28, 281642).
cost(30, 29, 514433).
