dimension(30).
point(1, 16512.0, -140303.0).
point(2, -134002.0, -20011.0).
point(3, 62624.0, 318495.0).
point(4, -39812.0, -64081.0).
point(5, 10003.0, 293644.0).
point(6, -127557.0, 41787.0).
point(7, 118664.0, -147695.0).
point(8, 108436.0, -94173.0).
point(9, -96888.0, 376813.0).
point(10, 291098.0, 14772.0).
point(11, -137613.0, 300394.0).
point(12, -54919.0, -196847.0).
point(13, 297067.0, 149216.0).
point(14, -195135.0, -98355.0).
point(15, 116565.0, 106132.0).
point(16, 106839.0, 27162.0).
point(17, 178049.0, 93461.0).
point(18, 205605.0, 55795.0).
point(19, 14877.0, 120479.0).
point(20, 31197.0, -255785.0).
point(21, -194118.0, -27156.0).
point(22, -239362.0, -355436.0).
point(23, -6280.0, 81681.0).
point(24, 99524.0, -19504.0).
point(25, -66843.0, 79180.0).
point(26, -228324.0, 186164.0).
point(27, 2048.0, -276752.0).
point(28, 194601.0, -195051.0).
point(29, -247842.0, 61816.0).
point(30, -421156.0, -24862.0).
cost(1, 2, 192678).
cost(1, 3, 461109).
cost(1, 4, 94774).
cost(1, 5, 433996).
cost(1, 6, 232191).
cost(1, 7, 102419).
cost(1, 8, 102849).
cost(1, 9, 529404).
cost(1, 10, 315350).
cost(1, 11, 466871).
cost(1, 12, 91102).
cost(1, 13, 403153).
cost(1, 14, 215764).
cost(1, 15, 265971).
cost(1, 16, 190272).
cost(1, 17, 284148).
cost(1, 18, 272416).
cost(1, 19, 260787).
cost(1, 20, 116412).
cost(1, 21, 239097).
cost(1, 22, 334296).
cost(1, 23, 223151).
cost(1, 24, 146572).
cost(1, 25, 234778).
cost(1, 26, 408075).
cost(1, 27, 137213).
cost(1, 28, 186314).
cost(1, 29, 332769).
cost(1, 30, 452637).
cost(2, 1, 192678).
cost(2, 3, 391469).
cost(2, 4, 103990).
cost(2, 5, 345133).
cost(2, 6, 62133).
cost(2, 7, 283096).
cost(2, 8, 253527).
cost(2, 9, 398556).
cost(2, 10, 426521).
cost(2, 11, 320425).
cost(2, 12, 193714).
cost(2, 13, 463096).
cost(2, 14, 99373).
cost(2, 15, 280528).
cost(2, 16, 245417).
cost(2, 17, 332042).
cost(2, 18, 347965).
cost(2, 19, 204701).
cost(2, 20, 287889).
cost(2, 21, 60539).
cost(2, 22, 351583).
cost(2, 23, 163261).
cost(2, 24, 233527).
cost(2, 25, 119788).
cost(2, 26, 226726).
cost(2, 27, 290561).
cost(2, 28, 372316).
cost(2, 29, 140197).
cost(2, 30, 287195).
cost(3, 1, 461109).
cost(3, 2, 391469).
cost(3, 4, 396052).
cost(3, 5, 58194).
cost(3, 6, 335762).
cost(3, 7, 469546).
cost(3, 8, 415203).
cost(3, 9, 169838).
cost(3, 10, 380063).
cost(3, 11, 201053).
cost(3, 12, 528577).
cost(3, 13, 289169).
cost(3, 14, 490106).
cost(3, 15, 219107).
cost(3, 16, 294669).
cost(3, 17, 252910).
cost(3, 18, 299090).
cost(3, 19, 203691).
cost(3, 20, 575139).
cost(3, 21, 430571).
cost(3, 22, 738497).
cost(3, 23, 246635).
cost(3, 24, 340007).
cost(3, 25, 272091).
cost(3, 26, 319628).
cost(3, 27, 598321).
cost(3, 28, 530233).
cost(3, 29, 402832).
cost(3, 30, 593243).
cost(4, 1, 94774).
cost(4, 2, 103990).
cost(4, 3, 396052).
cost(4, 5, 361177).
cost(4, 6, 137504).
cost(4, 7, 179181).
cost(4, 8, 151271).
cost(4, 9, 444573).
cost(4, 10, 340175).
cost(4, 11, 377369).
cost(4, 12, 133623).
cost(4, 13, 398727).
cost(4, 14, 159060).
cost(4, 15, 231141).
cost(4, 16, 172719).
cost(4, 17, 268855).
cost(4, 18, 273130).
cost(4, 19, 192492).
cost(4, 20, 204433).
cost(4, 21, 158663).
cost(4, 22, 353140).
cost(4, 23, 149569).
cost(4, 24, 146293).
cost(4, 25, 145789).
cost(4, 26, 313304).
cost(4, 27, 216752).
cost(4, 28, 268519).
cost(4, 29, 243159).
cost(4, 30, 383355).
cost(5, 1, 433996).
cost(5, 2, 345133).
cost(5, 3, 58194).
cost(5, 4, 361177).
cost(5, 6, 286975).
cost(5, 7, 454519).
cost(5, 8, 400114).
cost(5, 9, 135435).
cost(5, 10, 395960).
cost(5, 11, 147770).
cost(5, 12, 494769).
cost(5, 13, 321349).
cost(5, 14, 442431).
cost(5, 15, 215676).
cost(5, 16, 283531).
cost(5, 17, 261367).
cost(5, 18, 307949).
cost(5, 19, 173234).
cost(5, 20, 549838).
cost(5, 21, 380234).
cost(5, 22, 695333).
cost(5, 23, 212588).
cost(5, 24, 325693).
cost(5, 25, 227816).
cost(5, 26, 261442).
cost(5, 27, 570451).
cost(5, 28, 522398).
cost(5, 29, 346739).
cost(5, 30, 536045).
cost(6, 1, 232191).
cost(6, 2, 62133).
cost(6, 3, 335762).
cost(6, 4, 137504).
cost(6, 5, 286975).
cost(6, 7, 310690).
cost(6, 8, 272356).
cost(6, 9, 336427).
cost(6, 10, 419526).
cost(6, 11, 258802).
cost(6, 12, 249444).
cost(6, 13, 438003).
cost(6, 14, 155585).
cost(6, 15, 252460).
cost(6, 16, 234852).
cost(6, 17, 309944).
cost(6, 18, 333456).
cost(6, 19, 162726).
cost(6, 20, 337271).
cost(6, 21, 95831).
cost(6, 22, 412658).
cost(6, 23, 127670).
cost(6, 24, 235207).
cost(6, 25, 71305).
cost(6, 26, 176064).
cost(6, 27, 343896).
cost(6, 28, 399847).
cost(6, 29, 121941).
cost(6, 30, 301069).
cost(7, 1, 102419).
cost(7, 2, 283096).
cost(7, 3, 469546).
cost(7, 4, 179181).
cost(7, 5, 454519).
cost(7, 6, 310690).
cost(7, 8, 54491).
cost(7, 9, 567073).
cost(7, 10, 236916).
cost(7, 11, 516199).
cost(7, 12, 180408).
cost(7, 13, 346387).
cost(7, 14, 317654).
cost(7, 15, 253836).
cost(7, 16, 175256).
cost(7, 17, 248360).
cost(7, 18, 221285).
cost(7, 19, 287557).
cost(7, 20, 139046).
cost(7, 21, 335205).
cost(7, 22, 413931).
cost(7, 23, 261198).
cost(7, 24, 129612).
cost(7, 25, 293062).
cost(7, 26, 481521).
cost(7, 27, 173940).
cost(7, 28, 89493).
cost(7, 29, 422163).
cost(7, 30, 553619).
cost(8, 1, 102849).
cost(8, 2, 253527).
cost(8, 3, 415203).
cost(8, 4, 151271).
cost(8, 5, 400114).
cost(8, 6, 272356).
cost(8, 7, 54491).
cost(8, 9, 513795).
cost(8, 10, 212684).
cost(8, 11, 464998).
cost(8, 12, 192942).
cost(8, 13, 307928).
cost(8, 14, 303600).
cost(8, 15, 200470).
cost(8, 16, 121346).
cost(8, 17, 200131).
cost(8, 18, 178696).
cost(8, 19, 234155).
cost(8, 20, 179121).
cost(8, 21, 309887).
cost(8, 22, 434996).
cost(8, 23, 209963).
cost(8, 24, 75199).
cost(8, 25, 246524).
cost(8, 26, 438174).
cost(8, 27, 211314).
cost(8, 28, 132668).
cost(8, 29, 388930).
cost(8, 30, 534108).
cost(9, 1, 529404).
cost(9, 2, 398556).
cost(9, 3, 169838).
cost(9, 4, 444573).
cost(9, 5, 135435).
cost(9, 6, 336427).
cost(9, 7, 567073).
cost(9, 8, 513795).
cost(9, 10, 530666).
cost(9, 11, 86593).
cost(9, 12, 575193).
cost(9, 13, 454974).
cost(9, 14, 485219).
cost(9, 15, 344718).
cost(9, 16, 404673).
cost(9, 17, 394815).
cost(9, 18, 441083).
cost(9, 19, 279640).
cost(9, 20, 645435).
cost(9, 21, 415505).
cost(9, 22, 745981).
cost(9, 23, 308728).
cost(9, 24, 442318).
cost(9, 25, 299146).
cost(9, 26, 231565).
cost(9, 27, 661011).
cost(9, 28, 641868).
cost(9, 29, 349300).
cost(9, 30, 516229).
cost(10, 1, 315350).
cost(10, 2, 426521).
cost(10, 3, 380063).
cost(10, 4, 340175).
cost(10, 5, 395960).
cost(10, 6, 419526).
cost(10, 7, 236916).
cost(10, 8, 212684).
cost(10, 9, 530666).
cost(10, 11, 515144).
cost(10, 12, 405599).
cost(10, 13, 134576).
cost(10, 14, 499220).
cost(10, 15, 196999).
cost(10, 16, 184675).
cost(10, 17, 137739).
cost(10, 18, 94826).
cost(10, 19, 295757).
cost(10, 20, 375166).
cost(10, 21, 487024).
cost(10, 22, 646871).
cost(10, 23, 304812).
cost(10, 24, 194616).
cost(10, 25, 363690).
cost(10, 26, 546968).
cost(10, 27, 410532).
cost(10, 28, 230949).
cost(10, 29, 540989).
cost(10, 30, 713356).
cost(11, 1, 466871).
cost(11, 2, 320425).
cost(11, 3, 201053).
cost(11, 4, 377369).
cost(11, 5, 147770).
cost(11, 6, 258802).
cost(11, 7, 516199).
cost(11, 8, 464998).
cost(11, 9, 86593).
cost(11, 10, 515144).
cost(11, 12, 504070).
cost(11, 13, 460219).
cost(11, 14, 402877).
cost(11, 15, 319913).
cost(11, 16, 366623).
cost(11, 17, 377444).
cost(11, 18, 421458).
cost(11, 19, 235844).
cost(11, 20, 581233).
cost(11, 21, 332388).
cost(11, 22, 663676).
cost(11, 23, 255115).
cost(11, 24, 398207).
cost(11, 25, 232259).
cost(11, 26, 145866).
cost(11, 27, 593804).
cost(11, 28, 596516).
cost(11, 29, 262812).
cost(11, 30, 431495).
cost(12, 1, 91102).
cost(12, 2, 193714).
cost(12, 3, 528577).
cost(12, 4, 133623).
cost(12, 5, 494769).
cost(12, 6, 249444).
cost(12, 7, 180408).
cost(12, 8, 192942).
cost(12, 9, 575193).
cost(12, 10, 405599).
cost(12, 11, 504070).
cost(12, 13, 493613).
cost(12, 14, 171351).
cost(12, 15, 348142).
cost(12, 16, 276307).
cost(12, 17, 372227).
cost(12, 18, 362906).
cost(12, 19, 324911).
cost(12, 20, 104354).
cost(12, 21, 219480).
cost(12, 22, 243248).
cost(12, 23, 282743).
cost(12, 24, 235166).
cost(12, 25, 276284).
cost(12, 26, 420436).
cost(12, 27, 98133).
cost(12, 28, 249526).
cost(12, 29, 322685).
cost(12, 30, 404609).
cost(13, 1, 403153).
cost(13, 2, 463096).
cost(13, 3, 289169).
cost(13, 4, 398727).
cost(13, 5, 321349).
cost(13, 6, 438003).
cost(13, 7, 346387).
cost(13, 8, 307928).
cost(13, 9, 454974).
cost(13, 10, 134576).
cost(13, 11, 460219).
cost(13, 12, 493613).
cost(13, 14, 550958).
cost(13, 15, 185573).
cost(13, 16, 226017).
cost(13, 17, 131430).
cost(13, 18, 130739).
cost(13, 19, 283649).
cost(13, 20, 484472).
cost(13, 21, 521891).
cost(13, 22, 736498).
cost(13, 23, 310774).
cost(13, 24, 259788).
cost(13, 25, 370588).
cost(13, 26, 526689).
cost(13, 27, 518155).
cost(13, 28, 359192).
cost(13, 29, 551874).
cost(13, 30, 739018).
cost(14, 1, 215764).
cost(14, 2, 99373).
cost(14, 3, 490106).
cost(14, 4, 159060).
cost(14, 5, 442431).
cost(14, 6, 155585).
cost(14, 7, 317654).
cost(14, 8, 303600).
cost(14, 9, 485219).
cost(14, 10, 499220).
cost(14, 11, 402877).
cost(14, 12, 171351).
cost(14, 13, 550958).
cost(14, 15, 372789).
cost(14, 16, 327021).
cost(14, 17, 419595).
cost(14, 18, 429366).
cost(14, 19, 303304).
cost(14, 20, 275700).
cost(14, 21, 71206).
cost(14, 22, 260858).
cost(14, 23, 260920).
cost(14, 24, 305027).
cost(14, 25, 219038).
cost(14, 26, 286448).
cost(14, 27, 265907).
cost(14, 28, 401552).
cost(14, 29, 168620).
cost(14, 30, 237669).
cost(15, 1, 265971).
cost(15, 2, 280528).
cost(15, 3, 219107).
cost(15, 4, 231141).
cost(15, 5, 215676).
cost(15, 6, 252460).
cost(15, 7, 253836).
cost(15, 8, 200470).
cost(15, 9, 344718).
cost(15, 10, 196999).
cost(15, 11, 319913).
cost(15, 12, 348142).
cost(15, 13, 185573).
cost(15, 14, 372789).
cost(15, 16, 79567).
cost(15, 17, 62776).
cost(15, 18, 102284).
cost(15, 19, 102695).
cost(15, 20, 371849).
cost(15, 21, 338067).
cost(15, 22, 582863).
cost(15, 23, 125255).
cost(15, 24, 126786).
cost(15, 25, 185378).
cost(15, 26, 354053).
cost(15, 27, 399643).
cost(15, 28, 311128).
cost(15, 29, 367092).
cost(15, 30, 553447).
cost(16, 1, 190272).
cost(16, 2, 245417).
cost(16, 3, 294669).
cost(16, 4, 172719).
cost(16, 5, 283531).
cost(16, 6, 234852).
cost(16, 7, 175256).
cost(16, 8, 121346).
cost(16, 9, 404673).
cost(16, 10, 184675).
cost(16, 11, 366623).
cost(16, 12, 276307).
cost(16, 13, 226017).
cost(16, 14, 327021).
cost(16, 15, 79567).
cost(16, 17, 97296).
cost(16, 18, 102833).
cost(16, 19, 131016).
cost(16, 20, 292883).
cost(16, 21, 305819).
cost(16, 22, 515981).
cost(16, 23, 125572).
cost(16, 24, 47236).
cost(16, 25, 181304).
cost(16, 26, 370966).
cost(16, 27, 321473).
cost(16, 28, 238916).
cost(16, 29, 356370).
cost(16, 30, 530552).
cost(17, 1, 284148).
cost(17, 2, 332042).
cost(17, 3, 252910).
cost(17, 4, 268855).
cost(17, 5, 261367).
cost(17, 6, 309944).
cost(17, 7, 248360).
cost(17, 8, 200131).
cost(17, 9, 394815).
cost(17, 10, 137739).
cost(17, 11, 377444).
cost(17, 12, 372227).
cost(17, 13, 131430).
cost(17, 14, 419595).
cost(17, 15, 62776).
cost(17, 16, 97296).
cost(17, 18, 46670).
cost(17, 19, 165394).
cost(17, 20, 378864).
cost(17, 21, 391225).
cost(17, 22, 612977).
cost(17, 23, 184705).
cost(17, 24, 137576).
cost(17, 25, 245308).
cost(17, 26, 416813).
cost(17, 27, 409920).
cost(17, 28, 288986).
cost(17, 29, 427065).
cost(17, 30, 610776).
cost(18, 1, 272416).
cost(18, 2, 347965).
cost(18, 3, 299090).
cost(18, 4, 273130).
cost(18, 5, 307949).
cost(18, 6, 333456).
cost(18, 7, 221285).
cost(18, 8, 178696).
cost(18, 9, 441083).
cost(18, 10, 94826).
cost(18, 11, 421458).
cost(18, 12, 362906).
cost(18, 13, 130739).
cost(18, 14, 429366).
cost(18, 15, 102284).
cost(18, 16, 102833).
cost(18, 17, 46670).
cost(18, 19, 201398).
cost(18, 20, 357072).
cost(18, 21, 408239).
cost(18, 22, 605893).
cost(18, 23, 213460).
cost(18, 24, 130089).
cost(18, 25, 273450).
cost(18, 26, 453090).
cost(18, 27, 389901).
cost(18, 28, 251087).
cost(18, 29, 453487).
cost(18, 30, 631930).
cost(19, 1, 260787).
cost(19, 2, 204701).
cost(19, 3, 203691).
cost(19, 4, 192492).
cost(19, 5, 173234).
cost(19, 6, 162726).
cost(19, 7, 287557).
cost(19, 8, 234155).
cost(19, 9, 279640).
cost(19, 10, 295757).
cost(19, 11, 235844).
cost(19, 12, 324911).
cost(19, 13, 283649).
cost(19, 14, 303304).
cost(19, 15, 102695).
cost(19, 16, 131016).
cost(19, 17, 165394).
cost(19, 18, 201398).
cost(19, 20, 376618).
cost(19, 21, 255881).
cost(19, 22, 539567).
cost(19, 23, 44192).
cost(19, 24, 163586).
cost(19, 25, 91563).
cost(19, 26, 251915).
cost(19, 27, 397438).
cost(19, 28, 363125).
cost(19, 29, 269189).
cost(19, 30, 459618).
cost(20, 1, 116412).
cost(20, 2, 287889).
cost(20, 3, 575139).
cost(20, 4, 204433).
cost(20, 5, 549838).
cost(20, 6, 337271).
cost(20, 7, 139046).
cost(20, 8, 179121).
cost(20, 9, 645435).
cost(20, 10, 375166).
cost(20, 11, 581233).
cost(20, 12, 104354).
cost(20, 13, 484472).
cost(20, 14, 275700).
cost(20, 15, 371849).
cost(20, 16, 292883).
cost(20, 17, 378864).
cost(20, 18, 357072).
cost(20, 19, 376618).
cost(20, 21, 320995).
cost(20, 22, 288327).
cost(20, 23, 339541).
cost(20, 24, 245962).
cost(20, 25, 349018).
cost(20, 26, 512513).
cost(20, 27, 35907).
cost(20, 28, 174326).
cost(20, 29, 422768).
cost(20, 30, 507886).
cost(21, 1, 239097).
cost(21, 2, 60539).
cost(21, 3, 430571).
cost(21, 4, 158663).
cost(21, 5, 380234).
cost(21, 6, 95831).
cost(21, 7, 335205).
cost(21, 8, 309887).
cost(21, 9, 415505).
cost(21, 10, 487024).
cost(21, 11, 332388).
cost(21, 12, 219480).
cost(21, 13, 521891).
cost(21, 14, 71206).
cost(21, 15, 338067).
cost(21, 16, 305819).
cost(21, 17, 391225).
cost(21, 18, 408239).
cost(21, 19, 255881).
cost(21, 20, 320995).
cost(21, 22, 331383).
cost(21, 23, 217091).
cost(21, 24, 293742).
cost(21, 25, 165850).
cost(21, 26, 216045).
cost(21, 27, 317457).
cost(21, 28, 423428).
cost(21, 29, 103934).
cost(21, 30, 227050).
cost(22, 1, 334296).
cost(22, 2, 351583).
cost(22, 3, 738497).
cost(22, 4, 353140).
cost(22, 5, 695333).
cost(22, 6, 412658).
cost(22, 7, 413931).
cost(22, 8, 434996).
cost(22, 9, 745981).
cost(22, 10, 646871).
cost(22, 11, 663676).
cost(22, 12, 243248).
cost(22, 13, 736498).
cost(22, 14, 260858).
cost(22, 15, 582863).
cost(22, 16, 515981).
cost(22, 17, 612977).
cost(22, 18, 605893).
cost(22, 19, 539567).
cost(22, 20, 288327).
cost(22, 21, 331383).
cost(22, 23, 495377).
cost(22, 24, 477173).
cost(22, 25, 467604).
cost(22, 26, 541712).
cost(22, 27, 253909).
cost(22, 28, 462652).
cost(22, 29, 417338).
cost(22, 30, 377264).
cost(23, 1, 223151).
cost(23, 2, 163261).
cost(23, 3, 246635).
cost(23, 4, 149569).
cost(23, 5, 212588).
cost(23, 6, 127670).
cost(23, 7, 261198).
cost(23, 8, 209963).
cost(23, 9, 308728).
cost(23, 10, 304812).
cost(23, 11, 255115).
cost(23, 12, 282743).
cost(23, 13, 310774).
cost(23, 14, 260920).
cost(23, 15, 125255).
cost(23, 16, 125572).
cost(23, 17, 184705).
cost(23, 18, 213460).
cost(23, 19, 44192).
cost(23, 20, 339541).
cost(23, 21, 217091).
cost(23, 22, 495377).
cost(23, 24, 146400).
cost(23, 25, 60615).
cost(23, 26, 245398).
cost(23, 27, 358530).
cost(23, 28, 341956).
cost(23, 29, 242377).
cost(23, 30, 428338).
cost(24, 1, 146572).
cost(24, 2, 233527).
cost(24, 3, 340007).
cost(24, 4, 146293).
cost(24, 5, 325693).
cost(24, 6, 235207).
cost(24, 7, 129612).
cost(24, 8, 75199).
cost(24, 9, 442318).
cost(24, 10, 194616).
cost(24, 11, 398207).
cost(24, 12, 235166).
cost(24, 13, 259788).
cost(24, 14, 305027).
cost(24, 15, 126786).
cost(24, 16, 47236).
cost(24, 17, 137576).
cost(24, 18, 130089).
cost(24, 19, 163586).
cost(24, 20, 245962).
cost(24, 21, 293742).
cost(24, 22, 477173).
cost(24, 23, 146400).
cost(24, 25, 193433).
cost(24, 26, 387019).
cost(24, 27, 275097).
cost(24, 28, 199641).
cost(24, 29, 356758).
cost(24, 30, 520708).
cost(25, 1, 234778).
cost(25, 2, 119788).
cost(25, 3, 272091).
cost(25, 4, 145789).
cost(25, 5, 227816).
cost(25, 6, 71305).
cost(25, 7, 293062).
cost(25, 8, 246524).
cost(25, 9, 299146).
cost(25, 10, 363690).
cost(25, 11, 232259).
cost(25, 12, 276284).
cost(25, 13, 370588).
cost(25, 14, 219038).
cost(25, 15, 185378).
cost(25, 16, 181304).
cost(25, 17, 245308).
cost(25, 18, 273450).
cost(25, 19, 91563).
cost(25, 20, 349018).
cost(25, 21, 165850).
cost(25, 22, 467604).
cost(25, 23, 60615).
cost(25, 24, 193433).
cost(25, 26, 193705).
cost(25, 27, 362538).
cost(25, 28, 378887).
cost(25, 29, 181830).
cost(25, 30, 369273).
cost(26, 1, 408075).
cost(26, 2, 226726).
cost(26, 3, 319628).
cost(26, 4, 313304).
cost(26, 5, 261442).
cost(26, 6, 176064).
cost(26, 7, 481521).
cost(26, 8, 438174).
cost(26, 9, 231565).
cost(26, 10, 546968).
cost(26, 11, 145866).
cost(26, 12, 420436).
cost(26, 13, 526689).
cost(26, 14, 286448).
cost(26, 15, 354053).
cost(26, 16, 370966).
cost(26, 17, 416813).
cost(26, 18, 453090).
cost(26, 19, 251915).
cost(26, 20, 512513).
cost(26, 21, 216045).
cost(26, 22, 541712).
cost(26, 23, 245398).
cost(26, 24, 387019).
cost(26, 25, 193705).
cost(26, 27, 517071).
cost(26, 28, 569377).
cost(26, 29, 125870).
cost(26, 30, 285860).
cost(27, 1, 137213).
cost(27, 2, 290561).
cost(27, 3, 598321).
cost(27, 4, 216752).
cost(27, 5, 570451).
cost(27, 6, 343896).
cost(27, 7, 173940).
cost(27, 8, 211314).
cost(27, 9, 661011).
cost(27, 10, 410532).
cost(27, 11, 593804).
cost(27, 12, 98133).
cost(27, 13, 518155).
cost(27, 14, 265907).
cost(27, 15, 399643).
cost(27, 16, 321473).
cost(27, 17, 409920).
cost(27, 18, 389901).
cost(27, 19, 397438).
cost(27, 20, 35907).
cost(27, 21, 317457).
cost(27, 22, 253909).
cost(27, 23, 358530).
cost(27, 24, 275097).
cost(27, 25, 362538).
cost(27, 26, 517071).
cost(27, 28, 209169).
cost(27, 29, 420801).
cost(27, 30, 492494).
cost(28, 1, 186314).
cost(28, 2, 372316).
cost(28, 3, 530233).
cost(28, 4, 268519).
cost(28, 5, 522398).
cost(28, 6, 399847).
cost(28, 7, 89493).
cost(28, 8, 132668).
cost(28, 9, 641868).
cost(28, 10, 230949).
cost(28, 11, 596516).
cost(28, 12, 249526).
cost(28, 13, 359192).
cost(28, 14, 401552).
cost(28, 15, 311128).
cost(28, 16, 238916).
cost(28, 17, 288986).
cost(28, 18, 251087).
cost(28, 19, 363125).
cost(28, 20, 174326).
cost(28, 21, 423428).
cost(28, 22, 462652).
cost(28, 23, 341956).
cost(28, 24, 199641).
cost(28, 25, 378887).
cost(28, 26, 569377).
cost(28, 27, 209169).
cost(28, 29, 511602).
cost(28, 30, 638843).
cost(29, 1, 332769).
cost(29, 2, 140197).
cost(29, 3, 402832).
cost(29, 4, 243159).
cost(29, 5, 346739).
cost(29, 6, 121941).
cost(29, 7, 422163).
cost(29, 8, 388930).
cost(29, 9, 349300).
cost(29, 10, 540989).
cost(29, 11, 262812).
cost(29, 12, 322685).
cost(29, 13, 551874).
cost(29, 14, 168620).
cost(29, 15, 367092).
cost(29, 16, 356370).
cost(29, 17, 427065).
cost(29, 18, 453487).
cost(29, 19, 269189).
cost(29, 20, 422768).
cost(29, 21, 103934).
cost(29, 22, 417338).
cost(29, 23, 242377).
cost(29, 24, 356758).
cost(29, 25, 181830).
cost(29, 26, 125870).
cost(29, 27, 420801).
cost(29, 28, 511602).
cost(29, 30, 193780).
cost(30, 1, 452637).
cost(30, 2, 287195).
cost(30, 3, 593243).
cost(30, 4, 383355).
cost(30, 5, 536045).
cost(30, 6, 301069).
cost(30, 7, 553619).
cost(30, 8, 534108).
cost(30, 9, 516229).
cost(30, 10, 713356).
cost(30, 11, 431495).
cost(30, 12, 404609).
cost(30, 13, 739018).
cost(30, 14, 237669).
cost(30, 15, 553447).
cost(30, 16, 530552).
cost(30, 17, 610776).
cost(30, 18, 631930).
cost(30, 19, 459618).
cost(30, 20, 507886).
cost(30, 21, 227050).
cost(30, 22, 377264).
cost(30, 23, 428338).
cost(30, 24, 520708).
cost(30, 25, 369273).
cost(30, 26, 285860).
cost(30, 27, 492494).
cost(30, 28, 638843).
cost(30, 29, 193780).
