dimension(30).
point(1, 113787.0, -26579.0).
point(2, 47219.0, 41580.0).
point(3, -65544.0, 71343.0).
point(4, 190831.0, 10349.0).
point(5, 301478.0, 42244.0).
point(6, 218299.0, 244088.0).
point(7, 382307.0, -208095.0).
point(8, -96400.0, -27268.0).
point(9, 314635.0, -83180.0).
point(10, 65226.0, -133185.0).
point(11, 68839.0, 10500.0).
point(12, 71157.0, -2858.0).
point(13, -263772.0, -220536.0).
point(14, -126177.0, -72883.0).
point(15, -18758.0, -83255.0).
point(16, 6049.0, -207647.0).
point(17, -243351.0, -114658.0).
point(18, -150063.0, -43705.0).
point(19, -94615.0, 101823.0).
point(20, -161618.0, 37930.0).
point(21, 177608.0, 138329.0).
point(22, 145205.0, -123707.0).
point(23, -51900.0, -105724.0).
point(24, -76268.0, -81015.0).
point(25, -22380.0, 369677.0).
point(26, -65269.0, -7312.0).
point(27, -222730.0, -262673.0).
point(28, -36555.0, -125117.0).
point(29, 391000.0, 215728.0).
point(30, -4144.0, 321221.0).
cost(1, 2, 95273).
cost(1, 3, 204324).
cost(1, 4, 85437).
cost(1, 5, 199911).
cost(1, 6, 290144).
cost(1, 7, 324116).
cost(1, 8, 210188).
cost(1, 9, 208671).
cost(1, 10, 117145).
cost(1, 11, 58268).
cost(1, 12, 48785).
cost(1, 13, 424465).
cost(1, 14, 244391).
cost(1, 15, 144154).
cost(1, 16, 210697).
cost(1, 17, 367839).
cost(1, 18, 264405).
cost(1, 19, 244782).
cost(1, 20, 282859).
cost(1, 21, 176827).
cost(1, 22, 102083).
cost(1, 23, 183619).
cost(1, 24, 197697).
cost(1, 25, 418999).
cost(1, 26, 180090).
cost(1, 27, 411077).
cost(1, 28, 179757).
cost(1, 29, 368184).
cost(1, 30, 367250).
cost(2, 1, 95273).
cost(2, 3, 116625).
cost(2, 4, 146969).
cost(2, 5, 254260).
cost(2, 6, 265100).
cost(2, 7, 417877).
cost(2, 8, 159269).
cost(2, 9, 295087).
cost(2, 10, 175690).
cost(2, 11, 37860).
cost(2, 12, 50475).
cost(2, 13, 406719).
cost(2, 14, 207769).
cost(2, 15, 141198).
cost(2, 16, 252605).
cost(2, 17, 329911).
cost(2, 18, 214927).
cost(2, 19, 154098).
cost(2, 20, 208869).
cost(2, 21, 162363).
cost(2, 22, 192149).
cost(2, 23, 177547).
cost(2, 24, 174007).
cost(2, 25, 335398).
cost(2, 26, 122654).
cost(2, 27, 406746).
cost(2, 28, 186564).
cost(2, 29, 385374).
cost(2, 30, 284319).
cost(3, 1, 204324).
cost(3, 2, 116625).
cost(3, 4, 263531).
cost(3, 5, 368174).
cost(3, 6, 332277).
cost(3, 7, 527879).
cost(3, 8, 103326).
cost(3, 9, 410382).
cost(3, 10, 242760).
cost(3, 11, 147515).
cost(3, 12, 155541).
cost(3, 13, 352828).
cost(3, 14, 156453).
cost(3, 15, 161522).
cost(3, 16, 288029).
cost(3, 17, 257316).
cost(3, 18, 142757).
cost(3, 19, 42121).
cost(3, 20, 101718).
cost(3, 21, 252210).
cost(3, 22, 287158).
cost(3, 23, 177592).
cost(3, 24, 152735).
cost(3, 25, 301440).
cost(3, 26, 78655).
cost(3, 27, 369153).
cost(3, 28, 198587).
cost(3, 29, 478831).
cost(3, 30, 257311).
cost(4, 1, 85437).
cost(4, 2, 146969).
cost(4, 3, 263531).
cost(4, 5, 115152).
cost(4, 6, 235347).
cost(4, 7, 290484).
cost(4, 8, 289684).
cost(4, 9, 155162).
cost(4, 10, 190732).
cost(4, 11, 121992).
cost(4, 12, 120401).
cost(4, 13, 509874).
cost(4, 14, 327752).
cost(4, 15, 229541).
cost(4, 16, 285774).
cost(4, 17, 451819).
cost(4, 18, 345153).
cost(4, 19, 299745).
cost(4, 20, 353527).
cost(4, 21, 128661).
cost(4, 22, 141608).
cost(4, 23, 269056).
cost(4, 24, 282293).
cost(4, 25, 417822).
cost(4, 26, 256708).
cost(4, 27, 495554).
cost(4, 28, 264680).
cost(4, 29, 286789).
cost(4, 30, 366956).
cost(5, 1, 199911).
cost(5, 2, 254260).
cost(5, 3, 368174).
cost(5, 4, 115152).
cost(5, 6, 218311).
cost(5, 7, 263065).
cost(5, 8, 403904).
cost(5, 9, 126112).
cost(5, 10, 294262).
cost(5, 11, 234795).
cost(5, 12, 234695).
cost(5, 13, 623347).
cost(5, 14, 442880).
cost(5, 15, 343949).
cost(5, 16, 386942).
cost(5, 17, 566972).
cost(5, 18, 459648).
cost(5, 19, 400549).
cost(5, 20, 463116).
cost(5, 21, 156768).
cost(5, 22, 227950).
cost(5, 23, 383106).
cost(5, 24, 397347).
cost(5, 25, 460539).
cost(5, 26, 370080).
cost(5, 27, 606439).
cost(5, 28, 377195).
cost(5, 29, 195220).
cost(5, 30, 413803).
cost(6, 1, 290144).
cost(6, 2, 265100).
cost(6, 3, 332277).
cost(6, 4, 235347).
cost(6, 5, 218311).
cost(6, 7, 481007).
cost(6, 8, 415535).
cost(6, 9, 341152).
cost(6, 10, 407144).
cost(6, 11, 277311).
cost(6, 12, 287460).
cost(6, 13, 669528).
cost(6, 14, 468118).
cost(6, 15, 404165).
cost(6, 16, 499114).
cost(6, 17, 584653).
cost(6, 18, 467456).
cost(6, 19, 343736).
cost(6, 20, 432248).
cost(6, 21, 113317).
cost(6, 22, 374988).
cost(6, 23, 442014).
cost(6, 24, 438705).
cost(6, 25, 271476).
cost(6, 26, 378963).
cost(6, 27, 671799).
cost(6, 28, 448623).
cost(6, 29, 175014).
cost(6, 30, 235437).
cost(7, 1, 324116).
cost(7, 2, 417877).
cost(7, 3, 527879).
cost(7, 4, 290484).
cost(7, 5, 263065).
cost(7, 6, 481007).
cost(7, 8, 511721).
cost(7, 9, 142068).
cost(7, 10, 325810).
cost(7, 11, 382160).
cost(7, 12, 372742).
cost(7, 13, 646199).
cost(7, 14, 526154).
cost(7, 15, 420045).
cost(7, 16, 376258).
cost(7, 17, 632597).
cost(7, 18, 557173).
cost(7, 19, 568774).
cost(7, 20, 596978).
cost(7, 21, 402382).
cost(7, 22, 251672).
cost(7, 23, 446112).
cost(7, 24, 475857).
cost(7, 25, 705402).
cost(7, 26, 490549).
cost(7, 27, 607494).
cost(7, 28, 427002).
cost(7, 29, 423912).
cost(7, 30, 655378).
cost(8, 1, 210188).
cost(8, 2, 159269).
cost(8, 3, 103326).
cost(8, 4, 289684).
cost(8, 5, 403904).
cost(8, 6, 415535).
cost(8, 7, 511721).
cost(8, 9, 414820).
cost(8, 10, 193239).
cost(8, 11, 169500).
cost(8, 12, 169326).
cost(8, 13, 255668).
cost(8, 14, 54474).
cost(8, 15, 95723).
cost(8, 16, 207442).
cost(8, 17, 170973).
cost(8, 18, 56124).
cost(8, 19, 129103).
cost(8, 20, 92218).
cost(8, 21, 320161).
cost(8, 22, 260141).
cost(8, 23, 90198).
cost(8, 24, 57394).
cost(8, 25, 403787).
cost(8, 26, 36978).
cost(8, 27, 267161).
cost(8, 28, 114699).
cost(8, 29, 544615).
cost(8, 30, 360494).
cost(9, 1, 208671).
cost(9, 2, 295087).
cost(9, 3, 410382).
cost(9, 4, 155162).
cost(9, 5, 126112).
cost(9, 6, 341152).
cost(9, 7, 142068).
cost(9, 8, 414820).
cost(9, 10, 254372).
cost(9, 11, 263043).
cost(9, 12, 256385).
cost(9, 13, 594492).
cost(9, 14, 440932).
cost(9, 15, 333393).
cost(9, 16, 332742).
cost(9, 17, 558873).
cost(9, 18, 466372).
cost(9, 19, 449123).
cost(9, 20, 491411).
cost(9, 21, 260466).
cost(9, 22, 174210).
cost(9, 23, 367228).
cost(9, 24, 390909).
cost(9, 25, 564499).
cost(9, 26, 387405).
cost(9, 27, 566550).
cost(9, 28, 353685).
cost(9, 29, 308509).
cost(9, 30, 514937).
cost(10, 1, 117145).
cost(10, 2, 175690).
cost(10, 3, 242760).
cost(10, 4, 190732).
cost(10, 5, 294262).
cost(10, 6, 407144).
cost(10, 7, 325810).
cost(10, 8, 193239).
cost(10, 9, 254372).
cost(10, 11, 143730).
cost(10, 12, 130462).
cost(10, 13, 340397).
cost(10, 14, 200677).
cost(10, 15, 97705).
cost(10, 16, 95113).
cost(10, 17, 309133).
cost(10, 18, 233144).
cost(10, 19, 284215).
cost(10, 20, 284145).
cost(10, 21, 293853).
cost(10, 22, 80539).
cost(10, 23, 120302).
cost(10, 24, 150805).
cost(10, 25, 510436).
cost(10, 26, 181309).
cost(10, 27, 315731).
cost(10, 28, 102100).
cost(10, 29, 477356).
cost(10, 30, 459671).
cost(11, 1, 58268).
cost(11, 2, 37860).
cost(11, 3, 147515).
cost(11, 4, 121992).
cost(11, 5, 234795).
cost(11, 6, 277311).
cost(11, 7, 382160).
cost(11, 8, 169500).
cost(11, 9, 263043).
cost(11, 10, 143730).
cost(11, 12, 13558).
cost(11, 13, 404979).
cost(11, 14, 212094).
cost(11, 15, 128309).
cost(11, 16, 227004).
cost(11, 17, 336344).
cost(11, 18, 225513).
cost(11, 19, 187235).
cost(11, 20, 232084).
cost(11, 21, 167842).
cost(11, 22, 154413).
cost(11, 23, 167589).
cost(11, 24, 171555).
cost(11, 25, 370579).
cost(11, 26, 135286).
cost(11, 27, 399545).
cost(11, 28, 171755).
cost(11, 29, 381977).
cost(11, 30, 319177).
cost(12, 1, 48785).
cost(12, 2, 50475).
cost(12, 3, 155541).
cost(12, 4, 120401).
cost(12, 5, 234695).
cost(12, 6, 287460).
cost(12, 7, 372742).
cost(12, 8, 169326).
cost(12, 9, 256385).
cost(12, 10, 130462).
cost(12, 11, 13558).
cost(12, 13, 399451).
cost(12, 14, 209390).
cost(12, 15, 120617).
cost(12, 16, 214890).
cost(12, 17, 333788).
cost(12, 18, 224959).
cost(12, 19, 196057).
cost(12, 20, 236322).
cost(12, 21, 176821).
cost(12, 22, 141731).
cost(12, 23, 160388).
cost(12, 24, 166861).
cost(12, 25, 384098).
cost(12, 26, 136499).
cost(12, 27, 392267).
cost(12, 28, 162939).
cost(12, 29, 387401).
cost(12, 30, 332712).
cost(13, 1, 424465).
cost(13, 2, 406719).
cost(13, 3, 352828).
cost(13, 4, 509874).
cost(13, 5, 623347).
cost(13, 6, 669528).
cost(13, 7, 646199).
cost(13, 8, 255668).
cost(13, 9, 594492).
cost(13, 10, 340397).
cost(13, 11, 404979).
cost(13, 12, 399451).
cost(13, 14, 201826).
cost(13, 15, 280852).
cost(13, 16, 270129).
cost(13, 17, 107829).
cost(13, 18, 210235).
cost(13, 19, 364046).
cost(13, 20, 277921).
cost(13, 21, 568859).
cost(13, 22, 420283).
cost(13, 23, 240980).
cost(13, 24, 233717).
cost(13, 25, 637669).
cost(13, 26, 291321).
cost(13, 27, 58822).
cost(13, 28, 246439).
cost(13, 29, 786799).
cost(13, 30, 600756).
cost(14, 1, 244391).
cost(14, 2, 207769).
cost(14, 3, 156453).
cost(14, 4, 327752).
cost(14, 5, 442880).
cost(14, 6, 468118).
cost(14, 7, 526154).
cost(14, 8, 54474).
cost(14, 9, 440932).
cost(14, 10, 200677).
cost(14, 11, 212094).
cost(14, 12, 209390).
cost(14, 13, 201826).
cost(14, 15, 107919).
cost(14, 16, 188799).
cost(14, 17, 124398).
cost(14, 18, 37708).
cost(14, 19, 177534).
cost(14, 20, 116343).
cost(14, 21, 369994).
cost(14, 22, 276100).
cost(14, 23, 81213).
cost(14, 24, 50567).
cost(14, 25, 454569).
cost(14, 26, 89495).
cost(14, 27, 212938).
cost(14, 28, 103733).
cost(14, 29, 592257).
cost(14, 30, 412565).
cost(15, 1, 144154).
cost(15, 2, 141198).
cost(15, 3, 161522).
cost(15, 4, 229541).
cost(15, 5, 343949).
cost(15, 6, 404165).
cost(15, 7, 420045).
cost(15, 8, 95723).
cost(15, 9, 333393).
cost(15, 10, 97705).
cost(15, 11, 128309).
cost(15, 12, 120617).
cost(15, 13, 280852).
cost(15, 14, 107919).
cost(15, 16, 126841).
cost(15, 17, 226778).
cost(15, 18, 137132).
cost(15, 19, 200020).
cost(15, 20, 187336).
cost(15, 21, 296073).
cost(15, 22, 168879).
cost(15, 23, 40041).
cost(15, 24, 57554).
cost(15, 25, 452946).
cost(15, 26, 89054).
cost(15, 27, 271653).
cost(15, 28, 45488).
cost(15, 29, 507240).
cost(15, 30, 404740).
cost(16, 1, 210697).
cost(16, 2, 252605).
cost(16, 3, 288029).
cost(16, 4, 285774).
cost(16, 5, 386942).
cost(16, 6, 499114).
cost(16, 7, 376258).
cost(16, 8, 207442).
cost(16, 9, 332742).
cost(16, 10, 95113).
cost(16, 11, 227004).
cost(16, 12, 214890).
cost(16, 13, 270129).
cost(16, 14, 188799).
cost(16, 15, 126841).
cost(16, 17, 266172).
cost(16, 18, 226380).
cost(16, 19, 325430).
cost(16, 20, 297355).
cost(16, 21, 386176).
cost(16, 22, 162513).
cost(16, 23, 117245).
cost(16, 24, 151036).
cost(16, 25, 578024).
cost(16, 26, 212651).
cost(16, 27, 235303).
cost(16, 28, 92878).
cost(16, 29, 572218).
cost(16, 30, 528966).
cost(17, 1, 367839).
cost(17, 2, 329911).
cost(17, 3, 257316).
cost(17, 4, 451819).
cost(17, 5, 566972).
cost(17, 6, 584653).
cost(17, 7, 632597).
cost(17, 8, 170973).
cost(17, 9, 558873).
cost(17, 10, 309133).
cost(17, 11, 336344).
cost(17, 12, 333788).
cost(17, 13, 107829).
cost(17, 14, 124398).
cost(17, 15, 226778).
cost(17, 16, 266172).
cost(17, 18, 117205).
cost(17, 19, 262653).
cost(17, 20, 173099).
cost(17, 21, 491130).
cost(17, 22, 388661).
cost(17, 23, 191659).
cost(17, 24, 170436).
cost(17, 25, 532361).
cost(17, 26, 207934).
cost(17, 27, 149445).
cost(17, 28, 207060).
cost(17, 29, 715232).
cost(17, 30, 497203).
cost(18, 1, 264405).
cost(18, 2, 214927).
cost(18, 3, 142757).
cost(18, 4, 345153).
cost(18, 5, 459648).
cost(18, 6, 467456).
cost(18, 7, 557173).
cost(18, 8, 56124).
cost(18, 9, 466372).
cost(18, 10, 233144).
cost(18, 11, 225513).
cost(18, 12, 224959).
cost(18, 13, 210235).
cost(18, 14, 37708).
cost(18, 15, 137132).
cost(18, 16, 226380).
cost(18, 17, 117205).
cost(18, 19, 155733).
cost(18, 20, 82449).
cost(18, 21, 374840).
cost(18, 22, 305914).
cost(18, 23, 116113).
cost(18, 24, 82691).
cost(18, 25, 432652).
cost(18, 26, 92274).
cost(18, 27, 230711).
cost(18, 28, 139685).
cost(18, 29, 600046).
cost(18, 30, 393018).
cost(19, 1, 244782).
cost(19, 2, 154098).
cost(19, 3, 42121).
cost(19, 4, 299745).
cost(19, 5, 400549).
cost(19, 6, 343736).
cost(19, 7, 568774).
cost(19, 8, 129103).
cost(19, 9, 449123).
cost(19, 10, 284215).
cost(19, 11, 187235).
cost(19, 12, 196057).
cost(19, 13, 364046).
cost(19, 14, 177534).
cost(19, 15, 200020).
cost(19, 16, 325430).
cost(19, 17, 262653).
cost(19, 18, 155733).
cost(19, 20, 92584).
cost(19, 21, 274660).
cost(19, 22, 329207).
cost(19, 23, 211897).
cost(19, 24, 183756).
cost(19, 25, 277423).
cost(19, 26, 113012).
cost(19, 27, 386356).
cost(19, 28, 234249).
cost(19, 29, 498795).
cost(19, 30, 237319).
cost(20, 1, 282859).
cost(20, 2, 208869).
cost(20, 3, 101718).
cost(20, 4, 353527).
cost(20, 5, 463116).
cost(20, 6, 432248).
cost(20, 7, 596978).
cost(20, 8, 92218).
cost(20, 9, 491411).
cost(20, 10, 284145).
cost(20, 11, 232084).
cost(20, 12, 236322).
cost(20, 13, 277921).
cost(20, 14, 116343).
cost(20, 15, 187336).
cost(20, 16, 297355).
cost(20, 17, 173099).
cost(20, 18, 82449).
cost(20, 19, 92584).
cost(20, 21, 353771).
cost(20, 22, 346795).
cost(20, 23, 180761).
cost(20, 24, 146399).
cost(20, 25, 359782).
cost(20, 26, 106442).
cost(20, 27, 306752).
cost(20, 28, 205487).
cost(20, 29, 580516).
cost(20, 30, 324117).
cost(21, 1, 176827).
cost(21, 2, 162363).
cost(21, 3, 252210).
cost(21, 4, 128661).
cost(21, 5, 156768).
cost(21, 6, 113317).
cost(21, 7, 402382).
cost(21, 8, 320161).
cost(21, 9, 260466).
cost(21, 10, 293853).
cost(21, 11, 167842).
cost(21, 12, 176821).
cost(21, 13, 568859).
cost(21, 14, 369994).
cost(21, 15, 296073).
cost(21, 16, 386176).
cost(21, 17, 491130).
cost(21, 18, 374840).
cost(21, 19, 274660).
cost(21, 20, 353771).
cost(21, 22, 264032).
cost(21, 23, 335016).
cost(21, 24, 335507).
cost(21, 25, 305806).
cost(21, 26, 283197).
cost(21, 27, 566633).
cost(21, 28, 339514).
cost(21, 29, 226995).
cost(21, 30, 257844).
cost(22, 1, 102083).
cost(22, 2, 192149).
cost(22, 3, 287158).
cost(22, 4, 141608).
cost(22, 5, 227950).
cost(22, 6, 374988).
cost(22, 7, 251672).
cost(22, 8, 260141).
cost(22, 9, 174210).
cost(22, 10, 80539).
cost(22, 11, 154413).
cost(22, 12, 141731).
cost(22, 13, 420283).
cost(22, 14, 276100).
cost(22, 15, 168879).
cost(22, 16, 162513).
cost(22, 17, 388661).
cost(22, 18, 305914).
cost(22, 19, 329207).
cost(22, 20, 346795).
cost(22, 21, 264032).
cost(22, 23, 197924).
cost(22, 24, 225550).
cost(22, 25, 521069).
cost(22, 26, 240514).
cost(22, 27, 393304).
cost(22, 28, 181765).
cost(22, 29, 419084).
cost(22, 30, 469325).
cost(23, 1, 183619).
cost(23, 2, 177547).
cost(23, 3, 177592).
cost(23, 4, 269056).
cost(23, 5, 383106).
cost(23, 6, 442014).
cost(23, 7, 446112).
cost(23, 8, 90198).
cost(23, 9, 367228).
cost(23, 10, 120302).
cost(23, 11, 167589).
cost(23, 12, 160388).
cost(23, 13, 240980).
cost(23, 14, 81213).
cost(23, 15, 40041).
cost(23, 16, 117245).
cost(23, 17, 191659).
cost(23, 18, 116113).
cost(23, 19, 211897).
cost(23, 20, 180761).
cost(23, 21, 335016).
cost(23, 22, 197924).
cost(23, 24, 34704).
cost(23, 25, 476317).
cost(23, 26, 99316).
cost(23, 27, 231982).
cost(23, 28, 24730).
cost(23, 29, 547258).
cost(23, 30, 429608).
cost(24, 1, 197697).
cost(24, 2, 174007).
cost(24, 3, 152735).
cost(24, 4, 282293).
cost(24, 5, 397347).
cost(24, 6, 438705).
cost(24, 7, 475857).
cost(24, 8, 57394).
cost(24, 9, 390909).
cost(24, 10, 150805).
cost(24, 11, 171555).
cost(24, 12, 166861).
cost(24, 13, 233717).
cost(24, 14, 50567).
cost(24, 15, 57554).
cost(24, 16, 151036).
cost(24, 17, 170436).
cost(24, 18, 82691).
cost(24, 19, 183756).
cost(24, 20, 146399).
cost(24, 21, 335507).
cost(24, 22, 225550).
cost(24, 23, 34704).
cost(24, 25, 453902).
cost(24, 26, 74519).
cost(24, 27, 233347).
cost(24, 28, 59347).
cost(24, 29, 553530).
cost(24, 30, 408651).
cost(25, 1, 418999).
cost(25, 2, 335398).
cost(25, 3, 301440).
cost(25, 4, 417822).
cost(25, 5, 460539).
cost(25, 6, 271476).
cost(25, 7, 705402).
cost(25, 8, 403787).
cost(25, 9, 564499).
cost(25, 10, 510436).
cost(25, 11, 370579).
cost(25, 12, 384098).
cost(25, 13, 637669).
cost(25, 14, 454569).
cost(25, 15, 452946).
cost(25, 16, 578024).
cost(25, 17, 532361).
cost(25, 18, 432652).
cost(25, 19, 277423).
cost(25, 20, 359782).
cost(25, 21, 305806).
cost(25, 22, 521069).
cost(25, 23, 476317).
cost(25, 24, 453902).
cost(25, 26, 379421).
cost(25, 27, 663330).
cost(25, 28, 494997).
cost(25, 29, 441116).
cost(25, 30, 51774).
cost(26, 1, 180090).
cost(26, 2, 122654).
cost(26, 3, 78655).
cost(26, 4, 256708).
cost(26, 5, 370080).
cost(26, 6, 378963).
cost(26, 7, 490549).
cost(26, 8, 36978).
cost(26, 9, 387405).
cost(26, 10, 181309).
cost(26, 11, 135286).
cost(26, 12, 136499).
cost(26, 13, 291321).
cost(26, 14, 89495).
cost(26, 15, 89054).
cost(26, 16, 212651).
cost(26, 17, 207934).
cost(26, 18, 92274).
cost(26, 19, 113012).
cost(26, 20, 106442).
cost(26, 21, 283197).
cost(26, 22, 240514).
cost(26, 23, 99316).
cost(26, 24, 74519).
cost(26, 25, 379421).
cost(26, 27, 300005).
cost(26, 28, 121254).
cost(26, 29, 507866).
cost(26, 30, 334171).
cost(27, 1, 411077).
cost(27, 2, 406746).
cost(27, 3, 369153).
cost(27, 4, 495554).
cost(27, 5, 606439).
cost(27, 6, 671799).
cost(27, 7, 607494).
cost(27, 8, 267161).
cost(27, 9, 566550).
cost(27, 10, 315731).
cost(27, 11, 399545).
cost(27, 12, 392267).
cost(27, 13, 58822).
cost(27, 14, 212938).
cost(27, 15, 271653).
cost(27, 16, 235303).
cost(27, 17, 149445).
cost(27, 18, 230711).
cost(27, 19, 386356).
cost(27, 20, 306752).
cost(27, 21, 566633).
cost(27, 22, 393304).
cost(27, 23, 231982).
cost(27, 24, 233347).
cost(27, 25, 663330).
cost(27, 26, 300005).
cost(27, 28, 231480).
cost(27, 29, 778159).
cost(27, 30, 623468).
cost(28, 1, 179757).
cost(28, 2, 186564).
cost(28, 3, 198587).
cost(28, 4, 264680).
cost(28, 5, 377195).
cost(28, 6, 448623).
cost(28, 7, 427002).
cost(28, 8, 114699).
cost(28, 9, 353685).
cost(28, 10, 102100).
cost(28, 11, 171755).
cost(28, 12, 162939).
cost(28, 13, 246439).
cost(28, 14, 103733).
cost(28, 15, 45488).
cost(28, 16, 92878).
cost(28, 17, 207060).
cost(28, 18, 139685).
cost(28, 19, 234249).
cost(28, 20, 205487).
cost(28, 21, 339514).
cost(28, 22, 181765).
cost(28, 23, 24730).
cost(28, 24, 59347).
cost(28, 25, 494997).
cost(28, 26, 121254).
cost(28, 27, 231480).
cost(28, 29, 546789).
cost(28, 30, 447513).
cost(29, 1, 368184).
cost(29, 2, 385374).
cost(29, 3, 478831).
cost(29, 4, 286789).
cost(29, 5, 195220).
cost(29, 6, 175014).
cost(29, 7, 423912).
cost(29, 8, 544615).
cost(29, 9, 308509).
cost(29, 10, 477356).
cost(29, 11, 381977).
cost(29, 12, 387401).
cost(29, 13, 786799).
cost(29, 14, 592257).
cost(29, 15, 507240).
cost(29, 16, 572218).
cost(29, 17, 715232).
cost(29, 18, 600046).
cost(29, 19, 498795).
cost(29, 20, 580516).
cost(29, 21, 226995).
cost(29, 22, 419084).
cost(29, 23, 547258).
cost(29, 24, 553530).
cost(29, 25, 441116).
cost(29, 26, 507866).
cost(29, 27, 778159).
cost(29, 28, 546789).
cost(29, 30, 408984).
cost(30, 1, 367250).
cost(30, 2, 284319).
cost(30, 3, 257311).
cost(30, 4, 366956).
cost(30, 5, 413803).
cost(30, 6, 235437).
cost(30, 7, 655378).
cost(30, 8, 360494).
cost(30, 9, 514937).
cost(30, 10, 459671).
cost(30, 11, 319177).
cost(30, 12, 332712).
cost(30, 13, 600756).
cost(30, 14, 412565).
cost(30, 15, 404740).
cost(30, 16, 528966).
cost(30, 17, 497203).
cost(30, 18, 393018).
cost(30, 19, 237319).
cost(30, 20, 324117).
cost(30, 21, 257844).
cost(30, 22, 469325).
cost(30, 23, 429608).
cost(30, 24, 408651).
cost(30, 25, 51774).
cost(30, 26, 334171).
cost(30, 27, 623468).
cost(30, 28, 447513).
cost(30, 29, 408984).
