dimension(30).
point(1, -169461.0, 219803.0).
point(2, 220592.0, 89694.0).
point(3, -146316.0, 42528.0).
point(4, 587594.0, -41208.0).
point(5, -58431.0, 53487.0).
point(6, -64210.0, 219058.0).
point(7, 21811.0, 125079.0).
point(8, 123803.0, -50194.0).
point(9, 68102.0, 203131.0).
point(10, 21425.0, 206100.0).
point(11, -103849.0, -350723.0).
point(12, 146801.0, -273651.0).
point(13, -135315.0, -94168.0).
point(14, 149585.0, 213550.0).
point(15, -168606.0, -9058.0).
point(16, -11566.0, 93535.0).
point(17, 33951.0, 264250.0).
point(18, 78946.0, -394954.0).
point(19, 244853.0, -13919.0).
point(20, -29235.0, -7820.0).
point(21, 63188.0, -3147.0).
point(22, -30002.0, -12592.0).
point(23, -32775.0, 307247.0).
point(24, -73751.0, -206513.0).
point(25, -6858.0, 153053.0).
point(26, -279719.0, -261632.0).
point(27, -183235.0, -35036.0).
point(28, -223205.0, 99482.0).
point(29, -60603.0, -156749.0).
point(30, 112095.0, -125988.0).
cost(1, 2, 411181).
cost(1, 3, 178780).
cost(1, 4, 800786).
cost(1, 5, 199972).
cost(1, 6, 105254).
cost(1, 7, 213442).
cost(1, 8, 398625).
cost(1, 9, 238147).
cost(1, 10, 191377).
cost(1, 11, 574286).
cost(1, 12, 586105).
cost(1, 13, 315822).
cost(1, 14, 319107).
cost(1, 15, 228863).
cost(1, 16, 202174).
cost(1, 17, 208211).
cost(1, 18, 663048).
cost(1, 19, 475691).
cost(1, 20, 267349).
cost(1, 21, 322230).
cost(1, 22, 271028).
cost(1, 23, 162264).
cost(1, 24, 436928).
cost(1, 25, 175771).
cost(1, 26, 493899).
cost(1, 27, 255211).
cost(1, 28, 131778).
cost(1, 29, 391971).
cost(1, 30, 445921).
cost(2, 1, 411181).
cost(2, 3, 369927).
cost(2, 4, 389648).
cost(2, 5, 281362).
cost(2, 6, 312805).
cost(2, 7, 201906).
cost(2, 8, 170108).
cost(2, 9, 190056).
cost(2, 10, 230690).
cost(2, 11, 547018).
cost(2, 12, 370762).
cost(2, 13, 400593).
cost(2, 14, 142767).
cost(2, 15, 401531).
cost(2, 16, 232190).
cost(2, 17, 255548).
cost(2, 18, 504923).
cost(2, 19, 106415).
cost(2, 20, 268184).
cost(2, 21, 182744).
cost(2, 22, 270665).
cost(2, 23, 333952).
cost(2, 24, 417584).
cost(2, 25, 236110).
cost(2, 26, 611344).
cost(2, 27, 422651).
cost(2, 28, 443905).
cost(2, 29, 373905).
cost(2, 30, 241434).
cost(3, 1, 178780).
cost(3, 2, 369927).
cost(3, 4, 738672).
cost(3, 5, 88566).
cost(3, 6, 194690).
cost(3, 7, 187300).
cost(3, 8, 285590).
cost(3, 9, 267896).
cost(3, 10, 234292).
cost(3, 11, 395537).
cost(3, 12, 431146).
cost(3, 13, 137138).
cost(3, 14, 341769).
cost(3, 15, 56196).
cost(3, 16, 144081).
cost(3, 17, 285757).
cost(3, 18, 492071).
cost(3, 19, 395221).
cost(3, 20, 127448).
cost(3, 21, 214425).
cost(3, 22, 128713).
cost(3, 23, 288041).
cost(3, 24, 259398).
cost(3, 25, 177945).
cost(3, 26, 332129).
cost(3, 27, 85902).
cost(3, 28, 95685).
cost(3, 29, 216929).
cost(3, 30, 308503).
cost(4, 1, 800786).
cost(4, 2, 389648).
cost(4, 3, 738672).
cost(4, 5, 652928).
cost(4, 6, 701845).
cost(4, 7, 589713).
cost(4, 8, 463878).
cost(4, 9, 574085).
cost(4, 10, 617826).
cost(4, 11, 757557).
cost(4, 12, 498325).
cost(4, 13, 724846).
cost(4, 14, 506709).
cost(4, 15, 756883).
cost(4, 16, 614124).
cost(4, 17, 632317).
cost(4, 18, 619564).
cost(4, 19, 343826).
cost(4, 20, 617732).
cost(4, 21, 525785).
cost(4, 22, 618259).
cost(4, 23, 711533).
cost(4, 24, 681691).
cost(4, 25, 625388).
cost(4, 26, 894885).
cost(4, 27, 770854).
cost(4, 28, 822915).
cost(4, 29, 658414).
cost(4, 30, 482998).
cost(5, 1, 199972).
cost(5, 2, 281362).
cost(5, 3, 88566).
cost(5, 4, 652928).
cost(5, 6, 165672).
cost(5, 7, 107537).
cost(5, 8, 209664).
cost(5, 9, 195969).
cost(5, 10, 172243).
cost(5, 11, 406754).
cost(5, 12, 386186).
cost(5, 13, 166473).
cost(5, 14, 262471).
cost(5, 15, 126690).
cost(5, 16, 61646).
cost(5, 17, 230121).
cost(5, 18, 469011).
cost(5, 19, 310684).
cost(5, 20, 67904).
cost(5, 21, 134159).
cost(5, 22, 71935).
cost(5, 23, 255054).
cost(5, 24, 260451).
cost(5, 25, 112130).
cost(5, 26, 385056).
cost(5, 27, 153011).
cost(5, 28, 171073).
cost(5, 29, 210247).
cost(5, 30, 247569).
cost(6, 1, 105254).
cost(6, 2, 312805).
cost(6, 3, 194690).
cost(6, 4, 701845).
cost(6, 5, 165672).
cost(6, 7, 127404).
cost(6, 8, 328398).
cost(6, 9, 133267).
cost(6, 10, 86610).
cost(6, 11, 571158).
cost(6, 12, 535992).
cost(6, 13, 321195).
cost(6, 14, 213866).
cost(6, 15, 250869).
cost(6, 16, 136115).
cost(6, 17, 108064).
cost(6, 18, 630479).
cost(6, 19, 387038).
cost(6, 20, 229558).
cost(6, 21, 256135).
cost(6, 22, 234162).
cost(6, 23, 93624).
cost(6, 24, 425678).
cost(6, 25, 87441).
cost(6, 26, 526789).
cost(6, 27, 280590).
cost(6, 28, 198942).
cost(6, 29, 375824).
cost(6, 30, 387479).
cost(7, 1, 213442).
cost(7, 2, 201906).
cost(7, 3, 187300).
cost(7, 4, 589713).
cost(7, 5, 107537).
cost(7, 6, 127404).
cost(7, 8, 202788).
cost(7, 9, 90747).
cost(7, 10, 81022).
cost(7, 11, 492116).
cost(7, 12, 417861).
cost(7, 13, 269737).
cost(7, 14, 155413).
cost(7, 15, 232919).
cost(7, 16, 45924).
cost(7, 17, 139699).
cost(7, 18, 523162).
cost(7, 19, 262808).
cost(7, 20, 142365).
cost(7, 21, 134737).
cost(7, 22, 147098).
cost(7, 23, 190170).
cost(7, 24, 345087).
cost(7, 25, 40056).
cost(7, 26, 490373).
cost(7, 27, 260155).
cost(7, 28, 246349).
cost(7, 29, 293631).
cost(7, 30, 266807).
cost(8, 1, 398625).
cost(8, 2, 170108).
cost(8, 3, 285590).
cost(8, 4, 463878).
cost(8, 5, 209664).
cost(8, 6, 328398).
cost(8, 7, 202788).
cost(8, 9, 259376).
cost(8, 10, 275985).
cost(8, 11, 377019).
cost(8, 12, 224637).
cost(8, 13, 262823).
cost(8, 14, 265001).
cost(8, 15, 295288).
cost(8, 16, 197441).
cost(8, 17, 327030).
cost(8, 18, 347666).
cost(8, 19, 126368).
cost(8, 20, 158796).
cost(8, 21, 76731).
cost(8, 22, 158335).
cost(8, 23, 390232).
cost(8, 24, 251919).
cost(8, 25, 241623).
cost(8, 26, 455561).
cost(8, 27, 307412).
cost(8, 28, 377912).
cost(8, 29, 212978).
cost(8, 30, 76693).
cost(9, 1, 238147).
cost(9, 2, 190056).
cost(9, 3, 267896).
cost(9, 4, 574085).
cost(9, 5, 195969).
cost(9, 6, 133267).
cost(9, 7, 90747).
cost(9, 8, 259376).
cost(9, 10, 46771).
cost(9, 11, 579932).
cost(9, 12, 483233).
cost(9, 13, 360229).
cost(9, 14, 82146).
cost(9, 15, 317891).
cost(9, 16, 135493).
cost(9, 17, 70013).
cost(9, 18, 598183).
cost(9, 19, 279914).
cost(9, 20, 232325).
cost(9, 21, 206337).
cost(9, 22, 236983).
cost(9, 23, 144970).
cost(9, 24, 433509).
cost(9, 25, 90149).
cost(9, 26, 580503).
cost(9, 27, 346257).
cost(9, 28, 309197).
cost(9, 29, 382202).
cost(9, 30, 332046).
cost(10, 1, 191377).
cost(10, 2, 230690).
cost(10, 3, 234292).
cost(10, 4, 617826).
cost(10, 5, 172243).
cost(10, 6, 86610).
cost(10, 7, 81022).
cost(10, 8, 275985).
cost(10, 9, 46771).
cost(10, 11, 570741).
cost(10, 12, 495863).
cost(10, 13, 338716).
cost(10, 14, 128376).
cost(10, 15, 287062).
cost(10, 16, 117300).
cost(10, 17, 59484).
cost(10, 18, 603800).
cost(10, 19, 313574).
cost(10, 20, 219837).
cost(10, 21, 213374).
cost(10, 22, 224657).
cost(10, 23, 114753).
cost(10, 24, 423448).
cost(10, 25, 60116).
cost(10, 26, 556292).
cost(10, 27, 316279).
cost(10, 28, 266854).
cost(10, 29, 372005).
cost(10, 30, 344243).
cost(11, 1, 574286).
cost(11, 2, 547018).
cost(11, 3, 395537).
cost(11, 4, 757557).
cost(11, 5, 406754).
cost(11, 6, 571158).
cost(11, 7, 492116).
cost(11, 8, 377019).
cost(11, 9, 579932).
cost(11, 10, 570741).
cost(11, 12, 262232).
cost(11, 13, 258477).
cost(11, 14, 618573).
cost(11, 15, 347748).
cost(11, 16, 453741).
cost(11, 17, 630223).
cost(11, 18, 188070).
cost(11, 19, 484799).
cost(11, 20, 350927).
cost(11, 21, 385630).
cost(11, 22, 346101).
cost(11, 23, 661798).
cost(11, 24, 147317).
cost(11, 25, 513028).
cost(11, 26, 197148).
cost(11, 27, 325516).
cost(11, 28, 465758).
cost(11, 29, 198736).
cost(11, 30, 311669).
cost(12, 1, 586105).
cost(12, 2, 370762).
cost(12, 3, 431146).
cost(12, 4, 498325).
cost(12, 5, 386186).
cost(12, 6, 535992).
cost(12, 7, 417861).
cost(12, 8, 224637).
cost(12, 9, 483233).
cost(12, 10, 495863).
cost(12, 11, 262232).
cost(12, 13, 334370).
cost(12, 14, 487209).
cost(12, 15, 411693).
cost(12, 16, 399882).
cost(12, 17, 549611).
cost(12, 18, 138992).
cost(12, 19, 277624).
cost(12, 20, 318833).
cost(12, 21, 283132).
cost(12, 22, 315295).
cost(12, 23, 608021).
cost(12, 24, 230544).
cost(12, 25, 453528).
cost(12, 26, 426689).
cost(12, 27, 407260).
cost(12, 28, 525483).
cost(12, 29, 238081).
cost(12, 30, 151687).
cost(13, 1, 315822).
cost(13, 2, 400593).
cost(13, 3, 137138).
cost(13, 4, 724846).
cost(13, 5, 166473).
cost(13, 6, 321195).
cost(13, 7, 269737).
cost(13, 8, 262823).
cost(13, 9, 360229).
cost(13, 10, 338716).
cost(13, 11, 258477).
cost(13, 12, 334370).
cost(13, 14, 419355).
cost(13, 15, 91389).
cost(13, 16, 224825).
cost(13, 17, 396377).
cost(13, 18, 369297).
cost(13, 19, 388546).
cost(13, 20, 136781).
cost(13, 21, 218376).
cost(13, 22, 133212).
cost(13, 23, 414305).
cost(13, 24, 128107).
cost(13, 25, 278603).
cost(13, 26, 221126).
cost(13, 27, 76111).
cost(13, 28, 212662).
cost(13, 29, 97459).
cost(13, 30, 249448).
cost(14, 1, 319107).
cost(14, 2, 142767).
cost(14, 3, 341769).
cost(14, 4, 506709).
cost(14, 5, 262471).
cost(14, 6, 213866).
cost(14, 7, 155413).
cost(14, 8, 265001).
cost(14, 9, 82146).
cost(14, 10, 128376).
cost(14, 11, 618573).
cost(14, 12, 487209).
cost(14, 13, 419355).
cost(14, 15, 388330).
cost(14, 16, 200931).
cost(14, 17, 126260).
cost(14, 18, 612590).
cost(14, 19, 246613).
cost(14, 20, 284572).
cost(14, 21, 233285).
cost(14, 22, 288776).
cost(14, 23, 205023).
cost(14, 24, 475744).
cost(14, 25, 167733).
cost(14, 26, 640390).
cost(14, 27, 415408).
cost(14, 28, 389851).
cost(14, 29, 425794).
cost(14, 30, 341601).
cost(15, 1, 228863).
cost(15, 2, 401531).
cost(15, 3, 56196).
cost(15, 4, 756883).
cost(15, 5, 126690).
cost(15, 6, 250869).
cost(15, 7, 232919).
cost(15, 8, 295288).
cost(15, 9, 317891).
cost(15, 10, 287062).
cost(15, 11, 347748).
cost(15, 12, 411693).
cost(15, 13, 91389).
cost(15, 14, 388330).
cost(15, 16, 187582).
cost(15, 17, 340186).
cost(15, 18, 458473).
cost(15, 19, 413488).
cost(15, 20, 139376).
cost(15, 21, 231869).
cost(15, 22, 138649).
cost(15, 23, 344237).
cost(15, 24, 219057).
cost(15, 25, 229003).
cost(15, 26, 275934).
cost(15, 27, 29814).
cost(15, 28, 121499).
cost(15, 29, 182968).
cost(15, 30, 304082).
cost(16, 1, 202174).
cost(16, 2, 232190).
cost(16, 3, 144081).
cost(16, 4, 614124).
cost(16, 5, 61646).
cost(16, 6, 136115).
cost(16, 7, 45924).
cost(16, 8, 197441).
cost(16, 9, 135493).
cost(16, 10, 117300).
cost(16, 11, 453741).
cost(16, 12, 399882).
cost(16, 13, 224825).
cost(16, 14, 200931).
cost(16, 15, 187582).
cost(16, 17, 176679).
cost(16, 18, 496804).
cost(16, 19, 278023).
cost(16, 20, 102884).
cost(16, 21, 122211).
cost(16, 22, 107716).
cost(16, 23, 214762).
cost(16, 24, 306424).
cost(16, 25, 59704).
cost(16, 26, 445028).
cost(16, 27, 214478).
cost(16, 28, 211723).
cost(16, 29, 255043).
cost(16, 30, 251957).
cost(17, 1, 208211).
cost(17, 2, 255548).
cost(17, 3, 285757).
cost(17, 4, 632317).
cost(17, 5, 230121).
cost(17, 6, 108064).
cost(17, 7, 139699).
cost(17, 8, 327030).
cost(17, 9, 70013).
cost(17, 10, 59484).
cost(17, 11, 630223).
cost(17, 12, 549611).
cost(17, 13, 396377).
cost(17, 14, 126260).
cost(17, 15, 340186).
cost(17, 16, 176679).
cost(17, 18, 660738).
cost(17, 19, 349081).
cost(17, 20, 279311).
cost(17, 21, 268991).
cost(17, 22, 284133).
cost(17, 23, 79379).
cost(17, 24, 482926).
cost(17, 25, 118449).
cost(17, 26, 612324).
cost(17, 27, 369786).
cost(17, 28, 305414).
cost(17, 29, 431487).
cost(17, 30, 397985).
cost(18, 1, 663048).
cost(18, 2, 504923).
cost(18, 3, 492071).
cost(18, 4, 619564).
cost(18, 5, 469011).
cost(18, 6, 630479).
cost(18, 7, 523162).
cost(18, 8, 347666).
cost(18, 9, 598183).
cost(18, 10, 603800).
cost(18, 11, 188070).
cost(18, 12, 138992).
cost(18, 13, 369297).
cost(18, 14, 612590).
cost(18, 15, 458473).
cost(18, 16, 496804).
cost(18, 17, 660738).
cost(18, 19, 415587).
cost(18, 20, 401965).
cost(18, 21, 392124).
cost(18, 22, 397581).
cost(18, 23, 711033).
cost(18, 24, 242542).
cost(18, 25, 554684).
cost(18, 26, 382643).
cost(18, 27, 445286).
cost(18, 28, 579450).
cost(18, 29, 276072).
cost(18, 30, 271001).
cost(19, 1, 475691).
cost(19, 2, 106415).
cost(19, 3, 395221).
cost(19, 4, 343826).
cost(19, 5, 310684).
cost(19, 6, 387038).
cost(19, 7, 262808).
cost(19, 8, 126368).
cost(19, 9, 279914).
cost(19, 10, 313574).
cost(19, 11, 484799).
cost(19, 12, 277624).
cost(19, 13, 388546).
cost(19, 14, 246613).
cost(19, 15, 413488).
cost(19, 16, 278023).
cost(19, 17, 349081).
cost(19, 18, 415587).
cost(19, 20, 274156).
cost(19, 21, 181984).
cost(19, 22, 274858).
cost(19, 23, 424529).
cost(19, 24, 372291).
cost(19, 25, 302056).
cost(19, 26, 580119).
cost(19, 27, 428609).
cost(19, 28, 481599).
cost(19, 29, 337200).
cost(19, 30, 173736).
cost(20, 1, 267349).
cost(20, 2, 268184).
cost(20, 3, 127448).
cost(20, 4, 617732).
cost(20, 5, 67904).
cost(20, 6, 229558).
cost(20, 7, 142365).
cost(20, 8, 158796).
cost(20, 9, 232325).
cost(20, 10, 219837).
cost(20, 11, 350927).
cost(20, 12, 318833).
cost(20, 13, 136781).
cost(20, 14, 284572).
cost(20, 15, 139376).
cost(20, 16, 102884).
cost(20, 17, 279311).
cost(20, 18, 401965).
cost(20, 19, 274156).
cost(20, 21, 92541).
cost(20, 22, 4833).
cost(20, 23, 315087).
cost(20, 24, 203619).
cost(20, 25, 162422).
cost(20, 26, 356599).
cost(20, 27, 156386).
cost(20, 28, 221671).
cost(20, 29, 152197).
cost(20, 30, 184222).
cost(21, 1, 322230).
cost(21, 2, 182744).
cost(21, 3, 214425).
cost(21, 4, 525785).
cost(21, 5, 134159).
cost(21, 6, 256135).
cost(21, 7, 134737).
cost(21, 8, 76731).
cost(21, 9, 206337).
cost(21, 10, 213374).
cost(21, 11, 385630).
cost(21, 12, 283132).
cost(21, 13, 218376).
cost(21, 14, 233285).
cost(21, 15, 231869).
cost(21, 16, 122211).
cost(21, 17, 268991).
cost(21, 18, 392124).
cost(21, 19, 181984).
cost(21, 20, 92541).
cost(21, 22, 93667).
cost(21, 23, 324890).
cost(21, 24, 245173).
cost(21, 25, 171187).
cost(21, 26, 429418).
cost(21, 27, 248478).
cost(21, 28, 304226).
cost(21, 29, 197276).
cost(21, 30, 132219).
cost(22, 1, 271028).
cost(22, 2, 270665).
cost(22, 3, 128713).
cost(22, 4, 618259).
cost(22, 5, 71935).
cost(22, 6, 234162).
cost(22, 7, 147098).
cost(22, 8, 158335).
cost(22, 9, 236983).
cost(22, 10, 224657).
cost(22, 11, 346101).
cost(22, 12, 315295).
cost(22, 13, 133212).
cost(22, 14, 288776).
cost(22, 15, 138649).
cost(22, 16, 107716).
cost(22, 17, 284133).
cost(22, 18, 397581).
cost(22, 19, 274858).
cost(22, 20, 4833).
cost(22, 21, 93667).
cost(22, 23, 319851).
cost(22, 24, 198795).
cost(22, 25, 167254).
cost(22, 26, 352675).
cost(22, 27, 154868).
cost(22, 28, 223356).
cost(22, 29, 147369).
cost(22, 30, 181797).
cost(23, 1, 162264).
cost(23, 2, 333952).
cost(23, 3, 288041).
cost(23, 4, 711533).
cost(23, 5, 255054).
cost(23, 6, 93624).
cost(23, 7, 190170).
cost(23, 8, 390232).
cost(23, 9, 144970).
cost(23, 10, 114753).
cost(23, 11, 661798).
cost(23, 12, 608021).
cost(23, 13, 414305).
cost(23, 14, 205023).
cost(23, 15, 344237).
cost(23, 16, 214762).
cost(23, 17, 79379).
cost(23, 18, 711033).
cost(23, 19, 424529).
cost(23, 20, 315087).
cost(23, 21, 324890).
cost(23, 22, 319851).
cost(23, 24, 515391).
cost(23, 25, 156357).
cost(23, 26, 620165).
cost(23, 27, 373893).
cost(23, 28, 281833).
cost(23, 29, 464830).
cost(23, 30, 456815).
cost(24, 1, 436928).
cost(24, 2, 417584).
cost(24, 3, 259398).
cost(24, 4, 681691).
cost(24, 5, 260451).
cost(24, 6, 425678).
cost(24, 7, 345087).
cost(24, 8, 251919).
cost(24, 9, 433509).
cost(24, 10, 423448).
cost(24, 11, 147317).
cost(24, 12, 230544).
cost(24, 13, 128107).
cost(24, 14, 475744).
cost(24, 15, 219057).
cost(24, 16, 306424).
cost(24, 17, 482926).
cost(24, 18, 242542).
cost(24, 19, 372291).
cost(24, 20, 203619).
cost(24, 21, 245173).
cost(24, 22, 198795).
cost(24, 23, 515391).
cost(24, 25, 365735).
cost(24, 26, 213216).
cost(24, 27, 203448).
cost(24, 28, 340543).
cost(24, 29, 51472).
cost(24, 30, 202541).
cost(25, 1, 175771).
cost(25, 2, 236110).
cost(25, 3, 177945).
cost(25, 4, 625388).
cost(25, 5, 112130).
cost(25, 6, 87441).
cost(25, 7, 40056).
cost(25, 8, 241623).
cost(25, 9, 90149).
cost(25, 10, 60116).
cost(25, 11, 513028).
cost(25, 12, 453528).
cost(25, 13, 278603).
cost(25, 14, 167733).
cost(25, 15, 229003).
cost(25, 16, 59704).
cost(25, 17, 118449).
cost(25, 18, 554684).
cost(25, 19, 302056).
cost(25, 20, 162422).
cost(25, 21, 171187).
cost(25, 22, 167254).
cost(25, 23, 156357).
cost(25, 24, 365735).
cost(25, 26, 496404).
cost(25, 27, 257849).
cost(25, 28, 222881).
cost(25, 29, 314429).
cost(25, 30, 303338).
cost(26, 1, 493899).
cost(26, 2, 611344).
cost(26, 3, 332129).
cost(26, 4, 894885).
cost(26, 5, 385056).
cost(26, 6, 526789).
cost(26, 7, 490373).
cost(26, 8, 455561).
cost(26, 9, 580503).
cost(26, 10, 556292).
cost(26, 11, 197148).
cost(26, 12, 426689).
cost(26, 13, 221126).
cost(26, 14, 640390).
cost(26, 15, 275934).
cost(26, 16, 445028).
cost(26, 17, 612324).
cost(26, 18, 382643).
cost(26, 19, 580119).
cost(26, 20, 356599).
cost(26, 21, 429418).
cost(26, 22, 352675).
cost(26, 23, 620165).
cost(26, 24, 213216).
cost(26, 25, 496404).
cost(26, 27, 246282).
cost(26, 28, 365509).
cost(26, 29, 242924).
cost(26, 30, 414629).
cost(27, 1, 255211).
cost(27, 2, 422651).
cost(27, 3, 85902).
cost(27, 4, 770854).
cost(27, 5, 153011).
cost(27, 6, 280590).
cost(27, 7, 260155).
cost(27, 8, 307412).
cost(27, 9, 346257).
cost(27, 10, 316279).
cost(27, 11, 325516).
cost(27, 12, 407260).
cost(27, 13, 76111).
cost(27, 14, 415408).
cost(27, 15, 29814).
cost(27, 16, 214478).
cost(27, 17, 369786).
cost(27, 18, 445286).
cost(27, 19, 428609).
cost(27, 20, 156386).
cost(27, 21, 248478).
cost(27, 22, 154868).
cost(27, 23, 373893).
cost(27, 24, 203448).
cost(27, 25, 257849).
cost(27, 26, 246282).
cost(27, 28, 140331).
cost(27, 29, 172779).
cost(27, 30, 309018).
cost(28, 1, 131778).
cost(28, 2, 443905).
cost(28, 3, 95685).
cost(28, 4, 822915).
cost(28, 5, 171073).
cost(28, 6, 198942).
cost(28, 7, 246349).
cost(28, 8, 377912).
cost(28, 9, 309197).
cost(28, 10, 266854).
cost(28, 11, 465758).
cost(28, 12, 525483).
cost(28, 13, 212662).
cost(28, 14, 389851).
cost(28, 15, 121499).
cost(28, 16, 211723).
cost(28, 17, 305414).
cost(28, 18, 579450).
cost(28, 19, 481599).
cost(28, 20, 221671).
cost(28, 21, 304226).
cost(28, 22, 223356).
cost(28, 23, 281833).
cost(28, 24, 340543).
cost(28, 25, 222881).
cost(28, 26, 365509).
cost(28, 27, 140331).
cost(28, 29, 303469).
cost(28, 30, 404058).
cost(29, 1, 391971).
cost(29, 2, 373905).
cost(29, 3, 216929).
cost(29, 4, 658414).
cost(29, 5, 210247).
cost(29, 6, 375824).
cost(29, 7, 293631).
cost(29, 8, 212978).
cost(29, 9, 382202).
cost(29, 10, 372005).
cost(29, 11, 198736).
cost(29, 12, 238081).
cost(29, 13, 97459).
cost(29, 14, 425794).
cost(29, 15, 182968).
cost(29, 16, 255043).
cost(29, 17, 431487).
cost(29, 18, 276072).
cost(29, 19, 337200).
cost(29, 20, 152197).
cost(29, 21, 197276).
cost(29, 22, 147369).
cost(29, 23, 464830).
cost(29, 24, 51472).
cost(29, 25, 314429).
cost(29, 26, 242924).
cost(29, 27, 172779).
cost(29, 28, 303469).
cost(29, 30, 175416).
cost(30, 1, 445921).
cost(30, 2, 241434).
cost(30, 3, 308503).
cost(30, 4, 482998).
cost(30, 5, 247569).
cost(30, 6, 387479).
cost(30, 7, 266807).
cost(30, 8, 76693).
cost(30, 9, 332046).
cost(30, 10, 344243).
cost(30, 11, 311669).
cost(30, 12, 151687).
cost(30, 13, 249448).
cost(30, 14, 341601).
cost(30, 15, 304082).
cost(30, 16, 251957).
cost(30, 17, 397985).
cost(30, 18, 271001).
cost(30, 19, 173736).
cost(30, 20, 184222).
cost(30, 21, 132219).
cost(30, 22, 181797).
cost(30, 23, 456815).
cost(30, 24, 202541).
cost(30, 25, 303338).
cost(30, 26, 414629).
cost(30, 27, 309018).
cost(30, 28, 404058).
cost(30, 29, 175416).
