dimension(30).
point(1, -111237.0, -343672.0).
point(2, -12412.0, -29995.0).
point(3, -78168.0, 223565.0).
point(4, 183753.0, -116902.0).
point(5, -59635.0, -157098.0).
point(6, -18648.0, -155874.0).
point(7, -57739.0, 137854.0).
point(8, -5808.0, 58329.0).
point(9, 27739.0, 178945.0).
point(10, -302661.0, -47015.0).
point(11, -241461.0, 42280.0).
point(12, 431120.0, -181481.0).
point(13, -252547.0, 27634.0).
point(14, 73527.0, -104604.0).
point(15, -90578.0, -153504.0).
point(16, -198252.0, -139926.0).
point(17, -99241.0, -108110.0).
point(18, 203522.0, -102660.0).
point(19, 90708.0, 247891.0).
point(20, 8096.0, 38365.0).
point(21, 37274.0, -62337.0).
point(22, 136475.0, 29158.0).
point(23, -62338.0, 48647.0).
point(24, -47671.0, 9141.0).
point(25, 168173.0, 144538.0).
point(26, 283713.0, 207617.0).
point(27, 85484.0, -99264.0).
point(28, -258590.0, 65265.0).
point(29, 191043.0, 23319.0).
point(30, -308642.0, 96589.0).
cost(1, 2, 328876).
cost(1, 3, 568200).
cost(1, 4, 372080).
cost(1, 5, 193578).
cost(1, 6, 209382).
cost(1, 7, 484489).
cost(1, 8, 415596).
cost(1, 9, 540780).
cost(1, 10, 353056).
cost(1, 11, 407329).
cost(1, 12, 566089).
cost(1, 13, 397287).
cost(1, 14, 302144).
cost(1, 15, 191287).
cost(1, 16, 221549).
cost(1, 17, 235867).
cost(1, 18, 396434).
cost(1, 19, 625083).
cost(1, 20, 400241).
cost(1, 21, 318127).
cost(1, 22, 447620).
cost(1, 23, 395355).
cost(1, 24, 358494).
cost(1, 25, 562511).
cost(1, 26, 678163).
cost(1, 27, 313743).
cost(1, 28, 434675).
cost(1, 29, 475453).
cost(1, 30, 482492).
cost(2, 1, 328876).
cost(2, 3, 261948).
cost(2, 4, 214554).
cost(2, 5, 135592).
cost(2, 6, 126033).
cost(2, 7, 173862).
cost(2, 8, 88571).
cost(2, 9, 212763).
cost(2, 10, 290748).
cost(2, 11, 240181).
cost(2, 12, 468688).
cost(2, 13, 246953).
cost(2, 14, 113807).
cost(2, 15, 146166).
cost(2, 16, 215920).
cost(2, 17, 116796).
cost(2, 18, 227833).
cost(2, 19, 296402).
cost(2, 20, 71370).
cost(2, 21, 59285).
cost(2, 22, 160207).
cost(2, 23, 93151).
cost(2, 24, 52677).
cost(2, 25, 251143).
cost(2, 26, 379670).
cost(2, 27, 119924).
cost(2, 28, 263966).
cost(2, 29, 210324).
cost(2, 30, 322142).
cost(3, 1, 568200).
cost(3, 2, 261948).
cost(3, 4, 429558).
cost(3, 5, 381114).
cost(3, 6, 384079).
cost(3, 7, 88112).
cost(3, 8, 180385).
cost(3, 9, 114923).
cost(3, 10, 351583).
cost(3, 11, 243985).
cost(3, 12, 650720).
cost(3, 13, 262292).
cost(3, 14, 361533).
cost(3, 15, 377273).
cost(3, 16, 382813).
cost(3, 17, 332344).
cost(3, 18, 431013).
cost(3, 19, 170619).
cost(3, 20, 204305).
cost(3, 21, 308329).
cost(3, 22, 289596).
cost(3, 23, 175633).
cost(3, 24, 216582).
cost(3, 25, 258707).
cost(3, 26, 362232).
cost(3, 27, 361940).
cost(3, 28, 240023).
cost(3, 29, 335519).
cost(3, 30, 263137).
cost(4, 1, 372080).
cost(4, 2, 214554).
cost(4, 3, 429558).
cost(4, 5, 246685).
cost(4, 6, 206119).
cost(4, 7, 351026).
cost(4, 8, 258146).
cost(4, 9, 334463).
cost(4, 10, 491409).
cost(4, 11, 454033).
cost(4, 12, 255658).
cost(4, 13, 459618).
cost(4, 14, 110910).
cost(4, 15, 276762).
cost(4, 16, 382698).
cost(4, 17, 283131).
cost(4, 18, 24365).
cost(4, 19, 376472).
cost(4, 20, 234442).
cost(4, 21, 156312).
cost(4, 22, 153521).
cost(4, 23, 296593).
cost(4, 24, 263522).
cost(4, 25, 261904).
cost(4, 26, 339565).
cost(4, 27, 99839).
cost(4, 28, 478385).
cost(4, 29, 140410).
cost(4, 30, 536685).
cost(5, 1, 193578).
cost(5, 2, 135592).
cost(5, 3, 381114).
cost(5, 4, 246685).
cost(5, 6, 41005).
cost(5, 7, 294958).
cost(5, 8, 222050).
cost(5, 9, 347216).
cost(5, 10, 266796).
cost(5, 11, 269838).
cost(5, 12, 491360).
cost(5, 13, 267097).
cost(5, 14, 143135).
cost(5, 15, 31151).
cost(5, 16, 139677).
cost(5, 17, 62996).
cost(5, 18, 268729).
cost(5, 19, 431994).
cost(5, 20, 206865).
cost(5, 21, 135540).
cost(5, 22, 270463).
cost(5, 23, 205763).
cost(5, 24, 166669).
cost(5, 25, 377996).
cost(5, 26, 500904).
cost(5, 27, 156219).
cost(5, 28, 298376).
cost(5, 29, 308852).
cost(5, 30, 355474).
cost(6, 1, 209382).
cost(6, 2, 126033).
cost(6, 3, 384079).
cost(6, 4, 206119).
cost(6, 5, 41005).
cost(6, 7, 296318).
cost(6, 8, 214587).
cost(6, 9, 338017).
cost(6, 10, 304161).
cost(6, 11, 298179).
cost(6, 12, 450496).
cost(6, 13, 297294).
cost(6, 14, 105474).
cost(6, 15, 71969).
cost(6, 16, 180311).
cost(6, 17, 93684).
cost(6, 18, 228454).
cost(6, 19, 418312).
cost(6, 20, 196071).
cost(6, 21, 108979).
cost(6, 22, 241454).
cost(6, 23, 209135).
cost(6, 24, 167548).
cost(6, 25, 353765).
cost(6, 26, 472809).
cost(6, 27, 118525).
cost(6, 28, 326304).
cost(6, 29, 275827).
cost(6, 30, 384492).
cost(7, 1, 484489).
cost(7, 2, 173862).
cost(7, 3, 88112).
cost(7, 4, 351026).
cost(7, 5, 294958).
cost(7, 6, 296318).
cost(7, 8, 94979).
cost(7, 9, 94842).
cost(7, 10, 306860).
cost(7, 11, 207095).
cost(7, 12, 583916).
cost(7, 13, 223827).
cost(7, 14, 275711).
cost(7, 15, 293203).
cost(7, 16, 311297).
cost(7, 17, 249441).
cost(7, 18, 355112).
cost(7, 19, 184783).
cost(7, 20, 119299).
cost(7, 21, 221594).
cost(7, 22, 222562).
cost(7, 23, 89325).
cost(7, 24, 129106).
cost(7, 25, 226011).
cost(7, 26, 348506).
cost(7, 27, 277016).
cost(7, 28, 213566).
cost(7, 29, 273881).
cost(7, 30, 254274).
cost(8, 1, 415596).
cost(8, 2, 88571).
cost(8, 3, 180385).
cost(8, 4, 258146).
cost(8, 5, 222050).
cost(8, 6, 214587).
cost(8, 7, 94979).
cost(8, 9, 125194).
cost(8, 10, 314991).
cost(8, 11, 236199).
cost(8, 12, 498412).
cost(8, 13, 248641).
cost(8, 14, 181221).
cost(8, 15, 228165).
cost(8, 16, 276296).
cost(8, 17, 190871).
cost(8, 18, 264077).
cost(8, 19, 212718).
cost(8, 20, 24329).
cost(8, 21, 128126).
cost(8, 22, 145243).
cost(8, 23, 57353).
cost(8, 24, 64591).
cost(8, 25, 194168).
cost(8, 26, 325744).
cost(8, 27, 182126).
cost(8, 28, 252877).
cost(8, 29, 199940).
cost(8, 30, 305241).
cost(9, 1, 540780).
cost(9, 2, 212763).
cost(9, 3, 114923).
cost(9, 4, 334463).
cost(9, 5, 347216).
cost(9, 6, 338017).
cost(9, 7, 94842).
cost(9, 8, 125194).
cost(9, 10, 400278).
cost(9, 11, 301904).
cost(9, 12, 540947).
cost(9, 13, 318520).
cost(9, 14, 287222).
cost(9, 15, 352876).
cost(9, 16, 390833).
cost(9, 17, 313886).
cost(9, 18, 331965).
cost(9, 19, 93374).
cost(9, 20, 141946).
cost(9, 21, 241470).
cost(9, 22, 185094).
cost(9, 23, 158403).
cost(9, 24, 185796).
cost(9, 25, 144588).
cost(9, 26, 257575).
cost(9, 27, 284139).
cost(9, 28, 308071).
cost(9, 29, 225583).
cost(9, 30, 346316).
cost(10, 1, 353056).
cost(10, 2, 290748).
cost(10, 3, 351583).
cost(10, 4, 491409).
cost(10, 5, 266796).
cost(10, 6, 304161).
cost(10, 7, 306860).
cost(10, 8, 314991).
cost(10, 9, 400278).
cost(10, 11, 108255).
cost(10, 12, 746000).
cost(10, 13, 89910).
cost(10, 14, 380570).
cost(10, 15, 237316).
cost(10, 16, 139763).
cost(10, 17, 212397).
cost(10, 18, 509232).
cost(10, 19, 491639).
cost(10, 20, 322273).
cost(10, 21, 340280).
cost(10, 22, 445694).
cost(10, 23, 258663).
cost(10, 24, 261100).
cost(10, 25, 508308).
cost(10, 26, 639275).
cost(10, 27, 391646).
cost(10, 28, 120619).
cost(10, 29, 498689).
cost(10, 30, 143728).
cost(11, 1, 407329).
cost(11, 2, 240181).
cost(11, 3, 243985).
cost(11, 4, 454033).
cost(11, 5, 269838).
cost(11, 6, 298179).
cost(11, 7, 207095).
cost(11, 8, 236199).
cost(11, 9, 301904).
cost(11, 10, 108255).
cost(11, 12, 708826).
cost(11, 13, 18369).
cost(11, 14, 347552).
cost(11, 15, 247178).
cost(11, 16, 187259).
cost(11, 17, 206987).
cost(11, 18, 467993).
cost(11, 19, 390656).
cost(11, 20, 249588).
cost(11, 21, 297721).
cost(11, 22, 378164).
cost(11, 23, 179236).
cost(11, 24, 196603).
cost(11, 25, 422205).
cost(11, 26, 550585).
cost(11, 27, 356269).
cost(11, 28, 28666).
cost(11, 29, 432919).
cost(11, 30, 86387).
cost(12, 1, 566089).
cost(12, 2, 468688).
cost(12, 3, 650720).
cost(12, 4, 255658).
cost(12, 5, 491360).
cost(12, 6, 450496).
cost(12, 7, 583916).
cost(12, 8, 498412).
cost(12, 9, 540947).
cost(12, 10, 746000).
cost(12, 11, 708826).
cost(12, 13, 714933).
cost(12, 14, 365763).
cost(12, 15, 522448).
cost(12, 16, 630742).
cost(12, 17, 535412).
cost(12, 18, 240860).
cost(12, 19, 547942).
cost(12, 20, 476741).
cost(12, 21, 411473).
cost(12, 22, 362194).
cost(12, 23, 544481).
cost(12, 24, 515342).
cost(12, 25, 418843).
cost(12, 26, 416084).
cost(12, 27, 355280).
cost(12, 28, 732519).
cost(12, 29, 315563).
cost(12, 30, 790298).
cost(13, 1, 397287).
cost(13, 2, 246953).
cost(13, 3, 262292).
cost(13, 4, 459618).
cost(13, 5, 267097).
cost(13, 6, 297294).
cost(13, 7, 223827).
cost(13, 8, 248641).
cost(13, 9, 318520).
cost(13, 10, 89910).
cost(13, 11, 18369).
cost(13, 12, 714933).
cost(13, 14, 351868).
cost(13, 15, 242992).
cost(13, 16, 176137).
cost(13, 17, 204766).
cost(13, 18, 474316).
cost(13, 19, 407845).
cost(13, 20, 260864).
cost(13, 21, 303465).
cost(13, 22, 389025).
cost(13, 23, 191366).
cost(13, 24, 205709).
cost(13, 25, 436660).
cost(13, 26, 565658).
cost(13, 27, 361065).
cost(13, 28, 38113).
cost(13, 29, 443611).
cost(13, 30, 88890).
cost(14, 1, 302144).
cost(14, 2, 113807).
cost(14, 3, 361533).
cost(14, 4, 110910).
cost(14, 5, 143135).
cost(14, 6, 105474).
cost(14, 7, 275711).
cost(14, 8, 181221).
cost(14, 9, 287222).
cost(14, 10, 380570).
cost(14, 11, 347552).
cost(14, 12, 365763).
cost(14, 13, 351868).
cost(14, 15, 171236).
cost(14, 16, 274065).
cost(14, 17, 172804).
cost(14, 18, 130010).
cost(14, 19, 352913).
cost(14, 20, 157230).
cost(14, 21, 55685).
cost(14, 22, 147833).
cost(14, 23, 204805).
cost(14, 24, 166213).
cost(14, 25, 266514).
cost(14, 26, 376378).
cost(14, 27, 13095).
cost(14, 28, 373038).
cost(14, 29, 173708).
cost(14, 30, 431893).
cost(15, 1, 191287).
cost(15, 2, 146166).
cost(15, 3, 377273).
cost(15, 4, 276762).
cost(15, 5, 31151).
cost(15, 6, 71969).
cost(15, 7, 293203).
cost(15, 8, 228165).
cost(15, 9, 352876).
cost(15, 10, 237316).
cost(15, 11, 247178).
cost(15, 12, 522448).
cost(15, 13, 242992).
cost(15, 14, 171236).
cost(15, 16, 108527).
cost(15, 17, 46213).
cost(15, 18, 298463).
cost(15, 19, 440435).
cost(15, 20, 215755).
cost(15, 21, 157027).
cost(15, 22, 291408).
cost(15, 23, 204114).
cost(15, 24, 168209).
cost(15, 25, 394691).
cost(15, 26, 520098).
cost(15, 27, 184228).
cost(15, 28, 275840).
cost(15, 29, 332531).
cost(15, 30, 331811).
cost(16, 1, 221549).
cost(16, 2, 215920).
cost(16, 3, 382813).
cost(16, 4, 382698).
cost(16, 5, 139677).
cost(16, 6, 180311).
cost(16, 7, 311297).
cost(16, 8, 276296).
cost(16, 9, 390833).
cost(16, 10, 139763).
cost(16, 11, 187259).
cost(16, 12, 630742).
cost(16, 13, 176137).
cost(16, 14, 274065).
cost(16, 15, 108527).
cost(16, 17, 103997).
cost(16, 18, 403499).
cost(16, 19, 483632).
cost(16, 20, 272703).
cost(16, 21, 247977).
cost(16, 22, 375009).
cost(16, 23, 232449).
cost(16, 24, 211886).
cost(16, 25, 463883).
cost(16, 26, 594202).
cost(16, 27, 286635).
cost(16, 28, 213879).
cost(16, 29, 422137).
cost(16, 30, 261008).
cost(17, 1, 235867).
cost(17, 2, 116796).
cost(17, 3, 332344).
cost(17, 4, 283131).
cost(17, 5, 62996).
cost(17, 6, 93684).
cost(17, 7, 249441).
cost(17, 8, 190871).
cost(17, 9, 313886).
cost(17, 10, 212397).
cost(17, 11, 206987).
cost(17, 12, 535412).
cost(17, 13, 204766).
cost(17, 14, 172804).
cost(17, 15, 46213).
cost(17, 16, 103997).
cost(17, 18, 302812).
cost(17, 19, 403506).
cost(17, 20, 181593).
cost(17, 21, 143984).
cost(17, 22, 272772).
cost(17, 23, 161042).
cost(17, 24, 128091).
cost(17, 25, 367888).
cost(17, 26, 496324).
cost(17, 27, 184937).
cost(17, 28, 235480).
cost(17, 29, 318651).
cost(17, 30, 292832).
cost(18, 1, 396434).
cost(18, 2, 227833).
cost(18, 3, 431013).
cost(18, 4, 24365).
cost(18, 5, 268729).
cost(18, 6, 228454).
cost(18, 7, 355112).
cost(18, 8, 264077).
cost(18, 9, 331965).
cost(18, 10, 509232).
cost(18, 11, 467993).
cost(18, 12, 240860).
cost(18, 13, 474316).
cost(18, 14, 130010).
cost(18, 15, 298463).
cost(18, 16, 403499).
cost(18, 17, 302812).
cost(18, 19, 368257).
cost(18, 20, 240997).
cost(18, 21, 171068).
cost(18, 22, 147889).
cost(18, 23, 305901).
cost(18, 24, 274950).
cost(18, 25, 249713).
cost(18, 26, 320472).
cost(18, 27, 118087).
cost(18, 28, 491677).
cost(18, 29, 126596).
cost(18, 30, 549556).
cost(19, 1, 625083).
cost(19, 2, 296402).
cost(19, 3, 170619).
cost(19, 4, 376472).
cost(19, 5, 431994).
cost(19, 6, 418312).
cost(19, 7, 184783).
cost(19, 8, 212718).
cost(19, 9, 93374).
cost(19, 10, 491639).
cost(19, 11, 390656).
cost(19, 12, 547942).
cost(19, 13, 407845).
cost(19, 14, 352913).
cost(19, 15, 440435).
cost(19, 16, 483632).
cost(19, 17, 403506).
cost(19, 18, 368257).
cost(19, 20, 225224).
cost(19, 21, 314796).
cost(19, 22, 223470).
cost(19, 23, 251239).
cost(19, 24, 275953).
cost(19, 25, 129161).
cost(19, 26, 197162).
cost(19, 27, 347194).
cost(19, 28, 394159).
cost(19, 29, 245967).
cost(19, 30, 427051).
cost(20, 1, 400241).
cost(20, 2, 71370).
cost(20, 3, 204305).
cost(20, 4, 234442).
cost(20, 5, 206865).
cost(20, 6, 196071).
cost(20, 7, 119299).
cost(20, 8, 24329).
cost(20, 9, 141946).
cost(20, 10, 322273).
cost(20, 11, 249588).
cost(20, 12, 476741).
cost(20, 13, 260864).
cost(20, 14, 157230).
cost(20, 15, 215755).
cost(20, 16, 272703).
cost(20, 17, 181593).
cost(20, 18, 240997).
cost(20, 19, 225224).
cost(20, 21, 104844).
cost(20, 22, 128709).
cost(20, 23, 71181).
cost(20, 24, 62960).
cost(20, 25, 192087).
cost(20, 26, 323436).
cost(20, 27, 157894).
cost(20, 28, 268039).
cost(20, 29, 183565).
cost(20, 30, 322045).
cost(21, 1, 318127).
cost(21, 2, 59285).
cost(21, 3, 308329).
cost(21, 4, 156312).
cost(21, 5, 135540).
cost(21, 6, 108979).
cost(21, 7, 221594).
cost(21, 8, 128126).
cost(21, 9, 241470).
cost(21, 10, 340280).
cost(21, 11, 297721).
cost(21, 12, 411473).
cost(21, 13, 303465).
cost(21, 14, 55685).
cost(21, 15, 157027).
cost(21, 16, 247977).
cost(21, 17, 143984).
cost(21, 18, 171068).
cost(21, 19, 314796).
cost(21, 20, 104844).
cost(21, 22, 134952).
cost(21, 23, 149131).
cost(21, 24, 111017).
cost(21, 25, 244810).
cost(21, 26, 365523).
cost(21, 27, 60727).
cost(21, 28, 322208).
cost(21, 29, 176017).
cost(21, 30, 380677).
cost(22, 1, 447620).
cost(22, 2, 160207).
cost(22, 3, 289596).
cost(22, 4, 153521).
cost(22, 5, 270463).
cost(22, 6, 241454).
cost(22, 7, 222562).
cost(22, 8, 145243).
cost(22, 9, 185094).
cost(22, 10, 445694).
cost(22, 11, 378164).
cost(22, 12, 362194).
cost(22, 13, 389025).
cost(22, 14, 147833).
cost(22, 15, 291408).
cost(22, 16, 375009).
cost(22, 17, 272772).
cost(22, 18, 147889).
cost(22, 19, 223470).
cost(22, 20, 128709).
cost(22, 21, 134952).
cost(22, 23, 199766).
cost(22, 24, 185231).
cost(22, 25, 119655).
cost(22, 26, 231358).
cost(22, 27, 138175).
cost(22, 28, 396712).
cost(22, 29, 54880).
cost(22, 30, 450196).
cost(23, 1, 395355).
cost(23, 2, 93151).
cost(23, 3, 175633).
cost(23, 4, 296593).
cost(23, 5, 205763).
cost(23, 6, 209135).
cost(23, 7, 89325).
cost(23, 8, 57353).
cost(23, 9, 158403).
cost(23, 10, 258663).
cost(23, 11, 179236).
cost(23, 12, 544481).
cost(23, 13, 191366).
cost(23, 14, 204805).
cost(23, 15, 204114).
cost(23, 16, 232449).
cost(23, 17, 161042).
cost(23, 18, 305901).
cost(23, 19, 251239).
cost(23, 20, 71181).
cost(23, 21, 149131).
cost(23, 22, 199766).
cost(23, 24, 42141).
cost(23, 25, 249661).
cost(23, 26, 380819).
cost(23, 27, 209115).
cost(23, 28, 196954).
cost(23, 29, 254644).
cost(23, 30, 250926).
cost(24, 1, 358494).
cost(24, 2, 52677).
cost(24, 3, 216582).
cost(24, 4, 263522).
cost(24, 5, 166669).
cost(24, 6, 167548).
cost(24, 7, 129106).
cost(24, 8, 64591).
cost(24, 9, 185796).
cost(24, 10, 261100).
cost(24, 11, 196603).
cost(24, 12, 515342).
cost(24, 13, 205709).
cost(24, 14, 166213).
cost(24, 15, 168209).
cost(24, 16, 211886).
cost(24, 17, 128091).
cost(24, 18, 274950).
cost(24, 19, 275953).
cost(24, 20, 62960).
cost(24, 21, 111017).
cost(24, 22, 185231).
cost(24, 23, 42141).
cost(24, 25, 254796).
cost(24, 26, 386275).
cost(24, 27, 171703).
cost(24, 28, 218258).
cost(24, 29, 239135).
cost(24, 30, 275233).
cost(25, 1, 562511).
cost(25, 2, 251143).
cost(25, 3, 258707).
cost(25, 4, 261904).
cost(25, 5, 377996).
cost(25, 6, 353765).
cost(25, 7, 226011).
cost(25, 8, 194168).
cost(25, 9, 144588).
cost(25, 10, 508308).
cost(25, 11, 422205).
cost(25, 12, 418843).
cost(25, 13, 436660).
cost(25, 14, 266514).
cost(25, 15, 394691).
cost(25, 16, 463883).
cost(25, 17, 367888).
cost(25, 18, 249713).
cost(25, 19, 129161).
cost(25, 20, 192087).
cost(25, 21, 244810).
cost(25, 22, 119655).
cost(25, 23, 249661).
cost(25, 24, 254796).
cost(25, 26, 131638).
cost(25, 27, 257443).
cost(25, 28, 434063).
cost(25, 29, 123358).
cost(25, 30, 479220).
cost(26, 1, 678163).
cost(26, 2, 379670).
cost(26, 3, 362232).
cost(26, 4, 339565).
cost(26, 5, 500904).
cost(26, 6, 472809).
cost(26, 7, 348506).
cost(26, 8, 325744).
cost(26, 9, 257575).
cost(26, 10, 639275).
cost(26, 11, 550585).
cost(26, 12, 416084).
cost(26, 13, 565658).
cost(26, 14, 376378).
cost(26, 15, 520098).
cost(26, 16, 594202).
cost(26, 17, 496324).
cost(26, 18, 320472).
cost(26, 19, 197162).
cost(26, 20, 323436).
cost(26, 21, 365523).
cost(26, 22, 231358).
cost(26, 23, 380819).
cost(26, 24, 386275).
cost(26, 25, 131638).
cost(26, 27, 365336).
cost(26, 28, 560675).
cost(26, 29, 206285).
cost(26, 30, 602670).
cost(27, 1, 313743).
cost(27, 2, 119924).
cost(27, 3, 361940).
cost(27, 4, 99839).
cost(27, 5, 156219).
cost(27, 6, 118525).
cost(27, 7, 277016).
cost(27, 8, 182126).
cost(27, 9, 284139).
cost(27, 10, 391646).
cost(27, 11, 356269).
cost(27, 12, 355280).
cost(27, 13, 361065).
cost(27, 14, 13095).
cost(27, 15, 184228).
cost(27, 16, 286635).
cost(27, 17, 184937).
cost(27, 18, 118087).
cost(27, 19, 347194).
cost(27, 20, 157894).
cost(27, 21, 60727).
cost(27, 22, 138175).
cost(27, 23, 209115).
cost(27, 24, 171703).
cost(27, 25, 257443).
cost(27, 26, 365336).
cost(27, 28, 381388).
cost(27, 29, 161769).
cost(27, 30, 440106).
cost(28, 1, 434675).
cost(28, 2, 263966).
cost(28, 3, 240023).
cost(28, 4, 478385).
cost(28, 5, 298376).
cost(28, 6, 326304).
cost(28, 7, 213566).
cost(28, 8, 252877).
cost(28, 9, 308071).
cost(28, 10, 120619).
cost(28, 11, 28666).
cost(28, 12, 732519).
cost(28, 13, 38113).
cost(28, 14, 373038).
cost(28, 15, 275840).
cost(28, 16, 213879).
cost(28, 17, 235480).
cost(28, 18, 491677).
cost(28, 19, 394159).
cost(28, 20, 268039).
cost(28, 21, 322208).
cost(28, 22, 396712).
cost(28, 23, 196954).
cost(28, 24, 218258).
cost(28, 25, 434063).
cost(28, 26, 560675).
cost(28, 27, 381388).
cost(28, 29, 451585).
cost(28, 30, 59046).
cost(29, 1, 475453).
cost(29, 2, 210324).
cost(29, 3, 335519).
cost(29, 4, 140410).
cost(29, 5, 308852).
cost(29, 6, 275827).
cost(29, 7, 273881).
cost(29, 8, 199940).
cost(29, 9, 225583).
cost(29, 10, 498689).
cost(29, 11, 432919).
cost(29, 12, 315563).
cost(29, 13, 443611).
cost(29, 14, 173708).
cost(29, 15, 332531).
cost(29, 16, 422137).
cost(29, 17, 318651).
cost(29, 18, 126596).
cost(29, 19, 245967).
cost(29, 20, 183565).
cost(29, 21, 176017).
cost(29, 22, 54880).
cost(29, 23, 254644).
cost(29, 24, 239135).
cost(29, 25, 123358).
cost(29, 26, 206285).
cost(29, 27, 161769).
cost(29, 28, 451585).
cost(29, 30, 505028).
cost(30, 1, 482492).
cost(30, 2, 322142).
cost(30, 3, 263137).
cost(30, 4, 536685).
cost(30, 5, 355474).
cost(30, 6, 384492).
cost(30, 7, 254274).
cost(30, 8, 305241).
cost(30, 9, 346316).
cost(30, 10, 143728).
cost(30, 11, 86387).
cost(30, 12, 790298).
cost(30, 13, 88890).
cost(30, 14, 431893).
cost(30, 15, 331811).
cost(30, 16, 261008).
cost(30, 17, 292832).
cost(30, 18, 549556).
cost(30, 19, 427051).
cost(30, 20, 322045).
cost(30, 21, 380677).
cost(30, 22, 450196).
cost(30, 23, 250926).
cost(30, 24, 275233).
cost(30, 25, 479220).
cost(30, 26, 602670).
cost(30, 27, 440106).
cost(30, 28, 59046).
cost(30, 29, 505028).
