dimension(30).
point(1, 394493.0, -196166.0).
point(2, -109495.0, -106267.0).
point(3, 308093.0, 189445.0).
point(4, 219599.0, -82397.0).
point(5, 265835.0, 146167.0).
point(6, -57489.0, 389113.0).
point(7, 414072.0, 171555.0).
point(8, -236256.0, 333780.0).
point(9, 129950.0, 164672.0).
point(10, 810.0, -225725.0).
point(11, -127716.0, 174317.0).
point(12, 215161.0, 212106.0).
point(13, -98508.0, 78475.0).
point(14, -54105.0, -189045.0).
point(15, -279849.0, -241507.0).
point(16, 71142.0, -314959.0).
point(17, -1781.0, 78104.0).
point(18, -300033.0, -66266.0).
point(19, -136761.0, 8838.0).
point(20, -413272.0, 103855.0).
point(21, 296629.0, 202306.0).
point(22, -368447.0, -40520.0).
point(23, -103114.0, -60677.0).
point(24, 399354.0, 89455.0).
point(25, -362838.0, -105054.0).
point(26, 117439.0, -237624.0).
point(27, -70933.0, -105535.0).
point(28, 274400.0, -105146.0).
point(29, 148985.0, 221372.0).
point(30, 28058.0, 198791.0).
cost(1, 2, 511943).
cost(1, 3, 395172).
cost(1, 4, 208642).
cost(1, 5, 365711).
cost(1, 6, 739486).
cost(1, 7, 368242).
cost(1, 8, 823825).
cost(1, 9, 447423).
cost(1, 10, 394791).
cost(1, 11, 640281).
cost(1, 12, 445922).
cost(1, 13, 564338).
cost(1, 14, 448655).
cost(1, 15, 675865).
cost(1, 16, 344482).
cost(1, 17, 481931).
cost(1, 18, 706569).
cost(1, 19, 569436).
cost(1, 20, 861683).
cost(1, 21, 410314).
cost(1, 22, 778655).
cost(1, 23, 515723).
cost(1, 24, 285662).
cost(1, 25, 762792).
cost(1, 26, 280139).
cost(1, 27, 474168).
cost(1, 28, 150688).
cost(1, 29, 484368).
cost(1, 30, 538763).
cost(2, 1, 511943).
cost(2, 3, 511689).
cost(2, 4, 329959).
cost(2, 5, 452322).
cost(2, 6, 498102).
cost(2, 7, 592712).
cost(2, 8, 457941).
cost(2, 9, 361582).
cost(2, 10, 162596).
cost(2, 11, 281175).
cost(2, 12, 454712).
cost(2, 13, 185068).
cost(2, 14, 99600).
cost(2, 15, 217509).
cost(2, 16, 276011).
cost(2, 17, 213530).
cost(2, 18, 194692).
cost(2, 19, 118290).
cost(2, 20, 369367).
cost(2, 21, 510053).
cost(2, 22, 267168).
cost(2, 23, 46034).
cost(2, 24, 545192).
cost(2, 25, 253346).
cost(2, 26, 262209).
cost(2, 27, 38569).
cost(2, 28, 383897).
cost(2, 29, 417324).
cost(2, 30, 334636).
cost(3, 1, 395172).
cost(3, 2, 511689).
cost(3, 4, 285883).
cost(3, 5, 60487).
cost(3, 6, 416554).
cost(3, 7, 107478).
cost(3, 8, 563159).
cost(3, 9, 179857).
cost(3, 10, 516516).
cost(3, 11, 436071).
cost(3, 12, 95655).
cost(3, 13, 421472).
cost(3, 14, 523872).
cost(3, 15, 728969).
cost(3, 16, 557287).
cost(3, 17, 329270).
cost(3, 18, 659701).
cost(3, 19, 480119).
cost(3, 20, 726425).
cost(3, 21, 17229).
cost(3, 22, 714556).
cost(3, 23, 481303).
cost(3, 24, 135376).
cost(3, 25, 732720).
cost(3, 26, 467693).
cost(3, 27, 480285).
cost(3, 28, 296512).
cost(3, 29, 162280).
cost(3, 30, 280191).
cost(4, 1, 208642).
cost(4, 2, 329959).
cost(4, 3, 285883).
cost(4, 5, 233194).
cost(4, 6, 546900).
cost(4, 7, 319861).
cost(4, 8, 617258).
cost(4, 9, 262831).
cost(4, 10, 261556).
cost(4, 11, 431891).
cost(4, 12, 294536).
cost(4, 13, 356471).
cost(4, 14, 293748).
cost(4, 15, 524180).
cost(4, 16, 275907).
cost(4, 17, 273440).
cost(4, 18, 519882).
cost(4, 19, 367854).
cost(4, 20, 659709).
cost(4, 21, 294940).
cost(4, 22, 589535).
cost(4, 23, 323443).
cost(4, 24, 248686).
cost(4, 25, 582878).
cost(4, 26, 185828).
cost(4, 27, 291452).
cost(4, 28, 59335).
cost(4, 29, 311868).
cost(4, 30, 340227).
cost(5, 1, 365711).
cost(5, 2, 452322).
cost(5, 3, 60487).
cost(5, 4, 233194).
cost(5, 6, 404427).
cost(5, 7, 150395).
cost(5, 8, 535998).
cost(5, 9, 137139).
cost(5, 10, 456664).
cost(5, 11, 394556).
cost(5, 12, 83161).
cost(5, 13, 370578).
cost(5, 14, 463388).
cost(5, 15, 669374).
cost(5, 16, 500542).
cost(5, 17, 276136).
cost(5, 18, 604429).
cost(5, 19, 425374).
cost(5, 20, 680424).
cost(5, 21, 64030).
cost(5, 22, 661185).
cost(5, 23, 422975).
cost(5, 24, 145064).
cost(5, 25, 677009).
cost(5, 26, 411481).
cost(5, 27, 420436).
cost(5, 28, 251459).
cost(5, 29, 138959).
cost(5, 30, 243531).
cost(6, 1, 739486).
cost(6, 2, 498102).
cost(6, 3, 416554).
cost(6, 4, 546900).
cost(6, 5, 404427).
cost(6, 7, 519328).
cost(6, 8, 187135).
cost(6, 9, 292416).
cost(6, 10, 617596).
cost(6, 11, 225985).
cost(6, 12, 325068).
cost(6, 13, 313335).
cost(6, 14, 578168).
cost(6, 15, 668674).
cost(6, 16, 715726).
cost(6, 17, 315959).
cost(6, 18, 515943).
cost(6, 19, 388450).
cost(6, 20, 456019).
cost(6, 21, 400370).
cost(6, 22, 530358).
cost(6, 23, 452098).
cost(6, 24, 546352).
cost(6, 25, 580895).
cost(6, 26, 650691).
cost(6, 27, 494831).
cost(6, 28, 595351).
cost(6, 29, 266024).
cost(6, 30, 208664).
cost(7, 1, 368242).
cost(7, 2, 592712).
cost(7, 3, 107478).
cost(7, 4, 319861).
cost(7, 5, 150395).
cost(7, 6, 519328).
cost(7, 8, 670256).
cost(7, 9, 284205).
cost(7, 10, 573251).
cost(7, 11, 541795).
cost(7, 12, 203002).
cost(7, 13, 520963).
cost(7, 14, 590950).
cost(7, 15, 807556).
cost(7, 16, 595228).
cost(7, 17, 426224).
cost(7, 18, 752665).
cost(7, 19, 574364).
cost(7, 20, 830109).
cost(7, 21, 121402).
cost(7, 22, 810748).
cost(7, 23, 566933).
cost(7, 24, 83409).
cost(7, 25, 824683).
cost(7, 26, 505390).
cost(7, 27, 558577).
cost(7, 28, 309954).
cost(7, 29, 269727).
cost(7, 30, 386974).
cost(8, 1, 823825).
cost(8, 2, 457941).
cost(8, 3, 563159).
cost(8, 4, 617258).
cost(8, 5, 535998).
cost(8, 6, 187135).
cost(8, 7, 670256).
cost(8, 9, 403366).
cost(8, 10, 607656).
cost(8, 11, 192897).
cost(8, 12, 467527).
cost(8, 13, 290095).
cost(8, 14, 553647).
cost(8, 15, 576936).
cost(8, 16, 717883).
cost(8, 17, 346913).
cost(8, 18, 405098).
cost(8, 19, 339833).
cost(8, 20, 290173).
cost(8, 21, 548864).
cost(8, 22, 396957).
cost(8, 23, 416321).
cost(8, 24, 680951).
cost(8, 25, 456726).
cost(8, 26, 672014).
cost(8, 27, 469393).
cost(8, 28, 673369).
cost(8, 29, 401306).
cost(8, 30, 296789).
cost(9, 1, 447423).
cost(9, 2, 361582).
cost(9, 3, 179857).
cost(9, 4, 262831).
cost(9, 5, 137139).
cost(9, 6, 292416).
cost(9, 7, 284205).
cost(9, 8, 403366).
cost(9, 10, 411202).
cost(9, 11, 257846).
cost(9, 12, 97524).
cost(9, 13, 244178).
cost(9, 14, 398738).
cost(9, 15, 576989).
cost(9, 16, 483223).
cost(9, 17, 157630).
cost(9, 18, 488076).
cost(9, 19, 308900).
cost(9, 20, 546616).
cost(9, 21, 170875).
cost(9, 22, 538984).
cost(9, 23, 324193).
cost(9, 24, 279707).
cost(9, 25, 561776).
cost(9, 26, 402490).
cost(9, 27, 336698).
cost(9, 28, 306052).
cost(9, 29, 59810).
cost(9, 30, 107453).
cost(10, 1, 394791).
cost(10, 2, 162596).
cost(10, 3, 516516).
cost(10, 4, 261556).
cost(10, 5, 456664).
cost(10, 6, 617596).
cost(10, 7, 573251).
cost(10, 8, 607656).
cost(10, 9, 411202).
cost(10, 11, 420182).
cost(10, 12, 487486).
cost(10, 13, 320003).
cost(10, 14, 66038).
cost(10, 15, 281102).
cost(10, 16, 113619).
cost(10, 17, 303840).
cost(10, 18, 340490).
cost(10, 19, 271929).
cost(10, 20, 529232).
cost(10, 21, 520307).
cost(10, 22, 413100).
cost(10, 23, 195041).
cost(10, 24, 508110).
cost(10, 25, 383147).
cost(10, 26, 117234).
cost(10, 27, 139974).
cost(10, 28, 298983).
cost(10, 29, 471011).
cost(10, 30, 425390).
cost(11, 1, 640281).
cost(11, 2, 281175).
cost(11, 3, 436071).
cost(11, 4, 431891).
cost(11, 5, 394556).
cost(11, 6, 225985).
cost(11, 7, 541795).
cost(11, 8, 192897).
cost(11, 9, 257846).
cost(11, 10, 420182).
cost(11, 12, 344953).
cost(11, 13, 100194).
cost(11, 14, 370743).
cost(11, 15, 442780).
cost(11, 16, 528143).
cost(11, 17, 158482).
cost(11, 18, 295928).
cost(11, 19, 165726).
cost(11, 20, 294121).
cost(11, 21, 425267).
cost(11, 22, 322655).
cost(11, 23, 236278).
cost(11, 24, 533858).
cost(11, 25, 365145).
cost(11, 26, 479371).
cost(11, 27, 285555).
cost(11, 28, 489691).
cost(11, 29, 280674).
cost(11, 30, 157685).
cost(12, 1, 445922).
cost(12, 2, 454712).
cost(12, 3, 95655).
cost(12, 4, 294536).
cost(12, 5, 83161).
cost(12, 6, 325068).
cost(12, 7, 203002).
cost(12, 8, 467527).
cost(12, 9, 97524).
cost(12, 10, 487486).
cost(12, 11, 344953).
cost(12, 13, 340948).
cost(12, 14, 483142).
cost(12, 15, 671416).
cost(12, 16, 546387).
cost(12, 17, 254991).
cost(12, 18, 585590).
cost(12, 19, 406407).
cost(12, 20, 637688).
cost(12, 21, 82055).
cost(12, 22, 635939).
cost(12, 23, 419177).
cost(12, 24, 221292).
cost(12, 25, 659298).
cost(12, 26, 460225).
cost(12, 27, 427488).
cost(12, 28, 322735).
cost(12, 29, 66822).
cost(12, 30, 187576).
cost(13, 1, 564338).
cost(13, 2, 185068).
cost(13, 3, 421472).
cost(13, 4, 356471).
cost(13, 5, 370578).
cost(13, 6, 313335).
cost(13, 7, 520963).
cost(13, 8, 290095).
cost(13, 9, 244178).
cost(13, 10, 320003).
cost(13, 11, 100194).
cost(13, 12, 340948).
cost(13, 14, 271180).
cost(13, 15, 367795).
cost(13, 16, 428452).
cost(13, 17, 96728).
cost(13, 18, 248117).
cost(13, 19, 79452).
cost(13, 20, 315786).
cost(13, 21, 414086).
cost(13, 22, 295003).
cost(13, 23, 139228).
cost(13, 24, 497983).
cost(13, 25, 321797).
cost(13, 26, 382821).
cost(13, 27, 186065).
cost(13, 28, 415665).
cost(13, 29, 285784).
cost(13, 30, 174628).
cost(14, 1, 448655).
cost(14, 2, 99600).
cost(14, 3, 523872).
cost(14, 4, 293748).
cost(14, 5, 463388).
cost(14, 6, 578168).
cost(14, 7, 590950).
cost(14, 8, 553647).
cost(14, 9, 398738).
cost(14, 10, 66038).
cost(14, 11, 370743).
cost(14, 12, 483142).
cost(14, 13, 271180).
cost(14, 15, 231760).
cost(14, 16, 177598).
cost(14, 17, 272225).
cost(14, 18, 274873).
cost(14, 19, 214452).
cost(14, 20, 463456).
cost(14, 21, 525519).
cost(14, 22, 347664).
cost(14, 23, 137405).
cost(14, 24, 532153).
cost(14, 25, 319954).
cost(14, 26, 178290).
cost(14, 27, 85189).
cost(14, 28, 339050).
cost(14, 29, 457917).
cost(14, 30, 396444).
cost(15, 1, 675865).
cost(15, 2, 217509).
cost(15, 3, 728969).
cost(15, 4, 524180).
cost(15, 5, 669374).
cost(15, 6, 668674).
cost(15, 7, 807556).
cost(15, 8, 576936).
cost(15, 9, 576989).
cost(15, 10, 281102).
cost(15, 11, 442780).
cost(15, 12, 671416).
cost(15, 13, 367795).
cost(15, 14, 231760).
cost(15, 16, 358594).
cost(15, 17, 423643).
cost(15, 18, 176400).
cost(15, 19, 288352).
cost(15, 20, 370239).
cost(15, 21, 727528).
cost(15, 22, 219648).
cost(15, 23, 252853).
cost(15, 24, 755548).
cost(15, 25, 159708).
cost(15, 26, 397307).
cost(15, 27, 249267).
cost(15, 28, 570777).
cost(15, 29, 630996).
cost(15, 30, 537279).
cost(16, 1, 344482).
cost(16, 2, 276011).
cost(16, 3, 557287).
cost(16, 4, 275907).
cost(16, 5, 500542).
cost(16, 6, 715726).
cost(16, 7, 595228).
cost(16, 8, 717883).
cost(16, 9, 483223).
cost(16, 10, 113619).
cost(16, 11, 528143).
cost(16, 12, 546387).
cost(16, 13, 428452).
cost(16, 14, 177598).
cost(16, 15, 358594).
cost(16, 17, 399770).
cost(16, 18, 446788).
cost(16, 19, 384796).
cost(16, 20, 640361).
cost(16, 21, 564276).
cost(16, 22, 518223).
cost(16, 23, 308260).
cost(16, 24, 520840).
cost(16, 25, 482078).
cost(16, 26, 90134).
cost(16, 27, 253069).
cost(16, 28, 292122).
cost(16, 29, 541951).
cost(16, 30, 515553).
cost(17, 1, 481931).
cost(17, 2, 213530).
cost(17, 3, 329270).
cost(17, 4, 273440).
cost(17, 5, 276136).
cost(17, 6, 315959).
cost(17, 7, 426224).
cost(17, 8, 346913).
cost(17, 9, 157630).
cost(17, 10, 303840).
cost(17, 11, 158482).
cost(17, 12, 254991).
cost(17, 13, 96728).
cost(17, 14, 272225).
cost(17, 15, 423643).
cost(17, 16, 399770).
cost(17, 18, 331356).
cost(17, 19, 151715).
cost(17, 20, 412296).
cost(17, 21, 323225).
cost(17, 22, 385377).
cost(17, 23, 171839).
cost(17, 24, 401296).
cost(17, 25, 404857).
cost(17, 26, 337487).
cost(17, 27, 196228).
cost(17, 28, 331446).
cost(17, 29, 207981).
cost(17, 30, 124321).
cost(18, 1, 706569).
cost(18, 2, 194692).
cost(18, 3, 659701).
cost(18, 4, 519882).
cost(18, 5, 604429).
cost(18, 6, 515943).
cost(18, 7, 752665).
cost(18, 8, 405098).
cost(18, 9, 488076).
cost(18, 10, 340490).
cost(18, 11, 295928).
cost(18, 12, 585590).
cost(18, 13, 248117).
cost(18, 14, 274873).
cost(18, 15, 176400).
cost(18, 16, 446788).
cost(18, 17, 331356).
cost(18, 19, 179717).
cost(18, 20, 204363).
cost(18, 21, 654321).
cost(18, 22, 73098).
cost(18, 23, 196998).
cost(18, 24, 716513).
cost(18, 25, 73817).
cost(18, 26, 451272).
cost(18, 27, 232441).
cost(18, 28, 575747).
cost(18, 29, 533247).
cost(18, 30, 421781).
cost(19, 1, 569436).
cost(19, 2, 118290).
cost(19, 3, 480119).
cost(19, 4, 367854).
cost(19, 5, 425374).
cost(19, 6, 388450).
cost(19, 7, 574364).
cost(19, 8, 339833).
cost(19, 9, 308900).
cost(19, 10, 271929).
cost(19, 11, 165726).
cost(19, 12, 406407).
cost(19, 13, 79452).
cost(19, 14, 214452).
cost(19, 15, 288352).
cost(19, 16, 384796).
cost(19, 17, 151715).
cost(19, 18, 179717).
cost(19, 20, 292381).
cost(19, 21, 474612).
cost(19, 22, 236885).
cost(19, 23, 77230).
cost(19, 24, 542142).
cost(19, 25, 253145).
cost(19, 26, 354064).
cost(19, 27, 131964).
cost(19, 28, 426668).
cost(19, 29, 356120).
cost(19, 30, 251490).
cost(20, 1, 861683).
cost(20, 2, 369367).
cost(20, 3, 726425).
cost(20, 4, 659709).
cost(20, 5, 680424).
cost(20, 6, 456019).
cost(20, 7, 830109).
cost(20, 8, 290173).
cost(20, 9, 546616).
cost(20, 10, 529232).
cost(20, 11, 294121).
cost(20, 12, 637688).
cost(20, 13, 315786).
cost(20, 14, 463456).
cost(20, 15, 370239).
cost(20, 16, 640361).
cost(20, 17, 412296).
cost(20, 18, 204363).
cost(20, 19, 292381).
cost(20, 21, 716695).
cost(20, 22, 151173).
cost(20, 23, 351097).
cost(20, 24, 812754).
cost(20, 25, 214911).
cost(20, 26, 631080).
cost(20, 27, 401298).
cost(20, 28, 718731).
cost(20, 29, 574407).
cost(20, 30, 451426).
cost(21, 1, 410314).
cost(21, 2, 510053).
cost(21, 3, 17229).
cost(21, 4, 294940).
cost(21, 5, 64030).
cost(21, 6, 400370).
cost(21, 7, 121402).
cost(21, 8, 548864).
cost(21, 9, 170875).
cost(21, 10, 520307).
cost(21, 11, 425267).
cost(21, 12, 82055).
cost(21, 13, 414086).
cost(21, 14, 525519).
cost(21, 15, 727528).
cost(21, 16, 564276).
cost(21, 17, 323225).
cost(21, 18, 654321).
cost(21, 19, 474612).
cost(21, 20, 716695).
cost(21, 22, 708019).
cost(21, 23, 478492).
cost(21, 24, 152603).
cost(21, 25, 727576).
cost(21, 26, 475024).
cost(21, 27, 479445).
cost(21, 28, 308255).
cost(21, 29, 148870).
cost(21, 30, 268594).
cost(22, 1, 778655).
cost(22, 2, 267168).
cost(22, 3, 714556).
cost(22, 4, 589535).
cost(22, 5, 661185).
cost(22, 6, 530358).
cost(22, 7, 810748).
cost(22, 8, 396957).
cost(22, 9, 538984).
cost(22, 10, 413100).
cost(22, 11, 322655).
cost(22, 12, 635939).
cost(22, 13, 295003).
cost(22, 14, 347664).
cost(22, 15, 219648).
cost(22, 16, 518223).
cost(22, 17, 385377).
cost(22, 18, 73098).
cost(22, 19, 236885).
cost(22, 20, 151173).
cost(22, 21, 708019).
cost(22, 23, 266098).
cost(22, 24, 778725).
cost(22, 25, 64777).
cost(22, 26, 524343).
cost(22, 27, 304535).
cost(22, 28, 646087).
cost(22, 29, 579934).
cost(22, 30, 463126).
cost(23, 1, 515723).
cost(23, 2, 46034).
cost(23, 3, 481303).
cost(23, 4, 323443).
cost(23, 5, 422975).
cost(23, 6, 452098).
cost(23, 7, 566933).
cost(23, 8, 416321).
cost(23, 9, 324193).
cost(23, 10, 195041).
cost(23, 11, 236278).
cost(23, 12, 419177).
cost(23, 13, 139228).
cost(23, 14, 137405).
cost(23, 15, 252853).
cost(23, 16, 308260).
cost(23, 17, 171839).
cost(23, 18, 196998).
cost(23, 19, 77230).
cost(23, 20, 351097).
cost(23, 21, 478492).
cost(23, 22, 266098).
cost(23, 24, 524417).
cost(23, 25, 263488).
cost(23, 26, 282761).
cost(23, 27, 55207).
cost(23, 28, 380124).
cost(23, 29, 378293).
cost(23, 30, 290740).
cost(24, 1, 285662).
cost(24, 2, 545192).
cost(24, 3, 135376).
cost(24, 4, 248686).
cost(24, 5, 145064).
cost(24, 6, 546352).
cost(24, 7, 83409).
cost(24, 8, 680951).
cost(24, 9, 279707).
cost(24, 10, 508110).
cost(24, 11, 533858).
cost(24, 12, 221292).
cost(24, 13, 497983).
cost(24, 14, 532153).
cost(24, 15, 755548).
cost(24, 16, 520840).
cost(24, 17, 401296).
cost(24, 18, 716513).
cost(24, 19, 542142).
cost(24, 20, 812754).
cost(24, 21, 152603).
cost(24, 22, 778725).
cost(24, 23, 524417).
cost(24, 25, 786620).
cost(24, 26, 431806).
cost(24, 27, 509108).
cost(24, 28, 231264).
cost(24, 29, 282996).
cost(24, 30, 387060).
cost(25, 1, 762792).
cost(25, 2, 253346).
cost(25, 3, 732720).
cost(25, 4, 582878).
cost(25, 5, 677009).
cost(25, 6, 580895).
cost(25, 7, 824683).
cost(25, 8, 456726).
cost(25, 9, 561776).
cost(25, 10, 383147).
cost(25, 11, 365145).
cost(25, 12, 659298).
cost(25, 13, 321797).
cost(25, 14, 319954).
cost(25, 15, 159708).
cost(25, 16, 482078).
cost(25, 17, 404857).
cost(25, 18, 73817).
cost(25, 19, 253145).
cost(25, 20, 214911).
cost(25, 21, 727576).
cost(25, 22, 64777).
cost(25, 23, 263488).
cost(25, 24, 786620).
cost(25, 26, 498238).
cost(25, 27, 291905).
cost(25, 28, 637238).
cost(25, 29, 607056).
cost(25, 30, 495097).
cost(26, 1, 280139).
cost(26, 2, 262209).
cost(26, 3, 467693).
cost(26, 4, 185828).
cost(26, 5, 411481).
cost(26, 6, 650691).
cost(26, 7, 505390).
cost(26, 8, 672014).
cost(26, 9, 402490).
cost(26, 10, 117234).
cost(26, 11, 479371).
cost(26, 12, 460225).
cost(26, 13, 382821).
cost(26, 14, 178290).
cost(26, 15, 397307).
cost(26, 16, 90134).
cost(26, 17, 337487).
cost(26, 18, 451272).
cost(26, 19, 354064).
cost(26, 20, 631080).
cost(26, 21, 475024).
cost(26, 22, 524343).
cost(26, 23, 282761).
cost(26, 24, 431806).
cost(26, 25, 498238).
cost(26, 27, 230068).
cost(26, 28, 205395).
cost(26, 29, 460079).
cost(26, 30, 445474).
cost(27, 1, 474168).
cost(27, 2, 38569).
cost(27, 3, 480285).
cost(27, 4, 291452).
cost(27, 5, 420436).
cost(27, 6, 494831).
cost(27, 7, 558577).
cost(27, 8, 469393).
cost(27, 9, 336698).
cost(27, 10, 139974).
cost(27, 11, 285555).
cost(27, 12, 427488).
cost(27, 13, 186065).
cost(27, 14, 85189).
cost(27, 15, 249267).
cost(27, 16, 253069).
cost(27, 17, 196228).
cost(27, 18, 232441).
cost(27, 19, 131964).
cost(27, 20, 401298).
cost(27, 21, 479445).
cost(27, 22, 304535).
cost(27, 23, 55207).
cost(27, 24, 509108).
cost(27, 25, 291905).
cost(27, 26, 230068).
cost(27, 28, 345333).
cost(27, 29, 393995).
cost(27, 30, 320021).
cost(28, 1, 150688).
cost(28, 2, 383897).
cost(28, 3, 296512).
cost(28, 4, 59335).
cost(28, 5, 251459).
cost(28, 6, 595351).
cost(28, 7, 309954).
cost(28, 8, 673369).
cost(28, 9, 306052).
cost(28, 10, 298983).
cost(28, 11, 489691).
cost(28, 12, 322735).
cost(28, 13, 415665).
cost(28, 14, 339050).
cost(28, 15, 570777).
cost(28, 16, 292122).
cost(28, 17, 331446).
cost(28, 18, 575747).
cost(28, 19, 426668).
cost(28, 20, 718731).
cost(28, 21, 308255).
cost(28, 22, 646087).
cost(28, 23, 380124).
cost(28, 24, 231264).
cost(28, 25, 637238).
cost(28, 26, 205395).
cost(28, 27, 345333).
cost(28, 29, 349776).
cost(28, 30, 391231).
cost(29, 1, 484368).
cost(29, 2, 417324).
cost(29, 3, 162280).
cost(29, 4, 311868).
cost(29, 5, 138959).
cost(29, 6, 266024).
cost(29, 7, 269727).
cost(29, 8, 401306).
cost(29, 9, 59810).
cost(29, 10, 471011).
cost(29, 11, 280674).
cost(29, 12, 66822).
cost(29, 13, 285784).
cost(29, 14, 457917).
cost(29, 15, 630996).
cost(29, 16, 541951).
cost(29, 17, 207981).
cost(29, 18, 533247).
cost(29, 19, 356120).
cost(29, 20, 574407).
cost(29, 21, 148870).
cost(29, 22, 579934).
cost(29, 23, 378293).
cost(29, 24, 282996).
cost(29, 25, 607056).
cost(29, 26, 460079).
cost(29, 27, 393995).
cost(29, 28, 349776).
cost(29, 30, 123017).
cost(30, 1, 538763).
cost(30, 2, 334636).
cost(30, 3, 280191).
cost(30, 4, 340227).
cost(30, 5, 243531).
cost(30, 6, 208664).
cost(30, 7, 386974).
cost(30, 8, 296789).
cost(30, 9, 107453).
cost(30, 10, 425390).
cost(30, 11, 157685).
cost(30, 12, 187576).
cost(30, 13, 174628).
cost(30, 14, 396444).
cost(30, 15, 537279).
cost(30, 16, 515553).
cost(30, 17, 124321).
cost(30, 18, 421781).
cost(30, 19, 251490).
cost(30, 20, 451426).
cost(30, 21, 268594).
cost(30, 22, 463126).
cost(30, 23, 290740).
cost(30, 24, 387060).
cost(30, 25, 495097).
cost(30, 26, 445474).
cost(30, 27, 320021).
cost(30, 28, 391231).
cost(30, 29, 123017).
