dimension(30).
point(1, -123384.0, 90148.0).
point(2, -123257.0, 174390.0).
point(3, 28097.0, 166912.0).
point(4, 9209.0, 122745.0).
point(5, 53329.0, -62850.0).
point(6, -204907.0, 275078.0).
point(7, 122004.0, -43934.0).
point(8, -119899.0, 124164.0).
point(9, -47510.0, 40986.0).
point(10, 127360.0, 231068.0).
point(11, 129446.0, -385299.0).
point(12, 76110.0, -56917.0).
point(13, 162012.0, -453203.0).
point(14, 222304.0, -126050.0).
point(15, 489987.0, 245505.0).
point(16, 290351.0, -99112.0).
point(17, 273313.0, 17251.0).
point(18, -284693.0, -65049.0).
point(19, 71918.0, -1979.0).
point(20, -214353.0, 73895.0).
point(21, -68540.0, -58975.0).
point(22, 276152.0, 197382.0).
point(23, -81795.0, -303309.0).
point(24, 156074.0, -49739.0).
point(25, 162244.0, -226748.0).
point(26, -218024.0, -166793.0).
point(27, 7882.0, -105646.0).
point(28, -169070.0, -150543.0).
point(29, 246015.0, 38254.0).
point(30, -361261.0, 71873.0).
cost(1, 2, 84242).
cost(1, 3, 169821).
cost(1, 4, 136541).
cost(1, 5, 233743).
cost(1, 6, 202102).
cost(1, 7, 279631).
cost(1, 8, 34194).
cost(1, 9, 90409).
cost(1, 10, 287630).
cost(1, 11, 538491).
cost(1, 12, 247843).
cost(1, 13, 613744).
cost(1, 14, 407728).
cost(1, 15, 632740).
cost(1, 16, 454968).
cost(1, 17, 403339).
cost(1, 18, 223845).
cost(1, 19, 215940).
cost(1, 20, 92410).
cost(1, 21, 158888).
cost(1, 22, 413676).
cost(1, 23, 395649).
cost(1, 24, 312514).
cost(1, 25, 426622).
cost(1, 26, 273816).
cost(1, 27, 235725).
cost(1, 28, 244989).
cost(1, 29, 373026).
cost(1, 30, 238578).
cost(2, 1, 84242).
cost(2, 3, 151539).
cost(2, 4, 142178).
cost(2, 5, 295746).
cost(2, 6, 129633).
cost(2, 7, 328357).
cost(2, 8, 50338).
cost(2, 9, 153409).
cost(2, 10, 256946).
cost(2, 11, 614093).
cost(2, 12, 305369).
cost(2, 13, 689385).
cost(2, 14, 457905).
cost(2, 15, 617354).
cost(2, 16, 495858).
cost(2, 17, 426568).
cost(2, 18, 288778).
cost(2, 19, 263058).
cost(2, 20, 135638).
cost(2, 21, 239694).
cost(2, 22, 400070).
cost(2, 23, 479495).
cost(2, 24, 358134).
cost(2, 25, 492364).
cost(2, 26, 354100).
cost(2, 27, 309221).
cost(2, 28, 328147).
cost(2, 29, 393567).
cost(2, 30, 259144).
cost(3, 1, 169821).
cost(3, 2, 151539).
cost(3, 4, 48036).
cost(3, 5, 231143).
cost(3, 6, 256887).
cost(3, 7, 230813).
cost(3, 8, 154046).
cost(3, 9, 146880).
cost(3, 10, 118191).
cost(3, 11, 561434).
cost(3, 12, 228921).
cost(3, 13, 634410).
cost(3, 14, 351487).
cost(3, 15, 468529).
cost(3, 16, 373558).
cost(3, 17, 287279).
cost(3, 18, 389414).
cost(3, 19, 174483).
cost(3, 20, 259681).
cost(3, 21, 245690).
cost(3, 22, 249919).
cost(3, 23, 482891).
cost(3, 24, 251626).
cost(3, 25, 415889).
cost(3, 26, 414650).
cost(3, 27, 273307).
cost(3, 28, 373701).
cost(3, 29, 253064).
cost(3, 30, 400789).
cost(4, 1, 136541).
cost(4, 2, 142178).
cost(4, 3, 48036).
cost(4, 5, 190767).
cost(4, 6, 262776).
cost(4, 7, 201258).
cost(4, 8, 129116).
cost(4, 9, 99507).
cost(4, 10, 160292).
cost(4, 11, 522078).
cost(4, 12, 191714).
cost(4, 13, 595873).
cost(4, 14, 327580).
cost(4, 15, 496203).
cost(4, 16, 358136).
cost(4, 17, 284394).
cost(4, 18, 348776).
cost(4, 19, 139601).
cost(4, 20, 228837).
cost(4, 21, 197654).
cost(4, 22, 277181).
cost(4, 23, 435665).
cost(4, 24, 226539).
cost(4, 25, 381530).
cost(4, 26, 368059).
cost(4, 27, 228395).
cost(4, 28, 326297).
cost(4, 29, 251428).
cost(4, 30, 373946).
cost(5, 1, 233743).
cost(5, 2, 295746).
cost(5, 3, 231143).
cost(5, 4, 190767).
cost(5, 6, 425301).
cost(5, 7, 71233).
cost(5, 8, 254916).
cost(5, 9, 144743).
cost(5, 10, 303098).
cost(5, 11, 331311).
cost(5, 12, 23541).
cost(5, 13, 405201).
cost(5, 14, 180407).
cost(5, 15, 534559).
cost(5, 16, 239780).
cost(5, 17, 234113).
cost(5, 18, 338029).
cost(5, 19, 63646).
cost(5, 20, 300588).
cost(5, 21, 121931).
cost(5, 22, 342594).
cost(5, 23, 275824).
cost(5, 24, 103578).
cost(5, 25, 196787).
cost(5, 26, 290580).
cost(5, 27, 62425).
cost(5, 28, 239064).
cost(5, 29, 217600).
cost(5, 30, 435930).
cost(6, 1, 202102).
cost(6, 2, 129633).
cost(6, 3, 256887).
cost(6, 4, 262776).
cost(6, 5, 425301).
cost(6, 7, 456771).
cost(6, 8, 173209).
cost(6, 9, 282087).
cost(6, 10, 335169).
cost(6, 11, 740196).
cost(6, 12, 434961).
cost(6, 13, 815489).
cost(6, 14, 586014).
cost(6, 15, 695523).
cost(6, 16, 620724).
cost(6, 17, 543295).
cost(6, 18, 349360).
cost(6, 19, 391654).
cost(6, 20, 201405).
cost(6, 21, 360815).
cost(6, 22, 487293).
cost(6, 23, 591344).
cost(6, 24, 485606).
cost(6, 25, 621795).
cost(6, 26, 442066).
cost(6, 27, 436154).
cost(6, 28, 427127).
cost(6, 29, 509329).
cost(6, 30, 256396).
cost(7, 1, 279631).
cost(7, 2, 328357).
cost(7, 3, 230813).
cost(7, 4, 201258).
cost(7, 5, 71233).
cost(7, 6, 456771).
cost(7, 8, 294574).
cost(7, 9, 189595).
cost(7, 10, 275054).
cost(7, 11, 341446).
cost(7, 12, 47695).
cost(7, 13, 411220).
cost(7, 14, 129627).
cost(7, 15, 468173).
cost(7, 16, 177159).
cost(7, 17, 163212).
cost(7, 18, 407245).
cost(7, 19, 65336).
cost(7, 20, 356398).
cost(7, 21, 191137).
cost(7, 22, 286348).
cost(7, 23, 329863).
cost(7, 24, 34561).
cost(7, 25, 187190).
cost(7, 26, 361543).
cost(7, 27, 129739).
cost(7, 28, 309983).
cost(7, 29, 148774).
cost(7, 30, 496947).
cost(8, 1, 34194).
cost(8, 2, 50338).
cost(8, 3, 154046).
cost(8, 4, 129116).
cost(8, 5, 254916).
cost(8, 6, 173209).
cost(8, 7, 294574).
cost(8, 9, 110267).
cost(8, 10, 269380).
cost(8, 11, 567208).
cost(8, 12, 266852).
cost(8, 13, 642516).
cost(8, 14, 423922).
cost(8, 15, 621840).
cost(8, 16, 467073).
cost(8, 17, 407488).
cost(8, 18, 250916).
cost(8, 19, 229577).
cost(8, 20, 106998).
cost(8, 21, 190204).
cost(8, 22, 402762).
cost(8, 23, 429168).
cost(8, 24, 326195).
cost(8, 25, 450271).
cost(8, 26, 307058).
cost(8, 27, 262946).
cost(8, 28, 279073).
cost(8, 29, 375864).
cost(8, 30, 246961).
cost(9, 1, 90409).
cost(9, 2, 153409).
cost(9, 3, 146880).
cost(9, 4, 99507).
cost(9, 5, 144743).
cost(9, 6, 282087).
cost(9, 7, 189595).
cost(9, 8, 110267).
cost(9, 10, 258284).
cost(9, 11, 461554).
cost(9, 12, 157692).
cost(9, 13, 536770).
cost(9, 14, 317334).
cost(9, 15, 575092).
cost(9, 16, 365756).
cost(9, 17, 321700).
cost(9, 18, 259806).
cost(9, 19, 126921).
cost(9, 20, 170058).
cost(9, 21, 102149).
cost(9, 22, 359467).
cost(9, 23, 345998).
cost(9, 24, 222884).
cost(9, 25, 340115).
cost(9, 26, 268788).
cost(9, 27, 156746).
cost(9, 28, 226848).
cost(9, 29, 293538).
cost(9, 30, 315268).
cost(10, 1, 287630).
cost(10, 2, 256946).
cost(10, 3, 118191).
cost(10, 4, 160292).
cost(10, 5, 303098).
cost(10, 6, 335169).
cost(10, 7, 275054).
cost(10, 8, 269380).
cost(10, 9, 258284).
cost(10, 11, 616371).
cost(10, 12, 292510).
cost(10, 13, 685148).
cost(10, 14, 369524).
cost(10, 15, 362914).
cost(10, 16, 368219).
cost(10, 17, 258882).
cost(10, 18, 507418).
cost(10, 19, 239551).
cost(10, 20, 376126).
cost(10, 21, 350003).
cost(10, 22, 152558).
cost(10, 23, 573851).
cost(10, 24, 282271).
cost(10, 25, 459143).
cost(10, 26, 526862).
cost(10, 27, 357283).
cost(10, 28, 483216).
cost(10, 29, 226398).
cost(10, 30, 513900).
cost(11, 1, 538491).
cost(11, 2, 614093).
cost(11, 3, 561434).
cost(11, 4, 522078).
cost(11, 5, 331311).
cost(11, 6, 740196).
cost(11, 7, 341446).
cost(11, 8, 567208).
cost(11, 9, 461554).
cost(11, 10, 616371).
cost(11, 12, 332685).
cost(11, 13, 75309).
cost(11, 14, 275377).
cost(11, 15, 726570).
cost(11, 16, 328319).
cost(11, 17, 427486).
cost(11, 18, 523518).
cost(11, 19, 387613).
cost(11, 20, 573635).
cost(11, 21, 381688).
cost(11, 22, 600866).
cost(11, 23, 226595).
cost(11, 24, 336615).
cost(11, 25, 161908).
cost(11, 26, 410463).
cost(11, 27, 304932).
cost(11, 28, 379766).
cost(11, 29, 439301).
cost(11, 30, 670671).
cost(12, 1, 247843).
cost(12, 2, 305369).
cost(12, 3, 228921).
cost(12, 4, 191714).
cost(12, 5, 23541).
cost(12, 6, 434961).
cost(12, 7, 47695).
cost(12, 8, 266852).
cost(12, 9, 157692).
cost(12, 10, 292510).
cost(12, 11, 332685).
cost(12, 13, 405490).
cost(12, 14, 161716).
cost(12, 15, 512595).
cost(12, 16, 218357).
cost(12, 17, 210689).
cost(12, 18, 360895).
cost(12, 19, 55098).
cost(12, 20, 318560).
cost(12, 21, 144665).
cost(12, 22, 323550).
cost(12, 23, 292648).
cost(12, 24, 80286).
cost(12, 25, 190425).
cost(12, 26, 313987).
cost(12, 27, 83843).
cost(12, 28, 262448).
cost(12, 29, 194744).
cost(12, 30, 455939).
cost(13, 1, 613744).
cost(13, 2, 689385).
cost(13, 3, 634410).
cost(13, 4, 595873).
cost(13, 5, 405201).
cost(13, 6, 815489).
cost(13, 7, 411220).
cost(13, 8, 642516).
cost(13, 9, 536770).
cost(13, 10, 685148).
cost(13, 11, 75309).
cost(13, 12, 405490).
cost(13, 14, 332662).
cost(13, 15, 771855).
cost(13, 16, 376632).
cost(13, 17, 483441).
cost(13, 18, 591784).
cost(13, 19, 460130).
cost(13, 20, 647675).
cost(13, 21, 456695).
cost(13, 22, 660522).
cost(13, 23, 286199).
cost(13, 24, 403508).
cost(13, 25, 226455).
cost(13, 26, 475876).
cost(13, 27, 380200).
cost(13, 28, 448574).
cost(13, 29, 498584).
cost(13, 30, 741296).
cost(14, 1, 407728).
cost(14, 2, 457905).
cost(14, 3, 351487).
cost(14, 4, 327580).
cost(14, 5, 180407).
cost(14, 6, 586014).
cost(14, 7, 129627).
cost(14, 8, 423922).
cost(14, 9, 317334).
cost(14, 10, 369524).
cost(14, 11, 275377).
cost(14, 12, 161716).
cost(14, 13, 332662).
cost(14, 15, 457938).
cost(14, 16, 73185).
cost(14, 17, 152109).
cost(14, 18, 510654).
cost(14, 19, 194960).
cost(14, 20, 480258).
cost(14, 21, 298478).
cost(14, 22, 327884).
cost(14, 23, 351990).
cost(14, 24, 101043).
cost(14, 25, 117249).
cost(14, 26, 442209).
cost(14, 27, 215391).
cost(14, 28, 392140).
cost(14, 29, 166006).
cost(14, 30, 616216).
cost(15, 1, 632740).
cost(15, 2, 617354).
cost(15, 3, 468529).
cost(15, 4, 496203).
cost(15, 5, 534559).
cost(15, 6, 695523).
cost(15, 7, 468173).
cost(15, 8, 621840).
cost(15, 9, 575092).
cost(15, 10, 362914).
cost(15, 11, 726570).
cost(15, 12, 512595).
cost(15, 13, 771855).
cost(15, 14, 457938).
cost(15, 16, 398266).
cost(15, 17, 314718).
cost(15, 18, 834609).
cost(15, 19, 485829).
cost(15, 20, 724945).
cost(15, 21, 636129).
cost(15, 22, 219183).
cost(15, 23, 792547).
cost(15, 24, 445721).
cost(15, 25, 574838).
cost(15, 26, 819310).
cost(15, 27, 596433).
cost(15, 28, 768902).
cost(15, 29, 320118).
cost(15, 30, 868776).
cost(16, 1, 454968).
cost(16, 2, 495858).
cost(16, 3, 373558).
cost(16, 4, 358136).
cost(16, 5, 239780).
cost(16, 6, 620724).
cost(16, 7, 177159).
cost(16, 8, 467073).
cost(16, 9, 365756).
cost(16, 10, 368219).
cost(16, 11, 328319).
cost(16, 12, 218357).
cost(16, 13, 376632).
cost(16, 14, 73185).
cost(16, 15, 398266).
cost(16, 17, 117604).
cost(16, 18, 576052).
cost(16, 19, 239056).
cost(16, 20, 533533).
cost(16, 21, 361128).
cost(16, 22, 296834).
cost(16, 23, 424487).
cost(16, 24, 143066).
cost(16, 25, 180838).
cost(16, 26, 512860).
cost(16, 27, 282545).
cost(16, 28, 462291).
cost(16, 29, 144344).
cost(16, 30, 673672).
cost(17, 1, 403339).
cost(17, 2, 426568).
cost(17, 3, 287279).
cost(17, 4, 284394).
cost(17, 5, 234113).
cost(17, 6, 543295).
cost(17, 7, 163212).
cost(17, 8, 407488).
cost(17, 9, 321700).
cost(17, 10, 258882).
cost(17, 11, 427486).
cost(17, 12, 210689).
cost(17, 13, 483441).
cost(17, 14, 152109).
cost(17, 15, 314718).
cost(17, 16, 117604).
cost(17, 18, 564043).
cost(17, 19, 202311).
cost(17, 20, 490945).
cost(17, 21, 350248).
cost(17, 22, 180153).
cost(17, 23, 478394).
cost(17, 24, 135028).
cost(17, 25, 268089).
cost(17, 26, 524675).
cost(17, 27, 292502).
cost(17, 28, 473136).
cost(17, 29, 34443).
cost(17, 30, 636921).
cost(18, 1, 223845).
cost(18, 2, 288778).
cost(18, 3, 389414).
cost(18, 4, 348776).
cost(18, 5, 338029).
cost(18, 6, 349360).
cost(18, 7, 407245).
cost(18, 8, 250916).
cost(18, 9, 259806).
cost(18, 10, 507418).
cost(18, 11, 523518).
cost(18, 12, 360895).
cost(18, 13, 591784).
cost(18, 14, 510654).
cost(18, 15, 834609).
cost(18, 16, 576052).
cost(18, 17, 564043).
cost(18, 19, 362145).
cost(18, 20, 155734).
cost(18, 21, 216238).
cost(18, 22, 619207).
cost(18, 23, 312946).
cost(18, 24, 441033).
cost(18, 25, 475289).
cost(18, 26, 121641).
cost(18, 27, 295378).
cost(18, 28, 143798).
cost(18, 29, 540669).
cost(18, 30, 156877).
cost(19, 1, 215940).
cost(19, 2, 263058).
cost(19, 3, 174483).
cost(19, 4, 139601).
cost(19, 5, 63646).
cost(19, 6, 391654).
cost(19, 7, 65336).
cost(19, 8, 229577).
cost(19, 9, 126921).
cost(19, 10, 239551).
cost(19, 11, 387613).
cost(19, 12, 55098).
cost(19, 13, 460130).
cost(19, 14, 194960).
cost(19, 15, 485829).
cost(19, 16, 239056).
cost(19, 17, 202311).
cost(19, 18, 362145).
cost(19, 20, 296155).
cost(19, 21, 151582).
cost(19, 22, 285406).
cost(19, 23, 338271).
cost(19, 24, 96764).
cost(19, 25, 242239).
cost(19, 26, 333512).
cost(19, 27, 121850).
cost(19, 28, 283102).
cost(19, 29, 178685).
cost(19, 30, 439429).
cost(20, 1, 92410).
cost(20, 2, 135638).
cost(20, 3, 259681).
cost(20, 4, 228837).
cost(20, 5, 300588).
cost(20, 6, 201405).
cost(20, 7, 356398).
cost(20, 8, 106998).
cost(20, 9, 170058).
cost(20, 10, 376126).
cost(20, 11, 573635).
cost(20, 12, 318560).
cost(20, 13, 647675).
cost(20, 14, 480258).
cost(20, 15, 724945).
cost(20, 16, 533533).
cost(20, 17, 490945).
cost(20, 18, 155734).
cost(20, 19, 296155).
cost(20, 21, 197271).
cost(20, 22, 505810).
cost(20, 23, 399818).
cost(20, 24, 390514).
cost(20, 25, 481883).
cost(20, 26, 240716).
cost(20, 27, 285698).
cost(20, 28, 228961).
cost(20, 29, 461746).
cost(20, 30, 146922).
cost(21, 1, 158888).
cost(21, 2, 239694).
cost(21, 3, 245690).
cost(21, 4, 197654).
cost(21, 5, 121931).
cost(21, 6, 360815).
cost(21, 7, 191137).
cost(21, 8, 190204).
cost(21, 9, 102149).
cost(21, 10, 350003).
cost(21, 11, 381688).
cost(21, 12, 144665).
cost(21, 13, 456695).
cost(21, 14, 298478).
cost(21, 15, 636129).
cost(21, 16, 361128).
cost(21, 17, 350248).
cost(21, 18, 216238).
cost(21, 19, 151582).
cost(21, 20, 197271).
cost(21, 22, 429571).
cost(21, 23, 244693).
cost(21, 24, 224804).
cost(21, 25, 285323).
cost(21, 26, 184310).
cost(21, 27, 89546).
cost(21, 28, 135982).
cost(21, 29, 329239).
cost(21, 30, 320635).
cost(22, 1, 413676).
cost(22, 2, 400070).
cost(22, 3, 249919).
cost(22, 4, 277181).
cost(22, 5, 342594).
cost(22, 6, 487293).
cost(22, 7, 286348).
cost(22, 8, 402762).
cost(22, 9, 359467).
cost(22, 10, 152558).
cost(22, 11, 600866).
cost(22, 12, 323550).
cost(22, 13, 660522).
cost(22, 14, 327884).
cost(22, 15, 219183).
cost(22, 16, 296834).
cost(22, 17, 180153).
cost(22, 18, 619207).
cost(22, 19, 285406).
cost(22, 20, 505810).
cost(22, 21, 429571).
cost(22, 23, 615482).
cost(22, 24, 274750).
cost(22, 25, 439160).
cost(22, 26, 613868).
cost(22, 27, 404716).
cost(22, 28, 565044).
cost(22, 29, 161957).
cost(22, 30, 649652).
cost(23, 1, 395649).
cost(23, 2, 479495).
cost(23, 3, 482891).
cost(23, 4, 435665).
cost(23, 5, 275824).
cost(23, 6, 591344).
cost(23, 7, 329863).
cost(23, 8, 429168).
cost(23, 9, 345998).
cost(23, 10, 573851).
cost(23, 11, 226595).
cost(23, 12, 292648).
cost(23, 13, 286199).
cost(23, 14, 351990).
cost(23, 15, 792547).
cost(23, 16, 424487).
cost(23, 17, 478394).
cost(23, 18, 312946).
cost(23, 19, 338271).
cost(23, 20, 399818).
cost(23, 21, 244693).
cost(23, 22, 615482).
cost(23, 24, 347677).
cost(23, 25, 255767).
cost(23, 26, 192860).
cost(23, 27, 217054).
cost(23, 28, 175939).
cost(23, 29, 473418).
cost(23, 30, 467828).
cost(24, 1, 312514).
cost(24, 2, 358134).
cost(24, 3, 251626).
cost(24, 4, 226539).
cost(24, 5, 103578).
cost(24, 6, 485606).
cost(24, 7, 34561).
cost(24, 8, 326195).
cost(24, 9, 222884).
cost(24, 10, 282271).
cost(24, 11, 336615).
cost(24, 12, 80286).
cost(24, 13, 403508).
cost(24, 14, 101043).
cost(24, 15, 445721).
cost(24, 16, 143066).
cost(24, 17, 135028).
cost(24, 18, 441033).
cost(24, 19, 96764).
cost(24, 20, 390514).
cost(24, 21, 224804).
cost(24, 22, 274750).
cost(24, 23, 347677).
cost(24, 25, 177117).
cost(24, 26, 391983).
cost(24, 27, 158387).
cost(24, 28, 340412).
cost(24, 29, 125826).
cost(24, 30, 531437).
cost(25, 1, 426622).
cost(25, 2, 492364).
cost(25, 3, 415889).
cost(25, 4, 381530).
cost(25, 5, 196787).
cost(25, 6, 621795).
cost(25, 7, 187190).
cost(25, 8, 450271).
cost(25, 9, 340115).
cost(25, 10, 459143).
cost(25, 11, 161908).
cost(25, 12, 190425).
cost(25, 13, 226455).
cost(25, 14, 117249).
cost(25, 15, 574838).
cost(25, 16, 180838).
cost(25, 17, 268089).
cost(25, 18, 475289).
cost(25, 19, 242239).
cost(25, 20, 481883).
cost(25, 21, 285323).
cost(25, 22, 439160).
cost(25, 23, 255767).
cost(25, 24, 177117).
cost(25, 26, 384965).
cost(25, 27, 196197).
cost(25, 28, 339965).
cost(25, 29, 277927).
cost(25, 30, 602687).
cost(26, 1, 273816).
cost(26, 2, 354100).
cost(26, 3, 414650).
cost(26, 4, 368059).
cost(26, 5, 290580).
cost(26, 6, 442066).
cost(26, 7, 361543).
cost(26, 8, 307058).
cost(26, 9, 268788).
cost(26, 10, 526862).
cost(26, 11, 410463).
cost(26, 12, 313987).
cost(26, 13, 475876).
cost(26, 14, 442209).
cost(26, 15, 819310).
cost(26, 16, 512860).
cost(26, 17, 524675).
cost(26, 18, 121641).
cost(26, 19, 333512).
cost(26, 20, 240716).
cost(26, 21, 184310).
cost(26, 22, 613868).
cost(26, 23, 192860).
cost(26, 24, 391983).
cost(26, 25, 384965).
cost(26, 27, 234035).
cost(26, 28, 51581).
cost(26, 29, 507323).
cost(26, 30, 278349).
cost(27, 1, 235725).
cost(27, 2, 309221).
cost(27, 3, 273307).
cost(27, 4, 228395).
cost(27, 5, 62425).
cost(27, 6, 436154).
cost(27, 7, 129739).
cost(27, 8, 262946).
cost(27, 9, 156746).
cost(27, 10, 357283).
cost(27, 11, 304932).
cost(27, 12, 83843).
cost(27, 13, 380200).
cost(27, 14, 215391).
cost(27, 15, 596433).
cost(27, 16, 282545).
cost(27, 17, 292502).
cost(27, 18, 295378).
cost(27, 19, 121850).
cost(27, 20, 285698).
cost(27, 21, 89546).
cost(27, 22, 404716).
cost(27, 23, 217054).
cost(27, 24, 158387).
cost(27, 25, 196197).
cost(27, 26, 234035).
cost(27, 28, 182559).
cost(27, 29, 278235).
cost(27, 30, 409609).
cost(28, 1, 244989).
cost(28, 2, 328147).
cost(28, 3, 373701).
cost(28, 4, 326297).
cost(28, 5, 239064).
cost(28, 6, 427127).
cost(28, 7, 309983).
cost(28, 8, 279073).
cost(28, 9, 226848).
cost(28, 10, 483216).
cost(28, 11, 379766).
cost(28, 12, 262448).
cost(28, 13, 448574).
cost(28, 14, 392140).
cost(28, 15, 768902).
cost(28, 16, 462291).
cost(28, 17, 473136).
cost(28, 18, 143798).
cost(28, 19, 283102).
cost(28, 20, 228961).
cost(28, 21, 135982).
cost(28, 22, 565044).
cost(28, 23, 175939).
cost(28, 24, 340412).
cost(28, 25, 339965).
cost(28, 26, 51581).
cost(28, 27, 182559).
cost(28, 29, 456004).
cost(28, 30, 293949).
cost(29, 1, 373026).
cost(29, 2, 393567).
cost(29, 3, 253064).
cost(29, 4, 251428).
cost(29, 5, 217600).
cost(29, 6, 509329).
cost(29, 7, 148774).
cost(29, 8, 375864).
cost(29, 9, 293538).
cost(29, 10, 226398).
cost(29, 11, 439301).
cost(29, 12, 194744).
cost(29, 13, 498584).
cost(29, 14, 166006).
cost(29, 15, 320118).
cost(29, 16, 144344).
cost(29, 17, 34443).
cost(29, 18, 540669).
cost(29, 19, 178685).
cost(29, 20, 461746).
cost(29, 21, 329239).
cost(29, 22, 161957).
cost(29, 23, 473418).
cost(29, 24, 125826).
cost(29, 25, 277927).
cost(29, 26, 507323).
cost(29, 27, 278235).
cost(29, 28, 456004).
cost(29, 30, 608206).
cost(30, 1, 238578).
cost(30, 2, 259144).
cost(30, 3, 400789).
cost(30, 4, 373946).
cost(30, 5, 435930).
cost(30, 6, 256396).
cost(30, 7, 496947).
cost(30, 8, 246961).
cost(30, 9, 315268).
cost(30, 10, 513900).
cost(30, 11, 670671).
cost(30, 12, 455939).
cost(30, 13, 741296).
cost(30, 14, 616216).
cost(30, 15, 868776).
cost(30, 16, 673672).
cost(30, 17, 636921).
cost(30, 18, 156877).
cost(30, 19, 439429).
cost(30, 20, 146922).
cost(30, 21, 320635).
cost(30, 22, 649652).
cost(30, 23, 467828).
cost(30, 24, 531437).
cost(30, 25, 602687).
cost(30, 26, 278349).
cost(30, 27, 409609).
cost(30, 28, 293949).
cost(30, 29, 608206).
