dimension(17).
point(1, 921674.0, 250065.0).
point(2, 377506.0, 896048.0).
point(3, 169771.0, 218380.0).
point(4, 877708.0, 813387.0).
point(5, 123344.0, 400022.0).
point(6, 30588.0, 418434.0).
point(7, 113951.0, 210517.0).
point(8, 924356.0, 970453.0).
point(9, 194244.0, 23254.0).
point(10, 45333.0, 569958.0).
point(11, 264618.0, 206470.0).
point(12, 212018.0, 319685.0).
point(13, 423427.0, 581180.0).
point(14, 212210.0, 21951.0).
point(15, 733992.0, 691156.0).
point(16, 264308.0, 7229.0).
point(17, 755721.0, 348018.0).
cost(1, 2, 844638).
cost(1, 3, 752570).
cost(1, 4, 565035).
cost(1, 5, 812292).
cost(1, 6, 906853).
cost(1, 7, 808691).
cost(1, 8, 720393).
cost(1, 9, 761970).
cost(1, 10, 932901).
cost(1, 11, 658501).
cost(1, 12, 713063).
cost(1, 13, 598237).
cost(1, 14, 745235).
cost(1, 15, 479360).
cost(1, 16, 700785).
cost(1, 17, 192705).
cost(2, 1, 844638).
cost(2, 3, 708793).
cost(2, 4, 506986).
cost(2, 5, 557351).
cost(2, 6, 590311).
cost(2, 7, 734448).
cost(2, 8, 551889).
cost(2, 9, 891826).
cost(2, 10, 465482).
cost(2, 11, 698757).
cost(2, 12, 599650).
cost(2, 13, 318199).
cost(2, 14, 889589).
cost(2, 15, 411173).
cost(2, 16, 895998).
cost(2, 17, 665870).
cost(3, 1, 752570).
cost(3, 2, 708793).
cost(3, 4, 924775).
cost(3, 5, 187481).
cost(3, 6, 243708).
cost(3, 7, 56371).
cost(3, 8, 1065370).
cost(3, 9, 196655).
cost(3, 10, 372950).
cost(3, 11, 95592).
cost(3, 12, 109761).
cost(3, 13, 442680).
cost(3, 14, 200961).
cost(3, 15, 736113).
cost(3, 16, 231348).
cost(3, 17, 600119).
cost(4, 1, 565035).
cost(4, 2, 506986).
cost(4, 3, 924775).
cost(4, 5, 860195).
cost(4, 6, 934666).
cost(4, 7, 973025).
cost(4, 8, 163847).
cost(4, 9, 1044717).
cost(4, 10, 867240).
cost(4, 11, 862686).
cost(4, 12, 828785).
cost(4, 13, 510188).
cost(4, 14, 1034050).
cost(4, 15, 188666).
cost(4, 16, 1012991).
cost(4, 17, 481092).
cost(5, 1, 812292).
cost(5, 2, 557351).
cost(5, 3, 187481).
cost(5, 4, 860195).
cost(5, 6, 94566).
cost(5, 7, 189738).
cost(5, 8, 983368).
cost(5, 9, 383381).
cost(5, 10, 186987).
cost(5, 11, 239626).
cost(5, 12, 119654).
cost(5, 13, 350525).
cost(5, 14, 388375).
cost(5, 15, 676498).
cost(5, 16, 417321).
cost(5, 17, 634512).
cost(6, 1, 906853).
cost(6, 2, 590311).
cost(6, 3, 243708).
cost(6, 4, 934666).
cost(6, 5, 94566).
cost(6, 7, 224006).
cost(6, 8, 1050498).
cost(6, 9, 427727).
cost(6, 10, 152240).
cost(6, 11, 315751).
cost(6, 12, 206563).
cost(6, 13, 425216).
cost(6, 14, 436102).
cost(6, 15, 754423).
cost(6, 16, 472985).
cost(6, 17, 728544).
cost(7, 1, 808691).
cost(7, 2, 734448).
cost(7, 3, 56371).
cost(7, 4, 973025).
cost(7, 5, 189738).
cost(7, 6, 224006).
cost(7, 8, 1110972).
cost(7, 9, 203751).
cost(7, 10, 365932).
cost(7, 11, 150721).
cost(7, 12, 146747).
cost(7, 13, 482873).
cost(7, 14, 212631).
cost(7, 15, 784516).
cost(7, 16, 252850).
cost(7, 17, 656335).
cost(8, 1, 720393).
cost(8, 2, 551889).
cost(8, 3, 1065370).
cost(8, 4, 163847).
cost(8, 5, 983368).
cost(8, 6, 1050498).
cost(8, 7, 1110972).
cost(8, 9, 1195930).
cost(8, 10, 965959).
cost(8, 11, 1009418).
cost(8, 12, 964844).
cost(8, 13, 634400).
cost(8, 14, 1186089).
cost(8, 15, 338002).
cost(8, 16, 1167675).
cost(8, 17, 644874).
cost(9, 1, 761970).
cost(9, 2, 891826).
cost(9, 3, 196655).
cost(9, 4, 1044717).
cost(9, 5, 383381).
cost(9, 6, 427727).
cost(9, 7, 203751).
cost(9, 8, 1195930).
cost(9, 10, 566621).
cost(9, 11, 196267).
cost(9, 12, 296963).
cost(9, 13, 603164).
cost(9, 14, 18013).
cost(9, 15, 858732).
cost(9, 16, 71873).
cost(9, 17, 648636).
cost(10, 1, 932901).
cost(10, 2, 465482).
cost(10, 3, 372950).
cost(10, 4, 867240).
cost(10, 5, 186987).
cost(10, 6, 152240).
cost(10, 7, 365932).
cost(10, 8, 965959).
cost(10, 9, 566621).
cost(10, 11, 424511).
cost(10, 12, 300700).
cost(10, 13, 378261).
cost(10, 14, 572852).
cost(10, 15, 699243).
cost(10, 16, 603833).
cost(10, 17, 744250).
cost(11, 1, 658501).
cost(11, 2, 698757).
cost(11, 3, 95592).
cost(11, 4, 862686).
cost(11, 5, 239626).
cost(11, 6, 315751).
cost(11, 7, 150721).
cost(11, 8, 1009418).
cost(11, 9, 196267).
cost(11, 10, 424511).
cost(11, 12, 124837).
cost(11, 13, 406974).
cost(11, 14, 191817).
cost(11, 15, 674709).
cost(11, 16, 199241).
cost(11, 17, 511095).
cost(12, 1, 713063).
cost(12, 2, 599650).
cost(12, 3, 109761).
cost(12, 4, 828785).
cost(12, 5, 119654).
cost(12, 6, 206563).
cost(12, 7, 146747).
cost(12, 8, 964844).
cost(12, 9, 296963).
cost(12, 10, 300700).
cost(12, 11, 124837).
cost(12, 13, 336264).
cost(12, 14, 297734).
cost(12, 15, 640662).
cost(12, 16, 316801).
cost(12, 17, 544441).
cost(13, 1, 598237).
cost(13, 2, 318199).
cost(13, 3, 442680).
cost(13, 4, 510188).
cost(13, 5, 350525).
cost(13, 6, 425216).
cost(13, 7, 482873).
cost(13, 8, 634400).
cost(13, 9, 603164).
cost(13, 10, 378261).
cost(13, 11, 406974).
cost(13, 12, 336264).
cost(13, 14, 597787).
cost(13, 15, 329462).
cost(13, 16, 595599).
cost(13, 17, 405936).
cost(14, 1, 745235).
cost(14, 2, 889589).
cost(14, 3, 200961).
cost(14, 4, 1034050).
cost(14, 5, 388375).
cost(14, 6, 436102).
cost(14, 7, 212631).
cost(14, 8, 1186089).
cost(14, 9, 18013).
cost(14, 10, 572852).
cost(14, 11, 191817).
cost(14, 12, 297734).
cost(14, 13, 597787).
cost(14, 15, 848582).
cost(14, 16, 54138).
cost(14, 17, 633817).
cost(15, 1, 479360).
cost(15, 2, 411173).
cost(15, 3, 736113).
cost(15, 4, 188666).
cost(15, 5, 676498).
cost(15, 6, 754423).
cost(15, 7, 784516).
cost(15, 8, 338002).
cost(15, 9, 858732).
cost(15, 10, 699243).
cost(15, 11, 674709).
cost(15, 12, 640662).
cost(15, 13, 329462).
cost(15, 14, 848582).
cost(15, 16, 829674).
cost(15, 17, 343825).
cost(16, 1, 700785).
cost(16, 2, 895998).
cost(16, 3, 231348).
cost(16, 4, 1012991).
cost(16, 5, 417321).
cost(16, 6, 472985).
cost(16, 7, 252850).
cost(16, 8, 1167675).
cost(16, 9, 71873).
cost(16, 10, 603833).
cost(16, 11, 199241).
cost(16, 12, 316801).
cost(16, 13, 595599).
cost(16, 14, 54138).
cost(16, 15, 829674).
cost(16, 17, 598017).
cost(17, 1, 192705).
cost(17, 2, 665870).
cost(17, 3, 600119).
cost(17, 4, 481092).
cost(17, 5, 634512).
cost(17, 6, 728544).
cost(17, 7, 656335).
cost(17, 8, 644874).
cost(17, 9, 648636).
cost(17, 10, 744250).
cost(17, 11, 511095).
cost(17, 12, 544441).
cost(17, 13, 405936).
cost(17, 14, 633817).
cost(17, 15, 343825).
cost(17, 16, 598017).
nocross(1,3).
nocross(1,10).
nocross(1,13).
nocross(1,15).
nocross(1,17).
nocross(2,5).
nocross(2,8).
nocross(2,10).
nocross(2,15).
nocross(3,5).
nocross(3,6).
nocross(4,1).
nocross(4,2).
nocross(4,8).
nocross(4,15).
nocross(5,3).
nocross(5,7).
nocross(5,10).
nocross(6,3).
nocross(6,7).
nocross(7,5).
nocross(7,6).
nocross(8,1).
nocross(8,2).
nocross(9,3).
nocross(9,7).
nocross(10,2).
nocross(10,3).
nocross(10,5).
nocross(10,6).
nocross(10,7).
nocross(11,3).
nocross(11,5).
nocross(11,6).
nocross(12,3).
nocross(13,1).
nocross(13,2).
nocross(13,5).
nocross(13,10).
nocross(13,17).
nocross(14,3).
nocross(14,7).
nocross(15,1).
nocross(15,2).
nocross(15,8).
nocross(15,17).
nocross(16,3).
nocross(16,7).
nocross(17,1).
