dimension(17).
point(1, 213622.0, 224693.0).
point(2, 545051.0, 491543.0).
point(3, 576725.0, 33728.0).
point(4, 814556.0, 135630.0).
point(5, 858986.0, 874678.0).
point(6, 961043.0, 390416.0).
point(7, 539534.0, 72895.0).
point(8, 127459.0, 654894.0).
point(9, 667768.0, 290420.0).
point(10, 159647.0, 52546.0).
point(11, 174813.0, 331960.0).
point(12, 97712.0, 874332.0).
point(13, 897116.0, 988006.0).
point(14, 598527.0, 851992.0).
point(15, 231870.0, 710048.0).
point(16, 744526.0, 99853.0).
point(17, 856331.0, 242294.0).
cost(1, 2, 425505).
cost(1, 3, 410258).
cost(1, 4, 607498).
cost(1, 5, 915956).
cost(1, 6, 765573).
cost(1, 7, 359529).
cost(1, 8, 438745).
cost(1, 9, 458878).
cost(1, 10, 180410).
cost(1, 11, 114072).
cost(1, 12, 659898).
cost(1, 13, 1024603).
cost(1, 14, 735973).
cost(1, 15, 485698).
cost(1, 16, 545384).
cost(1, 17, 642950).
cost(2, 1, 425505).
cost(2, 3, 458909).
cost(2, 4, 446438).
cost(2, 5, 495326).
cost(2, 6, 428107).
cost(2, 7, 418684).
cost(2, 8, 448405).
cost(2, 9, 235605).
cost(2, 10, 584170).
cost(2, 11, 403166).
cost(2, 12, 588761).
cost(2, 13, 608626).
cost(2, 14, 364394).
cost(2, 15, 381873).
cost(2, 16, 439558).
cost(2, 17, 398773).
cost(3, 1, 410258).
cost(3, 2, 458909).
cost(3, 4, 258742).
cost(3, 5, 887056).
cost(3, 6, 524334).
cost(3, 7, 54011).
cost(3, 8, 766608).
cost(3, 9, 272359).
cost(3, 10, 417502).
cost(3, 11, 500475).
cost(3, 12, 967506).
cost(3, 13, 1006626).
cost(3, 14, 818554).
cost(3, 15, 759166).
cost(3, 16, 180360).
cost(3, 17, 348826).
cost(4, 1, 607498).
cost(4, 2, 446438).
cost(4, 3, 258742).
cost(4, 5, 740382).
cost(4, 6, 293895).
cost(4, 7, 282086).
cost(4, 8, 861242).
cost(4, 9, 213323).
cost(4, 10, 660158).
cost(4, 11, 669191).
cost(4, 12, 1029342).
cost(4, 13, 856365).
cost(4, 14, 748227).
cost(4, 15, 818217).
cost(4, 16, 78640).
cost(4, 17, 114553).
cost(5, 1, 915956).
cost(5, 2, 495326).
cost(5, 3, 887056).
cost(5, 4, 740382).
cost(5, 6, 494899).
cost(5, 7, 863079).
cost(5, 8, 763830).
cost(5, 9, 614753).
cost(5, 10, 1079341).
cost(5, 11, 873290).
cost(5, 12, 761274).
cost(5, 13, 119571).
cost(5, 14, 261445).
cost(5, 15, 648365).
cost(5, 16, 783234).
cost(5, 17, 632390).
cost(6, 1, 765573).
cost(6, 2, 428107).
cost(6, 3, 524334).
cost(6, 4, 293895).
cost(6, 5, 494899).
cost(6, 7, 527721).
cost(6, 8, 874535).
cost(6, 9, 309854).
cost(6, 10, 869708).
cost(6, 11, 788400).
cost(6, 12, 989705).
cost(6, 13, 601000).
cost(6, 14, 586916).
cost(6, 15, 796152).
cost(6, 16, 362362).
cost(6, 17, 181397).
cost(7, 1, 359529).
cost(7, 2, 418684).
cost(7, 3, 54011).
cost(7, 4, 282086).
cost(7, 5, 863079).
cost(7, 6, 527721).
cost(7, 8, 713112).
cost(7, 9, 252510).
cost(7, 10, 380432).
cost(7, 11, 447366).
cost(7, 12, 915155).
cost(7, 13, 982493).
cost(7, 14, 781327).
cost(7, 15, 707546).
cost(7, 16, 206757).
cost(7, 17, 359244).
cost(8, 1, 438745).
cost(8, 2, 448405).
cost(8, 3, 766608).
cost(8, 4, 861242).
cost(8, 5, 763830).
cost(8, 6, 874535).
cost(8, 7, 713112).
cost(8, 9, 651748).
cost(8, 10, 603207).
cost(8, 11, 326387).
cost(8, 12, 221445).
cost(8, 13, 838651).
cost(8, 14, 510639).
cost(8, 15, 118083).
cost(8, 16, 829965).
cost(8, 17, 837552).
cost(9, 1, 458878).
cost(9, 2, 235605).
cost(9, 3, 272359).
cost(9, 4, 213323).
cost(9, 5, 614753).
cost(9, 6, 309854).
cost(9, 7, 252510).
cost(9, 8, 651748).
cost(9, 10, 561045).
cost(9, 11, 494702).
cost(9, 12, 816037).
cost(9, 13, 734321).
cost(9, 14, 565825).
cost(9, 15, 605058).
cost(9, 16, 205445).
cost(9, 17, 194608).
cost(10, 1, 180410).
cost(10, 2, 584170).
cost(10, 3, 417502).
cost(10, 4, 660158).
cost(10, 5, 1079341).
cost(10, 6, 869708).
cost(10, 7, 380432).
cost(10, 8, 603207).
cost(10, 9, 561045).
cost(10, 11, 279825).
cost(10, 12, 824117).
cost(10, 13, 1191195).
cost(10, 14, 911992).
cost(10, 15, 661457).
cost(10, 16, 586789).
cost(10, 17, 722062).
cost(11, 1, 114072).
cost(11, 2, 403166).
cost(11, 3, 500475).
cost(11, 4, 669191).
cost(11, 5, 873290).
cost(11, 6, 788400).
cost(11, 7, 447366).
cost(11, 8, 326387).
cost(11, 9, 494702).
cost(11, 10, 279825).
cost(11, 12, 547825).
cost(11, 13, 975765).
cost(11, 14, 670796).
cost(11, 15, 382369).
cost(11, 16, 615180).
cost(11, 17, 687391).
cost(12, 1, 659898).
cost(12, 2, 588761).
cost(12, 3, 967506).
cost(12, 4, 1029342).
cost(12, 5, 761274).
cost(12, 6, 989705).
cost(12, 7, 915155).
cost(12, 8, 221445).
cost(12, 9, 816037).
cost(12, 10, 824117).
cost(12, 11, 547825).
cost(12, 13, 807446).
cost(12, 14, 501313).
cost(12, 15, 212103).
cost(12, 16, 1009052).
cost(12, 17, 987408).
cost(13, 1, 1024603).
cost(13, 2, 608626).
cost(13, 3, 1006626).
cost(13, 4, 856365).
cost(13, 5, 119571).
cost(13, 6, 601000).
cost(13, 7, 982493).
cost(13, 8, 838651).
cost(13, 9, 734321).
cost(13, 10, 1191195).
cost(13, 11, 975765).
cost(13, 12, 807446).
cost(13, 14, 328109).
cost(13, 15, 720981).
cost(13, 16, 901166).
cost(13, 17, 746826).
cost(14, 1, 735973).
cost(14, 2, 364394).
cost(14, 3, 818554).
cost(14, 4, 748227).
cost(14, 5, 261445).
cost(14, 6, 586916).
cost(14, 7, 781327).
cost(14, 8, 510639).
cost(14, 9, 565825).
cost(14, 10, 911992).
cost(14, 11, 670796).
cost(14, 12, 501313).
cost(14, 13, 328109).
cost(14, 15, 393174).
cost(14, 16, 766178).
cost(14, 17, 661963).
cost(15, 1, 485698).
cost(15, 2, 381873).
cost(15, 3, 759166).
cost(15, 4, 818217).
cost(15, 5, 648365).
cost(15, 6, 796152).
cost(15, 7, 707546).
cost(15, 8, 118083).
cost(15, 9, 605058).
cost(15, 10, 661457).
cost(15, 11, 382369).
cost(15, 12, 212103).
cost(15, 13, 720981).
cost(15, 14, 393174).
cost(15, 16, 796966).
cost(15, 17, 780221).
cost(16, 1, 545384).
cost(16, 2, 439558).
cost(16, 3, 180360).
cost(16, 4, 78640).
cost(16, 5, 783234).
cost(16, 6, 362362).
cost(16, 7, 206757).
cost(16, 8, 829965).
cost(16, 9, 205445).
cost(16, 10, 586789).
cost(16, 11, 615180).
cost(16, 12, 1009052).
cost(16, 13, 901166).
cost(16, 14, 766178).
cost(16, 15, 796966).
cost(16, 17, 181080).
cost(17, 1, 642950).
cost(17, 2, 398773).
cost(17, 3, 348826).
cost(17, 4, 114553).
cost(17, 5, 632390).
cost(17, 6, 181397).
cost(17, 7, 359244).
cost(17, 8, 837552).
cost(17, 9, 194608).
cost(17, 10, 722062).
cost(17, 11, 687391).
cost(17, 12, 987408).
cost(17, 13, 746826).
cost(17, 14, 661963).
cost(17, 15, 780221).
cost(17, 16, 181080).
nocross(1,2).
nocross(1,8).
nocross(2,5).
nocross(3,2).
nocross(3,7).
nocross(3,16).
nocross(5,2).
nocross(5,13).
nocross(5,14).
nocross(6,2).
nocross(7,2).
nocross(7,16).
nocross(9,7).
nocross(9,16).
nocross(10,11).
nocross(11,2).
nocross(11,8).
nocross(12,8).
nocross(12,13).
nocross(12,15).
nocross(13,2).
nocross(13,5).
nocross(13,14).
nocross(14,2).
nocross(15,2).
nocross(15,14).
nocross(16,3).
nocross(16,7).
nocross(16,17).
nocross(17,2).
nocross(17,7).
