dimension(15).
point(1, 164877.0, -233190.0).
point(2, -70045.0, 418026.0).
point(3, 201939.0, -77715.0).
point(4, -310049.0, -326979.0).
point(5, -436955.0, 111317.0).
point(6, -22415.0, -218624.0).
point(7, -500095.0, -274911.0).
point(8, 239800.0, 240647.0).
point(9, -12987.0, -290926.0).
point(10, 1001.0, -46951.0).
point(11, 165800.0, -30536.0).
point(12, 29324.0, -403293.0).
point(13, -625861.0, 207701.0).
point(14, -381624.0, 258009.0).
point(15, 485097.0, 357145.0).
cost(1, 2, 692294).
cost(1, 3, 159831).
cost(1, 4, 484098).
cost(1, 5, 693460).
cost(1, 6, 187858).
cost(1, 7, 666280).
cost(1, 8, 479724).
cost(1, 9, 187000).
cost(1, 10, 248073).
cost(1, 11, 202656).
cost(1, 12, 217508).
cost(1, 13, 905346).
cost(1, 14, 734806).
cost(1, 15, 671592).
cost(2, 1, 692294).
cost(2, 3, 565451).
cost(2, 4, 782710).
cost(2, 5, 478219).
cost(2, 6, 638429).
cost(2, 7, 815540).
cost(2, 8, 357026).
cost(2, 9, 711244).
cost(2, 10, 470373).
cost(2, 11, 506785).
cost(2, 12, 827308).
cost(2, 13, 594279).
cost(2, 14, 350267).
cost(2, 15, 558470).
cost(3, 1, 159831).
cost(3, 2, 565451).
cost(3, 4, 569442).
cost(3, 5, 666272).
cost(3, 6, 264934).
cost(3, 7, 729204).
cost(3, 8, 320605).
cost(3, 9, 302741).
cost(3, 10, 203279).
cost(3, 11, 59430).
cost(3, 12, 368506).
cost(3, 13, 875623).
cost(3, 14, 673243).
cost(3, 15, 518924).
cost(4, 1, 484098).
cost(4, 2, 782710).
cost(4, 3, 569442).
cost(4, 5, 456299).
cost(4, 6, 307366).
cost(4, 7, 197050).
cost(4, 8, 790274).
cost(4, 9, 299242).
cost(4, 10, 418531).
cost(4, 11, 560634).
cost(4, 12, 347847).
cost(4, 13, 620983).
cost(4, 14, 589350).
cost(4, 15, 1048944).
cost(5, 1, 693460).
cost(5, 2, 478219).
cost(5, 3, 666272).
cost(5, 4, 456299).
cost(5, 6, 529816).
cost(5, 7, 391355).
cost(5, 8, 689002).
cost(5, 9, 584421).
cost(5, 10, 465676).
cost(5, 11, 619222).
cost(5, 12, 694435).
cost(5, 13, 212074).
cost(5, 14, 156780).
cost(5, 15, 954260).
cost(6, 1, 187858).
cost(6, 2, 638429).
cost(6, 3, 264934).
cost(6, 4, 307366).
cost(6, 5, 529816).
cost(6, 7, 480985).
cost(6, 8, 528854).
cost(6, 9, 72914).
cost(6, 10, 173263).
cost(6, 11, 266086).
cost(6, 12, 191780).
cost(6, 13, 738851).
cost(6, 14, 596833).
cost(6, 15, 767514).
cost(7, 1, 666280).
cost(7, 2, 815540).
cost(7, 3, 729204).
cost(7, 4, 197050).
cost(7, 5, 391355).
cost(7, 6, 480985).
cost(7, 8, 901801).
cost(7, 9, 487371).
cost(7, 10, 550512).
cost(7, 11, 709320).
cost(7, 12, 544763).
cost(7, 13, 498730).
cost(7, 14, 545930).
cost(7, 15, 1170512).
cost(8, 1, 479724).
cost(8, 2, 357026).
cost(8, 3, 320605).
cost(8, 4, 790274).
cost(8, 5, 689002).
cost(8, 6, 528854).
cost(8, 7, 901801).
cost(8, 9, 588618).
cost(8, 10, 373815).
cost(8, 11, 281098).
cost(8, 12, 677465).
cost(8, 13, 866288).
cost(8, 14, 621666).
cost(8, 15, 271556).
cost(9, 1, 187000).
cost(9, 2, 711244).
cost(9, 3, 302741).
cost(9, 4, 299242).
cost(9, 5, 584421).
cost(9, 6, 72914).
cost(9, 7, 487371).
cost(9, 8, 588618).
cost(9, 10, 244376).
cost(9, 11, 315860).
cost(9, 12, 120069).
cost(9, 13, 790091).
cost(9, 14, 661228).
cost(9, 15, 817364).
cost(10, 1, 248073).
cost(10, 2, 470373).
cost(10, 3, 203279).
cost(10, 4, 418531).
cost(10, 5, 465676).
cost(10, 6, 173263).
cost(10, 7, 550512).
cost(10, 8, 373815).
cost(10, 9, 244376).
cost(10, 11, 165615).
cost(10, 12, 357466).
cost(10, 13, 676612).
cost(10, 14, 489288).
cost(10, 15, 630589).
cost(11, 1, 202656).
cost(11, 2, 506785).
cost(11, 3, 59430).
cost(11, 4, 560634).
cost(11, 5, 619222).
cost(11, 6, 266086).
cost(11, 7, 709320).
cost(11, 8, 281098).
cost(11, 9, 315860).
cost(11, 10, 165615).
cost(11, 12, 396955).
cost(11, 13, 826731).
cost(11, 14, 618814).
cost(11, 15, 502242).
cost(12, 1, 217508).
cost(12, 2, 827308).
cost(12, 3, 368506).
cost(12, 4, 347847).
cost(12, 5, 694435).
cost(12, 6, 191780).
cost(12, 7, 544763).
cost(12, 8, 677465).
cost(12, 9, 120069).
cost(12, 10, 357466).
cost(12, 11, 396955).
cost(12, 13, 895869).
cost(12, 14, 778588).
cost(12, 15, 886564).
cost(13, 1, 905346).
cost(13, 2, 594279).
cost(13, 3, 875623).
cost(13, 4, 620983).
cost(13, 5, 212074).
cost(13, 6, 738851).
cost(13, 7, 498730).
cost(13, 8, 866288).
cost(13, 9, 790091).
cost(13, 10, 676612).
cost(13, 11, 826731).
cost(13, 12, 895869).
cost(13, 14, 249364).
cost(13, 15, 1120964).
cost(14, 1, 734806).
cost(14, 2, 350267).
cost(14, 3, 673243).
cost(14, 4, 589350).
cost(14, 5, 156780).
cost(14, 6, 596833).
cost(14, 7, 545930).
cost(14, 8, 621666).
cost(14, 9, 661228).
cost(14, 10, 489288).
cost(14, 11, 618814).
cost(14, 12, 778588).
cost(14, 13, 249364).
cost(14, 15, 872372).
cost(15, 1, 671592).
cost(15, 2, 558470).
cost(15, 3, 518924).
cost(15, 4, 1048944).
cost(15, 5, 954260).
cost(15, 6, 767514).
cost(15, 7, 1170512).
cost(15, 8, 271556).
cost(15, 9, 817364).
cost(15, 10, 630589).
cost(15, 11, 502242).
cost(15, 12, 886564).
cost(15, 13, 1120964).
cost(15, 14, 872372).
