dimension(15).
point(1, -671170.0, -282222.0).
point(2, -380591.0, 464980.0).
point(3, 95366.0, -156624.0).
point(4, 161423.0, -117859.0).
point(5, 422443.0, -161947.0).
point(6, 183471.0, -184937.0).
point(7, 274775.0, -70080.0).
point(8, 374956.0, -66376.0).
point(9, -57744.0, -289557.0).
point(10, -209117.0, -62786.0).
point(11, -170799.0, -77081.0).
point(12, 16943.0, 75574.0).
point(13, -316401.0, -85276.0).
point(14, 230273.0, 564028.0).
point(15, 130331.0, 286145.0).
cost(1, 2, 801715).
cost(1, 3, 776758).
cost(1, 4, 848661).
cost(1, 5, 1100207).
cost(1, 6, 860160).
cost(1, 7, 969441).
cost(1, 8, 1068162).
cost(1, 9, 613470).
cost(1, 10, 511513).
cost(1, 11, 540790).
cost(1, 12, 775576).
cost(1, 13, 405769).
cost(1, 14, 1236422).
cost(1, 15, 982571).
cost(2, 1, 801715).
cost(2, 3, 782896).
cost(2, 4, 795915).
cost(2, 5, 1018774).
cost(2, 6, 860557).
cost(2, 7, 846046).
cost(2, 8, 923683).
cost(2, 9, 820705).
cost(2, 10, 554924).
cost(2, 11, 581242).
cost(2, 12, 556480).
cost(2, 13, 553987).
cost(2, 14, 618842).
cost(2, 15, 541316).
cost(3, 1, 776758).
cost(3, 2, 782896).
cost(3, 4, 76591).
cost(3, 5, 327120).
cost(3, 6, 92543).
cost(3, 7, 199192).
cost(3, 8, 293795).
cost(3, 9, 202766).
cost(3, 10, 318615).
cost(3, 11, 277797).
cost(3, 12, 245084).
cost(3, 13, 417903).
cost(3, 14, 733171).
cost(3, 15, 444147).
cost(4, 1, 848661).
cost(4, 2, 795915).
cost(4, 3, 76591).
cost(4, 5, 264717).
cost(4, 6, 70609).
cost(4, 7, 123010).
cost(4, 8, 219652).
cost(4, 9, 278414).
cost(4, 10, 374610).
cost(4, 11, 334715).
cost(4, 12, 241435).
cost(4, 13, 478934).
cost(4, 14, 685354).
cost(4, 15, 405199).
cost(5, 1, 1100207).
cost(5, 2, 1018774).
cost(5, 3, 327120).
cost(5, 4, 264717).
cost(5, 6, 240075).
cost(5, 7, 173912).
cost(5, 8, 106718).
cost(5, 9, 496854).
cost(5, 10, 639297).
cost(5, 11, 599281).
cost(5, 12, 469943).
cost(5, 13, 742811).
cost(5, 14, 750979).
cost(5, 15, 534898).
cost(6, 1, 860160).
cost(6, 2, 860557).
cost(6, 3, 92543).
cost(6, 4, 70609).
cost(6, 5, 240075).
cost(6, 7, 146726).
cost(6, 8, 225218).
cost(6, 9, 262926).
cost(6, 10, 411152).
cost(6, 11, 370324).
cost(6, 12, 309189).
cost(6, 13, 509710).
cost(6, 14, 750426).
cost(6, 15, 474070).
cost(7, 1, 969441).
cost(7, 2, 846046).
cost(7, 3, 199192).
cost(7, 4, 123010).
cost(7, 5, 173912).
cost(7, 6, 146726).
cost(7, 8, 100249).
cost(7, 9, 398421).
cost(7, 10, 483947).
cost(7, 11, 445629).
cost(7, 12, 296129).
cost(7, 13, 591371).
cost(7, 14, 635668).
cost(7, 15, 384396).
cost(8, 1, 1068162).
cost(8, 2, 923683).
cost(8, 3, 293795).
cost(8, 4, 219652).
cost(8, 5, 106718).
cost(8, 6, 225218).
cost(8, 7, 100249).
cost(8, 9, 486867).
cost(8, 10, 584084).
cost(8, 11, 545860).
cost(8, 12, 385127).
cost(8, 13, 691615).
cost(8, 14, 646794).
cost(8, 15, 429083).
cost(9, 1, 613470).
cost(9, 2, 820705).
cost(9, 3, 202766).
cost(9, 4, 278414).
cost(9, 5, 496854).
cost(9, 6, 262926).
cost(9, 7, 398421).
cost(9, 8, 486867).
cost(9, 10, 272652).
cost(9, 11, 240681).
cost(9, 12, 372691).
cost(9, 13, 329597).
cost(9, 14, 900867).
cost(9, 15, 605644).
cost(10, 1, 511513).
cost(10, 2, 554924).
cost(10, 3, 318615).
cost(10, 4, 374610).
cost(10, 5, 639297).
cost(10, 6, 411152).
cost(10, 7, 483947).
cost(10, 8, 584084).
cost(10, 9, 272652).
cost(10, 11, 40898).
cost(10, 12, 265041).
cost(10, 13, 109616).
cost(10, 14, 765480).
cost(10, 15, 486804).
cost(11, 1, 540790).
cost(11, 2, 581242).
cost(11, 3, 277797).
cost(11, 4, 334715).
cost(11, 5, 599281).
cost(11, 6, 370324).
cost(11, 7, 445629).
cost(11, 8, 545860).
cost(11, 9, 240681).
cost(11, 10, 40898).
cost(11, 12, 241972).
cost(11, 13, 145832).
cost(11, 14, 756227).
cost(11, 15, 471818).
cost(12, 1, 775576).
cost(12, 2, 556480).
cost(12, 3, 245084).
cost(12, 4, 241435).
cost(12, 5, 469943).
cost(12, 6, 309189).
cost(12, 7, 296129).
cost(12, 8, 385127).
cost(12, 9, 372691).
cost(12, 10, 265041).
cost(12, 11, 241972).
cost(12, 13, 370123).
cost(12, 14, 533008).
cost(12, 15, 239159).
cost(13, 1, 405769).
cost(13, 2, 553987).
cost(13, 3, 417903).
cost(13, 4, 478934).
cost(13, 5, 742811).
cost(13, 6, 509710).
cost(13, 7, 591371).
cost(13, 8, 691615).
cost(13, 9, 329597).
cost(13, 10, 109616).
cost(13, 11, 145832).
cost(13, 12, 370123).
cost(13, 14, 848792).
cost(13, 15, 580967).
cost(14, 1, 1236422).
cost(14, 2, 618842).
cost(14, 3, 733171).
cost(14, 4, 685354).
cost(14, 5, 750979).
cost(14, 6, 750426).
cost(14, 7, 635668).
cost(14, 8, 646794).
cost(14, 9, 900867).
cost(14, 10, 765480).
cost(14, 11, 756227).
cost(14, 12, 533008).
cost(14, 13, 848792).
cost(14, 15, 295309).
cost(15, 1, 982571).
cost(15, 2, 541316).
cost(15, 3, 444147).
cost(15, 4, 405199).
cost(15, 5, 534898).
cost(15, 6, 474070).
cost(15, 7, 384396).
cost(15, 8, 429083).
cost(15, 9, 605644).
cost(15, 10, 486804).
cost(15, 11, 471818).
cost(15, 12, 239159).
cost(15, 13, 580967).
cost(15, 14, 295309).
