dimension(15).
point(1, 63702.0, -389287.0).
point(2, -121098.0, 19927.0).
point(3, 211515.0, -586281.0).
point(4, 91826.0, -220855.0).
point(5, -208057.0, -128116.0).
point(6, -132391.0, -256200.0).
point(7, 6703.0, 33201.0).
point(8, 197307.0, -251866.0).
point(9, 181022.0, -329998.0).
point(10, 118483.0, 230041.0).
point(11, 399792.0, 428153.0).
point(12, 6737.0, 18042.0).
point(13, -391852.0, -247009.0).
point(14, -232652.0, -66097.0).
point(15, 210262.0, -118433.0).
cost(1, 2, 449007).
cost(1, 3, 246283).
cost(1, 4, 170764).
cost(1, 5, 376913).
cost(1, 6, 236991).
cost(1, 7, 426316).
cost(1, 8, 191663).
cost(1, 9, 131450).
cost(1, 10, 621746).
cost(1, 11, 883835).
cost(1, 12, 411293).
cost(1, 13, 477255).
cost(1, 14, 438495).
cost(1, 15, 307964).
cost(2, 1, 449007).
cost(2, 3, 691462).
cost(2, 4, 321423).
cost(2, 5, 171693).
cost(2, 6, 276358).
cost(2, 7, 128489).
cost(2, 8, 418633).
cost(2, 9, 462303).
cost(2, 10, 318664).
cost(2, 11, 661797).
cost(2, 12, 127849).
cost(2, 13, 380214).
cost(2, 14, 140870).
cost(2, 15, 359086).
cost(3, 1, 246283).
cost(3, 2, 691462).
cost(3, 4, 384528).
cost(3, 5, 621253).
cost(3, 6, 476681).
cost(3, 7, 652461).
cost(3, 8, 334717).
cost(3, 9, 258091).
cost(3, 10, 821606).
cost(3, 11, 1031758).
cost(3, 12, 638075).
cost(3, 13, 692212).
cost(3, 14, 684014).
cost(3, 15, 467850).
cost(4, 1, 170764).
cost(4, 2, 321423).
cost(4, 3, 384528).
cost(4, 5, 313895).
cost(4, 6, 226986).
cost(4, 7, 267937).
cost(4, 8, 109945).
cost(4, 9, 140954).
cost(4, 10, 451683).
cost(4, 11, 718369).
cost(4, 12, 253598).
cost(4, 13, 484385).
cost(4, 14, 359494).
cost(4, 15, 156580).
cost(5, 1, 376913).
cost(5, 2, 171693).
cost(5, 3, 621253).
cost(5, 4, 313895).
cost(5, 6, 148764).
cost(5, 7, 268598).
cost(5, 8, 423833).
cost(5, 9, 438336).
cost(5, 10, 484670).
cost(5, 11, 823963).
cost(5, 12, 259805).
cost(5, 13, 218898).
cost(5, 14, 66718).
cost(5, 15, 418431).
cost(6, 1, 236991).
cost(6, 2, 276358).
cost(6, 3, 476681).
cost(6, 4, 226986).
cost(6, 5, 148764).
cost(6, 7, 321092).
cost(6, 8, 329726).
cost(6, 9, 321984).
cost(6, 10, 547145).
cost(6, 11, 866924).
cost(6, 12, 307515).
cost(6, 13, 259624).
cost(6, 14, 214922).
cost(6, 15, 369311).
cost(7, 1, 426316).
cost(7, 2, 128489).
cost(7, 3, 652461).
cost(7, 4, 267937).
cost(7, 5, 268598).
cost(7, 6, 321092).
cost(7, 8, 342918).
cost(7, 9, 402866).
cost(7, 10, 226364).
cost(7, 11, 557231).
cost(7, 12, 15159).
cost(7, 13, 487200).
cost(7, 14, 259135).
cost(7, 15, 253829).
cost(8, 1, 191663).
cost(8, 2, 418633).
cost(8, 3, 334717).
cost(8, 4, 109945).
cost(8, 5, 423833).
cost(8, 6, 329726).
cost(8, 7, 342918).
cost(8, 9, 79811).
cost(8, 10, 488311).
cost(8, 11, 709525).
cost(8, 12, 330405).
cost(8, 13, 589179).
cost(8, 14, 468375).
cost(8, 15, 134060).
cost(9, 1, 131450).
cost(9, 2, 462303).
cost(9, 3, 258091).
cost(9, 4, 140954).
cost(9, 5, 438336).
cost(9, 6, 321984).
cost(9, 7, 402866).
cost(9, 8, 79811).
cost(9, 10, 563520).
cost(9, 11, 789084).
cost(9, 12, 389239).
cost(9, 13, 578854).
cost(9, 14, 490683).
cost(9, 15, 213576).
cost(10, 1, 621746).
cost(10, 2, 318664).
cost(10, 3, 821606).
cost(10, 4, 451683).
cost(10, 5, 484670).
cost(10, 6, 547145).
cost(10, 7, 226364).
cost(10, 8, 488311).
cost(10, 9, 563520).
cost(10, 11, 344068).
cost(10, 12, 239647).
cost(10, 13, 698583).
cost(10, 14, 459340).
cost(10, 15, 360357).
cost(11, 1, 883835).
cost(11, 2, 661797).
cost(11, 3, 1031758).
cost(11, 4, 718369).
cost(11, 5, 823963).
cost(11, 6, 866924).
cost(11, 7, 557231).
cost(11, 8, 709525).
cost(11, 9, 789084).
cost(11, 10, 344068).
cost(11, 12, 568052).
cost(11, 13, 1040454).
cost(11, 14, 802663).
cost(11, 15, 578514).
cost(12, 1, 411293).
cost(12, 2, 127849).
cost(12, 3, 638075).
cost(12, 4, 253598).
cost(12, 5, 259805).
cost(12, 6, 307515).
cost(12, 7, 15159).
cost(12, 8, 330405).
cost(12, 9, 389239).
cost(12, 10, 239647).
cost(12, 11, 568052).
cost(12, 13, 478670).
cost(12, 14, 253745).
cost(12, 15, 245047).
cost(13, 1, 477255).
cost(13, 2, 380214).
cost(13, 3, 692212).
cost(13, 4, 484385).
cost(13, 5, 218898).
cost(13, 6, 259624).
cost(13, 7, 487200).
cost(13, 8, 589179).
cost(13, 9, 578854).
cost(13, 10, 698583).
cost(13, 11, 1040454).
cost(13, 12, 478670).
cost(13, 14, 240985).
cost(13, 15, 615689).
cost(14, 1, 438495).
cost(14, 2, 140870).
cost(14, 3, 684014).
cost(14, 4, 359494).
cost(14, 5, 66718).
cost(14, 6, 214922).
cost(14, 7, 259135).
cost(14, 8, 468375).
cost(14, 9, 490683).
cost(14, 10, 459340).
cost(14, 11, 802663).
cost(14, 12, 253745).
cost(14, 13, 240985).
cost(14, 15, 445995).
cost(15, 1, 307964).
cost(15, 2, 359086).
cost(15, 3, 467850).
cost(15, 4, 156580).
cost(15, 5, 418431).
cost(15, 6, 369311).
cost(15, 7, 253829).
cost(15, 8, 134060).
cost(15, 9, 213576).
cost(15, 10, 360357).
cost(15, 11, 578514).
cost(15, 12, 245047).
cost(15, 13, 615689).
cost(15, 14, 445995).
