dimension(15).
point(1, 332926.0, 153329.0).
point(2, -114751.0, -274392.0).
point(3, -170550.0, 388497.0).
point(4, -136960.0, 423345.0).
point(5, -269336.0, 24693.0).
point(6, 133078.0, -318242.0).
point(7, -33542.0, -348532.0).
point(8, 235903.0, 269279.0).
point(9, -220112.0, -351179.0).
point(10, 92990.0, -237312.0).
point(11, -221636.0, -37334.0).
point(12, 207588.0, 383148.0).
point(13, 85693.0, -31702.0).
point(14, -364937.0, -404730.0).
point(15, -69690.0, 151364.0).
cost(1, 2, 619161).
cost(1, 3, 555691).
cost(1, 4, 541942).
cost(1, 5, 615846).
cost(1, 6, 512170).
cost(1, 7, 621420).
cost(1, 8, 151188).
cost(1, 9, 748585).
cost(1, 10, 458443).
cost(1, 11, 586423).
cost(1, 12, 261775).
cost(1, 13, 308805).
cost(1, 14, 893556).
cost(1, 15, 402621).
cost(2, 1, 619161).
cost(2, 3, 665233).
cost(2, 4, 698090).
cost(2, 5, 336672).
cost(2, 6, 251678).
cost(2, 7, 109962).
cost(2, 8, 646944).
cost(2, 9, 130373).
cost(2, 10, 211024).
cost(2, 11, 260040).
cost(2, 12, 732299).
cost(2, 13, 314764).
cost(2, 14, 282101).
cost(2, 15, 428134).
cost(3, 1, 555691).
cost(3, 2, 665233).
cost(3, 4, 48401).
cost(3, 5, 376977).
cost(3, 6, 769201).
cost(3, 7, 749655).
cost(3, 8, 423576).
cost(3, 9, 741335).
cost(3, 10, 679036).
cost(3, 11, 428884).
cost(3, 12, 378176).
cost(3, 13, 492166).
cost(3, 14, 816698).
cost(3, 15, 257691).
cost(4, 1, 541942).
cost(4, 2, 698090).
cost(4, 3, 48401).
cost(4, 5, 420056).
cost(4, 6, 789222).
cost(4, 7, 778774).
cost(4, 8, 403439).
cost(4, 9, 778975).
cost(4, 10, 699532).
cost(4, 11, 468396).
cost(4, 12, 346885).
cost(4, 13, 506599).
cost(4, 14, 858884).
cost(4, 15, 280177).
cost(5, 1, 615846).
cost(5, 2, 336672).
cost(5, 3, 376977).
cost(5, 4, 420056).
cost(5, 6, 528717).
cost(5, 7, 441470).
cost(5, 8, 561328).
cost(5, 9, 379081).
cost(5, 10, 447132).
cost(5, 11, 78247).
cost(5, 12, 596613).
cost(5, 13, 359480).
cost(5, 14, 439936).
cost(5, 15, 236440).
cost(6, 1, 512170).
cost(6, 2, 251678).
cost(6, 3, 769201).
cost(6, 4, 789222).
cost(6, 5, 528717).
cost(6, 7, 169351).
cost(6, 8, 596451).
cost(6, 9, 354722).
cost(6, 10, 90315).
cost(6, 11, 452472).
cost(6, 12, 705337).
cost(6, 13, 290432).
cost(6, 14, 505469).
cost(6, 15, 511512).
cost(7, 1, 621420).
cost(7, 2, 109962).
cost(7, 3, 749655).
cost(7, 4, 778774).
cost(7, 5, 441470).
cost(7, 6, 169351).
cost(7, 8, 674011).
cost(7, 9, 186589).
cost(7, 10, 168464).
cost(7, 11, 363626).
cost(7, 12, 770389).
cost(7, 13, 338524).
cost(7, 14, 336126).
cost(7, 15, 501201).
cost(8, 1, 151188).
cost(8, 2, 646944).
cost(8, 3, 423576).
cost(8, 4, 403439).
cost(8, 5, 561328).
cost(8, 6, 596451).
cost(8, 7, 674011).
cost(8, 9, 770012).
cost(8, 10, 526364).
cost(8, 11, 550775).
cost(8, 12, 117337).
cost(8, 13, 336382).
cost(8, 14, 902938).
cost(8, 15, 327553).
cost(9, 1, 748585).
cost(9, 2, 130373).
cost(9, 3, 741335).
cost(9, 4, 778975).
cost(9, 5, 379081).
cost(9, 6, 354722).
cost(9, 7, 186589).
cost(9, 8, 770012).
cost(9, 10, 333164).
cost(9, 11, 313849).
cost(9, 12, 849802).
cost(9, 13, 442247).
cost(9, 14, 154409).
cost(9, 15, 524572).
cost(10, 1, 458443).
cost(10, 2, 211024).
cost(10, 3, 679036).
cost(10, 4, 699532).
cost(10, 5, 447132).
cost(10, 6, 90315).
cost(10, 7, 168464).
cost(10, 8, 526364).
cost(10, 9, 333164).
cost(10, 11, 372801).
cost(10, 12, 630954).
cost(10, 13, 205739).
cost(10, 14, 487571).
cost(10, 15, 421348).
cost(11, 1, 586423).
cost(11, 2, 260040).
cost(11, 3, 428884).
cost(11, 4, 468396).
cost(11, 5, 78247).
cost(11, 6, 452472).
cost(11, 7, 363626).
cost(11, 8, 550775).
cost(11, 9, 313849).
cost(11, 10, 372801).
cost(11, 12, 600865).
cost(11, 13, 307381).
cost(11, 14, 394354).
cost(11, 15, 242270).
cost(12, 1, 261775).
cost(12, 2, 732299).
cost(12, 3, 378176).
cost(12, 4, 346885).
cost(12, 5, 596613).
cost(12, 6, 705337).
cost(12, 7, 770389).
cost(12, 8, 117337).
cost(12, 9, 849802).
cost(12, 10, 630954).
cost(12, 11, 600865).
cost(12, 13, 432387).
cost(12, 14, 973928).
cost(12, 15, 361396).
cost(13, 1, 308805).
cost(13, 2, 314764).
cost(13, 3, 492166).
cost(13, 4, 506599).
cost(13, 5, 359480).
cost(13, 6, 290432).
cost(13, 7, 338524).
cost(13, 8, 336382).
cost(13, 9, 442247).
cost(13, 10, 205739).
cost(13, 11, 307381).
cost(13, 12, 432387).
cost(13, 14, 584993).
cost(13, 15, 240119).
cost(14, 1, 893556).
cost(14, 2, 282101).
cost(14, 3, 816698).
cost(14, 4, 858884).
cost(14, 5, 439936).
cost(14, 6, 505469).
cost(14, 7, 336126).
cost(14, 8, 902938).
cost(14, 9, 154409).
cost(14, 10, 487571).
cost(14, 11, 394354).
cost(14, 12, 973928).
cost(14, 13, 584993).
cost(14, 15, 629612).
cost(15, 1, 402621).
cost(15, 2, 428134).
cost(15, 3, 257691).
cost(15, 4, 280177).
cost(15, 5, 236440).
cost(15, 6, 511512).
cost(15, 7, 501201).
cost(15, 8, 327553).
cost(15, 9, 524572).
cost(15, 10, 421348).
cost(15, 11, 242270).
cost(15, 12, 361396).
cost(15, 13, 240119).
cost(15, 14, 629612).
