dimension(15).
point(1, -244907.0, 14881.0).
point(2, 167527.0, 166636.0).
point(3, 9896.0, -407526.0).
point(4, -58624.0, -83099.0).
point(5, -453558.0, 152373.0).
point(6, -19267.0, 39093.0).
point(7, -54911.0, -43046.0).
point(8, 194997.0, -224608.0).
point(9, 171483.0, -301890.0).
point(10, 136808.0, 99769.0).
point(11, 65328.0, 34249.0).
point(12, 123140.0, -181696.0).
point(13, -106378.0, 1809.0).
point(14, -90564.0, 188316.0).
point(15, -135838.0, 508039.0).
cost(1, 2, 439467).
cost(1, 3, 493307).
cost(1, 4, 210479).
cost(1, 5, 249879).
cost(1, 6, 226935).
cost(1, 7, 198630).
cost(1, 8, 500870).
cost(1, 9, 523187).
cost(1, 10, 391040).
cost(1, 11, 310839).
cost(1, 12, 417254).
cost(1, 13, 139144).
cost(1, 14, 232167).
cost(1, 15, 505075).
cost(2, 1, 439467).
cost(2, 3, 595407).
cost(2, 4, 336915).
cost(2, 5, 621249).
cost(2, 6, 226184).
cost(2, 7, 305688).
cost(2, 8, 392207).
cost(2, 9, 468543).
cost(2, 10, 73586).
cost(2, 11, 167245).
cost(2, 12, 351149).
cost(2, 13, 319675).
cost(2, 14, 259000).
cost(2, 15, 456713).
cost(3, 1, 493307).
cost(3, 2, 595407).
cost(3, 4, 331584).
cost(3, 5, 726826).
cost(3, 6, 447570).
cost(3, 7, 370197).
cost(3, 8, 260233).
cost(3, 9, 193053).
cost(3, 10, 522929).
cost(3, 11, 445239).
cost(3, 12, 252633).
cost(3, 13, 425529).
cost(3, 14, 604252).
cost(3, 15, 927091).
cost(4, 1, 210479).
cost(4, 2, 336915).
cost(4, 3, 331584).
cost(4, 5, 459804).
cost(4, 6, 128374).
cost(4, 7, 40225).
cost(4, 8, 290428).
cost(4, 9, 317520).
cost(4, 10, 267646).
cost(4, 11, 170689).
cost(4, 12, 206784).
cost(4, 13, 97416).
cost(4, 14, 273288).
cost(4, 15, 596159).
cost(5, 1, 249879).
cost(5, 2, 621249).
cost(5, 3, 726826).
cost(5, 4, 459804).
cost(5, 6, 448822).
cost(5, 7, 443968).
cost(5, 8, 750159).
cost(5, 9, 772678).
cost(5, 10, 592705).
cost(5, 11, 532162).
cost(5, 12, 666470).
cost(5, 13, 378422).
cost(5, 14, 364769).
cost(5, 15, 476911).
cost(6, 1, 226935).
cost(6, 2, 226184).
cost(6, 3, 447570).
cost(6, 4, 128374).
cost(6, 5, 448822).
cost(6, 7, 89539).
cost(6, 8, 339775).
cost(6, 9, 390711).
cost(6, 10, 167454).
cost(6, 11, 84734).
cost(6, 12, 262731).
cost(6, 13, 94755).
cost(6, 14, 165381).
cost(6, 15, 483217).
cost(7, 1, 198630).
cost(7, 2, 305688).
cost(7, 3, 370197).
cost(7, 4, 40225).
cost(7, 5, 443968).
cost(7, 6, 89539).
cost(7, 8, 308899).
cost(7, 9, 343881).
cost(7, 10, 239065).
cost(7, 11, 142940).
cost(7, 12, 225668).
cost(7, 13, 68270).
cost(7, 14, 234093).
cost(7, 15, 556995).
cost(8, 1, 500870).
cost(8, 2, 392207).
cost(8, 3, 260233).
cost(8, 4, 290428).
cost(8, 5, 750159).
cost(8, 6, 339775).
cost(8, 7, 308899).
cost(8, 9, 80780).
cost(8, 10, 329555).
cost(8, 11, 289519).
cost(8, 12, 83695).
cost(8, 13, 376950).
cost(8, 14, 502047).
cost(8, 15, 803880).
cost(9, 1, 523187).
cost(9, 2, 468543).
cost(9, 3, 193053).
cost(9, 4, 317520).
cost(9, 5, 772678).
cost(9, 6, 390711).
cost(9, 7, 343881).
cost(9, 8, 80780).
cost(9, 10, 403153).
cost(9, 11, 352503).
cost(9, 12, 129552).
cost(9, 13, 411631).
cost(9, 14, 555851).
cost(9, 15, 866274).
cost(10, 1, 391040).
cost(10, 2, 73586).
cost(10, 3, 522929).
cost(10, 4, 267646).
cost(10, 5, 592705).
cost(10, 6, 167454).
cost(10, 7, 239065).
cost(10, 8, 329555).
cost(10, 9, 403153).
cost(10, 11, 96965).
cost(10, 12, 281797).
cost(10, 13, 262175).
cost(10, 14, 244005).
cost(10, 15, 490938).
cost(11, 1, 310839).
cost(11, 2, 167245).
cost(11, 3, 445239).
cost(11, 4, 170689).
cost(11, 5, 532162).
cost(11, 6, 84734).
cost(11, 7, 142940).
cost(11, 8, 289519).
cost(11, 9, 352503).
cost(11, 10, 96965).
cost(11, 12, 223550).
cost(11, 13, 174744).
cost(11, 14, 219178).
cost(11, 15, 514728).
cost(12, 1, 417254).
cost(12, 2, 351149).
cost(12, 3, 252633).
cost(12, 4, 206784).
cost(12, 5, 666470).
cost(12, 6, 262731).
cost(12, 7, 225668).
cost(12, 8, 83695).
cost(12, 9, 129552).
cost(12, 10, 281797).
cost(12, 11, 223550).
cost(12, 13, 293858).
cost(12, 14, 427292).
cost(12, 15, 736752).
cost(13, 1, 139144).
cost(13, 2, 319675).
cost(13, 3, 425529).
cost(13, 4, 97416).
cost(13, 5, 378422).
cost(13, 6, 94755).
cost(13, 7, 68270).
cost(13, 8, 376950).
cost(13, 9, 411631).
cost(13, 10, 262175).
cost(13, 11, 174744).
cost(13, 12, 293858).
cost(13, 14, 187176).
cost(13, 15, 507086).
cost(14, 1, 232167).
cost(14, 2, 259000).
cost(14, 3, 604252).
cost(14, 4, 273288).
cost(14, 5, 364769).
cost(14, 6, 165381).
cost(14, 7, 234093).
cost(14, 8, 502047).
cost(14, 9, 555851).
cost(14, 10, 244005).
cost(14, 11, 219178).
cost(14, 12, 427292).
cost(14, 13, 187176).
cost(14, 15, 322913).
cost(15, 1, 505075).
cost(15, 2, 456713).
cost(15, 3, 927091).
cost(15, 4, 596159).
cost(15, 5, 476911).
cost(15, 6, 483217).
cost(15, 7, 556995).
cost(15, 8, 803880).
cost(15, 9, 866274).
cost(15, 10, 490938).
cost(15, 11, 514728).
cost(15, 12, 736752).
cost(15, 13, 507086).
cost(15, 14, 322913).
