dimension(15).
point(1, -95696.0, 202920.0).
point(2, 81464.0, -174729.0).
point(3, 221945.0, 13085.0).
point(4, 125442.0, 274330.0).
point(5, -159632.0, 182427.0).
point(6, 82503.0, -127607.0).
point(7, 346514.0, 580216.0).
point(8, 196714.0, -238154.0).
point(9, -128624.0, -178927.0).
point(10, 66886.0, -360398.0).
point(11, 161615.0, -85534.0).
point(12, -196221.0, 135462.0).
point(13, -239353.0, -361393.0).
point(14, 4159.0, 37358.0).
point(15, 167534.0, 369503.0).
cost(1, 2, 417138).
cost(1, 3, 370045).
cost(1, 4, 232382).
cost(1, 5, 67140).
cost(1, 6, 375504).
cost(1, 7, 581293).
cost(1, 8, 529197).
cost(1, 9, 383264).
cost(1, 10, 586311).
cost(1, 11, 386542).
cost(1, 12, 121061).
cost(1, 13, 582311).
cost(1, 14, 193344).
cost(1, 15, 311512).
cost(2, 1, 417138).
cost(2, 3, 234540).
cost(2, 4, 451207).
cost(2, 5, 430915).
cost(2, 6, 47133).
cost(2, 7, 800121).
cost(2, 8, 131550).
cost(2, 9, 210130).
cost(2, 10, 186240).
cost(2, 11, 119916).
cost(2, 12, 416326).
cost(2, 13, 371170).
cost(2, 14, 225736).
cost(2, 15, 550996).
cost(3, 1, 370045).
cost(3, 2, 234540).
cost(3, 4, 278499).
cost(3, 5, 417466).
cost(3, 6, 198087).
cost(3, 7, 580651).
cost(3, 8, 252503).
cost(3, 9, 399709).
cost(3, 10, 404392).
cost(3, 11, 115609).
cost(3, 12, 435705).
cost(3, 13, 594163).
cost(3, 14, 219134).
cost(3, 15, 360547).
cost(4, 1, 232382).
cost(4, 2, 451207).
cost(4, 3, 278499).
cost(4, 5, 299522).
cost(4, 6, 404224).
cost(4, 7, 377411).
cost(4, 8, 517416).
cost(4, 9, 519607).
cost(4, 10, 637423).
cost(4, 11, 361677).
cost(4, 12, 350359).
cost(4, 13, 732952).
cost(4, 14, 266205).
cost(4, 15, 104066).
cost(5, 1, 67140).
cost(5, 2, 430915).
cost(5, 3, 417466).
cost(5, 4, 299522).
cost(5, 6, 393383).
cost(5, 7, 643755).
cost(5, 8, 551245).
cost(5, 9, 362682).
cost(5, 10, 588192).
cost(5, 11, 418333).
cost(5, 12, 59535).
cost(5, 13, 549632).
cost(5, 14, 218798).
cost(5, 15, 376875).
cost(6, 1, 375504).
cost(6, 2, 47133).
cost(6, 3, 198087).
cost(6, 4, 404224).
cost(6, 5, 393383).
cost(6, 7, 755457).
cost(6, 8, 158949).
cost(6, 9, 217275).
cost(6, 10, 233314).
cost(6, 11, 89604).
cost(6, 12, 383265).
cost(6, 13, 397803).
cost(6, 14, 182623).
cost(6, 15, 504330).
cost(7, 1, 581293).
cost(7, 2, 800121).
cost(7, 3, 580651).
cost(7, 4, 377411).
cost(7, 5, 643755).
cost(7, 6, 755457).
cost(7, 8, 831967).
cost(7, 9, 895575).
cost(7, 10, 981298).
cost(7, 11, 690949).
cost(7, 12, 701689).
cost(7, 13, 1108994).
cost(7, 14, 641796).
cost(7, 15, 276467).
cost(8, 1, 529197).
cost(8, 2, 131550).
cost(8, 3, 252503).
cost(8, 4, 517416).
cost(8, 5, 551245).
cost(8, 6, 158949).
cost(8, 7, 831967).
cost(8, 9, 330685).
cost(8, 10, 178322).
cost(8, 11, 156604).
cost(8, 12, 542206).
cost(8, 13, 453147).
cost(8, 14, 336131).
cost(8, 15, 608357).
cost(9, 1, 383264).
cost(9, 2, 210130).
cost(9, 3, 399709).
cost(9, 4, 519607).
cost(9, 5, 362682).
cost(9, 6, 217275).
cost(9, 7, 895575).
cost(9, 8, 330685).
cost(9, 10, 266751).
cost(9, 11, 304895).
cost(9, 12, 321574).
cost(9, 13, 213436).
cost(9, 14, 253792).
cost(9, 15, 623286).
cost(10, 1, 586311).
cost(10, 2, 186240).
cost(10, 3, 404392).
cost(10, 4, 637423).
cost(10, 5, 588192).
cost(10, 6, 233314).
cost(10, 7, 981298).
cost(10, 8, 178322).
cost(10, 9, 266751).
cost(10, 11, 290730).
cost(10, 12, 561340).
cost(10, 13, 306241).
cost(10, 14, 402672).
cost(10, 15, 736808).
cost(11, 1, 386542).
cost(11, 2, 119916).
cost(11, 3, 115609).
cost(11, 4, 361677).
cost(11, 5, 418333).
cost(11, 6, 89604).
cost(11, 7, 690949).
cost(11, 8, 156604).
cost(11, 9, 304895).
cost(11, 10, 290730).
cost(11, 12, 420578).
cost(11, 13, 486697).
cost(11, 14, 199737).
cost(11, 15, 455075).
cost(12, 1, 121061).
cost(12, 2, 416326).
cost(12, 3, 435705).
cost(12, 4, 350359).
cost(12, 5, 59535).
cost(12, 6, 383265).
cost(12, 7, 701689).
cost(12, 8, 542206).
cost(12, 9, 321574).
cost(12, 10, 561340).
cost(12, 11, 420578).
cost(12, 13, 498724).
cost(12, 14, 223107).
cost(12, 15, 432542).
cost(13, 1, 582311).
cost(13, 2, 371170).
cost(13, 3, 594163).
cost(13, 4, 732952).
cost(13, 5, 549632).
cost(13, 6, 397803).
cost(13, 7, 1108994).
cost(13, 8, 453147).
cost(13, 9, 213436).
cost(13, 10, 306241).
cost(13, 11, 486697).
cost(13, 12, 498724).
cost(13, 14, 467226).
cost(13, 15, 836520).
cost(14, 1, 193344).
cost(14, 2, 225736).
cost(14, 3, 219134).
cost(14, 4, 266205).
cost(14, 5, 218798).
cost(14, 6, 182623).
cost(14, 7, 641796).
cost(14, 8, 336131).
cost(14, 9, 253792).
cost(14, 10, 402672).
cost(14, 11, 199737).
cost(14, 12, 223107).
cost(14, 13, 467226).
cost(14, 15, 370151).
cost(15, 1, 311512).
cost(15, 2, 550996).
cost(15, 3, 360547).
cost(15, 4, 104066).
cost(15, 5, 376875).
cost(15, 6, 504330).
cost(15, 7, 276467).
cost(15, 8, 608357).
cost(15, 9, 623286).
cost(15, 10, 736808).
cost(15, 11, 455075).
cost(15, 12, 432542).
cost(15, 13, 836520).
cost(15, 14, 370151).
