dimension(15).
point(1, -8011.0, 309300.0).
point(2, 408995.0, 159844.0).
point(3, -294483.0, 207594.0).
point(4, 78363.0, -97380.0).
point(5, -51298.0, -147555.0).
point(6, 93275.0, -59764.0).
point(7, -211156.0, 176817.0).
point(8, -147536.0, -48503.0).
point(9, 185967.0, 7054.0).
point(10, -146848.0, 107318.0).
point(11, 57325.0, 258050.0).
point(12, -71540.0, 375757.0).
point(13, 376487.0, -103993.0).
point(14, -46813.0, 33466.0).
point(15, 594892.0, 27654.0).
cost(1, 2, 442980).
cost(1, 3, 303991).
cost(1, 4, 415751).
cost(1, 5, 458901).
cost(1, 6, 382710).
cost(1, 7, 242528).
cost(1, 8, 384045).
cost(1, 9, 359138).
cost(1, 10, 245097).
cost(1, 11, 83038).
cost(1, 12, 91937).
cost(1, 13, 564491).
cost(1, 14, 278550).
cost(1, 15, 665445).
cost(2, 1, 442980).
cost(2, 3, 705097).
cost(2, 4, 418905).
cost(2, 5, 553501).
cost(2, 6, 384587).
cost(2, 7, 620383).
cost(2, 8, 594252).
cost(2, 9, 270345).
cost(2, 10, 558319).
cost(2, 11, 365125).
cost(2, 12, 526813).
cost(2, 13, 265832).
cost(2, 14, 473004).
cost(2, 15, 228105).
cost(3, 1, 303991).
cost(3, 2, 705097).
cost(3, 4, 481688).
cost(3, 5, 430430).
cost(3, 6, 470995).
cost(3, 7, 88829).
cost(3, 8, 295261).
cost(3, 9, 520623).
cost(3, 10, 178470).
cost(3, 11, 355408).
cost(3, 12, 279253).
cost(3, 13, 739789).
cost(3, 14, 302756).
cost(3, 15, 907395).
cost(4, 1, 415751).
cost(4, 2, 418905).
cost(4, 3, 481688).
cost(4, 5, 139031).
cost(4, 6, 40464).
cost(4, 7, 398755).
cost(4, 8, 231126).
cost(4, 9, 149950).
cost(4, 10, 304337).
cost(4, 11, 356052).
cost(4, 12, 496316).
cost(4, 13, 298197).
cost(4, 14, 181079).
cost(4, 15, 531447).
cost(5, 1, 458901).
cost(5, 2, 553501).
cost(5, 3, 430430).
cost(5, 4, 139031).
cost(5, 6, 169141).
cost(5, 7, 361624).
cost(5, 8, 138105).
cost(5, 9, 283194).
cost(5, 10, 272195).
cost(5, 11, 419898).
cost(5, 12, 523703).
cost(5, 13, 429997).
cost(5, 14, 181077).
cost(5, 15, 669522).
cost(6, 1, 382710).
cost(6, 2, 384587).
cost(6, 3, 470995).
cost(6, 4, 40464).
cost(6, 5, 169141).
cost(6, 7, 385550).
cost(6, 8, 241074).
cost(6, 9, 114265).
cost(6, 10, 292533).
cost(6, 11, 319841).
cost(6, 12, 465664).
cost(6, 13, 286645).
cost(6, 14, 168275).
cost(6, 15, 509177).
cost(7, 1, 242528).
cost(7, 2, 620383).
cost(7, 3, 88829).
cost(7, 4, 398755).
cost(7, 5, 361624).
cost(7, 6, 385550).
cost(7, 8, 234129).
cost(7, 9, 431887).
cost(7, 10, 94687).
cost(7, 11, 280501).
cost(7, 12, 243043).
cost(7, 13, 651290).
cost(7, 14, 218078).
cost(7, 15, 819733).
cost(8, 1, 384045).
cost(8, 2, 594252).
cost(8, 3, 295261).
cost(8, 4, 231126).
cost(8, 5, 138105).
cost(8, 6, 241074).
cost(8, 7, 234129).
cost(8, 9, 338099).
cost(8, 10, 155823).
cost(8, 11, 368704).
cost(8, 12, 431013).
cost(8, 13, 526953).
cost(8, 14, 129862).
cost(8, 15, 746324).
cost(9, 1, 359138).
cost(9, 2, 270345).
cost(9, 3, 520623).
cost(9, 4, 149950).
cost(9, 5, 283194).
cost(9, 6, 114265).
cost(9, 7, 431887).
cost(9, 8, 338099).
cost(9, 10, 347590).
cost(9, 11, 282042).
cost(9, 12, 449724).
cost(9, 13, 220521).
cost(9, 14, 234274).
cost(9, 15, 409444).
cost(10, 1, 245097).
cost(10, 2, 558319).
cost(10, 3, 178470).
cost(10, 4, 304337).
cost(10, 5, 272195).
cost(10, 6, 292533).
cost(10, 7, 94687).
cost(10, 8, 155823).
cost(10, 9, 347590).
cost(10, 11, 253785).
cost(10, 12, 278802).
cost(10, 13, 564386).
cost(10, 14, 124343).
cost(10, 15, 746006).
cost(11, 1, 83038).
cost(11, 2, 365125).
cost(11, 3, 355408).
cost(11, 4, 356052).
cost(11, 5, 419898).
cost(11, 6, 319841).
cost(11, 7, 280501).
cost(11, 8, 368704).
cost(11, 9, 282042).
cost(11, 10, 253785).
cost(11, 12, 174531).
cost(11, 13, 482638).
cost(11, 14, 247553).
cost(11, 15, 584859).
cost(12, 1, 91937).
cost(12, 2, 526813).
cost(12, 3, 279253).
cost(12, 4, 496316).
cost(12, 5, 523703).
cost(12, 6, 465664).
cost(12, 7, 243043).
cost(12, 8, 431013).
cost(12, 9, 449724).
cost(12, 10, 278802).
cost(12, 11, 174531).
cost(12, 13, 656421).
cost(12, 14, 343183).
cost(12, 15, 751869).
cost(13, 1, 564491).
cost(13, 2, 265832).
cost(13, 3, 739789).
cost(13, 4, 298197).
cost(13, 5, 429997).
cost(13, 6, 286645).
cost(13, 7, 651290).
cost(13, 8, 526953).
cost(13, 9, 220521).
cost(13, 10, 564386).
cost(13, 11, 482638).
cost(13, 12, 656421).
cost(13, 14, 445059).
cost(13, 15, 255013).
cost(14, 1, 278550).
cost(14, 2, 473004).
cost(14, 3, 302756).
cost(14, 4, 181079).
cost(14, 5, 181077).
cost(14, 6, 168275).
cost(14, 7, 218078).
cost(14, 8, 129862).
cost(14, 9, 234274).
cost(14, 10, 124343).
cost(14, 11, 247553).
cost(14, 12, 343183).
cost(14, 13, 445059).
cost(14, 15, 641731).
cost(15, 1, 665445).
cost(15, 2, 228105).
cost(15, 3, 907395).
cost(15, 4, 531447).
cost(15, 5, 669522).
cost(15, 6, 509177).
cost(15, 7, 819733).
cost(15, 8, 746324).
cost(15, 9, 409444).
cost(15, 10, 746006).
cost(15, 11, 584859).
cost(15, 12, 751869).
cost(15, 13, 255013).
cost(15, 14, 641731).
