dimension(15).
point(1, 188200.0, 21483.0).
point(2, 79839.0, -20452.0).
point(3, 38048.0, 57551.0).
point(4, -278426.0, 361671.0).
point(5, -295693.0, 38920.0).
point(6, 23769.0, -46342.0).
point(7, 175727.0, 224419.0).
point(8, 238526.0, 254863.0).
point(9, 42192.0, -275591.0).
point(10, 264263.0, 11709.0).
point(11, 28110.0, -188153.0).
point(12, 149653.0, 232292.0).
point(13, -123740.0, 429438.0).
point(14, -60385.0, 208446.0).
point(15, -87563.0, 95416.0).
cost(1, 2, 116192).
cost(1, 3, 154423).
cost(1, 4, 577467).
cost(1, 5, 484207).
cost(1, 6, 177870).
cost(1, 7, 203319).
cost(1, 8, 238744).
cost(1, 9, 331016).
cost(1, 10, 76688).
cost(1, 11, 263773).
cost(1, 12, 214304).
cost(1, 13, 513550).
cost(1, 14, 311046).
cost(1, 15, 285502).
cost(2, 1, 116192).
cost(2, 3, 88493).
cost(2, 4, 523805).
cost(2, 5, 380196).
cost(2, 6, 61759).
cost(2, 7, 262976).
cost(2, 8, 317773).
cost(2, 9, 257902).
cost(2, 10, 187207).
cost(2, 11, 175498).
cost(2, 12, 262209).
cost(2, 13, 493807).
cost(2, 14, 268434).
cost(2, 15, 203590).
cost(3, 1, 154423).
cost(3, 2, 88493).
cost(3, 4, 438913).
cost(3, 5, 334261).
cost(3, 6, 104870).
cost(3, 7, 216334).
cost(3, 8, 281289).
cost(3, 9, 333168).
cost(3, 10, 230813).
cost(3, 11, 245905).
cost(3, 12, 207341).
cost(3, 13, 405556).
cost(3, 14, 180162).
cost(3, 15, 131194).
cost(4, 1, 577467).
cost(4, 2, 523805).
cost(4, 3, 438913).
cost(4, 5, 323213).
cost(4, 6, 507737).
cost(4, 7, 474440).
cost(4, 8, 527871).
cost(4, 9, 713371).
cost(4, 10, 645744).
cost(4, 11, 629500).
cost(4, 12, 447203).
cost(4, 13, 168879).
cost(4, 14, 266495).
cost(4, 15, 327598).
cost(5, 1, 484207).
cost(5, 2, 380196).
cost(5, 3, 334261).
cost(5, 4, 323213).
cost(5, 6, 330644).
cost(5, 7, 506603).
cost(5, 8, 576213).
cost(5, 9, 461610).
cost(5, 10, 560617).
cost(5, 11, 395488).
cost(5, 12, 485516).
cost(5, 13, 426699).
cost(5, 14, 290015).
cost(5, 15, 215662).
cost(6, 1, 177870).
cost(6, 2, 61759).
cost(6, 3, 104870).
cost(6, 4, 507737).
cost(6, 5, 330644).
cost(6, 7, 310488).
cost(6, 8, 369926).
cost(6, 9, 229988).
cost(6, 10, 247401).
cost(6, 11, 141877).
cost(6, 12, 305751).
cost(6, 13, 498122).
cost(6, 14, 268326).
cost(6, 15, 180250).
cost(7, 1, 203319).
cost(7, 2, 262976).
cost(7, 3, 216334).
cost(7, 4, 474440).
cost(7, 5, 506603).
cost(7, 6, 310488).
cost(7, 8, 69789).
cost(7, 9, 517534).
cost(7, 10, 230400).
cost(7, 11, 438185).
cost(7, 12, 27237).
cost(7, 13, 362923).
cost(7, 14, 236652).
cost(7, 15, 293195).
cost(8, 1, 238744).
cost(8, 2, 317773).
cost(8, 3, 281289).
cost(8, 4, 527871).
cost(8, 5, 576213).
cost(8, 6, 369926).
cost(8, 7, 69789).
cost(8, 9, 565622).
cost(8, 10, 244512).
cost(8, 11, 490447).
cost(8, 12, 91694).
cost(8, 13, 402136).
cost(8, 14, 302494).
cost(8, 15, 362984).
cost(9, 1, 331016).
cost(9, 2, 257902).
cost(9, 3, 333168).
cost(9, 4, 713371).
cost(9, 5, 461610).
cost(9, 6, 229988).
cost(9, 7, 517534).
cost(9, 8, 565622).
cost(9, 10, 363121).
cost(9, 11, 88565).
cost(9, 12, 519127).
cost(9, 13, 724292).
cost(9, 14, 494787).
cost(9, 15, 393043).
cost(10, 1, 76688).
cost(10, 2, 187207).
cost(10, 3, 230813).
cost(10, 4, 645744).
cost(10, 5, 560617).
cost(10, 6, 247401).
cost(10, 7, 230400).
cost(10, 8, 244512).
cost(10, 9, 363121).
cost(10, 11, 309375).
cost(10, 12, 248581).
cost(10, 13, 570126).
cost(10, 14, 379607).
cost(10, 15, 361647).
cost(11, 1, 263773).
cost(11, 2, 175498).
cost(11, 3, 245905).
cost(11, 4, 629500).
cost(11, 5, 395488).
cost(11, 6, 141877).
cost(11, 7, 438185).
cost(11, 8, 490447).
cost(11, 9, 88565).
cost(11, 10, 309375).
cost(11, 12, 437660).
cost(11, 13, 635985).
cost(11, 14, 406352).
cost(11, 15, 306254).
cost(12, 1, 214304).
cost(12, 2, 262209).
cost(12, 3, 207341).
cost(12, 4, 447203).
cost(12, 5, 485516).
cost(12, 6, 305751).
cost(12, 7, 27237).
cost(12, 8, 91694).
cost(12, 9, 519127).
cost(12, 10, 248581).
cost(12, 11, 437660).
cost(12, 13, 337061).
cost(12, 14, 211387).
cost(12, 15, 273873).
cost(13, 1, 513550).
cost(13, 2, 493807).
cost(13, 3, 405556).
cost(13, 4, 168879).
cost(13, 5, 426699).
cost(13, 6, 498122).
cost(13, 7, 362923).
cost(13, 8, 402136).
cost(13, 9, 724292).
cost(13, 10, 570126).
cost(13, 11, 635985).
cost(13, 12, 337061).
cost(13, 14, 229894).
cost(13, 15, 335975).
cost(14, 1, 311046).
cost(14, 2, 268434).
cost(14, 3, 180162).
cost(14, 4, 266495).
cost(14, 5, 290015).
cost(14, 6, 268326).
cost(14, 7, 236652).
cost(14, 8, 302494).
cost(14, 9, 494787).
cost(14, 10, 379607).
cost(14, 11, 406352).
cost(14, 12, 211387).
cost(14, 13, 229894).
cost(14, 15, 116252).
cost(15, 1, 285502).
cost(15, 2, 203590).
cost(15, 3, 131194).
cost(15, 4, 327598).
cost(15, 5, 215662).
cost(15, 6, 180250).
cost(15, 7, 293195).
cost(15, 8, 362984).
cost(15, 9, 393043).
cost(15, 10, 361647).
cost(15, 11, 306254).
cost(15, 12, 273873).
cost(15, 13, 335975).
cost(15, 14, 116252).
