dimension(15).
point(1, -245310.0, 409433.0).
point(2, 268704.0, 180584.0).
point(3, 109480.0, 110173.0).
point(4, 327139.0, -120124.0).
point(5, 17315.0, -71820.0).
point(6, -50191.0, -11627.0).
point(7, 266083.0, 59792.0).
point(8, 100890.0, 115217.0).
point(9, -401750.0, 17810.0).
point(10, -269721.0, 257251.0).
point(11, 70019.0, -300262.0).
point(12, -74718.0, 90061.0).
point(13, -295628.0, -252531.0).
point(14, -165347.0, 265057.0).
point(15, 131430.0, -97964.0).
cost(1, 2, 562656).
cost(1, 3, 464147).
cost(1, 4, 779826).
cost(1, 5, 548248).
cost(1, 6, 464072).
cost(1, 7, 619493).
cost(1, 8, 454332).
cost(1, 9, 421713).
cost(1, 10, 154127).
cost(1, 11, 776595).
cost(1, 12, 362077).
cost(1, 13, 663874).
cost(1, 14, 165041).
cost(1, 15, 631969).
cost(2, 1, 562656).
cost(2, 3, 174098).
cost(2, 4, 306333).
cost(2, 5, 356236).
cost(2, 6, 372343).
cost(2, 7, 120820).
cost(2, 8, 180095).
cost(2, 9, 689930).
cost(2, 10, 543856).
cost(2, 11, 520277).
cost(2, 12, 355152).
cost(2, 13, 711378).
cost(2, 14, 442194).
cost(2, 15, 310537).
cost(3, 1, 464147).
cost(3, 2, 174098).
cost(3, 4, 316879).
cost(3, 5, 204000).
cost(3, 6, 200823).
cost(3, 7, 164508).
cost(3, 8, 9961).
cost(3, 9, 519507).
cost(3, 10, 406725).
cost(3, 11, 412328).
cost(3, 12, 185293).
cost(3, 13, 543752).
cost(3, 14, 315466).
cost(3, 15, 209291).
cost(4, 1, 779826).
cost(4, 2, 306333).
cost(4, 3, 316879).
cost(4, 5, 313567).
cost(4, 6, 392619).
cost(4, 7, 189994).
cost(4, 8, 326457).
cost(4, 9, 741825).
cost(4, 10, 706154).
cost(4, 11, 313943).
cost(4, 12, 453505).
cost(4, 13, 636687).
cost(4, 14, 625225).
cost(4, 15, 196960).
cost(5, 1, 548248).
cost(5, 2, 356236).
cost(5, 3, 204000).
cost(5, 4, 313567).
cost(5, 6, 90445).
cost(5, 7, 281438).
cost(5, 8, 204860).
cost(5, 9, 428543).
cost(5, 10, 436666).
cost(5, 11, 234443).
cost(5, 12, 186214).
cost(5, 13, 361372).
cost(5, 14, 383212).
cost(5, 15, 117072).
cost(6, 1, 464072).
cost(6, 2, 372343).
cost(6, 3, 200823).
cost(6, 4, 392619).
cost(6, 5, 90445).
cost(6, 7, 324237).
cost(6, 8, 197269).
cost(6, 9, 352789).
cost(6, 10, 347115).
cost(6, 11, 312667).
cost(6, 12, 104604).
cost(6, 13, 343910).
cost(6, 14, 299691).
cost(6, 15, 201098).
cost(7, 1, 619493).
cost(7, 2, 120820).
cost(7, 3, 164508).
cost(7, 4, 189994).
cost(7, 5, 281438).
cost(7, 6, 324237).
cost(7, 8, 174243).
cost(7, 9, 669151).
cost(7, 10, 571031).
cost(7, 11, 409976).
cost(7, 12, 342143).
cost(7, 13, 642701).
cost(7, 14, 477771).
cost(7, 15, 207409).
cost(8, 1, 454332).
cost(8, 2, 180095).
cost(8, 3, 9961).
cost(8, 4, 326457).
cost(8, 5, 204860).
cost(8, 6, 197269).
cost(8, 7, 174243).
cost(8, 9, 511991).
cost(8, 10, 396896).
cost(8, 11, 416624).
cost(8, 12, 177401).
cost(8, 13, 540800).
cost(8, 14, 305506).
cost(8, 15, 215357).
cost(9, 1, 421713).
cost(9, 2, 689930).
cost(9, 3, 519507).
cost(9, 4, 741825).
cost(9, 5, 428543).
cost(9, 6, 352789).
cost(9, 7, 669151).
cost(9, 8, 511991).
cost(9, 10, 273429).
cost(9, 11, 568978).
cost(9, 12, 334918).
cost(9, 13, 290424).
cost(9, 14, 342078).
cost(9, 15, 545605).
cost(10, 1, 154127).
cost(10, 2, 543856).
cost(10, 3, 406725).
cost(10, 4, 706154).
cost(10, 5, 436666).
cost(10, 6, 347115).
cost(10, 7, 571031).
cost(10, 8, 396896).
cost(10, 9, 273429).
cost(10, 11, 652874).
cost(10, 12, 256863).
cost(10, 13, 510440).
cost(10, 14, 104665).
cost(10, 15, 535817).
cost(11, 1, 776595).
cost(11, 2, 520277).
cost(11, 3, 412328).
cost(11, 4, 313943).
cost(11, 5, 234443).
cost(11, 6, 312667).
cost(11, 7, 409976).
cost(11, 8, 416624).
cost(11, 9, 568978).
cost(11, 10, 652874).
cost(11, 12, 416294).
cost(11, 13, 368749).
cost(11, 14, 612358).
cost(11, 15, 211414).
cost(12, 1, 362077).
cost(12, 2, 355152).
cost(12, 3, 185293).
cost(12, 4, 453505).
cost(12, 5, 186214).
cost(12, 6, 104604).
cost(12, 7, 342143).
cost(12, 8, 177401).
cost(12, 9, 334918).
cost(12, 10, 256863).
cost(12, 11, 416294).
cost(12, 13, 407640).
cost(12, 14, 197072).
cost(12, 15, 279017).
cost(13, 1, 663874).
cost(13, 2, 711378).
cost(13, 3, 543752).
cost(13, 4, 636687).
cost(13, 5, 361372).
cost(13, 6, 343910).
cost(13, 7, 642701).
cost(13, 8, 540800).
cost(13, 9, 290424).
cost(13, 10, 510440).
cost(13, 11, 368749).
cost(13, 12, 407640).
cost(13, 14, 533733).
cost(13, 15, 454169).
cost(14, 1, 165041).
cost(14, 2, 442194).
cost(14, 3, 315466).
cost(14, 4, 625225).
cost(14, 5, 383212).
cost(14, 6, 299691).
cost(14, 7, 477771).
cost(14, 8, 305506).
cost(14, 9, 342078).
cost(14, 10, 104665).
cost(14, 11, 612358).
cost(14, 12, 197072).
cost(14, 13, 533733).
cost(14, 15, 468893).
cost(15, 1, 631969).
cost(15, 2, 310537).
cost(15, 3, 209291).
cost(15, 4, 196960).
cost(15, 5, 117072).
cost(15, 6, 201098).
cost(15, 7, 207409).
cost(15, 8, 215357).
cost(15, 9, 545605).
cost(15, 10, 535817).
cost(15, 11, 211414).
cost(15, 12, 279017).
cost(15, 13, 454169).
cost(15, 14, 468893).
