dimension(22).
point(1, 62624.0, 397336.0).
point(2, 939499.0, 929683.0).
point(3, 820770.0, 864271.0).
point(4, 81264.0, 843170.0).
point(5, 184719.0, 547498.0).
point(6, 520589.0, 879635.0).
point(7, 234899.0, 534625.0).
point(8, 747109.0, 989683.0).
point(9, 666751.0, 649133.0).
point(10, 883630.0, 442276.0).
point(11, 606047.0, 793400.0).
point(12, 373773.0, 53765.0).
point(13, 563813.0, 231235.0).
point(14, 45198.0, 442253.0).
point(15, 718430.0, 829697.0).
point(16, 119239.0, 686473.0).
point(17, 160194.0, 572706.0).
point(18, 976629.0, 670395.0).
point(19, 480677.0, 980951.0).
point(20, 264213.0, 367847.0).
point(21, 341938.0, 983752.0).
point(22, 286725.0, 130777.0).
cost(1, 2, 1025818).
cost(1, 3, 890401).
cost(1, 4, 446223).
cost(1, 5, 193535).
cost(1, 6, 665090).
cost(1, 7, 220288).
cost(1, 8, 905204).
cost(1, 9, 654501).
cost(1, 10, 822235).
cost(1, 11, 672440).
cost(1, 12, 463524).
cost(1, 13, 527996).
cost(1, 14, 48179).
cost(1, 15, 785505).
cost(1, 16, 294628).
cost(1, 17, 200685).
cost(1, 18, 953922).
cost(1, 19, 717896).
cost(1, 20, 203734).
cost(1, 21, 649538).
cost(1, 22, 348246).
cost(2, 1, 1025818).
cost(2, 3, 135556).
cost(2, 4, 862584).
cost(2, 5, 846025).
cost(2, 6, 421889).
cost(2, 7, 807795).
cost(2, 8, 201529).
cost(2, 9, 391280).
cost(2, 10, 490599).
cost(2, 11, 360227).
cost(2, 12, 1042726).
cost(2, 13, 793076).
cost(2, 14, 1018510).
cost(2, 15, 242629).
cost(2, 16, 855557).
cost(2, 17, 857175).
cost(2, 18, 261933).
cost(2, 19, 461677).
cost(2, 20, 878448).
cost(2, 21, 600002).
cost(2, 22, 1031681).
cost(3, 1, 890401).
cost(3, 2, 135556).
cost(3, 4, 739807).
cost(3, 5, 710567).
cost(3, 6, 300574).
cost(3, 7, 672243).
cost(3, 8, 145445).
cost(3, 9, 264587).
cost(3, 10, 426651).
cost(3, 11, 226116).
cost(3, 12, 925595).
cost(3, 13, 683199).
cost(3, 14, 882956).
cost(3, 15, 108022).
cost(3, 16, 723711).
cost(3, 17, 722060).
cost(3, 18, 248757).
cost(3, 19, 359552).
cost(3, 20, 745783).
cost(3, 21, 493514).
cost(3, 22, 907313).
cost(4, 1, 446223).
cost(4, 2, 862584).
cost(4, 3, 739807).
cost(4, 5, 313249).
cost(4, 6, 440836).
cost(4, 7, 344679).
cost(4, 8, 681774).
cost(4, 9, 616803).
cost(4, 10, 896943).
cost(4, 11, 527138).
cost(4, 12, 841856).
cost(4, 13, 779306).
cost(4, 14, 402536).
cost(4, 15, 637308).
cost(4, 16, 161233).
cost(4, 17, 281746).
cost(4, 18, 911882).
cost(4, 19, 422510).
cost(4, 20, 509316).
cost(4, 21, 296166).
cost(4, 22, 741430).
cost(5, 1, 193535).
cost(5, 2, 846025).
cost(5, 3, 710567).
cost(5, 4, 313249).
cost(5, 6, 472360).
cost(5, 7, 51805).
cost(5, 8, 715409).
cost(5, 9, 492630).
cost(5, 10, 706787).
cost(5, 11, 487837).
cost(5, 12, 528691).
cost(5, 13, 493695).
cost(5, 14, 174764).
cost(5, 15, 603725).
cost(5, 16, 153628).
cost(5, 17, 35170).
cost(5, 18, 801389).
cost(5, 19, 524855).
cost(5, 20, 196453).
cost(5, 21, 463719).
cost(5, 22, 429024).
cost(6, 1, 665090).
cost(6, 2, 421889).
cost(6, 3, 300574).
cost(6, 4, 440836).
cost(6, 5, 472360).
cost(6, 7, 447940).
cost(6, 8, 251837).
cost(6, 9, 272937).
cost(6, 10, 568403).
cost(6, 11, 121407).
cost(6, 12, 838818).
cost(6, 13, 649839).
cost(6, 14, 645987).
cost(6, 15, 204046).
cost(6, 16, 445414).
cost(6, 17, 473381).
cost(6, 18, 501751).
cost(6, 19, 108894).
cost(6, 20, 572412).
cost(6, 21, 206777).
cost(6, 22, 784526).
cost(7, 1, 220288).
cost(7, 2, 807795).
cost(7, 3, 672243).
cost(7, 4, 344679).
cost(7, 5, 51805).
cost(7, 6, 447940).
cost(7, 8, 685155).
cost(7, 9, 446775).
cost(7, 10, 655271).
cost(7, 11, 452455).
cost(7, 12, 500512).
cost(7, 13, 447471).
cost(7, 14, 210995).
cost(7, 15, 566454).
cost(7, 16, 190880).
cost(7, 17, 83851).
cost(7, 18, 754054).
cost(7, 19, 509523).
cost(7, 20, 169335).
cost(7, 21, 461706).
cost(7, 22, 407160).
cost(8, 1, 905204).
cost(8, 2, 201529).
cost(8, 3, 145445).
cost(8, 4, 681774).
cost(8, 5, 715409).
cost(8, 6, 251837).
cost(8, 7, 685155).
cost(8, 9, 349902).
cost(8, 10, 564174).
cost(8, 11, 241714).
cost(8, 12, 1007632).
cost(8, 13, 780283).
cost(8, 14, 890145).
cost(8, 15, 162536).
cost(8, 16, 697250).
cost(8, 17, 719958).
cost(8, 18, 393223).
cost(8, 19, 266575).
cost(8, 20, 787317).
cost(8, 21, 405214).
cost(8, 22, 974512).
cost(9, 1, 654501).
cost(9, 2, 391280).
cost(9, 3, 264587).
cost(9, 4, 616803).
cost(9, 5, 492630).
cost(9, 6, 272937).
cost(9, 7, 446775).
cost(9, 8, 349902).
cost(9, 10, 299710).
cost(9, 11, 156518).
cost(9, 12, 663550).
cost(9, 13, 430389).
cost(9, 14, 655078).
cost(9, 15, 187814).
cost(9, 16, 548784).
cost(9, 17, 512290).
cost(9, 18, 310607).
cost(9, 19, 380430).
cost(9, 20, 491079).
cost(9, 21, 466340).
cost(9, 22, 642738).
cost(10, 1, 822235).
cost(10, 2, 490599).
cost(10, 3, 426651).
cost(10, 4, 896943).
cost(10, 5, 706787).
cost(10, 6, 568403).
cost(10, 7, 655271).
cost(10, 8, 564174).
cost(10, 9, 299710).
cost(10, 11, 447594).
cost(10, 12, 641011).
cost(10, 13, 383173).
cost(10, 14, 838432).
cost(10, 15, 421172).
cost(10, 16, 802450).
cost(10, 17, 735100).
cost(10, 18, 246348).
cost(10, 19, 672712).
cost(10, 20, 623873).
cost(10, 21, 765915).
cost(10, 22, 673296).
cost(11, 1, 672440).
cost(11, 2, 360227).
cost(11, 3, 226116).
cost(11, 4, 527138).
cost(11, 5, 487837).
cost(11, 6, 121407).
cost(11, 7, 452455).
cost(11, 8, 241714).
cost(11, 9, 156518).
cost(11, 10, 447594).
cost(11, 12, 775249).
cost(11, 13, 563749).
cost(11, 14, 661707).
cost(11, 15, 118099).
cost(11, 16, 498413).
cost(11, 17, 497484).
cost(11, 18, 390463).
cost(11, 19, 225595).
cost(11, 20, 545844).
cost(11, 21, 325557).
cost(11, 22, 735551).
cost(12, 1, 463524).
cost(12, 2, 1042726).
cost(12, 3, 925595).
cost(12, 4, 841856).
cost(12, 5, 528691).
cost(12, 6, 838818).
cost(12, 7, 500512).
cost(12, 8, 1007632).
cost(12, 9, 663550).
cost(12, 10, 641011).
cost(12, 11, 775249).
cost(12, 13, 260021).
cost(12, 14, 508807).
cost(12, 15, 849034).
cost(12, 16, 681988).
cost(12, 17, 561174).
cost(12, 18, 862362).
cost(12, 19, 933329).
cost(12, 20, 332642).
cost(12, 21, 930532).
cost(12, 22, 116225).
cost(13, 1, 527996).
cost(13, 2, 793076).
cost(13, 3, 683199).
cost(13, 4, 779306).
cost(13, 5, 493695).
cost(13, 6, 649839).
cost(13, 7, 447471).
cost(13, 8, 780283).
cost(13, 9, 430389).
cost(13, 10, 383173).
cost(13, 11, 563749).
cost(13, 12, 260021).
cost(13, 14, 559902).
cost(13, 15, 618113).
cost(13, 16, 636308).
cost(13, 17, 528688).
cost(13, 18, 602726).
cost(13, 19, 754311).
cost(13, 20, 329276).
cost(13, 21, 784545).
cost(13, 22, 294736).
cost(14, 1, 48179).
cost(14, 2, 1018510).
cost(14, 3, 882956).
cost(14, 4, 402536).
cost(14, 5, 174764).
cost(14, 6, 645987).
cost(14, 7, 210995).
cost(14, 8, 890145).
cost(14, 9, 655078).
cost(14, 10, 838432).
cost(14, 11, 661707).
cost(14, 12, 508807).
cost(14, 13, 559902).
cost(14, 15, 776759).
cost(14, 16, 255197).
cost(14, 17, 173902).
cost(14, 18, 958964).
cost(14, 19, 692703).
cost(14, 20, 231309).
cost(14, 21, 617475).
cost(14, 22, 394148).
cost(15, 1, 785505).
cost(15, 2, 242629).
cost(15, 3, 108022).
cost(15, 4, 637308).
cost(15, 5, 603725).
cost(15, 6, 204046).
cost(15, 7, 566454).
cost(15, 8, 162536).
cost(15, 9, 187814).
cost(15, 10, 421172).
cost(15, 11, 118099).
cost(15, 12, 849034).
cost(15, 13, 618113).
cost(15, 14, 776759).
cost(15, 16, 616071).
cost(15, 17, 614550).
cost(15, 18, 303387).
cost(15, 19, 281788).
cost(15, 20, 647780).
cost(15, 21, 406791).
cost(15, 22, 821498).
cost(16, 1, 294628).
cost(16, 2, 855557).
cost(16, 3, 723711).
cost(16, 4, 161233).
cost(16, 5, 153628).
cost(16, 6, 445414).
cost(16, 7, 190880).
cost(16, 8, 697250).
cost(16, 9, 548784).
cost(16, 10, 802450).
cost(16, 11, 498413).
cost(16, 12, 681988).
cost(16, 13, 636308).
cost(16, 14, 255197).
cost(16, 15, 616071).
cost(16, 17, 120914).
cost(16, 18, 857541).
cost(16, 19, 466213).
cost(16, 20, 350057).
cost(16, 21, 371443).
cost(16, 22, 580387).
cost(17, 1, 200685).
cost(17, 2, 857175).
cost(17, 3, 722060).
cost(17, 4, 281746).
cost(17, 5, 35170).
cost(17, 6, 473381).
cost(17, 7, 83851).
cost(17, 8, 719958).
cost(17, 9, 512290).
cost(17, 10, 735100).
cost(17, 11, 497484).
cost(17, 12, 561174).
cost(17, 13, 528688).
cost(17, 14, 173902).
cost(17, 15, 614550).
cost(17, 16, 120914).
cost(17, 18, 822259).
cost(17, 19, 519012).
cost(17, 20, 229755).
cost(17, 21, 449433).
cost(17, 22, 459686).
cost(18, 1, 953922).
cost(18, 2, 261933).
cost(18, 3, 248757).
cost(18, 4, 911882).
cost(18, 5, 801389).
cost(18, 6, 501751).
cost(18, 7, 754054).
cost(18, 8, 393223).
cost(18, 9, 310607).
cost(18, 10, 246348).
cost(18, 11, 390463).
cost(18, 12, 862362).
cost(18, 13, 602726).
cost(18, 14, 958964).
cost(18, 15, 303387).
cost(18, 16, 857541).
cost(18, 17, 822259).
cost(18, 19, 585161).
cost(18, 20, 773997).
cost(18, 21, 707831).
cost(18, 22, 875874).
cost(19, 1, 717896).
cost(19, 2, 461677).
cost(19, 3, 359552).
cost(19, 4, 422510).
cost(19, 5, 524855).
cost(19, 6, 108894).
cost(19, 7, 509523).
cost(19, 8, 266575).
cost(19, 9, 380430).
cost(19, 10, 672712).
cost(19, 11, 225595).
cost(19, 12, 933329).
cost(19, 13, 754311).
cost(19, 14, 692703).
cost(19, 15, 281788).
cost(19, 16, 466213).
cost(19, 17, 519012).
cost(19, 18, 585161).
cost(19, 20, 650195).
cost(19, 21, 138767).
cost(19, 22, 872017).
cost(20, 1, 203734).
cost(20, 2, 878448).
cost(20, 3, 745783).
cost(20, 4, 509316).
cost(20, 5, 196453).
cost(20, 6, 572412).
cost(20, 7, 169335).
cost(20, 8, 787317).
cost(20, 9, 491079).
cost(20, 10, 623873).
cost(20, 11, 545844).
cost(20, 12, 332642).
cost(20, 13, 329276).
cost(20, 14, 231309).
cost(20, 15, 647780).
cost(20, 16, 350057).
cost(20, 17, 229755).
cost(20, 18, 773997).
cost(20, 19, 650195).
cost(20, 21, 620790).
cost(20, 22, 238136).
cost(21, 1, 649538).
cost(21, 2, 600002).
cost(21, 3, 493514).
cost(21, 4, 296166).
cost(21, 5, 463719).
cost(21, 6, 206777).
cost(21, 7, 461706).
cost(21, 8, 405214).
cost(21, 9, 466340).
cost(21, 10, 765915).
cost(21, 11, 325557).
cost(21, 12, 930532).
cost(21, 13, 784545).
cost(21, 14, 617475).
cost(21, 15, 406791).
cost(21, 16, 371443).
cost(21, 17, 449433).
cost(21, 18, 707831).
cost(21, 19, 138767).
cost(21, 20, 620790).
cost(21, 22, 854760).
cost(22, 1, 348246).
cost(22, 2, 1031681).
cost(22, 3, 907313).
cost(22, 4, 741430).
cost(22, 5, 429024).
cost(22, 6, 784526).
cost(22, 7, 407160).
cost(22, 8, 974512).
cost(22, 9, 642738).
cost(22, 10, 673296).
cost(22, 11, 735551).
cost(22, 12, 116225).
cost(22, 13, 294736).
cost(22, 14, 394148).
cost(22, 15, 821498).
cost(22, 16, 580387).
cost(22, 17, 459686).
cost(22, 18, 875874).
cost(22, 19, 872017).
cost(22, 20, 238136).
cost(22, 21, 854760).
nocross(1,12).
nocross(1,17).
nocross(1,22).
nocross(2,3).
nocross(2,6).
nocross(2,8).
nocross(2,19).
nocross(3,2).
nocross(3,6).
nocross(3,8).
nocross(3,9).
nocross(3,10).
nocross(3,15).
nocross(3,17).
nocross(3,19).
nocross(4,21).
nocross(5,7).
nocross(5,17).
nocross(5,21).
nocross(5,22).
nocross(6,2).
nocross(6,8).
nocross(6,9).
nocross(6,11).
nocross(6,17).
nocross(6,19).
nocross(7,13).
nocross(7,21).
nocross(8,2).
nocross(8,6).
nocross(8,11).
nocross(8,15).
nocross(8,17).
nocross(8,19).
nocross(9,6).
nocross(9,11).
nocross(9,12).
nocross(9,13).
nocross(9,15).
nocross(9,17).
nocross(9,21).
nocross(10,9).
nocross(10,15).
nocross(10,17).
nocross(11,2).
nocross(11,6).
nocross(11,8).
nocross(11,9).
nocross(11,15).
nocross(11,17).
nocross(11,19).
nocross(12,20).
nocross(13,5).
nocross(13,9).
nocross(13,10).
nocross(13,12).
nocross(13,20).
nocross(13,21).
nocross(13,22).
nocross(14,5).
nocross(14,12).
nocross(14,17).
nocross(14,22).
nocross(15,6).
nocross(15,8).
nocross(15,9).
nocross(15,10).
nocross(15,11).
nocross(15,17).
nocross(15,19).
nocross(16,6).
nocross(16,17).
nocross(16,21).
nocross(17,21).
nocross(17,22).
nocross(18,2).
nocross(18,9).
nocross(18,10).
nocross(18,15).
nocross(18,17).
nocross(19,6).
nocross(19,8).
nocross(19,11).
nocross(19,15).
nocross(19,17).
nocross(19,21).
nocross(20,1).
nocross(20,5).
nocross(20,10).
nocross(20,17).
nocross(21,6).
nocross(21,17).
nocross(22,5).
nocross(22,10).
nocross(22,12).
nocross(22,13).
nocross(22,16).
