dimension(18).
point(1, 342384.0, -97308.0).
point(2, -135027.0, -25798.0).
point(3, -647643.0, 266158.0).
point(4, 195459.0, 43217.0).
point(5, 118659.0, 464446.0).
point(6, -109635.0, -284950.0).
point(7, 4740.0, 11126.0).
point(8, -67223.0, -908390.0).
point(9, 118221.0, 241387.0).
point(10, 148403.0, -133430.0).
point(11, -149174.0, 31788.0).
point(12, 96794.0, -169504.0).
point(13, -249017.0, -140033.0).
point(14, -172588.0, 96365.0).
point(15, 487785.0, -453052.0).
point(16, 134290.0, -197403.0).
point(17, 207246.0, 196581.0).
point(18, 81692.0, 167230.0).
cost(1, 2, 482737).
cost(1, 3, 1054638).
cost(1, 4, 203308).
cost(1, 5, 604666).
cost(1, 6, 489419).
cost(1, 7, 354629).
cost(1, 8, 908643).
cost(1, 9, 406157).
cost(1, 10, 197316).
cost(1, 11, 508227).
cost(1, 12, 255982).
cost(1, 13, 592942).
cost(1, 14, 550187).
cost(1, 15, 384311).
cost(1, 16, 230916).
cost(1, 17, 323470).
cost(1, 18, 371404).
cost(2, 1, 482737).
cost(2, 3, 589927).
cost(2, 4, 337615).
cost(2, 5, 551993).
cost(2, 6, 260393).
cost(2, 7, 144562).
cost(2, 8, 885193).
cost(2, 9, 368134).
cost(2, 10, 303179).
cost(2, 11, 59298).
cost(2, 12, 272750).
cost(2, 13, 161380).
cost(2, 14, 127807).
cost(2, 15, 755275).
cost(2, 16, 319343).
cost(2, 17, 408171).
cost(2, 18, 290219).
cost(3, 1, 1054638).
cost(3, 2, 589927).
cost(3, 4, 872080).
cost(3, 5, 791541).
cost(3, 6, 770177).
cost(3, 7, 700460).
cost(3, 8, 1310134).
cost(3, 9, 766264).
cost(3, 10, 890707).
cost(3, 11, 550818).
cost(3, 12, 862547).
cost(3, 13, 569117).
cost(3, 14, 504487).
cost(3, 15, 1344046).
cost(3, 16, 909015).
cost(3, 17, 857716).
cost(3, 18, 736014).
cost(4, 1, 203308).
cost(4, 2, 337615).
cost(4, 3, 872080).
cost(4, 5, 428173).
cost(4, 6, 448080).
cost(4, 7, 193400).
cost(4, 8, 987197).
cost(4, 9, 212690).
cost(4, 10, 182807).
cost(4, 11, 344822).
cost(4, 12, 234489).
cost(4, 13, 480770).
cost(4, 14, 371865).
cost(4, 15, 575967).
cost(4, 16, 248273).
cost(4, 17, 153816).
cost(4, 18, 168292).
cost(5, 1, 604666).
cost(5, 2, 551993).
cost(5, 3, 791541).
cost(5, 4, 428173).
cost(5, 6, 783398).
cost(5, 7, 467415).
cost(5, 8, 1385363).
cost(5, 9, 223059).
cost(5, 10, 598615).
cost(5, 11, 508849).
cost(5, 12, 634327).
cost(5, 13, 707517).
cost(5, 14, 469370).
cost(5, 15, 988967).
cost(5, 16, 662034).
cost(5, 17, 282134).
cost(5, 18, 299506).
cost(6, 1, 489419).
cost(6, 2, 260393).
cost(6, 3, 770177).
cost(6, 4, 448080).
cost(6, 5, 783398).
cost(6, 7, 317400).
cost(6, 8, 624881).
cost(6, 9, 573541).
cost(6, 10, 299236).
cost(6, 11, 319196).
cost(6, 12, 236518).
cost(6, 13, 201068).
cost(6, 14, 386477).
cost(6, 15, 620620).
cost(6, 16, 259160).
cost(6, 17, 576442).
cost(6, 18, 490992).
cost(7, 1, 354629).
cost(7, 2, 144562).
cost(7, 3, 700460).
cost(7, 4, 193400).
cost(7, 5, 467415).
cost(7, 6, 317400).
cost(7, 8, 922328).
cost(7, 9, 256706).
cost(7, 10, 203803).
cost(7, 11, 155295).
cost(7, 12, 202734).
cost(7, 13, 295367).
cost(7, 14, 196751).
cost(7, 15, 669921).
cost(7, 16, 245494).
cost(7, 17, 274595).
cost(7, 18, 174040).
cost(8, 1, 908643).
cost(8, 2, 885193).
cost(8, 3, 1310134).
cost(8, 4, 987197).
cost(8, 5, 1385363).
cost(8, 6, 624881).
cost(8, 7, 922328).
cost(8, 9, 1164636).
cost(8, 10, 804399).
cost(8, 11, 943743).
cost(8, 12, 756871).
cost(8, 13, 789570).
cost(8, 14, 1010265).
cost(8, 15, 717890).
cost(8, 16, 738993).
cost(8, 17, 1138549).
cost(8, 18, 1085879).
cost(9, 1, 406157).
cost(9, 2, 368134).
cost(9, 3, 766264).
cost(9, 4, 212690).
cost(9, 5, 223059).
cost(9, 6, 573541).
cost(9, 7, 256706).
cost(9, 8, 1164636).
cost(9, 10, 376030).
cost(9, 11, 339753).
cost(9, 12, 411449).
cost(9, 13, 529476).
cost(9, 14, 324963).
cost(9, 15, 786653).
cost(9, 16, 439084).
cost(9, 17, 99665).
cost(9, 18, 82666).
cost(10, 1, 197316).
cost(10, 2, 303179).
cost(10, 3, 890707).
cost(10, 4, 182807).
cost(10, 5, 598615).
cost(10, 6, 299236).
cost(10, 7, 203803).
cost(10, 8, 804399).
cost(10, 9, 376030).
cost(10, 11, 340366).
cost(10, 12, 62967).
cost(10, 13, 397475).
cost(10, 14, 394767).
cost(10, 15, 466196).
cost(10, 16, 65511).
cost(10, 17, 335216).
cost(10, 18, 307972).
cost(11, 1, 508227).
cost(11, 2, 59298).
cost(11, 3, 550818).
cost(11, 4, 344822).
cost(11, 5, 508849).
cost(11, 6, 319196).
cost(11, 7, 155295).
cost(11, 8, 943743).
cost(11, 9, 339753).
cost(11, 10, 340366).
cost(11, 12, 317834).
cost(11, 13, 198724).
cost(11, 14, 68691).
cost(11, 15, 800491).
cost(11, 16, 364528).
cost(11, 17, 392673).
cost(11, 18, 267663).
cost(12, 1, 255982).
cost(12, 2, 272750).
cost(12, 3, 862547).
cost(12, 4, 234489).
cost(12, 5, 634327).
cost(12, 6, 236518).
cost(12, 7, 202734).
cost(12, 8, 756871).
cost(12, 9, 411449).
cost(12, 10, 62967).
cost(12, 11, 317834).
cost(12, 13, 347065).
cost(12, 14, 378488).
cost(12, 15, 482984).
cost(12, 16, 46737).
cost(12, 17, 382384).
cost(12, 18, 337072).
cost(13, 1, 592942).
cost(13, 2, 161380).
cost(13, 3, 569117).
cost(13, 4, 480770).
cost(13, 5, 707517).
cost(13, 6, 201068).
cost(13, 7, 295367).
cost(13, 8, 789570).
cost(13, 9, 529476).
cost(13, 10, 397475).
cost(13, 11, 198724).
cost(13, 12, 347065).
cost(13, 14, 248446).
cost(13, 15, 800536).
cost(13, 16, 387577).
cost(13, 17, 566996).
cost(13, 18, 451419).
cost(14, 1, 550187).
cost(14, 2, 127807).
cost(14, 3, 504487).
cost(14, 4, 371865).
cost(14, 5, 469370).
cost(14, 6, 386477).
cost(14, 7, 196751).
cost(14, 8, 1010265).
cost(14, 9, 324963).
cost(14, 10, 394767).
cost(14, 11, 68691).
cost(14, 12, 378488).
cost(14, 13, 248446).
cost(14, 15, 859041).
cost(14, 16, 424822).
cost(14, 17, 392832).
cost(14, 18, 263970).
cost(15, 1, 384311).
cost(15, 2, 755275).
cost(15, 3, 1344046).
cost(15, 4, 575967).
cost(15, 5, 988967).
cost(15, 6, 620620).
cost(15, 7, 669921).
cost(15, 8, 717890).
cost(15, 9, 786653).
cost(15, 10, 466196).
cost(15, 11, 800491).
cost(15, 12, 482984).
cost(15, 13, 800536).
cost(15, 14, 859041).
cost(15, 16, 436251).
cost(15, 17, 707619).
cost(15, 18, 741391).
cost(16, 1, 230916).
cost(16, 2, 319343).
cost(16, 3, 909015).
cost(16, 4, 248273).
cost(16, 5, 662034).
cost(16, 6, 259160).
cost(16, 7, 245494).
cost(16, 8, 738993).
cost(16, 9, 439084).
cost(16, 10, 65511).
cost(16, 11, 364528).
cost(16, 12, 46737).
cost(16, 13, 387577).
cost(16, 14, 424822).
cost(16, 15, 436251).
cost(16, 17, 400682).
cost(16, 18, 368407).
cost(17, 1, 323470).
cost(17, 2, 408171).
cost(17, 3, 857716).
cost(17, 4, 153816).
cost(17, 5, 282134).
cost(17, 6, 576442).
cost(17, 7, 274595).
cost(17, 8, 1138549).
cost(17, 9, 99665).
cost(17, 10, 335216).
cost(17, 11, 392673).
cost(17, 12, 382384).
cost(17, 13, 566996).
cost(17, 14, 392832).
cost(17, 15, 707619).
cost(17, 16, 400682).
cost(17, 18, 128939).
cost(18, 1, 371404).
cost(18, 2, 290219).
cost(18, 3, 736014).
cost(18, 4, 168292).
cost(18, 5, 299506).
cost(18, 6, 490992).
cost(18, 7, 174040).
cost(18, 8, 1085879).
cost(18, 9, 82666).
cost(18, 10, 307972).
cost(18, 11, 267663).
cost(18, 12, 337072).
cost(18, 13, 451419).
cost(18, 14, 263970).
cost(18, 15, 741391).
cost(18, 16, 368407).
cost(18, 17, 128939).
nocross(1,16).
nocross(1,17).
nocross(2,3).
nocross(2,6).
nocross(2,11).
nocross(2,13).
nocross(2,14).
nocross(3,2).
nocross(3,11).
nocross(3,13).
nocross(3,14).
nocross(4,1).
nocross(4,17).
nocross(4,18).
nocross(5,3).
nocross(5,9).
nocross(5,11).
nocross(5,14).
nocross(5,17).
nocross(5,18).
nocross(6,2).
nocross(6,11).
nocross(6,13).
nocross(6,18).
nocross(7,1).
nocross(7,11).
nocross(7,14).
nocross(7,18).
nocross(8,6).
nocross(8,15).
nocross(8,16).
nocross(9,3).
nocross(9,5).
nocross(9,11).
nocross(9,14).
nocross(9,17).
nocross(9,18).
nocross(10,17).
nocross(10,18).
nocross(11,2).
nocross(11,3).
nocross(11,5).
nocross(11,7).
nocross(11,13).
nocross(11,14).
nocross(11,18).
nocross(12,6).
nocross(12,16).
nocross(12,18).
nocross(13,2).
nocross(13,6).
nocross(13,11).
nocross(13,18).
nocross(14,2).
nocross(14,3).
nocross(14,5).
nocross(14,7).
nocross(14,11).
nocross(14,13).
nocross(14,18).
nocross(15,1).
nocross(16,1).
nocross(16,6).
nocross(16,10).
nocross(16,12).
nocross(16,17).
nocross(16,18).
nocross(17,5).
nocross(17,9).
nocross(17,11).
nocross(17,18).
nocross(18,1).
nocross(18,11).
nocross(18,14).
nocross(18,17).
