dimension(18).
point(1, 281233.0, 294452.0).
point(2, -445983.0, -422008.0).
point(3, 108241.0, -379909.0).
point(4, -70374.0, -522759.0).
point(5, 497538.0, 428815.0).
point(6, 339137.0, -138801.0).
point(7, -220153.0, 163162.0).
point(8, 207668.0, 37697.0).
point(9, 98852.0, -38889.0).
point(10, -1204.0, -394306.0).
point(11, -15454.0, 113798.0).
point(12, -275773.0, 684060.0).
point(13, -85150.0, -163823.0).
point(14, 231264.0, 179210.0).
point(15, -47739.0, -266037.0).
point(16, -377818.0, 255804.0).
point(17, -115840.0, -112953.0).
point(18, -23187.0, 286787.0).
cost(1, 2, 1020861).
cost(1, 3, 696196).
cost(1, 4, 889641).
cost(1, 5, 254639).
cost(1, 6, 437105).
cost(1, 7, 518290).
cost(1, 8, 267086).
cost(1, 9, 379972).
cost(1, 10, 744418).
cost(1, 11, 347360).
cost(1, 12, 679743).
cost(1, 13, 586730).
cost(1, 14, 125609).
cost(1, 15, 649900).
cost(1, 16, 660183).
cost(1, 17, 568899).
cost(1, 18, 304516).
cost(2, 1, 1020861).
cost(2, 3, 555821).
cost(2, 4, 388887).
cost(2, 5, 1270485).
cost(2, 6, 834637).
cost(2, 7, 627234).
cost(2, 8, 799117).
cost(2, 9, 666052).
cost(2, 10, 445641).
cost(2, 11, 687345).
cost(2, 12, 1119088).
cost(2, 13, 443689).
cost(2, 14, 905608).
cost(2, 15, 427698).
cost(2, 16, 681231).
cost(2, 17, 452227).
cost(2, 18, 825316).
cost(3, 1, 696196).
cost(3, 2, 555821).
cost(3, 4, 228713).
cost(3, 5, 897545).
cost(3, 6, 333835).
cost(3, 7, 634641).
cost(3, 8, 429279).
cost(3, 9, 341149).
cost(3, 10, 110388).
cost(3, 11, 508967).
cost(3, 12, 1131148).
cost(3, 13, 289988).
cost(3, 14, 572493).
cost(3, 15, 193123).
cost(3, 16, 800240).
cost(3, 17, 348537).
cost(3, 18, 679527).
cost(4, 1, 889641).
cost(4, 2, 388887).
cost(4, 3, 228713).
cost(4, 5, 1108159).
cost(4, 6, 561358).
cost(4, 7, 702084).
cost(4, 8, 625634).
cost(4, 9, 512609).
cost(4, 10, 145893).
cost(4, 11, 638922).
cost(4, 12, 1224174).
cost(4, 13, 359240).
cost(4, 14, 764033).
cost(4, 15, 257718).
cost(4, 16, 837068).
cost(4, 17, 412320).
cost(4, 18, 810920).
cost(5, 1, 254639).
cost(5, 2, 1270485).
cost(5, 3, 897545).
cost(5, 4, 1108159).
cost(5, 6, 589304).
cost(5, 7, 765279).
cost(5, 8, 486824).
cost(5, 9, 614571).
cost(5, 10, 962430).
cost(5, 11, 601994).
cost(5, 12, 814346).
cost(5, 13, 831111).
cost(5, 14, 364972).
cost(5, 15, 883259).
cost(5, 16, 892290).
cost(5, 17, 818380).
cost(5, 18, 539747).
cost(6, 1, 437105).
cost(6, 2, 834637).
cost(6, 3, 333835).
cost(6, 4, 561358).
cost(6, 5, 589304).
cost(6, 7, 635600).
cost(6, 8, 220081).
cost(6, 9, 260229).
cost(6, 10, 425576).
cost(6, 11, 435363).
cost(6, 12, 1027236).
cost(6, 13, 425024).
cost(6, 14, 335809).
cost(6, 15, 407262).
cost(6, 16, 818375).
cost(6, 17, 455711).
cost(6, 18, 558931).
cost(7, 1, 518290).
cost(7, 2, 627234).
cost(7, 3, 634641).
cost(7, 4, 702084).
cost(7, 5, 765279).
cost(7, 6, 635600).
cost(7, 8, 445839).
cost(7, 9, 377609).
cost(7, 10, 598923).
cost(7, 11, 210567).
cost(7, 12, 523859).
cost(7, 13, 353758).
cost(7, 14, 451702).
cost(7, 15, 462535).
cost(7, 16, 182868).
cost(7, 17, 295162).
cost(7, 18, 232548).
cost(8, 1, 267086).
cost(8, 2, 799117).
cost(8, 3, 429279).
cost(8, 4, 625634).
cost(8, 5, 486824).
cost(8, 6, 220081).
cost(8, 7, 445839).
cost(8, 9, 133065).
cost(8, 10, 479848).
cost(8, 11, 235743).
cost(8, 12, 807156).
cost(8, 13, 355461).
cost(8, 14, 143467).
cost(8, 15, 396846).
cost(8, 16, 624792).
cost(8, 17, 356865).
cost(8, 18, 339617).
cost(9, 1, 379972).
cost(9, 2, 666052).
cost(9, 3, 341149).
cost(9, 4, 512609).
cost(9, 5, 614571).
cost(9, 6, 260229).
cost(9, 7, 377609).
cost(9, 8, 133065).
cost(9, 10, 369232).
cost(9, 11, 190733).
cost(9, 12, 814248).
cost(9, 13, 222408).
cost(9, 14, 255147).
cost(9, 15, 270343).
cost(9, 16, 560409).
cost(9, 17, 227108).
cost(9, 18, 347791).
cost(10, 1, 744418).
cost(10, 2, 445641).
cost(10, 3, 110388).
cost(10, 4, 145893).
cost(10, 5, 962430).
cost(10, 6, 425576).
cost(10, 7, 598923).
cost(10, 8, 479848).
cost(10, 9, 369232).
cost(10, 11, 508304).
cost(10, 12, 1112772).
cost(10, 13, 245294).
cost(10, 14, 618839).
cost(10, 15, 136449).
cost(10, 16, 751320).
cost(10, 17, 303811).
cost(10, 18, 681448).
cost(11, 1, 347360).
cost(11, 2, 687345).
cost(11, 3, 508967).
cost(11, 4, 638922).
cost(11, 5, 601994).
cost(11, 6, 435363).
cost(11, 7, 210567).
cost(11, 8, 235743).
cost(11, 9, 190733).
cost(11, 10, 508304).
cost(11, 12, 626869).
cost(11, 13, 286236).
cost(11, 14, 255242).
cost(11, 15, 381205).
cost(11, 16, 389196).
cost(11, 17, 247979).
cost(11, 18, 173162).
cost(12, 1, 679743).
cost(12, 2, 1119088).
cost(12, 3, 1131148).
cost(12, 4, 1224174).
cost(12, 5, 814346).
cost(12, 6, 1027236).
cost(12, 7, 523859).
cost(12, 8, 807156).
cost(12, 9, 814248).
cost(12, 10, 1112772).
cost(12, 11, 626869).
cost(12, 13, 869047).
cost(12, 14, 715514).
cost(12, 15, 977079).
cost(12, 16, 440246).
cost(12, 17, 812901).
cost(12, 18, 470771).
cost(13, 1, 586730).
cost(13, 2, 443689).
cost(13, 3, 289988).
cost(13, 4, 359240).
cost(13, 5, 831111).
cost(13, 6, 425024).
cost(13, 7, 353758).
cost(13, 8, 355461).
cost(13, 9, 222408).
cost(13, 10, 245294).
cost(13, 11, 286236).
cost(13, 12, 869047).
cost(13, 14, 466679).
cost(13, 15, 108845).
cost(13, 16, 511607).
cost(13, 17, 59411).
cost(13, 18, 454850).
cost(14, 1, 125609).
cost(14, 2, 905608).
cost(14, 3, 572493).
cost(14, 4, 764033).
cost(14, 5, 364972).
cost(14, 6, 335809).
cost(14, 7, 451702).
cost(14, 8, 143467).
cost(14, 9, 255147).
cost(14, 10, 618839).
cost(14, 11, 255242).
cost(14, 12, 715514).
cost(14, 13, 466679).
cost(14, 15, 525440).
cost(14, 16, 613879).
cost(14, 17, 453696).
cost(14, 18, 276257).
cost(15, 1, 649900).
cost(15, 2, 427698).
cost(15, 3, 193123).
cost(15, 4, 257718).
cost(15, 5, 883259).
cost(15, 6, 407262).
cost(15, 7, 462535).
cost(15, 8, 396846).
cost(15, 9, 270343).
cost(15, 10, 136449).
cost(15, 11, 381205).
cost(15, 12, 977079).
cost(15, 13, 108845).
cost(15, 14, 525440).
cost(15, 16, 617471).
cost(15, 17, 167548).
cost(15, 18, 553369).
cost(16, 1, 660183).
cost(16, 2, 681231).
cost(16, 3, 800240).
cost(16, 4, 837068).
cost(16, 5, 892290).
cost(16, 6, 818375).
cost(16, 7, 182868).
cost(16, 8, 624792).
cost(16, 9, 560409).
cost(16, 10, 751320).
cost(16, 11, 389196).
cost(16, 12, 440246).
cost(16, 13, 511607).
cost(16, 14, 613879).
cost(16, 15, 617471).
cost(16, 17, 452343).
cost(16, 18, 355982).
cost(17, 1, 568899).
cost(17, 2, 452227).
cost(17, 3, 348537).
cost(17, 4, 412320).
cost(17, 5, 818380).
cost(17, 6, 455711).
cost(17, 7, 295162).
cost(17, 8, 356865).
cost(17, 9, 227108).
cost(17, 10, 303811).
cost(17, 11, 247979).
cost(17, 12, 812901).
cost(17, 13, 59411).
cost(17, 14, 453696).
cost(17, 15, 167548).
cost(17, 16, 452343).
cost(17, 18, 410337).
cost(18, 1, 304516).
cost(18, 2, 825316).
cost(18, 3, 679527).
cost(18, 4, 810920).
cost(18, 5, 539747).
cost(18, 6, 558931).
cost(18, 7, 232548).
cost(18, 8, 339617).
cost(18, 9, 347791).
cost(18, 10, 681448).
cost(18, 11, 173162).
cost(18, 12, 470771).
cost(18, 13, 454850).
cost(18, 14, 276257).
cost(18, 15, 553369).
cost(18, 16, 355982).
cost(18, 17, 410337).
nocross(1,5).
nocross(1,18).
nocross(2,4).
nocross(2,13).
nocross(2,15).
nocross(2,17).
nocross(3,4).
nocross(3,6).
nocross(3,10).
nocross(3,13).
nocross(3,15).
nocross(4,3).
nocross(4,10).
nocross(4,15).
nocross(4,17).
nocross(5,6).
nocross(5,8).
nocross(5,14).
nocross(5,18).
nocross(6,3).
nocross(6,5).
nocross(6,8).
nocross(6,9).
nocross(6,13).
nocross(6,15).
nocross(6,17).
nocross(7,11).
nocross(7,13).
nocross(7,17).
nocross(7,18).
nocross(8,1).
nocross(8,3).
nocross(8,6).
nocross(8,14).
nocross(8,17).
nocross(9,1).
nocross(9,3).
nocross(9,13).
nocross(9,15).
nocross(9,17).
nocross(10,3).
nocross(10,4).
nocross(10,15).
nocross(10,17).
nocross(11,1).
nocross(11,7).
nocross(11,8).
nocross(11,9).
nocross(11,13).
nocross(11,17).
nocross(12,5).
nocross(12,7).
nocross(12,16).
nocross(12,17).
nocross(12,18).
nocross(13,4).
nocross(13,9).
nocross(13,15).
nocross(13,17).
nocross(14,1).
nocross(14,5).
nocross(14,8).
nocross(14,9).
nocross(14,11).
nocross(14,17).
nocross(14,18).
nocross(15,3).
nocross(15,10).
nocross(15,13).
nocross(15,17).
nocross(16,18).
nocross(17,7).
nocross(17,11).
nocross(17,13).
nocross(18,1).
nocross(18,7).
nocross(18,8).
nocross(18,9).
nocross(18,11).
nocross(18,17).
