dimension(18).
point(1, 166444.0, -122439.0).
point(2, 262598.0, -234416.0).
point(3, -220852.0, 398343.0).
point(4, -129705.0, 88538.0).
point(5, -177788.0, -30167.0).
point(6, -473432.0, -125855.0).
point(7, 264079.0, -266711.0).
point(8, -18855.0, 464308.0).
point(9, 59731.0, 250077.0).
point(10, -249445.0, 388534.0).
point(11, -40051.0, 96245.0).
point(12, 315471.0, -388747.0).
point(13, 388763.0, -215973.0).
point(14, -228852.0, -187422.0).
point(15, -6944.0, -7949.0).
point(16, 228346.0, -242166.0).
point(17, 252698.0, -7477.0).
point(18, -185106.0, -188322.0).
cost(1, 2, 147596).
cost(1, 3, 649009).
cost(1, 4, 363615).
cost(1, 5, 356384).
cost(1, 6, 639885).
cost(1, 7, 174204).
cost(1, 8, 615311).
cost(1, 9, 387499).
cost(1, 10, 658830).
cost(1, 11, 300770).
cost(1, 12, 305170).
cost(1, 13, 241194).
cost(1, 14, 400602).
cost(1, 15, 207777).
cost(1, 16, 134783).
cost(1, 17, 143722).
cost(1, 18, 357670).
cost(2, 1, 147596).
cost(2, 3, 796309).
cost(2, 4, 508135).
cost(2, 5, 485446).
cost(2, 6, 743993).
cost(2, 7, 32329).
cost(2, 8, 753280).
cost(2, 9, 525251).
cost(2, 10, 806384).
cost(2, 11, 448256).
cost(2, 12, 163137).
cost(2, 13, 127506).
cost(2, 14, 493692).
cost(2, 15, 352051).
cost(2, 16, 35118).
cost(2, 17, 227155).
cost(2, 18, 450071).
cost(3, 1, 649009).
cost(3, 2, 796309).
cost(3, 4, 322935).
cost(3, 5, 430668).
cost(3, 6, 581876).
cost(3, 7, 823076).
cost(3, 8, 212495).
cost(3, 9, 317348).
cost(3, 10, 30229).
cost(3, 11, 352068).
cost(3, 12, 952446).
cost(3, 13, 865456).
cost(3, 14, 585820).
cost(3, 15, 459162).
cost(3, 16, 782324).
cost(3, 17, 623650).
cost(3, 18, 587753).
cost(4, 1, 363615).
cost(4, 2, 508135).
cost(4, 3, 322935).
cost(4, 5, 128074).
cost(4, 6, 405108).
cost(4, 7, 530347).
cost(4, 8, 391779).
cost(4, 9, 248960).
cost(4, 10, 323010).
cost(4, 11, 89985).
cost(4, 12, 652673).
cost(4, 13, 601279).
cost(4, 14, 293230).
cost(4, 15, 156141).
cost(4, 16, 487407).
cost(4, 17, 394273).
cost(4, 18, 282349).
cost(5, 1, 356384).
cost(5, 2, 485446).
cost(5, 3, 430668).
cost(5, 4, 128074).
cost(5, 6, 310744).
cost(5, 7, 501198).
cost(5, 8, 519389).
cost(5, 9, 367358).
cost(5, 10, 424788).
cost(5, 11, 186953).
cost(5, 12, 609823).
cost(5, 13, 596241).
cost(5, 14, 165338).
cost(5, 15, 172283).
cost(5, 16, 458136).
cost(5, 17, 431084).
cost(5, 18, 158324).
cost(6, 1, 639885).
cost(6, 2, 743993).
cost(6, 3, 581876).
cost(6, 4, 405108).
cost(6, 5, 310744).
cost(6, 7, 750841).
cost(6, 8, 744938).
cost(6, 9, 652371).
cost(6, 10, 561040).
cost(6, 11, 486978).
cost(6, 12, 831553).
cost(6, 13, 866892).
cost(6, 14, 252210).
cost(6, 15, 481158).
cost(6, 16, 711351).
cost(6, 17, 735716).
cost(6, 18, 295015).
cost(7, 1, 174204).
cost(7, 2, 32329).
cost(7, 3, 823076).
cost(7, 4, 530347).
cost(7, 5, 501198).
cost(7, 6, 750841).
cost(7, 8, 783863).
cost(7, 9, 555723).
cost(7, 10, 832498).
cost(7, 11, 473532).
cost(7, 12, 132416).
cost(7, 13, 134612).
cost(7, 14, 499267).
cost(7, 15, 374715).
cost(7, 16, 43351).
cost(7, 17, 259484).
cost(7, 18, 455974).
cost(8, 1, 615311).
cost(8, 2, 753280).
cost(8, 3, 212495).
cost(8, 4, 391779).
cost(8, 5, 519389).
cost(8, 6, 744938).
cost(8, 7, 783863).
cost(8, 9, 228190).
cost(8, 10, 242721).
cost(8, 11, 368673).
cost(8, 12, 916230).
cost(8, 13, 793054).
cost(8, 14, 684727).
cost(8, 15, 472407).
cost(8, 16, 748474).
cost(8, 17, 544355).
cost(8, 18, 673473).
cost(9, 1, 387499).
cost(9, 2, 525251).
cost(9, 3, 317348).
cost(9, 4, 248960).
cost(9, 5, 367358).
cost(9, 6, 652371).
cost(9, 7, 555723).
cost(9, 8, 228190).
cost(9, 10, 338763).
cost(9, 11, 183360).
cost(9, 12, 688113).
cost(9, 13, 570495).
cost(9, 14, 524104).
cost(9, 15, 266501).
cost(9, 16, 520321).
cost(9, 17, 321823).
cost(9, 18, 502134).
cost(10, 1, 658830).
cost(10, 2, 806384).
cost(10, 3, 30229).
cost(10, 4, 323010).
cost(10, 5, 424788).
cost(10, 6, 561040).
cost(10, 7, 832498).
cost(10, 8, 242721).
cost(10, 9, 338763).
cost(10, 11, 359553).
cost(10, 12, 960883).
cost(10, 13, 879055).
cost(10, 14, 576324).
cost(10, 15, 464764).
cost(10, 16, 791244).
cost(10, 17, 639509).
cost(10, 18, 580433).
cost(11, 1, 300770).
cost(11, 2, 448256).
cost(11, 3, 352068).
cost(11, 4, 89985).
cost(11, 5, 186953).
cost(11, 6, 486978).
cost(11, 7, 473532).
cost(11, 8, 368673).
cost(11, 9, 183360).
cost(11, 10, 359553).
cost(11, 12, 601343).
cost(11, 13, 530435).
cost(11, 14, 340753).
cost(11, 15, 109327).
cost(11, 16, 431925).
cost(11, 17, 310580).
cost(11, 18, 319405).
cost(12, 1, 305170).
cost(12, 2, 163137).
cost(12, 3, 952446).
cost(12, 4, 652673).
cost(12, 5, 609823).
cost(12, 6, 831553).
cost(12, 7, 132416).
cost(12, 8, 916230).
cost(12, 9, 688113).
cost(12, 10, 960883).
cost(12, 11, 601343).
cost(12, 13, 187677).
cost(12, 14, 580361).
cost(12, 15, 498957).
cost(12, 16, 170519).
cost(12, 17, 386403).
cost(12, 18, 539210).
cost(13, 1, 241194).
cost(13, 2, 127506).
cost(13, 3, 865456).
cost(13, 4, 601279).
cost(13, 5, 596241).
cost(13, 6, 866892).
cost(13, 7, 134612).
cost(13, 8, 793054).
cost(13, 9, 570495).
cost(13, 10, 879055).
cost(13, 11, 530435).
cost(13, 12, 187677).
cost(13, 14, 618275).
cost(13, 15, 447055).
cost(13, 16, 162541).
cost(13, 17, 248966).
cost(13, 18, 574535).
cost(14, 1, 400602).
cost(14, 2, 493692).
cost(14, 3, 585820).
cost(14, 4, 293230).
cost(14, 5, 165338).
cost(14, 6, 252210).
cost(14, 7, 499267).
cost(14, 8, 684727).
cost(14, 9, 524104).
cost(14, 10, 576324).
cost(14, 11, 340753).
cost(14, 12, 580361).
cost(14, 13, 618275).
cost(14, 15, 285401).
cost(14, 16, 460464).
cost(14, 17, 514073).
cost(14, 18, 43755).
cost(15, 1, 207777).
cost(15, 2, 352051).
cost(15, 3, 459162).
cost(15, 4, 156141).
cost(15, 5, 172283).
cost(15, 6, 481158).
cost(15, 7, 374715).
cost(15, 8, 472407).
cost(15, 9, 266501).
cost(15, 10, 464764).
cost(15, 11, 109327).
cost(15, 12, 498957).
cost(15, 13, 447055).
cost(15, 14, 285401).
cost(15, 16, 331992).
cost(15, 17, 259642).
cost(15, 18, 253527).
cost(16, 1, 134783).
cost(16, 2, 35118).
cost(16, 3, 782324).
cost(16, 4, 487407).
cost(16, 5, 458136).
cost(16, 6, 711351).
cost(16, 7, 43351).
cost(16, 8, 748474).
cost(16, 9, 520321).
cost(16, 10, 791244).
cost(16, 11, 431925).
cost(16, 12, 170519).
cost(16, 13, 162541).
cost(16, 14, 460464).
cost(16, 15, 331992).
cost(16, 17, 235949).
cost(16, 18, 416943).
cost(17, 1, 143722).
cost(17, 2, 227155).
cost(17, 3, 623650).
cost(17, 4, 394273).
cost(17, 5, 431084).
cost(17, 6, 735716).
cost(17, 7, 259484).
cost(17, 8, 544355).
cost(17, 9, 321823).
cost(17, 10, 639509).
cost(17, 11, 310580).
cost(17, 12, 386403).
cost(17, 13, 248966).
cost(17, 14, 514073).
cost(17, 15, 259642).
cost(17, 16, 235949).
cost(17, 18, 473685).
cost(18, 1, 357670).
cost(18, 2, 450071).
cost(18, 3, 587753).
cost(18, 4, 282349).
cost(18, 5, 158324).
cost(18, 6, 295015).
cost(18, 7, 455974).
cost(18, 8, 673473).
cost(18, 9, 502134).
cost(18, 10, 580433).
cost(18, 11, 319405).
cost(18, 12, 539210).
cost(18, 13, 574535).
cost(18, 14, 43755).
cost(18, 15, 253527).
cost(18, 16, 416943).
cost(18, 17, 473685).
nocross(1,2).
nocross(1,11).
nocross(1,15).
nocross(1,18).
nocross(2,1).
nocross(2,17).
nocross(3,4).
nocross(3,6).
nocross(3,9).
nocross(3,11).
nocross(4,5).
nocross(4,10).
nocross(4,11).
nocross(4,14).
nocross(4,15).
nocross(4,18).
nocross(5,4).
nocross(5,6).
nocross(5,10).
nocross(5,14).
nocross(5,15).
nocross(5,18).
nocross(6,4).
nocross(6,5).
nocross(6,10).
nocross(6,14).
nocross(6,18).
nocross(7,2).
nocross(7,16).
nocross(8,4).
nocross(8,6).
nocross(8,9).
nocross(8,11).
nocross(8,17).
nocross(9,4).
nocross(9,8).
nocross(9,10).
nocross(9,11).
nocross(9,15).
nocross(9,17).
nocross(10,4).
nocross(10,6).
nocross(10,9).
nocross(10,11).
nocross(11,4).
nocross(11,9).
nocross(11,10).
nocross(11,15).
nocross(11,17).
nocross(11,18).
nocross(12,18).
nocross(13,7).
nocross(13,17).
nocross(14,4).
nocross(14,5).
nocross(14,6).
nocross(14,18).
nocross(15,4).
nocross(15,6).
nocross(15,10).
nocross(15,11).
nocross(15,17).
nocross(15,18).
nocross(16,1).
nocross(16,7).
nocross(16,17).
nocross(16,18).
nocross(17,1).
nocross(17,9).
nocross(17,15).
nocross(17,18).
nocross(18,4).
nocross(18,5).
nocross(18,6).
nocross(18,11).
nocross(18,14).
nocross(18,15).
