dimension(18).
point(1, -195608.0, -63734.0).
point(2, 169656.0, -257171.0).
point(3, -9620.0, -93905.0).
point(4, -249982.0, 389513.0).
point(5, -200826.0, 97209.0).
point(6, 197754.0, 7667.0).
point(7, -103874.0, 24348.0).
point(8, -389187.0, -117052.0).
point(9, 73345.0, 257067.0).
point(10, -54994.0, -398408.0).
point(11, -319805.0, 359073.0).
point(12, -172014.0, -74539.0).
point(13, -129724.0, 256017.0).
point(14, -182701.0, -310642.0).
point(15, 313973.0, -621006.0).
point(16, 46953.0, -235382.0).
point(17, 325356.0, 221063.0).
point(18, -201436.0, -359979.0).
cost(1, 2, 413323).
cost(1, 3, 188419).
cost(1, 4, 456497).
cost(1, 5, 161028).
cost(1, 6, 399790).
cost(1, 7, 127175).
cost(1, 8, 200788).
cost(1, 9, 418628).
cost(1, 10, 363014).
cost(1, 11, 440671).
cost(1, 12, 25950).
cost(1, 13, 326468).
cost(1, 14, 247245).
cost(1, 15, 755132).
cost(1, 16, 297151).
cost(1, 17, 593728).
cost(1, 18, 296302).
cost(2, 1, 413323).
cost(2, 3, 242478).
cost(2, 4, 770906).
cost(2, 5, 512681).
cost(2, 6, 266324).
cost(2, 7, 392520).
cost(2, 8, 576141).
cost(2, 9, 523179).
cost(2, 10, 265359).
cost(2, 11, 786974).
cost(2, 12, 387418).
cost(2, 13, 594130).
cost(2, 14, 356391).
cost(2, 15, 391412).
cost(2, 16, 124623).
cost(2, 17, 502942).
cost(2, 18, 385070).
cost(3, 1, 188419).
cost(3, 2, 242478).
cost(3, 4, 539877).
cost(3, 5, 270341).
cost(3, 6, 230913).
cost(3, 7, 151220).
cost(3, 8, 380272).
cost(3, 9, 360645).
cost(3, 10, 307865).
cost(3, 11, 549003).
cost(3, 12, 163545).
cost(3, 13, 369960).
cost(3, 14, 277366).
cost(3, 15, 618505).
cost(3, 16, 152369).
cost(3, 17, 459798).
cost(3, 18, 328007).
cost(4, 1, 456497).
cost(4, 2, 770906).
cost(4, 3, 539877).
cost(4, 5, 296408).
cost(4, 6, 588450).
cost(4, 7, 393310).
cost(4, 8, 525344).
cost(4, 9, 349403).
cost(4, 10, 811689).
cost(4, 11, 76170).
cost(4, 12, 470556).
cost(4, 13, 179675).
cost(4, 14, 703380).
cost(4, 15, 1157235).
cost(4, 16, 691856).
cost(4, 17, 599491).
cost(4, 18, 751063).
cost(5, 1, 161028).
cost(5, 2, 512681).
cost(5, 3, 270341).
cost(5, 4, 296408).
cost(5, 6, 408514).
cost(5, 7, 121278).
cost(5, 8, 285285).
cost(5, 9, 317371).
cost(5, 10, 516627).
cost(5, 11, 287626).
cost(5, 12, 174148).
cost(5, 13, 173998).
cost(5, 14, 408254).
cost(5, 15, 883658).
cost(5, 16, 414742).
cost(5, 17, 540562).
cost(5, 18, 457188).
cost(6, 1, 399790).
cost(6, 2, 266324).
cost(6, 3, 230913).
cost(6, 4, 588450).
cost(6, 5, 408514).
cost(6, 7, 302089).
cost(6, 8, 600045).
cost(6, 9, 278708).
cost(6, 10, 478308).
cost(6, 11, 625583).
cost(6, 12, 378796).
cost(6, 13, 410998).
cost(6, 14, 496051).
cost(6, 15, 639325).
cost(6, 16, 286031).
cost(6, 17, 248637).
cost(6, 18, 542694).
cost(7, 1, 127175).
cost(7, 2, 392520).
cost(7, 3, 151220).
cost(7, 4, 393310).
cost(7, 5, 121278).
cost(7, 6, 302089).
cost(7, 8, 318430).
cost(7, 9, 292514).
cost(7, 10, 425572).
cost(7, 11, 398330).
cost(7, 12, 120090).
cost(7, 13, 233107).
cost(7, 14, 344140).
cost(7, 15, 768816).
cost(7, 16, 300347).
cost(7, 17, 472160).
cost(7, 18, 396517).
cost(8, 1, 200788).
cost(8, 2, 576141).
cost(8, 3, 380272).
cost(8, 4, 525344).
cost(8, 5, 285285).
cost(8, 6, 600045).
cost(8, 7, 318430).
cost(8, 9, 594896).
cost(8, 10, 436859).
cost(8, 11, 481154).
cost(8, 12, 221295).
cost(8, 13, 454424).
cost(8, 14, 283043).
cost(8, 15, 865103).
cost(8, 16, 451907).
cost(8, 17, 790502).
cost(8, 18, 307024).
cost(9, 1, 418628).
cost(9, 2, 523179).
cost(9, 3, 360645).
cost(9, 4, 349403).
cost(9, 5, 317371).
cost(9, 6, 278708).
cost(9, 7, 292514).
cost(9, 8, 594896).
cost(9, 10, 667921).
cost(9, 11, 406168).
cost(9, 12, 412509).
cost(9, 13, 203072).
cost(9, 14, 622779).
cost(9, 15, 910447).
cost(9, 16, 493156).
cost(9, 17, 254570).
cost(9, 18, 675463).
cost(10, 1, 363014).
cost(10, 2, 265359).
cost(10, 3, 307865).
cost(10, 4, 811689).
cost(10, 5, 516627).
cost(10, 6, 478308).
cost(10, 7, 425572).
cost(10, 8, 436859).
cost(10, 9, 667921).
cost(10, 11, 802435).
cost(10, 12, 344361).
cost(10, 13, 658678).
cost(10, 14, 154958).
cost(10, 15, 430914).
cost(10, 16, 192278).
cost(10, 17, 726918).
cost(10, 18, 151400).
cost(11, 1, 440671).
cost(11, 2, 786974).
cost(11, 3, 549003).
cost(11, 4, 76170).
cost(11, 5, 287626).
cost(11, 6, 625583).
cost(11, 7, 398330).
cost(11, 8, 481154).
cost(11, 9, 406168).
cost(11, 10, 802435).
cost(11, 12, 458106).
cost(11, 13, 216221).
cost(11, 14, 683605).
cost(11, 15, 1167146).
cost(11, 16, 698490).
cost(11, 17, 659757).
cost(11, 18, 728730).
cost(12, 1, 25950).
cost(12, 2, 387418).
cost(12, 3, 163545).
cost(12, 4, 470556).
cost(12, 5, 174148).
cost(12, 6, 378796).
cost(12, 7, 120090).
cost(12, 8, 221295).
cost(12, 9, 412509).
cost(12, 10, 344361).
cost(12, 11, 458106).
cost(12, 13, 333250).
cost(12, 14, 236345).
cost(12, 15, 731307).
cost(12, 16, 271693).
cost(12, 17, 578582).
cost(12, 18, 286952).
cost(13, 1, 326468).
cost(13, 2, 594130).
cost(13, 3, 369960).
cost(13, 4, 179675).
cost(13, 5, 173998).
cost(13, 6, 410998).
cost(13, 7, 233107).
cost(13, 8, 454424).
cost(13, 9, 203072).
cost(13, 10, 658678).
cost(13, 11, 216221).
cost(13, 12, 333250).
cost(13, 14, 569130).
cost(13, 15, 982871).
cost(13, 16, 522195).
cost(13, 17, 456420).
cost(13, 18, 620156).
cost(14, 1, 247245).
cost(14, 2, 356391).
cost(14, 3, 277366).
cost(14, 4, 703380).
cost(14, 5, 408254).
cost(14, 6, 496051).
cost(14, 7, 344140).
cost(14, 8, 283043).
cost(14, 9, 622779).
cost(14, 10, 154958).
cost(14, 11, 683605).
cost(14, 12, 236345).
cost(14, 13, 569130).
cost(14, 15, 585671).
cost(14, 16, 241671).
cost(14, 17, 735413).
cost(14, 18, 52774).
cost(15, 1, 755132).
cost(15, 2, 391412).
cost(15, 3, 618505).
cost(15, 4, 1157235).
cost(15, 5, 883658).
cost(15, 6, 639325).
cost(15, 7, 768816).
cost(15, 8, 865103).
cost(15, 9, 910447).
cost(15, 10, 430914).
cost(15, 11, 1167146).
cost(15, 12, 731307).
cost(15, 13, 982871).
cost(15, 14, 585671).
cost(15, 16, 469047).
cost(15, 17, 842146).
cost(15, 18, 577738).
cost(16, 1, 297151).
cost(16, 2, 124623).
cost(16, 3, 152369).
cost(16, 4, 691856).
cost(16, 5, 414742).
cost(16, 6, 286031).
cost(16, 7, 300347).
cost(16, 8, 451907).
cost(16, 9, 493156).
cost(16, 10, 192278).
cost(16, 11, 698490).
cost(16, 12, 271693).
cost(16, 13, 522195).
cost(16, 14, 241671).
cost(16, 15, 469047).
cost(16, 17, 534650).
cost(16, 18, 277888).
cost(17, 1, 593728).
cost(17, 2, 502942).
cost(17, 3, 459798).
cost(17, 4, 599491).
cost(17, 5, 540562).
cost(17, 6, 248637).
cost(17, 7, 472160).
cost(17, 8, 790502).
cost(17, 9, 254570).
cost(17, 10, 726918).
cost(17, 11, 659757).
cost(17, 12, 578582).
cost(17, 13, 456420).
cost(17, 14, 735413).
cost(17, 15, 842146).
cost(17, 16, 534650).
cost(17, 18, 784296).
cost(18, 1, 296302).
cost(18, 2, 385070).
cost(18, 3, 328007).
cost(18, 4, 751063).
cost(18, 5, 457188).
cost(18, 6, 542694).
cost(18, 7, 396517).
cost(18, 8, 307024).
cost(18, 9, 675463).
cost(18, 10, 151400).
cost(18, 11, 728730).
cost(18, 12, 286952).
cost(18, 13, 620156).
cost(18, 14, 52774).
cost(18, 15, 577738).
cost(18, 16, 277888).
cost(18, 17, 784296).
nocross(1,5).
nocross(1,8).
nocross(1,11).
nocross(1,12).
nocross(1,14).
nocross(2,10).
nocross(2,14).
nocross(2,15).
nocross(2,16).
nocross(3,1).
nocross(3,10).
nocross(3,12).
nocross(3,14).
nocross(4,2).
nocross(5,1).
nocross(5,8).
nocross(5,11).
nocross(5,12).
nocross(6,12).
nocross(6,14).
nocross(6,16).
nocross(7,3).
nocross(7,4).
nocross(7,5).
nocross(7,11).
nocross(8,1).
nocross(8,4).
nocross(8,5).
nocross(8,11).
nocross(8,12).
nocross(8,14).
nocross(8,18).
nocross(9,4).
nocross(9,5).
nocross(9,13).
nocross(10,15).
nocross(10,16).
nocross(12,1).
nocross(12,3).
nocross(13,4).
nocross(13,5).
nocross(13,11).
nocross(14,1).
nocross(14,3).
nocross(14,8).
nocross(14,10).
nocross(14,12).
nocross(14,16).
nocross(15,2).
nocross(15,10).
nocross(16,3).
nocross(16,12).
nocross(16,14).
nocross(18,10).
nocross(18,14).
