dimension(18).
point(1, 292084.0, 98114.0).
point(2, -272834.0, 444447.0).
point(3, 160449.0, 583032.0).
point(4, 156606.0, 108580.0).
point(5, 92316.0, 177131.0).
point(6, -190921.0, 196010.0).
point(7, -65462.0, 328437.0).
point(8, -385694.0, -352951.0).
point(9, 135717.0, 265898.0).
point(10, 288052.0, 184206.0).
point(11, 398664.0, -272985.0).
point(12, 120923.0, -396743.0).
point(13, -75877.0, -74070.0).
point(14, 90262.0, 293425.0).
point(15, 174698.0, -579616.0).
point(16, -8323.0, 316166.0).
point(17, 45258.0, -97941.0).
point(18, -13900.0, 5907.0).
cost(1, 2, 662630).
cost(1, 3, 502467).
cost(1, 4, 135882).
cost(1, 5, 214828).
cost(1, 6, 492826).
cost(1, 7, 425309).
cost(1, 8, 814151).
cost(1, 9, 229351).
cost(1, 10, 86186).
cost(1, 11, 386101).
cost(1, 12, 523622).
cost(1, 13, 406254).
cost(1, 14, 280853).
cost(1, 15, 687821).
cost(1, 16, 371202).
cost(1, 17, 315215).
cost(1, 18, 319575).
cost(2, 1, 662630).
cost(2, 3, 454907).
cost(2, 4, 545184).
cost(2, 5, 452540).
cost(2, 6, 261593).
cost(2, 7, 237616).
cost(2, 8, 805345).
cost(2, 9, 445863).
cost(2, 10, 618319).
cost(2, 11, 982659).
cost(2, 12, 928787).
cost(2, 13, 554664).
cost(2, 14, 393251).
cost(2, 15, 1117582).
cost(2, 16, 293976).
cost(2, 17, 628782).
cost(2, 18, 509278).
cost(3, 1, 502467).
cost(3, 2, 454907).
cost(3, 4, 474468).
cost(3, 5, 411580).
cost(3, 6, 522730).
cost(3, 7, 340374).
cost(3, 8, 1083668).
cost(3, 9, 318097).
cost(3, 10, 418742).
cost(3, 11, 888545).
cost(3, 12, 980572).
cost(3, 13, 698307).
cost(3, 14, 297991).
cost(3, 15, 1162735).
cost(3, 16, 315755).
cost(3, 17, 690647).
cost(3, 18, 602885).
cost(4, 1, 135882).
cost(4, 2, 545184).
cost(4, 3, 474468).
cost(4, 5, 93981).
cost(4, 6, 358356).
cost(4, 7, 312492).
cost(4, 8, 712110).
cost(4, 9, 158699).
cost(4, 10, 151649).
cost(4, 11, 451867).
cost(4, 12, 506581).
cost(4, 13, 295651).
cost(4, 14, 196390).
cost(4, 15, 688434).
cost(4, 16, 265129).
cost(4, 17, 234626).
cost(4, 18, 199033).
cost(5, 1, 214828).
cost(5, 2, 452540).
cost(5, 3, 411580).
cost(5, 4, 93981).
cost(5, 6, 283865).
cost(5, 7, 218603).
cost(5, 8, 713779).
cost(5, 9, 98809).
cost(5, 10, 195864).
cost(5, 11, 544475).
cost(5, 12, 574587).
cost(5, 13, 302309).
cost(5, 14, 116312).
cost(5, 15, 761218).
cost(5, 16, 171636).
cost(5, 17, 279068).
cost(5, 18, 201493).
cost(6, 1, 492826).
cost(6, 2, 261593).
cost(6, 3, 522730).
cost(6, 4, 358356).
cost(6, 5, 283865).
cost(6, 7, 182419).
cost(6, 8, 582490).
cost(6, 9, 334031).
cost(6, 10, 479118).
cost(6, 11, 753370).
cost(6, 12, 669778).
cost(6, 13, 293561).
cost(6, 14, 297580).
cost(6, 15, 857481).
cost(6, 16, 218585).
cost(6, 17, 377078).
cost(6, 18, 259761).
cost(7, 1, 425309).
cost(7, 2, 237616).
cost(7, 3, 340374).
cost(7, 4, 312492).
cost(7, 5, 218603).
cost(7, 6, 182419).
cost(7, 8, 752887).
cost(7, 9, 210675).
cost(7, 10, 381805).
cost(7, 11, 759685).
cost(7, 12, 748749).
cost(7, 13, 402642).
cost(7, 14, 159611).
cost(7, 15, 939275).
cost(7, 16, 58442).
cost(7, 17, 440519).
cost(7, 18, 326626).
cost(8, 1, 814151).
cost(8, 2, 805345).
cost(8, 3, 1083668).
cost(8, 4, 712110).
cost(8, 5, 713779).
cost(8, 6, 582490).
cost(8, 7, 752887).
cost(8, 9, 809224).
cost(8, 10, 861668).
cost(8, 11, 788424).
cost(8, 12, 508506).
cost(8, 13, 416847).
cost(8, 14, 802705).
cost(8, 15, 604497).
cost(8, 16, 768197).
cost(8, 17, 500749).
cost(8, 18, 516730).
cost(9, 1, 229351).
cost(9, 2, 445863).
cost(9, 3, 318097).
cost(9, 4, 158699).
cost(9, 5, 98809).
cost(9, 6, 334031).
cost(9, 7, 210675).
cost(9, 8, 809224).
cost(9, 10, 172857).
cost(9, 11, 599613).
cost(9, 12, 662806).
cost(9, 13, 400438).
cost(9, 14, 53140).
cost(9, 15, 846412).
cost(9, 16, 152559).
cost(9, 17, 374916).
cost(9, 18, 299968).
cost(10, 1, 86186).
cost(10, 2, 618319).
cost(10, 3, 418742).
cost(10, 4, 151649).
cost(10, 5, 195864).
cost(10, 6, 479118).
cost(10, 7, 381805).
cost(10, 8, 861668).
cost(10, 9, 172857).
cost(10, 11, 470381).
cost(10, 12, 604511).
cost(10, 13, 446263).
cost(10, 14, 225942).
cost(10, 15, 772187).
cost(10, 16, 324425).
cost(10, 17, 372231).
cost(10, 18, 350664).
cost(11, 1, 386101).
cost(11, 2, 982659).
cost(11, 3, 888545).
cost(11, 4, 451867).
cost(11, 5, 544475).
cost(11, 6, 753370).
cost(11, 7, 759685).
cost(11, 8, 788424).
cost(11, 9, 599613).
cost(11, 10, 470381).
cost(11, 12, 304066).
cost(11, 13, 514545).
cost(11, 14, 644928).
cost(11, 15, 379715).
cost(11, 16, 716057).
cost(11, 17, 394381).
cost(11, 18, 497986).
cost(12, 1, 523622).
cost(12, 2, 928787).
cost(12, 3, 980572).
cost(12, 4, 506581).
cost(12, 5, 574587).
cost(12, 6, 669778).
cost(12, 7, 748749).
cost(12, 8, 508506).
cost(12, 9, 662806).
cost(12, 10, 604511).
cost(12, 11, 304066).
cost(12, 13, 377953).
cost(12, 14, 690849).
cost(12, 15, 190616).
cost(12, 16, 724530).
cost(12, 17, 308233).
cost(12, 18, 424622).
cost(13, 1, 406254).
cost(13, 2, 554664).
cost(13, 3, 698307).
cost(13, 4, 295651).
cost(13, 5, 302309).
cost(13, 6, 293561).
cost(13, 7, 402642).
cost(13, 8, 416847).
cost(13, 9, 400438).
cost(13, 10, 446263).
cost(13, 11, 514545).
cost(13, 12, 377953).
cost(13, 14, 403305).
cost(13, 15, 564238).
cost(13, 16, 396040).
cost(13, 17, 123465).
cost(13, 18, 101180).
cost(14, 1, 280853).
cost(14, 2, 393251).
cost(14, 3, 297991).
cost(14, 4, 196390).
cost(14, 5, 116312).
cost(14, 6, 297580).
cost(14, 7, 159611).
cost(14, 8, 802705).
cost(14, 9, 53140).
cost(14, 10, 225942).
cost(14, 11, 644928).
cost(14, 12, 690849).
cost(14, 13, 403305).
cost(14, 15, 877115).
cost(14, 16, 101174).
cost(14, 17, 393945).
cost(14, 18, 305804).
cost(15, 1, 687821).
cost(15, 2, 1117582).
cost(15, 3, 1162735).
cost(15, 4, 688434).
cost(15, 5, 761218).
cost(15, 6, 857481).
cost(15, 7, 939275).
cost(15, 8, 604497).
cost(15, 9, 846412).
cost(15, 10, 772187).
cost(15, 11, 379715).
cost(15, 12, 190616).
cost(15, 13, 564238).
cost(15, 14, 877115).
cost(15, 16, 914288).
cost(15, 17, 498764).
cost(15, 18, 615147).
cost(16, 1, 371202).
cost(16, 2, 293976).
cost(16, 3, 315755).
cost(16, 4, 265129).
cost(16, 5, 171636).
cost(16, 6, 218585).
cost(16, 7, 58442).
cost(16, 8, 768197).
cost(16, 9, 152559).
cost(16, 10, 324425).
cost(16, 11, 716057).
cost(16, 12, 724530).
cost(16, 13, 396040).
cost(16, 14, 101174).
cost(16, 15, 914288).
cost(16, 17, 417559).
cost(16, 18, 310309).
cost(17, 1, 315215).
cost(17, 2, 628782).
cost(17, 3, 690647).
cost(17, 4, 234626).
cost(17, 5, 279068).
cost(17, 6, 377078).
cost(17, 7, 440519).
cost(17, 8, 500749).
cost(17, 9, 374916).
cost(17, 10, 372231).
cost(17, 11, 394381).
cost(17, 12, 308233).
cost(17, 13, 123465).
cost(17, 14, 393945).
cost(17, 15, 498764).
cost(17, 16, 417559).
cost(17, 18, 119516).
cost(18, 1, 319575).
cost(18, 2, 509278).
cost(18, 3, 602885).
cost(18, 4, 199033).
cost(18, 5, 201493).
cost(18, 6, 259761).
cost(18, 7, 326626).
cost(18, 8, 516730).
cost(18, 9, 299968).
cost(18, 10, 350664).
cost(18, 11, 497986).
cost(18, 12, 424622).
cost(18, 13, 101180).
cost(18, 14, 305804).
cost(18, 15, 615147).
cost(18, 16, 310309).
cost(18, 17, 119516).
nocross(1,9).
nocross(1,10).
nocross(1,14).
nocross(2,3).
nocross(2,6).
nocross(2,7).
nocross(2,14).
nocross(2,16).
nocross(3,1).
nocross(3,2).
nocross(3,7).
nocross(3,9).
nocross(3,10).
nocross(3,14).
nocross(3,16).
nocross(4,1).
nocross(4,7).
nocross(4,9).
nocross(4,10).
nocross(5,4).
nocross(5,6).
nocross(5,7).
nocross(5,9).
nocross(5,14).
nocross(5,16).
nocross(6,2).
nocross(6,5).
nocross(6,9).
nocross(6,14).
nocross(7,5).
nocross(7,6).
nocross(7,9).
nocross(7,16).
nocross(8,1).
nocross(8,14).
nocross(8,15).
nocross(8,16).
nocross(9,1).
nocross(9,4).
nocross(9,5).
nocross(9,7).
nocross(9,10).
nocross(9,14).
nocross(9,16).
nocross(10,1).
nocross(10,4).
nocross(10,5).
nocross(10,9).
nocross(11,1).
nocross(11,4).
nocross(11,15).
nocross(11,17).
nocross(12,1).
nocross(12,4).
nocross(12,15).
nocross(13,6).
nocross(13,14).
nocross(13,16).
nocross(13,17).
nocross(13,18).
nocross(14,3).
nocross(14,4).
nocross(14,9).
nocross(14,16).
nocross(15,11).
nocross(15,12).
nocross(16,1).
nocross(16,5).
nocross(16,7).
nocross(16,9).
nocross(16,14).
nocross(17,1).
nocross(17,4).
nocross(17,12).
nocross(17,13).
nocross(17,18).
nocross(18,1).
nocross(18,4).
nocross(18,6).
nocross(18,7).
nocross(18,14).
nocross(18,16).
nocross(18,17).
