dimension(18).
point(1, -203219.0, 435936.0).
point(2, -319746.0, -375170.0).
point(3, -28224.0, -331516.0).
point(4, -233619.0, 11142.0).
point(5, 80509.0, -9015.0).
point(6, -18922.0, 125503.0).
point(7, -159129.0, -227657.0).
point(8, 126089.0, -107792.0).
point(9, 295473.0, 220950.0).
point(10, 67065.0, -106437.0).
point(11, 754319.0, 43872.0).
point(12, -399084.0, -396811.0).
point(13, 91490.0, 123906.0).
point(14, 23004.0, -127711.0).
point(15, -252331.0, -191564.0).
point(16, 141421.0, 256244.0).
point(17, 51188.0, -276768.0).
point(18, 2788.0, -141073.0).
cost(1, 2, 819434).
cost(1, 3, 787150).
cost(1, 4, 425880).
cost(1, 5, 527715).
cost(1, 6, 361018).
cost(1, 7, 665056).
cost(1, 8, 635676).
cost(1, 9, 543059).
cost(1, 10, 605988).
cost(1, 11, 1034695).
cost(1, 12, 855471).
cost(1, 13, 429204).
cost(1, 14, 607351).
cost(1, 15, 629419).
cost(1, 16, 388672).
cost(1, 17, 756750).
cost(1, 18, 612681).
cost(2, 1, 819434).
cost(2, 3, 294772).
cost(2, 4, 395796).
cost(2, 5, 542470).
cost(2, 6, 584096).
cost(2, 7, 218078).
cost(2, 8, 519865).
cost(2, 9, 856652).
cost(2, 10, 470999).
cost(2, 11, 1152914).
cost(2, 12, 82237).
cost(2, 13, 646678).
cost(2, 14, 422745).
cost(2, 15, 195591).
cost(2, 16, 781894).
cost(2, 17, 383764).
cost(2, 18, 398534).
cost(3, 1, 787150).
cost(3, 2, 294772).
cost(3, 4, 399502).
cost(3, 5, 340338).
cost(3, 6, 457114).
cost(3, 7, 167101).
cost(3, 8, 271781).
cost(3, 9, 640311).
cost(3, 10, 244419).
cost(3, 11, 867923).
cost(3, 12, 376564).
cost(3, 13, 470893).
cost(3, 14, 210145).
cost(3, 15, 264217).
cost(3, 16, 611753).
cost(3, 17, 96455).
cost(3, 18, 192951).
cost(4, 1, 425880).
cost(4, 2, 395796).
cost(4, 3, 399502).
cost(4, 5, 314774).
cost(4, 6, 243256).
cost(4, 7, 250147).
cost(4, 8, 378860).
cost(4, 9, 569173).
cost(4, 10, 322856).
cost(4, 11, 988480).
cost(4, 12, 440232).
cost(4, 13, 344110).
cost(4, 14, 291780).
cost(4, 15, 203568).
cost(4, 16, 448029).
cost(4, 17, 404978).
cost(4, 18, 281172).
cost(5, 1, 527715).
cost(5, 2, 542470).
cost(5, 3, 340338).
cost(5, 4, 314774).
cost(5, 6, 167277).
cost(5, 7, 324393).
cost(5, 8, 108786).
cost(5, 9, 314791).
cost(5, 10, 98345).
cost(5, 11, 675882).
cost(5, 12, 616762).
cost(5, 13, 133374).
cost(5, 14, 131892).
cost(5, 15, 379614).
cost(5, 16, 272163).
cost(5, 17, 269354).
cost(5, 18, 153231).
cost(6, 1, 361018).
cost(6, 2, 584096).
cost(6, 3, 457114).
cost(6, 4, 243256).
cost(6, 5, 167277).
cost(6, 7, 379974).
cost(6, 8, 274690).
cost(6, 9, 328564).
cost(6, 10, 247366).
cost(6, 11, 777538).
cost(6, 12, 646015).
cost(6, 13, 110424).
cost(6, 14, 256661).
cost(6, 15, 393715).
cost(6, 16, 206889).
cost(6, 17, 408335).
cost(6, 18, 267459).
cost(7, 1, 665056).
cost(7, 2, 218078).
cost(7, 3, 167101).
cost(7, 4, 250147).
cost(7, 5, 324393).
cost(7, 6, 379974).
cost(7, 8, 309382).
cost(7, 9, 638679).
cost(7, 10, 256628).
cost(7, 11, 952951).
cost(7, 12, 293584).
cost(7, 13, 431748).
cost(7, 14, 207754).
cost(7, 15, 99947).
cost(7, 16, 569641).
cost(7, 17, 215975).
cost(7, 18, 183613).
cost(8, 1, 635676).
cost(8, 2, 519865).
cost(8, 3, 271781).
cost(8, 4, 378860).
cost(8, 5, 108786).
cost(8, 6, 274690).
cost(8, 7, 309382).
cost(8, 9, 369814).
cost(8, 10, 59040).
cost(8, 11, 646278).
cost(8, 12, 599449).
cost(8, 13, 234267).
cost(8, 14, 104992).
cost(8, 15, 387582).
cost(8, 16, 364359).
cost(8, 17, 184832).
cost(8, 18, 127714).
cost(9, 1, 543059).
cost(9, 2, 856652).
cost(9, 3, 640311).
cost(9, 4, 569173).
cost(9, 5, 314791).
cost(9, 6, 328564).
cost(9, 7, 638679).
cost(9, 8, 369814).
cost(9, 10, 399190).
cost(9, 11, 491830).
cost(9, 12, 929536).
cost(9, 13, 225891).
cost(9, 14, 442497).
cost(9, 15, 685753).
cost(9, 16, 158043).
cost(9, 17, 554435).
cost(9, 18, 465537).
cost(10, 1, 605988).
cost(10, 2, 470999).
cost(10, 3, 244419).
cost(10, 4, 322856).
cost(10, 5, 98345).
cost(10, 6, 247366).
cost(10, 7, 256628).
cost(10, 8, 59040).
cost(10, 9, 399190).
cost(10, 11, 703499).
cost(10, 12, 549192).
cost(10, 13, 231634).
cost(10, 14, 48928).
cost(10, 15, 330546).
cost(10, 16, 370225).
cost(10, 17, 171069).
cost(10, 18, 73015).
cost(11, 1, 1034695).
cost(11, 2, 1152914).
cost(11, 3, 867923).
cost(11, 4, 988480).
cost(11, 5, 675882).
cost(11, 6, 777538).
cost(11, 7, 952951).
cost(11, 8, 646278).
cost(11, 9, 491830).
cost(11, 10, 703499).
cost(11, 12, 1234723).
cost(11, 13, 667643).
cost(11, 14, 751174).
cost(11, 15, 1033815).
cost(11, 16, 648649).
cost(11, 17, 772789).
cost(11, 18, 773953).
cost(12, 1, 855471).
cost(12, 2, 82237).
cost(12, 3, 376564).
cost(12, 4, 440232).
cost(12, 5, 616762).
cost(12, 6, 646015).
cost(12, 7, 293584).
cost(12, 8, 599449).
cost(12, 9, 929536).
cost(12, 10, 549192).
cost(12, 11, 1234723).
cost(12, 13, 715408).
cost(12, 14, 500573).
cost(12, 15, 252315).
cost(12, 16, 847718).
cost(12, 17, 465999).
cost(12, 18, 476343).
cost(13, 1, 429204).
cost(13, 2, 646678).
cost(13, 3, 470893).
cost(13, 4, 344110).
cost(13, 5, 133374).
cost(13, 6, 110424).
cost(13, 7, 431748).
cost(13, 8, 234267).
cost(13, 9, 225891).
cost(13, 10, 231634).
cost(13, 11, 667643).
cost(13, 12, 715408).
cost(13, 14, 260771).
cost(13, 15, 466620).
cost(13, 16, 141444).
cost(13, 17, 402696).
cost(13, 18, 279431).
cost(14, 1, 607351).
cost(14, 2, 422745).
cost(14, 3, 210145).
cost(14, 4, 291780).
cost(14, 5, 131892).
cost(14, 6, 256661).
cost(14, 7, 207754).
cost(14, 8, 104992).
cost(14, 9, 442497).
cost(14, 10, 48928).
cost(14, 11, 751174).
cost(14, 12, 500573).
cost(14, 13, 260771).
cost(14, 15, 282642).
cost(14, 16, 401801).
cost(14, 17, 151698).
cost(14, 18, 24233).
cost(15, 1, 629419).
cost(15, 2, 195591).
cost(15, 3, 264217).
cost(15, 4, 203568).
cost(15, 5, 379614).
cost(15, 6, 393715).
cost(15, 7, 99947).
cost(15, 8, 387582).
cost(15, 9, 685753).
cost(15, 10, 330546).
cost(15, 11, 1033815).
cost(15, 12, 252315).
cost(15, 13, 466620).
cost(15, 14, 282642).
cost(15, 16, 596299).
cost(15, 17, 315251).
cost(15, 18, 260067).
cost(16, 1, 388672).
cost(16, 2, 781894).
cost(16, 3, 611753).
cost(16, 4, 448029).
cost(16, 5, 272163).
cost(16, 6, 206889).
cost(16, 7, 569641).
cost(16, 8, 364359).
cost(16, 9, 158043).
cost(16, 10, 370225).
cost(16, 11, 648649).
cost(16, 12, 847718).
cost(16, 13, 141444).
cost(16, 14, 401801).
cost(16, 15, 596299).
cost(16, 17, 540596).
cost(16, 18, 420809).
cost(17, 1, 756750).
cost(17, 2, 383764).
cost(17, 3, 96455).
cost(17, 4, 404978).
cost(17, 5, 269354).
cost(17, 6, 408335).
cost(17, 7, 215975).
cost(17, 8, 184832).
cost(17, 9, 554435).
cost(17, 10, 171069).
cost(17, 11, 772789).
cost(17, 12, 465999).
cost(17, 13, 402696).
cost(17, 14, 151698).
cost(17, 15, 315251).
cost(17, 16, 540596).
cost(17, 18, 144068).
cost(18, 1, 612681).
cost(18, 2, 398534).
cost(18, 3, 192951).
cost(18, 4, 281172).
cost(18, 5, 153231).
cost(18, 6, 267459).
cost(18, 7, 183613).
cost(18, 8, 127714).
cost(18, 9, 465537).
cost(18, 10, 73015).
cost(18, 11, 773953).
cost(18, 12, 476343).
cost(18, 13, 279431).
cost(18, 14, 24233).
cost(18, 15, 260067).
cost(18, 16, 420809).
cost(18, 17, 144068).
nocross(1,4).
nocross(1,6).
nocross(1,16).
nocross(2,3).
nocross(2,6).
nocross(2,7).
nocross(2,12).
nocross(2,18).
nocross(3,14).
nocross(3,18).
nocross(4,1).
nocross(4,3).
nocross(4,6).
nocross(4,12).
nocross(5,6).
nocross(5,8).
nocross(5,14).
nocross(6,1).
nocross(6,13).
nocross(6,14).
nocross(7,2).
nocross(7,3).
nocross(7,4).
nocross(7,6).
nocross(7,18).
nocross(8,2).
nocross(8,6).
nocross(8,9).
nocross(8,16).
nocross(8,18).
nocross(9,6).
nocross(9,8).
nocross(9,16).
nocross(10,2).
nocross(10,8).
nocross(10,14).
nocross(10,18).
nocross(11,9).
nocross(11,16).
nocross(12,2).
nocross(12,3).
nocross(12,6).
nocross(12,7).
nocross(12,15).
nocross(13,6).
nocross(13,9).
nocross(13,14).
nocross(13,16).
nocross(14,6).
nocross(14,18).
nocross(15,2).
nocross(15,4).
nocross(15,6).
nocross(15,12).
nocross(15,14).
nocross(15,18).
nocross(16,1).
nocross(16,6).
nocross(16,8).
nocross(16,9).
nocross(16,13).
nocross(17,3).
nocross(17,8).
nocross(17,11).
nocross(17,14).
nocross(17,18).
nocross(18,2).
nocross(18,3).
nocross(18,6).
