dimension(18).
point(1, -143607.0, -443679.0).
point(2, -16025.0, -38724.0).
point(3, -100915.0, 288622.0).
point(4, 237225.0, -150920.0).
point(5, -76989.0, -202813.0).
point(6, -24074.0, -201233.0).
point(7, -74541.0, 177969.0).
point(8, -7499.0, 75303.0).
point(9, 35811.0, 231017.0).
point(10, -390734.0, -60696.0).
point(11, -311725.0, 54584.0).
point(12, 556574.0, -234292.0).
point(13, -326036.0, 35675.0).
point(14, 94923.0, -135043.0).
point(15, -116935.0, -198173.0).
point(16, -255942.0, -180643.0).
point(17, -128119.0, -139570.0).
point(18, 262745.0, -132534.0).
cost(1, 2, 424577).
cost(1, 3, 733544).
cost(1, 4, 480355).
cost(1, 5, 249909).
cost(1, 6, 270311).
cost(1, 7, 625473).
cost(1, 8, 536533).
cost(1, 9, 698144).
cost(1, 10, 455794).
cost(1, 11, 525861).
cost(1, 12, 730819).
cost(1, 13, 512894).
cost(1, 14, 390068).
cost(1, 15, 246951).
cost(1, 16, 286019).
cost(1, 17, 304503).
cost(1, 18, 511794).
cost(2, 1, 424577).
cost(2, 3, 338174).
cost(2, 4, 276990).
cost(2, 5, 175048).
cost(2, 6, 162708).
cost(2, 7, 224455).
cost(2, 8, 114345).
cost(2, 9, 274676).
cost(2, 10, 375353).
cost(2, 11, 310072).
cost(2, 12, 605076).
cost(2, 13, 318813).
cost(2, 14, 146924).
cost(2, 15, 188698).
cost(2, 16, 278749).
cost(2, 17, 150781).
cost(2, 18, 294131).
cost(3, 1, 733544).
cost(3, 2, 338174).
cost(3, 4, 554559).
cost(3, 5, 492017).
cost(3, 6, 495845).
cost(3, 7, 113753).
cost(3, 8, 232877).
cost(3, 9, 148366).
cost(3, 10, 453892).
cost(3, 11, 314984).
cost(3, 12, 840078).
cost(3, 13, 338617).
cost(3, 14, 466738).
cost(3, 15, 487059).
cost(3, 16, 494209).
cost(3, 17, 429055).
cost(3, 18, 556436).
cost(4, 1, 480355).
cost(4, 2, 276990).
cost(4, 3, 554559).
cost(4, 5, 318470).
cost(4, 6, 266099).
cost(4, 7, 453173).
cost(4, 8, 333267).
cost(4, 9, 431791).
cost(4, 10, 634407).
cost(4, 11, 586155).
cost(4, 12, 330053).
cost(4, 13, 593364).
cost(4, 14, 143185).
cost(4, 15, 357298).
cost(4, 16, 494062).
cost(4, 17, 365520).
cost(4, 18, 31453).
cost(5, 1, 249909).
cost(5, 2, 175048).
cost(5, 3, 492017).
cost(5, 4, 318470).
cost(5, 6, 52939).
cost(5, 7, 380790).
cost(5, 8, 286666).
cost(5, 9, 448255).
cost(5, 10, 344432).
cost(5, 11, 348359).
cost(5, 12, 634345).
cost(5, 13, 344820).
cost(5, 14, 184788).
cost(5, 15, 40215).
cost(5, 16, 180321).
cost(5, 17, 81326).
cost(5, 18, 346927).
cost(6, 1, 270311).
cost(6, 2, 162708).
cost(6, 3, 495845).
cost(6, 4, 266099).
cost(6, 5, 52939).
cost(6, 7, 382546).
cost(6, 8, 277032).
cost(6, 9, 436379).
cost(6, 10, 392671).
cost(6, 11, 384949).
cost(6, 12, 581588).
cost(6, 13, 383805).
cost(6, 14, 136167).
cost(6, 15, 92911).
cost(6, 16, 232780).
cost(6, 17, 120945).
cost(6, 18, 294932).
cost(7, 1, 625473).
cost(7, 2, 224455).
cost(7, 3, 113753).
cost(7, 4, 453173).
cost(7, 5, 380790).
cost(7, 6, 382546).
cost(7, 8, 122617).
cost(7, 9, 122440).
cost(7, 10, 396155).
cost(7, 11, 267358).
cost(7, 12, 753834).
cost(7, 13, 288959).
cost(7, 14, 355942).
cost(7, 15, 378524).
cost(7, 16, 401882).
cost(7, 17, 322027).
cost(7, 18, 458447).
cost(8, 1, 536533).
cost(8, 2, 114345).
cost(8, 3, 232877).
cost(8, 4, 333267).
cost(8, 5, 286666).
cost(8, 6, 277032).
cost(8, 7, 122617).
cost(8, 9, 161625).
cost(8, 10, 406651).
cost(8, 11, 304931).
cost(8, 12, 643450).
cost(8, 13, 320993).
cost(8, 14, 233957).
cost(8, 15, 294560).
cost(8, 16, 356696).
cost(8, 17, 246413).
cost(8, 18, 340922).
cost(9, 1, 698144).
cost(9, 2, 274676).
cost(9, 3, 148366).
cost(9, 4, 431791).
cost(9, 5, 448255).
cost(9, 6, 436379).
cost(9, 7, 122440).
cost(9, 8, 161625).
cost(9, 10, 516756).
cost(9, 11, 389756).
cost(9, 12, 698360).
cost(9, 13, 411208).
cost(9, 14, 370802).
cost(9, 15, 455561).
cost(9, 16, 504563).
cost(9, 17, 405226).
cost(9, 18, 428565).
cost(10, 1, 455794).
cost(10, 2, 375353).
cost(10, 3, 453892).
cost(10, 4, 634407).
cost(10, 5, 344432).
cost(10, 6, 392671).
cost(10, 7, 396155).
cost(10, 8, 406651).
cost(10, 9, 516756).
cost(10, 11, 139757).
cost(10, 12, 963083).
cost(10, 13, 116074).
cost(10, 14, 491315).
cost(10, 15, 306375).
cost(10, 16, 180433).
cost(10, 17, 274204).
cost(10, 18, 657416).
cost(11, 1, 525861).
cost(11, 2, 310072).
cost(11, 3, 314984).
cost(11, 4, 586155).
cost(11, 5, 348359).
cost(11, 6, 384949).
cost(11, 7, 267358).
cost(11, 8, 304931).
cost(11, 9, 389756).
cost(11, 10, 139757).
cost(11, 12, 915092).
cost(11, 13, 23714).
cost(11, 14, 448688).
cost(11, 15, 319107).
cost(11, 16, 241751).
cost(11, 17, 267221).
cost(11, 18, 604176).
cost(12, 1, 730819).
cost(12, 2, 605076).
cost(12, 3, 840078).
cost(12, 4, 330053).
cost(12, 5, 634345).
cost(12, 6, 581588).
cost(12, 7, 753834).
cost(12, 8, 643450).
cost(12, 9, 698360).
cost(12, 10, 963083).
cost(12, 11, 915092).
cost(12, 13, 922975).
cost(12, 14, 472199).
cost(12, 15, 674477).
cost(12, 16, 814285).
cost(12, 17, 691214).
cost(12, 18, 310950).
cost(13, 1, 512894).
cost(13, 2, 318813).
cost(13, 3, 338617).
cost(13, 4, 593364).
cost(13, 5, 344820).
cost(13, 6, 383805).
cost(13, 7, 288959).
cost(13, 8, 320993).
cost(13, 9, 411208).
cost(13, 10, 116074).
cost(13, 11, 23714).
cost(13, 12, 922975).
cost(13, 14, 454259).
cost(13, 15, 313701).
cost(13, 16, 227391).
cost(13, 17, 264352).
cost(13, 18, 612338).
cost(14, 1, 390068).
cost(14, 2, 146924).
cost(14, 3, 466738).
cost(14, 4, 143185).
cost(14, 5, 184788).
cost(14, 6, 136167).
cost(14, 7, 355942).
cost(14, 8, 233957).
cost(14, 9, 370802).
cost(14, 10, 491315).
cost(14, 11, 448688).
cost(14, 12, 472199).
cost(14, 13, 454259).
cost(14, 15, 221064).
cost(14, 16, 353816).
cost(14, 17, 223088).
cost(14, 18, 167841).
cost(15, 1, 246951).
cost(15, 2, 188698).
cost(15, 3, 487059).
cost(15, 4, 357298).
cost(15, 5, 40215).
cost(15, 6, 92911).
cost(15, 7, 378524).
cost(15, 8, 294560).
cost(15, 9, 455561).
cost(15, 10, 306375).
cost(15, 11, 319107).
cost(15, 12, 674477).
cost(15, 13, 313701).
cost(15, 14, 221064).
cost(15, 16, 140108).
cost(15, 17, 59661).
cost(15, 18, 385312).
cost(16, 1, 286019).
cost(16, 2, 278749).
cost(16, 3, 494209).
cost(16, 4, 494062).
cost(16, 5, 180321).
cost(16, 6, 232780).
cost(16, 7, 401882).
cost(16, 8, 356696).
cost(16, 9, 504563).
cost(16, 10, 180433).
cost(16, 11, 241751).
cost(16, 12, 814285).
cost(16, 13, 227391).
cost(16, 14, 353816).
cost(16, 15, 140108).
cost(16, 17, 134260).
cost(16, 18, 520913).
cost(17, 1, 304503).
cost(17, 2, 150781).
cost(17, 3, 429055).
cost(17, 4, 365520).
cost(17, 5, 81326).
cost(17, 6, 120945).
cost(17, 7, 322027).
cost(17, 8, 246413).
cost(17, 9, 405226).
cost(17, 10, 274204).
cost(17, 11, 267221).
cost(17, 12, 691214).
cost(17, 13, 264352).
cost(17, 14, 223088).
cost(17, 15, 59661).
cost(17, 16, 134260).
cost(17, 18, 390927).
cost(18, 1, 511794).
cost(18, 2, 294131).
cost(18, 3, 556436).
cost(18, 4, 31453).
cost(18, 5, 346927).
cost(18, 6, 294932).
cost(18, 7, 458447).
cost(18, 8, 340922).
cost(18, 9, 428565).
cost(18, 10, 657416).
cost(18, 11, 604176).
cost(18, 12, 310950).
cost(18, 13, 612338).
cost(18, 14, 167841).
cost(18, 15, 385312).
cost(18, 16, 520913).
cost(18, 17, 390927).
nocross(1,5).
nocross(1,6).
nocross(1,10).
nocross(1,15).
nocross(1,16).
nocross(2,6).
nocross(2,10).
nocross(2,11).
nocross(2,13).
nocross(2,17).
nocross(3,8).
nocross(3,13).
nocross(4,6).
nocross(4,12).
nocross(4,14).
nocross(4,17).
nocross(5,6).
nocross(5,10).
nocross(5,13).
nocross(5,15).
nocross(5,17).
nocross(6,5).
nocross(6,11).
nocross(6,14).
nocross(7,3).
nocross(7,6).
nocross(7,8).
nocross(7,10).
nocross(7,11).
nocross(7,13).
nocross(8,6).
nocross(8,7).
nocross(8,9).
nocross(8,10).
nocross(8,11).
nocross(8,13).
nocross(8,17).
nocross(9,2).
nocross(9,3).
nocross(9,8).
nocross(9,11).
nocross(9,12).
nocross(9,13).
nocross(10,11).
nocross(11,10).
nocross(11,13).
nocross(12,4).
nocross(12,18).
nocross(13,10).
nocross(13,16).
nocross(14,2).
nocross(14,4).
nocross(14,6).
nocross(14,8).
nocross(14,9).
nocross(14,11).
nocross(14,13).
nocross(14,17).
nocross(15,5).
nocross(15,6).
nocross(15,10).
nocross(15,13).
nocross(15,17).
nocross(16,6).
nocross(16,10).
nocross(16,11).
nocross(16,13).
nocross(16,17).
nocross(17,6).
nocross(17,10).
nocross(17,13).
nocross(17,14).
nocross(18,8).
nocross(18,12).
nocross(18,14).
