dimension(18).
point(1, -102953.0, 138623.0).
point(2, -276560.0, -15834.0).
point(3, -81837.0, -227357.0).
point(4, 47076.0, 103733.0).
point(5, -386736.0, -301873.0).
point(6, 103649.0, -235603.0).
point(7, 277946.0, -232048.0).
point(8, -186128.0, 232919.0).
point(9, -38834.0, 55414.0).
point(10, -459899.0, -174044.0).
point(11, -193392.0, -261324.0).
point(12, -189280.0, -79942.0).
point(13, 18129.0, -555399.0).
point(14, -150227.0, 135765.0).
point(15, -42559.0, 65356.0).
point(16, -347925.0, 275143.0).
point(17, 570329.0, 179607.0).
point(18, -61329.0, 297736.0).
cost(1, 2, 232371).
cost(1, 3, 366589).
cost(1, 4, 154033).
cost(1, 5, 523994).
cost(1, 6, 427469).
cost(1, 7, 531489).
cost(1, 8, 125737).
cost(1, 9, 105048).
cost(1, 10, 474522).
cost(1, 11, 410045).
cost(1, 12, 234996).
cost(1, 13, 704505).
cost(1, 14, 47360).
cost(1, 15, 94950).
cost(1, 16, 280444).
cost(1, 17, 674528).
cost(1, 18, 164467).
cost(2, 1, 232371).
cost(2, 3, 287505).
cost(2, 4, 345017).
cost(2, 5, 306524).
cost(2, 6, 439155).
cost(2, 7, 595168).
cost(2, 8, 264681).
cost(2, 9, 248173).
cost(2, 10, 242164).
cost(2, 11, 259195).
cost(2, 12, 108294).
cost(2, 13, 614794).
cost(2, 14, 197338).
cost(2, 15, 247686).
cost(2, 16, 299601).
cost(2, 17, 869148).
cost(2, 18, 380329).
cost(3, 1, 366589).
cost(3, 2, 287505).
cost(3, 4, 355301).
cost(3, 5, 313873).
cost(3, 6, 185669).
cost(3, 7, 359814).
cost(3, 8, 471943).
cost(3, 9, 286022).
cost(3, 10, 381803).
cost(3, 11, 116612).
cost(3, 12, 182415).
cost(3, 13, 342935).
cost(3, 14, 369506).
cost(3, 15, 295337).
cost(3, 16, 568603).
cost(3, 17, 768726).
cost(3, 18, 525493).
cost(4, 1, 154033).
cost(4, 2, 345017).
cost(4, 3, 355301).
cost(4, 5, 593893).
cost(4, 6, 344020).
cost(4, 7, 407492).
cost(4, 8, 266595).
cost(4, 9, 98566).
cost(4, 10, 578086).
cost(4, 11, 437140).
cost(4, 12, 299334).
cost(4, 13, 659767).
cost(4, 14, 199886).
cost(4, 15, 97505).
cost(4, 16, 430589).
cost(4, 17, 528725).
cost(4, 18, 222236).
cost(5, 1, 523994).
cost(5, 2, 306524).
cost(5, 3, 313873).
cost(5, 4, 593893).
cost(5, 6, 494843).
cost(5, 7, 668340).
cost(5, 8, 571180).
cost(5, 9, 498688).
cost(5, 10, 147286).
cost(5, 11, 197550).
cost(5, 12, 297056).
cost(5, 13, 477694).
cost(5, 14, 497457).
cost(5, 15, 503304).
cost(5, 16, 578320).
cost(5, 17, 1071353).
cost(5, 18, 682217).
cost(6, 1, 427469).
cost(6, 2, 439155).
cost(6, 3, 185669).
cost(6, 4, 344020).
cost(6, 5, 494843).
cost(6, 7, 174333).
cost(6, 8, 550893).
cost(6, 9, 324025).
cost(6, 10, 566900).
cost(6, 11, 298153).
cost(6, 12, 331719).
cost(6, 13, 331033).
cost(6, 14, 449852).
cost(6, 15, 334594).
cost(6, 16, 681748).
cost(6, 17, 624652).
cost(6, 18, 558273).
cost(7, 1, 531489).
cost(7, 2, 595168).
cost(7, 3, 359814).
cost(7, 4, 407492).
cost(7, 5, 668340).
cost(7, 6, 174333).
cost(7, 8, 656931).
cost(7, 9, 427766).
cost(7, 10, 740121).
cost(7, 11, 472246).
cost(7, 12, 491362).
cost(7, 13, 414802).
cost(7, 14, 564463).
cost(7, 15, 437233).
cost(7, 16, 805579).
cost(7, 17, 504923).
cost(7, 18, 629109).
cost(8, 1, 125737).
cost(8, 2, 264681).
cost(8, 3, 471943).
cost(8, 4, 266595).
cost(8, 5, 571180).
cost(8, 6, 550893).
cost(8, 7, 656931).
cost(8, 9, 230659).
cost(8, 10, 490479).
cost(8, 11, 494296).
cost(8, 12, 312877).
cost(8, 13, 814350).
cost(8, 14, 103575).
cost(8, 15, 220657).
cost(8, 16, 167216).
cost(8, 17, 758333).
cost(8, 18, 140627).
cost(9, 1, 105048).
cost(9, 2, 248173).
cost(9, 3, 286022).
cost(9, 4, 98566).
cost(9, 5, 498688).
cost(9, 6, 324025).
cost(9, 7, 427766).
cost(9, 8, 230659).
cost(9, 10, 479528).
cost(9, 11, 352436).
cost(9, 12, 202374).
cost(9, 13, 613463).
cost(9, 14, 137349).
cost(9, 15, 10617).
cost(9, 16, 379234).
cost(9, 17, 621694).
cost(9, 18, 243364).
cost(10, 1, 474522).
cost(10, 2, 242164).
cost(10, 3, 381803).
cost(10, 4, 578086).
cost(10, 5, 147286).
cost(10, 6, 566900).
cost(10, 7, 740121).
cost(10, 8, 490479).
cost(10, 9, 479528).
cost(10, 11, 280435).
cost(10, 12, 286513).
cost(10, 13, 611508).
cost(10, 14, 438039).
cost(10, 15, 481129).
cost(10, 16, 462933).
cost(10, 17, 1089238).
cost(10, 18, 617604).
cost(11, 1, 410045).
cost(11, 2, 259195).
cost(11, 3, 116612).
cost(11, 4, 437140).
cost(11, 5, 197550).
cost(11, 6, 298153).
cost(11, 7, 472246).
cost(11, 8, 494296).
cost(11, 9, 352436).
cost(11, 10, 280435).
cost(11, 12, 181429).
cost(11, 13, 362245).
cost(11, 14, 399428).
cost(11, 15, 359820).
cost(11, 16, 558281).
cost(11, 17, 881867).
cost(11, 18, 574446).
cost(12, 1, 234996).
cost(12, 2, 108294).
cost(12, 3, 182415).
cost(12, 4, 299334).
cost(12, 5, 297056).
cost(12, 6, 331719).
cost(12, 7, 491362).
cost(12, 8, 312877).
cost(12, 9, 202374).
cost(12, 10, 286513).
cost(12, 11, 181429).
cost(12, 13, 518727).
cost(12, 14, 219214).
cost(12, 15, 206491).
cost(12, 16, 388913).
cost(12, 17, 802728).
cost(12, 18, 398763).
cost(13, 1, 704505).
cost(13, 2, 614794).
cost(13, 3, 342935).
cost(13, 4, 659767).
cost(13, 5, 477694).
cost(13, 6, 331033).
cost(13, 7, 414802).
cost(13, 8, 814350).
cost(13, 9, 613463).
cost(13, 10, 611508).
cost(13, 11, 362245).
cost(13, 12, 518727).
cost(13, 14, 711373).
cost(13, 15, 623715).
cost(13, 16, 907632).
cost(13, 17, 919325).
cost(13, 18, 856827).
cost(14, 1, 47360).
cost(14, 2, 197338).
cost(14, 3, 369506).
cost(14, 4, 199886).
cost(14, 5, 497457).
cost(14, 6, 449852).
cost(14, 7, 564463).
cost(14, 8, 103575).
cost(14, 9, 137349).
cost(14, 10, 438039).
cost(14, 11, 399428).
cost(14, 12, 219214).
cost(14, 13, 711373).
cost(14, 15, 128646).
cost(14, 16, 241890).
cost(14, 17, 721889).
cost(14, 18, 184763).
cost(15, 1, 94950).
cost(15, 2, 247686).
cost(15, 3, 295337).
cost(15, 4, 97505).
cost(15, 5, 503304).
cost(15, 6, 334594).
cost(15, 7, 437233).
cost(15, 8, 220657).
cost(15, 9, 10617).
cost(15, 10, 481129).
cost(15, 11, 359820).
cost(15, 12, 206491).
cost(15, 13, 623715).
cost(15, 14, 128646).
cost(15, 16, 370485).
cost(15, 17, 623446).
cost(15, 18, 233137).
cost(16, 1, 280444).
cost(16, 2, 299601).
cost(16, 3, 568603).
cost(16, 4, 430589).
cost(16, 5, 578320).
cost(16, 6, 681748).
cost(16, 7, 805579).
cost(16, 8, 167216).
cost(16, 9, 379234).
cost(16, 10, 462933).
cost(16, 11, 558281).
cost(16, 12, 388913).
cost(16, 13, 907632).
cost(16, 14, 241890).
cost(16, 15, 370485).
cost(16, 17, 923210).
cost(16, 18, 287485).
cost(17, 1, 674528).
cost(17, 2, 869148).
cost(17, 3, 768726).
cost(17, 4, 528725).
cost(17, 5, 1071353).
cost(17, 6, 624652).
cost(17, 7, 504923).
cost(17, 8, 758333).
cost(17, 9, 621694).
cost(17, 10, 1089238).
cost(17, 11, 881867).
cost(17, 12, 802728).
cost(17, 13, 919325).
cost(17, 14, 721889).
cost(17, 15, 623446).
cost(17, 16, 923210).
cost(17, 18, 642609).
cost(18, 1, 164467).
cost(18, 2, 380329).
cost(18, 3, 525493).
cost(18, 4, 222236).
cost(18, 5, 682217).
cost(18, 6, 558273).
cost(18, 7, 629109).
cost(18, 8, 140627).
cost(18, 9, 243364).
cost(18, 10, 617604).
cost(18, 11, 574446).
cost(18, 12, 398763).
cost(18, 13, 856827).
cost(18, 14, 184763).
cost(18, 15, 233137).
cost(18, 16, 287485).
cost(18, 17, 642609).
nocross(1,2).
nocross(1,3).
nocross(1,4).
nocross(1,14).
nocross(1,15).
nocross(2,1).
nocross(2,3).
nocross(2,10).
nocross(2,11).
nocross(2,14).
nocross(2,16).
nocross(3,1).
nocross(3,2).
nocross(3,11).
nocross(3,16).
nocross(4,1).
nocross(4,3).
nocross(4,9).
nocross(4,14).
nocross(4,18).
nocross(5,3).
nocross(5,11).
nocross(5,12).
nocross(5,13).
nocross(5,14).
nocross(6,3).
nocross(6,4).
nocross(6,11).
nocross(6,13).
nocross(7,4).
nocross(8,1).
nocross(8,2).
nocross(8,10).
nocross(8,14).
nocross(8,16).
nocross(9,1).
nocross(9,2).
nocross(9,3).
nocross(9,4).
nocross(9,12).
nocross(9,14).
nocross(10,5).
nocross(10,11).
nocross(10,12).
nocross(11,1).
nocross(11,2).
nocross(11,3).
nocross(11,10).
nocross(11,12).
nocross(11,13).
nocross(12,1).
nocross(12,2).
nocross(12,3).
nocross(12,9).
nocross(12,14).
nocross(12,16).
nocross(13,3).
nocross(13,5).
nocross(13,11).
nocross(14,1).
nocross(15,1).
nocross(15,3).
nocross(15,4).
nocross(15,9).
nocross(15,14).
nocross(16,2).
nocross(16,8).
nocross(16,10).
nocross(16,14).
nocross(17,3).
nocross(17,7).
nocross(17,18).
nocross(18,1).
nocross(18,4).
nocross(18,8).
nocross(18,14).
