dimension(18).
point(1, -8724.0, 455018.0).
point(2, 20342.0, -80968.0).
point(3, -56270.0, 270707.0).
point(4, 144173.0, 236306.0).
point(5, -68569.0, 136631.0).
point(6, -19817.0, -113598.0).
point(7, -300045.0, 137176.0).
point(8, -42632.0, 258717.0).
point(9, 83590.0, 148223.0).
point(10, -18313.0, 123684.0).
point(11, -217773.0, -310611.0).
point(12, -310066.0, -316191.0).
point(13, 47088.0, -59932.0).
point(14, 56393.0, -257890.0).
point(15, -135879.0, 135159.0).
point(16, 241970.0, -143700.0).
point(17, 312076.0, 187796.0).
point(18, 237531.0, -203702.0).
cost(1, 2, 536774).
cost(1, 3, 190345).
cost(1, 4, 266857).
cost(1, 5, 323963).
cost(1, 6, 568724).
cost(1, 7, 431151).
cost(1, 8, 199208).
cost(1, 9, 320383).
cost(1, 10, 331473).
cost(1, 11, 793656).
cost(1, 12, 827992).
cost(1, 13, 517966).
cost(1, 14, 715876).
cost(1, 15, 344207).
cost(1, 16, 649085).
cost(1, 17, 417517).
cost(1, 18, 703245).
cost(2, 1, 536774).
cost(2, 3, 359923).
cost(2, 4, 340583).
cost(2, 5, 235063).
cost(2, 6, 51744).
cost(2, 7, 387601).
cost(2, 8, 345473).
cost(2, 9, 237758).
cost(2, 10, 208271).
cost(2, 11, 330809).
cost(2, 12, 405585).
cost(2, 13, 34027).
cost(2, 14, 180558).
cost(2, 15, 266676).
cost(2, 16, 230335).
cost(2, 17, 396665).
cost(2, 18, 249469).
cost(3, 1, 190345).
cost(3, 2, 359923).
cost(3, 4, 203374).
cost(3, 5, 134639).
cost(3, 6, 386030).
cost(3, 7, 277951).
cost(3, 8, 18159).
cost(3, 9, 185912).
cost(3, 10, 151844).
cost(3, 11, 603336).
cost(3, 12, 639423).
cost(3, 13, 346417).
cost(3, 14, 540470).
cost(3, 15, 157197).
cost(3, 16, 510569).
cost(3, 17, 377562).
cost(3, 18, 558017).
cost(4, 1, 266857).
cost(4, 2, 340583).
cost(4, 3, 203374).
cost(4, 5, 234935).
cost(4, 6, 386427).
cost(4, 7, 455144).
cost(4, 8, 188145).
cost(4, 9, 106906).
cost(4, 10, 197700).
cost(4, 11, 655838).
cost(4, 12, 715252).
cost(4, 13, 311741).
cost(4, 14, 501931).
cost(4, 15, 297758).
cost(4, 16, 392389).
cost(4, 17, 174770).
cost(4, 18, 449803).
cost(5, 1, 323963).
cost(5, 2, 235063).
cost(5, 3, 134639).
cost(5, 4, 234935).
cost(5, 6, 254934).
cost(5, 7, 231477).
cost(5, 8, 124811).
cost(5, 9, 152600).
cost(5, 10, 51897).
cost(5, 11, 471473).
cost(5, 12, 513194).
cost(5, 13, 228065).
cost(5, 14, 413839).
cost(5, 15, 67326).
cost(5, 16, 418354).
cost(5, 17, 384068).
cost(5, 18, 457738).
cost(6, 1, 568724).
cost(6, 2, 51744).
cost(6, 3, 386030).
cost(6, 4, 386427).
cost(6, 5, 254934).
cost(6, 7, 376052).
cost(6, 8, 373013).
cost(6, 9, 281502).
cost(6, 10, 237287).
cost(6, 11, 279286).
cost(6, 12, 353961).
cost(6, 13, 85769).
cost(6, 14, 163181).
cost(6, 15, 274500).
cost(6, 16, 263512).
cost(6, 17, 448321).
cost(6, 18, 272666).
cost(7, 1, 431151).
cost(7, 2, 387601).
cost(7, 3, 277951).
cost(7, 4, 455144).
cost(7, 5, 231477).
cost(7, 6, 376052).
cost(7, 8, 284664).
cost(7, 9, 383794).
cost(7, 10, 282055).
cost(7, 11, 455282).
cost(7, 12, 453478).
cost(7, 13, 399190).
cost(7, 14, 532095).
cost(7, 15, 164178).
cost(7, 16, 610468).
cost(7, 17, 614210).
cost(7, 18, 636542).
cost(8, 1, 199208).
cost(8, 2, 345473).
cost(8, 3, 18159).
cost(8, 4, 188145).
cost(8, 5, 124811).
cost(8, 6, 373013).
cost(8, 7, 284664).
cost(8, 9, 167753).
cost(8, 10, 137205).
cost(8, 11, 595658).
cost(8, 12, 634066).
cost(8, 13, 331039).
cost(8, 14, 526012).
cost(8, 15, 154795).
cost(8, 16, 492887).
cost(8, 17, 361729).
cost(8, 18, 540669).
cost(9, 1, 320383).
cost(9, 2, 237758).
cost(9, 3, 185912).
cost(9, 4, 106906).
cost(9, 5, 152600).
cost(9, 6, 281502).
cost(9, 7, 383794).
cost(9, 8, 167753).
cost(9, 10, 104816).
cost(9, 11, 548952).
cost(9, 12, 608807).
cost(9, 13, 211331).
cost(9, 14, 407023).
cost(9, 15, 219857).
cost(9, 16, 332119).
cost(9, 17, 231888).
cost(9, 18, 384121).
cost(10, 1, 331473).
cost(10, 2, 208271).
cost(10, 3, 151844).
cost(10, 4, 197700).
cost(10, 5, 51897).
cost(10, 6, 237287).
cost(10, 7, 282055).
cost(10, 8, 137205).
cost(10, 9, 104816).
cost(10, 11, 477908).
cost(10, 12, 527835).
cost(10, 13, 194916).
cost(10, 14, 388818).
cost(10, 15, 118125).
cost(10, 16, 373151).
cost(10, 17, 336552).
cost(10, 18, 415497).
cost(11, 1, 793656).
cost(11, 2, 330809).
cost(11, 3, 603336).
cost(11, 4, 655838).
cost(11, 5, 471473).
cost(11, 6, 279286).
cost(11, 7, 455282).
cost(11, 8, 595658).
cost(11, 9, 548952).
cost(11, 10, 477908).
cost(11, 12, 92462).
cost(11, 13, 364680).
cost(11, 14, 279189).
cost(11, 15, 453230).
cost(11, 16, 489104).
cost(11, 17, 727427).
cost(11, 18, 467687).
cost(12, 1, 827992).
cost(12, 2, 405585).
cost(12, 3, 639423).
cost(12, 4, 715252).
cost(12, 5, 513194).
cost(12, 6, 353961).
cost(12, 7, 453478).
cost(12, 8, 634066).
cost(12, 9, 608807).
cost(12, 10, 527835).
cost(12, 11, 92462).
cost(12, 13, 439577).
cost(12, 14, 371068).
cost(12, 15, 483795).
cost(12, 16, 578357).
cost(12, 17, 800664).
cost(12, 18, 559032).
cost(13, 1, 517966).
cost(13, 2, 34027).
cost(13, 3, 346417).
cost(13, 4, 311741).
cost(13, 5, 228065).
cost(13, 6, 85769).
cost(13, 7, 399190).
cost(13, 8, 331039).
cost(13, 9, 211331).
cost(13, 10, 194916).
cost(13, 11, 364680).
cost(13, 12, 439577).
cost(13, 14, 198177).
cost(13, 15, 267465).
cost(13, 16, 212123).
cost(13, 17, 362750).
cost(13, 18, 238618).
cost(14, 1, 715876).
cost(14, 2, 180558).
cost(14, 3, 540470).
cost(14, 4, 501931).
cost(14, 5, 413839).
cost(14, 6, 163181).
cost(14, 7, 532095).
cost(14, 8, 526012).
cost(14, 9, 407023).
cost(14, 10, 388818).
cost(14, 11, 279189).
cost(14, 12, 371068).
cost(14, 13, 198177).
cost(14, 15, 437557).
cost(14, 16, 217895).
cost(14, 17, 513819).
cost(14, 18, 189070).
cost(15, 1, 344207).
cost(15, 2, 266676).
cost(15, 3, 157197).
cost(15, 4, 297758).
cost(15, 5, 67326).
cost(15, 6, 274500).
cost(15, 7, 164178).
cost(15, 8, 154795).
cost(15, 9, 219857).
cost(15, 10, 118125).
cost(15, 11, 453230).
cost(15, 12, 483795).
cost(15, 13, 267465).
cost(15, 14, 437557).
cost(15, 16, 469609).
cost(15, 17, 451037).
cost(15, 18, 504244).
cost(16, 1, 649085).
cost(16, 2, 230335).
cost(16, 3, 510569).
cost(16, 4, 392389).
cost(16, 5, 418354).
cost(16, 6, 263512).
cost(16, 7, 610468).
cost(16, 8, 492887).
cost(16, 9, 332119).
cost(16, 10, 373151).
cost(16, 11, 489104).
cost(16, 12, 578357).
cost(16, 13, 212123).
cost(16, 14, 217895).
cost(16, 15, 469609).
cost(16, 17, 338828).
cost(16, 18, 60166).
cost(17, 1, 417517).
cost(17, 2, 396665).
cost(17, 3, 377562).
cost(17, 4, 174770).
cost(17, 5, 384068).
cost(17, 6, 448321).
cost(17, 7, 614210).
cost(17, 8, 361729).
cost(17, 9, 231888).
cost(17, 10, 336552).
cost(17, 11, 727427).
cost(17, 12, 800664).
cost(17, 13, 362750).
cost(17, 14, 513819).
cost(17, 15, 451037).
cost(17, 16, 338828).
cost(17, 18, 398532).
cost(18, 1, 703245).
cost(18, 2, 249469).
cost(18, 3, 558017).
cost(18, 4, 449803).
cost(18, 5, 457738).
cost(18, 6, 272666).
cost(18, 7, 636542).
cost(18, 8, 540669).
cost(18, 9, 384121).
cost(18, 10, 415497).
cost(18, 11, 467687).
cost(18, 12, 559032).
cost(18, 13, 238618).
cost(18, 14, 189070).
cost(18, 15, 504244).
cost(18, 16, 60166).
cost(18, 17, 398532).
nocross(1,9).
nocross(2,6).
nocross(2,7).
nocross(2,10).
nocross(2,17).
nocross(3,1).
nocross(3,5).
nocross(3,7).
nocross(3,8).
nocross(3,9).
nocross(3,10).
nocross(3,15).
nocross(4,1).
nocross(4,3).
nocross(4,7).
nocross(4,17).
nocross(5,3).
nocross(5,7).
nocross(5,10).
nocross(5,15).
nocross(6,7).
nocross(6,10).
nocross(6,17).
nocross(7,3).
nocross(7,12).
nocross(8,1).
nocross(8,3).
nocross(8,4).
nocross(8,5).
nocross(8,7).
nocross(8,9).
nocross(8,10).
nocross(8,13).
nocross(8,15).
nocross(9,1).
nocross(9,7).
nocross(9,8).
nocross(9,16).
nocross(10,13).
nocross(11,7).
nocross(11,13).
nocross(11,14).
nocross(11,15).
nocross(13,7).
nocross(13,9).
nocross(13,10).
nocross(13,16).
nocross(13,17).
nocross(14,2).
nocross(14,6).
nocross(14,11).
nocross(14,13).
nocross(14,17).
nocross(14,18).
nocross(15,3).
nocross(15,7).
nocross(15,8).
nocross(16,13).
nocross(16,17).
nocross(17,4).
nocross(17,9).
nocross(18,17).
