dimension(23).
point(1, -7717.0, 402533.0).
point(2, 17995.0, -71628.0).
point(3, -49780.0, 239482.0).
point(4, 127542.0, 209048.0).
point(5, -60660.0, 120871.0).
point(6, -17531.0, -100494.0).
point(7, -265435.0, 121353.0).
point(8, -37715.0, 228875.0).
point(9, 73948.0, 131126.0).
point(10, -16200.0, 109417.0).
point(11, -192653.0, -274783.0).
point(12, -274301.0, -279719.0).
point(13, 41656.0, -53019.0).
point(14, 49888.0, -228143.0).
point(15, -120205.0, 119569.0).
point(16, 214059.0, -127124.0).
point(17, 276078.0, 166134.0).
point(18, 210133.0, -180206.0).
point(19, 72453.0, 261897.0).
point(20, -272646.0, 223630.0).
point(21, 49583.0, 321632.0).
point(22, -2911.0, 485068.0).
point(23, -144047.0, -171986.0).
cost(1, 2, 474858).
cost(1, 3, 168389).
cost(1, 4, 236075).
cost(1, 5, 286595).
cost(1, 6, 503123).
cost(1, 7, 381419).
cost(1, 8, 176230).
cost(1, 9, 283427).
cost(1, 10, 293239).
cost(1, 11, 702110).
cost(1, 12, 732485).
cost(1, 13, 458220).
cost(1, 14, 633301).
cost(1, 15, 304503).
cost(1, 16, 574213).
cost(1, 17, 369356).
cost(1, 18, 622128).
cost(1, 19, 161882).
cost(1, 20, 319677).
cost(1, 21, 99138).
cost(1, 22, 82675).
cost(1, 23, 590473).
cost(2, 1, 474858).
cost(2, 3, 318407).
cost(2, 4, 301296).
cost(2, 5, 207948).
cost(2, 6, 45775).
cost(2, 7, 342891).
cost(2, 8, 305623).
cost(2, 9, 210333).
cost(2, 10, 184246).
cost(2, 11, 292651).
cost(2, 12, 358802).
cost(2, 13, 30102).
cost(2, 14, 159731).
cost(2, 15, 235914).
cost(2, 16, 203767).
cost(2, 17, 350910).
cost(2, 18, 220695).
cost(2, 19, 337942).
cost(2, 20, 414306).
cost(2, 21, 394527).
cost(2, 22, 557088).
cost(2, 23, 190603).
cost(3, 1, 168389).
cost(3, 2, 318407).
cost(3, 4, 179915).
cost(3, 5, 119109).
cost(3, 6, 341502).
cost(3, 7, 245889).
cost(3, 8, 16065).
cost(3, 9, 164468).
cost(3, 10, 134330).
cost(3, 11, 533743).
cost(3, 12, 565667).
cost(3, 13, 306459).
cost(3, 14, 478128).
cost(3, 15, 139064).
cost(3, 16, 451676).
cost(3, 17, 334011).
cost(3, 18, 493652).
cost(3, 19, 124271).
cost(3, 20, 223429).
cost(3, 21, 128925).
cost(3, 22, 250018).
cost(3, 23, 422128).
cost(4, 1, 236075).
cost(4, 2, 301296).
cost(4, 3, 179915).
cost(4, 5, 207834).
cost(4, 6, 341851).
cost(4, 7, 402643).
cost(4, 8, 166442).
cost(4, 9, 94574).
cost(4, 10, 174895).
cost(4, 11, 580187).
cost(4, 12, 632749).
cost(4, 13, 275782).
cost(4, 14, 444034).
cost(4, 15, 263410).
cost(4, 16, 347126).
cost(4, 17, 154611).
cost(4, 18, 397920).
cost(4, 19, 76340).
cost(4, 20, 400454).
cost(4, 21, 136941).
cost(4, 22, 305295).
cost(4, 23, 467918).
cost(5, 1, 286595).
cost(5, 2, 207948).
cost(5, 3, 119109).
cost(5, 4, 207834).
cost(5, 6, 225527).
cost(5, 7, 204776).
cost(5, 8, 110414).
cost(5, 9, 134998).
cost(5, 10, 45912).
cost(5, 11, 417090).
cost(5, 12, 453999).
cost(5, 13, 201758).
cost(5, 14, 366103).
cost(5, 15, 59559).
cost(5, 16, 370097).
cost(5, 17, 339766).
cost(5, 18, 404940).
cost(5, 19, 193926).
cost(5, 20, 235579).
cost(5, 21, 229038).
cost(5, 22, 368747).
cost(5, 23, 304497).
cost(6, 1, 503123).
cost(6, 2, 45775).
cost(6, 3, 341502).
cost(6, 4, 341851).
cost(6, 5, 225527).
cost(6, 7, 332675).
cost(6, 8, 329987).
cost(6, 9, 249031).
cost(6, 10, 209915).
cost(6, 11, 247072).
cost(6, 12, 313133).
cost(6, 13, 75875).
cost(6, 14, 144359).
cost(6, 15, 242837).
cost(6, 16, 233116).
cost(6, 17, 396607).
cost(6, 18, 241215).
cost(6, 19, 373396).
cost(6, 20, 412480).
cost(6, 21, 427428).
cost(6, 22, 585744).
cost(6, 23, 145318).
cost(7, 1, 381419).
cost(7, 2, 342891).
cost(7, 3, 245889).
cost(7, 4, 402643).
cost(7, 5, 204776).
cost(7, 6, 332675).
cost(7, 8, 251828).
cost(7, 9, 339524).
cost(7, 10, 249521).
cost(7, 11, 402767).
cost(7, 12, 401170).
cost(7, 13, 353144).
cost(7, 14, 470719).
cost(7, 15, 145241).
cost(7, 16, 540051).
cost(7, 17, 543361).
cost(7, 18, 563119).
cost(7, 19, 365952).
cost(7, 20, 102531).
cost(7, 21, 373293).
cost(7, 22, 448562).
cost(7, 23, 317463).
cost(8, 1, 176230).
cost(8, 2, 305623).
cost(8, 3, 16065).
cost(8, 4, 166442).
cost(8, 5, 110414).
cost(8, 6, 329987).
cost(8, 7, 251828).
cost(8, 9, 148403).
cost(8, 10, 121380).
cost(8, 11, 526951).
cost(8, 12, 560929).
cost(8, 13, 292855).
cost(8, 14, 465338).
cost(8, 15, 136939).
cost(8, 16, 436034).
cost(8, 17, 320004).
cost(8, 18, 478305).
cost(8, 19, 115011).
cost(8, 20, 234990).
cost(8, 21, 127377).
cost(8, 22, 258546).
cost(8, 23, 414724).
cost(9, 1, 283427).
cost(9, 2, 210333).
cost(9, 3, 164468).
cost(9, 4, 94574).
cost(9, 5, 134998).
cost(9, 6, 249031).
cost(9, 7, 339524).
cost(9, 8, 148403).
cost(9, 10, 92725).
cost(9, 11, 485632).
cost(9, 12, 538582).
cost(9, 13, 186955).
cost(9, 14, 360074).
cost(9, 15, 194497).
cost(9, 16, 293810).
cost(9, 17, 205139).
cost(9, 18, 339815).
cost(9, 19, 130780).
cost(9, 20, 358726).
cost(9, 21, 192058).
cost(9, 22, 362191).
cost(9, 23, 373361).
cost(10, 1, 293239).
cost(10, 2, 184246).
cost(10, 3, 134330).
cost(10, 4, 174895).
cost(10, 5, 45912).
cost(10, 6, 209915).
cost(10, 7, 249521).
cost(10, 8, 121380).
cost(10, 9, 92725).
cost(10, 11, 422783).
cost(10, 12, 466951).
cost(10, 13, 172432).
cost(10, 14, 343969).
cost(10, 15, 104499).
cost(10, 16, 330107).
cost(10, 17, 297730).
cost(10, 18, 367571).
cost(10, 19, 176379).
cost(10, 20, 280730).
cost(10, 21, 222177).
cost(10, 22, 375886).
cost(10, 23, 309083).
cost(11, 1, 702110).
cost(11, 2, 292651).
cost(11, 3, 533743).
cost(11, 4, 580187).
cost(11, 5, 417090).
cost(11, 6, 247072).
cost(11, 7, 402767).
cost(11, 8, 526951).
cost(11, 9, 485632).
cost(11, 10, 422783).
cost(11, 12, 81797).
cost(11, 13, 322614).
cost(11, 14, 246985).
cost(11, 15, 400952).
cost(11, 16, 432687).
cost(11, 17, 643519).
cost(11, 18, 413741).
cost(11, 19, 598587).
cost(11, 20, 504791).
cost(11, 21, 643731).
cost(11, 22, 783183).
cost(11, 23, 113709).
cost(12, 1, 732485).
cost(12, 2, 358802).
cost(12, 3, 565667).
cost(12, 4, 632749).
cost(12, 5, 453999).
cost(12, 6, 313133).
cost(12, 7, 401170).
cost(12, 8, 560929).
cost(12, 9, 538582).
cost(12, 10, 466951).
cost(12, 11, 81797).
cost(12, 13, 388872).
cost(12, 14, 328266).
cost(12, 15, 427991).
cost(12, 16, 511645).
cost(12, 17, 708309).
cost(12, 18, 494549).
cost(12, 19, 643107).
cost(12, 20, 503352).
cost(12, 21, 683026).
cost(12, 22, 811512).
cost(12, 23, 169034).
cost(13, 1, 458220).
cost(13, 2, 30102).
cost(13, 3, 306459).
cost(13, 4, 275782).
cost(13, 5, 201758).
cost(13, 6, 75875).
cost(13, 7, 353144).
cost(13, 8, 292855).
cost(13, 9, 186955).
cost(13, 10, 172432).
cost(13, 11, 322614).
cost(13, 12, 388872).
cost(13, 14, 175317).
cost(13, 15, 236613).
cost(13, 16, 187655).
cost(13, 17, 320908).
cost(13, 18, 211095).
cost(13, 19, 316418).
cost(13, 20, 418713).
cost(13, 21, 374735).
cost(13, 22, 539929).
cost(13, 23, 220542).
cost(14, 1, 633301).
cost(14, 2, 159731).
cost(14, 3, 478128).
cost(14, 4, 444034).
cost(14, 5, 366103).
cost(14, 6, 144359).
cost(14, 7, 470719).
cost(14, 8, 465338).
cost(14, 9, 360074).
cost(14, 10, 343969).
cost(14, 11, 246985).
cost(14, 12, 328266).
cost(14, 13, 175317).
cost(14, 15, 387086).
cost(14, 16, 192761).
cost(14, 17, 454551).
cost(14, 18, 167262).
cost(14, 19, 490559).
cost(14, 20, 555092).
cost(14, 21, 549775).
cost(14, 22, 715163).
cost(14, 23, 201902).
cost(15, 1, 304503).
cost(15, 2, 235914).
cost(15, 3, 139064).
cost(15, 4, 263410).
cost(15, 5, 59559).
cost(15, 6, 242837).
cost(15, 7, 145241).
cost(15, 8, 136939).
cost(15, 9, 194497).
cost(15, 10, 104499).
cost(15, 11, 400952).
cost(15, 12, 427991).
cost(15, 13, 236613).
cost(15, 14, 387086).
cost(15, 16, 415439).
cost(15, 17, 399009).
cost(15, 18, 446081).
cost(15, 19, 239529).
cost(15, 20, 184572).
cost(15, 21, 263927).
cost(15, 22, 383859).
cost(15, 23, 292528).
cost(16, 1, 574213).
cost(16, 2, 203767).
cost(16, 3, 451676).
cost(16, 4, 347126).
cost(16, 5, 370097).
cost(16, 6, 233116).
cost(16, 7, 540051).
cost(16, 8, 436034).
cost(16, 9, 293810).
cost(16, 10, 330107).
cost(16, 11, 432687).
cost(16, 12, 511645).
cost(16, 13, 187655).
cost(16, 14, 192761).
cost(16, 15, 415439).
cost(16, 17, 299744).
cost(16, 18, 53227).
cost(16, 19, 413992).
cost(16, 20, 599925).
cost(16, 21, 477948).
cost(16, 22, 649504).
cost(16, 23, 360905).
cost(17, 1, 369356).
cost(17, 2, 350910).
cost(17, 3, 334011).
cost(17, 4, 154611).
cost(17, 5, 339766).
cost(17, 6, 396607).
cost(17, 7, 543361).
cost(17, 8, 320004).
cost(17, 9, 205139).
cost(17, 10, 297730).
cost(17, 11, 643519).
cost(17, 12, 708309).
cost(17, 13, 320908).
cost(17, 14, 454551).
cost(17, 15, 399009).
cost(17, 16, 299744).
cost(17, 18, 352562).
cost(17, 19, 225019).
cost(17, 20, 551728).
cost(17, 21, 274736).
cost(17, 22, 423738).
cost(17, 23, 539287).
cost(18, 1, 622128).
cost(18, 2, 220695).
cost(18, 3, 493652).
cost(18, 4, 397920).
cost(18, 5, 404940).
cost(18, 6, 241215).
cost(18, 7, 563119).
cost(18, 8, 478305).
cost(18, 9, 339815).
cost(18, 10, 367571).
cost(18, 11, 413741).
cost(18, 12, 494549).
cost(18, 13, 211095).
cost(18, 14, 167262).
cost(18, 15, 446081).
cost(18, 16, 53227).
cost(18, 17, 352562).
cost(18, 19, 463045).
cost(18, 20, 629412).
cost(18, 21, 526894).
cost(18, 22, 698554).
cost(18, 23, 354275).
cost(19, 1, 161882).
cost(19, 2, 337942).
cost(19, 3, 124271).
cost(19, 4, 76340).
cost(19, 5, 193926).
cost(19, 6, 373396).
cost(19, 7, 365952).
cost(19, 8, 115011).
cost(19, 9, 130780).
cost(19, 10, 176379).
cost(19, 11, 598587).
cost(19, 12, 643107).
cost(19, 13, 316418).
cost(19, 14, 490559).
cost(19, 15, 239529).
cost(19, 16, 413992).
cost(19, 17, 225019).
cost(19, 18, 463045).
cost(19, 20, 347214).
cost(19, 21, 63963).
cost(19, 22, 235553).
cost(19, 23, 484899).
cost(20, 1, 319677).
cost(20, 2, 414306).
cost(20, 3, 223429).
cost(20, 4, 400454).
cost(20, 5, 235579).
cost(20, 6, 412480).
cost(20, 7, 102531).
cost(20, 8, 234990).
cost(20, 9, 358726).
cost(20, 10, 280730).
cost(20, 11, 504791).
cost(20, 12, 503352).
cost(20, 13, 418713).
cost(20, 14, 555092).
cost(20, 15, 184572).
cost(20, 16, 599925).
cost(20, 17, 551728).
cost(20, 18, 629412).
cost(20, 19, 347214).
cost(20, 21, 336802).
cost(20, 22, 375642).
cost(20, 23, 415992).
cost(21, 1, 99138).
cost(21, 2, 394527).
cost(21, 3, 128925).
cost(21, 4, 136941).
cost(21, 5, 229038).
cost(21, 6, 427428).
cost(21, 7, 373293).
cost(21, 8, 127377).
cost(21, 9, 192058).
cost(21, 10, 222177).
cost(21, 11, 643731).
cost(21, 12, 683026).
cost(21, 13, 374735).
cost(21, 14, 549775).
cost(21, 15, 263927).
cost(21, 16, 477948).
cost(21, 17, 274736).
cost(21, 18, 526894).
cost(21, 19, 63963).
cost(21, 20, 336802).
cost(21, 22, 171659).
cost(21, 23, 530237).
cost(22, 1, 82675).
cost(22, 2, 557088).
cost(22, 3, 250018).
cost(22, 4, 305295).
cost(22, 5, 368747).
cost(22, 6, 585744).
cost(22, 7, 448562).
cost(22, 8, 258546).
cost(22, 9, 362191).
cost(22, 10, 375886).
cost(22, 11, 783183).
cost(22, 12, 811512).
cost(22, 13, 539929).
cost(22, 14, 715163).
cost(22, 15, 383859).
cost(22, 16, 649504).
cost(22, 17, 423738).
cost(22, 18, 698554).
cost(22, 19, 235553).
cost(22, 20, 375642).
cost(22, 21, 171659).
cost(22, 23, 672041).
cost(23, 1, 590473).
cost(23, 2, 190603).
cost(23, 3, 422128).
cost(23, 4, 467918).
cost(23, 5, 304497).
cost(23, 6, 145318).
cost(23, 7, 317463).
cost(23, 8, 414724).
cost(23, 9, 373361).
cost(23, 10, 309083).
cost(23, 11, 113709).
cost(23, 12, 169034).
cost(23, 13, 220542).
cost(23, 14, 201902).
cost(23, 15, 292528).
cost(23, 16, 360905).
cost(23, 17, 539287).
cost(23, 18, 354275).
cost(23, 19, 484899).
cost(23, 20, 415992).
cost(23, 21, 530237).
cost(23, 22, 672041).
nocross(1,3).
nocross(1,7).
nocross(1,9).
nocross(1,10).
nocross(1,19).
nocross(1,20).
nocross(1,21).
nocross(1,22).
nocross(2,6).
nocross(2,7).
nocross(2,10).
nocross(2,15).
nocross(2,23).
nocross(3,5).
nocross(3,7).
nocross(3,9).
nocross(3,10).
nocross(3,15).
nocross(3,20).
nocross(3,21).
nocross(4,5).
nocross(4,17).
nocross(4,19).
nocross(4,20).
nocross(5,6).
nocross(5,10).
nocross(5,15).
nocross(5,20).
nocross(6,7).
nocross(6,10).
nocross(7,12).
nocross(7,15).
nocross(7,20).
nocross(7,23).
nocross(8,1).
nocross(8,5).
nocross(8,7).
nocross(8,9).
nocross(8,10).
nocross(8,13).
nocross(8,15).
nocross(8,19).
nocross(8,20).
nocross(8,21).
nocross(9,1).
nocross(9,7).
nocross(9,16).
nocross(9,20).
nocross(9,21).
nocross(10,1).
nocross(10,2).
nocross(10,13).
nocross(11,12).
nocross(11,13).
nocross(12,23).
nocross(13,7).
nocross(13,9).
nocross(13,10).
nocross(13,15).
nocross(13,16).
nocross(13,17).
nocross(13,23).
nocross(14,2).
nocross(14,6).
nocross(14,11).
nocross(14,12).
nocross(14,13).
nocross(14,16).
nocross(14,18).
nocross(14,23).
nocross(15,6).
nocross(15,7).
nocross(15,20).
nocross(16,13).
nocross(16,17).
nocross(17,4).
nocross(17,9).
nocross(17,22).
nocross(18,10).
nocross(18,17).
nocross(19,1).
nocross(19,4).
nocross(19,5).
nocross(19,8).
nocross(19,9).
nocross(19,10).
nocross(19,20).
nocross(19,21).
nocross(20,7).
nocross(20,15).
nocross(21,1).
nocross(21,3).
nocross(21,5).
nocross(21,8).
nocross(21,9).
nocross(21,10).
nocross(21,20).
nocross(22,21).
nocross(23,5).
nocross(23,6).
nocross(23,7).
nocross(23,10).
nocross(23,12).
nocross(23,15).
