dimension(23).
point(1, 258392.0, 86797.0).
point(2, -241363.0, 393181.0).
point(3, 141942.0, 515780.0).
point(4, 138542.0, 96055.0).
point(5, 81668.0, 156699.0).
point(6, -168899.0, 173401.0).
point(7, -57911.0, 290552.0).
point(8, -341205.0, -312239.0).
point(9, 120062.0, 235227.0).
point(10, 254826.0, 162958.0).
point(11, 352679.0, -241496.0).
point(12, 106975.0, -350979.0).
point(13, -67124.0, -65526.0).
point(14, 79851.0, 259579.0).
point(15, 154547.0, -512758.0).
point(16, -7363.0, 279697.0).
point(17, 40037.0, -86643.0).
point(18, -12297.0, 5226.0).
point(19, 285030.0, 23013.0).
point(20, 98979.0, -13067.0).
point(21, -182873.0, -47792.0).
point(22, 233720.0, -103511.0).
point(23, 227386.0, 208258.0).
cost(1, 2, 586196).
cost(1, 3, 444508).
cost(1, 4, 120207).
cost(1, 5, 190046).
cost(1, 6, 435979).
cost(1, 7, 376250).
cost(1, 8, 720240).
cost(1, 9, 202896).
cost(1, 10, 76244).
cost(1, 11, 341565).
cost(1, 12, 463222).
cost(1, 13, 359392).
cost(1, 14, 248456).
cost(1, 15, 608482).
cost(1, 16, 328384).
cost(1, 17, 278855).
cost(1, 18, 282713).
cost(1, 19, 69123).
cost(1, 20, 188110).
cost(1, 21, 461334).
cost(1, 22, 191901).
cost(1, 23, 125356).
cost(2, 1, 586196).
cost(2, 3, 402434).
cost(2, 4, 482298).
cost(2, 5, 400341).
cost(2, 6, 231418).
cost(2, 7, 210208).
cost(2, 8, 712451).
cost(2, 9, 394433).
cost(2, 10, 546997).
cost(2, 11, 869311).
cost(2, 12, 821653).
cost(2, 13, 490685).
cost(2, 14, 347891).
cost(2, 15, 988671).
cost(2, 16, 260067).
cost(2, 17, 556253).
cost(2, 18, 450533).
cost(2, 19, 643517).
cost(2, 20, 529972).
cost(2, 21, 444835).
cost(2, 22, 687319).
cost(2, 23, 503907).
cost(3, 1, 444508).
cost(3, 2, 402434).
cost(3, 4, 419739).
cost(3, 5, 364105).
cost(3, 6, 462434).
cost(3, 7, 301113).
cost(3, 8, 958669).
cost(3, 9, 281405).
cost(3, 10, 370440).
cost(3, 11, 786052).
cost(3, 12, 867464).
cost(3, 13, 617758).
cost(3, 14, 263618).
cost(3, 15, 1028615).
cost(3, 16, 279333).
cost(3, 17, 610981).
cost(3, 18, 533343).
cost(3, 19, 513121).
cost(3, 20, 530589).
cost(3, 21, 650475).
cost(3, 22, 626055).
cost(3, 23, 319172).
cost(4, 1, 120207).
cost(4, 2, 482298).
cost(4, 3, 419739).
cost(4, 5, 83141).
cost(4, 6, 317021).
cost(4, 7, 276447).
cost(4, 8, 629969).
cost(4, 9, 140394).
cost(4, 10, 134157).
cost(4, 11, 399744).
cost(4, 12, 448147).
cost(4, 13, 261547).
cost(4, 14, 173738).
cost(4, 15, 609023).
cost(4, 16, 234548).
cost(4, 17, 207562).
cost(4, 18, 176075).
cost(4, 19, 163688).
cost(4, 20, 116073).
cost(4, 21, 352136).
cost(4, 22, 221101).
cost(4, 23, 143118).
cost(5, 1, 190046).
cost(5, 2, 400341).
cost(5, 3, 364105).
cost(5, 4, 83141).
cost(5, 6, 251123).
cost(5, 7, 193388).
cost(5, 8, 631446).
cost(5, 9, 87411).
cost(5, 10, 173271).
cost(5, 11, 481670).
cost(5, 12, 508308).
cost(5, 13, 267438).
cost(5, 14, 102896).
cost(5, 15, 673412).
cost(5, 16, 151839).
cost(5, 17, 246877).
cost(5, 18, 178251).
cost(5, 19, 243368).
cost(5, 20, 170646).
cost(5, 21, 334363).
cost(5, 22, 301379).
cost(5, 23, 154571).
cost(6, 1, 435979).
cost(6, 2, 231418).
cost(6, 3, 462434).
cost(6, 4, 317021).
cost(6, 5, 251123).
cost(6, 7, 161377).
cost(6, 8, 515301).
cost(6, 9, 295501).
cost(6, 10, 423854).
cost(6, 11, 666471).
cost(6, 12, 592521).
cost(6, 13, 259700).
cost(6, 14, 263255).
cost(6, 15, 758572).
cost(6, 16, 193372).
cost(6, 17, 333582).
cost(6, 18, 229798).
cost(6, 19, 478193).
cost(6, 20, 326388).
cost(6, 21, 221634).
cost(6, 22, 488654).
cost(6, 23, 397815).
cost(7, 1, 376250).
cost(7, 2, 210208).
cost(7, 3, 301113).
cost(7, 4, 276447).
cost(7, 5, 193388).
cost(7, 6, 161377).
cost(7, 8, 666042).
cost(7, 9, 186374).
cost(7, 10, 337764).
cost(7, 11, 672056).
cost(7, 12, 662382).
cost(7, 13, 356197).
cost(7, 14, 141201).
cost(7, 15, 830930).
cost(7, 16, 51700).
cost(7, 17, 389705).
cost(7, 18, 288949).
cost(7, 19, 434955).
cost(7, 20, 341759).
cost(7, 21, 360683).
cost(7, 22, 490239).
cost(7, 23, 296929).
cost(8, 1, 720240).
cost(8, 2, 712451).
cost(8, 3, 958669).
cost(8, 4, 629969).
cost(8, 5, 631446).
cost(8, 6, 515301).
cost(8, 7, 666042).
cost(8, 9, 715881).
cost(8, 10, 762276).
cost(8, 11, 697481).
cost(8, 12, 449851).
cost(8, 13, 368765).
cost(8, 14, 710115).
cost(8, 15, 534769).
cost(8, 16, 679587).
cost(8, 17, 442989).
cost(8, 18, 457126).
cost(8, 19, 710327).
cost(8, 20, 532227).
cost(8, 21, 308223).
cost(8, 22, 611642).
cost(8, 23, 770852).
cost(9, 1, 202896).
cost(9, 2, 394433).
cost(9, 3, 281405).
cost(9, 4, 140394).
cost(9, 5, 87411).
cost(9, 6, 295501).
cost(9, 7, 186374).
cost(9, 8, 715881).
cost(9, 10, 152919).
cost(9, 11, 530448).
cost(9, 12, 586352).
cost(9, 13, 354247).
cost(9, 14, 47010).
cost(9, 15, 748780).
cost(9, 16, 134962).
cost(9, 17, 331669).
cost(9, 18, 265366).
cost(9, 19, 268792).
cost(9, 20, 249187).
cost(9, 21, 414571).
cost(9, 22, 357298).
cost(9, 23, 110661).
cost(10, 1, 76244).
cost(10, 2, 546997).
cost(10, 3, 370440).
cost(10, 4, 134157).
cost(10, 5, 173271).
cost(10, 6, 423854).
cost(10, 7, 337764).
cost(10, 8, 762276).
cost(10, 9, 152919).
cost(10, 11, 416123).
cost(10, 12, 534781).
cost(10, 13, 394787).
cost(10, 14, 199880).
cost(10, 15, 683116).
cost(10, 16, 287004).
cost(10, 17, 329295).
cost(10, 18, 310216).
cost(10, 19, 143167).
cost(10, 20, 235102).
cost(10, 21, 485794).
cost(10, 22, 267304).
cost(10, 23, 52963).
cost(11, 1, 341565).
cost(11, 2, 869311).
cost(11, 3, 786052).
cost(11, 4, 399744).
cost(11, 5, 481670).
cost(11, 6, 666471).
cost(11, 7, 672056).
cost(11, 8, 697481).
cost(11, 9, 530448).
cost(11, 10, 416123).
cost(11, 12, 268993).
cost(11, 13, 455192).
cost(11, 14, 570536).
cost(11, 15, 335916).
cost(11, 16, 633461).
cost(11, 17, 348890).
cost(11, 18, 440544).
cost(11, 19, 273023).
cost(11, 20, 341385).
cost(11, 21, 569506).
cost(11, 22, 182184).
cost(11, 23, 466880).
cost(12, 1, 463222).
cost(12, 2, 821653).
cost(12, 3, 867464).
cost(12, 4, 448147).
cost(12, 5, 508308).
cost(12, 6, 592521).
cost(12, 7, 662382).
cost(12, 8, 449851).
cost(12, 9, 586352).
cost(12, 10, 534781).
cost(12, 11, 268993).
cost(12, 13, 334356).
cost(12, 14, 611160).
cost(12, 15, 168628).
cost(12, 16, 640957).
cost(12, 17, 272680).
cost(12, 18, 375643).
cost(12, 19, 414214).
cost(12, 20, 338007).
cost(12, 21, 419445).
cost(12, 22, 278037).
cost(12, 23, 572053).
cost(13, 1, 359392).
cost(13, 2, 490685).
cost(13, 3, 617758).
cost(13, 4, 261547).
cost(13, 5, 267438).
cost(13, 6, 259700).
cost(13, 7, 356197).
cost(13, 8, 368765).
cost(13, 9, 354247).
cost(13, 10, 394787).
cost(13, 11, 455192).
cost(13, 12, 334356).
cost(13, 14, 356784).
cost(13, 15, 499154).
cost(13, 16, 350357).
cost(13, 17, 109222).
cost(13, 18, 89509).
cost(13, 19, 363114).
cost(13, 20, 174190).
cost(13, 21, 117100).
cost(13, 22, 303233).
cost(13, 23, 402112).
cost(14, 1, 248456).
cost(14, 2, 347891).
cost(14, 3, 263618).
cost(14, 4, 173738).
cost(14, 5, 102896).
cost(14, 6, 263255).
cost(14, 7, 141201).
cost(14, 8, 710115).
cost(14, 9, 47010).
cost(14, 10, 199880).
cost(14, 11, 570536).
cost(14, 12, 611160).
cost(14, 13, 356784).
cost(14, 15, 775941).
cost(14, 16, 89504).
cost(14, 17, 348504).
cost(14, 18, 270530).
cost(14, 19, 313148).
cost(14, 20, 273316).
cost(14, 21, 404352).
cost(14, 22, 394348).
cost(14, 23, 156206).
cost(15, 1, 608482).
cost(15, 2, 988671).
cost(15, 3, 1028615).
cost(15, 4, 609023).
cost(15, 5, 673412).
cost(15, 6, 758572).
cost(15, 7, 830930).
cost(15, 8, 534769).
cost(15, 9, 748780).
cost(15, 10, 683116).
cost(15, 11, 335916).
cost(15, 12, 168628).
cost(15, 13, 499154).
cost(15, 14, 775941).
cost(15, 16, 808826).
cost(15, 17, 441233).
cost(15, 18, 544191).
cost(15, 19, 551431).
cost(15, 20, 502771).
cost(15, 21, 574496).
cost(15, 22, 416835).
cost(15, 23, 724686).
cost(16, 1, 328384).
cost(16, 2, 260067).
cost(16, 3, 279333).
cost(16, 4, 234548).
cost(16, 5, 151839).
cost(16, 6, 193372).
cost(16, 7, 51700).
cost(16, 8, 679587).
cost(16, 9, 134962).
cost(16, 10, 287004).
cost(16, 11, 633461).
cost(16, 12, 640957).
cost(16, 13, 350357).
cost(16, 14, 89504).
cost(16, 15, 808826).
cost(16, 17, 369394).
cost(16, 18, 274515).
cost(16, 19, 389076).
cost(16, 20, 311479).
cost(16, 21, 371555).
cost(16, 22, 452735).
cost(16, 23, 245379).
cost(17, 1, 278855).
cost(17, 2, 556253).
cost(17, 3, 610981).
cost(17, 4, 207562).
cost(17, 5, 246877).
cost(17, 6, 333582).
cost(17, 7, 389705).
cost(17, 8, 442989).
cost(17, 9, 331669).
cost(17, 10, 329295).
cost(17, 11, 348890).
cost(17, 12, 272680).
cost(17, 13, 109222).
cost(17, 14, 348504).
cost(17, 15, 441233).
cost(17, 16, 369394).
cost(17, 18, 105730).
cost(17, 19, 268414).
cost(17, 20, 94274).
cost(17, 21, 226270).
cost(17, 22, 194416).
cost(17, 23, 349380).
cost(18, 1, 282713).
cost(18, 2, 450533).
cost(18, 3, 533343).
cost(18, 4, 176075).
cost(18, 5, 178251).
cost(18, 6, 229798).
cost(18, 7, 288949).
cost(18, 8, 457126).
cost(18, 9, 265366).
cost(18, 10, 310216).
cost(18, 11, 440544).
cost(18, 12, 375643).
cost(18, 13, 89509).
cost(18, 14, 270530).
cost(18, 15, 544191).
cost(18, 16, 274515).
cost(18, 17, 105730).
cost(18, 19, 297859).
cost(18, 20, 112770).
cost(18, 21, 178626).
cost(18, 22, 268976).
cost(18, 23, 314118).
cost(19, 1, 69123).
cost(19, 2, 643517).
cost(19, 3, 513121).
cost(19, 4, 163688).
cost(19, 5, 243368).
cost(19, 6, 478193).
cost(19, 7, 434955).
cost(19, 8, 710327).
cost(19, 9, 268792).
cost(19, 10, 143167).
cost(19, 11, 273023).
cost(19, 12, 414214).
cost(19, 13, 363114).
cost(19, 14, 313148).
cost(19, 15, 551431).
cost(19, 16, 389076).
cost(19, 17, 268414).
cost(19, 18, 297859).
cost(19, 20, 189517).
cost(19, 21, 473230).
cost(19, 22, 136532).
cost(19, 23, 194007).
cost(20, 1, 188110).
cost(20, 2, 529972).
cost(20, 3, 530589).
cost(20, 4, 116073).
cost(20, 5, 170646).
cost(20, 6, 326388).
cost(20, 7, 341759).
cost(20, 8, 532227).
cost(20, 9, 249187).
cost(20, 10, 235102).
cost(20, 11, 341385).
cost(20, 12, 338007).
cost(20, 13, 174190).
cost(20, 14, 273316).
cost(20, 15, 502771).
cost(20, 16, 311479).
cost(20, 17, 94274).
cost(20, 18, 112770).
cost(20, 19, 189517).
cost(20, 21, 283983).
cost(20, 22, 162281).
cost(20, 23, 255877).
cost(21, 1, 461334).
cost(21, 2, 444835).
cost(21, 3, 650475).
cost(21, 4, 352136).
cost(21, 5, 334363).
cost(21, 6, 221634).
cost(21, 7, 360683).
cost(21, 8, 308223).
cost(21, 9, 414571).
cost(21, 10, 485794).
cost(21, 11, 569506).
cost(21, 12, 419445).
cost(21, 13, 117100).
cost(21, 14, 404352).
cost(21, 15, 574496).
cost(21, 16, 371555).
cost(21, 17, 226270).
cost(21, 18, 178626).
cost(21, 19, 473230).
cost(21, 20, 283983).
cost(21, 22, 420303).
cost(21, 23, 483605).
cost(22, 1, 191901).
cost(22, 2, 687319).
cost(22, 3, 626055).
cost(22, 4, 221101).
cost(22, 5, 301379).
cost(22, 6, 488654).
cost(22, 7, 490239).
cost(22, 8, 611642).
cost(22, 9, 357298).
cost(22, 10, 267304).
cost(22, 11, 182184).
cost(22, 12, 278037).
cost(22, 13, 303233).
cost(22, 14, 394348).
cost(22, 15, 416835).
cost(22, 16, 452735).
cost(22, 17, 194416).
cost(22, 18, 268976).
cost(22, 19, 136532).
cost(22, 20, 162281).
cost(22, 21, 420303).
cost(22, 23, 311833).
cost(23, 1, 125356).
cost(23, 2, 503907).
cost(23, 3, 319172).
cost(23, 4, 143118).
cost(23, 5, 154571).
cost(23, 6, 397815).
cost(23, 7, 296929).
cost(23, 8, 770852).
cost(23, 9, 110661).
cost(23, 10, 52963).
cost(23, 11, 466880).
cost(23, 12, 572053).
cost(23, 13, 402112).
cost(23, 14, 156206).
cost(23, 15, 724686).
cost(23, 16, 245379).
cost(23, 17, 349380).
cost(23, 18, 314118).
cost(23, 19, 194007).
cost(23, 20, 255877).
cost(23, 21, 483605).
cost(23, 22, 311833).
nocross(1,9).
nocross(1,14).
nocross(1,19).
nocross(1,22).
nocross(1,23).
nocross(2,3).
nocross(2,6).
nocross(2,7).
nocross(2,14).
nocross(2,16).
nocross(3,2).
nocross(3,9).
nocross(3,10).
nocross(3,14).
nocross(3,16).
nocross(3,23).
nocross(4,1).
nocross(4,9).
nocross(4,10).
nocross(4,16).
nocross(4,23).
nocross(5,1).
nocross(5,4).
nocross(5,6).
nocross(5,7).
nocross(5,9).
nocross(5,14).
nocross(5,16).
nocross(5,21).
nocross(6,2).
nocross(6,4).
nocross(6,5).
nocross(6,14).
nocross(6,16).
nocross(6,21).
nocross(7,2).
nocross(7,6).
nocross(7,9).
nocross(7,14).
nocross(7,16).
nocross(8,21).
nocross(9,1).
nocross(9,4).
nocross(9,5).
nocross(9,7).
nocross(9,14).
nocross(9,16).
nocross(9,21).
nocross(10,1).
nocross(10,5).
nocross(10,9).
nocross(10,16).
nocross(10,23).
nocross(11,15).
nocross(11,19).
nocross(11,22).
nocross(12,1).
nocross(12,8).
nocross(12,15).
nocross(12,21).
nocross(12,22).
nocross(13,6).
nocross(13,14).
nocross(13,16).
nocross(13,21).
nocross(14,1).
nocross(14,3).
nocross(14,4).
nocross(14,5).
nocross(14,9).
nocross(14,16).
nocross(14,21).
nocross(15,11).
nocross(16,1).
nocross(16,6).
nocross(16,7).
nocross(16,9).
nocross(16,14).
nocross(16,21).
nocross(17,1).
nocross(17,4).
nocross(17,12).
nocross(17,13).
nocross(17,16).
nocross(17,18).
nocross(17,19).
nocross(17,21).
nocross(17,22).
nocross(18,1).
nocross(18,4).
nocross(18,6).
nocross(18,7).
nocross(18,13).
nocross(18,14).
nocross(18,16).
nocross(18,17).
nocross(18,21).
nocross(19,1).
nocross(19,10).
nocross(20,1).
nocross(20,4).
nocross(20,9).
nocross(20,15).
nocross(20,19).
nocross(20,22).
nocross(21,14).
nocross(21,16).
nocross(22,1).
nocross(22,4).
nocross(22,10).
nocross(22,15).
nocross(22,19).
nocross(23,1).
nocross(23,3).
nocross(23,4).
nocross(23,5).
nocross(23,9).
nocross(23,10).
nocross(23,14).
