dimension(23).
point(1, 129954.0, -30356.0).
point(2, 53928.0, 47488.0).
point(3, -74857.0, 81479.0).
point(4, 217944.0, 11820.0).
point(5, 344312.0, 48246.0).
point(6, 249315.0, 278768.0).
point(7, 436625.0, -237662.0).
point(8, -110097.0, -31143.0).
point(9, 359339.0, -94998.0).
point(10, 74493.0, -152108.0).
point(11, 78619.0, 11992.0).
point(12, 81267.0, -3264.0).
point(13, -301249.0, -251870.0).
point(14, -144104.0, -83239.0).
point(15, -21423.0, -95084.0).
point(16, 6908.0, -237150.0).
point(17, -277927.0, -130949.0).
point(18, -171384.0, -49914.0).
point(19, -108058.0, 116290.0).
point(20, -184581.0, 43319.0).
point(21, 202843.0, 157982.0).
point(22, 165836.0, -141283.0).
point(23, -59274.0, -120746.0).
cost(1, 2, 108810).
cost(1, 3, 233355).
cost(1, 4, 97576).
cost(1, 5, 228315).
cost(1, 6, 331368).
cost(1, 7, 370166).
cost(1, 8, 240052).
cost(1, 9, 238319).
cost(1, 10, 133789).
cost(1, 11, 66548).
cost(1, 12, 55717).
cost(1, 13, 484773).
cost(1, 14, 279114).
cost(1, 15, 164635).
cost(1, 16, 240633).
cost(1, 17, 420102).
cost(1, 18, 301972).
cost(1, 19, 279562).
cost(1, 20, 323048).
cost(1, 21, 201951).
cost(1, 22, 116586).
cost(1, 23, 209708).
cost(2, 1, 108810).
cost(2, 3, 133195).
cost(2, 4, 167849).
cost(2, 5, 290385).
cost(2, 6, 302765).
cost(2, 7, 477250).
cost(2, 8, 181898).
cost(2, 9, 337014).
cost(2, 10, 200653).
cost(2, 11, 43239).
cost(2, 12, 57647).
cost(2, 13, 464506).
cost(2, 14, 237289).
cost(2, 15, 161259).
cost(2, 16, 288496).
cost(2, 17, 376786).
cost(2, 18, 245464).
cost(2, 19, 175992).
cost(2, 20, 238545).
cost(2, 21, 185431).
cost(2, 22, 219449).
cost(2, 23, 202774).
cost(3, 1, 233355).
cost(3, 2, 133195).
cost(3, 4, 300973).
cost(3, 5, 420484).
cost(3, 6, 379487).
cost(3, 7, 602880).
cost(3, 8, 118007).
cost(3, 9, 468690).
cost(3, 10, 277251).
cost(3, 11, 168474).
cost(3, 12, 177640).
cost(3, 13, 402958).
cost(3, 14, 178682).
cost(3, 15, 184471).
cost(3, 16, 328953).
cost(3, 17, 293876).
cost(3, 18, 163039).
cost(3, 19, 48105).
cost(3, 20, 116170).
cost(3, 21, 288045).
cost(3, 22, 327957).
cost(3, 23, 202825).
cost(4, 1, 97576).
cost(4, 2, 167849).
cost(4, 3, 300973).
cost(4, 5, 131513).
cost(4, 6, 268785).
cost(4, 7, 331757).
cost(4, 8, 330842).
cost(4, 9, 177208).
cost(4, 10, 217832).
cost(4, 11, 139325).
cost(4, 12, 137507).
cost(4, 13, 582318).
cost(4, 14, 374319).
cost(4, 15, 262155).
cost(4, 16, 326377).
cost(4, 17, 516015).
cost(4, 18, 394192).
cost(4, 19, 342332).
cost(4, 20, 403756).
cost(4, 21, 146940).
cost(4, 22, 161727).
cost(4, 23, 307284).
cost(5, 1, 228315).
cost(5, 2, 290385).
cost(5, 3, 420484).
cost(5, 4, 131513).
cost(5, 6, 249329).
cost(5, 7, 300441).
cost(5, 8, 461292).
cost(5, 9, 144030).
cost(5, 10, 336071).
cost(5, 11, 268155).
cost(5, 12, 268041).
cost(5, 13, 711912).
cost(5, 14, 505805).
cost(5, 15, 392817).
cost(5, 16, 441919).
cost(5, 17, 647528).
cost(5, 18, 524955).
cost(5, 19, 457459).
cost(5, 20, 528916).
cost(5, 21, 179040).
cost(5, 22, 260336).
cost(5, 23, 437539).
cost(6, 1, 331368).
cost(6, 2, 302765).
cost(6, 3, 379487).
cost(6, 4, 268785).
cost(6, 5, 249329).
cost(6, 7, 549350).
cost(6, 8, 474575).
cost(6, 9, 389623).
cost(6, 10, 464991).
cost(6, 11, 316712).
cost(6, 12, 328302).
cost(6, 13, 764655).
cost(6, 14, 534628).
cost(6, 15, 461589).
cost(6, 16, 570029).
cost(6, 17, 667722).
cost(6, 18, 533872).
cost(6, 19, 392574).
cost(6, 20, 493662).
cost(6, 21, 129418).
cost(6, 22, 428266).
cost(6, 23, 504815).
cost(7, 1, 370166).
cost(7, 2, 477250).
cost(7, 3, 602880).
cost(7, 4, 331757).
cost(7, 5, 300441).
cost(7, 6, 549350).
cost(7, 8, 584427).
cost(7, 9, 162253).
cost(7, 10, 372101).
cost(7, 11, 436458).
cost(7, 12, 425701).
cost(7, 13, 738011).
cost(7, 14, 600910).
cost(7, 15, 479725).
cost(7, 16, 429717).
cost(7, 17, 722476).
cost(7, 18, 636337).
cost(7, 19, 649586).
cost(7, 20, 681797).
cost(7, 21, 459552).
cost(7, 22, 287429).
cost(7, 23, 509495).
cost(8, 1, 240052).
cost(8, 2, 181898).
cost(8, 3, 118007).
cost(8, 4, 330842).
cost(8, 5, 461292).
cost(8, 6, 474575).
cost(8, 7, 584427).
cost(8, 9, 473759).
cost(8, 10, 220694).
cost(8, 11, 193583).
cost(8, 12, 193384).
cost(8, 13, 291992).
cost(8, 14, 62213).
cost(8, 15, 109323).
cost(8, 16, 236916).
cost(8, 17, 195264).
cost(8, 18, 64097).
cost(8, 19, 147447).
cost(8, 20, 105321).
cost(8, 21, 365650).
cost(8, 22, 297102).
cost(8, 23, 103013).
cost(9, 1, 238319).
cost(9, 2, 337014).
cost(9, 3, 468690).
cost(9, 4, 177208).
cost(9, 5, 144030).
cost(9, 6, 389623).
cost(9, 7, 162253).
cost(9, 8, 473759).
cost(9, 10, 290515).
cost(9, 11, 300417).
cost(9, 12, 292813).
cost(9, 13, 678959).
cost(9, 14, 503580).
cost(9, 15, 380762).
cost(9, 16, 380019).
cost(9, 17, 638279).
cost(9, 18, 532634).
cost(9, 19, 512935).
cost(9, 20, 561231).
cost(9, 21, 297472).
cost(9, 22, 198962).
cost(9, 23, 419404).
cost(10, 1, 133789).
cost(10, 2, 200653).
cost(10, 3, 277251).
cost(10, 4, 217832).
cost(10, 5, 336071).
cost(10, 6, 464991).
cost(10, 7, 372101).
cost(10, 8, 220694).
cost(10, 9, 290515).
cost(10, 11, 164152).
cost(10, 12, 148998).
cost(10, 13, 388760).
cost(10, 14, 229189).
cost(10, 15, 111587).
cost(10, 16, 108627).
cost(10, 17, 353055).
cost(10, 18, 266269).
cost(10, 19, 324596).
cost(10, 20, 324517).
cost(10, 21, 335603).
cost(10, 22, 91982).
cost(10, 23, 137394).
cost(11, 1, 66548).
cost(11, 2, 43239).
cost(11, 3, 168474).
cost(11, 4, 139325).
cost(11, 5, 268155).
cost(11, 6, 316712).
cost(11, 7, 436458).
cost(11, 8, 193583).
cost(11, 9, 300417).
cost(11, 10, 164152).
cost(11, 12, 15484).
cost(11, 13, 462518).
cost(11, 14, 242228).
cost(11, 15, 146539).
cost(11, 16, 259257).
cost(11, 17, 384132).
cost(11, 18, 257554).
cost(11, 19, 213837).
cost(11, 20, 265058).
cost(11, 21, 191689).
cost(11, 22, 176352).
cost(11, 23, 191400).
cost(12, 1, 55717).
cost(12, 2, 57647).
cost(12, 3, 177640).
cost(12, 4, 137507).
cost(12, 5, 268041).
cost(12, 6, 328302).
cost(12, 7, 425701).
cost(12, 8, 193384).
cost(12, 9, 292813).
cost(12, 10, 148998).
cost(12, 11, 15484).
cost(12, 13, 456205).
cost(12, 14, 239140).
cost(12, 15, 137754).
cost(12, 16, 245422).
cost(12, 17, 381214).
cost(12, 18, 256922).
cost(12, 19, 223913).
cost(12, 20, 269898).
cost(12, 21, 201943).
cost(12, 22, 161868).
cost(12, 23, 183177).
cost(13, 1, 484773).
cost(13, 2, 464506).
cost(13, 3, 402958).
cost(13, 4, 582318).
cost(13, 5, 711912).
cost(13, 6, 764655).
cost(13, 7, 738011).
cost(13, 8, 291992).
cost(13, 9, 678959).
cost(13, 10, 388760).
cost(13, 11, 462518).
cost(13, 12, 456205).
cost(13, 14, 230502).
cost(13, 15, 320756).
cost(13, 16, 308508).
cost(13, 17, 123150).
cost(13, 18, 240107).
cost(13, 19, 415770).
cost(13, 20, 317408).
cost(13, 21, 649683).
cost(13, 22, 479998).
cost(13, 23, 275219).
cost(14, 1, 279114).
cost(14, 2, 237289).
cost(14, 3, 178682).
cost(14, 4, 374319).
cost(14, 5, 505805).
cost(14, 6, 534628).
cost(14, 7, 600910).
cost(14, 8, 62213).
cost(14, 9, 503580).
cost(14, 10, 229189).
cost(14, 11, 242228).
cost(14, 12, 239140).
cost(14, 13, 230502).
cost(14, 15, 123251).
cost(14, 16, 215623).
cost(14, 17, 142073).
cost(14, 18, 43067).
cost(14, 19, 202759).
cost(14, 20, 132873).
cost(14, 21, 422563).
cost(14, 22, 315328).
cost(14, 23, 92752).
cost(15, 1, 164635).
cost(15, 2, 161259).
cost(15, 3, 184471).
cost(15, 4, 262155).
cost(15, 5, 392817).
cost(15, 6, 461589).
cost(15, 7, 479725).
cost(15, 8, 109323).
cost(15, 9, 380762).
cost(15, 10, 111587).
cost(15, 11, 146539).
cost(15, 12, 137754).
cost(15, 13, 320756).
cost(15, 14, 123251).
cost(15, 16, 144863).
cost(15, 17, 258999).
cost(15, 18, 156616).
cost(15, 19, 228439).
cost(15, 20, 213953).
cost(15, 21, 338138).
cost(15, 22, 192874).
cost(15, 23, 45730).
cost(16, 1, 240633).
cost(16, 2, 288496).
cost(16, 3, 328953).
cost(16, 4, 326377).
cost(16, 5, 441919).
cost(16, 6, 570029).
cost(16, 7, 429717).
cost(16, 8, 236916).
cost(16, 9, 380019).
cost(16, 10, 108627).
cost(16, 11, 259257).
cost(16, 12, 245422).
cost(16, 13, 308508).
cost(16, 14, 215623).
cost(16, 15, 144863).
cost(16, 17, 303990).
cost(16, 18, 258545).
cost(16, 19, 371668).
cost(16, 20, 339604).
cost(16, 21, 441044).
cost(16, 22, 185603).
cost(16, 23, 133903).
cost(17, 1, 420102).
cost(17, 2, 376786).
cost(17, 3, 293876).
cost(17, 4, 516015).
cost(17, 5, 647528).
cost(17, 6, 667722).
cost(17, 7, 722476).
cost(17, 8, 195264).
cost(17, 9, 638279).
cost(17, 10, 353055).
cost(17, 11, 384132).
cost(17, 12, 381214).
cost(17, 13, 123150).
cost(17, 14, 142073).
cost(17, 15, 258999).
cost(17, 16, 303990).
cost(17, 18, 133858).
cost(17, 19, 299971).
cost(17, 20, 197694).
cost(17, 21, 560911).
cost(17, 22, 443883).
cost(17, 23, 218891).
cost(18, 1, 301972).
cost(18, 2, 245464).
cost(18, 3, 163039).
cost(18, 4, 394192).
cost(18, 5, 524955).
cost(18, 6, 533872).
cost(18, 7, 636337).
cost(18, 8, 64097).
cost(18, 9, 532634).
cost(18, 10, 266269).
cost(18, 11, 257554).
cost(18, 12, 256922).
cost(18, 13, 240107).
cost(18, 14, 43067).
cost(18, 15, 156616).
cost(18, 16, 258545).
cost(18, 17, 133858).
cost(18, 19, 177859).
cost(18, 20, 94162).
cost(18, 21, 428096).
cost(18, 22, 349379).
cost(18, 23, 132612).
cost(19, 1, 279562).
cost(19, 2, 175992).
cost(19, 3, 48105).
cost(19, 4, 342332).
cost(19, 5, 457459).
cost(19, 6, 392574).
cost(19, 7, 649586).
cost(19, 8, 147447).
cost(19, 9, 512935).
cost(19, 10, 324596).
cost(19, 11, 213837).
cost(19, 12, 223913).
cost(19, 13, 415770).
cost(19, 14, 202759).
cost(19, 15, 228439).
cost(19, 16, 371668).
cost(19, 17, 299971).
cost(19, 18, 177859).
cost(19, 20, 105738).
cost(19, 21, 313684).
cost(19, 22, 375981).
cost(19, 23, 242004).
cost(20, 1, 323048).
cost(20, 2, 238545).
cost(20, 3, 116170).
cost(20, 4, 403756).
cost(20, 5, 528916).
cost(20, 6, 493662).
cost(20, 7, 681797).
cost(20, 8, 105321).
cost(20, 9, 561231).
cost(20, 10, 324517).
cost(20, 11, 265058).
cost(20, 12, 269898).
cost(20, 13, 317408).
cost(20, 14, 132873).
cost(20, 15, 213953).
cost(20, 16, 339604).
cost(20, 17, 197694).
cost(20, 18, 94162).
cost(20, 19, 105738).
cost(20, 21, 404036).
cost(20, 22, 396068).
cost(20, 23, 206444).
cost(21, 1, 201951).
cost(21, 2, 185431).
cost(21, 3, 288045).
cost(21, 4, 146940).
cost(21, 5, 179040).
cost(21, 6, 129418).
cost(21, 7, 459552).
cost(21, 8, 365650).
cost(21, 9, 297472).
cost(21, 10, 335603).
cost(21, 11, 191689).
cost(21, 12, 201943).
cost(21, 13, 649683).
cost(21, 14, 422563).
cost(21, 15, 338138).
cost(21, 16, 441044).
cost(21, 17, 560911).
cost(21, 18, 428096).
cost(21, 19, 313684).
cost(21, 20, 404036).
cost(21, 22, 301544).
cost(21, 23, 382615).
cost(22, 1, 116586).
cost(22, 2, 219449).
cost(22, 3, 327957).
cost(22, 4, 161727).
cost(22, 5, 260336).
cost(22, 6, 428266).
cost(22, 7, 287429).
cost(22, 8, 297102).
cost(22, 9, 198962).
cost(22, 10, 91982).
cost(22, 11, 176352).
cost(22, 12, 161868).
cost(22, 13, 479998).
cost(22, 14, 315328).
cost(22, 15, 192874).
cost(22, 16, 185603).
cost(22, 17, 443883).
cost(22, 18, 349379).
cost(22, 19, 375981).
cost(22, 20, 396068).
cost(22, 21, 301544).
cost(22, 23, 226045).
cost(23, 1, 209708).
cost(23, 2, 202774).
cost(23, 3, 202825).
cost(23, 4, 307284).
cost(23, 5, 437539).
cost(23, 6, 504815).
cost(23, 7, 509495).
cost(23, 8, 103013).
cost(23, 9, 419404).
cost(23, 10, 137394).
cost(23, 11, 191400).
cost(23, 12, 183177).
cost(23, 13, 275219).
cost(23, 14, 92752).
cost(23, 15, 45730).
cost(23, 16, 133903).
cost(23, 17, 218891).
cost(23, 18, 132612).
cost(23, 19, 242004).
cost(23, 20, 206444).
cost(23, 21, 382615).
cost(23, 22, 226045).
nocross(1,4).
nocross(1,9).
nocross(1,11).
nocross(1,12).
nocross(1,22).
nocross(2,1).
nocross(2,11).
nocross(2,12).
nocross(2,19).
nocross(3,2).
nocross(3,6).
nocross(3,11).
nocross(3,12).
nocross(3,18).
nocross(3,19).
nocross(4,1).
nocross(4,2).
nocross(4,6).
nocross(4,9).
nocross(4,11).
nocross(4,12).
nocross(4,21).
nocross(4,22).
nocross(5,1).
nocross(5,4).
nocross(5,6).
nocross(5,9).
nocross(5,11).
nocross(5,21).
nocross(5,22).
nocross(6,1).
nocross(6,2).
nocross(6,11).
nocross(7,5).
nocross(7,9).
nocross(7,22).
nocross(8,2).
nocross(8,11).
nocross(8,12).
nocross(8,14).
nocross(8,18).
nocross(8,19).
nocross(9,1).
nocross(9,2).
nocross(9,4).
nocross(9,5).
nocross(9,7).
nocross(9,11).
nocross(9,12).
nocross(9,22).
nocross(10,1).
nocross(10,2).
nocross(10,11).
nocross(10,12).
nocross(10,16).
nocross(10,19).
nocross(11,1).
nocross(11,2).
nocross(11,4).
nocross(11,21).
nocross(12,1).
nocross(12,10).
nocross(12,11).
nocross(13,16).
nocross(13,18).
nocross(14,2).
nocross(14,11).
nocross(14,12).
nocross(14,18).
nocross(14,19).
nocross(14,23).
nocross(15,1).
nocross(15,2).
nocross(15,11).
nocross(15,12).
nocross(15,16).
nocross(15,19).
nocross(15,22).
nocross(16,12).
nocross(16,13).
nocross(16,15).
nocross(16,22).
nocross(16,23).
nocross(17,13).
nocross(17,14).
nocross(17,16).
nocross(17,18).
nocross(17,19).
nocross(18,3).
nocross(18,8).
nocross(18,11).
nocross(18,12).
nocross(18,14).
nocross(18,19).
nocross(18,23).
nocross(19,2).
nocross(19,11).
nocross(19,18).
nocross(20,2).
nocross(20,3).
nocross(20,11).
nocross(20,12).
nocross(20,17).
nocross(20,18).
nocross(20,19).
nocross(21,1).
nocross(21,2).
nocross(21,4).
nocross(21,6).
nocross(21,9).
nocross(21,11).
nocross(21,19).
nocross(22,1).
nocross(22,4).
nocross(22,7).
nocross(22,9).
nocross(22,11).
nocross(22,12).
nocross(22,16).
nocross(23,1).
nocross(23,2).
nocross(23,11).
nocross(23,12).
nocross(23,14).
nocross(23,15).
nocross(23,16).
nocross(23,18).
