dimension(23).
point(1, 302890.0, -86083.0).
point(2, -119452.0, -22822.0).
point(3, -572938.0, 235457.0).
point(4, 172913.0, 38232.0).
point(5, 104972.0, 410873.0).
point(6, -96989.0, -252082.0).
point(7, 4193.0, 9842.0).
point(8, -59469.0, -803609.0).
point(9, 104584.0, 213544.0).
point(10, 131285.0, -118039.0).
point(11, -131967.0, 28121.0).
point(12, 85629.0, -149952.0).
point(13, -220293.0, -123881.0).
point(14, -152680.0, 85250.0).
point(15, 431520.0, -400794.0).
point(16, 118800.0, -174633.0).
point(17, 183341.0, 173906.0).
point(18, 72269.0, 147940.0).
point(19, -96758.0, -228451.0).
point(20, 132905.0, -194574.0).
point(21, -117089.0, 207565.0).
point(22, -148813.0, -448211.0).
point(23, -179572.0, -68656.0).
cost(1, 2, 427054).
cost(1, 3, 932986).
cost(1, 4, 179856).
cost(1, 5, 534918).
cost(1, 6, 432965).
cost(1, 7, 313722).
cost(1, 8, 803833).
cost(1, 9, 359307).
cost(1, 10, 174555).
cost(1, 11, 449603).
cost(1, 12, 226454).
cost(1, 13, 524547).
cost(1, 14, 486723).
cost(1, 15, 339983).
cost(1, 16, 204280).
cost(1, 17, 286158).
cost(1, 18, 328562).
cost(1, 19, 424249).
cost(1, 20, 201656).
cost(1, 21, 512456).
cost(1, 22, 578941).
cost(1, 23, 482777).
cost(2, 1, 427054).
cost(2, 3, 521879).
cost(2, 4, 298672).
cost(2, 5, 488321).
cost(2, 6, 230358).
cost(2, 7, 127887).
cost(2, 8, 783088).
cost(2, 9, 325670).
cost(2, 10, 268208).
cost(2, 11, 52458).
cost(2, 12, 241289).
cost(2, 13, 142765).
cost(2, 14, 113065).
cost(2, 15, 668156).
cost(2, 16, 282508).
cost(2, 17, 361089).
cost(2, 18, 256742).
cost(2, 19, 206878).
cost(2, 20, 305259).
cost(2, 21, 230399).
cost(2, 22, 426401).
cost(2, 23, 75599).
cost(3, 1, 932986).
cost(3, 2, 521879).
cost(3, 4, 771486).
cost(3, 5, 700238).
cost(3, 6, 681338).
cost(3, 7, 619663).
cost(3, 8, 1159012).
cost(3, 9, 677876).
cost(3, 10, 787965).
cost(3, 11, 487282).
cost(3, 12, 763053).
cost(3, 13, 503470).
cost(3, 14, 446295).
cost(3, 15, 1189013).
cost(3, 16, 804161).
cost(3, 17, 758780).
cost(3, 18, 651115).
cost(3, 19, 664799).
cost(3, 20, 826523).
cost(3, 21, 456702).
cost(3, 22, 804540).
cost(3, 23, 497214).
cost(4, 1, 179856).
cost(4, 2, 298672).
cost(4, 3, 771486).
cost(4, 5, 378784).
cost(4, 6, 396395).
cost(4, 7, 171092).
cost(4, 8, 873326).
cost(4, 9, 188157).
cost(4, 10, 161720).
cost(4, 11, 305048).
cost(4, 12, 207441).
cost(4, 13, 425314).
cost(4, 14, 328970).
cost(4, 15, 509531).
cost(4, 16, 219635).
cost(4, 17, 136074).
cost(4, 18, 148879).
cost(4, 19, 379265).
cost(4, 20, 236219).
cost(4, 21, 335820).
cost(4, 22, 583210).
cost(4, 23, 368335).
cost(5, 1, 534918).
cost(5, 2, 488321).
cost(5, 3, 700238).
cost(5, 4, 378784).
cost(5, 6, 693035).
cost(5, 7, 413500).
cost(5, 8, 1225564).
cost(5, 9, 197329).
cost(5, 10, 529566).
cost(5, 11, 450155).
cost(5, 12, 561158).
cost(5, 13, 625907).
cost(5, 14, 415229).
cost(5, 15, 874893).
cost(5, 16, 585669).
cost(5, 17, 249590).
cost(5, 18, 264959).
cost(5, 19, 670396).
cost(5, 20, 606091).
cost(5, 21, 301073).
cost(5, 22, 895786).
cost(5, 23, 557596).
cost(6, 1, 432965).
cost(6, 2, 230358).
cost(6, 3, 681338).
cost(6, 4, 396395).
cost(6, 5, 693035).
cost(6, 7, 280788).
cost(6, 8, 552802).
cost(6, 9, 507385).
cost(6, 10, 264720).
cost(6, 11, 282378).
cost(6, 12, 209236).
cost(6, 13, 177875).
cost(6, 14, 341898).
cost(6, 15, 549033).
cost(6, 16, 229267).
cost(6, 17, 509952).
cost(6, 18, 434357).
cost(6, 19, 23632).
cost(6, 20, 236978).
cost(6, 21, 460086).
cost(6, 22, 202860).
cost(6, 23, 201159).
cost(7, 1, 313722).
cost(7, 2, 127887).
cost(7, 3, 619663).
cost(7, 4, 171092).
cost(7, 5, 413500).
cost(7, 6, 280788).
cost(7, 8, 815938).
cost(7, 9, 227097).
cost(7, 10, 180294).
cost(7, 11, 137381).
cost(7, 12, 179349).
cost(7, 13, 261296).
cost(7, 14, 174056).
cost(7, 15, 592647).
cost(7, 16, 217177).
cost(7, 17, 242922).
cost(7, 18, 153966).
cost(7, 19, 258795).
cost(7, 20, 241563).
cost(7, 21, 231956).
cost(7, 22, 482932).
cost(7, 23, 199829).
cost(8, 1, 803833).
cost(8, 2, 783088).
cost(8, 3, 1159012).
cost(8, 4, 873326).
cost(8, 5, 1225564).
cost(8, 6, 552802).
cost(8, 7, 815938).
cost(8, 9, 1030298).
cost(8, 10, 711613).
cost(8, 11, 834884).
cost(8, 12, 669568).
cost(8, 13, 698494).
cost(8, 14, 893733).
cost(8, 15, 635083).
cost(8, 16, 653751).
cost(8, 17, 1007220).
cost(8, 18, 960625).
cost(8, 19, 576366).
cost(8, 20, 638695).
cost(8, 21, 1012814).
cost(8, 22, 366456).
cost(8, 23, 744702).
cost(9, 1, 359307).
cost(9, 2, 325670).
cost(9, 3, 677876).
cost(9, 4, 188157).
cost(9, 5, 197329).
cost(9, 6, 507385).
cost(9, 7, 227097).
cost(9, 8, 1030298).
cost(9, 10, 332656).
cost(9, 11, 300563).
cost(9, 12, 363990).
cost(9, 13, 468402).
cost(9, 14, 287479).
cost(9, 15, 695915).
cost(9, 16, 388437).
cost(9, 17, 88169).
cost(9, 18, 73131).
cost(9, 19, 485694).
cost(9, 20, 409099).
cost(9, 21, 221754).
cost(9, 22, 708611).
cost(9, 23, 400477).
cost(10, 1, 174555).
cost(10, 2, 268208).
cost(10, 3, 787965).
cost(10, 4, 161720).
cost(10, 5, 529566).
cost(10, 6, 264720).
cost(10, 7, 180294).
cost(10, 8, 711613).
cost(10, 9, 332656).
cost(10, 11, 301105).
cost(10, 12, 55704).
cost(10, 13, 351627).
cost(10, 14, 349231).
cost(10, 15, 412421).
cost(10, 16, 57955).
cost(10, 17, 296550).
cost(10, 18, 272448).
cost(10, 19, 253366).
cost(10, 20, 76552).
cost(10, 21, 409521).
cost(10, 22, 432976).
cost(10, 23, 314755).
cost(11, 1, 449603).
cost(11, 2, 52458).
cost(11, 3, 487282).
cost(11, 4, 305048).
cost(11, 5, 450155).
cost(11, 6, 282378).
cost(11, 7, 137381).
cost(11, 8, 834884).
cost(11, 9, 300563).
cost(11, 10, 301105).
cost(11, 12, 281173).
cost(11, 13, 175801).
cost(11, 14, 60768).
cost(11, 15, 708157).
cost(11, 16, 322480).
cost(11, 17, 347379).
cost(11, 18, 236789).
cost(11, 19, 258977).
cost(11, 20, 346049).
cost(11, 21, 180060).
cost(11, 22, 476630).
cost(11, 23, 107852).
cost(12, 1, 226454).
cost(12, 2, 241289).
cost(12, 3, 763053).
cost(12, 4, 207441).
cost(12, 5, 561158).
cost(12, 6, 209236).
cost(12, 7, 179349).
cost(12, 8, 669568).
cost(12, 9, 363990).
cost(12, 10, 55704).
cost(12, 11, 281173).
cost(12, 13, 307031).
cost(12, 14, 334830).
cost(12, 15, 427273).
cost(12, 16, 41346).
cost(12, 17, 338277).
cost(12, 18, 298191).
cost(12, 19, 198563).
cost(12, 20, 65009).
cost(12, 21, 410990).
cost(12, 22, 379370).
cost(12, 23, 277382).
cost(13, 1, 524547).
cost(13, 2, 142765).
cost(13, 3, 503470).
cost(13, 4, 425314).
cost(13, 5, 625907).
cost(13, 6, 177875).
cost(13, 7, 261296).
cost(13, 8, 698494).
cost(13, 9, 468402).
cost(13, 10, 351627).
cost(13, 11, 175801).
cost(13, 12, 307031).
cost(13, 14, 219789).
cost(13, 15, 708196).
cost(13, 16, 342870).
cost(13, 17, 501595).
cost(13, 18, 399348).
cost(13, 19, 161851).
cost(13, 20, 360203).
cost(13, 21, 347142).
cost(13, 22, 332113).
cost(13, 23, 68615).
cost(14, 1, 486723).
cost(14, 2, 113065).
cost(14, 3, 446295).
cost(14, 4, 328970).
cost(14, 5, 415229).
cost(14, 6, 341898).
cost(14, 7, 174056).
cost(14, 8, 893733).
cost(14, 9, 287479).
cost(14, 10, 349231).
cost(14, 11, 60768).
cost(14, 12, 334830).
cost(14, 13, 219789).
cost(14, 15, 759953).
cost(14, 16, 375820).
cost(14, 17, 347520).
cost(14, 18, 233521).
cost(14, 19, 318646).
cost(14, 20, 399825).
cost(14, 21, 127388).
cost(14, 22, 533475).
cost(14, 23, 156238).
cost(15, 1, 339983).
cost(15, 2, 668156).
cost(15, 3, 1189013).
cost(15, 4, 509531).
cost(15, 5, 874893).
cost(15, 6, 549033).
cost(15, 7, 592647).
cost(15, 8, 635083).
cost(15, 9, 695915).
cost(15, 10, 412421).
cost(15, 11, 708157).
cost(15, 12, 427273).
cost(15, 13, 708196).
cost(15, 14, 759953).
cost(15, 16, 385931).
cost(15, 17, 625998).
cost(15, 18, 655874).
cost(15, 19, 555680).
cost(15, 20, 362902).
cost(15, 21, 819190).
cost(15, 22, 582267).
cost(15, 23, 695521).
cost(16, 1, 204280).
cost(16, 2, 282508).
cost(16, 3, 804161).
cost(16, 4, 219635).
cost(16, 5, 585669).
cost(16, 6, 229267).
cost(16, 7, 217177).
cost(16, 8, 653751).
cost(16, 9, 388437).
cost(16, 10, 57955).
cost(16, 11, 322480).
cost(16, 12, 41346).
cost(16, 13, 342870).
cost(16, 14, 375820).
cost(16, 15, 385931).
cost(16, 17, 354464).
cost(16, 18, 325912).
cost(16, 19, 222175).
cost(16, 20, 24425).
cost(16, 21, 449131).
cost(16, 22, 382703).
cost(16, 23, 316634).
cost(17, 1, 286158).
cost(17, 2, 361089).
cost(17, 3, 758780).
cost(17, 4, 136074).
cost(17, 5, 249590).
cost(17, 6, 509952).
cost(17, 7, 242922).
cost(17, 8, 1007220).
cost(17, 9, 88169).
cost(17, 10, 296550).
cost(17, 11, 347379).
cost(17, 12, 338277).
cost(17, 13, 501595).
cost(17, 14, 347520).
cost(17, 15, 625998).
cost(17, 16, 354464).
cost(17, 18, 114067).
cost(17, 19, 490252).
cost(17, 20, 371916).
cost(17, 21, 302310).
cost(17, 22, 705235).
cost(17, 23, 436511).
cost(18, 1, 328562).
cost(18, 2, 256742).
cost(18, 3, 651115).
cost(18, 4, 148879).
cost(18, 5, 264959).
cost(18, 6, 434357).
cost(18, 7, 153966).
cost(18, 8, 960625).
cost(18, 9, 73131).
cost(18, 10, 272448).
cost(18, 11, 236789).
cost(18, 12, 298191).
cost(18, 13, 399348).
cost(18, 14, 233521).
cost(18, 15, 655874).
cost(18, 16, 325912).
cost(18, 17, 114067).
cost(18, 19, 412602).
cost(18, 20, 347840).
cost(18, 21, 198524).
cost(18, 22, 635825).
cost(18, 23, 332171).
cost(19, 1, 424249).
cost(19, 2, 206878).
cost(19, 3, 664799).
cost(19, 4, 379265).
cost(19, 5, 670396).
cost(19, 6, 23632).
cost(19, 7, 258795).
cost(19, 8, 576366).
cost(19, 9, 485694).
cost(19, 10, 253366).
cost(19, 11, 258977).
cost(19, 12, 198563).
cost(19, 13, 161851).
cost(19, 14, 318646).
cost(19, 15, 555680).
cost(19, 16, 222175).
cost(19, 17, 490252).
cost(19, 18, 412602).
cost(19, 20, 232148).
cost(19, 21, 436490).
cost(19, 22, 225841).
cost(19, 23, 179979).
cost(20, 1, 201656).
cost(20, 2, 305259).
cost(20, 3, 826523).
cost(20, 4, 236219).
cost(20, 5, 606091).
cost(20, 6, 236978).
cost(20, 7, 241563).
cost(20, 8, 638695).
cost(20, 9, 409099).
cost(20, 10, 76552).
cost(20, 11, 346049).
cost(20, 12, 65009).
cost(20, 13, 360203).
cost(20, 14, 399825).
cost(20, 15, 362902).
cost(20, 16, 24425).
cost(20, 17, 371916).
cost(20, 18, 347840).
cost(20, 19, 232148).
cost(20, 21, 473511).
cost(20, 22, 379074).
cost(20, 23, 336893).
cost(21, 1, 512456).
cost(21, 2, 230399).
cost(21, 3, 456702).
cost(21, 4, 335820).
cost(21, 5, 301073).
cost(21, 6, 460086).
cost(21, 7, 231956).
cost(21, 8, 1012814).
cost(21, 9, 221754).
cost(21, 10, 409521).
cost(21, 11, 180060).
cost(21, 12, 410990).
cost(21, 13, 347142).
cost(21, 14, 127388).
cost(21, 15, 819190).
cost(21, 16, 449131).
cost(21, 17, 302310).
cost(21, 18, 198524).
cost(21, 19, 436490).
cost(21, 20, 473511).
cost(21, 22, 656543).
cost(21, 23, 283200).
cost(22, 1, 578941).
cost(22, 2, 426401).
cost(22, 3, 804540).
cost(22, 4, 583210).
cost(22, 5, 895786).
cost(22, 6, 202860).
cost(22, 7, 482932).
cost(22, 8, 366456).
cost(22, 9, 708611).
cost(22, 10, 432976).
cost(22, 11, 476630).
cost(22, 12, 379370).
cost(22, 13, 332113).
cost(22, 14, 533475).
cost(22, 15, 582267).
cost(22, 16, 382703).
cost(22, 17, 705235).
cost(22, 18, 635825).
cost(22, 19, 225841).
cost(22, 20, 379074).
cost(22, 21, 656543).
cost(22, 23, 380799).
cost(23, 1, 482777).
cost(23, 2, 75599).
cost(23, 3, 497214).
cost(23, 4, 368335).
cost(23, 5, 557596).
cost(23, 6, 201159).
cost(23, 7, 199829).
cost(23, 8, 744702).
cost(23, 9, 400477).
cost(23, 10, 314755).
cost(23, 11, 107852).
cost(23, 12, 277382).
cost(23, 13, 68615).
cost(23, 14, 156238).
cost(23, 15, 695521).
cost(23, 16, 316634).
cost(23, 17, 436511).
cost(23, 18, 332171).
cost(23, 19, 179979).
cost(23, 20, 336893).
cost(23, 21, 283200).
cost(23, 22, 380799).
nocross(1,16).
nocross(1,17).
nocross(1,20).
nocross(2,6).
nocross(2,11).
nocross(2,13).
nocross(2,14).
nocross(2,18).
nocross(2,19).
nocross(2,21).
nocross(2,23).
nocross(3,2).
nocross(3,11).
nocross(3,13).
nocross(3,14).
nocross(3,21).
nocross(3,23).
nocross(4,1).
nocross(4,17).
nocross(4,18).
nocross(4,20).
nocross(4,21).
nocross(5,9).
nocross(5,11).
nocross(5,14).
nocross(5,17).
nocross(5,18).
nocross(5,21).
nocross(6,2).
nocross(6,13).
nocross(6,18).
nocross(6,19).
nocross(6,20).
nocross(6,23).
nocross(7,11).
nocross(7,14).
nocross(7,18).
nocross(7,21).
nocross(9,5).
nocross(9,11).
nocross(9,14).
nocross(9,17).
nocross(9,18).
nocross(9,21).
nocross(10,2).
nocross(10,17).
nocross(10,18).
nocross(10,23).
nocross(11,2).
nocross(11,5).
nocross(11,7).
nocross(11,13).
nocross(11,14).
nocross(11,18).
nocross(11,21).
nocross(11,23).
nocross(12,2).
nocross(12,6).
nocross(12,16).
nocross(12,18).
nocross(12,23).
nocross(13,2).
nocross(13,11).
nocross(13,14).
nocross(13,19).
nocross(13,23).
nocross(14,2).
nocross(14,5).
nocross(14,7).
nocross(14,11).
nocross(14,18).
nocross(14,21).
nocross(14,23).
nocross(15,1).
nocross(15,6).
nocross(15,20).
nocross(16,1).
nocross(16,6).
nocross(16,10).
nocross(16,12).
nocross(16,17).
nocross(16,18).
nocross(16,20).
nocross(17,5).
nocross(17,9).
nocross(17,11).
nocross(17,14).
nocross(17,18).
nocross(18,14).
nocross(18,17).
nocross(18,21).
nocross(19,2).
nocross(19,6).
nocross(19,11).
nocross(19,13).
nocross(19,18).
nocross(19,20).
nocross(19,23).
nocross(20,1).
nocross(20,6).
nocross(20,15).
nocross(20,16).
nocross(20,18).
nocross(20,19).
nocross(21,2).
nocross(21,3).
nocross(21,5).
nocross(21,7).
nocross(21,11).
nocross(21,14).
nocross(21,18).
nocross(22,2).
nocross(22,6).
nocross(22,13).
nocross(22,15).
nocross(22,18).
nocross(22,19).
nocross(22,20).
nocross(22,23).
nocross(23,2).
nocross(23,11).
nocross(23,13).
nocross(23,14).
