dimension(23).
point(1, -140915.0, 102957.0).
point(2, -140770.0, 199168.0).
point(3, 32090.0, 190627.0).
point(4, 10517.0, 140185.0).
point(5, 60906.0, -71780.0).
point(6, -234020.0, 314162.0).
point(7, 139338.0, -50177.0).
point(8, -136935.0, 141805.0).
point(9, -54260.0, 46810.0).
point(10, 145455.0, 263899.0).
point(11, 147838.0, -440043.0).
point(12, 86924.0, -65004.0).
point(13, 185031.0, -517594.0).
point(14, 253890.0, -143959.0).
point(15, 559605.0, 280387.0).
point(16, 331605.0, -113194.0).
point(17, 312145.0, 19702.0).
point(18, -325142.0, -74292.0).
point(19, 82136.0, -2260.0).
point(20, -244809.0, 84394.0).
point(21, -78278.0, -67354.0).
point(22, 315388.0, 225426.0).
point(23, -93416.0, -346404.0).
cost(1, 2, 96211).
cost(1, 3, 193950).
cost(1, 4, 155941).
cost(1, 5, 266955).
cost(1, 6, 230816).
cost(1, 7, 319361).
cost(1, 8, 39051).
cost(1, 9, 103255).
cost(1, 10, 328497).
cost(1, 11, 615002).
cost(1, 12, 283057).
cost(1, 13, 700945).
cost(1, 14, 465659).
cost(1, 15, 722641).
cost(1, 16, 519612).
cost(1, 17, 460646).
cost(1, 18, 255650).
cost(1, 19, 246622).
cost(1, 20, 105539).
cost(1, 21, 181464).
cost(1, 22, 472452).
cost(1, 23, 451864).
cost(2, 1, 96211).
cost(2, 3, 173071).
cost(2, 4, 162378).
cost(2, 5, 337766).
cost(2, 6, 148051).
cost(2, 7, 375011).
cost(2, 8, 57491).
cost(2, 9, 175205).
cost(2, 10, 293453).
cost(2, 11, 701345).
cost(2, 12, 348757).
cost(2, 13, 787334).
cost(2, 14, 522965).
cost(2, 15, 705069).
cost(2, 16, 566311).
cost(2, 17, 487176).
cost(2, 18, 329808).
cost(2, 19, 300434).
cost(2, 20, 154910).
cost(2, 21, 273750).
cost(2, 22, 456913).
cost(2, 23, 547623).
cost(3, 1, 193950).
cost(3, 2, 173071).
cost(3, 4, 54862).
cost(3, 5, 263984).
cost(3, 6, 293386).
cost(3, 7, 263607).
cost(3, 8, 175935).
cost(3, 9, 167749).
cost(3, 10, 134983).
cost(3, 11, 641204).
cost(3, 12, 261446).
cost(3, 13, 724547).
cost(3, 14, 401426).
cost(3, 15, 535097).
cost(3, 16, 426634).
cost(3, 17, 328095).
cost(3, 18, 444743).
cost(3, 19, 199274).
cost(3, 20, 296578).
cost(3, 21, 280598).
cost(3, 22, 285427).
cost(3, 23, 551502).
cost(4, 1, 155941).
cost(4, 2, 162378).
cost(4, 3, 54862).
cost(4, 5, 217872).
cost(4, 6, 300111).
cost(4, 7, 229853).
cost(4, 8, 147461).
cost(4, 9, 113644).
cost(4, 10, 183067).
cost(4, 11, 596256).
cost(4, 12, 218953).
cost(4, 13, 680535).
cost(4, 14, 374123).
cost(4, 15, 566705).
cost(4, 16, 409021).
cost(4, 17, 324801).
cost(4, 18, 398331).
cost(4, 19, 159436).
cost(4, 20, 261350).
cost(4, 21, 225737).
cost(4, 22, 316563).
cost(4, 23, 497565).
cost(5, 1, 266955).
cost(5, 2, 337766).
cost(5, 3, 263984).
cost(5, 4, 217872).
cost(5, 6, 485729).
cost(5, 7, 81353).
cost(5, 8, 291135).
cost(5, 9, 165308).
cost(5, 10, 346163).
cost(5, 11, 378384).
cost(5, 12, 26886).
cost(5, 13, 462771).
cost(5, 14, 206040).
cost(5, 15, 610510).
cost(5, 16, 273849).
cost(5, 17, 267376).
cost(5, 18, 386056).
cost(5, 19, 72689).
cost(5, 20, 343296).
cost(5, 21, 139254).
cost(5, 22, 391270).
cost(5, 23, 315014).
cost(6, 1, 230816).
cost(6, 2, 148051).
cost(6, 3, 293386).
cost(6, 4, 300111).
cost(6, 5, 485729).
cost(6, 7, 521670).
cost(6, 8, 197819).
cost(6, 9, 322166).
cost(6, 10, 382789).
cost(6, 11, 845364).
cost(6, 12, 496761).
cost(6, 13, 931355).
cost(6, 14, 669276).
cost(6, 15, 794343).
cost(6, 16, 708918).
cost(6, 17, 620486).
cost(6, 18, 398998).
cost(6, 19, 447300).
cost(6, 20, 230021).
cost(6, 21, 412080).
cost(6, 22, 556528).
cost(6, 23, 675364).
cost(7, 1, 319361).
cost(7, 2, 375011).
cost(7, 3, 263607).
cost(7, 4, 229853).
cost(7, 5, 81353).
cost(7, 6, 521670).
cost(7, 8, 336428).
cost(7, 9, 216533).
cost(7, 10, 314136).
cost(7, 11, 389959).
cost(7, 12, 54471).
cost(7, 13, 469645).
cost(7, 14, 148045).
cost(7, 15, 534693).
cost(7, 16, 202331).
cost(7, 17, 186401).
cost(7, 18, 465106).
cost(7, 19, 74620).
cost(7, 20, 407036).
cost(7, 21, 218293).
cost(7, 22, 327033).
cost(7, 23, 376729).
cost(8, 1, 39051).
cost(8, 2, 57491).
cost(8, 3, 175935).
cost(8, 4, 147461).
cost(8, 5, 291135).
cost(8, 6, 197819).
cost(8, 7, 336428).
cost(8, 9, 125933).
cost(8, 10, 307654).
cost(8, 11, 647798).
cost(8, 12, 304767).
cost(8, 13, 733805).
cost(8, 14, 484154).
cost(8, 15, 710192).
cost(8, 16, 533436).
cost(8, 17, 465384).
cost(8, 18, 286566).
cost(8, 19, 262196).
cost(8, 20, 122200).
cost(8, 21, 217228).
cost(8, 22, 459988).
cost(8, 23, 490145).
cost(9, 1, 103255).
cost(9, 2, 175205).
cost(9, 3, 167749).
cost(9, 4, 113644).
cost(9, 5, 165308).
cost(9, 6, 322166).
cost(9, 7, 216533).
cost(9, 8, 125933).
cost(9, 10, 294981).
cost(9, 11, 527133).
cost(9, 12, 180098).
cost(9, 13, 613035).
cost(9, 14, 362421).
cost(9, 15, 656802).
cost(9, 16, 417724).
cost(9, 17, 367406).
cost(9, 18, 296720).
cost(9, 19, 144954).
cost(9, 20, 194220).
cost(9, 21, 116663).
cost(9, 22, 410540).
cost(9, 23, 395159).
cost(10, 1, 328497).
cost(10, 2, 293453).
cost(10, 3, 134983).
cost(10, 4, 183067).
cost(10, 5, 346163).
cost(10, 6, 382789).
cost(10, 7, 314136).
cost(10, 8, 307654).
cost(10, 9, 294981).
cost(10, 11, 703946).
cost(10, 12, 334070).
cost(10, 13, 782494).
cost(10, 14, 422026).
cost(10, 15, 414478).
cost(10, 16, 420537).
cost(10, 17, 295665).
cost(10, 18, 579512).
cost(10, 19, 273587).
cost(10, 20, 429567).
cost(10, 21, 399731).
cost(10, 22, 174234).
cost(10, 23, 655385).
cost(11, 1, 615002).
cost(11, 2, 701345).
cost(11, 3, 641204).
cost(11, 4, 596256).
cost(11, 5, 378384).
cost(11, 6, 845364).
cost(11, 7, 389959).
cost(11, 8, 647798).
cost(11, 9, 527133).
cost(11, 10, 703946).
cost(11, 12, 379954).
cost(11, 13, 86009).
cost(11, 14, 314504).
cost(11, 15, 829802).
cost(11, 16, 374967).
cost(11, 17, 488224).
cost(11, 18, 597900).
cost(11, 19, 442686).
cost(11, 20, 655138).
cost(11, 21, 435919).
cost(11, 22, 686238).
cost(11, 23, 258789).
cost(12, 1, 283057).
cost(12, 2, 348757).
cost(12, 3, 261446).
cost(12, 4, 218953).
cost(12, 5, 26886).
cost(12, 6, 496761).
cost(12, 7, 54471).
cost(12, 8, 304767).
cost(12, 9, 180098).
cost(12, 10, 334070).
cost(12, 11, 379954).
cost(12, 13, 463101).
cost(12, 14, 184693).
cost(12, 15, 585425).
cost(12, 16, 249381).
cost(12, 17, 240623).
cost(12, 18, 412171).
cost(12, 19, 62926).
cost(12, 20, 363822).
cost(12, 21, 165219).
cost(12, 22, 369520).
cost(12, 23, 334228).
cost(13, 1, 700945).
cost(13, 2, 787334).
cost(13, 3, 724547).
cost(13, 4, 680535).
cost(13, 5, 462771).
cost(13, 6, 931355).
cost(13, 7, 469645).
cost(13, 8, 733805).
cost(13, 9, 613035).
cost(13, 10, 782494).
cost(13, 11, 86009).
cost(13, 12, 463101).
cost(13, 14, 379927).
cost(13, 15, 881521).
cost(13, 16, 430143).
cost(13, 17, 552128).
cost(13, 18, 675865).
cost(13, 19, 525506).
cost(13, 20, 739697).
cost(13, 21, 521582).
cost(13, 22, 754368).
cost(13, 23, 326862).
cost(14, 1, 465659).
cost(14, 2, 522965).
cost(14, 3, 401426).
cost(14, 4, 374123).
cost(14, 5, 206040).
cost(14, 6, 669276).
cost(14, 7, 148045).
cost(14, 8, 484154).
cost(14, 9, 362421).
cost(14, 10, 422026).
cost(14, 11, 314504).
cost(14, 12, 184693).
cost(14, 13, 379927).
cost(14, 15, 523002).
cost(14, 16, 83583).
cost(14, 17, 173720).
cost(14, 18, 583208).
cost(14, 19, 222661).
cost(14, 20, 548494).
cost(14, 21, 340887).
cost(14, 22, 374469).
cost(14, 23, 402002).
cost(15, 1, 722641).
cost(15, 2, 705069).
cost(15, 3, 535097).
cost(15, 4, 566705).
cost(15, 5, 610510).
cost(15, 6, 794343).
cost(15, 7, 534693).
cost(15, 8, 710192).
cost(15, 9, 656802).
cost(15, 10, 414478).
cost(15, 11, 829802).
cost(15, 12, 585425).
cost(15, 13, 881521).
cost(15, 14, 523002).
cost(15, 16, 454852).
cost(15, 17, 359434).
cost(15, 18, 953192).
cost(15, 19, 554857).
cost(15, 20, 827946).
cost(15, 21, 726511).
cost(15, 22, 250325).
cost(15, 23, 905154).
cost(16, 1, 519612).
cost(16, 2, 566311).
cost(16, 3, 426634).
cost(16, 4, 409021).
cost(16, 5, 273849).
cost(16, 6, 708918).
cost(16, 7, 202331).
cost(16, 8, 533436).
cost(16, 9, 417724).
cost(16, 10, 420537).
cost(16, 11, 374967).
cost(16, 12, 249381).
cost(16, 13, 430143).
cost(16, 14, 83583).
cost(16, 15, 454852).
cost(16, 17, 134313).
cost(16, 18, 657898).
cost(16, 19, 273022).
cost(16, 20, 609339).
cost(16, 21, 412438).
cost(16, 22, 339008).
cost(16, 23, 484799).
cost(17, 1, 460646).
cost(17, 2, 487176).
cost(17, 3, 328095).
cost(17, 4, 324801).
cost(17, 5, 267376).
cost(17, 6, 620486).
cost(17, 7, 186401).
cost(17, 8, 465384).
cost(17, 9, 367406).
cost(17, 10, 295665).
cost(17, 11, 488224).
cost(17, 12, 240623).
cost(17, 13, 552128).
cost(17, 14, 173720).
cost(17, 15, 359434).
cost(17, 16, 134313).
cost(17, 18, 644181).
cost(17, 19, 231055).
cost(17, 20, 560699).
cost(17, 21, 400011).
cost(17, 22, 205750).
cost(17, 23, 546364).
cost(18, 1, 255650).
cost(18, 2, 329808).
cost(18, 3, 444743).
cost(18, 4, 398331).
cost(18, 5, 386056).
cost(18, 6, 398998).
cost(18, 7, 465106).
cost(18, 8, 286566).
cost(18, 9, 296720).
cost(18, 10, 579512).
cost(18, 11, 597900).
cost(18, 12, 412171).
cost(18, 13, 675865).
cost(18, 14, 583208).
cost(18, 15, 953192).
cost(18, 16, 657898).
cost(18, 17, 644181).
cost(18, 19, 413599).
cost(18, 20, 177861).
cost(18, 21, 246961).
cost(18, 22, 707184).
cost(18, 23, 357410).
cost(19, 1, 246622).
cost(19, 2, 300434).
cost(19, 3, 199274).
cost(19, 4, 159436).
cost(19, 5, 72689).
cost(19, 6, 447300).
cost(19, 7, 74620).
cost(19, 8, 262196).
cost(19, 9, 144954).
cost(19, 10, 273587).
cost(19, 11, 442686).
cost(19, 12, 62926).
cost(19, 13, 525506).
cost(19, 14, 222661).
cost(19, 15, 554857).
cost(19, 16, 273022).
cost(19, 17, 231055).
cost(19, 18, 413599).
cost(19, 20, 338234).
cost(19, 21, 173118).
cost(19, 22, 325956).
cost(19, 23, 386334).
cost(20, 1, 105539).
cost(20, 2, 154910).
cost(20, 3, 296578).
cost(20, 4, 261350).
cost(20, 5, 343296).
cost(20, 6, 230021).
cost(20, 7, 407036).
cost(20, 8, 122200).
cost(20, 9, 194220).
cost(20, 10, 429567).
cost(20, 11, 655138).
cost(20, 12, 363822).
cost(20, 13, 739697).
cost(20, 14, 548494).
cost(20, 15, 827946).
cost(20, 16, 609339).
cost(20, 17, 560699).
cost(20, 18, 177861).
cost(20, 19, 338234).
cost(20, 21, 225300).
cost(20, 22, 577677).
cost(20, 23, 456625).
cost(21, 1, 181464).
cost(21, 2, 273750).
cost(21, 3, 280598).
cost(21, 4, 225737).
cost(21, 5, 139254).
cost(21, 6, 412080).
cost(21, 7, 218293).
cost(21, 8, 217228).
cost(21, 9, 116663).
cost(21, 10, 399731).
cost(21, 11, 435919).
cost(21, 12, 165219).
cost(21, 13, 521582).
cost(21, 14, 340887).
cost(21, 15, 726511).
cost(21, 16, 412438).
cost(21, 17, 400011).
cost(21, 18, 246961).
cost(21, 19, 173118).
cost(21, 20, 225300).
cost(21, 22, 490605).
cost(21, 23, 279460).
cost(22, 1, 472452).
cost(22, 2, 456913).
cost(22, 3, 285427).
cost(22, 4, 316563).
cost(22, 5, 391270).
cost(22, 6, 556528).
cost(22, 7, 327033).
cost(22, 8, 459988).
cost(22, 9, 410540).
cost(22, 10, 174234).
cost(22, 11, 686238).
cost(22, 12, 369520).
cost(22, 13, 754368).
cost(22, 14, 374469).
cost(22, 15, 250325).
cost(22, 16, 339008).
cost(22, 17, 205750).
cost(22, 18, 707184).
cost(22, 19, 325956).
cost(22, 20, 577677).
cost(22, 21, 490605).
cost(22, 23, 702930).
cost(23, 1, 451864).
cost(23, 2, 547623).
cost(23, 3, 551502).
cost(23, 4, 497565).
cost(23, 5, 315014).
cost(23, 6, 675364).
cost(23, 7, 376729).
cost(23, 8, 490145).
cost(23, 9, 395159).
cost(23, 10, 655385).
cost(23, 11, 258789).
cost(23, 12, 334228).
cost(23, 13, 326862).
cost(23, 14, 402002).
cost(23, 15, 905154).
cost(23, 16, 484799).
cost(23, 17, 546364).
cost(23, 18, 357410).
cost(23, 19, 386334).
cost(23, 20, 456625).
cost(23, 21, 279460).
cost(23, 22, 702930).
nocross(1,2).
nocross(1,3).
nocross(1,4).
nocross(1,6).
nocross(1,8).
nocross(1,18).
nocross(1,20).
nocross(1,21).
nocross(2,1).
nocross(2,3).
nocross(2,4).
nocross(2,6).
nocross(2,8).
nocross(2,20).
nocross(3,1).
nocross(3,4).
nocross(3,8).
nocross(4,1).
nocross(4,2).
nocross(4,3).
nocross(4,5).
nocross(4,8).
nocross(4,9).
nocross(4,16).
nocross(5,4).
nocross(5,10).
nocross(5,11).
nocross(5,14).
nocross(5,21).
nocross(5,23).
nocross(6,1).
nocross(6,4).
nocross(6,8).
nocross(6,20).
nocross(7,4).
nocross(7,5).
nocross(7,10).
nocross(7,12).
nocross(7,19).
nocross(8,1).
nocross(8,2).
nocross(8,3).
nocross(8,4).
nocross(8,6).
nocross(8,18).
nocross(9,1).
nocross(9,3).
nocross(9,4).
nocross(9,5).
nocross(10,3).
nocross(10,4).
nocross(10,6).
nocross(10,17).
nocross(11,14).
nocross(11,16).
nocross(11,18).
nocross(11,23).
nocross(12,4).
nocross(12,5).
nocross(12,11).
nocross(12,19).
nocross(13,11).
nocross(14,16).
nocross(14,17).
nocross(14,23).
nocross(15,22).
nocross(16,11).
nocross(16,13).
nocross(16,14).
nocross(16,15).
nocross(16,17).
nocross(17,3).
nocross(17,4).
nocross(17,10).
nocross(17,16).
nocross(18,1).
nocross(18,6).
nocross(18,20).
nocross(18,21).
nocross(18,23).
nocross(19,4).
nocross(19,10).
nocross(19,16).
nocross(19,17).
nocross(20,1).
nocross(20,5).
nocross(20,6).
nocross(20,8).
nocross(20,9).
nocross(20,18).
nocross(20,21).
nocross(21,4).
nocross(21,5).
nocross(21,11).
nocross(21,18).
nocross(21,20).
nocross(22,3).
nocross(22,4).
nocross(22,10).
nocross(22,15).
nocross(23,1).
nocross(23,18).
nocross(23,21).
