dimension(23).
point(1, -91077.0, 122633.0).
point(2, -244659.0, -14008.0).
point(3, -72397.0, -201132.0).
point(4, 41646.0, 91768.0).
point(5, -342127.0, -267052.0).
point(6, 91694.0, -208426.0).
point(7, 245886.0, -205282.0).
point(8, -164659.0, 206052.0).
point(9, -34355.0, 49022.0).
point(10, -406851.0, -153968.0).
point(11, -171084.0, -231181.0).
point(12, -167447.0, -70721.0).
point(13, 16038.0, -491335.0).
point(14, -132898.0, 120105.0).
point(15, -37650.0, 57817.0).
point(16, -307792.0, 243405.0).
point(17, 504542.0, 158890.0).
point(18, -54255.0, 263392.0).
point(19, -8792.0, 262306.0).
point(20, 197651.0, 121131.0).
point(21, 194166.0, -239163.0).
point(22, -264705.0, -159415.0).
point(23, 236326.0, -227072.0).
cost(1, 2, 205568).
cost(1, 3, 324303).
cost(1, 4, 136265).
cost(1, 5, 463552).
cost(1, 6, 378160).
cost(1, 7, 470183).
cost(1, 8, 111234).
cost(1, 9, 92930).
cost(1, 10, 419787).
cost(1, 11, 362747).
cost(1, 12, 207890).
cost(1, 13, 623242).
cost(1, 14, 41897).
cost(1, 15, 83997).
cost(1, 16, 248095).
cost(1, 17, 596722).
cost(1, 18, 145496).
cost(1, 19, 162109).
cost(1, 20, 288732).
cost(1, 21, 460717).
cost(1, 22, 331207).
cost(1, 23, 479047).
cost(2, 1, 205568).
cost(2, 3, 254341).
cost(2, 4, 305220).
cost(2, 5, 271167).
cost(2, 6, 388499).
cost(2, 7, 526517).
cost(2, 8, 234150).
cost(2, 9, 219546).
cost(2, 10, 214231).
cost(2, 11, 229298).
cost(2, 12, 95802).
cost(2, 13, 543879).
cost(2, 14, 174576).
cost(2, 15, 219115).
cost(2, 16, 265042).
cost(2, 17, 768893).
cost(2, 18, 336459).
cost(2, 19, 363294).
cost(2, 20, 462494).
cost(2, 21, 493216).
cost(2, 22, 146782).
cost(2, 23, 526064).
cost(3, 1, 324303).
cost(3, 2, 254341).
cost(3, 4, 314319).
cost(3, 5, 277668).
cost(3, 6, 164253).
cost(3, 7, 318310).
cost(3, 8, 417506).
cost(3, 9, 253030).
cost(3, 10, 337763).
cost(3, 11, 103160).
cost(3, 12, 161374).
cost(3, 13, 303379).
cost(3, 14, 326885).
cost(3, 15, 261270).
cost(3, 16, 503015).
cost(3, 17, 680055).
cost(3, 18, 464878).
cost(3, 19, 467782).
cost(3, 20, 420451).
cost(3, 21, 269262).
cost(3, 22, 196781).
cost(3, 23, 309811).
cost(4, 1, 136265).
cost(4, 2, 305220).
cost(4, 3, 314319).
cost(4, 5, 525389).
cost(4, 6, 304337).
cost(4, 7, 360490).
cost(4, 8, 235844).
cost(4, 9, 87197).
cost(4, 10, 511406).
cost(4, 11, 386717).
cost(4, 12, 264807).
cost(4, 13, 583665).
cost(4, 14, 176829).
cost(4, 15, 86258).
cost(4, 16, 380921).
cost(4, 17, 467737).
cost(4, 18, 196601).
cost(4, 19, 177840).
cost(4, 20, 158744).
cost(4, 21, 364387).
cost(4, 22, 396161).
cost(4, 23, 373576).
cost(5, 1, 463552).
cost(5, 2, 271167).
cost(5, 3, 277668).
cost(5, 4, 525389).
cost(5, 6, 437764).
cost(5, 7, 591249).
cost(5, 8, 505294).
cost(5, 9, 441165).
cost(5, 10, 130297).
cost(5, 11, 174764).
cost(5, 12, 262791).
cost(5, 13, 422593).
cost(5, 14, 440076).
cost(5, 15, 445248).
cost(5, 16, 511610).
cost(5, 17, 947774).
cost(5, 18, 603524).
cost(5, 19, 625565).
cost(5, 20, 664866).
cost(5, 21, 537018).
cost(5, 22, 132589).
cost(5, 23, 579833).
cost(6, 1, 378160).
cost(6, 2, 388499).
cost(6, 3, 164253).
cost(6, 4, 304337).
cost(6, 5, 437764).
cost(6, 7, 154224).
cost(6, 8, 487349).
cost(6, 9, 286649).
cost(6, 10, 501511).
cost(6, 11, 263761).
cost(6, 12, 293457).
cost(6, 13, 292850).
cost(6, 14, 397963).
cost(6, 15, 295999).
cost(6, 16, 603109).
cost(6, 17, 552598).
cost(6, 18, 493876).
cost(6, 19, 481338).
cost(6, 20, 346171).
cost(6, 21, 106983).
cost(6, 22, 359753).
cost(6, 23, 145829).
cost(7, 1, 470183).
cost(7, 2, 526517).
cost(7, 3, 318310).
cost(7, 4, 360490).
cost(7, 5, 591249).
cost(7, 6, 154224).
cost(7, 8, 581156).
cost(7, 9, 378425).
cost(7, 10, 654751).
cost(7, 11, 417774).
cost(7, 12, 434685).
cost(7, 13, 366956).
cost(7, 14, 499354).
cost(7, 15, 386799).
cost(7, 16, 712657).
cost(7, 17, 446681).
cost(7, 18, 556543).
cost(7, 19, 532447).
cost(7, 20, 329958).
cost(7, 21, 61829).
cost(7, 22, 512647).
cost(7, 23, 23795).
cost(8, 1, 111234).
cost(8, 2, 234150).
cost(8, 3, 417506).
cost(8, 4, 235844).
cost(8, 5, 505294).
cost(8, 6, 487349).
cost(8, 7, 581156).
cost(8, 9, 204053).
cost(8, 10, 433902).
cost(8, 11, 437280).
cost(8, 12, 276787).
cost(8, 13, 720417).
cost(8, 14, 91628).
cost(8, 15, 195205).
cost(8, 16, 147927).
cost(8, 17, 670861).
cost(8, 18, 124406).
cost(8, 19, 165708).
cost(8, 20, 372129).
cost(8, 21, 571814).
cost(8, 22, 378913).
cost(8, 23, 590242).
cost(9, 1, 92930).
cost(9, 2, 219546).
cost(9, 3, 253030).
cost(9, 4, 87197).
cost(9, 5, 441165).
cost(9, 6, 286649).
cost(9, 7, 378425).
cost(9, 8, 204053).
cost(9, 10, 424215).
cost(9, 11, 311783).
cost(9, 12, 179030).
cost(9, 13, 542702).
cost(9, 14, 121505).
cost(9, 15, 9392).
cost(9, 16, 335489).
cost(9, 17, 549983).
cost(9, 18, 215292).
cost(9, 19, 214810).
cost(9, 20, 242954).
cost(9, 21, 367794).
cost(9, 22, 310656).
cost(9, 23, 386647).
cost(10, 1, 419787).
cost(10, 2, 214231).
cost(10, 3, 337763).
cost(10, 4, 511406).
cost(10, 5, 130297).
cost(10, 6, 501511).
cost(10, 7, 654751).
cost(10, 8, 433902).
cost(10, 9, 424215).
cost(10, 11, 248089).
cost(10, 12, 253465).
cost(10, 13, 540973).
cost(10, 14, 387513).
cost(10, 15, 425632).
cost(10, 16, 409534).
cost(10, 17, 963596).
cost(10, 18, 546364).
cost(10, 19, 575964).
cost(10, 20, 664155).
cost(10, 21, 607025).
cost(10, 22, 142250).
cost(10, 23, 647318).
cost(11, 1, 362747).
cost(11, 2, 229298).
cost(11, 3, 103160).
cost(11, 4, 386717).
cost(11, 5, 174764).
cost(11, 6, 263761).
cost(11, 7, 417774).
cost(11, 8, 437280).
cost(11, 9, 311783).
cost(11, 10, 248089).
cost(11, 12, 160501).
cost(11, 13, 320460).
cost(11, 14, 353355).
cost(11, 15, 318315).
cost(11, 16, 493884).
cost(11, 17, 780145).
cost(11, 18, 508184).
cost(11, 19, 519488).
cost(11, 20, 509989).
cost(11, 21, 365337).
cost(11, 22, 117963).
cost(11, 23, 407431).
cost(12, 1, 207890).
cost(12, 2, 95802).
cost(12, 3, 161374).
cost(12, 4, 264807).
cost(12, 5, 262791).
cost(12, 6, 293457).
cost(12, 7, 434685).
cost(12, 8, 276787).
cost(12, 9, 179030).
cost(12, 10, 253465).
cost(12, 11, 160501).
cost(12, 13, 458893).
cost(12, 14, 193928).
cost(12, 15, 182673).
cost(12, 16, 344052).
cost(12, 17, 710134).
cost(12, 18, 352766).
cost(12, 19, 368888).
cost(12, 20, 412436).
cost(12, 21, 398919).
cost(12, 22, 131627).
cost(12, 23, 432988).
cost(13, 1, 623242).
cost(13, 2, 543879).
cost(13, 3, 303379).
cost(13, 4, 583665).
cost(13, 5, 422593).
cost(13, 6, 292850).
cost(13, 7, 366956).
cost(13, 8, 720417).
cost(13, 9, 542702).
cost(13, 10, 540973).
cost(13, 11, 320460).
cost(13, 12, 458893).
cost(13, 14, 629318).
cost(13, 15, 551770).
cost(13, 16, 802938).
cost(13, 17, 813283).
cost(13, 18, 757993).
cost(13, 19, 754050).
cost(13, 20, 638825).
cost(13, 21, 308740).
cost(13, 22, 434727).
cost(13, 23, 344037).
cost(14, 1, 41897).
cost(14, 2, 174576).
cost(14, 3, 326885).
cost(14, 4, 176829).
cost(14, 5, 440076).
cost(14, 6, 397963).
cost(14, 7, 499354).
cost(14, 8, 91628).
cost(14, 9, 121505).
cost(14, 10, 387513).
cost(14, 11, 353355).
cost(14, 12, 193928).
cost(14, 13, 629318).
cost(14, 15, 113807).
cost(14, 16, 213988).
cost(14, 17, 638619).
cost(14, 18, 163450).
cost(14, 19, 188742).
cost(14, 20, 330551).
cost(14, 21, 485844).
cost(14, 22, 309038).
cost(14, 23, 506812).
cost(15, 1, 83997).
cost(15, 2, 219115).
cost(15, 3, 261270).
cost(15, 4, 86258).
cost(15, 5, 445248).
cost(15, 6, 295999).
cost(15, 7, 386799).
cost(15, 8, 195205).
cost(15, 9, 9392).
cost(15, 10, 425632).
cost(15, 11, 318315).
cost(15, 12, 182673).
cost(15, 13, 551770).
cost(15, 14, 113807).
cost(15, 16, 327749).
cost(15, 17, 551532).
cost(15, 18, 206245).
cost(15, 19, 206515).
cost(15, 20, 243670).
cost(15, 21, 376744).
cost(15, 22, 314235).
cost(15, 23, 395253).
cost(16, 1, 248095).
cost(16, 2, 265042).
cost(16, 3, 503015).
cost(16, 4, 380921).
cost(16, 5, 511610).
cost(16, 6, 603109).
cost(16, 7, 712657).
cost(16, 8, 147927).
cost(16, 9, 335489).
cost(16, 10, 409534).
cost(16, 11, 493884).
cost(16, 12, 344052).
cost(16, 13, 802938).
cost(16, 14, 213988).
cost(16, 15, 327749).
cost(16, 17, 816719).
cost(16, 18, 254324).
cost(16, 19, 299597).
cost(16, 20, 520023).
cost(16, 21, 696300).
cost(16, 22, 405118).
cost(16, 23, 719314).
cost(17, 1, 596722).
cost(17, 2, 768893).
cost(17, 3, 680055).
cost(17, 4, 467737).
cost(17, 5, 947774).
cost(17, 6, 552598).
cost(17, 7, 446681).
cost(17, 8, 670861).
cost(17, 9, 549983).
cost(17, 10, 963596).
cost(17, 11, 780145).
cost(17, 12, 710134).
cost(17, 13, 813283).
cost(17, 14, 638619).
cost(17, 15, 551532).
cost(17, 16, 816719).
cost(17, 18, 568485).
cost(17, 19, 523647).
cost(17, 20, 309205).
cost(17, 21, 504757).
cost(17, 22, 832502).
cost(17, 23, 470007).
cost(18, 1, 145496).
cost(18, 2, 336459).
cost(18, 3, 464878).
cost(18, 4, 196601).
cost(18, 5, 603524).
cost(18, 6, 493876).
cost(18, 7, 556543).
cost(18, 8, 124406).
cost(18, 9, 215292).
cost(18, 10, 546364).
cost(18, 11, 508184).
cost(18, 12, 352766).
cost(18, 13, 757993).
cost(18, 14, 163450).
cost(18, 15, 206245).
cost(18, 16, 254324).
cost(18, 17, 568485).
cost(18, 19, 45476).
cost(18, 20, 289301).
cost(18, 21, 560602).
cost(18, 22, 472287).
cost(18, 23, 570081).
cost(19, 1, 162109).
cost(19, 2, 363294).
cost(19, 3, 467782).
cost(19, 4, 177840).
cost(19, 5, 625565).
cost(19, 6, 481338).
cost(19, 7, 532447).
cost(19, 8, 165708).
cost(19, 9, 214810).
cost(19, 10, 575964).
cost(19, 11, 519488).
cost(19, 12, 368888).
cost(19, 13, 754050).
cost(19, 14, 188742).
cost(19, 15, 206515).
cost(19, 16, 299597).
cost(19, 17, 523647).
cost(19, 18, 45476).
cost(19, 20, 250098).
cost(19, 21, 540983).
cost(19, 22, 493295).
cost(19, 23, 547333).
cost(20, 1, 288732).
cost(20, 2, 462494).
cost(20, 3, 420451).
cost(20, 4, 158744).
cost(20, 5, 664866).
cost(20, 6, 346171).
cost(20, 7, 329958).
cost(20, 8, 372129).
cost(20, 9, 242954).
cost(20, 10, 664155).
cost(20, 11, 509989).
cost(20, 12, 412436).
cost(20, 13, 638825).
cost(20, 14, 330551).
cost(20, 15, 243670).
cost(20, 16, 520023).
cost(20, 17, 309205).
cost(20, 18, 289301).
cost(20, 19, 250098).
cost(20, 21, 360311).
cost(20, 22, 540813).
cost(20, 23, 350344).
cost(21, 1, 460717).
cost(21, 2, 493216).
cost(21, 3, 269262).
cost(21, 4, 364387).
cost(21, 5, 537018).
cost(21, 6, 106983).
cost(21, 7, 61829).
cost(21, 8, 571814).
cost(21, 9, 367794).
cost(21, 10, 607025).
cost(21, 11, 365337).
cost(21, 12, 398919).
cost(21, 13, 308740).
cost(21, 14, 485844).
cost(21, 15, 376744).
cost(21, 16, 696300).
cost(21, 17, 504757).
cost(21, 18, 560602).
cost(21, 19, 540983).
cost(21, 20, 360311).
cost(21, 22, 465749).
cost(21, 23, 43860).
cost(22, 1, 331207).
cost(22, 2, 146782).
cost(22, 3, 196781).
cost(22, 4, 396161).
cost(22, 5, 132589).
cost(22, 6, 359753).
cost(22, 7, 512647).
cost(22, 8, 378913).
cost(22, 9, 310656).
cost(22, 10, 142250).
cost(22, 11, 117963).
cost(22, 12, 131627).
cost(22, 13, 434727).
cost(22, 14, 309038).
cost(22, 15, 314235).
cost(22, 16, 405118).
cost(22, 17, 832502).
cost(22, 18, 472287).
cost(22, 19, 493295).
cost(22, 20, 540813).
cost(22, 21, 465749).
cost(22, 23, 505578).
cost(23, 1, 479047).
cost(23, 2, 526064).
cost(23, 3, 309811).
cost(23, 4, 373576).
cost(23, 5, 579833).
cost(23, 6, 145829).
cost(23, 7, 23795).
cost(23, 8, 590242).
cost(23, 9, 386647).
cost(23, 10, 647318).
cost(23, 11, 407431).
cost(23, 12, 432988).
cost(23, 13, 344037).
cost(23, 14, 506812).
cost(23, 15, 395253).
cost(23, 16, 719314).
cost(23, 17, 470007).
cost(23, 18, 570081).
cost(23, 19, 547333).
cost(23, 20, 350344).
cost(23, 21, 43860).
cost(23, 22, 505578).
nocross(1,2).
nocross(1,4).
nocross(1,9).
nocross(1,14).
nocross(1,15).
nocross(2,1).
nocross(2,3).
nocross(2,9).
nocross(2,14).
nocross(2,16).
nocross(3,1).
nocross(3,6).
nocross(3,9).
nocross(3,11).
nocross(3,12).
nocross(4,1).
nocross(4,3).
nocross(4,7).
nocross(4,14).
nocross(4,15).
nocross(4,19).
nocross(4,20).
nocross(5,2).
nocross(5,3).
nocross(5,6).
nocross(5,11).
nocross(6,1).
nocross(6,3).
nocross(6,4).
nocross(6,7).
nocross(6,9).
nocross(7,4).
nocross(7,6).
nocross(7,20).
nocross(7,21).
nocross(8,1).
nocross(8,2).
nocross(8,4).
nocross(8,14).
nocross(8,16).
nocross(8,18).
nocross(9,1).
nocross(9,2).
nocross(9,3).
nocross(9,4).
nocross(9,7).
nocross(9,15).
nocross(9,20).
nocross(10,2).
nocross(10,5).
nocross(10,11).
nocross(10,16).
nocross(11,1).
nocross(11,2).
nocross(11,3).
nocross(11,6).
nocross(11,12).
nocross(12,1).
nocross(12,2).
nocross(12,3).
nocross(12,7).
nocross(12,11).
nocross(12,14).
nocross(12,16).
nocross(13,3).
nocross(13,5).
nocross(13,6).
nocross(13,11).
nocross(14,1).
nocross(14,2).
nocross(14,9).
nocross(14,12).
nocross(15,1).
nocross(15,2).
nocross(15,3).
nocross(15,4).
nocross(15,7).
nocross(15,9).
nocross(15,11).
nocross(15,12).
nocross(15,14).
nocross(15,20).
nocross(16,2).
nocross(16,8).
nocross(16,14).
nocross(16,18).
nocross(17,19).
nocross(17,20).
nocross(18,1).
nocross(18,2).
nocross(18,4).
nocross(18,8).
nocross(18,9).
nocross(18,14).
nocross(18,15).
nocross(18,20).
nocross(19,1).
nocross(19,2).
nocross(19,4).
nocross(19,9).
nocross(19,14).
nocross(19,15).
nocross(19,18).
nocross(19,20).
nocross(20,1).
nocross(20,2).
nocross(20,4).
nocross(20,6).
nocross(20,9).
nocross(20,18).
nocross(20,19).
nocross(21,7).
nocross(22,2).
nocross(22,3).
nocross(22,5).
nocross(22,10).
nocross(22,11).
nocross(22,12).
nocross(23,6).
nocross(23,7).
nocross(23,21).
