dimension(23).
point(1, -127042.0, -392501.0).
point(2, -14176.0, -34257.0).
point(3, -89274.0, 255330.0).
point(4, 209861.0, -133512.0).
point(5, -68108.0, -179419.0).
point(6, -21297.0, -178021.0).
point(7, -65943.0, 157440.0).
point(8, -6634.0, 66617.0).
point(9, 31680.0, 204369.0).
point(10, -345664.0, -53695.0).
point(11, -275768.0, 48287.0).
point(12, 492374.0, -207266.0).
point(13, -288429.0, 31560.0).
point(14, 83974.0, -119466.0).
point(15, -103447.0, -175314.0).
point(16, -226420.0, -159806.0).
point(17, -113341.0, -123471.0).
point(18, 232438.0, -117246.0).
point(19, 103596.0, 283111.0).
point(20, 9247.0, 43816.0).
point(21, 42570.0, -71194.0).
point(22, 155865.0, 33300.0).
point(23, -71195.0, 55559.0).
cost(1, 2, 375603).
cost(1, 3, 648931).
cost(1, 4, 424946).
cost(1, 5, 221082).
cost(1, 6, 239131).
cost(1, 7, 553325).
cost(1, 8, 474645).
cost(1, 9, 617614).
cost(1, 10, 403218).
cost(1, 11, 465203).
cost(1, 12, 646520).
cost(1, 13, 453733).
cost(1, 14, 345074).
cost(1, 15, 218465).
cost(1, 16, 253028).
cost(1, 17, 269379).
cost(1, 18, 452760).
cost(1, 19, 713895).
cost(1, 20, 457107).
cost(1, 21, 363327).
cost(1, 22, 511217).
cost(1, 23, 451527).
cost(2, 1, 375603).
cost(2, 3, 299166).
cost(2, 4, 245039).
cost(2, 5, 154857).
cost(2, 6, 143940).
cost(2, 7, 198564).
cost(2, 8, 101156).
cost(2, 9, 242992).
cost(2, 10, 332057).
cost(2, 11, 274306).
cost(2, 12, 535280).
cost(2, 13, 282040).
cost(2, 14, 129977).
cost(2, 15, 166932).
cost(2, 16, 246597).
cost(2, 17, 133390).
cost(2, 18, 260203).
cost(2, 19, 338515).
cost(2, 20, 81511).
cost(2, 21, 67709).
cost(2, 22, 182970).
cost(2, 23, 106386).
cost(3, 1, 648931).
cost(3, 2, 299166).
cost(3, 4, 490591).
cost(3, 5, 435264).
cost(3, 6, 438650).
cost(3, 7, 100632).
cost(3, 8, 206014).
cost(3, 9, 131251).
cost(3, 10, 401537).
cost(3, 11, 278652).
cost(3, 12, 743175).
cost(3, 13, 299559).
cost(3, 14, 412901).
cost(3, 15, 430877).
cost(3, 16, 437204).
cost(3, 17, 379565).
cost(3, 18, 492251).
cost(3, 19, 194861).
cost(3, 20, 233334).
cost(3, 21, 352137).
cost(3, 22, 330742).
cost(3, 23, 200587).
cost(4, 1, 424946).
cost(4, 2, 245039).
cost(4, 3, 490591).
cost(4, 5, 281734).
cost(4, 6, 235404).
cost(4, 7, 400900).
cost(4, 8, 294825).
cost(4, 9, 381984).
cost(4, 10, 561230).
cost(4, 11, 518543).
cost(4, 12, 291982).
cost(4, 13, 524921).
cost(4, 14, 126668).
cost(4, 15, 316084).
cost(4, 16, 437073).
cost(4, 17, 323358).
cost(4, 18, 27826).
cost(4, 19, 429962).
cost(4, 20, 267752).
cost(4, 21, 178521).
cost(4, 22, 175333).
cost(4, 23, 338733).
cost(5, 1, 221082).
cost(5, 2, 154857).
cost(5, 3, 435264).
cost(5, 4, 281734).
cost(5, 6, 46832).
cost(5, 7, 336866).
cost(5, 8, 253600).
cost(5, 9, 396549).
cost(5, 10, 304703).
cost(5, 11, 308176).
cost(5, 12, 561173).
cost(5, 13, 305047).
cost(5, 14, 163473).
cost(5, 15, 35577).
cost(5, 16, 159522).
cost(5, 17, 71946).
cost(5, 18, 306909).
cost(5, 19, 493372).
cost(5, 20, 236258).
cost(5, 21, 154798).
cost(5, 22, 308890).
cost(5, 23, 234998).
cost(6, 1, 239131).
cost(6, 2, 143940).
cost(6, 3, 438650).
cost(6, 4, 235404).
cost(6, 5, 46832).
cost(6, 7, 338419).
cost(6, 8, 245077).
cost(6, 9, 386042).
cost(6, 10, 347377).
cost(6, 11, 340545).
cost(6, 12, 514503).
cost(6, 13, 339535).
cost(6, 14, 120460).
cost(6, 15, 82195).
cost(6, 16, 205930).
cost(6, 17, 106994).
cost(6, 18, 260912).
cost(6, 19, 477746).
cost(6, 20, 223930).
cost(6, 21, 124463).
cost(6, 22, 275759).
cost(6, 23, 238850).
cost(7, 1, 553325).
cost(7, 2, 198564).
cost(7, 3, 100632).
cost(7, 4, 400900).
cost(7, 5, 336866).
cost(7, 6, 338419).
cost(7, 8, 108473).
cost(7, 9, 108317).
cost(7, 10, 350459).
cost(7, 11, 236518).
cost(7, 12, 666880).
cost(7, 13, 255628).
cost(7, 14, 314884).
cost(7, 15, 334861).
cost(7, 16, 355525).
cost(7, 17, 284882).
cost(7, 18, 405566).
cost(7, 19, 211037).
cost(7, 20, 136250).
cost(7, 21, 253078).
cost(7, 22, 254184).
cost(7, 23, 102016).
cost(8, 1, 474645).
cost(8, 2, 101156).
cost(8, 3, 206014).
cost(8, 4, 294825).
cost(8, 5, 253600).
cost(8, 6, 245077).
cost(8, 7, 108473).
cost(8, 9, 142981).
cost(8, 10, 359745).
cost(8, 11, 269757).
cost(8, 12, 569228).
cost(8, 13, 283967).
cost(8, 14, 206970).
cost(8, 15, 260583).
cost(8, 16, 315552).
cost(8, 17, 217990).
cost(8, 18, 301597).
cost(8, 19, 242941).
cost(8, 20, 27787).
cost(8, 21, 146331).
cost(8, 22, 165879).
cost(8, 23, 65501).
cost(9, 1, 617614).
cost(9, 2, 242992).
cost(9, 3, 131251).
cost(9, 4, 381984).
cost(9, 5, 396549).
cost(9, 6, 386042).
cost(9, 7, 108317).
cost(9, 8, 142981).
cost(9, 10, 457149).
cost(9, 11, 344798).
cost(9, 12, 617804).
cost(9, 13, 363776).
cost(9, 14, 328030).
cost(9, 15, 403012).
cost(9, 16, 446362).
cost(9, 17, 358483).
cost(9, 18, 379131).
cost(9, 19, 106641).
cost(9, 20, 162113).
cost(9, 21, 275778).
cost(9, 22, 211392).
cost(9, 23, 180908).
cost(10, 1, 403218).
cost(10, 2, 332057).
cost(10, 3, 401537).
cost(10, 4, 561230).
cost(10, 5, 304703).
cost(10, 6, 347377).
cost(10, 7, 350459).
cost(10, 8, 359745).
cost(10, 9, 457149).
cost(10, 11, 123636).
cost(10, 12, 851993).
cost(10, 13, 102685).
cost(10, 14, 434643).
cost(10, 15, 271036).
cost(10, 16, 159620).
cost(10, 17, 242575).
cost(10, 18, 581585).
cost(10, 19, 561492).
cost(10, 20, 368063).
cost(10, 21, 388628).
cost(10, 22, 509018).
cost(10, 23, 295414).
cost(11, 1, 465203).
cost(11, 2, 274306).
cost(11, 3, 278652).
cost(11, 4, 518543).
cost(11, 5, 308176).
cost(11, 6, 340545).
cost(11, 7, 236518).
cost(11, 8, 269757).
cost(11, 9, 344798).
cost(11, 10, 123636).
cost(11, 12, 809537).
cost(11, 13, 20978).
cost(11, 14, 396932).
cost(11, 15, 282298).
cost(11, 16, 213864).
cost(11, 17, 236397).
cost(11, 18, 534485).
cost(11, 19, 446161).
cost(11, 20, 285050).
cost(11, 21, 340022).
cost(11, 22, 431893).
cost(11, 23, 204702).
cost(12, 1, 646520).
cost(12, 2, 535280).
cost(12, 3, 743175).
cost(12, 4, 291982).
cost(12, 5, 561173).
cost(12, 6, 514503).
cost(12, 7, 666880).
cost(12, 8, 569228).
cost(12, 9, 617804).
cost(12, 10, 851993).
cost(12, 11, 809537).
cost(12, 13, 816512).
cost(12, 14, 417731).
cost(12, 15, 596677).
cost(12, 16, 720359).
cost(12, 17, 611484).
cost(12, 18, 275082).
cost(12, 19, 625794).
cost(12, 20, 544476).
cost(12, 21, 469935).
cost(12, 22, 413655).
cost(12, 23, 621842).
cost(13, 1, 453733).
cost(13, 2, 282040).
cost(13, 3, 299559).
cost(13, 4, 524921).
cost(13, 5, 305047).
cost(13, 6, 339535).
cost(13, 7, 255628).
cost(13, 8, 283967).
cost(13, 9, 363776).
cost(13, 10, 102685).
cost(13, 11, 20978).
cost(13, 12, 816512).
cost(13, 14, 401862).
cost(13, 15, 277516).
cost(13, 16, 201162).
cost(13, 17, 233860).
cost(13, 18, 541706).
cost(13, 19, 465791).
cost(13, 20, 297928).
cost(13, 21, 346581).
cost(13, 22, 444297).
cost(13, 23, 218556).
cost(14, 1, 345074).
cost(14, 2, 129977).
cost(14, 3, 412901).
cost(14, 4, 126668).
cost(14, 5, 163473).
cost(14, 6, 120460).
cost(14, 7, 314884).
cost(14, 8, 206970).
cost(14, 9, 328030).
cost(14, 10, 434643).
cost(14, 11, 396932).
cost(14, 12, 417731).
cost(14, 13, 401862).
cost(14, 15, 195565).
cost(14, 16, 313004).
cost(14, 17, 197356).
cost(14, 18, 148481).
cost(14, 19, 403055).
cost(14, 20, 179569).
cost(14, 21, 63596).
cost(14, 22, 168837).
cost(14, 23, 233904).
cost(15, 1, 218465).
cost(15, 2, 166932).
cost(15, 3, 430877).
cost(15, 4, 316084).
cost(15, 5, 35577).
cost(15, 6, 82195).
cost(15, 7, 334861).
cost(15, 8, 260583).
cost(15, 9, 403012).
cost(15, 10, 271036).
cost(15, 11, 282298).
cost(15, 12, 596677).
cost(15, 13, 277516).
cost(15, 14, 195565).
cost(15, 16, 123947).
cost(15, 17, 52779).
cost(15, 18, 340867).
cost(15, 19, 503011).
cost(15, 20, 246410).
cost(15, 21, 179337).
cost(15, 22, 332810).
cost(15, 23, 233115).
cost(16, 1, 253028).
cost(16, 2, 246597).
cost(16, 3, 437204).
cost(16, 4, 437073).
cost(16, 5, 159522).
cost(16, 6, 205930).
cost(16, 7, 355525).
cost(16, 8, 315552).
cost(16, 9, 446362).
cost(16, 10, 159620).
cost(16, 11, 213864).
cost(16, 12, 720359).
cost(16, 13, 201162).
cost(16, 14, 313004).
cost(16, 15, 123947).
cost(16, 17, 118773).
cost(16, 18, 460828).
cost(16, 19, 552346).
cost(16, 20, 311450).
cost(16, 21, 283210).
cost(16, 22, 428289).
cost(16, 23, 265475).
cost(17, 1, 269379).
cost(17, 2, 133390).
cost(17, 3, 379565).
cost(17, 4, 323358).
cost(17, 5, 71946).
cost(17, 6, 106994).
cost(17, 7, 284882).
cost(17, 8, 217990).
cost(17, 9, 358483).
cost(17, 10, 242575).
cost(17, 11, 236397).
cost(17, 12, 611484).
cost(17, 13, 233860).
cost(17, 14, 197356).
cost(17, 15, 52779).
cost(17, 16, 118773).
cost(17, 18, 345835).
cost(17, 19, 460837).
cost(17, 20, 207395).
cost(17, 21, 164442).
cost(17, 22, 311527).
cost(17, 23, 183924).
cost(18, 1, 452760).
cost(18, 2, 260203).
cost(18, 3, 492251).
cost(18, 4, 27826).
cost(18, 5, 306909).
cost(18, 6, 260912).
cost(18, 7, 405566).
cost(18, 8, 301597).
cost(18, 9, 379131).
cost(18, 10, 581585).
cost(18, 11, 534485).
cost(18, 12, 275082).
cost(18, 13, 541706).
cost(18, 14, 148481).
cost(18, 15, 340867).
cost(18, 16, 460828).
cost(18, 17, 345835).
cost(18, 19, 420578).
cost(18, 20, 275237).
cost(18, 21, 195373).
cost(18, 22, 168901).
cost(18, 23, 349363).
cost(19, 1, 713895).
cost(19, 2, 338515).
cost(19, 3, 194861).
cost(19, 4, 429962).
cost(19, 5, 493372).
cost(19, 6, 477746).
cost(19, 7, 211037).
cost(19, 8, 242941).
cost(19, 9, 106641).
cost(19, 10, 561492).
cost(19, 11, 446161).
cost(19, 12, 625794).
cost(19, 13, 465791).
cost(19, 14, 403055).
cost(19, 15, 503011).
cost(19, 16, 552346).
cost(19, 17, 460837).
cost(19, 18, 420578).
cost(19, 20, 257223).
cost(19, 21, 359522).
cost(19, 22, 255221).
cost(19, 23, 286935).
cost(20, 1, 457107).
cost(20, 2, 81511).
cost(20, 3, 233334).
cost(20, 4, 267752).
cost(20, 5, 236258).
cost(20, 6, 223930).
cost(20, 7, 136250).
cost(20, 8, 27787).
cost(20, 9, 162113).
cost(20, 10, 368063).
cost(20, 11, 285050).
cost(20, 12, 544476).
cost(20, 13, 297928).
cost(20, 14, 179569).
cost(20, 15, 246410).
cost(20, 16, 311450).
cost(20, 17, 207395).
cost(20, 18, 275237).
cost(20, 19, 257223).
cost(20, 21, 119740).
cost(20, 22, 146995).
cost(20, 23, 81295).
cost(21, 1, 363327).
cost(21, 2, 67709).
cost(21, 3, 352137).
cost(21, 4, 178521).
cost(21, 5, 154798).
cost(21, 6, 124463).
cost(21, 7, 253078).
cost(21, 8, 146331).
cost(21, 9, 275778).
cost(21, 10, 388628).
cost(21, 11, 340022).
cost(21, 12, 469935).
cost(21, 13, 346581).
cost(21, 14, 63596).
cost(21, 15, 179337).
cost(21, 16, 283210).
cost(21, 17, 164442).
cost(21, 18, 195373).
cost(21, 19, 359522).
cost(21, 20, 119740).
cost(21, 22, 154126).
cost(21, 23, 170320).
cost(22, 1, 511217).
cost(22, 2, 182970).
cost(22, 3, 330742).
cost(22, 4, 175333).
cost(22, 5, 308890).
cost(22, 6, 275759).
cost(22, 7, 254184).
cost(22, 8, 165879).
cost(22, 9, 211392).
cost(22, 10, 509018).
cost(22, 11, 431893).
cost(22, 12, 413655).
cost(22, 13, 444297).
cost(22, 14, 168837).
cost(22, 15, 332810).
cost(22, 16, 428289).
cost(22, 17, 311527).
cost(22, 18, 168901).
cost(22, 19, 255221).
cost(22, 20, 146995).
cost(22, 21, 154126).
cost(22, 23, 228148).
cost(23, 1, 451527).
cost(23, 2, 106386).
cost(23, 3, 200587).
cost(23, 4, 338733).
cost(23, 5, 234998).
cost(23, 6, 238850).
cost(23, 7, 102016).
cost(23, 8, 65501).
cost(23, 9, 180908).
cost(23, 10, 295414).
cost(23, 11, 204702).
cost(23, 12, 621842).
cost(23, 13, 218556).
cost(23, 14, 233904).
cost(23, 15, 233115).
cost(23, 16, 265475).
cost(23, 17, 183924).
cost(23, 18, 349363).
cost(23, 19, 286935).
cost(23, 20, 81295).
cost(23, 21, 170320).
cost(23, 22, 228148).
nocross(1,6).
nocross(1,15).
nocross(1,16).
nocross(2,6).
nocross(2,8).
nocross(2,10).
nocross(2,11).
nocross(2,13).
nocross(2,17).
nocross(2,20).
nocross(2,23).
nocross(3,8).
nocross(3,9).
nocross(3,11).
nocross(3,13).
nocross(3,23).
nocross(4,6).
nocross(4,12).
nocross(4,14).
nocross(4,17).
nocross(4,18).
nocross(4,20).
nocross(4,21).
nocross(5,6).
nocross(5,8).
nocross(5,10).
nocross(5,13).
nocross(5,15).
nocross(5,17).
nocross(5,21).
nocross(5,23).
nocross(6,5).
nocross(6,17).
nocross(6,20).
nocross(6,21).
nocross(6,23).
nocross(7,3).
nocross(7,6).
nocross(7,8).
nocross(7,10).
nocross(7,11).
nocross(7,13).
nocross(7,23).
nocross(8,2).
nocross(8,6).
nocross(8,7).
nocross(8,9).
nocross(8,10).
nocross(8,11).
nocross(8,20).
nocross(8,23).
nocross(9,7).
nocross(9,8).
nocross(9,11).
nocross(9,20).
nocross(9,23).
nocross(11,10).
nocross(11,13).
nocross(11,16).
nocross(11,23).
nocross(12,4).
nocross(12,18).
nocross(13,3).
nocross(13,10).
nocross(13,16).
nocross(13,23).
nocross(14,4).
nocross(14,6).
nocross(14,8).
nocross(14,17).
nocross(14,18).
nocross(14,20).
nocross(14,21).
nocross(15,5).
nocross(15,6).
nocross(15,10).
nocross(15,13).
nocross(15,17).
nocross(16,6).
nocross(16,8).
nocross(16,10).
nocross(16,11).
nocross(16,13).
nocross(16,15).
nocross(16,17).
nocross(16,23).
nocross(17,6).
nocross(17,8).
nocross(17,10).
nocross(17,11).
nocross(17,13).
nocross(17,21).
nocross(17,23).
nocross(18,4).
nocross(18,6).
nocross(18,14).
nocross(18,20).
nocross(19,3).
nocross(19,8).
nocross(19,9).
nocross(19,20).
nocross(20,2).
nocross(20,6).
nocross(20,8).
nocross(20,10).
nocross(20,17).
nocross(20,23).
nocross(21,6).
nocross(21,8).
nocross(21,10).
nocross(21,11).
nocross(21,13).
nocross(21,14).
nocross(21,17).
nocross(21,20).
nocross(22,2).
nocross(22,4).
nocross(22,6).
nocross(22,8).
nocross(22,9).
nocross(22,18).
nocross(22,19).
nocross(22,20).
nocross(22,21).
nocross(23,2).
nocross(23,6).
nocross(23,7).
nocross(23,8).
nocross(23,10).
nocross(23,11).
nocross(23,13).
nocross(23,17).
nocross(23,20).
