dimension(23).
point(1, -193538.0, 251032.0).
point(2, 251934.0, 102438.0).
point(3, -167104.0, 48570.0).
point(4, 671080.0, -47063.0).
point(5, -66733.0, 61087.0).
point(6, -73333.0, 250182.0).
point(7, 24910.0, 142850.0).
point(8, 141394.0, -57326.0).
point(9, 77778.0, 231992.0).
point(10, 24469.0, 235383.0).
point(11, -118604.0, -400554.0).
point(12, 167659.0, -312531.0).
point(13, -154540.0, -107548.0).
point(14, 170838.0, 243891.0).
point(15, -192561.0, -10345.0).
point(16, -13209.0, 106824.0).
point(17, 38775.0, 301794.0).
point(18, 90163.0, -451070.0).
point(19, 279642.0, -15897.0).
point(20, -33389.0, -8931.0).
point(21, 72166.0, -3594.0).
point(22, -34264.0, -14382.0).
point(23, -37432.0, 350900.0).
cost(1, 2, 469601).
cost(1, 3, 204180).
cost(1, 4, 914563).
cost(1, 5, 228383).
cost(1, 6, 120208).
cost(1, 7, 243768).
cost(1, 8, 455263).
cost(1, 9, 271983).
cost(1, 10, 218568).
cost(1, 11, 655881).
cost(1, 12, 669378).
cost(1, 13, 360694).
cost(1, 14, 364446).
cost(1, 15, 261379).
cost(1, 16, 230899).
cost(1, 17, 237794).
cost(1, 18, 757254).
cost(1, 19, 543277).
cost(1, 20, 305333).
cost(1, 21, 368012).
cost(1, 22, 309536).
cost(1, 23, 185318).
cost(2, 1, 469601).
cost(2, 3, 422486).
cost(2, 4, 445010).
cost(2, 5, 321339).
cost(2, 6, 357249).
cost(2, 7, 230593).
cost(2, 8, 194277).
cost(2, 9, 217059).
cost(2, 10, 263467).
cost(2, 11, 624739).
cost(2, 12, 423440).
cost(2, 13, 457510).
cost(2, 14, 163051).
cost(2, 15, 458580).
cost(2, 16, 265179).
cost(2, 17, 291855).
cost(2, 18, 576664).
cost(2, 19, 121536).
cost(2, 20, 306288).
cost(2, 21, 208709).
cost(2, 22, 309122).
cost(2, 23, 381400).
cost(3, 1, 204180).
cost(3, 2, 422486).
cost(3, 4, 843622).
cost(3, 5, 101148).
cost(3, 6, 222352).
cost(3, 7, 213911).
cost(3, 8, 326167).
cost(3, 9, 305959).
cost(3, 10, 267580).
cost(3, 11, 451735).
cost(3, 12, 492402).
cost(3, 13, 156623).
cost(3, 14, 390327).
cost(3, 15, 64180).
cost(3, 16, 164552).
cost(3, 17, 326356).
cost(3, 18, 561984).
cost(3, 19, 451373).
cost(3, 20, 145554).
cost(3, 21, 244890).
cost(3, 22, 147001).
cost(3, 23, 328965).
cost(4, 1, 914563).
cost(4, 2, 445010).
cost(4, 3, 843622).
cost(4, 5, 745697).
cost(4, 6, 801564).
cost(4, 7, 673500).
cost(4, 8, 529785).
cost(4, 9, 655652).
cost(4, 10, 705607).
cost(4, 11, 865192).
cost(4, 12, 569127).
cost(4, 13, 827833).
cost(4, 14, 578702).
cost(4, 15, 864421).
cost(4, 16, 701379).
cost(4, 17, 722157).
cost(4, 18, 707592).
cost(4, 19, 392677).
cost(4, 20, 705500).
cost(4, 21, 600489).
cost(4, 22, 706101).
cost(4, 23, 812628).
cost(5, 1, 228383).
cost(5, 2, 321339).
cost(5, 3, 101148).
cost(5, 4, 745697).
cost(5, 6, 189210).
cost(5, 7, 122815).
cost(5, 8, 239455).
cost(5, 9, 223812).
cost(5, 10, 196715).
cost(5, 11, 464546).
cost(5, 12, 441056).
cost(5, 13, 190126).
cost(5, 14, 299762).
cost(5, 15, 144690).
cost(5, 16, 70404).
cost(5, 17, 262815).
cost(5, 18, 535650).
cost(5, 19, 354827).
cost(5, 20, 77552).
cost(5, 21, 153221).
cost(5, 22, 82157).
cost(5, 23, 291290).
cost(6, 1, 120208).
cost(6, 2, 357249).
cost(6, 3, 222352).
cost(6, 4, 801564).
cost(6, 5, 189210).
cost(6, 7, 145505).
cost(6, 8, 375058).
cost(6, 9, 152202).
cost(6, 10, 98915).
cost(6, 11, 652309).
cost(6, 12, 612146).
cost(6, 13, 366831).
cost(6, 14, 244252).
cost(6, 15, 286513).
cost(6, 16, 155455).
cost(6, 17, 123418).
cost(6, 18, 720059).
cost(6, 19, 442029).
cost(6, 20, 262174).
cost(6, 21, 292527).
cost(6, 22, 267433).
cost(6, 23, 106925).
cost(7, 1, 243768).
cost(7, 2, 230593).
cost(7, 3, 213911).
cost(7, 4, 673500).
cost(7, 5, 122815).
cost(7, 6, 145505).
cost(7, 8, 231601).
cost(7, 9, 103640).
cost(7, 10, 92534).
cost(7, 11, 562036).
cost(7, 12, 477231).
cost(7, 13, 308061).
cost(7, 14, 177494).
cost(7, 15, 266012).
cost(7, 16, 52449).
cost(7, 17, 159548).
cost(7, 18, 597494).
cost(7, 19, 300148).
cost(7, 20, 162592).
cost(7, 21, 153880).
cost(7, 22, 167998).
cost(7, 23, 217190).
cost(8, 1, 455263).
cost(8, 2, 194277).
cost(8, 3, 326167).
cost(8, 4, 529785).
cost(8, 5, 239455).
cost(8, 6, 375058).
cost(8, 7, 231601).
cost(8, 9, 296229).
cost(8, 10, 315198).
cost(8, 11, 430586).
cost(8, 12, 256553).
cost(8, 13, 300165).
cost(8, 14, 302653).
cost(8, 15, 337243).
cost(8, 16, 225493).
cost(8, 17, 373494).
cost(8, 18, 397063).
cost(8, 19, 144322).
cost(8, 20, 181359).
cost(8, 21, 87634).
cost(8, 22, 180831).
cost(8, 23, 445676).
cost(9, 1, 271983).
cost(9, 2, 217059).
cost(9, 3, 305959).
cost(9, 4, 655652).
cost(9, 5, 223812).
cost(9, 6, 152202).
cost(9, 7, 103640).
cost(9, 8, 296229).
cost(9, 10, 53417).
cost(9, 11, 662329).
cost(9, 12, 551891).
cost(9, 13, 411411).
cost(9, 14, 93818).
cost(9, 15, 363057).
cost(9, 16, 154744).
cost(9, 17, 79960).
cost(9, 18, 683174).
cost(9, 19, 319684).
cost(9, 20, 265334).
cost(9, 21, 235653).
cost(9, 22, 270654).
cost(9, 23, 165567).
cost(10, 1, 218568).
cost(10, 2, 263467).
cost(10, 3, 267580).
cost(10, 4, 705607).
cost(10, 5, 196715).
cost(10, 6, 98915).
cost(10, 7, 92534).
cost(10, 8, 315198).
cost(10, 9, 53417).
cost(10, 11, 651833).
cost(10, 12, 566315).
cost(10, 13, 386841).
cost(10, 14, 146616).
cost(10, 15, 327848).
cost(10, 16, 133967).
cost(10, 17, 67934).
cost(10, 18, 689589).
cost(10, 19, 358127).
cost(10, 20, 251071).
cost(10, 21, 243690).
cost(10, 22, 256578).
cost(10, 23, 131057).
cost(11, 1, 655881).
cost(11, 2, 624739).
cost(11, 3, 451735).
cost(11, 4, 865192).
cost(11, 5, 464546).
cost(11, 6, 652309).
cost(11, 7, 562036).
cost(11, 8, 430586).
cost(11, 9, 662329).
cost(11, 10, 651833).
cost(11, 12, 299490).
cost(11, 13, 295201).
cost(11, 14, 706460).
cost(11, 15, 397156).
cost(11, 16, 518209).
cost(11, 17, 719764).
cost(11, 18, 214792).
cost(11, 19, 553679).
cost(11, 20, 400787).
cost(11, 21, 440421).
cost(11, 22, 395275).
cost(11, 23, 755825).
cost(12, 1, 669378).
cost(12, 2, 423440).
cost(12, 3, 492402).
cost(12, 4, 569127).
cost(12, 5, 441056).
cost(12, 6, 612146).
cost(12, 7, 477231).
cost(12, 8, 256553).
cost(12, 9, 551891).
cost(12, 10, 566315).
cost(12, 11, 299490).
cost(12, 13, 381877).
cost(12, 14, 556431).
cost(12, 15, 470186).
cost(12, 16, 456697).
cost(12, 17, 627699).
cost(12, 18, 158741).
cost(12, 19, 317068).
cost(12, 20, 364134).
cost(12, 21, 323359).
cost(12, 22, 360091).
cost(12, 23, 694408).
cost(13, 1, 360694).
cost(13, 2, 457510).
cost(13, 3, 156623).
cost(13, 4, 827833).
cost(13, 5, 190126).
cost(13, 6, 366831).
cost(13, 7, 308061).
cost(13, 8, 300165).
cost(13, 9, 411411).
cost(13, 10, 386841).
cost(13, 11, 295201).
cost(13, 12, 381877).
cost(13, 14, 478937).
cost(13, 15, 104374).
cost(13, 16, 256768).
cost(13, 17, 452694).
cost(13, 18, 421766).
cost(13, 19, 443750).
cost(13, 20, 156214).
cost(13, 21, 249403).
cost(13, 22, 152139).
cost(13, 23, 473169).
cost(14, 1, 364446).
cost(14, 2, 163051).
cost(14, 3, 390327).
cost(14, 4, 578702).
cost(14, 5, 299762).
cost(14, 6, 244252).
cost(14, 7, 177494).
cost(14, 8, 302653).
cost(14, 9, 93818).
cost(14, 10, 146616).
cost(14, 11, 706460).
cost(14, 12, 556431).
cost(14, 13, 478937).
cost(14, 15, 443503).
cost(14, 16, 229479).
cost(14, 17, 144199).
cost(14, 18, 699628).
cost(14, 19, 281652).
cost(14, 20, 325004).
cost(14, 21, 266430).
cost(14, 22, 329806).
cost(14, 23, 234152).
cost(15, 1, 261379).
cost(15, 2, 458580).
cost(15, 3, 64180).
cost(15, 4, 864421).
cost(15, 5, 144690).
cost(15, 6, 286513).
cost(15, 7, 266012).
cost(15, 8, 337243).
cost(15, 9, 363057).
cost(15, 10, 327848).
cost(15, 11, 397156).
cost(15, 12, 470186).
cost(15, 13, 104374).
cost(15, 14, 443503).
cost(15, 16, 214233).
cost(15, 17, 388519).
cost(15, 18, 523614).
cost(15, 19, 472236).
cost(15, 20, 159178).
cost(15, 21, 264813).
cost(15, 22, 158348).
cost(15, 23, 393145).
cost(16, 1, 230899).
cost(16, 2, 265179).
cost(16, 3, 164552).
cost(16, 4, 701379).
cost(16, 5, 70404).
cost(16, 6, 155455).
cost(16, 7, 52449).
cost(16, 8, 225493).
cost(16, 9, 154744).
cost(16, 10, 133967).
cost(16, 11, 518209).
cost(16, 12, 456697).
cost(16, 13, 256768).
cost(16, 14, 229479).
cost(16, 15, 214233).
cost(16, 17, 201781).
cost(16, 18, 567390).
cost(16, 19, 317525).
cost(16, 20, 117501).
cost(16, 21, 139574).
cost(16, 22, 123021).
cost(16, 23, 245275).
cost(17, 1, 237794).
cost(17, 2, 291855).
cost(17, 3, 326356).
cost(17, 4, 722157).
cost(17, 5, 262815).
cost(17, 6, 123418).
cost(17, 7, 159548).
cost(17, 8, 373494).
cost(17, 9, 79960).
cost(17, 10, 67934).
cost(17, 11, 719764).
cost(17, 12, 627699).
cost(17, 13, 452694).
cost(17, 14, 144199).
cost(17, 15, 388519).
cost(17, 16, 201781).
cost(17, 18, 754616).
cost(17, 19, 398678).
cost(17, 20, 318995).
cost(17, 21, 307208).
cost(17, 22, 324503).
cost(17, 23, 90658).
cost(18, 1, 757254).
cost(18, 2, 576664).
cost(18, 3, 561984).
cost(18, 4, 707592).
cost(18, 5, 535650).
cost(18, 6, 720059).
cost(18, 7, 597494).
cost(18, 8, 397063).
cost(18, 9, 683174).
cost(18, 10, 689589).
cost(18, 11, 214792).
cost(18, 12, 158741).
cost(18, 13, 421766).
cost(18, 14, 699628).
cost(18, 15, 523614).
cost(18, 16, 567390).
cost(18, 17, 754616).
cost(18, 19, 474634).
cost(18, 20, 459077).
cost(18, 21, 447838).
cost(18, 22, 454069).
cost(18, 23, 812057).
cost(19, 1, 543277).
cost(19, 2, 121536).
cost(19, 3, 451373).
cost(19, 4, 392677).
cost(19, 5, 354827).
cost(19, 6, 442029).
cost(19, 7, 300148).
cost(19, 8, 144322).
cost(19, 9, 319684).
cost(19, 10, 358127).
cost(19, 11, 553679).
cost(19, 12, 317068).
cost(19, 13, 443750).
cost(19, 14, 281652).
cost(19, 15, 472236).
cost(19, 16, 317525).
cost(19, 17, 398678).
cost(19, 18, 474634).
cost(19, 20, 313108).
cost(19, 21, 207840).
cost(19, 22, 313910).
cost(19, 23, 484846).
cost(20, 1, 305333).
cost(20, 2, 306288).
cost(20, 3, 145554).
cost(20, 4, 705500).
cost(20, 5, 77552).
cost(20, 6, 262174).
cost(20, 7, 162592).
cost(20, 8, 181359).
cost(20, 9, 265334).
cost(20, 10, 251071).
cost(20, 11, 400787).
cost(20, 12, 364134).
cost(20, 13, 156214).
cost(20, 14, 325004).
cost(20, 15, 159178).
cost(20, 16, 117501).
cost(20, 17, 318995).
cost(20, 18, 459077).
cost(20, 19, 313108).
cost(20, 21, 105690).
cost(20, 22, 5521).
cost(20, 23, 359854).
cost(21, 1, 368012).
cost(21, 2, 208709).
cost(21, 3, 244890).
cost(21, 4, 600489).
cost(21, 5, 153221).
cost(21, 6, 292527).
cost(21, 7, 153880).
cost(21, 8, 87634).
cost(21, 9, 235653).
cost(21, 10, 243690).
cost(21, 11, 440421).
cost(21, 12, 323359).
cost(21, 13, 249403).
cost(21, 14, 266430).
cost(21, 15, 264813).
cost(21, 16, 139574).
cost(21, 17, 307208).
cost(21, 18, 447838).
cost(21, 19, 207840).
cost(21, 20, 105690).
cost(21, 22, 106975).
cost(21, 23, 371049).
cost(22, 1, 309536).
cost(22, 2, 309122).
cost(22, 3, 147001).
cost(22, 4, 706101).
cost(22, 5, 82157).
cost(22, 6, 267433).
cost(22, 7, 167998).
cost(22, 8, 180831).
cost(22, 9, 270654).
cost(22, 10, 256578).
cost(22, 11, 395275).
cost(22, 12, 360091).
cost(22, 13, 152139).
cost(22, 14, 329806).
cost(22, 15, 158348).
cost(22, 16, 123021).
cost(22, 17, 324503).
cost(22, 18, 454069).
cost(22, 19, 313910).
cost(22, 20, 5521).
cost(22, 21, 106975).
cost(22, 23, 365296).
cost(23, 1, 185318).
cost(23, 2, 381400).
cost(23, 3, 328965).
cost(23, 4, 812628).
cost(23, 5, 291290).
cost(23, 6, 106925).
cost(23, 7, 217190).
cost(23, 8, 445676).
cost(23, 9, 165567).
cost(23, 10, 131057).
cost(23, 11, 755825).
cost(23, 12, 694408).
cost(23, 13, 473169).
cost(23, 14, 234152).
cost(23, 15, 393145).
cost(23, 16, 245275).
cost(23, 17, 90658).
cost(23, 18, 812057).
cost(23, 19, 484846).
cost(23, 20, 359854).
cost(23, 21, 371049).
cost(23, 22, 365296).
nocross(1,3).
nocross(1,5).
nocross(1,15).
nocross(2,4).
nocross(2,8).
nocross(2,14).
nocross(2,16).
nocross(2,19).
nocross(2,20).
nocross(2,21).
nocross(2,22).
nocross(3,5).
nocross(3,7).
nocross(3,10).
nocross(3,13).
nocross(3,15).
nocross(3,16).
nocross(3,20).
nocross(3,22).
nocross(3,23).
nocross(4,2).
nocross(4,8).
nocross(4,12).
nocross(4,19).
nocross(5,3).
nocross(5,15).
nocross(5,20).
nocross(5,21).
nocross(5,23).
nocross(6,3).
nocross(6,7).
nocross(6,10).
nocross(6,14).
nocross(6,16).
nocross(6,17).
nocross(6,20).
nocross(6,23).
nocross(7,3).
nocross(7,9).
nocross(7,20).
nocross(8,4).
nocross(8,7).
nocross(8,9).
nocross(8,12).
nocross(8,13).
nocross(8,16).
nocross(8,19).
nocross(8,20).
nocross(8,21).
nocross(8,22).
nocross(9,7).
nocross(9,10).
nocross(9,14).
nocross(9,17).
nocross(9,23).
nocross(10,3).
nocross(10,7).
nocross(10,9).
nocross(10,16).
nocross(11,7).
nocross(11,12).
nocross(11,13).
nocross(11,22).
nocross(12,4).
nocross(12,8).
nocross(12,11).
nocross(12,13).
nocross(12,15).
nocross(12,18).
nocross(12,19).
nocross(12,20).
nocross(12,21).
nocross(12,22).
nocross(13,3).
nocross(13,11).
nocross(13,12).
nocross(13,15).
nocross(13,16).
nocross(13,20).
nocross(13,22).
nocross(14,7).
nocross(14,9).
nocross(14,10).
nocross(14,17).
nocross(14,20).
nocross(15,3).
nocross(15,7).
nocross(15,13).
nocross(15,20).
nocross(15,22).
nocross(16,3).
nocross(16,7).
nocross(16,20).
nocross(16,21).
nocross(16,23).
nocross(17,3).
nocross(17,7).
nocross(17,9).
nocross(17,10).
nocross(17,14).
nocross(17,16).
nocross(17,23).
nocross(18,8).
nocross(18,12).
nocross(18,13).
nocross(18,21).
nocross(19,7).
nocross(19,12).
nocross(19,14).
nocross(19,20).
nocross(19,22).
nocross(20,3).
nocross(20,5).
nocross(20,7).
nocross(20,13).
nocross(20,15).
nocross(20,16).
nocross(20,21).
nocross(20,22).
nocross(21,5).
nocross(21,7).
nocross(21,8).
nocross(21,9).
nocross(21,14).
nocross(21,16).
nocross(21,20).
nocross(21,22).
nocross(22,3).
nocross(22,7).
nocross(22,8).
nocross(22,11).
nocross(22,12).
nocross(22,13).
nocross(22,15).
nocross(22,16).
nocross(22,20).
nocross(22,21).
nocross(23,3).
nocross(23,7).
nocross(23,10).
nocross(23,17).
