dimension(23).
point(1, -173045.0, -56383.0).
point(2, 150086.0, -227507.0).
point(3, -8510.0, -83073.0).
point(4, -221147.0, 344583.0).
point(5, -177661.0, 85996.0).
point(6, 174943.0, 6783.0).
point(7, -91892.0, 21540.0).
point(8, -344295.0, -103550.0).
point(9, 64884.0, 227414.0).
point(10, -48651.0, -352452.0).
point(11, -282916.0, 317655.0).
point(12, -152173.0, -65941.0).
point(13, -114761.0, 226486.0).
point(14, -161627.0, -274810.0).
point(15, 277757.0, -549374.0).
point(16, 41537.0, -208231.0).
point(17, 287827.0, 195564.0).
point(18, -178201.0, -318456.0).
point(19, 137329.0, 37551.0).
point(20, 290462.0, -88346.0).
point(21, -460053.0, 221356.0).
point(22, -118082.0, 185688.0).
point(23, 371487.0, -524341.0).
cost(1, 2, 365646).
cost(1, 3, 166686).
cost(1, 4, 403841).
cost(1, 5, 142454).
cost(1, 6, 353674).
cost(1, 7, 112507).
cost(1, 8, 177627).
cost(1, 9, 370339).
cost(1, 10, 321140).
cost(1, 11, 389841).
cost(1, 12, 22956).
cost(1, 13, 288811).
cost(1, 14, 218725).
cost(1, 15, 668029).
cost(1, 16, 262875).
cost(1, 17, 525243).
cost(1, 18, 262124).
cost(1, 19, 324277).
cost(1, 20, 464608).
cost(1, 21, 399390).
cost(1, 22, 248232).
cost(1, 23, 717983).
cost(2, 1, 365646).
cost(2, 3, 214508).
cost(2, 4, 681983).
cost(2, 5, 453544).
cost(2, 6, 235605).
cost(2, 7, 347243).
cost(2, 8, 509684).
cost(2, 9, 462831).
cost(2, 10, 234750).
cost(2, 11, 696198).
cost(2, 12, 342730).
cost(2, 13, 525598).
cost(2, 14, 315282).
cost(2, 15, 346263).
cost(2, 16, 110247).
cost(2, 17, 444929).
cost(2, 18, 340652).
cost(2, 19, 265365).
cost(2, 20, 197664).
cost(2, 21, 757461).
cost(2, 22, 492589).
cost(2, 23, 370309).
cost(3, 1, 166686).
cost(3, 2, 214508).
cost(3, 4, 477603).
cost(3, 5, 239158).
cost(3, 6, 204277).
cost(3, 7, 133778).
cost(3, 8, 336409).
cost(3, 9, 319044).
cost(3, 10, 272353).
cost(3, 11, 485676).
cost(3, 12, 144681).
cost(3, 13, 327286).
cost(3, 14, 245373).
cost(3, 15, 547161).
cost(3, 16, 134793).
cost(3, 17, 406761).
cost(3, 18, 290173).
cost(3, 19, 189260).
cost(3, 20, 299018).
cost(3, 21, 544581).
cost(3, 22, 290239).
cost(3, 23, 582336).
cost(4, 1, 403841).
cost(4, 2, 681983).
cost(4, 3, 477603).
cost(4, 5, 262218).
cost(4, 6, 520573).
cost(4, 7, 347942).
cost(4, 8, 464746).
cost(4, 9, 309099).
cost(4, 10, 718062).
cost(4, 11, 67383).
cost(4, 12, 416278).
cost(4, 13, 158949).
cost(4, 14, 622246).
cost(4, 15, 1023750).
cost(4, 16, 612051).
cost(4, 17, 530341).
cost(4, 18, 664428).
cost(4, 19, 471989).
cost(4, 20, 670202).
cost(4, 21, 268814).
cost(4, 22, 189394).
cost(4, 23, 1051781).
cost(5, 1, 142454).
cost(5, 2, 453544).
cost(5, 3, 239158).
cost(5, 4, 262218).
cost(5, 6, 361392).
cost(5, 7, 107289).
cost(5, 8, 252378).
cost(5, 9, 280762).
cost(5, 10, 457034).
cost(5, 11, 254449).
cost(5, 12, 154060).
cost(5, 13, 153928).
cost(5, 14, 361162).
cost(5, 15, 781729).
cost(5, 16, 366902).
cost(5, 17, 478209).
cost(5, 18, 404452).
cost(5, 19, 318694).
cost(5, 20, 499534).
cost(5, 21, 313157).
cost(5, 22, 116139).
cost(5, 23, 821021).
cost(6, 1, 353674).
cost(6, 2, 235605).
cost(6, 3, 204277).
cost(6, 4, 520573).
cost(6, 5, 361392).
cost(6, 7, 267243).
cost(6, 8, 530831).
cost(6, 9, 246558).
cost(6, 10, 423136).
cost(6, 11, 553422).
cost(6, 12, 335102).
cost(6, 13, 363590).
cost(6, 14, 438833).
cost(6, 15, 565581).
cost(6, 16, 253038).
cost(6, 17, 219957).
cost(6, 18, 480095).
cost(6, 19, 48595).
cost(6, 20, 149647).
cost(6, 21, 670270).
cost(6, 22, 343323).
cost(6, 23, 566323).
cost(7, 1, 112507).
cost(7, 2, 347243).
cost(7, 3, 133778).
cost(7, 4, 347942).
cost(7, 5, 107289).
cost(7, 6, 267243).
cost(7, 8, 281700).
cost(7, 9, 258772).
cost(7, 10, 376483).
cost(7, 11, 352384).
cost(7, 12, 106239).
cost(7, 13, 206218).
cost(7, 14, 304444).
cost(7, 15, 680135).
cost(7, 16, 265703).
cost(7, 17, 417697).
cost(7, 18, 350780).
cost(7, 19, 229780).
cost(7, 20, 397831).
cost(7, 21, 418890).
cost(7, 22, 166224).
cost(7, 23, 716035).
cost(8, 1, 177627).
cost(8, 2, 509684).
cost(8, 3, 336409).
cost(8, 4, 464746).
cost(8, 5, 252378).
cost(8, 6, 530831).
cost(8, 7, 281700).
cost(8, 9, 526274).
cost(8, 10, 386468).
cost(8, 11, 425654).
cost(8, 12, 195768).
cost(8, 13, 402007).
cost(8, 14, 250395).
cost(8, 15, 765315).
cost(8, 16, 399780).
cost(8, 17, 699319).
cost(8, 18, 271610).
cost(8, 19, 501868).
cost(8, 20, 634939).
cost(8, 21, 344911).
cost(8, 22, 367193).
cost(8, 23, 830307).
cost(9, 1, 370339).
cost(9, 2, 462831).
cost(9, 3, 319044).
cost(9, 4, 309099).
cost(9, 5, 280762).
cost(9, 6, 246558).
cost(9, 7, 258772).
cost(9, 8, 526274).
cost(9, 10, 590876).
cost(9, 11, 359316).
cost(9, 12, 364926).
cost(9, 13, 179647).
cost(9, 14, 550941).
cost(9, 15, 805428).
cost(9, 16, 436270).
cost(9, 17, 225207).
cost(9, 18, 597549).
cost(9, 19, 203215).
cost(9, 20, 388059).
cost(9, 21, 524972).
cost(9, 22, 187664).
cost(9, 23, 811875).
cost(10, 1, 321140).
cost(10, 2, 234750).
cost(10, 3, 272353).
cost(10, 4, 718062).
cost(10, 5, 457034).
cost(10, 6, 423136).
cost(10, 7, 376483).
cost(10, 8, 386468).
cost(10, 9, 590876).
cost(10, 11, 709876).
cost(10, 12, 304640).
cost(10, 13, 582700).
cost(10, 14, 137083).
cost(10, 15, 381209).
cost(10, 16, 170099).
cost(10, 17, 643070).
cost(10, 18, 133936).
cost(10, 19, 432077).
cost(10, 20, 429825).
cost(10, 21, 706050).
cost(10, 22, 542601).
cost(10, 23, 453940).
cost(11, 1, 389841).
cost(11, 2, 696198).
cost(11, 3, 485676).
cost(11, 4, 67383).
cost(11, 5, 254449).
cost(11, 6, 553422).
cost(11, 7, 352384).
cost(11, 8, 425654).
cost(11, 9, 359316).
cost(11, 10, 709876).
cost(11, 12, 405265).
cost(11, 13, 191280).
cost(11, 14, 604753).
cost(11, 15, 1032518).
cost(11, 16, 617921).
cost(11, 17, 583656).
cost(11, 18, 644672).
cost(11, 19, 505039).
cost(11, 20, 702566).
cost(11, 21, 201621).
cost(11, 22, 211153).
cost(11, 23, 1066396).
cost(12, 1, 22956).
cost(12, 2, 342730).
cost(12, 3, 144681).
cost(12, 4, 416278).
cost(12, 5, 154060).
cost(12, 6, 335102).
cost(12, 7, 106239).
cost(12, 8, 195768).
cost(12, 9, 364926).
cost(12, 10, 304640).
cost(12, 11, 405265).
cost(12, 13, 294810).
cost(12, 14, 209083).
cost(12, 15, 646952).
cost(12, 16, 240354).
cost(12, 17, 511845).
cost(12, 18, 253853).
cost(12, 19, 307444).
cost(12, 20, 443202).
cost(12, 21, 421105).
cost(12, 22, 253928).
cost(12, 23, 695953).
cost(13, 1, 288811).
cost(13, 2, 525598).
cost(13, 3, 327286).
cost(13, 4, 158949).
cost(13, 5, 153928).
cost(13, 6, 363590).
cost(13, 7, 206218).
cost(13, 8, 402007).
cost(13, 9, 179647).
cost(13, 10, 582700).
cost(13, 11, 191280).
cost(13, 12, 294810).
cost(13, 14, 503482).
cost(13, 15, 869499).
cost(13, 16, 461961).
cost(13, 17, 403774).
cost(13, 18, 548622).
cost(13, 19, 315033).
cost(13, 20, 513152).
cost(13, 21, 345330).
cost(13, 22, 40933).
cost(13, 23, 894527).
cost(14, 1, 218725).
cost(14, 2, 315282).
cost(14, 3, 245373).
cost(14, 4, 622246).
cost(14, 5, 361162).
cost(14, 6, 438833).
cost(14, 7, 304444).
cost(14, 8, 250395).
cost(14, 9, 550941).
cost(14, 10, 137083).
cost(14, 11, 604753).
cost(14, 12, 209083).
cost(14, 13, 503482).
cost(14, 15, 518116).
cost(14, 16, 213795).
cost(14, 17, 650585).
cost(14, 18, 46687).
cost(14, 19, 432370).
cost(14, 20, 489033).
cost(14, 21, 578998).
cost(14, 22, 462552).
cost(14, 23, 588622).
cost(15, 1, 668029).
cost(15, 2, 346263).
cost(15, 3, 547161).
cost(15, 4, 1023750).
cost(15, 5, 781729).
cost(15, 6, 565581).
cost(15, 7, 680135).
cost(15, 8, 765315).
cost(15, 9, 805428).
cost(15, 10, 381209).
cost(15, 11, 1032518).
cost(15, 12, 646952).
cost(15, 13, 869499).
cost(15, 14, 518116).
cost(15, 16, 414944).
cost(15, 17, 745006).
cost(15, 18, 511098).
cost(15, 19, 603491).
cost(15, 20, 461203).
cost(15, 21, 1066953).
cost(15, 22, 834868).
cost(15, 23, 97015).
cost(16, 1, 262875).
cost(16, 2, 110247).
cost(16, 3, 134793).
cost(16, 4, 612051).
cost(16, 5, 366902).
cost(16, 6, 253038).
cost(16, 7, 265703).
cost(16, 8, 399780).
cost(16, 9, 436270).
cost(16, 10, 170099).
cost(16, 11, 617921).
cost(16, 12, 240354).
cost(16, 13, 461961).
cost(16, 14, 213795).
cost(16, 15, 414944).
cost(16, 17, 472979).
cost(16, 18, 245834).
cost(16, 19, 263789).
cost(16, 20, 276290).
cost(16, 21, 660407).
cost(16, 22, 425030).
cost(16, 23, 456938).
cost(17, 1, 525243).
cost(17, 2, 444929).
cost(17, 3, 406761).
cost(17, 4, 530341).
cost(17, 5, 478209).
cost(17, 6, 219957).
cost(17, 7, 417697).
cost(17, 8, 699319).
cost(17, 9, 225207).
cost(17, 10, 643070).
cost(17, 11, 583656).
cost(17, 12, 511845).
cost(17, 13, 403774).
cost(17, 14, 650585).
cost(17, 15, 745006).
cost(17, 16, 472979).
cost(17, 18, 693829).
cost(17, 19, 218215).
cost(17, 20, 283922).
cost(17, 21, 748325).
cost(17, 22, 406029).
cost(17, 23, 724750).
cost(18, 1, 262124).
cost(18, 2, 340652).
cost(18, 3, 290173).
cost(18, 4, 664428).
cost(18, 5, 404452).
cost(18, 6, 480095).
cost(18, 7, 350780).
cost(18, 8, 271610).
cost(18, 9, 597549).
cost(18, 10, 133936).
cost(18, 11, 644672).
cost(18, 12, 253853).
cost(18, 13, 548622).
cost(18, 14, 46687).
cost(18, 15, 511098).
cost(18, 16, 245834).
cost(18, 17, 693829).
cost(18, 19, 475710).
cost(18, 20, 522107).
cost(18, 21, 608964).
cost(18, 22, 507716).
cost(18, 23, 586980).
cost(19, 1, 324277).
cost(19, 2, 265365).
cost(19, 3, 189260).
cost(19, 4, 471989).
cost(19, 5, 318694).
cost(19, 6, 48595).
cost(19, 7, 229780).
cost(19, 8, 501868).
cost(19, 9, 203215).
cost(19, 10, 432077).
cost(19, 11, 505039).
cost(19, 12, 307444).
cost(19, 13, 315033).
cost(19, 14, 432370).
cost(19, 15, 603491).
cost(19, 16, 263789).
cost(19, 17, 218215).
cost(19, 18, 475710).
cost(19, 20, 198242).
cost(19, 21, 625020).
cost(19, 22, 295261).
cost(19, 23, 608730).
cost(20, 1, 464608).
cost(20, 2, 197664).
cost(20, 3, 299018).
cost(20, 4, 670202).
cost(20, 5, 499534).
cost(20, 6, 149647).
cost(20, 7, 397831).
cost(20, 8, 634939).
cost(20, 9, 388059).
cost(20, 10, 429825).
cost(20, 11, 702566).
cost(20, 12, 443202).
cost(20, 13, 513152).
cost(20, 14, 489033).
cost(20, 15, 461203).
cost(20, 16, 276290).
cost(20, 17, 283922).
cost(20, 18, 522107).
cost(20, 19, 198242).
cost(20, 21, 811904).
cost(20, 22, 491938).
cost(20, 23, 443460).
cost(21, 1, 399390).
cost(21, 2, 757461).
cost(21, 3, 544581).
cost(21, 4, 268814).
cost(21, 5, 313157).
cost(21, 6, 670270).
cost(21, 7, 418890).
cost(21, 8, 344911).
cost(21, 9, 524972).
cost(21, 10, 706050).
cost(21, 11, 201621).
cost(21, 12, 421105).
cost(21, 13, 345330).
cost(21, 14, 578998).
cost(21, 15, 1066953).
cost(21, 16, 660407).
cost(21, 17, 748325).
cost(21, 18, 608964).
cost(21, 19, 625020).
cost(21, 20, 811904).
cost(21, 22, 343826).
cost(21, 23, 1116926).
cost(22, 1, 248232).
cost(22, 2, 492589).
cost(22, 3, 290239).
cost(22, 4, 189394).
cost(22, 5, 116139).
cost(22, 6, 343323).
cost(22, 7, 166224).
cost(22, 8, 367193).
cost(22, 9, 187664).
cost(22, 10, 542601).
cost(22, 11, 211153).
cost(22, 12, 253928).
cost(22, 13, 40933).
cost(22, 14, 462552).
cost(22, 15, 834868).
cost(22, 16, 425030).
cost(22, 17, 406029).
cost(22, 18, 507716).
cost(22, 19, 295261).
cost(22, 20, 491938).
cost(22, 21, 343826).
cost(22, 23, 862449).
cost(23, 1, 717983).
cost(23, 2, 370309).
cost(23, 3, 582336).
cost(23, 4, 1051781).
cost(23, 5, 821021).
cost(23, 6, 566323).
cost(23, 7, 716035).
cost(23, 8, 830307).
cost(23, 9, 811875).
cost(23, 10, 453940).
cost(23, 11, 1066396).
cost(23, 12, 695953).
cost(23, 13, 894527).
cost(23, 14, 588622).
cost(23, 15, 97015).
cost(23, 16, 456938).
cost(23, 17, 724750).
cost(23, 18, 586980).
cost(23, 19, 608730).
cost(23, 20, 443460).
cost(23, 21, 1116926).
cost(23, 22, 862449).
nocross(1,5).
nocross(1,8).
nocross(1,12).
nocross(1,22).
nocross(2,6).
nocross(2,10).
nocross(2,14).
nocross(2,15).
nocross(2,16).
nocross(2,20).
nocross(2,23).
nocross(3,2).
nocross(3,12).
nocross(3,14).
nocross(4,11).
nocross(4,22).
nocross(5,1).
nocross(5,8).
nocross(5,12).
nocross(6,14).
nocross(6,16).
nocross(6,20).
nocross(7,22).
nocross(8,1).
nocross(8,5).
nocross(8,12).
nocross(8,14).
nocross(8,16).
nocross(8,18).
nocross(9,4).
nocross(9,14).
nocross(9,17).
nocross(9,22).
nocross(10,2).
nocross(10,15).
nocross(10,16).
nocross(11,22).
nocross(12,1).
nocross(12,3).
nocross(12,7).
nocross(12,16).
nocross(12,22).
nocross(13,4).
nocross(13,9).
nocross(13,11).
nocross(13,22).
nocross(14,8).
nocross(14,10).
nocross(14,12).
nocross(14,15).
nocross(14,16).
nocross(15,2).
nocross(15,6).
nocross(15,10).
nocross(15,20).
nocross(16,14).
nocross(16,15).
nocross(17,6).
nocross(17,20).
nocross(18,2).
nocross(18,8).
nocross(18,10).
nocross(18,14).
nocross(18,15).
nocross(19,3).
nocross(19,14).
nocross(19,16).
nocross(19,22).
nocross(20,2).
nocross(20,16).
nocross(20,23).
nocross(21,8).
nocross(21,22).
nocross(22,4).
nocross(22,5).
nocross(22,11).
nocross(23,2).
nocross(23,10).
