dimension(23).
point(1, -179778.0, 385652.0).
point(2, -282864.0, -331894.0).
point(3, -24969.0, -293277.0).
point(4, -206671.0, 9856.0).
point(5, 71223.0, -7975.0).
point(6, -16739.0, 111026.0).
point(7, -140774.0, -201397.0).
point(8, 111545.0, -95359.0).
point(9, 261391.0, 195464.0).
point(10, 59329.0, -94160.0).
point(11, 667309.0, 38811.0).
point(12, -353050.0, -351039.0).
point(13, 80937.0, 109613.0).
point(14, 20351.0, -112980.0).
point(15, -223225.0, -169467.0).
point(16, 125108.0, 226686.0).
point(17, 45284.0, -244844.0).
point(18, 2466.0, -124801.0).
point(19, -78245.0, -58827.0).
point(20, 56165.0, -21357.0).
point(21, -46305.0, -234667.0).
point(22, -321117.0, 80246.0).
point(23, -37450.0, -119077.0).
cost(1, 2, 724913).
cost(1, 3, 696355).
cost(1, 4, 376757).
cost(1, 5, 466844).
cost(1, 6, 319376).
cost(1, 7, 588343).
cost(1, 8, 562353).
cost(1, 9, 480418).
cost(1, 10, 536089).
cost(1, 11, 915344).
cost(1, 12, 756794).
cost(1, 13, 379697).
cost(1, 14, 537295).
cost(1, 15, 556817).
cost(1, 16, 343840).
cost(1, 17, 669461).
cost(1, 18, 542010).
cost(1, 19, 455928).
cost(1, 20, 470452).
cost(1, 21, 634516).
cost(1, 22, 336526).
cost(1, 23, 524413).
cost(2, 1, 724913).
cost(2, 3, 260770).
cost(2, 4, 350141).
cost(2, 5, 479897).
cost(2, 6, 516721).
cost(2, 7, 192922).
cost(2, 8, 459899).
cost(2, 9, 757839).
cost(2, 10, 416670).
cost(2, 11, 1019927).
cost(2, 12, 72750).
cost(2, 13, 572084).
cost(2, 14, 373982).
cost(2, 15, 173030).
cost(2, 16, 691703).
cost(2, 17, 339498).
cost(2, 18, 352563).
cost(2, 19, 341225).
cost(2, 20, 459754).
cost(2, 21, 255760).
cost(2, 22, 413911).
cost(2, 23, 324837).
cost(3, 1, 696355).
cost(3, 2, 260770).
cost(3, 4, 353419).
cost(3, 5, 301082).
cost(3, 6, 404387).
cost(3, 7, 147827).
cost(3, 8, 240432).
cost(3, 9, 566454).
cost(3, 10, 216226).
cost(3, 11, 767809).
cost(3, 12, 333127).
cost(3, 13, 416577).
cost(3, 14, 185906).
cost(3, 15, 233740).
cost(3, 16, 541188).
cost(3, 17, 85330).
cost(3, 18, 170695).
cost(3, 19, 240427).
cost(3, 20, 283766).
cost(3, 21, 62373).
cost(3, 22, 476679).
cost(3, 23, 174647).
cost(4, 1, 376757).
cost(4, 2, 350141).
cost(4, 3, 353419).
cost(4, 5, 278465).
cost(4, 6, 215196).
cost(4, 7, 221292).
cost(4, 8, 335159).
cost(4, 9, 503520).
cost(4, 10, 285614).
cost(4, 11, 874460).
cost(4, 12, 389451).
cost(4, 13, 304417).
cost(4, 14, 258123).
cost(4, 15, 180085).
cost(4, 16, 396349).
cost(4, 17, 358264).
cost(4, 18, 248738).
cost(4, 19, 145639).
cost(4, 20, 264683).
cost(4, 21, 292419).
cost(4, 22, 134360).
cost(4, 23, 212743).
cost(5, 1, 466844).
cost(5, 2, 479897).
cost(5, 3, 301082).
cost(5, 4, 278465).
cost(5, 6, 147982).
cost(5, 7, 286975).
cost(5, 8, 96238).
cost(5, 9, 278480).
cost(5, 10, 87002).
cost(5, 11, 597919).
cost(5, 12, 545619).
cost(5, 13, 117989).
cost(5, 14, 116679).
cost(5, 15, 335826).
cost(5, 16, 240768).
cost(5, 17, 238285).
cost(5, 18, 135558).
cost(5, 19, 157882).
cost(5, 20, 20145).
cost(5, 21, 255347).
cost(5, 22, 402136).
cost(5, 23, 155414).
cost(6, 1, 319376).
cost(6, 2, 516721).
cost(6, 3, 404387).
cost(6, 4, 215196).
cost(6, 5, 147982).
cost(6, 7, 336144).
cost(6, 8, 243005).
cost(6, 9, 290665).
cost(6, 10, 218832).
cost(6, 11, 687849).
cost(6, 12, 571497).
cost(6, 13, 97686).
cost(6, 14, 227056).
cost(6, 15, 348300).
cost(6, 16, 183024).
cost(6, 17, 361234).
cost(6, 18, 236608).
cost(6, 19, 180646).
cost(6, 20, 151130).
cost(6, 21, 346955).
cost(6, 22, 305930).
cost(6, 23, 231033).
cost(7, 1, 588343).
cost(7, 2, 192922).
cost(7, 3, 147827).
cost(7, 4, 221292).
cost(7, 5, 286975).
cost(7, 6, 336144).
cost(7, 8, 273695).
cost(7, 9, 565009).
cost(7, 10, 227026).
cost(7, 11, 843029).
cost(7, 12, 259719).
cost(7, 13, 381946).
cost(7, 14, 183790).
cost(7, 15, 88418).
cost(7, 16, 503933).
cost(7, 17, 191063).
cost(7, 18, 162434).
cost(7, 19, 155679).
cost(7, 20, 266832).
cost(7, 21, 100156).
cost(7, 22, 334434).
cost(7, 23, 132108).
cost(8, 1, 562353).
cost(8, 2, 459899).
cost(8, 3, 240432).
cost(8, 4, 335159).
cost(8, 5, 96238).
cost(8, 6, 243005).
cost(8, 7, 273695).
cost(8, 9, 327157).
cost(8, 10, 52230).
cost(8, 11, 571730).
cost(8, 12, 530303).
cost(8, 13, 207245).
cost(8, 14, 92881).
cost(8, 15, 342875).
cost(8, 16, 322330).
cost(8, 17, 163512).
cost(8, 18, 112983).
cost(8, 19, 193274).
cost(8, 20, 92430).
cost(8, 21, 210531).
cost(8, 22, 466941).
cost(8, 23, 150871).
cost(9, 1, 480418).
cost(9, 2, 757839).
cost(9, 3, 566454).
cost(9, 4, 503520).
cost(9, 5, 278480).
cost(9, 6, 290665).
cost(9, 7, 565009).
cost(9, 8, 327157).
cost(9, 10, 353145).
cost(9, 11, 435097).
cost(9, 12, 822316).
cost(9, 13, 199835).
cost(9, 14, 391456).
cost(9, 15, 606653).
cost(9, 16, 139814).
cost(9, 17, 490483).
cost(9, 18, 411840).
cost(9, 19, 424284).
cost(9, 20, 298545).
cost(9, 21, 528857).
cost(9, 22, 593794).
cost(9, 23, 433869).
cost(10, 1, 536089).
cost(10, 2, 416670).
cost(10, 3, 216226).
cost(10, 4, 285614).
cost(10, 5, 87002).
cost(10, 6, 218832).
cost(10, 7, 227026).
cost(10, 8, 52230).
cost(10, 9, 353145).
cost(10, 11, 622351).
cost(10, 12, 485843).
cost(10, 13, 204915).
cost(10, 14, 43284).
cost(10, 15, 292417).
cost(10, 16, 327520).
cost(10, 17, 151337).
cost(10, 18, 64593).
cost(10, 19, 142039).
cost(10, 20, 72872).
cost(10, 21, 175786).
cost(10, 22, 418517).
cost(10, 23, 99935).
cost(11, 1, 915344).
cost(11, 2, 1019927).
cost(11, 3, 767809).
cost(11, 4, 874460).
cost(11, 5, 597919).
cost(11, 6, 687849).
cost(11, 7, 843029).
cost(11, 8, 571730).
cost(11, 9, 435097).
cost(11, 10, 622351).
cost(11, 12, 1092298).
cost(11, 13, 590631).
cost(11, 14, 664526).
cost(11, 15, 914566).
cost(11, 16, 573828).
cost(11, 17, 683648).
cost(11, 18, 684679).
cost(11, 19, 751920).
cost(11, 20, 614099).
cost(11, 21, 764222).
cost(11, 22, 989294).
cost(11, 23, 722228).
cost(12, 1, 756794).
cost(12, 2, 72750).
cost(12, 3, 333127).
cost(12, 4, 389451).
cost(12, 5, 545619).
cost(12, 6, 571497).
cost(12, 7, 259719).
cost(12, 8, 530303).
cost(12, 9, 822316).
cost(12, 10, 485843).
cost(12, 11, 1092298).
cost(12, 13, 632886).
cost(12, 14, 442832).
cost(12, 15, 223210).
cost(12, 16, 749934).
cost(12, 17, 412247).
cost(12, 18, 421397).
cost(12, 19, 401130).
cost(12, 20, 525497).
cost(12, 21, 328078).
cost(12, 22, 432466).
cost(12, 23, 391676).
cost(13, 1, 379697).
cost(13, 2, 572084).
cost(13, 3, 416577).
cost(13, 4, 304417).
cost(13, 5, 117989).
cost(13, 6, 97686).
cost(13, 7, 381946).
cost(13, 8, 207245).
cost(13, 9, 199835).
cost(13, 10, 204915).
cost(13, 11, 590631).
cost(13, 12, 632886).
cost(13, 14, 230691).
cost(13, 15, 412796).
cost(13, 16, 125129).
cost(13, 17, 356246).
cost(13, 18, 247200).
cost(13, 19, 231756).
cost(13, 20, 133292).
cost(13, 21, 367041).
cost(13, 22, 403125).
cost(13, 23, 257516).
cost(14, 1, 537295).
cost(14, 2, 373982).
cost(14, 3, 185906).
cost(14, 4, 258123).
cost(14, 5, 116679).
cost(14, 6, 227056).
cost(14, 7, 183790).
cost(14, 8, 92881).
cost(14, 9, 391456).
cost(14, 10, 43284).
cost(14, 11, 664526).
cost(14, 12, 442832).
cost(14, 13, 230691).
cost(14, 15, 250040).
cost(14, 16, 355453).
cost(14, 17, 134200).
cost(14, 18, 21438).
cost(14, 19, 112489).
cost(14, 20, 98374).
cost(14, 21, 138747).
cost(14, 22, 392348).
cost(14, 23, 58122).
cost(15, 1, 556817).
cost(15, 2, 173030).
cost(15, 3, 233740).
cost(15, 4, 180085).
cost(15, 5, 335826).
cost(15, 6, 348300).
cost(15, 7, 88418).
cost(15, 8, 342875).
cost(15, 9, 606653).
cost(15, 10, 292417).
cost(15, 11, 914566).
cost(15, 12, 223210).
cost(15, 13, 412796).
cost(15, 14, 250040).
cost(15, 16, 527516).
cost(15, 17, 278888).
cost(15, 18, 230068).
cost(15, 19, 182374).
cost(15, 20, 316220).
cost(15, 21, 188552).
cost(15, 22, 268215).
cost(15, 23, 192488).
cost(16, 1, 343840).
cost(16, 2, 691703).
cost(16, 3, 541188).
cost(16, 4, 396349).
cost(16, 5, 240768).
cost(16, 6, 183024).
cost(16, 7, 503933).
cost(16, 8, 322330).
cost(16, 9, 139814).
cost(16, 10, 327520).
cost(16, 11, 573828).
cost(16, 12, 749934).
cost(16, 13, 125129).
cost(16, 14, 355453).
cost(16, 15, 527516).
cost(16, 17, 478239).
cost(16, 18, 372269).
cost(16, 19, 350528).
cost(16, 20, 257446).
cost(16, 21, 492168).
cost(16, 22, 469640).
cost(16, 23, 382070).
cost(17, 1, 669461).
cost(17, 2, 339498).
cost(17, 3, 85330).
cost(17, 4, 358264).
cost(17, 5, 238285).
cost(17, 6, 361234).
cost(17, 7, 191063).
cost(17, 8, 163512).
cost(17, 9, 490483).
cost(17, 10, 151337).
cost(17, 11, 683648).
cost(17, 12, 412247).
cost(17, 13, 356246).
cost(17, 14, 134200).
cost(17, 15, 278888).
cost(17, 16, 478239).
cost(17, 18, 127451).
cost(17, 19, 223297).
cost(17, 20, 223752).
cost(17, 21, 92153).
cost(17, 22, 489830).
cost(17, 23, 150540).
cost(18, 1, 542010).
cost(18, 2, 352563).
cost(18, 3, 170695).
cost(18, 4, 248738).
cost(18, 5, 135558).
cost(18, 6, 236608).
cost(18, 7, 162434).
cost(18, 8, 112983).
cost(18, 9, 411840).
cost(18, 10, 64593).
cost(18, 11, 684679).
cost(18, 12, 421397).
cost(18, 13, 247200).
cost(18, 14, 21438).
cost(18, 15, 230068).
cost(18, 16, 372269).
cost(18, 17, 127451).
cost(18, 19, 104244).
cost(18, 20, 116551).
cost(18, 21, 120205).
cost(18, 22, 383080).
cost(18, 23, 40324).
cost(19, 1, 455928).
cost(19, 2, 341225).
cost(19, 3, 240427).
cost(19, 4, 145639).
cost(19, 5, 157882).
cost(19, 6, 180646).
cost(19, 7, 155679).
cost(19, 8, 193274).
cost(19, 9, 424284).
cost(19, 10, 142039).
cost(19, 11, 751920).
cost(19, 12, 401130).
cost(19, 13, 231756).
cost(19, 14, 112489).
cost(19, 15, 182374).
cost(19, 16, 350528).
cost(19, 17, 223297).
cost(19, 18, 104244).
cost(19, 20, 139535).
cost(19, 21, 178717).
cost(19, 22, 279872).
cost(19, 23, 72762).
cost(20, 1, 470452).
cost(20, 2, 459754).
cost(20, 3, 283766).
cost(20, 4, 264683).
cost(20, 5, 20145).
cost(20, 6, 151130).
cost(20, 7, 266832).
cost(20, 8, 92430).
cost(20, 9, 298545).
cost(20, 10, 72872).
cost(20, 11, 614099).
cost(20, 12, 525497).
cost(20, 13, 133292).
cost(20, 14, 98374).
cost(20, 15, 316220).
cost(20, 16, 257446).
cost(20, 17, 223752).
cost(20, 18, 116551).
cost(20, 19, 139535).
cost(20, 21, 236646).
cost(20, 22, 390724).
cost(20, 23, 135325).
cost(21, 1, 634516).
cost(21, 2, 255760).
cost(21, 3, 62373).
cost(21, 4, 292419).
cost(21, 5, 255347).
cost(21, 6, 346955).
cost(21, 7, 100156).
cost(21, 8, 210531).
cost(21, 9, 528857).
cost(21, 10, 175786).
cost(21, 11, 764222).
cost(21, 12, 328078).
cost(21, 13, 367041).
cost(21, 14, 138747).
cost(21, 15, 188552).
cost(21, 16, 492168).
cost(21, 17, 92153).
cost(21, 18, 120205).
cost(21, 19, 178717).
cost(21, 20, 236646).
cost(21, 22, 417962).
cost(21, 23, 115929).
cost(22, 1, 336526).
cost(22, 2, 413911).
cost(22, 3, 476679).
cost(22, 4, 134360).
cost(22, 5, 402136).
cost(22, 6, 305930).
cost(22, 7, 334434).
cost(22, 8, 466941).
cost(22, 9, 593794).
cost(22, 10, 418517).
cost(22, 11, 989294).
cost(22, 12, 432466).
cost(22, 13, 403125).
cost(22, 14, 392348).
cost(22, 15, 268215).
cost(22, 16, 469640).
cost(22, 17, 489830).
cost(22, 18, 383080).
cost(22, 19, 279872).
cost(22, 20, 390724).
cost(22, 21, 417962).
cost(22, 23, 346694).
cost(23, 1, 524413).
cost(23, 2, 324837).
cost(23, 3, 174647).
cost(23, 4, 212743).
cost(23, 5, 155414).
cost(23, 6, 231033).
cost(23, 7, 132108).
cost(23, 8, 150871).
cost(23, 9, 433869).
cost(23, 10, 99935).
cost(23, 11, 722228).
cost(23, 12, 391676).
cost(23, 13, 257516).
cost(23, 14, 58122).
cost(23, 15, 192488).
cost(23, 16, 382070).
cost(23, 17, 150540).
cost(23, 18, 40324).
cost(23, 19, 72762).
cost(23, 20, 135325).
cost(23, 21, 115929).
cost(23, 22, 346694).
nocross(1,2).
nocross(1,4).
nocross(1,13).
nocross(1,14).
nocross(1,15).
nocross(1,16).
nocross(1,19).
nocross(1,21).
nocross(1,22).
nocross(1,23).
nocross(2,3).
nocross(2,4).
nocross(2,7).
nocross(2,8).
nocross(2,15).
nocross(2,19).
nocross(2,21).
nocross(2,23).
nocross(3,2).
nocross(3,4).
nocross(3,7).
nocross(3,8).
nocross(3,10).
nocross(3,14).
nocross(3,17).
nocross(3,18).
nocross(3,21).
nocross(3,23).
nocross(4,2).
nocross(4,6).
nocross(4,7).
nocross(4,9).
nocross(4,13).
nocross(4,15).
nocross(4,19).
nocross(4,20).
nocross(4,21).
nocross(4,23).
nocross(5,6).
nocross(5,8).
nocross(5,9).
nocross(5,13).
nocross(5,14).
nocross(5,19).
nocross(5,20).
nocross(5,23).
nocross(6,9).
nocross(6,13).
nocross(6,14).
nocross(6,15).
nocross(6,19).
nocross(6,20).
nocross(6,23).
nocross(7,2).
nocross(7,3).
nocross(7,4).
nocross(7,14).
nocross(7,15).
nocross(7,18).
nocross(7,19).
nocross(7,20).
nocross(7,21).
nocross(7,23).
nocross(8,2).
nocross(8,5).
nocross(8,9).
nocross(8,10).
nocross(8,14).
nocross(8,17).
nocross(8,18).
nocross(8,20).
nocross(8,21).
nocross(9,1).
nocross(9,5).
nocross(9,8).
nocross(9,13).
nocross(9,15).
nocross(9,16).
nocross(9,19).
nocross(10,2).
nocross(10,4).
nocross(10,5).
nocross(10,8).
nocross(10,9).
nocross(10,14).
nocross(10,20).
nocross(10,21).
nocross(13,5).
nocross(13,6).
nocross(13,9).
nocross(13,14).
nocross(13,16).
nocross(13,19).
nocross(13,20).
nocross(13,23).
nocross(14,7).
nocross(14,10).
nocross(14,18).
nocross(14,19).
nocross(14,20).
nocross(14,23).
nocross(15,2).
nocross(15,4).
nocross(15,7).
nocross(15,18).
nocross(15,22).
nocross(15,23).
nocross(16,1).
nocross(16,5).
nocross(16,6).
nocross(16,8).
nocross(16,9).
nocross(16,13).
nocross(16,15).
nocross(16,19).
nocross(16,23).
nocross(17,2).
nocross(17,3).
nocross(17,4).
nocross(17,7).
nocross(17,8).
nocross(17,10).
nocross(17,14).
nocross(17,18).
nocross(17,21).
nocross(17,23).
nocross(18,2).
nocross(18,7).
nocross(18,14).
nocross(18,19).
nocross(18,21).
nocross(18,23).
nocross(19,2).
nocross(19,4).
nocross(19,7).
nocross(19,14).
nocross(19,15).
nocross(19,20).
nocross(19,21).
nocross(19,23).
nocross(20,4).
nocross(20,5).
nocross(20,6).
nocross(20,9).
nocross(20,10).
nocross(20,14).
nocross(20,19).
nocross(20,23).
nocross(21,2).
nocross(21,3).
nocross(21,4).
nocross(21,7).
nocross(21,14).
nocross(21,15).
nocross(21,17).
nocross(21,18).
nocross(21,23).
nocross(23,2).
nocross(23,4).
nocross(23,7).
nocross(23,14).
nocross(23,18).
nocross(23,19).
nocross(23,20).
nocross(23,21).
