dimension(24).
point(1, 451887.0, 696840.0).
point(2, 496225.0, 390344.0).
point(3, 30043.0, 618069.0).
point(4, 663728.0, 939494.0).
point(5, 832242.0, 847038.0).
point(6, 427862.0, 508944.0).
point(7, 802344.0, 684463.0).
point(8, 351246.0, 902271.0).
point(9, 298116.0, 672020.0).
point(10, 36048.0, 419061.0).
point(11, 486307.0, 627388.0).
point(12, 221364.0, 459961.0).
point(13, 862065.0, 440336.0).
point(14, 560287.0, 882308.0).
point(15, 715601.0, 854886.0).
point(16, 92863.0, 809972.0).
point(17, 961008.0, 431740.0).
point(18, 99842.0, 285753.0).
point(19, 349789.0, 848545.0).
point(20, 352299.0, 355160.0).
point(21, 191919.0, 116981.0).
point(22, 800934.0, 33561.0).
point(23, 143027.0, 578059.0).
point(24, 273038.0, 798891.0).
cost(1, 2, 309686).
cost(1, 3, 429135).
cost(1, 4, 322114).
cost(1, 5, 408937).
cost(1, 6, 189426).
cost(1, 7, 350675).
cost(1, 8, 228759).
cost(1, 9, 155761).
cost(1, 10, 500083).
cost(1, 11, 77513).
cost(1, 12, 330534).
cost(1, 13, 483777).
cost(1, 14, 214823).
cost(1, 15, 307447).
cost(1, 16, 376427).
cost(1, 17, 574005).
cost(1, 18, 541228).
cost(1, 19, 182862).
cost(1, 20, 355897).
cost(1, 21, 635468).
cost(1, 22, 749515).
cost(1, 23, 330913).
cost(1, 24, 205916).
cost(2, 1, 309686).
cost(2, 3, 518830).
cost(2, 4, 574128).
cost(2, 5, 566989).
cost(2, 6, 136892).
cost(2, 7, 424517).
cost(2, 8, 532060).
cost(2, 9, 344367).
cost(2, 10, 461072).
cost(2, 11, 237251).
cost(2, 12, 283540).
cost(2, 13, 369240).
cost(2, 14, 496117).
cost(2, 15, 513736).
cost(2, 16, 582055).
cost(2, 17, 466623).
cost(2, 18, 409950).
cost(2, 19, 481032).
cost(2, 20, 148164).
cost(2, 21, 409059).
cost(2, 22, 469193).
cost(2, 23, 399982).
cost(2, 24, 465535).
cost(3, 1, 429135).
cost(3, 2, 518830).
cost(3, 4, 710543).
cost(3, 5, 834236).
cost(3, 6, 412515).
cost(3, 7, 775150).
cost(3, 8, 428885).
cost(3, 9, 273448).
cost(3, 10, 199099).
cost(3, 11, 456359).
cost(3, 12, 248197).
cost(3, 13, 850794).
cost(3, 14, 592436).
cost(3, 15, 725308).
cost(3, 16, 201924).
cost(3, 17, 949428).
cost(3, 18, 339567).
cost(3, 19, 394153).
cost(3, 20, 415897).
cost(3, 21, 526586).
cost(3, 22, 967431).
cost(3, 23, 119859).
cost(3, 24, 302891).
cost(4, 1, 322114).
cost(4, 2, 574128).
cost(4, 3, 710543).
cost(4, 5, 192211).
cost(4, 6, 490924).
cost(4, 7, 290267).
cost(4, 8, 314691).
cost(4, 9, 453006).
cost(4, 10, 815373).
cost(4, 11, 359010).
cost(4, 12, 652409).
cost(4, 13, 537118).
cost(4, 14, 118196).
cost(4, 15, 99244).
cost(4, 16, 585374).
cost(4, 17, 588379).
cost(4, 18, 863333).
cost(4, 19, 326848).
cost(4, 20, 662144).
cost(4, 21, 948225).
cost(4, 22, 916264).
cost(4, 23, 633849).
cost(4, 24, 415220).
cost(5, 1, 408937).
cost(5, 2, 566989).
cost(5, 3, 834236).
cost(5, 4, 192211).
cost(5, 6, 527097).
cost(5, 7, 165301).
cost(5, 8, 484157).
cost(5, 9, 562069).
cost(5, 10, 903930).
cost(5, 11, 409777).
cost(5, 12, 723188).
cost(5, 13, 407794).
cost(5, 14, 274233).
cost(5, 15, 116905).
cost(5, 16, 740307).
cost(5, 17, 434802).
cost(5, 18, 922741).
cost(5, 19, 482455).
cost(5, 20, 687233).
cost(5, 21, 971080).
cost(5, 22, 814079).
cost(5, 23, 739843).
cost(5, 24, 561273).
cost(6, 1, 189426).
cost(6, 2, 136892).
cost(6, 3, 412515).
cost(6, 4, 490924).
cost(6, 5, 527097).
cost(6, 7, 413574).
cost(6, 8, 400720).
cost(6, 9, 208393).
cost(6, 10, 401991).
cost(6, 11, 132079).
cost(6, 12, 212228).
cost(6, 13, 439590).
cost(6, 14, 396153).
cost(6, 15, 449966).
cost(6, 16, 450380).
cost(6, 17, 538707).
cost(6, 18, 396751).
cost(6, 19, 348460).
cost(6, 20, 171346).
cost(6, 21, 457498).
cost(6, 22, 604294).
cost(6, 23, 293100).
cost(6, 24, 328694).
cost(7, 1, 350675).
cost(7, 2, 424517).
cost(7, 3, 775150).
cost(7, 4, 290267).
cost(7, 5, 165301).
cost(7, 6, 413574).
cost(7, 8, 500929).
cost(7, 9, 504382).
cost(7, 10, 810955).
cost(7, 11, 321149).
cost(7, 12, 622847).
cost(7, 13, 251326).
cost(7, 14, 312625).
cost(7, 15, 191229).
cost(7, 16, 720497).
cost(7, 17, 298401).
cost(7, 18, 807762).
cost(7, 19, 481382).
cost(7, 20, 557657).
cost(7, 21, 833459).
cost(7, 22, 650904).
cost(7, 23, 667848).
cost(7, 24, 541534).
cost(8, 1, 228759).
cost(8, 2, 532060).
cost(8, 3, 428885).
cost(8, 4, 314691).
cost(8, 5, 484157).
cost(8, 6, 400720).
cost(8, 7, 500929).
cost(8, 9, 236301).
cost(8, 10, 576924).
cost(8, 11, 306271).
cost(8, 12, 460985).
cost(8, 13, 688709).
cost(8, 14, 209992).
cost(8, 15, 367423).
cost(8, 16, 274374).
cost(8, 17, 770201).
cost(8, 18, 665807).
cost(8, 19, 53746).
cost(8, 20, 547112).
cost(8, 21, 801290).
cost(8, 22, 978201).
cost(8, 23, 385316).
cost(8, 24, 129630).
cost(9, 1, 155761).
cost(9, 2, 344367).
cost(9, 3, 273448).
cost(9, 4, 453006).
cost(9, 5, 562069).
cost(9, 6, 208393).
cost(9, 7, 504382).
cost(9, 8, 236301).
cost(9, 10, 364236).
cost(9, 11, 193411).
cost(9, 12, 225521).
cost(9, 13, 609685).
cost(9, 14, 336087).
cost(9, 15, 455778).
cost(9, 16, 247305).
cost(9, 17, 705096).
cost(9, 18, 434183).
cost(9, 19, 183933).
cost(9, 20, 321459).
cost(9, 21, 565107).
cost(9, 22, 812684).
cost(9, 23, 181332).
cost(9, 24, 129326).
cost(10, 1, 500083).
cost(10, 2, 461072).
cost(10, 3, 199099).
cost(10, 4, 815373).
cost(10, 5, 903930).
cost(10, 6, 401991).
cost(10, 7, 810955).
cost(10, 8, 576924).
cost(10, 9, 364236).
cost(10, 11, 496118).
cost(10, 12, 189776).
cost(10, 13, 826291).
cost(10, 14, 699589).
cost(10, 15, 807301).
cost(10, 16, 395018).
cost(10, 17, 925047).
cost(10, 18, 147786).
cost(10, 19, 531874).
cost(10, 20, 322642).
cost(10, 21, 339924).
cost(10, 22, 856540).
cost(10, 23, 191637).
cost(10, 24, 447700).
cost(11, 1, 77513).
cost(11, 2, 237251).
cost(11, 3, 456359).
cost(11, 4, 359010).
cost(11, 5, 409777).
cost(11, 6, 132079).
cost(11, 7, 321149).
cost(11, 8, 306271).
cost(11, 9, 193411).
cost(11, 10, 496118).
cost(11, 12, 313411).
cost(11, 13, 419741).
cost(11, 14, 265438).
cost(11, 15, 323003).
cost(11, 16, 433745).
cost(11, 17, 513439).
cost(11, 18, 515819).
cost(11, 19, 259899).
cost(11, 20, 303424).
cost(11, 21, 589219).
cost(11, 22, 672027).
cost(11, 23, 346806).
cost(11, 24, 273673).
cost(12, 1, 330534).
cost(12, 2, 283540).
cost(12, 3, 248197).
cost(12, 4, 652409).
cost(12, 5, 723188).
cost(12, 6, 212228).
cost(12, 7, 622847).
cost(12, 8, 460985).
cost(12, 9, 225521).
cost(12, 10, 189776).
cost(12, 11, 313411).
cost(12, 13, 641001).
cost(12, 14, 541522).
cost(12, 15, 632642).
cost(12, 16, 372854).
cost(12, 17, 740182).
cost(12, 18, 212405).
cost(12, 19, 409256).
cost(12, 20, 167712).
cost(12, 21, 344242).
cost(12, 22, 719526).
cost(12, 23, 141717).
cost(12, 24, 342847).
cost(13, 1, 483777).
cost(13, 2, 369240).
cost(13, 3, 850794).
cost(13, 4, 537118).
cost(13, 5, 407794).
cost(13, 6, 439590).
cost(13, 7, 251326).
cost(13, 8, 688709).
cost(13, 9, 609685).
cost(13, 10, 826291).
cost(13, 11, 419741).
cost(13, 12, 641001).
cost(13, 14, 535172).
cost(13, 15, 439663).
cost(13, 16, 853406).
cost(13, 17, 99316).
cost(13, 18, 777740).
cost(13, 19, 655028).
cost(13, 20, 516833).
cost(13, 21, 744079).
cost(13, 22, 411343).
cost(13, 23, 732109).
cost(13, 24, 689576).
cost(14, 1, 214823).
cost(14, 2, 496117).
cost(14, 3, 592436).
cost(14, 4, 118196).
cost(14, 5, 274233).
cost(14, 6, 396153).
cost(14, 7, 312625).
cost(14, 8, 209992).
cost(14, 9, 336087).
cost(14, 10, 699589).
cost(14, 11, 265438).
cost(14, 12, 541522).
cost(14, 13, 535172).
cost(14, 15, 157716).
cost(14, 16, 472988).
cost(14, 17, 602983).
cost(14, 18, 753583).
cost(14, 19, 213189).
cost(14, 20, 566696).
cost(14, 21, 849365).
cost(14, 22, 882203).
cost(14, 23, 516404).
cost(14, 24, 299116).
cost(15, 1, 307447).
cost(15, 2, 513736).
cost(15, 3, 725308).
cost(15, 4, 99244).
cost(15, 5, 116905).
cost(15, 6, 449966).
cost(15, 7, 191229).
cost(15, 8, 367423).
cost(15, 9, 455778).
cost(15, 10, 807301).
cost(15, 11, 323003).
cost(15, 12, 632642).
cost(15, 13, 439663).
cost(15, 14, 157716).
cost(15, 16, 624356).
cost(15, 17, 489160).
cost(15, 18, 838494).
cost(15, 19, 365867).
cost(15, 20, 617830).
cost(15, 21, 904846).
cost(15, 22, 825746).
cost(15, 23, 635983).
cost(15, 24, 446091).
cost(16, 1, 376427).
cost(16, 2, 582055).
cost(16, 3, 201924).
cost(16, 4, 585374).
cost(16, 5, 740307).
cost(16, 6, 450380).
cost(16, 7, 720497).
cost(16, 8, 274374).
cost(16, 9, 247305).
cost(16, 10, 395018).
cost(16, 11, 433745).
cost(16, 12, 372854).
cost(16, 13, 853406).
cost(16, 14, 472988).
cost(16, 15, 624356).
cost(16, 17, 946961).
cost(16, 18, 524265).
cost(16, 19, 259805).
cost(16, 20, 523604).
cost(16, 21, 700035).
cost(16, 22, 1050799).
cost(16, 23, 237276).
cost(16, 24, 180515).
cost(17, 1, 574005).
cost(17, 2, 466623).
cost(17, 3, 949428).
cost(17, 4, 588379).
cost(17, 5, 434802).
cost(17, 6, 538707).
cost(17, 7, 298401).
cost(17, 8, 770201).
cost(17, 9, 705096).
cost(17, 10, 925047).
cost(17, 11, 513439).
cost(17, 12, 740182).
cost(17, 13, 99316).
cost(17, 14, 602983).
cost(17, 15, 489160).
cost(17, 16, 946961).
cost(17, 18, 873452).
cost(17, 19, 739807).
cost(17, 20, 613507).
cost(17, 21, 831006).
cost(17, 22, 429151).
cost(17, 23, 830965).
cost(17, 24, 779809).
cost(18, 1, 541228).
cost(18, 2, 409950).
cost(18, 3, 339567).
cost(18, 4, 863333).
cost(18, 5, 922741).
cost(18, 6, 396751).
cost(18, 7, 807762).
cost(18, 8, 665807).
cost(18, 9, 434183).
cost(18, 10, 147786).
cost(18, 11, 515819).
cost(18, 12, 212405).
cost(18, 13, 777740).
cost(18, 14, 753583).
cost(18, 15, 838494).
cost(18, 16, 524265).
cost(18, 17, 873452).
cost(18, 19, 615799).
cost(18, 20, 261824).
cost(18, 21, 192255).
cost(18, 22, 745071).
cost(18, 23, 295479).
cost(18, 24, 541579).
cost(19, 1, 182862).
cost(19, 2, 481032).
cost(19, 3, 394153).
cost(19, 4, 326848).
cost(19, 5, 482455).
cost(19, 6, 348460).
cost(19, 7, 481382).
cost(19, 8, 53746).
cost(19, 9, 183933).
cost(19, 10, 531874).
cost(19, 11, 259899).
cost(19, 12, 409256).
cost(19, 13, 655028).
cost(19, 14, 213189).
cost(19, 15, 365867).
cost(19, 16, 259805).
cost(19, 17, 739807).
cost(19, 18, 615799).
cost(19, 20, 493391).
cost(19, 21, 748404).
cost(19, 22, 931521).
cost(19, 23, 340460).
cost(19, 24, 91412).
cost(20, 1, 355897).
cost(20, 2, 148164).
cost(20, 3, 415897).
cost(20, 4, 662144).
cost(20, 5, 687233).
cost(20, 6, 171346).
cost(20, 7, 557657).
cost(20, 8, 547112).
cost(20, 9, 321459).
cost(20, 10, 322642).
cost(20, 11, 303424).
cost(20, 12, 167712).
cost(20, 13, 516833).
cost(20, 14, 566696).
cost(20, 15, 617830).
cost(20, 16, 523604).
cost(20, 17, 613507).
cost(20, 18, 261824).
cost(20, 19, 493391).
cost(20, 21, 287143).
cost(20, 22, 551996).
cost(20, 23, 305743).
cost(20, 24, 450754).
cost(21, 1, 635468).
cost(21, 2, 409059).
cost(21, 3, 526586).
cost(21, 4, 948225).
cost(21, 5, 971080).
cost(21, 6, 457498).
cost(21, 7, 833459).
cost(21, 8, 801290).
cost(21, 9, 565107).
cost(21, 10, 339924).
cost(21, 11, 589219).
cost(21, 12, 344242).
cost(21, 13, 744079).
cost(21, 14, 849365).
cost(21, 15, 904846).
cost(21, 16, 700035).
cost(21, 17, 831006).
cost(21, 18, 192255).
cost(21, 19, 748404).
cost(21, 20, 287143).
cost(21, 22, 614702).
cost(21, 23, 463663).
cost(21, 24, 686718).
cost(22, 1, 749515).
cost(22, 2, 469193).
cost(22, 3, 967431).
cost(22, 4, 916264).
cost(22, 5, 814079).
cost(22, 6, 604294).
cost(22, 7, 650904).
cost(22, 8, 978201).
cost(22, 9, 812684).
cost(22, 10, 856540).
cost(22, 11, 672027).
cost(22, 12, 719526).
cost(22, 13, 411343).
cost(22, 14, 882203).
cost(22, 15, 825746).
cost(22, 16, 1050799).
cost(22, 17, 429151).
cost(22, 18, 745071).
cost(22, 19, 931521).
cost(22, 20, 551996).
cost(22, 21, 614702).
cost(22, 23, 854002).
cost(22, 24, 929733).
cost(23, 1, 330913).
cost(23, 2, 399982).
cost(23, 3, 119859).
cost(23, 4, 633849).
cost(23, 5, 739843).
cost(23, 6, 293100).
cost(23, 7, 667848).
cost(23, 8, 385316).
cost(23, 9, 181332).
cost(23, 10, 191637).
cost(23, 11, 346806).
cost(23, 12, 141717).
cost(23, 13, 732109).
cost(23, 14, 516404).
cost(23, 15, 635983).
cost(23, 16, 237276).
cost(23, 17, 830965).
cost(23, 18, 295479).
cost(23, 19, 340460).
cost(23, 20, 305743).
cost(23, 21, 463663).
cost(23, 22, 854002).
cost(23, 24, 256261).
cost(24, 1, 205916).
cost(24, 2, 465535).
cost(24, 3, 302891).
cost(24, 4, 415220).
cost(24, 5, 561273).
cost(24, 6, 328694).
cost(24, 7, 541534).
cost(24, 8, 129630).
cost(24, 9, 129326).
cost(24, 10, 447700).
cost(24, 11, 273673).
cost(24, 12, 342847).
cost(24, 13, 689576).
cost(24, 14, 299116).
cost(24, 15, 446091).
cost(24, 16, 180515).
cost(24, 17, 779809).
cost(24, 18, 541579).
cost(24, 19, 91412).
cost(24, 20, 450754).
cost(24, 21, 686718).
cost(24, 22, 929733).
cost(24, 23, 256261).
