dimension(17).
point(1, 21935.0, -186382.0).
point(2, -178012.0, -26584.0).
point(3, 83191.0, 423096.0).
point(4, -52887.0, -85127.0).
point(5, 13289.0, 390083.0).
point(6, -169450.0, 55510.0).
point(7, 157636.0, -196202.0).
point(8, 144049.0, -125101.0).
point(9, -128709.0, 500567.0).
point(10, 386701.0, 19624.0).
point(11, -182809.0, 399051.0).
point(12, -72956.0, -261496.0).
point(13, 394631.0, 198222.0).
point(14, -259222.0, -130658.0).
point(15, 154847.0, 140988.0).
point(16, 141927.0, 36083.0).
point(17, 236524.0, 124156.0).
cost(1, 2, 255957).
cost(1, 3, 612549).
cost(1, 4, 125900).
cost(1, 5, 576530).
cost(1, 6, 308448).
cost(1, 7, 136056).
cost(1, 8, 136628).
cost(1, 9, 703273).
cost(1, 10, 418918).
cost(1, 11, 620203).
cost(1, 12, 121022).
cost(1, 13, 535558).
cost(1, 14, 286626).
cost(1, 15, 353322).
cost(1, 16, 252762).
cost(1, 17, 377468).
cost(2, 1, 255957).
cost(2, 3, 520038).
cost(2, 4, 138143).
cost(2, 5, 458484).
cost(2, 6, 82539).
cost(2, 7, 376072).
cost(2, 8, 336792).
cost(2, 9, 529452).
cost(2, 10, 566600).
cost(2, 11, 425662).
cost(2, 12, 257333).
cost(2, 13, 615189).
cost(2, 14, 132009).
cost(2, 15, 372660).
cost(2, 16, 326019).
cost(2, 17, 441093).
cost(3, 1, 612549).
cost(3, 2, 520038).
cost(3, 4, 526125).
cost(3, 5, 77306).
cost(3, 6, 446035).
cost(3, 7, 623756).
cost(3, 8, 551565).
cost(3, 9, 225618).
cost(3, 10, 504884).
cost(3, 11, 267085).
cost(3, 12, 702174).
cost(3, 13, 384140).
cost(3, 14, 651068).
cost(3, 15, 291066).
cost(3, 16, 391445).
cost(3, 17, 335970).
cost(4, 1, 125900).
cost(4, 2, 138143).
cost(4, 3, 526125).
cost(4, 5, 479796).
cost(4, 6, 182663).
cost(4, 7, 238029).
cost(4, 8, 200952).
cost(4, 9, 590581).
cost(4, 10, 451896).
cost(4, 11, 501306).
cost(4, 12, 177507).
cost(4, 13, 529678).
cost(4, 14, 211299).
cost(4, 15, 307053).
cost(4, 16, 229444).
cost(4, 17, 357153).
cost(5, 1, 576530).
cost(5, 2, 458484).
cost(5, 3, 77306).
cost(5, 4, 479796).
cost(5, 6, 381225).
cost(5, 7, 603793).
cost(5, 8, 531519).
cost(5, 9, 179917).
cost(5, 10, 526000).
cost(5, 11, 196303).
cost(5, 12, 657262).
cost(5, 13, 426887).
cost(5, 14, 587736).
cost(5, 15, 286508).
cost(5, 16, 376648).
cost(5, 17, 347205).
cost(6, 1, 308448).
cost(6, 2, 82539).
cost(6, 3, 446035).
cost(6, 4, 182663).
cost(6, 5, 381225).
cost(6, 7, 412728).
cost(6, 8, 361804).
cost(6, 9, 446918).
cost(6, 10, 557308).
cost(6, 11, 343801).
cost(6, 12, 331367).
cost(6, 13, 581854).
cost(6, 14, 206682).
cost(6, 15, 335373).
cost(6, 16, 311982).
cost(6, 17, 411737).
cost(7, 1, 136056).
cost(7, 2, 376072).
cost(7, 3, 623756).
cost(7, 4, 238029).
cost(7, 5, 603793).
cost(7, 6, 412728).
cost(7, 8, 72388).
cost(7, 9, 753313).
cost(7, 10, 314725).
cost(7, 11, 685732).
cost(7, 12, 239658).
cost(7, 13, 460149).
cost(7, 14, 421979).
cost(7, 15, 337202).
cost(7, 16, 232816).
cost(7, 17, 329928).
cost(8, 1, 136628).
cost(8, 2, 336792).
cost(8, 3, 551565).
cost(8, 4, 200952).
cost(8, 5, 531519).
cost(8, 6, 361804).
cost(8, 7, 72388).
cost(8, 9, 682537).
cost(8, 10, 282534).
cost(8, 11, 617715).
cost(8, 12, 256310).
cost(8, 13, 409059).
cost(8, 14, 403309).
cost(8, 15, 266308).
cost(8, 16, 161198).
cost(8, 17, 265858).
cost(9, 1, 703273).
cost(9, 2, 529452).
cost(9, 3, 225618).
cost(9, 4, 590581).
cost(9, 5, 179917).
cost(9, 6, 446918).
cost(9, 7, 753313).
cost(9, 8, 682537).
cost(9, 10, 704949).
cost(9, 11, 115032).
cost(9, 12, 764100).
cost(9, 13, 604398).
cost(9, 14, 644576).
cost(9, 15, 457931).
cost(9, 16, 537577).
cost(9, 17, 524481).
cost(10, 1, 418918).
cost(10, 2, 566600).
cost(10, 3, 504884).
cost(10, 4, 451896).
cost(10, 5, 526000).
cost(10, 6, 557308).
cost(10, 7, 314725).
cost(10, 8, 282534).
cost(10, 9, 704949).
cost(10, 11, 684329).
cost(10, 12, 538807).
cost(10, 13, 178774).
cost(10, 14, 663175).
cost(10, 15, 261697).
cost(10, 16, 245327).
cost(10, 17, 182976).
cost(11, 1, 620203).
cost(11, 2, 425662).
cost(11, 3, 267085).
cost(11, 4, 501306).
cost(11, 5, 196303).
cost(11, 6, 343801).
cost(11, 7, 685732).
cost(11, 8, 617715).
cost(11, 9, 115032).
cost(11, 10, 684329).
cost(11, 12, 669619).
cost(11, 13, 611367).
cost(11, 14, 535192).
cost(11, 15, 424980).
cost(11, 16, 487031).
cost(11, 17, 501405).
cost(12, 1, 121022).
cost(12, 2, 257333).
cost(12, 3, 702174).
cost(12, 4, 177507).
cost(12, 5, 657262).
cost(12, 6, 331367).
cost(12, 7, 239658).
cost(12, 8, 256310).
cost(12, 9, 764100).
cost(12, 10, 538807).
cost(12, 11, 669619).
cost(12, 13, 655727).
cost(12, 14, 227626).
cost(12, 15, 462480).
cost(12, 16, 367053).
cost(12, 17, 494475).
cost(13, 1, 535558).
cost(13, 2, 615189).
cost(13, 3, 384140).
cost(13, 4, 529678).
cost(13, 5, 426887).
cost(13, 6, 581854).
cost(13, 7, 460149).
cost(13, 8, 409059).
cost(13, 9, 604398).
cost(13, 10, 178774).
cost(13, 11, 611367).
cost(13, 12, 655727).
cost(13, 14, 731906).
cost(13, 15, 246520).
cost(13, 16, 300247).
cost(13, 17, 174596).
cost(14, 1, 286626).
cost(14, 2, 132009).
cost(14, 3, 651068).
cost(14, 4, 211299).
cost(14, 5, 587736).
cost(14, 6, 206682).
cost(14, 7, 421979).
cost(14, 8, 403309).
cost(14, 9, 644576).
cost(14, 10, 663175).
cost(14, 11, 535192).
cost(14, 12, 227626).
cost(14, 13, 731906).
cost(14, 15, 495222).
cost(14, 16, 434423).
cost(14, 17, 557400).
cost(15, 1, 353322).
cost(15, 2, 372660).
cost(15, 3, 291066).
cost(15, 4, 307053).
cost(15, 5, 286508).
cost(15, 6, 335373).
cost(15, 7, 337202).
cost(15, 8, 266308).
cost(15, 9, 457931).
cost(15, 10, 261697).
cost(15, 11, 424980).
cost(15, 12, 462480).
cost(15, 13, 246520).
cost(15, 14, 495222).
cost(15, 16, 105698).
cost(15, 17, 83393).
cost(16, 1, 252762).
cost(16, 2, 326019).
cost(16, 3, 391445).
cost(16, 4, 229444).
cost(16, 5, 376648).
cost(16, 6, 311982).
cost(16, 7, 232816).
cost(16, 8, 161198).
cost(16, 9, 537577).
cost(16, 10, 245327).
cost(16, 11, 487031).
cost(16, 12, 367053).
cost(16, 13, 300247).
cost(16, 14, 434423).
cost(16, 15, 105698).
cost(16, 17, 129250).
cost(17, 1, 377468).
cost(17, 2, 441093).
cost(17, 3, 335970).
cost(17, 4, 357153).
cost(17, 5, 347205).
cost(17, 6, 411737).
cost(17, 7, 329928).
cost(17, 8, 265858).
cost(17, 9, 524481).
cost(17, 10, 182976).
cost(17, 11, 501405).
cost(17, 12, 494475).
cost(17, 13, 174596).
cost(17, 14, 557400).
cost(17, 15, 83393).
cost(17, 16, 129250).
nocross(1,8).
nocross(1,11).
nocross(1,12).
nocross(2,11).
nocross(3,5).
nocross(4,1).
nocross(4,2).
nocross(4,8).
nocross(4,11).
nocross(4,16).
nocross(5,6).
nocross(6,2).
nocross(6,11).
nocross(6,12).
nocross(7,12).
nocross(9,3).
nocross(9,5).
nocross(9,11).
nocross(10,7).
nocross(10,8).
nocross(10,17).
nocross(11,9).
nocross(12,1).
nocross(12,7).
nocross(12,8).
nocross(13,3).
nocross(13,5).
nocross(13,17).
nocross(14,2).
nocross(14,6).
nocross(14,11).
nocross(14,12).
nocross(15,3).
nocross(15,5).
nocross(15,11).
nocross(15,16).
nocross(15,17).
nocross(16,6).
nocross(16,11).
nocross(17,5).
nocross(17,8).
nocross(17,11).
nocross(17,15).
nocross(17,16).
