dimension(17).
point(1, -105937.0, 142642.0).
point(2, -284578.0, -16293.0).
point(3, -84209.0, -233949.0).
point(4, 48441.0, 106740.0).
point(5, -397948.0, -310624.0).
point(6, 106654.0, -242433.0).
point(7, 286004.0, -238776.0).
point(8, -191525.0, 239672.0).
point(9, -39960.0, 57021.0).
point(10, -473233.0, -179090.0).
point(11, -198998.0, -268900.0).
point(12, -194768.0, -82260.0).
point(13, 18655.0, -571501.0).
point(14, -154582.0, 139701.0).
point(15, -43793.0, 67251.0).
point(16, -358012.0, 283120.0).
point(17, 586863.0, 184815.0).
cost(1, 2, 239109).
cost(1, 3, 377217).
cost(1, 4, 158498).
cost(1, 5, 539185).
cost(1, 6, 439861).
cost(1, 7, 546898).
cost(1, 8, 129384).
cost(1, 9, 108092).
cost(1, 10, 488280).
cost(1, 11, 421933).
cost(1, 12, 241810).
cost(1, 13, 724930).
cost(1, 14, 48734).
cost(1, 15, 97702).
cost(1, 16, 288576).
cost(1, 17, 694082).
cost(2, 1, 239109).
cost(2, 3, 295841).
cost(2, 4, 355019).
cost(2, 5, 315410).
cost(2, 6, 451887).
cost(2, 7, 612423).
cost(2, 8, 272354).
cost(2, 9, 255368).
cost(2, 10, 249186).
cost(2, 11, 266710).
cost(2, 12, 111434).
cost(2, 13, 632619).
cost(2, 14, 203059).
cost(2, 15, 254867).
cost(2, 16, 308287).
cost(2, 17, 894345).
cost(3, 1, 377217).
cost(3, 2, 295841).
cost(3, 4, 365602).
cost(3, 5, 322972).
cost(3, 6, 191051).
cost(3, 7, 370244).
cost(3, 8, 485627).
cost(3, 9, 294315).
cost(3, 10, 392873).
cost(3, 11, 119992).
cost(3, 12, 187704).
cost(3, 13, 352877).
cost(3, 14, 380219).
cost(3, 15, 303899).
cost(3, 16, 585088).
cost(3, 17, 791013).
cost(4, 1, 158498).
cost(4, 2, 355019).
cost(4, 3, 365602).
cost(4, 5, 611110).
cost(4, 6, 353992).
cost(4, 7, 419306).
cost(4, 8, 274326).
cost(4, 9, 101423).
cost(4, 10, 594847).
cost(4, 11, 449813).
cost(4, 12, 308012).
cost(4, 13, 678895).
cost(4, 14, 205681).
cost(4, 15, 100332).
cost(4, 16, 443073).
cost(4, 17, 544053).
cost(5, 1, 539185).
cost(5, 2, 315410).
cost(5, 3, 322972).
cost(5, 4, 611110).
cost(5, 6, 509189).
cost(5, 7, 687715).
cost(5, 8, 587738).
cost(5, 9, 513145).
cost(5, 10, 151555).
cost(5, 11, 203278).
cost(5, 12, 305667).
cost(5, 13, 491543).
cost(5, 14, 511879).
cost(5, 15, 517895).
cost(5, 16, 595086).
cost(5, 17, 1102412).
cost(6, 1, 439861).
cost(6, 2, 451887).
cost(6, 3, 191051).
cost(6, 4, 353992).
cost(6, 5, 509189).
cost(6, 7, 179387).
cost(6, 8, 566865).
cost(6, 9, 333419).
cost(6, 10, 583336).
cost(6, 11, 306796).
cost(6, 12, 341337).
cost(6, 13, 340631).
cost(6, 14, 462894).
cost(6, 15, 344294).
cost(6, 16, 701513).
cost(6, 17, 642761).
cost(7, 1, 546898).
cost(7, 2, 612423).
cost(7, 3, 370244).
cost(7, 4, 419306).
cost(7, 5, 687715).
cost(7, 6, 179387).
cost(7, 8, 675978).
cost(7, 9, 440169).
cost(7, 10, 761579).
cost(7, 11, 485937).
cost(7, 12, 505608).
cost(7, 13, 426827).
cost(7, 14, 580828).
cost(7, 15, 449910).
cost(7, 16, 828934).
cost(7, 17, 519563).
cost(8, 1, 129384).
cost(8, 2, 272354).
cost(8, 3, 485627).
cost(8, 4, 274326).
cost(8, 5, 587738).
cost(8, 6, 566865).
cost(8, 7, 675978).
cost(8, 9, 237346).
cost(8, 10, 504699).
cost(8, 11, 508627).
cost(8, 12, 321948).
cost(8, 13, 837960).
cost(8, 14, 106579).
cost(8, 15, 227054).
cost(8, 16, 172063).
cost(8, 17, 780319).
cost(9, 1, 108092).
cost(9, 2, 255368).
cost(9, 3, 294315).
cost(9, 4, 101423).
cost(9, 5, 513145).
cost(9, 6, 333419).
cost(9, 7, 440169).
cost(9, 8, 237346).
cost(9, 10, 493431).
cost(9, 11, 362654).
cost(9, 12, 208242).
cost(9, 13, 631249).
cost(9, 14, 141330).
cost(9, 15, 10925).
cost(9, 16, 390228).
cost(9, 17, 639717).
cost(10, 1, 488280).
cost(10, 2, 249186).
cost(10, 3, 392873).
cost(10, 4, 594847).
cost(10, 5, 151555).
cost(10, 6, 583336).
cost(10, 7, 761579).
cost(10, 8, 504699).
cost(10, 9, 493431).
cost(10, 11, 288567).
cost(10, 12, 294820).
cost(10, 13, 629238).
cost(10, 14, 450740).
cost(10, 15, 495078).
cost(10, 16, 476355).
cost(10, 17, 1120817).
cost(11, 1, 421933).
cost(11, 2, 266710).
cost(11, 3, 119992).
cost(11, 4, 449813).
cost(11, 5, 203278).
cost(11, 6, 306796).
cost(11, 7, 485937).
cost(11, 8, 508627).
cost(11, 9, 362654).
cost(11, 10, 288567).
cost(11, 12, 186688).
cost(11, 13, 372747).
cost(11, 14, 411008).
cost(11, 15, 370251).
cost(11, 16, 574466).
cost(11, 17, 907433).
cost(12, 1, 241810).
cost(12, 2, 111434).
cost(12, 3, 187704).
cost(12, 4, 308012).
cost(12, 5, 305667).
cost(12, 6, 341337).
cost(12, 7, 505608).
cost(12, 8, 321948).
cost(12, 9, 208242).
cost(12, 10, 294820).
cost(12, 11, 186688).
cost(12, 13, 533766).
cost(12, 14, 225570).
cost(12, 15, 212478).
cost(12, 16, 400189).
cost(12, 17, 826000).
cost(13, 1, 724930).
cost(13, 2, 632619).
cost(13, 3, 352877).
cost(13, 4, 678895).
cost(13, 5, 491543).
cost(13, 6, 340631).
cost(13, 7, 426827).
cost(13, 8, 837960).
cost(13, 9, 631249).
cost(13, 10, 629238).
cost(13, 11, 372747).
cost(13, 12, 533766).
cost(13, 14, 731997).
cost(13, 15, 641797).
cost(13, 16, 933946).
cost(13, 17, 945978).
cost(14, 1, 48734).
cost(14, 2, 203059).
cost(14, 3, 380219).
cost(14, 4, 205681).
cost(14, 5, 511879).
cost(14, 6, 462894).
cost(14, 7, 580828).
cost(14, 8, 106579).
cost(14, 9, 141330).
cost(14, 10, 450740).
cost(14, 11, 411008).
cost(14, 12, 225570).
cost(14, 13, 731997).
cost(14, 15, 132375).
cost(14, 16, 248903).
cost(14, 17, 742816).
cost(15, 1, 97702).
cost(15, 2, 254867).
cost(15, 3, 303899).
cost(15, 4, 100332).
cost(15, 5, 517895).
cost(15, 6, 344294).
cost(15, 7, 449910).
cost(15, 8, 227054).
cost(15, 9, 10925).
cost(15, 10, 495078).
cost(15, 11, 370251).
cost(15, 12, 212478).
cost(15, 13, 641797).
cost(15, 14, 132375).
cost(15, 16, 381226).
cost(15, 17, 641520).
cost(16, 1, 288576).
cost(16, 2, 308287).
cost(16, 3, 585088).
cost(16, 4, 443073).
cost(16, 5, 595086).
cost(16, 6, 701513).
cost(16, 7, 828934).
cost(16, 8, 172063).
cost(16, 9, 390228).
cost(16, 10, 476355).
cost(16, 11, 574466).
cost(16, 12, 400189).
cost(16, 13, 933946).
cost(16, 14, 248903).
cost(16, 15, 381226).
cost(16, 17, 949975).
cost(17, 1, 694082).
cost(17, 2, 894345).
cost(17, 3, 791013).
cost(17, 4, 544053).
cost(17, 5, 1102412).
cost(17, 6, 642761).
cost(17, 7, 519563).
cost(17, 8, 780319).
cost(17, 9, 639717).
cost(17, 10, 1120817).
cost(17, 11, 907433).
cost(17, 12, 826000).
cost(17, 13, 945978).
cost(17, 14, 742816).
cost(17, 15, 641520).
cost(17, 16, 949975).
nocross(1,3).
nocross(1,4).
nocross(1,14).
nocross(2,1).
nocross(2,3).
nocross(2,5).
nocross(2,10).
nocross(2,11).
nocross(2,14).
nocross(2,16).
nocross(3,5).
nocross(3,11).
nocross(4,3).
nocross(4,8).
nocross(4,9).
nocross(4,15).
nocross(5,2).
nocross(5,3).
nocross(5,11).
nocross(5,12).
nocross(5,13).
nocross(6,3).
nocross(6,11).
nocross(6,14).
nocross(7,4).
nocross(8,1).
nocross(8,10).
nocross(8,14).
nocross(8,16).
nocross(9,1).
nocross(9,2).
nocross(9,3).
nocross(9,12).
nocross(9,14).
nocross(10,2).
nocross(10,3).
nocross(10,5).
nocross(10,11).
nocross(10,12).
nocross(11,2).
nocross(11,3).
nocross(11,12).
nocross(11,13).
nocross(12,2).
nocross(12,3).
nocross(12,9).
nocross(12,14).
nocross(12,16).
nocross(13,3).
nocross(13,5).
nocross(13,6).
nocross(13,11).
nocross(13,12).
nocross(13,14).
nocross(14,1).
nocross(14,3).
nocross(15,1).
nocross(15,3).
nocross(15,4).
nocross(15,8).
nocross(15,12).
nocross(15,14).
nocross(16,2).
nocross(16,8).
nocross(16,10).
nocross(16,11).
nocross(16,12).
nocross(16,14).
nocross(17,3).
nocross(17,4).
nocross(17,7).
