dimension(17).
point(1, -201279.0, -65582.0).
point(2, 174574.0, -264627.0).
point(3, -9899.0, -96627.0).
point(4, -257230.0, 400805.0).
point(5, -206648.0, 100027.0).
point(6, 203487.0, 7890.0).
point(7, -106886.0, 25054.0).
point(8, -400470.0, -120446.0).
point(9, 75471.0, 264519.0).
point(10, -56589.0, -409958.0).
point(11, -329077.0, 369483.0).
point(12, -177001.0, -76700.0).
point(13, -133485.0, 263440.0).
point(14, -187998.0, -319648.0).
point(15, 323076.0, -639010.0).
point(16, 48314.0, -242206.0).
point(17, 334789.0, 227472.0).
cost(1, 2, 425305).
cost(1, 3, 193882).
cost(1, 4, 469731).
cost(1, 5, 165696).
cost(1, 6, 411380).
cost(1, 7, 130862).
cost(1, 8, 206609).
cost(1, 9, 430764).
cost(1, 10, 373537).
cost(1, 11, 453447).
cost(1, 12, 26703).
cost(1, 13, 335934).
cost(1, 14, 254413).
cost(1, 15, 777025).
cost(1, 16, 305766).
cost(1, 17, 610942).
cost(2, 1, 425305).
cost(2, 3, 249508).
cost(2, 4, 793256).
cost(2, 5, 527544).
cost(2, 6, 274046).
cost(2, 7, 403900).
cost(2, 8, 592844).
cost(2, 9, 538346).
cost(2, 10, 273052).
cost(2, 11, 809790).
cost(2, 12, 398650).
cost(2, 13, 611355).
cost(2, 14, 366723).
cost(2, 15, 402760).
cost(2, 16, 128235).
cost(2, 17, 517523).
cost(3, 1, 193882).
cost(3, 2, 249508).
cost(3, 4, 555528).
cost(3, 5, 278178).
cost(3, 6, 237608).
cost(3, 7, 155604).
cost(3, 8, 391297).
cost(3, 9, 371099).
cost(3, 10, 316791).
cost(3, 11, 564919).
cost(3, 12, 168286).
cost(3, 13, 380686).
cost(3, 14, 285408).
cost(3, 15, 636437).
cost(3, 16, 156786).
cost(3, 17, 473128).
cost(4, 1, 469731).
cost(4, 2, 793256).
cost(4, 3, 555528).
cost(4, 5, 305002).
cost(4, 6, 605510).
cost(4, 7, 404712).
cost(4, 8, 540574).
cost(4, 9, 359533).
cost(4, 10, 835221).
cost(4, 11, 78378).
cost(4, 12, 484198).
cost(4, 13, 184884).
cost(4, 14, 723772).
cost(4, 15, 1190786).
cost(4, 16, 711913).
cost(4, 17, 616872).
cost(5, 1, 165696).
cost(5, 2, 527544).
cost(5, 3, 278178).
cost(5, 4, 305002).
cost(5, 6, 420357).
cost(5, 7, 124793).
cost(5, 8, 293556).
cost(5, 9, 326571).
cost(5, 10, 531604).
cost(5, 11, 295965).
cost(5, 12, 179196).
cost(5, 13, 179044).
cost(5, 14, 420089).
cost(5, 15, 909276).
cost(5, 16, 426766).
cost(5, 17, 556234).
cost(6, 1, 411380).
cost(6, 2, 274046).
cost(6, 3, 237608).
cost(6, 4, 605510).
cost(6, 5, 420357).
cost(6, 7, 310847).
cost(6, 8, 617442).
cost(6, 9, 286787).
cost(6, 10, 492175).
cost(6, 11, 643719).
cost(6, 12, 389778).
cost(6, 13, 422914).
cost(6, 14, 510433).
cost(6, 15, 657861).
cost(6, 16, 294324).
cost(6, 17, 255845).
cost(7, 1, 130862).
cost(7, 2, 403900).
cost(7, 3, 155604).
cost(7, 4, 404712).
cost(7, 5, 124793).
cost(7, 6, 310847).
cost(7, 8, 327661).
cost(7, 9, 300994).
cost(7, 10, 437910).
cost(7, 11, 409878).
cost(7, 12, 123572).
cost(7, 13, 239865).
cost(7, 14, 354117).
cost(7, 15, 791106).
cost(7, 16, 309055).
cost(7, 17, 485850).
cost(8, 1, 206609).
cost(8, 2, 592844).
cost(8, 3, 391297).
cost(8, 4, 540574).
cost(8, 5, 293556).
cost(8, 6, 617442).
cost(8, 7, 327661).
cost(8, 9, 612142).
cost(8, 10, 449523).
cost(8, 11, 495103).
cost(8, 12, 227711).
cost(8, 13, 467600).
cost(8, 14, 291249).
cost(8, 15, 890184).
cost(8, 16, 465008).
cost(8, 17, 813420).
cost(9, 1, 430764).
cost(9, 2, 538346).
cost(9, 3, 371099).
cost(9, 4, 359533).
cost(9, 5, 326571).
cost(9, 6, 286787).
cost(9, 7, 300994).
cost(9, 8, 612142).
cost(9, 10, 687284).
cost(9, 11, 417943).
cost(9, 12, 424467).
cost(9, 13, 208959).
cost(9, 14, 640833).
cost(9, 15, 936842).
cost(9, 16, 507452).
cost(9, 17, 261951).
cost(10, 1, 373537).
cost(10, 2, 273052).
cost(10, 3, 316791).
cost(10, 4, 835221).
cost(10, 5, 531604).
cost(10, 6, 492175).
cost(10, 7, 437910).
cost(10, 8, 449523).
cost(10, 9, 687284).
cost(10, 11, 825698).
cost(10, 12, 354344).
cost(10, 13, 677774).
cost(10, 14, 159450).
cost(10, 15, 443408).
cost(10, 16, 197852).
cost(10, 17, 747993).
cost(11, 1, 453447).
cost(11, 2, 809790).
cost(11, 3, 564919).
cost(11, 4, 78378).
cost(11, 5, 295965).
cost(11, 6, 643719).
cost(11, 7, 409878).
cost(11, 8, 495103).
cost(11, 9, 417943).
cost(11, 10, 825698).
cost(11, 12, 471388).
cost(11, 13, 222489).
cost(11, 14, 703424).
cost(11, 15, 1200984).
cost(11, 16, 718740).
cost(11, 17, 678885).
cost(12, 1, 26703).
cost(12, 2, 398650).
cost(12, 3, 168286).
cost(12, 4, 484198).
cost(12, 5, 179196).
cost(12, 6, 389778).
cost(12, 7, 123572).
cost(12, 8, 227711).
cost(12, 9, 424467).
cost(12, 10, 354344).
cost(12, 11, 471388).
cost(12, 13, 342912).
cost(12, 14, 243197).
cost(12, 15, 752509).
cost(12, 16, 279569).
cost(12, 17, 595357).
cost(13, 1, 335934).
cost(13, 2, 611355).
cost(13, 3, 380686).
cost(13, 4, 184884).
cost(13, 5, 179044).
cost(13, 6, 422914).
cost(13, 7, 239865).
cost(13, 8, 467600).
cost(13, 9, 208959).
cost(13, 10, 677774).
cost(13, 11, 222489).
cost(13, 12, 342912).
cost(13, 14, 585631).
cost(13, 15, 1011367).
cost(13, 16, 537335).
cost(13, 17, 469653).
cost(14, 1, 254413).
cost(14, 2, 366723).
cost(14, 3, 285408).
cost(14, 4, 723772).
cost(14, 5, 420089).
cost(14, 6, 510433).
cost(14, 7, 354117).
cost(14, 8, 291249).
cost(14, 9, 640833).
cost(14, 10, 159450).
cost(14, 11, 703424).
cost(14, 12, 243197).
cost(14, 13, 585631).
cost(14, 15, 602651).
cost(14, 16, 248678).
cost(14, 17, 756734).
cost(15, 1, 777025).
cost(15, 2, 402760).
cost(15, 3, 636437).
cost(15, 4, 1190786).
cost(15, 5, 909276).
cost(15, 6, 657861).
cost(15, 7, 791106).
cost(15, 8, 890184).
cost(15, 9, 936842).
cost(15, 10, 443408).
cost(15, 11, 1200984).
cost(15, 12, 752509).
cost(15, 13, 1011367).
cost(15, 14, 602651).
cost(15, 16, 482646).
cost(15, 17, 866561).
cost(16, 1, 305766).
cost(16, 2, 128235).
cost(16, 3, 156786).
cost(16, 4, 711913).
cost(16, 5, 426766).
cost(16, 6, 294324).
cost(16, 7, 309055).
cost(16, 8, 465008).
cost(16, 9, 507452).
cost(16, 10, 197852).
cost(16, 11, 718740).
cost(16, 12, 279569).
cost(16, 13, 537335).
cost(16, 14, 248678).
cost(16, 15, 482646).
cost(16, 17, 550150).
cost(17, 1, 610942).
cost(17, 2, 517523).
cost(17, 3, 473128).
cost(17, 4, 616872).
cost(17, 5, 556234).
cost(17, 6, 255845).
cost(17, 7, 485850).
cost(17, 8, 813420).
cost(17, 9, 261951).
cost(17, 10, 747993).
cost(17, 11, 678885).
cost(17, 12, 595357).
cost(17, 13, 469653).
cost(17, 14, 756734).
cost(17, 15, 866561).
cost(17, 16, 550150).
nocross(1,5).
nocross(1,8).
nocross(1,11).
nocross(1,12).
nocross(1,14).
nocross(2,10).
nocross(2,15).
nocross(2,16).
nocross(3,1).
nocross(3,2).
nocross(3,4).
nocross(3,11).
nocross(3,12).
nocross(3,14).
nocross(4,2).
nocross(4,9).
nocross(5,1).
nocross(5,11).
nocross(5,12).
nocross(6,12).
nocross(6,16).
nocross(7,3).
nocross(7,4).
nocross(7,5).
nocross(7,11).
nocross(8,1).
nocross(8,4).
nocross(8,5).
nocross(8,11).
nocross(8,12).
nocross(8,14).
nocross(9,4).
nocross(9,5).
nocross(10,16).
nocross(12,1).
nocross(12,3).
nocross(12,7).
nocross(13,1).
nocross(13,4).
nocross(13,5).
nocross(13,11).
nocross(14,1).
nocross(14,3).
nocross(14,8).
nocross(14,10).
nocross(14,12).
nocross(14,16).
nocross(15,2).
nocross(15,10).
nocross(15,16).
nocross(16,12).
nocross(16,14).
nocross(17,4).
