dimension(17).
point(1, 352310.0, -100129.0).
point(2, -138942.0, -26546.0).
point(3, -666419.0, 273875.0).
point(4, 201126.0, 44470.0).
point(5, 122100.0, 477911.0).
point(6, -112814.0, -293211.0).
point(7, 4877.0, 11448.0).
point(8, -69172.0, -934725.0).
point(9, 121648.0, 248385.0).
point(10, 152705.0, -137298.0).
point(11, -153499.0, 32709.0).
point(12, 99601.0, -174418.0).
point(13, -256236.0, -144093.0).
point(14, -177591.0, 99159.0).
point(15, 501927.0, -466187.0).
point(16, 138184.0, -203126.0).
point(17, 213255.0, 202280.0).
cost(1, 2, 496732).
cost(1, 3, 1085213).
cost(1, 4, 209202).
cost(1, 5, 622195).
cost(1, 6, 503608).
cost(1, 7, 364910).
cost(1, 8, 934985).
cost(1, 9, 417932).
cost(1, 10, 203036).
cost(1, 11, 522961).
cost(1, 12, 263402).
cost(1, 13, 610132).
cost(1, 14, 566137).
cost(1, 15, 395454).
cost(1, 16, 237610).
cost(1, 17, 332848).
cost(2, 1, 496732).
cost(2, 3, 607029).
cost(2, 4, 347404).
cost(2, 5, 567996).
cost(2, 6, 267942).
cost(2, 7, 148753).
cost(2, 8, 910855).
cost(2, 9, 378806).
cost(2, 10, 311968).
cost(2, 11, 61017).
cost(2, 12, 280658).
cost(2, 13, 166058).
cost(2, 14, 131512).
cost(2, 15, 777173).
cost(2, 16, 328602).
cost(2, 17, 420005).
cost(3, 1, 1085213).
cost(3, 2, 607029).
cost(3, 4, 897363).
cost(3, 5, 814489).
cost(3, 6, 792506).
cost(3, 7, 720768).
cost(3, 8, 1348116).
cost(3, 9, 788479).
cost(3, 10, 916530).
cost(3, 11, 566787).
cost(3, 12, 887555).
cost(3, 13, 585617).
cost(3, 14, 519113).
cost(3, 15, 1383013).
cost(3, 16, 935369).
cost(3, 17, 882583).
cost(4, 1, 209202).
cost(4, 2, 347404).
cost(4, 3, 897363).
cost(4, 5, 440586).
cost(4, 6, 461071).
cost(4, 7, 199008).
cost(4, 8, 1015817).
cost(4, 9, 218856).
cost(4, 10, 188107).
cost(4, 11, 354820).
cost(4, 12, 241287).
cost(4, 13, 494708).
cost(4, 14, 382645).
cost(4, 15, 592665).
cost(4, 16, 255471).
cost(4, 17, 158275).
cost(5, 1, 622195).
cost(5, 2, 567996).
cost(5, 3, 814489).
cost(5, 4, 440586).
cost(5, 6, 806110).
cost(5, 7, 480967).
cost(5, 8, 1425526).
cost(5, 9, 229526).
cost(5, 10, 615970).
cost(5, 11, 523603).
cost(5, 12, 652717).
cost(5, 13, 728030).
cost(5, 14, 482978).
cost(5, 15, 1017639).
cost(5, 16, 681227).
cost(5, 17, 290313).
cost(6, 1, 503608).
cost(6, 2, 267942).
cost(6, 3, 792506).
cost(6, 4, 461071).
cost(6, 5, 806110).
cost(6, 7, 326601).
cost(6, 8, 642997).
cost(6, 9, 590168).
cost(6, 10, 307911).
cost(6, 11, 328450).
cost(6, 12, 243376).
cost(6, 13, 206896).
cost(6, 14, 397681).
cost(6, 15, 638613).
cost(6, 16, 266675).
cost(6, 17, 593155).
cost(7, 1, 364910).
cost(7, 2, 148753).
cost(7, 3, 720768).
cost(7, 4, 199008).
cost(7, 5, 480967).
cost(7, 6, 326601).
cost(7, 8, 949066).
cost(7, 9, 264149).
cost(7, 10, 209710).
cost(7, 11, 159797).
cost(7, 12, 208612).
cost(7, 13, 303929).
cost(7, 14, 202454).
cost(7, 15, 689343).
cost(7, 16, 252612).
cost(7, 17, 282557).
cost(8, 1, 934985).
cost(8, 2, 910855).
cost(8, 3, 1348116).
cost(8, 4, 1015817).
cost(8, 5, 1425526).
cost(8, 6, 642997).
cost(8, 7, 949066).
cost(8, 9, 1198400).
cost(8, 10, 827719).
cost(8, 11, 971102).
cost(8, 12, 778814).
cost(8, 13, 812460).
cost(8, 14, 1039553).
cost(8, 15, 738703).
cost(8, 16, 760417).
cost(8, 17, 1171557).
cost(9, 1, 417932).
cost(9, 2, 378806).
cost(9, 3, 788479).
cost(9, 4, 218856).
cost(9, 5, 229526).
cost(9, 6, 590168).
cost(9, 7, 264149).
cost(9, 8, 1198400).
cost(9, 10, 386931).
cost(9, 11, 349603).
cost(9, 12, 423377).
cost(9, 13, 544826).
cost(9, 14, 334384).
cost(9, 15, 809460).
cost(9, 16, 451814).
cost(9, 17, 102555).
cost(10, 1, 203036).
cost(10, 2, 311968).
cost(10, 3, 916530).
cost(10, 4, 188107).
cost(10, 5, 615970).
cost(10, 6, 307911).
cost(10, 7, 209710).
cost(10, 8, 827719).
cost(10, 9, 386931).
cost(10, 11, 350233).
cost(10, 12, 64791).
cost(10, 13, 408997).
cost(10, 14, 406211).
cost(10, 15, 479712).
cost(10, 16, 67411).
cost(10, 17, 344934).
cost(11, 1, 522961).
cost(11, 2, 61017).
cost(11, 3, 566787).
cost(11, 4, 354820).
cost(11, 5, 523603).
cost(11, 6, 328450).
cost(11, 7, 159797).
cost(11, 8, 971102).
cost(11, 9, 349603).
cost(11, 10, 350233).
cost(11, 12, 327049).
cost(11, 13, 204484).
cost(11, 14, 70683).
cost(11, 15, 823699).
cost(11, 16, 375096).
cost(11, 17, 404058).
cost(12, 1, 263402).
cost(12, 2, 280658).
cost(12, 3, 887555).
cost(12, 4, 241287).
cost(12, 5, 652717).
cost(12, 6, 243376).
cost(12, 7, 208612).
cost(12, 8, 778814).
cost(12, 9, 423377).
cost(12, 10, 64791).
cost(12, 11, 327049).
cost(12, 13, 357127).
cost(12, 14, 389461).
cost(12, 15, 496986).
cost(12, 16, 48092).
cost(12, 17, 393470).
cost(13, 1, 610132).
cost(13, 2, 166058).
cost(13, 3, 585617).
cost(13, 4, 494708).
cost(13, 5, 728030).
cost(13, 6, 206896).
cost(13, 7, 303929).
cost(13, 8, 812460).
cost(13, 9, 544826).
cost(13, 10, 408997).
cost(13, 11, 204484).
cost(13, 12, 357127).
cost(13, 14, 255649).
cost(13, 15, 823745).
cost(13, 16, 398813).
cost(13, 17, 583435).
cost(14, 1, 566137).
cost(14, 2, 131512).
cost(14, 3, 519113).
cost(14, 4, 382645).
cost(14, 5, 482978).
cost(14, 6, 397681).
cost(14, 7, 202454).
cost(14, 8, 1039553).
cost(14, 9, 334384).
cost(14, 10, 406211).
cost(14, 11, 70683).
cost(14, 12, 389461).
cost(14, 13, 255649).
cost(14, 15, 883946).
cost(14, 16, 437139).
cost(14, 17, 404221).
cost(15, 1, 395454).
cost(15, 2, 777173).
cost(15, 3, 1383013).
cost(15, 4, 592665).
cost(15, 5, 1017639).
cost(15, 6, 638613).
cost(15, 7, 689343).
cost(15, 8, 738703).
cost(15, 9, 809460).
cost(15, 10, 479712).
cost(15, 11, 823699).
cost(15, 12, 496986).
cost(15, 13, 823745).
cost(15, 14, 883946).
cost(15, 16, 448899).
cost(15, 17, 728134).
cost(16, 1, 237610).
cost(16, 2, 328602).
cost(16, 3, 935369).
cost(16, 4, 255471).
cost(16, 5, 681227).
cost(16, 6, 266675).
cost(16, 7, 252612).
cost(16, 8, 760417).
cost(16, 9, 451814).
cost(16, 10, 67411).
cost(16, 11, 375096).
cost(16, 12, 48092).
cost(16, 13, 398813).
cost(16, 14, 437139).
cost(16, 15, 448899).
cost(16, 17, 412298).
cost(17, 1, 332848).
cost(17, 2, 420005).
cost(17, 3, 882583).
cost(17, 4, 158275).
cost(17, 5, 290313).
cost(17, 6, 593155).
cost(17, 7, 282557).
cost(17, 8, 1171557).
cost(17, 9, 102555).
cost(17, 10, 344934).
cost(17, 11, 404058).
cost(17, 12, 393470).
cost(17, 13, 583435).
cost(17, 14, 404221).
cost(17, 15, 728134).
cost(17, 16, 412298).
nocross(1,4).
nocross(1,16).
nocross(1,17).
nocross(2,5).
nocross(2,6).
nocross(2,9).
nocross(2,11).
nocross(2,13).
nocross(2,14).
nocross(3,2).
nocross(3,5).
nocross(3,11).
nocross(3,13).
nocross(3,14).
nocross(4,1).
nocross(4,5).
nocross(4,9).
nocross(4,17).
nocross(5,9).
nocross(5,14).
nocross(5,17).
nocross(6,2).
nocross(6,9).
nocross(6,13).
nocross(7,4).
nocross(7,9).
nocross(7,14).
nocross(8,6).
nocross(8,13).
nocross(8,15).
nocross(8,16).
nocross(9,4).
nocross(9,5).
nocross(9,11).
nocross(9,14).
nocross(9,17).
nocross(11,2).
nocross(11,5).
nocross(11,7).
nocross(11,9).
nocross(11,13).
nocross(11,14).
nocross(12,9).
nocross(13,2).
nocross(13,6).
nocross(13,9).
nocross(13,11).
nocross(14,2).
nocross(14,5).
nocross(14,7).
nocross(14,9).
nocross(14,11).
nocross(14,13).
nocross(15,1).
nocross(16,1).
nocross(16,6).
nocross(16,9).
nocross(17,5).
nocross(17,9).
nocross(17,11).
nocross(17,14).
