dimension(23).
point(1, -198105.0, 330647.0).
point(2, 216998.0, 145834.0).
point(3, 88413.0, 88973.0).
point(4, 264188.0, -97009.0).
point(5, 13983.0, -58000.0).
point(6, -40533.0, -9390.0).
point(7, 214881.0, 48286.0).
point(8, 81476.0, 93046.0).
point(9, -324442.0, 14383.0).
point(10, -217819.0, 207749.0).
point(11, 56545.0, -242483.0).
point(12, -60340.0, 72731.0).
point(13, -238741.0, -203937.0).
point(14, -133530.0, 214053.0).
point(15, 106139.0, -79113.0).
point(16, -252561.0, -129643.0).
point(17, 293597.0, 26218.0).
point(18, 28169.0, -339654.0).
point(19, -126061.0, -147260.0).
point(20, 30353.0, 660550.0).
point(21, -82654.0, 33350.0).
point(22, -73238.0, -165228.0).
point(23, -253554.0, 16103.0).
cost(1, 2, 454386).
cost(1, 3, 374832).
cost(1, 4, 629765).
cost(1, 5, 442750).
cost(1, 6, 374772).
cost(1, 7, 500285).
cost(1, 8, 366906).
cost(1, 9, 340564).
cost(1, 10, 124469).
cost(1, 11, 627156).
cost(1, 12, 292404).
cost(1, 13, 536126).
cost(1, 14, 133282).
cost(1, 15, 510360).
cost(1, 16, 463500).
cost(1, 17, 578315).
cost(1, 18, 707463).
cost(1, 19, 483307).
cost(1, 20, 401284).
cost(1, 21, 318927).
cost(1, 22, 511355).
cost(1, 23, 319394).
cost(2, 1, 454386).
cost(2, 3, 140596).
cost(2, 4, 247386).
cost(2, 5, 287686).
cost(2, 6, 300694).
cost(2, 7, 97571).
cost(2, 8, 145440).
cost(2, 9, 557168).
cost(2, 10, 439203).
cost(2, 11, 420161).
cost(2, 12, 286811).
cost(2, 13, 574489).
cost(2, 14, 357105).
cost(2, 15, 250781).
cost(2, 16, 544402).
cost(2, 17, 142040).
cost(2, 18, 520917).
cost(2, 19, 451213).
cost(2, 20, 547512).
cost(2, 21, 320069).
cost(2, 22, 425437).
cost(2, 23, 488108).
cost(3, 1, 374832).
cost(3, 2, 140596).
cost(3, 4, 255903).
cost(3, 5, 164745).
cost(3, 6, 162180).
cost(3, 7, 132852).
cost(3, 8, 8044).
cost(3, 9, 419539).
cost(3, 10, 328460).
cost(3, 11, 332984).
cost(3, 12, 149637).
cost(3, 13, 439120).
cost(3, 14, 254762).
cost(3, 15, 169018).
cost(3, 16, 405039).
cost(3, 17, 214566).
cost(3, 18, 432840).
cost(3, 19, 319069).
cost(3, 20, 574518).
cost(3, 21, 179883).
cost(3, 22, 301246).
cost(3, 23, 349645).
cost(4, 1, 629765).
cost(4, 2, 247386).
cost(4, 3, 255903).
cost(4, 5, 253228).
cost(4, 6, 317068).
cost(4, 7, 153433).
cost(4, 8, 263637).
cost(4, 9, 599077).
cost(4, 10, 570270).
cost(4, 11, 253532).
cost(4, 12, 366238).
cost(4, 13, 514170).
cost(4, 14, 504915).
cost(4, 15, 159059).
cost(4, 16, 517778).
cost(4, 17, 126688).
cost(4, 18, 338499).
cost(4, 19, 393471).
cost(4, 20, 792827).
cost(4, 21, 370530).
cost(4, 22, 344253).
cost(4, 23, 529954).
cost(5, 1, 442750).
cost(5, 2, 287686).
cost(5, 3, 164745).
cost(5, 4, 253228).
cost(5, 6, 73041).
cost(5, 7, 227281).
cost(5, 8, 165439).
cost(5, 9, 346079).
cost(5, 10, 352640).
cost(5, 11, 189329).
cost(5, 12, 150381).
cost(5, 13, 291834).
cost(5, 14, 309472).
cost(5, 15, 94544).
cost(5, 16, 276004).
cost(5, 17, 292022).
cost(5, 18, 282011).
cost(5, 19, 166071).
cost(5, 20, 718736).
cost(5, 21, 132979).
cost(5, 22, 138222).
cost(5, 23, 277610).
cost(6, 1, 374772).
cost(6, 2, 300694).
cost(6, 3, 162180).
cost(6, 4, 317068).
cost(6, 5, 73041).
cost(6, 7, 261845).
cost(6, 8, 159309).
cost(6, 9, 284903).
cost(6, 10, 280321).
cost(6, 11, 252500).
cost(6, 12, 84476).
cost(6, 13, 277732).
cost(6, 14, 242023).
cost(6, 15, 162401).
cost(6, 16, 243755).
cost(6, 17, 336022).
cost(6, 18, 337334).
cost(6, 19, 162244).
cost(6, 20, 673680).
cost(6, 21, 60007).
cost(6, 22, 159233).
cost(6, 23, 214541).
cost(7, 1, 500285).
cost(7, 2, 97571).
cost(7, 3, 132852).
cost(7, 4, 153433).
cost(7, 5, 227281).
cost(7, 6, 261845).
cost(7, 8, 140714).
cost(7, 9, 540388).
cost(7, 10, 461148).
cost(7, 11, 331084).
cost(7, 12, 276304).
cost(7, 13, 519027).
cost(7, 14, 385835).
cost(7, 15, 167497).
cost(7, 16, 500161).
cost(7, 17, 81751).
cost(7, 18, 430533).
cost(7, 19, 393039).
cost(7, 20, 639467).
cost(7, 21, 297910).
cost(7, 22, 358610).
cost(7, 23, 469539).
cost(8, 1, 366906).
cost(8, 2, 145440).
cost(8, 3, 8044).
cost(8, 4, 263637).
cost(8, 5, 165439).
cost(8, 6, 159309).
cost(8, 7, 140714).
cost(8, 9, 413470).
cost(8, 10, 320522).
cost(8, 11, 336454).
cost(8, 12, 143264).
cost(8, 13, 436735).
cost(8, 14, 246719).
cost(8, 15, 173917).
cost(8, 16, 401461).
cost(8, 17, 222399).
cost(8, 18, 435971).
cost(8, 19, 317519).
cost(8, 20, 569802).
cost(8, 21, 174649).
cost(8, 22, 301068).
cost(8, 23, 343752).
cost(9, 1, 340564).
cost(9, 2, 557168).
cost(9, 3, 419539).
cost(9, 4, 599077).
cost(9, 5, 346079).
cost(9, 6, 284903).
cost(9, 7, 540388).
cost(9, 8, 413470).
cost(9, 10, 220814).
cost(9, 11, 459490).
cost(9, 12, 270471).
cost(9, 13, 234538).
cost(9, 14, 276253).
cost(9, 15, 440615).
cost(9, 16, 160967).
cost(9, 17, 618152).
cost(9, 18, 499677).
cost(9, 19, 255897).
cost(9, 20, 737164).
cost(9, 21, 242531).
cost(9, 22, 308810).
cost(9, 23, 70909).
cost(10, 1, 124469).
cost(10, 2, 439203).
cost(10, 3, 328460).
cost(10, 4, 570270).
cost(10, 5, 352640).
cost(10, 6, 280321).
cost(10, 7, 461148).
cost(10, 8, 320522).
cost(10, 9, 220814).
cost(10, 11, 527242).
cost(10, 12, 207436).
cost(10, 13, 412217).
cost(10, 14, 84524).
cost(10, 15, 432711).
cost(10, 16, 339176).
cost(10, 17, 542678).
cost(10, 18, 600133).
cost(10, 19, 366675).
cost(10, 20, 516351).
cost(10, 21, 220646).
cost(10, 22, 400019).
cost(10, 23, 194949).
cost(11, 1, 627156).
cost(11, 2, 420161).
cost(11, 3, 332984).
cost(11, 4, 253532).
cost(11, 5, 189329).
cost(11, 6, 252500).
cost(11, 7, 331084).
cost(11, 8, 336454).
cost(11, 9, 459490).
cost(11, 10, 527242).
cost(11, 12, 336187).
cost(11, 13, 297791).
cost(11, 14, 494524).
cost(11, 15, 170732).
cost(11, 16, 329058).
cost(11, 17, 358321).
cost(11, 18, 101229).
cost(11, 19, 205943).
cost(11, 20, 903413).
cost(11, 21, 308966).
cost(11, 22, 151036).
cost(11, 23, 403767).
cost(12, 1, 292404).
cost(12, 2, 286811).
cost(12, 3, 149637).
cost(12, 4, 366238).
cost(12, 5, 150381).
cost(12, 6, 84476).
cost(12, 7, 276304).
cost(12, 8, 143264).
cost(12, 9, 270471).
cost(12, 10, 207436).
cost(12, 11, 336187).
cost(12, 13, 329199).
cost(12, 14, 159150).
cost(12, 15, 225326).
cost(12, 16, 279113).
cost(12, 17, 356980).
cost(12, 18, 421776).
cost(12, 19, 229598).
cost(12, 20, 594774).
cost(12, 21, 45263).
cost(12, 22, 238308).
cost(12, 23, 201341).
cost(13, 1, 536126).
cost(13, 2, 574489).
cost(13, 3, 439120).
cost(13, 4, 514170).
cost(13, 5, 291834).
cost(13, 6, 277732).
cost(13, 7, 519027).
cost(13, 8, 436735).
cost(13, 9, 234538).
cost(13, 10, 412217).
cost(13, 11, 297791).
cost(13, 12, 329199).
cost(13, 14, 431028).
cost(13, 15, 366774).
cost(13, 16, 75568).
cost(13, 17, 579961).
cost(13, 18, 299433).
cost(13, 19, 126131).
cost(13, 20, 905400).
cost(13, 21, 284022).
cost(13, 22, 169969).
cost(13, 23, 220538).
cost(14, 1, 133282).
cost(14, 2, 357105).
cost(14, 3, 254762).
cost(14, 4, 504915).
cost(14, 5, 309472).
cost(14, 6, 242023).
cost(14, 7, 385835).
cost(14, 8, 246719).
cost(14, 9, 276253).
cost(14, 10, 84524).
cost(14, 11, 494524).
cost(14, 12, 159150).
cost(14, 13, 431028).
cost(14, 15, 378665).
cost(14, 16, 363724).
cost(14, 17, 466604).
cost(14, 18, 576834).
cost(14, 19, 361390).
cost(14, 20, 475623).
cost(14, 21, 187728).
cost(14, 22, 384043).
cost(14, 23, 231495).
cost(15, 1, 510360).
cost(15, 2, 250781).
cost(15, 3, 169018).
cost(15, 4, 159059).
cost(15, 5, 94544).
cost(15, 6, 162401).
cost(15, 7, 167497).
cost(15, 8, 173917).
cost(15, 9, 440615).
cost(15, 10, 432711).
cost(15, 11, 170732).
cost(15, 12, 225326).
cost(15, 13, 366774).
cost(15, 14, 378665).
cost(15, 16, 362242).
cost(15, 17, 215024).
cost(15, 18, 271958).
cost(15, 19, 241993).
cost(15, 20, 743535).
cost(15, 21, 219752).
cost(15, 22, 198977).
cost(15, 23, 372082).
cost(16, 1, 463500).
cost(16, 2, 544402).
cost(16, 3, 405039).
cost(16, 4, 517778).
cost(16, 5, 276004).
cost(16, 6, 243755).
cost(16, 7, 500161).
cost(16, 8, 401461).
cost(16, 9, 160967).
cost(16, 10, 339176).
cost(16, 11, 329058).
cost(16, 12, 279113).
cost(16, 13, 75568).
cost(16, 14, 363724).
cost(16, 15, 362242).
cost(16, 17, 567962).
cost(16, 18, 350591).
cost(16, 19, 127721).
cost(16, 20, 839312).
cost(16, 21, 235447).
cost(16, 22, 182820).
cost(16, 23, 145749).
cost(17, 1, 578315).
cost(17, 2, 142040).
cost(17, 3, 214566).
cost(17, 4, 126688).
cost(17, 5, 292022).
cost(17, 6, 336022).
cost(17, 7, 81751).
cost(17, 8, 222399).
cost(17, 9, 618152).
cost(17, 10, 542678).
cost(17, 11, 358321).
cost(17, 12, 356980).
cost(17, 13, 579961).
cost(17, 14, 466604).
cost(17, 15, 215024).
cost(17, 16, 567962).
cost(17, 18, 452011).
cost(17, 19, 454101).
cost(17, 20, 686786).
cost(17, 21, 376319).
cost(17, 22, 413787).
cost(17, 23, 547244).
cost(18, 1, 707463).
cost(18, 2, 520917).
cost(18, 3, 432840).
cost(18, 4, 338499).
cost(18, 5, 282011).
cost(18, 6, 337334).
cost(18, 7, 430533).
cost(18, 8, 435971).
cost(18, 9, 499677).
cost(18, 10, 600133).
cost(18, 11, 101229).
cost(18, 12, 421776).
cost(18, 13, 299433).
cost(18, 14, 576834).
cost(18, 15, 271958).
cost(18, 16, 350591).
cost(18, 17, 452011).
cost(18, 19, 246581).
cost(18, 20, 1000206).
cost(18, 21, 389119).
cost(18, 22, 201762).
cost(18, 23, 453796).
cost(19, 1, 483307).
cost(19, 2, 451213).
cost(19, 3, 319069).
cost(19, 4, 393471).
cost(19, 5, 166071).
cost(19, 6, 162244).
cost(19, 7, 393039).
cost(19, 8, 317519).
cost(19, 9, 255897).
cost(19, 10, 366675).
cost(19, 11, 205943).
cost(19, 12, 229598).
cost(19, 13, 126131).
cost(19, 14, 361390).
cost(19, 15, 241993).
cost(19, 16, 127721).
cost(19, 17, 454101).
cost(19, 18, 246581).
cost(19, 20, 822814).
cost(19, 21, 185753).
cost(19, 22, 55795).
cost(19, 23, 207224).
cost(20, 1, 401284).
cost(20, 2, 547512).
cost(20, 3, 574518).
cost(20, 4, 792827).
cost(20, 5, 718736).
cost(20, 6, 673680).
cost(20, 7, 639467).
cost(20, 8, 569802).
cost(20, 9, 737164).
cost(20, 10, 516351).
cost(20, 11, 903413).
cost(20, 12, 594774).
cost(20, 13, 905400).
cost(20, 14, 475623).
cost(20, 15, 743535).
cost(20, 16, 839312).
cost(20, 17, 686786).
cost(20, 18, 1000206).
cost(20, 19, 822814).
cost(20, 21, 637299).
cost(20, 22, 832250).
cost(20, 23, 704212).
cost(21, 1, 318927).
cost(21, 2, 320069).
cost(21, 3, 179883).
cost(21, 4, 370530).
cost(21, 5, 132979).
cost(21, 6, 60007).
cost(21, 7, 297910).
cost(21, 8, 174649).
cost(21, 9, 242531).
cost(21, 10, 220646).
cost(21, 11, 308966).
cost(21, 12, 45263).
cost(21, 13, 284022).
cost(21, 14, 187728).
cost(21, 15, 219752).
cost(21, 16, 235447).
cost(21, 17, 376319).
cost(21, 18, 389119).
cost(21, 19, 185753).
cost(21, 20, 637299).
cost(21, 22, 198801).
cost(21, 23, 171768).
cost(22, 1, 511355).
cost(22, 2, 425437).
cost(22, 3, 301246).
cost(22, 4, 344253).
cost(22, 5, 138222).
cost(22, 6, 159233).
cost(22, 7, 358610).
cost(22, 8, 301068).
cost(22, 9, 308810).
cost(22, 10, 400019).
cost(22, 11, 151036).
cost(22, 12, 238308).
cost(22, 13, 169969).
cost(22, 14, 384043).
cost(22, 15, 198977).
cost(22, 16, 182820).
cost(22, 17, 413787).
cost(22, 18, 201762).
cost(22, 19, 55795).
cost(22, 20, 832250).
cost(22, 21, 198801).
cost(22, 23, 255724).
cost(23, 1, 319394).
cost(23, 2, 488108).
cost(23, 3, 349645).
cost(23, 4, 529954).
cost(23, 5, 277610).
cost(23, 6, 214541).
cost(23, 7, 469539).
cost(23, 8, 343752).
cost(23, 9, 70909).
cost(23, 10, 194949).
cost(23, 11, 403767).
cost(23, 12, 201341).
cost(23, 13, 220538).
cost(23, 14, 231495).
cost(23, 15, 372082).
cost(23, 16, 145749).
cost(23, 17, 547244).
cost(23, 18, 453796).
cost(23, 19, 207224).
cost(23, 20, 704212).
cost(23, 21, 171768).
cost(23, 22, 255724).
nocross(1,10).
nocross(1,14).
nocross(2,5).
nocross(2,12).
nocross(2,14).
nocross(2,15).
nocross(2,17).
nocross(2,18).
nocross(3,2).
nocross(3,5).
nocross(3,6).
nocross(3,12).
nocross(3,20).
nocross(3,21).
nocross(4,5).
nocross(4,7).
nocross(4,11).
nocross(4,12).
nocross(4,17).
nocross(4,18).
nocross(5,11).
nocross(5,12).
nocross(5,14).
nocross(5,16).
nocross(5,22).
nocross(6,10).
nocross(6,11).
nocross(6,12).
nocross(6,14).
nocross(6,16).
nocross(6,21).
nocross(7,2).
nocross(7,5).
nocross(7,6).
nocross(7,12).
nocross(7,15).
nocross(7,18).
nocross(7,20).
nocross(8,2).
nocross(8,5).
nocross(8,12).
nocross(8,15).
nocross(8,20).
nocross(9,12).
nocross(9,13).
nocross(9,23).
nocross(10,12).
nocross(10,14).
nocross(10,21).
nocross(11,4).
nocross(11,5).
nocross(11,13).
nocross(11,15).
nocross(11,18).
nocross(11,22).
nocross(12,5).
nocross(12,6).
nocross(12,10).
nocross(12,14).
nocross(12,16).
nocross(12,21).
nocross(12,22).
nocross(13,5).
nocross(13,15).
nocross(13,16).
nocross(13,18).
nocross(13,19).
nocross(14,2).
nocross(14,12).
nocross(14,20).
nocross(15,5).
nocross(15,12).
nocross(16,5).
nocross(16,6).
nocross(16,10).
nocross(16,13).
nocross(16,14).
nocross(16,18).
nocross(16,19).
nocross(16,21).
nocross(16,23).
nocross(17,2).
nocross(17,4).
nocross(17,5).
nocross(17,12).
nocross(17,15).
nocross(17,18).
nocross(18,13).
nocross(18,15).
nocross(19,5).
nocross(19,6).
nocross(19,10).
nocross(19,11).
nocross(19,13).
nocross(19,14).
nocross(19,15).
nocross(19,16).
nocross(19,18).
nocross(19,21).
nocross(19,22).
nocross(20,1).
nocross(20,2).
nocross(20,10).
nocross(20,14).
nocross(21,6).
nocross(21,10).
nocross(21,12).
nocross(21,14).
nocross(21,16).
nocross(21,22).
nocross(22,5).
nocross(22,11).
nocross(22,13).
nocross(22,14).
nocross(22,15).
nocross(23,5).
nocross(23,6).
nocross(23,12).
nocross(23,14).
nocross(23,16).
nocross(23,19).
nocross(23,21).
