dimension(23).
point(1, 268862.0, 123824.0).
point(2, -92670.0, -221591.0).
point(3, -137732.0, 313740.0).
point(4, -110605.0, 341882.0).
point(5, -217508.0, 19941.0).
point(6, 107470.0, -257004.0).
point(7, -27088.0, -281465.0).
point(8, 190509.0, 217462.0).
point(9, -177757.0, -283602.0).
point(10, 75096.0, -191646.0).
point(11, -178987.0, -30150.0).
point(12, 167643.0, 309420.0).
point(13, 69203.0, -25602.0).
point(14, -294713.0, -326849.0).
point(15, -56280.0, 122238.0).
point(16, 113772.0, 73282.0).
point(17, 531253.0, 365187.0).
point(18, 23026.0, 63264.0).
point(19, 126206.0, 111107.0).
point(20, -368544.0, -45522.0).
point(21, -182257.0, 254300.0).
point(22, -89588.0, 114176.0).
point(23, -10644.0, -87199.0).
cost(1, 2, 500017).
cost(1, 3, 448761).
cost(1, 4, 437658).
cost(1, 5, 497340).
cost(1, 6, 413615).
cost(1, 7, 501842).
cost(1, 8, 122095).
cost(1, 9, 604537).
cost(1, 10, 370225).
cost(1, 11, 473579).
cost(1, 12, 211403).
cost(1, 13, 249383).
cost(1, 14, 721611).
cost(1, 15, 325146).
cost(1, 16, 163118).
cost(1, 17, 356518).
cost(1, 18, 253185).
cost(1, 19, 143222).
cost(1, 20, 659518).
cost(1, 21, 469609).
cost(1, 22, 358580).
cost(1, 23, 350220).
cost(2, 1, 500017).
cost(2, 3, 537224).
cost(2, 4, 563758).
cost(2, 5, 271886).
cost(2, 6, 203249).
cost(2, 7, 88803).
cost(2, 8, 522454).
cost(2, 9, 105286).
cost(2, 10, 170418).
cost(2, 11, 210001).
cost(2, 12, 591384).
cost(2, 13, 254194).
cost(2, 14, 227817).
cost(2, 15, 345749).
cost(2, 16, 359956).
cost(2, 17, 856498).
cost(2, 18, 307454).
cost(2, 19, 398239).
cost(2, 20, 327272).
cost(2, 21, 484250).
cost(2, 22, 335781).
cost(2, 23, 157447).
cost(3, 1, 448761).
cost(3, 2, 537224).
cost(3, 4, 39088).
cost(3, 5, 304437).
cost(3, 6, 621187).
cost(3, 7, 605402).
cost(3, 8, 342070).
cost(3, 9, 598681).
cost(3, 10, 548371).
cost(3, 11, 346356).
cost(3, 12, 305406).
cost(3, 13, 397461).
cost(3, 14, 659543).
cost(3, 15, 208104).
cost(3, 16, 347957).
cost(3, 17, 670960).
cost(3, 18, 297626).
cost(3, 19, 332751).
cost(3, 20, 427017).
cost(3, 21, 74267).
cost(3, 22, 205289).
cost(3, 23, 420599).
cost(4, 1, 437658).
cost(4, 2, 563758).
cost(4, 3, 39088).
cost(4, 5, 339226).
cost(4, 6, 637355).
cost(4, 7, 628917).
cost(4, 8, 325807).
cost(4, 9, 629078).
cost(4, 10, 564922).
cost(4, 11, 378264).
cost(4, 12, 280135).
cost(4, 13, 409115).
cost(4, 14, 693611).
cost(4, 15, 226262).
cost(4, 16, 349987).
cost(4, 17, 642281).
cost(4, 18, 309007).
cost(4, 19, 330661).
cost(4, 20, 465419).
cost(4, 21, 113157).
cost(4, 22, 228674).
cost(4, 23, 440571).
cost(5, 1, 497340).
cost(5, 2, 271886).
cost(5, 3, 304437).
cost(5, 4, 339226).
cost(5, 6, 426977).
cost(5, 7, 356518).
cost(5, 8, 453313).
cost(5, 9, 306135).
cost(5, 10, 361090).
cost(5, 11, 63190).
cost(5, 12, 481808).
cost(5, 13, 290306).
cost(5, 14, 355280).
cost(5, 15, 190943).
cost(5, 16, 335547).
cost(5, 17, 824523).
cost(5, 18, 244404).
cost(5, 19, 355599).
cost(5, 20, 164613).
cost(5, 21, 236995).
cost(5, 22, 158883).
cost(5, 23, 232963).
cost(6, 1, 413615).
cost(6, 2, 203249).
cost(6, 3, 621187).
cost(6, 4, 637355).
cost(6, 5, 426977).
cost(6, 7, 136763).
cost(6, 8, 481678).
cost(6, 9, 286464).
cost(6, 10, 72937).
cost(6, 11, 365404).
cost(6, 12, 569611).
cost(6, 13, 234545).
cost(6, 14, 408203).
cost(6, 15, 413084).
cost(6, 16, 330346).
cost(6, 17, 752804).
cost(6, 18, 331213).
cost(6, 19, 368588).
cost(6, 20, 520878).
cost(6, 21, 587685).
cost(6, 22, 420246).
cost(6, 23, 206845).
cost(7, 1, 501842).
cost(7, 2, 88803).
cost(7, 3, 605402).
cost(7, 4, 628917).
cost(7, 5, 356518).
cost(7, 6, 136763).
cost(7, 8, 544313).
cost(7, 9, 150684).
cost(7, 10, 136048).
cost(7, 11, 293654).
cost(7, 12, 622146).
cost(7, 13, 273382).
cost(7, 14, 271446).
cost(7, 15, 404757).
cost(7, 16, 381690).
cost(7, 17, 854344).
cost(7, 18, 348353).
cost(7, 19, 421440).
cost(7, 20, 415044).
cost(7, 21, 557783).
cost(7, 22, 400547).
cost(7, 23, 194961).
cost(8, 1, 122095).
cost(8, 2, 522454).
cost(8, 3, 342070).
cost(8, 4, 325807).
cost(8, 5, 453313).
cost(8, 6, 481678).
cost(8, 7, 544313).
cost(8, 9, 621840).
cost(8, 10, 425076).
cost(8, 11, 444791).
cost(8, 12, 94758).
cost(8, 13, 271653).
cost(8, 14, 729188).
cost(8, 15, 264523).
cost(8, 16, 163329).
cost(8, 17, 371388).
cost(8, 18, 227657).
cost(8, 19, 124283).
cost(8, 20, 617819).
cost(8, 21, 374582).
cost(8, 22, 298534).
cost(8, 23, 365077).
cost(9, 1, 604537).
cost(9, 2, 105286).
cost(9, 3, 598681).
cost(9, 4, 629078).
cost(9, 5, 306135).
cost(9, 6, 286464).
cost(9, 7, 150684).
cost(9, 8, 621840).
cost(9, 10, 269055).
cost(9, 11, 253455).
cost(9, 12, 686277).
cost(9, 13, 357146).
cost(9, 14, 124696).
cost(9, 15, 423630).
cost(9, 16, 460820).
cost(9, 17, 961053).
cost(9, 18, 400787).
cost(9, 19, 498185).
cost(9, 20, 305093).
cost(9, 21, 537921).
cost(9, 22, 407432).
cost(9, 23, 257878).
cost(10, 1, 370225).
cost(10, 2, 170418).
cost(10, 3, 548371).
cost(10, 4, 564922).
cost(10, 5, 361090).
cost(10, 6, 72937).
cost(10, 7, 136048).
cost(10, 8, 425076).
cost(10, 9, 269055).
cost(10, 11, 301063).
cost(10, 12, 509541).
cost(10, 13, 166149).
cost(10, 14, 393749).
cost(10, 15, 340269).
cost(10, 16, 267736).
cost(10, 17, 719821).
cost(10, 18, 260174).
cost(10, 19, 307037).
cost(10, 20, 467085).
cost(10, 21, 514877).
cost(10, 22, 347344).
cost(10, 23, 135132).
cost(11, 1, 473579).
cost(11, 2, 210001).
cost(11, 3, 346356).
cost(11, 4, 378264).
cost(11, 5, 63190).
cost(11, 6, 365404).
cost(11, 7, 293654).
cost(11, 8, 444791).
cost(11, 9, 253455).
cost(11, 10, 301063).
cost(11, 12, 485242).
cost(11, 13, 248232).
cost(11, 14, 318469).
cost(11, 15, 195650).
cost(11, 16, 310493).
cost(11, 17, 812854).
cost(11, 18, 222566).
cost(11, 19, 336298).
cost(11, 20, 190179).
cost(11, 21, 284469).
cost(11, 22, 169771).
cost(11, 23, 177747).
cost(12, 1, 211403).
cost(12, 2, 591384).
cost(12, 3, 305406).
cost(12, 4, 280135).
cost(12, 5, 481808).
cost(12, 6, 569611).
cost(12, 7, 622146).
cost(12, 8, 94758).
cost(12, 9, 686277).
cost(12, 10, 509541).
cost(12, 11, 485242).
cost(12, 13, 349185).
cost(12, 14, 786518).
cost(12, 15, 291854).
cost(12, 16, 242205).
cost(12, 17, 367862).
cost(12, 18, 285494).
cost(12, 19, 202596).
cost(12, 20, 643024).
cost(12, 21, 354215).
cost(12, 22, 322937).
cost(12, 23, 434848).
cost(13, 1, 249383).
cost(13, 2, 254194).
cost(13, 3, 397461).
cost(13, 4, 409115).
cost(13, 5, 290306).
cost(13, 6, 234545).
cost(13, 7, 273382).
cost(13, 8, 271653).
cost(13, 9, 357146).
cost(13, 10, 166149).
cost(13, 11, 248232).
cost(13, 12, 349185).
cost(13, 14, 472424).
cost(13, 15, 193914).
cost(13, 16, 108464).
cost(13, 17, 605150).
cost(13, 18, 100147).
cost(13, 19, 148117).
cost(13, 20, 438200).
cost(13, 21, 376268).
cost(13, 22, 211548).
cost(13, 23, 100845).
cost(14, 1, 721611).
cost(14, 2, 227817).
cost(14, 3, 659543).
cost(14, 4, 693611).
cost(14, 5, 355280).
cost(14, 6, 408203).
cost(14, 7, 271446).
cost(14, 8, 729188).
cost(14, 9, 124696).
cost(14, 10, 393749).
cost(14, 11, 318469).
cost(14, 12, 786518).
cost(14, 13, 472424).
cost(14, 15, 508458).
cost(14, 16, 571808).
cost(14, 17, 1077559).
cost(14, 18, 503136).
cost(14, 19, 607436).
cost(14, 20, 290854).
cost(14, 21, 591929).
cost(14, 22, 486394).
cost(14, 23, 371655).
cost(15, 1, 325146).
cost(15, 2, 345749).
cost(15, 3, 208104).
cost(15, 4, 226262).
cost(15, 5, 190943).
cost(15, 6, 413084).
cost(15, 7, 404757).
cost(15, 8, 264523).
cost(15, 9, 423630).
cost(15, 10, 340269).
cost(15, 11, 195650).
cost(15, 12, 291854).
cost(15, 13, 193914).
cost(15, 14, 508458).
cost(15, 16, 176959).
cost(15, 17, 635782).
cost(15, 18, 98830).
cost(15, 19, 182825).
cost(15, 20, 354475).
cost(15, 21, 182512).
cost(15, 22, 34270).
cost(15, 23, 214351).
cost(16, 1, 163118).
cost(16, 2, 359956).
cost(16, 3, 347957).
cost(16, 4, 349987).
cost(16, 5, 335547).
cost(16, 6, 330346).
cost(16, 7, 381690).
cost(16, 8, 163329).
cost(16, 9, 460820).
cost(16, 10, 267736).
cost(16, 11, 310493).
cost(16, 12, 242205).
cost(16, 13, 108464).
cost(16, 14, 571808).
cost(16, 15, 176959).
cost(16, 17, 509410).
cost(16, 18, 91297).
cost(16, 19, 39816).
cost(16, 20, 496732).
cost(16, 21, 346988).
cost(16, 22, 207431).
cost(16, 23, 203060).
cost(17, 1, 356518).
cost(17, 2, 856498).
cost(17, 3, 670960).
cost(17, 4, 642281).
cost(17, 5, 824523).
cost(17, 6, 752804).
cost(17, 7, 854344).
cost(17, 8, 371388).
cost(17, 9, 961053).
cost(17, 10, 719821).
cost(17, 11, 812854).
cost(17, 12, 367862).
cost(17, 13, 605150).
cost(17, 14, 1077559).
cost(17, 15, 635782).
cost(17, 16, 509410).
cost(17, 18, 591145).
cost(17, 19, 478142).
cost(17, 20, 989099).
cost(17, 21, 722075).
cost(17, 22, 669664).
cost(17, 23, 705908).
cost(18, 1, 253185).
cost(18, 2, 307454).
cost(18, 3, 297626).
cost(18, 4, 309007).
cost(18, 5, 244404).
cost(18, 6, 331213).
cost(18, 7, 348353).
cost(18, 8, 227657).
cost(18, 9, 400787).
cost(18, 10, 260174).
cost(18, 11, 222566).
cost(18, 12, 285494).
cost(18, 13, 100147).
cost(18, 14, 503136).
cost(18, 15, 98830).
cost(18, 16, 91297).
cost(18, 17, 591145).
cost(18, 19, 113732).
cost(18, 20, 406401).
cost(18, 21, 280421).
cost(18, 22, 123588).
cost(18, 23, 154184).
cost(19, 1, 143222).
cost(19, 2, 398239).
cost(19, 3, 332751).
cost(19, 4, 330661).
cost(19, 5, 355599).
cost(19, 6, 368588).
cost(19, 7, 421440).
cost(19, 8, 124283).
cost(19, 9, 498185).
cost(19, 10, 307037).
cost(19, 11, 336298).
cost(19, 12, 202596).
cost(19, 13, 148117).
cost(19, 14, 607436).
cost(19, 15, 182825).
cost(19, 16, 39816).
cost(19, 17, 478142).
cost(19, 18, 113732).
cost(19, 20, 518951).
cost(19, 21, 340079).
cost(19, 22, 215816).
cost(19, 23, 240942).
cost(20, 1, 659518).
cost(20, 2, 327272).
cost(20, 3, 427017).
cost(20, 4, 465419).
cost(20, 5, 164613).
cost(20, 6, 520878).
cost(20, 7, 415044).
cost(20, 8, 617819).
cost(20, 9, 305093).
cost(20, 10, 467085).
cost(20, 11, 190179).
cost(20, 12, 643024).
cost(20, 13, 438200).
cost(20, 14, 290854).
cost(20, 15, 354475).
cost(20, 16, 496732).
cost(20, 17, 989099).
cost(20, 18, 406401).
cost(20, 19, 518951).
cost(20, 21, 352982).
cost(20, 22, 321434).
cost(20, 23, 360318).
cost(21, 1, 469609).
cost(21, 2, 484250).
cost(21, 3, 74267).
cost(21, 4, 113157).
cost(21, 5, 236995).
cost(21, 6, 587685).
cost(21, 7, 557783).
cost(21, 8, 374582).
cost(21, 9, 537921).
cost(21, 10, 514877).
cost(21, 11, 284469).
cost(21, 12, 354215).
cost(21, 13, 376268).
cost(21, 14, 591929).
cost(21, 15, 182512).
cost(21, 16, 346988).
cost(21, 17, 722075).
cost(21, 18, 280421).
cost(21, 19, 340079).
cost(21, 20, 352982).
cost(21, 22, 167995).
cost(21, 23, 382194).
cost(22, 1, 358580).
cost(22, 2, 335781).
cost(22, 3, 205289).
cost(22, 4, 228674).
cost(22, 5, 158883).
cost(22, 6, 420246).
cost(22, 7, 400547).
cost(22, 8, 298534).
cost(22, 9, 407432).
cost(22, 10, 347344).
cost(22, 11, 169771).
cost(22, 12, 322937).
cost(22, 13, 211548).
cost(22, 14, 486394).
cost(22, 15, 34270).
cost(22, 16, 207431).
cost(22, 17, 669664).
cost(22, 18, 123588).
cost(22, 19, 215816).
cost(22, 20, 321434).
cost(22, 21, 167995).
cost(22, 23, 216296).
cost(23, 1, 350220).
cost(23, 2, 157447).
cost(23, 3, 420599).
cost(23, 4, 440571).
cost(23, 5, 232963).
cost(23, 6, 206845).
cost(23, 7, 194961).
cost(23, 8, 365077).
cost(23, 9, 257878).
cost(23, 10, 135132).
cost(23, 11, 177747).
cost(23, 12, 434848).
cost(23, 13, 100845).
cost(23, 14, 371655).
cost(23, 15, 214351).
cost(23, 16, 203060).
cost(23, 17, 705908).
cost(23, 18, 154184).
cost(23, 19, 240942).
cost(23, 20, 360318).
cost(23, 21, 382194).
cost(23, 22, 216296).
nocross(1,4).
nocross(1,8).
nocross(1,15).
nocross(1,16).
nocross(1,19).
nocross(2,5).
nocross(2,7).
nocross(2,9).
nocross(2,20).
nocross(2,23).
nocross(3,15).
nocross(3,21).
nocross(3,22).
nocross(4,15).
nocross(4,22).
nocross(5,2).
nocross(5,3).
nocross(5,4).
nocross(5,7).
nocross(5,14).
nocross(5,15).
nocross(5,20).
nocross(5,21).
nocross(5,22).
nocross(6,2).
nocross(6,7).
nocross(6,23).
nocross(7,9).
nocross(7,10).
nocross(7,16).
nocross(7,23).
nocross(8,1).
nocross(8,4).
nocross(8,15).
nocross(9,2).
nocross(9,5).
nocross(9,7).
nocross(9,20).
nocross(10,2).
nocross(10,7).
nocross(10,23).
nocross(11,2).
nocross(11,3).
nocross(11,7).
nocross(11,14).
nocross(11,15).
nocross(11,21).
nocross(11,22).
nocross(11,23).
nocross(12,4).
nocross(13,5).
nocross(13,7).
nocross(13,14).
nocross(13,15).
nocross(13,16).
nocross(13,18).
nocross(13,22).
nocross(13,23).
nocross(14,7).
nocross(14,20).
nocross(15,2).
nocross(15,4).
nocross(15,8).
nocross(15,21).
nocross(15,22).
nocross(15,23).
nocross(16,1).
nocross(16,4).
nocross(16,13).
nocross(16,15).
nocross(16,23).
nocross(17,1).
nocross(17,4).
nocross(17,8).
nocross(17,12).
nocross(17,16).
nocross(18,4).
nocross(18,5).
nocross(18,13).
nocross(18,16).
nocross(18,19).
nocross(18,23).
nocross(19,1).
nocross(19,4).
nocross(19,8).
nocross(19,15).
nocross(19,16).
nocross(19,23).
nocross(20,3).
nocross(20,14).
nocross(20,21).
nocross(21,4).
nocross(21,5).
nocross(21,15).
nocross(21,22).
nocross(22,3).
nocross(22,4).
nocross(22,5).
nocross(22,8).
nocross(22,15).
nocross(22,21).
nocross(22,23).
nocross(23,5).
nocross(23,7).
nocross(23,9).
nocross(23,10).
nocross(23,14).
nocross(23,15).
nocross(23,22).
