dimension(23).
point(1, 104925.0, 214282.0).
point(2, 2693.0, 32281.0).
point(3, -189791.0, -94202.0).
point(4, 135625.0, 250793.0).
point(5, -308677.0, -239452.0).
point(6, -42483.0, 111651.0).
point(7, -14127.0, 413519.0).
point(8, 290253.0, 160950.0).
point(9, 163217.0, 221646.0).
point(10, 116314.0, -10622.0).
point(11, 257149.0, -16486.0).
point(12, 313974.0, 259987.0).
point(13, 126774.0, -206980.0).
point(14, 90415.0, -22398.0).
point(15, -272520.0, 294932.0).
point(16, 393440.0, 576586.0).
point(17, -319513.0, -190655.0).
point(18, 185970.0, -14000.0).
point(19, -146626.0, -333405.0).
point(20, 61075.0, 15538.0).
point(21, 427785.0, -73129.0).
point(22, 138893.0, -194600.0).
point(23, -23064.0, -9670.0).
cost(1, 2, 208748).
cost(1, 3, 426638).
cost(1, 4, 47703).
cost(1, 5, 613955).
cost(1, 6, 179617).
cost(1, 7, 232096).
cost(1, 8, 192849).
cost(1, 9, 58755).
cost(1, 10, 225192).
cost(1, 11, 276453).
cost(1, 12, 213987).
cost(1, 13, 421828).
cost(1, 14, 237124).
cost(1, 15, 385965).
cost(1, 16, 463147).
cost(1, 17, 586619).
cost(1, 18, 242242).
cost(1, 19, 602693).
cost(1, 20, 203524).
cost(1, 21, 432254).
cost(1, 22, 410291).
cost(1, 23, 257945).
cost(2, 1, 208748).
cost(2, 3, 230322).
cost(2, 4, 255770).
cost(2, 5, 413268).
cost(2, 6, 91326).
cost(2, 7, 381609).
cost(2, 8, 315034).
cost(2, 9, 248248).
cost(2, 10, 121451).
cost(2, 11, 259087).
cost(2, 12, 385676).
cost(2, 13, 269522).
cost(2, 14, 103368).
cost(2, 15, 380431).
cost(2, 16, 670038).
cost(2, 17, 391813).
cost(2, 18, 189030).
cost(2, 19, 394997).
cost(2, 20, 60735).
cost(2, 21, 437966).
cost(2, 22, 264623).
cost(2, 23, 49227).
cost(3, 1, 426638).
cost(3, 2, 230322).
cost(3, 4, 474254).
cost(3, 5, 187700).
cost(3, 6, 253131).
cost(3, 7, 537251).
cost(3, 8, 543640).
cost(3, 9, 473682).
cost(3, 10, 317310).
cost(3, 11, 453646).
cost(3, 12, 615816).
cost(3, 13, 336054).
cost(3, 14, 289260).
cost(3, 15, 397831).
cost(3, 16, 888884).
cost(3, 17, 161651).
cost(3, 18, 384225).
cost(3, 19, 243066).
cost(3, 20, 273819).
cost(3, 21, 617935).
cost(3, 22, 343676).
cost(3, 23, 186932).
cost(4, 1, 47703).
cost(4, 2, 255770).
cost(4, 3, 474254).
cost(4, 5, 661623).
cost(4, 6, 226015).
cost(4, 7, 221146).
cost(4, 8, 178834).
cost(4, 9, 40136).
cost(4, 10, 262127).
cost(4, 11, 293609).
cost(4, 12, 178586).
cost(4, 13, 457859).
cost(4, 14, 276907).
cost(4, 15, 410525).
cost(4, 16, 415463).
cost(4, 17, 634056).
cost(4, 18, 269537).
cost(4, 19, 648809).
cost(4, 20, 246785).
cost(4, 21, 436214).
cost(4, 22, 445405).
cost(4, 23, 304997).
cost(5, 1, 613955).
cost(5, 2, 413268).
cost(5, 3, 187700).
cost(5, 4, 661623).
cost(5, 6, 440605).
cost(5, 7, 716332).
cost(5, 8, 720444).
cost(5, 9, 659769).
cost(5, 10, 482681).
cost(5, 11, 608172).
cost(5, 12, 798206).
cost(5, 13, 436660).
cost(5, 14, 454298).
cost(5, 15, 535606).
cost(5, 16, 1076516).
cost(5, 17, 49986).
cost(5, 18, 543603).
cost(5, 19, 187317).
cost(5, 20, 449151).
cost(5, 21, 755010).
cost(5, 22, 449812).
cost(5, 23, 366571).
cost(6, 1, 179617).
cost(6, 2, 91326).
cost(6, 3, 253131).
cost(6, 4, 226015).
cost(6, 5, 440605).
cost(6, 7, 303197).
cost(6, 8, 336368).
cost(6, 9, 233262).
cost(6, 10, 200417).
cost(6, 11, 325881).
cost(6, 12, 386090).
cost(6, 13, 360796).
cost(6, 14, 188762).
cost(6, 15, 294124).
cost(6, 16, 637333).
cost(6, 17, 410042).
cost(6, 18, 260728).
cost(6, 19, 457078).
cost(6, 20, 141287).
cost(6, 21, 505268).
cost(6, 22, 355931).
cost(6, 23, 122865).
cost(7, 1, 232096).
cost(7, 2, 381609).
cost(7, 3, 537251).
cost(7, 4, 221146).
cost(7, 5, 716332).
cost(7, 6, 303197).
cost(7, 8, 395523).
cost(7, 9, 261278).
cost(7, 10, 443746).
cost(7, 11, 508424).
cost(7, 12, 362246).
cost(7, 13, 636296).
cost(7, 14, 448277).
cost(7, 15, 284306).
cost(7, 16, 438978).
cost(7, 17, 676969).
cost(7, 18, 472029).
cost(7, 19, 758585).
cost(7, 20, 405024).
cost(7, 21, 657353).
cost(7, 22, 627076).
cost(7, 23, 423283).
cost(8, 1, 192849).
cost(8, 2, 315034).
cost(8, 3, 543640).
cost(8, 4, 178834).
cost(8, 5, 720444).
cost(8, 6, 336368).
cost(8, 7, 395523).
cost(8, 9, 140791).
cost(8, 10, 244319).
cost(8, 11, 180498).
cost(8, 12, 101838).
cost(8, 13, 402614).
cost(8, 14, 271204).
cost(8, 15, 578502).
cost(8, 16, 428253).
cost(8, 17, 703875).
cost(8, 18, 203672).
cost(8, 19, 659735).
cost(8, 20, 271417).
cost(8, 21, 271492).
cost(8, 22, 386427).
cost(8, 23, 356761).
cost(9, 1, 58755).
cost(9, 2, 248248).
cost(9, 3, 473682).
cost(9, 4, 40136).
cost(9, 5, 659769).
cost(9, 6, 233262).
cost(9, 7, 261278).
cost(9, 8, 140791).
cost(9, 10, 236956).
cost(9, 11, 255988).
cost(9, 12, 155556).
cost(9, 13, 430172).
cost(9, 14, 254672).
cost(9, 15, 441857).
cost(9, 16, 423066).
cost(9, 17, 634839).
cost(9, 18, 236742).
cost(9, 19, 635676).
cost(9, 20, 230029).
cost(9, 21, 396092).
cost(9, 22, 416956).
cost(9, 23, 296998).
cost(10, 1, 225192).
cost(10, 2, 121451).
cost(10, 3, 317310).
cost(10, 4, 262127).
cost(10, 5, 482681).
cost(10, 6, 200417).
cost(10, 7, 443746).
cost(10, 8, 244319).
cost(10, 9, 236956).
cost(10, 11, 140957).
cost(10, 12, 335110).
cost(10, 13, 196636).
cost(10, 14, 28451).
cost(10, 15, 494525).
cost(10, 16, 649317).
cost(10, 17, 471548).
cost(10, 18, 69738).
cost(10, 19, 416325).
cost(10, 20, 61120).
cost(10, 21, 317681).
cost(10, 22, 185358).
cost(10, 23, 139381).
cost(11, 1, 276453).
cost(11, 2, 259087).
cost(11, 3, 453646).
cost(11, 4, 293609).
cost(11, 5, 608172).
cost(11, 6, 325881).
cost(11, 7, 508424).
cost(11, 8, 180498).
cost(11, 9, 255988).
cost(11, 10, 140957).
cost(11, 12, 282252).
cost(11, 13, 230837).
cost(11, 14, 166839).
cost(11, 15, 614435).
cost(11, 16, 608531).
cost(11, 17, 602390).
cost(11, 18, 71222).
cost(11, 19, 513295).
cost(11, 20, 198672).
cost(11, 21, 179792).
cost(11, 22, 213797).
cost(11, 23, 280296).
cost(12, 1, 213987).
cost(12, 2, 385676).
cost(12, 3, 615816).
cost(12, 4, 178586).
cost(12, 5, 798206).
cost(12, 6, 386090).
cost(12, 7, 362246).
cost(12, 8, 101838).
cost(12, 9, 155556).
cost(12, 10, 335110).
cost(12, 11, 282252).
cost(12, 13, 503092).
cost(12, 14, 360167).
cost(12, 15, 587534).
cost(12, 16, 326420).
cost(12, 17, 777421).
cost(12, 18, 302413).
cost(12, 19, 751177).
cost(12, 20, 351729).
cost(12, 21, 352022).
cost(12, 22, 487137).
cost(12, 23, 431636).
cost(13, 1, 421828).
cost(13, 2, 269522).
cost(13, 3, 336054).
cost(13, 4, 457859).
cost(13, 5, 436660).
cost(13, 6, 360796).
cost(13, 7, 636296).
cost(13, 8, 402614).
cost(13, 9, 430172).
cost(13, 10, 196636).
cost(13, 11, 230837).
cost(13, 12, 503092).
cost(13, 14, 188129).
cost(13, 15, 641367).
cost(13, 16, 827699).
cost(13, 17, 446585).
cost(13, 18, 201855).
cost(13, 19, 301216).
cost(13, 20, 232014).
cost(13, 21, 329429).
cost(13, 22, 17324).
cost(13, 23, 247755).
cost(14, 1, 237124).
cost(14, 2, 103368).
cost(14, 3, 289260).
cost(14, 4, 276907).
cost(14, 5, 454298).
cost(14, 6, 188762).
cost(14, 7, 448277).
cost(14, 8, 271204).
cost(14, 9, 254672).
cost(14, 10, 28451).
cost(14, 11, 166839).
cost(14, 12, 360167).
cost(14, 13, 188129).
cost(14, 15, 482100).
cost(14, 16, 671272).
cost(14, 17, 443116).
cost(14, 18, 95923).
cost(14, 19, 391042).
cost(14, 20, 47958).
cost(14, 21, 341163).
cost(14, 22, 178896).
cost(14, 23, 114191).
cost(15, 1, 385965).
cost(15, 2, 380431).
cost(15, 3, 397831).
cost(15, 4, 410525).
cost(15, 5, 535606).
cost(15, 6, 294124).
cost(15, 7, 284306).
cost(15, 8, 578502).
cost(15, 9, 441857).
cost(15, 10, 494525).
cost(15, 11, 614435).
cost(15, 12, 587534).
cost(15, 13, 641367).
cost(15, 14, 482100).
cost(15, 16, 723071).
cost(15, 17, 487856).
cost(15, 18, 552858).
cost(15, 19, 640825).
cost(15, 20, 435140).
cost(15, 21, 791136).
cost(15, 22, 639455).
cost(15, 23, 393714).
cost(16, 1, 463147).
cost(16, 2, 670038).
cost(16, 3, 888884).
cost(16, 4, 415463).
cost(16, 5, 1076516).
cost(16, 6, 637333).
cost(16, 7, 438978).
cost(16, 8, 428253).
cost(16, 9, 423066).
cost(16, 10, 649317).
cost(16, 11, 608531).
cost(16, 12, 326420).
cost(16, 13, 827699).
cost(16, 14, 671272).
cost(16, 15, 723071).
cost(16, 17, 1047359).
cost(16, 18, 625968).
cost(16, 19, 1058185).
cost(16, 20, 652105).
cost(16, 21, 650622).
cost(16, 22, 812110).
cost(16, 23, 719146).
cost(17, 1, 586619).
cost(17, 2, 391813).
cost(17, 3, 161651).
cost(17, 4, 634056).
cost(17, 5, 49986).
cost(17, 6, 410042).
cost(17, 7, 676969).
cost(17, 8, 703875).
cost(17, 9, 634839).
cost(17, 10, 471548).
cost(17, 11, 602390).
cost(17, 12, 777421).
cost(17, 13, 446585).
cost(17, 14, 443116).
cost(17, 15, 487856).
cost(17, 16, 1047359).
cost(17, 18, 535462).
cost(17, 19, 224204).
cost(17, 20, 432854).
cost(17, 21, 756483).
cost(17, 22, 458423).
cost(17, 23, 347329).
cost(18, 1, 242242).
cost(18, 2, 189030).
cost(18, 3, 384225).
cost(18, 4, 269537).
cost(18, 5, 543603).
cost(18, 6, 260728).
cost(18, 7, 472029).
cost(18, 8, 203672).
cost(18, 9, 236742).
cost(18, 10, 69738).
cost(18, 11, 71222).
cost(18, 12, 302413).
cost(18, 13, 201855).
cost(18, 14, 95923).
cost(18, 15, 552858).
cost(18, 16, 625968).
cost(18, 17, 535462).
cost(18, 19, 461129).
cost(18, 20, 128340).
cost(18, 21, 248939).
cost(18, 22, 186635).
cost(18, 23, 209079).
cost(19, 1, 602693).
cost(19, 2, 394997).
cost(19, 3, 243066).
cost(19, 4, 648809).
cost(19, 5, 187317).
cost(19, 6, 457078).
cost(19, 7, 758585).
cost(19, 8, 659735).
cost(19, 9, 635676).
cost(19, 10, 416325).
cost(19, 11, 513295).
cost(19, 12, 751177).
cost(19, 13, 301216).
cost(19, 14, 391042).
cost(19, 15, 640825).
cost(19, 16, 1058185).
cost(19, 17, 224204).
cost(19, 18, 461129).
cost(19, 20, 406080).
cost(19, 21, 630628).
cost(19, 22, 317471).
cost(19, 23, 346514).
cost(20, 1, 203524).
cost(20, 2, 60735).
cost(20, 3, 273819).
cost(20, 4, 246785).
cost(20, 5, 449151).
cost(20, 6, 141287).
cost(20, 7, 405024).
cost(20, 8, 271417).
cost(20, 9, 230029).
cost(20, 10, 61120).
cost(20, 11, 198672).
cost(20, 12, 351729).
cost(20, 13, 232014).
cost(20, 14, 47958).
cost(20, 15, 435140).
cost(20, 16, 652105).
cost(20, 17, 432854).
cost(20, 18, 128340).
cost(20, 19, 406080).
cost(20, 21, 377277).
cost(20, 22, 224084).
cost(20, 23, 87834).
cost(21, 1, 432254).
cost(21, 2, 437966).
cost(21, 3, 617935).
cost(21, 4, 436214).
cost(21, 5, 755010).
cost(21, 6, 505268).
cost(21, 7, 657353).
cost(21, 8, 271492).
cost(21, 9, 396092).
cost(21, 10, 317681).
cost(21, 11, 179792).
cost(21, 12, 352022).
cost(21, 13, 329429).
cost(21, 14, 341163).
cost(21, 15, 791136).
cost(21, 16, 650622).
cost(21, 17, 756483).
cost(21, 18, 248939).
cost(21, 19, 630628).
cost(21, 20, 377277).
cost(21, 22, 313391).
cost(21, 23, 455293).
cost(22, 1, 410291).
cost(22, 2, 264623).
cost(22, 3, 343676).
cost(22, 4, 445405).
cost(22, 5, 449812).
cost(22, 6, 355931).
cost(22, 7, 627076).
cost(22, 8, 386427).
cost(22, 9, 416956).
cost(22, 10, 185358).
cost(22, 11, 213797).
cost(22, 12, 487137).
cost(22, 13, 17324).
cost(22, 14, 178896).
cost(22, 15, 639455).
cost(22, 16, 812110).
cost(22, 17, 458423).
cost(22, 18, 186635).
cost(22, 19, 317471).
cost(22, 20, 224084).
cost(22, 21, 313391).
cost(22, 23, 245823).
cost(23, 1, 257945).
cost(23, 2, 49227).
cost(23, 3, 186932).
cost(23, 4, 304997).
cost(23, 5, 366571).
cost(23, 6, 122865).
cost(23, 7, 423283).
cost(23, 8, 356761).
cost(23, 9, 296998).
cost(23, 10, 139381).
cost(23, 11, 280296).
cost(23, 12, 431636).
cost(23, 13, 247755).
cost(23, 14, 114191).
cost(23, 15, 393714).
cost(23, 16, 719146).
cost(23, 17, 347329).
cost(23, 18, 209079).
cost(23, 19, 346514).
cost(23, 20, 87834).
cost(23, 21, 455293).
cost(23, 22, 245823).
nocross(1,6).
nocross(1,10).
nocross(1,11).
nocross(1,18).
nocross(2,6).
nocross(2,11).
nocross(2,14).
nocross(2,20).
nocross(2,23).
nocross(3,2).
nocross(3,5).
nocross(3,6).
nocross(3,13).
nocross(3,14).
nocross(3,17).
nocross(3,19).
nocross(3,22).
nocross(3,23).
nocross(4,1).
nocross(4,6).
nocross(4,10).
nocross(4,11).
nocross(4,12).
nocross(4,18).
nocross(4,20).
nocross(5,3).
nocross(5,13).
nocross(5,23).
nocross(6,2).
nocross(6,3).
nocross(6,11).
nocross(6,23).
nocross(7,1).
nocross(7,6).
nocross(7,10).
nocross(7,12).
nocross(8,10).
nocross(8,11).
nocross(8,12).
nocross(8,18).
nocross(8,20).
nocross(8,21).
nocross(9,6).
nocross(9,10).
nocross(9,11).
nocross(9,18).
nocross(9,20).
nocross(10,14).
nocross(10,18).
nocross(10,22).
nocross(11,8).
nocross(11,14).
nocross(11,18).
nocross(11,21).
nocross(11,22).
nocross(12,4).
nocross(12,8).
nocross(12,9).
nocross(12,10).
nocross(12,11).
nocross(12,18).
nocross(13,10).
nocross(13,11).
nocross(13,14).
nocross(13,17).
nocross(13,18).
nocross(13,19).
nocross(13,22).
nocross(13,23).
nocross(14,2).
nocross(14,10).
nocross(14,18).
nocross(14,20).
nocross(14,21).
nocross(14,22).
nocross(14,23).
nocross(15,3).
nocross(15,6).
nocross(15,7).
nocross(15,17).
nocross(15,23).
nocross(16,8).
nocross(16,12).
nocross(17,5).
nocross(17,6).
nocross(17,19).
nocross(17,23).
nocross(18,8).
nocross(18,10).
nocross(18,11).
nocross(18,14).
nocross(18,22).
nocross(19,3).
nocross(19,5).
nocross(19,13).
nocross(19,17).
nocross(19,22).
nocross(19,23).
nocross(20,2).
nocross(20,6).
nocross(20,10).
nocross(20,11).
nocross(20,14).
nocross(20,18).
nocross(21,8).
nocross(21,11).
nocross(21,12).
nocross(21,18).
nocross(21,22).
nocross(22,2).
nocross(22,10).
nocross(22,11).
nocross(22,13).
nocross(22,14).
nocross(22,18).
nocross(22,21).
nocross(22,23).
nocross(23,2).
nocross(23,3).
nocross(23,6).
nocross(23,10).
nocross(23,13).
nocross(23,14).
nocross(23,20).
nocross(23,22).
