dimension(23).
point(1, -140465.0, -286605.0).
point(2, -101810.0, -119383.0).
point(3, -45609.0, 37948.0).
point(4, -15683.0, -90256.0).
point(5, -337087.0, 100186.0).
point(6, -137557.0, -219693.0).
point(7, -287781.0, 81178.0).
point(8, 187248.0, 229208.0).
point(9, 234929.0, -119432.0).
point(10, -123446.0, -127105.0).
point(11, 37987.0, 99518.0).
point(12, -118364.0, -35507.0).
point(13, 24418.0, -7479.0).
point(14, -244887.0, 373419.0).
point(15, -76941.0, 70676.0).
point(16, -102750.0, -1235.0).
point(17, -35729.0, 12911.0).
point(18, -190981.0, 201871.0).
point(19, 2251.0, 247303.0).
point(20, 7094.0, -264198.0).
point(21, 91887.0, 185614.0).
point(22, 12714.0, 86023.0).
point(23, 271624.0, 16132.0).
cost(1, 2, 171632).
cost(1, 3, 338131).
cost(1, 4, 232645).
cost(1, 5, 433898).
cost(1, 6, 66975).
cost(1, 7, 396190).
cost(1, 8, 611113).
cost(1, 9, 410935).
cost(1, 10, 160405).
cost(1, 11, 425366).
cost(1, 12, 252069).
cost(1, 13, 324188).
cost(1, 14, 668233).
cost(1, 15, 362884).
cost(1, 16, 287851).
cost(1, 17, 317300).
cost(1, 18, 491081).
cost(1, 19, 552653).
cost(1, 20, 149251).
cost(1, 21, 526287).
cost(1, 22, 402884).
cost(1, 23, 511338).
cost(2, 1, 171632).
cost(2, 3, 167068).
cost(2, 4, 90919).
cost(2, 5, 321816).
cost(2, 6, 106489).
cost(2, 7, 273514).
cost(2, 8, 452847).
cost(2, 9, 336739).
cost(2, 10, 22973).
cost(2, 11, 259732).
cost(2, 12, 85494).
cost(2, 13, 168689).
cost(2, 14, 513152).
cost(2, 15, 191679).
cost(2, 16, 118152).
cost(2, 17, 147880).
cost(2, 18, 333400).
cost(2, 19, 381166).
cost(2, 20, 181195).
cost(2, 21, 361306).
cost(2, 22, 235175).
cost(2, 23, 397262).
cost(3, 1, 338131).
cost(3, 2, 167068).
cost(3, 4, 131650).
cost(3, 5, 298049).
cost(3, 6, 273557).
cost(3, 7, 246000).
cost(3, 8, 301335).
cost(3, 9, 321668).
cost(3, 10, 182486).
cost(3, 11, 103823).
cost(3, 12, 103387).
cost(3, 13, 83471).
cost(3, 14, 390195).
cost(3, 15, 45308).
cost(3, 16, 69285).
cost(3, 17, 26916).
cost(3, 18, 219098).
cost(3, 19, 214756).
cost(3, 20, 306708).
cost(3, 21, 201768).
cost(3, 22, 75583).
cost(3, 23, 317982).
cost(4, 1, 232645).
cost(4, 2, 90919).
cost(4, 3, 131650).
cost(4, 5, 373589).
cost(4, 6, 177784).
cost(4, 7, 321601).
cost(4, 8, 378468).
cost(4, 9, 252305).
cost(4, 10, 113889).
cost(4, 11, 197217).
cost(4, 12, 116365).
cost(4, 13, 91979).
cost(4, 14, 517232).
cost(4, 15, 172197).
cost(4, 16, 124521).
cost(4, 17, 105096).
cost(4, 18, 340687).
cost(4, 19, 338035).
cost(4, 20, 175427).
cost(4, 21, 296101).
cost(4, 22, 178552).
cost(4, 23, 306372).
cost(5, 1, 433898).
cost(5, 2, 321816).
cost(5, 3, 298049).
cost(5, 4, 373589).
cost(5, 6, 377008).
cost(5, 7, 52843).
cost(5, 8, 539976).
cost(5, 9, 612727).
cost(5, 10, 311935).
cost(5, 11, 375075).
cost(5, 12, 257395).
cost(5, 13, 377197).
cost(5, 14, 288370).
cost(5, 15, 261814).
cost(5, 16, 255343).
cost(5, 17, 313741).
cost(5, 18, 178008).
cost(5, 19, 369856).
cost(5, 20, 501235).
cost(5, 21, 437398).
cost(5, 22, 350088).
cost(5, 23, 614487).
cost(6, 1, 66975).
cost(6, 2, 106489).
cost(6, 3, 273557).
cost(6, 4, 177784).
cost(6, 5, 377008).
cost(6, 7, 336289).
cost(6, 8, 554085).
cost(6, 9, 385744).
cost(6, 10, 93657).
cost(6, 11, 364296).
cost(6, 12, 185183).
cost(6, 13, 266966).
cost(6, 14, 602745).
cost(6, 15, 296628).
cost(6, 16, 221214).
cost(6, 17, 253916).
cost(6, 18, 424936).
cost(6, 19, 487475).
cost(6, 20, 151343).
cost(6, 21, 465745).
cost(6, 22, 340652).
cost(6, 23, 472274).
cost(7, 1, 396190).
cost(7, 2, 273514).
cost(7, 3, 246000).
cost(7, 4, 321601).
cost(7, 5, 52843).
cost(7, 6, 336289).
cost(7, 8, 497559).
cost(7, 9, 559884).
cost(7, 10, 265307).
cost(7, 11, 326284).
cost(7, 12, 205712).
cost(7, 13, 324543).
cost(7, 14, 295372).
cost(7, 15, 211101).
cost(7, 16, 202555).
cost(7, 17, 261133).
cost(7, 18, 154716).
cost(7, 19, 334240).
cost(7, 20, 454132).
cost(7, 21, 393770).
cost(7, 22, 300534).
cost(7, 23, 563174).
cost(8, 1, 611113).
cost(8, 2, 452847).
cost(8, 3, 301335).
cost(8, 4, 378468).
cost(8, 5, 539976).
cost(8, 6, 554085).
cost(8, 7, 497559).
cost(8, 9, 351885).
cost(8, 10, 472747).
cost(8, 11, 197733).
cost(8, 12, 404318).
cost(8, 13, 287288).
cost(8, 14, 455563).
cost(8, 15, 308104).
cost(8, 16, 370409).
cost(8, 17, 310650).
cost(8, 18, 379216).
cost(8, 19, 185880).
cost(8, 20, 525267).
cost(8, 21, 104853).
cost(8, 22, 225752).
cost(8, 23, 229174).
cost(9, 1, 410935).
cost(9, 2, 336739).
cost(9, 3, 321668).
cost(9, 4, 252305).
cost(9, 5, 612727).
cost(9, 6, 385744).
cost(9, 7, 559884).
cost(9, 8, 351885).
cost(9, 10, 358457).
cost(9, 11, 294492).
cost(9, 12, 363124).
cost(9, 13, 238429).
cost(9, 14, 687841).
cost(9, 15, 365245).
cost(9, 16, 357768).
cost(9, 17, 301281).
cost(9, 18, 533512).
cost(9, 19, 434320).
cost(9, 20, 269937).
cost(9, 21, 336919).
cost(9, 22, 302640).
cost(9, 23, 140443).
cost(10, 1, 160405).
cost(10, 2, 22973).
cost(10, 3, 182486).
cost(10, 4, 113889).
cost(10, 5, 311935).
cost(10, 6, 93657).
cost(10, 7, 265307).
cost(10, 8, 472747).
cost(10, 9, 358457).
cost(10, 11, 278242).
cost(10, 12, 91739).
cost(10, 13, 190195).
cost(10, 14, 515046).
cost(10, 15, 203175).
cost(10, 16, 127560).
cost(10, 17, 165223).
cost(10, 18, 335837).
cost(10, 19, 394944).
cost(10, 20, 189302).
cost(10, 21, 379686).
cost(10, 22, 252909).
cost(10, 23, 420235).
cost(11, 1, 425366).
cost(11, 2, 259732).
cost(11, 3, 103823).
cost(11, 4, 197217).
cost(11, 5, 375075).
cost(11, 6, 364296).
cost(11, 7, 326284).
cost(11, 8, 197733).
cost(11, 9, 294492).
cost(11, 10, 278242).
cost(11, 12, 206585).
cost(11, 13, 107854).
cost(11, 14, 393751).
cost(11, 15, 118492).
cost(11, 16, 173084).
cost(11, 17, 113731).
cost(11, 18, 250804).
cost(11, 19, 152044).
cost(11, 20, 365026).
cost(11, 21, 101576).
cost(11, 22, 28650).
cost(11, 23, 248072).
cost(12, 1, 252069).
cost(12, 2, 85494).
cost(12, 3, 103387).
cost(12, 4, 116365).
cost(12, 5, 257395).
cost(12, 6, 185183).
cost(12, 7, 205712).
cost(12, 8, 404318).
cost(12, 9, 363124).
cost(12, 10, 91739).
cost(12, 11, 206585).
cost(12, 13, 145507).
cost(12, 14, 428052).
cost(12, 15, 113977).
cost(12, 16, 37661).
cost(12, 17, 95775).
cost(12, 18, 248237).
cost(12, 19, 307456).
cost(12, 20, 260843).
cost(12, 21, 305123).
cost(12, 22, 178748).
cost(12, 23, 393392).
cost(13, 1, 324188).
cost(13, 2, 168689).
cost(13, 3, 83471).
cost(13, 4, 91979).
cost(13, 5, 377197).
cost(13, 6, 266966).
cost(13, 7, 324543).
cost(13, 8, 287288).
cost(13, 9, 238429).
cost(13, 10, 190195).
cost(13, 11, 107854).
cost(13, 12, 145507).
cost(13, 14, 466485).
cost(13, 15, 127992).
cost(13, 16, 127321).
cost(13, 17, 63509).
cost(13, 18, 300373).
cost(13, 19, 255744).
cost(13, 20, 257303).
cost(13, 21, 204541).
cost(13, 22, 94232).
cost(13, 23, 248331).
cost(14, 1, 668233).
cost(14, 2, 513152).
cost(14, 3, 390195).
cost(14, 4, 517232).
cost(14, 5, 288370).
cost(14, 6, 602745).
cost(14, 7, 295372).
cost(14, 8, 455563).
cost(14, 9, 687841).
cost(14, 10, 515046).
cost(14, 11, 393751).
cost(14, 12, 428052).
cost(14, 13, 466485).
cost(14, 15, 346207).
cost(14, 16, 400710).
cost(14, 17, 416789).
cost(14, 18, 179818).
cost(14, 19, 277457).
cost(14, 20, 685602).
cost(14, 21, 385600).
cost(14, 22, 385947).
cost(14, 23, 628043).
cost(15, 1, 362884).
cost(15, 2, 191679).
cost(15, 3, 45308).
cost(15, 4, 172197).
cost(15, 5, 261814).
cost(15, 6, 296628).
cost(15, 7, 211101).
cost(15, 8, 308104).
cost(15, 9, 365245).
cost(15, 10, 203175).
cost(15, 11, 118492).
cost(15, 12, 113977).
cost(15, 13, 127992).
cost(15, 14, 346207).
cost(15, 16, 76402).
cost(15, 17, 70959).
cost(15, 18, 173831).
cost(15, 19, 193568).
cost(15, 20, 345257).
cost(15, 21, 204239).
cost(15, 22, 90959).
cost(15, 23, 352807).
cost(16, 1, 287851).
cost(16, 2, 118152).
cost(16, 3, 69285).
cost(16, 4, 124521).
cost(16, 5, 255343).
cost(16, 6, 221214).
cost(16, 7, 202555).
cost(16, 8, 370409).
cost(16, 9, 357768).
cost(16, 10, 127560).
cost(16, 11, 173084).
cost(16, 12, 37661).
cost(16, 13, 127321).
cost(16, 14, 400710).
cost(16, 15, 76402).
cost(16, 17, 68498).
cost(16, 18, 221442).
cost(16, 19, 269808).
cost(16, 20, 284983).
cost(16, 21, 269808).
cost(16, 22, 144727).
cost(16, 23, 374777).
cost(17, 1, 317300).
cost(17, 2, 147880).
cost(17, 3, 26916).
cost(17, 4, 105096).
cost(17, 5, 313741).
cost(17, 6, 253916).
cost(17, 7, 261133).
cost(17, 8, 310650).
cost(17, 9, 301281).
cost(17, 10, 165223).
cost(17, 11, 113731).
cost(17, 12, 95775).
cost(17, 13, 63509).
cost(17, 14, 416789).
cost(17, 15, 70959).
cost(17, 16, 68498).
cost(17, 18, 244559).
cost(17, 19, 237449).
cost(17, 20, 280398).
cost(17, 21, 214737).
cost(17, 22, 87705).
cost(17, 23, 307370).
cost(18, 1, 491081).
cost(18, 2, 333400).
cost(18, 3, 219098).
cost(18, 4, 340687).
cost(18, 5, 178008).
cost(18, 6, 424936).
cost(18, 7, 154716).
cost(18, 8, 379216).
cost(18, 9, 533512).
cost(18, 10, 335837).
cost(18, 11, 250804).
cost(18, 12, 248237).
cost(18, 13, 300373).
cost(18, 14, 179818).
cost(18, 15, 173831).
cost(18, 16, 221442).
cost(18, 17, 244559).
cost(18, 19, 198501).
cost(18, 20, 506413).
cost(18, 21, 283335).
cost(18, 22, 234334).
cost(18, 23, 498500).
cost(19, 1, 552653).
cost(19, 2, 381166).
cost(19, 3, 214756).
cost(19, 4, 338035).
cost(19, 5, 369856).
cost(19, 6, 487475).
cost(19, 7, 334240).
cost(19, 8, 185880).
cost(19, 9, 434320).
cost(19, 10, 394944).
cost(19, 11, 152044).
cost(19, 12, 307456).
cost(19, 13, 255744).
cost(19, 14, 277457).
cost(19, 15, 193568).
cost(19, 16, 269808).
cost(19, 17, 237449).
cost(19, 18, 198501).
cost(19, 20, 511524).
cost(19, 21, 108812).
cost(19, 22, 161619).
cost(19, 23, 354967).
cost(20, 1, 149251).
cost(20, 2, 181195).
cost(20, 3, 306708).
cost(20, 4, 175427).
cost(20, 5, 501235).
cost(20, 6, 151343).
cost(20, 7, 454132).
cost(20, 8, 525267).
cost(20, 9, 269937).
cost(20, 10, 189302).
cost(20, 11, 365026).
cost(20, 12, 260843).
cost(20, 13, 257303).
cost(20, 14, 685602).
cost(20, 15, 345257).
cost(20, 16, 284983).
cost(20, 17, 280398).
cost(20, 18, 506413).
cost(20, 19, 511524).
cost(20, 21, 457734).
cost(20, 22, 350266).
cost(20, 23, 385436).
cost(21, 1, 526287).
cost(21, 2, 361306).
cost(21, 3, 201768).
cost(21, 4, 296101).
cost(21, 5, 437398).
cost(21, 6, 465745).
cost(21, 7, 393770).
cost(21, 8, 104853).
cost(21, 9, 336919).
cost(21, 10, 379686).
cost(21, 11, 101576).
cost(21, 12, 305123).
cost(21, 13, 204541).
cost(21, 14, 385600).
cost(21, 15, 204239).
cost(21, 16, 269808).
cost(21, 17, 214737).
cost(21, 18, 283335).
cost(21, 19, 108812).
cost(21, 20, 457734).
cost(21, 22, 127227).
cost(21, 23, 247042).
cost(22, 1, 402884).
cost(22, 2, 235175).
cost(22, 3, 75583).
cost(22, 4, 178552).
cost(22, 5, 350088).
cost(22, 6, 340652).
cost(22, 7, 300534).
cost(22, 8, 225752).
cost(22, 9, 302640).
cost(22, 10, 252909).
cost(22, 11, 28650).
cost(22, 12, 178748).
cost(22, 13, 94232).
cost(22, 14, 385947).
cost(22, 15, 90959).
cost(22, 16, 144727).
cost(22, 17, 87705).
cost(22, 18, 234334).
cost(22, 19, 161619).
cost(22, 20, 350266).
cost(22, 21, 127227).
cost(22, 23, 268177).
cost(23, 1, 511338).
cost(23, 2, 397262).
cost(23, 3, 317982).
cost(23, 4, 306372).
cost(23, 5, 614487).
cost(23, 6, 472274).
cost(23, 7, 563174).
cost(23, 8, 229174).
cost(23, 9, 140443).
cost(23, 10, 420235).
cost(23, 11, 248072).
cost(23, 12, 393392).
cost(23, 13, 248331).
cost(23, 14, 628043).
cost(23, 15, 352807).
cost(23, 16, 374777).
cost(23, 17, 307370).
cost(23, 18, 498500).
cost(23, 19, 354967).
cost(23, 20, 385436).
cost(23, 21, 247042).
cost(23, 22, 268177).
nocross(1,2).
nocross(1,6).
nocross(1,10).
nocross(2,1).
nocross(2,3).
nocross(2,4).
nocross(2,10).
nocross(2,12).
nocross(2,13).
nocross(2,15).
nocross(2,17).
nocross(3,1).
nocross(3,2).
nocross(3,12).
nocross(3,15).
nocross(3,16).
nocross(3,17).
nocross(3,19).
nocross(4,1).
nocross(4,2).
nocross(4,3).
nocross(4,9).
nocross(4,10).
nocross(4,12).
nocross(4,13).
nocross(4,16).
nocross(4,17).
nocross(5,7).
nocross(5,16).
nocross(5,18).
nocross(6,1).
nocross(6,2).
nocross(6,10).
nocross(6,13).
nocross(7,3).
nocross(7,5).
nocross(7,10).
nocross(7,12).
nocross(7,15).
nocross(7,16).
nocross(7,19).
nocross(8,19).
nocross(8,21).
nocross(8,22).
nocross(8,23).
nocross(9,4).
nocross(9,23).
nocross(10,1).
nocross(10,2).
nocross(10,3).
nocross(10,4).
nocross(10,6).
nocross(10,12).
nocross(10,13).
nocross(11,3).
nocross(11,8).
nocross(11,13).
nocross(11,15).
nocross(11,17).
nocross(11,19).
nocross(11,21).
nocross(11,22).
nocross(11,23).
nocross(12,2).
nocross(12,3).
nocross(12,4).
nocross(12,6).
nocross(12,10).
nocross(12,15).
nocross(12,17).
nocross(13,1).
nocross(13,2).
nocross(13,12).
nocross(13,22).
nocross(14,3).
nocross(14,5).
nocross(14,7).
nocross(14,18).
nocross(14,19).
nocross(15,2).
nocross(15,3).
nocross(15,16).
nocross(15,19).
nocross(15,22).
nocross(16,2).
nocross(16,3).
nocross(16,10).
nocross(16,12).
nocross(16,15).
nocross(16,17).
nocross(17,1).
nocross(17,2).
nocross(17,3).
nocross(17,15).
nocross(17,16).
nocross(18,5).
nocross(18,7).
nocross(18,10).
nocross(18,14).
nocross(18,15).
nocross(18,16).
nocross(18,19).
nocross(19,3).
nocross(19,11).
nocross(19,14).
nocross(19,15).
nocross(19,21).
nocross(19,22).
nocross(20,1).
nocross(20,2).
nocross(20,6).
nocross(20,10).
nocross(21,3).
nocross(21,8).
nocross(21,11).
nocross(21,13).
nocross(21,15).
nocross(21,19).
nocross(21,22).
nocross(21,23).
nocross(22,1).
nocross(22,3).
nocross(22,13).
nocross(22,15).
nocross(22,17).
nocross(22,19).
nocross(23,1).
nocross(23,3).
nocross(23,8).
nocross(23,9).
nocross(23,11).
nocross(23,13).
