dimension(23).
point(1, -60026.0, -79423.0).
point(2, -136466.0, -196801.0).
point(3, 278933.0, -69740.0).
point(4, -239416.0, 197513.0).
point(5, 148326.0, 7556.0).
point(6, -414501.0, 181964.0).
point(7, 91799.0, 218196.0).
point(8, 104575.0, 264703.0).
point(9, -105284.0, -124781.0).
point(10, -76840.0, 428645.0).
point(11, 57063.0, -110594.0).
point(12, 61113.0, -170157.0).
point(13, -426413.0, 148437.0).
point(14, 529222.0, -55922.0).
point(15, 176641.0, -181619.0).
point(16, 134514.0, -54108.0).
point(17, 212791.0, -61144.0).
point(18, -182024.0, 38789.0).
point(19, -173451.0, 88177.0).
point(20, -97140.0, -214091.0).
point(21, 206072.0, 58571.0).
point(22, 308805.0, -416676.0).
point(23, 81234.0, -114526.0).
cost(1, 2, 140074).
cost(1, 3, 339097).
cost(1, 4, 329961).
cost(1, 5, 225778).
cost(1, 6, 440427).
cost(1, 7, 334108).
cost(1, 8, 381466).
cost(1, 9, 64075).
cost(1, 10, 508346).
cost(1, 11, 121167).
cost(1, 12, 151352).
cost(1, 13, 431462).
cost(1, 14, 589716).
cost(1, 15, 257789).
cost(1, 16, 196180).
cost(1, 17, 273429).
cost(1, 18, 169875).
cost(1, 19, 202373).
cost(1, 20, 139689).
cost(1, 21, 299751).
cost(1, 22, 499776).
cost(1, 23, 145556).
cost(2, 1, 140074).
cost(2, 3, 434397).
cost(2, 4, 407532).
cost(2, 5, 350526).
cost(2, 6, 469858).
cost(2, 7, 473632).
cost(2, 8, 520660).
cost(2, 9, 78481).
cost(2, 10, 628282).
cost(2, 11, 211861).
cost(2, 12, 199367).
cost(2, 13, 450842).
cost(2, 14, 680432).
cost(2, 15, 313475).
cost(2, 16, 306254).
cost(2, 17, 374678).
cost(2, 18, 239955).
cost(2, 19, 287368).
cost(2, 20, 42959).
cost(2, 21, 427255).
cost(2, 22, 496600).
cost(2, 23, 232728).
cost(3, 1, 339097).
cost(3, 2, 434397).
cost(3, 4, 583189).
cost(3, 5, 151766).
cost(3, 6, 737703).
cost(3, 7, 343404).
cost(3, 8, 377164).
cost(3, 9, 388139).
cost(3, 10, 612341).
cost(3, 11, 225600).
cost(3, 12, 239852).
cost(3, 13, 738318).
cost(3, 14, 250670).
cost(3, 15, 151593).
cost(3, 16, 145263).
cost(3, 17, 66698).
cost(3, 18, 473561).
cost(3, 19, 479155).
cost(3, 20, 402825).
cost(3, 21, 147555).
cost(3, 22, 348220).
cost(3, 23, 202708).
cost(4, 1, 329961).
cost(4, 2, 407532).
cost(4, 3, 583189).
cost(4, 5, 431773).
cost(4, 6, 175774).
cost(4, 7, 331860).
cost(4, 8, 350492).
cost(4, 9, 349091).
cost(4, 10, 282583).
cost(4, 11, 427586).
cost(4, 12, 474867).
cost(4, 13, 193330).
cost(4, 14, 809342).
cost(4, 15, 562889).
cost(4, 16, 450707).
cost(4, 17, 520955).
cost(4, 18, 168781).
cost(4, 19, 127694).
cost(4, 20, 435500).
cost(4, 21, 466652).
cost(4, 22, 823271).
cost(4, 23, 447420).
cost(5, 1, 225778).
cost(5, 2, 350526).
cost(5, 3, 151766).
cost(5, 4, 431773).
cost(5, 6, 589230).
cost(5, 7, 218093).
cost(5, 8, 260842).
cost(5, 9, 286061).
cost(5, 10, 477510).
cost(5, 11, 149293).
cost(5, 12, 197960).
cost(5, 13, 591754).
cost(5, 14, 386149).
cost(5, 15, 191282).
cost(5, 16, 63192).
cost(5, 17, 94209).
cost(5, 18, 331823).
cost(5, 19, 331723).
cost(5, 20, 330728).
cost(5, 21, 77053).
cost(5, 22, 453571).
cost(5, 23, 139303).
cost(6, 1, 440427).
cost(6, 2, 469858).
cost(6, 3, 737703).
cost(6, 4, 175774).
cost(6, 5, 589230).
cost(6, 7, 507595).
cost(6, 8, 525629).
cost(6, 9, 435554).
cost(6, 10, 418170).
cost(6, 11, 554944).
cost(6, 12, 591775).
cost(6, 13, 35580).
cost(6, 14, 973243).
cost(6, 15, 694004).
cost(6, 16, 597618).
cost(6, 17, 672753).
cost(6, 18, 273029).
cost(6, 19, 258652).
cost(6, 20, 507521).
cost(6, 21, 632722).
cost(6, 22, 938904).
cost(6, 23, 577633).
cost(7, 1, 334108).
cost(7, 2, 473632).
cost(7, 3, 343404).
cost(7, 4, 331860).
cost(7, 5, 218093).
cost(7, 6, 507595).
cost(7, 8, 48230).
cost(7, 9, 395569).
cost(7, 10, 269681).
cost(7, 11, 330620).
cost(7, 12, 389563).
cost(7, 13, 522886).
cost(7, 14, 516217).
cost(7, 15, 408718).
cost(7, 16, 275634).
cost(7, 17, 304417).
cost(7, 18, 327362).
cost(7, 19, 295402).
cost(7, 20, 471773).
cost(7, 21, 196312).
cost(7, 22, 670935).
cost(7, 23, 332890).
cost(8, 1, 381466).
cost(8, 2, 520660).
cost(8, 3, 377164).
cost(8, 4, 350492).
cost(8, 5, 260842).
cost(8, 6, 525629).
cost(8, 7, 48230).
cost(8, 9, 442424).
cost(8, 10, 244517).
cost(8, 11, 378293).
cost(8, 12, 437027).
cost(8, 13, 543568).
cost(8, 14, 532095).
cost(8, 15, 452103).
cost(8, 16, 320214).
cost(8, 17, 343347).
cost(8, 18, 364933).
cost(8, 19, 329332).
cost(8, 20, 519550).
cost(8, 21, 229765).
cost(8, 22, 711328).
cost(8, 23, 379947).
cost(9, 1, 64075).
cost(9, 2, 78481).
cost(9, 3, 388139).
cost(9, 4, 349091).
cost(9, 5, 286061).
cost(9, 6, 435554).
cost(9, 7, 395569).
cost(9, 8, 442424).
cost(9, 10, 554156).
cost(9, 11, 162966).
cost(9, 12, 172473).
cost(9, 13, 421630).
cost(9, 14, 638231).
cost(9, 15, 287597).
cost(9, 16, 249996).
cost(9, 17, 324378).
cost(9, 18, 180677).
cost(9, 19, 223602).
cost(9, 20, 89681).
cost(9, 21, 361332).
cost(9, 22, 506628).
cost(9, 23, 186800).
cost(10, 1, 508346).
cost(10, 2, 628282).
cost(10, 3, 612341).
cost(10, 4, 282583).
cost(10, 5, 477510).
cost(10, 6, 418170).
cost(10, 7, 269681).
cost(10, 8, 244517).
cost(10, 9, 554156).
cost(10, 11, 555616).
cost(10, 12, 614487).
cost(10, 13, 448015).
cost(10, 14, 775962).
cost(10, 15, 660814).
cost(10, 16, 526992).
cost(10, 17, 569016).
cost(10, 18, 403796).
cost(10, 19, 353910).
cost(10, 20, 643056).
cost(10, 21, 465826).
cost(10, 22, 929134).
cost(10, 23, 565705).
cost(11, 1, 121167).
cost(11, 2, 211861).
cost(11, 3, 225600).
cost(11, 4, 427586).
cost(11, 5, 149293).
cost(11, 6, 554944).
cost(11, 7, 330620).
cost(11, 8, 378293).
cost(11, 9, 162966).
cost(11, 10, 555616).
cost(11, 12, 59701).
cost(11, 13, 548494).
cost(11, 14, 475314).
cost(11, 15, 139081).
cost(11, 16, 95861).
cost(11, 17, 163391).
cost(11, 18, 281918).
cost(11, 19, 304379).
cost(11, 20, 185715).
cost(11, 21, 225434).
cost(11, 22, 396308).
cost(11, 23, 24489).
cost(12, 1, 151352).
cost(12, 2, 199367).
cost(12, 3, 239852).
cost(12, 4, 474867).
cost(12, 5, 197960).
cost(12, 6, 591775).
cost(12, 7, 389563).
cost(12, 8, 437027).
cost(12, 9, 172473).
cost(12, 10, 614487).
cost(12, 11, 59701).
cost(12, 13, 582395).
cost(12, 14, 481846).
cost(12, 15, 116095).
cost(12, 16, 137314).
cost(12, 17, 186789).
cost(12, 18, 320584).
cost(12, 19, 348937).
cost(12, 20, 164238).
cost(12, 21, 270794).
cost(12, 22, 349461).
cost(12, 23, 59158).
cost(13, 1, 431462).
cost(13, 2, 450842).
cost(13, 3, 738318).
cost(13, 4, 193330).
cost(13, 5, 591754).
cost(13, 6, 35580).
cost(13, 7, 522886).
cost(13, 8, 543568).
cost(13, 9, 421630).
cost(13, 10, 448015).
cost(13, 11, 548494).
cost(13, 12, 582395).
cost(13, 14, 977241).
cost(13, 15, 687467).
cost(13, 16, 596375).
cost(13, 17, 672686).
cost(13, 18, 267859).
cost(13, 19, 260040).
cost(13, 20, 489742).
cost(13, 21, 638837).
cost(13, 22, 927307).
cost(13, 23, 571712).
cost(14, 1, 589716).
cost(14, 2, 680432).
cost(14, 3, 250670).
cost(14, 4, 809342).
cost(14, 5, 386149).
cost(14, 6, 973243).
cost(14, 7, 516217).
cost(14, 8, 532095).
cost(14, 9, 638231).
cost(14, 10, 775962).
cost(14, 11, 475314).
cost(14, 12, 481846).
cost(14, 13, 977241).
cost(14, 15, 374317).
cost(14, 16, 394712).
cost(14, 17, 316474).
cost(14, 18, 717524).
cost(14, 19, 717296).
cost(14, 20, 646024).
cost(14, 21, 342833).
cost(14, 22, 422761).
cost(14, 23, 451805).
cost(15, 1, 257789).
cost(15, 2, 313475).
cost(15, 3, 151593).
cost(15, 4, 562889).
cost(15, 5, 191282).
cost(15, 6, 694004).
cost(15, 7, 408718).
cost(15, 8, 452103).
cost(15, 9, 287597).
cost(15, 10, 660814).
cost(15, 11, 139081).
cost(15, 12, 116095).
cost(15, 13, 687467).
cost(15, 14, 374317).
cost(15, 16, 134290).
cost(15, 17, 125782).
cost(15, 18, 420975).
cost(15, 19, 441989).
cost(15, 20, 275700).
cost(15, 21, 241986).
cost(15, 22, 269665).
cost(15, 23, 116636).
cost(16, 1, 196180).
cost(16, 2, 306254).
cost(16, 3, 145263).
cost(16, 4, 450707).
cost(16, 5, 63192).
cost(16, 6, 597618).
cost(16, 7, 275634).
cost(16, 8, 320214).
cost(16, 9, 249996).
cost(16, 10, 526992).
cost(16, 11, 95861).
cost(16, 12, 137314).
cost(16, 13, 596375).
cost(16, 14, 394712).
cost(16, 15, 134290).
cost(16, 17, 78593).
cost(16, 18, 329888).
cost(16, 19, 339245).
cost(16, 20, 281528).
cost(16, 21, 133481).
cost(16, 22, 402285).
cost(16, 23, 80555).
cost(17, 1, 273429).
cost(17, 2, 374678).
cost(17, 3, 66698).
cost(17, 4, 520955).
cost(17, 5, 94209).
cost(17, 6, 672753).
cost(17, 7, 304417).
cost(17, 8, 343347).
cost(17, 9, 324378).
cost(17, 10, 569016).
cost(17, 11, 163391).
cost(17, 12, 186789).
cost(17, 13, 672686).
cost(17, 14, 316474).
cost(17, 15, 125782).
cost(17, 16, 78593).
cost(17, 18, 407266).
cost(17, 19, 414101).
cost(17, 20, 345615).
cost(17, 21, 119903).
cost(17, 22, 368269).
cost(17, 23, 141975).
cost(18, 1, 169875).
cost(18, 2, 239955).
cost(18, 3, 473561).
cost(18, 4, 168781).
cost(18, 5, 331823).
cost(18, 6, 273029).
cost(18, 7, 327362).
cost(18, 8, 364933).
cost(18, 9, 180677).
cost(18, 10, 403796).
cost(18, 11, 281918).
cost(18, 12, 320584).
cost(18, 13, 267859).
cost(18, 14, 717524).
cost(18, 15, 420975).
cost(18, 16, 329888).
cost(18, 17, 407266).
cost(18, 19, 50127).
cost(18, 20, 266746).
cost(18, 21, 388600).
cost(18, 22, 669598).
cost(18, 23, 304648).
cost(19, 1, 202373).
cost(19, 2, 287368).
cost(19, 3, 479155).
cost(19, 4, 127694).
cost(19, 5, 331723).
cost(19, 6, 258652).
cost(19, 7, 295402).
cost(19, 8, 329332).
cost(19, 9, 223602).
cost(19, 10, 353910).
cost(19, 11, 304379).
cost(19, 12, 348937).
cost(19, 13, 260040).
cost(19, 14, 717296).
cost(19, 15, 441989).
cost(19, 16, 339245).
cost(19, 17, 414101).
cost(19, 18, 50127).
cost(19, 20, 311752).
cost(19, 21, 380676).
cost(19, 22, 698174).
cost(19, 23, 325504).
cost(20, 1, 139689).
cost(20, 2, 42959).
cost(20, 3, 402825).
cost(20, 4, 435500).
cost(20, 5, 330728).
cost(20, 6, 507521).
cost(20, 7, 471773).
cost(20, 8, 519550).
cost(20, 9, 89681).
cost(20, 10, 643056).
cost(20, 11, 185715).
cost(20, 12, 164238).
cost(20, 13, 489742).
cost(20, 14, 646024).
cost(20, 15, 275700).
cost(20, 16, 281528).
cost(20, 17, 345615).
cost(20, 18, 266746).
cost(20, 19, 311752).
cost(20, 21, 407777).
cost(20, 22, 453687).
cost(20, 23, 204280).
cost(21, 1, 299751).
cost(21, 2, 427255).
cost(21, 3, 147555).
cost(21, 4, 466652).
cost(21, 5, 77053).
cost(21, 6, 632722).
cost(21, 7, 196312).
cost(21, 8, 229765).
cost(21, 9, 361332).
cost(21, 10, 465826).
cost(21, 11, 225434).
cost(21, 12, 270794).
cost(21, 13, 638837).
cost(21, 14, 342833).
cost(21, 15, 241986).
cost(21, 16, 133481).
cost(21, 17, 119903).
cost(21, 18, 388600).
cost(21, 19, 380676).
cost(21, 20, 407777).
cost(21, 22, 486224).
cost(21, 23, 213418).
cost(22, 1, 499776).
cost(22, 2, 496600).
cost(22, 3, 348220).
cost(22, 4, 823271).
cost(22, 5, 453571).
cost(22, 6, 938904).
cost(22, 7, 670935).
cost(22, 8, 711328).
cost(22, 9, 506628).
cost(22, 10, 929134).
cost(22, 11, 396308).
cost(22, 12, 349461).
cost(22, 13, 927307).
cost(22, 14, 422761).
cost(22, 15, 269665).
cost(22, 16, 402285).
cost(22, 17, 368269).
cost(22, 18, 669598).
cost(22, 19, 698174).
cost(22, 20, 453687).
cost(22, 21, 486224).
cost(22, 23, 378263).
cost(23, 1, 145556).
cost(23, 2, 232728).
cost(23, 3, 202708).
cost(23, 4, 447420).
cost(23, 5, 139303).
cost(23, 6, 577633).
cost(23, 7, 332890).
cost(23, 8, 379947).
cost(23, 9, 186800).
cost(23, 10, 565705).
cost(23, 11, 24489).
cost(23, 12, 59158).
cost(23, 13, 571712).
cost(23, 14, 451805).
cost(23, 15, 116636).
cost(23, 16, 80555).
cost(23, 17, 141975).
cost(23, 18, 304648).
cost(23, 19, 325504).
cost(23, 20, 204280).
cost(23, 21, 213418).
cost(23, 22, 378263).
nocross(1,7).
nocross(1,11).
nocross(1,13).
nocross(1,20).
nocross(2,1).
nocross(2,9).
nocross(2,11).
nocross(2,13).
nocross(2,20).
nocross(3,12).
nocross(3,14).
nocross(3,17).
nocross(3,21).
nocross(3,22).
nocross(3,23).
nocross(4,2).
nocross(4,6).
nocross(4,10).
nocross(4,13).
nocross(4,19).
nocross(5,1).
nocross(5,7).
nocross(5,8).
nocross(5,11).
nocross(5,17).
nocross(5,20).
nocross(5,21).
nocross(6,4).
nocross(6,13).
nocross(6,19).
nocross(7,1).
nocross(7,4).
nocross(7,11).
nocross(7,21).
nocross(7,23).
nocross(8,1).
nocross(8,7).
nocross(8,10).
nocross(8,11).
nocross(8,21).
nocross(9,1).
nocross(9,11).
nocross(9,12).
nocross(10,6).
nocross(10,19).
nocross(11,5).
nocross(11,7).
nocross(11,12).
nocross(11,19).
nocross(11,20).
nocross(11,23).
nocross(12,11).
nocross(12,17).
nocross(12,20).
nocross(12,23).
nocross(13,4).
nocross(13,19).
nocross(14,3).
nocross(14,22).
nocross(15,3).
nocross(15,11).
nocross(15,12).
nocross(15,17).
nocross(15,20).
nocross(15,21).
nocross(15,22).
nocross(15,23).
nocross(16,5).
nocross(16,7).
nocross(16,20).
nocross(16,21).
nocross(17,3).
nocross(17,5).
nocross(17,11).
nocross(17,12).
nocross(17,16).
nocross(17,21).
nocross(17,23).
nocross(18,2).
nocross(18,7).
nocross(18,11).
nocross(18,13).
nocross(18,19).
nocross(19,1).
nocross(19,2).
nocross(19,5).
nocross(19,6).
nocross(19,7).
nocross(19,11).
nocross(20,2).
nocross(20,9).
nocross(20,11).
nocross(20,12).
nocross(21,5).
nocross(21,7).
nocross(21,11).
nocross(21,14).
nocross(21,16).
nocross(21,17).
nocross(21,20).
nocross(22,14).
nocross(22,21).
nocross(23,5).
nocross(23,7).
nocross(23,11).
nocross(23,12).
nocross(23,16).
nocross(23,19).
nocross(23,20).
