dimension(23).
point(1, 133150.0, -188317.0).
point(2, -56566.0, 337586.0).
point(3, 163080.0, -62760.0).
point(4, -250387.0, -264059.0).
point(5, -352873.0, 89897.0).
point(6, -18102.0, -176555.0).
point(7, -403863.0, -222010.0).
point(8, 193656.0, 194340.0).
point(9, -10488.0, -234944.0).
point(10, 808.0, -37916.0).
point(11, 133896.0, -24660.0).
point(12, 23681.0, -325688.0).
point(13, -505428.0, 167733.0).
point(14, -308189.0, 208361.0).
point(15, 391751.0, 288420.0).
point(16, -96264.0, 128088.0).
point(17, -72057.0, -251875.0).
point(18, -33354.0, -224817.0).
point(19, -416087.0, -104693.0).
point(20, 289006.0, -147475.0).
point(21, 58341.0, 352882.0).
point(22, -60833.0, -231871.0).
point(23, 149477.0, 183156.0).
cost(1, 2, 559076).
cost(1, 3, 129075).
cost(1, 4, 390944).
cost(1, 5, 560019).
cost(1, 6, 151709).
cost(1, 7, 538069).
cost(1, 8, 387411).
cost(1, 9, 151016).
cost(1, 10, 200337).
cost(1, 11, 163659).
cost(1, 12, 175654).
cost(1, 13, 731132).
cost(1, 14, 593408).
cost(1, 15, 542358).
cost(1, 16, 390823).
cost(1, 17, 214824).
cost(1, 18, 170458).
cost(1, 19, 555567).
cost(1, 20, 161118).
cost(1, 21, 546345).
cost(1, 22, 198812).
cost(1, 23, 371832).
cost(2, 1, 559076).
cost(2, 3, 456641).
cost(2, 4, 632094).
cost(2, 5, 386196).
cost(2, 6, 515578).
cost(2, 7, 658607).
cost(2, 8, 288324).
cost(2, 9, 574381).
cost(2, 10, 379860).
cost(2, 11, 409265).
cost(2, 12, 668111).
cost(2, 13, 479924).
cost(2, 14, 282866).
cost(2, 15, 451005).
cost(2, 16, 213226).
cost(2, 17, 589665).
cost(2, 18, 562882).
cost(2, 19, 569970).
cost(2, 20, 595570).
cost(2, 21, 115921).
cost(2, 22, 569473).
cost(2, 23, 257492).
cost(3, 1, 129075).
cost(3, 2, 456641).
cost(3, 4, 459865).
cost(3, 5, 538063).
cost(3, 6, 213954).
cost(3, 7, 588884).
cost(3, 8, 258912).
cost(3, 9, 244486).
cost(3, 10, 164163).
cost(3, 11, 47993).
cost(3, 12, 297596).
cost(3, 13, 707128).
cost(3, 14, 543692).
cost(3, 15, 419068).
cost(3, 16, 321997).
cost(3, 17, 301751).
cost(3, 18, 254654).
cost(3, 19, 580683).
cost(3, 20, 151770).
cost(3, 21, 428636).
cost(3, 22, 280599).
cost(3, 23, 246292).
cost(4, 1, 390944).
cost(4, 2, 632094).
cost(4, 3, 459865).
cost(4, 5, 368495).
cost(4, 6, 248220).
cost(4, 7, 159132).
cost(4, 8, 638204).
cost(4, 9, 241659).
cost(4, 10, 337993).
cost(4, 11, 452753).
cost(4, 12, 280912).
cost(4, 13, 501488).
cost(4, 14, 475943).
cost(4, 15, 847098).
cost(4, 16, 421347).
cost(4, 17, 178746).
cost(4, 18, 220552).
cost(4, 19, 229900).
cost(4, 20, 551848).
cost(4, 21, 689876).
cost(4, 22, 192267).
cost(4, 23, 599910).
cost(5, 1, 560019).
cost(5, 2, 386196).
cost(5, 3, 538063).
cost(5, 4, 368495).
cost(5, 6, 427865).
cost(5, 7, 316047).
cost(5, 8, 556419).
cost(5, 9, 471963).
cost(5, 10, 376067).
cost(5, 11, 500067).
cost(5, 12, 560806).
cost(5, 13, 171264).
cost(5, 14, 126611).
cost(5, 15, 770634).
cost(5, 16, 259435).
cost(5, 17, 442341).
cost(5, 18, 448483).
cost(5, 19, 204600).
cost(5, 20, 684364).
cost(5, 21, 488117).
cost(5, 22, 434537).
cost(5, 23, 510933).
cost(6, 1, 151709).
cost(6, 2, 515578).
cost(6, 3, 213954).
cost(6, 4, 248220).
cost(6, 5, 427865).
cost(6, 7, 388430).
cost(6, 8, 427088).
cost(6, 9, 58883).
cost(6, 10, 139923).
cost(6, 11, 214885).
cost(6, 12, 154876).
cost(6, 13, 596675).
cost(6, 14, 481986).
cost(6, 15, 619824).
cost(6, 16, 314510).
cost(6, 17, 92651).
cost(6, 18, 50615).
cost(6, 19, 404421).
cost(6, 20, 308482).
cost(6, 21, 534927).
cost(6, 22, 69898).
cost(6, 23, 396831).
cost(7, 1, 538069).
cost(7, 2, 658607).
cost(7, 3, 588884).
cost(7, 4, 159132).
cost(7, 5, 316047).
cost(7, 6, 388430).
cost(7, 8, 728269).
cost(7, 9, 393588).
cost(7, 10, 444578).
cost(7, 11, 572828).
cost(7, 12, 439935).
cost(7, 13, 402759).
cost(7, 14, 440877).
cost(7, 15, 945273).
cost(7, 16, 466032).
cost(7, 17, 333147).
cost(7, 18, 370520).
cost(7, 19, 117952).
cost(7, 20, 696866).
cost(7, 21, 737654).
cost(7, 22, 343172).
cost(7, 23, 685817).
cost(8, 1, 387411).
cost(8, 2, 288324).
cost(8, 3, 258912).
cost(8, 4, 638204).
cost(8, 5, 556419).
cost(8, 6, 427088).
cost(8, 7, 728269).
cost(8, 9, 475352).
cost(8, 10, 301883).
cost(8, 11, 227007).
cost(8, 12, 547102).
cost(8, 13, 699590).
cost(8, 14, 502041).
cost(8, 15, 219300).
cost(8, 16, 297394).
cost(8, 17, 519337).
cost(8, 18, 476682).
cost(8, 19, 679122).
cost(8, 20, 354865).
cost(8, 21, 208436).
cost(8, 22, 496408).
cost(8, 23, 45573).
cost(9, 1, 151016).
cost(9, 2, 574381).
cost(9, 3, 244486).
cost(9, 4, 241659).
cost(9, 5, 471963).
cost(9, 6, 58883).
cost(9, 7, 393588).
cost(9, 8, 475352).
cost(9, 10, 197352).
cost(9, 11, 255081).
cost(9, 12, 96964).
cost(9, 13, 638055).
cost(9, 14, 533990).
cost(9, 15, 660080).
cost(9, 16, 373028).
cost(9, 17, 63855).
cost(9, 18, 25008).
cost(9, 19, 426000).
cost(9, 20, 312006).
cost(9, 21, 591842).
cost(9, 22, 50439).
cost(9, 23, 447657).
cost(10, 1, 200337).
cost(10, 2, 379860).
cost(10, 3, 164163).
cost(10, 4, 337993).
cost(10, 5, 376067).
cost(10, 6, 139923).
cost(10, 7, 444578).
cost(10, 8, 301883).
cost(10, 9, 197352).
cost(10, 11, 133747).
cost(10, 12, 288680).
cost(10, 13, 546412).
cost(10, 14, 395135).
cost(10, 15, 509246).
cost(10, 16, 192303).
cost(10, 17, 226026).
cost(10, 18, 189997).
cost(10, 19, 422209).
cost(10, 20, 308320).
cost(10, 21, 395010).
cost(10, 22, 203515).
cost(10, 23, 266412).
cost(11, 1, 163659).
cost(11, 2, 409265).
cost(11, 3, 47993).
cost(11, 4, 452753).
cost(11, 5, 500067).
cost(11, 6, 214885).
cost(11, 7, 572828).
cost(11, 8, 227007).
cost(11, 9, 255081).
cost(11, 10, 133747).
cost(11, 12, 320570).
cost(11, 13, 667645).
cost(11, 14, 499738).
cost(11, 15, 405596).
cost(11, 16, 276235).
cost(11, 17, 306665).
cost(11, 18, 260836).
cost(11, 19, 555776).
cost(11, 20, 197845).
cost(11, 21, 385028).
cost(11, 22, 284352).
cost(11, 23, 208399).
cost(12, 1, 175654).
cost(12, 2, 668111).
cost(12, 3, 297596).
cost(12, 4, 280912).
cost(12, 5, 560806).
cost(12, 6, 154876).
cost(12, 7, 439935).
cost(12, 8, 547102).
cost(12, 9, 96964).
cost(12, 10, 288680).
cost(12, 11, 320570).
cost(12, 13, 723478).
cost(12, 14, 628765).
cost(12, 15, 715964).
cost(12, 16, 469361).
cost(12, 17, 120889).
cost(12, 18, 115879).
cost(12, 19, 492173).
cost(12, 20, 319620).
cost(12, 21, 679455).
cost(12, 22, 126271).
cost(12, 23, 524163).
cost(13, 1, 731132).
cost(13, 2, 479924).
cost(13, 3, 707128).
cost(13, 4, 501488).
cost(13, 5, 171264).
cost(13, 6, 596675).
cost(13, 7, 402759).
cost(13, 8, 699590).
cost(13, 9, 638055).
cost(13, 10, 546412).
cost(13, 11, 667645).
cost(13, 12, 723478).
cost(13, 14, 201380).
cost(13, 15, 905260).
cost(13, 16, 411080).
cost(13, 17, 603226).
cost(13, 18, 613962).
cost(13, 19, 286701).
cost(13, 20, 854682).
cost(13, 21, 593393).
cost(13, 22, 597786).
cost(13, 23, 655087).
cost(14, 1, 593408).
cost(14, 2, 282866).
cost(14, 3, 543692).
cost(14, 4, 475943).
cost(14, 5, 126611).
cost(14, 6, 481986).
cost(14, 7, 440877).
cost(14, 8, 502041).
cost(14, 9, 533990).
cost(14, 10, 395135).
cost(14, 11, 499738).
cost(14, 12, 628765).
cost(14, 13, 201380).
cost(14, 15, 704504).
cost(14, 16, 226619).
cost(14, 17, 517277).
cost(14, 18, 513008).
cost(14, 19, 331127).
cost(14, 20, 695170).
cost(14, 21, 393993).
cost(14, 22, 504965).
cost(14, 23, 458360).
cost(15, 1, 542358).
cost(15, 2, 451005).
cost(15, 3, 419068).
cost(15, 4, 847098).
cost(15, 5, 770634).
cost(15, 6, 619824).
cost(15, 7, 945273).
cost(15, 8, 219300).
cost(15, 9, 660080).
cost(15, 10, 509246).
cost(15, 11, 405596).
cost(15, 12, 715964).
cost(15, 13, 905260).
cost(15, 14, 704504).
cost(15, 16, 513678).
cost(15, 17, 712065).
cost(15, 18, 666428).
cost(15, 19, 898410).
cost(15, 20, 447840).
cost(15, 21, 339584).
cost(15, 22, 689590).
cost(15, 23, 264154).
cost(16, 1, 390823).
cost(16, 2, 213226).
cost(16, 3, 321997).
cost(16, 4, 421347).
cost(16, 5, 259435).
cost(16, 6, 314510).
cost(16, 7, 466032).
cost(16, 8, 297394).
cost(16, 9, 373028).
cost(16, 10, 192303).
cost(16, 11, 276235).
cost(16, 12, 469361).
cost(16, 13, 411080).
cost(16, 14, 226619).
cost(16, 15, 513678).
cost(16, 17, 380733).
cost(16, 18, 358468).
cost(16, 19, 395568).
cost(16, 20, 473675).
cost(16, 21, 272828).
cost(16, 22, 361699).
cost(16, 23, 251836).
cost(17, 1, 214824).
cost(17, 2, 589665).
cost(17, 3, 301751).
cost(17, 4, 178746).
cost(17, 5, 442341).
cost(17, 6, 92651).
cost(17, 7, 333147).
cost(17, 8, 519337).
cost(17, 9, 63855).
cost(17, 10, 226026).
cost(17, 11, 306665).
cost(17, 12, 120889).
cost(17, 13, 603226).
cost(17, 14, 517277).
cost(17, 15, 712065).
cost(17, 16, 380733).
cost(17, 18, 47223).
cost(17, 19, 374191).
cost(17, 20, 375853).
cost(17, 21, 618656).
cost(17, 22, 22938).
cost(17, 23, 488190).
cost(18, 1, 170458).
cost(18, 2, 562882).
cost(18, 3, 254654).
cost(18, 4, 220552).
cost(18, 5, 448483).
cost(18, 6, 50615).
cost(18, 7, 370520).
cost(18, 8, 476682).
cost(18, 9, 25008).
cost(18, 10, 189997).
cost(18, 11, 260836).
cost(18, 12, 115879).
cost(18, 13, 613962).
cost(18, 14, 513008).
cost(18, 15, 666428).
cost(18, 16, 358468).
cost(18, 17, 47223).
cost(18, 19, 401141).
cost(18, 20, 331508).
cost(18, 21, 584931).
cost(18, 22, 28370).
cost(18, 23, 447067).
cost(19, 1, 555567).
cost(19, 2, 569970).
cost(19, 3, 580683).
cost(19, 4, 229900).
cost(19, 5, 204600).
cost(19, 6, 404421).
cost(19, 7, 117952).
cost(19, 8, 679122).
cost(19, 9, 426000).
cost(19, 10, 422209).
cost(19, 11, 555776).
cost(19, 12, 492173).
cost(19, 13, 286701).
cost(19, 14, 331127).
cost(19, 15, 898410).
cost(19, 16, 395568).
cost(19, 17, 374191).
cost(19, 18, 401141).
cost(19, 20, 706390).
cost(19, 21, 659133).
cost(19, 22, 377332).
cost(19, 23, 634602).
cost(20, 1, 161118).
cost(20, 2, 595570).
cost(20, 3, 151770).
cost(20, 4, 551848).
cost(20, 5, 684364).
cost(20, 6, 308482).
cost(20, 7, 696866).
cost(20, 8, 354865).
cost(20, 9, 312006).
cost(20, 10, 308320).
cost(20, 11, 197845).
cost(20, 12, 319620).
cost(20, 13, 854682).
cost(20, 14, 695170).
cost(20, 15, 447840).
cost(20, 16, 473675).
cost(20, 17, 375853).
cost(20, 18, 331508).
cost(20, 19, 706390).
cost(20, 21, 550966).
cost(20, 22, 359875).
cost(20, 23, 358867).
cost(21, 1, 546345).
cost(21, 2, 115921).
cost(21, 3, 428636).
cost(21, 4, 689876).
cost(21, 5, 488117).
cost(21, 6, 534927).
cost(21, 7, 737654).
cost(21, 8, 208436).
cost(21, 9, 591842).
cost(21, 10, 395010).
cost(21, 11, 385028).
cost(21, 12, 679455).
cost(21, 13, 593393).
cost(21, 14, 393993).
cost(21, 15, 339584).
cost(21, 16, 272828).
cost(21, 17, 618656).
cost(21, 18, 584931).
cost(21, 19, 659133).
cost(21, 20, 550966).
cost(21, 22, 596773).
cost(21, 23, 192647).
cost(22, 1, 198812).
cost(22, 2, 569473).
cost(22, 3, 280599).
cost(22, 4, 192267).
cost(22, 5, 434537).
cost(22, 6, 69898).
cost(22, 7, 343172).
cost(22, 8, 496408).
cost(22, 9, 50439).
cost(22, 10, 203515).
cost(22, 11, 284352).
cost(22, 12, 126271).
cost(22, 13, 597786).
cost(22, 14, 504965).
cost(22, 15, 689590).
cost(22, 16, 361699).
cost(22, 17, 22938).
cost(22, 18, 28370).
cost(22, 19, 377332).
cost(22, 20, 359875).
cost(22, 21, 596773).
cost(22, 23, 465272).
cost(23, 1, 371832).
cost(23, 2, 257492).
cost(23, 3, 246292).
cost(23, 4, 599910).
cost(23, 5, 510933).
cost(23, 6, 396831).
cost(23, 7, 685817).
cost(23, 8, 45573).
cost(23, 9, 447657).
cost(23, 10, 266412).
cost(23, 11, 208399).
cost(23, 12, 524163).
cost(23, 13, 655087).
cost(23, 14, 458360).
cost(23, 15, 264154).
cost(23, 16, 251836).
cost(23, 17, 488190).
cost(23, 18, 447067).
cost(23, 19, 634602).
cost(23, 20, 358867).
cost(23, 21, 192647).
cost(23, 22, 465272).
nocross(1,3).
nocross(1,9).
nocross(1,11).
nocross(1,12).
nocross(2,4).
nocross(2,11).
nocross(2,14).
nocross(2,15).
nocross(2,16).
nocross(2,23).
nocross(3,8).
nocross(3,11).
nocross(3,15).
nocross(4,6).
nocross(4,17).
nocross(4,22).
nocross(5,2).
nocross(5,4).
nocross(5,6).
nocross(5,10).
nocross(5,11).
nocross(5,16).
nocross(5,17).
nocross(5,22).
nocross(6,1).
nocross(6,4).
nocross(6,11).
nocross(7,4).
nocross(7,17).
nocross(7,19).
nocross(8,2).
nocross(8,11).
nocross(8,15).
nocross(8,21).
nocross(8,23).
nocross(9,6).
nocross(9,11).
nocross(9,12).
nocross(9,17).
nocross(9,22).
nocross(10,1).
nocross(10,4).
nocross(10,5).
nocross(10,6).
nocross(10,8).
nocross(10,11).
nocross(10,16).
nocross(10,21).
nocross(10,23).
nocross(11,3).
nocross(11,6).
nocross(11,8).
nocross(11,10).
nocross(11,16).
nocross(11,21).
nocross(11,23).
nocross(12,1).
nocross(12,4).
nocross(12,9).
nocross(12,11).
nocross(12,17).
nocross(13,2).
nocross(13,5).
nocross(13,14).
nocross(14,2).
nocross(14,5).
nocross(14,16).
nocross(15,8).
nocross(15,21).
nocross(15,23).
nocross(16,2).
nocross(16,4).
nocross(16,5).
nocross(16,10).
nocross(16,11).
nocross(16,14).
nocross(16,19).
nocross(16,21).
nocross(16,23).
nocross(17,4).
nocross(17,9).
nocross(17,11).
nocross(17,19).
nocross(17,22).
nocross(18,6).
nocross(18,9).
nocross(18,11).
nocross(18,17).
nocross(18,22).
nocross(20,1).
nocross(20,3).
nocross(20,9).
nocross(20,12).
nocross(20,17).
nocross(21,2).
nocross(21,15).
nocross(21,23).
nocross(22,4).
nocross(22,6).
nocross(22,9).
nocross(22,17).
nocross(22,18).
nocross(23,2).
nocross(23,3).
nocross(23,8).
nocross(23,10).
nocross(23,11).
nocross(23,16).
nocross(23,21).
