dimension(23).
point(1, 151985.0, 17349.0).
point(2, 64476.0, -16516.0).
point(3, 30726.0, 46476.0).
point(4, -224849.0, 292076.0).
point(5, -238793.0, 31431.0).
point(6, 19195.0, -37424.0).
point(7, 141912.0, 181235.0).
point(8, 192627.0, 205820.0).
point(9, 34073.0, -222560.0).
point(10, 213412.0, 9456.0).
point(11, 22701.0, -151947.0).
point(12, 120855.0, 187593.0).
point(13, -99929.0, 346803.0).
point(14, -48765.0, 168335.0).
point(15, -70713.0, 77055.0).
point(16, 397000.0, 263001.0).
point(17, -210723.0, 190021.0).
point(18, -88074.0, 347965.0).
point(19, 295078.0, 41167.0).
point(20, 72883.0, 64517.0).
point(21, -80450.0, 170718.0).
point(22, 44193.0, -21918.0).
point(23, 97244.0, 252511.0).
cost(1, 2, 93833).
cost(1, 3, 124708).
cost(1, 4, 466346).
cost(1, 5, 391032).
cost(1, 6, 143643).
cost(1, 7, 164195).
cost(1, 8, 192803).
cost(1, 9, 267319).
cost(1, 10, 61932).
cost(1, 11, 213015).
cost(1, 12, 173067).
cost(1, 13, 414730).
cost(1, 14, 251192).
cost(1, 15, 230563).
cost(1, 16, 346954).
cost(1, 17, 401712).
cost(1, 18, 408577).
cost(1, 19, 145062).
cost(1, 20, 92097).
cost(1, 21, 278475).
cost(1, 22, 114721).
cost(1, 23, 241449).
cost(2, 1, 93833).
cost(2, 3, 71464).
cost(2, 4, 423011).
cost(2, 5, 307036).
cost(2, 6, 49875).
cost(2, 7, 212372).
cost(2, 8, 256624).
cost(2, 9, 208275).
cost(2, 10, 151184).
cost(2, 11, 141728).
cost(2, 12, 211752).
cost(2, 13, 398785).
cost(2, 14, 216780).
cost(2, 15, 164413).
cost(2, 16, 434398).
cost(2, 17, 344081).
cost(2, 18, 395118).
cost(2, 19, 237707).
cost(2, 20, 81468).
cost(2, 21, 236770).
cost(2, 22, 20990).
cost(2, 23, 271015).
cost(3, 1, 124708).
cost(3, 2, 71464).
cost(3, 4, 354454).
cost(3, 5, 269939).
cost(3, 6, 84689).
cost(3, 7, 174706).
cost(3, 8, 227162).
cost(3, 9, 269057).
cost(3, 10, 186399).
cost(3, 11, 198585).
cost(3, 12, 167443).
cost(3, 13, 327516).
cost(3, 14, 145494).
cost(3, 15, 105948).
cost(3, 16, 425488).
cost(3, 17, 280896).
cost(3, 18, 324051).
cost(3, 19, 264405).
cost(3, 20, 45855).
cost(3, 21, 166722).
cost(3, 22, 69707).
cost(3, 23, 216507).
cost(4, 1, 466346).
cost(4, 2, 423011).
cost(4, 3, 354454).
cost(4, 5, 261018).
cost(4, 6, 410034).
cost(4, 7, 383144).
cost(4, 8, 426294).
cost(4, 9, 576100).
cost(4, 10, 521485).
cost(4, 11, 508367).
cost(4, 12, 361148).
cost(4, 13, 136382).
cost(4, 14, 215215).
cost(4, 15, 264560).
cost(4, 16, 622528).
cost(4, 17, 103028).
cost(4, 18, 147753).
cost(4, 19, 577304).
cost(4, 20, 374736).
cost(4, 21, 188624).
cost(4, 22, 413492).
cost(4, 23, 324514).
cost(5, 1, 391032).
cost(5, 2, 307036).
cost(5, 3, 269939).
cost(5, 4, 261018).
cost(5, 6, 267018).
cost(5, 7, 409118).
cost(5, 8, 465333).
cost(5, 9, 372783).
cost(5, 10, 452739).
cost(5, 11, 319385).
cost(5, 12, 392088).
cost(5, 13, 344591).
cost(5, 14, 234208).
cost(5, 15, 174162).
cost(5, 16, 676652).
cost(5, 17, 161055).
cost(5, 18, 350585).
cost(5, 19, 533960).
cost(5, 20, 313427).
cost(5, 21, 210887).
cost(5, 22, 287971).
cost(5, 23, 402240).
cost(6, 1, 143643).
cost(6, 2, 49875).
cost(6, 3, 84689).
cost(6, 4, 410034).
cost(6, 5, 267018).
cost(6, 7, 250741).
cost(6, 8, 298741).
cost(6, 9, 185733).
cost(6, 10, 199795).
cost(6, 11, 114577).
cost(6, 12, 246916).
cost(6, 13, 402270).
cost(6, 14, 216692).
cost(6, 15, 145564).
cost(6, 16, 482692).
cost(6, 17, 323409).
cost(6, 18, 400039).
cost(6, 19, 286859).
cost(6, 20, 115214).
cost(6, 21, 230764).
cost(6, 22, 29417).
cost(6, 23, 300256).
cost(7, 1, 164195).
cost(7, 2, 212372).
cost(7, 3, 174706).
cost(7, 4, 383144).
cost(7, 5, 409118).
cost(7, 6, 250741).
cost(7, 8, 56360).
cost(7, 9, 417947).
cost(7, 10, 186065).
cost(7, 11, 353867).
cost(7, 12, 21996).
cost(7, 13, 293087).
cost(7, 14, 191113).
cost(7, 15, 236776).
cost(7, 16, 267872).
cost(7, 17, 352744).
cost(7, 18, 284064).
cost(7, 19, 207554).
cost(7, 20, 135603).
cost(7, 21, 222611).
cost(7, 22, 225433).
cost(7, 23, 84116).
cost(8, 1, 192803).
cost(8, 2, 256624).
cost(8, 3, 227162).
cost(8, 4, 426294).
cost(8, 5, 465333).
cost(8, 6, 298741).
cost(8, 7, 56360).
cost(8, 9, 456781).
cost(8, 10, 197461).
cost(8, 11, 396071).
cost(8, 12, 74050).
cost(8, 13, 324754).
cost(8, 14, 244285).
cost(8, 15, 293135).
cost(8, 16, 212222).
cost(8, 17, 403659).
cost(8, 18, 314640).
cost(8, 19, 193925).
cost(8, 20, 185217).
cost(8, 21, 275324).
cost(8, 22, 271840).
cost(8, 23, 106198).
cost(9, 1, 267319).
cost(9, 2, 208275).
cost(9, 3, 269057).
cost(9, 4, 576100).
cost(9, 5, 372783).
cost(9, 6, 185733).
cost(9, 7, 417947).
cost(9, 8, 456781).
cost(9, 10, 293247).
cost(9, 11, 71523).
cost(9, 12, 419233).
cost(9, 13, 584919).
cost(9, 14, 399576).
cost(9, 15, 317410).
cost(9, 16, 606206).
cost(9, 17, 479738).
cost(9, 18, 583454).
cost(9, 19, 371047).
cost(9, 20, 289688).
cost(9, 21, 409613).
cost(9, 22, 200897).
cost(9, 23, 479253).
cost(10, 1, 61932).
cost(10, 2, 151184).
cost(10, 3, 186399).
cost(10, 4, 521485).
cost(10, 5, 452739).
cost(10, 6, 199795).
cost(10, 7, 186065).
cost(10, 8, 197461).
cost(10, 9, 293247).
cost(10, 11, 249843).
cost(10, 12, 200748).
cost(10, 13, 460419).
cost(10, 14, 306560).
cost(10, 15, 292056).
cost(10, 16, 313033).
cost(10, 17, 460971).
cost(10, 18, 453301).
cost(10, 19, 87607).
cost(10, 20, 150931).
cost(10, 21, 335202).
cost(10, 22, 172103).
cost(10, 23, 269390).
cost(11, 1, 213015).
cost(11, 2, 141728).
cost(11, 3, 198585).
cost(11, 4, 508367).
cost(11, 5, 319385).
cost(11, 6, 114577).
cost(11, 7, 353867).
cost(11, 8, 396071).
cost(11, 9, 71523).
cost(11, 10, 249843).
cost(11, 12, 353443).
cost(11, 13, 513605).
cost(11, 14, 328158).
cost(11, 15, 247322).
cost(11, 16, 558822).
cost(11, 17, 414040).
cost(11, 18, 512038).
cost(11, 19, 333890).
cost(11, 20, 222205).
cost(11, 21, 338752).
cost(11, 22, 131793).
cost(11, 23, 411270).
cost(12, 1, 173067).
cost(12, 2, 211752).
cost(12, 3, 167443).
cost(12, 4, 361148).
cost(12, 5, 392088).
cost(12, 6, 246916).
cost(12, 7, 21996).
cost(12, 8, 74050).
cost(12, 9, 419233).
cost(12, 10, 200748).
cost(12, 11, 353443).
cost(12, 13, 272201).
cost(12, 14, 170710).
cost(12, 15, 221172).
cost(12, 16, 286256).
cost(12, 17, 331587).
cost(12, 18, 263383).
cost(12, 19, 227583).
cost(12, 20, 132095).
cost(12, 21, 202011).
cost(12, 22, 223096).
cost(12, 23, 69078).
cost(13, 1, 414730).
cost(13, 2, 398785).
cost(13, 3, 327516).
cost(13, 4, 136382).
cost(13, 5, 344591).
cost(13, 6, 402270).
cost(13, 7, 293087).
cost(13, 8, 324754).
cost(13, 9, 584919).
cost(13, 10, 460419).
cost(13, 11, 513605).
cost(13, 12, 272201).
cost(13, 14, 185657).
cost(13, 15, 271326).
cost(13, 16, 503946).
cost(13, 17, 191979).
cost(13, 18, 11912).
cost(13, 19, 499444).
cost(13, 20, 330982).
cost(13, 21, 177159).
cost(13, 22, 395887).
cost(13, 23, 218559).
cost(14, 1, 251192).
cost(14, 2, 216780).
cost(14, 3, 145494).
cost(14, 4, 215215).
cost(14, 5, 234208).
cost(14, 6, 216692).
cost(14, 7, 191113).
cost(14, 8, 244285).
cost(14, 9, 399576).
cost(14, 10, 306560).
cost(14, 11, 328158).
cost(14, 12, 170710).
cost(14, 13, 185657).
cost(14, 15, 93882).
cost(14, 16, 455706).
cost(14, 17, 163403).
cost(14, 18, 183881).
cost(14, 19, 366606).
cost(14, 20, 159926).
cost(14, 21, 31774).
cost(14, 22, 211748).
cost(14, 23, 168536).
cost(15, 1, 230563).
cost(15, 2, 164413).
cost(15, 3, 105948).
cost(15, 4, 264560).
cost(15, 5, 174162).
cost(15, 6, 145564).
cost(15, 7, 236776).
cost(15, 8, 293135).
cost(15, 9, 317410).
cost(15, 10, 292056).
cost(15, 11, 247322).
cost(15, 12, 221172).
cost(15, 13, 271326).
cost(15, 14, 93882).
cost(15, 16, 503320).
cost(15, 17, 179900).
cost(15, 18, 271466).
cost(15, 19, 367547).
cost(15, 20, 144142).
cost(15, 21, 94168).
cost(15, 22, 151654).
cost(15, 23, 242888).
cost(16, 1, 346954).
cost(16, 2, 434398).
cost(16, 3, 425488).
cost(16, 4, 622528).
cost(16, 5, 676652).
cost(16, 6, 482692).
cost(16, 7, 267872).
cost(16, 8, 212222).
cost(16, 9, 606206).
cost(16, 10, 313033).
cost(16, 11, 558822).
cost(16, 12, 286256).
cost(16, 13, 503946).
cost(16, 14, 455706).
cost(16, 15, 503320).
cost(16, 17, 612089).
cost(16, 18, 492459).
cost(16, 19, 244128).
cost(16, 20, 380063).
cost(16, 21, 486287).
cost(16, 22, 453488).
cost(16, 23, 299939).
cost(17, 1, 401712).
cost(17, 2, 344081).
cost(17, 3, 280896).
cost(17, 4, 103028).
cost(17, 5, 161055).
cost(17, 6, 323409).
cost(17, 7, 352744).
cost(17, 8, 403659).
cost(17, 9, 479738).
cost(17, 10, 460971).
cost(17, 11, 414040).
cost(17, 12, 331587).
cost(17, 13, 191979).
cost(17, 14, 163403).
cost(17, 15, 179900).
cost(17, 16, 612089).
cost(17, 18, 199973).
cost(17, 19, 527250).
cost(17, 20, 310135).
cost(17, 21, 131695).
cost(17, 22, 331512).
cost(17, 23, 314243).
cost(18, 1, 408577).
cost(18, 2, 395118).
cost(18, 3, 324051).
cost(18, 4, 147753).
cost(18, 5, 350585).
cost(18, 6, 400039).
cost(18, 7, 284064).
cost(18, 8, 314640).
cost(18, 9, 583454).
cost(18, 10, 453301).
cost(18, 11, 512038).
cost(18, 12, 263383).
cost(18, 13, 11912).
cost(18, 14, 183881).
cost(18, 15, 271466).
cost(18, 16, 492459).
cost(18, 17, 199973).
cost(18, 19, 490847).
cost(18, 20, 325960).
cost(18, 21, 177411).
cost(18, 22, 392821).
cost(18, 23, 208457).
cost(19, 1, 145062).
cost(19, 2, 237707).
cost(19, 3, 264405).
cost(19, 4, 577304).
cost(19, 5, 533960).
cost(19, 6, 286859).
cost(19, 7, 207554).
cost(19, 8, 193925).
cost(19, 9, 371047).
cost(19, 10, 87607).
cost(19, 11, 333890).
cost(19, 12, 227583).
cost(19, 13, 499444).
cost(19, 14, 366606).
cost(19, 15, 367547).
cost(19, 16, 244128).
cost(19, 17, 527250).
cost(19, 18, 490847).
cost(19, 20, 223419).
cost(19, 21, 397246).
cost(19, 22, 258695).
cost(19, 23, 289490).
cost(20, 1, 92097).
cost(20, 2, 81468).
cost(20, 3, 45855).
cost(20, 4, 374736).
cost(20, 5, 313427).
cost(20, 6, 115214).
cost(20, 7, 135603).
cost(20, 8, 185217).
cost(20, 9, 289688).
cost(20, 10, 150931).
cost(20, 11, 222205).
cost(20, 12, 132095).
cost(20, 13, 330982).
cost(20, 14, 159926).
cost(20, 15, 144142).
cost(20, 16, 380063).
cost(20, 17, 310135).
cost(20, 18, 325960).
cost(20, 19, 223419).
cost(20, 21, 186520).
cost(20, 22, 91072).
cost(20, 23, 189566).
cost(21, 1, 278475).
cost(21, 2, 236770).
cost(21, 3, 166722).
cost(21, 4, 188624).
cost(21, 5, 210887).
cost(21, 6, 230764).
cost(21, 7, 222611).
cost(21, 8, 275324).
cost(21, 9, 409613).
cost(21, 10, 335202).
cost(21, 11, 338752).
cost(21, 12, 202011).
cost(21, 13, 177159).
cost(21, 14, 31774).
cost(21, 15, 94168).
cost(21, 16, 486287).
cost(21, 17, 131695).
cost(21, 18, 177411).
cost(21, 19, 397246).
cost(21, 20, 186520).
cost(21, 22, 229444).
cost(21, 23, 195615).
cost(22, 1, 114721).
cost(22, 2, 20990).
cost(22, 3, 69707).
cost(22, 4, 413492).
cost(22, 5, 287971).
cost(22, 6, 29417).
cost(22, 7, 225433).
cost(22, 8, 271840).
cost(22, 9, 200897).
cost(22, 10, 172103).
cost(22, 11, 131793).
cost(22, 12, 223096).
cost(22, 13, 395887).
cost(22, 14, 211748).
cost(22, 15, 151654).
cost(22, 16, 453488).
cost(22, 17, 331512).
cost(22, 18, 392821).
cost(22, 19, 258695).
cost(22, 20, 91072).
cost(22, 21, 229444).
cost(22, 23, 279510).
cost(23, 1, 241449).
cost(23, 2, 271015).
cost(23, 3, 216507).
cost(23, 4, 324514).
cost(23, 5, 402240).
cost(23, 6, 300256).
cost(23, 7, 84116).
cost(23, 8, 106198).
cost(23, 9, 479253).
cost(23, 10, 269390).
cost(23, 11, 411270).
cost(23, 12, 69078).
cost(23, 13, 218559).
cost(23, 14, 168536).
cost(23, 15, 242888).
cost(23, 16, 299939).
cost(23, 17, 314243).
cost(23, 18, 208457).
cost(23, 19, 289490).
cost(23, 20, 189566).
cost(23, 21, 195615).
cost(23, 22, 279510).
nocross(1,12).
nocross(1,20).
nocross(2,1).
nocross(2,15).
nocross(2,21).
nocross(3,6).
nocross(3,12).
nocross(3,15).
nocross(3,21).
nocross(3,22).
nocross(4,15).
nocross(4,17).
nocross(4,21).
nocross(5,4).
nocross(5,13).
nocross(5,15).
nocross(5,17).
nocross(5,21).
nocross(6,15).
nocross(6,20).
nocross(6,22).
nocross(7,12).
nocross(7,13).
nocross(7,18).
nocross(7,23).
nocross(8,7).
nocross(8,12).
nocross(8,16).
nocross(8,23).
nocross(9,1).
nocross(9,2).
nocross(10,7).
nocross(10,8).
nocross(10,12).
nocross(10,20).
nocross(11,1).
nocross(11,2).
nocross(11,6).
nocross(11,22).
nocross(12,4).
nocross(12,7).
nocross(12,8).
nocross(12,13).
nocross(12,18).
nocross(12,20).
nocross(13,4).
nocross(13,12).
nocross(13,14).
nocross(13,15).
nocross(13,20).
nocross(13,21).
nocross(13,23).
nocross(14,4).
nocross(14,7).
nocross(14,12).
nocross(14,13).
nocross(14,15).
nocross(14,18).
nocross(14,21).
nocross(14,23).
nocross(15,4).
nocross(15,5).
nocross(15,12).
nocross(15,14).
nocross(15,20).
nocross(15,21).
nocross(16,8).
nocross(16,19).
nocross(16,23).
nocross(17,4).
nocross(17,5).
nocross(17,13).
nocross(17,15).
nocross(17,18).
nocross(17,21).
nocross(18,4).
nocross(18,12).
nocross(18,13).
nocross(18,15).
nocross(18,20).
nocross(18,21).
nocross(19,1).
nocross(19,8).
nocross(19,10).
nocross(20,2).
nocross(20,14).
nocross(20,15).
nocross(20,21).
nocross(21,4).
nocross(21,5).
nocross(21,12).
nocross(21,13).
nocross(21,14).
nocross(21,15).
nocross(21,18).
nocross(21,23).
nocross(22,2).
nocross(22,6).
nocross(22,15).
nocross(22,20).
nocross(23,7).
nocross(23,8).
nocross(23,12).
nocross(23,13).
nocross(23,18).
nocross(23,20).
