dimension(23).
point(1, -542019.0, -227915.0).
point(2, -307355.0, 375505.0).
point(3, 77015.0, -126485.0).
point(4, 130361.0, -95180.0).
point(5, 341154.0, -130784.0).
point(6, 148166.0, -149350.0).
point(7, 221900.0, -56594.0).
point(8, 302804.0, -53603.0).
point(9, -46632.0, -233838.0).
point(10, -168877.0, -50704.0).
point(11, -137933.0, -62248.0).
point(12, 13683.0, 61032.0).
point(13, -255517.0, -68866.0).
point(14, 185962.0, 455494.0).
point(15, 105252.0, 231083.0).
point(16, 94466.0, 88485.0).
point(17, 142799.0, -348373.0).
point(18, 104258.0, -101023.0).
point(19, 107479.0, -136688.0).
point(20, -175508.0, 221361.0).
point(21, -263644.0, -342246.0).
point(22, -117669.0, -318550.0).
point(23, 422716.0, -272408.0).
cost(1, 2, 647443).
cost(1, 3, 627289).
cost(1, 4, 685356).
cost(1, 5, 888498).
cost(1, 6, 694642).
cost(1, 7, 782894).
cost(1, 8, 862618).
cost(1, 9, 495422).
cost(1, 10, 413084).
cost(1, 11, 436728).
cost(1, 12, 626335).
cost(1, 13, 327689).
cost(1, 14, 998501).
cost(1, 15, 793498).
cost(1, 16, 710790).
cost(1, 17, 695331).
cost(1, 18, 658616).
cost(1, 19, 655873).
cost(1, 20, 579810).
cost(1, 21, 300939).
cost(1, 22, 433921).
cost(1, 23, 965760).
cost(2, 1, 647443).
cost(2, 3, 632245).
cost(2, 4, 642759).
cost(2, 5, 822735).
cost(2, 6, 694962).
cost(2, 7, 683243).
cost(2, 8, 745941).
cost(2, 9, 662779).
cost(2, 10, 448141).
cost(2, 11, 469395).
cost(2, 12, 449398).
cost(2, 13, 447384).
cost(2, 14, 499760).
cost(2, 15, 437152).
cost(2, 16, 493802).
cost(2, 17, 852431).
cost(2, 18, 629686).
cost(2, 19, 659112).
cost(2, 20, 202840).
cost(2, 21, 719081).
cost(2, 22, 719509).
cost(2, 23, 976112).
cost(3, 1, 627289).
cost(3, 2, 632245).
cost(3, 4, 61853).
cost(3, 5, 264174).
cost(3, 6, 74735).
cost(3, 7, 160861).
cost(3, 8, 237260).
cost(3, 9, 163748).
cost(3, 10, 257305).
cost(3, 11, 224341).
cost(3, 12, 197923).
cost(3, 13, 337487).
cost(3, 14, 592089).
cost(3, 15, 358681).
cost(3, 16, 215677).
cost(3, 17, 231434).
cost(3, 18, 37289).
cost(3, 19, 32127).
cost(3, 20, 429843).
cost(3, 21, 403239).
cost(3, 22, 273479).
cost(3, 23, 375237).
cost(4, 1, 685356).
cost(4, 2, 642759).
cost(4, 3, 61853).
cost(4, 5, 213779).
cost(4, 6, 57021).
cost(4, 7, 99339).
cost(4, 8, 177384).
cost(4, 9, 224839).
cost(4, 10, 302525).
cost(4, 11, 270308).
cost(4, 12, 194977).
cost(4, 13, 386774).
cost(4, 14, 553474).
cost(4, 15, 327228).
cost(4, 16, 187140).
cost(4, 17, 253498).
cost(4, 18, 26749).
cost(4, 19, 47397).
cost(4, 20, 440175).
cost(4, 21, 465061).
cost(4, 22, 333786).
cost(4, 23, 341879).
cost(5, 1, 888498).
cost(5, 2, 822735).
cost(5, 3, 264174).
cost(5, 4, 213779).
cost(5, 6, 193879).
cost(5, 7, 140448).
cost(5, 8, 86184).
cost(5, 9, 401246).
cost(5, 10, 516279).
cost(5, 11, 483964).
cost(5, 12, 379514).
cost(5, 13, 599875).
cost(5, 14, 606470).
cost(5, 15, 431969).
cost(5, 16, 330051).
cost(5, 17, 294431).
cost(5, 18, 238758).
cost(5, 19, 233750).
cost(5, 20, 625257).
cost(5, 21, 640700).
cost(5, 22, 495757).
cost(5, 23, 163431).
cost(6, 1, 694642).
cost(6, 2, 694962).
cost(6, 3, 74735).
cost(6, 4, 57021).
cost(6, 5, 193879).
cost(6, 7, 118492).
cost(6, 8, 181880).
cost(6, 9, 212331).
cost(6, 10, 332035).
cost(6, 11, 299064).
cost(6, 12, 249692).
cost(6, 13, 411628).
cost(6, 14, 606024).
cost(6, 15, 382846).
cost(6, 16, 243822).
cost(6, 17, 199095).
cost(6, 18, 65295).
cost(6, 19, 42612).
cost(6, 20, 492130).
cost(6, 21, 454749).
cost(6, 22, 315114).
cost(6, 23, 300867).
cost(7, 1, 782894).
cost(7, 2, 683243).
cost(7, 3, 160861).
cost(7, 4, 99339).
cost(7, 5, 140448).
cost(7, 6, 118492).
cost(7, 8, 80959).
cost(7, 9, 321753).
cost(7, 10, 390821).
cost(7, 11, 359877).
cost(7, 12, 239145).
cost(7, 13, 477575).
cost(7, 14, 513348).
cost(7, 15, 310427).
cost(7, 16, 193099).
cost(7, 17, 302311).
cost(7, 18, 125752).
cost(7, 19, 139668).
cost(7, 20, 484966).
cost(7, 21, 563338).
cost(7, 22, 428868).
cost(7, 23, 294793).
cost(8, 1, 862618).
cost(8, 2, 745941).
cost(8, 3, 237260).
cost(8, 4, 177384).
cost(8, 5, 86184).
cost(8, 6, 181880).
cost(8, 7, 80959).
cost(8, 9, 393180).
cost(8, 10, 471690).
cost(8, 11, 440822).
cost(8, 12, 311018).
cost(8, 13, 558530).
cost(8, 14, 522333).
cost(8, 15, 346515).
cost(8, 16, 252178).
cost(8, 17, 335397).
cost(8, 18, 204130).
cost(8, 19, 212262).
cost(8, 20, 551713).
cost(8, 21, 635750).
cost(8, 22, 496985).
cost(8, 23, 249509).
cost(9, 1, 495422).
cost(9, 2, 662779).
cost(9, 3, 163748).
cost(9, 4, 224839).
cost(9, 5, 401246).
cost(9, 6, 212331).
cost(9, 7, 321753).
cost(9, 8, 393180).
cost(9, 10, 220186).
cost(9, 11, 194368).
cost(9, 12, 300975).
cost(9, 13, 266174).
cost(9, 14, 727515).
cost(9, 15, 489102).
cost(9, 16, 351853).
cost(9, 17, 221365).
cost(9, 18, 201016).
cost(9, 19, 182177).
cost(9, 20, 473091).
cost(9, 21, 242583).
cost(9, 22, 110555).
cost(9, 23, 470930).
cost(10, 1, 413084).
cost(10, 2, 448141).
cost(10, 3, 257305).
cost(10, 4, 302525).
cost(10, 5, 516279).
cost(10, 6, 332035).
cost(10, 7, 390821).
cost(10, 8, 471690).
cost(10, 9, 220186).
cost(10, 11, 33027).
cost(10, 12, 214040).
cost(10, 13, 88523).
cost(10, 14, 618181).
cost(10, 15, 393129).
cost(10, 16, 297864).
cost(10, 17, 430986).
cost(10, 18, 277731).
cost(10, 19, 289423).
cost(10, 20, 272146).
cost(10, 21, 306558).
cost(10, 22, 272697).
cost(10, 23, 631771).
cost(11, 1, 436728).
cost(11, 2, 469395).
cost(11, 3, 224341).
cost(11, 4, 270308).
cost(11, 5, 483964).
cost(11, 6, 299064).
cost(11, 7, 359877).
cost(11, 8, 440822).
cost(11, 9, 194368).
cost(11, 10, 33027).
cost(11, 12, 195411).
cost(11, 13, 117770).
cost(11, 14, 610708).
cost(11, 15, 381028).
cost(11, 16, 277001).
cost(11, 17, 400847).
cost(11, 18, 245275).
cost(11, 19, 256453).
cost(11, 20, 286087).
cost(11, 21, 306924).
cost(11, 22, 257102).
cost(11, 23, 598744).
cost(12, 1, 626335).
cost(12, 2, 449398).
cost(12, 3, 197923).
cost(12, 4, 194977).
cost(12, 5, 379514).
cost(12, 6, 249692).
cost(12, 7, 239145).
cost(12, 8, 311018).
cost(12, 9, 300975).
cost(12, 10, 214040).
cost(12, 11, 195411).
cost(12, 13, 298902).
cost(12, 14, 430442).
cost(12, 15, 193138).
cost(12, 16, 85320).
cost(12, 17, 429282).
cost(12, 18, 185649).
cost(12, 19, 218840).
cost(12, 20, 247989).
cost(12, 21, 489432).
cost(12, 22, 401666).
cost(12, 23, 527722).
cost(13, 1, 327689).
cost(13, 2, 447384).
cost(13, 3, 337487).
cost(13, 4, 386774).
cost(13, 5, 599875).
cost(13, 6, 411628).
cost(13, 7, 477575).
cost(13, 8, 558530).
cost(13, 9, 266174).
cost(13, 10, 88523).
cost(13, 11, 117770).
cost(13, 12, 298902).
cost(13, 14, 685461).
cost(13, 15, 469173).
cost(13, 16, 383728).
cost(13, 17, 486600).
cost(13, 18, 361209).
cost(13, 19, 369278).
cost(13, 20, 301053).
cost(13, 21, 273501).
cost(13, 22, 285209).
cost(13, 23, 708117).
cost(14, 1, 998501).
cost(14, 2, 499760).
cost(14, 3, 592089).
cost(14, 4, 553474).
cost(14, 5, 606470).
cost(14, 6, 606024).
cost(14, 7, 513348).
cost(14, 8, 522333).
cost(14, 9, 727515).
cost(14, 10, 618181).
cost(14, 11, 610708).
cost(14, 12, 430442).
cost(14, 13, 685461).
cost(14, 15, 238484).
cost(14, 16, 378242).
cost(14, 17, 805025).
cost(14, 18, 562483).
cost(14, 19, 597360).
cost(14, 20, 430673).
cost(14, 21, 915715).
cost(14, 22, 831466).
cost(14, 23, 765437).
cost(15, 1, 793498).
cost(15, 2, 437152).
cost(15, 3, 358681).
cost(15, 4, 327228).
cost(15, 5, 431969).
cost(15, 6, 382846).
cost(15, 7, 310427).
cost(15, 8, 346515).
cost(15, 9, 489102).
cost(15, 10, 393129).
cost(15, 11, 381028).
cost(15, 12, 193138).
cost(15, 13, 469173).
cost(15, 14, 238484).
cost(15, 16, 143005).
cost(15, 17, 580671).
cost(15, 18, 332107).
cost(15, 19, 367778).
cost(15, 20, 280928).
cost(15, 21, 681755).
cost(15, 22, 593119).
cost(15, 23, 595220).
cost(16, 1, 710790).
cost(16, 2, 493802).
cost(16, 3, 215677).
cost(16, 4, 187140).
cost(16, 5, 330051).
cost(16, 6, 243822).
cost(16, 7, 193099).
cost(16, 8, 252178).
cost(16, 9, 351853).
cost(16, 10, 297864).
cost(16, 11, 277001).
cost(16, 12, 85320).
cost(16, 13, 383728).
cost(16, 14, 378242).
cost(16, 15, 143005).
cost(16, 17, 439524).
cost(16, 18, 189761).
cost(16, 19, 225549).
cost(16, 20, 300902).
cost(16, 21, 560154).
cost(16, 22, 458998).
cost(16, 23, 487844).
cost(17, 1, 695331).
cost(17, 2, 852431).
cost(17, 3, 231434).
cost(17, 4, 253498).
cost(17, 5, 294431).
cost(17, 6, 199095).
cost(17, 7, 302311).
cost(17, 8, 335397).
cost(17, 9, 221365).
cost(17, 10, 430986).
cost(17, 11, 400847).
cost(17, 12, 429282).
cost(17, 13, 486600).
cost(17, 14, 805025).
cost(17, 15, 580671).
cost(17, 16, 439524).
cost(17, 18, 250335).
cost(17, 19, 214611).
cost(17, 20, 652623).
cost(17, 21, 406489).
cost(17, 22, 262170).
cost(17, 23, 290042).
cost(18, 1, 658616).
cost(18, 2, 629686).
cost(18, 3, 37289).
cost(18, 4, 26749).
cost(18, 5, 238758).
cost(18, 6, 65295).
cost(18, 7, 125752).
cost(18, 8, 204130).
cost(18, 9, 201016).
cost(18, 10, 277731).
cost(18, 11, 245275).
cost(18, 12, 185649).
cost(18, 13, 361209).
cost(18, 14, 562483).
cost(18, 15, 332107).
cost(18, 16, 189761).
cost(18, 17, 250335).
cost(18, 19, 35810).
cost(18, 20, 426849).
cost(18, 21, 439932).
cost(18, 22, 310756).
cost(18, 23, 361647).
cost(19, 1, 655873).
cost(19, 2, 659112).
cost(19, 3, 32127).
cost(19, 4, 47397).
cost(19, 5, 233750).
cost(19, 6, 42612).
cost(19, 7, 139668).
cost(19, 8, 212262).
cost(19, 9, 182177).
cost(19, 10, 289423).
cost(19, 11, 256453).
cost(19, 12, 218840).
cost(19, 13, 369278).
cost(19, 14, 597360).
cost(19, 15, 367778).
cost(19, 16, 225549).
cost(19, 17, 214611).
cost(19, 18, 35810).
cost(19, 20, 456378).
cost(19, 21, 424248).
cost(19, 22, 289423).
cost(19, 23, 343212).
cost(20, 1, 579810).
cost(20, 2, 202840).
cost(20, 3, 429843).
cost(20, 4, 440175).
cost(20, 5, 625257).
cost(20, 6, 492130).
cost(20, 7, 484966).
cost(20, 8, 551713).
cost(20, 9, 473091).
cost(20, 10, 272146).
cost(20, 11, 286087).
cost(20, 12, 247989).
cost(20, 13, 301053).
cost(20, 14, 430673).
cost(20, 15, 280928).
cost(20, 16, 300902).
cost(20, 17, 652623).
cost(20, 18, 426849).
cost(20, 19, 456378).
cost(20, 21, 570457).
cost(20, 22, 543000).
cost(20, 23, 775680).
cost(21, 1, 300939).
cost(21, 2, 719081).
cost(21, 3, 403239).
cost(21, 4, 465061).
cost(21, 5, 640700).
cost(21, 6, 454749).
cost(21, 7, 563338).
cost(21, 8, 635750).
cost(21, 9, 242583).
cost(21, 10, 306558).
cost(21, 11, 306924).
cost(21, 12, 489432).
cost(21, 13, 273501).
cost(21, 14, 915715).
cost(21, 15, 681755).
cost(21, 16, 560154).
cost(21, 17, 406489).
cost(21, 18, 439932).
cost(21, 19, 424248).
cost(21, 20, 570457).
cost(21, 22, 147886).
cost(21, 23, 689904).
cost(22, 1, 433921).
cost(22, 2, 719509).
cost(22, 3, 273479).
cost(22, 4, 333786).
cost(22, 5, 495757).
cost(22, 6, 315114).
cost(22, 7, 428868).
cost(22, 8, 496985).
cost(22, 9, 110555).
cost(22, 10, 272697).
cost(22, 11, 257102).
cost(22, 12, 401666).
cost(22, 13, 285209).
cost(22, 14, 831466).
cost(22, 15, 593119).
cost(22, 16, 458998).
cost(22, 17, 262170).
cost(22, 18, 310756).
cost(22, 19, 289423).
cost(22, 20, 543000).
cost(22, 21, 147886).
cost(22, 23, 542351).
cost(23, 1, 965760).
cost(23, 2, 976112).
cost(23, 3, 375237).
cost(23, 4, 341879).
cost(23, 5, 163431).
cost(23, 6, 300867).
cost(23, 7, 294793).
cost(23, 8, 249509).
cost(23, 9, 470930).
cost(23, 10, 631771).
cost(23, 11, 598744).
cost(23, 12, 527722).
cost(23, 13, 708117).
cost(23, 14, 765437).
cost(23, 15, 595220).
cost(23, 16, 487844).
cost(23, 17, 290042).
cost(23, 18, 361647).
cost(23, 19, 343212).
cost(23, 20, 775680).
cost(23, 21, 689904).
cost(23, 22, 542351).
nocross(1,2).
nocross(1,9).
nocross(1,10).
nocross(1,11).
nocross(1,13).
nocross(1,21).
nocross(2,20).
nocross(3,4).
nocross(3,5).
nocross(3,9).
nocross(3,11).
nocross(3,17).
nocross(3,18).
nocross(4,5).
nocross(4,6).
nocross(4,8).
nocross(4,9).
nocross(4,12).
nocross(4,14).
nocross(5,4).
nocross(5,8).
nocross(5,17).
nocross(6,4).
nocross(6,5).
nocross(6,7).
nocross(6,8).
nocross(6,9).
nocross(6,14).
nocross(7,4).
nocross(7,5).
nocross(7,6).
nocross(7,8).
nocross(7,11).
nocross(7,14).
nocross(8,4).
nocross(8,5).
nocross(8,6).
nocross(8,7).
nocross(8,14).
nocross(9,1).
nocross(9,3).
nocross(9,10).
nocross(9,11).
nocross(9,13).
nocross(9,17).
nocross(10,1).
nocross(10,9).
nocross(10,11).
nocross(10,13).
nocross(10,14).
nocross(10,17).
nocross(10,20).
nocross(10,21).
nocross(11,9).
nocross(11,10).
nocross(11,17).
nocross(11,21).
nocross(12,4).
nocross(12,5).
nocross(12,7).
nocross(12,9).
nocross(12,10).
nocross(12,11).
nocross(12,20).
nocross(13,1).
nocross(13,9).
nocross(13,10).
nocross(13,11).
nocross(14,15).
nocross(15,4).
nocross(15,14).
nocross(15,20).
nocross(16,4).
nocross(16,7).
nocross(16,10).
nocross(16,11).
nocross(16,15).
nocross(17,4).
nocross(17,5).
nocross(17,6).
nocross(17,9).
nocross(17,11).
nocross(17,22).
nocross(17,23).
nocross(18,4).
nocross(18,5).
nocross(18,6).
nocross(18,7).
nocross(18,10).
nocross(18,11).
nocross(18,14).
nocross(19,5).
nocross(19,9).
nocross(19,14).
nocross(19,17).
nocross(20,2).
nocross(20,4).
nocross(20,9).
nocross(20,10).
nocross(20,11).
nocross(20,13).
nocross(20,14).
nocross(20,15).
nocross(21,9).
nocross(21,10).
nocross(21,11).
nocross(21,13).
nocross(21,22).
nocross(22,1).
nocross(22,5).
nocross(22,9).
nocross(22,10).
nocross(22,11).
nocross(22,13).
nocross(22,17).
nocross(22,21).
nocross(23,5).
nocross(23,17).
