dimension(23).
point(1, 308519.0, 86696.0).
point(2, 526766.0, 140468.0).
point(3, -30314.0, -52666.0).
point(4, -216951.0, -125686.0).
point(5, -110050.0, -143569.0).
point(6, 250343.0, -301663.0).
point(7, 217535.0, 166669.0).
point(8, -396763.0, -93405.0).
point(9, 279409.0, -68444.0).
point(10, -75208.0, 232955.0).
point(11, 70779.0, 31539.0).
point(12, 200080.0, 338045.0).
point(13, -183792.0, 165915.0).
point(14, -25762.0, -212959.0).
point(15, 26945.0, -37985.0).
point(16, 26733.0, -8737.0).
point(17, -82037.0, 176537.0).
point(18, 80587.0, -338338.0).
point(19, 468300.0, -74006.0).
point(20, -248277.0, 230334.0).
point(21, -190287.0, -188134.0).
point(22, 203847.0, 264816.0).
point(23, 84093.0, 18917.0).
cost(1, 2, 224774).
cost(1, 3, 366374).
cost(1, 4, 566767).
cost(1, 5, 477726).
cost(1, 6, 392692).
cost(1, 7, 121135).
cost(1, 8, 727914).
cost(1, 9, 157847).
cost(1, 10, 410656).
cost(1, 11, 244055).
cost(1, 12, 273743).
cost(1, 13, 498644).
cost(1, 14, 448929).
cost(1, 15, 307944).
cost(1, 16, 297508).
cost(1, 17, 400756).
cost(1, 18, 482293).
cost(1, 19, 226617).
cost(1, 20, 575025).
cost(1, 21, 569508).
cost(1, 22, 206599).
cost(1, 23, 234438).
cost(2, 1, 224774).
cost(2, 3, 589609).
cost(2, 4, 789907).
cost(2, 5, 697289).
cost(2, 6, 521430).
cost(2, 7, 310339).
cost(2, 8, 952682).
cost(2, 9, 323774).
cost(2, 10, 609037).
cost(2, 11, 468817).
cost(2, 12, 381786).
cost(2, 13, 711014).
cost(2, 14, 655895).
cost(2, 15, 530723).
cost(2, 16, 521819).
cost(2, 17, 609871).
cost(2, 18, 654470).
cost(2, 19, 222300).
cost(2, 20, 780236).
cost(2, 21, 788761).
cost(2, 22, 346033).
cost(2, 23, 459058).
cost(3, 1, 366374).
cost(3, 2, 589609).
cost(3, 4, 200413).
cost(3, 5, 120918).
cost(3, 6, 375190).
cost(3, 7, 330964).
cost(3, 8, 368707).
cost(3, 9, 310125).
cost(3, 10, 289128).
cost(3, 11, 131569).
cost(3, 12, 453582).
cost(3, 13, 267083).
cost(3, 14, 160358).
cost(3, 15, 59111).
cost(3, 16, 72001).
cost(3, 17, 234967).
cost(3, 18, 306443).
cost(3, 19, 499070).
cost(3, 20, 357207).
cost(3, 21, 209626).
cost(3, 22, 394495).
cost(3, 23, 134956).
cost(4, 1, 566767).
cost(4, 2, 789907).
cost(4, 3, 200413).
cost(4, 5, 108386).
cost(4, 6, 499331).
cost(4, 7, 523688).
cost(4, 8, 182687).
cost(4, 9, 499650).
cost(4, 10, 385635).
cost(4, 11, 327885).
cost(4, 12, 623668).
cost(4, 13, 293480).
cost(4, 14, 210166).
cost(4, 15, 259185).
cost(4, 16, 270294).
cost(4, 17, 330969).
cost(4, 18, 365718).
cost(4, 19, 687197).
cost(4, 20, 357396).
cost(4, 21, 67902).
cost(4, 22, 574076).
cost(4, 23, 333972).
cost(5, 1, 477726).
cost(5, 2, 697289).
cost(5, 3, 120918).
cost(5, 4, 108386).
cost(5, 6, 393544).
cost(5, 7, 451176).
cost(5, 8, 291068).
cost(5, 9, 396638).
cost(5, 10, 378133).
cost(5, 11, 251718).
cost(5, 12, 572829).
cost(5, 13, 318148).
cost(5, 14, 109176).
cost(5, 15, 172961).
cost(5, 16, 192066).
cost(5, 17, 321329).
cost(5, 18, 272539).
cost(5, 19, 582518).
cost(5, 20, 398635).
cost(5, 21, 91782).
cost(5, 22, 515082).
cost(5, 23, 253166).
cost(6, 1, 392692).
cost(6, 2, 521430).
cost(6, 3, 375190).
cost(6, 4, 499331).
cost(6, 5, 393544).
cost(6, 7, 469480).
cost(6, 8, 679792).
cost(6, 9, 235023).
cost(6, 10, 625939).
cost(6, 11, 378506).
cost(6, 12, 641680).
cost(6, 13, 638046).
cost(6, 14, 290004).
cost(6, 15, 345590).
cost(6, 16, 368520).
cost(6, 17, 582367).
cost(6, 18, 173673).
cost(6, 19, 315171).
cost(6, 20, 729138).
cost(6, 21, 455020).
cost(6, 22, 568384).
cost(6, 23, 361124).
cost(7, 1, 121135).
cost(7, 2, 310339).
cost(7, 3, 330964).
cost(7, 4, 523688).
cost(7, 5, 451176).
cost(7, 6, 469480).
cost(7, 8, 667084).
cost(7, 9, 243118).
cost(7, 10, 300154).
cost(7, 11, 199493).
cost(7, 12, 172263).
cost(7, 13, 401328).
cost(7, 14, 450900).
cost(7, 15, 279657).
cost(7, 16, 259177).
cost(7, 17, 299734).
cost(7, 18, 523246).
cost(7, 19, 347574).
cost(7, 20, 470143).
cost(7, 21, 540559).
cost(7, 22, 99097).
cost(7, 23, 199091).
cost(8, 1, 727914).
cost(8, 2, 952682).
cost(8, 3, 368707).
cost(8, 4, 182687).
cost(8, 5, 291068).
cost(8, 6, 679792).
cost(8, 7, 667084).
cost(8, 9, 676633).
cost(8, 10, 458158).
cost(8, 11, 483949).
cost(8, 12, 736458).
cost(8, 13, 335564).
cost(8, 14, 389788).
cost(8, 15, 427317).
cost(8, 16, 431877).
cost(8, 17, 414634).
cost(8, 18, 536521).
cost(8, 19, 865280).
cost(8, 20, 356167).
cost(8, 21, 227169).
cost(8, 22, 699324).
cost(8, 23, 493800).
cost(9, 1, 157847).
cost(9, 2, 323774).
cost(9, 3, 310125).
cost(9, 4, 499650).
cost(9, 5, 396638).
cost(9, 6, 235023).
cost(9, 7, 243118).
cost(9, 8, 676633).
cost(9, 10, 465397).
cost(9, 11, 231351).
cost(9, 12, 414157).
cost(9, 13, 519114).
cost(9, 14, 337659).
cost(9, 15, 254295).
cost(9, 16, 259635).
cost(9, 17, 436645).
cost(9, 18, 335221).
cost(9, 19, 188973).
cost(9, 20, 606400).
cost(9, 21, 484706).
cost(9, 22, 341719).
cost(9, 23, 213963).
cost(10, 1, 410656).
cost(10, 2, 609037).
cost(10, 3, 289128).
cost(10, 4, 385635).
cost(10, 5, 378133).
cost(10, 6, 625939).
cost(10, 7, 300154).
cost(10, 8, 458158).
cost(10, 9, 465397).
cost(10, 11, 248758).
cost(10, 12, 294665).
cost(10, 13, 127612).
cost(10, 14, 448647).
cost(10, 15, 289558).
cost(10, 16, 262311).
cost(10, 17, 56830).
cost(10, 18, 592155).
cost(10, 19, 624200).
cost(10, 20, 173089).
cost(10, 21, 436531).
cost(10, 22, 280868).
cost(10, 23, 266813).
cost(11, 1, 244055).
cost(11, 2, 468817).
cost(11, 3, 131569).
cost(11, 4, 327885).
cost(11, 5, 251718).
cost(11, 6, 378506).
cost(11, 7, 199493).
cost(11, 8, 483949).
cost(11, 9, 231351).
cost(11, 10, 248758).
cost(11, 12, 332663).
cost(11, 13, 287860).
cost(11, 14, 262868).
cost(11, 15, 82189).
cost(11, 16, 59684).
cost(11, 17, 210659).
cost(11, 18, 370007).
cost(11, 19, 411294).
cost(11, 20, 375920).
cost(11, 21, 341192).
cost(11, 22, 268561).
cost(11, 23, 18346).
cost(12, 1, 273743).
cost(12, 2, 381786).
cost(12, 3, 453582).
cost(12, 4, 623668).
cost(12, 5, 572829).
cost(12, 6, 641680).
cost(12, 7, 172263).
cost(12, 8, 736458).
cost(12, 9, 414157).
cost(12, 10, 294665).
cost(12, 11, 332663).
cost(12, 13, 420698).
cost(12, 14, 595491).
cost(12, 15, 413974).
cost(12, 16, 387694).
cost(12, 17, 325077).
cost(12, 18, 686857).
cost(12, 19, 491658).
cost(12, 20, 461113).
cost(12, 21, 655172).
cost(12, 22, 73326).
cost(12, 23, 339552).
cost(13, 1, 498644).
cost(13, 2, 711014).
cost(13, 3, 267083).
cost(13, 4, 293480).
cost(13, 5, 318148).
cost(13, 6, 638046).
cost(13, 7, 401328).
cost(13, 8, 335564).
cost(13, 9, 519114).
cost(13, 10, 127612).
cost(13, 11, 287860).
cost(13, 12, 420698).
cost(13, 14, 410511).
cost(13, 15, 293232).
cost(13, 16, 273540).
cost(13, 17, 102308).
cost(13, 18, 569357).
cost(13, 19, 694828).
cost(13, 20, 91149).
cost(13, 21, 354109).
cost(13, 22, 400057).
cost(13, 23, 305566).
cost(14, 1, 448929).
cost(14, 2, 655895).
cost(14, 3, 160358).
cost(14, 4, 210166).
cost(14, 5, 109176).
cost(14, 6, 290004).
cost(14, 7, 450900).
cost(14, 8, 389788).
cost(14, 9, 337659).
cost(14, 10, 448647).
cost(14, 11, 262868).
cost(14, 12, 595491).
cost(14, 13, 410511).
cost(14, 15, 182740).
cost(14, 16, 210861).
cost(14, 17, 393540).
cost(14, 18, 164408).
cost(14, 19, 513230).
cost(14, 20, 496006).
cost(14, 21, 166387).
cost(14, 22, 530084).
cost(14, 23, 256583).
cost(15, 1, 307944).
cost(15, 2, 530723).
cost(15, 3, 59111).
cost(15, 4, 259185).
cost(15, 5, 172961).
cost(15, 6, 345590).
cost(15, 7, 279657).
cost(15, 8, 427317).
cost(15, 9, 254295).
cost(15, 10, 289558).
cost(15, 11, 82189).
cost(15, 12, 413974).
cost(15, 13, 293232).
cost(15, 14, 182740).
cost(15, 16, 29249).
cost(15, 17, 240617).
cost(15, 18, 305106).
cost(15, 19, 442822).
cost(15, 20, 384373).
cost(15, 21, 264073).
cost(15, 22, 350689).
cost(15, 23, 80646).
cost(16, 1, 297508).
cost(16, 2, 521819).
cost(16, 3, 72001).
cost(16, 4, 270294).
cost(16, 5, 192066).
cost(16, 6, 368520).
cost(16, 7, 259177).
cost(16, 8, 431877).
cost(16, 9, 259635).
cost(16, 10, 262311).
cost(16, 11, 59684).
cost(16, 12, 387694).
cost(16, 13, 273540).
cost(16, 14, 210861).
cost(16, 15, 29249).
cost(16, 17, 214843).
cost(16, 18, 333972).
cost(16, 19, 446365).
cost(16, 20, 364397).
cost(16, 21, 281569).
cost(16, 22, 325884).
cost(16, 23, 63678).
cost(17, 1, 400756).
cost(17, 2, 609871).
cost(17, 3, 234967).
cost(17, 4, 330969).
cost(17, 5, 321329).
cost(17, 6, 582367).
cost(17, 7, 299734).
cost(17, 8, 414634).
cost(17, 9, 436645).
cost(17, 10, 56830).
cost(17, 11, 210659).
cost(17, 12, 325077).
cost(17, 13, 102308).
cost(17, 14, 393540).
cost(17, 15, 240617).
cost(17, 16, 214843).
cost(17, 18, 539947).
cost(17, 19, 604684).
cost(17, 20, 174728).
cost(17, 21, 380398).
cost(17, 22, 299204).
cost(17, 23, 229005).
cost(18, 1, 482293).
cost(18, 2, 654470).
cost(18, 3, 306443).
cost(18, 4, 365718).
cost(18, 5, 272539).
cost(18, 6, 173673).
cost(18, 7, 523246).
cost(18, 8, 536521).
cost(18, 9, 335221).
cost(18, 10, 592155).
cost(18, 11, 370007).
cost(18, 12, 686857).
cost(18, 13, 569357).
cost(18, 14, 164408).
cost(18, 15, 305106).
cost(18, 16, 333972).
cost(18, 17, 539947).
cost(18, 19, 469247).
cost(18, 20, 656917).
cost(18, 21, 309732).
cost(18, 22, 615620).
cost(18, 23, 357272).
cost(19, 1, 226617).
cost(19, 2, 222300).
cost(19, 3, 499070).
cost(19, 4, 687197).
cost(19, 5, 582518).
cost(19, 6, 315171).
cost(19, 7, 347574).
cost(19, 8, 865280).
cost(19, 9, 188973).
cost(19, 10, 624200).
cost(19, 11, 411294).
cost(19, 12, 491658).
cost(19, 13, 694828).
cost(19, 14, 513230).
cost(19, 15, 442822).
cost(19, 16, 446365).
cost(19, 17, 604684).
cost(19, 18, 469247).
cost(19, 20, 778528).
cost(19, 21, 668403).
cost(19, 22, 429809).
cost(19, 23, 395284).
cost(20, 1, 575025).
cost(20, 2, 780236).
cost(20, 3, 357207).
cost(20, 4, 357396).
cost(20, 5, 398635).
cost(20, 6, 729138).
cost(20, 7, 470143).
cost(20, 8, 356167).
cost(20, 9, 606400).
cost(20, 10, 173089).
cost(20, 11, 375920).
cost(20, 12, 461113).
cost(20, 13, 91149).
cost(20, 14, 496006).
cost(20, 15, 384373).
cost(20, 16, 364397).
cost(20, 17, 174728).
cost(20, 18, 656917).
cost(20, 19, 778528).
cost(20, 21, 422467).
cost(20, 22, 453437).
cost(20, 23, 393912).
cost(21, 1, 569508).
cost(21, 2, 788761).
cost(21, 3, 209626).
cost(21, 4, 67902).
cost(21, 5, 91782).
cost(21, 6, 455020).
cost(21, 7, 540559).
cost(21, 8, 227169).
cost(21, 9, 484706).
cost(21, 10, 436531).
cost(21, 11, 341192).
cost(21, 12, 655172).
cost(21, 13, 354109).
cost(21, 14, 166387).
cost(21, 15, 264073).
cost(21, 16, 281569).
cost(21, 17, 380398).
cost(21, 18, 309732).
cost(21, 19, 668403).
cost(21, 20, 422467).
cost(21, 22, 600421).
cost(21, 23, 343736).
cost(22, 1, 206599).
cost(22, 2, 346033).
cost(22, 3, 394495).
cost(22, 4, 574076).
cost(22, 5, 515082).
cost(22, 6, 568384).
cost(22, 7, 99097).
cost(22, 8, 699324).
cost(22, 9, 341719).
cost(22, 10, 280868).
cost(22, 11, 268561).
cost(22, 12, 73326).
cost(22, 13, 400057).
cost(22, 14, 530084).
cost(22, 15, 350689).
cost(22, 16, 325884).
cost(22, 17, 299204).
cost(22, 18, 615620).
cost(22, 19, 429809).
cost(22, 20, 453437).
cost(22, 21, 600421).
cost(22, 23, 273509).
cost(23, 1, 234438).
cost(23, 2, 459058).
cost(23, 3, 134956).
cost(23, 4, 333972).
cost(23, 5, 253166).
cost(23, 6, 361124).
cost(23, 7, 199091).
cost(23, 8, 493800).
cost(23, 9, 213963).
cost(23, 10, 266813).
cost(23, 11, 18346).
cost(23, 12, 339552).
cost(23, 13, 305566).
cost(23, 14, 256583).
cost(23, 15, 80646).
cost(23, 16, 63678).
cost(23, 17, 229005).
cost(23, 18, 357272).
cost(23, 19, 395284).
cost(23, 20, 393912).
cost(23, 21, 343736).
cost(23, 22, 273509).
nocross(1,2).
nocross(1,14).
nocross(1,19).
nocross(2,1).
nocross(2,7).
nocross(2,12).
nocross(2,19).
nocross(2,22).
nocross(3,4).
nocross(3,6).
nocross(3,8).
nocross(3,15).
nocross(3,16).
nocross(4,14).
nocross(4,21).
nocross(5,4).
nocross(5,21).
nocross(6,14).
nocross(6,18).
nocross(6,19).
nocross(7,1).
nocross(7,2).
nocross(7,10).
nocross(7,11).
nocross(7,22).
nocross(7,23).
nocross(8,4).
nocross(9,1).
nocross(9,2).
nocross(9,6).
nocross(9,7).
nocross(9,14).
nocross(10,7).
nocross(10,12).
nocross(10,13).
nocross(10,17).
nocross(10,20).
nocross(10,22).
nocross(11,6).
nocross(11,7).
nocross(11,12).
nocross(11,22).
nocross(12,1).
nocross(12,7).
nocross(13,8).
nocross(13,10).
nocross(13,17).
nocross(14,5).
nocross(15,6).
nocross(15,9).
nocross(15,11).
nocross(15,17).
nocross(15,23).
nocross(16,1).
nocross(16,6).
nocross(16,9).
nocross(16,12).
nocross(16,17).
nocross(17,7).
nocross(17,8).
nocross(17,10).
nocross(17,12).
nocross(17,22).
nocross(18,6).
nocross(19,1).
nocross(19,2).
nocross(19,6).
nocross(19,12).
nocross(19,14).
nocross(20,10).
nocross(20,13).
nocross(20,17).
nocross(21,4).
nocross(21,5).
nocross(21,14).
nocross(21,18).
nocross(22,2).
nocross(22,12).
nocross(23,1).
nocross(23,2).
nocross(23,6).
nocross(23,9).
nocross(23,15).
nocross(23,16).
