dimension(23).
point(1, 182396.0, -136048.0).
point(2, -169648.0, 53373.0).
point(3, 215587.0, -171981.0).
point(4, 110425.0, 218244.0).
point(5, -105591.0, 53407.0).
point(6, 115092.0, 949208.0).
point(7, 208685.0, 170713.0).
point(8, -216751.0, -135185.0).
point(9, 263915.0, -184777.0).
point(10, -94573.0, -243499.0).
point(11, 54320.0, -64923.0).
point(12, -105645.0, -85593.0).
point(13, -120802.0, 53977.0).
point(14, -289390.0, -126737.0).
point(15, -144607.0, -85087.0).
point(16, 60536.0, -114772.0).
point(17, 258272.0, 248822.0).
point(18, 38109.0, -156725.0).
point(19, 28313.0, 61610.0).
point(20, -178330.0, 449721.0).
point(21, -179679.0, -237643.0).
point(22, -396877.0, 264643.0).
point(23, -277612.0, 104813.0).
cost(1, 2, 399769).
cost(1, 3, 48916).
cost(1, 4, 361528).
cost(1, 5, 344717).
cost(1, 6, 1087341).
cost(1, 7, 307885).
cost(1, 8, 399148).
cost(1, 9, 94973).
cost(1, 10, 297082).
cost(1, 11, 146500).
cost(1, 12, 292427).
cost(1, 13, 357825).
cost(1, 14, 471878).
cost(1, 15, 330950).
cost(1, 16, 123703).
cost(1, 17, 392278).
cost(1, 18, 145761).
cost(1, 19, 250620).
cost(1, 20, 687931).
cost(1, 21, 376058).
cost(1, 22, 704351).
cost(1, 23, 519251).
cost(2, 1, 399769).
cost(2, 3, 446308).
cost(2, 4, 324997).
cost(2, 5, 64057).
cost(2, 6, 939999).
cost(2, 7, 396112).
cost(2, 8, 194352).
cost(2, 9, 494664).
cost(2, 10, 306218).
cost(2, 11, 253290).
cost(2, 12, 152997).
cost(2, 13, 48850).
cost(2, 14, 216282).
cost(2, 15, 140706).
cost(2, 16, 285057).
cost(2, 17, 470442).
cost(2, 18, 295473).
cost(2, 19, 198132).
cost(2, 20, 396443).
cost(2, 21, 291189).
cost(2, 22, 310271).
cost(2, 23, 119592).
cost(3, 1, 48916).
cost(3, 2, 446308).
cost(3, 4, 404147).
cost(3, 5, 392371).
cost(3, 6, 1125684).
cost(3, 7, 342763).
cost(3, 8, 433901).
cost(3, 9, 49993).
cost(3, 10, 318299).
cost(3, 11, 193568).
cost(3, 12, 332645).
cost(3, 13, 405234).
cost(3, 14, 507000).
cost(3, 15, 370527).
cost(3, 16, 165269).
cost(3, 17, 422962).
cost(3, 18, 178132).
cost(3, 19, 299393).
cost(3, 20, 735992).
cost(3, 21, 400683).
cost(3, 22, 752165).
cost(3, 23, 565562).
cost(4, 1, 361528).
cost(4, 2, 324997).
cost(4, 3, 404147).
cost(4, 5, 271724).
cost(4, 6, 730979).
cost(4, 7, 109152).
cost(4, 8, 481618).
cost(4, 9, 431260).
cost(4, 10, 505204).
cost(4, 11, 288672).
cost(4, 12, 372831).
cost(4, 13, 283636).
cost(4, 14, 528076).
cost(4, 15, 396297).
cost(4, 16, 336732).
cost(4, 17, 150976).
cost(4, 18, 381879).
cost(4, 19, 176852).
cost(4, 20, 370082).
cost(4, 21, 540364).
cost(4, 22, 509419).
cost(4, 23, 404276).
cost(5, 1, 344717).
cost(5, 2, 64057).
cost(5, 3, 392371).
cost(5, 4, 271724).
cost(5, 6, 922584).
cost(5, 7, 335455).
cost(5, 8, 218914).
cost(5, 9, 439621).
cost(5, 10, 297110).
cost(5, 11, 198931).
cost(5, 12, 139000).
cost(5, 13, 15222).
cost(5, 14, 257360).
cost(5, 15, 143885).
cost(5, 16, 236394).
cost(5, 17, 413017).
cost(5, 18, 254569).
cost(5, 19, 134155).
cost(5, 20, 402934).
cost(5, 21, 300332).
cost(5, 22, 359817).
cost(5, 23, 179538).
cost(6, 1, 1087341).
cost(6, 2, 939999).
cost(6, 3, 1125684).
cost(6, 4, 730979).
cost(6, 5, 922584).
cost(6, 7, 784101).
cost(6, 8, 1134032).
cost(6, 9, 1143709).
cost(6, 10, 1210995).
cost(6, 11, 1015950).
cost(6, 12, 1058082).
cost(6, 13, 925789).
cost(6, 14, 1149462).
cost(6, 15, 1066400).
cost(6, 16, 1065378).
cost(6, 17, 714871).
cost(6, 18, 1108609).
cost(6, 19, 891830).
cost(6, 20, 579296).
cost(6, 21, 1222909).
cost(6, 22, 854834).
cost(6, 23, 931246).
cost(7, 1, 307885).
cost(7, 2, 396112).
cost(7, 3, 342763).
cost(7, 4, 109152).
cost(7, 5, 335455).
cost(7, 6, 784101).
cost(7, 8, 523994).
cost(7, 9, 359755).
cost(7, 10, 513359).
cost(7, 11, 281696).
cost(7, 12, 405581).
cost(7, 13, 349555).
cost(7, 14, 580134).
cost(7, 15, 436175).
cost(7, 16, 321636).
cost(7, 17, 92520).
cost(7, 18, 369204).
cost(7, 19, 210802).
cost(7, 20, 477102).
cost(7, 21, 563543).
cost(7, 22, 612804).
cost(7, 23, 490742).
cost(8, 1, 399148).
cost(8, 2, 194352).
cost(8, 3, 433901).
cost(8, 4, 481618).
cost(8, 5, 218914).
cost(8, 6, 1134032).
cost(8, 7, 523994).
cost(8, 9, 483218).
cost(8, 10, 163277).
cost(8, 11, 280029).
cost(8, 12, 121671).
cost(8, 13, 212105).
cost(8, 14, 73129).
cost(8, 15, 87833).
cost(8, 16, 278037).
cost(8, 17, 610826).
cost(8, 18, 255769).
cost(8, 19, 314300).
cost(8, 20, 586167).
cost(8, 21, 108959).
cost(8, 22, 438529).
cost(8, 23, 247595).
cost(9, 1, 94973).
cost(9, 2, 494664).
cost(9, 3, 49993).
cost(9, 4, 431260).
cost(9, 5, 439621).
cost(9, 6, 1143709).
cost(9, 7, 359755).
cost(9, 8, 483218).
cost(9, 10, 363266).
cost(9, 11, 241444).
cost(9, 12, 382638).
cost(9, 13, 452781).
cost(9, 14, 556341).
cost(9, 15, 420510).
cost(9, 16, 215090).
cost(9, 17, 433636).
cost(9, 18, 227542).
cost(9, 19, 340903).
cost(9, 20, 773413).
cost(9, 21, 446733).
cost(9, 22, 799140).
cost(9, 23, 614096).
cost(10, 1, 297082).
cost(10, 2, 306218).
cost(10, 3, 318299).
cost(10, 4, 505204).
cost(10, 5, 297110).
cost(10, 6, 1210995).
cost(10, 7, 513359).
cost(10, 8, 163277).
cost(10, 9, 363266).
cost(10, 11, 232505).
cost(10, 12, 158294).
cost(10, 13, 298630).
cost(10, 14, 227128).
cost(10, 15, 166126).
cost(10, 16, 201567).
cost(10, 17, 605706).
cost(10, 18, 158538).
cost(10, 19, 328926).
cost(10, 20, 698262).
cost(10, 21, 85307).
cost(10, 22, 591266).
cost(10, 23, 393477).
cost(11, 1, 146500).
cost(11, 2, 253290).
cost(11, 3, 193568).
cost(11, 4, 288672).
cost(11, 5, 198931).
cost(11, 6, 1015950).
cost(11, 7, 281696).
cost(11, 8, 280029).
cost(11, 9, 241444).
cost(11, 10, 232505).
cost(11, 12, 161295).
cost(11, 13, 211672).
cost(11, 14, 349224).
cost(11, 15, 199946).
cost(11, 16, 50235).
cost(11, 17, 374209).
cost(11, 18, 93222).
cost(11, 19, 129178).
cost(11, 20, 564787).
cost(11, 21, 290840).
cost(11, 22, 558742).
cost(11, 23, 372813).
cost(12, 1, 292427).
cost(12, 2, 152997).
cost(12, 3, 332645).
cost(12, 4, 372831).
cost(12, 5, 139000).
cost(12, 6, 1058082).
cost(12, 7, 405581).
cost(12, 8, 121671).
cost(12, 9, 382638).
cost(12, 10, 158294).
cost(12, 11, 161295).
cost(12, 13, 140391).
cost(12, 14, 188295).
cost(12, 15, 38965).
cost(12, 16, 168723).
cost(12, 17, 494236).
cost(12, 18, 160390).
cost(12, 19, 199031).
cost(12, 20, 540226).
cost(12, 21, 169116).
cost(12, 22, 455501).
cost(12, 23, 256568).
cost(13, 1, 357825).
cost(13, 2, 48850).
cost(13, 3, 405234).
cost(13, 4, 283636).
cost(13, 5, 15222).
cost(13, 6, 925789).
cost(13, 7, 349555).
cost(13, 8, 212105).
cost(13, 9, 452781).
cost(13, 10, 298630).
cost(13, 11, 211672).
cost(13, 12, 140391).
cost(13, 14, 247143).
cost(13, 15, 141087).
cost(13, 16, 247709).
cost(13, 17, 426218).
cost(13, 18, 263909).
cost(13, 19, 149310).
cost(13, 20, 399903).
cost(13, 21, 297504).
cost(13, 22, 347272).
cost(13, 23, 164844).
cost(14, 1, 471878).
cost(14, 2, 216282).
cost(14, 3, 507000).
cost(14, 4, 528076).
cost(14, 5, 257360).
cost(14, 6, 1149462).
cost(14, 7, 580134).
cost(14, 8, 73129).
cost(14, 9, 556341).
cost(14, 10, 227128).
cost(14, 11, 349224).
cost(14, 12, 188295).
cost(14, 13, 247143).
cost(14, 15, 150655).
cost(14, 16, 350130).
cost(14, 17, 664062).
cost(14, 18, 328869).
cost(14, 19, 369337).
cost(14, 20, 587059).
cost(14, 21, 156002).
cost(14, 22, 405872).
cost(14, 23, 231849).
cost(15, 1, 330950).
cost(15, 2, 140706).
cost(15, 3, 370527).
cost(15, 4, 396297).
cost(15, 5, 143885).
cost(15, 6, 1066400).
cost(15, 7, 436175).
cost(15, 8, 87833).
cost(15, 9, 420510).
cost(15, 10, 166126).
cost(15, 11, 199946).
cost(15, 12, 38965).
cost(15, 13, 141087).
cost(15, 14, 150655).
cost(15, 16, 207280).
cost(15, 17, 523265).
cost(15, 18, 196258).
cost(15, 19, 226763).
cost(15, 20, 535870).
cost(15, 21, 156536).
cost(15, 22, 431221).
cost(15, 23, 231846).
cost(16, 1, 123703).
cost(16, 2, 285057).
cost(16, 3, 165269).
cost(16, 4, 336732).
cost(16, 5, 236394).
cost(16, 6, 1065378).
cost(16, 7, 321636).
cost(16, 8, 278037).
cost(16, 9, 215090).
cost(16, 10, 201567).
cost(16, 11, 50235).
cost(16, 12, 168723).
cost(16, 13, 247709).
cost(16, 14, 350130).
cost(16, 15, 207280).
cost(16, 17, 413884).
cost(16, 18, 47571).
cost(16, 19, 179301).
cost(16, 20, 612951).
cost(16, 21, 269816).
cost(16, 22, 594292).
cost(16, 23, 403189).
cost(17, 1, 392278).
cost(17, 2, 470442).
cost(17, 3, 422962).
cost(17, 4, 150976).
cost(17, 5, 413017).
cost(17, 6, 714871).
cost(17, 7, 92520).
cost(17, 8, 610826).
cost(17, 9, 433636).
cost(17, 10, 605706).
cost(17, 11, 374209).
cost(17, 12, 494236).
cost(17, 13, 426218).
cost(17, 14, 664062).
cost(17, 15, 523265).
cost(17, 16, 413884).
cost(17, 18, 461454).
cost(17, 19, 296529).
cost(17, 20, 480606).
cost(17, 21, 654560).
cost(17, 22, 655340).
cost(17, 23, 554897).
cost(18, 1, 145761).
cost(18, 2, 295473).
cost(18, 3, 178132).
cost(18, 4, 381879).
cost(18, 5, 254569).
cost(18, 6, 1108609).
cost(18, 7, 369204).
cost(18, 8, 255769).
cost(18, 9, 227542).
cost(18, 10, 158538).
cost(18, 11, 93222).
cost(18, 12, 160390).
cost(18, 13, 263909).
cost(18, 14, 328869).
cost(18, 15, 196258).
cost(18, 16, 47571).
cost(18, 17, 461454).
cost(18, 19, 218555).
cost(18, 20, 643912).
cost(18, 21, 232335).
cost(18, 22, 605610).
cost(18, 23, 409978).
cost(19, 1, 250620).
cost(19, 2, 198132).
cost(19, 3, 299393).
cost(19, 4, 176852).
cost(19, 5, 134155).
cost(19, 6, 891830).
cost(19, 7, 210802).
cost(19, 8, 314300).
cost(19, 9, 340903).
cost(19, 10, 328926).
cost(19, 11, 129178).
cost(19, 12, 199031).
cost(19, 13, 149310).
cost(19, 14, 369337).
cost(19, 15, 226763).
cost(19, 16, 179301).
cost(19, 17, 296529).
cost(19, 18, 218555).
cost(19, 20, 439695).
cost(19, 21, 364435).
cost(19, 22, 471178).
cost(19, 23, 308961).
cost(20, 1, 687931).
cost(20, 2, 396443).
cost(20, 3, 735992).
cost(20, 4, 370082).
cost(20, 5, 402934).
cost(20, 6, 579296).
cost(20, 7, 477102).
cost(20, 8, 586167).
cost(20, 9, 773413).
cost(20, 10, 698262).
cost(20, 11, 564787).
cost(20, 12, 540226).
cost(20, 13, 399903).
cost(20, 14, 587059).
cost(20, 15, 535870).
cost(20, 16, 612951).
cost(20, 17, 480606).
cost(20, 18, 643912).
cost(20, 19, 439695).
cost(20, 21, 687365).
cost(20, 22, 286386).
cost(20, 23, 358913).
cost(21, 1, 376058).
cost(21, 2, 291189).
cost(21, 3, 400683).
cost(21, 4, 540364).
cost(21, 5, 300332).
cost(21, 6, 1222909).
cost(21, 7, 563543).
cost(21, 8, 108959).
cost(21, 9, 446733).
cost(21, 10, 85307).
cost(21, 11, 290840).
cost(21, 12, 169116).
cost(21, 13, 297504).
cost(21, 14, 156002).
cost(21, 15, 156536).
cost(21, 16, 269816).
cost(21, 17, 654560).
cost(21, 18, 232335).
cost(21, 19, 364435).
cost(21, 20, 687365).
cost(21, 22, 547235).
cost(21, 23, 356184).
cost(22, 1, 704351).
cost(22, 2, 310271).
cost(22, 3, 752165).
cost(22, 4, 509419).
cost(22, 5, 359817).
cost(22, 6, 854834).
cost(22, 7, 612804).
cost(22, 8, 438529).
cost(22, 9, 799140).
cost(22, 10, 591266).
cost(22, 11, 558742).
cost(22, 12, 455501).
cost(22, 13, 347272).
cost(22, 14, 405872).
cost(22, 15, 431221).
cost(22, 16, 594292).
cost(22, 17, 655340).
cost(22, 18, 605610).
cost(22, 19, 471178).
cost(22, 20, 286386).
cost(22, 21, 547235).
cost(22, 23, 199424).
cost(23, 1, 519251).
cost(23, 2, 119592).
cost(23, 3, 565562).
cost(23, 4, 404276).
cost(23, 5, 179538).
cost(23, 6, 931246).
cost(23, 7, 490742).
cost(23, 8, 247595).
cost(23, 9, 614096).
cost(23, 10, 393477).
cost(23, 11, 372813).
cost(23, 12, 256568).
cost(23, 13, 164844).
cost(23, 14, 231849).
cost(23, 15, 231846).
cost(23, 16, 403189).
cost(23, 17, 554897).
cost(23, 18, 409978).
cost(23, 19, 308961).
cost(23, 20, 358913).
cost(23, 21, 356184).
cost(23, 22, 199424).
nocross(1,5).
nocross(1,11).
nocross(1,16).
nocross(1,18).
nocross(2,5).
nocross(2,18).
nocross(2,23).
nocross(3,1).
nocross(3,5).
nocross(3,11).
nocross(3,16).
nocross(3,18).
nocross(4,5).
nocross(4,7).
nocross(4,11).
nocross(4,13).
nocross(4,16).
nocross(4,17).
nocross(4,19).
nocross(5,4).
nocross(5,18).
nocross(6,5).
nocross(6,7).
nocross(6,13).
nocross(6,17).
nocross(7,4).
nocross(7,9).
nocross(7,11).
nocross(7,16).
nocross(7,17).
nocross(7,19).
nocross(8,2).
nocross(8,5).
nocross(8,10).
nocross(8,14).
nocross(8,18).
nocross(9,1).
nocross(9,5).
nocross(9,18).
nocross(10,15).
nocross(10,18).
nocross(10,19).
nocross(11,1).
nocross(11,5).
nocross(11,7).
nocross(12,5).
nocross(12,15).
nocross(12,16).
nocross(12,18).
nocross(12,19).
nocross(13,2).
nocross(13,5).
nocross(13,15).
nocross(13,18).
nocross(14,5).
nocross(14,8).
nocross(14,15).
nocross(14,18).
nocross(14,21).
nocross(15,2).
nocross(15,5).
nocross(15,8).
nocross(15,11).
nocross(15,16).
nocross(15,18).
nocross(15,19).
nocross(16,1).
nocross(16,5).
nocross(16,11).
nocross(16,18).
nocross(17,4).
nocross(17,7).
nocross(17,9).
nocross(17,13).
nocross(17,19).
nocross(17,20).
nocross(18,5).
nocross(18,8).
nocross(18,11).
nocross(19,5).
nocross(19,18).
nocross(20,4).
nocross(20,13).
nocross(20,17).
nocross(20,18).
nocross(20,22).
nocross(20,23).
nocross(21,8).
nocross(21,15).
nocross(21,18).
nocross(22,5).
nocross(22,13).
nocross(22,14).
nocross(22,23).
nocross(23,1).
nocross(23,2).
nocross(23,8).
nocross(23,11).
nocross(23,14).
nocross(23,16).
nocross(23,17).
nocross(23,18).
