dimension(23).
point(1, 51444.0, -314377.0).
point(2, -97795.0, 16092.0).
point(3, 170813.0, -473464.0).
point(4, 74156.0, -178356.0).
point(5, -168021.0, -103463.0).
point(6, -106915.0, -206900.0).
point(7, 5413.0, 26812.0).
point(8, 159340.0, -203400.0).
point(9, 146189.0, -266497.0).
point(10, 95684.0, 185775.0).
point(11, 322861.0, 345764.0).
point(12, 5440.0, 14570.0).
point(13, -316449.0, -199477.0).
point(14, -187883.0, -53378.0).
point(15, 169802.0, -95643.0).
point(16, -180599.0, -118943.0).
point(17, 245244.0, -115820.0).
point(18, -180400.0, -102285.0).
point(19, -10753.0, -241104.0).
point(20, -311170.0, 182293.0).
point(21, 34322.0, 49576.0).
point(22, 119595.0, 211327.0).
point(23, -81232.0, -364627.0).
cost(1, 2, 362605).
cost(1, 3, 198891).
cost(1, 4, 137904).
cost(1, 5, 304384).
cost(1, 6, 191387).
cost(1, 7, 344280).
cost(1, 8, 154782).
cost(1, 9, 106156).
cost(1, 10, 502105).
cost(1, 11, 713760).
cost(1, 12, 332148).
cost(1, 13, 385418).
cost(1, 14, 354116).
cost(1, 15, 248703).
cost(1, 16, 303378).
cost(1, 17, 277459).
cost(1, 18, 314221).
cost(1, 19, 96111).
cost(1, 20, 614955).
cost(1, 21, 364356).
cost(1, 22, 530103).
cost(1, 23, 141873).
cost(2, 1, 362605).
cost(2, 3, 558404).
cost(2, 4, 259571).
cost(2, 5, 138655).
cost(2, 6, 223178).
cost(2, 7, 103763).
cost(2, 8, 338076).
cost(2, 9, 373343).
cost(2, 10, 257345).
cost(2, 11, 534448).
cost(2, 12, 103246).
cost(2, 13, 307050).
cost(2, 14, 113763).
cost(2, 15, 289988).
cost(2, 16, 158401).
cost(2, 17, 367528).
cost(2, 18, 144349).
cost(2, 19, 271525).
cost(2, 20, 270466).
cost(2, 21, 136294).
cost(2, 22, 292190).
cost(2, 23, 381079).
cost(3, 1, 198891).
cost(3, 2, 558404).
cost(3, 4, 310534).
cost(3, 5, 501706).
cost(3, 6, 384954).
cost(3, 7, 526909).
cost(3, 8, 270308).
cost(3, 9, 208427).
cost(3, 10, 663506).
cost(3, 11, 833219).
cost(3, 12, 515292).
cost(3, 13, 559011).
cost(3, 14, 552390).
cost(3, 15, 377822).
cost(3, 16, 499175).
cost(3, 17, 365307).
cost(3, 18, 511003).
cost(3, 19, 294885).
cost(3, 20, 813833).
cost(3, 21, 540556).
cost(3, 22, 686704).
cost(3, 23, 274540).
cost(4, 1, 137904).
cost(4, 2, 259571).
cost(4, 3, 310534).
cost(4, 5, 253493).
cost(4, 6, 183307).
cost(4, 7, 216378).
cost(4, 8, 88789).
cost(4, 9, 113831).
cost(4, 10, 364767).
cost(4, 11, 580134).
cost(4, 12, 204798).
cost(4, 13, 391176).
cost(4, 14, 290317).
cost(4, 15, 126450).
cost(4, 16, 261591).
cost(4, 17, 182159).
cost(4, 18, 265679).
cost(4, 19, 105579).
cost(4, 20, 527773).
cost(4, 21, 231387).
cost(4, 22, 392323).
cost(4, 23, 242574).
cost(5, 1, 304384).
cost(5, 2, 138655).
cost(5, 3, 501706).
cost(5, 4, 253493).
cost(5, 6, 120138).
cost(5, 7, 216912).
cost(5, 8, 342276).
cost(5, 9, 353989).
cost(5, 10, 391406).
cost(5, 11, 665410).
cost(5, 12, 209811).
cost(5, 13, 176775).
cost(5, 14, 53880).
cost(5, 15, 337913).
cost(5, 16, 19946).
cost(5, 17, 413450).
cost(5, 18, 12435).
cost(5, 19, 208993).
cost(5, 20, 319606).
cost(5, 21, 253700).
cost(5, 22, 426399).
cost(5, 23, 275207).
cost(6, 1, 191387).
cost(6, 2, 223178).
cost(6, 3, 384954).
cost(6, 4, 183307).
cost(6, 5, 120138).
cost(6, 7, 259305).
cost(6, 8, 266278).
cost(6, 9, 260026).
cost(6, 10, 441860).
cost(6, 11, 700103).
cost(6, 12, 248340).
cost(6, 13, 209665).
cost(6, 14, 173565).
cost(6, 15, 298246).
cost(6, 16, 114742).
cost(6, 17, 363747).
cost(6, 18, 127845).
cost(6, 19, 102064).
cost(6, 20, 439535).
cost(6, 21, 292793).
cost(6, 22, 475627).
cost(6, 23, 159804).
cost(7, 1, 344280).
cost(7, 2, 103763).
cost(7, 3, 526909).
cost(7, 4, 216378).
cost(7, 5, 216912).
cost(7, 6, 259305).
cost(7, 8, 276932).
cost(7, 9, 325343).
cost(7, 10, 182806).
cost(7, 11, 450004).
cost(7, 12, 12242).
cost(7, 13, 393449).
cost(7, 14, 209270).
cost(7, 15, 204985).
cost(7, 16, 236315).
cost(7, 17, 279039).
cost(7, 18, 226258).
cost(7, 19, 268403).
cost(7, 20, 352703).
cost(7, 21, 36796).
cost(7, 22, 216987).
cost(7, 23, 400914).
cost(8, 1, 154782).
cost(8, 2, 338076).
cost(8, 3, 270308).
cost(8, 4, 88789).
cost(8, 5, 342276).
cost(8, 6, 266278).
cost(8, 7, 276932).
cost(8, 9, 64453).
cost(8, 10, 394347).
cost(8, 11, 572992).
cost(8, 12, 266826).
cost(8, 13, 475805).
cost(8, 14, 378246).
cost(8, 15, 108264).
cost(8, 16, 350273).
cost(8, 17, 122677).
cost(8, 18, 354468).
cost(8, 19, 174222).
cost(8, 20, 608390).
cost(8, 21, 282181).
cost(8, 22, 416627).
cost(8, 23, 289602).
cost(9, 1, 106156).
cost(9, 2, 373343).
cost(9, 3, 208427).
cost(9, 4, 113831).
cost(9, 5, 353989).
cost(9, 6, 260026).
cost(9, 7, 325343).
cost(9, 8, 64453).
cost(9, 10, 455083).
cost(9, 11, 637241).
cost(9, 12, 314339).
cost(9, 13, 467467).
cost(9, 14, 396262).
cost(9, 15, 172478).
cost(9, 16, 358556).
cost(9, 17, 180320).
cost(9, 18, 365549).
cost(9, 19, 158983).
cost(9, 20, 640773).
cost(9, 21, 335286).
cost(9, 22, 478563).
cost(9, 23, 247689).
cost(10, 1, 502105).
cost(10, 2, 257345).
cost(10, 3, 663506).
cost(10, 4, 364767).
cost(10, 5, 391406).
cost(10, 6, 441860).
cost(10, 7, 182806).
cost(10, 8, 394347).
cost(10, 9, 455083).
cost(10, 11, 277859).
cost(10, 12, 193533).
cost(10, 13, 564157).
cost(10, 14, 370951).
cost(10, 15, 291015).
cost(10, 16, 411321).
cost(10, 17, 336642).
cost(10, 18, 399000).
cost(10, 19, 439948).
cost(10, 20, 406869).
cost(10, 21, 149384).
cost(10, 22, 34995).
cost(10, 23, 578136).
cost(11, 1, 713760).
cost(11, 2, 534448).
cost(11, 3, 833219).
cost(11, 4, 580134).
cost(11, 5, 665410).
cost(11, 6, 700103).
cost(11, 7, 450004).
cost(11, 8, 572992).
cost(11, 9, 637241).
cost(11, 10, 277859).
cost(11, 12, 458743).
cost(11, 13, 840241).
cost(11, 14, 648208).
cost(11, 15, 467191).
cost(11, 16, 685146).
cost(11, 17, 468064).
cost(11, 18, 673810).
cost(11, 19, 675065).
cost(11, 20, 654766).
cost(11, 21, 413500).
cost(11, 22, 243701).
cost(11, 23, 817280).
cost(12, 1, 332148).
cost(12, 2, 103246).
cost(12, 3, 515292).
cost(12, 4, 204798).
cost(12, 5, 209811).
cost(12, 6, 248340).
cost(12, 7, 12242).
cost(12, 8, 266826).
cost(12, 9, 314339).
cost(12, 10, 193533).
cost(12, 11, 458743).
cost(12, 13, 386560).
cost(12, 14, 204916).
cost(12, 15, 197893).
cost(12, 16, 228990).
cost(12, 17, 272961).
cost(12, 18, 219526).
cost(12, 19, 256186).
cost(12, 20, 358292).
cost(12, 21, 45383).
cost(12, 22, 227475).
cost(12, 23, 388976).
cost(13, 1, 385418).
cost(13, 2, 307050).
cost(13, 3, 559011).
cost(13, 4, 391176).
cost(13, 5, 176775).
cost(13, 6, 209665).
cost(13, 7, 393449).
cost(13, 8, 475805).
cost(13, 9, 467467).
cost(13, 10, 564157).
cost(13, 11, 840241).
cost(13, 12, 386560).
cost(13, 14, 194613).
cost(13, 15, 497214).
cost(13, 16, 157927).
cost(13, 17, 567889).
cost(13, 18, 167199).
cost(13, 19, 308517).
cost(13, 20, 381806).
cost(13, 21, 430195).
cost(13, 22, 599078).
cost(13, 23, 287405).
cost(14, 1, 354116).
cost(14, 2, 113763).
cost(14, 3, 552390).
cost(14, 4, 290317).
cost(14, 5, 53880).
cost(14, 6, 173565).
cost(14, 7, 209270).
cost(14, 8, 378246).
cost(14, 9, 396262).
cost(14, 10, 370951).
cost(14, 11, 648208).
cost(14, 12, 204916).
cost(14, 13, 194613).
cost(14, 15, 360173).
cost(14, 16, 65968).
cost(14, 17, 437605).
cost(14, 18, 49476).
cost(14, 19, 258101).
cost(14, 20, 265971).
cost(14, 21, 244897).
cost(14, 22, 405723).
cost(14, 23, 329014).
cost(15, 1, 248703).
cost(15, 2, 289988).
cost(15, 3, 377822).
cost(15, 4, 126450).
cost(15, 5, 337913).
cost(15, 6, 298246).
cost(15, 7, 204985).
cost(15, 8, 108264).
cost(15, 9, 172478).
cost(15, 10, 291015).
cost(15, 11, 467191).
cost(15, 12, 197893).
cost(15, 13, 497214).
cost(15, 14, 360173).
cost(15, 16, 351175).
cost(15, 17, 78094).
cost(15, 18, 350265).
cost(15, 19, 231860).
cost(15, 20, 555502).
cost(15, 21, 198604).
cost(15, 22, 311049).
cost(15, 23, 367927).
cost(16, 1, 303378).
cost(16, 2, 158401).
cost(16, 3, 499175).
cost(16, 4, 261591).
cost(16, 5, 19946).
cost(16, 6, 114742).
cost(16, 7, 236315).
cost(16, 8, 350273).
cost(16, 9, 358556).
cost(16, 10, 411321).
cost(16, 11, 685146).
cost(16, 12, 228990).
cost(16, 13, 157927).
cost(16, 14, 65968).
cost(16, 15, 351175).
cost(16, 17, 425854).
cost(16, 18, 16659).
cost(16, 19, 209215).
cost(16, 20, 328317).
cost(16, 21, 273111).
cost(16, 22, 446312).
cost(16, 23, 265018).
cost(17, 1, 277459).
cost(17, 2, 367528).
cost(17, 3, 365307).
cost(17, 4, 182159).
cost(17, 5, 413450).
cost(17, 6, 363747).
cost(17, 7, 279039).
cost(17, 8, 122677).
cost(17, 9, 180320).
cost(17, 10, 336642).
cost(17, 11, 468064).
cost(17, 12, 272961).
cost(17, 13, 567889).
cost(17, 14, 437605).
cost(17, 15, 78094).
cost(17, 16, 425854).
cost(17, 18, 425859).
cost(17, 19, 285010).
cost(17, 20, 631243).
cost(17, 21, 268037).
cost(17, 22, 350447).
cost(17, 23, 410477).
cost(18, 1, 314221).
cost(18, 2, 144349).
cost(18, 3, 511003).
cost(18, 4, 265679).
cost(18, 5, 12435).
cost(18, 6, 127845).
cost(18, 7, 226258).
cost(18, 8, 354468).
cost(18, 9, 365549).
cost(18, 10, 399000).
cost(18, 11, 673810).
cost(18, 12, 219526).
cost(18, 13, 167199).
cost(18, 14, 49476).
cost(18, 15, 350265).
cost(18, 16, 16659).
cost(18, 17, 425859).
cost(18, 19, 219205).
cost(18, 20, 313186).
cost(18, 21, 262997).
cost(18, 22, 433992).
cost(18, 23, 280460).
cost(19, 1, 96111).
cost(19, 2, 271525).
cost(19, 3, 294885).
cost(19, 4, 105579).
cost(19, 5, 208993).
cost(19, 6, 102064).
cost(19, 7, 268403).
cost(19, 8, 174222).
cost(19, 9, 158983).
cost(19, 10, 439948).
cost(19, 11, 675065).
cost(19, 12, 256186).
cost(19, 13, 308517).
cost(19, 14, 258101).
cost(19, 15, 231860).
cost(19, 16, 209215).
cost(19, 17, 285010).
cost(19, 18, 219205).
cost(19, 20, 519149).
cost(19, 21, 294154).
cost(19, 22, 470834).
cost(19, 23, 142215).
cost(20, 1, 614955).
cost(20, 2, 270466).
cost(20, 3, 813833).
cost(20, 4, 527773).
cost(20, 5, 319606).
cost(20, 6, 439535).
cost(20, 7, 352703).
cost(20, 8, 608390).
cost(20, 9, 640773).
cost(20, 10, 406869).
cost(20, 11, 654766).
cost(20, 12, 358292).
cost(20, 13, 381806).
cost(20, 14, 265971).
cost(20, 15, 555502).
cost(20, 16, 328317).
cost(20, 17, 631243).
cost(20, 18, 313186).
cost(20, 19, 519149).
cost(20, 21, 370106).
cost(20, 22, 431742).
cost(20, 23, 593290).
cost(21, 1, 364356).
cost(21, 2, 136294).
cost(21, 3, 540556).
cost(21, 4, 231387).
cost(21, 5, 253700).
cost(21, 6, 292793).
cost(21, 7, 36796).
cost(21, 8, 282181).
cost(21, 9, 335286).
cost(21, 10, 149384).
cost(21, 11, 413500).
cost(21, 12, 45383).
cost(21, 13, 430195).
cost(21, 14, 244897).
cost(21, 15, 198604).
cost(21, 16, 273111).
cost(21, 17, 268037).
cost(21, 18, 262997).
cost(21, 19, 294154).
cost(21, 20, 370106).
cost(21, 22, 182852).
cost(21, 23, 430020).
cost(22, 1, 530103).
cost(22, 2, 292190).
cost(22, 3, 686704).
cost(22, 4, 392323).
cost(22, 5, 426399).
cost(22, 6, 475627).
cost(22, 7, 216987).
cost(22, 8, 416627).
cost(22, 9, 478563).
cost(22, 10, 34995).
cost(22, 11, 243701).
cost(22, 12, 227475).
cost(22, 13, 599078).
cost(22, 14, 405723).
cost(22, 15, 311049).
cost(22, 16, 446312).
cost(22, 17, 350447).
cost(22, 18, 433992).
cost(22, 19, 470834).
cost(22, 20, 431742).
cost(22, 21, 182852).
cost(22, 23, 609963).
cost(23, 1, 141873).
cost(23, 2, 381079).
cost(23, 3, 274540).
cost(23, 4, 242574).
cost(23, 5, 275207).
cost(23, 6, 159804).
cost(23, 7, 400914).
cost(23, 8, 289602).
cost(23, 9, 247689).
cost(23, 10, 578136).
cost(23, 11, 817280).
cost(23, 12, 388976).
cost(23, 13, 287405).
cost(23, 14, 329014).
cost(23, 15, 367927).
cost(23, 16, 265018).
cost(23, 17, 410477).
cost(23, 18, 280460).
cost(23, 19, 142215).
cost(23, 20, 593290).
cost(23, 21, 430020).
cost(23, 22, 609963).
nocross(1,3).
nocross(1,4).
nocross(1,6).
nocross(1,8).
nocross(1,9).
nocross(1,19).
nocross(1,23).
nocross(2,4).
nocross(2,5).
nocross(2,7).
nocross(2,10).
nocross(2,12).
nocross(2,15).
nocross(3,1).
nocross(3,8).
nocross(3,9).
nocross(3,17).
nocross(3,19).
nocross(3,23).
nocross(4,1).
nocross(4,8).
nocross(4,9).
nocross(4,12).
nocross(4,15).
nocross(5,4).
nocross(5,6).
nocross(5,7).
nocross(5,12).
nocross(5,15).
nocross(6,4).
nocross(6,8).
nocross(6,12).
nocross(6,15).
nocross(6,23).
nocross(7,2).
nocross(7,4).
nocross(7,10).
nocross(7,12).
nocross(7,21).
nocross(8,1).
nocross(8,4).
nocross(8,9).
nocross(8,11).
nocross(8,15).
nocross(8,17).
nocross(8,21).
nocross(9,1).
nocross(9,4).
nocross(9,8).
nocross(9,15).
nocross(9,17).
nocross(10,2).
nocross(10,4).
nocross(10,7).
nocross(10,8).
nocross(10,11).
nocross(10,15).
nocross(10,17).
nocross(10,21).
nocross(10,22).
nocross(11,10).
nocross(11,22).
nocross(12,4).
nocross(12,5).
nocross(12,8).
nocross(12,10).
nocross(12,15).
nocross(12,19).
nocross(13,23).
nocross(14,7).
nocross(14,12).
nocross(14,13).
nocross(14,15).
nocross(15,1).
nocross(15,4).
nocross(15,7).
nocross(15,8).
nocross(15,10).
nocross(15,11).
nocross(15,12).
nocross(15,17).
nocross(15,21).
nocross(16,4).
nocross(16,6).
nocross(16,12).
nocross(16,13).
nocross(16,15).
nocross(16,19).
nocross(17,4).
nocross(17,8).
nocross(17,9).
nocross(17,10).
nocross(17,11).
nocross(17,15).
nocross(17,21).
nocross(17,22).
nocross(18,4).
nocross(18,5).
nocross(18,6).
nocross(18,13).
nocross(19,4).
nocross(19,8).
nocross(19,9).
nocross(19,23).
nocross(20,2).
nocross(20,7).
nocross(20,10).
nocross(20,12).
nocross(20,13).
nocross(20,22).
nocross(21,2).
nocross(21,4).
nocross(21,7).
nocross(21,8).
nocross(21,10).
nocross(21,11).
nocross(21,15).
nocross(21,17).
nocross(21,22).
nocross(22,2).
nocross(22,7).
nocross(22,10).
nocross(22,11).
nocross(22,12).
nocross(22,21).
nocross(23,1).
nocross(23,3).
nocross(23,8).
nocross(23,9).
nocross(23,13).
nocross(23,19).
