dimension(25).
point(1, 478728.0, 448080.0).
point(2, 604410.0, 738692.0).
point(3, 6861.0, 233573.0).
point(4, 207567.0, 198684.0).
point(5, 713435.0, 598186.0).
point(6, 659680.0, 935671.0).
point(7, 383731.0, 809869.0).
point(8, 340904.0, 620802.0).
point(9, 719704.0, 114802.0).
point(10, 655004.0, 477098.0).
point(11, 785658.0, 542419.0).
point(12, 602385.0, 944470.0).
point(13, 616435.0, 417584.0).
point(14, 272565.0, 782171.0).
point(15, 722674.0, 791913.0).
point(16, 158804.0, 501225.0).
point(17, 958974.0, 784155.0).
point(18, 291809.0, 747359.0).
point(19, 677010.0, 679559.0).
point(20, 132083.0, 886876.0).
point(21, 66967.0, 283910.0).
point(22, 15412.0, 776601.0).
point(23, 152789.0, 225476.0).
point(24, 140307.0, 397054.0).
point(25, 190582.0, 382769.0).
cost(1, 2, 316625).
cost(1, 3, 518336).
cost(1, 4, 368411).
cost(1, 5, 278602).
cost(1, 6, 520085).
cost(1, 7, 374053).
cost(1, 8, 220971).
cost(1, 9, 411271).
cost(1, 10, 178648).
cost(1, 11, 321101).
cost(1, 12, 511560).
cost(1, 13, 141043).
cost(1, 14, 392581).
cost(1, 15, 421581).
cost(1, 16, 324308).
cost(1, 17, 586159).
cost(1, 18, 352855).
cost(1, 19, 304792).
cost(1, 20, 559200).
cost(1, 21, 443282).
cost(1, 22, 567968).
cost(1, 23, 394701).
cost(1, 24, 342246).
cost(1, 25, 295455).
cost(2, 1, 316625).
cost(2, 3, 782439).
cost(2, 4, 670144).
cost(2, 5, 177844).
cost(2, 6, 204586).
cost(2, 7, 231874).
cost(2, 8, 288675).
cost(2, 9, 634454).
cost(2, 10, 266442).
cost(2, 11, 267159).
cost(2, 12, 205788).
cost(2, 13, 321333).
cost(2, 14, 334681).
cost(2, 15, 129688).
cost(2, 16, 504931).
cost(2, 17, 357467).
cost(2, 18, 312721).
cost(2, 19, 93635).
cost(2, 20, 495027).
cost(2, 21, 704040).
cost(2, 22, 590217).
cost(2, 23, 683632).
cost(2, 24, 576288).
cost(2, 25, 545834).
cost(3, 1, 518336).
cost(3, 2, 782439).
cost(3, 4, 203716).
cost(3, 5, 795103).
cost(3, 6, 958704).
cost(3, 7, 688584).
cost(3, 8, 511401).
cost(3, 9, 722670).
cost(3, 10, 692383).
cost(3, 11, 837801).
cost(3, 12, 927374).
cost(3, 13, 636742).
cost(3, 14, 609556).
cost(3, 15, 907817).
cost(3, 16, 307773).
cost(3, 17, 1099845).
cost(3, 18, 587513).
cost(3, 19, 804986).
cost(3, 20, 665196).
cost(3, 21, 78400).
cost(3, 22, 543095).
cost(3, 23, 146152).
cost(3, 24, 211031).
cost(3, 25, 236670).
cost(4, 1, 368411).
cost(4, 2, 670144).
cost(4, 3, 203716).
cost(4, 5, 644596).
cost(4, 6, 864613).
cost(4, 7, 636067).
cost(4, 8, 442676).
cost(4, 9, 518961).
cost(4, 10, 526986).
cost(4, 11, 672564).
cost(4, 12, 843847).
cost(4, 13, 463778).
cost(4, 14, 587096).
cost(4, 15, 785656).
cost(4, 16, 306446).
cost(4, 17, 952570).
cost(4, 18, 555104).
cost(4, 19, 672025).
cost(4, 20, 692319).
cost(4, 21, 164414).
cost(4, 22, 609025).
cost(4, 23, 60979).
cost(4, 24, 209463).
cost(4, 25, 184867).
cost(5, 1, 278602).
cost(5, 2, 177844).
cost(5, 3, 795103).
cost(5, 4, 644596).
cost(5, 6, 341739).
cost(5, 7, 391809).
cost(5, 8, 373217).
cost(5, 9, 483425).
cost(5, 10, 134449).
cost(5, 11, 91248).
cost(5, 12, 363655).
cost(5, 13, 205003).
cost(5, 14, 477720).
cost(5, 15, 193947).
cost(5, 16, 563043).
cost(5, 17, 308016).
cost(5, 18, 447237).
cost(5, 19, 89153).
cost(5, 20, 649086).
cost(5, 21, 718812).
cost(5, 22, 720464).
cost(5, 23, 673229).
cost(5, 24, 607396).
cost(5, 25, 565491).
cost(6, 1, 520085).
cost(6, 2, 204586).
cost(6, 3, 958704).
cost(6, 4, 864613).
cost(6, 5, 341739).
cost(6, 7, 303272).
cost(6, 8, 448063).
cost(6, 9, 823061).
cost(6, 10, 458597).
cost(6, 11, 412938).
cost(6, 12, 57967).
cost(6, 13, 519889).
cost(6, 14, 416438).
cost(6, 15, 156954).
cost(6, 16, 663039).
cost(6, 17, 335461).
cost(6, 18, 413268).
cost(6, 19, 256698).
cost(6, 20, 529849).
cost(6, 21, 880966).
cost(6, 22, 663615).
cost(6, 23, 872534).
cost(6, 24, 748236).
cost(6, 25, 725089).
cost(7, 1, 374053).
cost(7, 2, 231874).
cost(7, 3, 688584).
cost(7, 4, 636067).
cost(7, 5, 391809).
cost(7, 6, 303272).
cost(7, 8, 193857).
cost(7, 9, 772008).
cost(7, 10, 429332).
cost(7, 11, 482778).
cost(7, 12, 256763).
cost(7, 13, 456113).
cost(7, 14, 114565).
cost(7, 15, 339418).
cost(7, 16, 381907).
cost(7, 17, 575817).
cost(7, 18, 111163).
cost(7, 19, 320926).
cost(7, 20, 263167).
cost(7, 21, 613981).
cost(7, 22, 369818).
cost(7, 23, 628370).
cost(7, 24, 479241).
cost(7, 25, 468744).
cost(8, 1, 220971).
cost(8, 2, 288675).
cost(8, 3, 511401).
cost(8, 4, 442676).
cost(8, 5, 373217).
cost(8, 6, 448063).
cost(8, 7, 193857).
cost(8, 9, 632080).
cost(8, 10, 345412).
cost(8, 11, 451608).
cost(8, 12, 416093).
cost(8, 13, 342367).
cost(8, 14, 175243).
cost(8, 15, 418363).
cost(8, 16, 217851).
cost(8, 17, 639292).
cost(8, 18, 135746).
cost(8, 19, 341203).
cost(8, 20, 338233).
cost(8, 21, 434209).
cost(8, 22, 360858).
cost(8, 23, 437801).
cost(8, 24, 300503).
cost(8, 25, 281525).
cost(9, 1, 411271).
cost(9, 2, 634454).
cost(9, 3, 722670).
cost(9, 4, 518961).
cost(9, 5, 483425).
cost(9, 6, 823061).
cost(9, 7, 772008).
cost(9, 8, 632080).
cost(9, 10, 368028).
cost(9, 11, 432673).
cost(9, 12, 837922).
cost(9, 13, 319908).
cost(9, 14, 803315).
cost(9, 15, 677118).
cost(9, 16, 681125).
cost(9, 17, 710833).
cost(9, 18, 763690).
cost(9, 19, 566368).
cost(9, 20, 970256).
cost(9, 21, 674287).
cost(9, 22, 966439).
cost(9, 23, 577617).
cost(9, 24, 644490).
cost(9, 25, 593107).
cost(10, 1, 178648).
cost(10, 2, 266442).
cost(10, 3, 692383).
cost(10, 4, 526986).
cost(10, 5, 134449).
cost(10, 6, 458597).
cost(10, 7, 429332).
cost(10, 8, 345412).
cost(10, 9, 368028).
cost(10, 11, 146073).
cost(10, 12, 470325).
cost(10, 13, 70919).
cost(10, 14, 489213).
cost(10, 15, 322006).
cost(10, 16, 496786).
cost(10, 17, 432067).
cost(10, 18, 452716).
cost(10, 19, 203653).
cost(10, 20, 664353).
cost(10, 21, 618958).
cost(10, 22, 706244).
cost(10, 23, 561724).
cost(10, 24, 520884).
cost(10, 25, 473905).
cost(11, 1, 321101).
cost(11, 2, 267159).
cost(11, 3, 837801).
cost(11, 4, 672564).
cost(11, 5, 91248).
cost(11, 6, 412938).
cost(11, 7, 482778).
cost(11, 8, 451608).
cost(11, 9, 432673).
cost(11, 10, 146073).
cost(11, 12, 441853).
cost(11, 13, 210286).
cost(11, 14, 566344).
cost(11, 15, 257321).
cost(11, 16, 628206).
cost(11, 17, 297447).
cost(11, 18, 534684).
cost(11, 19, 174962).
cost(11, 20, 738790).
cost(11, 21, 763769).
cost(11, 22, 805059).
cost(11, 23, 707797).
cost(11, 24, 661520).
cost(11, 25, 616120).
cost(12, 1, 511560).
cost(12, 2, 205788).
cost(12, 3, 927374).
cost(12, 4, 843847).
cost(12, 5, 363655).
cost(12, 6, 57967).
cost(12, 7, 256763).
cost(12, 8, 416093).
cost(12, 9, 837922).
cost(12, 10, 470325).
cost(12, 11, 441853).
cost(12, 13, 527073).
cost(12, 14, 367590).
cost(12, 15, 194276).
cost(12, 16, 627081).
cost(12, 17, 390969).
cost(12, 18, 367845).
cost(12, 19, 275221).
cost(12, 20, 473815).
cost(12, 21, 850301).
cost(12, 22, 610506).
cost(12, 23, 847991).
cost(12, 24, 716366).
cost(12, 25, 696484).
cost(13, 1, 141043).
cost(13, 2, 321333).
cost(13, 3, 636742).
cost(13, 4, 463778).
cost(13, 5, 205003).
cost(13, 6, 519889).
cost(13, 7, 456113).
cost(13, 8, 342367).
cost(13, 9, 319908).
cost(13, 10, 70919).
cost(13, 11, 210286).
cost(13, 12, 527073).
cost(13, 14, 501169).
cost(13, 15, 389113).
cost(13, 16, 465212).
cost(13, 17, 501704).
cost(13, 18, 462746).
cost(13, 19, 268887).
cost(13, 20, 674412).
cost(13, 21, 565494).
cost(13, 22, 700087).
cost(13, 23, 501870).
cost(13, 24, 476570).
cost(13, 25, 427274).
cost(14, 1, 392581).
cost(14, 2, 334681).
cost(14, 3, 609556).
cost(14, 4, 587096).
cost(14, 5, 477720).
cost(14, 6, 416438).
cost(14, 7, 114565).
cost(14, 8, 175243).
cost(14, 9, 803315).
cost(14, 10, 489213).
cost(14, 11, 566344).
cost(14, 12, 367590).
cost(14, 13, 501169).
cost(14, 15, 450214).
cost(14, 16, 303104).
cost(14, 17, 686412).
cost(14, 18, 39777).
cost(14, 19, 417259).
cost(14, 20, 175209).
cost(14, 21, 539013).
cost(14, 22, 257213).
cost(14, 23, 569434).
cost(14, 24, 407194).
cost(14, 25, 407729).
cost(15, 1, 421581).
cost(15, 2, 129688).
cost(15, 3, 907817).
cost(15, 4, 785656).
cost(15, 5, 193947).
cost(15, 6, 156954).
cost(15, 7, 339418).
cost(15, 8, 418363).
cost(15, 9, 677118).
cost(15, 10, 322006).
cost(15, 11, 257321).
cost(15, 12, 194276).
cost(15, 13, 389113).
cost(15, 14, 450214).
cost(15, 16, 634389).
cost(15, 17, 236427).
cost(15, 18, 433162).
cost(15, 19, 121279).
cost(15, 20, 598177).
cost(15, 21, 829469).
cost(15, 22, 707428).
cost(15, 23, 803505).
cost(15, 24, 703609).
cost(15, 25, 671208).
cost(16, 1, 324308).
cost(16, 2, 504931).
cost(16, 3, 307773).
cost(16, 4, 306446).
cost(16, 5, 563043).
cost(16, 6, 663039).
cost(16, 7, 381907).
cost(16, 8, 217851).
cost(16, 9, 681125).
cost(16, 10, 496786).
cost(16, 11, 628206).
cost(16, 12, 627081).
cost(16, 13, 465212).
cost(16, 14, 303104).
cost(16, 15, 634389).
cost(16, 17, 848718).
cost(16, 18, 279772).
cost(16, 19, 548033).
cost(16, 20, 386576).
cost(16, 21, 235923).
cost(16, 22, 310473).
cost(16, 23, 275815).
cost(16, 24, 105800).
cost(16, 25, 122644).
cost(17, 1, 586159).
cost(17, 2, 357467).
cost(17, 3, 1099845).
cost(17, 4, 952570).
cost(17, 5, 308016).
cost(17, 6, 335461).
cost(17, 7, 575817).
cost(17, 8, 639292).
cost(17, 9, 710833).
cost(17, 10, 432067).
cost(17, 11, 297447).
cost(17, 12, 390969).
cost(17, 13, 501704).
cost(17, 14, 686412).
cost(17, 15, 236427).
cost(17, 16, 848718).
cost(17, 18, 668179).
cost(17, 19, 300739).
cost(17, 20, 833247).
cost(17, 21, 1022703).
cost(17, 22, 943592).
cost(17, 23, 980845).
cost(17, 24, 905573).
cost(17, 25, 866912).
cost(18, 1, 352855).
cost(18, 2, 312721).
cost(18, 3, 587513).
cost(18, 4, 555104).
cost(18, 5, 447237).
cost(18, 6, 413268).
cost(18, 7, 111163).
cost(18, 8, 135746).
cost(18, 9, 763690).
cost(18, 10, 452716).
cost(18, 11, 534684).
cost(18, 12, 367845).
cost(18, 13, 462746).
cost(18, 14, 39777).
cost(18, 15, 433162).
cost(18, 16, 279772).
cost(18, 17, 668179).
cost(18, 19, 391122).
cost(18, 20, 212079).
cost(18, 21, 515111).
cost(18, 22, 277940).
cost(18, 23, 540082).
cost(18, 24, 381663).
cost(18, 25, 378382).
cost(19, 1, 304792).
cost(19, 2, 93635).
cost(19, 3, 804986).
cost(19, 4, 672025).
cost(19, 5, 89153).
cost(19, 6, 256698).
cost(19, 7, 320926).
cost(19, 8, 341203).
cost(19, 9, 566368).
cost(19, 10, 203653).
cost(19, 11, 174962).
cost(19, 12, 275221).
cost(19, 13, 268887).
cost(19, 14, 417259).
cost(19, 15, 121279).
cost(19, 16, 548033).
cost(19, 17, 300739).
cost(19, 18, 391122).
cost(19, 20, 583032).
cost(19, 21, 727111).
cost(19, 22, 668677).
cost(19, 23, 693541).
cost(19, 24, 606514).
cost(19, 25, 569821).
cost(20, 1, 559200).
cost(20, 2, 495027).
cost(20, 3, 665196).
cost(20, 4, 692319).
cost(20, 5, 649086).
cost(20, 6, 529849).
cost(20, 7, 263167).
cost(20, 8, 338233).
cost(20, 9, 970256).
cost(20, 10, 664353).
cost(20, 11, 738790).
cost(20, 12, 473815).
cost(20, 13, 674412).
cost(20, 14, 175209).
cost(20, 15, 598177).
cost(20, 16, 386576).
cost(20, 17, 833247).
cost(20, 18, 212079).
cost(20, 19, 583032).
cost(20, 21, 606472).
cost(20, 22, 160539).
cost(20, 23, 661724).
cost(20, 24, 489891).
cost(20, 25, 507490).
cost(21, 1, 443282).
cost(21, 2, 704040).
cost(21, 3, 78400).
cost(21, 4, 164414).
cost(21, 5, 718812).
cost(21, 6, 880966).
cost(21, 7, 613981).
cost(21, 8, 434209).
cost(21, 9, 674287).
cost(21, 10, 618958).
cost(21, 11, 763769).
cost(21, 12, 850301).
cost(21, 13, 565494).
cost(21, 14, 539013).
cost(21, 15, 829469).
cost(21, 16, 235923).
cost(21, 17, 1022703).
cost(21, 18, 515111).
cost(21, 19, 727111).
cost(21, 20, 606472).
cost(21, 22, 495381).
cost(21, 23, 103827).
cost(21, 24, 134834).
cost(21, 25, 158284).
cost(22, 1, 567968).
cost(22, 2, 590217).
cost(22, 3, 543095).
cost(22, 4, 609025).
cost(22, 5, 720464).
cost(22, 6, 663615).
cost(22, 7, 369818).
cost(22, 8, 360858).
cost(22, 9, 966439).
cost(22, 10, 706244).
cost(22, 11, 805059).
cost(22, 12, 610506).
cost(22, 13, 700087).
cost(22, 14, 257213).
cost(22, 15, 707428).
cost(22, 16, 310473).
cost(22, 17, 943592).
cost(22, 18, 277940).
cost(22, 19, 668677).
cost(22, 20, 160539).
cost(22, 21, 495381).
cost(22, 23, 567989).
cost(22, 24, 399568).
cost(22, 25, 431032).
cost(23, 1, 394701).
cost(23, 2, 683632).
cost(23, 3, 146152).
cost(23, 4, 60979).
cost(23, 5, 673229).
cost(23, 6, 872534).
cost(23, 7, 628370).
cost(23, 8, 437801).
cost(23, 9, 577617).
cost(23, 10, 561724).
cost(23, 11, 707797).
cost(23, 12, 847991).
cost(23, 13, 501870).
cost(23, 14, 569434).
cost(23, 15, 803505).
cost(23, 16, 275815).
cost(23, 17, 980845).
cost(23, 18, 540082).
cost(23, 19, 693541).
cost(23, 20, 661724).
cost(23, 21, 103827).
cost(23, 22, 567989).
cost(23, 24, 172031).
cost(23, 25, 161770).
cost(24, 1, 342246).
cost(24, 2, 576288).
cost(24, 3, 211031).
cost(24, 4, 209463).
cost(24, 5, 607396).
cost(24, 6, 748236).
cost(24, 7, 479241).
cost(24, 8, 300503).
cost(24, 9, 644490).
cost(24, 10, 520884).
cost(24, 11, 661520).
cost(24, 12, 716366).
cost(24, 13, 476570).
cost(24, 14, 407194).
cost(24, 15, 703609).
cost(24, 16, 105800).
cost(24, 17, 905573).
cost(24, 18, 381663).
cost(24, 19, 606514).
cost(24, 20, 489891).
cost(24, 21, 134834).
cost(24, 22, 399568).
cost(24, 23, 172031).
cost(24, 25, 52265).
cost(25, 1, 295455).
cost(25, 2, 545834).
cost(25, 3, 236670).
cost(25, 4, 184867).
cost(25, 5, 565491).
cost(25, 6, 725089).
cost(25, 7, 468744).
cost(25, 8, 281525).
cost(25, 9, 593107).
cost(25, 10, 473905).
cost(25, 11, 616120).
cost(25, 12, 696484).
cost(25, 13, 427274).
cost(25, 14, 407729).
cost(25, 15, 671208).
cost(25, 16, 122644).
cost(25, 17, 866912).
cost(25, 18, 378382).
cost(25, 19, 569821).
cost(25, 20, 507490).
cost(25, 21, 158284).
cost(25, 22, 431032).
cost(25, 23, 161770).
cost(25, 24, 52265).
