dimension(21).
point(1, 673360.0, 97832.0).
point(2, 382773.0, 469022.0).
point(3, 611497.0, 110472.0).
point(4, 498799.0, 746846.0).
point(5, 537196.0, 247957.0).
point(6, 613316.0, 250326.0).
point(7, 667454.0, 384788.0).
point(8, 142972.0, 77096.0).
point(9, 35386.0, 626246.0).
point(10, 731213.0, 465491.0).
point(11, 725787.0, 959413.0).
point(12, 526181.0, 647568.0).
point(13, 265561.0, 22134.0).
point(14, 530109.0, 2198.0).
point(15, 721260.0, 804508.0).
point(16, 145616.0, 562974.0).
point(17, 359381.0, 713672.0).
point(18, 853415.0, 55038.0).
point(19, 611566.0, 113356.0).
point(20, 176127.0, 380533.0).
point(21, 491958.0, 850524.0).
cost(1, 2, 471405).
cost(1, 3, 63141).
cost(1, 4, 672079).
cost(1, 5, 202677).
cost(1, 6, 163889).
cost(1, 7, 287017).
cost(1, 8, 530793).
cost(1, 9, 828391).
cost(1, 10, 372183).
cost(1, 11, 863175).
cost(1, 12, 569097).
cost(1, 13, 414765).
cost(1, 14, 172240).
cost(1, 15, 708298).
cost(1, 16, 703471).
cost(1, 17, 691261).
cost(1, 18, 185071).
cost(1, 19, 63714).
cost(1, 20, 571979).
cost(1, 21, 774243).
cost(2, 1, 471405).
cost(2, 3, 425291).
cost(2, 4, 301078).
cost(2, 5, 269659).
cost(2, 6, 317770).
cost(2, 7, 296882).
cost(2, 8, 459468).
cost(2, 9, 381310).
cost(2, 10, 348458).
cost(2, 11, 598450).
cost(2, 12, 229008).
cost(2, 13, 462004).
cost(2, 14, 489523).
cost(2, 15, 476576).
cost(2, 16, 255089).
cost(2, 17, 245766).
cost(2, 18, 626807).
cost(2, 19, 422900).
cost(2, 20, 224795).
cost(2, 21, 396819).
cost(3, 1, 63141).
cost(3, 2, 425291).
cost(3, 4, 646276).
cost(3, 5, 156278).
cost(3, 6, 139866).
cost(3, 7, 279965).
cost(3, 8, 469712).
cost(3, 9, 773257).
cost(3, 10, 374660).
cost(3, 11, 856600).
cost(3, 12, 543830).
cost(3, 13, 357037).
cost(3, 14, 135452).
cost(3, 15, 702662).
cost(3, 16, 649464).
cost(3, 17, 653768).
cost(3, 18, 248188).
cost(3, 19, 2885).
cost(3, 20, 512328).
cost(3, 21, 749644).
cost(4, 1, 672079).
cost(4, 2, 301078).
cost(4, 3, 646276).
cost(4, 5, 500364).
cost(4, 6, 509555).
cost(4, 7, 399413).
cost(4, 8, 758405).
cost(4, 9, 478849).
cost(4, 10, 364934).
cost(4, 11, 310980).
cost(4, 12, 102985).
cost(4, 13, 761320).
cost(4, 14, 745306).
cost(4, 15, 229813).
cost(4, 16, 398180).
cost(4, 17, 143310).
cost(4, 18, 777400).
cost(4, 19, 643449).
cost(4, 20, 488162).
cost(4, 21, 103903).
cost(5, 1, 202677).
cost(5, 2, 269659).
cost(5, 3, 156278).
cost(5, 4, 500364).
cost(5, 6, 76157).
cost(5, 7, 188918).
cost(5, 8, 429658).
cost(5, 9, 628423).
cost(5, 10, 291485).
cost(5, 11, 736027).
cost(5, 12, 399763).
cost(5, 13, 353244).
cost(5, 14, 245861).
cost(5, 15, 586198).
cost(5, 16, 502564).
cost(5, 17, 498506).
cost(5, 18, 370422).
cost(5, 19, 153780).
cost(5, 20, 384639).
cost(5, 21, 604263).
cost(6, 1, 163889).
cost(6, 2, 317770).
cost(6, 3, 139866).
cost(6, 4, 509555).
cost(6, 5, 76157).
cost(6, 7, 144952).
cost(6, 8, 501231).
cost(6, 9, 689434).
cost(6, 10, 245348).
cost(6, 11, 717951).
cost(6, 12, 406686).
cost(6, 13, 415939).
cost(6, 14, 261708).
cost(6, 15, 564597).
cost(6, 16, 562576).
cost(6, 17, 528368).
cost(6, 18, 309491).
cost(6, 19, 136981).
cost(6, 20, 456167).
cost(6, 21, 612344).
cost(7, 1, 287017).
cost(7, 2, 296882).
cost(7, 3, 279965).
cost(7, 4, 399413).
cost(7, 5, 188918).
cost(7, 6, 144952).
cost(7, 8, 608075).
cost(7, 9, 676618).
cost(7, 10, 102850).
cost(7, 11, 577578).
cost(7, 12, 298348).
cost(7, 13, 541328).
cost(7, 14, 406496).
cost(7, 15, 423155).
cost(7, 16, 551421).
cost(7, 17, 450637).
cost(7, 18, 378572).
cost(7, 19, 277126).
cost(7, 20, 491345).
cost(7, 21, 497704).
cost(8, 1, 530793).
cost(8, 2, 459468).
cost(8, 3, 469712).
cost(8, 4, 758405).
cost(8, 5, 429658).
cost(8, 6, 501231).
cost(8, 7, 608075).
cost(8, 9, 559590).
cost(8, 10, 704896).
cost(8, 11, 1057429).
cost(8, 12, 687232).
cost(8, 13, 134346).
cost(8, 14, 394316).
cost(8, 15, 929271).
cost(8, 16, 485885).
cost(8, 17, 672355).
cost(8, 18, 710785).
cost(8, 19, 469995).
cost(8, 20, 305243).
cost(8, 21, 848518).
cost(9, 1, 828391).
cost(9, 2, 381310).
cost(9, 3, 773257).
cost(9, 4, 478849).
cost(9, 5, 628423).
cost(9, 6, 689434).
cost(9, 7, 676618).
cost(9, 8, 559590).
cost(9, 10, 714155).
cost(9, 11, 766586).
cost(9, 12, 491258).
cost(9, 13, 646476).
cost(9, 14, 796358).
cost(9, 15, 708661).
cost(9, 16, 127098).
cost(9, 17, 335583).
cost(9, 18, 997722).
cost(9, 19, 771388).
cost(9, 20, 283166).
cost(9, 21, 508683).
cost(10, 1, 372183).
cost(10, 2, 348458).
cost(10, 3, 374660).
cost(10, 4, 364934).
cost(10, 5, 291485).
cost(10, 6, 245348).
cost(10, 7, 102850).
cost(10, 8, 704896).
cost(10, 9, 714155).
cost(10, 11, 493952).
cost(10, 12, 274208).
cost(10, 13, 642960).
cost(10, 14, 505058).
cost(10, 15, 339163).
cost(10, 16, 593655).
cost(10, 17, 447049).
cost(10, 18, 428258).
cost(10, 19, 371907).
cost(10, 20, 561550).
cost(10, 21, 453314).
cost(11, 1, 863175).
cost(11, 2, 598450).
cost(11, 3, 856600).
cost(11, 4, 310980).
cost(11, 5, 736027).
cost(11, 6, 717951).
cost(11, 7, 577578).
cost(11, 8, 1057429).
cost(11, 9, 766586).
cost(11, 10, 493952).
cost(11, 12, 370256).
cost(11, 13, 1044174).
cost(11, 14, 977011).
cost(11, 15, 154971).
cost(11, 16, 702682).
cost(11, 17, 441182).
cost(11, 18, 913336).
cost(11, 19, 853732).
cost(11, 20, 798266).
cost(11, 21, 257940).
cost(12, 1, 569097).
cost(12, 2, 229008).
cost(12, 3, 543830).
cost(12, 4, 102985).
cost(12, 5, 399763).
cost(12, 6, 406686).
cost(12, 7, 298348).
cost(12, 8, 687232).
cost(12, 9, 491258).
cost(12, 10, 274208).
cost(12, 11, 370256).
cost(12, 13, 677562).
cost(12, 14, 645382).
cost(12, 15, 250372).
cost(12, 16, 389854).
cost(12, 17, 179421).
cost(12, 18, 676885).
cost(12, 19, 540993).
cost(12, 20, 440279).
cost(12, 21, 205821).
cost(13, 1, 414765).
cost(13, 2, 462004).
cost(13, 3, 357037).
cost(13, 4, 761320).
cost(13, 5, 353244).
cost(13, 6, 415939).
cost(13, 7, 541328).
cost(13, 8, 134346).
cost(13, 9, 646476).
cost(13, 10, 642960).
cost(13, 11, 1044174).
cost(13, 12, 677562).
cost(13, 14, 265298).
cost(13, 15, 905412).
cost(13, 16, 553981).
cost(13, 17, 697873).
cost(13, 18, 588774).
cost(13, 19, 357828).
cost(13, 20, 369389).
cost(13, 21, 858770).
cost(14, 1, 172240).
cost(14, 2, 489523).
cost(14, 3, 135452).
cost(14, 4, 745306).
cost(14, 5, 245861).
cost(14, 6, 261708).
cost(14, 7, 406496).
cost(14, 8, 394316).
cost(14, 9, 796358).
cost(14, 10, 505058).
cost(14, 11, 977011).
cost(14, 12, 645382).
cost(14, 13, 265298).
cost(14, 15, 824767).
cost(14, 16, 679930).
cost(14, 17, 731672).
cost(14, 18, 327596).
cost(14, 19, 137809).
cost(14, 20, 518113).
cost(14, 21, 849183).
cost(15, 1, 708298).
cost(15, 2, 476576).
cost(15, 3, 702662).
cost(15, 4, 229813).
cost(15, 5, 586198).
cost(15, 6, 564597).
cost(15, 7, 423155).
cost(15, 8, 929271).
cost(15, 9, 708661).
cost(15, 10, 339163).
cost(15, 11, 154971).
cost(15, 12, 250372).
cost(15, 13, 905412).
cost(15, 14, 824767).
cost(15, 16, 624263).
cost(15, 17, 373105).
cost(15, 18, 761032).
cost(15, 19, 699803).
cost(15, 20, 690597).
cost(15, 21, 233874).
cost(16, 1, 703471).
cost(16, 2, 255089).
cost(16, 3, 649464).
cost(16, 4, 398180).
cost(16, 5, 502564).
cost(16, 6, 562576).
cost(16, 7, 551421).
cost(16, 8, 485885).
cost(16, 9, 127098).
cost(16, 10, 593655).
cost(16, 11, 702682).
cost(16, 12, 389854).
cost(16, 13, 553981).
cost(16, 14, 679930).
cost(16, 15, 624263).
cost(16, 17, 261544).
cost(16, 18, 871194).
cost(16, 19, 647507).
cost(16, 20, 184975).
cost(16, 21, 450153).
cost(17, 1, 691261).
cost(17, 2, 245766).
cost(17, 3, 653768).
cost(17, 4, 143310).
cost(17, 5, 498506).
cost(17, 6, 528368).
cost(17, 7, 450637).
cost(17, 8, 672355).
cost(17, 9, 335583).
cost(17, 10, 447049).
cost(17, 11, 441182).
cost(17, 12, 179421).
cost(17, 13, 697873).
cost(17, 14, 731672).
cost(17, 15, 373105).
cost(17, 16, 261544).
cost(17, 18, 823328).
cost(17, 19, 651135).
cost(17, 20, 380215).
cost(17, 21, 190539).
cost(18, 1, 185071).
cost(18, 2, 626807).
cost(18, 3, 248188).
cost(18, 4, 777400).
cost(18, 5, 370422).
cost(18, 6, 309491).
cost(18, 7, 378572).
cost(18, 8, 710785).
cost(18, 9, 997722).
cost(18, 10, 428258).
cost(18, 11, 913336).
cost(18, 12, 676885).
cost(18, 13, 588774).
cost(18, 14, 327596).
cost(18, 15, 761032).
cost(18, 16, 871194).
cost(18, 17, 823328).
cost(18, 19, 248781).
cost(18, 20, 751443).
cost(18, 21, 873756).
cost(19, 1, 63714).
cost(19, 2, 422900).
cost(19, 3, 2885).
cost(19, 4, 643449).
cost(19, 5, 153780).
cost(19, 6, 136981).
cost(19, 7, 277126).
cost(19, 8, 469995).
cost(19, 9, 771388).
cost(19, 10, 371907).
cost(19, 11, 853732).
cost(19, 12, 540993).
cost(19, 13, 357828).
cost(19, 14, 137809).
cost(19, 15, 699803).
cost(19, 16, 647507).
cost(19, 17, 651135).
cost(19, 18, 248781).
cost(19, 20, 510872).
cost(19, 21, 746808).
cost(20, 1, 571979).
cost(20, 2, 224795).
cost(20, 3, 512328).
cost(20, 4, 488162).
cost(20, 5, 384639).
cost(20, 6, 456167).
cost(20, 7, 491345).
cost(20, 8, 305243).
cost(20, 9, 283166).
cost(20, 10, 561550).
cost(20, 11, 798266).
cost(20, 12, 440279).
cost(20, 13, 369389).
cost(20, 14, 518113).
cost(20, 15, 690597).
cost(20, 16, 184975).
cost(20, 17, 380215).
cost(20, 18, 751443).
cost(20, 19, 510872).
cost(20, 21, 566251).
cost(21, 1, 774243).
cost(21, 2, 396819).
cost(21, 3, 749644).
cost(21, 4, 103903).
cost(21, 5, 604263).
cost(21, 6, 612344).
cost(21, 7, 497704).
cost(21, 8, 848518).
cost(21, 9, 508683).
cost(21, 10, 453314).
cost(21, 11, 257940).
cost(21, 12, 205821).
cost(21, 13, 858770).
cost(21, 14, 849183).
cost(21, 15, 233874).
cost(21, 16, 450153).
cost(21, 17, 190539).
cost(21, 18, 873756).
cost(21, 19, 746808).
cost(21, 20, 566251).
