dimension(25).
point(1, 576044.0, 772956.0).
point(2, 993592.0, 603857.0).
point(3, 809179.0, 172023.0).
point(4, 853183.0, 972765.0).
point(5, 625315.0, 423071.0).
point(6, 636498.0, 592998.0).
point(7, 525593.0, 97328.0).
point(8, 741938.0, 848949.0).
point(9, 877545.0, 870524.0).
point(10, 693108.0, 971295.0).
point(11, 755722.0, 250916.0).
point(12, 564283.0, 796019.0).
point(13, 440998.0, 219859.0).
point(14, 401337.0, 392184.0).
point(15, 221967.0, 798210.0).
point(16, 652210.0, 532099.0).
point(17, 659178.0, 748913.0).
point(18, 572612.0, 401198.0).
point(19, 644288.0, 896457.0).
point(20, 154105.0, 133704.0).
point(21, 279462.0, 567217.0).
point(22, 893964.0, 2297.0).
point(23, 951813.0, 860734.0).
point(24, 153580.0, 837238.0).
point(25, 891476.0, 167963.0).
cost(1, 2, 450490).
cost(1, 3, 644571).
cost(1, 4, 341657).
cost(1, 5, 353337).
cost(1, 6, 189841).
cost(1, 7, 677509).
cost(1, 8, 182471).
cost(1, 9, 316895).
cost(1, 10, 230309).
cost(1, 11, 552096).
cost(1, 12, 25889).
cost(1, 13, 569345).
cost(1, 14, 418939).
cost(1, 15, 354976).
cost(1, 16, 252613).
cost(1, 17, 86541).
cost(1, 18, 371774).
cost(1, 19, 141102).
cost(1, 20, 765948).
cost(1, 21, 360956).
cost(1, 22, 833660).
cost(1, 23, 385885).
cost(1, 24, 427327).
cost(1, 25, 682286).
cost(2, 1, 450490).
cost(2, 3, 469562).
cost(2, 4, 394725).
cost(2, 5, 410258).
cost(2, 6, 357259).
cost(2, 7, 689634).
cost(2, 8, 351283).
cost(2, 9, 290823).
cost(2, 10, 474659).
cost(2, 11, 425617).
cost(2, 12, 470354).
cost(2, 13, 672915).
cost(2, 14, 628945).
cost(2, 15, 795725).
cost(2, 16, 348842).
cost(2, 17, 364519).
cost(2, 18, 467220).
cost(2, 19, 455662).
cost(2, 20, 962176).
cost(2, 21, 715069).
cost(2, 22, 609754).
cost(2, 23, 260252).
cost(2, 24, 871830).
cost(2, 25, 447695).
cost(3, 1, 644571).
cost(3, 2, 469562).
cost(3, 4, 801950).
cost(3, 5, 311177).
cost(3, 6, 455015).
cost(3, 7, 293258).
cost(3, 8, 680257).
cost(3, 9, 701839).
cost(3, 10, 807656).
cost(3, 11, 95298).
cost(3, 12, 670332).
cost(3, 13, 371276).
cost(3, 14, 463472).
cost(3, 15, 858445).
cost(3, 16, 392803).
cost(3, 17, 596072).
cost(3, 18, 329371).
cost(3, 19, 742963).
cost(3, 20, 656194).
cost(3, 21, 660892).
cost(3, 22, 189725).
cost(3, 23, 703326).
cost(3, 24, 933981).
cost(3, 25, 82397).
cost(4, 1, 341657).
cost(4, 2, 394725).
cost(4, 3, 801950).
cost(4, 5, 595052).
cost(4, 6, 437236).
cost(4, 7, 934722).
cost(4, 8, 166451).
cost(4, 9, 105103).
cost(4, 10, 160082).
cost(4, 11, 728399).
cost(4, 12, 338677).
cost(4, 13, 858350).
cost(4, 14, 735690).
cost(4, 15, 654907).
cost(4, 16, 484331).
cost(4, 17, 296222).
cost(4, 18, 636717).
cost(4, 19, 222396).
cost(4, 20, 1092123).
cost(4, 21, 702584).
cost(4, 22, 971324).
cost(4, 23, 149261).
cost(4, 24, 712609).
cost(4, 25, 805712).
cost(5, 1, 353337).
cost(5, 2, 410258).
cost(5, 3, 311177).
cost(5, 4, 595052).
cost(5, 6, 170295).
cost(5, 7, 340665).
cost(5, 8, 441557).
cost(5, 9, 513648).
cost(5, 10, 552400).
cost(5, 11, 215971).
cost(5, 12, 377909).
cost(5, 13, 274350).
cost(5, 14, 226098).
cost(5, 15, 550835).
cost(5, 16, 112296).
cost(5, 17, 327597).
cost(5, 18, 57062).
cost(5, 19, 473766).
cost(5, 20, 552967).
cost(5, 21, 374690).
cost(5, 22, 499222).
cost(5, 23, 546031).
cost(5, 24, 627749).
cost(5, 25, 368676).
cost(6, 1, 189841).
cost(6, 2, 357259).
cost(6, 3, 455015).
cost(6, 4, 437236).
cost(6, 5, 170295).
cost(6, 7, 507926).
cost(6, 8, 276819).
cost(6, 9, 367593).
cost(6, 10, 382509).
cost(6, 11, 362263).
cost(6, 12, 215482).
cost(6, 13, 421252).
cost(6, 14, 309236).
cost(6, 15, 462545).
cost(6, 16, 62893).
cost(6, 17, 157556).
cost(6, 18, 202160).
cost(6, 19, 303559).
cost(6, 20, 666074).
cost(6, 21, 357966).
cost(6, 22, 644373).
cost(6, 23, 413650).
cost(6, 24, 541168).
cost(6, 25, 495650).
cost(7, 1, 677509).
cost(7, 2, 689634).
cost(7, 3, 293258).
cost(7, 4, 934722).
cost(7, 5, 340665).
cost(7, 6, 507926).
cost(7, 8, 782138).
cost(7, 9, 849531).
cost(7, 10, 889876).
cost(7, 11, 276674).
cost(7, 12, 699761).
cost(7, 13, 148896).
cost(7, 14, 319968).
cost(7, 15, 763822).
cost(7, 16, 452833).
cost(7, 17, 665138).
cost(7, 18, 307486).
cost(7, 19, 807896).
cost(7, 20, 373265).
cost(7, 21, 530449).
cost(7, 22, 380431).
cost(7, 23, 874330).
cost(7, 24, 828167).
cost(7, 25, 372639).
cost(8, 1, 182471).
cost(8, 2, 351283).
cost(8, 3, 680257).
cost(8, 4, 166451).
cost(8, 5, 441557).
cost(8, 6, 276819).
cost(8, 7, 782138).
cost(8, 9, 137313).
cost(8, 10, 131730).
cost(8, 11, 598192).
cost(8, 12, 185372).
cost(8, 13, 697366).
cost(8, 14, 569775).
cost(8, 15, 522441).
cost(8, 16, 329310).
cost(8, 17, 129832).
cost(8, 18, 478698).
cost(8, 19, 108593).
cost(8, 20, 925809).
cost(8, 21, 541532).
cost(8, 22, 860193).
cost(8, 23, 210206).
cost(8, 24, 588475).
cost(8, 25, 697211).
cost(9, 1, 316895).
cost(9, 2, 290823).
cost(9, 3, 701839).
cost(9, 4, 105103).
cost(9, 5, 513648).
cost(9, 6, 367593).
cost(9, 7, 849531).
cost(9, 8, 137313).
cost(9, 10, 210171).
cost(9, 11, 631470).
cost(9, 12, 322000).
cost(9, 13, 783542).
cost(9, 14, 674969).
cost(9, 15, 659554).
cost(9, 16, 406580).
cost(9, 17, 249947).
cost(9, 18, 559688).
cost(9, 19, 234694).
cost(9, 20, 1032603).
cost(9, 21, 670596).
cost(9, 22, 868382).
cost(9, 23, 74910).
cost(9, 24, 724730).
cost(9, 25, 702699).
cost(10, 1, 230309).
cost(10, 2, 474659).
cost(10, 3, 807656).
cost(10, 4, 160082).
cost(10, 5, 552400).
cost(10, 6, 382509).
cost(10, 7, 889876).
cost(10, 8, 131730).
cost(10, 9, 210171).
cost(10, 11, 723095).
cost(10, 12, 217526).
cost(10, 13, 792600).
cost(10, 14, 648460).
cost(10, 15, 501929).
cost(10, 16, 441096).
cost(10, 17, 224956).
cost(10, 18, 582692).
cost(10, 19, 89354).
cost(10, 20, 996034).
cost(10, 21, 578258).
cost(10, 22, 989596).
cost(10, 23, 281340).
cost(10, 24, 555933).
cost(10, 25, 827461).
cost(11, 1, 552096).
cost(11, 2, 425617).
cost(11, 3, 95298).
cost(11, 4, 728399).
cost(11, 5, 215971).
cost(11, 6, 362263).
cost(11, 7, 276674).
cost(11, 8, 598192).
cost(11, 9, 631470).
cost(11, 10, 723095).
cost(11, 12, 577742).
cost(11, 13, 316253).
cost(11, 14, 381504).
cost(11, 15, 764477).
cost(11, 16, 299631).
cost(11, 17, 507269).
cost(11, 18, 236884).
cost(11, 19, 655088).
cost(11, 20, 612929).
cost(11, 21, 571725).
cost(11, 22, 284468).
cost(11, 23, 640570).
cost(11, 24, 840445).
cost(11, 25, 159092).
cost(12, 1, 25889).
cost(12, 2, 470354).
cost(12, 3, 670332).
cost(12, 4, 338677).
cost(12, 5, 377909).
cost(12, 6, 215482).
cost(12, 7, 699761).
cost(12, 8, 185372).
cost(12, 9, 322000).
cost(12, 10, 217526).
cost(12, 11, 577742).
cost(12, 13, 589202).
cost(12, 14, 435470).
cost(12, 15, 342323).
cost(12, 16, 278181).
cost(12, 17, 105944).
cost(12, 18, 394909).
cost(12, 19, 128408).
cost(12, 20, 779042).
cost(12, 21, 365340).
cost(12, 22, 859467).
cost(12, 23, 392896).
cost(12, 24, 412766).
cost(12, 25, 708173).
cost(13, 1, 569345).
cost(13, 2, 672915).
cost(13, 3, 371276).
cost(13, 4, 858350).
cost(13, 5, 274350).
cost(13, 6, 421252).
cost(13, 7, 148896).
cost(13, 8, 697366).
cost(13, 9, 783542).
cost(13, 10, 792600).
cost(13, 11, 316253).
cost(13, 12, 589202).
cost(13, 14, 176830).
cost(13, 15, 618437).
cost(13, 16, 376967).
cost(13, 17, 572277).
cost(13, 18, 224067).
cost(13, 19, 706478).
cost(13, 20, 299550).
cost(13, 21, 383082).
cost(13, 22, 502505).
cost(13, 23, 819544).
cost(13, 24, 681004).
cost(13, 25, 453457).
cost(14, 1, 418939).
cost(14, 2, 628945).
cost(14, 3, 463472).
cost(14, 4, 735690).
cost(14, 5, 226098).
cost(14, 6, 309236).
cost(14, 7, 319968).
cost(14, 8, 569775).
cost(14, 9, 674969).
cost(14, 10, 648460).
cost(14, 11, 381504).
cost(14, 12, 435470).
cost(14, 13, 176830).
cost(14, 15, 443881).
cost(14, 16, 287252).
cost(14, 17, 440156).
cost(14, 18, 171512).
cost(14, 19, 559747).
cost(14, 20, 357681).
cost(14, 21, 213284).
cost(14, 22, 628246).
cost(14, 23, 722885).
cost(14, 24, 509369).
cost(14, 25, 538991).
cost(15, 1, 354976).
cost(15, 2, 795725).
cost(15, 3, 858445).
cost(15, 4, 654907).
cost(15, 5, 550835).
cost(15, 6, 462545).
cost(15, 7, 763822).
cost(15, 8, 522441).
cost(15, 9, 659554).
cost(15, 10, 501929).
cost(15, 11, 764477).
cost(15, 12, 342323).
cost(15, 13, 618437).
cost(15, 14, 443881).
cost(15, 16, 505889).
cost(15, 17, 439981).
cost(15, 18, 529689).
cost(15, 19, 433598).
cost(15, 20, 667962).
cost(15, 21, 238041).
cost(15, 22, 1041661).
cost(15, 23, 732519).
cost(15, 24, 78740).
cost(15, 25, 919485).
cost(16, 1, 252613).
cost(16, 2, 348842).
cost(16, 3, 392803).
cost(16, 4, 484331).
cost(16, 5, 112296).
cost(16, 6, 62893).
cost(16, 7, 452833).
cost(16, 8, 329310).
cost(16, 9, 406580).
cost(16, 10, 441096).
cost(16, 11, 299631).
cost(16, 12, 278181).
cost(16, 13, 376967).
cost(16, 14, 287252).
cost(16, 15, 505889).
cost(16, 17, 216926).
cost(16, 18, 153202).
cost(16, 19, 364444).
cost(16, 20, 637830).
cost(16, 21, 374399).
cost(16, 22, 582353).
cost(16, 23, 444705).
cost(16, 24, 584587).
cost(16, 25, 435710).
cost(17, 1, 86541).
cost(17, 2, 364519).
cost(17, 3, 596072).
cost(17, 4, 296222).
cost(17, 5, 327597).
cost(17, 6, 157556).
cost(17, 7, 665138).
cost(17, 8, 129832).
cost(17, 9, 249947).
cost(17, 10, 224956).
cost(17, 11, 507269).
cost(17, 12, 105944).
cost(17, 13, 572277).
cost(17, 14, 440156).
cost(17, 15, 439981).
cost(17, 16, 216926).
cost(17, 18, 358329).
cost(17, 19, 148293).
cost(17, 20, 795978).
cost(17, 21, 420949).
cost(17, 22, 782662).
cost(17, 23, 313272).
cost(17, 24, 513255).
cost(17, 25, 625672).
cost(18, 1, 371774).
cost(18, 2, 467220).
cost(18, 3, 329371).
cost(18, 4, 636717).
cost(18, 5, 57062).
cost(18, 6, 202160).
cost(18, 7, 307486).
cost(18, 8, 478698).
cost(18, 9, 559688).
cost(18, 10, 582692).
cost(18, 11, 236884).
cost(18, 12, 394909).
cost(18, 13, 224067).
cost(18, 14, 171512).
cost(18, 15, 529689).
cost(18, 16, 153202).
cost(18, 17, 358329).
cost(18, 19, 500419).
cost(18, 20, 496690).
cost(18, 21, 336896).
cost(18, 22, 512239).
cost(18, 23, 595791).
cost(18, 24, 604747).
cost(18, 25, 395061).
cost(19, 1, 141102).
cost(19, 2, 455662).
cost(19, 3, 742963).
cost(19, 4, 222396).
cost(19, 5, 473766).
cost(19, 6, 303559).
cost(19, 7, 807896).
cost(19, 8, 108593).
cost(19, 9, 234694).
cost(19, 10, 89354).
cost(19, 11, 655088).
cost(19, 12, 128408).
cost(19, 13, 706478).
cost(19, 14, 559747).
cost(19, 15, 433598).
cost(19, 16, 364444).
cost(19, 17, 148293).
cost(19, 18, 500419).
cost(19, 20, 906682).
cost(19, 21, 491423).
cost(19, 22, 928364).
cost(19, 23, 309593).
cost(19, 24, 494268).
cost(19, 25, 769289).
cost(20, 1, 765948).
cost(20, 2, 962176).
cost(20, 3, 656194).
cost(20, 4, 1092123).
cost(20, 5, 552967).
cost(20, 6, 666074).
cost(20, 7, 373265).
cost(20, 8, 925809).
cost(20, 9, 1032603).
cost(20, 10, 996034).
cost(20, 11, 612929).
cost(20, 12, 779042).
cost(20, 13, 299550).
cost(20, 14, 357681).
cost(20, 15, 667962).
cost(20, 16, 637830).
cost(20, 17, 795978).
cost(20, 18, 496690).
cost(20, 19, 906682).
cost(20, 21, 451274).
cost(20, 22, 751438).
cost(20, 23, 1079310).
cost(20, 24, 703534).
cost(20, 25, 738166).
cost(21, 1, 360956).
cost(21, 2, 715069).
cost(21, 3, 660892).
cost(21, 4, 702584).
cost(21, 5, 374690).
cost(21, 6, 357966).
cost(21, 7, 530449).
cost(21, 8, 541532).
cost(21, 9, 670596).
cost(21, 10, 578258).
cost(21, 11, 571725).
cost(21, 12, 365340).
cost(21, 13, 383082).
cost(21, 14, 213284).
cost(21, 15, 238041).
cost(21, 16, 374399).
cost(21, 17, 420949).
cost(21, 18, 336896).
cost(21, 19, 491423).
cost(21, 20, 451274).
cost(21, 22, 834714).
cost(21, 23, 733627).
cost(21, 24, 297922).
cost(21, 25, 730729).
cost(22, 1, 833660).
cost(22, 2, 609754).
cost(22, 3, 189725).
cost(22, 4, 971324).
cost(22, 5, 499222).
cost(22, 6, 644373).
cost(22, 7, 380431).
cost(22, 8, 860193).
cost(22, 9, 868382).
cost(22, 10, 989596).
cost(22, 11, 284468).
cost(22, 12, 859467).
cost(22, 13, 502505).
cost(22, 14, 628246).
cost(22, 15, 1041661).
cost(22, 16, 582353).
cost(22, 17, 782662).
cost(22, 18, 512239).
cost(22, 19, 928364).
cost(22, 20, 751438).
cost(22, 21, 834714).
cost(22, 23, 860384).
cost(22, 24, 1115928).
cost(22, 25, 165685).
cost(23, 1, 385885).
cost(23, 2, 260252).
cost(23, 3, 703326).
cost(23, 4, 149261).
cost(23, 5, 546031).
cost(23, 6, 413650).
cost(23, 7, 874330).
cost(23, 8, 210206).
cost(23, 9, 74910).
cost(23, 10, 281340).
cost(23, 11, 640570).
cost(23, 12, 392896).
cost(23, 13, 819544).
cost(23, 14, 722885).
cost(23, 15, 732519).
cost(23, 16, 444705).
cost(23, 17, 313272).
cost(23, 18, 595791).
cost(23, 19, 309593).
cost(23, 20, 1079310).
cost(23, 21, 733627).
cost(23, 22, 860384).
cost(23, 24, 798579).
cost(23, 25, 695394).
cost(24, 1, 427327).
cost(24, 2, 871830).
cost(24, 3, 933981).
cost(24, 4, 712609).
cost(24, 5, 627749).
cost(24, 6, 541168).
cost(24, 7, 828167).
cost(24, 8, 588475).
cost(24, 9, 724730).
cost(24, 10, 555933).
cost(24, 11, 840445).
cost(24, 12, 412766).
cost(24, 13, 681004).
cost(24, 14, 509369).
cost(24, 15, 78740).
cost(24, 16, 584587).
cost(24, 17, 513255).
cost(24, 18, 604747).
cost(24, 19, 494268).
cost(24, 20, 703534).
cost(24, 21, 297922).
cost(24, 22, 1115928).
cost(24, 23, 798579).
cost(24, 25, 996203).
cost(25, 1, 682286).
cost(25, 2, 447695).
cost(25, 3, 82397).
cost(25, 4, 805712).
cost(25, 5, 368676).
cost(25, 6, 495650).
cost(25, 7, 372639).
cost(25, 8, 697211).
cost(25, 9, 702699).
cost(25, 10, 827461).
cost(25, 11, 159092).
cost(25, 12, 708173).
cost(25, 13, 453457).
cost(25, 14, 538991).
cost(25, 15, 919485).
cost(25, 16, 435710).
cost(25, 17, 625672).
cost(25, 18, 395061).
cost(25, 19, 769289).
cost(25, 20, 738166).
cost(25, 21, 730729).
cost(25, 22, 165685).
cost(25, 23, 695394).
cost(25, 24, 996203).
nocross(1,6).
nocross(1,12).
nocross(1,17).
nocross(2,5).
nocross(2,9).
nocross(2,11).
nocross(2,16).
nocross(2,23).
nocross(3,11).
nocross(3,18).
nocross(3,22).
nocross(3,25).
nocross(4,1).
nocross(4,9).
nocross(4,10).
nocross(4,23).
nocross(5,11).
nocross(5,13).
nocross(5,16).
nocross(5,18).
nocross(5,22).
nocross(5,23).
nocross(6,1).
nocross(6,5).
nocross(6,11).
nocross(6,16).
nocross(6,23).
nocross(7,3).
nocross(7,5).
nocross(7,11).
nocross(7,13).
nocross(7,14).
nocross(7,18).
nocross(7,22).
nocross(8,1).
nocross(8,6).
nocross(8,12).
nocross(8,16).
nocross(8,19).
nocross(9,23).
nocross(10,1).
nocross(10,4).
nocross(10,8).
nocross(10,9).
nocross(10,17).
nocross(10,19).
nocross(10,24).
nocross(11,5).
nocross(11,13).
nocross(11,16).
nocross(11,18).
nocross(12,19).
nocross(13,11).
nocross(13,14).
nocross(13,18).
nocross(13,20).
nocross(13,22).
nocross(14,5).
nocross(14,6).
nocross(14,13).
nocross(14,16).
nocross(14,18).
nocross(14,21).
nocross(15,21).
nocross(15,24).
nocross(16,1).
nocross(16,5).
nocross(16,11).
nocross(16,18).
nocross(16,23).
nocross(17,1).
nocross(17,16).
nocross(17,23).
nocross(18,5).
nocross(18,11).
nocross(18,13).
nocross(18,14).
nocross(18,16).
nocross(19,1).
nocross(19,6).
nocross(19,9).
nocross(19,12).
nocross(19,17).
nocross(19,24).
nocross(20,1).
nocross(20,13).
nocross(20,14).
nocross(20,21).
nocross(21,1).
nocross(21,6).
nocross(21,13).
nocross(21,14).
nocross(21,15).
nocross(21,18).
nocross(21,20).
nocross(22,3).
nocross(22,25).
nocross(23,4).
nocross(24,15).
nocross(24,21).
nocross(25,3).
nocross(25,11).
nocross(25,22).
