dimension(21).
point(1, -80877.0, 171499.0).
point(2, 68849.0, -147673.0).
point(3, 187578.0, 11059.0).
point(4, 106018.0, 231851.0).
point(5, -134913.0, 154179.0).
point(6, 69728.0, -107848.0).
point(7, 292858.0, 490372.0).
point(8, 166254.0, -201277.0).
point(9, -108707.0, -151221.0).
point(10, 56529.0, -304592.0).
point(11, 136590.0, -72290.0).
point(12, -165837.0, 114487.0).
point(13, -202290.0, -305433.0).
point(14, 3515.0, 31573.0).
point(15, 141592.0, 312287.0).
point(16, -108075.0, -28006.0).
point(17, 140303.0, -301983.0).
point(18, 8021.0, -30570.0).
point(19, 117328.0, 124580.0).
point(20, 143457.0, 171193.0).
point(21, -394349.0, 53588.0).
cost(1, 2, 352546).
cost(1, 3, 312744).
cost(1, 4, 196398).
cost(1, 5, 56744).
cost(1, 6, 317359).
cost(1, 7, 491282).
cost(1, 8, 447253).
cost(1, 9, 323918).
cost(1, 10, 495523).
cost(1, 11, 326688).
cost(1, 12, 102316).
cost(1, 13, 492144).
cost(1, 14, 163405).
cost(1, 15, 263275).
cost(1, 16, 201350).
cost(1, 17, 522595).
cost(1, 18, 220759).
cost(1, 19, 203683).
cost(1, 20, 224334).
cost(1, 21, 334914).
cost(2, 1, 352546).
cost(2, 3, 198223).
cost(2, 4, 381340).
cost(2, 5, 364189).
cost(2, 6, 39835).
cost(2, 7, 676226).
cost(2, 8, 111181).
cost(2, 9, 177591).
cost(2, 10, 157402).
cost(2, 11, 101348).
cost(2, 12, 351860).
cost(2, 13, 313695).
cost(2, 14, 190782).
cost(2, 15, 465677).
cost(2, 16, 213594).
cost(2, 17, 170051).
cost(2, 18, 131959).
cost(2, 19, 276536).
cost(2, 20, 327478).
cost(2, 21, 505033).
cost(3, 1, 312744).
cost(3, 2, 198223).
cost(3, 4, 235374).
cost(3, 5, 352823).
cost(3, 6, 167414).
cost(3, 7, 490739).
cost(3, 8, 213404).
cost(3, 9, 337816).
cost(3, 10, 341774).
cost(3, 11, 97708).
cost(3, 12, 368238).
cost(3, 13, 502160).
cost(3, 14, 185203).
cost(3, 15, 304718).
cost(3, 16, 298223).
cost(3, 17, 316592).
cost(3, 18, 184320).
cost(3, 19, 133499).
cost(3, 20, 166101).
cost(3, 21, 583479).
cost(4, 1, 196398).
cost(4, 2, 381340).
cost(4, 3, 235374).
cost(4, 5, 253142).
cost(4, 6, 341632).
cost(4, 7, 318971).
cost(4, 8, 437297).
cost(4, 9, 439148).
cost(4, 10, 538721).
cost(4, 11, 305674).
cost(4, 12, 296107).
cost(4, 13, 619458).
cost(4, 14, 224985).
cost(4, 15, 87951).
cost(4, 16, 336692).
cost(4, 17, 534934).
cost(4, 18, 280122).
cost(4, 19, 107866).
cost(4, 20, 71282).
cost(4, 21, 531173).
cost(5, 1, 56744).
cost(5, 2, 364189).
cost(5, 3, 352823).
cost(5, 4, 253142).
cost(5, 6, 332470).
cost(5, 7, 544071).
cost(5, 8, 465887).
cost(5, 9, 306522).
cost(5, 10, 497113).
cost(5, 11, 353556).
cost(5, 12, 50316).
cost(5, 13, 464524).
cost(5, 14, 184918).
cost(5, 15, 318517).
cost(5, 16, 184151).
cost(5, 17, 532755).
cost(5, 18, 233586).
cost(5, 19, 253972).
cost(5, 20, 278889).
cost(5, 21, 278255).
cost(6, 1, 317359).
cost(6, 2, 39835).
cost(6, 3, 167414).
cost(6, 4, 341632).
cost(6, 5, 332470).
cost(6, 7, 638478).
cost(6, 8, 134336).
cost(6, 9, 183631).
cost(6, 10, 197186).
cost(6, 11, 75729).
cost(6, 12, 323919).
cost(6, 13, 336205).
cost(6, 14, 154345).
cost(6, 15, 426237).
cost(6, 16, 194907).
cost(6, 17, 206565).
cost(6, 18, 98892).
cost(6, 19, 237252).
cost(6, 20, 288617).
cost(6, 21, 491354).
cost(7, 1, 491282).
cost(7, 2, 676226).
cost(7, 3, 490739).
cost(7, 4, 318971).
cost(7, 5, 544071).
cost(7, 6, 638478).
cost(7, 8, 703141).
cost(7, 9, 756899).
cost(7, 10, 829349).
cost(7, 11, 583959).
cost(7, 12, 593035).
cost(7, 13, 937271).
cost(7, 14, 542417).
cost(7, 15, 233657).
cost(7, 16, 655334).
cost(7, 17, 806907).
cost(7, 18, 593728).
cost(7, 19, 405727).
cost(7, 20, 352414).
cost(7, 21, 814269).
cost(8, 1, 447253).
cost(8, 2, 111181).
cost(8, 3, 213404).
cost(8, 4, 437297).
cost(8, 5, 465887).
cost(8, 6, 134336).
cost(8, 7, 703141).
cost(8, 9, 279480).
cost(8, 10, 150710).
cost(8, 11, 132354).
cost(8, 12, 458248).
cost(8, 13, 382979).
cost(8, 14, 284083).
cost(8, 15, 514156).
cost(8, 16, 324468).
cost(8, 17, 103996).
cost(8, 18, 232763).
cost(8, 19, 329510).
cost(8, 20, 373167).
cost(8, 21, 615818).
cost(9, 1, 323918).
cost(9, 2, 177591).
cost(9, 3, 337816).
cost(9, 4, 439148).
cost(9, 5, 306522).
cost(9, 6, 183631).
cost(9, 7, 756899).
cost(9, 8, 279480).
cost(9, 10, 225445).
cost(9, 11, 257683).
cost(9, 12, 271780).
cost(9, 13, 180386).
cost(9, 14, 214493).
cost(9, 15, 526772).
cost(9, 16, 123217).
cost(9, 17, 291093).
cost(9, 18, 167875).
cost(9, 19, 356592).
cost(9, 20, 409313).
cost(9, 21, 351480).
cost(10, 1, 495523).
cost(10, 2, 157402).
cost(10, 3, 341774).
cost(10, 4, 538721).
cost(10, 5, 497113).
cost(10, 6, 197186).
cost(10, 7, 829349).
cost(10, 8, 150710).
cost(10, 9, 225445).
cost(10, 11, 245711).
cost(10, 12, 474419).
cost(10, 13, 258820).
cost(10, 14, 340320).
cost(10, 15, 622716).
cost(10, 16, 321861).
cost(10, 17, 83815).
cost(10, 18, 278282).
cost(10, 19, 433457).
cost(10, 20, 483661).
cost(10, 21, 575833).
cost(11, 1, 326688).
cost(11, 2, 101348).
cost(11, 3, 97708).
cost(11, 4, 305674).
cost(11, 5, 353556).
cost(11, 6, 75729).
cost(11, 7, 583959).
cost(11, 8, 132354).
cost(11, 9, 257683).
cost(11, 10, 245711).
cost(11, 12, 355454).
cost(11, 13, 411334).
cost(11, 14, 168809).
cost(11, 15, 384610).
cost(11, 16, 248640).
cost(11, 17, 229723).
cost(11, 18, 135169).
cost(11, 19, 197810).
cost(11, 20, 243580).
cost(11, 21, 545657).
cost(12, 1, 102316).
cost(12, 2, 351860).
cost(12, 3, 368238).
cost(12, 4, 296107).
cost(12, 5, 50316).
cost(12, 6, 323919).
cost(12, 7, 593035).
cost(12, 8, 458248).
cost(12, 9, 271780).
cost(12, 10, 474419).
cost(12, 11, 355454).
cost(12, 13, 421499).
cost(12, 14, 188560).
cost(12, 15, 365565).
cost(12, 16, 153755).
cost(12, 17, 516884).
cost(12, 18, 226425).
cost(12, 19, 283345).
cost(12, 20, 314449).
cost(12, 21, 236488).
cost(13, 1, 492144).
cost(13, 2, 313695).
cost(13, 3, 502160).
cost(13, 4, 619458).
cost(13, 5, 464524).
cost(13, 6, 336205).
cost(13, 7, 937271).
cost(13, 8, 382979).
cost(13, 9, 180386).
cost(13, 10, 258820).
cost(13, 11, 411334).
cost(13, 12, 421499).
cost(13, 14, 394878).
cost(13, 15, 706989).
cost(13, 16, 292988).
cost(13, 17, 342610).
cost(13, 18, 346093).
cost(13, 19, 535786).
cost(13, 20, 588824).
cost(13, 21, 407164).
cost(14, 1, 163405).
cost(14, 2, 190782).
cost(14, 3, 185203).
cost(14, 4, 224985).
cost(14, 5, 184918).
cost(14, 6, 154345).
cost(14, 7, 542417).
cost(14, 8, 284083).
cost(14, 9, 214493).
cost(14, 10, 340320).
cost(14, 11, 168809).
cost(14, 12, 188560).
cost(14, 13, 394878).
cost(14, 15, 312835).
cost(14, 16, 126499).
cost(14, 17, 360514).
cost(14, 18, 62306).
cost(14, 19, 146982).
cost(14, 20, 197680).
cost(14, 21, 398473).
cost(15, 1, 263275).
cost(15, 2, 465677).
cost(15, 3, 304718).
cost(15, 4, 87951).
cost(15, 5, 318517).
cost(15, 6, 426237).
cost(15, 7, 233657).
cost(15, 8, 514156).
cost(15, 9, 526772).
cost(15, 10, 622716).
cost(15, 11, 384610).
cost(15, 12, 365565).
cost(15, 13, 706989).
cost(15, 14, 312835).
cost(15, 16, 422058).
cost(15, 17, 614271).
cost(15, 18, 367957).
cost(15, 19, 189269).
cost(15, 20, 141106).
cost(15, 21, 595112).
cost(16, 1, 201350).
cost(16, 2, 213594).
cost(16, 3, 298223).
cost(16, 4, 336692).
cost(16, 5, 184151).
cost(16, 6, 194907).
cost(16, 7, 655334).
cost(16, 8, 324468).
cost(16, 9, 123217).
cost(16, 10, 321861).
cost(16, 11, 248640).
cost(16, 12, 153755).
cost(16, 13, 292988).
cost(16, 14, 126499).
cost(16, 15, 422058).
cost(16, 17, 369804).
cost(16, 18, 116124).
cost(16, 19, 272193).
cost(16, 20, 320856).
cost(16, 21, 297675).
cost(17, 1, 522595).
cost(17, 2, 170051).
cost(17, 3, 316592).
cost(17, 4, 534934).
cost(17, 5, 532755).
cost(17, 6, 206565).
cost(17, 7, 806907).
cost(17, 8, 103996).
cost(17, 9, 291093).
cost(17, 10, 83815).
cost(17, 11, 229723).
cost(17, 12, 516884).
cost(17, 13, 342610).
cost(17, 14, 360514).
cost(17, 15, 614271).
cost(17, 16, 369804).
cost(17, 18, 301933).
cost(17, 19, 427181).
cost(17, 20, 473187).
cost(17, 21, 642093).
cost(18, 1, 220759).
cost(18, 2, 131959).
cost(18, 3, 184320).
cost(18, 4, 280122).
cost(18, 5, 233586).
cost(18, 6, 98892).
cost(18, 7, 593728).
cost(18, 8, 232763).
cost(18, 9, 167875).
cost(18, 10, 278282).
cost(18, 11, 135169).
cost(18, 12, 226425).
cost(18, 13, 346093).
cost(18, 14, 62306).
cost(18, 15, 367957).
cost(18, 16, 116124).
cost(18, 17, 301933).
cost(18, 19, 189788).
cost(18, 20, 243005).
cost(18, 21, 411077).
cost(19, 1, 203683).
cost(19, 2, 276536).
cost(19, 3, 133499).
cost(19, 4, 107866).
cost(19, 5, 253972).
cost(19, 6, 237252).
cost(19, 7, 405727).
cost(19, 8, 329510).
cost(19, 9, 356592).
cost(19, 10, 433457).
cost(19, 11, 197810).
cost(19, 12, 283345).
cost(19, 13, 535786).
cost(19, 14, 146982).
cost(19, 15, 189269).
cost(19, 16, 272193).
cost(19, 17, 427181).
cost(19, 18, 189788).
cost(19, 20, 53437).
cost(19, 21, 516578).
cost(20, 1, 224334).
cost(20, 2, 327478).
cost(20, 3, 166101).
cost(20, 4, 71282).
cost(20, 5, 278889).
cost(20, 6, 288617).
cost(20, 7, 352414).
cost(20, 8, 373167).
cost(20, 9, 409313).
cost(20, 10, 483661).
cost(20, 11, 243580).
cost(20, 12, 314449).
cost(20, 13, 588824).
cost(20, 14, 197680).
cost(20, 15, 141106).
cost(20, 16, 320856).
cost(20, 17, 473187).
cost(20, 18, 243005).
cost(20, 19, 53437).
cost(20, 21, 550515).
cost(21, 1, 334914).
cost(21, 2, 505033).
cost(21, 3, 583479).
cost(21, 4, 531173).
cost(21, 5, 278255).
cost(21, 6, 491354).
cost(21, 7, 814269).
cost(21, 8, 615818).
cost(21, 9, 351480).
cost(21, 10, 575833).
cost(21, 11, 545657).
cost(21, 12, 236488).
cost(21, 13, 407164).
cost(21, 14, 398473).
cost(21, 15, 595112).
cost(21, 16, 297675).
cost(21, 17, 642093).
cost(21, 18, 411077).
cost(21, 19, 516578).
cost(21, 20, 550515).
nocross(1,12).
nocross(1,14).
nocross(1,18).
nocross(2,6).
nocross(2,9).
nocross(2,10).
nocross(2,11).
nocross(2,12).
nocross(3,1).
nocross(3,6).
nocross(3,7).
nocross(3,10).
nocross(3,12).
nocross(3,18).
nocross(3,19).
nocross(4,1).
nocross(4,7).
nocross(4,12).
nocross(4,15).
nocross(4,19).
nocross(4,20).
nocross(5,1).
nocross(5,12).
nocross(5,14).
nocross(5,16).
nocross(5,18).
nocross(6,9).
nocross(6,18).
nocross(6,19).
nocross(7,15).
nocross(8,2).
nocross(8,6).
nocross(8,10).
nocross(8,11).
nocross(8,17).
nocross(9,10).
nocross(9,12).
nocross(9,16).
nocross(9,18).
nocross(9,21).
nocross(10,2).
nocross(10,12).
nocross(10,17).
nocross(11,1).
nocross(11,6).
nocross(11,8).
nocross(11,10).
nocross(11,18).
nocross(11,19).
nocross(12,1).
nocross(12,16).
nocross(12,18).
nocross(12,21).
nocross(13,9).
nocross(13,10).
nocross(13,12).
nocross(13,21).
nocross(14,6).
nocross(14,12).
nocross(14,16).
nocross(15,1).
nocross(15,4).
nocross(15,7).
nocross(15,19).
nocross(15,20).
nocross(16,1).
nocross(16,5).
nocross(16,10).
nocross(16,12).
nocross(16,18).
nocross(17,2).
nocross(17,6).
nocross(17,10).
nocross(17,12).
nocross(18,1).
nocross(18,4).
nocross(18,7).
nocross(18,10).
nocross(18,12).
nocross(18,15).
nocross(18,16).
nocross(19,1).
nocross(19,4).
nocross(19,12).
nocross(19,15).
nocross(19,18).
nocross(20,1).
nocross(20,4).
nocross(20,7).
nocross(20,12).
nocross(20,15).
nocross(20,19).
nocross(21,5).
nocross(21,9).
nocross(21,12).
nocross(21,16).
