dimension(21).
point(1, 109808.0, 224254.0).
point(2, 2818.0, 33784.0).
point(3, -198623.0, -98586.0).
point(4, 141937.0, 262464.0).
point(5, -323041.0, -250596.0).
point(6, -44460.0, 116847.0).
point(7, -14784.0, 432762.0).
point(8, 303761.0, 168440.0).
point(9, 170812.0, 231961.0).
point(10, 121727.0, -11116.0).
point(11, 269116.0, -17253.0).
point(12, 328585.0, 272086.0).
point(13, 132674.0, -216612.0).
point(14, 94623.0, -23440.0).
point(15, -285202.0, 308657.0).
point(16, 411749.0, 603418.0).
point(17, -334382.0, -199528.0).
point(18, 194625.0, -14651.0).
point(19, -153450.0, -348920.0).
point(20, 63917.0, 16261.0).
point(21, 447693.0, -76532.0).
cost(1, 2, 218462).
cost(1, 3, 446492).
cost(1, 4, 49923).
cost(1, 5, 642527).
cost(1, 6, 187976).
cost(1, 7, 242897).
cost(1, 8, 201824).
cost(1, 9, 61489).
cost(1, 10, 235672).
cost(1, 11, 289318).
cost(1, 12, 223945).
cost(1, 13, 441459).
cost(1, 14, 248159).
cost(1, 15, 403927).
cost(1, 16, 484700).
cost(1, 17, 613919).
cost(1, 18, 253514).
cost(1, 19, 630740).
cost(1, 20, 212995).
cost(1, 21, 452370).
cost(2, 1, 218462).
cost(2, 3, 241040).
cost(2, 4, 267673).
cost(2, 5, 432500).
cost(2, 6, 95575).
cost(2, 7, 399366).
cost(2, 8, 329695).
cost(2, 9, 259800).
cost(2, 10, 127104).
cost(2, 11, 271145).
cost(2, 12, 403624).
cost(2, 13, 282065).
cost(2, 14, 108179).
cost(2, 15, 398134).
cost(2, 16, 701219).
cost(2, 17, 410047).
cost(2, 18, 197828).
cost(2, 19, 413379).
cost(2, 20, 63562).
cost(2, 21, 458349).
cost(3, 1, 446492).
cost(3, 2, 241040).
cost(3, 4, 496325).
cost(3, 5, 196435).
cost(3, 6, 264911).
cost(3, 7, 562252).
cost(3, 8, 568940).
cost(3, 9, 495725).
cost(3, 10, 332077).
cost(3, 11, 474758).
cost(3, 12, 644473).
cost(3, 13, 351693).
cost(3, 14, 302721).
cost(3, 15, 416345).
cost(3, 16, 930249).
cost(3, 17, 169174).
cost(3, 18, 402106).
cost(3, 19, 254377).
cost(3, 20, 286561).
cost(3, 21, 646692).
cost(4, 1, 49923).
cost(4, 2, 267673).
cost(4, 3, 496325).
cost(4, 5, 692413).
cost(4, 6, 236534).
cost(4, 7, 231437).
cost(4, 8, 187156).
cost(4, 9, 42002).
cost(4, 10, 274325).
cost(4, 11, 307272).
cost(4, 12, 186896).
cost(4, 13, 479166).
cost(4, 14, 289793).
cost(4, 15, 429630).
cost(4, 16, 434797).
cost(4, 17, 663563).
cost(4, 18, 282079).
cost(4, 19, 679002).
cost(4, 20, 258269).
cost(4, 21, 456514).
cost(5, 1, 642527).
cost(5, 2, 432500).
cost(5, 3, 196435).
cost(5, 4, 692413).
cost(5, 6, 461109).
cost(5, 7, 749667).
cost(5, 8, 753971).
cost(5, 9, 690472).
cost(5, 10, 505143).
cost(5, 11, 636474).
cost(5, 12, 835352).
cost(5, 13, 456980).
cost(5, 14, 475440).
cost(5, 15, 560532).
cost(5, 16, 1126613).
cost(5, 17, 52312).
cost(5, 18, 568901).
cost(5, 19, 196032).
cost(5, 20, 470052).
cost(5, 21, 790145).
cost(6, 1, 187976).
cost(6, 2, 95575).
cost(6, 3, 264911).
cost(6, 4, 236534).
cost(6, 5, 461109).
cost(6, 7, 317306).
cost(6, 8, 352022).
cost(6, 9, 244117).
cost(6, 10, 209744).
cost(6, 11, 341047).
cost(6, 12, 404057).
cost(6, 13, 377586).
cost(6, 14, 197546).
cost(6, 15, 307811).
cost(6, 16, 666992).
cost(6, 17, 429125).
cost(6, 18, 272861).
cost(6, 19, 478349).
cost(6, 20, 147862).
cost(6, 21, 528782).
cost(7, 1, 242897).
cost(7, 2, 399366).
cost(7, 3, 562252).
cost(7, 4, 231437).
cost(7, 5, 749667).
cost(7, 6, 317306).
cost(7, 8, 413929).
cost(7, 9, 273435).
cost(7, 10, 464395).
cost(7, 11, 532083).
cost(7, 12, 379103).
cost(7, 13, 665906).
cost(7, 14, 469138).
cost(7, 15, 297536).
cost(7, 16, 459406).
cost(7, 17, 708473).
cost(7, 18, 493994).
cost(7, 19, 793886).
cost(7, 20, 423871).
cost(7, 21, 687943).
cost(8, 1, 201824).
cost(8, 2, 329695).
cost(8, 3, 568940).
cost(8, 4, 187156).
cost(8, 5, 753971).
cost(8, 6, 352022).
cost(8, 7, 413929).
cost(8, 9, 147344).
cost(8, 10, 255689).
cost(8, 11, 188897).
cost(8, 12, 106577).
cost(8, 13, 421350).
cost(8, 14, 283825).
cost(8, 15, 605424).
cost(8, 16, 448182).
cost(8, 17, 736632).
cost(8, 18, 213150).
cost(8, 19, 690437).
cost(8, 20, 284049).
cost(8, 21, 284126).
cost(9, 1, 61489).
cost(9, 2, 259800).
cost(9, 3, 495725).
cost(9, 4, 42002).
cost(9, 5, 690472).
cost(9, 6, 244117).
cost(9, 7, 273435).
cost(9, 8, 147344).
cost(9, 10, 247983).
cost(9, 11, 267902).
cost(9, 12, 162795).
cost(9, 13, 450191).
cost(9, 14, 266523).
cost(9, 15, 462419).
cost(9, 16, 442754).
cost(9, 17, 664382).
cost(9, 18, 247759).
cost(9, 19, 665258).
cost(9, 20, 240734).
cost(9, 21, 414525).
cost(10, 1, 235672).
cost(10, 2, 127104).
cost(10, 3, 332077).
cost(10, 4, 274325).
cost(10, 5, 505143).
cost(10, 6, 209744).
cost(10, 7, 464395).
cost(10, 8, 255689).
cost(10, 9, 247983).
cost(10, 11, 147517).
cost(10, 12, 350704).
cost(10, 13, 205787).
cost(10, 14, 29774).
cost(10, 15, 517538).
cost(10, 16, 679533).
cost(10, 17, 493492).
cost(10, 18, 72984).
cost(10, 19, 435699).
cost(10, 20, 63965).
cost(10, 21, 332465).
cost(11, 1, 289318).
cost(11, 2, 271145).
cost(11, 3, 474758).
cost(11, 4, 307272).
cost(11, 5, 636474).
cost(11, 6, 341047).
cost(11, 7, 532083).
cost(11, 8, 188897).
cost(11, 9, 267902).
cost(11, 10, 147517).
cost(11, 12, 295387).
cost(11, 13, 241579).
cost(11, 14, 174603).
cost(11, 15, 643029).
cost(11, 16, 636849).
cost(11, 17, 630424).
cost(11, 18, 74536).
cost(11, 19, 537182).
cost(11, 20, 207918).
cost(11, 21, 188159).
cost(12, 1, 223945).
cost(12, 2, 403624).
cost(12, 3, 644473).
cost(12, 4, 186896).
cost(12, 5, 835352).
cost(12, 6, 404057).
cost(12, 7, 379103).
cost(12, 8, 106577).
cost(12, 9, 162795).
cost(12, 10, 350704).
cost(12, 11, 295387).
cost(12, 13, 526504).
cost(12, 14, 376927).
cost(12, 15, 614876).
cost(12, 16, 341610).
cost(12, 17, 813600).
cost(12, 18, 316486).
cost(12, 19, 786134).
cost(12, 20, 368097).
cost(12, 21, 368404).
cost(13, 1, 441459).
cost(13, 2, 282065).
cost(13, 3, 351693).
cost(13, 4, 479166).
cost(13, 5, 456980).
cost(13, 6, 377586).
cost(13, 7, 665906).
cost(13, 8, 421350).
cost(13, 9, 450191).
cost(13, 10, 205787).
cost(13, 11, 241579).
cost(13, 12, 526504).
cost(13, 14, 196884).
cost(13, 15, 671214).
cost(13, 16, 866217).
cost(13, 17, 467368).
cost(13, 18, 211249).
cost(13, 19, 315234).
cost(13, 20, 242811).
cost(13, 21, 344760).
cost(14, 1, 248159).
cost(14, 2, 108179).
cost(14, 3, 302721).
cost(14, 4, 289793).
cost(14, 5, 475440).
cost(14, 6, 197546).
cost(14, 7, 469138).
cost(14, 8, 283825).
cost(14, 9, 266523).
cost(14, 10, 29774).
cost(14, 11, 174603).
cost(14, 12, 376927).
cost(14, 13, 196884).
cost(14, 15, 504535).
cost(14, 16, 702510).
cost(14, 17, 463737).
cost(14, 18, 100387).
cost(14, 19, 409240).
cost(14, 20, 50190).
cost(14, 21, 357039).
cost(15, 1, 403927).
cost(15, 2, 398134).
cost(15, 3, 416345).
cost(15, 4, 429630).
cost(15, 5, 560532).
cost(15, 6, 307811).
cost(15, 7, 297536).
cost(15, 8, 605424).
cost(15, 9, 462419).
cost(15, 10, 517538).
cost(15, 11, 643029).
cost(15, 12, 614876).
cost(15, 13, 671214).
cost(15, 14, 504535).
cost(15, 16, 756720).
cost(15, 17, 510559).
cost(15, 18, 578586).
cost(15, 19, 670646).
cost(15, 20, 455389).
cost(15, 21, 827953).
cost(16, 1, 484700).
cost(16, 2, 701219).
cost(16, 3, 930249).
cost(16, 4, 434797).
cost(16, 5, 1126613).
cost(16, 6, 666992).
cost(16, 7, 459406).
cost(16, 8, 448182).
cost(16, 9, 442754).
cost(16, 10, 679533).
cost(16, 11, 636849).
cost(16, 12, 341610).
cost(16, 13, 866217).
cost(16, 14, 702510).
cost(16, 15, 756720).
cost(16, 17, 1096099).
cost(16, 18, 655097).
cost(16, 19, 1107428).
cost(16, 20, 682452).
cost(16, 21, 680899).
cost(17, 1, 613919).
cost(17, 2, 410047).
cost(17, 3, 169174).
cost(17, 4, 663563).
cost(17, 5, 52312).
cost(17, 6, 429125).
cost(17, 7, 708473).
cost(17, 8, 736632).
cost(17, 9, 664382).
cost(17, 10, 493492).
cost(17, 11, 630424).
cost(17, 12, 813600).
cost(17, 13, 467368).
cost(17, 14, 463737).
cost(17, 15, 510559).
cost(17, 16, 1096099).
cost(17, 18, 560382).
cost(17, 19, 234637).
cost(17, 20, 452998).
cost(17, 21, 791688).
cost(18, 1, 253514).
cost(18, 2, 197828).
cost(18, 3, 402106).
cost(18, 4, 282079).
cost(18, 5, 568901).
cost(18, 6, 272861).
cost(18, 7, 493994).
cost(18, 8, 213150).
cost(18, 9, 247759).
cost(18, 10, 72984).
cost(18, 11, 74536).
cost(18, 12, 316486).
cost(18, 13, 211249).
cost(18, 14, 100387).
cost(18, 15, 578586).
cost(18, 16, 655097).
cost(18, 17, 560382).
cost(18, 19, 482589).
cost(18, 20, 134314).
cost(18, 21, 260524).
cost(19, 1, 630740).
cost(19, 2, 413379).
cost(19, 3, 254377).
cost(19, 4, 679002).
cost(19, 5, 196032).
cost(19, 6, 478349).
cost(19, 7, 793886).
cost(19, 8, 690437).
cost(19, 9, 665258).
cost(19, 10, 435699).
cost(19, 11, 537182).
cost(19, 12, 786134).
cost(19, 13, 315234).
cost(19, 14, 409240).
cost(19, 15, 670646).
cost(19, 16, 1107428).
cost(19, 17, 234637).
cost(19, 18, 482589).
cost(19, 20, 424977).
cost(19, 21, 659976).
cost(20, 1, 212995).
cost(20, 2, 63562).
cost(20, 3, 286561).
cost(20, 4, 258269).
cost(20, 5, 470052).
cost(20, 6, 147862).
cost(20, 7, 423871).
cost(20, 8, 284049).
cost(20, 9, 240734).
cost(20, 10, 63965).
cost(20, 11, 207918).
cost(20, 12, 368097).
cost(20, 13, 242811).
cost(20, 14, 50190).
cost(20, 15, 455389).
cost(20, 16, 682452).
cost(20, 17, 452998).
cost(20, 18, 134314).
cost(20, 19, 424977).
cost(20, 21, 394835).
cost(21, 1, 452370).
cost(21, 2, 458349).
cost(21, 3, 646692).
cost(21, 4, 456514).
cost(21, 5, 790145).
cost(21, 6, 528782).
cost(21, 7, 687943).
cost(21, 8, 284126).
cost(21, 9, 414525).
cost(21, 10, 332465).
cost(21, 11, 188159).
cost(21, 12, 368404).
cost(21, 13, 344760).
cost(21, 14, 357039).
cost(21, 15, 827953).
cost(21, 16, 680899).
cost(21, 17, 791688).
cost(21, 18, 260524).
cost(21, 19, 659976).
cost(21, 20, 394835).
nocross(1,2).
nocross(1,6).
nocross(1,10).
nocross(1,11).
nocross(1,18).
nocross(1,20).
nocross(2,6).
nocross(2,11).
nocross(2,14).
nocross(2,20).
nocross(3,2).
nocross(3,6).
nocross(3,13).
nocross(3,14).
nocross(3,17).
nocross(4,1).
nocross(4,6).
nocross(4,10).
nocross(4,11).
nocross(4,12).
nocross(4,18).
nocross(4,20).
nocross(5,2).
nocross(5,6).
nocross(6,2).
nocross(6,3).
nocross(6,11).
nocross(7,1).
nocross(7,6).
nocross(7,10).
nocross(7,12).
nocross(7,15).
nocross(8,6).
nocross(8,10).
nocross(8,11).
nocross(8,12).
nocross(8,18).
nocross(8,20).
nocross(9,4).
nocross(9,6).
nocross(9,10).
nocross(9,11).
nocross(9,18).
nocross(9,20).
nocross(10,11).
nocross(10,14).
nocross(10,18).
nocross(11,6).
nocross(11,8).
nocross(11,18).
nocross(11,21).
nocross(12,4).
nocross(12,6).
nocross(12,8).
nocross(12,9).
nocross(12,10).
nocross(12,11).
nocross(12,18).
nocross(13,3).
nocross(13,10).
nocross(13,11).
nocross(13,14).
nocross(13,17).
nocross(13,18).
nocross(13,21).
nocross(14,2).
nocross(14,10).
nocross(14,18).
nocross(14,20).
nocross(14,21).
nocross(15,3).
nocross(15,6).
nocross(15,7).
nocross(15,17).
nocross(16,7).
nocross(16,8).
nocross(16,10).
nocross(16,12).
nocross(17,2).
nocross(17,3).
nocross(17,5).
nocross(17,6).
nocross(17,19).
nocross(18,6).
nocross(18,8).
nocross(18,10).
nocross(18,11).
nocross(18,13).
nocross(19,2).
nocross(19,3).
nocross(19,5).
nocross(19,13).
nocross(19,17).
nocross(20,2).
nocross(20,6).
nocross(20,11).
nocross(20,18).
nocross(21,11).
nocross(21,12).
nocross(21,18).
