dimension(21).
point(1, 281374.0, 129587.0).
point(2, -96982.0, -231903.0).
point(3, -144141.0, 328340.0).
point(4, -115752.0, 357792.0).
point(5, -227630.0, 20870.0).
point(6, 112471.0, -268964.0).
point(7, -28348.0, -294563.0).
point(8, 199374.0, 227582.0).
point(9, -186029.0, -296800.0).
point(10, 78591.0, -200565.0).
point(11, -187316.0, -31553.0).
point(12, 175444.0, 323819.0).
point(13, 72423.0, -26793.0).
point(14, -308428.0, -342060.0).
point(15, -58899.0, 127926.0).
point(16, 119066.0, 76692.0).
point(17, 555976.0, 382182.0).
point(18, 24098.0, 66208.0).
point(19, 132079.0, 116277.0).
point(20, -385695.0, -47640.0).
point(21, -190738.0, 266135.0).
cost(1, 2, 523286).
cost(1, 3, 469644).
cost(1, 4, 458025).
cost(1, 5, 520485).
cost(1, 6, 432864).
cost(1, 7, 525196).
cost(1, 8, 127777).
cost(1, 9, 632670).
cost(1, 10, 387455).
cost(1, 11, 495617).
cost(1, 12, 221240).
cost(1, 13, 260989).
cost(1, 14, 755194).
cost(1, 15, 340277).
cost(1, 16, 170710).
cost(1, 17, 373109).
cost(1, 18, 264968).
cost(1, 19, 149887).
cost(1, 20, 690210).
cost(1, 21, 491462).
cost(2, 1, 523286).
cost(2, 3, 562224).
cost(2, 4, 589994).
cost(2, 5, 284540).
cost(2, 6, 212707).
cost(2, 7, 92935).
cost(2, 8, 546766).
cost(2, 9, 110186).
cost(2, 10, 178348).
cost(2, 11, 219773).
cost(2, 12, 618905).
cost(2, 13, 266023).
cost(2, 14, 238420).
cost(2, 15, 361839).
cost(2, 16, 376706).
cost(2, 17, 896356).
cost(2, 18, 321762).
cost(2, 19, 416771).
cost(2, 20, 342503).
cost(2, 21, 506786).
cost(3, 1, 469644).
cost(3, 2, 562224).
cost(3, 4, 40907).
cost(3, 5, 318604).
cost(3, 6, 650094).
cost(3, 7, 633574).
cost(3, 8, 357987).
cost(3, 9, 626542).
cost(3, 10, 573890).
cost(3, 11, 362474).
cost(3, 12, 319617).
cost(3, 13, 415956).
cost(3, 14, 690236).
cost(3, 15, 217789).
cost(3, 16, 364149).
cost(3, 17, 702184).
cost(3, 18, 311476).
cost(3, 19, 348236).
cost(3, 20, 446888).
cost(3, 21, 77722).
cost(4, 1, 458025).
cost(4, 2, 589994).
cost(4, 3, 40907).
cost(4, 5, 355011).
cost(4, 6, 667015).
cost(4, 7, 658184).
cost(4, 8, 340968).
cost(4, 9, 658354).
cost(4, 10, 591212).
cost(4, 11, 395867).
cost(4, 12, 293171).
cost(4, 13, 428154).
cost(4, 14, 725890).
cost(4, 15, 236792).
cost(4, 16, 366274).
cost(4, 17, 672171).
cost(4, 18, 323387).
cost(4, 19, 346049).
cost(4, 20, 487077).
cost(4, 21, 118423).
cost(5, 1, 520485).
cost(5, 2, 284540).
cost(5, 3, 318604).
cost(5, 4, 355011).
cost(5, 6, 446847).
cost(5, 7, 373110).
cost(5, 8, 474407).
cost(5, 9, 320382).
cost(5, 10, 377895).
cost(5, 11, 66132).
cost(5, 12, 504229).
cost(5, 13, 303815).
cost(5, 14, 371815).
cost(5, 15, 199828).
cost(5, 16, 351161).
cost(5, 17, 862893).
cost(5, 18, 255778).
cost(5, 19, 372147).
cost(5, 20, 172274).
cost(5, 21, 248024).
cost(6, 1, 432864).
cost(6, 2, 212707).
cost(6, 3, 650094).
cost(6, 4, 667015).
cost(6, 5, 446847).
cost(6, 7, 143127).
cost(6, 8, 504093).
cost(6, 9, 299795).
cost(6, 10, 76330).
cost(6, 11, 382408).
cost(6, 12, 596119).
cost(6, 13, 245460).
cost(6, 14, 427199).
cost(6, 15, 432307).
cost(6, 16, 345719).
cost(6, 17, 787837).
cost(6, 18, 346627).
cost(6, 19, 385740).
cost(6, 20, 545118).
cost(6, 21, 615034).
cost(7, 1, 525196).
cost(7, 2, 92935).
cost(7, 3, 633574).
cost(7, 4, 658184).
cost(7, 5, 373110).
cost(7, 6, 143127).
cost(7, 8, 569643).
cost(7, 9, 157697).
cost(7, 10, 142378).
cost(7, 11, 307319).
cost(7, 12, 651097).
cost(7, 13, 286104).
cost(7, 14, 284079).
cost(7, 15, 423592).
cost(7, 16, 399451).
cost(7, 17, 894102).
cost(7, 18, 364563).
cost(7, 19, 441051).
cost(7, 20, 434359).
cost(7, 21, 583740).
cost(8, 1, 127777).
cost(8, 2, 546766).
cost(8, 3, 357987).
cost(8, 4, 340968).
cost(8, 5, 474407).
cost(8, 6, 504093).
cost(8, 7, 569643).
cost(8, 9, 650778).
cost(8, 10, 444858).
cost(8, 11, 465489).
cost(8, 12, 99168).
cost(8, 13, 284294).
cost(8, 14, 763122).
cost(8, 15, 276833).
cost(8, 16, 170930).
cost(8, 17, 388672).
cost(8, 18, 238250).
cost(8, 19, 130067).
cost(8, 20, 646570).
cost(8, 21, 392012).
cost(9, 1, 632670).
cost(9, 2, 110186).
cost(9, 3, 626542).
cost(9, 4, 658354).
cost(9, 5, 320382).
cost(9, 6, 299795).
cost(9, 7, 157697).
cost(9, 8, 650778).
cost(9, 10, 281576).
cost(9, 11, 265250).
cost(9, 12, 718214).
cost(9, 13, 373766).
cost(9, 14, 130499).
cost(9, 15, 443344).
cost(9, 16, 482265).
cost(9, 17, 1005777).
cost(9, 18, 419438).
cost(9, 19, 521369).
cost(9, 20, 319292).
cost(9, 21, 562955).
cost(10, 1, 387455).
cost(10, 2, 178348).
cost(10, 3, 573890).
cost(10, 4, 591212).
cost(10, 5, 377895).
cost(10, 6, 76330).
cost(10, 7, 142378).
cost(10, 8, 444858).
cost(10, 9, 281576).
cost(10, 11, 315074).
cost(10, 12, 533253).
cost(10, 13, 173881).
cost(10, 14, 412073).
cost(10, 15, 356104).
cost(10, 16, 280196).
cost(10, 17, 753320).
cost(10, 18, 272282).
cost(10, 19, 321325).
cost(10, 20, 488823).
cost(10, 21, 538839).
cost(11, 1, 495617).
cost(11, 2, 219773).
cost(11, 3, 362474).
cost(11, 4, 395867).
cost(11, 5, 66132).
cost(11, 6, 382408).
cost(11, 7, 307319).
cost(11, 8, 465489).
cost(11, 9, 265250).
cost(11, 10, 315074).
cost(11, 12, 507823).
cost(11, 13, 259783).
cost(11, 14, 333291).
cost(11, 15, 204755).
cost(11, 16, 324941).
cost(11, 17, 850682).
cost(11, 18, 232923).
cost(11, 19, 351947).
cost(11, 20, 199030).
cost(11, 21, 297708).
cost(12, 1, 221240).
cost(12, 2, 618905).
cost(12, 3, 319617).
cost(12, 4, 293171).
cost(12, 5, 504229).
cost(12, 6, 596119).
cost(12, 7, 651097).
cost(12, 8, 99168).
cost(12, 9, 718214).
cost(12, 10, 533253).
cost(12, 11, 507823).
cost(12, 13, 365434).
cost(12, 14, 823120).
cost(12, 15, 305435).
cost(12, 16, 253476).
cost(12, 17, 384982).
cost(12, 18, 298779).
cost(12, 19, 212024).
cost(12, 20, 672948).
cost(12, 21, 370698).
cost(13, 1, 260989).
cost(13, 2, 266023).
cost(13, 3, 415956).
cost(13, 4, 428154).
cost(13, 5, 303815).
cost(13, 6, 245460).
cost(13, 7, 286104).
cost(13, 8, 284294).
cost(13, 9, 373766).
cost(13, 10, 173881).
cost(13, 11, 259783).
cost(13, 12, 365434).
cost(13, 14, 494410).
cost(13, 15, 202937).
cost(13, 16, 113511).
cost(13, 17, 633312).
cost(13, 18, 104807).
cost(13, 19, 155009).
cost(13, 20, 458592).
cost(13, 21, 393777).
cost(14, 1, 755194).
cost(14, 2, 238420).
cost(14, 3, 690236).
cost(14, 4, 725890).
cost(14, 5, 371815).
cost(14, 6, 427199).
cost(14, 7, 284079).
cost(14, 8, 763122).
cost(14, 9, 130499).
cost(14, 10, 412073).
cost(14, 11, 333291).
cost(14, 12, 823120).
cost(14, 13, 494410).
cost(14, 15, 532120).
cost(14, 16, 598418).
cost(14, 17, 1127706).
cost(14, 18, 526551).
cost(14, 19, 635704).
cost(14, 20, 304390).
cost(14, 21, 619477).
cost(15, 1, 340277).
cost(15, 2, 361839).
cost(15, 3, 217789).
cost(15, 4, 236792).
cost(15, 5, 199828).
cost(15, 6, 432307).
cost(15, 7, 423592).
cost(15, 8, 276833).
cost(15, 9, 443344).
cost(15, 10, 356104).
cost(15, 11, 204755).
cost(15, 12, 305435).
cost(15, 13, 202937).
cost(15, 14, 532120).
cost(15, 16, 185193).
cost(15, 17, 665370).
cost(15, 18, 103429).
cost(15, 19, 191333).
cost(15, 20, 370970).
cost(15, 21, 191006).
cost(16, 1, 170710).
cost(16, 2, 376706).
cost(16, 3, 364149).
cost(16, 4, 366274).
cost(16, 5, 351161).
cost(16, 6, 345719).
cost(16, 7, 399451).
cost(16, 8, 170930).
cost(16, 9, 482265).
cost(16, 10, 280196).
cost(16, 11, 324941).
cost(16, 12, 253476).
cost(16, 13, 113511).
cost(16, 14, 598418).
cost(16, 15, 185193).
cost(16, 17, 533118).
cost(16, 18, 95545).
cost(16, 19, 41669).
cost(16, 20, 519848).
cost(16, 21, 363135).
cost(17, 1, 373109).
cost(17, 2, 896356).
cost(17, 3, 702184).
cost(17, 4, 672171).
cost(17, 5, 862893).
cost(17, 6, 787837).
cost(17, 7, 894102).
cost(17, 8, 388672).
cost(17, 9, 1005777).
cost(17, 10, 753320).
cost(17, 11, 850682).
cost(17, 12, 384982).
cost(17, 13, 633312).
cost(17, 14, 1127706).
cost(17, 15, 665370).
cost(17, 16, 533118).
cost(17, 18, 618655).
cost(17, 19, 500394).
cost(17, 20, 1035129).
cost(17, 21, 755678).
cost(18, 1, 264968).
cost(18, 2, 321762).
cost(18, 3, 311476).
cost(18, 4, 323387).
cost(18, 5, 255778).
cost(18, 6, 346627).
cost(18, 7, 364563).
cost(18, 8, 238250).
cost(18, 9, 419438).
cost(18, 10, 272282).
cost(18, 11, 232923).
cost(18, 12, 298779).
cost(18, 13, 104807).
cost(18, 14, 526551).
cost(18, 15, 103429).
cost(18, 16, 95545).
cost(18, 17, 618655).
cost(18, 19, 119024).
cost(18, 20, 425314).
cost(18, 21, 293471).
cost(19, 1, 149887).
cost(19, 2, 416771).
cost(19, 3, 348236).
cost(19, 4, 346049).
cost(19, 5, 372147).
cost(19, 6, 385740).
cost(19, 7, 441051).
cost(19, 8, 130067).
cost(19, 9, 521369).
cost(19, 10, 321325).
cost(19, 11, 351947).
cost(19, 12, 212024).
cost(19, 13, 155009).
cost(19, 14, 635704).
cost(19, 15, 191333).
cost(19, 16, 41669).
cost(19, 17, 500394).
cost(19, 18, 119024).
cost(19, 20, 543101).
cost(19, 21, 355905).
cost(20, 1, 690210).
cost(20, 2, 342503).
cost(20, 3, 446888).
cost(20, 4, 487077).
cost(20, 5, 172274).
cost(20, 6, 545118).
cost(20, 7, 434359).
cost(20, 8, 646570).
cost(20, 9, 319292).
cost(20, 10, 488823).
cost(20, 11, 199030).
cost(20, 12, 672948).
cost(20, 13, 458592).
cost(20, 14, 304390).
cost(20, 15, 370970).
cost(20, 16, 519848).
cost(20, 17, 1035129).
cost(20, 18, 425314).
cost(20, 19, 543101).
cost(20, 21, 369409).
cost(21, 1, 491462).
cost(21, 2, 506786).
cost(21, 3, 77722).
cost(21, 4, 118423).
cost(21, 5, 248024).
cost(21, 6, 615034).
cost(21, 7, 583740).
cost(21, 8, 392012).
cost(21, 9, 562955).
cost(21, 10, 538839).
cost(21, 11, 297708).
cost(21, 12, 370698).
cost(21, 13, 393777).
cost(21, 14, 619477).
cost(21, 15, 191006).
cost(21, 16, 363135).
cost(21, 17, 755678).
cost(21, 18, 293471).
cost(21, 19, 355905).
cost(21, 20, 369409).
nocross(1,4).
nocross(1,8).
nocross(1,16).
nocross(1,19).
nocross(2,5).
nocross(2,7).
nocross(2,13).
nocross(2,20).
nocross(3,5).
nocross(3,15).
nocross(3,21).
nocross(4,5).
nocross(4,15).
nocross(5,3).
nocross(5,4).
nocross(5,13).
nocross(5,14).
nocross(5,15).
nocross(5,19).
nocross(5,21).
nocross(6,1).
nocross(6,4).
nocross(6,7).
nocross(6,15).
nocross(7,2).
nocross(7,4).
nocross(7,5).
nocross(7,6).
nocross(7,9).
nocross(7,10).
nocross(8,1).
nocross(8,4).
nocross(8,15).
nocross(9,4).
nocross(9,5).
nocross(9,7).
nocross(9,20).
nocross(10,1).
nocross(10,5).
nocross(10,6).
nocross(10,7).
nocross(10,9).
nocross(10,15).
nocross(11,3).
nocross(11,4).
nocross(11,13).
nocross(11,15).
nocross(11,21).
nocross(12,4).
nocross(12,15).
nocross(13,1).
nocross(13,2).
nocross(13,5).
nocross(13,10).
nocross(13,15).
nocross(13,16).
nocross(13,18).
nocross(14,7).
nocross(14,20).
nocross(15,4).
nocross(15,5).
nocross(15,8).
nocross(15,21).
nocross(16,1).
nocross(16,3).
nocross(16,4).
nocross(16,13).
nocross(16,18).
nocross(16,19).
nocross(17,1).
nocross(17,4).
nocross(17,8).
nocross(17,12).
nocross(17,15).
nocross(18,3).
nocross(18,4).
nocross(18,5).
nocross(18,13).
nocross(18,16).
nocross(18,19).
nocross(19,1).
nocross(19,4).
nocross(19,8).
nocross(19,13).
nocross(19,15).
nocross(19,16).
nocross(19,18).
nocross(20,3).
nocross(20,5).
nocross(20,14).
nocross(20,21).
nocross(21,4).
nocross(21,5).
