dimension(21).
point(1, 113129.0, 103512.0).
point(2, -370917.0, -253034.0).
point(3, 172610.0, 66675.0).
point(4, 189923.0, 323364.0).
point(5, 49983.0, -341133.0).
point(6, 359772.0, -334081.0).
point(7, 264973.0, -8660.0).
point(8, -244703.0, 168974.0).
point(9, 367967.0, 102043.0).
point(10, -50388.0, -273077.0).
point(11, 97311.0, 149913.0).
point(12, -187633.0, 178936.0).
point(13, 354813.0, -266853.0).
point(14, -183824.0, -254181.0).
point(15, 322313.0, 18624.0).
point(16, -43484.0, -311250.0).
point(17, -100682.0, 133328.0).
point(18, 342155.0, 229116.0).
point(19, -425055.0, -7786.0).
point(20, 272499.0, -136141.0).
point(21, -128630.0, 24015.0).
cost(1, 2, 601187).
cost(1, 3, 69964).
cost(1, 4, 232878).
cost(1, 5, 449106).
cost(1, 6, 502315).
cost(1, 7, 188783).
cost(1, 8, 363771).
cost(1, 9, 254842).
cost(1, 10, 410557).
cost(1, 11, 49023).
cost(1, 12, 310075).
cost(1, 13, 442246).
cost(1, 14, 464893).
cost(1, 15, 225752).
cost(1, 16, 443345).
cost(1, 17, 215880).
cost(1, 18, 261207).
cost(1, 19, 549572).
cost(1, 20, 287806).
cost(1, 21, 254494).
cost(2, 1, 601187).
cost(2, 3, 630583).
cost(2, 4, 804224).
cost(2, 5, 430021).
cost(2, 6, 735170).
cost(2, 7, 681230).
cost(2, 8, 440478).
cost(2, 9, 819774).
cost(2, 10, 321155).
cost(2, 11, 617741).
cost(2, 12, 469245).
cost(2, 13, 725862).
cost(2, 14, 187097).
cost(2, 15, 744558).
cost(2, 16, 332568).
cost(2, 17, 471490).
cost(2, 18, 860779).
cost(2, 19, 251152).
cost(2, 20, 653948).
cost(2, 21, 368048).
cost(3, 1, 69964).
cost(3, 2, 630583).
cost(3, 4, 257272).
cost(3, 5, 425846).
cost(3, 6, 442306).
cost(3, 7, 119190).
cost(3, 8, 429669).
cost(3, 9, 198533).
cost(3, 10, 406398).
cost(3, 11, 112243).
cost(3, 12, 377329).
cost(3, 13, 380051).
cost(3, 14, 479577).
cost(3, 15, 157226).
cost(3, 16, 435343).
cost(3, 17, 281303).
cost(3, 18, 234803).
cost(3, 19, 602286).
cost(3, 20, 226080).
cost(3, 21, 304246).
cost(4, 1, 232878).
cost(4, 2, 804224).
cost(4, 3, 257272).
cost(4, 5, 679073).
cost(4, 6, 679031).
cost(4, 7, 340400).
cost(4, 8, 461233).
cost(4, 9, 284047).
cost(4, 10, 643033).
cost(4, 11, 196627).
cost(4, 12, 404238).
cost(4, 13, 612817).
cost(4, 14, 687928).
cost(4, 15, 332255).
cost(4, 16, 676176).
cost(4, 17, 347225).
cost(4, 18, 179045).
cost(4, 19, 698469).
cost(4, 20, 466866).
cost(4, 21, 437134).
cost(5, 1, 449106).
cost(5, 2, 430021).
cost(5, 3, 425846).
cost(5, 4, 679073).
cost(5, 6, 309869).
cost(5, 7, 395928).
cost(5, 8, 589109).
cost(5, 9, 545453).
cost(5, 10, 121268).
cost(5, 11, 493322).
cost(5, 12, 571781).
cost(5, 13, 313750).
cost(5, 14, 249452).
cost(5, 15, 451208).
cost(5, 16, 98128).
cost(5, 17, 497808).
cost(5, 18, 640741).
cost(5, 19, 580329).
cost(5, 20, 302548).
cost(5, 21, 406492).
cost(6, 1, 502315).
cost(6, 2, 735170).
cost(6, 3, 442306).
cost(6, 4, 679031).
cost(6, 5, 309869).
cost(6, 7, 338948).
cost(6, 8, 786419).
cost(6, 9, 436201).
cost(6, 10, 414672).
cost(6, 11, 550578).
cost(6, 12, 750226).
cost(6, 13, 67411).
cost(6, 14, 549437).
cost(6, 15, 354689).
cost(6, 16, 403902).
cost(6, 17, 656117).
cost(6, 18, 563472).
cost(6, 19, 849954).
cost(6, 20, 216326).
cost(6, 21, 605615).
cost(7, 1, 188783).
cost(7, 2, 681230).
cost(7, 3, 119190).
cost(7, 4, 340400).
cost(7, 5, 395928).
cost(7, 6, 338948).
cost(7, 8, 539744).
cost(7, 9, 151205).
cost(7, 10, 411545).
cost(7, 11, 230772).
cost(7, 12, 489943).
cost(7, 13, 273377).
cost(7, 14, 511566).
cost(7, 15, 63500).
cost(7, 16, 432095).
cost(7, 17, 392255).
cost(7, 18, 249989).
cost(7, 19, 690029).
cost(7, 20, 127703).
cost(7, 21, 394957).
cost(8, 1, 363771).
cost(8, 2, 440478).
cost(8, 3, 429669).
cost(8, 4, 461233).
cost(8, 5, 589109).
cost(8, 6, 786419).
cost(8, 7, 539744).
cost(8, 9, 616315).
cost(8, 10, 482874).
cost(8, 11, 342545).
cost(8, 12, 57933).
cost(8, 13, 741191).
cost(8, 14, 427512).
cost(8, 15, 586611).
cost(8, 16, 520677).
cost(8, 17, 148367).
cost(8, 18, 589932).
cost(8, 19, 252529).
cost(8, 20, 600494).
cost(8, 21, 185704).
cost(9, 1, 254842).
cost(9, 2, 819774).
cost(9, 3, 198533).
cost(9, 4, 284047).
cost(9, 5, 545453).
cost(9, 6, 436201).
cost(9, 7, 151205).
cost(9, 8, 616315).
cost(9, 10, 561904).
cost(9, 11, 274857).
cost(9, 12, 560896).
cost(9, 13, 369130).
cost(9, 14, 656787).
cost(9, 15, 95095).
cost(9, 16, 583184).
cost(9, 17, 469692).
cost(9, 18, 129668).
cost(9, 19, 800591).
cost(9, 20, 256604).
cost(9, 21, 502690).
cost(10, 1, 410557).
cost(10, 2, 321155).
cost(10, 3, 406398).
cost(10, 4, 643033).
cost(10, 5, 121268).
cost(10, 6, 414672).
cost(10, 7, 411545).
cost(10, 8, 482874).
cost(10, 9, 561904).
cost(10, 11, 448035).
cost(10, 12, 472390).
cost(10, 13, 405249).
cost(10, 14, 134767).
cost(10, 15, 473282).
cost(10, 16, 38792).
cost(10, 17, 409505).
cost(10, 18, 637407).
cost(10, 19, 459080).
cost(10, 20, 350724).
cost(10, 21, 307222).
cost(11, 1, 49023).
cost(11, 2, 617741).
cost(11, 3, 112243).
cost(11, 4, 196627).
cost(11, 5, 493322).
cost(11, 6, 550578).
cost(11, 7, 230772).
cost(11, 8, 342545).
cost(11, 9, 274857).
cost(11, 10, 448035).
cost(11, 12, 286418).
cost(11, 13, 489899).
cost(11, 14, 492269).
cost(11, 15, 260505).
cost(11, 16, 482177).
cost(11, 17, 198686).
cost(11, 18, 257336).
cost(11, 19, 545651).
cost(11, 20, 335437).
cost(11, 21, 258650).
cost(12, 1, 310075).
cost(12, 2, 469245).
cost(12, 3, 377329).
cost(12, 4, 404238).
cost(12, 5, 571781).
cost(12, 6, 750226).
cost(12, 7, 489943).
cost(12, 8, 57933).
cost(12, 9, 560896).
cost(12, 10, 472390).
cost(12, 11, 286418).
cost(12, 13, 702122).
cost(12, 14, 433134).
cost(12, 15, 534551).
cost(12, 16, 510942).
cost(12, 17, 98186).
cost(12, 18, 532159).
cost(12, 19, 302050).
cost(12, 20, 557669).
cost(12, 21, 165777).
cost(13, 1, 442246).
cost(13, 2, 725862).
cost(13, 3, 380051).
cost(13, 4, 612817).
cost(13, 5, 313750).
cost(13, 6, 67411).
cost(13, 7, 273377).
cost(13, 8, 741191).
cost(13, 9, 369130).
cost(13, 10, 405249).
cost(13, 11, 489899).
cost(13, 12, 702122).
cost(13, 14, 538786).
cost(13, 15, 287321).
cost(13, 16, 400764).
cost(13, 17, 606317).
cost(13, 18, 496131).
cost(13, 19, 821772).
cost(13, 20, 154471).
cost(13, 21, 564200).
cost(14, 1, 464893).
cost(14, 2, 187097).
cost(14, 3, 479577).
cost(14, 4, 687928).
cost(14, 5, 249452).
cost(14, 6, 549437).
cost(14, 7, 511566).
cost(14, 8, 427512).
cost(14, 9, 656787).
cost(14, 10, 134767).
cost(14, 11, 492269).
cost(14, 12, 433134).
cost(14, 13, 538786).
cost(14, 15, 574976).
cost(14, 16, 151500).
cost(14, 17, 396328).
cost(14, 18, 714304).
cost(14, 19, 344823).
cost(14, 20, 471343).
cost(14, 21, 283618).
cost(15, 1, 225752).
cost(15, 2, 744558).
cost(15, 3, 157226).
cost(15, 4, 332255).
cost(15, 5, 451208).
cost(15, 6, 354689).
cost(15, 7, 63500).
cost(15, 8, 586611).
cost(15, 9, 95095).
cost(15, 10, 473282).
cost(15, 11, 260505).
cost(15, 12, 534551).
cost(15, 13, 287321).
cost(15, 14, 574976).
cost(15, 16, 492569).
cost(15, 17, 438271).
cost(15, 18, 211425).
cost(15, 19, 747834).
cost(15, 20, 162584).
cost(15, 21, 450975).
cost(16, 1, 443345).
cost(16, 2, 332568).
cost(16, 3, 435343).
cost(16, 4, 676176).
cost(16, 5, 98128).
cost(16, 6, 403902).
cost(16, 7, 432095).
cost(16, 8, 520677).
cost(16, 9, 583184).
cost(16, 10, 38792).
cost(16, 11, 482177).
cost(16, 12, 510942).
cost(16, 13, 400764).
cost(16, 14, 151500).
cost(16, 15, 492569).
cost(16, 17, 448242).
cost(16, 18, 663862).
cost(16, 19, 487531).
cost(16, 20, 361259).
cost(16, 21, 345908).
cost(17, 1, 215880).
cost(17, 2, 471490).
cost(17, 3, 281303).
cost(17, 4, 347225).
cost(17, 5, 497808).
cost(17, 6, 656117).
cost(17, 7, 392255).
cost(17, 8, 148367).
cost(17, 9, 469692).
cost(17, 10, 409505).
cost(17, 11, 198686).
cost(17, 12, 98186).
cost(17, 13, 606317).
cost(17, 14, 396328).
cost(17, 15, 438271).
cost(17, 16, 448242).
cost(17, 18, 453078).
cost(17, 19, 353739).
cost(17, 20, 460302).
cost(17, 21, 112829).
cost(18, 1, 261207).
cost(18, 2, 860779).
cost(18, 3, 234803).
cost(18, 4, 179045).
cost(18, 5, 640741).
cost(18, 6, 563472).
cost(18, 7, 249989).
cost(18, 8, 589932).
cost(18, 9, 129668).
cost(18, 10, 637407).
cost(18, 11, 257336).
cost(18, 12, 532159).
cost(18, 13, 496131).
cost(18, 14, 714304).
cost(18, 15, 211425).
cost(18, 16, 663862).
cost(18, 17, 453078).
cost(18, 19, 802953).
cost(18, 20, 371840).
cost(18, 21, 513522).
cost(19, 1, 549572).
cost(19, 2, 251152).
cost(19, 3, 602286).
cost(19, 4, 698469).
cost(19, 5, 580329).
cost(19, 6, 849954).
cost(19, 7, 690029).
cost(19, 8, 252529).
cost(19, 9, 800591).
cost(19, 10, 459080).
cost(19, 11, 545651).
cost(19, 12, 302050).
cost(19, 13, 821772).
cost(19, 14, 344823).
cost(19, 15, 747834).
cost(19, 16, 487531).
cost(19, 17, 353739).
cost(19, 18, 802953).
cost(19, 20, 709265).
cost(19, 21, 298126).
cost(20, 1, 287806).
cost(20, 2, 653948).
cost(20, 3, 226080).
cost(20, 4, 466866).
cost(20, 5, 302548).
cost(20, 6, 216326).
cost(20, 7, 127703).
cost(20, 8, 600494).
cost(20, 9, 256604).
cost(20, 10, 350724).
cost(20, 11, 335437).
cost(20, 12, 557669).
cost(20, 13, 154471).
cost(20, 14, 471343).
cost(20, 15, 162584).
cost(20, 16, 361259).
cost(20, 17, 460302).
cost(20, 18, 371840).
cost(20, 19, 709265).
cost(20, 21, 431919).
cost(21, 1, 254494).
cost(21, 2, 368048).
cost(21, 3, 304246).
cost(21, 4, 437134).
cost(21, 5, 406492).
cost(21, 6, 605615).
cost(21, 7, 394957).
cost(21, 8, 185704).
cost(21, 9, 502690).
cost(21, 10, 307222).
cost(21, 11, 258650).
cost(21, 12, 165777).
cost(21, 13, 564200).
cost(21, 14, 283618).
cost(21, 15, 450975).
cost(21, 16, 345908).
cost(21, 17, 112829).
cost(21, 18, 513522).
cost(21, 19, 298126).
cost(21, 20, 431919).
nocross(1,3).
nocross(1,10).
nocross(1,11).
nocross(1,12).
nocross(1,21).
nocross(2,21).
nocross(3,7).
nocross(3,10).
nocross(3,12).
nocross(4,1).
nocross(4,3).
nocross(4,7).
nocross(4,11).
nocross(4,12).
nocross(4,17).
nocross(5,10).
nocross(5,16).
nocross(6,10).
nocross(6,13).
nocross(7,3).
nocross(7,10).
nocross(7,13).
nocross(7,15).
nocross(7,20).
nocross(8,11).
nocross(9,1).
nocross(9,3).
nocross(9,7).
nocross(9,11).
nocross(9,15).
nocross(10,16).
nocross(11,10).
nocross(11,12).
nocross(11,21).
nocross(12,1).
nocross(12,11).
nocross(12,17).
nocross(12,21).
nocross(13,6).
nocross(14,10).
nocross(14,16).
nocross(15,7).
nocross(15,9).
nocross(15,11).
nocross(15,13).
nocross(15,20).
nocross(16,5).
nocross(16,10).
nocross(16,14).
nocross(17,1).
nocross(17,7).
nocross(17,10).
nocross(17,11).
nocross(17,12).
nocross(17,21).
nocross(18,3).
nocross(18,7).
nocross(18,11).
nocross(18,12).
nocross(19,2).
nocross(19,8).
nocross(19,12).
nocross(19,16).
nocross(19,17).
nocross(19,21).
nocross(20,7).
nocross(20,15).
nocross(21,1).
nocross(21,8).
nocross(21,11).
nocross(21,12).
nocross(21,17).
