dimension(21).
point(1, 322876.0, 90730.0).
point(2, 551279.0, 147004.0).
point(3, -31725.0, -55117.0).
point(4, -227047.0, -131535.0).
point(5, -115172.0, -150251.0).
point(6, 261993.0, -315701.0).
point(7, 227658.0, 174425.0).
point(8, -415227.0, -97751.0).
point(9, 292412.0, -71629.0).
point(10, -78708.0, 243796.0).
point(11, 74073.0, 33006.0).
point(12, 209391.0, 353777.0).
point(13, -192345.0, 173636.0).
point(14, -26961.0, -222869.0).
point(15, 28199.0, -39752.0).
point(16, 27977.0, -9144.0).
point(17, -85855.0, 184753.0).
point(18, 84337.0, -354083.0).
point(19, 490093.0, -77450.0).
point(20, -259830.0, 241053.0).
point(21, -199142.0, -196889.0).
cost(1, 2, 235233).
cost(1, 3, 383423).
cost(1, 4, 593142).
cost(1, 5, 499958).
cost(1, 6, 410966).
cost(1, 7, 126773).
cost(1, 8, 761788).
cost(1, 9, 165192).
cost(1, 10, 429766).
cost(1, 11, 255411).
cost(1, 12, 286483).
cost(1, 13, 521849).
cost(1, 14, 469819).
cost(1, 15, 322273).
cost(1, 16, 311352).
cost(1, 17, 419406).
cost(1, 18, 504737).
cost(1, 19, 237162).
cost(1, 20, 601783).
cost(1, 21, 596010).
cost(2, 1, 235233).
cost(2, 3, 617047).
cost(2, 4, 826665).
cost(2, 5, 729738).
cost(2, 6, 545694).
cost(2, 7, 324781).
cost(2, 8, 997015).
cost(2, 9, 338840).
cost(2, 10, 637379).
cost(2, 11, 490633).
cost(2, 12, 399553).
cost(2, 13, 744101).
cost(2, 14, 686416).
cost(2, 15, 555419).
cost(2, 16, 546102).
cost(2, 17, 638251).
cost(2, 18, 684926).
cost(2, 19, 232644).
cost(2, 20, 816543).
cost(2, 21, 825466).
cost(3, 1, 383423).
cost(3, 2, 617047).
cost(3, 4, 209739).
cost(3, 5, 126546).
cost(3, 6, 392650).
cost(3, 7, 346366).
cost(3, 8, 385865).
cost(3, 9, 324557).
cost(3, 10, 302583).
cost(3, 11, 137691).
cost(3, 12, 474691).
cost(3, 13, 279512).
cost(3, 14, 167820).
cost(3, 15, 61863).
cost(3, 16, 75351).
cost(3, 17, 245902).
cost(3, 18, 320704).
cost(3, 19, 522296).
cost(3, 20, 373830).
cost(3, 21, 219380).
cost(4, 1, 593142).
cost(4, 2, 826665).
cost(4, 3, 209739).
cost(4, 5, 113430).
cost(4, 6, 522568).
cost(4, 7, 548059).
cost(4, 8, 191189).
cost(4, 9, 522902).
cost(4, 10, 403581).
cost(4, 11, 343143).
cost(4, 12, 652691).
cost(4, 13, 307138).
cost(4, 14, 219946).
cost(4, 15, 271246).
cost(4, 16, 282872).
cost(4, 17, 346372).
cost(4, 18, 382737).
cost(4, 19, 719177).
cost(4, 20, 374027).
cost(4, 21, 71062).
cost(5, 1, 499958).
cost(5, 2, 729738).
cost(5, 3, 126546).
cost(5, 4, 113430).
cost(5, 6, 411858).
cost(5, 7, 472173).
cost(5, 8, 304613).
cost(5, 9, 415098).
cost(5, 10, 395731).
cost(5, 11, 263433).
cost(5, 12, 599488).
cost(5, 13, 332954).
cost(5, 14, 114257).
cost(5, 15, 181012).
cost(5, 16, 201005).
cost(5, 17, 336284).
cost(5, 18, 285222).
cost(5, 19, 609628).
cost(5, 20, 417187).
cost(5, 21, 96052).
cost(6, 1, 410966).
cost(6, 2, 545694).
cost(6, 3, 392650).
cost(6, 4, 522568).
cost(6, 5, 411858).
cost(6, 7, 491327).
cost(6, 8, 711428).
cost(6, 9, 245960).
cost(6, 10, 655068).
cost(6, 11, 396119).
cost(6, 12, 671541).
cost(6, 13, 667738).
cost(6, 14, 303500).
cost(6, 15, 361673).
cost(6, 16, 385669).
cost(6, 17, 609469).
cost(6, 18, 181755).
cost(6, 19, 329838).
cost(6, 20, 763069).
cost(6, 21, 476195).
cost(7, 1, 126773).
cost(7, 2, 324781).
cost(7, 3, 346366).
cost(7, 4, 548059).
cost(7, 5, 472173).
cost(7, 6, 491327).
cost(7, 8, 698127).
cost(7, 9, 254432).
cost(7, 10, 314122).
cost(7, 11, 208777).
cost(7, 12, 180280).
cost(7, 13, 420004).
cost(7, 14, 471883).
cost(7, 15, 292670).
cost(7, 16, 271238).
cost(7, 17, 313683).
cost(7, 18, 547596).
cost(7, 19, 363749).
cost(7, 20, 492020).
cost(7, 21, 565714).
cost(8, 1, 761788).
cost(8, 2, 997015).
cost(8, 3, 385865).
cost(8, 4, 191189).
cost(8, 5, 304613).
cost(8, 6, 711428).
cost(8, 7, 698127).
cost(8, 9, 708121).
cost(8, 10, 479478).
cost(8, 11, 506470).
cost(8, 12, 770730).
cost(8, 13, 351180).
cost(8, 14, 407928).
cost(8, 15, 447203).
cost(8, 16, 451975).
cost(8, 17, 433929).
cost(8, 18, 561489).
cost(8, 19, 905548).
cost(8, 20, 372742).
cost(8, 21, 237742).
cost(9, 1, 165192).
cost(9, 2, 338840).
cost(9, 3, 324557).
cost(9, 4, 522902).
cost(9, 5, 415098).
cost(9, 6, 245960).
cost(9, 7, 254432).
cost(9, 8, 708121).
cost(9, 10, 487055).
cost(9, 11, 242117).
cost(9, 12, 433431).
cost(9, 13, 543272).
cost(9, 14, 353373).
cost(9, 15, 266129).
cost(9, 16, 271717).
cost(9, 17, 456966).
cost(9, 18, 350821).
cost(9, 19, 197767).
cost(9, 20, 634619).
cost(9, 21, 507263).
cost(10, 1, 429766).
cost(10, 2, 637379).
cost(10, 3, 302583).
cost(10, 4, 403581).
cost(10, 5, 395731).
cost(10, 6, 655068).
cost(10, 7, 314122).
cost(10, 8, 479478).
cost(10, 9, 487055).
cost(10, 11, 260335).
cost(10, 12, 308378).
cost(10, 13, 133551).
cost(10, 14, 469525).
cost(10, 15, 303032).
cost(10, 16, 274518).
cost(10, 17, 59474).
cost(10, 18, 619712).
cost(10, 19, 653248).
cost(10, 20, 181143).
cost(10, 21, 456845).
cost(11, 1, 255411).
cost(11, 2, 490633).
cost(11, 3, 137691).
cost(11, 4, 343143).
cost(11, 5, 263433).
cost(11, 6, 396119).
cost(11, 7, 208777).
cost(11, 8, 506470).
cost(11, 9, 242117).
cost(11, 10, 260335).
cost(11, 12, 348145).
cost(11, 13, 301256).
cost(11, 14, 275100).
cost(11, 15, 86013).
cost(11, 16, 62462).
cost(11, 17, 220463).
cost(11, 18, 387225).
cost(11, 19, 430434).
cost(11, 20, 393414).
cost(11, 21, 357069).
cost(12, 1, 286483).
cost(12, 2, 399553).
cost(12, 3, 474691).
cost(12, 4, 652691).
cost(12, 5, 599488).
cost(12, 6, 671541).
cost(12, 7, 180280).
cost(12, 8, 770730).
cost(12, 9, 433431).
cost(12, 10, 308378).
cost(12, 11, 348145).
cost(12, 13, 440276).
cost(12, 14, 623204).
cost(12, 15, 433239).
cost(12, 16, 405737).
cost(12, 17, 340205).
cost(12, 18, 718821).
cost(12, 19, 514539).
cost(12, 20, 482571).
cost(12, 21, 685662).
cost(13, 1, 521849).
cost(13, 2, 744101).
cost(13, 3, 279512).
cost(13, 4, 307138).
cost(13, 5, 332954).
cost(13, 6, 667738).
cost(13, 7, 420004).
cost(13, 8, 351180).
cost(13, 9, 543272).
cost(13, 10, 133551).
cost(13, 11, 301256).
cost(13, 12, 440276).
cost(13, 14, 429614).
cost(13, 15, 306878).
cost(13, 16, 286270).
cost(13, 17, 107069).
cost(13, 18, 595853).
cost(13, 19, 727163).
cost(13, 20, 95390).
cost(13, 21, 370587).
cost(14, 1, 469819).
cost(14, 2, 686416).
cost(14, 3, 167820).
cost(14, 4, 219946).
cost(14, 5, 114257).
cost(14, 6, 303500).
cost(14, 7, 471883).
cost(14, 8, 407928).
cost(14, 9, 353373).
cost(14, 10, 469525).
cost(14, 11, 275100).
cost(14, 12, 623204).
cost(14, 13, 429614).
cost(14, 15, 191245).
cost(14, 16, 220673).
cost(14, 17, 411855).
cost(14, 18, 172059).
cost(14, 19, 537114).
cost(14, 20, 519087).
cost(14, 21, 174130).
cost(15, 1, 322273).
cost(15, 2, 555419).
cost(15, 3, 61863).
cost(15, 4, 271246).
cost(15, 5, 181012).
cost(15, 6, 361673).
cost(15, 7, 292670).
cost(15, 8, 447203).
cost(15, 9, 266129).
cost(15, 10, 303032).
cost(15, 11, 86013).
cost(15, 12, 433239).
cost(15, 13, 306878).
cost(15, 14, 191245).
cost(15, 16, 30609).
cost(15, 17, 251815).
cost(15, 18, 319305).
cost(15, 19, 463430).
cost(15, 20, 402259).
cost(15, 21, 276362).
cost(16, 1, 311352).
cost(16, 2, 546102).
cost(16, 3, 75351).
cost(16, 4, 282872).
cost(16, 5, 201005).
cost(16, 6, 385669).
cost(16, 7, 271238).
cost(16, 8, 451975).
cost(16, 9, 271717).
cost(16, 10, 274518).
cost(16, 11, 62462).
cost(16, 12, 405737).
cost(16, 13, 286270).
cost(16, 14, 220673).
cost(16, 15, 30609).
cost(16, 17, 224842).
cost(16, 18, 349513).
cost(16, 19, 467137).
cost(16, 20, 381355).
cost(16, 21, 294671).
cost(17, 1, 419406).
cost(17, 2, 638251).
cost(17, 3, 245902).
cost(17, 4, 346372).
cost(17, 5, 336284).
cost(17, 6, 609469).
cost(17, 7, 313683).
cost(17, 8, 433929).
cost(17, 9, 456966).
cost(17, 10, 59474).
cost(17, 11, 220463).
cost(17, 12, 340205).
cost(17, 13, 107069).
cost(17, 14, 411855).
cost(17, 15, 251815).
cost(17, 16, 224842).
cost(17, 18, 565075).
cost(17, 19, 632824).
cost(17, 20, 182858).
cost(17, 21, 398101).
cost(18, 1, 504737).
cost(18, 2, 684926).
cost(18, 3, 320704).
cost(18, 4, 382737).
cost(18, 5, 285222).
cost(18, 6, 181755).
cost(18, 7, 547596).
cost(18, 8, 561489).
cost(18, 9, 350821).
cost(18, 10, 619712).
cost(18, 11, 387225).
cost(18, 12, 718821).
cost(18, 13, 595853).
cost(18, 14, 172059).
cost(18, 15, 319305).
cost(18, 16, 349513).
cost(18, 17, 565075).
cost(18, 19, 491084).
cost(18, 20, 687487).
cost(18, 21, 324145).
cost(19, 1, 237162).
cost(19, 2, 232644).
cost(19, 3, 522296).
cost(19, 4, 719177).
cost(19, 5, 609628).
cost(19, 6, 329838).
cost(19, 7, 363749).
cost(19, 8, 905548).
cost(19, 9, 197767).
cost(19, 10, 653248).
cost(19, 11, 430434).
cost(19, 12, 514539).
cost(19, 13, 727163).
cost(19, 14, 537114).
cost(19, 15, 463430).
cost(19, 16, 467137).
cost(19, 17, 632824).
cost(19, 18, 491084).
cost(19, 20, 814757).
cost(19, 21, 699507).
cost(20, 1, 601783).
cost(20, 2, 816543).
cost(20, 3, 373830).
cost(20, 4, 374027).
cost(20, 5, 417187).
cost(20, 6, 763069).
cost(20, 7, 492020).
cost(20, 8, 372742).
cost(20, 9, 634619).
cost(20, 10, 181143).
cost(20, 11, 393414).
cost(20, 12, 482571).
cost(20, 13, 95390).
cost(20, 14, 519087).
cost(20, 15, 402259).
cost(20, 16, 381355).
cost(20, 17, 182858).
cost(20, 18, 687487).
cost(20, 19, 814757).
cost(20, 21, 442127).
cost(21, 1, 596010).
cost(21, 2, 825466).
cost(21, 3, 219380).
cost(21, 4, 71062).
cost(21, 5, 96052).
cost(21, 6, 476195).
cost(21, 7, 565714).
cost(21, 8, 237742).
cost(21, 9, 507263).
cost(21, 10, 456845).
cost(21, 11, 357069).
cost(21, 12, 685662).
cost(21, 13, 370587).
cost(21, 14, 174130).
cost(21, 15, 276362).
cost(21, 16, 294671).
cost(21, 17, 398101).
cost(21, 18, 324145).
cost(21, 19, 699507).
cost(21, 20, 442127).
nocross(1,2).
nocross(1,7).
nocross(1,9).
nocross(1,19).
nocross(2,1).
nocross(2,7).
nocross(2,9).
nocross(2,12).
nocross(2,19).
nocross(3,4).
nocross(3,6).
nocross(3,8).
nocross(3,12).
nocross(4,14).
nocross(4,21).
nocross(5,4).
nocross(5,21).
nocross(6,14).
nocross(6,18).
nocross(6,19).
nocross(7,1).
nocross(7,2).
nocross(7,10).
nocross(7,12).
nocross(8,4).
nocross(8,21).
nocross(9,1).
nocross(9,6).
nocross(9,7).
nocross(9,14).
nocross(10,7).
nocross(10,12).
nocross(10,17).
nocross(10,20).
nocross(11,1).
nocross(11,6).
nocross(11,17).
nocross(12,1).
nocross(12,2).
nocross(12,7).
nocross(12,10).
nocross(12,17).
nocross(13,8).
nocross(13,10).
nocross(13,12).
nocross(13,17).
nocross(14,5).
nocross(15,6).
nocross(15,17).
nocross(16,1).
nocross(16,6).
nocross(16,12).
nocross(16,15).
nocross(16,17).
nocross(17,7).
nocross(17,8).
nocross(17,10).
nocross(17,12).
nocross(18,6).
nocross(19,1).
nocross(19,2).
nocross(19,6).
nocross(19,14).
nocross(20,10).
nocross(20,13).
nocross(20,17).
nocross(21,4).
nocross(21,5).
nocross(21,14).
nocross(21,18).
