dimension(21).
point(1, 159058.0, 18157.0).
point(2, 67476.0, -17285.0).
point(3, 32156.0, 48639.0).
point(4, -235313.0, 305668.0).
point(5, -249906.0, 32894.0).
point(6, 20088.0, -39166.0).
point(7, 148516.0, 189669.0).
point(8, 201591.0, 215398.0).
point(9, 35659.0, -232917.0).
point(10, 223343.0, 9896.0).
point(11, 23757.0, -159018.0).
point(12, 126480.0, 196323.0).
point(13, -104579.0, 362942.0).
point(14, -51035.0, 176169.0).
point(15, -74004.0, 80641.0).
point(16, 415475.0, 275240.0).
point(17, -220529.0, 198864.0).
point(18, -92173.0, 364158.0).
point(19, 308810.0, 43083.0).
point(20, 76274.0, 67520.0).
point(21, -84194.0, 178663.0).
cost(1, 2, 98201).
cost(1, 3, 130512).
cost(1, 4, 488048).
cost(1, 5, 409229).
cost(1, 6, 150328).
cost(1, 7, 171836).
cost(1, 8, 201775).
cost(1, 9, 279760).
cost(1, 10, 64814).
cost(1, 11, 222929).
cost(1, 12, 181120).
cost(1, 13, 434029).
cost(1, 14, 262882).
cost(1, 15, 241293).
cost(1, 16, 363100).
cost(1, 17, 420406).
cost(1, 18, 427591).
cost(1, 19, 151812).
cost(1, 20, 96384).
cost(1, 21, 291434).
cost(2, 1, 98201).
cost(2, 3, 74790).
cost(2, 4, 442696).
cost(2, 5, 321324).
cost(2, 6, 52196).
cost(2, 7, 222255).
cost(2, 8, 268567).
cost(2, 9, 217967).
cost(2, 10, 158219).
cost(2, 11, 148323).
cost(2, 12, 221607).
cost(2, 13, 417343).
cost(2, 14, 226868).
cost(2, 15, 172064).
cost(2, 16, 454614).
cost(2, 17, 360093).
cost(2, 18, 413505).
cost(2, 19, 248770).
cost(2, 20, 85260).
cost(2, 21, 247789).
cost(3, 1, 130512).
cost(3, 2, 74790).
cost(3, 4, 370950).
cost(3, 5, 282501).
cost(3, 6, 88630).
cost(3, 7, 182836).
cost(3, 8, 237733).
cost(3, 9, 281578).
cost(3, 10, 195073).
cost(3, 11, 207827).
cost(3, 12, 175236).
cost(3, 13, 342758).
cost(3, 14, 152265).
cost(3, 15, 110879).
cost(3, 16, 445288).
cost(3, 17, 293968).
cost(3, 18, 339131).
cost(3, 19, 276710).
cost(3, 20, 47988).
cost(3, 21, 174481).
cost(4, 1, 488048).
cost(4, 2, 442696).
cost(4, 3, 370950).
cost(4, 5, 273164).
cost(4, 6, 429116).
cost(4, 7, 400974).
cost(4, 8, 446132).
cost(4, 9, 602909).
cost(4, 10, 545753).
cost(4, 11, 532025).
cost(4, 12, 377956).
cost(4, 13, 142729).
cost(4, 14, 225230).
cost(4, 15, 276871).
cost(4, 16, 651499).
cost(4, 17, 107822).
cost(4, 18, 154629).
cost(4, 19, 604169).
cost(4, 20, 392175).
cost(4, 21, 197401).
cost(5, 1, 409229).
cost(5, 2, 321324).
cost(5, 3, 282501).
cost(5, 4, 273164).
cost(5, 6, 279445).
cost(5, 7, 428157).
cost(5, 8, 486988).
cost(5, 9, 390132).
cost(5, 10, 473807).
cost(5, 11, 334248).
cost(5, 12, 410336).
cost(5, 13, 360627).
cost(5, 14, 245107).
cost(5, 15, 182267).
cost(5, 16, 708141).
cost(5, 17, 168550).
cost(5, 18, 366900).
cost(5, 19, 558809).
cost(5, 20, 328013).
cost(5, 21, 220701).
cost(6, 1, 150328).
cost(6, 2, 52196).
cost(6, 3, 88630).
cost(6, 4, 429116).
cost(6, 5, 279445).
cost(6, 7, 262410).
cost(6, 8, 312644).
cost(6, 9, 194376).
cost(6, 10, 209093).
cost(6, 11, 119908).
cost(6, 12, 258407).
cost(6, 13, 420990).
cost(6, 14, 226777).
cost(6, 15, 152339).
cost(6, 16, 505155).
cost(6, 17, 338459).
cost(6, 18, 418656).
cost(6, 19, 300209).
cost(6, 20, 120577).
cost(6, 21, 241504).
cost(7, 1, 171836).
cost(7, 2, 222255).
cost(7, 3, 182836).
cost(7, 4, 400974).
cost(7, 5, 428157).
cost(7, 6, 262410).
cost(7, 8, 58983).
cost(7, 9, 437396).
cost(7, 10, 194724).
cost(7, 11, 370334).
cost(7, 12, 23019).
cost(7, 13, 306726).
cost(7, 14, 200007).
cost(7, 15, 247795).
cost(7, 16, 280338).
cost(7, 17, 369160).
cost(7, 18, 297284).
cost(7, 19, 217213).
cost(7, 20, 141913).
cost(7, 21, 232970).
cost(8, 1, 201775).
cost(8, 2, 268567).
cost(8, 3, 237733).
cost(8, 4, 446132).
cost(8, 5, 486988).
cost(8, 6, 312644).
cost(8, 7, 58983).
cost(8, 9, 478037).
cost(8, 10, 206650).
cost(8, 11, 414502).
cost(8, 12, 77495).
cost(8, 13, 339867).
cost(8, 14, 255654).
cost(8, 15, 306777).
cost(8, 16, 222098).
cost(8, 17, 422444).
cost(8, 18, 329282).
cost(8, 19, 202949).
cost(8, 20, 193836).
cost(8, 21, 288136).
cost(9, 1, 279760).
cost(9, 2, 217967).
cost(9, 3, 281578).
cost(9, 4, 602909).
cost(9, 5, 390132).
cost(9, 6, 194376).
cost(9, 7, 437396).
cost(9, 8, 478037).
cost(9, 10, 306893).
cost(9, 11, 74851).
cost(9, 12, 438743).
cost(9, 13, 612139).
cost(9, 14, 418171).
cost(9, 15, 332182).
cost(9, 16, 634416).
cost(9, 17, 502063).
cost(9, 18, 610606).
cost(9, 19, 388314).
cost(9, 20, 303170).
cost(9, 21, 428676).
cost(10, 1, 64814).
cost(10, 2, 158219).
cost(10, 3, 195073).
cost(10, 4, 545753).
cost(10, 5, 473807).
cost(10, 6, 209093).
cost(10, 7, 194724).
cost(10, 8, 206650).
cost(10, 9, 306893).
cost(10, 11, 261470).
cost(10, 12, 210089).
cost(10, 13, 481845).
cost(10, 14, 320827).
cost(10, 15, 305647).
cost(10, 16, 327601).
cost(10, 17, 482422).
cost(10, 18, 474396).
cost(10, 19, 91684).
cost(10, 20, 157955).
cost(10, 21, 350801).
cost(11, 1, 222929).
cost(11, 2, 148323).
cost(11, 3, 207827).
cost(11, 4, 532025).
cost(11, 5, 334248).
cost(11, 6, 119908).
cost(11, 7, 370334).
cost(11, 8, 414502).
cost(11, 9, 74851).
cost(11, 10, 261470).
cost(11, 12, 369891).
cost(11, 13, 537506).
cost(11, 14, 343430).
cost(11, 15, 258831).
cost(11, 16, 584827).
cost(11, 17, 433307).
cost(11, 18, 535866).
cost(11, 19, 349428).
cost(11, 20, 232546).
cost(11, 21, 354516).
cost(12, 1, 181120).
cost(12, 2, 221607).
cost(12, 3, 175236).
cost(12, 4, 377956).
cost(12, 5, 410336).
cost(12, 6, 258407).
cost(12, 7, 23019).
cost(12, 8, 77495).
cost(12, 9, 438743).
cost(12, 10, 210089).
cost(12, 11, 369891).
cost(12, 13, 284869).
cost(12, 14, 178655).
cost(12, 15, 231465).
cost(12, 16, 299576).
cost(12, 17, 347018).
cost(12, 18, 275641).
cost(12, 19, 238174).
cost(12, 20, 138242).
cost(12, 21, 211413).
cost(13, 1, 434029).
cost(13, 2, 417343).
cost(13, 3, 342758).
cost(13, 4, 142729).
cost(13, 5, 360627).
cost(13, 6, 420990).
cost(13, 7, 306726).
cost(13, 8, 339867).
cost(13, 9, 612139).
cost(13, 10, 481845).
cost(13, 11, 537506).
cost(13, 12, 284869).
cost(13, 14, 194296).
cost(13, 15, 283952).
cost(13, 16, 527397).
cost(13, 17, 200913).
cost(13, 18, 12465).
cost(13, 19, 522686).
cost(13, 20, 346384).
cost(13, 21, 185403).
cost(14, 1, 262882).
cost(14, 2, 226868).
cost(14, 3, 152265).
cost(14, 4, 225230).
cost(14, 5, 245107).
cost(14, 6, 226777).
cost(14, 7, 200007).
cost(14, 8, 255654).
cost(14, 9, 418171).
cost(14, 10, 320827).
cost(14, 11, 343430).
cost(14, 12, 178655).
cost(14, 13, 194296).
cost(14, 15, 98251).
cost(14, 16, 476914).
cost(14, 17, 171007).
cost(14, 18, 192438).
cost(14, 19, 383667).
cost(14, 20, 167368).
cost(14, 21, 33253).
cost(15, 1, 241293).
cost(15, 2, 172064).
cost(15, 3, 110879).
cost(15, 4, 276871).
cost(15, 5, 182267).
cost(15, 6, 152339).
cost(15, 7, 247795).
cost(15, 8, 306777).
cost(15, 9, 332182).
cost(15, 10, 305647).
cost(15, 11, 258831).
cost(15, 12, 231465).
cost(15, 13, 283952).
cost(15, 14, 98251).
cost(15, 16, 526743).
cost(15, 17, 188272).
cost(15, 18, 284099).
cost(15, 19, 384652).
cost(15, 20, 150850).
cost(15, 21, 98550).
cost(16, 1, 363100).
cost(16, 2, 454614).
cost(16, 3, 445288).
cost(16, 4, 651499).
cost(16, 5, 708141).
cost(16, 6, 505155).
cost(16, 7, 280338).
cost(16, 8, 222098).
cost(16, 9, 634416).
cost(16, 10, 327601).
cost(16, 11, 584827).
cost(16, 12, 299576).
cost(16, 13, 527397).
cost(16, 14, 476914).
cost(16, 15, 526743).
cost(16, 17, 640573).
cost(16, 18, 515376).
cost(16, 19, 255488).
cost(16, 20, 397750).
cost(16, 21, 508917).
cost(17, 1, 420406).
cost(17, 2, 360093).
cost(17, 3, 293968).
cost(17, 4, 107822).
cost(17, 5, 168550).
cost(17, 6, 338459).
cost(17, 7, 369160).
cost(17, 8, 422444).
cost(17, 9, 502063).
cost(17, 10, 482422).
cost(17, 11, 433307).
cost(17, 12, 347018).
cost(17, 13, 200913).
cost(17, 14, 171007).
cost(17, 15, 188272).
cost(17, 16, 640573).
cost(17, 18, 209278).
cost(17, 19, 551786).
cost(17, 20, 324566).
cost(17, 21, 137823).
cost(18, 1, 427591).
cost(18, 2, 413505).
cost(18, 3, 339131).
cost(18, 4, 154629).
cost(18, 5, 366900).
cost(18, 6, 418656).
cost(18, 7, 297284).
cost(18, 8, 329282).
cost(18, 9, 610606).
cost(18, 10, 474396).
cost(18, 11, 535866).
cost(18, 12, 275641).
cost(18, 13, 12465).
cost(18, 14, 192438).
cost(18, 15, 284099).
cost(18, 16, 515376).
cost(18, 17, 209278).
cost(18, 19, 513689).
cost(18, 20, 341128).
cost(18, 21, 185667).
cost(19, 1, 151812).
cost(19, 2, 248770).
cost(19, 3, 276710).
cost(19, 4, 604169).
cost(19, 5, 558809).
cost(19, 6, 300209).
cost(19, 7, 217213).
cost(19, 8, 202949).
cost(19, 9, 388314).
cost(19, 10, 91684).
cost(19, 11, 349428).
cost(19, 12, 238174).
cost(19, 13, 522686).
cost(19, 14, 383667).
cost(19, 15, 384652).
cost(19, 16, 255488).
cost(19, 17, 551786).
cost(19, 18, 513689).
cost(19, 20, 233817).
cost(19, 21, 415733).
cost(20, 1, 96384).
cost(20, 2, 85260).
cost(20, 3, 47988).
cost(20, 4, 392175).
cost(20, 5, 328013).
cost(20, 6, 120577).
cost(20, 7, 141913).
cost(20, 8, 193836).
cost(20, 9, 303170).
cost(20, 10, 157955).
cost(20, 11, 232546).
cost(20, 12, 138242).
cost(20, 13, 346384).
cost(20, 14, 167368).
cost(20, 15, 150850).
cost(20, 16, 397750).
cost(20, 17, 324566).
cost(20, 18, 341128).
cost(20, 19, 233817).
cost(20, 21, 195199).
cost(21, 1, 291434).
cost(21, 2, 247789).
cost(21, 3, 174481).
cost(21, 4, 197401).
cost(21, 5, 220701).
cost(21, 6, 241504).
cost(21, 7, 232970).
cost(21, 8, 288136).
cost(21, 9, 428676).
cost(21, 10, 350801).
cost(21, 11, 354516).
cost(21, 12, 211413).
cost(21, 13, 185403).
cost(21, 14, 33253).
cost(21, 15, 98550).
cost(21, 16, 508917).
cost(21, 17, 137823).
cost(21, 18, 185667).
cost(21, 19, 415733).
cost(21, 20, 195199).
nocross(1,12).
nocross(1,20).
nocross(2,14).
nocross(2,21).
nocross(3,6).
nocross(3,12).
nocross(3,14).
nocross(3,19).
nocross(3,21).
nocross(4,14).
nocross(4,21).
nocross(5,12).
nocross(5,14).
nocross(5,15).
nocross(5,17).
nocross(5,21).
nocross(6,14).
nocross(6,15).
nocross(6,20).
nocross(7,8).
nocross(7,12).
nocross(7,14).
nocross(7,19).
nocross(8,7).
nocross(8,16).
nocross(8,19).
nocross(9,6).
nocross(10,12).
nocross(10,14).
nocross(10,20).
nocross(11,6).
nocross(11,14).
nocross(12,7).
nocross(12,13).
nocross(12,18).
nocross(12,19).
nocross(12,20).
nocross(13,4).
nocross(13,12).
nocross(13,14).
nocross(13,20).
nocross(13,21).
nocross(14,12).
nocross(14,13).
nocross(14,15).
nocross(14,21).
nocross(15,5).
nocross(15,6).
nocross(15,12).
nocross(15,20).
nocross(15,21).
nocross(16,19).
nocross(17,4).
nocross(17,5).
nocross(17,12).
nocross(17,13).
nocross(17,15).
nocross(17,18).
nocross(17,21).
nocross(18,4).
nocross(18,12).
nocross(18,13).
nocross(18,20).
nocross(18,21).
nocross(19,1).
nocross(19,10).
nocross(19,12).
nocross(20,6).
nocross(20,14).
nocross(20,15).
nocross(20,19).
nocross(20,21).
nocross(21,4).
nocross(21,12).
nocross(21,13).
nocross(21,14).
nocross(21,15).
nocross(21,18).
