dimension(21).
point(1, -62819.0, -83119.0).
point(2, -142816.0, -205959.0).
point(3, 291913.0, -72986.0).
point(4, -250557.0, 206705.0).
point(5, 155229.0, 7908.0).
point(6, -433791.0, 190432.0).
point(7, 96071.0, 228350.0).
point(8, 109442.0, 277021.0).
point(9, -110184.0, -130588.0).
point(10, -80415.0, 448593.0).
point(11, 59719.0, -115740.0).
point(12, 63956.0, -178076.0).
point(13, -446257.0, 155344.0).
point(14, 553850.0, -58524.0).
point(15, 184862.0, -190071.0).
point(16, 140774.0, -56626.0).
point(17, 222694.0, -63989.0).
point(18, -190494.0, 40594.0).
point(19, -181523.0, 92280.0).
point(20, -101661.0, -224054.0).
point(21, 215662.0, 61297.0).
cost(1, 2, 146592).
cost(1, 3, 354877).
cost(1, 4, 345317).
cost(1, 5, 236286).
cost(1, 6, 460923).
cost(1, 7, 349656).
cost(1, 8, 399218).
cost(1, 9, 67058).
cost(1, 10, 532003).
cost(1, 11, 126806).
cost(1, 12, 158394).
cost(1, 13, 451541).
cost(1, 14, 617159).
cost(1, 15, 269786).
cost(1, 16, 205309).
cost(1, 17, 286153).
cost(1, 18, 177780).
cost(1, 19, 211791).
cost(1, 20, 146190).
cost(1, 21, 313700).
cost(2, 1, 146592).
cost(2, 3, 454611).
cost(2, 4, 426497).
cost(2, 5, 366838).
cost(2, 6, 491724).
cost(2, 7, 495673).
cost(2, 8, 544889).
cost(2, 9, 82132).
cost(2, 10, 657520).
cost(2, 11, 221720).
cost(2, 12, 208644).
cost(2, 13, 471822).
cost(2, 14, 712096).
cost(2, 15, 328063).
cost(2, 16, 320505).
cost(2, 17, 392114).
cost(2, 18, 251121).
cost(2, 19, 300740).
cost(2, 20, 44957).
cost(2, 21, 447138).
cost(3, 1, 354877).
cost(3, 2, 454611).
cost(3, 4, 610328).
cost(3, 5, 158828).
cost(3, 6, 772033).
cost(3, 7, 359385).
cost(3, 8, 394716).
cost(3, 9, 406202).
cost(3, 10, 640838).
cost(3, 11, 236097).
cost(3, 12, 251015).
cost(3, 13, 772677).
cost(3, 14, 262336).
cost(3, 15, 158647).
cost(3, 16, 152022).
cost(3, 17, 69801).
cost(3, 18, 495598).
cost(3, 19, 501452).
cost(3, 20, 421571).
cost(3, 21, 154422).
cost(4, 1, 345317).
cost(4, 2, 426497).
cost(4, 3, 610328).
cost(4, 5, 451866).
cost(4, 6, 183955).
cost(4, 7, 347303).
cost(4, 8, 366802).
cost(4, 9, 365337).
cost(4, 10, 295733).
cost(4, 11, 447484).
cost(4, 12, 496966).
cost(4, 13, 202328).
cost(4, 14, 847005).
cost(4, 15, 589085).
cost(4, 16, 471681).
cost(4, 17, 545199).
cost(4, 18, 176636).
cost(4, 19, 133637).
cost(4, 20, 455767).
cost(4, 21, 488368).
cost(5, 1, 236286).
cost(5, 2, 366838).
cost(5, 3, 158828).
cost(5, 4, 451866).
cost(5, 6, 616652).
cost(5, 7, 228242).
cost(5, 8, 272980).
cost(5, 9, 299375).
cost(5, 10, 499731).
cost(5, 11, 156240).
cost(5, 12, 207173).
cost(5, 13, 619292).
cost(5, 14, 404119).
cost(5, 15, 200184).
cost(5, 16, 66133).
cost(5, 17, 98594).
cost(5, 18, 347265).
cost(5, 19, 347161).
cost(5, 20, 346120).
cost(5, 21, 80638).
cost(6, 1, 460923).
cost(6, 2, 491724).
cost(6, 3, 772033).
cost(6, 4, 183955).
cost(6, 5, 616652).
cost(6, 7, 531217).
cost(6, 8, 550091).
cost(6, 9, 455824).
cost(6, 10, 437632).
cost(6, 11, 580770).
cost(6, 12, 619314).
cost(6, 13, 37237).
cost(6, 14, 1018535).
cost(6, 15, 726302).
cost(6, 16, 625430).
cost(6, 17, 704062).
cost(6, 18, 285736).
cost(6, 19, 270690).
cost(6, 20, 531139).
cost(6, 21, 662167).
cost(7, 1, 349656).
cost(7, 2, 495673).
cost(7, 3, 359385).
cost(7, 4, 347303).
cost(7, 5, 228242).
cost(7, 6, 531217).
cost(7, 8, 50474).
cost(7, 9, 413978).
cost(7, 10, 282231).
cost(7, 11, 346005).
cost(7, 12, 407693).
cost(7, 13, 547220).
cost(7, 14, 540239).
cost(7, 15, 427738).
cost(7, 16, 288461).
cost(7, 17, 318584).
cost(7, 18, 342596).
cost(7, 19, 309150).
cost(7, 20, 493728).
cost(7, 21, 205448).
cost(8, 1, 399218).
cost(8, 2, 544889).
cost(8, 3, 394716).
cost(8, 4, 366802).
cost(8, 5, 272980).
cost(8, 6, 550091).
cost(8, 7, 50474).
cost(8, 9, 463013).
cost(8, 10, 255896).
cost(8, 11, 395896).
cost(8, 12, 457364).
cost(8, 13, 568864).
cost(8, 14, 556856).
cost(8, 15, 473142).
cost(8, 16, 335115).
cost(8, 17, 359324).
cost(8, 18, 381915).
cost(8, 19, 344659).
cost(8, 20, 543728).
cost(8, 21, 240457).
cost(9, 1, 67058).
cost(9, 2, 82132).
cost(9, 3, 406202).
cost(9, 4, 365337).
cost(9, 5, 299375).
cost(9, 6, 455824).
cost(9, 7, 413978).
cost(9, 8, 463013).
cost(9, 10, 579946).
cost(9, 11, 170551).
cost(9, 12, 180499).
cost(9, 13, 441251).
cost(9, 14, 667933).
cost(9, 15, 300982).
cost(9, 16, 261630).
cost(9, 17, 339475).
cost(9, 18, 189085).
cost(9, 19, 234007).
cost(9, 20, 93854).
cost(9, 21, 378147).
cost(10, 1, 532003).
cost(10, 2, 657520).
cost(10, 3, 640838).
cost(10, 4, 295733).
cost(10, 5, 499731).
cost(10, 6, 437632).
cost(10, 7, 282231).
cost(10, 8, 255896).
cost(10, 9, 579946).
cost(10, 11, 581472).
cost(10, 12, 643084).
cost(10, 13, 468866).
cost(10, 14, 812071).
cost(10, 15, 691566).
cost(10, 16, 551517).
cost(10, 17, 595496).
cost(10, 18, 422588).
cost(10, 19, 370381).
cost(10, 20, 672982).
cost(10, 21, 487504).
cost(11, 1, 126806).
cost(11, 2, 221720).
cost(11, 3, 236097).
cost(11, 4, 447484).
cost(11, 5, 156240).
cost(11, 6, 580770).
cost(11, 7, 346005).
cost(11, 8, 395896).
cost(11, 9, 170551).
cost(11, 10, 581472).
cost(11, 12, 62480).
cost(11, 13, 574019).
cost(11, 14, 497433).
cost(11, 15, 145554).
cost(11, 16, 100321).
cost(11, 17, 170994).
cost(11, 18, 295037).
cost(11, 19, 318544).
cost(11, 20, 194359).
cost(11, 21, 235924).
cost(12, 1, 158394).
cost(12, 2, 208644).
cost(12, 3, 251015).
cost(12, 4, 496966).
cost(12, 5, 207173).
cost(12, 6, 619314).
cost(12, 7, 407693).
cost(12, 8, 457364).
cost(12, 9, 180499).
cost(12, 10, 643084).
cost(12, 11, 62480).
cost(12, 13, 609497).
cost(12, 14, 504271).
cost(12, 15, 121500).
cost(12, 16, 143705).
cost(12, 17, 195483).
cost(12, 18, 335502).
cost(12, 19, 365174).
cost(12, 20, 171881).
cost(12, 21, 283398).
cost(13, 1, 451541).
cost(13, 2, 471822).
cost(13, 3, 772677).
cost(13, 4, 202328).
cost(13, 5, 619292).
cost(13, 6, 37237).
cost(13, 7, 547220).
cost(13, 8, 568864).
cost(13, 9, 441251).
cost(13, 10, 468866).
cost(13, 11, 574019).
cost(13, 12, 609497).
cost(13, 14, 1022719).
cost(13, 15, 719460).
cost(13, 16, 624129).
cost(13, 17, 703990).
cost(13, 18, 280325).
cost(13, 19, 272142).
cost(13, 20, 512532).
cost(13, 21, 668567).
cost(14, 1, 617159).
cost(14, 2, 712096).
cost(14, 3, 262336).
cost(14, 4, 847005).
cost(14, 5, 404119).
cost(14, 6, 1018535).
cost(14, 7, 540239).
cost(14, 8, 556856).
cost(14, 9, 667933).
cost(14, 10, 812071).
cost(14, 11, 497433).
cost(14, 12, 504271).
cost(14, 13, 1022719).
cost(14, 15, 391736).
cost(14, 16, 413080).
cost(14, 17, 331201).
cost(14, 18, 750914).
cost(14, 19, 750677).
cost(14, 20, 676088).
cost(14, 21, 358787).
cost(15, 1, 269786).
cost(15, 2, 328063).
cost(15, 3, 158647).
cost(15, 4, 589085).
cost(15, 5, 200184).
cost(15, 6, 726302).
cost(15, 7, 427738).
cost(15, 8, 473142).
cost(15, 9, 300982).
cost(15, 10, 691566).
cost(15, 11, 145554).
cost(15, 12, 121500).
cost(15, 13, 719460).
cost(15, 14, 391736).
cost(15, 16, 140539).
cost(15, 17, 131636).
cost(15, 18, 440566).
cost(15, 19, 462558).
cost(15, 20, 288531).
cost(15, 21, 253248).
cost(16, 1, 205309).
cost(16, 2, 320505).
cost(16, 3, 152022).
cost(16, 4, 471681).
cost(16, 5, 66133).
cost(16, 6, 625430).
cost(16, 7, 288461).
cost(16, 8, 335115).
cost(16, 9, 261630).
cost(16, 10, 551517).
cost(16, 11, 100321).
cost(16, 12, 143705).
cost(16, 13, 624129).
cost(16, 14, 413080).
cost(16, 15, 140539).
cost(16, 17, 82250).
cost(16, 18, 345239).
cost(16, 19, 355033).
cost(16, 20, 294630).
cost(16, 21, 139693).
cost(17, 1, 286153).
cost(17, 2, 392114).
cost(17, 3, 69801).
cost(17, 4, 545199).
cost(17, 5, 98594).
cost(17, 6, 704062).
cost(17, 7, 318584).
cost(17, 8, 359324).
cost(17, 9, 339475).
cost(17, 10, 595496).
cost(17, 11, 170994).
cost(17, 12, 195483).
cost(17, 13, 703990).
cost(17, 14, 331201).
cost(17, 15, 131636).
cost(17, 16, 82250).
cost(17, 18, 426218).
cost(17, 19, 433372).
cost(17, 20, 361700).
cost(17, 21, 125483).
cost(18, 1, 177780).
cost(18, 2, 251121).
cost(18, 3, 495598).
cost(18, 4, 176636).
cost(18, 5, 347265).
cost(18, 6, 285736).
cost(18, 7, 342596).
cost(18, 8, 381915).
cost(18, 9, 189085).
cost(18, 10, 422588).
cost(18, 11, 295037).
cost(18, 12, 335502).
cost(18, 13, 280325).
cost(18, 14, 750914).
cost(18, 15, 440566).
cost(18, 16, 345239).
cost(18, 17, 426218).
cost(18, 19, 52459).
cost(18, 20, 279159).
cost(18, 21, 406683).
cost(19, 1, 211791).
cost(19, 2, 300740).
cost(19, 3, 501452).
cost(19, 4, 133637).
cost(19, 5, 347161).
cost(19, 6, 270690).
cost(19, 7, 309150).
cost(19, 8, 344659).
cost(19, 9, 234007).
cost(19, 10, 370381).
cost(19, 11, 318544).
cost(19, 12, 365174).
cost(19, 13, 272142).
cost(19, 14, 750677).
cost(19, 15, 462558).
cost(19, 16, 355033).
cost(19, 17, 433372).
cost(19, 18, 52459).
cost(19, 20, 326259).
cost(19, 21, 398392).
cost(20, 1, 146190).
cost(20, 2, 44957).
cost(20, 3, 421571).
cost(20, 4, 455767).
cost(20, 5, 346120).
cost(20, 6, 531139).
cost(20, 7, 493728).
cost(20, 8, 543728).
cost(20, 9, 93854).
cost(20, 10, 672982).
cost(20, 11, 194359).
cost(20, 12, 171881).
cost(20, 13, 512532).
cost(20, 14, 676088).
cost(20, 15, 288531).
cost(20, 16, 294630).
cost(20, 17, 361700).
cost(20, 18, 279159).
cost(20, 19, 326259).
cost(20, 21, 426754).
cost(21, 1, 313700).
cost(21, 2, 447138).
cost(21, 3, 154422).
cost(21, 4, 488368).
cost(21, 5, 80638).
cost(21, 6, 662167).
cost(21, 7, 205448).
cost(21, 8, 240457).
cost(21, 9, 378147).
cost(21, 10, 487504).
cost(21, 11, 235924).
cost(21, 12, 283398).
cost(21, 13, 668567).
cost(21, 14, 358787).
cost(21, 15, 253248).
cost(21, 16, 139693).
cost(21, 17, 125483).
cost(21, 18, 406683).
cost(21, 19, 398392).
cost(21, 20, 426754).
nocross(1,11).
nocross(1,12).
nocross(1,13).
nocross(1,20).
nocross(2,1).
nocross(2,9).
nocross(2,12).
nocross(2,13).
nocross(2,20).
nocross(3,11).
nocross(3,12).
nocross(3,14).
nocross(3,17).
nocross(3,21).
nocross(4,6).
nocross(4,10).
nocross(4,13).
nocross(4,18).
nocross(4,19).
nocross(5,7).
nocross(5,8).
nocross(5,11).
nocross(5,14).
nocross(5,16).
nocross(5,19).
nocross(5,20).
nocross(5,21).
nocross(6,1).
nocross(6,4).
nocross(6,13).
nocross(6,19).
nocross(7,1).
nocross(7,4).
nocross(7,5).
nocross(7,16).
nocross(7,21).
nocross(8,1).
nocross(8,7).
nocross(8,10).
nocross(8,21).
nocross(9,1).
nocross(9,11).
nocross(9,12).
nocross(9,13).
nocross(10,1).
nocross(10,6).
nocross(10,19).
nocross(11,5).
nocross(11,16).
nocross(11,19).
nocross(11,20).
nocross(12,11).
nocross(12,19).
nocross(12,20).
nocross(13,4).
nocross(13,18).
nocross(13,19).
nocross(14,3).
nocross(15,11).
nocross(15,12).
nocross(15,16).
nocross(15,17).
nocross(15,20).
nocross(15,21).
nocross(16,5).
nocross(16,19).
nocross(16,20).
nocross(17,5).
nocross(17,11).
nocross(17,12).
nocross(17,21).
nocross(18,2).
nocross(18,6).
nocross(18,13).
nocross(18,19).
nocross(19,2).
nocross(19,5).
nocross(19,6).
nocross(19,7).
nocross(19,13).
nocross(20,11).
nocross(20,12).
nocross(20,13).
nocross(21,5).
nocross(21,7).
nocross(21,14).
nocross(21,16).
nocross(21,17).
