dimension(21).
point(1, -383852.0, -1955.0).
point(2, 91385.0, -272751.0).
point(3, -341847.0, 71853.0).
point(4, -186397.0, 14630.0).
point(5, 178229.0, -162162.0).
point(6, 96226.0, -594275.0).
point(7, 182889.0, -115238.0).
point(8, 219722.0, 357400.0).
point(9, 79751.0, -132818.0).
point(10, -133933.0, -219529.0).
point(11, 34524.0, 29991.0).
point(12, 85215.0, 295981.0).
point(13, -407021.0, -223375.0).
point(14, 385267.0, 249052.0).
point(15, 39236.0, -19955.0).
point(16, -192093.0, 204647.0).
point(17, 302289.0, -173010.0).
point(18, 266970.0, 43067.0).
point(19, -150826.0, -170490.0).
point(20, 35382.0, 385759.0).
point(21, 10309.0, -52312.0).
cost(1, 2, 546974).
cost(1, 3, 84924).
cost(1, 4, 198150).
cost(1, 5, 584467).
cost(1, 6, 762442).
cost(1, 7, 577952).
cost(1, 8, 702451).
cost(1, 9, 481719).
cost(1, 10, 331358).
cost(1, 11, 419594).
cost(1, 12, 555689).
cost(1, 13, 222629).
cost(1, 14, 809042).
cost(1, 15, 423471).
cost(1, 16, 281879).
cost(1, 17, 707142).
cost(1, 18, 652377).
cost(1, 19, 287585).
cost(1, 20, 571034).
cost(1, 21, 397365).
cost(2, 1, 546974).
cost(2, 3, 553572).
cost(2, 4, 399688).
cost(2, 5, 140612).
cost(2, 6, 321560).
cost(2, 7, 182163).
cost(2, 8, 643087).
cost(2, 9, 140416).
cost(2, 10, 231518).
cost(2, 11, 308036).
cost(2, 12, 568765).
cost(2, 13, 500846).
cost(2, 14, 598870).
cost(2, 15, 258119).
cost(2, 16, 555219).
cost(2, 17, 233300).
cost(2, 18, 361346).
cost(2, 19, 262913).
cost(2, 20, 660887).
cost(2, 21, 234876).
cost(3, 1, 84924).
cost(3, 2, 553572).
cost(3, 4, 165648).
cost(3, 5, 570300).
cost(3, 6, 797267).
cost(3, 7, 557091).
cost(3, 8, 629997).
cost(3, 9, 468652).
cost(3, 10, 357955).
cost(3, 11, 378692).
cost(3, 12, 482302).
cost(3, 13, 302336).
cost(3, 14, 748394).
cost(3, 15, 391986).
cost(3, 16, 200151).
cost(3, 17, 689107).
cost(3, 18, 609497).
cost(3, 19, 308576).
cost(3, 20, 490753).
cost(3, 21, 373404).
cost(4, 1, 198150).
cost(4, 2, 399688).
cost(4, 3, 165648).
cost(4, 5, 405225).
cost(4, 6, 671298).
cost(4, 7, 391456).
cost(4, 8, 531436).
cost(4, 9, 304263).
cost(4, 10, 239964).
cost(4, 11, 221454).
cost(4, 12, 391065).
cost(4, 13, 324532).
cost(4, 14, 617862).
cost(4, 15, 228268).
cost(4, 16, 190102).
cost(4, 17, 523472).
cost(4, 18, 454258).
cost(4, 19, 188507).
cost(4, 20, 432346).
cost(4, 21, 207785).
cost(5, 1, 584467).
cost(5, 2, 140612).
cost(5, 3, 570300).
cost(5, 4, 405225).
cost(5, 6, 439825).
cost(5, 7, 47155).
cost(5, 8, 521216).
cost(5, 9, 102757).
cost(5, 10, 317389).
cost(5, 11, 239946).
cost(5, 12, 467490).
cost(5, 13, 588443).
cost(5, 14, 460393).
cost(5, 15, 198851).
cost(5, 16, 521236).
cost(5, 17, 124533).
cost(5, 18, 223593).
cost(5, 19, 329160).
cost(5, 20, 566236).
cost(5, 21, 200659).
cost(6, 1, 762442).
cost(6, 2, 321560).
cost(6, 3, 797267).
cost(6, 4, 671298).
cost(6, 5, 439825).
cost(6, 7, 486813).
cost(6, 8, 959654).
cost(6, 9, 461751).
cost(6, 10, 439781).
cost(6, 11, 627308).
cost(6, 12, 890324).
cost(6, 13, 625159).
cost(6, 14, 891485).
cost(6, 15, 577141).
cost(6, 16, 849355).
cost(6, 17, 468963).
cost(6, 18, 659817).
cost(6, 19, 490539).
cost(6, 20, 981921).
cost(6, 21, 548731).
cost(7, 1, 577952).
cost(7, 2, 182163).
cost(7, 3, 557091).
cost(7, 4, 391456).
cost(7, 5, 47155).
cost(7, 6, 486813).
cost(7, 8, 474071).
cost(7, 9, 104626).
cost(7, 10, 333546).
cost(7, 11, 207614).
cost(7, 12, 422660).
cost(7, 13, 599739).
cost(7, 14, 416730).
cost(7, 15, 172380).
cost(7, 16, 492887).
cost(7, 17, 132642).
cost(7, 18, 179249).
cost(7, 19, 338258).
cost(7, 20, 522261).
cost(7, 21, 183694).
cost(8, 1, 702451).
cost(8, 2, 643087).
cost(8, 3, 629997).
cost(8, 4, 531436).
cost(8, 5, 521216).
cost(8, 6, 959654).
cost(8, 7, 474071).
cost(8, 9, 509809).
cost(8, 10, 676697).
cost(8, 11, 376158).
cost(8, 12, 147866).
cost(8, 13, 854463).
cost(8, 14, 197850).
cost(8, 15, 418297).
cost(8, 16, 439232).
cost(8, 17, 536798).
cost(8, 18, 317864).
cost(8, 19, 644960).
cost(8, 20, 186509).
cost(8, 21, 460128).
cost(9, 1, 481719).
cost(9, 2, 140416).
cost(9, 3, 468652).
cost(9, 4, 304263).
cost(9, 5, 102757).
cost(9, 6, 461751).
cost(9, 7, 104626).
cost(9, 8, 509809).
cost(9, 10, 230607).
cost(9, 11, 168974).
cost(9, 12, 428834).
cost(9, 13, 495124).
cost(9, 14, 489045).
cost(9, 15, 119915).
cost(9, 16, 433338).
cost(9, 17, 226138).
cost(9, 18, 256878).
cost(9, 19, 233634).
cost(9, 20, 520472).
cost(9, 21, 106317).
cost(10, 1, 331358).
cost(10, 2, 231518).
cost(10, 3, 357955).
cost(10, 4, 239964).
cost(10, 5, 317389).
cost(10, 6, 439781).
cost(10, 7, 333546).
cost(10, 8, 676697).
cost(10, 9, 230607).
cost(10, 11, 301061).
cost(10, 12, 560157).
cost(10, 13, 273115).
cost(10, 14, 699383).
cost(10, 15, 264230).
cost(10, 16, 428145).
cost(10, 17, 438695).
cost(10, 18, 479249).
cost(10, 19, 51867).
cost(10, 20, 628523).
cost(10, 21, 220833).
cost(11, 1, 419594).
cost(11, 2, 308036).
cost(11, 3, 378692).
cost(11, 4, 221454).
cost(11, 5, 239946).
cost(11, 6, 627308).
cost(11, 7, 207614).
cost(11, 8, 376158).
cost(11, 9, 168974).
cost(11, 10, 301061).
cost(11, 12, 270777).
cost(11, 13, 509074).
cost(11, 14, 413532).
cost(11, 15, 50168).
cost(11, 16, 286112).
cost(11, 17, 336017).
cost(11, 18, 232813).
cost(11, 19, 273033).
cost(11, 20, 355769).
cost(11, 21, 85791).
cost(12, 1, 555689).
cost(12, 2, 568765).
cost(12, 3, 482302).
cost(12, 4, 391065).
cost(12, 5, 467490).
cost(12, 6, 890324).
cost(12, 7, 422660).
cost(12, 8, 147866).
cost(12, 9, 428834).
cost(12, 10, 560157).
cost(12, 11, 270777).
cost(12, 13, 715561).
cost(12, 14, 303700).
cost(12, 15, 319264).
cost(12, 16, 291962).
cost(12, 17, 516792).
cost(12, 18, 311449).
cost(12, 19, 522791).
cost(12, 20, 102681).
cost(12, 21, 356257).
cost(13, 1, 222629).
cost(13, 2, 500846).
cost(13, 3, 302336).
cost(13, 4, 324532).
cost(13, 5, 588443).
cost(13, 6, 625159).
cost(13, 7, 599739).
cost(13, 8, 854463).
cost(13, 9, 495124).
cost(13, 10, 273115).
cost(13, 11, 509074).
cost(13, 12, 715561).
cost(13, 14, 922446).
cost(13, 15, 490433).
cost(13, 16, 478954).
cost(13, 17, 711096).
cost(13, 18, 724745).
cost(13, 19, 261596).
cost(13, 20, 752838).
cost(13, 21, 451029).
cost(14, 1, 809042).
cost(14, 2, 598870).
cost(14, 3, 748394).
cost(14, 4, 617862).
cost(14, 5, 460393).
cost(14, 6, 891485).
cost(14, 7, 416730).
cost(14, 8, 197850).
cost(14, 9, 489045).
cost(14, 10, 699383).
cost(14, 11, 413532).
cost(14, 12, 303700).
cost(14, 13, 922446).
cost(14, 15, 438295).
cost(14, 16, 579065).
cost(14, 17, 430141).
cost(14, 18, 237537).
cost(14, 19, 680743).
cost(14, 20, 375644).
cost(14, 21, 481055).
cost(15, 1, 423471).
cost(15, 2, 258119).
cost(15, 3, 391986).
cost(15, 4, 228268).
cost(15, 5, 198851).
cost(15, 6, 577141).
cost(15, 7, 172380).
cost(15, 8, 418297).
cost(15, 9, 119915).
cost(15, 10, 264230).
cost(15, 11, 50168).
cost(15, 12, 319264).
cost(15, 13, 490433).
cost(15, 14, 438295).
cost(15, 16, 322427).
cost(15, 17, 304340).
cost(15, 18, 236293).
cost(15, 19, 242455).
cost(15, 20, 405732).
cost(15, 21, 43402).
cost(16, 1, 281879).
cost(16, 2, 555219).
cost(16, 3, 200151).
cost(16, 4, 190102).
cost(16, 5, 521236).
cost(16, 6, 849355).
cost(16, 7, 492887).
cost(16, 8, 439232).
cost(16, 9, 433338).
cost(16, 10, 428145).
cost(16, 11, 286112).
cost(16, 12, 291962).
cost(16, 13, 478954).
cost(16, 14, 579065).
cost(16, 15, 322427).
cost(16, 17, 622124).
cost(16, 18, 486669).
cost(16, 19, 377400).
cost(16, 20, 290769).
cost(16, 21, 327100).
cost(17, 1, 707142).
cost(17, 2, 233300).
cost(17, 3, 689107).
cost(17, 4, 523472).
cost(17, 5, 124533).
cost(17, 6, 468963).
cost(17, 7, 132642).
cost(17, 8, 536798).
cost(17, 9, 226138).
cost(17, 10, 438695).
cost(17, 11, 336017).
cost(17, 12, 516792).
cost(17, 13, 711096).
cost(17, 14, 430141).
cost(17, 15, 304340).
cost(17, 16, 622124).
cost(17, 18, 218945).
cost(17, 19, 453122).
cost(17, 20, 619243).
cost(17, 21, 315944).
cost(18, 1, 652377).
cost(18, 2, 361346).
cost(18, 3, 609497).
cost(18, 4, 454258).
cost(18, 5, 223593).
cost(18, 6, 659817).
cost(18, 7, 179249).
cost(18, 8, 317864).
cost(18, 9, 256878).
cost(18, 10, 479249).
cost(18, 11, 232813).
cost(18, 12, 311449).
cost(18, 13, 724745).
cost(18, 14, 237537).
cost(18, 15, 236293).
cost(18, 16, 486669).
cost(18, 17, 218945).
cost(18, 19, 469212).
cost(18, 20, 413607).
cost(18, 21, 273810).
cost(19, 1, 287585).
cost(19, 2, 262913).
cost(19, 3, 308576).
cost(19, 4, 188507).
cost(19, 5, 329160).
cost(19, 6, 490539).
cost(19, 7, 338258).
cost(19, 8, 644960).
cost(19, 9, 233634).
cost(19, 10, 51867).
cost(19, 11, 273033).
cost(19, 12, 522791).
cost(19, 13, 261596).
cost(19, 14, 680743).
cost(19, 15, 242455).
cost(19, 16, 377400).
cost(19, 17, 453122).
cost(19, 18, 469212).
cost(19, 20, 586589).
cost(19, 21, 199826).
cost(20, 1, 571034).
cost(20, 2, 660887).
cost(20, 3, 490753).
cost(20, 4, 432346).
cost(20, 5, 566236).
cost(20, 6, 981921).
cost(20, 7, 522261).
cost(20, 8, 186509).
cost(20, 9, 520472).
cost(20, 10, 628523).
cost(20, 11, 355769).
cost(20, 12, 102681).
cost(20, 13, 752838).
cost(20, 14, 375644).
cost(20, 15, 405732).
cost(20, 16, 290769).
cost(20, 17, 619243).
cost(20, 18, 413607).
cost(20, 19, 586589).
cost(20, 21, 438788).
cost(21, 1, 397365).
cost(21, 2, 234876).
cost(21, 3, 373404).
cost(21, 4, 207785).
cost(21, 5, 200659).
cost(21, 6, 548731).
cost(21, 7, 183694).
cost(21, 8, 460128).
cost(21, 9, 106317).
cost(21, 10, 220833).
cost(21, 11, 85791).
cost(21, 12, 356257).
cost(21, 13, 451029).
cost(21, 14, 481055).
cost(21, 15, 43402).
cost(21, 16, 327100).
cost(21, 17, 315944).
cost(21, 18, 273810).
cost(21, 19, 199826).
cost(21, 20, 438788).
nocross(2,1).
nocross(2,5).
nocross(2,7).
nocross(2,10).
nocross(2,15).
nocross(2,21).
nocross(3,1).
nocross(3,13).
nocross(3,19).
nocross(3,21).
nocross(4,1).
nocross(4,3).
nocross(4,7).
nocross(4,10).
nocross(4,11).
nocross(4,19).
nocross(4,21).
nocross(5,2).
nocross(5,7).
nocross(5,15).
nocross(5,17).
nocross(5,21).
nocross(6,17).
nocross(7,5).
nocross(7,10).
nocross(7,11).
nocross(7,15).
nocross(7,17).
nocross(8,12).
nocross(8,20).
nocross(9,1).
nocross(9,5).
nocross(9,7).
nocross(9,10).
nocross(9,21).
nocross(10,2).
nocross(11,8).
nocross(11,12).
nocross(11,18).
nocross(11,19).
nocross(12,8).
nocross(12,16).
nocross(12,18).
nocross(13,1).
nocross(13,10).
nocross(13,19).
nocross(14,8).
nocross(14,12).
nocross(14,17).
nocross(15,11).
nocross(15,12).
nocross(15,18).
nocross(15,21).
nocross(16,3).
nocross(16,11).
nocross(16,12).
nocross(16,15).
nocross(16,20).
nocross(16,21).
nocross(17,2).
nocross(17,5).
nocross(17,7).
nocross(17,14).
nocross(17,18).
nocross(18,7).
nocross(18,8).
nocross(18,10).
nocross(18,11).
nocross(18,12).
nocross(18,14).
nocross(18,15).
nocross(18,17).
nocross(19,1).
nocross(19,2).
nocross(19,3).
nocross(19,10).
nocross(19,11).
nocross(19,21).
nocross(20,8).
nocross(20,16).
nocross(20,18).
nocross(21,1).
nocross(21,5).
nocross(21,7).
nocross(21,11).
nocross(21,15).
nocross(21,20).
