dimension(21).
point(1, -206984.0, 12576.0).
point(2, 141586.0, 140833.0).
point(3, 8363.0, -344422.0).
point(4, -49546.0, -70231.0).
point(5, -383326.0, 128779.0).
point(6, -16284.0, 33040.0).
point(7, -46408.0, -36380.0).
point(8, 164802.0, -189828.0).
point(9, 144929.0, -255144.0).
point(10, 115624.0, 84320.0).
point(11, 55212.0, 28945.0).
point(12, 104072.0, -153561.0).
point(13, -89906.0, 1529.0).
point(14, -76540.0, 159156.0).
point(15, -114804.0, 429371.0).
point(16, -190558.0, 324377.0).
point(17, -267370.0, 224491.0).
point(18, -52386.0, 155725.0).
point(19, 55177.0, -327237.0).
point(20, -88546.0, 248927.0).
point(21, 70508.0, 286895.0).
cost(1, 2, 371417).
cost(1, 3, 416920).
cost(1, 4, 177887).
cost(1, 5, 211186).
cost(1, 6, 191795).
cost(1, 7, 167873).
cost(1, 8, 423311).
cost(1, 9, 442173).
cost(1, 10, 330489).
cost(1, 11, 262706).
cost(1, 12, 352643).
cost(1, 13, 117598).
cost(1, 14, 196218).
cost(1, 15, 426867).
cost(1, 16, 312233).
cost(1, 17, 220351).
cost(1, 18, 210695).
cost(1, 19, 429187).
cost(1, 20, 264366).
cost(1, 21, 390196).
cost(2, 1, 371417).
cost(2, 3, 503210).
cost(2, 4, 284745).
cost(2, 5, 525050).
cost(2, 6, 191160).
cost(2, 7, 258353).
cost(2, 8, 331475).
cost(2, 9, 395991).
cost(2, 10, 62191).
cost(2, 11, 141348).
cost(2, 12, 296775).
cost(2, 13, 270174).
cost(2, 14, 218894).
cost(2, 15, 385992).
cost(2, 16, 379484).
cost(2, 17, 417425).
cost(2, 18, 194543).
cost(2, 19, 475979).
cost(2, 20, 254254).
cost(2, 21, 162438).
cost(3, 1, 416920).
cost(3, 2, 503210).
cost(3, 4, 280239).
cost(3, 5, 614280).
cost(3, 6, 378266).
cost(3, 7, 312873).
cost(3, 8, 219937).
cost(3, 9, 163159).
cost(3, 10, 441955).
cost(3, 11, 376295).
cost(3, 12, 213514).
cost(3, 13, 359637).
cost(3, 14, 510685).
cost(3, 15, 783534).
cost(3, 16, 697755).
cost(3, 17, 632211).
cost(3, 18, 503823).
cost(3, 19, 49869).
cost(3, 20, 601211).
cost(3, 21, 634368).
cost(4, 1, 177887).
cost(4, 2, 284745).
cost(4, 3, 280239).
cost(4, 5, 388605).
cost(4, 6, 108495).
cost(4, 7, 33996).
cost(4, 8, 245456).
cost(4, 9, 268353).
cost(4, 10, 226202).
cost(4, 11, 144257).
cost(4, 12, 174764).
cost(4, 13, 82331).
cost(4, 14, 230970).
cost(4, 15, 503846).
cost(4, 16, 419046).
cost(4, 17, 366481).
cost(4, 18, 225974).
cost(4, 19, 277523).
cost(4, 20, 321532).
cost(4, 21, 376765).
cost(5, 1, 211186).
cost(5, 2, 525050).
cost(5, 3, 614280).
cost(5, 4, 388605).
cost(5, 6, 379323).
cost(5, 7, 375222).
cost(5, 8, 633999).
cost(5, 9, 653032).
cost(5, 10, 500927).
cost(5, 11, 449758).
cost(5, 12, 563270).
cost(5, 13, 319825).
cost(5, 14, 308286).
cost(5, 15, 403063).
cost(5, 16, 274624).
cost(5, 17, 150355).
cost(5, 18, 332035).
cost(5, 19, 632642).
cost(5, 20, 318325).
cost(5, 21, 480589).
cost(6, 1, 191795).
cost(6, 2, 191160).
cost(6, 3, 378266).
cost(6, 4, 108495).
cost(6, 5, 379323).
cost(6, 7, 75674).
cost(6, 8, 287162).
cost(6, 9, 330212).
cost(6, 10, 141525).
cost(6, 11, 71613).
cost(6, 12, 222048).
cost(6, 13, 80082).
cost(6, 14, 139771).
cost(6, 15, 408393).
cost(6, 16, 339483).
cost(6, 17, 315749).
cost(6, 18, 127887).
cost(6, 19, 367296).
cost(6, 20, 227660).
cost(6, 21, 268282).
cost(7, 1, 167873).
cost(7, 2, 258353).
cost(7, 3, 312873).
cost(7, 4, 33996).
cost(7, 5, 375222).
cost(7, 6, 75674).
cost(7, 8, 261067).
cost(7, 9, 290633).
cost(7, 10, 202047).
cost(7, 11, 120806).
cost(7, 12, 190724).
cost(7, 13, 57699).
cost(7, 14, 197844).
cost(7, 15, 470746).
cost(7, 16, 388490).
cost(7, 17, 341874).
cost(7, 18, 192198).
cost(7, 19, 308087).
cost(7, 20, 288402).
cost(7, 21, 343767).
cost(8, 1, 423311).
cost(8, 2, 331475).
cost(8, 3, 219937).
cost(8, 4, 245456).
cost(8, 5, 633999).
cost(8, 6, 287162).
cost(8, 7, 261067).
cost(8, 9, 68272).
cost(8, 10, 278524).
cost(8, 11, 244687).
cost(8, 12, 70735).
cost(8, 13, 318581).
cost(8, 14, 424306).
cost(8, 15, 679402).
cost(8, 16, 625050).
cost(8, 17, 598693).
cost(8, 18, 408139).
cost(8, 19, 175781).
cost(8, 20, 506647).
cost(8, 21, 485959).
cost(9, 1, 442173).
cost(9, 2, 395991).
cost(9, 3, 163159).
cost(9, 4, 268353).
cost(9, 5, 653032).
cost(9, 6, 330212).
cost(9, 7, 290633).
cost(9, 8, 68272).
cost(9, 10, 340727).
cost(9, 11, 297919).
cost(9, 12, 109492).
cost(9, 13, 347892).
cost(9, 14, 469780).
cost(9, 15, 732135).
cost(9, 16, 669624).
cost(9, 17, 632487).
cost(9, 18, 455792).
cost(9, 19, 115121).
cost(9, 20, 555516).
cost(9, 21, 547124).
cost(10, 1, 330489).
cost(10, 2, 62191).
cost(10, 3, 441955).
cost(10, 4, 226202).
cost(10, 5, 500927).
cost(10, 6, 141525).
cost(10, 7, 202047).
cost(10, 8, 278524).
cost(10, 9, 340727).
cost(10, 11, 81951).
cost(10, 12, 238161).
cost(10, 13, 221578).
cost(10, 14, 206222).
cost(10, 15, 414918).
cost(10, 16, 389069).
cost(10, 17, 407839).
cost(10, 18, 182554).
cost(10, 19, 415972).
cost(10, 20, 262261).
cost(10, 21, 207538).
cost(11, 1, 262706).
cost(11, 2, 141348).
cost(11, 3, 376295).
cost(11, 4, 144257).
cost(11, 5, 449758).
cost(11, 6, 71613).
cost(11, 7, 120806).
cost(11, 8, 244687).
cost(11, 9, 297919).
cost(11, 10, 81951).
cost(11, 12, 188933).
cost(11, 13, 147685).
cost(11, 14, 185239).
cost(11, 15, 435025).
cost(11, 16, 384295).
cost(11, 17, 377223).
cost(11, 18, 166284).
cost(11, 19, 356182).
cost(11, 20, 262790).
cost(11, 21, 258403).
cost(12, 1, 352643).
cost(12, 2, 296775).
cost(12, 3, 213514).
cost(12, 4, 174764).
cost(12, 5, 563270).
cost(12, 6, 222048).
cost(12, 7, 190724).
cost(12, 8, 70735).
cost(12, 9, 109492).
cost(12, 10, 238161).
cost(12, 11, 188933).
cost(12, 13, 248355).
cost(12, 14, 361127).
cost(12, 15, 622669).
cost(12, 16, 561455).
cost(12, 17, 529993).
cost(12, 18, 346608).
cost(12, 19, 180427).
cost(12, 20, 446204).
cost(12, 21, 441733).
cost(13, 1, 117598).
cost(13, 2, 270174).
cost(13, 3, 359637).
cost(13, 4, 82331).
cost(13, 5, 319825).
cost(13, 6, 80082).
cost(13, 7, 57699).
cost(13, 8, 318581).
cost(13, 9, 347892).
cost(13, 10, 221578).
cost(13, 11, 147685).
cost(13, 12, 248355).
cost(13, 14, 158193).
cost(13, 15, 428566).
cost(13, 16, 338174).
cost(13, 17, 284966).
cost(13, 18, 158695).
cost(13, 19, 359355).
cost(13, 20, 247402).
cost(13, 21, 327363).
cost(14, 1, 196218).
cost(14, 2, 218894).
cost(14, 3, 510685).
cost(14, 4, 230970).
cost(14, 5, 308286).
cost(14, 6, 139771).
cost(14, 7, 197844).
cost(14, 8, 424306).
cost(14, 9, 469780).
cost(14, 10, 206222).
cost(14, 11, 185239).
cost(14, 12, 361127).
cost(14, 13, 158193).
cost(14, 15, 272911).
cost(14, 16, 200744).
cost(14, 17, 201705).
cost(14, 18, 24396).
cost(14, 19, 503912).
cost(14, 20, 90570).
cost(14, 21, 194783).
cost(15, 1, 426867).
cost(15, 2, 385992).
cost(15, 3, 783534).
cost(15, 4, 503846).
cost(15, 5, 403063).
cost(15, 6, 408393).
cost(15, 7, 470746).
cost(15, 8, 679402).
cost(15, 9, 732135).
cost(15, 10, 414918).
cost(15, 11, 435025).
cost(15, 12, 622669).
cost(15, 13, 428566).
cost(15, 14, 272911).
cost(15, 16, 129470).
cost(15, 17, 255445).
cost(15, 18, 280674).
cost(15, 19, 775467).
cost(15, 20, 182345).
cost(15, 21, 233752).
cost(16, 1, 312233).
cost(16, 2, 379484).
cost(16, 3, 697755).
cost(16, 4, 419046).
cost(16, 5, 274624).
cost(16, 6, 339483).
cost(16, 7, 388490).
cost(16, 8, 625050).
cost(16, 9, 669624).
cost(16, 10, 389069).
cost(16, 11, 384295).
cost(16, 12, 561455).
cost(16, 13, 338174).
cost(16, 14, 200744).
cost(16, 15, 129470).
cost(16, 17, 126005).
cost(16, 18, 218025).
cost(16, 19, 696410).
cost(16, 20, 126882).
cost(16, 21, 263743).
cost(17, 1, 220351).
cost(17, 2, 417425).
cost(17, 3, 632211).
cost(17, 4, 366481).
cost(17, 5, 150355).
cost(17, 6, 315749).
cost(17, 7, 341874).
cost(17, 8, 598693).
cost(17, 9, 632487).
cost(17, 10, 407839).
cost(17, 11, 377223).
cost(17, 12, 529993).
cost(17, 13, 284966).
cost(17, 14, 201705).
cost(17, 15, 255445).
cost(17, 16, 126005).
cost(17, 18, 225714).
cost(17, 19, 639093).
cost(17, 20, 180486).
cost(17, 21, 343592).
cost(18, 1, 210695).
cost(18, 2, 194543).
cost(18, 3, 503823).
cost(18, 4, 225974).
cost(18, 5, 332035).
cost(18, 6, 127887).
cost(18, 7, 192198).
cost(18, 8, 408139).
cost(18, 9, 455792).
cost(18, 10, 182554).
cost(18, 11, 166284).
cost(18, 12, 346608).
cost(18, 13, 158695).
cost(18, 14, 24396).
cost(18, 15, 280674).
cost(18, 16, 218025).
cost(18, 17, 225714).
cost(18, 19, 494795).
cost(18, 20, 99971).
cost(18, 21, 179746).
cost(19, 1, 429187).
cost(19, 2, 475979).
cost(19, 3, 49869).
cost(19, 4, 277523).
cost(19, 5, 632642).
cost(19, 6, 367296).
cost(19, 7, 308087).
cost(19, 8, 175781).
cost(19, 9, 115121).
cost(19, 10, 415972).
cost(19, 11, 356182).
cost(19, 12, 180427).
cost(19, 13, 359355).
cost(19, 14, 503912).
cost(19, 15, 775467).
cost(19, 16, 696410).
cost(19, 17, 639093).
cost(19, 18, 494795).
cost(19, 20, 593819).
cost(19, 21, 614323).
cost(20, 1, 264366).
cost(20, 2, 254254).
cost(20, 3, 601211).
cost(20, 4, 321532).
cost(20, 5, 318325).
cost(20, 6, 227660).
cost(20, 7, 288402).
cost(20, 8, 506647).
cost(20, 9, 555516).
cost(20, 10, 262261).
cost(20, 11, 262790).
cost(20, 12, 446204).
cost(20, 13, 247402).
cost(20, 14, 90570).
cost(20, 15, 182345).
cost(20, 16, 126882).
cost(20, 17, 180486).
cost(20, 18, 99971).
cost(20, 19, 593819).
cost(20, 21, 163523).
cost(21, 1, 390196).
cost(21, 2, 162438).
cost(21, 3, 634368).
cost(21, 4, 376765).
cost(21, 5, 480589).
cost(21, 6, 268282).
cost(21, 7, 343767).
cost(21, 8, 485959).
cost(21, 9, 547124).
cost(21, 10, 207538).
cost(21, 11, 258403).
cost(21, 12, 441733).
cost(21, 13, 327363).
cost(21, 14, 194783).
cost(21, 15, 233752).
cost(21, 16, 263743).
cost(21, 17, 343592).
cost(21, 18, 179746).
cost(21, 19, 614323).
cost(21, 20, 163523).
nocross(1,2).
nocross(1,4).
nocross(1,5).
nocross(1,14).
nocross(1,17).
nocross(1,21).
nocross(2,10).
nocross(2,11).
nocross(2,18).
nocross(4,1).
nocross(4,3).
nocross(4,9).
nocross(4,11).
nocross(5,1).
nocross(5,14).
nocross(6,2).
nocross(6,3).
nocross(6,7).
nocross(7,1).
nocross(7,2).
nocross(7,3).
nocross(7,4).
nocross(7,11).
nocross(7,14).
nocross(8,3).
nocross(8,9).
nocross(9,4).
nocross(9,8).
nocross(9,12).
nocross(10,2).
nocross(10,3).
nocross(10,11).
nocross(11,3).
nocross(11,4).
nocross(11,10).
nocross(12,3).
nocross(12,4).
nocross(12,11).
nocross(13,3).
nocross(13,4).
nocross(13,7).
nocross(13,14).
nocross(14,2).
nocross(14,5).
nocross(14,10).
nocross(14,11).
nocross(14,15).
nocross(14,16).
nocross(14,17).
nocross(14,18).
nocross(14,20).
nocross(15,5).
nocross(15,16).
nocross(15,20).
nocross(16,14).
nocross(16,15).
nocross(16,17).
nocross(16,20).
nocross(17,1).
nocross(17,5).
nocross(17,14).
nocross(17,15).
nocross(17,16).
nocross(17,18).
nocross(17,20).
nocross(18,2).
nocross(18,10).
nocross(18,11).
nocross(18,14).
nocross(18,20).
nocross(19,4).
nocross(20,15).
nocross(20,16).
nocross(20,18).
nocross(21,10).
nocross(21,11).
nocross(21,14).
nocross(21,15).
nocross(21,18).
nocross(21,20).
