dimension(20).
point(1, 505570.0, 199321.0).
point(2, 712595.0, 87039.0).
point(3, 983680.0, 849077.0).
point(4, 751405.0, 457873.0).
point(5, 594628.0, 349334.0).
point(6, 891497.0, 362398.0).
point(7, 965118.0, 935274.0).
point(8, 330561.0, 339334.0).
point(9, 141292.0, 557585.0).
point(10, 273960.0, 535135.0).
point(11, 85008.0, 457451.0).
point(12, 983406.0, 428979.0).
point(13, 370805.0, 394832.0).
point(14, 984843.0, 682033.0).
point(15, 729748.0, 728940.0).
point(16, 224744.0, 192477.0).
point(17, 956941.0, 136569.0).
point(18, 483776.0, 208964.0).
point(19, 4230.0, 510573.0).
point(20, 911868.0, 418592.0).
cost(1, 2, 235513).
cost(1, 3, 806704).
cost(1, 4, 356769).
cost(1, 5, 174457).
cost(1, 6, 418967).
cost(1, 7, 867647).
cost(1, 8, 224124).
cost(1, 9, 510932).
cost(1, 10, 407939).
cost(1, 11, 493461).
cost(1, 12, 530160).
cost(1, 13, 237458).
cost(1, 14, 680230).
cost(1, 15, 575110).
cost(1, 16, 280909).
cost(1, 17, 455712).
cost(1, 18, 23832).
cost(1, 19, 590101).
cost(1, 20, 461690).
cost(2, 1, 235513).
cost(2, 3, 808820).
cost(2, 4, 372859).
cost(2, 5, 287602).
cost(2, 6, 328373).
cost(2, 7, 885026).
cost(2, 8, 457824).
cost(2, 9, 740136).
cost(2, 10, 627049).
cost(2, 11, 728746).
cost(2, 12, 436190).
cost(2, 13, 459953).
cost(2, 14, 654322).
cost(2, 15, 642130).
cost(2, 16, 499115).
cost(2, 17, 249315).
cost(2, 18, 259276).
cost(2, 19, 825325).
cost(2, 20, 386830).
cost(3, 1, 806704).
cost(3, 2, 808820).
cost(3, 4, 454964).
cost(3, 5, 633328).
cost(3, 6, 495332).
cost(3, 7, 88173).
cost(3, 8, 828494).
cost(3, 9, 891395).
cost(3, 10, 776055).
cost(3, 11, 980297).
cost(3, 12, 420098).
cost(3, 13, 762859).
cost(3, 14, 167048).
cost(3, 15, 280917).
cost(3, 16, 1003547).
cost(3, 17, 713010).
cost(3, 18, 812188).
cost(3, 19, 1036295).
cost(3, 20, 436434).
cost(4, 1, 356769).
cost(4, 2, 372859).
cost(4, 3, 454964).
cost(4, 5, 190682).
cost(4, 6, 169532).
cost(4, 7, 523053).
cost(4, 8, 437220).
cost(4, 9, 618207).
cost(4, 10, 483656).
cost(4, 11, 666397).
cost(4, 12, 233793).
cost(4, 13, 385786).
cost(4, 14, 323637).
cost(4, 15, 271931).
cost(4, 16, 589752).
cost(4, 17, 381420).
cost(4, 18, 365487).
cost(4, 19, 749031).
cost(4, 20, 165201).
cost(5, 1, 174457).
cost(5, 2, 287602).
cost(5, 3, 633328).
cost(5, 4, 190682).
cost(5, 6, 297156).
cost(5, 7, 693245).
cost(5, 8, 264256).
cost(5, 9, 498881).
cost(5, 10, 370608).
cost(5, 11, 520962).
cost(5, 12, 396852).
cost(5, 13, 228401).
cost(5, 14, 512793).
cost(5, 15, 402937).
cost(5, 16, 401769).
cost(5, 17, 420166).
cost(5, 18, 178863).
cost(5, 19, 612019).
cost(5, 20, 324712).
cost(6, 1, 418967).
cost(6, 2, 328373).
cost(6, 3, 495332).
cost(6, 4, 169532).
cost(6, 5, 297156).
cost(6, 7, 577587).
cost(6, 8, 561410).
cost(6, 9, 775181).
cost(6, 10, 641241).
cost(6, 11, 812071).
cost(6, 12, 113491).
cost(6, 13, 521701).
cost(6, 14, 332986).
cost(6, 15, 400644).
cost(6, 16, 688064).
cost(6, 17, 235121).
cost(6, 18, 435636).
cost(6, 19, 899555).
cost(6, 20, 59772).
cost(7, 1, 867647).
cost(7, 2, 885026).
cost(7, 3, 88173).
cost(7, 4, 523053).
cost(7, 5, 693245).
cost(7, 6, 577587).
cost(7, 8, 870521).
cost(7, 9, 906277).
cost(7, 10, 798630).
cost(7, 11, 1001453).
cost(7, 12, 506625).
cost(7, 13, 803297).
cost(7, 14, 254008).
cost(7, 15, 313006).
cost(7, 16, 1048762).
cost(7, 17, 798747).
cost(7, 18, 871330).
cost(7, 19, 1050560).
cost(7, 20, 519419).
cost(8, 1, 224124).
cost(8, 2, 457824).
cost(8, 3, 828494).
cost(8, 4, 437220).
cost(8, 5, 264256).
cost(8, 6, 561410).
cost(8, 7, 870521).
cost(8, 9, 288888).
cost(8, 10, 203818).
cost(8, 11, 272485).
cost(8, 12, 658971).
cost(8, 13, 68554).
cost(8, 14, 738598).
cost(8, 15, 557802).
cost(8, 16, 181009).
cost(8, 17, 658381).
cost(8, 18, 201174).
cost(8, 19, 368530).
cost(8, 20, 586685).
cost(9, 1, 510932).
cost(9, 2, 740136).
cost(9, 3, 891395).
cost(9, 4, 618207).
cost(9, 5, 498881).
cost(9, 6, 775181).
cost(9, 7, 906277).
cost(9, 8, 288888).
cost(9, 10, 134554).
cost(9, 11, 114868).
cost(9, 12, 851878).
cost(9, 13, 281362).
cost(9, 14, 852681).
cost(9, 15, 612897).
cost(9, 16, 374524).
cost(9, 17, 917899).
cost(9, 18, 488704).
cost(9, 19, 144900).
cost(9, 20, 783011).
cost(10, 1, 407939).
cost(10, 2, 627049).
cost(10, 3, 776055).
cost(10, 4, 483656).
cost(10, 5, 370608).
cost(10, 6, 641241).
cost(10, 7, 798630).
cost(10, 8, 203818).
cost(10, 9, 134554).
cost(10, 11, 204298).
cost(10, 12, 717344).
cost(10, 13, 170481).
cost(10, 14, 725902).
cost(10, 15, 495281).
cost(10, 16, 346174).
cost(10, 17, 790770).
cost(10, 18, 387828).
cost(10, 19, 270846).
cost(10, 20, 648467).
cost(11, 1, 493461).
cost(11, 2, 728746).
cost(11, 3, 980297).
cost(11, 4, 666397).
cost(11, 5, 520962).
cost(11, 6, 812071).
cost(11, 7, 1001453).
cost(11, 8, 272485).
cost(11, 9, 114868).
cost(11, 10, 204298).
cost(11, 12, 898849).
cost(11, 13, 292577).
cost(11, 14, 927437).
cost(11, 15, 699568).
cost(11, 16, 299562).
cost(11, 17, 929103).
cost(11, 18, 469853).
cost(11, 19, 96680).
cost(11, 20, 827773).
cost(12, 1, 530160).
cost(12, 2, 436190).
cost(12, 3, 420098).
cost(12, 4, 233793).
cost(12, 5, 396852).
cost(12, 6, 113491).
cost(12, 7, 506625).
cost(12, 8, 658971).
cost(12, 9, 851878).
cost(12, 10, 717344).
cost(12, 11, 898849).
cost(12, 13, 613552).
cost(12, 14, 253058).
cost(12, 15, 392835).
cost(12, 16, 794671).
cost(12, 17, 293605).
cost(12, 18, 545927).
cost(12, 19, 982570).
cost(12, 20, 72288).
cost(13, 1, 237458).
cost(13, 2, 459953).
cost(13, 3, 762859).
cost(13, 4, 385786).
cost(13, 5, 228401).
cost(13, 6, 521701).
cost(13, 7, 803297).
cost(13, 8, 68554).
cost(13, 9, 281362).
cost(13, 10, 170481).
cost(13, 11, 292577).
cost(13, 12, 613552).
cost(13, 14, 677884).
cost(13, 15, 490376).
cost(13, 16, 249562).
cost(13, 17, 640512).
cost(13, 18, 217507).
cost(13, 19, 384413).
cost(13, 20, 541584).
cost(14, 1, 680230).
cost(14, 2, 654322).
cost(14, 3, 167048).
cost(14, 4, 323637).
cost(14, 5, 512793).
cost(14, 6, 332986).
cost(14, 7, 254008).
cost(14, 8, 738598).
cost(14, 9, 852681).
cost(14, 10, 725902).
cost(14, 11, 927437).
cost(14, 12, 253058).
cost(14, 13, 677884).
cost(14, 15, 259372).
cost(14, 16, 904110).
cost(14, 17, 546177).
cost(14, 18, 689103).
cost(14, 19, 995490).
cost(14, 20, 273362).
cost(15, 1, 575110).
cost(15, 2, 642130).
cost(15, 3, 280917).
cost(15, 4, 271931).
cost(15, 5, 402937).
cost(15, 6, 400644).
cost(15, 7, 313006).
cost(15, 8, 557802).
cost(15, 9, 612897).
cost(15, 10, 495281).
cost(15, 11, 699568).
cost(15, 12, 392835).
cost(15, 13, 490376).
cost(15, 14, 259372).
cost(15, 16, 736764).
cost(15, 17, 634445).
cost(15, 18, 575219).
cost(15, 19, 757668).
cost(15, 20, 359838).
cost(16, 1, 280909).
cost(16, 2, 499115).
cost(16, 3, 1003547).
cost(16, 4, 589752).
cost(16, 5, 401769).
cost(16, 6, 688064).
cost(16, 7, 1048762).
cost(16, 8, 181009).
cost(16, 9, 374524).
cost(16, 10, 346174).
cost(16, 11, 299562).
cost(16, 12, 794671).
cost(16, 13, 249562).
cost(16, 14, 904110).
cost(16, 15, 736764).
cost(16, 17, 734328).
cost(16, 18, 259556).
cost(16, 19, 387055).
cost(16, 20, 723372).
cost(17, 1, 455712).
cost(17, 2, 249315).
cost(17, 3, 713010).
cost(17, 4, 381420).
cost(17, 5, 420166).
cost(17, 6, 235121).
cost(17, 7, 798747).
cost(17, 8, 658381).
cost(17, 9, 917899).
cost(17, 10, 790770).
cost(17, 11, 929103).
cost(17, 12, 293605).
cost(17, 13, 640512).
cost(17, 14, 546177).
cost(17, 15, 634445).
cost(17, 16, 734328).
cost(17, 18, 478671).
cost(17, 19, 1023493).
cost(17, 20, 285602).
cost(18, 1, 23832).
cost(18, 2, 259276).
cost(18, 3, 812188).
cost(18, 4, 365487).
cost(18, 5, 178863).
cost(18, 6, 435636).
cost(18, 7, 871330).
cost(18, 8, 201174).
cost(18, 9, 488704).
cost(18, 10, 387828).
cost(18, 11, 469853).
cost(18, 12, 545927).
cost(18, 13, 217507).
cost(18, 14, 689103).
cost(18, 15, 575219).
cost(18, 16, 259556).
cost(18, 17, 478671).
cost(18, 19, 566509).
cost(18, 20, 476662).
cost(19, 1, 590101).
cost(19, 2, 825325).
cost(19, 3, 1036295).
cost(19, 4, 749031).
cost(19, 5, 612019).
cost(19, 6, 899555).
cost(19, 7, 1050560).
cost(19, 8, 368530).
cost(19, 9, 144900).
cost(19, 10, 270846).
cost(19, 11, 96680).
cost(19, 12, 982570).
cost(19, 13, 384413).
cost(19, 14, 995490).
cost(19, 15, 757668).
cost(19, 16, 387055).
cost(19, 17, 1023493).
cost(19, 18, 566509).
cost(19, 20, 912287).
cost(20, 1, 461690).
cost(20, 2, 386830).
cost(20, 3, 436434).
cost(20, 4, 165201).
cost(20, 5, 324712).
cost(20, 6, 59772).
cost(20, 7, 519419).
cost(20, 8, 586685).
cost(20, 9, 783011).
cost(20, 10, 648467).
cost(20, 11, 827773).
cost(20, 12, 72288).
cost(20, 13, 541584).
cost(20, 14, 273362).
cost(20, 15, 359838).
cost(20, 16, 723372).
cost(20, 17, 285602).
cost(20, 18, 476662).
cost(20, 19, 912287).
nocross(1,5).
nocross(1,6).
nocross(1,8).
nocross(1,16).
nocross(1,18).
nocross(2,1).
nocross(2,5).
nocross(2,6).
nocross(2,17).
nocross(2,18).
nocross(3,15).
nocross(4,1).
nocross(4,3).
nocross(4,7).
nocross(5,6).
nocross(5,7).
nocross(5,13).
nocross(6,1).
nocross(6,3).
nocross(6,5).
nocross(6,7).
nocross(7,15).
nocross(8,1).
nocross(8,5).
nocross(8,11).
nocross(8,16).
nocross(8,18).
nocross(9,8).
nocross(9,10).
nocross(9,13).
nocross(9,19).
nocross(10,8).
nocross(10,11).
nocross(10,13).
nocross(10,18).
nocross(11,10).
nocross(11,13).
nocross(11,16).
nocross(11,19).
nocross(12,3).
nocross(12,6).
nocross(12,7).
nocross(12,20).
nocross(13,1).
nocross(13,5).
nocross(13,8).
nocross(13,10).
nocross(13,11).
nocross(13,18).
nocross(14,6).
nocross(14,12).
nocross(14,20).
nocross(15,6).
nocross(15,7).
nocross(15,10).
nocross(15,20).
nocross(16,11).
nocross(16,18).
nocross(17,1).
nocross(17,2).
nocross(17,7).
nocross(18,1).
nocross(18,8).
nocross(18,16).
nocross(19,9).
nocross(19,10).
nocross(19,11).
nocross(19,18).
nocross(20,1).
nocross(20,3).
nocross(20,6).
nocross(20,7).
nocross(20,12).
