dimension(27).
point(1, 168344.0, -125566.0).
point(2, -156578.0, 49261.0).
point(3, 198978.0, -158732.0).
point(4, 101917.0, 201430.0).
point(5, -97456.0, 49292.0).
point(6, 106225.0, 876079.0).
point(7, 192607.0, 157561.0).
point(8, -200052.0, -124770.0).
point(9, 243583.0, -170541.0).
point(10, -87287.0, -224739.0).
point(11, 50135.0, -59921.0).
point(12, -97506.0, -78998.0).
point(13, -111495.0, 49819.0).
point(14, -267095.0, -116972.0).
point(15, -133466.0, -78532.0).
point(16, 55872.0, -105930.0).
point(17, 238374.0, 229652.0).
point(18, 35173.0, -144651.0).
point(19, 26131.0, 56864.0).
point(20, -164591.0, 415073.0).
point(21, -165836.0, -219334.0).
point(22, -366301.0, 244254.0).
point(23, -256224.0, 96738.0).
point(24, -46771.0, -148093.0).
point(25, -357418.0, 138031.0).
point(26, 179686.0, -150166.0).
point(27, 63405.0, -299949.0).
cost(1, 2, 368970).
cost(1, 3, 45149).
cost(1, 4, 333675).
cost(1, 5, 318159).
cost(1, 6, 1003569).
cost(1, 7, 284165).
cost(1, 8, 368397).
cost(1, 9, 87656).
cost(1, 10, 274194).
cost(1, 11, 135213).
cost(1, 12, 269898).
cost(1, 13, 330257).
cost(1, 14, 435524).
cost(1, 15, 305453).
cost(1, 16, 114173).
cost(1, 17, 362055).
cost(1, 18, 134532).
cost(1, 19, 231312).
cost(1, 20, 634930).
cost(1, 21, 347086).
cost(1, 22, 650086).
cost(1, 23, 479246).
cost(1, 24, 216291).
cost(1, 25, 588140).
cost(1, 26, 27089).
cost(1, 27, 203523).
cost(2, 1, 368970).
cost(2, 3, 411924).
cost(2, 4, 299958).
cost(2, 5, 59122).
cost(2, 6, 867579).
cost(2, 7, 365594).
cost(2, 8, 179379).
cost(2, 9, 456554).
cost(2, 10, 282626).
cost(2, 11, 233775).
cost(2, 12, 141209).
cost(2, 13, 45086).
cost(2, 14, 199618).
cost(2, 15, 129866).
cost(2, 16, 263096).
cost(2, 17, 434198).
cost(2, 18, 272709).
cost(2, 19, 182867).
cost(2, 20, 365900).
cost(2, 21, 268755).
cost(2, 22, 286367).
cost(2, 23, 110378).
cost(2, 24, 225845).
cost(2, 25, 219583).
cost(2, 26, 390953).
cost(2, 27, 412723).
cost(3, 1, 45149).
cost(3, 2, 411924).
cost(3, 4, 373011).
cost(3, 5, 362142).
cost(3, 6, 1038960).
cost(3, 7, 316357).
cost(3, 8, 400473).
cost(3, 9, 46142).
cost(3, 10, 293776).
cost(3, 11, 178656).
cost(3, 12, 307018).
cost(3, 13, 374015).
cost(3, 14, 467940).
cost(3, 15, 341981).
cost(3, 16, 152536).
cost(3, 17, 390377).
cost(3, 18, 164409).
cost(3, 19, 276329).
cost(3, 20, 679290).
cost(3, 21, 369813).
cost(3, 22, 694218).
cost(3, 23, 521990).
cost(3, 24, 245979).
cost(3, 25, 630591).
cost(3, 26, 21108).
cost(3, 27, 195761).
cost(4, 1, 333675).
cost(4, 2, 299958).
cost(4, 3, 373011).
cost(4, 5, 250790).
cost(4, 6, 674663).
cost(4, 7, 100743).
cost(4, 8, 444513).
cost(4, 9, 398035).
cost(4, 10, 466281).
cost(4, 11, 266431).
cost(4, 12, 344107).
cost(4, 13, 261783).
cost(4, 14, 487391).
cost(4, 15, 365765).
cost(4, 16, 310790).
cost(4, 17, 139345).
cost(4, 18, 352458).
cost(4, 19, 163226).
cost(4, 20, 341570).
cost(4, 21, 498732).
cost(4, 22, 470172).
cost(4, 23, 373129).
cost(4, 24, 379835).
cost(4, 25, 463690).
cost(4, 26, 360094).
cost(4, 27, 502856).
cost(5, 1, 318159).
cost(5, 2, 59122).
cost(5, 3, 362142).
cost(5, 4, 250790).
cost(5, 6, 851506).
cost(5, 7, 309611).
cost(5, 8, 202048).
cost(5, 9, 405751).
cost(5, 10, 274220).
cost(5, 11, 183604).
cost(5, 12, 128290).
cost(5, 13, 14049).
cost(5, 14, 237531).
cost(5, 15, 132799).
cost(5, 16, 218182).
cost(5, 17, 381197).
cost(5, 18, 234956).
cost(5, 19, 123819).
cost(5, 20, 371891).
cost(5, 21, 277193).
cost(5, 22, 332096).
cost(5, 23, 165706).
cost(5, 24, 203789).
cost(5, 25, 274690).
cost(5, 26, 341455).
cost(5, 27, 384507).
cost(6, 1, 1003569).
cost(6, 2, 867579).
cost(6, 3, 1038960).
cost(6, 4, 674663).
cost(6, 5, 851506).
cost(6, 7, 723692).
cost(6, 8, 1046663).
cost(6, 9, 1055595).
cost(6, 10, 1117697).
cost(6, 11, 937679).
cost(6, 12, 976565).
cost(6, 13, 854463).
cost(6, 14, 1060904).
cost(6, 15, 984243).
cost(6, 16, 983299).
cost(6, 17, 659796).
cost(6, 18, 1023200).
cost(6, 19, 823121).
cost(6, 20, 534666).
cost(6, 21, 1128693).
cost(6, 22, 788976).
cost(6, 23, 859501).
cost(6, 24, 1035537).
cost(6, 25, 871596).
cost(6, 26, 1028871).
cost(6, 27, 1176807).
cost(7, 1, 284165).
cost(7, 2, 365594).
cost(7, 3, 316357).
cost(7, 4, 100743).
cost(7, 5, 309611).
cost(7, 6, 723692).
cost(7, 8, 483624).
cost(7, 9, 332038).
cost(7, 10, 473808).
cost(7, 11, 259994).
cost(7, 12, 374334).
cost(7, 13, 322624).
cost(7, 14, 535438).
cost(7, 15, 402571).
cost(7, 16, 296857).
cost(7, 17, 85392).
cost(7, 18, 340760).
cost(7, 19, 194561).
cost(7, 20, 440344).
cost(7, 21, 520126).
cost(7, 22, 565592).
cost(7, 23, 452933).
cost(7, 24, 388235).
cost(7, 25, 550372).
cost(7, 26, 307998).
cost(7, 27, 475404).
cost(8, 1, 368397).
cost(8, 2, 179379).
cost(8, 3, 400473).
cost(8, 4, 444513).
cost(8, 5, 202048).
cost(8, 6, 1046663).
cost(8, 7, 483624).
cost(8, 9, 445990).
cost(8, 10, 150698).
cost(8, 11, 258455).
cost(8, 12, 112298).
cost(8, 13, 195764).
cost(8, 14, 67495).
cost(8, 15, 81066).
cost(8, 16, 256617).
cost(8, 17, 563766).
cost(8, 18, 236064).
cost(8, 19, 290086).
cost(8, 20, 541006).
cost(8, 21, 100564).
cost(8, 22, 404744).
cost(8, 23, 228519).
cost(8, 24, 155045).
cost(8, 25, 306314).
cost(8, 26, 380586).
cost(8, 27, 316382).
cost(9, 1, 87656).
cost(9, 2, 456554).
cost(9, 3, 46142).
cost(9, 4, 398035).
cost(9, 5, 405751).
cost(9, 6, 1055595).
cost(9, 7, 332038).
cost(9, 8, 445990).
cost(9, 10, 335280).
cost(9, 11, 222843).
cost(9, 12, 353160).
cost(9, 13, 417898).
cost(9, 14, 513480).
cost(9, 15, 388113).
cost(9, 16, 198520).
cost(9, 17, 400227).
cost(9, 18, 210012).
cost(9, 19, 314640).
cost(9, 20, 713828).
cost(9, 21, 412316).
cost(9, 22, 737573).
cost(9, 23, 566785).
cost(9, 24, 291220).
cost(9, 25, 675588).
cost(9, 26, 67067).
cost(9, 27, 221834).
cost(10, 1, 274194).
cost(10, 2, 282626).
cost(10, 3, 293776).
cost(10, 4, 466281).
cost(10, 5, 274220).
cost(10, 6, 1117697).
cost(10, 7, 473808).
cost(10, 8, 150698).
cost(10, 9, 335280).
cost(10, 11, 214592).
cost(10, 12, 146099).
cost(10, 13, 275623).
cost(10, 14, 209630).
cost(10, 15, 153326).
cost(10, 16, 186038).
cost(10, 17, 559040).
cost(10, 18, 146323).
cost(10, 19, 303585).
cost(10, 20, 644465).
cost(10, 21, 78735).
cost(10, 22, 545714).
cost(10, 23, 363163).
cost(10, 24, 86696).
cost(10, 25, 452297).
cost(10, 26, 277193).
cost(10, 27, 168418).
cost(11, 1, 135213).
cost(11, 2, 233775).
cost(11, 3, 178656).
cost(11, 4, 266431).
cost(11, 5, 183604).
cost(11, 6, 937679).
cost(11, 7, 259994).
cost(11, 8, 258455).
cost(11, 9, 222843).
cost(11, 10, 214592).
cost(11, 12, 148868).
cost(11, 13, 195364).
cost(11, 14, 322319).
cost(11, 15, 184542).
cost(11, 16, 46365).
cost(11, 17, 345379).
cost(11, 18, 86041).
cost(11, 19, 119226).
cost(11, 20, 521274).
cost(11, 21, 268432).
cost(11, 22, 515695).
cost(11, 23, 344090).
cost(11, 24, 131016).
cost(11, 25, 453083).
cost(11, 26, 157885).
cost(11, 27, 240395).
cost(12, 1, 269898).
cost(12, 2, 141209).
cost(12, 3, 307018).
cost(12, 4, 344107).
cost(12, 5, 128290).
cost(12, 6, 976565).
cost(12, 7, 374334).
cost(12, 8, 112298).
cost(12, 9, 353160).
cost(12, 10, 146099).
cost(12, 11, 148868).
cost(12, 13, 129574).
cost(12, 14, 173789).
cost(12, 15, 35963).
cost(12, 16, 155725).
cost(12, 17, 456158).
cost(12, 18, 148034).
cost(12, 19, 183697).
cost(12, 20, 498605).
cost(12, 21, 156087).
cost(12, 22, 420408).
cost(12, 23, 236801).
cost(12, 24, 85721).
cost(12, 25, 338609).
cost(12, 26, 286182).
cost(12, 27, 273334).
cost(13, 1, 330257).
cost(13, 2, 45086).
cost(13, 3, 374015).
cost(13, 4, 261783).
cost(13, 5, 14049).
cost(13, 6, 854463).
cost(13, 7, 322624).
cost(13, 8, 195764).
cost(13, 9, 417898).
cost(13, 10, 275623).
cost(13, 11, 195364).
cost(13, 12, 129574).
cost(13, 14, 228102).
cost(13, 15, 130218).
cost(13, 16, 228625).
cost(13, 17, 393381).
cost(13, 18, 243578).
cost(13, 19, 137806).
cost(13, 20, 369093).
cost(13, 21, 274584).
cost(13, 22, 320517).
cost(13, 23, 152144).
cost(13, 24, 208227).
cost(13, 25, 261265).
cost(13, 26, 353243).
cost(13, 27, 391060).
cost(14, 1, 435524).
cost(14, 2, 199618).
cost(14, 3, 467940).
cost(14, 4, 487391).
cost(14, 5, 237531).
cost(14, 6, 1060904).
cost(14, 7, 535438).
cost(14, 8, 67495).
cost(14, 9, 513480).
cost(14, 10, 209630).
cost(14, 11, 322319).
cost(14, 12, 173789).
cost(14, 13, 228102).
cost(14, 15, 139048).
cost(14, 16, 323156).
cost(14, 17, 612901).
cost(14, 18, 303533).
cost(14, 19, 340882).
cost(14, 20, 541829).
cost(14, 21, 143984).
cost(14, 22, 374601).
cost(14, 23, 213986).
cost(14, 24, 222511).
cost(14, 25, 270527).
cost(14, 26, 448012).
cost(14, 27, 377771).
cost(15, 1, 305453).
cost(15, 2, 129866).
cost(15, 3, 341981).
cost(15, 4, 365765).
cost(15, 5, 132799).
cost(15, 6, 984243).
cost(15, 7, 402571).
cost(15, 8, 81066).
cost(15, 9, 388113).
cost(15, 10, 153326).
cost(15, 11, 184542).
cost(15, 12, 35963).
cost(15, 13, 130218).
cost(15, 14, 139048).
cost(15, 16, 191310).
cost(15, 17, 482952).
cost(15, 18, 181138).
cost(15, 19, 209292).
cost(15, 20, 494585).
cost(15, 21, 144475).
cost(15, 22, 397999).
cost(15, 23, 213984).
cost(15, 24, 111152).
cost(15, 25, 311535).
cost(15, 26, 321241).
cost(15, 27, 296283).
cost(16, 1, 114173).
cost(16, 2, 263096).
cost(16, 3, 152536).
cost(16, 4, 310790).
cost(16, 5, 218182).
cost(16, 6, 983299).
cost(16, 7, 296857).
cost(16, 8, 256617).
cost(16, 9, 198520).
cost(16, 10, 186038).
cost(16, 11, 46365).
cost(16, 12, 155725).
cost(16, 13, 228625).
cost(16, 14, 323156).
cost(16, 15, 191310).
cost(16, 17, 381998).
cost(16, 18, 43906).
cost(16, 19, 165488).
cost(16, 20, 565728).
cost(16, 21, 249028).
cost(16, 22, 548506).
cost(16, 23, 372127).
cost(16, 24, 110965).
cost(16, 25, 479922).
cost(16, 26, 131479).
cost(16, 27, 194165).
cost(17, 1, 362055).
cost(17, 2, 434198).
cost(17, 3, 390377).
cost(17, 4, 139345).
cost(17, 5, 381197).
cost(17, 6, 659796).
cost(17, 7, 85392).
cost(17, 8, 563766).
cost(17, 9, 400227).
cost(17, 10, 559040).
cost(17, 11, 345379).
cost(17, 12, 456158).
cost(17, 13, 393381).
cost(17, 14, 612901).
cost(17, 15, 482952).
cost(17, 16, 381998).
cost(17, 18, 425903).
cost(17, 19, 273684).
cost(17, 20, 443578).
cost(17, 21, 604131).
cost(17, 22, 604851).
cost(17, 23, 512146).
cost(17, 24, 473285).
cost(17, 25, 602796).
cost(17, 26, 384325).
cost(17, 27, 557756).
cost(18, 1, 134532).
cost(18, 2, 272709).
cost(18, 3, 164409).
cost(18, 4, 352458).
cost(18, 5, 234956).
cost(18, 6, 1023200).
cost(18, 7, 340760).
cost(18, 8, 236064).
cost(18, 9, 210012).
cost(18, 10, 146323).
cost(18, 11, 86041).
cost(18, 12, 148034).
cost(18, 13, 243578).
cost(18, 14, 303533).
cost(18, 15, 181138).
cost(18, 16, 43906).
cost(18, 17, 425903).
cost(18, 19, 201718).
cost(18, 20, 594303).
cost(18, 21, 214435).
cost(18, 22, 558953).
cost(18, 23, 378392).
cost(18, 24, 82016).
cost(18, 25, 483774).
cost(18, 26, 144618).
cost(18, 27, 157843).
cost(19, 1, 231312).
cost(19, 2, 182867).
cost(19, 3, 276329).
cost(19, 4, 163226).
cost(19, 5, 123819).
cost(19, 6, 823121).
cost(19, 7, 194561).
cost(19, 8, 290086).
cost(19, 9, 314640).
cost(19, 10, 303585).
cost(19, 11, 119226).
cost(19, 12, 183697).
cost(19, 13, 137806).
cost(19, 14, 340882).
cost(19, 15, 209292).
cost(19, 16, 165488).
cost(19, 17, 273684).
cost(19, 18, 201718).
cost(19, 20, 405818).
cost(19, 21, 336358).
cost(19, 22, 434877).
cost(19, 23, 285157).
cost(19, 24, 217536).
cost(19, 25, 392043).
cost(19, 26, 257761).
cost(19, 27, 358755).
cost(20, 1, 634930).
cost(20, 2, 365900).
cost(20, 3, 679290).
cost(20, 4, 341570).
cost(20, 5, 371891).
cost(20, 6, 534666).
cost(20, 7, 440344).
cost(20, 8, 541006).
cost(20, 9, 713828).
cost(20, 10, 644465).
cost(20, 11, 521274).
cost(20, 12, 498605).
cost(20, 13, 369093).
cost(20, 14, 541829).
cost(20, 15, 494585).
cost(20, 16, 565728).
cost(20, 17, 443578).
cost(20, 18, 594303).
cost(20, 19, 405818).
cost(20, 21, 634408).
cost(20, 22, 264322).
cost(20, 23, 331261).
cost(20, 24, 575359).
cost(20, 25, 337542).
cost(20, 26, 661832).
cost(20, 27, 750492).
cost(21, 1, 347086).
cost(21, 2, 268755).
cost(21, 3, 369813).
cost(21, 4, 498732).
cost(21, 5, 277193).
cost(21, 6, 1128693).
cost(21, 7, 520126).
cost(21, 8, 100564).
cost(21, 9, 412316).
cost(21, 10, 78735).
cost(21, 11, 268432).
cost(21, 12, 156087).
cost(21, 13, 274584).
cost(21, 14, 143984).
cost(21, 15, 144475).
cost(21, 16, 249028).
cost(21, 17, 604131).
cost(21, 18, 214435).
cost(21, 19, 336358).
cost(21, 20, 634408).
cost(21, 22, 505074).
cost(21, 23, 328742).
cost(21, 24, 138751).
cost(21, 25, 405479).
cost(21, 26, 352377).
cost(21, 27, 243002).
cost(22, 1, 650086).
cost(22, 2, 286367).
cost(22, 3, 694218).
cost(22, 4, 470172).
cost(22, 5, 332096).
cost(22, 6, 788976).
cost(22, 7, 565592).
cost(22, 8, 404744).
cost(22, 9, 737573).
cost(22, 10, 545714).
cost(22, 11, 515695).
cost(22, 12, 420408).
cost(22, 13, 320517).
cost(22, 14, 374601).
cost(22, 15, 397999).
cost(22, 16, 548506).
cost(22, 17, 604851).
cost(22, 18, 558953).
cost(22, 19, 434877).
cost(22, 20, 264322).
cost(22, 21, 505074).
cost(22, 23, 184060).
cost(22, 24, 506000).
cost(22, 25, 106594).
cost(22, 26, 673550).
cost(22, 27, 693400).
cost(23, 1, 479246).
cost(23, 2, 110378).
cost(23, 3, 521990).
cost(23, 4, 373129).
cost(23, 5, 165706).
cost(23, 6, 859501).
cost(23, 7, 452933).
cost(23, 8, 228519).
cost(23, 9, 566785).
cost(23, 10, 363163).
cost(23, 11, 344090).
cost(23, 12, 236801).
cost(23, 13, 152144).
cost(23, 14, 213986).
cost(23, 15, 213984).
cost(23, 16, 372127).
cost(23, 17, 512146).
cost(23, 18, 378392).
cost(23, 19, 285157).
cost(23, 20, 331261).
cost(23, 21, 328742).
cost(23, 22, 184060).
cost(23, 24, 322200).
cost(23, 25, 109295).
cost(23, 26, 500978).
cost(23, 27, 509434).
cost(24, 1, 216291).
cost(24, 2, 225845).
cost(24, 3, 245979).
cost(24, 4, 379835).
cost(24, 5, 203789).
cost(24, 6, 1035537).
cost(24, 7, 388235).
cost(24, 8, 155045).
cost(24, 9, 291220).
cost(24, 10, 86696).
cost(24, 11, 131016).
cost(24, 12, 85721).
cost(24, 13, 208227).
cost(24, 14, 222511).
cost(24, 15, 111152).
cost(24, 16, 110965).
cost(24, 17, 473285).
cost(24, 18, 82016).
cost(24, 19, 217536).
cost(24, 20, 575359).
cost(24, 21, 138751).
cost(24, 22, 506000).
cost(24, 23, 322200).
cost(24, 25, 422337).
cost(24, 26, 226466).
cost(24, 27, 187614).
cost(25, 1, 588140).
cost(25, 2, 219583).
cost(25, 3, 630591).
cost(25, 4, 463690).
cost(25, 5, 274690).
cost(25, 6, 871596).
cost(25, 7, 550372).
cost(25, 8, 306314).
cost(25, 9, 675588).
cost(25, 10, 452297).
cost(25, 11, 453083).
cost(25, 12, 338609).
cost(25, 13, 261265).
cost(25, 14, 270527).
cost(25, 15, 311535).
cost(25, 16, 479922).
cost(25, 17, 602796).
cost(25, 18, 483774).
cost(25, 19, 392043).
cost(25, 20, 337542).
cost(25, 21, 405479).
cost(25, 22, 106594).
cost(25, 23, 109295).
cost(25, 24, 422337).
cost(25, 26, 609539).
cost(25, 27, 607387).
cost(26, 1, 27089).
cost(26, 2, 390953).
cost(26, 3, 21108).
cost(26, 4, 360094).
cost(26, 5, 341455).
cost(26, 6, 1028871).
cost(26, 7, 307998).
cost(26, 8, 380586).
cost(26, 9, 67067).
cost(26, 10, 277193).
cost(26, 11, 157885).
cost(26, 12, 286182).
cost(26, 13, 353243).
cost(26, 14, 448012).
cost(26, 15, 321241).
cost(26, 16, 131479).
cost(26, 17, 384325).
cost(26, 18, 144618).
cost(26, 19, 257761).
cost(26, 20, 661832).
cost(26, 21, 352377).
cost(26, 22, 673550).
cost(26, 23, 500978).
cost(26, 24, 226466).
cost(26, 25, 609539).
cost(26, 27, 189621).
cost(27, 1, 203523).
cost(27, 2, 412723).
cost(27, 3, 195761).
cost(27, 4, 502856).
cost(27, 5, 384507).
cost(27, 6, 1176807).
cost(27, 7, 475404).
cost(27, 8, 316382).
cost(27, 9, 221834).
cost(27, 10, 168418).
cost(27, 11, 240395).
cost(27, 12, 273334).
cost(27, 13, 391060).
cost(27, 14, 377771).
cost(27, 15, 296283).
cost(27, 16, 194165).
cost(27, 17, 557756).
cost(27, 18, 157843).
cost(27, 19, 358755).
cost(27, 20, 750492).
cost(27, 21, 243002).
cost(27, 22, 693400).
cost(27, 23, 509434).
cost(27, 24, 187614).
cost(27, 25, 607387).
cost(27, 26, 189621).
