dimension(27).
point(1, -129644.0, -264525.0).
point(2, -93966.0, -110185.0).
point(3, -42095.0, 35024.0).
point(4, -14474.0, -83302.0).
point(5, -311118.0, 92468.0).
point(6, -126959.0, -202767.0).
point(7, -265610.0, 74924.0).
point(8, 172822.0, 211550.0).
point(9, 216830.0, -110230.0).
point(10, -113936.0, -117312.0).
point(11, 35060.0, 91850.0).
point(12, -109245.0, -32772.0).
point(13, 22537.0, -6903.0).
point(14, -226021.0, 344650.0).
point(15, -71013.0, 65231.0).
point(16, -94834.0, -1139.0).
point(17, -32977.0, 11917.0).
point(18, -176267.0, 186319.0).
point(19, 2077.0, 228250.0).
point(20, 6548.0, -243844.0).
point(21, 84808.0, 171314.0).
point(22, 11735.0, 79396.0).
point(23, 250698.0, 14889.0).
point(24, 134097.0, -42774.0).
point(25, 103997.0, 166633.0).
point(26, 18390.0, -299605.0).
point(27, -261727.0, 28230.0).
cost(1, 2, 158410).
cost(1, 3, 312081).
cost(1, 4, 214723).
cost(1, 5, 400471).
cost(1, 6, 61816).
cost(1, 7, 365667).
cost(1, 8, 564033).
cost(1, 9, 379277).
cost(1, 10, 148049).
cost(1, 11, 392595).
cost(1, 12, 232649).
cost(1, 13, 299213).
cost(1, 14, 616752).
cost(1, 15, 334928).
cost(1, 16, 265676).
cost(1, 17, 292856).
cost(1, 18, 453248).
cost(1, 19, 510076).
cost(1, 20, 137753).
cost(1, 21, 485742).
cost(1, 22, 371846).
cost(1, 23, 471945).
cost(1, 24, 344576).
cost(1, 25, 490393).
cost(1, 26, 152134).
cost(1, 27, 321172).
cost(2, 1, 158410).
cost(2, 3, 154196).
cost(2, 4, 83915).
cost(2, 5, 297024).
cost(2, 6, 98285).
cost(2, 7, 252442).
cost(2, 8, 417958).
cost(2, 9, 310796).
cost(2, 10, 21204).
cost(2, 11, 239720).
cost(2, 12, 78906).
cost(2, 13, 155692).
cost(2, 14, 473617).
cost(2, 15, 176911).
cost(2, 16, 109049).
cost(2, 17, 136486).
cost(2, 18, 307714).
cost(2, 19, 351799).
cost(2, 20, 167236).
cost(2, 21, 333469).
cost(2, 22, 217057).
cost(2, 23, 366656).
cost(2, 24, 237817).
cost(2, 25, 340320).
cost(2, 26, 220236).
cost(2, 27, 217491).
cost(3, 1, 312081).
cost(3, 2, 154196).
cost(3, 4, 121507).
cost(3, 5, 275088).
cost(3, 6, 252481).
cost(3, 7, 227048).
cost(3, 8, 278120).
cost(3, 9, 296885).
cost(3, 10, 168426).
cost(3, 11, 95823).
cost(3, 12, 95422).
cost(3, 13, 77040).
cost(3, 14, 360135).
cost(3, 15, 41818).
cost(3, 16, 63947).
cost(3, 17, 24841).
cost(3, 18, 202218).
cost(3, 19, 198211).
cost(3, 20, 283079).
cost(3, 21, 186224).
cost(3, 22, 69761).
cost(3, 23, 293485).
cost(3, 24, 192604).
cost(3, 25, 196631).
cost(3, 26, 340051).
cost(3, 27, 219737).
cost(4, 1, 214723).
cost(4, 2, 83915).
cost(4, 3, 121507).
cost(4, 5, 344808).
cost(4, 6, 164088).
cost(4, 7, 296824).
cost(4, 8, 349310).
cost(4, 9, 232866).
cost(4, 10, 105116).
cost(4, 11, 182022).
cost(4, 12, 107400).
cost(4, 13, 84892).
cost(4, 14, 477384).
cost(4, 15, 158930).
cost(4, 16, 114928).
cost(4, 17, 97000).
cost(4, 18, 314440).
cost(4, 19, 311991).
cost(4, 20, 161913).
cost(4, 21, 273288).
cost(4, 22, 164795).
cost(4, 23, 282768).
cost(4, 24, 154000).
cost(4, 25, 276592).
cost(4, 26, 218785).
cost(4, 27, 271244).
cost(5, 1, 400471).
cost(5, 2, 297024).
cost(5, 3, 275088).
cost(5, 4, 344808).
cost(5, 6, 347963).
cost(5, 7, 48773).
cost(5, 8, 498376).
cost(5, 9, 565522).
cost(5, 10, 287903).
cost(5, 11, 346179).
cost(5, 12, 237566).
cost(5, 13, 348138).
cost(5, 14, 266153).
cost(5, 15, 241645).
cost(5, 16, 235671).
cost(5, 17, 289570).
cost(5, 18, 164295).
cost(5, 19, 341362).
cost(5, 20, 462620).
cost(5, 21, 403700).
cost(5, 22, 323118).
cost(5, 23, 567147).
cost(5, 24, 465303).
cost(5, 25, 421688).
cost(5, 26, 512149).
cost(5, 27, 81031).
cost(6, 1, 61816).
cost(6, 2, 98285).
cost(6, 3, 252481).
cost(6, 4, 164088).
cost(6, 5, 347963).
cost(6, 7, 310381).
cost(6, 8, 511397).
cost(6, 9, 356025).
cost(6, 10, 86442).
cost(6, 11, 336228).
cost(6, 12, 170915).
cost(6, 13, 246398).
cost(6, 14, 556308).
cost(6, 15, 273775).
cost(6, 16, 204171).
cost(6, 17, 234354).
cost(6, 18, 392198).
cost(6, 19, 449918).
cost(6, 20, 139683).
cost(6, 21, 429863).
cost(6, 22, 314407).
cost(6, 23, 435889).
cost(6, 24, 306183).
cost(6, 25, 435657).
cost(6, 26, 174654).
cost(6, 27, 267436).
cost(7, 1, 365667).
cost(7, 2, 252442).
cost(7, 3, 227048).
cost(7, 4, 296824).
cost(7, 5, 48773).
cost(7, 6, 310381).
cost(7, 8, 459227).
cost(7, 9, 516750).
cost(7, 10, 244867).
cost(7, 11, 301146).
cost(7, 12, 189864).
cost(7, 13, 299540).
cost(7, 14, 272616).
cost(7, 15, 194838).
cost(7, 16, 186949).
cost(7, 17, 241015).
cost(7, 18, 142797).
cost(7, 19, 308489).
cost(7, 20, 419146).
cost(7, 21, 363433).
cost(7, 22, 277381).
cost(7, 23, 519787).
cost(7, 24, 416676).
cost(7, 25, 380815).
cost(7, 26, 470030).
cost(7, 27, 46855).
cost(8, 1, 564033).
cost(8, 2, 417958).
cost(8, 3, 278120).
cost(8, 4, 349310).
cost(8, 5, 498376).
cost(8, 6, 511397).
cost(8, 7, 459227).
cost(8, 9, 324775).
cost(8, 10, 436326).
cost(8, 11, 182501).
cost(8, 12, 373169).
cost(8, 13, 265155).
cost(8, 14, 420466).
cost(8, 15, 284367).
cost(8, 16, 341872).
cost(8, 17, 286717).
cost(8, 18, 350000).
cost(8, 19, 171560).
cost(8, 20, 484800).
cost(8, 21, 96775).
cost(8, 22, 208360).
cost(8, 23, 211519).
cost(8, 24, 257255).
cost(8, 25, 82185).
cost(8, 26, 533974).
cost(8, 27, 471634).
cost(9, 1, 379277).
cost(9, 2, 310796).
cost(9, 3, 296885).
cost(9, 4, 232866).
cost(9, 5, 565522).
cost(9, 6, 356025).
cost(9, 7, 516750).
cost(9, 8, 324775).
cost(9, 10, 330842).
cost(9, 11, 271803).
cost(9, 12, 335149).
cost(9, 13, 220060).
cost(9, 14, 634849).
cost(9, 15, 337106).
cost(9, 16, 330205).
cost(9, 17, 278071).
cost(9, 18, 492409).
cost(9, 19, 400859).
cost(9, 20, 249141).
cost(9, 21, 310961).
cost(9, 22, 279324).
cost(9, 23, 129622).
cost(9, 24, 106748).
cost(9, 25, 298972).
cost(9, 26, 274302).
cost(9, 27, 498185).
cost(10, 1, 148049).
cost(10, 2, 21204).
cost(10, 3, 168426).
cost(10, 4, 105116).
cost(10, 5, 287903).
cost(10, 6, 86442).
cost(10, 7, 244867).
cost(10, 8, 436326).
cost(10, 9, 330842).
cost(10, 11, 256804).
cost(10, 12, 84670).
cost(10, 13, 175542).
cost(10, 14, 475365).
cost(10, 15, 187522).
cost(10, 16, 117733).
cost(10, 17, 152494).
cost(10, 18, 309963).
cost(10, 19, 364516).
cost(10, 20, 174719).
cost(10, 21, 350434).
cost(10, 22, 233425).
cost(10, 23, 387860).
cost(10, 24, 258991).
cost(10, 25, 357938).
cost(10, 26, 225257).
cost(10, 27, 207424).
cost(11, 1, 392595).
cost(11, 2, 239720).
cost(11, 3, 95823).
cost(11, 4, 182022).
cost(11, 5, 346179).
cost(11, 6, 336228).
cost(11, 7, 301146).
cost(11, 8, 182501).
cost(11, 9, 271803).
cost(11, 10, 256804).
cost(11, 12, 190669).
cost(11, 13, 99544).
cost(11, 14, 363416).
cost(11, 15, 109362).
cost(11, 16, 159748).
cost(11, 17, 104968).
cost(11, 18, 231481).
cost(11, 19, 140331).
cost(11, 20, 336903).
cost(11, 21, 93752).
cost(11, 22, 26442).
cost(11, 23, 228960).
cost(11, 24, 167129).
cost(11, 25, 101709).
cost(11, 26, 391810).
cost(11, 27, 303529).
cost(12, 1, 232649).
cost(12, 2, 78906).
cost(12, 3, 95422).
cost(12, 4, 107400).
cost(12, 5, 237566).
cost(12, 6, 170915).
cost(12, 7, 189864).
cost(12, 8, 373169).
cost(12, 9, 335149).
cost(12, 10, 84670).
cost(12, 11, 190669).
cost(12, 13, 134297).
cost(12, 14, 395075).
cost(12, 15, 105196).
cost(12, 16, 34761).
cost(12, 17, 88396).
cost(12, 18, 229113).
cost(12, 19, 283769).
cost(12, 20, 240748).
cost(12, 21, 281616).
cost(12, 22, 164978).
cost(12, 23, 363085).
cost(12, 24, 243547).
cost(12, 25, 291949).
cost(12, 26, 295788).
cost(12, 27, 164232).
cost(13, 1, 299213).
cost(13, 2, 155692).
cost(13, 3, 77040).
cost(13, 4, 84892).
cost(13, 5, 348138).
cost(13, 6, 246398).
cost(13, 7, 299540).
cost(13, 8, 265155).
cost(13, 9, 220060).
cost(13, 10, 175542).
cost(13, 11, 99544).
cost(13, 12, 134297).
cost(13, 14, 430547).
cost(13, 15, 118131).
cost(13, 16, 117512).
cost(13, 17, 58617).
cost(13, 18, 277232).
cost(13, 19, 236041).
cost(13, 20, 237480).
cost(13, 21, 188783).
cost(13, 22, 86972).
cost(13, 23, 229199).
cost(13, 24, 117185).
cost(13, 25, 191704).
cost(13, 26, 292731).
cost(13, 27, 286427).
cost(14, 1, 616752).
cost(14, 2, 473617).
cost(14, 3, 360135).
cost(14, 4, 477384).
cost(14, 5, 266153).
cost(14, 6, 556308).
cost(14, 7, 272616).
cost(14, 8, 420466).
cost(14, 9, 634849).
cost(14, 10, 475365).
cost(14, 11, 363416).
cost(14, 12, 395075).
cost(14, 13, 430547).
cost(14, 15, 319535).
cost(14, 16, 369838).
cost(14, 17, 384678).
cost(14, 18, 165964).
cost(14, 19, 256081).
cost(14, 20, 632782).
cost(14, 21, 355893).
cost(14, 22, 356213).
cost(14, 23, 579658).
cost(14, 24, 528945).
cost(14, 25, 374969).
cost(14, 26, 689058).
cost(14, 27, 318428).
cost(15, 1, 334928).
cost(15, 2, 176911).
cost(15, 3, 41818).
cost(15, 4, 158930).
cost(15, 5, 241645).
cost(15, 6, 273775).
cost(15, 7, 194838).
cost(15, 8, 284367).
cost(15, 9, 337106).
cost(15, 10, 187522).
cost(15, 11, 109362).
cost(15, 12, 105196).
cost(15, 13, 118131).
cost(15, 14, 319535).
cost(15, 16, 70515).
cost(15, 17, 65491).
cost(15, 18, 160439).
cost(15, 19, 178654).
cost(15, 20, 318658).
cost(15, 21, 188504).
cost(15, 22, 83952).
cost(15, 23, 325626).
cost(15, 24, 231809).
cost(15, 25, 202264).
cost(15, 26, 375630).
cost(15, 27, 194270).
cost(16, 1, 265676).
cost(16, 2, 109049).
cost(16, 3, 63947).
cost(16, 4, 114928).
cost(16, 5, 235671).
cost(16, 6, 204171).
cost(16, 7, 186949).
cost(16, 8, 341872).
cost(16, 9, 330205).
cost(16, 10, 117733).
cost(16, 11, 159748).
cost(16, 12, 34761).
cost(16, 13, 117512).
cost(16, 14, 369838).
cost(16, 15, 70515).
cost(16, 17, 63220).
cost(16, 18, 204382).
cost(16, 19, 249020).
cost(16, 20, 263029).
cost(16, 21, 249021).
cost(16, 22, 133577).
cost(16, 23, 345904).
cost(16, 24, 232686).
cost(16, 25, 260156).
cost(16, 26, 319220).
cost(16, 27, 169457).
cost(17, 1, 292856).
cost(17, 2, 136486).
cost(17, 3, 24841).
cost(17, 4, 97000).
cost(17, 5, 289570).
cost(17, 6, 234354).
cost(17, 7, 241015).
cost(17, 8, 286717).
cost(17, 9, 278071).
cost(17, 10, 152494).
cost(17, 11, 104968).
cost(17, 12, 88396).
cost(17, 13, 58617).
cost(17, 14, 384678).
cost(17, 15, 65491).
cost(17, 16, 63220).
cost(17, 18, 225717).
cost(17, 19, 219155).
cost(17, 20, 258797).
cost(17, 21, 198194).
cost(17, 22, 80948).
cost(17, 23, 283691).
cost(17, 24, 175798).
cost(17, 25, 206637).
cost(17, 26, 315729).
cost(17, 27, 229331).
cost(18, 1, 453248).
cost(18, 2, 307714).
cost(18, 3, 202218).
cost(18, 4, 314440).
cost(18, 5, 164295).
cost(18, 6, 392198).
cost(18, 7, 142797).
cost(18, 8, 350000).
cost(18, 9, 492409).
cost(18, 10, 309963).
cost(18, 11, 231481).
cost(18, 12, 229113).
cost(18, 13, 277232).
cost(18, 14, 165964).
cost(18, 15, 160439).
cost(18, 16, 204382).
cost(18, 17, 225717).
cost(18, 19, 183207).
cost(18, 20, 467399).
cost(18, 21, 261506).
cost(18, 22, 216281).
cost(18, 23, 460095).
cost(18, 24, 385758).
cost(18, 25, 280955).
cost(18, 26, 523463).
cost(18, 27, 179710).
cost(19, 1, 510076).
cost(19, 2, 351799).
cost(19, 3, 198211).
cost(19, 4, 311991).
cost(19, 5, 341362).
cost(19, 6, 449918).
cost(19, 7, 308489).
cost(19, 8, 171560).
cost(19, 9, 400859).
cost(19, 10, 364516).
cost(19, 11, 140331).
cost(19, 12, 283769).
cost(19, 13, 236041).
cost(19, 14, 256081).
cost(19, 15, 178654).
cost(19, 16, 249020).
cost(19, 17, 219155).
cost(19, 18, 183207).
cost(19, 20, 472115).
cost(19, 21, 100430).
cost(19, 22, 149167).
cost(19, 23, 327621).
cost(19, 24, 301469).
cost(19, 25, 119098).
cost(19, 26, 528107).
cost(19, 27, 331060).
cost(20, 1, 137753).
cost(20, 2, 167236).
cost(20, 3, 283079).
cost(20, 4, 161913).
cost(20, 5, 462620).
cost(20, 6, 139683).
cost(20, 7, 419146).
cost(20, 8, 484800).
cost(20, 9, 249141).
cost(20, 10, 174719).
cost(20, 11, 336903).
cost(20, 12, 240748).
cost(20, 13, 237480).
cost(20, 14, 632782).
cost(20, 15, 318658).
cost(20, 16, 263029).
cost(20, 17, 258797).
cost(20, 18, 467399).
cost(20, 19, 472115).
cost(20, 21, 422470).
cost(20, 22, 323282).
cost(20, 23, 355741).
cost(20, 24, 238113).
cost(20, 25, 421886).
cost(20, 26, 57005).
cost(20, 27, 382094).
cost(21, 1, 485742).
cost(21, 2, 333469).
cost(21, 3, 186224).
cost(21, 4, 273288).
cost(21, 5, 403700).
cost(21, 6, 429863).
cost(21, 7, 363433).
cost(21, 8, 96775).
cost(21, 9, 310961).
cost(21, 10, 350434).
cost(21, 11, 93752).
cost(21, 12, 281616).
cost(21, 13, 188783).
cost(21, 14, 355893).
cost(21, 15, 188504).
cost(21, 16, 249021).
cost(21, 17, 198194).
cost(21, 18, 261506).
cost(21, 19, 100430).
cost(21, 20, 422470).
cost(21, 22, 117425).
cost(21, 23, 228009).
cost(21, 24, 219689).
cost(21, 25, 19752).
cost(21, 26, 475580).
cost(21, 27, 374913).
cost(22, 1, 371846).
cost(22, 2, 217057).
cost(22, 3, 69761).
cost(22, 4, 164795).
cost(22, 5, 323118).
cost(22, 6, 314407).
cost(22, 7, 277381).
cost(22, 8, 208360).
cost(22, 9, 279324).
cost(22, 10, 233425).
cost(22, 11, 26442).
cost(22, 12, 164978).
cost(22, 13, 86972).
cost(22, 14, 356213).
cost(22, 15, 83952).
cost(22, 16, 133577).
cost(22, 17, 80948).
cost(22, 18, 216281).
cost(22, 19, 149167).
cost(22, 20, 323282).
cost(22, 21, 117425).
cost(22, 23, 247517).
cost(22, 24, 172910).
cost(22, 25, 126975).
cost(22, 26, 379059).
cost(22, 27, 278208).
cost(23, 1, 471945).
cost(23, 2, 366656).
cost(23, 3, 293485).
cost(23, 4, 282768).
cost(23, 5, 567147).
cost(23, 6, 435889).
cost(23, 7, 519787).
cost(23, 8, 211519).
cost(23, 9, 129622).
cost(23, 10, 387860).
cost(23, 11, 228960).
cost(23, 12, 363085).
cost(23, 13, 229199).
cost(23, 14, 579658).
cost(23, 15, 325626).
cost(23, 16, 345904).
cost(23, 17, 283691).
cost(23, 18, 460095).
cost(23, 19, 327621).
cost(23, 20, 355741).
cost(23, 21, 228009).
cost(23, 22, 247517).
cost(23, 24, 130080).
cost(23, 25, 211063).
cost(23, 26, 390990).
cost(23, 27, 512599).
cost(24, 1, 344576).
cost(24, 2, 237817).
cost(24, 3, 192604).
cost(24, 4, 154000).
cost(24, 5, 465303).
cost(24, 6, 306183).
cost(24, 7, 416676).
cost(24, 8, 257255).
cost(24, 9, 106748).
cost(24, 10, 258991).
cost(24, 11, 167129).
cost(24, 12, 243547).
cost(24, 13, 117185).
cost(24, 14, 528945).
cost(24, 15, 231809).
cost(24, 16, 232686).
cost(24, 17, 175798).
cost(24, 18, 385758).
cost(24, 19, 301469).
cost(24, 20, 238113).
cost(24, 21, 219689).
cost(24, 22, 172910).
cost(24, 23, 130080).
cost(24, 25, 211559).
cost(24, 26, 281692).
cost(24, 27, 402142).
cost(25, 1, 490393).
cost(25, 2, 340320).
cost(25, 3, 196631).
cost(25, 4, 276592).
cost(25, 5, 421688).
cost(25, 6, 435657).
cost(25, 7, 380815).
cost(25, 8, 82185).
cost(25, 9, 298972).
cost(25, 10, 357938).
cost(25, 11, 101709).
cost(25, 12, 291949).
cost(25, 13, 191704).
cost(25, 14, 374969).
cost(25, 15, 202264).
cost(25, 16, 260156).
cost(25, 17, 206637).
cost(25, 18, 280955).
cost(25, 19, 119098).
cost(25, 20, 421886).
cost(25, 21, 19752).
cost(25, 22, 126975).
cost(25, 23, 211063).
cost(25, 24, 211559).
cost(25, 26, 474032).
cost(25, 27, 391036).
cost(26, 1, 152134).
cost(26, 2, 220236).
cost(26, 3, 340051).
cost(26, 4, 218785).
cost(26, 5, 512149).
cost(26, 6, 174654).
cost(26, 7, 470030).
cost(26, 8, 533974).
cost(26, 9, 274302).
cost(26, 10, 225257).
cost(26, 11, 391810).
cost(26, 12, 295788).
cost(26, 13, 292731).
cost(26, 14, 689058).
cost(26, 15, 375630).
cost(26, 16, 319220).
cost(26, 17, 315729).
cost(26, 18, 523463).
cost(26, 19, 528107).
cost(26, 20, 57005).
cost(26, 21, 475580).
cost(26, 22, 379059).
cost(26, 23, 390990).
cost(26, 24, 281692).
cost(26, 25, 474032).
cost(26, 27, 431209).
cost(27, 1, 321172).
cost(27, 2, 217491).
cost(27, 3, 219737).
cost(27, 4, 271244).
cost(27, 5, 81031).
cost(27, 6, 267436).
cost(27, 7, 46855).
cost(27, 8, 471634).
cost(27, 9, 498185).
cost(27, 10, 207424).
cost(27, 11, 303529).
cost(27, 12, 164232).
cost(27, 13, 286427).
cost(27, 14, 318428).
cost(27, 15, 194270).
cost(27, 16, 169457).
cost(27, 17, 229331).
cost(27, 18, 179710).
cost(27, 19, 331060).
cost(27, 20, 382094).
cost(27, 21, 374913).
cost(27, 22, 278208).
cost(27, 23, 512599).
cost(27, 24, 402142).
cost(27, 25, 391036).
cost(27, 26, 431209).
