dimension(27).
point(1, 140276.0, 16013.0).
point(2, 59508.0, -15244.0).
point(3, 28359.0, 42896.0).
point(4, -207526.0, 269573.0).
point(5, -220396.0, 29009.0).
point(6, 17716.0, -34541.0).
point(7, 130979.0, 167272.0).
point(8, 177787.0, 189963.0).
point(9, 31448.0, -205414.0).
point(10, 196970.0, 8727.0).
point(11, 20952.0, -140241.0).
point(12, 111544.0, 173140.0).
point(13, -92230.0, 320084.0).
point(14, -45008.0, 155366.0).
point(15, -65265.0, 71119.0).
point(16, 366415.0, 242739.0).
point(17, -194488.0, 175382.0).
point(18, -81289.0, 321157.0).
point(19, 272345.0, 37995.0).
point(20, 67268.0, 59547.0).
point(21, -74252.0, 157566.0).
point(22, 40788.0, -20229.0).
point(23, 89752.0, 233057.0).
point(24, -156764.0, -67705.0).
point(25, -121238.0, -94172.0).
point(26, 173015.0, 326319.0).
point(27, -150118.0, 42038.0).
cost(1, 2, 86605).
cost(1, 3, 115100).
cost(1, 4, 430417).
cost(1, 5, 360906).
cost(1, 6, 132577).
cost(1, 7, 151544).
cost(1, 8, 177949).
cost(1, 9, 246725).
cost(1, 10, 57160).
cost(1, 11, 196605).
cost(1, 12, 159732).
cost(1, 13, 382777).
cost(1, 14, 231839).
cost(1, 15, 212800).
cost(1, 16, 320224).
cost(1, 17, 370763).
cost(1, 18, 377099).
cost(1, 19, 133886).
cost(1, 20, 85002).
cost(1, 21, 257020).
cost(1, 22, 105884).
cost(1, 23, 222847).
cost(1, 24, 308612).
cost(1, 25, 283779).
cost(1, 26, 312028).
cost(1, 27, 291558).
cost(2, 1, 86605).
cost(2, 3, 65958).
cost(2, 4, 390420).
cost(2, 5, 283381).
cost(2, 6, 46032).
cost(2, 7, 196011).
cost(2, 8, 236854).
cost(2, 9, 192229).
cost(2, 10, 139536).
cost(2, 11, 130808).
cost(2, 12, 195439).
cost(2, 13, 368062).
cost(2, 14, 200078).
cost(2, 15, 151746).
cost(2, 16, 400933).
cost(2, 17, 317572).
cost(2, 18, 364677).
cost(2, 19, 219395).
cost(2, 20, 75192).
cost(2, 21, 218529).
cost(2, 22, 19372).
cost(2, 23, 250136).
cost(2, 24, 222544).
cost(2, 25, 197228).
cost(2, 26, 359929).
cost(2, 27, 217311).
cost(3, 1, 115100).
cost(3, 2, 65958).
cost(3, 4, 327146).
cost(3, 5, 249142).
cost(3, 6, 78165).
cost(3, 7, 161246).
cost(3, 8, 209660).
cost(3, 9, 248329).
cost(3, 10, 172038).
cost(3, 11, 183287).
cost(3, 12, 154542).
cost(3, 13, 302283).
cost(3, 14, 134284).
cost(3, 15, 97785).
cost(3, 16, 392707).
cost(3, 17, 259255).
cost(3, 18, 299085).
cost(3, 19, 244035).
cost(3, 20, 42322).
cost(3, 21, 153877).
cost(3, 22, 64337).
cost(3, 23, 199826).
cost(3, 24, 215646).
cost(3, 25, 202896).
cost(3, 26, 318204).
cost(3, 27, 178479).
cost(4, 1, 430417).
cost(4, 2, 390420).
cost(4, 3, 327146).
cost(4, 5, 240908).
cost(4, 6, 378443).
cost(4, 7, 353626).
cost(4, 8, 393451).
cost(4, 9, 531715).
cost(4, 10, 481308).
cost(4, 11, 469201).
cost(4, 12, 333324).
cost(4, 13, 125875).
cost(4, 14, 198634).
cost(4, 15, 244177).
cost(4, 16, 574568).
cost(4, 17, 95089).
cost(4, 18, 136370).
cost(4, 19, 532827).
cost(4, 20, 345865).
cost(4, 21, 174091).
cost(4, 22, 381635).
cost(4, 23, 299512).
cost(4, 24, 341077).
cost(4, 25, 373840).
cost(4, 26, 384749).
cost(4, 27, 234665).
cost(5, 1, 360906).
cost(5, 2, 283381).
cost(5, 3, 249142).
cost(5, 4, 240908).
cost(5, 6, 246447).
cost(5, 7, 377599).
cost(5, 8, 429483).
cost(5, 9, 344063).
cost(5, 10, 417859).
cost(5, 11, 294779).
cost(5, 12, 361881).
cost(5, 13, 318043).
cost(5, 14, 216164).
cost(5, 15, 160745).
cost(5, 16, 624522).
cost(5, 17, 148648).
cost(5, 18, 323576).
cost(5, 19, 492823).
cost(5, 20, 289280).
cost(5, 21, 194641).
cost(5, 22, 265785).
cost(5, 23, 371251).
cost(5, 24, 115770).
cost(5, 25, 158132).
cost(5, 26, 493118).
cost(5, 27, 71476).
cost(6, 1, 132577).
cost(6, 2, 46032).
cost(6, 3, 78165).
cost(6, 4, 378443).
cost(6, 5, 246447).
cost(6, 7, 231424).
cost(6, 8, 275726).
cost(6, 9, 171424).
cost(6, 10, 184402).
cost(6, 11, 105750).
cost(6, 12, 227893).
cost(6, 13, 371278).
cost(6, 14, 199997).
cost(6, 15, 134350).
cost(6, 16, 445506).
cost(6, 17, 298493).
cost(6, 18, 369220).
cost(6, 19, 264759).
cost(6, 20, 106339).
cost(6, 21, 212986).
cost(6, 22, 27151).
cost(6, 23, 277124).
cost(6, 24, 177604).
cost(6, 25, 151209).
cost(6, 26, 392858).
cost(6, 27, 184479).
cost(7, 1, 151544).
cost(7, 2, 196011).
cost(7, 3, 161246).
cost(7, 4, 353626).
cost(7, 5, 377599).
cost(7, 6, 231424).
cost(7, 8, 52018).
cost(7, 9, 385748).
cost(7, 10, 171730).
cost(7, 11, 326604).
cost(7, 12, 20302).
cost(7, 13, 270506).
cost(7, 14, 176389).
cost(7, 15, 218534).
cost(7, 16, 247235).
cost(7, 17, 325568).
cost(7, 18, 262180).
cost(7, 19, 191564).
cost(7, 20, 125155).
cost(7, 21, 205460).
cost(7, 22, 208065).
cost(7, 23, 77636).
cost(7, 24, 371497).
cost(7, 25, 363272).
cost(7, 26, 164508).
cost(7, 27, 307732).
cost(8, 1, 177949).
cost(8, 2, 236854).
cost(8, 3, 209660).
cost(8, 4, 393451).
cost(8, 5, 429483).
cost(8, 6, 275726).
cost(8, 7, 52018).
cost(8, 9, 421590).
cost(8, 10, 182248).
cost(8, 11, 365557).
cost(8, 12, 68346).
cost(8, 13, 299734).
cost(8, 14, 225465).
cost(8, 15, 270552).
cost(8, 16, 195872).
cost(8, 17, 372560).
cost(8, 18, 290400).
cost(8, 19, 178985).
cost(8, 20, 170947).
cost(8, 21, 254113).
cost(8, 22, 250897).
cost(8, 23, 98017).
cost(8, 24, 422276).
cost(8, 25, 412491).
cost(8, 26, 136439).
cost(8, 27, 359727).
cost(9, 1, 246725).
cost(9, 2, 192229).
cost(9, 3, 248329).
cost(9, 4, 531715).
cost(9, 5, 344063).
cost(9, 6, 171424).
cost(9, 7, 385748).
cost(9, 8, 421590).
cost(9, 10, 270655).
cost(9, 11, 66013).
cost(9, 12, 386935).
cost(9, 13, 539856).
cost(9, 14, 368792).
cost(9, 15, 292957).
cost(9, 16, 559503).
cost(9, 17, 442778).
cost(9, 18, 538504).
cost(9, 19, 342461).
cost(9, 20, 267371).
cost(9, 21, 378057).
cost(9, 22, 185420).
cost(9, 23, 442330).
cost(9, 24, 233211).
cost(9, 25, 188912).
cost(9, 26, 550256).
cost(9, 27, 306918).
cost(10, 1, 57160).
cost(10, 2, 139536).
cost(10, 3, 172038).
cost(10, 4, 481308).
cost(10, 5, 417859).
cost(10, 6, 184402).
cost(10, 7, 171730).
cost(10, 8, 182248).
cost(10, 9, 270655).
cost(10, 11, 230594).
cost(10, 12, 185282).
cost(10, 13, 424947).
cost(10, 14, 282942).
cost(10, 15, 269555).
cost(10, 16, 288917).
cost(10, 17, 425457).
cost(10, 18, 418379).
cost(10, 19, 80858).
cost(10, 20, 139303).
cost(10, 21, 309377).
cost(10, 22, 158844).
cost(10, 23, 248636).
cost(10, 24, 361897).
cost(10, 25, 334432).
cost(10, 26, 318494).
cost(10, 27, 348683).
cost(11, 1, 196605).
cost(11, 2, 130808).
cost(11, 3, 183287).
cost(11, 4, 469201).
cost(11, 5, 294779).
cost(11, 6, 105750).
cost(11, 7, 326604).
cost(11, 8, 365557).
cost(11, 9, 66013).
cost(11, 10, 230594).
cost(11, 12, 326212).
cost(11, 13, 474035).
cost(11, 14, 302877).
cost(11, 15, 228268).
cost(11, 16, 515770).
cost(11, 17, 382142).
cost(11, 18, 472590).
cost(11, 19, 308166).
cost(11, 20, 205086).
cost(11, 21, 312654).
cost(11, 22, 121640).
cost(11, 23, 379585).
cost(11, 24, 191949).
cost(11, 25, 149467).
cost(11, 26, 490715).
cost(11, 27, 249981).
cost(12, 1, 159732).
cost(12, 2, 195439).
cost(12, 3, 154542).
cost(12, 4, 333324).
cost(12, 5, 361881).
cost(12, 6, 227893).
cost(12, 7, 20302).
cost(12, 8, 68346).
cost(12, 9, 386935).
cost(12, 10, 185282).
cost(12, 11, 326212).
cost(12, 13, 251230).
cost(12, 14, 157558).
cost(12, 15, 204132).
cost(12, 16, 264203).
cost(12, 17, 306040).
cost(12, 18, 243092).
cost(12, 19, 210050).
cost(12, 20, 121917).
cost(12, 21, 186448).
cost(12, 22, 205908).
cost(12, 23, 63757).
cost(12, 24, 360549).
cost(12, 25, 354462).
cost(12, 26, 165053).
cost(12, 27, 292668).
cost(13, 1, 382777).
cost(13, 2, 368062).
cost(13, 3, 302283).
cost(13, 4, 125875).
cost(13, 5, 318043).
cost(13, 6, 371278).
cost(13, 7, 270506).
cost(13, 8, 299734).
cost(13, 9, 539856).
cost(13, 10, 424947).
cost(13, 11, 474035).
cost(13, 12, 251230).
cost(13, 14, 171353).
cost(13, 15, 250421).
cost(13, 16, 465121).
cost(13, 17, 177187).
cost(13, 18, 10993).
cost(13, 19, 460965).
cost(13, 20, 305482).
cost(13, 21, 163509).
cost(13, 22, 365386).
cost(13, 23, 201720).
cost(13, 24, 393122).
cost(13, 25, 415270).
cost(13, 26, 265318).
cost(13, 27, 284008).
cost(14, 1, 231839).
cost(14, 2, 200078).
cost(14, 3, 134284).
cost(14, 4, 198634).
cost(14, 5, 216164).
cost(14, 6, 199997).
cost(14, 7, 176389).
cost(14, 8, 225465).
cost(14, 9, 368792).
cost(14, 10, 282942).
cost(14, 11, 302877).
cost(14, 12, 157558).
cost(14, 13, 171353).
cost(14, 15, 86648).
cost(14, 16, 420598).
cost(14, 17, 150814).
cost(14, 18, 169714).
cost(14, 19, 338362).
cost(14, 20, 147605).
cost(14, 21, 29327).
cost(14, 22, 195434).
cost(14, 23, 155551).
cost(14, 24, 249500).
cost(14, 25, 260922).
cost(14, 26, 277054).
cost(14, 27, 154568).
cost(15, 1, 212800).
cost(15, 2, 151746).
cost(15, 3, 97785).
cost(15, 4, 244177).
cost(15, 5, 160745).
cost(15, 6, 134350).
cost(15, 7, 218534).
cost(15, 8, 270552).
cost(15, 9, 292957).
cost(15, 10, 269555).
cost(15, 11, 228268).
cost(15, 12, 204132).
cost(15, 13, 250421).
cost(15, 14, 86648).
cost(15, 16, 464544).
cost(15, 17, 166040).
cost(15, 18, 250551).
cost(15, 19, 339231).
cost(15, 20, 133037).
cost(15, 21, 86913).
cost(15, 22, 139970).
cost(15, 23, 224174).
cost(15, 24, 166265).
cost(15, 25, 174511).
cost(15, 26, 349148).
cost(15, 27, 89698).
cost(16, 1, 320224).
cost(16, 2, 400933).
cost(16, 3, 392707).
cost(16, 4, 574568).
cost(16, 5, 624522).
cost(16, 6, 445506).
cost(16, 7, 247235).
cost(16, 8, 195872).
cost(16, 9, 559503).
cost(16, 10, 288917).
cost(16, 11, 515770).
cost(16, 12, 264203).
cost(16, 13, 465121).
cost(16, 14, 420598).
cost(16, 15, 464544).
cost(16, 17, 564933).
cost(16, 18, 454520).
cost(16, 19, 225320).
cost(16, 20, 350782).
cost(16, 21, 448823).
cost(16, 22, 418551).
cost(16, 23, 276832).
cost(16, 24, 608352).
cost(16, 25, 592718).
cost(16, 26, 210687).
cost(16, 27, 554155).
cost(17, 1, 370763).
cost(17, 2, 317572).
cost(17, 3, 259255).
cost(17, 4, 95089).
cost(17, 5, 148648).
cost(17, 6, 298493).
cost(17, 7, 325568).
cost(17, 8, 372560).
cost(17, 9, 442778).
cost(17, 10, 425457).
cost(17, 11, 382142).
cost(17, 12, 306040).
cost(17, 13, 177187).
cost(17, 14, 150814).
cost(17, 15, 166040).
cost(17, 16, 564933).
cost(17, 18, 184565).
cost(17, 19, 486629).
cost(17, 20, 286241).
cost(17, 21, 121549).
cost(17, 22, 305971).
cost(17, 23, 290032).
cost(17, 24, 245997).
cost(17, 25, 279329).
cost(17, 26, 397291).
cost(17, 27, 140532).
cost(18, 1, 377099).
cost(18, 2, 364677).
cost(18, 3, 299085).
cost(18, 4, 136370).
cost(18, 5, 323576).
cost(18, 6, 369220).
cost(18, 7, 262180).
cost(18, 8, 290400).
cost(18, 9, 538504).
cost(18, 10, 418379).
cost(18, 11, 472590).
cost(18, 12, 243092).
cost(18, 13, 10993).
cost(18, 14, 169714).
cost(18, 15, 250551).
cost(18, 16, 454520).
cost(18, 17, 184565).
cost(18, 19, 453032).
cost(18, 20, 300847).
cost(18, 21, 163742).
cost(18, 22, 362556).
cost(18, 23, 192397).
cost(18, 24, 396119).
cost(18, 25, 417246).
cost(18, 26, 254356).
cost(18, 27, 287480).
cost(19, 1, 133886).
cost(19, 2, 219395).
cost(19, 3, 244035).
cost(19, 4, 532827).
cost(19, 5, 492823).
cost(19, 6, 264759).
cost(19, 7, 191564).
cost(19, 8, 178985).
cost(19, 9, 342461).
cost(19, 10, 80858).
cost(19, 11, 308166).
cost(19, 12, 210050).
cost(19, 13, 460965).
cost(19, 14, 338362).
cost(19, 15, 339231).
cost(19, 16, 225320).
cost(19, 17, 486629).
cost(19, 18, 453032).
cost(19, 20, 206206).
cost(19, 21, 366642).
cost(19, 22, 238765).
cost(19, 23, 267188).
cost(19, 24, 441936).
cost(19, 25, 415182).
cost(19, 26, 304954).
cost(19, 27, 422482).
cost(20, 1, 85002).
cost(20, 2, 75192).
cost(20, 3, 42322).
cost(20, 4, 345865).
cost(20, 5, 289280).
cost(20, 6, 106339).
cost(20, 7, 125155).
cost(20, 8, 170947).
cost(20, 9, 267371).
cost(20, 10, 139303).
cost(20, 11, 205086).
cost(20, 12, 121917).
cost(20, 13, 305482).
cost(20, 14, 147605).
cost(20, 15, 133037).
cost(20, 16, 350782).
cost(20, 17, 286241).
cost(20, 18, 300847).
cost(20, 19, 206206).
cost(20, 21, 172150).
cost(20, 22, 84056).
cost(20, 23, 174961).
cost(20, 24, 257650).
cost(20, 25, 243237).
cost(20, 26, 286966).
cost(20, 27, 218090).
cost(21, 1, 257020).
cost(21, 2, 218529).
cost(21, 3, 153877).
cost(21, 4, 174091).
cost(21, 5, 194641).
cost(21, 6, 212986).
cost(21, 7, 205460).
cost(21, 8, 254113).
cost(21, 9, 378057).
cost(21, 10, 309377).
cost(21, 11, 312654).
cost(21, 12, 186448).
cost(21, 13, 163509).
cost(21, 14, 29327).
cost(21, 15, 86913).
cost(21, 16, 448823).
cost(21, 17, 121549).
cost(21, 18, 163742).
cost(21, 19, 366642).
cost(21, 20, 172150).
cost(21, 22, 211767).
cost(21, 23, 180544).
cost(21, 24, 239907).
cost(21, 25, 256085).
cost(21, 26, 299364).
cost(21, 27, 138211).
cost(22, 1, 105884).
cost(22, 2, 19372).
cost(22, 3, 64337).
cost(22, 4, 381635).
cost(22, 5, 265785).
cost(22, 6, 27151).
cost(22, 7, 208065).
cost(22, 8, 250897).
cost(22, 9, 185420).
cost(22, 10, 158844).
cost(22, 11, 121640).
cost(22, 12, 205908).
cost(22, 13, 365386).
cost(22, 14, 195434).
cost(22, 15, 139970).
cost(22, 16, 418551).
cost(22, 17, 305971).
cost(22, 18, 362556).
cost(22, 19, 238765).
cost(22, 20, 84056).
cost(22, 21, 211767).
cost(22, 23, 257975).
cost(22, 24, 203177).
cost(22, 25, 178101).
cost(22, 26, 370917).
cost(22, 27, 200804).
cost(23, 1, 222847).
cost(23, 2, 250136).
cost(23, 3, 199826).
cost(23, 4, 299512).
cost(23, 5, 371251).
cost(23, 6, 277124).
cost(23, 7, 77636).
cost(23, 8, 98017).
cost(23, 9, 442330).
cost(23, 10, 248636).
cost(23, 11, 379585).
cost(23, 12, 63757).
cost(23, 13, 201720).
cost(23, 14, 155551).
cost(23, 15, 224174).
cost(23, 16, 276832).
cost(23, 17, 290032).
cost(23, 18, 192397).
cost(23, 19, 267188).
cost(23, 20, 174961).
cost(23, 21, 180544).
cost(23, 22, 257975).
cost(23, 24, 388880).
cost(23, 25, 389353).
cost(23, 26, 125022).
cost(23, 27, 306636).
cost(24, 1, 308612).
cost(24, 2, 222544).
cost(24, 3, 215646).
cost(24, 4, 341077).
cost(24, 5, 115770).
cost(24, 6, 177604).
cost(24, 7, 371497).
cost(24, 8, 422276).
cost(24, 9, 233211).
cost(24, 10, 361897).
cost(24, 11, 191949).
cost(24, 12, 360549).
cost(24, 13, 393122).
cost(24, 14, 249500).
cost(24, 15, 166265).
cost(24, 16, 608352).
cost(24, 17, 245997).
cost(24, 18, 396119).
cost(24, 19, 441936).
cost(24, 20, 257650).
cost(24, 21, 239907).
cost(24, 22, 203177).
cost(24, 23, 388880).
cost(24, 25, 44301).
cost(24, 26, 513818).
cost(24, 27, 109944).
cost(25, 1, 283779).
cost(25, 2, 197228).
cost(25, 3, 202896).
cost(25, 4, 373840).
cost(25, 5, 158132).
cost(25, 6, 151209).
cost(25, 7, 363272).
cost(25, 8, 412491).
cost(25, 9, 188912).
cost(25, 10, 334432).
cost(25, 11, 149467).
cost(25, 12, 354462).
cost(25, 13, 415270).
cost(25, 14, 260922).
cost(25, 15, 174511).
cost(25, 16, 592718).
cost(25, 17, 279329).
cost(25, 18, 417246).
cost(25, 19, 415182).
cost(25, 20, 243237).
cost(25, 21, 256085).
cost(25, 22, 178101).
cost(25, 23, 389353).
cost(25, 24, 44301).
cost(25, 26, 513223).
cost(25, 27, 139238).
cost(26, 1, 312028).
cost(26, 2, 359929).
cost(26, 3, 318204).
cost(26, 4, 384749).
cost(26, 5, 493118).
cost(26, 6, 392858).
cost(26, 7, 164508).
cost(26, 8, 136439).
cost(26, 9, 550256).
cost(26, 10, 318494).
cost(26, 11, 490715).
cost(26, 12, 165053).
cost(26, 13, 265318).
cost(26, 14, 277054).
cost(26, 15, 349148).
cost(26, 16, 210687).
cost(26, 17, 397291).
cost(26, 18, 254356).
cost(26, 19, 304954).
cost(26, 20, 286966).
cost(26, 21, 299364).
cost(26, 22, 370917).
cost(26, 23, 125022).
cost(26, 24, 513818).
cost(26, 25, 513223).
cost(26, 27, 430384).
cost(27, 1, 291558).
cost(27, 2, 217311).
cost(27, 3, 178479).
cost(27, 4, 234665).
cost(27, 5, 71476).
cost(27, 6, 184479).
cost(27, 7, 307732).
cost(27, 8, 359727).
cost(27, 9, 306918).
cost(27, 10, 348683).
cost(27, 11, 249981).
cost(27, 12, 292668).
cost(27, 13, 284008).
cost(27, 14, 154568).
cost(27, 15, 89698).
cost(27, 16, 554155).
cost(27, 17, 140532).
cost(27, 18, 287480).
cost(27, 19, 422482).
cost(27, 20, 218090).
cost(27, 21, 138211).
cost(27, 22, 200804).
cost(27, 23, 306636).
cost(27, 24, 109944).
cost(27, 25, 139238).
cost(27, 26, 430384).
