dimension(27).
point(1, 96841.0, 197773.0).
point(2, 2486.0, 29794.0).
point(3, -175169.0, -86945.0).
point(4, 125177.0, 231471.0).
point(5, -284896.0, -221004.0).
point(6, -39210.0, 103049.0).
point(7, -13038.0, 381661.0).
point(8, 267892.0, 148550.0).
point(9, 150642.0, 204570.0).
point(10, 107353.0, -9803.0).
point(11, 237338.0, -15216.0).
point(12, 289785.0, 239957.0).
point(13, 117007.0, -191034.0).
point(14, 83449.0, -20673.0).
point(15, -251525.0, 272210.0).
point(16, 363129.0, 532165.0).
point(17, -294897.0, -175967.0).
point(18, 171643.0, -12921.0).
point(19, -135330.0, -307719.0).
point(20, 56369.0, 14341.0).
point(21, 394828.0, -67495.0).
point(22, 128192.0, -179608.0).
point(23, -21287.0, -8925.0).
point(24, 78421.0, -1456.0).
point(25, -86324.0, 226421.0).
point(26, -159301.0, -175602.0).
point(27, -62643.0, 15246.0).
cost(1, 2, 192665).
cost(1, 3, 393769).
cost(1, 4, 44028).
cost(1, 5, 566654).
cost(1, 6, 165778).
cost(1, 7, 214215).
cost(1, 8, 177993).
cost(1, 9, 54229).
cost(1, 10, 207842).
cost(1, 11, 255154).
cost(1, 12, 197502).
cost(1, 13, 389330).
cost(1, 14, 218856).
cost(1, 15, 356230).
cost(1, 16, 427466).
cost(1, 17, 541424).
cost(1, 18, 223578).
cost(1, 19, 556260).
cost(1, 20, 187844).
cost(1, 21, 398953).
cost(1, 22, 378681).
cost(1, 23, 238072).
cost(1, 24, 200079).
cost(1, 25, 185392).
cost(1, 26, 452789).
cost(1, 27, 242387).
cost(2, 1, 192665).
cost(2, 3, 212578).
cost(2, 4, 236065).
cost(2, 5, 381429).
cost(2, 6, 84290).
cost(2, 7, 352209).
cost(2, 8, 290763).
cost(2, 9, 229122).
cost(2, 10, 112094).
cost(2, 11, 239126).
cost(2, 12, 355962).
cost(2, 13, 248757).
cost(2, 14, 95404).
cost(2, 15, 351123).
cost(2, 16, 618417).
cost(2, 17, 361627).
cost(2, 18, 174467).
cost(2, 19, 364566).
cost(2, 20, 56055).
cost(2, 21, 404224).
cost(2, 22, 244236).
cost(2, 23, 45435).
cost(2, 24, 82114).
cost(2, 25, 215753).
cost(2, 26, 261462).
cost(2, 27, 66734).
cost(3, 1, 393769).
cost(3, 2, 212578).
cost(3, 4, 437717).
cost(3, 5, 173239).
cost(3, 6, 233629).
cost(3, 7, 495861).
cost(3, 8, 501758).
cost(3, 9, 437189).
cost(3, 10, 292864).
cost(3, 11, 418697).
cost(3, 12, 568372).
cost(3, 13, 310163).
cost(3, 14, 266974).
cost(3, 15, 367182).
cost(3, 16, 820404).
cost(3, 17, 149197).
cost(3, 18, 354624).
cost(3, 19, 224340).
cost(3, 20, 252723).
cost(3, 21, 570329).
cost(3, 22, 317198).
cost(3, 23, 172531).
cost(3, 24, 267612).
cost(3, 25, 325717).
cost(3, 26, 90066).
cost(3, 27, 152004).
cost(4, 1, 44028).
cost(4, 2, 236065).
cost(4, 3, 437717).
cost(4, 5, 610650).
cost(4, 6, 208603).
cost(4, 7, 204109).
cost(4, 8, 165056).
cost(4, 9, 37042).
cost(4, 10, 241931).
cost(4, 11, 270988).
cost(4, 12, 164827).
cost(4, 13, 422584).
cost(4, 14, 255574).
cost(4, 15, 378898).
cost(4, 16, 383455).
cost(4, 17, 585208).
cost(4, 18, 248770).
cost(4, 19, 598824).
cost(4, 20, 227772).
cost(4, 21, 402607).
cost(4, 22, 411090).
cost(4, 23, 281499).
cost(4, 24, 237573).
cost(4, 25, 211561).
cost(4, 26, 496625).
cost(4, 27, 286408).
cost(5, 1, 566654).
cost(5, 2, 381429).
cost(5, 3, 173239).
cost(5, 4, 610650).
cost(5, 6, 406660).
cost(5, 7, 661144).
cost(5, 8, 664940).
cost(5, 9, 608939).
cost(5, 10, 445494).
cost(5, 11, 561317).
cost(5, 12, 736711).
cost(5, 13, 403019).
cost(5, 14, 419298).
cost(5, 15, 494342).
cost(5, 16, 993579).
cost(5, 17, 46134).
cost(5, 18, 501723).
cost(5, 19, 172886).
cost(5, 20, 414547).
cost(5, 21, 696843).
cost(5, 22, 415157).
cost(5, 23, 338330).
cost(5, 24, 424500).
cost(5, 25, 489510).
cost(5, 26, 133549).
cost(5, 27, 324362).
cost(6, 1, 165778).
cost(6, 2, 84290).
cost(6, 3, 233629).
cost(6, 4, 208603).
cost(6, 5, 406660).
cost(6, 7, 279839).
cost(6, 8, 310454).
cost(6, 9, 215291).
cost(6, 10, 184976).
cost(6, 11, 300775).
cost(6, 12, 356345).
cost(6, 13, 332999).
cost(6, 14, 174219).
cost(6, 15, 271465).
cost(6, 16, 588232).
cost(6, 17, 378452).
cost(6, 18, 240641).
cost(6, 19, 421864).
cost(6, 20, 130401).
cost(6, 21, 466341).
cost(6, 22, 328509).
cost(6, 23, 113399).
cost(6, 24, 157348).
cost(6, 25, 132062).
cost(6, 26, 303427).
cost(6, 27, 90876).
cost(7, 1, 214215).
cost(7, 2, 352209).
cost(7, 3, 495861).
cost(7, 4, 204109).
cost(7, 5, 661144).
cost(7, 6, 279839).
cost(7, 8, 365051).
cost(7, 9, 241148).
cost(7, 10, 409558).
cost(7, 11, 469254).
cost(7, 12, 334338).
cost(7, 13, 587274).
cost(7, 14, 413742).
cost(7, 15, 262403).
cost(7, 16, 405158).
cost(7, 17, 624815).
cost(7, 18, 435663).
cost(7, 19, 700143).
cost(7, 20, 373820).
cost(7, 21, 606709).
cost(7, 22, 578765).
cost(7, 23, 390673).
cost(7, 24, 393882).
cost(7, 25, 171669).
cost(7, 26, 576138).
cost(7, 27, 369757).
cost(8, 1, 177993).
cost(8, 2, 290763).
cost(8, 3, 501758).
cost(8, 4, 165056).
cost(8, 5, 664940).
cost(8, 6, 310454).
cost(8, 7, 365051).
cost(8, 9, 129945).
cost(8, 10, 225496).
cost(8, 11, 166592).
cost(8, 12, 93992).
cost(8, 13, 371596).
cost(8, 14, 250311).
cost(8, 15, 533934).
cost(8, 16, 395260).
cost(8, 17, 649648).
cost(8, 18, 187981).
cost(8, 19, 608908).
cost(8, 20, 250508).
cost(8, 21, 250576).
cost(8, 22, 356656).
cost(8, 23, 329276).
cost(8, 24, 241663).
cost(8, 25, 362675).
cost(8, 26, 536254).
cost(8, 27, 356403).
cost(9, 1, 54229).
cost(9, 2, 229122).
cost(9, 3, 437189).
cost(9, 4, 37042).
cost(9, 5, 608939).
cost(9, 6, 215291).
cost(9, 7, 241148).
cost(9, 8, 129945).
cost(9, 10, 218700).
cost(9, 11, 236267).
cost(9, 12, 143572).
cost(9, 13, 397031).
cost(9, 14, 235052).
cost(9, 15, 407815).
cost(9, 16, 390473).
cost(9, 17, 585930).
cost(9, 18, 218503).
cost(9, 19, 586703).
cost(9, 20, 212307).
cost(9, 21, 365576).
cost(9, 22, 384833).
cost(9, 23, 274116).
cost(9, 24, 218318).
cost(9, 25, 237971).
cost(9, 26, 490505).
cost(9, 27, 285191).
cost(10, 1, 207842).
cost(10, 2, 112094).
cost(10, 3, 292864).
cost(10, 4, 241931).
cost(10, 5, 445494).
cost(10, 6, 184976).
cost(10, 7, 409558).
cost(10, 8, 225496).
cost(10, 9, 218700).
cost(10, 11, 130098).
cost(10, 12, 309292).
cost(10, 13, 181488).
cost(10, 14, 26259).
cost(10, 15, 456426).
cost(10, 16, 599292).
cost(10, 17, 435219).
cost(10, 18, 64366).
cost(10, 19, 384251).
cost(10, 20, 56412).
cost(10, 21, 293207).
cost(10, 22, 171079).
cost(10, 23, 128643).
cost(10, 24, 30112).
cost(10, 25, 305471).
cost(10, 26, 313996).
cost(10, 27, 171832).
cost(11, 1, 255154).
cost(11, 2, 239126).
cost(11, 3, 418697).
cost(11, 4, 270988).
cost(11, 5, 561317).
cost(11, 6, 300775).
cost(11, 7, 469254).
cost(11, 8, 166592).
cost(11, 9, 236267).
cost(11, 10, 130098).
cost(11, 12, 260507).
cost(11, 13, 213053).
cost(11, 14, 153986).
cost(11, 15, 567099).
cost(11, 16, 561649).
cost(11, 17, 555981).
cost(11, 18, 65735).
cost(11, 19, 473750).
cost(11, 20, 183367).
cost(11, 21, 165940).
cost(11, 22, 197326).
cost(11, 23, 258702).
cost(11, 24, 159512).
cost(11, 25, 403913).
cost(11, 26, 427839).
cost(11, 27, 301524).
cost(12, 1, 197502).
cost(12, 2, 355962).
cost(12, 3, 568372).
cost(12, 4, 164827).
cost(12, 5, 736711).
cost(12, 6, 356345).
cost(12, 7, 334338).
cost(12, 8, 93992).
cost(12, 9, 143572).
cost(12, 10, 309292).
cost(12, 11, 260507).
cost(12, 13, 464333).
cost(12, 14, 332419).
cost(12, 15, 542270).
cost(12, 16, 301272).
cost(12, 17, 717528).
cost(12, 18, 279114).
cost(12, 19, 693305).
cost(12, 20, 324631).
cost(12, 21, 324901).
cost(12, 22, 449608).
cost(12, 23, 398382).
cost(12, 24, 320866).
cost(12, 25, 376352).
cost(12, 26, 611856).
cost(12, 27, 417972).
cost(13, 1, 389330).
cost(13, 2, 248757).
cost(13, 3, 310163).
cost(13, 4, 422584).
cost(13, 5, 403019).
cost(13, 6, 332999).
cost(13, 7, 587274).
cost(13, 8, 371596).
cost(13, 9, 397031).
cost(13, 10, 181488).
cost(13, 11, 213053).
cost(13, 12, 464333).
cost(13, 14, 173635).
cost(13, 15, 591955).
cost(13, 16, 763932).
cost(13, 17, 412179).
cost(13, 18, 186304).
cost(13, 19, 278010).
cost(13, 20, 214140).
cost(13, 21, 304050).
cost(13, 22, 15989).
cost(13, 23, 228668).
cost(13, 24, 193465).
cost(13, 25, 464341).
cost(13, 26, 276739).
cost(13, 27, 273543).
cost(14, 1, 218856).
cost(14, 2, 95404).
cost(14, 3, 266974).
cost(14, 4, 255574).
cost(14, 5, 419298).
cost(14, 6, 174219).
cost(14, 7, 413742).
cost(14, 8, 250311).
cost(14, 9, 235052).
cost(14, 10, 26259).
cost(14, 11, 153986).
cost(14, 12, 332419).
cost(14, 13, 173635).
cost(14, 15, 444958).
cost(14, 16, 619557).
cost(14, 17, 408977).
cost(14, 18, 88534).
cost(14, 19, 360915).
cost(14, 20, 44264).
cost(14, 21, 314880).
cost(14, 22, 165113).
cost(14, 23, 105393).
cost(14, 24, 19864).
cost(14, 25, 299797).
cost(14, 26, 287977).
cost(14, 27, 150443).
cost(15, 1, 356230).
cost(15, 2, 351123).
cost(15, 3, 367182).
cost(15, 4, 378898).
cost(15, 5, 494342).
cost(15, 6, 271465).
cost(15, 7, 262403).
cost(15, 8, 533934).
cost(15, 9, 407815).
cost(15, 10, 456426).
cost(15, 11, 567099).
cost(15, 12, 542270).
cost(15, 13, 591955).
cost(15, 14, 444958).
cost(15, 16, 667365).
cost(15, 17, 450271).
cost(15, 18, 510265).
cost(15, 19, 591455).
cost(15, 20, 401616).
cost(15, 21, 730186).
cost(15, 22, 590190).
cost(15, 23, 363382).
cost(15, 24, 428669).
cost(15, 25, 171429).
cost(15, 26, 457210).
cost(15, 27, 318915).
cost(16, 1, 427466).
cost(16, 2, 618417).
cost(16, 3, 820404).
cost(16, 4, 383455).
cost(16, 5, 993579).
cost(16, 6, 588232).
cost(16, 7, 405158).
cost(16, 8, 395260).
cost(16, 9, 390473).
cost(16, 10, 599292).
cost(16, 11, 561649).
cost(16, 12, 301272).
cost(16, 13, 763932).
cost(16, 14, 619557).
cost(16, 15, 667365).
cost(16, 17, 966669).
cost(16, 18, 577742).
cost(16, 19, 976661).
cost(16, 20, 601867).
cost(16, 21, 600497).
cost(16, 22, 749544).
cost(16, 23, 663742).
cost(16, 24, 604822).
cost(16, 25, 543588).
cost(16, 26, 879697).
cost(16, 27, 669692).
cost(17, 1, 541424).
cost(17, 2, 361627).
cost(17, 3, 149197).
cost(17, 4, 585208).
cost(17, 5, 46134).
cost(17, 6, 378452).
cost(17, 7, 624815).
cost(17, 8, 649648).
cost(17, 9, 585930).
cost(17, 10, 435219).
cost(17, 11, 555981).
cost(17, 12, 717528).
cost(17, 13, 412179).
cost(17, 14, 408977).
cost(17, 15, 450271).
cost(17, 16, 966669).
cost(17, 18, 494210).
cost(17, 19, 206930).
cost(17, 20, 399506).
cost(17, 21, 698203).
cost(17, 22, 423105).
cost(17, 23, 320571).
cost(17, 24, 412093).
cost(17, 25, 453232).
cost(17, 26, 135596).
cost(17, 27, 300839).
cost(18, 1, 223578).
cost(18, 2, 174467).
cost(18, 3, 354624).
cost(18, 4, 248770).
cost(18, 5, 501723).
cost(18, 6, 240641).
cost(18, 7, 435663).
cost(18, 8, 187981).
cost(18, 9, 218503).
cost(18, 10, 64366).
cost(18, 11, 65735).
cost(18, 12, 279114).
cost(18, 13, 186304).
cost(18, 14, 88534).
cost(18, 15, 510265).
cost(18, 16, 577742).
cost(18, 17, 494210).
cost(18, 19, 425603).
cost(18, 20, 118454).
cost(18, 21, 229760).
cost(18, 22, 172257).
cost(18, 23, 192971).
cost(18, 24, 93924).
cost(18, 25, 351897).
cost(18, 26, 368767).
cost(18, 27, 235973).
cost(19, 1, 556260).
cost(19, 2, 364566).
cost(19, 3, 224340).
cost(19, 4, 598824).
cost(19, 5, 172886).
cost(19, 6, 421864).
cost(19, 7, 700143).
cost(19, 8, 608908).
cost(19, 9, 586703).
cost(19, 10, 384251).
cost(19, 11, 473750).
cost(19, 12, 693305).
cost(19, 13, 278010).
cost(19, 14, 360915).
cost(19, 15, 591455).
cost(19, 16, 976661).
cost(19, 17, 206930).
cost(19, 18, 425603).
cost(19, 20, 374795).
cost(19, 21, 582044).
cost(19, 22, 293012).
cost(19, 23, 319818).
cost(19, 24, 373479).
cost(19, 25, 536383).
cost(19, 26, 134274).
cost(19, 27, 331043).
cost(20, 1, 187844).
cost(20, 2, 56055).
cost(20, 3, 252723).
cost(20, 4, 227772).
cost(20, 5, 414547).
cost(20, 6, 130401).
cost(20, 7, 373820).
cost(20, 8, 250508).
cost(20, 9, 212307).
cost(20, 10, 56412).
cost(20, 11, 183367).
cost(20, 12, 324631).
cost(20, 13, 214140).
cost(20, 14, 44264).
cost(20, 15, 401616).
cost(20, 16, 601867).
cost(20, 17, 399506).
cost(20, 18, 118454).
cost(20, 19, 374795).
cost(20, 21, 348212).
cost(20, 22, 206821).
cost(20, 23, 81066).
cost(20, 24, 27126).
cost(20, 25, 255615).
cost(20, 26, 287388).
cost(20, 27, 119015).
cost(21, 1, 398953).
cost(21, 2, 404224).
cost(21, 3, 570329).
cost(21, 4, 402607).
cost(21, 5, 696843).
cost(21, 6, 466341).
cost(21, 7, 606709).
cost(21, 8, 250576).
cost(21, 9, 365576).
cost(21, 10, 293207).
cost(21, 11, 165940).
cost(21, 12, 324901).
cost(21, 13, 304050).
cost(21, 14, 314880).
cost(21, 15, 730186).
cost(21, 16, 600497).
cost(21, 17, 698203).
cost(21, 18, 229760).
cost(21, 19, 582044).
cost(21, 20, 348212).
cost(21, 22, 289247).
cost(21, 23, 420217).
cost(21, 24, 323225).
cost(21, 25, 563821).
cost(21, 26, 564576).
cost(21, 27, 464893).
cost(22, 1, 378681).
cost(22, 2, 244236).
cost(22, 3, 317198).
cost(22, 4, 411090).
cost(22, 5, 415157).
cost(22, 6, 328509).
cost(22, 7, 578765).
cost(22, 8, 356656).
cost(22, 9, 384833).
cost(22, 10, 171079).
cost(22, 11, 197326).
cost(22, 12, 449608).
cost(22, 13, 15989).
cost(22, 14, 165113).
cost(22, 15, 590190).
cost(22, 16, 749544).
cost(22, 17, 423105).
cost(22, 18, 172257).
cost(22, 19, 293012).
cost(22, 20, 206821).
cost(22, 21, 289247).
cost(22, 23, 226885).
cost(22, 24, 184974).
cost(22, 25, 459213).
cost(22, 26, 287521).
cost(22, 27, 272738).
cost(23, 1, 238072).
cost(23, 2, 45435).
cost(23, 3, 172531).
cost(23, 4, 281499).
cost(23, 5, 338330).
cost(23, 6, 113399).
cost(23, 7, 390673).
cost(23, 8, 329276).
cost(23, 9, 274116).
cost(23, 10, 128643).
cost(23, 11, 258702).
cost(23, 12, 398382).
cost(23, 13, 228668).
cost(23, 14, 105393).
cost(23, 15, 363382).
cost(23, 16, 663742).
cost(23, 17, 320571).
cost(23, 18, 192971).
cost(23, 19, 319818).
cost(23, 20, 81066).
cost(23, 21, 420217).
cost(23, 22, 226885).
cost(23, 24, 99987).
cost(23, 25, 244167).
cost(23, 26, 216400).
cost(23, 27, 47902).
cost(24, 1, 200079).
cost(24, 2, 82114).
cost(24, 3, 267612).
cost(24, 4, 237573).
cost(24, 5, 424500).
cost(24, 6, 157348).
cost(24, 7, 393882).
cost(24, 8, 241663).
cost(24, 9, 218318).
cost(24, 10, 30112).
cost(24, 11, 159512).
cost(24, 12, 320866).
cost(24, 13, 193465).
cost(24, 14, 19864).
cost(24, 15, 428669).
cost(24, 16, 604822).
cost(24, 17, 412093).
cost(24, 18, 93924).
cost(24, 19, 373479).
cost(24, 20, 27126).
cost(24, 21, 323225).
cost(24, 22, 184974).
cost(24, 23, 99987).
cost(24, 25, 281192).
cost(24, 26, 294684).
cost(24, 27, 142049).
cost(25, 1, 185392).
cost(25, 2, 215753).
cost(25, 3, 325717).
cost(25, 4, 211561).
cost(25, 5, 489510).
cost(25, 6, 132062).
cost(25, 7, 171669).
cost(25, 8, 362675).
cost(25, 9, 237971).
cost(25, 10, 305471).
cost(25, 11, 403913).
cost(25, 12, 376352).
cost(25, 13, 464341).
cost(25, 14, 299797).
cost(25, 15, 171429).
cost(25, 16, 543588).
cost(25, 17, 453232).
cost(25, 18, 351897).
cost(25, 19, 536383).
cost(25, 20, 255615).
cost(25, 21, 563821).
cost(25, 22, 459213).
cost(25, 23, 244167).
cost(25, 24, 281192).
cost(25, 26, 408593).
cost(25, 27, 212499).
cost(26, 1, 452789).
cost(26, 2, 261462).
cost(26, 3, 90066).
cost(26, 4, 496625).
cost(26, 5, 133549).
cost(26, 6, 303427).
cost(26, 7, 576138).
cost(26, 8, 536254).
cost(26, 9, 490505).
cost(26, 10, 313996).
cost(26, 11, 427839).
cost(26, 12, 611856).
cost(26, 13, 276739).
cost(26, 14, 287977).
cost(26, 15, 457210).
cost(26, 16, 879697).
cost(26, 17, 135596).
cost(26, 18, 368767).
cost(26, 19, 134274).
cost(26, 20, 287388).
cost(26, 21, 564576).
cost(26, 22, 287521).
cost(26, 23, 216400).
cost(26, 24, 294684).
cost(26, 25, 408593).
cost(26, 27, 213929).
cost(27, 1, 242387).
cost(27, 2, 66734).
cost(27, 3, 152004).
cost(27, 4, 286408).
cost(27, 5, 324362).
cost(27, 6, 90876).
cost(27, 7, 369757).
cost(27, 8, 356403).
cost(27, 9, 285191).
cost(27, 10, 171832).
cost(27, 11, 301524).
cost(27, 12, 417972).
cost(27, 13, 273543).
cost(27, 14, 150443).
cost(27, 15, 318915).
cost(27, 16, 669692).
cost(27, 17, 300839).
cost(27, 18, 235973).
cost(27, 19, 331043).
cost(27, 20, 119015).
cost(27, 21, 464893).
cost(27, 22, 272738).
cost(27, 23, 47902).
cost(27, 24, 142049).
cost(27, 25, 212499).
cost(27, 26, 213929).
