dimension(27).
point(1, -338526.0, -1724.0).
point(2, 80594.0, -240544.0).
point(3, -301480.0, 63369.0).
point(4, -164386.0, 12902.0).
point(5, 157183.0, -143014.0).
point(6, 84863.0, -524102.0).
point(7, 161293.0, -101630.0).
point(8, 193776.0, 315197.0).
point(9, 70334.0, -117134.0).
point(10, -118117.0, -193606.0).
point(11, 30447.0, 26449.0).
point(12, 75153.0, 261030.0).
point(13, -358959.0, -196998.0).
point(14, 339774.0, 219643.0).
point(15, 34603.0, -17599.0).
point(16, -169410.0, 180481.0).
point(17, 266594.0, -152580.0).
point(18, 235445.0, 37982.0).
point(19, -133016.0, -150358.0).
point(20, 31204.0, 340207.0).
point(21, 9092.0, -46135.0).
point(22, -44276.0, 107495.0).
point(23, 182172.0, 25601.0).
point(24, -71555.0, 94836.0).
point(25, -32743.0, -9760.0).
point(26, 28712.0, 17829.0).
point(27, 257508.0, -361560.0).
cost(1, 2, 482386).
cost(1, 3, 74897).
cost(1, 4, 174753).
cost(1, 5, 515452).
cost(1, 6, 672411).
cost(1, 7, 509706).
cost(1, 8, 619503).
cost(1, 9, 424836).
cost(1, 10, 292231).
cost(1, 11, 370047).
cost(1, 12, 490071).
cost(1, 13, 196340).
cost(1, 14, 713508).
cost(1, 15, 373467).
cost(1, 16, 248594).
cost(1, 17, 623641).
cost(1, 18, 575343).
cost(1, 19, 253627).
cost(1, 20, 503604).
cost(1, 21, 350443).
cost(1, 22, 313866).
cost(1, 23, 521414).
cost(1, 24, 283897).
cost(1, 25, 305889).
cost(1, 26, 367758).
cost(1, 27, 696232).
cost(2, 1, 482386).
cost(2, 3, 488205).
cost(2, 4, 352491).
cost(2, 5, 124008).
cost(2, 6, 283590).
cost(2, 7, 160653).
cost(2, 8, 567149).
cost(2, 9, 123836).
cost(2, 10, 204179).
cost(2, 11, 271662).
cost(2, 12, 501604).
cost(2, 13, 441705).
cost(2, 14, 528154).
cost(2, 15, 227639).
cost(2, 16, 489657).
cost(2, 17, 205751).
cost(2, 18, 318678).
cost(2, 19, 231868).
cost(2, 20, 582847).
cost(2, 21, 207141).
cost(2, 22, 369762).
cost(2, 23, 284871).
cost(2, 24, 368279).
cost(2, 25, 257112).
cost(2, 26, 263531).
cost(2, 27, 214344).
cost(3, 1, 74897).
cost(3, 2, 488205).
cost(3, 4, 146088).
cost(3, 5, 502957).
cost(3, 6, 703124).
cost(3, 7, 491308).
cost(3, 8, 555604).
cost(3, 9, 413312).
cost(3, 10, 315687).
cost(3, 11, 333974).
cost(3, 12, 425350).
cost(3, 13, 266636).
cost(3, 14, 660021).
cost(3, 15, 345699).
cost(3, 16, 176515).
cost(3, 17, 607735).
cost(3, 18, 537525).
cost(3, 19, 272138).
cost(3, 20, 432802).
cost(3, 21, 329312).
cost(3, 22, 260962).
cost(3, 23, 485124).
cost(3, 24, 232068).
cost(3, 25, 278509).
cost(3, 26, 333318).
cost(3, 27, 702163).
cost(4, 1, 174753).
cost(4, 2, 352491).
cost(4, 3, 146088).
cost(4, 5, 357374).
cost(4, 6, 592029).
cost(4, 7, 345231).
cost(4, 8, 468681).
cost(4, 9, 268333).
cost(4, 10, 211628).
cost(4, 11, 195303).
cost(4, 12, 344886).
cost(4, 13, 286211).
cost(4, 14, 544903).
cost(4, 15, 201313).
cost(4, 16, 167654).
cost(4, 17, 461658).
cost(4, 18, 400617).
cost(4, 19, 166247).
cost(4, 20, 381293).
cost(4, 21, 183248).
cost(4, 22, 152886).
cost(4, 23, 346791).
cost(4, 24, 123818).
cost(4, 25, 133579).
cost(4, 26, 193161).
cost(4, 27, 564107).
cost(5, 1, 515452).
cost(5, 2, 124008).
cost(5, 3, 502957).
cost(5, 4, 357374).
cost(5, 6, 387889).
cost(5, 7, 41588).
cost(5, 8, 459670).
cost(5, 9, 90623).
cost(5, 10, 279910).
cost(5, 11, 211612).
cost(5, 12, 412287).
cost(5, 13, 518957).
cost(5, 14, 406029).
cost(5, 15, 175370).
cost(5, 16, 459687).
cost(5, 17, 109828).
cost(5, 18, 197192).
cost(5, 19, 290292).
cost(5, 20, 499373).
cost(5, 21, 176965).
cost(5, 22, 321466).
cost(5, 23, 170457).
cost(5, 24, 329990).
cost(5, 25, 232010).
cost(5, 26, 205853).
cost(5, 27, 240473).
cost(6, 1, 672411).
cost(6, 2, 283590).
cost(6, 3, 703124).
cost(6, 4, 592029).
cost(6, 5, 387889).
cost(6, 7, 429330).
cost(6, 8, 846336).
cost(6, 9, 407227).
cost(6, 10, 387851).
cost(6, 11, 553234).
cost(6, 12, 785192).
cost(6, 13, 551339).
cost(6, 14, 786216).
cost(6, 15, 508991).
cost(6, 16, 749061).
cost(6, 17, 413588).
cost(6, 18, 581905).
cost(6, 19, 432615).
cost(6, 20, 865973).
cost(6, 21, 483936).
cost(6, 22, 644664).
cost(6, 23, 558249).
cost(6, 24, 638397).
cost(6, 25, 527616).
cost(6, 26, 544832).
cost(6, 27, 237121).
cost(7, 1, 509706).
cost(7, 2, 160653).
cost(7, 3, 491308).
cost(7, 4, 345231).
cost(7, 5, 41588).
cost(7, 6, 429330).
cost(7, 8, 418091).
cost(7, 9, 92271).
cost(7, 10, 294159).
cost(7, 11, 183098).
cost(7, 12, 372750).
cost(7, 13, 528921).
cost(7, 14, 367521).
cost(7, 15, 152025).
cost(7, 16, 434685).
cost(7, 17, 116979).
cost(7, 18, 158082).
cost(7, 19, 298316).
cost(7, 20, 460590).
cost(7, 21, 162003).
cost(7, 22, 293244).
cost(7, 23, 128933).
cost(7, 24, 304659).
cost(7, 25, 214686).
cost(7, 26, 178461).
cost(7, 27, 277166).
cost(8, 1, 619503).
cost(8, 2, 567149).
cost(8, 3, 555604).
cost(8, 4, 468681).
cost(8, 5, 459670).
cost(8, 6, 846336).
cost(8, 7, 418091).
cost(8, 9, 449609).
cost(8, 10, 596790).
cost(8, 11, 331741).
cost(8, 12, 130405).
cost(8, 13, 753565).
cost(8, 14, 174488).
cost(8, 15, 368903).
cost(8, 16, 387366).
cost(8, 17, 473411).
cost(8, 18, 280329).
cost(8, 19, 568801).
cost(8, 20, 164485).
cost(8, 21, 405794).
cost(8, 22, 315925).
cost(8, 23, 289828).
cost(8, 24, 344905).
cost(8, 25, 396116).
cost(8, 26, 340109).
cost(8, 27, 679751).
cost(9, 1, 424836).
cost(9, 2, 123836).
cost(9, 3, 413312).
cost(9, 4, 268333).
cost(9, 5, 90623).
cost(9, 6, 407227).
cost(9, 7, 92271).
cost(9, 8, 449609).
cost(9, 10, 203376).
cost(9, 11, 149020).
cost(9, 12, 378195).
cost(9, 13, 436659).
cost(9, 14, 431296).
cost(9, 15, 105754).
cost(9, 16, 382167).
cost(9, 17, 199435).
cost(9, 18, 226545).
cost(9, 19, 206046).
cost(9, 20, 459012).
cost(9, 21, 93763).
cost(9, 22, 252178).
cost(9, 23, 181331).
cost(9, 24, 255076).
cost(9, 25, 148842).
cost(9, 26, 141235).
cost(9, 27, 307861).
cost(10, 1, 292231).
cost(10, 2, 204179).
cost(10, 3, 315687).
cost(10, 4, 211628).
cost(10, 5, 279910).
cost(10, 6, 387851).
cost(10, 7, 294159).
cost(10, 8, 596790).
cost(10, 9, 203376).
cost(10, 11, 265510).
cost(10, 12, 494011).
cost(10, 13, 240866).
cost(10, 14, 616797).
cost(10, 15, 233028).
cost(10, 16, 377587).
cost(10, 17, 386892).
cost(10, 18, 422657).
cost(10, 19, 45742).
cost(10, 20, 554304).
cost(10, 21, 194756).
cost(10, 22, 310023).
cost(10, 23, 371786).
cost(10, 24, 292176).
cost(10, 25, 202702).
cost(10, 26, 257417).
cost(10, 27, 411464).
cost(11, 1, 370047).
cost(11, 2, 271662).
cost(11, 3, 333974).
cost(11, 4, 195303).
cost(11, 5, 211612).
cost(11, 6, 553234).
cost(11, 7, 183098).
cost(11, 8, 331741).
cost(11, 9, 149020).
cost(11, 10, 265510).
cost(11, 12, 238803).
cost(11, 13, 448961).
cost(11, 14, 364701).
cost(11, 15, 44244).
cost(11, 16, 252327).
cost(11, 17, 296339).
cost(11, 18, 205322).
cost(11, 19, 240792).
cost(11, 20, 313759).
cost(11, 21, 75660).
cost(11, 22, 110236).
cost(11, 23, 151727).
cost(11, 24, 122805).
cost(11, 25, 72829).
cost(11, 26, 8793).
cost(11, 27, 449564).
cost(12, 1, 490071).
cost(12, 2, 501604).
cost(12, 3, 425350).
cost(12, 4, 344886).
cost(12, 5, 412287).
cost(12, 6, 785192).
cost(12, 7, 372750).
cost(12, 8, 130405).
cost(12, 9, 378195).
cost(12, 10, 494011).
cost(12, 11, 238803).
cost(12, 13, 631065).
cost(12, 14, 267838).
cost(12, 15, 281564).
cost(12, 16, 257486).
cost(12, 17, 455766).
cost(12, 18, 274671).
cost(12, 19, 461058).
cost(12, 20, 90557).
cost(12, 21, 314188).
cost(12, 22, 194516).
cost(12, 23, 258611).
cost(12, 24, 221684).
cost(12, 25, 291494).
cost(12, 26, 247595).
cost(12, 27, 648746).
cost(13, 1, 196340).
cost(13, 2, 441705).
cost(13, 3, 266636).
cost(13, 4, 286211).
cost(13, 5, 518957).
cost(13, 6, 551339).
cost(13, 7, 528921).
cost(13, 8, 753565).
cost(13, 9, 436659).
cost(13, 10, 240866).
cost(13, 11, 448961).
cost(13, 12, 631065).
cost(13, 14, 813522).
cost(13, 15, 432522).
cost(13, 16, 422397).
cost(13, 17, 627128).
cost(13, 18, 639165).
cost(13, 19, 230707).
cost(13, 20, 663940).
cost(13, 21, 397770).
cost(13, 22, 437883).
cost(13, 23, 585127).
cost(13, 24, 409595).
cost(13, 25, 376132).
cost(13, 26, 443215).
cost(13, 27, 638053).
cost(14, 1, 713508).
cost(14, 2, 528154).
cost(14, 3, 660021).
cost(14, 4, 544903).
cost(14, 5, 406029).
cost(14, 6, 786216).
cost(14, 7, 367521).
cost(14, 8, 174488).
cost(14, 9, 431296).
cost(14, 10, 616797).
cost(14, 11, 364701).
cost(14, 12, 267838).
cost(14, 13, 813522).
cost(14, 15, 386540).
cost(14, 16, 510688).
cost(14, 17, 379348).
cost(14, 18, 209488).
cost(14, 19, 600359).
cost(14, 20, 331287).
cost(14, 21, 424251).
cost(14, 22, 400089).
cost(14, 23, 249981).
cost(14, 24, 429847).
cost(14, 25, 437487).
cost(14, 26, 370794).
cost(14, 27, 586996).
cost(15, 1, 373467).
cost(15, 2, 227639).
cost(15, 3, 345699).
cost(15, 4, 201313).
cost(15, 5, 175370).
cost(15, 6, 508991).
cost(15, 7, 152025).
cost(15, 8, 368903).
cost(15, 9, 105754).
cost(15, 10, 233028).
cost(15, 11, 44244).
cost(15, 12, 281564).
cost(15, 13, 432522).
cost(15, 14, 386540).
cost(15, 16, 284354).
cost(15, 17, 268402).
cost(15, 18, 208391).
cost(15, 19, 213825).
cost(15, 20, 357822).
cost(15, 21, 38277).
cost(15, 22, 147886).
cost(15, 23, 153762).
cost(15, 24, 154632).
cost(15, 25, 67801).
cost(15, 26, 35914).
cost(15, 27, 409873).
cost(16, 1, 248594).
cost(16, 2, 489657).
cost(16, 3, 176515).
cost(16, 4, 167654).
cost(16, 5, 459687).
cost(16, 6, 749061).
cost(16, 7, 434685).
cost(16, 8, 387366).
cost(16, 9, 382167).
cost(16, 10, 377587).
cost(16, 11, 252327).
cost(16, 12, 257486).
cost(16, 13, 422397).
cost(16, 14, 510688).
cost(16, 15, 284354).
cost(16, 17, 548661).
cost(16, 18, 429201).
cost(16, 19, 332835).
cost(16, 20, 256434).
cost(16, 21, 288475).
cost(16, 22, 144864).
cost(16, 23, 384184).
cost(16, 24, 130041).
cost(16, 25, 234242).
cost(16, 26, 256336).
cost(16, 27, 689976).
cost(17, 1, 623641).
cost(17, 2, 205751).
cost(17, 3, 607735).
cost(17, 4, 461658).
cost(17, 5, 109828).
cost(17, 6, 413588).
cost(17, 7, 116979).
cost(17, 8, 473411).
cost(17, 9, 199435).
cost(17, 10, 386892).
cost(17, 11, 296339).
cost(17, 12, 455766).
cost(17, 13, 627128).
cost(17, 14, 379348).
cost(17, 15, 268402).
cost(17, 16, 548661).
cost(17, 18, 193091).
cost(17, 19, 399616).
cost(17, 20, 546120).
cost(17, 21, 278636).
cost(17, 22, 405314).
cost(17, 23, 197169).
cost(17, 24, 418998).
cost(17, 25, 331663).
cost(17, 26, 292621).
cost(17, 27, 209177).
cost(18, 1, 575343).
cost(18, 2, 318678).
cost(18, 3, 537525).
cost(18, 4, 400617).
cost(18, 5, 197192).
cost(18, 6, 581905).
cost(18, 7, 158082).
cost(18, 8, 280329).
cost(18, 9, 226545).
cost(18, 10, 422657).
cost(18, 11, 205322).
cost(18, 12, 274671).
cost(18, 13, 639165).
cost(18, 14, 209488).
cost(18, 15, 208391).
cost(18, 16, 429201).
cost(18, 17, 193091).
cost(18, 19, 413806).
cost(18, 20, 364766).
cost(18, 21, 241477).
cost(18, 22, 288229).
cost(18, 23, 54693).
cost(18, 24, 312220).
cost(18, 25, 272404).
cost(18, 26, 207713).
cost(18, 27, 400151).
cost(19, 1, 253627).
cost(19, 2, 231868).
cost(19, 3, 272138).
cost(19, 4, 166247).
cost(19, 5, 290292).
cost(19, 6, 432615).
cost(19, 7, 298316).
cost(19, 8, 568801).
cost(19, 9, 206046).
cost(19, 10, 45742).
cost(19, 11, 240792).
cost(19, 12, 461058).
cost(19, 13, 230707).
cost(19, 14, 600359).
cost(19, 15, 213825).
cost(19, 16, 332835).
cost(19, 17, 399616).
cost(19, 18, 413806).
cost(19, 20, 517322).
cost(19, 21, 176230).
cost(19, 22, 272696).
cost(19, 23, 360978).
cost(19, 24, 252780).
cost(19, 25, 172692).
cost(19, 26, 233330).
cost(19, 27, 443977).
cost(20, 1, 503604).
cost(20, 2, 582847).
cost(20, 3, 432802).
cost(20, 4, 381293).
cost(20, 5, 499373).
cost(20, 6, 865973).
cost(20, 7, 460590).
cost(20, 8, 164485).
cost(20, 9, 459012).
cost(20, 10, 554304).
cost(20, 11, 313759).
cost(20, 12, 90557).
cost(20, 13, 663940).
cost(20, 14, 331287).
cost(20, 15, 357822).
cost(20, 16, 256434).
cost(20, 17, 546120).
cost(20, 18, 364766).
cost(20, 19, 517322).
cost(20, 21, 386974).
cost(20, 22, 244647).
cost(20, 23, 348953).
cost(20, 24, 266019).
cost(20, 25, 355761).
cost(20, 26, 322388).
cost(20, 27, 737354).
cost(21, 1, 350443).
cost(21, 2, 207141).
cost(21, 3, 329312).
cost(21, 4, 183248).
cost(21, 5, 176965).
cost(21, 6, 483936).
cost(21, 7, 162003).
cost(21, 8, 405794).
cost(21, 9, 93763).
cost(21, 10, 194756).
cost(21, 11, 75660).
cost(21, 12, 314188).
cost(21, 13, 397770).
cost(21, 14, 424251).
cost(21, 15, 38277).
cost(21, 16, 288475).
cost(21, 17, 278636).
cost(21, 18, 241477).
cost(21, 19, 176230).
cost(21, 20, 386974).
cost(21, 22, 162636).
cost(21, 23, 187357).
cost(21, 24, 162409).
cost(21, 25, 55437).
cost(21, 26, 66905).
cost(21, 27, 401501).
cost(22, 1, 313866).
cost(22, 2, 369762).
cost(22, 3, 260962).
cost(22, 4, 152886).
cost(22, 5, 321466).
cost(22, 6, 644664).
cost(22, 7, 293244).
cost(22, 8, 315925).
cost(22, 9, 252178).
cost(22, 10, 310023).
cost(22, 11, 110236).
cost(22, 12, 194516).
cost(22, 13, 437883).
cost(22, 14, 400089).
cost(22, 15, 147886).
cost(22, 16, 144864).
cost(22, 17, 405314).
cost(22, 18, 288229).
cost(22, 19, 272696).
cost(22, 20, 244647).
cost(22, 21, 162636).
cost(22, 23, 240801).
cost(22, 24, 30073).
cost(22, 25, 117821).
cost(22, 26, 115617).
cost(22, 27, 557751).
cost(23, 1, 521414).
cost(23, 2, 284871).
cost(23, 3, 485124).
cost(23, 4, 346791).
cost(23, 5, 170457).
cost(23, 6, 558249).
cost(23, 7, 128933).
cost(23, 8, 289828).
cost(23, 9, 181331).
cost(23, 10, 371786).
cost(23, 11, 151727).
cost(23, 12, 258611).
cost(23, 13, 585127).
cost(23, 14, 249981).
cost(23, 15, 153762).
cost(23, 16, 384184).
cost(23, 17, 197169).
cost(23, 18, 54693).
cost(23, 19, 360978).
cost(23, 20, 348953).
cost(23, 21, 187357).
cost(23, 22, 240801).
cost(23, 24, 263004).
cost(23, 25, 217805).
cost(23, 26, 153657).
cost(23, 27, 394423).
cost(24, 1, 283897).
cost(24, 2, 368279).
cost(24, 3, 232068).
cost(24, 4, 123818).
cost(24, 5, 329990).
cost(24, 6, 638397).
cost(24, 7, 304659).
cost(24, 8, 344905).
cost(24, 9, 255076).
cost(24, 10, 292176).
cost(24, 11, 122805).
cost(24, 12, 221684).
cost(24, 13, 409595).
cost(24, 14, 429847).
cost(24, 15, 154632).
cost(24, 16, 130041).
cost(24, 17, 418998).
cost(24, 18, 312220).
cost(24, 19, 252780).
cost(24, 20, 266019).
cost(24, 21, 162409).
cost(24, 22, 30073).
cost(24, 23, 263004).
cost(24, 25, 111565).
cost(24, 26, 126426).
cost(24, 27, 562654).
cost(25, 1, 305889).
cost(25, 2, 257112).
cost(25, 3, 278509).
cost(25, 4, 133579).
cost(25, 5, 232010).
cost(25, 6, 527616).
cost(25, 7, 214686).
cost(25, 8, 396116).
cost(25, 9, 148842).
cost(25, 10, 202702).
cost(25, 11, 72829).
cost(25, 12, 291494).
cost(25, 13, 376132).
cost(25, 14, 437487).
cost(25, 15, 67801).
cost(25, 16, 234242).
cost(25, 17, 331663).
cost(25, 18, 272404).
cost(25, 19, 172692).
cost(25, 20, 355761).
cost(25, 21, 55437).
cost(25, 22, 117821).
cost(25, 23, 217805).
cost(25, 24, 111565).
cost(25, 26, 67364).
cost(25, 27, 456080).
cost(26, 1, 367758).
cost(26, 2, 263531).
cost(26, 3, 333318).
cost(26, 4, 193161).
cost(26, 5, 205853).
cost(26, 6, 544832).
cost(26, 7, 178461).
cost(26, 8, 340109).
cost(26, 9, 141235).
cost(26, 10, 257417).
cost(26, 11, 8793).
cost(26, 12, 247595).
cost(26, 13, 443215).
cost(26, 14, 370794).
cost(26, 15, 35914).
cost(26, 16, 256336).
cost(26, 17, 292621).
cost(26, 18, 207713).
cost(26, 19, 233330).
cost(26, 20, 322388).
cost(26, 21, 66905).
cost(26, 22, 115617).
cost(26, 23, 153657).
cost(26, 24, 126426).
cost(26, 25, 67364).
cost(26, 27, 443039).
cost(27, 1, 696232).
cost(27, 2, 214344).
cost(27, 3, 702163).
cost(27, 4, 564107).
cost(27, 5, 240473).
cost(27, 6, 237121).
cost(27, 7, 277166).
cost(27, 8, 679751).
cost(27, 9, 307861).
cost(27, 10, 411464).
cost(27, 11, 449564).
cost(27, 12, 648746).
cost(27, 13, 638053).
cost(27, 14, 586996).
cost(27, 15, 409873).
cost(27, 16, 689976).
cost(27, 17, 209177).
cost(27, 18, 400151).
cost(27, 19, 443977).
cost(27, 20, 737354).
cost(27, 21, 401501).
cost(27, 22, 557751).
cost(27, 23, 394423).
cost(27, 24, 562654).
cost(27, 25, 456080).
cost(27, 26, 443039).
