dimension(27).
point(1, 122892.0, -173809.0).
point(2, -52208.0, 311578.0).
point(3, 150516.0, -57925.0).
point(4, -231097.0, -243715.0).
point(5, -325687.0, 82971.0).
point(6, -16707.0, -162952.0).
point(7, -372748.0, -204906.0).
point(8, 178736.0, 179367.0).
point(9, -9679.0, -216843.0).
point(10, 746.0, -34995.0).
point(11, 123580.0, -22760.0).
point(12, 21857.0, -300597.0).
point(13, -466489.0, 154811.0).
point(14, -284446.0, 192308.0).
point(15, 361570.0, 266200.0).
point(16, -88847.0, 118220.0).
point(17, -66506.0, -232470.0).
point(18, -30784.0, -207497.0).
point(19, -384030.0, -96627.0).
point(20, 266740.0, -136113.0).
point(21, 53846.0, 325695.0).
point(22, -56146.0, -214007.0).
point(23, 137961.0, 169045.0).
point(24, 20916.0, -150786.0).
point(25, -164389.0, -18222.0).
point(26, -4817.0, -154751.0).
point(27, -353731.0, -157186.0).
cost(1, 2, 516004).
cost(1, 3, 119131).
cost(1, 4, 360826).
cost(1, 5, 516874).
cost(1, 6, 140021).
cost(1, 7, 496615).
cost(1, 8, 357564).
cost(1, 9, 139381).
cost(1, 10, 184903).
cost(1, 11, 151051).
cost(1, 12, 162121).
cost(1, 13, 674804).
cost(1, 14, 547691).
cost(1, 15, 500575).
cost(1, 16, 360714).
cost(1, 17, 198274).
cost(1, 18, 157325).
cost(1, 19, 512764).
cost(1, 20, 148705).
cost(1, 21, 504254).
cost(1, 22, 183495).
cost(1, 23, 343185).
cost(1, 24, 104543).
cost(1, 25, 326707).
cost(1, 26, 129123).
cost(1, 27, 476913).
cost(2, 1, 516004).
cost(2, 3, 421461).
cost(2, 4, 583397).
cost(2, 5, 356443).
cost(2, 6, 475856).
cost(2, 7, 607866).
cost(2, 8, 266111).
cost(2, 9, 530130).
cost(2, 10, 350595).
cost(2, 11, 377734).
cost(2, 12, 616639).
cost(2, 13, 442950).
cost(2, 14, 261074).
cost(2, 15, 416259).
cost(2, 16, 196799).
cost(2, 17, 544236).
cost(2, 18, 519517).
cost(2, 19, 526058).
cost(2, 20, 549686).
cost(2, 21, 106989).
cost(2, 22, 525600).
cost(2, 23, 237655).
cost(2, 24, 468111).
cost(2, 25, 348357).
cost(2, 26, 468731).
cost(2, 27, 557365).
cost(3, 1, 119131).
cost(3, 2, 421461).
cost(3, 4, 424437).
cost(3, 5, 496609).
cost(3, 6, 197469).
cost(3, 7, 543515).
cost(3, 8, 238964).
cost(3, 9, 225649).
cost(3, 10, 151515).
cost(3, 11, 44296).
cost(3, 12, 274669).
cost(3, 13, 652650).
cost(3, 14, 501805).
cost(3, 15, 386783).
cost(3, 16, 297190).
cost(3, 17, 278504).
cost(3, 18, 235035).
cost(3, 19, 535945).
cost(3, 20, 140076).
cost(3, 21, 395613).
cost(3, 22, 258980).
cost(3, 23, 227317).
cost(3, 24, 159434).
cost(3, 25, 317398).
cost(3, 26, 183040).
cost(3, 27, 513924).
cost(4, 1, 360826).
cost(4, 2, 583397).
cost(4, 3, 424437).
cost(4, 5, 340104).
cost(4, 6, 229098).
cost(4, 7, 146871).
cost(4, 8, 589034).
cost(4, 9, 223043).
cost(4, 10, 311954).
cost(4, 11, 417872).
cost(4, 12, 259271).
cost(4, 13, 462852).
cost(4, 14, 439275).
cost(4, 15, 781836).
cost(4, 16, 388886).
cost(4, 17, 164975).
cost(4, 18, 203561).
cost(4, 19, 212187).
cost(4, 20, 509333).
cost(4, 21, 636726).
cost(4, 22, 177455).
cost(4, 23, 553692).
cost(4, 24, 268601).
cost(4, 25, 235153).
cost(4, 26, 243140).
cost(4, 27, 150088).
cost(5, 1, 516874).
cost(5, 2, 356443).
cost(5, 3, 496609).
cost(5, 4, 340104).
cost(5, 6, 394901).
cost(5, 7, 291698).
cost(5, 8, 513551).
cost(5, 9, 435602).
cost(5, 10, 347094).
cost(5, 11, 461541).
cost(5, 12, 517601).
cost(5, 13, 158070).
cost(5, 14, 116856).
cost(5, 15, 711263).
cost(5, 16, 239449).
cost(5, 17, 408262).
cost(5, 18, 413932).
cost(5, 19, 188837).
cost(5, 20, 631639).
cost(5, 21, 450511).
cost(5, 22, 401059).
cost(5, 23, 471570).
cost(5, 24, 418062).
cost(5, 25, 190413).
cost(5, 26, 399336).
cost(5, 27, 241789).
cost(6, 1, 140021).
cost(6, 2, 475856).
cost(6, 3, 197469).
cost(6, 4, 229098).
cost(6, 5, 394901).
cost(6, 7, 358504).
cost(6, 8, 394183).
cost(6, 9, 54347).
cost(6, 10, 129142).
cost(6, 11, 198329).
cost(6, 12, 142945).
cost(6, 13, 550706).
cost(6, 14, 444853).
cost(6, 15, 572071).
cost(6, 16, 290279).
cost(6, 17, 85514).
cost(6, 18, 46716).
cost(6, 19, 373263).
cost(6, 20, 284715).
cost(6, 21, 493714).
cost(6, 22, 64514).
cost(6, 23, 366257).
cost(6, 24, 39541).
cost(6, 25, 206777).
cost(6, 26, 14444).
cost(6, 27, 337073).
cost(7, 1, 496615).
cost(7, 2, 607866).
cost(7, 3, 543515).
cost(7, 4, 146871).
cost(7, 5, 291698).
cost(7, 6, 358504).
cost(7, 8, 672161).
cost(7, 9, 363265).
cost(7, 10, 410326).
cost(7, 11, 528695).
cost(7, 12, 406042).
cost(7, 13, 371731).
cost(7, 14, 406911).
cost(7, 15, 872447).
cost(7, 16, 430128).
cost(7, 17, 307480).
cost(7, 18, 341974).
cost(7, 19, 108865).
cost(7, 20, 643178).
cost(7, 21, 680823).
cost(7, 22, 316733).
cost(7, 23, 632979).
cost(7, 24, 397367).
cost(7, 25, 279758).
cost(7, 26, 371334).
cost(7, 27, 51370).
cost(8, 1, 357564).
cost(8, 2, 266111).
cost(8, 3, 238964).
cost(8, 4, 589034).
cost(8, 5, 513551).
cost(8, 6, 394183).
cost(8, 7, 672161).
cost(8, 9, 438728).
cost(8, 10, 278624).
cost(8, 11, 209517).
cost(8, 12, 504952).
cost(8, 13, 645692).
cost(8, 14, 463363).
cost(8, 15, 202406).
cost(8, 16, 274481).
cost(8, 17, 479326).
cost(8, 18, 439957).
cost(8, 19, 626800).
cost(8, 20, 327525).
cost(8, 21, 192378).
cost(8, 22, 458162).
cost(8, 23, 42061).
cost(8, 24, 365935).
cost(8, 25, 395950).
cost(8, 26, 381217).
cost(8, 27, 629912).
cost(9, 1, 139381).
cost(9, 2, 530130).
cost(9, 3, 225649).
cost(9, 4, 223043).
cost(9, 5, 435602).
cost(9, 6, 54347).
cost(9, 7, 363265).
cost(9, 8, 438728).
cost(9, 10, 182147).
cost(9, 11, 235428).
cost(9, 12, 89494).
cost(9, 13, 588899).
cost(9, 14, 492850).
cost(9, 15, 609226).
cost(9, 16, 344289).
cost(9, 17, 58937).
cost(9, 18, 23082).
cost(9, 19, 393180).
cost(9, 20, 287967).
cost(9, 21, 546244).
cost(9, 22, 46553).
cost(9, 23, 413167).
cost(9, 24, 72798).
cost(9, 25, 251765).
cost(9, 26, 62282).
cost(9, 27, 349186).
cost(10, 1, 184903).
cost(10, 2, 350595).
cost(10, 3, 151515).
cost(10, 4, 311954).
cost(10, 5, 347094).
cost(10, 6, 129142).
cost(10, 7, 410326).
cost(10, 8, 278624).
cost(10, 9, 182147).
cost(10, 11, 123442).
cost(10, 12, 266440).
cost(10, 13, 504316).
cost(10, 14, 364693).
cost(10, 15, 470013).
cost(10, 16, 177487).
cost(10, 17, 208613).
cost(10, 18, 175360).
cost(10, 19, 389681).
cost(10, 20, 284566).
cost(10, 21, 364578).
cost(10, 22, 187835).
cost(10, 23, 245887).
cost(10, 24, 117535).
cost(10, 25, 165985).
cost(10, 26, 119885).
cost(10, 27, 374946).
cost(11, 1, 151051).
cost(11, 2, 377734).
cost(11, 3, 44296).
cost(11, 4, 417872).
cost(11, 5, 461541).
cost(11, 6, 198329).
cost(11, 7, 528695).
cost(11, 8, 209517).
cost(11, 9, 235428).
cost(11, 10, 123442).
cost(11, 12, 295873).
cost(11, 13, 616208).
cost(11, 14, 461237).
cost(11, 15, 374349).
cost(11, 16, 254952).
cost(11, 17, 283039).
cost(11, 18, 240741).
cost(11, 19, 512956).
cost(11, 20, 182603).
cost(11, 21, 355364).
cost(11, 22, 262444).
cost(11, 23, 192343).
cost(11, 24, 164105).
cost(11, 25, 288005).
cost(11, 26, 184140).
cost(11, 27, 495879).
cost(12, 1, 162121).
cost(12, 2, 616639).
cost(12, 3, 274669).
cost(12, 4, 259271).
cost(12, 5, 517601).
cost(12, 6, 142945).
cost(12, 7, 406042).
cost(12, 8, 504952).
cost(12, 9, 89494).
cost(12, 10, 266440).
cost(12, 11, 295873).
cost(12, 13, 667741).
cost(12, 14, 580325).
cost(12, 15, 660805).
cost(12, 16, 433201).
cost(12, 17, 111576).
cost(12, 18, 106952).
cost(12, 19, 454255).
cost(12, 20, 294996).
cost(12, 21, 627108).
cost(12, 22, 116543).
cost(12, 23, 483781).
cost(12, 24, 149814).
cost(12, 25, 338265).
cost(12, 26, 148265).
cost(12, 27, 402036).
cost(13, 1, 674804).
cost(13, 2, 442950).
cost(13, 3, 652650).
cost(13, 4, 462852).
cost(13, 5, 158070).
cost(13, 6, 550706).
cost(13, 7, 371731).
cost(13, 8, 645692).
cost(13, 9, 588899).
cost(13, 10, 504316).
cost(13, 11, 616208).
cost(13, 12, 667741).
cost(13, 14, 185865).
cost(13, 15, 835517).
cost(13, 16, 379411).
cost(13, 17, 556752).
cost(13, 18, 566662).
cost(13, 19, 264614).
cost(13, 20, 788836).
cost(13, 21, 547677).
cost(13, 22, 551732).
cost(13, 23, 604618).
cost(13, 24, 575285).
cost(13, 25, 348145).
cost(13, 26, 555850).
cost(13, 27, 331748).
cost(14, 1, 547691).
cost(14, 2, 261074).
cost(14, 3, 501805).
cost(14, 4, 439275).
cost(14, 5, 116856).
cost(14, 6, 444853).
cost(14, 7, 406911).
cost(14, 8, 463363).
cost(14, 9, 492850).
cost(14, 10, 364693).
cost(14, 11, 461237).
cost(14, 12, 580325).
cost(14, 13, 185865).
cost(14, 15, 650228).
cost(14, 16, 209160).
cost(14, 17, 477425).
cost(14, 18, 473485).
cost(14, 19, 305615).
cost(14, 20, 641612).
cost(14, 21, 363639).
cost(14, 22, 466061).
cost(14, 23, 423047).
cost(14, 24, 459303).
cost(14, 25, 242356).
cost(14, 26, 445693).
cost(14, 27, 356295).
cost(15, 1, 500575).
cost(15, 2, 416259).
cost(15, 3, 386783).
cost(15, 4, 781836).
cost(15, 5, 711263).
cost(15, 6, 572071).
cost(15, 7, 872447).
cost(15, 8, 202406).
cost(15, 9, 609226).
cost(15, 10, 470013).
cost(15, 11, 374349).
cost(15, 12, 660805).
cost(15, 13, 835517).
cost(15, 14, 650228).
cost(15, 16, 474103).
cost(15, 17, 657207).
cost(15, 18, 615086).
cost(15, 19, 829194).
cost(15, 20, 413338).
cost(15, 21, 313423).
cost(15, 22, 636463).
cost(15, 23, 243803).
cost(15, 24, 538444).
cost(15, 25, 597937).
cost(15, 26, 558067).
cost(15, 27, 831211).
cost(16, 1, 360714).
cost(16, 2, 196799).
cost(16, 3, 297190).
cost(16, 4, 388886).
cost(16, 5, 239449).
cost(16, 6, 290279).
cost(16, 7, 430128).
cost(16, 8, 274481).
cost(16, 9, 344289).
cost(16, 10, 177487).
cost(16, 11, 254952).
cost(16, 12, 433201).
cost(16, 13, 379411).
cost(16, 14, 209160).
cost(16, 15, 474103).
cost(16, 17, 351401).
cost(16, 18, 330852).
cost(16, 19, 365092).
cost(16, 20, 437181).
cost(16, 21, 251808).
cost(16, 22, 333832).
cost(16, 23, 232433).
cost(16, 24, 290538).
cost(16, 25, 155958).
cost(16, 26, 285612).
cost(16, 27, 382115).
cost(17, 1, 198274).
cost(17, 2, 544236).
cost(17, 3, 278504).
cost(17, 4, 164975).
cost(17, 5, 408262).
cost(17, 6, 85514).
cost(17, 7, 307480).
cost(17, 8, 479326).
cost(17, 9, 58937).
cost(17, 10, 208613).
cost(17, 11, 283039).
cost(17, 12, 111576).
cost(17, 13, 556752).
cost(17, 14, 477425).
cost(17, 15, 657207).
cost(17, 16, 351401).
cost(17, 18, 43586).
cost(17, 19, 345362).
cost(17, 20, 346897).
cost(17, 21, 570993).
cost(17, 22, 21171).
cost(17, 23, 450579).
cost(17, 24, 119645).
cost(17, 25, 235549).
cost(17, 26, 99226).
cost(17, 27, 296927).
cost(18, 1, 157325).
cost(18, 2, 519517).
cost(18, 3, 235035).
cost(18, 4, 203561).
cost(18, 5, 413932).
cost(18, 6, 46716).
cost(18, 7, 341974).
cost(18, 8, 439957).
cost(18, 9, 23082).
cost(18, 10, 175360).
cost(18, 11, 240741).
cost(18, 12, 106952).
cost(18, 13, 566662).
cost(18, 14, 473485).
cost(18, 15, 615086).
cost(18, 16, 330852).
cost(18, 17, 43586).
cost(18, 19, 370236).
cost(18, 20, 305968).
cost(18, 21, 539867).
cost(18, 22, 26184).
cost(18, 23, 412624).
cost(18, 24, 76740).
cost(18, 25, 231679).
cost(18, 26, 58791).
cost(18, 27, 326842).
cost(19, 1, 512764).
cost(19, 2, 526058).
cost(19, 3, 535945).
cost(19, 4, 212187).
cost(19, 5, 188837).
cost(19, 6, 373263).
cost(19, 7, 108865).
cost(19, 8, 626800).
cost(19, 9, 393180).
cost(19, 10, 389681).
cost(19, 11, 512956).
cost(19, 12, 454255).
cost(19, 13, 264614).
cost(19, 14, 305615).
cost(19, 15, 829194).
cost(19, 16, 365092).
cost(19, 17, 345362).
cost(19, 18, 370236).
cost(19, 20, 651967).
cost(19, 21, 608351).
cost(19, 22, 348261).
cost(19, 23, 585710).
cost(19, 24, 408552).
cost(19, 25, 233216).
cost(19, 26, 383642).
cost(19, 27, 67716).
cost(20, 1, 148705).
cost(20, 2, 549686).
cost(20, 3, 140076).
cost(20, 4, 509333).
cost(20, 5, 631639).
cost(20, 6, 284715).
cost(20, 7, 643178).
cost(20, 8, 327525).
cost(20, 9, 287967).
cost(20, 10, 284566).
cost(20, 11, 182603).
cost(20, 12, 294996).
cost(20, 13, 788836).
cost(20, 14, 641612).
cost(20, 15, 413338).
cost(20, 16, 437181).
cost(20, 17, 346897).
cost(20, 18, 305968).
cost(20, 19, 651967).
cost(20, 21, 508518).
cost(20, 22, 332149).
cost(20, 23, 331218).
cost(20, 24, 246262).
cost(20, 25, 446957).
cost(20, 26, 272196).
cost(20, 27, 620829).
cost(21, 1, 504254).
cost(21, 2, 106989).
cost(21, 3, 395613).
cost(21, 4, 636726).
cost(21, 5, 450511).
cost(21, 6, 493714).
cost(21, 7, 680823).
cost(21, 8, 192378).
cost(21, 9, 546244).
cost(21, 10, 364578).
cost(21, 11, 355364).
cost(21, 12, 627108).
cost(21, 13, 547677).
cost(21, 14, 363639).
cost(21, 15, 313423).
cost(21, 16, 251808).
cost(21, 17, 570993).
cost(21, 18, 539867).
cost(21, 19, 608351).
cost(21, 20, 508518).
cost(21, 22, 550796).
cost(21, 23, 177805).
cost(21, 24, 477618).
cost(21, 25, 407315).
cost(21, 26, 484014).
cost(21, 27, 631896).
cost(22, 1, 183495).
cost(22, 2, 525600).
cost(22, 3, 258980).
cost(22, 4, 177455).
cost(22, 5, 401059).
cost(22, 6, 64514).
cost(22, 7, 316733).
cost(22, 8, 458162).
cost(22, 9, 46553).
cost(22, 10, 187835).
cost(22, 11, 262444).
cost(22, 12, 116543).
cost(22, 13, 551732).
cost(22, 14, 466061).
cost(22, 15, 636463).
cost(22, 16, 333832).
cost(22, 17, 21171).
cost(22, 18, 26184).
cost(22, 19, 348261).
cost(22, 20, 332149).
cost(22, 21, 550796).
cost(22, 23, 429426).
cost(22, 24, 99677).
cost(22, 25, 223715).
cost(22, 26, 78396).
cost(22, 27, 302961).
cost(23, 1, 343185).
cost(23, 2, 237655).
cost(23, 3, 227317).
cost(23, 4, 553692).
cost(23, 5, 471570).
cost(23, 6, 366257).
cost(23, 7, 632979).
cost(23, 8, 42061).
cost(23, 9, 413167).
cost(23, 10, 245887).
cost(23, 11, 192343).
cost(23, 12, 483781).
cost(23, 13, 604618).
cost(23, 14, 423047).
cost(23, 15, 243803).
cost(23, 16, 232433).
cost(23, 17, 450579).
cost(23, 18, 412624).
cost(23, 19, 585710).
cost(23, 20, 331218).
cost(23, 21, 177805).
cost(23, 22, 429426).
cost(23, 24, 340575).
cost(23, 25, 355647).
cost(23, 26, 353878).
cost(23, 27, 590074).
cost(24, 1, 104543).
cost(24, 2, 468111).
cost(24, 3, 159434).
cost(24, 4, 268601).
cost(24, 5, 418062).
cost(24, 6, 39541).
cost(24, 7, 397367).
cost(24, 8, 365935).
cost(24, 9, 72798).
cost(24, 10, 117535).
cost(24, 11, 164105).
cost(24, 12, 149814).
cost(24, 13, 575285).
cost(24, 14, 459303).
cost(24, 15, 538444).
cost(24, 16, 290538).
cost(24, 17, 119645).
cost(24, 18, 76740).
cost(24, 19, 408552).
cost(24, 20, 246262).
cost(24, 21, 477618).
cost(24, 22, 99677).
cost(24, 23, 340575).
cost(24, 25, 227840).
cost(24, 26, 26037).
cost(24, 27, 374702).
cost(25, 1, 326707).
cost(25, 2, 348357).
cost(25, 3, 317398).
cost(25, 4, 235153).
cost(25, 5, 190413).
cost(25, 6, 206777).
cost(25, 7, 279758).
cost(25, 8, 395950).
cost(25, 9, 251765).
cost(25, 10, 165985).
cost(25, 11, 288005).
cost(25, 12, 338265).
cost(25, 13, 348145).
cost(25, 14, 242356).
cost(25, 15, 597937).
cost(25, 16, 155958).
cost(25, 17, 235549).
cost(25, 18, 231679).
cost(25, 19, 233216).
cost(25, 20, 446957).
cost(25, 21, 407315).
cost(25, 22, 223715).
cost(25, 23, 355647).
cost(25, 24, 227840).
cost(25, 26, 210008).
cost(25, 27, 234865).
cost(26, 1, 129123).
cost(26, 2, 468731).
cost(26, 3, 183040).
cost(26, 4, 243140).
cost(26, 5, 399336).
cost(26, 6, 14444).
cost(26, 7, 371334).
cost(26, 8, 381217).
cost(26, 9, 62282).
cost(26, 10, 119885).
cost(26, 11, 184140).
cost(26, 12, 148265).
cost(26, 13, 555850).
cost(26, 14, 445693).
cost(26, 15, 558067).
cost(26, 16, 285612).
cost(26, 17, 99226).
cost(26, 18, 58791).
cost(26, 19, 383642).
cost(26, 20, 272196).
cost(26, 21, 484014).
cost(26, 22, 78396).
cost(26, 23, 353878).
cost(26, 24, 26037).
cost(26, 25, 210008).
cost(26, 27, 348922).
cost(27, 1, 476913).
cost(27, 2, 557365).
cost(27, 3, 513924).
cost(27, 4, 150088).
cost(27, 5, 241789).
cost(27, 6, 337073).
cost(27, 7, 51370).
cost(27, 8, 629912).
cost(27, 9, 349186).
cost(27, 10, 374946).
cost(27, 11, 495879).
cost(27, 12, 402036).
cost(27, 13, 331748).
cost(27, 14, 356295).
cost(27, 15, 831211).
cost(27, 16, 382115).
cost(27, 17, 296927).
cost(27, 18, 326842).
cost(27, 19, 67716).
cost(27, 20, 620829).
cost(27, 21, 631896).
cost(27, 22, 302961).
cost(27, 23, 590074).
cost(27, 24, 374702).
cost(27, 25, 234865).
cost(27, 26, 348922).
