dimension(27).
point(1, -71327.0, 151248.0).
point(2, 60719.0, -130235.0).
point(3, 165428.0, 9753.0).
point(4, 93499.0, 204473.0).
point(5, -118982.0, 135973.0).
point(6, 61494.0, -95113.0).
point(7, 258276.0, 432467.0).
point(8, 146622.0, -177509.0).
point(9, -95871.0, -133364.0).
point(10, 49854.0, -268625.0).
point(11, 120461.0, -63753.0).
point(12, -146255.0, 100968.0).
point(13, -178403.0, -269366.0).
point(14, 3100.0, 27845.0).
point(15, 124872.0, 275411.0).
point(16, -95313.0, -24699.0).
point(17, 123735.0, -266324.0).
point(18, 7074.0, -26960.0).
point(19, 103473.0, 109869.0).
point(20, 126517.0, 150978.0).
point(21, -347783.0, 47260.0).
point(22, -35284.0, -188840.0).
point(23, -532416.0, -73975.0).
point(24, 43076.0, -12115.0).
point(25, -46001.0, 21047.0).
point(26, 258744.0, -139338.0).
point(27, -270486.0, -40013.0).
cost(1, 2, 310916).
cost(1, 3, 275815).
cost(1, 4, 173207).
cost(1, 5, 50043).
cost(1, 6, 279884).
cost(1, 7, 433269).
cost(1, 8, 394440).
cost(1, 9, 285668).
cost(1, 10, 437010).
cost(1, 11, 288111).
cost(1, 12, 90235).
cost(1, 13, 434029).
cost(1, 14, 144110).
cost(1, 15, 232186).
cost(1, 16, 177574).
cost(1, 17, 460886).
cost(1, 18, 194692).
cost(1, 19, 179631).
cost(1, 20, 197844).
cost(1, 21, 295367).
cost(1, 22, 341993).
cost(1, 23, 513155).
cost(1, 24, 199438).
cost(1, 25, 132641).
cost(1, 26, 439758).
cost(1, 27, 276125).
cost(2, 1, 310916).
cost(2, 3, 174816).
cost(2, 4, 336309).
cost(2, 5, 321184).
cost(2, 6, 35131).
cost(2, 7, 596374).
cost(2, 8, 98052).
cost(2, 9, 156621).
cost(2, 10, 138816).
cost(2, 11, 89381).
cost(2, 12, 310311).
cost(2, 13, 276653).
cost(2, 14, 168253).
cost(2, 15, 410688).
cost(2, 16, 188372).
cost(2, 17, 149971).
cost(2, 18, 116377).
cost(2, 19, 243881).
cost(2, 20, 288808).
cost(2, 21, 445397).
cost(2, 22, 112477).
cost(2, 23, 595797).
cost(2, 24, 119430).
cost(2, 25, 185136).
cost(2, 26, 198234).
cost(2, 27, 343274).
cost(3, 1, 275815).
cost(3, 2, 174816).
cost(3, 4, 207580).
cost(3, 5, 311160).
cost(3, 6, 147645).
cost(3, 7, 432791).
cost(3, 8, 188204).
cost(3, 9, 297926).
cost(3, 10, 301416).
cost(3, 11, 86169).
cost(3, 12, 324756).
cost(3, 13, 442862).
cost(3, 14, 163333).
cost(3, 15, 268736).
cost(3, 16, 263007).
cost(3, 17, 279207).
cost(3, 18, 162554).
cost(3, 19, 117735).
cost(3, 20, 146487).
cost(3, 21, 514580).
cost(3, 22, 282355).
cost(3, 23, 702849).
cost(3, 24, 124291).
cost(3, 25, 211730).
cost(3, 26, 175886).
cost(3, 27, 438746).
cost(4, 1, 173207).
cost(4, 2, 336309).
cost(4, 3, 207580).
cost(4, 5, 223250).
cost(4, 6, 301291).
cost(4, 7, 281305).
cost(4, 8, 385658).
cost(4, 9, 387292).
cost(4, 10, 475107).
cost(4, 11, 269578).
cost(4, 12, 261142).
cost(4, 13, 546310).
cost(4, 14, 198417).
cost(4, 15, 77566).
cost(4, 16, 296934).
cost(4, 17, 471767).
cost(4, 18, 247044).
cost(4, 19, 95128).
cost(4, 20, 62864).
cost(4, 21, 468450).
cost(4, 22, 413860).
cost(4, 23, 685057).
cost(4, 24, 222380).
cost(4, 25, 230446).
cost(4, 26, 381460).
cost(4, 27, 438473).
cost(5, 1, 50043).
cost(5, 2, 321184).
cost(5, 3, 311160).
cost(5, 4, 223250).
cost(5, 6, 293210).
cost(5, 7, 479825).
cost(5, 8, 410873).
cost(5, 9, 270327).
cost(5, 10, 438412).
cost(5, 11, 311807).
cost(5, 12, 44375).
cost(5, 13, 409671).
cost(5, 14, 163082).
cost(5, 15, 280905).
cost(5, 16, 162406).
cost(5, 17, 469845).
cost(5, 18, 206003).
cost(5, 19, 223981).
cost(5, 20, 245957).
cost(5, 21, 245397).
cost(5, 22, 335423).
cost(5, 23, 463687).
cost(5, 24, 219529).
cost(5, 25, 136140).
cost(5, 26, 467411).
cost(5, 27, 232217).
cost(6, 1, 279884).
cost(6, 2, 35131).
cost(6, 3, 147645).
cost(6, 4, 301291).
cost(6, 5, 293210).
cost(6, 7, 563084).
cost(6, 8, 118473).
cost(6, 9, 161947).
cost(6, 10, 173902).
cost(6, 11, 66787).
cost(6, 12, 285670).
cost(6, 13, 296504).
cost(6, 14, 136120).
cost(6, 15, 375905).
cost(6, 16, 171891).
cost(6, 17, 182173).
cost(6, 18, 87214).
cost(6, 19, 209236).
cost(6, 20, 254536).
cost(6, 21, 433333).
cost(6, 22, 134725).
cost(6, 23, 594286).
cost(6, 24, 85017).
cost(6, 25, 158267).
cost(6, 26, 202147).
cost(6, 27, 336522).
cost(7, 1, 433269).
cost(7, 2, 596374).
cost(7, 3, 432791).
cost(7, 4, 281305).
cost(7, 5, 479825).
cost(7, 6, 563084).
cost(7, 8, 620111).
cost(7, 9, 667521).
cost(7, 10, 731416).
cost(7, 11, 515002).
cost(7, 12, 523008).
cost(7, 13, 826594).
cost(7, 14, 478366).
cost(7, 15, 206066).
cost(7, 16, 577950).
cost(7, 17, 711625).
cost(7, 18, 523618).
cost(7, 19, 357818).
cost(7, 20, 310800).
cost(7, 21, 718117).
cost(7, 22, 687168).
cost(7, 23, 938977).
cost(7, 24, 493927).
cost(7, 25, 511714).
cost(7, 26, 571805).
cost(7, 27, 709103).
cost(8, 1, 394440).
cost(8, 2, 98052).
cost(8, 3, 188204).
cost(8, 4, 385658).
cost(8, 5, 410873).
cost(8, 6, 118473).
cost(8, 7, 620111).
cost(8, 9, 246478).
cost(8, 10, 132914).
cost(8, 11, 116725).
cost(8, 12, 404137).
cost(8, 13, 337756).
cost(8, 14, 250537).
cost(8, 15, 453442).
cost(8, 16, 286153).
cost(8, 17, 91717).
cost(8, 18, 205277).
cost(8, 19, 290599).
cost(8, 20, 329102).
cost(8, 21, 543100).
cost(8, 22, 182259).
cost(8, 23, 686886).
cost(8, 24, 195133).
cost(8, 25, 276637).
cost(8, 26, 118441).
cost(8, 27, 439186).
cost(9, 1, 285668).
cost(9, 2, 156621).
cost(9, 3, 297926).
cost(9, 4, 387292).
cost(9, 5, 270327).
cost(9, 6, 161947).
cost(9, 7, 667521).
cost(9, 8, 246478).
cost(9, 10, 198825).
cost(9, 11, 227256).
cost(9, 12, 239687).
cost(9, 13, 159085).
cost(9, 14, 189166).
cost(9, 15, 464569).
cost(9, 16, 108666).
cost(9, 17, 256720).
cost(9, 18, 148052).
cost(9, 19, 314484).
cost(9, 20, 360980).
cost(9, 21, 309975).
cost(9, 22, 82148).
cost(9, 23, 440566).
cost(9, 24, 184411).
cost(9, 25, 162265).
cost(9, 26, 354665).
cost(9, 27, 198002).
cost(10, 1, 437010).
cost(10, 2, 138816).
cost(10, 3, 301416).
cost(10, 4, 475107).
cost(10, 5, 438412).
cost(10, 6, 173902).
cost(10, 7, 731416).
cost(10, 8, 132914).
cost(10, 9, 198825).
cost(10, 11, 216698).
cost(10, 12, 418399).
cost(10, 13, 228258).
cost(10, 14, 300134).
cost(10, 15, 549184).
cost(10, 16, 283854).
cost(10, 17, 73917).
cost(10, 18, 245422).
cost(10, 19, 382273).
cost(10, 20, 426549).
cost(10, 21, 507837).
cost(10, 22, 116680).
cost(10, 23, 613944).
cost(10, 24, 256600).
cost(10, 25, 305120).
cost(10, 26, 245663).
cost(10, 27, 393549).
cost(11, 1, 288111).
cost(11, 2, 89381).
cost(11, 3, 86169).
cost(11, 4, 269578).
cost(11, 5, 311807).
cost(11, 6, 66787).
cost(11, 7, 515002).
cost(11, 8, 116725).
cost(11, 9, 227256).
cost(11, 10, 216698).
cost(11, 12, 313481).
cost(11, 13, 362762).
cost(11, 14, 148875).
cost(11, 15, 339193).
cost(11, 16, 219280).
cost(11, 17, 202597).
cost(11, 18, 119207).
cost(11, 19, 174451).
cost(11, 20, 214816).
cost(11, 21, 481224).
cost(11, 22, 199758).
cost(11, 23, 652957).
cost(11, 24, 93032).
cost(11, 25, 186817).
cost(11, 26, 157592).
cost(11, 27, 391667).
cost(12, 1, 90235).
cost(12, 2, 310311).
cost(12, 3, 324756).
cost(12, 4, 261142).
cost(12, 5, 44375).
cost(12, 6, 285670).
cost(12, 7, 523008).
cost(12, 8, 404137).
cost(12, 9, 239687).
cost(12, 10, 418399).
cost(12, 11, 313481).
cost(12, 13, 371727).
cost(12, 14, 166295).
cost(12, 15, 322398).
cost(12, 16, 135600).
cost(12, 17, 455849).
cost(12, 18, 199688).
cost(12, 19, 249887).
cost(12, 20, 277319).
cost(12, 21, 208562).
cost(12, 22, 310328).
cost(12, 23, 423940).
cost(12, 24, 220531).
cost(12, 25, 128212).
cost(12, 26, 470926).
cost(12, 27, 187907).
cost(13, 1, 434029).
cost(13, 2, 276653).
cost(13, 3, 442862).
cost(13, 4, 546310).
cost(13, 5, 409671).
cost(13, 6, 296504).
cost(13, 7, 826594).
cost(13, 8, 337756).
cost(13, 9, 159085).
cost(13, 10, 228258).
cost(13, 11, 362762).
cost(13, 12, 371727).
cost(13, 14, 348250).
cost(13, 15, 623504).
cost(13, 16, 258391).
cost(13, 17, 302153).
cost(13, 18, 305225).
cost(13, 19, 472518).
cost(13, 20, 519293).
cost(13, 21, 359084).
cost(13, 22, 164218).
cost(13, 23, 404355).
cost(13, 24, 339457).
cost(13, 25, 319171).
cost(13, 26, 456075).
cost(13, 27, 247148).
cost(14, 1, 144110).
cost(14, 2, 168253).
cost(14, 3, 163333).
cost(14, 4, 198417).
cost(14, 5, 163082).
cost(14, 6, 136120).
cost(14, 7, 478366).
cost(14, 8, 250537).
cost(14, 9, 189166).
cost(14, 10, 300134).
cost(14, 11, 148875).
cost(14, 12, 166295).
cost(14, 13, 348250).
cost(14, 15, 275894).
cost(14, 16, 111562).
cost(14, 17, 317944).
cost(14, 18, 54949).
cost(14, 19, 129625).
cost(14, 20, 174337).
cost(14, 21, 351420).
cost(14, 22, 220058).
cost(14, 23, 545110).
cost(14, 24, 56523).
cost(14, 25, 49569).
cost(14, 26, 305457).
cost(14, 27, 281876).
cost(15, 1, 232186).
cost(15, 2, 410688).
cost(15, 3, 268736).
cost(15, 4, 77566).
cost(15, 5, 280905).
cost(15, 6, 375905).
cost(15, 7, 206066).
cost(15, 8, 453442).
cost(15, 9, 464569).
cost(15, 10, 549184).
cost(15, 11, 339193).
cost(15, 12, 322398).
cost(15, 13, 623504).
cost(15, 14, 275894).
cost(15, 16, 372220).
cost(15, 17, 541736).
cost(15, 18, 324507).
cost(15, 19, 166919).
cost(15, 20, 124444).
cost(15, 21, 524839).
cost(15, 22, 491100).
cost(15, 23, 744378).
cost(15, 24, 298934).
cost(15, 25, 306429).
cost(15, 26, 435819).
cost(15, 27, 505767).
cost(16, 1, 177574).
cost(16, 2, 188372).
cost(16, 3, 263007).
cost(16, 4, 296934).
cost(16, 5, 162406).
cost(16, 6, 171891).
cost(16, 7, 577950).
cost(16, 8, 286153).
cost(16, 9, 108666).
cost(16, 10, 283854).
cost(16, 11, 219280).
cost(16, 12, 135600).
cost(16, 13, 258391).
cost(16, 14, 111562).
cost(16, 15, 372220).
cost(16, 17, 326136).
cost(16, 18, 102412).
cost(16, 19, 240051).
cost(16, 20, 282968).
cost(16, 21, 262525).
cost(16, 22, 174773).
cost(16, 23, 439872).
cost(16, 24, 138960).
cost(16, 25, 67263).
cost(16, 26, 372154).
cost(16, 27, 175841).
cost(17, 1, 460886).
cost(17, 2, 149971).
cost(17, 3, 279207).
cost(17, 4, 471767).
cost(17, 5, 469845).
cost(17, 6, 182173).
cost(17, 7, 711625).
cost(17, 8, 91717).
cost(17, 9, 256720).
cost(17, 10, 73917).
cost(17, 11, 202597).
cost(17, 12, 455849).
cost(17, 13, 302153).
cost(17, 14, 317944).
cost(17, 15, 541736).
cost(17, 16, 326136).
cost(17, 18, 266280).
cost(17, 19, 376738).
cost(17, 20, 417311).
cost(17, 21, 566272).
cost(17, 22, 176892).
cost(17, 23, 683763).
cost(17, 24, 266699).
cost(17, 25, 333755).
cost(17, 26, 185345).
cost(17, 27, 454562).
cost(18, 1, 194692).
cost(18, 2, 116377).
cost(18, 3, 162554).
cost(18, 4, 247044).
cost(18, 5, 206003).
cost(18, 6, 87214).
cost(18, 7, 523618).
cost(18, 8, 205277).
cost(18, 9, 148052).
cost(18, 10, 245422).
cost(18, 11, 119207).
cost(18, 12, 199688).
cost(18, 13, 305225).
cost(18, 14, 54949).
cost(18, 15, 324507).
cost(18, 16, 102412).
cost(18, 17, 266280).
cost(18, 19, 167377).
cost(18, 20, 214310).
cost(18, 21, 362536).
cost(18, 22, 167330).
cost(18, 23, 541535).
cost(18, 24, 38942).
cost(18, 25, 71566).
cost(18, 26, 275620).
cost(18, 27, 277867).
cost(19, 1, 179631).
cost(19, 2, 243881).
cost(19, 3, 117735).
cost(19, 4, 95128).
cost(19, 5, 223981).
cost(19, 6, 209236).
cost(19, 7, 357818).
cost(19, 8, 290599).
cost(19, 9, 314484).
cost(19, 10, 382273).
cost(19, 11, 174451).
cost(19, 12, 249887).
cost(19, 13, 472518).
cost(19, 14, 129625).
cost(19, 15, 166919).
cost(19, 16, 240051).
cost(19, 17, 376738).
cost(19, 18, 167377).
cost(19, 20, 47127).
cost(19, 21, 455579).
cost(19, 22, 329364).
cost(19, 23, 661932).
cost(19, 24, 136117).
cost(19, 25, 173873).
cost(19, 26, 293621).
cost(19, 27, 402877).
cost(20, 1, 197844).
cost(20, 2, 288808).
cost(20, 3, 146487).
cost(20, 4, 62864).
cost(20, 5, 245957).
cost(20, 6, 254536).
cost(20, 7, 310800).
cost(20, 8, 329102).
cost(20, 9, 360980).
cost(20, 10, 426549).
cost(20, 11, 214816).
cost(20, 12, 277319).
cost(20, 13, 519293).
cost(20, 14, 174337).
cost(20, 15, 124444).
cost(20, 16, 282968).
cost(20, 17, 417311).
cost(20, 18, 214310).
cost(20, 19, 47127).
cost(20, 21, 485508).
cost(20, 22, 376372).
cost(20, 23, 696273).
cost(20, 24, 183199).
cost(20, 25, 215973).
cost(20, 26, 319010).
cost(20, 27, 440555).
cost(21, 1, 295367).
cost(21, 2, 445397).
cost(21, 3, 514580).
cost(21, 4, 468450).
cost(21, 5, 245397).
cost(21, 6, 433333).
cost(21, 7, 718117).
cost(21, 8, 543100).
cost(21, 9, 309975).
cost(21, 10, 507837).
cost(21, 11, 481224).
cost(21, 12, 208562).
cost(21, 13, 359084).
cost(21, 14, 351420).
cost(21, 15, 524839).
cost(21, 16, 262525).
cost(21, 17, 566272).
cost(21, 18, 362536).
cost(21, 19, 455579).
cost(21, 20, 485508).
cost(21, 22, 391662).
cost(21, 23, 220878).
cost(21, 24, 395343).
cost(21, 25, 302918).
cost(21, 26, 634582).
cost(21, 27, 116582).
cost(22, 1, 341993).
cost(22, 2, 112477).
cost(22, 3, 282355).
cost(22, 4, 413860).
cost(22, 5, 335423).
cost(22, 6, 134725).
cost(22, 7, 687168).
cost(22, 8, 182259).
cost(22, 9, 82148).
cost(22, 10, 116680).
cost(22, 11, 199758).
cost(22, 12, 310328).
cost(22, 13, 164218).
cost(22, 14, 220058).
cost(22, 15, 491100).
cost(22, 16, 174773).
cost(22, 17, 176892).
cost(22, 18, 167330).
cost(22, 19, 329364).
cost(22, 20, 376372).
cost(22, 21, 391662).
cost(22, 23, 510230).
cost(22, 24, 193318).
cost(22, 25, 210160).
cost(22, 26, 298166).
cost(22, 27, 278333).
cost(23, 1, 513155).
cost(23, 2, 595797).
cost(23, 3, 702849).
cost(23, 4, 685057).
cost(23, 5, 463687).
cost(23, 6, 594286).
cost(23, 7, 938977).
cost(23, 8, 686886).
cost(23, 9, 440566).
cost(23, 10, 613944).
cost(23, 11, 652957).
cost(23, 12, 423940).
cost(23, 13, 404355).
cost(23, 14, 545110).
cost(23, 15, 744378).
cost(23, 16, 439872).
cost(23, 17, 683763).
cost(23, 18, 541535).
cost(23, 19, 661932).
cost(23, 20, 696273).
cost(23, 21, 220878).
cost(23, 22, 510230).
cost(23, 24, 578807).
cost(23, 25, 495609).
cost(23, 26, 793855).
cost(23, 27, 264123).
cost(24, 1, 199438).
cost(24, 2, 119430).
cost(24, 3, 124291).
cost(24, 4, 222380).
cost(24, 5, 219529).
cost(24, 6, 85017).
cost(24, 7, 493927).
cost(24, 8, 195133).
cost(24, 9, 184411).
cost(24, 10, 256600).
cost(24, 11, 93032).
cost(24, 12, 220531).
cost(24, 13, 339457).
cost(24, 14, 56523).
cost(24, 15, 298934).
cost(24, 16, 138960).
cost(24, 17, 266699).
cost(24, 18, 38942).
cost(24, 19, 136117).
cost(24, 20, 183199).
cost(24, 21, 395343).
cost(24, 22, 193318).
cost(24, 23, 578807).
cost(24, 25, 95050).
cost(24, 26, 250396).
cost(24, 27, 314801).
cost(25, 1, 132641).
cost(25, 2, 185136).
cost(25, 3, 211730).
cost(25, 4, 230446).
cost(25, 5, 136140).
cost(25, 6, 158267).
cost(25, 7, 511714).
cost(25, 8, 276637).
cost(25, 9, 162265).
cost(25, 10, 305120).
cost(25, 11, 186817).
cost(25, 12, 128212).
cost(25, 13, 319171).
cost(25, 14, 49569).
cost(25, 15, 306429).
cost(25, 16, 67263).
cost(25, 17, 333755).
cost(25, 18, 71566).
cost(25, 19, 173873).
cost(25, 20, 215973).
cost(25, 21, 302918).
cost(25, 22, 210160).
cost(25, 23, 495609).
cost(25, 24, 95050).
cost(25, 26, 344373).
cost(25, 27, 232641).
cost(26, 1, 439758).
cost(26, 2, 198234).
cost(26, 3, 175886).
cost(26, 4, 381460).
cost(26, 5, 467411).
cost(26, 6, 202147).
cost(26, 7, 571805).
cost(26, 8, 118441).
cost(26, 9, 354665).
cost(26, 10, 245663).
cost(26, 11, 157592).
cost(26, 12, 470926).
cost(26, 13, 456075).
cost(26, 14, 305457).
cost(26, 15, 435819).
cost(26, 16, 372154).
cost(26, 17, 185345).
cost(26, 18, 275620).
cost(26, 19, 293621).
cost(26, 20, 319010).
cost(26, 21, 634582).
cost(26, 22, 298166).
cost(26, 23, 793855).
cost(26, 24, 250396).
cost(26, 25, 344373).
cost(26, 27, 538470).
cost(27, 1, 276125).
cost(27, 2, 343274).
cost(27, 3, 438746).
cost(27, 4, 438473).
cost(27, 5, 232217).
cost(27, 6, 336522).
cost(27, 7, 709103).
cost(27, 8, 439186).
cost(27, 9, 198002).
cost(27, 10, 393549).
cost(27, 11, 391667).
cost(27, 12, 187907).
cost(27, 13, 247148).
cost(27, 14, 281876).
cost(27, 15, 505767).
cost(27, 16, 175841).
cost(27, 17, 454562).
cost(27, 18, 277867).
cost(27, 19, 402877).
cost(27, 20, 440555).
cost(27, 21, 116582).
cost(27, 22, 278333).
cost(27, 23, 264123).
cost(27, 24, 314801).
cost(27, 25, 232641).
cost(27, 26, 538470).
