dimension(27).
point(1, -55401.0, -73304.0).
point(2, -125952.0, -181639.0).
point(3, 257443.0, -64367.0).
point(4, -220971.0, 182297.0).
point(5, 136899.0, 6974.0).
point(6, -382567.0, 167945.0).
point(7, 84727.0, 201386.0).
point(8, 96518.0, 244310.0).
point(9, -97173.0, -115168.0).
point(10, -70920.0, 395621.0).
point(11, 52667.0, -102073.0).
point(12, 56404.0, -157048.0).
point(13, -393562.0, 137001.0).
point(14, 488449.0, -51614.0).
point(15, 163032.0, -167627.0).
point(16, 124151.0, -49939.0).
point(17, 196398.0, -56433.0).
point(18, -168000.0, 35801.0).
point(19, -160088.0, 81383.0).
point(20, -89657.0, -197597.0).
point(21, 190196.0, 54059.0).
point(22, 285014.0, -384574.0).
point(23, 74975.0, -105702.0).
point(24, 159816.0, 161695.0).
point(25, -33413.0, -43207.0).
point(26, -56165.0, 131374.0).
point(27, -123738.0, 256605.0).
cost(1, 2, 129282).
cost(1, 3, 312972).
cost(1, 4, 304541).
cost(1, 5, 208384).
cost(1, 6, 406496).
cost(1, 7, 308367).
cost(1, 8, 352077).
cost(1, 9, 59140).
cost(1, 10, 469182).
cost(1, 11, 111832).
cost(1, 12, 139690).
cost(1, 13, 398222).
cost(1, 14, 544282).
cost(1, 15, 237928).
cost(1, 16, 181066).
cost(1, 17, 252364).
cost(1, 18, 156788).
cost(1, 19, 186782).
cost(1, 20, 128927).
cost(1, 21, 276657).
cost(1, 22, 461271).
cost(1, 23, 134341).
cost(1, 24, 318658).
cost(1, 25, 37273).
cost(1, 26, 204679).
cost(1, 27, 336912).
cost(2, 1, 129282).
cost(2, 3, 400929).
cost(2, 4, 376136).
cost(2, 5, 323520).
cost(2, 6, 433659).
cost(2, 7, 437143).
cost(2, 8, 480547).
cost(2, 9, 72434).
cost(2, 10, 579877).
cost(2, 11, 195539).
cost(2, 12, 184007).
cost(2, 13, 416109).
cost(2, 14, 628009).
cost(2, 15, 289324).
cost(2, 16, 282660).
cost(2, 17, 345812).
cost(2, 18, 221468).
cost(2, 19, 265228).
cost(2, 20, 39648).
cost(2, 21, 394339).
cost(2, 22, 458340).
cost(2, 23, 214798).
cost(2, 24, 446701).
cost(2, 25, 166514).
cost(2, 26, 320698).
cost(2, 27, 438250).
cost(3, 1, 312972).
cost(3, 2, 400929).
cost(3, 4, 538259).
cost(3, 5, 140073).
cost(3, 6, 680868).
cost(3, 7, 316947).
cost(3, 8, 348107).
cost(3, 9, 358236).
cost(3, 10, 565165).
cost(3, 11, 208219).
cost(3, 12, 221374).
cost(3, 13, 681437).
cost(3, 14, 231358).
cost(3, 15, 139914).
cost(3, 16, 134071).
cost(3, 17, 61558).
cost(3, 18, 437076).
cost(3, 19, 442239).
cost(3, 20, 371791).
cost(3, 21, 136187).
cost(3, 22, 321392).
cost(3, 23, 187091).
cost(3, 24, 246242).
cost(3, 25, 291625).
cost(3, 26, 369682).
cost(3, 27, 498319).
cost(4, 1, 304541).
cost(4, 2, 376136).
cost(4, 3, 538259).
cost(4, 5, 398509).
cost(4, 6, 162232).
cost(4, 7, 306293).
cost(4, 8, 323489).
cost(4, 9, 322198).
cost(4, 10, 260811).
cost(4, 11, 394644).
cost(4, 12, 438283).
cost(4, 13, 178436).
cost(4, 14, 746988).
cost(4, 15, 519524).
cost(4, 16, 415984).
cost(4, 17, 480821).
cost(4, 18, 155779).
cost(4, 19, 117857).
cost(4, 20, 401949).
cost(4, 21, 430701).
cost(4, 22, 759844).
cost(4, 23, 412950).
cost(4, 24, 381344).
cost(4, 25, 293309).
cost(4, 26, 172494).
cost(4, 27, 122376).
cost(5, 1, 208384).
cost(5, 2, 323520).
cost(5, 3, 140073).
cost(5, 4, 398509).
cost(5, 6, 543835).
cost(5, 7, 201291).
cost(5, 8, 240747).
cost(5, 9, 264023).
cost(5, 10, 440721).
cost(5, 11, 137791).
cost(5, 12, 182709).
cost(5, 13, 546165).
cost(5, 14, 356399).
cost(5, 15, 176546).
cost(5, 16, 58323).
cost(5, 17, 86952).
cost(5, 18, 306259).
cost(5, 19, 306167).
cost(5, 20, 305249).
cost(5, 21, 71117).
cost(5, 22, 418626).
cost(5, 23, 128571).
cost(5, 24, 156409).
cost(5, 25, 177551).
cost(5, 26, 229672).
cost(5, 27, 360898).
cost(6, 1, 406496).
cost(6, 2, 433659).
cost(6, 3, 680868).
cost(6, 4, 162232).
cost(6, 5, 543835).
cost(6, 7, 468489).
cost(6, 8, 485133).
cost(6, 9, 401998).
cost(6, 10, 385954).
cost(6, 11, 512190).
cost(6, 12, 546183).
cost(6, 13, 32839).
cost(6, 14, 898262).
cost(6, 15, 640536).
cost(6, 16, 551576).
cost(6, 17, 620923).
cost(6, 18, 251994).
cost(6, 19, 238726).
cost(6, 20, 468420).
cost(6, 21, 583976).
cost(6, 22, 866569).
cost(6, 23, 533130).
cost(6, 24, 542419).
cost(6, 25, 408036).
cost(6, 26, 328444).
cost(6, 27, 273593).
cost(7, 1, 308367).
cost(7, 2, 437143).
cost(7, 3, 316947).
cost(7, 4, 306293).
cost(7, 5, 201291).
cost(7, 6, 468489).
cost(7, 8, 44514).
cost(7, 9, 365095).
cost(7, 10, 248904).
cost(7, 11, 305148).
cost(7, 12, 359551).
cost(7, 13, 482603).
cost(7, 14, 476446).
cost(7, 15, 377230).
cost(7, 16, 254398).
cost(7, 17, 280964).
cost(7, 18, 302141).
cost(7, 19, 272645).
cost(7, 20, 435428).
cost(7, 21, 181188).
cost(7, 22, 619245).
cost(7, 23, 307243).
cost(7, 24, 84934).
cost(7, 25, 271630).
cost(7, 26, 157328).
cost(7, 27, 215654).
cost(8, 1, 352077).
cost(8, 2, 480547).
cost(8, 3, 348107).
cost(8, 4, 323489).
cost(8, 5, 240747).
cost(8, 6, 485133).
cost(8, 7, 44514).
cost(8, 9, 408339).
cost(8, 10, 225678).
cost(8, 11, 349148).
cost(8, 12, 403358).
cost(8, 13, 501691).
cost(8, 14, 491102).
cost(8, 15, 417272).
cost(8, 16, 295544).
cost(8, 17, 316895).
cost(8, 18, 336817).
cost(8, 19, 303960).
cost(8, 20, 479524).
cost(8, 21, 212064).
cost(8, 22, 656526).
cost(8, 23, 350674).
cost(8, 24, 104076).
cost(8, 25, 315512).
cost(8, 26, 189912).
cost(8, 27, 220599).
cost(9, 1, 59140).
cost(9, 2, 72434).
cost(9, 3, 358236).
cost(9, 4, 322198).
cost(9, 5, 264023).
cost(9, 6, 401998).
cost(9, 7, 365095).
cost(9, 8, 408339).
cost(9, 10, 511463).
cost(9, 11, 150411).
cost(9, 12, 159185).
cost(9, 13, 389147).
cost(9, 14, 589060).
cost(9, 15, 265440).
cost(9, 16, 230736).
cost(9, 17, 299389).
cost(9, 18, 166758).
cost(9, 19, 206375).
cost(9, 20, 82771).
cost(9, 21, 333495).
cost(9, 22, 467597).
cost(9, 23, 172408).
cost(9, 24, 377752).
cost(9, 25, 96144).
cost(9, 26, 249929).
cost(9, 27, 372721).
cost(10, 1, 469182).
cost(10, 2, 579877).
cost(10, 3, 565165).
cost(10, 4, 260811).
cost(10, 5, 440721).
cost(10, 6, 385954).
cost(10, 7, 248904).
cost(10, 8, 225678).
cost(10, 9, 511463).
cost(10, 11, 512809).
cost(10, 12, 567146).
cost(10, 13, 413500).
cost(10, 14, 716179).
cost(10, 15, 609903).
cost(10, 16, 486391).
cost(10, 17, 525178).
cost(10, 18, 372686).
cost(10, 19, 326644).
cost(10, 20, 593514).
cost(10, 21, 429937).
cost(10, 22, 857551).
cost(10, 23, 522121).
cost(10, 24, 328573).
cost(10, 25, 440428).
cost(10, 26, 264659).
cost(10, 27, 148712).
cost(11, 1, 111832).
cost(11, 2, 195539).
cost(11, 3, 208219).
cost(11, 4, 394644).
cost(11, 5, 137791).
cost(11, 6, 512190).
cost(11, 7, 305148).
cost(11, 8, 349148).
cost(11, 9, 150411).
cost(11, 10, 512809).
cost(11, 12, 55102).
cost(11, 13, 506238).
cost(11, 14, 438694).
cost(11, 15, 128366).
cost(11, 16, 88476).
cost(11, 17, 150803).
cost(11, 18, 260198).
cost(11, 19, 280928).
cost(11, 20, 171409).
cost(11, 21, 208066).
cost(11, 22, 365776).
cost(11, 23, 22601).
cost(11, 24, 284701).
cost(11, 25, 104283).
cost(11, 26, 257569).
cost(11, 27, 399711).
cost(12, 1, 139690).
cost(12, 2, 184007).
cost(12, 3, 221374).
cost(12, 4, 438283).
cost(12, 5, 182709).
cost(12, 6, 546183).
cost(12, 7, 359551).
cost(12, 8, 403358).
cost(12, 9, 159185).
cost(12, 10, 567146).
cost(12, 11, 55102).
cost(12, 13, 537526).
cost(12, 14, 444724).
cost(12, 15, 107152).
cost(12, 16, 126736).
cost(12, 17, 172400).
cost(12, 18, 295885).
cost(12, 19, 322053).
cost(12, 20, 151585).
cost(12, 21, 249933).
cost(12, 22, 322538).
cost(12, 23, 54601).
cost(12, 24, 335099).
cost(12, 25, 145006).
cost(12, 26, 309611).
cost(12, 27, 451176).
cost(13, 1, 398222).
cost(13, 2, 416109).
cost(13, 3, 681437).
cost(13, 4, 178436).
cost(13, 5, 546165).
cost(13, 6, 32839).
cost(13, 7, 482603).
cost(13, 8, 501691).
cost(13, 9, 389147).
cost(13, 10, 413500).
cost(13, 11, 506238).
cost(13, 12, 537526).
cost(13, 14, 901953).
cost(13, 15, 634504).
cost(13, 16, 550430).
cost(13, 17, 620862).
cost(13, 18, 247224).
cost(13, 19, 240007).
cost(13, 20, 452011).
cost(13, 21, 589621).
cost(13, 22, 855866).
cost(13, 23, 527666).
cost(13, 24, 553929).
cost(13, 25, 402719).
cost(13, 26, 337444).
cost(13, 27, 295144).
cost(14, 1, 544282).
cost(14, 2, 628009).
cost(14, 3, 231358).
cost(14, 4, 746988).
cost(14, 5, 356399).
cost(14, 6, 898262).
cost(14, 7, 476446).
cost(14, 8, 491102).
cost(14, 9, 589060).
cost(14, 10, 716179).
cost(14, 11, 438694).
cost(14, 12, 444724).
cost(14, 13, 901953).
cost(14, 15, 345478).
cost(14, 16, 364302).
cost(14, 17, 292091).
cost(14, 18, 662244).
cost(14, 19, 662034).
cost(14, 20, 596253).
cost(14, 21, 316420).
cost(14, 22, 390190).
cost(14, 23, 416997).
cost(14, 24, 391791).
cost(14, 25, 521930).
cost(14, 26, 574534).
cost(14, 27, 685399).
cost(15, 1, 237928).
cost(15, 2, 289324).
cost(15, 3, 139914).
cost(15, 4, 519524).
cost(15, 5, 176546).
cost(15, 6, 640536).
cost(15, 7, 377230).
cost(15, 8, 417272).
cost(15, 9, 265440).
cost(15, 10, 609903).
cost(15, 11, 128366).
cost(15, 12, 107152).
cost(15, 13, 634504).
cost(15, 14, 345478).
cost(15, 16, 123944).
cost(15, 17, 116092).
cost(15, 18, 388542).
cost(15, 19, 407937).
cost(15, 20, 254460).
cost(15, 21, 223344).
cost(15, 22, 248889).
cost(15, 23, 107651).
cost(15, 24, 329338).
cost(15, 25, 232532).
cost(15, 26, 370741).
cost(15, 27, 512064).
cost(16, 1, 181066).
cost(16, 2, 282660).
cost(16, 3, 134071).
cost(16, 4, 415984).
cost(16, 5, 58323).
cost(16, 6, 551576).
cost(16, 7, 254398).
cost(16, 8, 295544).
cost(16, 9, 230736).
cost(16, 10, 486391).
cost(16, 11, 88476).
cost(16, 12, 126736).
cost(16, 13, 550430).
cost(16, 14, 364302).
cost(16, 15, 123944).
cost(16, 17, 72538).
cost(16, 18, 304473).
cost(16, 19, 313109).
cost(16, 20, 259840).
cost(16, 21, 123197).
cost(16, 22, 371292).
cost(16, 23, 74349).
cost(16, 24, 214618).
cost(16, 25, 157708).
cost(16, 26, 255711).
cost(16, 27, 394231).
cost(17, 1, 252364).
cost(17, 2, 345812).
cost(17, 3, 61558).
cost(17, 4, 480821).
cost(17, 5, 86952).
cost(17, 6, 620923).
cost(17, 7, 280964).
cost(17, 8, 316895).
cost(17, 9, 299389).
cost(17, 10, 525178).
cost(17, 11, 150803).
cost(17, 12, 172400).
cost(17, 13, 620862).
cost(17, 14, 292091).
cost(17, 15, 116092).
cost(17, 16, 72538).
cost(17, 18, 375890).
cost(17, 19, 382198).
cost(17, 20, 318990).
cost(17, 21, 110666).
cost(17, 22, 339896).
cost(17, 23, 131038).
cost(17, 24, 221174).
cost(17, 25, 230191).
cost(17, 26, 314737).
cost(17, 27, 447750).
cost(18, 1, 156788).
cost(18, 2, 221468).
cost(18, 3, 437076).
cost(18, 4, 155779).
cost(18, 5, 306259).
cost(18, 6, 251994).
cost(18, 7, 302141).
cost(18, 8, 336817).
cost(18, 9, 166758).
cost(18, 10, 372686).
cost(18, 11, 260198).
cost(18, 12, 295885).
cost(18, 13, 247224).
cost(18, 14, 662244).
cost(18, 15, 388542).
cost(18, 16, 304473).
cost(18, 17, 375890).
cost(18, 19, 46264).
cost(18, 20, 246196).
cost(18, 21, 358661).
cost(18, 22, 618010).
cost(18, 23, 281176).
cost(18, 24, 351159).
cost(18, 25, 156064).
cost(18, 26, 147110).
cost(18, 27, 225197).
cost(19, 1, 186782).
cost(19, 2, 265228).
cost(19, 3, 442239).
cost(19, 4, 117857).
cost(19, 5, 306167).
cost(19, 6, 238726).
cost(19, 7, 272645).
cost(19, 8, 303960).
cost(19, 9, 206375).
cost(19, 10, 326644).
cost(19, 11, 280928).
cost(19, 12, 322053).
cost(19, 13, 240007).
cost(19, 14, 662034).
cost(19, 15, 407937).
cost(19, 16, 313109).
cost(19, 17, 382198).
cost(19, 18, 46264).
cost(19, 20, 287733).
cost(19, 21, 351348).
cost(19, 22, 644385).
cost(19, 23, 300425).
cost(19, 24, 329831).
cost(19, 25, 177677).
cost(19, 26, 115322).
cost(19, 27, 178953).
cost(20, 1, 128927).
cost(20, 2, 39648).
cost(20, 3, 371791).
cost(20, 4, 401949).
cost(20, 5, 305249).
cost(20, 6, 468420).
cost(20, 7, 435428).
cost(20, 8, 479524).
cost(20, 9, 82771).
cost(20, 10, 593514).
cost(20, 11, 171409).
cost(20, 12, 151585).
cost(20, 13, 452011).
cost(20, 14, 596253).
cost(20, 15, 254460).
cost(20, 16, 259840).
cost(20, 17, 318990).
cost(20, 18, 246196).
cost(20, 19, 287733).
cost(20, 21, 376362).
cost(20, 22, 418735).
cost(20, 23, 188543).
cost(20, 24, 437410).
cost(20, 25, 164316).
cost(20, 26, 330671).
cost(20, 27, 455479).
cost(21, 1, 276657).
cost(21, 2, 394339).
cost(21, 3, 136187).
cost(21, 4, 430701).
cost(21, 5, 71117).
cost(21, 6, 583976).
cost(21, 7, 181188).
cost(21, 8, 212064).
cost(21, 9, 333495).
cost(21, 10, 429937).
cost(21, 11, 208066).
cost(21, 12, 249933).
cost(21, 13, 589621).
cost(21, 14, 316420).
cost(21, 15, 223344).
cost(21, 16, 123197).
cost(21, 17, 110666).
cost(21, 18, 358661).
cost(21, 19, 351348).
cost(21, 20, 376362).
cost(21, 22, 448764).
cost(21, 23, 196976).
cost(21, 24, 111841).
cost(21, 25, 243848).
cost(21, 26, 258208).
cost(21, 27, 373603).
cost(22, 1, 461271).
cost(22, 2, 458340).
cost(22, 3, 321392).
cost(22, 4, 759844).
cost(22, 5, 418626).
cost(22, 6, 866569).
cost(22, 7, 619245).
cost(22, 8, 656526).
cost(22, 9, 467597).
cost(22, 10, 857551).
cost(22, 11, 365776).
cost(22, 12, 322538).
cost(22, 13, 855866).
cost(22, 14, 390190).
cost(22, 15, 248889).
cost(22, 16, 371292).
cost(22, 17, 339896).
cost(22, 18, 618010).
cost(22, 19, 644385).
cost(22, 20, 418735).
cost(22, 21, 448764).
cost(22, 23, 349122).
cost(22, 24, 560432).
cost(22, 25, 466827).
cost(22, 26, 618551).
cost(22, 27, 760387).
cost(23, 1, 134341).
cost(23, 2, 214798).
cost(23, 3, 187091).
cost(23, 4, 412950).
cost(23, 5, 128571).
cost(23, 6, 533130).
cost(23, 7, 307243).
cost(23, 8, 350674).
cost(23, 9, 172408).
cost(23, 10, 522121).
cost(23, 11, 22601).
cost(23, 12, 54601).
cost(23, 13, 527666).
cost(23, 14, 416997).
cost(23, 15, 107651).
cost(23, 16, 74349).
cost(23, 17, 131038).
cost(23, 18, 281176).
cost(23, 19, 300425).
cost(23, 20, 188543).
cost(23, 21, 196976).
cost(23, 22, 349122).
cost(23, 24, 280534).
cost(23, 25, 125114).
cost(23, 26, 270929).
cost(23, 27, 413223).
cost(24, 1, 318658).
cost(24, 2, 446701).
cost(24, 3, 246242).
cost(24, 4, 381344).
cost(24, 5, 156409).
cost(24, 6, 542419).
cost(24, 7, 84934).
cost(24, 8, 104076).
cost(24, 9, 377752).
cost(24, 10, 328573).
cost(24, 11, 284701).
cost(24, 12, 335099).
cost(24, 13, 553929).
cost(24, 14, 391791).
cost(24, 15, 329338).
cost(24, 16, 214618).
cost(24, 17, 221174).
cost(24, 18, 351159).
cost(24, 19, 329831).
cost(24, 20, 437410).
cost(24, 21, 111841).
cost(24, 22, 560432).
cost(24, 23, 280534).
cost(24, 25, 281642).
cost(24, 26, 218099).
cost(24, 27, 299016).
cost(25, 1, 37273).
cost(25, 2, 166514).
cost(25, 3, 291625).
cost(25, 4, 293309).
cost(25, 5, 177551).
cost(25, 6, 408036).
cost(25, 7, 271630).
cost(25, 8, 315512).
cost(25, 9, 96144).
cost(25, 10, 440428).
cost(25, 11, 104283).
cost(25, 12, 145006).
cost(25, 13, 402719).
cost(25, 14, 521930).
cost(25, 15, 232532).
cost(25, 16, 157708).
cost(25, 17, 230191).
cost(25, 18, 156064).
cost(25, 19, 177677).
cost(25, 20, 164316).
cost(25, 21, 243848).
cost(25, 22, 466827).
cost(25, 23, 125114).
cost(25, 24, 281642).
cost(25, 26, 176057).
cost(25, 27, 313123).
cost(26, 1, 204679).
cost(26, 2, 320698).
cost(26, 3, 369682).
cost(26, 4, 172494).
cost(26, 5, 229672).
cost(26, 6, 328444).
cost(26, 7, 157328).
cost(26, 8, 189912).
cost(26, 9, 249929).
cost(26, 10, 264659).
cost(26, 11, 257569).
cost(26, 12, 309611).
cost(26, 13, 337444).
cost(26, 14, 574534).
cost(26, 15, 370741).
cost(26, 16, 255711).
cost(26, 17, 314737).
cost(26, 18, 147110).
cost(26, 19, 115322).
cost(26, 20, 330671).
cost(26, 21, 258208).
cost(26, 22, 618551).
cost(26, 23, 270929).
cost(26, 24, 218099).
cost(26, 25, 176057).
cost(26, 27, 142299).
cost(27, 1, 336912).
cost(27, 2, 438250).
cost(27, 3, 498319).
cost(27, 4, 122376).
cost(27, 5, 360898).
cost(27, 6, 273593).
cost(27, 7, 215654).
cost(27, 8, 220599).
cost(27, 9, 372721).
cost(27, 10, 148712).
cost(27, 11, 399711).
cost(27, 12, 451176).
cost(27, 13, 295144).
cost(27, 14, 685399).
cost(27, 15, 512064).
cost(27, 16, 394231).
cost(27, 17, 447750).
cost(27, 18, 225197).
cost(27, 19, 178953).
cost(27, 20, 455479).
cost(27, 21, 373603).
cost(27, 22, 760387).
cost(27, 23, 413223).
cost(27, 24, 299016).
cost(27, 25, 313123).
cost(27, 26, 142299).
