dimension(27).
point(1, 47481.0, -290157.0).
point(2, -90261.0, 14852.0).
point(3, 157654.0, -436988.0).
point(4, 68443.0, -164615.0).
point(5, -155077.0, -95492.0).
point(6, -98678.0, -190960.0).
point(7, 4996.0, 24747.0).
point(8, 147064.0, -187730.0).
point(9, 134926.0, -245966.0).
point(10, 88312.0, 171463.0).
point(11, 297987.0, 319126.0).
point(12, 5021.0, 13447.0).
point(13, -292069.0, -184109.0).
point(14, -173408.0, -49266.0).
point(15, 156720.0, -88275.0).
point(16, -166686.0, -109779.0).
point(17, 226350.0, -106897.0).
point(18, -166501.0, -94405.0).
point(19, -9924.0, -222528.0).
point(20, -287197.0, 168249.0).
point(21, 31677.0, 45756.0).
point(22, 110381.0, 195046.0).
point(23, -74974.0, -336535.0).
point(24, 361609.0, 102287.0).
point(25, -177054.0, -302057.0).
point(26, -115991.0, -175590.0).
point(27, -150167.0, 278074.0).
cost(1, 2, 334669).
cost(1, 3, 183569).
cost(1, 4, 127280).
cost(1, 5, 280935).
cost(1, 6, 176642).
cost(1, 7, 317757).
cost(1, 8, 142857).
cost(1, 9, 97977).
cost(1, 10, 463422).
cost(1, 11, 658771).
cost(1, 12, 306559).
cost(1, 13, 355725).
cost(1, 14, 326834).
cost(1, 15, 229542).
cost(1, 16, 280007).
cost(1, 17, 256083).
cost(1, 18, 290012).
cost(1, 19, 88707).
cost(1, 20, 567579).
cost(1, 21, 336285).
cost(1, 22, 489263).
cost(1, 23, 130943).
cost(1, 24, 502682).
cost(1, 25, 224850).
cost(1, 26, 199621).
cost(1, 27, 601624).
cost(2, 1, 334669).
cost(2, 3, 515385).
cost(2, 4, 239573).
cost(2, 5, 127972).
cost(2, 6, 205984).
cost(2, 7, 95770).
cost(2, 8, 312030).
cost(2, 9, 344580).
cost(2, 10, 237519).
cost(2, 11, 493274).
cost(2, 12, 95292).
cost(2, 13, 283394).
cost(2, 14, 104998).
cost(2, 15, 267647).
cost(2, 16, 146197).
cost(2, 17, 339213).
cost(2, 18, 133228).
cost(2, 19, 250606).
cost(2, 20, 249629).
cost(2, 21, 125793).
cost(2, 22, 269680).
cost(2, 23, 351719).
cost(2, 24, 460251).
cost(2, 25, 328579).
cost(2, 26, 192172).
cost(2, 27, 269953).
cost(3, 1, 183569).
cost(3, 2, 515385).
cost(3, 4, 286611).
cost(3, 5, 463055).
cost(3, 6, 355297).
cost(3, 7, 486316).
cost(3, 8, 249483).
cost(3, 9, 192369).
cost(3, 10, 612390).
cost(3, 11, 769026).
cost(3, 12, 475593).
cost(3, 13, 515944).
cost(3, 14, 509834).
cost(3, 15, 348714).
cost(3, 16, 460719).
cost(3, 17, 337163).
cost(3, 18, 471635).
cost(3, 19, 272168).
cost(3, 20, 751135).
cost(3, 21, 498911).
cost(3, 22, 633799).
cost(3, 23, 253390).
cost(3, 24, 576555).
cost(3, 25, 360882).
cost(3, 26, 378432).
cost(3, 27, 778503).
cost(4, 1, 127280).
cost(4, 2, 239573).
cost(4, 3, 286611).
cost(4, 5, 233964).
cost(4, 6, 169185).
cost(4, 7, 199709).
cost(4, 8, 81949).
cost(4, 9, 105062).
cost(4, 10, 336665).
cost(4, 11, 535440).
cost(4, 12, 189020).
cost(4, 13, 361039).
cost(4, 14, 267950).
cost(4, 15, 116707).
cost(4, 16, 241439).
cost(4, 17, 168125).
cost(4, 18, 245210).
cost(4, 19, 97444).
cost(4, 20, 487112).
cost(4, 21, 213560).
cost(4, 22, 362098).
cost(4, 23, 223886).
cost(4, 24, 396463).
cost(4, 25, 281352).
cost(4, 26, 184760).
cost(4, 27, 493725).
cost(5, 1, 280935).
cost(5, 2, 127972).
cost(5, 3, 463055).
cost(5, 4, 233964).
cost(5, 6, 110883).
cost(5, 7, 200202).
cost(5, 8, 315907).
cost(5, 9, 326717).
cost(5, 10, 361252).
cost(5, 11, 614146).
cost(5, 12, 193647).
cost(5, 13, 163156).
cost(5, 14, 49728).
cost(5, 15, 311881).
cost(5, 16, 18409).
cost(5, 17, 381597).
cost(5, 18, 11476).
cost(5, 19, 192893).
cost(5, 20, 294983).
cost(5, 21, 234154).
cost(5, 22, 393548).
cost(5, 23, 254004).
cost(5, 24, 553246).
cost(5, 25, 207731).
cost(5, 26, 89126).
cost(5, 27, 373598).
cost(6, 1, 176642).
cost(6, 2, 205984).
cost(6, 3, 355297).
cost(6, 4, 169185).
cost(6, 5, 110883).
cost(6, 7, 239328).
cost(6, 8, 245763).
cost(6, 9, 239993).
cost(6, 10, 407818).
cost(6, 11, 646166).
cost(6, 12, 229207).
cost(6, 13, 193512).
cost(6, 14, 160193).
cost(6, 15, 275268).
cost(6, 16, 105903).
cost(6, 17, 335723).
cost(6, 18, 117995).
cost(6, 19, 94201).
cost(6, 20, 405673).
cost(6, 21, 270235).
cost(6, 22, 438983).
cost(6, 23, 147492).
cost(6, 24, 545764).
cost(6, 25, 135961).
cost(6, 26, 23151).
cost(6, 27, 471852).
cost(7, 1, 317757).
cost(7, 2, 95770).
cost(7, 3, 486316).
cost(7, 4, 199709).
cost(7, 5, 200202).
cost(7, 6, 239328).
cost(7, 8, 255597).
cost(7, 9, 300279).
cost(7, 10, 168722).
cost(7, 11, 415334).
cost(7, 12, 11300).
cost(7, 13, 363137).
cost(7, 14, 193147).
cost(7, 15, 189193).
cost(7, 16, 218110).
cost(7, 17, 257542).
cost(7, 18, 208826).
cost(7, 19, 247725).
cost(7, 20, 325530).
cost(7, 21, 33960).
cost(7, 22, 200269).
cost(7, 23, 370027).
cost(7, 24, 364946).
cost(7, 25, 374090).
cost(7, 26, 234036).
cost(7, 27, 297069).
cost(8, 1, 142857).
cost(8, 2, 312030).
cost(8, 3, 249483).
cost(8, 4, 81949).
cost(8, 5, 315907).
cost(8, 6, 245763).
cost(8, 7, 255597).
cost(8, 9, 59488).
cost(8, 10, 363966).
cost(8, 11, 528849).
cost(8, 12, 246269).
cost(8, 13, 439148).
cost(8, 14, 349105).
cost(8, 15, 99923).
cost(8, 16, 323288).
cost(8, 17, 113227).
cost(8, 18, 327158).
cost(8, 19, 160798).
cost(8, 20, 561519).
cost(8, 21, 260442).
cost(8, 22, 384530).
cost(8, 23, 267290).
cost(8, 24, 360748).
cost(8, 25, 343690).
cost(8, 26, 263335).
cost(8, 27, 552557).
cost(9, 1, 97977).
cost(9, 2, 344580).
cost(9, 3, 192369).
cost(9, 4, 105062).
cost(9, 5, 326717).
cost(9, 6, 239993).
cost(9, 7, 300279).
cost(9, 8, 59488).
cost(9, 10, 420024).
cost(9, 11, 588148).
cost(9, 12, 290121).
cost(9, 13, 431452).
cost(9, 14, 365733).
cost(9, 15, 159190).
cost(9, 16, 330933).
cost(9, 17, 166429).
cost(9, 18, 337385).
cost(9, 19, 146734).
cost(9, 20, 591407).
cost(9, 21, 309454).
cost(9, 22, 441695).
cost(9, 23, 228606).
cost(9, 24, 415530).
cost(9, 25, 316982).
cost(9, 26, 260600).
cost(9, 27, 596570).
cost(10, 1, 463422).
cost(10, 2, 237519).
cost(10, 3, 612390).
cost(10, 4, 336665).
cost(10, 5, 361252).
cost(10, 6, 407818).
cost(10, 7, 168722).
cost(10, 8, 363966).
cost(10, 9, 420024).
cost(10, 11, 256453).
cost(10, 12, 178624).
cost(10, 13, 520693).
cost(10, 14, 342372).
cost(10, 15, 268595).
cost(10, 16, 379633).
cost(10, 17, 310707).
cost(10, 18, 368260).
cost(10, 19, 406053).
cost(10, 20, 375523).
cost(10, 21, 137876).
cost(10, 22, 32299).
cost(10, 23, 533596).
cost(10, 24, 281916).
cost(10, 25, 542808).
cost(10, 26, 402723).
cost(10, 27, 261224).
cost(11, 1, 658771).
cost(11, 2, 493274).
cost(11, 3, 769026).
cost(11, 4, 535440).
cost(11, 5, 614146).
cost(11, 6, 646166).
cost(11, 7, 415334).
cost(11, 8, 528849).
cost(11, 9, 588148).
cost(11, 10, 256453).
cost(11, 12, 423401).
cost(11, 13, 775507).
cost(11, 14, 598269).
cost(11, 15, 431198).
cost(11, 16, 632361).
cost(11, 17, 432004).
cost(11, 18, 621898).
cost(11, 19, 623056).
cost(11, 20, 604321).
cost(11, 21, 381644).
cost(11, 22, 224926).
cost(11, 23, 754315).
cost(11, 24, 225980).
cost(11, 25, 782005).
cost(11, 26, 645075).
cost(11, 27, 450030).
cost(12, 1, 306559).
cost(12, 2, 95292).
cost(12, 3, 475593).
cost(12, 4, 189020).
cost(12, 5, 193647).
cost(12, 6, 229207).
cost(12, 7, 11300).
cost(12, 8, 246269).
cost(12, 9, 290121).
cost(12, 10, 178624).
cost(12, 11, 423401).
cost(12, 13, 356778).
cost(12, 14, 189129).
cost(12, 15, 182647).
cost(12, 16, 211348).
cost(12, 17, 251931).
cost(12, 18, 202613).
cost(12, 19, 236448).
cost(12, 20, 330689).
cost(12, 21, 41886).
cost(12, 22, 209950).
cost(12, 23, 359008).
cost(12, 24, 367488).
cost(12, 25, 364272).
cost(12, 26, 224452).
cost(12, 27, 306775).
cost(13, 1, 355725).
cost(13, 2, 283394).
cost(13, 3, 515944).
cost(13, 4, 361039).
cost(13, 5, 163156).
cost(13, 6, 193512).
cost(13, 7, 363137).
cost(13, 8, 439148).
cost(13, 9, 431452).
cost(13, 10, 520693).
cost(13, 11, 775507).
cost(13, 12, 356778).
cost(13, 14, 179619).
cost(13, 15, 458907).
cost(13, 16, 145760).
cost(13, 17, 524137).
cost(13, 18, 154318).
cost(13, 19, 284749).
cost(13, 20, 352392).
cost(13, 21, 397051).
cost(13, 22, 552924).
cost(13, 23, 265262).
cost(13, 24, 713665).
cost(13, 25, 164743).
cost(13, 26, 176284).
cost(13, 27, 483476).
cost(14, 1, 326834).
cost(14, 2, 104998).
cost(14, 3, 509834).
cost(14, 4, 267950).
cost(14, 5, 49728).
cost(14, 6, 160193).
cost(14, 7, 193147).
cost(14, 8, 349105).
cost(14, 9, 365733).
cost(14, 10, 342372).
cost(14, 11, 598269).
cost(14, 12, 189129).
cost(14, 13, 179619).
cost(14, 15, 332425).
cost(14, 16, 60885).
cost(14, 17, 403891).
cost(14, 18, 45664).
cost(14, 19, 238216).
cost(14, 20, 245481).
cost(14, 21, 226029).
cost(14, 22, 374466).
cost(14, 23, 303665).
cost(14, 24, 556068).
cost(14, 25, 252817).
cost(14, 26, 138760).
cost(14, 27, 328164).
cost(15, 1, 229542).
cost(15, 2, 267647).
cost(15, 3, 348714).
cost(15, 4, 116707).
cost(15, 5, 311881).
cost(15, 6, 275268).
cost(15, 7, 189193).
cost(15, 8, 99923).
cost(15, 9, 159190).
cost(15, 10, 268595).
cost(15, 11, 431198).
cost(15, 12, 182647).
cost(15, 13, 458907).
cost(15, 14, 332425).
cost(15, 16, 324120).
cost(15, 17, 72077).
cost(15, 18, 323279).
cost(15, 19, 213996).
cost(15, 20, 512705).
cost(15, 21, 183303).
cost(15, 22, 287086).
cost(15, 23, 339581).
cost(15, 24, 279810).
cost(15, 25, 396368).
cost(15, 26, 286348).
cost(15, 27, 477903).
cost(16, 1, 280007).
cost(16, 2, 146197).
cost(16, 3, 460719).
cost(16, 4, 241439).
cost(16, 5, 18409).
cost(16, 6, 105903).
cost(16, 7, 218110).
cost(16, 8, 323288).
cost(16, 9, 330933).
cost(16, 10, 379633).
cost(16, 11, 632361).
cost(16, 12, 211348).
cost(16, 13, 145760).
cost(16, 14, 60885).
cost(16, 15, 324120).
cost(16, 17, 393047).
cost(16, 18, 15375).
cost(16, 19, 193098).
cost(16, 20, 303022).
cost(16, 21, 252069).
cost(16, 22, 411928).
cost(16, 23, 244600).
cost(16, 24, 569269).
cost(16, 25, 192557).
cost(16, 26, 83073).
cost(16, 27, 388205).
cost(17, 1, 256083).
cost(17, 2, 339213).
cost(17, 3, 337163).
cost(17, 4, 168125).
cost(17, 5, 381597).
cost(17, 6, 335723).
cost(17, 7, 257542).
cost(17, 8, 113227).
cost(17, 9, 166429).
cost(17, 10, 310707).
cost(17, 11, 432004).
cost(17, 12, 251931).
cost(17, 13, 524137).
cost(17, 14, 403891).
cost(17, 15, 72077).
cost(17, 16, 393047).
cost(17, 18, 393050).
cost(17, 19, 263051).
cost(17, 20, 582611).
cost(17, 21, 247387).
cost(17, 22, 323448).
cost(17, 23, 378853).
cost(17, 24, 249104).
cost(17, 25, 448132).
cost(17, 26, 349165).
cost(17, 27, 538487).
cost(18, 1, 290012).
cost(18, 2, 133228).
cost(18, 3, 471635).
cost(18, 4, 245210).
cost(18, 5, 11476).
cost(18, 6, 117995).
cost(18, 7, 208826).
cost(18, 8, 327158).
cost(18, 9, 337385).
cost(18, 10, 368260).
cost(18, 11, 621898).
cost(18, 12, 202613).
cost(18, 13, 154318).
cost(18, 14, 45664).
cost(18, 15, 323279).
cost(18, 16, 15375).
cost(18, 17, 393050).
cost(18, 19, 202316).
cost(18, 20, 289058).
cost(18, 21, 242734).
cost(18, 22, 400557).
cost(18, 23, 258852).
cost(18, 24, 563549).
cost(18, 25, 207920).
cost(18, 26, 95615).
cost(18, 27, 372837).
cost(19, 1, 88707).
cost(19, 2, 250606).
cost(19, 3, 272168).
cost(19, 4, 97444).
cost(19, 5, 192893).
cost(19, 6, 94201).
cost(19, 7, 247725).
cost(19, 8, 160798).
cost(19, 9, 146734).
cost(19, 10, 406053).
cost(19, 11, 623056).
cost(19, 12, 236448).
cost(19, 13, 284749).
cost(19, 14, 238216).
cost(19, 15, 213996).
cost(19, 16, 193098).
cost(19, 17, 263051).
cost(19, 18, 202316).
cost(19, 20, 479152).
cost(19, 21, 271490).
cost(19, 22, 434559).
cost(19, 23, 131260).
cost(19, 24, 493499).
cost(19, 25, 185087).
cost(19, 26, 115989).
cost(19, 27, 519875).
cost(20, 1, 567579).
cost(20, 2, 249629).
cost(20, 3, 751135).
cost(20, 4, 487112).
cost(20, 5, 294983).
cost(20, 6, 405673).
cost(20, 7, 325530).
cost(20, 8, 561519).
cost(20, 9, 591407).
cost(20, 10, 375523).
cost(20, 11, 604321).
cost(20, 12, 330689).
cost(20, 13, 352392).
cost(20, 14, 245481).
cost(20, 15, 512705).
cost(20, 16, 303022).
cost(20, 17, 582611).
cost(20, 18, 289058).
cost(20, 19, 479152).
cost(20, 21, 341592).
cost(20, 22, 398480).
cost(20, 23, 547581).
cost(20, 24, 652150).
cost(20, 25, 483031).
cost(20, 26, 384105).
cost(20, 27, 175610).
cost(21, 1, 336285).
cost(21, 2, 125793).
cost(21, 3, 498911).
cost(21, 4, 213560).
cost(21, 5, 234154).
cost(21, 6, 270235).
cost(21, 7, 33960).
cost(21, 8, 260442).
cost(21, 9, 309454).
cost(21, 10, 137876).
cost(21, 11, 381644).
cost(21, 12, 41886).
cost(21, 13, 397051).
cost(21, 14, 226029).
cost(21, 15, 183303).
cost(21, 16, 252069).
cost(21, 17, 247387).
cost(21, 18, 242734).
cost(21, 19, 271490).
cost(21, 20, 341592).
cost(21, 22, 168766).
cost(21, 23, 396889).
cost(21, 24, 334740).
cost(21, 25, 405638).
cost(21, 26, 266082).
cost(21, 27, 295024).
cost(22, 1, 489263).
cost(22, 2, 269680).
cost(22, 3, 633799).
cost(22, 4, 362098).
cost(22, 5, 393548).
cost(22, 6, 438983).
cost(22, 7, 200269).
cost(22, 8, 384530).
cost(22, 9, 441695).
cost(22, 10, 32299).
cost(22, 11, 224926).
cost(22, 12, 209950).
cost(22, 13, 552924).
cost(22, 14, 374466).
cost(22, 15, 287086).
cost(22, 16, 411928).
cost(22, 17, 323448).
cost(22, 18, 400557).
cost(22, 19, 434559).
cost(22, 20, 398480).
cost(22, 21, 168766).
cost(22, 23, 562970).
cost(22, 24, 267805).
cost(22, 25, 574221).
cost(22, 26, 434299).
cost(22, 27, 273457).
cost(23, 1, 130943).
cost(23, 2, 351719).
cost(23, 3, 253390).
cost(23, 4, 223886).
cost(23, 5, 254004).
cost(23, 6, 147492).
cost(23, 7, 370027).
cost(23, 8, 267290).
cost(23, 9, 228606).
cost(23, 10, 533596).
cost(23, 11, 754315).
cost(23, 12, 359008).
cost(23, 13, 265262).
cost(23, 14, 303665).
cost(23, 15, 339581).
cost(23, 16, 244600).
cost(23, 17, 378853).
cost(23, 18, 258852).
cost(23, 19, 131260).
cost(23, 20, 547581).
cost(23, 21, 396889).
cost(23, 22, 562970).
cost(23, 24, 619007).
cost(23, 25, 107745).
cost(23, 26, 166089).
cost(23, 27, 619192).
cost(24, 1, 502682).
cost(24, 2, 460251).
cost(24, 3, 576555).
cost(24, 4, 396463).
cost(24, 5, 553246).
cost(24, 6, 545764).
cost(24, 7, 364946).
cost(24, 8, 360748).
cost(24, 9, 415530).
cost(24, 10, 281916).
cost(24, 11, 225980).
cost(24, 12, 367488).
cost(24, 13, 713665).
cost(24, 14, 556068).
cost(24, 15, 279810).
cost(24, 16, 569269).
cost(24, 17, 249104).
cost(24, 18, 563549).
cost(24, 19, 493499).
cost(24, 20, 652150).
cost(24, 21, 334740).
cost(24, 22, 267805).
cost(24, 23, 619007).
cost(24, 25, 673537).
cost(24, 26, 552555).
cost(24, 27, 541125).
cost(25, 1, 224850).
cost(25, 2, 328579).
cost(25, 3, 360882).
cost(25, 4, 281352).
cost(25, 5, 207731).
cost(25, 6, 135961).
cost(25, 7, 374090).
cost(25, 8, 343690).
cost(25, 9, 316982).
cost(25, 10, 542808).
cost(25, 11, 782005).
cost(25, 12, 364272).
cost(25, 13, 164743).
cost(25, 14, 252817).
cost(25, 15, 396368).
cost(25, 16, 192557).
cost(25, 17, 448132).
cost(25, 18, 207920).
cost(25, 19, 185087).
cost(25, 20, 483031).
cost(25, 21, 405638).
cost(25, 22, 574221).
cost(25, 23, 107745).
cost(25, 24, 673537).
cost(25, 26, 140437).
cost(25, 27, 580754).
cost(26, 1, 199621).
cost(26, 2, 192172).
cost(26, 3, 378432).
cost(26, 4, 184760).
cost(26, 5, 89126).
cost(26, 6, 23151).
cost(26, 7, 234036).
cost(26, 8, 263335).
cost(26, 9, 260600).
cost(26, 10, 402723).
cost(26, 11, 645075).
cost(26, 12, 224452).
cost(26, 13, 176284).
cost(26, 14, 138760).
cost(26, 15, 286348).
cost(26, 16, 83073).
cost(26, 17, 349165).
cost(26, 18, 95615).
cost(26, 19, 115989).
cost(26, 20, 384105).
cost(26, 21, 266082).
cost(26, 22, 434299).
cost(26, 23, 166089).
cost(26, 24, 552555).
cost(26, 25, 140437).
cost(26, 27, 454949).
cost(27, 1, 601624).
cost(27, 2, 269953).
cost(27, 3, 778503).
cost(27, 4, 493725).
cost(27, 5, 373598).
cost(27, 6, 471852).
cost(27, 7, 297069).
cost(27, 8, 552557).
cost(27, 9, 596570).
cost(27, 10, 261224).
cost(27, 11, 450030).
cost(27, 12, 306775).
cost(27, 13, 483476).
cost(27, 14, 328164).
cost(27, 15, 477903).
cost(27, 16, 388205).
cost(27, 17, 538487).
cost(27, 18, 372837).
cost(27, 19, 519875).
cost(27, 20, 175610).
cost(27, 21, 295024).
cost(27, 22, 273457).
cost(27, 23, 619192).
cost(27, 24, 541125).
cost(27, 25, 580754).
cost(27, 26, 454949).
