dimension(27).
point(1, -5971.0, 230539.0).
point(2, 304847.0, 119140.0).
point(3, -219494.0, 154731.0).
point(4, 58408.0, -72583.0).
point(5, -38235.0, -109981.0).
point(6, 69523.0, -44545.0).
point(7, -157387.0, 131791.0).
point(8, -109967.0, -36152.0).
point(9, 138611.0, 5257.0).
point(10, -109454.0, 79990.0).
point(11, 42727.0, 192339.0).
point(12, -53323.0, 280073.0).
point(13, 280617.0, -77511.0).
point(14, -34893.0, 24944.0).
point(15, 443406.0, 20612.0).
point(16, -214244.0, 183260.0).
point(17, -90004.0, 508485.0).
point(18, -96624.0, 5159.0).
point(19, -169924.0, 250004.0).
point(20, 259208.0, 6251.0).
point(21, 72394.0, 24962.0).
point(22, 85835.0, -72318.0).
point(23, 111613.0, -96477.0).
point(24, 78107.0, -95511.0).
point(25, -72100.0, 317852.0).
point(26, -166326.0, -212008.0).
point(27, 2568.0, -13467.0).
cost(1, 2, 330178).
cost(1, 3, 226581).
cost(1, 4, 309883).
cost(1, 5, 342045).
cost(1, 6, 285255).
cost(1, 7, 180770).
cost(1, 8, 286250).
cost(1, 9, 267686).
cost(1, 10, 182685).
cost(1, 11, 61893).
cost(1, 12, 68526).
cost(1, 13, 420746).
cost(1, 14, 207619).
cost(1, 15, 495993).
cost(1, 16, 213572).
cost(1, 17, 290371).
cost(1, 18, 242928).
cost(1, 19, 165104).
cost(1, 20, 347311).
cost(1, 21, 220007).
cost(1, 22, 316466).
cost(1, 23, 347513).
cost(1, 24, 336716).
cost(1, 25, 109529).
cost(1, 26, 470703).
cost(1, 27, 244155).
cost(2, 1, 330178).
cost(2, 3, 525548).
cost(2, 4, 312234).
cost(2, 5, 412555).
cost(2, 6, 286653).
cost(2, 7, 462407).
cost(2, 8, 442929).
cost(2, 9, 201504).
cost(2, 10, 416147).
cost(2, 11, 272149).
cost(2, 12, 392664).
cost(2, 13, 198138).
cost(2, 14, 352557).
cost(2, 15, 170019).
cost(2, 16, 523036).
cost(2, 17, 554524).
cost(2, 18, 417338).
cost(2, 19, 492476).
cost(2, 20, 121766).
cost(2, 21, 250806).
cost(2, 22, 290899).
cost(2, 23, 289534).
cost(2, 24, 312228).
cost(2, 25, 426117).
cost(2, 26, 575902).
cost(2, 27, 330087).
cost(3, 1, 226581).
cost(3, 2, 525548).
cost(3, 4, 359028).
cost(3, 5, 320823).
cost(3, 6, 351058).
cost(3, 7, 66208).
cost(3, 8, 220074).
cost(3, 9, 388049).
cost(3, 10, 133023).
cost(3, 11, 264904).
cost(3, 12, 208143).
cost(3, 13, 551405).
cost(3, 14, 225659).
cost(3, 15, 676332).
cost(3, 16, 29008).
cost(3, 17, 376709).
cost(3, 18, 193569).
cost(3, 19, 107397).
cost(3, 20, 501200).
cost(3, 21, 319435).
cost(3, 22, 380496).
cost(3, 23, 415617).
cost(3, 24, 388828).
cost(3, 25, 219849).
cost(3, 26, 370573).
cost(3, 27, 278572).
cost(4, 1, 309883).
cost(4, 2, 312234).
cost(4, 3, 359028).
cost(4, 5, 103627).
cost(4, 6, 30161).
cost(4, 7, 297214).
cost(4, 8, 172271).
cost(4, 9, 111766).
cost(4, 10, 226840).
cost(4, 11, 265386).
cost(4, 12, 369933).
cost(4, 13, 222264).
cost(4, 14, 134969).
cost(4, 15, 396117).
cost(4, 16, 373891).
cost(4, 17, 599722).
cost(4, 18, 173432).
cost(4, 19, 395219).
cost(4, 20, 215721).
cost(4, 21, 98543).
cost(4, 22, 27428).
cost(4, 23, 58324).
cost(4, 24, 30228).
cost(4, 25, 411670).
cost(4, 26, 264471).
cost(4, 27, 81319).
cost(5, 1, 342045).
cost(5, 2, 412555).
cost(5, 3, 320823).
cost(5, 4, 103627).
cost(5, 6, 126070).
cost(5, 7, 269538).
cost(5, 8, 102938).
cost(5, 9, 211079).
cost(5, 10, 202882).
cost(5, 11, 312973).
cost(5, 12, 390346).
cost(5, 13, 320501).
cost(5, 14, 134966).
cost(5, 15, 499032).
cost(5, 16, 342008).
cost(5, 17, 620629).
cost(5, 18, 129099).
cost(5, 19, 383316).
cost(5, 20, 319347).
cost(5, 21, 174495).
cost(5, 22, 129661).
cost(5, 23, 150455).
cost(5, 24, 117238).
cost(5, 25, 429171).
cost(5, 26, 163758).
cost(5, 27, 104785).
cost(6, 1, 285255).
cost(6, 2, 286653).
cost(6, 3, 351058).
cost(6, 4, 30161).
cost(6, 5, 126070).
cost(6, 7, 287372).
cost(6, 8, 179686).
cost(6, 9, 85167).
cost(6, 10, 218041).
cost(6, 11, 238395).
cost(6, 12, 347085).
cost(6, 13, 213653).
cost(6, 14, 125425).
cost(6, 15, 379518).
cost(6, 16, 363894).
cost(6, 17, 575579).
cost(6, 18, 173422).
cost(6, 19, 379597).
cost(6, 20, 196369).
cost(6, 21, 69566).
cost(6, 22, 32209).
cost(6, 23, 66847).
cost(6, 24, 51684).
cost(6, 25, 389087).
cost(6, 26, 289255).
cost(6, 27, 73816).
cost(7, 1, 180770).
cost(7, 2, 462407).
cost(7, 3, 66208).
cost(7, 4, 297214).
cost(7, 5, 269538).
cost(7, 6, 287372).
cost(7, 8, 174509).
cost(7, 9, 321909).
cost(7, 10, 70576).
cost(7, 11, 209073).
cost(7, 12, 181154).
cost(7, 13, 485443).
cost(7, 14, 162546).
cost(7, 15, 610993).
cost(7, 16, 76693).
cost(7, 17, 382673).
cost(7, 18, 140456).
cost(7, 19, 118876).
cost(7, 20, 435100).
cost(7, 21, 253400).
cost(7, 22, 317518).
cost(7, 23, 352799).
cost(7, 24, 327297).
cost(7, 25, 204677).
cost(7, 26, 343915).
cost(7, 27, 216068).
cost(8, 1, 286250).
cost(8, 2, 442929).
cost(8, 3, 220074).
cost(8, 4, 172271).
cost(8, 5, 102938).
cost(8, 6, 179686).
cost(8, 7, 174509).
cost(8, 9, 252003).
cost(8, 10, 116143).
cost(8, 11, 274816).
cost(8, 12, 321258).
cost(8, 13, 392768).
cost(8, 14, 96793).
cost(8, 15, 556277).
cost(8, 16, 242931).
cost(8, 17, 545003).
cost(8, 18, 43412).
cost(8, 19, 292370).
cost(8, 20, 371602).
cost(8, 21, 192329).
cost(8, 22, 199114).
cost(8, 23, 229645).
cost(8, 24, 197219).
cost(8, 25, 356024).
cost(8, 26, 184666).
cost(8, 27, 114799).
cost(9, 1, 267686).
cost(9, 2, 201504).
cost(9, 3, 388049).
cost(9, 4, 111766).
cost(9, 5, 211079).
cost(9, 6, 85167).
cost(9, 7, 321909).
cost(9, 8, 252003).
cost(9, 10, 259078).
cost(9, 11, 210222).
cost(9, 12, 335205).
cost(9, 13, 164366).
cost(9, 14, 174617).
cost(9, 15, 305182).
cost(9, 16, 395211).
cost(9, 17, 552723).
cost(9, 18, 235235).
cost(9, 19, 393821).
cost(9, 20, 120601).
cost(9, 21, 69087).
cost(9, 22, 93825).
cost(9, 23, 105255).
cost(9, 24, 117537).
cost(9, 25, 376981).
cost(9, 26, 374420).
cost(9, 27, 137325).
cost(10, 1, 182685).
cost(10, 2, 416147).
cost(10, 3, 133023).
cost(10, 4, 226840).
cost(10, 5, 202882).
cost(10, 6, 218041).
cost(10, 7, 70576).
cost(10, 8, 116143).
cost(10, 9, 259078).
cost(10, 11, 189160).
cost(10, 12, 207807).
cost(10, 13, 420668).
cost(10, 14, 92679).
cost(10, 15, 556040).
cost(10, 16, 147125).
cost(10, 17, 428936).
cost(10, 18, 75923).
cost(10, 19, 180448).
cost(10, 20, 375964).
cost(10, 21, 189992).
cost(10, 22, 247660).
cost(10, 23, 282863).
cost(10, 24, 256865).
cost(10, 25, 240777).
cost(10, 26, 297485).
cost(10, 27, 145887).
cost(11, 1, 61893).
cost(11, 2, 272149).
cost(11, 3, 264904).
cost(11, 4, 265386).
cost(11, 5, 312973).
cost(11, 6, 238395).
cost(11, 7, 209073).
cost(11, 8, 274816).
cost(11, 9, 210222).
cost(11, 10, 189160).
cost(11, 12, 130088).
cost(11, 13, 359737).
cost(11, 14, 184515).
cost(11, 15, 435929).
cost(11, 16, 257131).
cost(11, 17, 342879).
cost(11, 18, 233356).
cost(11, 19, 220331).
cost(11, 20, 285469).
cost(11, 21, 169986).
cost(11, 22, 268145).
cost(11, 23, 296917).
cost(11, 24, 290016).
cost(11, 25, 170114).
cost(11, 26, 455192).
cost(11, 27, 209688).
cost(12, 1, 68526).
cost(12, 2, 392664).
cost(12, 3, 208143).
cost(12, 4, 369933).
cost(12, 5, 390346).
cost(12, 6, 347085).
cost(12, 7, 181154).
cost(12, 8, 321258).
cost(12, 9, 335205).
cost(12, 10, 207807).
cost(12, 11, 130088).
cost(12, 13, 489267).
cost(12, 14, 255794).
cost(12, 15, 560410).
cost(12, 16, 187799).
cost(12, 17, 231339).
cost(12, 18, 278303).
cost(12, 19, 120416).
cost(12, 20, 415517).
cost(12, 21, 284405).
cost(12, 22, 378872).
cost(12, 23, 411089).
cost(12, 24, 397916).
cost(12, 25, 42188).
cost(12, 26, 504889).
cost(12, 27, 298814).
cost(13, 1, 420746).
cost(13, 2, 198138).
cost(13, 3, 551405).
cost(13, 4, 222264).
cost(13, 5, 320501).
cost(13, 6, 213653).
cost(13, 7, 485443).
cost(13, 8, 392768).
cost(13, 9, 164366).
cost(13, 10, 420668).
cost(13, 11, 359737).
cost(13, 12, 489267).
cost(13, 14, 331728).
cost(13, 15, 190075).
cost(13, 16, 559365).
cost(13, 17, 693362).
cost(13, 18, 386193).
cost(13, 19, 557004).
cost(13, 20, 86455).
cost(13, 21, 232072).
cost(13, 22, 194851).
cost(13, 23, 170065).
cost(13, 24, 203308).
cost(13, 25, 529831).
cost(13, 26, 466741).
cost(13, 27, 285329).
cost(14, 1, 207619).
cost(14, 2, 352557).
cost(14, 3, 225659).
cost(14, 4, 134969).
cost(14, 5, 134966).
cost(14, 6, 125425).
cost(14, 7, 162546).
cost(14, 8, 96793).
cost(14, 9, 174617).
cost(14, 10, 92679).
cost(14, 11, 184515).
cost(14, 12, 255794).
cost(14, 13, 331728).
cost(14, 15, 478319).
cost(14, 16, 239229).
cost(14, 17, 486671).
cost(14, 18, 64824).
cost(14, 19, 262460).
cost(14, 20, 294694).
cost(14, 21, 107287).
cost(14, 22, 155033).
cost(14, 23, 190282).
cost(14, 24, 165162).
cost(14, 25, 295262).
cost(14, 26, 270963).
cost(14, 27, 53654).
cost(15, 1, 495993).
cost(15, 2, 170019).
cost(15, 3, 676332).
cost(15, 4, 396117).
cost(15, 5, 499032).
cost(15, 6, 379518).
cost(15, 7, 610993).
cost(15, 8, 556277).
cost(15, 9, 305182).
cost(15, 10, 556040).
cost(15, 11, 435929).
cost(15, 12, 560410).
cost(15, 13, 190075).
cost(15, 14, 478319).
cost(15, 16, 677464).
cost(15, 17, 722874).
cost(15, 18, 540251).
cost(15, 19, 654824).
cost(15, 20, 184757).
cost(15, 21, 371038).
cost(15, 22, 369450).
cost(15, 23, 351847).
cost(15, 24, 383312).
cost(15, 25, 595061).
cost(15, 26, 652599).
cost(15, 27, 442153).
cost(16, 1, 213572).
cost(16, 2, 523036).
cost(16, 3, 29008).
cost(16, 4, 373891).
cost(16, 5, 342008).
cost(16, 6, 363894).
cost(16, 7, 76693).
cost(16, 8, 242931).
cost(16, 9, 395211).
cost(16, 10, 147125).
cost(16, 11, 257131).
cost(16, 12, 187799).
cost(16, 13, 559365).
cost(16, 14, 239229).
cost(16, 15, 677464).
cost(16, 17, 348148).
cost(16, 18, 213435).
cost(16, 19, 80119).
cost(16, 20, 505459).
cost(16, 21, 327444).
cost(16, 22, 394167).
cost(16, 23, 429460).
cost(16, 24, 403958).
cost(16, 25, 195755).
cost(16, 26, 398162).
cost(16, 27, 292761).
cost(17, 1, 290371).
cost(17, 2, 554524).
cost(17, 3, 376709).
cost(17, 4, 599722).
cost(17, 5, 620629).
cost(17, 6, 575579).
cost(17, 7, 382673).
cost(17, 8, 545003).
cost(17, 9, 552723).
cost(17, 10, 428936).
cost(17, 11, 342879).
cost(17, 12, 231339).
cost(17, 13, 693362).
cost(17, 14, 486671).
cost(17, 15, 722874).
cost(17, 16, 348148).
cost(17, 18, 503370).
cost(17, 19, 270554).
cost(17, 20, 611709).
cost(17, 21, 510066).
cost(17, 22, 606837).
cost(17, 23, 637674).
cost(17, 24, 626955).
cost(17, 25, 191472).
cost(17, 26, 724524).
cost(17, 27, 530098).
cost(18, 1, 242928).
cost(18, 2, 417338).
cost(18, 3, 193569).
cost(18, 4, 173432).
cost(18, 5, 129099).
cost(18, 6, 173422).
cost(18, 7, 140456).
cost(18, 8, 43412).
cost(18, 9, 235235).
cost(18, 10, 75923).
cost(18, 11, 233356).
cost(18, 12, 278303).
cost(18, 13, 386193).
cost(18, 14, 64824).
cost(18, 15, 540251).
cost(18, 16, 213435).
cost(18, 17, 503370).
cost(18, 19, 255582).
cost(18, 20, 355834).
cost(18, 21, 170174).
cost(18, 22, 198227).
cost(18, 23, 231716).
cost(18, 24, 201657).
cost(18, 25, 313653).
cost(18, 26, 228079).
cost(18, 27, 100926).
cost(19, 1, 165104).
cost(19, 2, 492476).
cost(19, 3, 107397).
cost(19, 4, 395219).
cost(19, 5, 383316).
cost(19, 6, 379597).
cost(19, 7, 118876).
cost(19, 8, 292370).
cost(19, 9, 393821).
cost(19, 10, 180448).
cost(19, 11, 220331).
cost(19, 12, 120416).
cost(19, 13, 557004).
cost(19, 14, 262460).
cost(19, 15, 654824).
cost(19, 16, 80119).
cost(19, 17, 270554).
cost(19, 18, 255582).
cost(19, 20, 493528).
cost(19, 21, 330699).
cost(19, 22, 411466).
cost(19, 23, 446444).
cost(19, 24, 425323).
cost(19, 25, 119050).
cost(19, 26, 462026).
cost(19, 27, 314913).
cost(20, 1, 347311).
cost(20, 2, 121766).
cost(20, 3, 501200).
cost(20, 4, 215721).
cost(20, 5, 319347).
cost(20, 6, 196369).
cost(20, 7, 435100).
cost(20, 8, 371602).
cost(20, 9, 120601).
cost(20, 10, 375964).
cost(20, 11, 285469).
cost(20, 12, 415517).
cost(20, 13, 86455).
cost(20, 14, 294694).
cost(20, 15, 184757).
cost(20, 16, 505459).
cost(20, 17, 611709).
cost(20, 18, 355834).
cost(20, 19, 493528).
cost(20, 21, 187749).
cost(20, 22, 190345).
cost(20, 23, 179826).
cost(20, 24, 207733).
cost(20, 25, 454819).
cost(20, 26, 478243).
cost(20, 27, 257396).
cost(21, 1, 220007).
cost(21, 2, 250806).
cost(21, 3, 319435).
cost(21, 4, 98543).
cost(21, 5, 174495).
cost(21, 6, 69566).
cost(21, 7, 253400).
cost(21, 8, 192329).
cost(21, 9, 69087).
cost(21, 10, 189992).
cost(21, 11, 169986).
cost(21, 12, 284405).
cost(21, 13, 232072).
cost(21, 14, 107287).
cost(21, 15, 371038).
cost(21, 16, 327444).
cost(21, 17, 510066).
cost(21, 18, 170174).
cost(21, 19, 330699).
cost(21, 20, 187749).
cost(21, 22, 98204).
cost(21, 23, 127615).
cost(21, 24, 120608).
cost(21, 25, 326593).
cost(21, 26, 336366).
cost(21, 27, 79702).
cost(22, 1, 316466).
cost(22, 2, 290899).
cost(22, 3, 380496).
cost(22, 4, 27428).
cost(22, 5, 129661).
cost(22, 6, 32209).
cost(22, 7, 317518).
cost(22, 8, 199114).
cost(22, 9, 93825).
cost(22, 10, 247660).
cost(22, 11, 268145).
cost(22, 12, 378872).
cost(22, 13, 194851).
cost(22, 14, 155033).
cost(22, 15, 369450).
cost(22, 16, 394167).
cost(22, 17, 606837).
cost(22, 18, 198227).
cost(22, 19, 411466).
cost(22, 20, 190345).
cost(22, 21, 98204).
cost(22, 23, 35329).
cost(22, 24, 24447).
cost(22, 25, 420923).
cost(22, 26, 288268).
cost(22, 27, 101965).
cost(23, 1, 347513).
cost(23, 2, 289534).
cost(23, 3, 415617).
cost(23, 4, 58324).
cost(23, 5, 150455).
cost(23, 6, 66847).
cost(23, 7, 352799).
cost(23, 8, 229645).
cost(23, 9, 105255).
cost(23, 10, 282863).
cost(23, 11, 296917).
cost(23, 12, 411089).
cost(23, 13, 170065).
cost(23, 14, 190282).
cost(23, 15, 351847).
cost(23, 16, 429460).
cost(23, 17, 637674).
cost(23, 18, 231716).
cost(23, 19, 446444).
cost(23, 20, 179826).
cost(23, 21, 127615).
cost(23, 22, 35329).
cost(23, 24, 33520).
cost(23, 25, 453232).
cost(23, 26, 300994).
cost(23, 27, 137046).
cost(24, 1, 336716).
cost(24, 2, 312228).
cost(24, 3, 388828).
cost(24, 4, 30228).
cost(24, 5, 117238).
cost(24, 6, 51684).
cost(24, 7, 327297).
cost(24, 8, 197219).
cost(24, 9, 117537).
cost(24, 10, 256865).
cost(24, 11, 290016).
cost(24, 12, 397916).
cost(24, 13, 203308).
cost(24, 14, 165162).
cost(24, 15, 383312).
cost(24, 16, 403958).
cost(24, 17, 626955).
cost(24, 18, 201657).
cost(24, 19, 425323).
cost(24, 20, 207733).
cost(24, 21, 120608).
cost(24, 22, 24447).
cost(24, 23, 33520).
cost(24, 25, 439808).
cost(24, 26, 270775).
cost(24, 27, 111523).
cost(25, 1, 109529).
cost(25, 2, 426117).
cost(25, 3, 219849).
cost(25, 4, 411670).
cost(25, 5, 429171).
cost(25, 6, 389087).
cost(25, 7, 204677).
cost(25, 8, 356024).
cost(25, 9, 376981).
cost(25, 10, 240777).
cost(25, 11, 170114).
cost(25, 12, 42188).
cost(25, 13, 529831).
cost(25, 14, 295262).
cost(25, 15, 595061).
cost(25, 16, 195755).
cost(25, 17, 191472).
cost(25, 18, 313653).
cost(25, 19, 119050).
cost(25, 20, 454819).
cost(25, 21, 326593).
cost(25, 22, 420923).
cost(25, 23, 453232).
cost(25, 24, 439808).
cost(25, 26, 538173).
cost(25, 27, 339629).
cost(26, 1, 470703).
cost(26, 2, 575902).
cost(26, 3, 370573).
cost(26, 4, 264471).
cost(26, 5, 163758).
cost(26, 6, 289255).
cost(26, 7, 343915).
cost(26, 8, 184666).
cost(26, 9, 374420).
cost(26, 10, 297485).
cost(26, 11, 455192).
cost(26, 12, 504889).
cost(26, 13, 466741).
cost(26, 14, 270963).
cost(26, 15, 652599).
cost(26, 16, 398162).
cost(26, 17, 724524).
cost(26, 18, 228079).
cost(26, 19, 462026).
cost(26, 20, 478243).
cost(26, 21, 336366).
cost(26, 22, 288268).
cost(26, 23, 300994).
cost(26, 24, 270775).
cost(26, 25, 538173).
cost(26, 27, 260660).
cost(27, 1, 244155).
cost(27, 2, 330087).
cost(27, 3, 278572).
cost(27, 4, 81319).
cost(27, 5, 104785).
cost(27, 6, 73816).
cost(27, 7, 216068).
cost(27, 8, 114799).
cost(27, 9, 137325).
cost(27, 10, 145887).
cost(27, 11, 209688).
cost(27, 12, 298814).
cost(27, 13, 285329).
cost(27, 14, 53654).
cost(27, 15, 442153).
cost(27, 16, 292761).
cost(27, 17, 530098).
cost(27, 18, 100926).
cost(27, 19, 314913).
cost(27, 20, 257396).
cost(27, 21, 79702).
cost(27, 22, 101965).
cost(27, 23, 137046).
cost(27, 24, 111523).
cost(27, 25, 339629).
cost(27, 26, 260660).
