dimension(17).
point(1, 212156.0, -158245.0).
point(2, -197328.0, 62082.0).
point(3, 250762.0, -200042.0).
point(4, 128442.0, 253853.0).
point(5, -122819.0, 62121.0).
point(6, 133870.0, 1104081.0).
point(7, 242734.0, 198567.0).
point(8, -252116.0, -157242.0).
point(9, 306976.0, -214925.0).
point(10, -110004.0, -283228.0).
point(11, 63183.0, -75516.0).
point(12, -122883.0, -99558.0).
point(13, -140512.0, 62784.0).
point(14, -336607.0, -147415.0).
point(15, -168201.0, -98970.0).
point(16, 70413.0, -133498.0).
point(17, 300412.0, 289419.0).
cost(1, 2, 464996).
cost(1, 3, 56898).
cost(1, 4, 420515).
cost(1, 5, 400961).
cost(1, 6, 1264751).
cost(1, 7, 358120).
cost(1, 8, 464273).
cost(1, 9, 110469).
cost(1, 10, 345554).
cost(1, 11, 170403).
cost(1, 12, 340140).
cost(1, 13, 416207).
cost(1, 14, 548870).
cost(1, 15, 384948).
cost(1, 16, 143887).
cost(1, 17, 456281).
cost(2, 1, 464996).
cost(2, 3, 519128).
cost(2, 4, 378024).
cost(2, 5, 74509).
cost(2, 6, 1093368).
cost(2, 7, 460741).
cost(2, 8, 226064).
cost(2, 9, 575374).
cost(2, 10, 356180).
cost(2, 11, 294617).
cost(2, 12, 177959).
cost(2, 13, 56820).
cost(2, 14, 251570).
cost(2, 15, 163665).
cost(2, 16, 331567).
cost(2, 17, 547199).
cost(3, 1, 56898).
cost(3, 2, 519128).
cost(3, 4, 470088).
cost(3, 5, 456390).
cost(3, 6, 1309351).
cost(3, 7, 398690).
cost(3, 8, 504696).
cost(3, 9, 58151).
cost(3, 10, 370232).
cost(3, 11, 225150).
cost(3, 12, 386921).
cost(3, 13, 471352).
cost(3, 14, 589722).
cost(3, 15, 430982).
cost(3, 16, 192234).
cost(3, 17, 491973).
cost(4, 1, 420515).
cost(4, 2, 378024).
cost(4, 3, 470088).
cost(4, 5, 316059).
cost(4, 6, 850245).
cost(4, 7, 126961).
cost(4, 8, 560200).
cost(4, 9, 501625).
cost(4, 10, 587633).
cost(4, 11, 335772).
cost(4, 12, 433663).
cost(4, 13, 329915).
cost(4, 14, 614237).
cost(4, 15, 460957).
cost(4, 16, 391674).
cost(4, 17, 175609).
cost(5, 1, 400961).
cost(5, 2, 74509).
cost(5, 3, 456390).
cost(5, 4, 316059).
cost(5, 6, 1073112).
cost(5, 7, 390188).
cost(5, 8, 254633).
cost(5, 9, 511349).
cost(5, 10, 345587).
cost(5, 11, 231389).
cost(5, 12, 161679).
cost(5, 13, 17705).
cost(5, 14, 299350).
cost(5, 15, 167361).
cost(5, 16, 274964).
cost(5, 17, 480405).
cost(6, 1, 1264751).
cost(6, 2, 1093368).
cost(6, 3, 1309351).
cost(6, 4, 850245).
cost(6, 5, 1073112).
cost(6, 7, 912035).
cost(6, 8, 1319061).
cost(6, 9, 1330317).
cost(6, 10, 1408581).
cost(6, 11, 1181713).
cost(6, 12, 1230719).
cost(6, 13, 1076840).
cost(6, 14, 1337008).
cost(6, 15, 1240395).
cost(6, 16, 1239205).
cost(6, 17, 831511).
cost(7, 1, 358120).
cost(7, 2, 460741).
cost(7, 3, 398690).
cost(7, 4, 126961).
cost(7, 5, 390188).
cost(7, 6, 912035).
cost(7, 8, 609489).
cost(7, 9, 418453).
cost(7, 10, 597119).
cost(7, 11, 327658).
cost(7, 12, 471757).
cost(7, 13, 406589).
cost(7, 14, 674789).
cost(7, 15, 507342).
cost(7, 16, 374115).
cost(7, 17, 107614).
cost(8, 1, 464273).
cost(8, 2, 226064).
cost(8, 3, 504696).
cost(8, 4, 560200).
cost(8, 5, 254633).
cost(8, 6, 1319061).
cost(8, 7, 609489).
cost(8, 9, 562060).
cost(8, 10, 189917).
cost(8, 11, 325719).
cost(8, 12, 141522).
cost(8, 13, 246712).
cost(8, 14, 85061).
cost(8, 15, 102163).
cost(8, 16, 323402).
cost(8, 17, 710488).
cost(9, 1, 110469).
cost(9, 2, 575374).
cost(9, 3, 58151).
cost(9, 4, 501625).
cost(9, 5, 511349).
cost(9, 6, 1330317).
cost(9, 7, 418453).
cost(9, 8, 562060).
cost(9, 10, 422537).
cost(9, 11, 280838).
cost(9, 12, 445071).
cost(9, 13, 526657).
cost(9, 14, 647114).
cost(9, 15, 489120).
cost(9, 16, 250185).
cost(9, 17, 504387).
cost(10, 1, 345554).
cost(10, 2, 356180).
cost(10, 3, 370232).
cost(10, 4, 587633).
cost(10, 5, 345587).
cost(10, 6, 1408581).
cost(10, 7, 597119).
cost(10, 8, 189917).
cost(10, 9, 422537).
cost(10, 11, 270440).
cost(10, 12, 184121).
cost(10, 13, 347354).
cost(10, 14, 264186).
cost(10, 15, 193230).
cost(10, 16, 234455).
cost(10, 17, 704532).
cost(11, 1, 170403).
cost(11, 2, 294617).
cost(11, 3, 225150).
cost(11, 4, 335772).
cost(11, 5, 231389).
cost(11, 6, 1181713).
cost(11, 7, 327658).
cost(11, 8, 325719).
cost(11, 9, 280838).
cost(11, 10, 270440).
cost(11, 12, 187613).
cost(11, 13, 246208).
cost(11, 14, 406204).
cost(11, 15, 232570).
cost(11, 16, 58431).
cost(11, 17, 435264).
cost(12, 1, 340140).
cost(12, 2, 177959).
cost(12, 3, 386921).
cost(12, 4, 433663).
cost(12, 5, 161679).
cost(12, 6, 1230719).
cost(12, 7, 471757).
cost(12, 8, 141522).
cost(12, 9, 445071).
cost(12, 10, 184121).
cost(12, 11, 187613).
cost(12, 13, 163296).
cost(12, 14, 219017).
cost(12, 15, 45322).
cost(12, 16, 196253).
cost(12, 17, 574875).
cost(13, 1, 416207).
cost(13, 2, 56820).
cost(13, 3, 471352).
cost(13, 4, 329915).
cost(13, 5, 17705).
cost(13, 6, 1076840).
cost(13, 7, 406589).
cost(13, 8, 246712).
cost(13, 9, 526657).
cost(13, 10, 347354).
cost(13, 11, 246208).
cost(13, 12, 163296).
cost(13, 14, 287466).
cost(13, 15, 164107).
cost(13, 16, 288125).
cost(13, 17, 495759).
cost(14, 1, 548870).
cost(14, 2, 251570).
cost(14, 3, 589722).
cost(14, 4, 614237).
cost(14, 5, 299350).
cost(14, 6, 1337008).
cost(14, 7, 674789).
cost(14, 8, 85061).
cost(14, 9, 647114).
cost(14, 10, 264186).
cost(14, 11, 406204).
cost(14, 12, 219017).
cost(14, 13, 287466).
cost(14, 15, 175236).
cost(14, 16, 407258).
cost(14, 17, 772410).
cost(15, 1, 384948).
cost(15, 2, 163665).
cost(15, 3, 430982).
cost(15, 4, 460957).
cost(15, 5, 167361).
cost(15, 6, 1240395).
cost(15, 7, 507342).
cost(15, 8, 102163).
cost(15, 9, 489120).
cost(15, 10, 193230).
cost(15, 11, 232570).
cost(15, 12, 45322).
cost(15, 13, 164107).
cost(15, 14, 175236).
cost(15, 16, 241099).
cost(15, 17, 608641).
cost(16, 1, 143887).
cost(16, 2, 331567).
cost(16, 3, 192234).
cost(16, 4, 391674).
cost(16, 5, 274964).
cost(16, 6, 1239205).
cost(16, 7, 374115).
cost(16, 8, 323402).
cost(16, 9, 250185).
cost(16, 10, 234455).
cost(16, 11, 58431).
cost(16, 12, 196253).
cost(16, 13, 288125).
cost(16, 14, 407258).
cost(16, 15, 241099).
cost(16, 17, 481413).
cost(17, 1, 456281).
cost(17, 2, 547199).
cost(17, 3, 491973).
cost(17, 4, 175609).
cost(17, 5, 480405).
cost(17, 6, 831511).
cost(17, 7, 107614).
cost(17, 8, 710488).
cost(17, 9, 504387).
cost(17, 10, 704532).
cost(17, 11, 435264).
cost(17, 12, 574875).
cost(17, 13, 495759).
cost(17, 14, 772410).
cost(17, 15, 608641).
cost(17, 16, 481413).
nocross(1,5).
nocross(2,4).
nocross(2,5).
nocross(2,13).
nocross(3,1).
nocross(3,5).
nocross(3,11).
nocross(4,1).
nocross(4,5).
nocross(4,11).
nocross(5,4).
nocross(5,7).
nocross(5,11).
nocross(5,14).
nocross(6,1).
nocross(6,4).
nocross(6,5).
nocross(6,17).
nocross(7,1).
nocross(7,5).
nocross(7,9).
nocross(7,11).
nocross(8,2).
nocross(8,5).
nocross(8,10).
nocross(8,13).
nocross(8,14).
nocross(9,1).
nocross(9,3).
nocross(9,5).
nocross(10,8).
nocross(10,11).
nocross(10,15).
nocross(11,1).
nocross(11,4).
nocross(11,5).
nocross(12,4).
nocross(12,5).
nocross(13,2).
nocross(13,4).
nocross(13,5).
nocross(14,2).
nocross(14,5).
nocross(14,15).
nocross(15,2).
nocross(15,4).
nocross(15,5).
nocross(15,10).
nocross(15,13).
nocross(16,1).
nocross(16,3).
nocross(16,5).
nocross(16,10).
nocross(16,15).
nocross(17,1).
nocross(17,4).
nocross(17,5).
nocross(17,9).
nocross(17,11).
