dimension(17).
point(1, 122045.0, 249244.0).
point(2, 3133.0, 37548.0).
point(3, -220758.0, -109573.0).
point(4, 157754.0, 291712.0).
point(5, -359040.0, -278521.0).
point(6, -49415.0, 129868.0).
point(7, -16432.0, 480989.0).
point(8, 337611.0, 187211.0).
point(9, 189847.0, 257810.0).
point(10, 135292.0, -12355.0).
point(11, 299106.0, -19176.0).
point(12, 365202.0, 302407.0).
point(13, 147459.0, -240751.0).
point(14, 105167.0, -26053.0).
point(15, -316985.0, 343053.0).
point(16, 457634.0, 670662.0).
point(17, -371645.0, -221763.0).
cost(1, 2, 242807).
cost(1, 3, 496249).
cost(1, 4, 55486).
cost(1, 5, 714128).
cost(1, 6, 208924).
cost(1, 7, 269966).
cost(1, 8, 224314).
cost(1, 9, 68341).
cost(1, 10, 261934).
cost(1, 11, 321559).
cost(1, 12, 248901).
cost(1, 13, 490654).
cost(1, 14, 275814).
cost(1, 15, 448940).
cost(1, 16, 538714).
cost(1, 17, 682332).
cost(2, 1, 242807).
cost(2, 3, 267903).
cost(2, 4, 297501).
cost(2, 5, 480696).
cost(2, 6, 106227).
cost(2, 7, 443872).
cost(2, 8, 366435).
cost(2, 9, 288752).
cost(2, 10, 141267).
cost(2, 11, 301360).
cost(2, 12, 448603).
cost(2, 13, 313497).
cost(2, 14, 120233).
cost(2, 15, 442503).
cost(2, 16, 779362).
cost(2, 17, 455742).
cost(3, 1, 496249).
cost(3, 2, 267903).
cost(3, 4, 551635).
cost(3, 5, 218324).
cost(3, 6, 294432).
cost(3, 7, 624910).
cost(3, 8, 632342).
cost(3, 9, 550969).
cost(3, 10, 369084).
cost(3, 11, 527665).
cost(3, 12, 716294).
cost(3, 13, 390885).
cost(3, 14, 336456).
cost(3, 15, 462742).
cost(3, 16, 1033916).
cost(3, 17, 188025).
cost(4, 1, 55486).
cost(4, 2, 297501).
cost(4, 3, 551635).
cost(4, 5, 769572).
cost(4, 6, 262893).
cost(4, 7, 257229).
cost(4, 8, 208012).
cost(4, 9, 46683).
cost(4, 10, 304896).
cost(4, 11, 341514).
cost(4, 12, 207724).
cost(4, 13, 532563).
cost(4, 14, 322087).
cost(4, 15, 477507).
cost(4, 16, 483251).
cost(4, 17, 737509).
cost(5, 1, 714128).
cost(5, 2, 480696).
cost(5, 3, 218324).
cost(5, 4, 769572).
cost(5, 6, 512493).
cost(5, 7, 833208).
cost(5, 8, 837991).
cost(5, 9, 767416).
cost(5, 10, 561434).
cost(5, 11, 707401).
cost(5, 12, 928442).
cost(5, 13, 507905).
cost(5, 14, 528421).
cost(5, 15, 622995).
cost(5, 16, 1252160).
cost(5, 17, 58141).
cost(6, 1, 208924).
cost(6, 2, 106227).
cost(6, 3, 294432).
cost(6, 4, 262893).
cost(6, 5, 512493).
cost(6, 7, 352667).
cost(6, 8, 391251).
cost(6, 9, 271322).
cost(6, 10, 233118).
cost(6, 11, 379053).
cost(6, 12, 449085).
cost(6, 13, 419664).
cost(6, 14, 219561).
cost(6, 15, 342113).
cost(6, 16, 741321).
cost(6, 17, 476945).
cost(7, 1, 269966).
cost(7, 2, 443872).
cost(7, 3, 624910).
cost(7, 4, 257229).
cost(7, 5, 833208).
cost(7, 6, 352667).
cost(7, 8, 460056).
cost(7, 9, 303908).
cost(7, 10, 516148).
cost(7, 11, 591379).
cost(7, 12, 421350).
cost(7, 13, 740114).
cost(7, 14, 521419).
cost(7, 15, 330694).
cost(7, 16, 510602).
cost(7, 17, 787424).
cost(8, 1, 224314).
cost(8, 2, 366435).
cost(8, 3, 632342).
cost(8, 4, 208012).
cost(8, 5, 837991).
cost(8, 6, 391251).
cost(8, 7, 460056).
cost(8, 9, 163763).
cost(8, 10, 284182).
cost(8, 11, 209948).
cost(8, 12, 118454).
cost(8, 13, 468305).
cost(8, 14, 315455).
cost(8, 15, 672891).
cost(8, 16, 498127).
cost(8, 17, 818721).
cost(9, 1, 68341).
cost(9, 2, 288752).
cost(9, 3, 550969).
cost(9, 4, 46683).
cost(9, 5, 767416).
cost(9, 6, 271322).
cost(9, 7, 303908).
cost(9, 8, 163763).
cost(9, 10, 275618).
cost(9, 11, 297756).
cost(9, 12, 180937).
cost(9, 13, 500360).
cost(9, 14, 296224).
cost(9, 15, 513950).
cost(9, 16, 492094).
cost(9, 17, 738420).
cost(10, 1, 261934).
cost(10, 2, 141267).
cost(10, 3, 369084).
cost(10, 4, 304896).
cost(10, 5, 561434).
cost(10, 6, 233118).
cost(10, 7, 516148).
cost(10, 8, 284182).
cost(10, 9, 275618).
cost(10, 11, 163956).
cost(10, 12, 389787).
cost(10, 13, 228720).
cost(10, 14, 33093).
cost(10, 15, 575212).
cost(10, 16, 755259).
cost(10, 17, 548486).
cost(11, 1, 321559).
cost(11, 2, 301360).
cost(11, 3, 527665).
cost(11, 4, 341514).
cost(11, 5, 707401).
cost(11, 6, 379053).
cost(11, 7, 591379).
cost(11, 8, 209948).
cost(11, 9, 297756).
cost(11, 10, 163956).
cost(11, 12, 328305).
cost(11, 13, 268500).
cost(11, 14, 194061).
cost(11, 15, 714687).
cost(11, 16, 707819).
cost(11, 17, 700677).
cost(12, 1, 248901).
cost(12, 2, 448603).
cost(12, 3, 716294).
cost(12, 4, 207724).
cost(12, 5, 928442).
cost(12, 6, 449085).
cost(12, 7, 421350).
cost(12, 8, 118454).
cost(12, 9, 180937).
cost(12, 10, 389787).
cost(12, 11, 328305).
cost(12, 13, 585177).
cost(12, 14, 418932).
cost(12, 15, 683397).
cost(12, 16, 379678).
cost(12, 17, 904266).
cost(13, 1, 490654).
cost(13, 2, 313497).
cost(13, 3, 390885).
cost(13, 4, 532563).
cost(13, 5, 507905).
cost(13, 6, 419664).
cost(13, 7, 740114).
cost(13, 8, 468305).
cost(13, 9, 500360).
cost(13, 10, 228720).
cost(13, 11, 268500).
cost(13, 12, 585177).
cost(13, 14, 218824).
cost(13, 15, 746013).
cost(13, 16, 962747).
cost(13, 17, 519451).
cost(14, 1, 275814).
cost(14, 2, 120233).
cost(14, 3, 336456).
cost(14, 4, 322087).
cost(14, 5, 528421).
cost(14, 6, 219561).
cost(14, 7, 521419).
cost(14, 8, 315455).
cost(14, 9, 296224).
cost(14, 10, 33093).
cost(14, 11, 194061).
cost(14, 12, 418932).
cost(14, 13, 218824).
cost(14, 15, 560760).
cost(14, 16, 780798).
cost(14, 17, 515414).
cost(15, 1, 448940).
cost(15, 2, 442503).
cost(15, 3, 462742).
cost(15, 4, 477507).
cost(15, 5, 622995).
cost(15, 6, 342113).
cost(15, 7, 330694).
cost(15, 8, 672891).
cost(15, 9, 513950).
cost(15, 10, 575212).
cost(15, 11, 714687).
cost(15, 12, 683397).
cost(15, 13, 746013).
cost(15, 14, 560760).
cost(15, 16, 841048).
cost(15, 17, 567455).
cost(16, 1, 538714).
cost(16, 2, 779362).
cost(16, 3, 1033916).
cost(16, 4, 483251).
cost(16, 5, 1252160).
cost(16, 6, 741321).
cost(16, 7, 510602).
cost(16, 8, 498127).
cost(16, 9, 492094).
cost(16, 10, 755259).
cost(16, 11, 707819).
cost(16, 12, 379678).
cost(16, 13, 962747).
cost(16, 14, 780798).
cost(16, 15, 841048).
cost(16, 17, 1218247).
cost(17, 1, 682332).
cost(17, 2, 455742).
cost(17, 3, 188025).
cost(17, 4, 737509).
cost(17, 5, 58141).
cost(17, 6, 476945).
cost(17, 7, 787424).
cost(17, 8, 818721).
cost(17, 9, 738420).
cost(17, 10, 548486).
cost(17, 11, 700677).
cost(17, 12, 904266).
cost(17, 13, 519451).
cost(17, 14, 515414).
cost(17, 15, 567455).
cost(17, 16, 1218247).
nocross(1,2).
nocross(1,10).
nocross(2,3).
nocross(2,14).
nocross(3,2).
nocross(3,5).
nocross(3,6).
nocross(3,13).
nocross(4,1).
nocross(4,10).
nocross(4,11).
nocross(4,12).
nocross(5,2).
nocross(5,3).
nocross(5,6).
nocross(5,13).
nocross(6,3).
nocross(6,10).
nocross(7,1).
nocross(7,6).
nocross(7,10).
nocross(7,12).
nocross(8,10).
nocross(8,11).
nocross(8,12).
nocross(9,10).
nocross(10,14).
nocross(11,9).
nocross(11,13).
nocross(12,4).
nocross(12,8).
nocross(12,9).
nocross(12,10).
nocross(13,3).
nocross(13,5).
nocross(13,10).
nocross(13,11).
nocross(13,14).
nocross(13,17).
nocross(14,2).
nocross(14,3).
nocross(14,10).
nocross(14,13).
nocross(15,3).
nocross(15,6).
nocross(15,17).
nocross(16,7).
nocross(16,12).
nocross(17,2).
nocross(17,3).
nocross(17,5).
nocross(17,6).
nocross(17,13).
