dimension(17).
point(1, -630454.0, -265101.0).
point(2, -357503.0, 436773.0).
point(3, 89580.0, -147123.0).
point(4, 151630.0, -110709.0).
point(5, 396816.0, -152123.0).
point(6, 172341.0, -173718.0).
point(7, 258106.0, -65828.0).
point(8, 352210.0, -62349.0).
point(9, -54241.0, -271991.0).
point(10, -196431.0, -58977.0).
point(11, -160438.0, -72405.0).
point(12, 15915.0, 70990.0).
point(13, -297207.0, -80103.0).
point(14, 216304.0, 529812.0).
point(15, 122425.0, 268787.0).
point(16, 109879.0, 102923.0).
point(17, 166098.0, -405213.0).
cost(1, 2, 753080).
cost(1, 3, 729635).
cost(1, 4, 797178).
cost(1, 5, 1033464).
cost(1, 6, 807979).
cost(1, 7, 910631).
cost(1, 8, 1003363).
cost(1, 9, 576254).
cost(1, 10, 480482).
cost(1, 11, 507983).
cost(1, 12, 728526).
cost(1, 13, 381153).
cost(1, 14, 1161415).
cost(1, 15, 922964).
cost(1, 16, 826762).
cost(1, 17, 808781).
cost(2, 1, 753080).
cost(2, 3, 735403).
cost(2, 4, 747632).
cost(2, 5, 956972).
cost(2, 6, 808353).
cost(2, 7, 794721).
cost(2, 8, 867649).
cost(2, 9, 770918).
cost(2, 10, 521260).
cost(2, 11, 545982).
cost(2, 12, 522722).
cost(2, 13, 520381).
cost(2, 14, 581301).
cost(2, 15, 508478).
cost(2, 16, 574371).
cost(2, 17, 991513).
cost(3, 1, 729635).
cost(3, 2, 735403).
cost(3, 4, 71946).
cost(3, 5, 307277).
cost(3, 6, 86929).
cost(3, 7, 187109).
cost(3, 8, 275973).
cost(3, 9, 190464).
cost(3, 10, 299286).
cost(3, 11, 260944).
cost(3, 12, 230217).
cost(3, 13, 392550).
cost(3, 14, 688694).
cost(3, 15, 417205).
cost(3, 16, 250869).
cost(3, 17, 269194).
cost(4, 1, 797178).
cost(4, 2, 747632).
cost(4, 3, 71946).
cost(4, 5, 248659).
cost(4, 6, 66326).
cost(4, 7, 115548).
cost(4, 8, 206327).
cost(4, 9, 261524).
cost(4, 10, 351884).
cost(4, 11, 314410).
cost(4, 12, 226789).
cost(4, 13, 449879).
cost(4, 14, 643778).
cost(4, 15, 380618).
cost(4, 16, 217674).
cost(4, 17, 294859).
cost(5, 1, 1033464).
cost(5, 2, 956972).
cost(5, 3, 307277).
cost(5, 4, 248659).
cost(5, 6, 225511).
cost(5, 7, 163362).
cost(5, 8, 100245).
cost(5, 9, 466713).
cost(5, 10, 600515).
cost(5, 11, 562927).
cost(5, 12, 441435).
cost(5, 13, 697750).
cost(5, 14, 705422).
cost(5, 15, 502450).
cost(5, 16, 383903).
cost(5, 17, 342469).
cost(6, 1, 807979).
cost(6, 2, 808353).
cost(6, 3, 86929).
cost(6, 4, 66326).
cost(6, 5, 225511).
cost(6, 7, 137826).
cost(6, 8, 211556).
cost(6, 9, 246976).
cost(6, 10, 386210).
cost(6, 11, 347859).
cost(6, 12, 290433).
cost(6, 13, 478789).
cost(6, 14, 704902).
cost(6, 15, 445311).
cost(6, 16, 283605).
cost(6, 17, 231579).
cost(7, 1, 910631).
cost(7, 2, 794721).
cost(7, 3, 187109).
cost(7, 4, 115548).
cost(7, 5, 163362).
cost(7, 6, 137826).
cost(7, 8, 94168).
cost(7, 9, 374251).
cost(7, 10, 454589).
cost(7, 11, 418596).
cost(7, 12, 278165).
cost(7, 13, 555496).
cost(7, 14, 597105).
cost(7, 15, 361077).
cost(7, 16, 224607).
cost(7, 17, 351636).
cost(8, 1, 1003363).
cost(8, 2, 867649).
cost(8, 3, 275973).
cost(8, 4, 206327).
cost(8, 5, 100245).
cost(8, 6, 211556).
cost(8, 7, 94168).
cost(8, 9, 457332).
cost(8, 10, 548651).
cost(8, 11, 512747).
cost(8, 12, 361765).
cost(8, 13, 649660).
cost(8, 14, 607557).
cost(8, 15, 403054).
cost(8, 16, 293324).
cost(8, 17, 390120).
cost(9, 1, 576254).
cost(9, 2, 770918).
cost(9, 3, 190464).
cost(9, 4, 261524).
cost(9, 5, 466713).
cost(9, 6, 246976).
cost(9, 7, 374251).
cost(9, 8, 457332).
cost(9, 10, 256111).
cost(9, 11, 226080).
cost(9, 12, 350083).
cost(9, 13, 309602).
cost(9, 14, 846217).
cost(9, 15, 568904).
cost(9, 16, 409263).
cost(9, 17, 257483).
cost(10, 1, 480482).
cost(10, 2, 521260).
cost(10, 3, 299286).
cost(10, 4, 351884).
cost(10, 5, 600515).
cost(10, 6, 386210).
cost(10, 7, 454589).
cost(10, 8, 548651).
cost(10, 9, 256111).
cost(10, 11, 38416).
cost(10, 12, 248962).
cost(10, 13, 102967).
cost(10, 14, 719043).
cost(10, 15, 457273).
cost(10, 16, 346464).
cost(10, 17, 501305).
cost(11, 1, 507983).
cost(11, 2, 545982).
cost(11, 3, 260944).
cost(11, 4, 314410).
cost(11, 5, 562927).
cost(11, 6, 347859).
cost(11, 7, 418596).
cost(11, 8, 512747).
cost(11, 9, 226080).
cost(11, 10, 38416).
cost(11, 12, 227294).
cost(11, 13, 136985).
cost(11, 14, 710352).
cost(11, 15, 443197).
cost(11, 16, 322197).
cost(11, 17, 466248).
cost(12, 1, 728526).
cost(12, 2, 522722).
cost(12, 3, 230217).
cost(12, 4, 226789).
cost(12, 5, 441435).
cost(12, 6, 290433).
cost(12, 7, 278165).
cost(12, 8, 361765).
cost(12, 9, 350083).
cost(12, 10, 248962).
cost(12, 11, 227294).
cost(12, 13, 347670).
cost(12, 14, 500673).
cost(12, 15, 224651).
cost(12, 16, 99242).
cost(12, 17, 499324).
cost(13, 1, 381153).
cost(13, 2, 520381).
cost(13, 3, 392550).
cost(13, 4, 449879).
cost(13, 5, 697750).
cost(13, 6, 478789).
cost(13, 7, 555496).
cost(13, 8, 649660).
cost(13, 9, 309602).
cost(13, 10, 102967).
cost(13, 11, 136985).
cost(13, 12, 347670).
cost(13, 14, 797302).
cost(13, 15, 545725).
cost(13, 16, 446338).
cost(13, 17, 565993).
cost(14, 1, 1161415).
cost(14, 2, 581301).
cost(14, 3, 688694).
cost(14, 4, 643778).
cost(14, 5, 705422).
cost(14, 6, 704902).
cost(14, 7, 597105).
cost(14, 8, 607557).
cost(14, 9, 846217).
cost(14, 10, 719043).
cost(14, 11, 710352).
cost(14, 12, 500673).
cost(14, 13, 797302).
cost(14, 15, 277394).
cost(14, 16, 439955).
cost(14, 17, 936372).
cost(15, 1, 922964).
cost(15, 2, 508478).
cost(15, 3, 417205).
cost(15, 4, 380618).
cost(15, 5, 502450).
cost(15, 6, 445311).
cost(15, 7, 361077).
cost(15, 8, 403054).
cost(15, 9, 568904).
cost(15, 10, 457273).
cost(15, 11, 443197).
cost(15, 12, 224651).
cost(15, 13, 545725).
cost(15, 14, 277394).
cost(15, 16, 166338).
cost(15, 17, 675413).
cost(16, 1, 826762).
cost(16, 2, 574371).
cost(16, 3, 250869).
cost(16, 4, 217674).
cost(16, 5, 383903).
cost(16, 6, 283605).
cost(16, 7, 224607).
cost(16, 8, 293324).
cost(16, 9, 409263).
cost(16, 10, 346464).
cost(16, 11, 322197).
cost(16, 12, 99242).
cost(16, 13, 446338).
cost(16, 14, 439955).
cost(16, 15, 166338).
cost(16, 17, 511237).
cost(17, 1, 808781).
cost(17, 2, 991513).
cost(17, 3, 269194).
cost(17, 4, 294859).
cost(17, 5, 342469).
cost(17, 6, 231579).
cost(17, 7, 351636).
cost(17, 8, 390120).
cost(17, 9, 257483).
cost(17, 10, 501305).
cost(17, 11, 466248).
cost(17, 12, 499324).
cost(17, 13, 565993).
cost(17, 14, 936372).
cost(17, 15, 675413).
cost(17, 16, 511237).
nocross(1,9).
nocross(1,10).
nocross(1,11).
nocross(1,13).
nocross(2,10).
nocross(2,14).
nocross(2,15).
nocross(3,5).
nocross(3,6).
nocross(3,10).
nocross(4,5).
nocross(4,6).
nocross(4,10).
nocross(4,14).
nocross(5,6).
nocross(6,5).
nocross(6,9).
nocross(6,11).
nocross(7,10).
nocross(7,14).
nocross(8,5).
nocross(9,1).
nocross(9,10).
nocross(9,11).
nocross(9,13).
nocross(10,1).
nocross(10,9).
nocross(10,11).
nocross(10,13).
nocross(10,14).
nocross(11,9).
nocross(11,10).
nocross(12,9).
nocross(12,10).
nocross(13,1).
nocross(13,9).
nocross(13,10).
nocross(13,11).
nocross(15,14).
nocross(15,16).
nocross(16,8).
nocross(16,10).
nocross(17,5).
nocross(17,9).
nocross(17,11).
