dimension(17).
point(1, -7525.0, 290537.0).
point(2, 384184.0, 150147.0).
point(3, -276618.0, 195001.0).
point(4, 73609.0, -91473.0).
point(5, -48186.0, -138604.0).
point(6, 87616.0, -56138.0).
point(7, -198347.0, 166090.0).
point(8, -138586.0, -45561.0).
point(9, 174685.0, 6626.0).
point(10, -137939.0, 100807.0).
point(11, 53847.0, 242396.0).
point(12, -67200.0, 352962.0).
point(13, 353648.0, -97684.0).
point(14, -43974.0, 31436.0).
point(15, 558803.0, 25976.0).
point(16, -270002.0, 230954.0).
point(17, -113428.0, 640820.0).
cost(1, 2, 416107).
cost(1, 3, 285549).
cost(1, 4, 390531).
cost(1, 5, 431063).
cost(1, 6, 359493).
cost(1, 7, 227816).
cost(1, 8, 360748).
cost(1, 9, 337351).
cost(1, 10, 230229).
cost(1, 11, 78001).
cost(1, 12, 86360).
cost(1, 13, 530247).
cost(1, 14, 261652).
cost(1, 15, 625076).
cost(1, 16, 269155).
cost(1, 17, 365942).
cost(2, 1, 416107).
cost(2, 3, 662323).
cost(2, 4, 393493).
cost(2, 5, 519924).
cost(2, 6, 361256).
cost(2, 7, 582749).
cost(2, 8, 558203).
cost(2, 9, 253945).
cost(2, 10, 524449).
cost(2, 11, 342976).
cost(2, 12, 494855).
cost(2, 13, 249705).
cost(2, 14, 444310).
cost(2, 15, 214267).
cost(2, 16, 659158).
cost(2, 17, 698840).
cost(3, 1, 285549).
cost(3, 2, 662323).
cost(3, 4, 452467).
cost(3, 5, 404319).
cost(3, 6, 442422).
cost(3, 7, 83440).
cost(3, 8, 277350).
cost(3, 9, 489039).
cost(3, 10, 167644).
cost(3, 11, 333846).
cost(3, 12, 262312).
cost(3, 13, 694910).
cost(3, 14, 284388).
cost(3, 15, 852348).
cost(3, 16, 36557).
cost(3, 17, 474748).
cost(4, 1, 390531).
cost(4, 2, 393493).
cost(4, 3, 452467).
cost(4, 5, 130596).
cost(4, 6, 38010).
cost(4, 7, 374565).
cost(4, 8, 217105).
cost(4, 9, 140854).
cost(4, 10, 285874).
cost(4, 11, 334453).
cost(4, 12, 466208).
cost(4, 13, 280108).
cost(4, 14, 170095).
cost(4, 15, 499207).
cost(4, 16, 471198).
cost(4, 17, 755801).
cost(5, 1, 431063).
cost(5, 2, 519924).
cost(5, 3, 404319).
cost(5, 4, 130596).
cost(5, 6, 158880).
cost(5, 7, 339686).
cost(5, 8, 129727).
cost(5, 9, 266014).
cost(5, 10, 255682).
cost(5, 11, 394426).
cost(5, 12, 491934).
cost(5, 13, 403912).
cost(5, 14, 170092).
cost(5, 15, 628906).
cost(5, 16, 431017).
cost(5, 17, 782150).
cost(6, 1, 359493).
cost(6, 2, 361256).
cost(6, 3, 442422).
cost(6, 4, 38010).
cost(6, 5, 158880).
cost(6, 7, 362160).
cost(6, 8, 226449).
cost(6, 9, 107333).
cost(6, 10, 274785).
cost(6, 11, 300438).
cost(6, 12, 437414).
cost(6, 13, 269257).
cost(6, 14, 158067).
cost(6, 15, 478289).
cost(6, 16, 458598).
cost(6, 17, 725375).
cost(7, 1, 227816).
cost(7, 2, 582749).
cost(7, 3, 83440).
cost(7, 4, 374565).
cost(7, 5, 339686).
cost(7, 6, 362160).
cost(7, 8, 219926).
cost(7, 9, 405687).
cost(7, 10, 88944).
cost(7, 11, 263485).
cost(7, 12, 228300).
cost(7, 13, 611780).
cost(7, 14, 204848).
cost(7, 15, 770005).
cost(7, 16, 96653).
cost(7, 17, 482265).
cost(8, 1, 360748).
cost(8, 2, 558203).
cost(8, 3, 277350).
cost(8, 4, 217105).
cost(8, 5, 129727).
cost(8, 6, 226449).
cost(8, 7, 219926).
cost(8, 9, 317588).
cost(8, 10, 146369).
cost(8, 11, 346338).
cost(8, 12, 404866).
cost(8, 13, 494986).
cost(8, 14, 121983).
cost(8, 15, 701048).
cost(8, 16, 306155).
cost(8, 17, 686842).
cost(9, 1, 337351).
cost(9, 2, 253945).
cost(9, 3, 489039).
cost(9, 4, 140854).
cost(9, 5, 266014).
cost(9, 6, 107333).
cost(9, 7, 405687).
cost(9, 8, 317588).
cost(9, 10, 326502).
cost(9, 11, 264933).
cost(9, 12, 422442).
cost(9, 13, 207143).
cost(9, 14, 220062).
cost(9, 15, 384605).
cost(9, 16, 498066).
cost(9, 17, 696571).
cost(10, 1, 230229).
cost(10, 2, 524449).
cost(10, 3, 167644).
cost(10, 4, 285874).
cost(10, 5, 255682).
cost(10, 6, 274785).
cost(10, 7, 88944).
cost(10, 8, 146369).
cost(10, 9, 326502).
cost(10, 11, 238389).
cost(10, 12, 261890).
cost(10, 13, 530148).
cost(10, 14, 116798).
cost(10, 15, 700749).
cost(10, 16, 185415).
cost(10, 17, 540569).
cost(11, 1, 78001).
cost(11, 2, 342976).
cost(11, 3, 333846).
cost(11, 4, 334453).
cost(11, 5, 394426).
cost(11, 6, 300438).
cost(11, 7, 263485).
cost(11, 8, 346338).
cost(11, 9, 264933).
cost(11, 10, 238389).
cost(11, 12, 163943).
cost(11, 13, 453360).
cost(11, 14, 232536).
cost(11, 15, 549380).
cost(11, 16, 324051).
cost(11, 17, 432114).
cost(12, 1, 86360).
cost(12, 2, 494855).
cost(12, 3, 262312).
cost(12, 4, 466208).
cost(12, 5, 491934).
cost(12, 6, 437414).
cost(12, 7, 228300).
cost(12, 8, 404866).
cost(12, 9, 422442).
cost(12, 10, 261890).
cost(12, 11, 163943).
cost(12, 13, 616599).
cost(12, 14, 322364).
cost(12, 15, 706257).
cost(12, 16, 236674).
cost(12, 17, 291546).
cost(13, 1, 530247).
cost(13, 2, 249705).
cost(13, 3, 694910).
cost(13, 4, 280108).
cost(13, 5, 403912).
cost(13, 6, 269257).
cost(13, 7, 611780).
cost(13, 8, 494986).
cost(13, 9, 207143).
cost(13, 10, 530148).
cost(13, 11, 453360).
cost(13, 12, 616599).
cost(13, 14, 418061).
cost(13, 15, 239542).
cost(13, 16, 704941).
cost(13, 17, 873812).
cost(14, 1, 261652).
cost(14, 2, 444310).
cost(14, 3, 284388).
cost(14, 4, 170095).
cost(14, 5, 170092).
cost(14, 6, 158067).
cost(14, 7, 204848).
cost(14, 8, 121983).
cost(14, 9, 220062).
cost(14, 10, 116798).
cost(14, 11, 232536).
cost(14, 12, 322364).
cost(14, 13, 418061).
cost(14, 15, 602802).
cost(14, 16, 301490).
cost(14, 17, 613329).
cost(15, 1, 625076).
cost(15, 2, 214267).
cost(15, 3, 852348).
cost(15, 4, 499207).
cost(15, 5, 628906).
cost(15, 6, 478289).
cost(15, 7, 770005).
cost(15, 8, 701048).
cost(15, 9, 384605).
cost(15, 10, 700749).
cost(15, 11, 549380).
cost(15, 12, 706257).
cost(15, 13, 239542).
cost(15, 14, 602802).
cost(15, 16, 853776).
cost(15, 17, 911004).
cost(16, 1, 269155).
cost(16, 2, 659158).
cost(16, 3, 36557).
cost(16, 4, 471198).
cost(16, 5, 431017).
cost(16, 6, 458598).
cost(16, 7, 96653).
cost(16, 8, 306155).
cost(16, 9, 498066).
cost(16, 10, 185415).
cost(16, 11, 324051).
cost(16, 12, 236674).
cost(16, 13, 704941).
cost(16, 14, 301490).
cost(16, 15, 853776).
cost(16, 17, 438755).
cost(17, 1, 365942).
cost(17, 2, 698840).
cost(17, 3, 474748).
cost(17, 4, 755801).
cost(17, 5, 782150).
cost(17, 6, 725375).
cost(17, 7, 482265).
cost(17, 8, 686842).
cost(17, 9, 696571).
cost(17, 10, 540569).
cost(17, 11, 432114).
cost(17, 12, 291546).
cost(17, 13, 873812).
cost(17, 14, 613329).
cost(17, 15, 911004).
cost(17, 16, 438755).
nocross(1,11).
nocross(1,12).
nocross(1,16).
nocross(2,1).
nocross(2,13).
nocross(2,14).
nocross(2,16).
nocross(3,7).
nocross(3,10).
nocross(5,3).
nocross(5,14).
nocross(5,16).
nocross(6,1).
nocross(6,5).
nocross(6,9).
nocross(6,12).
nocross(7,3).
nocross(7,16).
nocross(8,1).
nocross(8,3).
nocross(8,4).
nocross(8,5).
nocross(8,9).
nocross(8,14).
nocross(8,16).
nocross(9,1).
nocross(10,3).
nocross(10,9).
nocross(10,14).
nocross(11,16).
nocross(12,1).
nocross(12,16).
nocross(13,4).
nocross(13,6).
nocross(13,9).
nocross(14,1).
nocross(14,6).
nocross(14,9).
nocross(15,2).
nocross(15,9).
nocross(15,13).
nocross(15,16).
nocross(16,1).
nocross(16,3).
nocross(16,12).
nocross(17,1).
nocross(17,11).
nocross(17,12).
nocross(17,16).
