dimension(17).
point(1, 312730.0, 144027.0).
point(2, -107790.0, -257746.0).
point(3, -160204.0, 364930.0).
point(4, -128651.0, 397664.0).
point(5, -252997.0, 23195.0).
point(6, 125005.0, -298937.0).
point(7, -31507.0, -327389.0).
point(8, 221592.0, 252944.0).
point(9, -206760.0, -329875.0).
point(10, 87349.0, -222915.0).
point(11, -208190.0, -35069.0).
point(12, 194995.0, 359905.0).
point(13, 80494.0, -29779.0).
point(14, -342798.0, -380178.0).
point(15, -65462.0, 142182.0).
point(16, 132335.0, 85238.0).
point(17, 617933.0, 424772.0).
cost(1, 2, 581600).
cost(1, 3, 521982).
cost(1, 4, 509067).
cost(1, 5, 578487).
cost(1, 6, 481101).
cost(1, 7, 583723).
cost(1, 8, 142018).
cost(1, 9, 703173).
cost(1, 10, 430631).
cost(1, 11, 550848).
cost(1, 12, 245896).
cost(1, 13, 290073).
cost(1, 14, 839350).
cost(1, 15, 378197).
cost(1, 16, 189733).
cost(1, 17, 414689).
cost(2, 1, 581600).
cost(2, 3, 624878).
cost(2, 4, 655742).
cost(2, 5, 316248).
cost(2, 6, 236411).
cost(2, 7, 103292).
cost(2, 8, 607698).
cost(2, 9, 122465).
cost(2, 10, 198223).
cost(2, 11, 244265).
cost(2, 12, 687875).
cost(2, 13, 295668).
cost(2, 14, 264987).
cost(2, 15, 402162).
cost(2, 16, 418686).
cost(2, 17, 996245).
cost(3, 1, 521982).
cost(3, 2, 624878).
cost(3, 4, 45465).
cost(3, 5, 354109).
cost(3, 6, 722540).
cost(3, 7, 704179).
cost(3, 8, 397881).
cost(3, 9, 696363).
cost(3, 10, 637843).
cost(3, 11, 402867).
cost(3, 12, 355235).
cost(3, 13, 462310).
cost(3, 14, 767155).
cost(3, 15, 242059).
cost(3, 16, 404730).
cost(3, 17, 780435).
cost(4, 1, 509067).
cost(4, 2, 655742).
cost(4, 3, 45465).
cost(4, 5, 394574).
cost(4, 6, 741346).
cost(4, 7, 731532).
cost(4, 8, 378964).
cost(4, 9, 731720).
cost(4, 10, 657095).
cost(4, 11, 439982).
cost(4, 12, 325841).
cost(4, 13, 475867).
cost(4, 14, 806782).
cost(4, 15, 263180).
cost(4, 16, 407092).
cost(4, 17, 747076).
cost(5, 1, 578487).
cost(5, 2, 316248).
cost(5, 3, 354109).
cost(5, 4, 394574).
cost(5, 6, 496643).
cost(5, 7, 414689).
cost(5, 8, 527275).
cost(5, 9, 356085).
cost(5, 10, 420007).
cost(5, 11, 73501).
cost(5, 12, 560420).
cost(5, 13, 337672).
cost(5, 14, 413248).
cost(5, 15, 222097).
cost(5, 16, 390295).
cost(5, 17, 959053).
cost(6, 1, 481101).
cost(6, 2, 236411).
cost(6, 3, 722540).
cost(6, 4, 741346).
cost(6, 5, 496643).
cost(6, 7, 159077).
cost(6, 8, 560269).
cost(6, 9, 333204).
cost(6, 10, 84837).
cost(6, 11, 425024).
cost(6, 12, 662549).
cost(6, 13, 272814).
cost(6, 14, 474805).
cost(6, 15, 480483).
cost(6, 16, 384245).
cost(6, 17, 875633).
cost(7, 1, 583723).
cost(7, 2, 103292).
cost(7, 3, 704179).
cost(7, 4, 731532).
cost(7, 5, 414689).
cost(7, 6, 159077).
cost(7, 8, 633124).
cost(7, 9, 175271).
cost(7, 10, 158245).
cost(7, 11, 341567).
cost(7, 12, 723655).
cost(7, 13, 317987).
cost(7, 14, 315735).
cost(7, 15, 470797).
cost(7, 16, 443965).
cost(7, 17, 993740).
cost(8, 1, 142018).
cost(8, 2, 607698).
cost(8, 3, 397881).
cost(8, 4, 378964).
cost(8, 5, 527275).
cost(8, 6, 560269).
cost(8, 7, 633124).
cost(8, 9, 723300).
cost(8, 10, 494432).
cost(8, 11, 517363).
cost(8, 12, 110218).
cost(8, 13, 315976).
cost(8, 14, 848162).
cost(8, 15, 307682).
cost(8, 16, 189979).
cost(8, 17, 431985).
cost(9, 1, 703173).
cost(9, 2, 122465).
cost(9, 3, 696363).
cost(9, 4, 731720).
cost(9, 5, 356085).
cost(9, 6, 333204).
cost(9, 7, 175271).
cost(9, 8, 723300).
cost(9, 10, 312955).
cost(9, 11, 294809).
cost(9, 12, 798250).
cost(9, 13, 415418).
cost(9, 14, 145040).
cost(9, 15, 492750).
cost(9, 16, 536008).
cost(9, 17, 1117860).
cost(10, 1, 430631).
cost(10, 2, 198223).
cost(10, 3, 637843).
cost(10, 4, 657095).
cost(10, 5, 420007).
cost(10, 6, 84837).
cost(10, 7, 158245).
cost(10, 8, 494432).
cost(10, 9, 312955).
cost(10, 11, 350185).
cost(10, 12, 592678).
cost(10, 13, 193258).
cost(10, 14, 457994).
cost(10, 15, 395787).
cost(10, 16, 311419).
cost(10, 17, 837268).
cost(11, 1, 550848).
cost(11, 2, 244265).
cost(11, 3, 402867).
cost(11, 4, 439982).
cost(11, 5, 73501).
cost(11, 6, 425024).
cost(11, 7, 341567).
cost(11, 8, 517363).
cost(11, 9, 294809).
cost(11, 10, 350185).
cost(11, 12, 564414).
cost(11, 13, 288732).
cost(11, 14, 370432).
cost(11, 15, 227572).
cost(11, 16, 361152).
cost(11, 17, 945480).
cost(12, 1, 245896).
cost(12, 2, 687875).
cost(12, 3, 355235).
cost(12, 4, 325841).
cost(12, 5, 560420).
cost(12, 6, 662549).
cost(12, 7, 723655).
cost(12, 8, 110218).
cost(12, 9, 798250).
cost(12, 10, 592678).
cost(12, 11, 564414).
cost(12, 13, 406158).
cost(12, 14, 914847).
cost(12, 15, 339472).
cost(12, 16, 281724).
cost(12, 17, 427883).
cost(13, 1, 290073).
cost(13, 2, 295668).
cost(13, 3, 462310).
cost(13, 4, 475867).
cost(13, 5, 337672).
cost(13, 6, 272814).
cost(13, 7, 317987).
cost(13, 8, 315976).
cost(13, 9, 415418).
cost(13, 10, 193258).
cost(13, 11, 288732).
cost(13, 12, 406158).
cost(13, 14, 549505).
cost(13, 15, 225552).
cost(13, 16, 126160).
cost(13, 17, 703887).
cost(14, 1, 839350).
cost(14, 2, 264987).
cost(14, 3, 767155).
cost(14, 4, 806782).
cost(14, 5, 413248).
cost(14, 6, 474805).
cost(14, 7, 315735).
cost(14, 8, 848162).
cost(14, 9, 145040).
cost(14, 10, 457994).
cost(14, 11, 370432).
cost(14, 12, 914847).
cost(14, 13, 549505).
cost(14, 15, 591418).
cost(14, 16, 665104).
cost(14, 17, 1253375).
cost(15, 1, 378197).
cost(15, 2, 402162).
cost(15, 3, 242059).
cost(15, 4, 263180).
cost(15, 5, 222097).
cost(15, 6, 480483).
cost(15, 7, 470797).
cost(15, 8, 307682).
cost(15, 9, 492750).
cost(15, 10, 395787).
cost(15, 11, 227572).
cost(15, 12, 339472).
cost(15, 13, 225552).
cost(15, 14, 591418).
cost(15, 16, 205831).
cost(15, 17, 739517).
cost(16, 1, 189733).
cost(16, 2, 418686).
cost(16, 3, 404730).
cost(16, 4, 407092).
cost(16, 5, 390295).
cost(16, 6, 384245).
cost(16, 7, 443965).
cost(16, 8, 189979).
cost(16, 9, 536008).
cost(16, 10, 311419).
cost(16, 11, 361152).
cost(16, 12, 281724).
cost(16, 13, 126160).
cost(16, 14, 665104).
cost(16, 15, 205831).
cost(16, 17, 592527).
cost(17, 1, 414689).
cost(17, 2, 996245).
cost(17, 3, 780435).
cost(17, 4, 747076).
cost(17, 5, 959053).
cost(17, 6, 875633).
cost(17, 7, 993740).
cost(17, 8, 431985).
cost(17, 9, 1117860).
cost(17, 10, 837268).
cost(17, 11, 945480).
cost(17, 12, 427883).
cost(17, 13, 703887).
cost(17, 14, 1253375).
cost(17, 15, 739517).
cost(17, 16, 592527).
nocross(1,6).
nocross(1,13).
nocross(1,16).
nocross(2,3).
nocross(2,7).
nocross(3,5).
nocross(3,15).
nocross(4,3).
nocross(4,5).
nocross(5,3).
nocross(6,2).
nocross(7,10).
nocross(7,13).
nocross(8,1).
nocross(8,4).
nocross(8,6).
nocross(8,11).
nocross(8,16).
nocross(9,2).
nocross(9,3).
nocross(9,5).
nocross(9,14).
nocross(10,2).
nocross(10,5).
nocross(10,6).
nocross(11,3).
nocross(11,5).
nocross(11,13).
nocross(11,16).
nocross(12,3).
nocross(12,4).
nocross(13,11).
nocross(13,14).
nocross(13,15).
nocross(14,5).
nocross(14,11).
nocross(15,12).
nocross(15,14).
nocross(16,1).
nocross(16,6).
nocross(16,11).
nocross(16,13).
nocross(16,14).
nocross(17,1).
nocross(17,12).
