dimension(19).
point(1, 142981.0, -33399.0).
point(2, 59334.0, 52248.0).
point(3, -82361.0, 89647.0).
point(4, 239791.0, 13005.0).
point(5, 378826.0, 53082.0).
point(6, 274306.0, 306711.0).
point(7, 480392.0, -261485.0).
point(8, -121133.0, -34265.0).
point(9, 395359.0, -104520.0).
point(10, 81960.0, -167355.0).
point(11, 86500.0, 13195.0).
point(12, 89413.0, -3592.0).
point(13, -331446.0, -277118.0).
point(14, -158549.0, -91583.0).
point(15, -23570.0, -104615.0).
point(16, 7601.0, -260922.0).
point(17, -305786.0, -144075.0).
point(18, -188563.0, -54918.0).
point(19, -118889.0, 127947.0).
cost(1, 2, 119717).
cost(1, 3, 256748).
cost(1, 4, 107357).
cost(1, 5, 251201).
cost(1, 6, 364583).
cost(1, 7, 407271).
cost(1, 8, 264115).
cost(1, 9, 262208).
cost(1, 10, 147200).
cost(1, 11, 73220).
cost(1, 12, 61302).
cost(1, 13, 533367).
cost(1, 14, 307092).
cost(1, 15, 181138).
cost(1, 16, 264754).
cost(1, 17, 462213).
cost(1, 18, 332242).
cost(1, 19, 307585).
cost(2, 1, 119717).
cost(2, 3, 146547).
cost(2, 4, 184675).
cost(2, 5, 319493).
cost(2, 6, 333113).
cost(2, 7, 525089).
cost(2, 8, 200132).
cost(2, 9, 370795).
cost(2, 10, 220766).
cost(2, 11, 47572).
cost(2, 12, 63426).
cost(2, 13, 511068).
cost(2, 14, 261075).
cost(2, 15, 177423).
cost(2, 16, 317414).
cost(2, 17, 414554).
cost(2, 18, 270069).
cost(2, 19, 193633).
cost(3, 1, 256748).
cost(3, 2, 146547).
cost(3, 4, 331143).
cost(3, 5, 462634).
cost(3, 6, 417526).
cost(3, 7, 663313).
cost(3, 8, 129836).
cost(3, 9, 515672).
cost(3, 10, 305043).
cost(3, 11, 185362).
cost(3, 12, 195448).
cost(3, 13, 443351).
cost(3, 14, 196593).
cost(3, 15, 202963).
cost(3, 16, 361928).
cost(3, 17, 323334).
cost(3, 18, 179382).
cost(3, 19, 52926).
cost(4, 1, 107357).
cost(4, 2, 184675).
cost(4, 3, 331143).
cost(4, 5, 144696).
cost(4, 6, 295727).
cost(4, 7, 365012).
cost(4, 8, 364006).
cost(4, 9, 194971).
cost(4, 10, 239667).
cost(4, 11, 153291).
cost(4, 12, 151291).
cost(4, 13, 640690).
cost(4, 14, 411841).
cost(4, 15, 288433).
cost(4, 16, 359094).
cost(4, 17, 567740).
cost(4, 18, 433706).
cost(4, 19, 376647).
cost(5, 1, 251201).
cost(5, 2, 319493).
cost(5, 3, 462634).
cost(5, 4, 144696).
cost(5, 6, 274321).
cost(5, 7, 330557).
cost(5, 8, 507532).
cost(5, 9, 158467).
cost(5, 10, 369759).
cost(5, 11, 295035).
cost(5, 12, 294910).
cost(5, 13, 783274).
cost(5, 14, 556507).
cost(5, 15, 432193).
cost(5, 16, 486217).
cost(5, 17, 712436).
cost(5, 18, 577576).
cost(5, 19, 503314).
cost(6, 1, 364583).
cost(6, 2, 333113).
cost(6, 3, 417526).
cost(6, 4, 295727).
cost(6, 5, 274321).
cost(6, 7, 604416).
cost(6, 8, 522146).
cost(6, 9, 428678).
cost(6, 10, 511601).
cost(6, 11, 348458).
cost(6, 12, 361211).
cost(6, 13, 841304).
cost(6, 14, 588219).
cost(6, 15, 507857).
cost(6, 16, 627167).
cost(6, 17, 734653).
cost(6, 18, 587387).
cost(6, 19, 431925).
cost(7, 1, 407271).
cost(7, 2, 525089).
cost(7, 3, 663313).
cost(7, 4, 365012).
cost(7, 5, 330557).
cost(7, 6, 604416).
cost(7, 8, 643010).
cost(7, 9, 178518).
cost(7, 10, 409400).
cost(7, 11, 480208).
cost(7, 12, 468373).
cost(7, 13, 811989).
cost(7, 14, 661145).
cost(7, 15, 527812).
cost(7, 16, 472791).
cost(7, 17, 794897).
cost(7, 18, 700122).
cost(7, 19, 714699).
cost(8, 1, 264115).
cost(8, 2, 200132).
cost(8, 3, 129836).
cost(8, 4, 364006).
cost(8, 5, 507532).
cost(8, 6, 522146).
cost(8, 7, 643010).
cost(8, 9, 521248).
cost(8, 10, 242816).
cost(8, 11, 212988).
cost(8, 12, 212769).
cost(8, 13, 321262).
cost(8, 14, 68449).
cost(8, 15, 120282).
cost(8, 16, 260664).
cost(8, 17, 214837).
cost(8, 18, 70522).
cost(8, 19, 162228).
cost(9, 1, 262208).
cost(9, 2, 370795).
cost(9, 3, 515672).
cost(9, 4, 194971).
cost(9, 5, 158467).
cost(9, 6, 428678).
cost(9, 7, 178518).
cost(9, 8, 521248).
cost(9, 10, 319636).
cost(9, 11, 330531).
cost(9, 12, 322164).
cost(9, 13, 747018).
cost(9, 14, 554059).
cost(9, 15, 418929).
cost(9, 16, 418112).
cost(9, 17, 702260).
cost(9, 18, 586025).
cost(9, 19, 564351).
cost(10, 1, 147200).
cost(10, 2, 220766).
cost(10, 3, 305043).
cost(10, 4, 239667).
cost(10, 5, 369759).
cost(10, 6, 511601).
cost(10, 7, 409400).
cost(10, 8, 242816).
cost(10, 9, 319636).
cost(10, 11, 180607).
cost(10, 12, 163933).
cost(10, 13, 427729).
cost(10, 14, 252163).
cost(10, 15, 122772).
cost(10, 16, 119516).
cost(10, 17, 388444).
cost(10, 18, 292959).
cost(10, 19, 357132).
cost(11, 1, 73220).
cost(11, 2, 47572).
cost(11, 3, 185362).
cost(11, 4, 153291).
cost(11, 5, 295035).
cost(11, 6, 348458).
cost(11, 7, 480208).
cost(11, 8, 212988).
cost(11, 9, 330531).
cost(11, 10, 180607).
cost(11, 12, 17038).
cost(11, 13, 508882).
cost(11, 14, 266510).
cost(11, 15, 161228).
cost(11, 16, 285246).
cost(11, 17, 422637).
cost(11, 18, 283371).
cost(11, 19, 235271).
cost(12, 1, 61302).
cost(12, 2, 63426).
cost(12, 3, 195448).
cost(12, 4, 151291).
cost(12, 5, 294910).
cost(12, 6, 361211).
cost(12, 7, 468373).
cost(12, 8, 212769).
cost(12, 9, 322164).
cost(12, 10, 163933).
cost(12, 11, 17038).
cost(12, 13, 501935).
cost(12, 14, 263111).
cost(12, 15, 151561).
cost(12, 16, 270022).
cost(12, 17, 419425).
cost(12, 18, 282675).
cost(12, 19, 246358).
cost(13, 1, 533367).
cost(13, 2, 511068).
cost(13, 3, 443351).
cost(13, 4, 640690).
cost(13, 5, 783274).
cost(13, 6, 841304).
cost(13, 7, 811989).
cost(13, 8, 321262).
cost(13, 9, 747018).
cost(13, 10, 427729).
cost(13, 11, 508882).
cost(13, 12, 501935).
cost(13, 14, 253607).
cost(13, 15, 352909).
cost(13, 16, 339434).
cost(13, 17, 135495).
cost(13, 18, 264175).
cost(13, 19, 457447).
cost(14, 1, 307092).
cost(14, 2, 261075).
cost(14, 3, 196593).
cost(14, 4, 411841).
cost(14, 5, 556507).
cost(14, 6, 588219).
cost(14, 7, 661145).
cost(14, 8, 68449).
cost(14, 9, 554059).
cost(14, 10, 252163).
cost(14, 11, 266510).
cost(14, 12, 263111).
cost(14, 13, 253607).
cost(14, 15, 135607).
cost(14, 16, 237237).
cost(14, 17, 156314).
cost(14, 18, 47383).
cost(14, 19, 223084).
cost(15, 1, 181138).
cost(15, 2, 177423).
cost(15, 3, 202963).
cost(15, 4, 288433).
cost(15, 5, 432193).
cost(15, 6, 507857).
cost(15, 7, 527812).
cost(15, 8, 120282).
cost(15, 9, 418929).
cost(15, 10, 122772).
cost(15, 11, 161228).
cost(15, 12, 151561).
cost(15, 13, 352909).
cost(15, 14, 135607).
cost(15, 16, 159385).
cost(15, 17, 284961).
cost(15, 18, 172315).
cost(15, 19, 251338).
cost(16, 1, 264754).
cost(16, 2, 317414).
cost(16, 3, 361928).
cost(16, 4, 359094).
cost(16, 5, 486217).
cost(16, 6, 627167).
cost(16, 7, 472791).
cost(16, 8, 260664).
cost(16, 9, 418112).
cost(16, 10, 119516).
cost(16, 11, 285246).
cost(16, 12, 270022).
cost(16, 13, 339434).
cost(16, 14, 237237).
cost(16, 15, 159385).
cost(16, 17, 334462).
cost(16, 18, 284461).
cost(16, 19, 408924).
cost(17, 1, 462213).
cost(17, 2, 414554).
cost(17, 3, 323334).
cost(17, 4, 567740).
cost(17, 5, 712436).
cost(17, 6, 734653).
cost(17, 7, 794897).
cost(17, 8, 214837).
cost(17, 9, 702260).
cost(17, 10, 388444).
cost(17, 11, 422637).
cost(17, 12, 419425).
cost(17, 13, 135495).
cost(17, 14, 156314).
cost(17, 15, 284961).
cost(17, 16, 334462).
cost(17, 18, 147276).
cost(17, 19, 330040).
cost(18, 1, 332242).
cost(18, 2, 270069).
cost(18, 3, 179382).
cost(18, 4, 433706).
cost(18, 5, 577576).
cost(18, 6, 587387).
cost(18, 7, 700122).
cost(18, 8, 70522).
cost(18, 9, 586025).
cost(18, 10, 292959).
cost(18, 11, 283371).
cost(18, 12, 282675).
cost(18, 13, 264175).
cost(18, 14, 47383).
cost(18, 15, 172315).
cost(18, 16, 284461).
cost(18, 17, 147276).
cost(18, 19, 195689).
cost(19, 1, 307585).
cost(19, 2, 193633).
cost(19, 3, 52926).
cost(19, 4, 376647).
cost(19, 5, 503314).
cost(19, 6, 431925).
cost(19, 7, 714699).
cost(19, 8, 162228).
cost(19, 9, 564351).
cost(19, 10, 357132).
cost(19, 11, 235271).
cost(19, 12, 246358).
cost(19, 13, 457447).
cost(19, 14, 223084).
cost(19, 15, 251338).
cost(19, 16, 408924).
cost(19, 17, 330040).
cost(19, 18, 195689).
nocross(1,4).
nocross(1,7).
nocross(1,9).
nocross(1,10).
nocross(1,12).
nocross(2,1).
nocross(2,3).
nocross(2,11).
nocross(3,1).
nocross(3,2).
nocross(3,11).
nocross(3,12).
nocross(3,18).
nocross(4,1).
nocross(4,7).
nocross(4,9).
nocross(4,10).
nocross(4,11).
nocross(4,12).
nocross(5,1).
nocross(5,4).
nocross(5,6).
nocross(5,9).
nocross(5,11).
nocross(6,1).
nocross(6,2).
nocross(6,4).
nocross(6,5).
nocross(6,11).
nocross(6,12).
nocross(7,5).
nocross(7,9).
nocross(8,11).
nocross(8,12).
nocross(8,14).
nocross(8,18).
nocross(8,19).
nocross(9,1).
nocross(9,2).
nocross(9,4).
nocross(9,7).
nocross(9,11).
nocross(9,12).
nocross(10,1).
nocross(10,7).
nocross(10,11).
nocross(10,12).
nocross(10,16).
nocross(11,2).
nocross(11,4).
nocross(11,7).
nocross(12,1).
nocross(12,4).
nocross(12,10).
nocross(12,11).
nocross(13,16).
nocross(13,18).
nocross(14,11).
nocross(14,12).
nocross(14,16).
nocross(14,18).
nocross(14,19).
nocross(15,1).
nocross(15,2).
nocross(15,3).
nocross(15,7).
nocross(15,10).
nocross(15,11).
nocross(15,12).
nocross(15,16).
nocross(16,3).
nocross(16,7).
nocross(16,9).
nocross(16,10).
nocross(16,11).
nocross(16,12).
nocross(16,13).
nocross(16,14).
nocross(16,15).
nocross(17,13).
nocross(17,14).
nocross(17,16).
nocross(17,18).
nocross(17,19).
nocross(18,8).
nocross(18,11).
nocross(18,12).
nocross(18,14).
nocross(18,16).
nocross(18,19).
nocross(19,2).
nocross(19,3).
nocross(19,11).
nocross(19,18).
