dimension(19).
point(1, 20749.0, -176299.0).
point(2, -168382.0, -25146.0).
point(3, 78691.0, 400208.0).
point(4, -50026.0, -80522.0).
point(5, 12570.0, 368982.0).
point(6, -160283.0, 52507.0).
point(7, 149108.0, -185588.0).
point(8, 136256.0, -118334.0).
point(9, -121746.0, 473489.0).
point(10, 365783.0, 18562.0).
point(11, -172920.0, 377464.0).
point(12, -69009.0, -247351.0).
point(13, 373283.0, 187500.0).
point(14, -245199.0, -123590.0).
point(15, 146471.0, 133362.0).
point(16, 134249.0, 34131.0).
point(17, 223729.0, 117440.0).
point(18, 258355.0, 70110.0).
point(19, 18694.0, 151390.0).
cost(1, 2, 242111).
cost(1, 3, 579411).
cost(1, 4, 119090).
cost(1, 5, 545342).
cost(1, 6, 291761).
cost(1, 7, 128695).
cost(1, 8, 129235).
cost(1, 9, 665229).
cost(1, 10, 396257).
cost(1, 11, 586652).
cost(1, 12, 114477).
cost(1, 13, 506587).
cost(1, 14, 271121).
cost(1, 15, 334209).
cost(1, 16, 239088).
cost(1, 17, 357048).
cost(1, 18, 342307).
cost(1, 19, 327695).
cost(2, 1, 242111).
cost(2, 3, 491906).
cost(2, 4, 130670).
cost(2, 5, 433682).
cost(2, 6, 78074).
cost(2, 7, 355727).
cost(2, 8, 318572).
cost(2, 9, 500811).
cost(2, 10, 535950).
cost(2, 11, 402636).
cost(2, 12, 243413).
cost(2, 13, 581910).
cost(2, 14, 124868).
cost(2, 15, 352501).
cost(2, 16, 308382).
cost(2, 17, 417231).
cost(2, 18, 437239).
cost(2, 19, 257221).
cost(3, 1, 579411).
cost(3, 2, 491906).
cost(3, 4, 497664).
cost(3, 5, 73124).
cost(3, 6, 421906).
cost(3, 7, 590013).
cost(3, 8, 521727).
cost(3, 9, 213413).
cost(3, 10, 477572).
cost(3, 11, 252637).
cost(3, 12, 664190).
cost(3, 13, 363358).
cost(3, 14, 615848).
cost(3, 15, 275320).
cost(3, 16, 370269).
cost(3, 17, 317795).
cost(3, 18, 375824).
cost(3, 19, 255949).
cost(4, 1, 119090).
cost(4, 2, 130670).
cost(4, 3, 497664).
cost(4, 5, 453841).
cost(4, 6, 172781).
cost(4, 7, 225152).
cost(4, 8, 190081).
cost(4, 9, 558634).
cost(4, 10, 427451).
cost(4, 11, 474188).
cost(4, 12, 167906).
cost(4, 13, 501025).
cost(4, 14, 199868).
cost(4, 15, 290444).
cost(4, 16, 217031).
cost(4, 17, 337832).
cost(4, 18, 343204).
cost(4, 19, 241879).
cost(5, 1, 545342).
cost(5, 2, 433682).
cost(5, 3, 73124).
cost(5, 4, 453841).
cost(5, 6, 360603).
cost(5, 7, 571131).
cost(5, 8, 502767).
cost(5, 9, 170184).
cost(5, 10, 497548).
cost(5, 11, 185684).
cost(5, 12, 621709).
cost(5, 13, 403794).
cost(5, 14, 555942).
cost(5, 15, 271010).
cost(5, 16, 356274).
cost(5, 17, 328423).
cost(5, 18, 386956).
cost(5, 19, 217678).
cost(6, 1, 291761).
cost(6, 2, 78074).
cost(6, 3, 421906).
cost(6, 4, 172781).
cost(6, 5, 360603).
cost(6, 7, 390400).
cost(6, 8, 342231).
cost(6, 9, 422742).
cost(6, 10, 527160).
cost(6, 11, 325203).
cost(6, 12, 313442).
cost(6, 13, 550378).
cost(6, 14, 195502).
cost(6, 15, 317231).
cost(6, 16, 295105).
cost(6, 17, 389463).
cost(6, 18, 419008).
cost(6, 19, 204476).
cost(7, 1, 128695).
cost(7, 2, 355727).
cost(7, 3, 590013).
cost(7, 4, 225152).
cost(7, 5, 571131).
cost(7, 6, 390400).
cost(7, 8, 68471).
cost(7, 9, 712562).
cost(7, 10, 297700).
cost(7, 11, 648637).
cost(7, 12, 226693).
cost(7, 13, 435257).
cost(7, 14, 399151).
cost(7, 15, 318961).
cost(7, 16, 220221).
cost(7, 17, 312081).
cost(7, 18, 278058).
cost(7, 19, 361334).
cost(8, 1, 129235).
cost(8, 2, 318572).
cost(8, 3, 521727).
cost(8, 4, 190081).
cost(8, 5, 502767).
cost(8, 6, 342231).
cost(8, 7, 68471).
cost(8, 9, 645616).
cost(8, 10, 267251).
cost(8, 11, 584299).
cost(8, 12, 242444).
cost(8, 13, 386932).
cost(8, 14, 381491).
cost(8, 15, 251903).
cost(8, 16, 152478).
cost(8, 17, 251477).
cost(8, 18, 224542).
cost(8, 19, 294231).
cost(9, 1, 665229).
cost(9, 2, 500811).
cost(9, 3, 213413).
cost(9, 4, 558634).
cost(9, 5, 170184).
cost(9, 6, 422742).
cost(9, 7, 712562).
cost(9, 8, 645616).
cost(9, 10, 666816).
cost(9, 11, 108810).
cost(9, 12, 722767).
cost(9, 13, 571702).
cost(9, 14, 609708).
cost(9, 15, 433159).
cost(9, 16, 508497).
cost(9, 17, 496109).
cost(9, 18, 554248).
cost(9, 19, 351385).
cost(10, 1, 396257).
cost(10, 2, 535950).
cost(10, 3, 477572).
cost(10, 4, 427451).
cost(10, 5, 497548).
cost(10, 6, 527160).
cost(10, 7, 297700).
cost(10, 8, 267251).
cost(10, 9, 666816).
cost(10, 11, 647311).
cost(10, 12, 509660).
cost(10, 13, 169104).
cost(10, 14, 627301).
cost(10, 15, 247541).
cost(10, 16, 232057).
cost(10, 17, 173079).
cost(10, 18, 119155).
cost(10, 19, 371637).
cost(11, 1, 586652).
cost(11, 2, 402636).
cost(11, 3, 252637).
cost(11, 4, 474188).
cost(11, 5, 185684).
cost(11, 6, 325203).
cost(11, 7, 648637).
cost(11, 8, 584299).
cost(11, 9, 108810).
cost(11, 10, 647311).
cost(11, 12, 633397).
cost(11, 13, 578294).
cost(11, 14, 506240).
cost(11, 15, 401991).
cost(11, 16, 460685).
cost(11, 17, 474281).
cost(11, 18, 529589).
cost(11, 19, 296353).
cost(12, 1, 114477).
cost(12, 2, 243413).
cost(12, 3, 664190).
cost(12, 4, 167906).
cost(12, 5, 621709).
cost(12, 6, 313442).
cost(12, 7, 226693).
cost(12, 8, 242444).
cost(12, 9, 722767).
cost(12, 10, 509660).
cost(12, 11, 633397).
cost(12, 13, 620256).
cost(12, 14, 215313).
cost(12, 15, 437463).
cost(12, 16, 347197).
cost(12, 17, 467726).
cost(12, 18, 456014).
cost(12, 19, 408272).
cost(13, 1, 506587).
cost(13, 2, 581910).
cost(13, 3, 363358).
cost(13, 4, 501025).
cost(13, 5, 403794).
cost(13, 6, 550378).
cost(13, 7, 435257).
cost(13, 8, 386932).
cost(13, 9, 571702).
cost(13, 10, 169104).
cost(13, 11, 578294).
cost(13, 12, 620256).
cost(13, 14, 692313).
cost(13, 15, 233184).
cost(13, 16, 284006).
cost(13, 17, 165151).
cost(13, 18, 164283).
cost(13, 19, 356423).
cost(14, 1, 271121).
cost(14, 2, 124868).
cost(14, 3, 615848).
cost(14, 4, 199868).
cost(14, 5, 555942).
cost(14, 6, 195502).
cost(14, 7, 399151).
cost(14, 8, 381491).
cost(14, 9, 609708).
cost(14, 10, 627301).
cost(14, 11, 506240).
cost(14, 12, 215313).
cost(14, 13, 692313).
cost(14, 15, 468433).
cost(14, 16, 410922).
cost(14, 17, 527247).
cost(14, 18, 539524).
cost(14, 19, 381121).
cost(15, 1, 334209).
cost(15, 2, 352501).
cost(15, 3, 275320).
cost(15, 4, 290444).
cost(15, 5, 271010).
cost(15, 6, 317231).
cost(15, 7, 318961).
cost(15, 8, 251903).
cost(15, 9, 433159).
cost(15, 10, 247541).
cost(15, 11, 401991).
cost(15, 12, 437463).
cost(15, 13, 233184).
cost(15, 14, 468433).
cost(15, 16, 99981).
cost(15, 17, 78882).
cost(15, 18, 128526).
cost(15, 19, 129043).
cost(16, 1, 239088).
cost(16, 2, 308382).
cost(16, 3, 370269).
cost(16, 4, 217031).
cost(16, 5, 356274).
cost(16, 6, 295105).
cost(16, 7, 220221).
cost(16, 8, 152478).
cost(16, 9, 508497).
cost(16, 10, 232057).
cost(16, 11, 460685).
cost(16, 12, 347197).
cost(16, 13, 284006).
cost(16, 14, 410922).
cost(16, 15, 99981).
cost(16, 17, 122258).
cost(16, 18, 129216).
cost(16, 19, 164629).
cost(17, 1, 357048).
cost(17, 2, 417231).
cost(17, 3, 317795).
cost(17, 4, 337832).
cost(17, 5, 328423).
cost(17, 6, 389463).
cost(17, 7, 312081).
cost(17, 8, 251477).
cost(17, 9, 496109).
cost(17, 10, 173079).
cost(17, 11, 474281).
cost(17, 12, 467726).
cost(17, 13, 165151).
cost(17, 14, 527247).
cost(17, 15, 78882).
cost(17, 16, 122258).
cost(17, 18, 58644).
cost(17, 19, 207827).
cost(18, 1, 342307).
cost(18, 2, 437239).
cost(18, 3, 375824).
cost(18, 4, 343204).
cost(18, 5, 386956).
cost(18, 6, 419008).
cost(18, 7, 278058).
cost(18, 8, 224542).
cost(18, 9, 554248).
cost(18, 10, 119155).
cost(18, 11, 529589).
cost(18, 12, 456014).
cost(18, 13, 164283).
cost(18, 14, 539524).
cost(18, 15, 128526).
cost(18, 16, 129216).
cost(18, 17, 58644).
cost(18, 19, 253069).
cost(19, 1, 327695).
cost(19, 2, 257221).
cost(19, 3, 255949).
cost(19, 4, 241879).
cost(19, 5, 217678).
cost(19, 6, 204476).
cost(19, 7, 361334).
cost(19, 8, 294231).
cost(19, 9, 351385).
cost(19, 10, 371637).
cost(19, 11, 296353).
cost(19, 12, 408272).
cost(19, 13, 356423).
cost(19, 14, 381121).
cost(19, 15, 129043).
cost(19, 16, 164629).
cost(19, 17, 207827).
cost(19, 18, 253069).
nocross(1,8).
nocross(1,12).
nocross(2,19).
nocross(3,5).
nocross(3,9).
nocross(3,11).
nocross(4,1).
nocross(4,8).
nocross(4,16).
nocross(4,19).
nocross(5,9).
nocross(6,2).
nocross(6,11).
nocross(6,12).
nocross(6,19).
nocross(7,10).
nocross(7,12).
nocross(8,10).
nocross(9,3).
nocross(9,11).
nocross(10,7).
nocross(10,8).
nocross(10,17).
nocross(10,18).
nocross(11,5).
nocross(12,4).
nocross(12,7).
nocross(12,8).
nocross(13,5).
nocross(13,10).
nocross(13,17).
nocross(13,18).
nocross(14,2).
nocross(14,4).
nocross(14,6).
nocross(14,12).
nocross(15,5).
nocross(15,16).
nocross(15,17).
nocross(15,18).
nocross(15,19).
nocross(16,5).
nocross(16,17).
nocross(16,18).
nocross(17,16).
nocross(18,8).
nocross(18,16).
nocross(18,17).
nocross(19,5).
nocross(19,11).
nocross(19,15).
nocross(19,16).
