dimension(19).
point(1, -190391.0, -62034.0).
point(2, 165131.0, -250312.0).
point(3, -9364.0, -91400.0).
point(4, -243315.0, 379124.0).
point(5, -195470.0, 94617.0).
point(6, 192479.0, 7463.0).
point(7, -101104.0, 23699.0).
point(8, -378807.0, -113930.0).
point(9, 71388.0, 250210.0).
point(10, -53527.0, -387782.0).
point(11, -311276.0, 349496.0).
point(12, -167426.0, -72551.0).
point(13, -126264.0, 249189.0).
point(14, -177828.0, -302357.0).
point(15, 305599.0, -604443.0).
point(16, 45700.0, -229104.0).
point(17, 316678.0, 215167.0).
point(18, -196064.0, -350378.0).
point(19, 151095.0, 41315.0).
cost(1, 2, 402299).
cost(1, 3, 183393).
cost(1, 4, 444321).
cost(1, 5, 156733).
cost(1, 6, 389126).
cost(1, 7, 123783).
cost(1, 8, 195432).
cost(1, 9, 407461).
cost(1, 10, 353332).
cost(1, 11, 428917).
cost(1, 12, 25259).
cost(1, 13, 317761).
cost(1, 14, 240651).
cost(1, 15, 734992).
cost(1, 16, 289225).
cost(1, 17, 577892).
cost(1, 18, 288400).
cost(1, 19, 356782).
cost(2, 1, 402299).
cost(2, 3, 236012).
cost(2, 4, 750345).
cost(2, 5, 499008).
cost(2, 6, 259222).
cost(2, 7, 382051).
cost(2, 8, 560775).
cost(2, 9, 509225).
cost(2, 10, 258281).
cost(2, 11, 765985).
cost(2, 12, 377085).
cost(2, 13, 578284).
cost(2, 14, 346886).
cost(2, 15, 380972).
cost(2, 16, 121299).
cost(2, 17, 489528).
cost(2, 18, 374800).
cost(2, 19, 291965).
cost(3, 1, 183393).
cost(3, 2, 236012).
cost(3, 4, 525477).
cost(3, 5, 263131).
cost(3, 6, 224754).
cost(3, 7, 147187).
cost(3, 8, 370129).
cost(3, 9, 351025).
cost(3, 10, 299654).
cost(3, 11, 534360).
cost(3, 12, 159182).
cost(3, 13, 360092).
cost(3, 14, 269968).
cost(3, 15, 602009).
cost(3, 16, 148305).
cost(3, 17, 447534).
cost(3, 18, 319259).
cost(3, 19, 208232).
cost(4, 1, 444321).
cost(4, 2, 750345).
cost(4, 3, 525477).
cost(4, 5, 288502).
cost(4, 6, 572755).
cost(4, 7, 382820).
cost(4, 8, 511332).
cost(4, 9, 340084).
cost(4, 10, 790041).
cost(4, 11, 74138).
cost(4, 12, 458006).
cost(4, 13, 174883).
cost(4, 14, 684620).
cost(4, 15, 1126371).
cost(4, 16, 673403).
cost(4, 17, 583502).
cost(4, 18, 731031).
cost(4, 19, 519302).
cost(5, 1, 156733).
cost(5, 2, 499008).
cost(5, 3, 263131).
cost(5, 4, 288502).
cost(5, 6, 397618).
cost(5, 7, 118044).
cost(5, 8, 277677).
cost(5, 9, 308905).
cost(5, 10, 502848).
cost(5, 11, 279954).
cost(5, 12, 169504).
cost(5, 13, 169358).
cost(5, 14, 397366).
cost(5, 15, 860090).
cost(5, 16, 403681).
cost(5, 17, 526144).
cost(5, 18, 444995).
cost(5, 19, 350640).
cost(6, 1, 389126).
cost(6, 2, 259222).
cost(6, 3, 224754).
cost(6, 4, 572755).
cost(6, 5, 397618).
cost(6, 7, 294032).
cost(6, 8, 584041).
cost(6, 9, 271273).
cost(6, 10, 465551).
cost(6, 11, 608897).
cost(6, 12, 368692).
cost(6, 13, 400036).
cost(6, 14, 482821).
cost(6, 15, 622274).
cost(6, 16, 278403).
cost(6, 17, 242005).
cost(6, 18, 528220).
cost(6, 19, 53466).
cost(7, 1, 123783).
cost(7, 2, 382051).
cost(7, 3, 147187).
cost(7, 4, 382820).
cost(7, 5, 118044).
cost(7, 6, 294032).
cost(7, 8, 309937).
cost(7, 9, 284712).
cost(7, 10, 414222).
cost(7, 11, 387706).
cost(7, 12, 116887).
cost(7, 13, 226889).
cost(7, 14, 334961).
cost(7, 15, 748311).
cost(7, 16, 292337).
cost(7, 17, 459567).
cost(7, 18, 385942).
cost(7, 19, 252813).
cost(8, 1, 195432).
cost(8, 2, 560775).
cost(8, 3, 370129).
cost(8, 4, 511332).
cost(8, 5, 277677).
cost(8, 6, 584041).
cost(8, 7, 309937).
cost(8, 9, 579028).
cost(8, 10, 425208).
cost(8, 11, 468321).
cost(8, 12, 215393).
cost(8, 13, 442305).
cost(8, 14, 275495).
cost(8, 15, 842030).
cost(8, 16, 439854).
cost(8, 17, 769418).
cost(8, 18, 298836).
cost(8, 19, 552175).
cost(9, 1, 407461).
cost(9, 2, 509225).
cost(9, 3, 351025).
cost(9, 4, 340084).
cost(9, 5, 308905).
cost(9, 6, 271273).
cost(9, 7, 284712).
cost(9, 8, 579028).
cost(9, 10, 650106).
cost(9, 11, 395335).
cost(9, 12, 401506).
cost(9, 13, 197655).
cost(9, 14, 606167).
cost(9, 15, 886164).
cost(9, 16, 480002).
cost(9, 17, 247781).
cost(9, 18, 657447).
cost(9, 19, 223585).
cost(10, 1, 353332).
cost(10, 2, 258281).
cost(10, 3, 299654).
cost(10, 4, 790041).
cost(10, 5, 502848).
cost(10, 6, 465551).
cost(10, 7, 414222).
cost(10, 8, 425208).
cost(10, 9, 650106).
cost(10, 11, 781034).
cost(10, 12, 335177).
cost(10, 13, 641111).
cost(10, 14, 150825).
cost(10, 15, 419420).
cost(10, 16, 187149).
cost(10, 17, 707530).
cost(10, 18, 147363).
cost(10, 19, 475389).
cost(11, 1, 428917).
cost(11, 2, 765985).
cost(11, 3, 534360).
cost(11, 4, 74138).
cost(11, 5, 279954).
cost(11, 6, 608897).
cost(11, 7, 387706).
cost(11, 8, 468321).
cost(11, 9, 395335).
cost(11, 10, 781034).
cost(11, 12, 445888).
cost(11, 13, 210454).
cost(11, 14, 665373).
cost(11, 15, 1136017).
cost(11, 16, 679860).
cost(11, 17, 642161).
cost(11, 18, 709294).
cost(11, 19, 555664).
cost(12, 1, 25259).
cost(12, 2, 377085).
cost(12, 3, 159182).
cost(12, 4, 458006).
cost(12, 5, 169504).
cost(12, 6, 368692).
cost(12, 7, 116887).
cost(12, 8, 215393).
cost(12, 9, 401506).
cost(12, 10, 335177).
cost(12, 11, 445888).
cost(12, 13, 324362).
cost(12, 14, 230041).
cost(12, 15, 711802).
cost(12, 16, 264446).
cost(12, 17, 563150).
cost(12, 18, 279299).
cost(12, 19, 338262).
cost(13, 1, 317761).
cost(13, 2, 578284).
cost(13, 3, 360092).
cost(13, 4, 174883).
cost(13, 5, 169358).
cost(13, 6, 400036).
cost(13, 7, 226889).
cost(13, 8, 442305).
cost(13, 9, 197655).
cost(13, 10, 641111).
cost(13, 11, 210454).
cost(13, 12, 324362).
cost(13, 14, 553951).
cost(13, 15, 956657).
cost(13, 16, 508267).
cost(13, 17, 444247).
cost(13, 18, 603616).
cost(13, 19, 346612).
cost(14, 1, 240651).
cost(14, 2, 346886).
cost(14, 3, 269968).
cost(14, 4, 684620).
cost(14, 5, 397366).
cost(14, 6, 482821).
cost(14, 7, 334961).
cost(14, 8, 275495).
cost(14, 9, 606167).
cost(14, 10, 150825).
cost(14, 11, 665373).
cost(14, 12, 230041).
cost(14, 13, 553951).
cost(14, 15, 570051).
cost(14, 16, 235225).
cost(14, 17, 715798).
cost(14, 18, 51367).
cost(14, 19, 475711).
cost(15, 1, 734992).
cost(15, 2, 380972).
cost(15, 3, 602009).
cost(15, 4, 1126371).
cost(15, 5, 860090).
cost(15, 6, 622274).
cost(15, 7, 748311).
cost(15, 8, 842030).
cost(15, 9, 886164).
cost(15, 10, 419420).
cost(15, 11, 1136017).
cost(15, 12, 711802).
cost(15, 13, 956657).
cost(15, 14, 570051).
cost(15, 16, 456538).
cost(15, 17, 819685).
cost(15, 18, 562330).
cost(15, 19, 663984).
cost(16, 1, 289225).
cost(16, 2, 121299).
cost(16, 3, 148305).
cost(16, 4, 673403).
cost(16, 5, 403681).
cost(16, 6, 278403).
cost(16, 7, 292337).
cost(16, 8, 439854).
cost(16, 9, 480002).
cost(16, 10, 187149).
cost(16, 11, 679860).
cost(16, 12, 264446).
cost(16, 13, 508267).
cost(16, 14, 235225).
cost(16, 15, 456538).
cost(16, 17, 520390).
cost(16, 18, 270476).
cost(16, 19, 290232).
cost(17, 1, 577892).
cost(17, 2, 489528).
cost(17, 3, 447534).
cost(17, 4, 583502).
cost(17, 5, 526144).
cost(17, 6, 242005).
cost(17, 7, 459567).
cost(17, 8, 769418).
cost(17, 9, 247781).
cost(17, 10, 707530).
cost(17, 11, 642161).
cost(17, 12, 563150).
cost(17, 13, 444247).
cost(17, 14, 715798).
cost(17, 15, 819685).
cost(17, 16, 520390).
cost(17, 18, 763378).
cost(17, 19, 240088).
cost(18, 1, 288400).
cost(18, 2, 374800).
cost(18, 3, 319259).
cost(18, 4, 731031).
cost(18, 5, 444995).
cost(18, 6, 528220).
cost(18, 7, 385942).
cost(18, 8, 298836).
cost(18, 9, 657447).
cost(18, 10, 147363).
cost(18, 11, 709294).
cost(18, 12, 279299).
cost(18, 13, 603616).
cost(18, 14, 51367).
cost(18, 15, 562330).
cost(18, 16, 270476).
cost(18, 17, 763378).
cost(18, 19, 523395).
cost(19, 1, 356782).
cost(19, 2, 291965).
cost(19, 3, 208232).
cost(19, 4, 519302).
cost(19, 5, 350640).
cost(19, 6, 53466).
cost(19, 7, 252813).
cost(19, 8, 552175).
cost(19, 9, 223585).
cost(19, 10, 475389).
cost(19, 11, 555664).
cost(19, 12, 338262).
cost(19, 13, 346612).
cost(19, 14, 475711).
cost(19, 15, 663984).
cost(19, 16, 290232).
cost(19, 17, 240088).
cost(19, 18, 523395).
nocross(1,5).
nocross(1,8).
nocross(1,11).
nocross(1,12).
nocross(2,10).
nocross(2,14).
nocross(2,15).
nocross(2,16).
nocross(3,1).
nocross(3,2).
nocross(3,10).
nocross(3,12).
nocross(3,14).
nocross(4,9).
nocross(4,11).
nocross(5,1).
nocross(5,8).
nocross(5,11).
nocross(5,12).
nocross(6,1).
nocross(6,14).
nocross(7,3).
nocross(7,4).
nocross(7,5).
nocross(7,11).
nocross(8,1).
nocross(8,4).
nocross(8,5).
nocross(8,11).
nocross(8,12).
nocross(8,14).
nocross(8,18).
nocross(9,4).
nocross(9,5).
nocross(9,13).
nocross(10,15).
nocross(10,16).
nocross(12,1).
nocross(12,3).
nocross(13,4).
nocross(13,5).
nocross(13,11).
nocross(14,1).
nocross(14,8).
nocross(14,10).
nocross(14,12).
nocross(14,16).
nocross(15,2).
nocross(15,10).
nocross(16,14).
nocross(17,4).
nocross(17,6).
nocross(17,19).
nocross(18,10).
nocross(18,14).
nocross(19,3).
nocross(19,12).
nocross(19,14).
nocross(19,16).
