dimension(19).
point(1, 273732.0, 286598.0).
point(2, -434088.0, -410753.0).
point(3, 105354.0, -369776.0).
point(4, -68497.0, -508817.0).
point(5, 484268.0, 417378.0).
point(6, 330092.0, -135099.0).
point(7, -214281.0, 158810.0).
point(8, 202130.0, 36691.0).
point(9, 96216.0, -37851.0).
point(10, -1172.0, -383790.0).
point(11, -15042.0, 110763.0).
point(12, -268418.0, 665815.0).
point(13, -82879.0, -159453.0).
point(14, 225095.0, 174430.0).
point(15, -46466.0, -258942.0).
point(16, -367741.0, 248981.0).
point(17, -112750.0, -109940.0).
point(18, -22568.0, 279138.0).
point(19, -113998.0, -27165.0).
cost(1, 2, 993634).
cost(1, 3, 677627).
cost(1, 4, 865913).
cost(1, 5, 247848).
cost(1, 6, 425447).
cost(1, 7, 504467).
cost(1, 8, 259962).
cost(1, 9, 369837).
cost(1, 10, 724564).
cost(1, 11, 338095).
cost(1, 12, 661613).
cost(1, 13, 571080).
cost(1, 14, 122259).
cost(1, 15, 632567).
cost(1, 16, 642575).
cost(1, 17, 553724).
cost(1, 18, 296394).
cost(1, 19, 498780).
cost(2, 1, 993634).
cost(2, 3, 540996).
cost(2, 4, 378515).
cost(2, 5, 1236600).
cost(2, 6, 812377).
cost(2, 7, 610506).
cost(2, 8, 777804).
cost(2, 9, 648289).
cost(2, 10, 433755).
cost(2, 11, 669013).
cost(2, 12, 1089241).
cost(2, 13, 431856).
cost(2, 14, 881454).
cost(2, 15, 416290).
cost(2, 16, 663062).
cost(2, 17, 440167).
cost(2, 18, 803305).
cost(2, 19, 499597).
cost(3, 1, 677627).
cost(3, 2, 540996).
cost(3, 4, 222613).
cost(3, 5, 873606).
cost(3, 6, 324931).
cost(3, 7, 617713).
cost(3, 8, 417829).
cost(3, 9, 332051).
cost(3, 10, 107444).
cost(3, 11, 495392).
cost(3, 12, 1100979).
cost(3, 13, 282254).
cost(3, 14, 557224).
cost(3, 15, 187972).
cost(3, 16, 778896).
cost(3, 17, 339240).
cost(3, 18, 661403).
cost(3, 19, 406814).
cost(4, 1, 865913).
cost(4, 2, 378515).
cost(4, 3, 222613).
cost(4, 5, 1078604).
cost(4, 6, 546387).
cost(4, 7, 683358).
cost(4, 8, 608948).
cost(4, 9, 498938).
cost(4, 10, 142001).
cost(4, 11, 621882).
cost(4, 12, 1191524).
cost(4, 13, 349660).
cost(4, 14, 743655).
cost(4, 15, 250844).
cost(4, 16, 814742).
cost(4, 17, 401324).
cost(4, 18, 789292).
cost(4, 19, 483796).
cost(5, 1, 247848).
cost(5, 2, 1236600).
cost(5, 3, 873606).
cost(5, 4, 1078604).
cost(5, 6, 573586).
cost(5, 7, 744868).
cost(5, 8, 473840).
cost(5, 9, 598179).
cost(5, 10, 936762).
cost(5, 11, 585938).
cost(5, 12, 792627).
cost(5, 13, 808944).
cost(5, 14, 355238).
cost(5, 15, 859702).
cost(5, 16, 868491).
cost(5, 17, 796552).
cost(5, 18, 525350).
cost(5, 19, 745346).
cost(6, 1, 425447).
cost(6, 2, 812377).
cost(6, 3, 324931).
cost(6, 4, 546387).
cost(6, 5, 573586).
cost(6, 7, 618647).
cost(6, 8, 214210).
cost(6, 9, 253289).
cost(6, 10, 414226).
cost(6, 11, 423752).
cost(6, 12, 999839).
cost(6, 13, 413688).
cost(6, 14, 326853).
cost(6, 15, 396400).
cost(6, 16, 796548).
cost(6, 17, 443556).
cost(6, 18, 544023).
cost(6, 19, 457018).
cost(7, 1, 504467).
cost(7, 2, 610506).
cost(7, 3, 617713).
cost(7, 4, 683358).
cost(7, 5, 744868).
cost(7, 6, 618647).
cost(7, 8, 433948).
cost(7, 9, 367538).
cost(7, 10, 582950).
cost(7, 11, 204950).
cost(7, 12, 509887).
cost(7, 13, 344322).
cost(7, 14, 439654).
cost(7, 15, 450198).
cost(7, 16, 177991).
cost(7, 17, 287289).
cost(7, 18, 226346).
cost(7, 19, 211290).
cost(8, 1, 259962).
cost(8, 2, 777804).
cost(8, 3, 417829).
cost(8, 4, 608948).
cost(8, 5, 473840).
cost(8, 6, 214210).
cost(8, 7, 433948).
cost(8, 9, 129516).
cost(8, 10, 467050).
cost(8, 11, 229457).
cost(8, 12, 785629).
cost(8, 13, 345981).
cost(8, 14, 139640).
cost(8, 15, 386263).
cost(8, 16, 608128).
cost(8, 17, 347347).
cost(8, 18, 330560).
cost(8, 19, 322513).
cost(9, 1, 369837).
cost(9, 2, 648289).
cost(9, 3, 332051).
cost(9, 4, 498938).
cost(9, 5, 598179).
cost(9, 6, 253289).
cost(9, 7, 367538).
cost(9, 8, 129516).
cost(9, 10, 359386).
cost(9, 11, 185646).
cost(9, 12, 792530).
cost(9, 13, 216476).
cost(9, 14, 248341).
cost(9, 15, 263134).
cost(9, 16, 545462).
cost(9, 17, 221051).
cost(9, 18, 338514).
cost(9, 19, 210485).
cost(10, 1, 724564).
cost(10, 2, 433755).
cost(10, 3, 107444).
cost(10, 4, 142001).
cost(10, 5, 936762).
cost(10, 6, 414226).
cost(10, 7, 582950).
cost(10, 8, 467050).
cost(10, 9, 359386).
cost(10, 11, 494747).
cost(10, 12, 1083093).
cost(10, 13, 238753).
cost(10, 14, 602334).
cost(10, 15, 132810).
cost(10, 16, 731281).
cost(10, 17, 295708).
cost(10, 18, 663273).
cost(10, 19, 374047).
cost(11, 1, 338095).
cost(11, 2, 669013).
cost(11, 3, 495392).
cost(11, 4, 621882).
cost(11, 5, 585938).
cost(11, 6, 423752).
cost(11, 7, 204950).
cost(11, 8, 229457).
cost(11, 9, 185646).
cost(11, 10, 494747).
cost(11, 12, 610149).
cost(11, 13, 278601).
cost(11, 14, 248434).
cost(11, 15, 371038).
cost(11, 16, 378815).
cost(11, 17, 241364).
cost(11, 18, 168543).
cost(11, 19, 169754).
cost(12, 1, 661613).
cost(12, 2, 1089241).
cost(12, 3, 1100979).
cost(12, 4, 1191524).
cost(12, 5, 792627).
cost(12, 6, 999839).
cost(12, 7, 509887).
cost(12, 8, 785629).
cost(12, 9, 792530).
cost(12, 10, 1083093).
cost(12, 11, 610149).
cost(12, 13, 845868).
cost(12, 14, 696430).
cost(12, 15, 951020).
cost(12, 16, 428504).
cost(12, 17, 791220).
cost(12, 18, 458215).
cost(12, 19, 709977).
cost(13, 1, 571080).
cost(13, 2, 431856).
cost(13, 3, 282254).
cost(13, 4, 349660).
cost(13, 5, 808944).
cost(13, 6, 413688).
cost(13, 7, 344322).
cost(13, 8, 345981).
cost(13, 9, 216476).
cost(13, 10, 238753).
cost(13, 11, 278601).
cost(13, 12, 845868).
cost(13, 14, 454231).
cost(13, 15, 105943).
cost(13, 16, 497961).
cost(13, 17, 57826).
cost(13, 18, 442718).
cost(13, 19, 135899).
cost(14, 1, 122259).
cost(14, 2, 881454).
cost(14, 3, 557224).
cost(14, 4, 743655).
cost(14, 5, 355238).
cost(14, 6, 326853).
cost(14, 7, 439654).
cost(14, 8, 139640).
cost(14, 9, 248341).
cost(14, 10, 602334).
cost(14, 11, 248434).
cost(14, 12, 696430).
cost(14, 13, 454231).
cost(14, 15, 511426).
cost(14, 16, 597505).
cost(14, 17, 441594).
cost(14, 18, 268888).
cost(14, 19, 394493).
cost(15, 1, 632567).
cost(15, 2, 416290).
cost(15, 3, 187972).
cost(15, 4, 250844).
cost(15, 5, 859702).
cost(15, 6, 396400).
cost(15, 7, 450198).
cost(15, 8, 386263).
cost(15, 9, 263134).
cost(15, 10, 132810).
cost(15, 11, 371038).
cost(15, 12, 951020).
cost(15, 13, 105943).
cost(15, 14, 511426).
cost(15, 16, 601002).
cost(15, 17, 163080).
cost(15, 18, 538610).
cost(15, 19, 241415).
cost(16, 1, 642575).
cost(16, 2, 663062).
cost(16, 3, 778896).
cost(16, 4, 814742).
cost(16, 5, 868491).
cost(16, 6, 796548).
cost(16, 7, 177991).
cost(16, 8, 608128).
cost(16, 9, 545462).
cost(16, 10, 731281).
cost(16, 11, 378815).
cost(16, 12, 428504).
cost(16, 13, 497961).
cost(16, 14, 597505).
cost(16, 15, 601002).
cost(16, 17, 440278).
cost(16, 18, 346488).
cost(16, 19, 375023).
cost(17, 1, 553724).
cost(17, 2, 440167).
cost(17, 3, 339240).
cost(17, 4, 401324).
cost(17, 5, 796552).
cost(17, 6, 443556).
cost(17, 7, 287289).
cost(17, 8, 347347).
cost(17, 9, 221051).
cost(17, 10, 295708).
cost(17, 11, 241364).
cost(17, 12, 791220).
cost(17, 13, 57826).
cost(17, 14, 441594).
cost(17, 15, 163080).
cost(17, 16, 440278).
cost(17, 18, 399393).
cost(17, 19, 82784).
cost(18, 1, 296394).
cost(18, 2, 803305).
cost(18, 3, 661403).
cost(18, 4, 789292).
cost(18, 5, 525350).
cost(18, 6, 544023).
cost(18, 7, 226346).
cost(18, 8, 330560).
cost(18, 9, 338514).
cost(18, 10, 663273).
cost(18, 11, 168543).
cost(18, 12, 458215).
cost(18, 13, 442718).
cost(18, 14, 268888).
cost(18, 15, 538610).
cost(18, 16, 346488).
cost(18, 17, 399393).
cost(18, 19, 319658).
cost(19, 1, 498780).
cost(19, 2, 499597).
cost(19, 3, 406814).
cost(19, 4, 483796).
cost(19, 5, 745346).
cost(19, 6, 457018).
cost(19, 7, 211290).
cost(19, 8, 322513).
cost(19, 9, 210485).
cost(19, 10, 374047).
cost(19, 11, 169754).
cost(19, 12, 709977).
cost(19, 13, 135899).
cost(19, 14, 394493).
cost(19, 15, 241415).
cost(19, 16, 375023).
cost(19, 17, 82784).
cost(19, 18, 319658).
nocross(1,5).
nocross(1,14).
nocross(1,18).
nocross(2,4).
nocross(2,13).
nocross(2,15).
nocross(2,17).
nocross(3,6).
nocross(3,10).
nocross(3,13).
nocross(3,15).
nocross(3,19).
nocross(4,3).
nocross(4,10).
nocross(4,13).
nocross(4,15).
nocross(4,17).
nocross(5,6).
nocross(5,8).
nocross(5,14).
nocross(5,18).
nocross(6,3).
nocross(6,5).
nocross(6,8).
nocross(6,9).
nocross(6,13).
nocross(6,15).
nocross(6,19).
nocross(7,11).
nocross(7,13).
nocross(7,17).
nocross(7,19).
nocross(8,3).
nocross(8,6).
nocross(8,13).
nocross(8,19).
nocross(9,3).
nocross(9,6).
nocross(9,11).
nocross(9,13).
nocross(9,15).
nocross(9,17).
nocross(9,19).
nocross(10,3).
nocross(10,4).
nocross(10,6).
nocross(10,15).
nocross(10,17).
nocross(11,1).
nocross(11,3).
nocross(11,7).
nocross(11,13).
nocross(11,14).
nocross(11,15).
nocross(11,17).
nocross(11,19).
nocross(12,5).
nocross(12,16).
nocross(12,18).
nocross(13,15).
nocross(13,17).
nocross(13,19).
nocross(14,1).
nocross(14,5).
nocross(14,6).
nocross(14,8).
nocross(14,13).
nocross(14,17).
nocross(14,19).
nocross(15,3).
nocross(15,10).
nocross(15,13).
nocross(15,17).
nocross(16,18).
nocross(17,13).
nocross(17,19).
nocross(18,7).
nocross(18,8).
nocross(18,11).
nocross(18,12).
nocross(18,13).
nocross(18,19).
nocross(19,3).
nocross(19,7).
nocross(19,11).
nocross(19,13).
nocross(19,17).
