dimension(19).
point(1, 284293.0, 95497.0).
point(2, -265557.0, 432593.0).
point(3, 156170.0, 567482.0).
point(4, 152429.0, 105684.0).
point(5, 89854.0, 172406.0).
point(6, -185829.0, 190782.0).
point(7, -63716.0, 319677.0).
point(8, -375407.0, -343537.0).
point(9, 132097.0, 258806.0).
point(10, 280369.0, 179293.0).
point(11, 388031.0, -265704.0).
point(12, 117698.0, -386161.0).
point(13, -73853.0, -72095.0).
point(14, 87855.0, 285599.0).
point(15, 170039.0, -564157.0).
point(16, -8101.0, 307733.0).
point(17, 44051.0, -95328.0).
point(18, -13530.0, 5750.0).
point(19, 313601.0, 25320.0).
cost(1, 2, 644956).
cost(1, 3, 489066).
cost(1, 4, 132257).
cost(1, 5, 209097).
cost(1, 6, 479681).
cost(1, 7, 413965).
cost(1, 8, 792436).
cost(1, 9, 223234).
cost(1, 10, 83888).
cost(1, 11, 375803).
cost(1, 12, 509655).
cost(1, 13, 395418).
cost(1, 14, 273362).
cost(1, 15, 669475).
cost(1, 16, 361301).
cost(1, 17, 306807).
cost(1, 18, 311052).
cost(1, 19, 76051).
cost(2, 1, 644956).
cost(2, 3, 442774).
cost(2, 4, 530643).
cost(2, 5, 440470).
cost(2, 6, 254616).
cost(2, 7, 231279).
cost(2, 8, 783865).
cost(2, 9, 433971).
cost(2, 10, 601827).
cost(2, 11, 956450).
cost(2, 12, 904015).
cost(2, 13, 539871).
cost(2, 14, 382763).
cost(2, 15, 1087775).
cost(2, 16, 286136).
cost(2, 17, 612011).
cost(2, 18, 495694).
cost(2, 19, 708022).
cost(3, 1, 489066).
cost(3, 2, 442774).
cost(3, 4, 461813).
cost(3, 5, 400603).
cost(3, 6, 508789).
cost(3, 7, 331296).
cost(3, 8, 1054765).
cost(3, 9, 309613).
cost(3, 10, 407573).
cost(3, 11, 864846).
cost(3, 12, 954419).
cost(3, 13, 679683).
cost(3, 14, 290043).
cost(3, 15, 1131724).
cost(3, 16, 307335).
cost(3, 17, 672226).
cost(3, 18, 586806).
cost(3, 19, 564557).
cost(4, 1, 132257).
cost(4, 2, 530643).
cost(4, 3, 461813).
cost(4, 5, 91474).
cost(4, 6, 348798).
cost(4, 7, 304157).
cost(4, 8, 693116).
cost(4, 9, 154466).
cost(4, 10, 147604).
cost(4, 11, 439815).
cost(4, 12, 493070).
cost(4, 13, 287765).
cost(4, 14, 191152).
cost(4, 15, 670072).
cost(4, 16, 258058).
cost(4, 17, 228367).
cost(4, 18, 193725).
cost(4, 19, 180097).
cost(5, 1, 209097).
cost(5, 2, 440470).
cost(5, 3, 400603).
cost(5, 4, 91474).
cost(5, 6, 276295).
cost(5, 7, 212773).
cost(5, 8, 694741).
cost(5, 9, 96174).
cost(5, 10, 190639).
cost(5, 11, 529953).
cost(5, 12, 559261).
cost(5, 13, 294246).
cost(5, 14, 113211).
cost(5, 15, 740915).
cost(5, 16, 167059).
cost(5, 17, 271624).
cost(5, 18, 196119).
cost(5, 19, 267763).
cost(6, 1, 479681).
cost(6, 2, 254616).
cost(6, 3, 508789).
cost(6, 4, 348798).
cost(6, 5, 276295).
cost(6, 7, 177554).
cost(6, 8, 566954).
cost(6, 9, 325122).
cost(6, 10, 466340).
cost(6, 11, 733277).
cost(6, 12, 651914).
cost(6, 13, 285732).
cost(6, 14, 289643).
cost(6, 15, 834611).
cost(6, 16, 212755).
cost(6, 17, 367020).
cost(6, 18, 252832).
cost(6, 19, 526125).
cost(7, 1, 413965).
cost(7, 2, 231279).
cost(7, 3, 331296).
cost(7, 4, 304157).
cost(7, 5, 212773).
cost(7, 6, 177554).
cost(7, 8, 732806).
cost(7, 9, 205056).
cost(7, 10, 371621).
cost(7, 11, 739423).
cost(7, 12, 728779).
cost(7, 13, 391903).
cost(7, 14, 155355).
cost(7, 15, 914223).
cost(7, 16, 56883).
cost(7, 17, 428769).
cost(7, 18, 317913).
cost(7, 19, 478554).
cost(8, 1, 792436).
cost(8, 2, 783865).
cost(8, 3, 1054765).
cost(8, 4, 693116).
cost(8, 5, 694741).
cost(8, 6, 566954).
cost(8, 7, 732806).
cost(8, 9, 787640).
cost(8, 10, 838686).
cost(8, 11, 767395).
cost(8, 12, 494944).
cost(8, 13, 405728).
cost(8, 14, 781296).
cost(8, 15, 588374).
cost(8, 16, 747707).
cost(8, 17, 487394).
cost(8, 18, 502948).
cost(8, 19, 781529).
cost(9, 1, 223234).
cost(9, 2, 433971).
cost(9, 3, 309613).
cost(9, 4, 154466).
cost(9, 5, 96174).
cost(9, 6, 325122).
cost(9, 7, 205056).
cost(9, 8, 787640).
cost(9, 10, 168247).
cost(9, 11, 583621).
cost(9, 12, 645128).
cost(9, 13, 389757).
cost(9, 14, 51723).
cost(9, 15, 823837).
cost(9, 16, 148490).
cost(9, 17, 364915).
cost(9, 18, 291967).
cost(9, 19, 295735).
cost(10, 1, 83888).
cost(10, 2, 601827).
cost(10, 3, 407573).
cost(10, 4, 147604).
cost(10, 5, 190639).
cost(10, 6, 466340).
cost(10, 7, 371621).
cost(10, 8, 838686).
cost(10, 9, 168247).
cost(10, 11, 457836).
cost(10, 12, 588388).
cost(10, 13, 434361).
cost(10, 14, 219915).
cost(10, 15, 751592).
cost(10, 16, 315772).
cost(10, 17, 362302).
cost(10, 18, 341312).
cost(10, 19, 157518).
cost(11, 1, 375803).
cost(11, 2, 956450).
cost(11, 3, 864846).
cost(11, 4, 439815).
cost(11, 5, 529953).
cost(11, 6, 733277).
cost(11, 7, 739423).
cost(11, 8, 767395).
cost(11, 9, 583621).
cost(11, 10, 457836).
cost(11, 12, 295956).
cost(11, 13, 500821).
cost(11, 14, 627727).
cost(11, 15, 369587).
cost(11, 16, 696958).
cost(11, 17, 383862).
cost(11, 18, 484705).
cost(11, 19, 300391).
cost(12, 1, 509655).
cost(12, 2, 904015).
cost(12, 3, 954419).
cost(12, 4, 493070).
cost(12, 5, 559261).
cost(12, 6, 651914).
cost(12, 7, 728779).
cost(12, 8, 494944).
cost(12, 9, 645128).
cost(12, 10, 588388).
cost(12, 11, 295956).
cost(12, 13, 367871).
cost(12, 14, 672423).
cost(12, 15, 185532).
cost(12, 16, 705205).
cost(12, 17, 300013).
cost(12, 18, 413298).
cost(12, 19, 455735).
cost(13, 1, 395418).
cost(13, 2, 539871).
cost(13, 3, 679683).
cost(13, 4, 287765).
cost(13, 5, 294246).
cost(13, 6, 285732).
cost(13, 7, 391903).
cost(13, 8, 405728).
cost(13, 9, 389757).
cost(13, 10, 434361).
cost(13, 11, 500821).
cost(13, 12, 367871).
cost(13, 14, 392549).
cost(13, 15, 549189).
cost(13, 16, 385477).
cost(13, 17, 120171).
cost(13, 18, 98482).
cost(13, 19, 399513).
cost(14, 1, 273362).
cost(14, 2, 382763).
cost(14, 3, 290043).
cost(14, 4, 191152).
cost(14, 5, 113211).
cost(14, 6, 289643).
cost(14, 7, 155355).
cost(14, 8, 781296).
cost(14, 9, 51723).
cost(14, 10, 219915).
cost(14, 11, 627727).
cost(14, 12, 672423).
cost(14, 13, 392549).
cost(14, 15, 853721).
cost(14, 16, 98476).
cost(14, 17, 383437).
cost(14, 18, 297648).
cost(14, 19, 344538).
cost(15, 1, 669475).
cost(15, 2, 1087775).
cost(15, 3, 1131724).
cost(15, 4, 670072).
cost(15, 5, 740915).
cost(15, 6, 834611).
cost(15, 7, 914223).
cost(15, 8, 588374).
cost(15, 9, 823837).
cost(15, 10, 751592).
cost(15, 11, 369587).
cost(15, 12, 185532).
cost(15, 13, 549189).
cost(15, 14, 853721).
cost(15, 16, 889902).
cost(15, 17, 485462).
cost(15, 18, 598742).
cost(15, 19, 606707).
cost(16, 1, 361301).
cost(16, 2, 286136).
cost(16, 3, 307335).
cost(16, 4, 258058).
cost(16, 5, 167059).
cost(16, 6, 212755).
cost(16, 7, 56883).
cost(16, 8, 747707).
cost(16, 9, 148490).
cost(16, 10, 315772).
cost(16, 11, 696958).
cost(16, 12, 705205).
cost(16, 13, 385477).
cost(16, 14, 98476).
cost(16, 15, 889902).
cost(16, 17, 406421).
cost(16, 18, 302032).
cost(16, 19, 428076).
cost(17, 1, 306807).
cost(17, 2, 612011).
cost(17, 3, 672226).
cost(17, 4, 228367).
cost(17, 5, 271624).
cost(17, 6, 367020).
cost(17, 7, 428769).
cost(17, 8, 487394).
cost(17, 9, 364915).
cost(17, 10, 362302).
cost(17, 11, 383862).
cost(17, 12, 300013).
cost(17, 13, 120171).
cost(17, 14, 383437).
cost(17, 15, 485462).
cost(17, 16, 406421).
cost(17, 18, 116329).
cost(17, 19, 295319).
cost(18, 1, 311052).
cost(18, 2, 495694).
cost(18, 3, 586806).
cost(18, 4, 193725).
cost(18, 5, 196119).
cost(18, 6, 252832).
cost(18, 7, 317913).
cost(18, 8, 502948).
cost(18, 9, 291967).
cost(18, 10, 341312).
cost(18, 11, 484705).
cost(18, 12, 413298).
cost(18, 13, 98482).
cost(18, 14, 297648).
cost(18, 15, 598742).
cost(18, 16, 302032).
cost(18, 17, 116329).
cost(18, 19, 327716).
cost(19, 1, 76051).
cost(19, 2, 708022).
cost(19, 3, 564557).
cost(19, 4, 180097).
cost(19, 5, 267763).
cost(19, 6, 526125).
cost(19, 7, 478554).
cost(19, 8, 781529).
cost(19, 9, 295735).
cost(19, 10, 157518).
cost(19, 11, 300391).
cost(19, 12, 455735).
cost(19, 13, 399513).
cost(19, 14, 344538).
cost(19, 15, 606707).
cost(19, 16, 428076).
cost(19, 17, 295319).
cost(19, 18, 327716).
nocross(1,4).
nocross(1,9).
nocross(1,10).
nocross(1,14).
nocross(1,15).
nocross(2,3).
nocross(2,6).
nocross(2,7).
nocross(2,14).
nocross(2,16).
nocross(3,1).
nocross(3,2).
nocross(3,9).
nocross(3,10).
nocross(3,14).
nocross(3,16).
nocross(4,1).
nocross(4,9).
nocross(4,10).
nocross(4,15).
nocross(5,1).
nocross(5,6).
nocross(5,7).
nocross(5,9).
nocross(5,14).
nocross(5,16).
nocross(6,2).
nocross(6,5).
nocross(6,9).
nocross(6,14).
nocross(7,6).
nocross(7,9).
nocross(7,16).
nocross(8,1).
nocross(8,14).
nocross(8,15).
nocross(8,16).
nocross(9,1).
nocross(9,4).
nocross(9,5).
nocross(9,14).
nocross(9,16).
nocross(10,1).
nocross(10,4).
nocross(10,5).
nocross(10,9).
nocross(10,16).
nocross(10,19).
nocross(11,1).
nocross(11,12).
nocross(11,15).
nocross(11,17).
nocross(11,19).
nocross(12,1).
nocross(12,4).
nocross(12,9).
nocross(12,15).
nocross(13,1).
nocross(13,6).
nocross(13,14).
nocross(13,16).
nocross(13,17).
nocross(14,9).
nocross(14,16).
nocross(15,12).
nocross(16,1).
nocross(16,7).
nocross(16,9).
nocross(16,14).
nocross(17,1).
nocross(17,4).
nocross(17,13).
nocross(17,14).
nocross(17,18).
nocross(17,19).
nocross(18,1).
nocross(18,6).
nocross(18,7).
nocross(18,13).
nocross(18,14).
nocross(18,16).
nocross(18,17).
nocross(18,19).
nocross(19,1).
nocross(19,9).
nocross(19,10).
nocross(19,15).
