dimension(19).
point(1, -8491.0, 442882.0).
point(2, 19799.0, -78808.0).
point(3, -54770.0, 263487.0).
point(4, 140327.0, 230003.0).
point(5, -66741.0, 132987.0).
point(6, -19289.0, -110568.0).
point(7, -292042.0, 133517.0).
point(8, -41495.0, 251817.0).
point(9, 81360.0, 144270.0).
point(10, -17824.0, 120385.0).
point(11, -211964.0, -302327.0).
point(12, -301796.0, -307758.0).
point(13, 45832.0, -58333.0).
point(14, 54889.0, -251012.0).
point(15, -132255.0, 131554.0).
point(16, 235517.0, -139867.0).
point(17, 303752.0, 182788.0).
point(18, 231196.0, -198269.0).
point(19, 79716.0, 288150.0).
cost(1, 2, 522456).
cost(1, 3, 185268).
cost(1, 4, 259739).
cost(1, 5, 315322).
cost(1, 6, 553555).
cost(1, 7, 419652).
cost(1, 8, 193895).
cost(1, 9, 311837).
cost(1, 10, 322632).
cost(1, 11, 772488).
cost(1, 12, 805908).
cost(1, 13, 504150).
cost(1, 14, 696783).
cost(1, 15, 335026).
cost(1, 16, 631772).
cost(1, 17, 406380).
cost(1, 18, 684488).
cost(1, 19, 178108).
cost(2, 1, 522456).
cost(2, 3, 350323).
cost(2, 4, 331498).
cost(2, 5, 228793).
cost(2, 6, 50364).
cost(2, 7, 377262).
cost(2, 8, 336259).
cost(2, 9, 231416).
cost(2, 10, 202715).
cost(2, 11, 321986).
cost(2, 12, 394768).
cost(2, 13, 33120).
cost(2, 14, 175743).
cost(2, 15, 259562).
cost(2, 16, 224193).
cost(2, 17, 386085).
cost(2, 18, 242816).
cost(2, 19, 371817).
cost(3, 1, 185268).
cost(3, 2, 350323).
cost(3, 4, 197950).
cost(3, 5, 131048).
cost(3, 6, 375734).
cost(3, 7, 270537).
cost(3, 8, 17675).
cost(3, 9, 180953).
cost(3, 10, 147794).
cost(3, 11, 587244).
cost(3, 12, 622369).
cost(3, 13, 337178).
cost(3, 14, 526055).
cost(3, 15, 153004).
cost(3, 16, 496952).
cost(3, 17, 367492).
cost(3, 18, 543135).
cost(3, 19, 136729).
cost(4, 1, 259739).
cost(4, 2, 331498).
cost(4, 3, 197950).
cost(4, 5, 228668).
cost(4, 6, 376119).
cost(4, 7, 443004).
cost(4, 8, 183126).
cost(4, 9, 104054).
cost(4, 10, 192426).
cost(4, 11, 638345).
cost(4, 12, 696175).
cost(4, 13, 303425).
cost(4, 14, 488544).
cost(4, 15, 289816).
cost(4, 16, 381923).
cost(4, 17, 170109).
cost(4, 18, 437806).
cost(4, 19, 83993).
cost(5, 1, 315322).
cost(5, 2, 228793).
cost(5, 3, 131048).
cost(5, 4, 228668).
cost(5, 6, 248135).
cost(5, 7, 225302).
cost(5, 8, 121482).
cost(5, 9, 148530).
cost(5, 10, 50514).
cost(5, 11, 458899).
cost(5, 12, 499507).
cost(5, 13, 221982).
cost(5, 14, 402802).
cost(5, 15, 65530).
cost(5, 16, 407197).
cost(5, 17, 373825).
cost(5, 18, 445530).
cost(5, 19, 213366).
cost(6, 1, 553555).
cost(6, 2, 50364).
cost(6, 3, 375734).
cost(6, 4, 376119).
cost(6, 5, 248135).
cost(6, 7, 366021).
cost(6, 8, 363065).
cost(6, 9, 273994).
cost(6, 10, 230958).
cost(6, 11, 271837).
cost(6, 12, 344520).
cost(6, 13, 83482).
cost(6, 14, 158830).
cost(6, 15, 267179).
cost(6, 16, 256485).
cost(6, 17, 436364).
cost(6, 18, 265394).
cost(6, 19, 410826).
cost(7, 1, 419652).
cost(7, 2, 377262).
cost(7, 3, 270537).
cost(7, 4, 443004).
cost(7, 5, 225302).
cost(7, 6, 366021).
cost(7, 8, 277072).
cost(7, 9, 373557).
cost(7, 10, 274532).
cost(7, 11, 443139).
cost(7, 12, 441383).
cost(7, 13, 388542).
cost(7, 14, 517903).
cost(7, 15, 159799).
cost(7, 16, 594186).
cost(7, 17, 597828).
cost(7, 18, 619564).
cost(7, 19, 402636).
cost(8, 1, 193895).
cost(8, 2, 336259).
cost(8, 3, 17675).
cost(8, 4, 183126).
cost(8, 5, 121482).
cost(8, 6, 363065).
cost(8, 7, 277072).
cost(8, 9, 163278).
cost(8, 10, 133547).
cost(8, 11, 579772).
cost(8, 12, 617155).
cost(8, 13, 322210).
cost(8, 14, 511983).
cost(8, 15, 150667).
cost(8, 16, 479742).
cost(8, 17, 352080).
cost(8, 18, 526249).
cost(8, 19, 126539).
cost(9, 1, 311837).
cost(9, 2, 231416).
cost(9, 3, 180953).
cost(9, 4, 104054).
cost(9, 5, 148530).
cost(9, 6, 273994).
cost(9, 7, 373557).
cost(9, 8, 163278).
cost(9, 10, 102019).
cost(9, 11, 534311).
cost(9, 12, 592569).
cost(9, 13, 205694).
cost(9, 14, 396167).
cost(9, 15, 213993).
cost(9, 16, 323262).
cost(9, 17, 225703).
cost(9, 18, 373877).
cost(9, 19, 143889).
cost(10, 1, 322632).
cost(10, 2, 202715).
cost(10, 3, 147794).
cost(10, 4, 192426).
cost(10, 5, 50514).
cost(10, 6, 230958).
cost(10, 7, 274532).
cost(10, 8, 133547).
cost(10, 9, 102019).
cost(10, 11, 465162).
cost(10, 12, 513757).
cost(10, 13, 189716).
cost(10, 14, 378448).
cost(10, 15, 114975).
cost(10, 16, 363198).
cost(10, 17, 327575).
cost(10, 18, 404415).
cost(10, 19, 194060).
cost(11, 1, 772488).
cost(11, 2, 321986).
cost(11, 3, 587244).
cost(11, 4, 638345).
cost(11, 5, 458899).
cost(11, 6, 271837).
cost(11, 7, 443139).
cost(11, 8, 579772).
cost(11, 9, 534311).
cost(11, 10, 465162).
cost(11, 12, 89996).
cost(11, 13, 354953).
cost(11, 14, 271742).
cost(11, 15, 441142).
cost(11, 16, 476059).
cost(11, 17, 708025).
cost(11, 18, 455213).
cost(11, 19, 658590).
cost(12, 1, 805908).
cost(12, 2, 394768).
cost(12, 3, 622369).
cost(12, 4, 696175).
cost(12, 5, 499507).
cost(12, 6, 344520).
cost(12, 7, 441383).
cost(12, 8, 617155).
cost(12, 9, 592569).
cost(12, 10, 513757).
cost(12, 11, 89996).
cost(12, 13, 427853).
cost(12, 14, 361171).
cost(12, 15, 470892).
cost(12, 16, 562932).
cost(12, 17, 779310).
cost(12, 18, 544122).
cost(12, 19, 707572).
cost(13, 1, 504150).
cost(13, 2, 33120).
cost(13, 3, 337178).
cost(13, 4, 303425).
cost(13, 5, 221982).
cost(13, 6, 83482).
cost(13, 7, 388542).
cost(13, 8, 322210).
cost(13, 9, 205694).
cost(13, 10, 189716).
cost(13, 11, 354953).
cost(13, 12, 427853).
cost(13, 14, 192892).
cost(13, 15, 260331).
cost(13, 16, 206466).
cost(13, 17, 353075).
cost(13, 18, 232254).
cost(13, 19, 348136).
cost(14, 1, 696783).
cost(14, 2, 175743).
cost(14, 3, 526055).
cost(14, 4, 488544).
cost(14, 5, 402802).
cost(14, 6, 158830).
cost(14, 7, 517903).
cost(14, 8, 511983).
cost(14, 9, 396167).
cost(14, 10, 378448).
cost(14, 11, 271742).
cost(14, 12, 361171).
cost(14, 13, 192892).
cost(14, 15, 425887).
cost(14, 16, 212084).
cost(14, 17, 500115).
cost(14, 18, 184027).
cost(14, 19, 539733).
cost(15, 1, 335026).
cost(15, 2, 259562).
cost(15, 3, 153004).
cost(15, 4, 289816).
cost(15, 5, 65530).
cost(15, 6, 267179).
cost(15, 7, 159799).
cost(15, 8, 150667).
cost(15, 9, 213993).
cost(15, 10, 114975).
cost(15, 11, 441142).
cost(15, 12, 470892).
cost(15, 13, 260331).
cost(15, 14, 425887).
cost(15, 16, 457084).
cost(15, 17, 439007).
cost(15, 18, 490795).
cost(15, 19, 263541).
cost(16, 1, 631772).
cost(16, 2, 224193).
cost(16, 3, 496952).
cost(16, 4, 381923).
cost(16, 5, 407197).
cost(16, 6, 256485).
cost(16, 7, 594186).
cost(16, 8, 479742).
cost(16, 9, 323262).
cost(16, 10, 363198).
cost(16, 11, 476059).
cost(16, 12, 562932).
cost(16, 13, 206466).
cost(16, 14, 212084).
cost(16, 15, 457084).
cost(16, 17, 329791).
cost(16, 18, 58562).
cost(16, 19, 455491).
cost(17, 1, 406380).
cost(17, 2, 386085).
cost(17, 3, 367492).
cost(17, 4, 170109).
cost(17, 5, 373825).
cost(17, 6, 436364).
cost(17, 7, 597828).
cost(17, 8, 352080).
cost(17, 9, 225703).
cost(17, 10, 327575).
cost(17, 11, 708025).
cost(17, 12, 779310).
cost(17, 13, 353075).
cost(17, 14, 500115).
cost(17, 15, 439007).
cost(17, 16, 329791).
cost(17, 18, 387903).
cost(17, 19, 247575).
cost(18, 1, 684488).
cost(18, 2, 242816).
cost(18, 3, 543135).
cost(18, 4, 437806).
cost(18, 5, 445530).
cost(18, 6, 265394).
cost(18, 7, 619564).
cost(18, 8, 526249).
cost(18, 9, 373877).
cost(18, 10, 404415).
cost(18, 11, 455213).
cost(18, 12, 544122).
cost(18, 13, 232254).
cost(18, 14, 184027).
cost(18, 15, 490795).
cost(18, 16, 58562).
cost(18, 17, 387903).
cost(18, 19, 509460).
cost(19, 1, 178108).
cost(19, 2, 371817).
cost(19, 3, 136729).
cost(19, 4, 83993).
cost(19, 5, 213366).
cost(19, 6, 410826).
cost(19, 7, 402636).
cost(19, 8, 126539).
cost(19, 9, 143889).
cost(19, 10, 194060).
cost(19, 11, 658590).
cost(19, 12, 707572).
cost(19, 13, 348136).
cost(19, 14, 539733).
cost(19, 15, 263541).
cost(19, 16, 455491).
cost(19, 17, 247575).
cost(19, 18, 509460).
nocross(1,3).
nocross(1,7).
nocross(1,8).
nocross(1,9).
nocross(1,10).
nocross(1,13).
nocross(2,6).
nocross(2,7).
nocross(2,10).
nocross(3,1).
nocross(3,5).
nocross(3,7).
nocross(3,9).
nocross(3,10).
nocross(3,15).
nocross(4,7).
nocross(4,17).
nocross(5,3).
nocross(5,7).
nocross(5,10).
nocross(5,15).
nocross(6,7).
nocross(6,10).
nocross(7,3).
nocross(7,12).
nocross(8,1).
nocross(8,3).
nocross(8,5).
nocross(8,7).
nocross(8,9).
nocross(8,10).
nocross(8,13).
nocross(8,15).
nocross(9,1).
nocross(9,3).
nocross(9,7).
nocross(9,8).
nocross(9,16).
nocross(9,19).
nocross(10,1).
nocross(10,8).
nocross(10,13).
nocross(11,7).
nocross(11,13).
nocross(11,14).
nocross(11,15).
nocross(12,10).
nocross(13,7).
nocross(13,9).
nocross(13,10).
nocross(13,16).
nocross(14,2).
nocross(14,6).
nocross(14,11).
nocross(14,13).
nocross(14,18).
nocross(15,3).
nocross(15,7).
nocross(16,13).
nocross(16,17).
nocross(17,1).
nocross(17,4).
nocross(17,9).
nocross(18,13).
nocross(18,14).
nocross(18,17).
nocross(19,1).
nocross(19,3).
nocross(19,5).
nocross(19,7).
nocross(19,8).
nocross(19,9).
nocross(19,10).
nocross(19,17).
