dimension(15).
point(1, 965308.0, 72460.0).
point(2, 550318.0, 64518.0).
point(3, 18452.0, 925821.0).
point(4, 435648.0, 69089.0).
point(5, 272838.0, 722612.0).
point(6, 543771.0, 222308.0).
point(7, 93038.0, 247166.0).
point(8, 346075.0, 761537.0).
point(9, 508910.0, 893411.0).
point(10, 845526.0, 948080.0).
point(11, 635982.0, 84904.0).
point(12, 411875.0, 202216.0).
point(13, 739250.0, 428960.0).
point(14, 916426.0, 832239.0).
point(15, 219138.0, 823400.0).
cost(1, 2, 415066).
cost(1, 3, 1274661).
cost(1, 4, 529671).
cost(1, 5, 949849).
cost(1, 6, 447379).
cost(1, 7, 889594).
cost(1, 8, 926432).
cost(1, 9, 939287).
cost(1, 10, 883775).
cost(1, 11, 329561).
cost(1, 12, 568441).
cost(1, 13, 422131).
cost(1, 14, 761350).
cost(1, 15, 1058622).
cost(2, 1, 415066).
cost(2, 3, 1012287).
cost(2, 4, 114761).
cost(2, 5, 714201).
cost(2, 6, 157926).
cost(2, 7, 492408).
cost(2, 8, 726327).
cost(2, 9, 829927).
cost(2, 10, 931574).
cost(2, 11, 88056).
cost(2, 12, 195262).
cost(2, 13, 410504).
cost(2, 14, 850547).
cost(2, 15, 827999).
cost(3, 1, 1274661).
cost(3, 2, 1012287).
cost(3, 4, 952912).
cost(3, 5, 325586).
cost(3, 6, 878004).
cost(3, 7, 682741).
cost(3, 8, 366505).
cost(3, 9, 491528).
cost(3, 10, 827373).
cost(3, 11, 1043305).
cost(3, 12, 823642).
cost(3, 13, 875455).
cost(3, 14, 902837).
cost(3, 15, 225311).
cost(4, 1, 529671).
cost(4, 2, 114761).
cost(4, 3, 952912).
cost(4, 5, 673498).
cost(4, 6, 187528).
cost(4, 7, 386126).
cost(4, 8, 698217).
cost(4, 9, 827571).
cost(4, 10, 969858).
cost(4, 11, 200957).
cost(4, 12, 135233).
cost(4, 13, 470830).
cost(4, 14, 901968).
cost(4, 15, 784769).
cost(5, 1, 949849).
cost(5, 2, 714201).
cost(5, 3, 325586).
cost(5, 4, 673498).
cost(5, 6, 568954).
cost(5, 7, 508308).
cost(5, 8, 82939).
cost(5, 9, 291380).
cost(5, 10, 615473).
cost(5, 11, 733856).
cost(5, 12, 538650).
cost(5, 13, 551155).
cost(5, 14, 652858).
cost(5, 15, 114201).
cost(6, 1, 447379).
cost(6, 2, 157926).
cost(6, 3, 878004).
cost(6, 4, 187528).
cost(6, 5, 568954).
cost(6, 7, 451418).
cost(6, 8, 574327).
cost(6, 9, 672008).
cost(6, 10, 786003).
cost(6, 11, 165477).
cost(6, 12, 133418).
cost(6, 13, 284459).
cost(6, 14, 714764).
cost(6, 15, 683153).
cost(7, 1, 889594).
cost(7, 2, 492408).
cost(7, 3, 682741).
cost(7, 4, 386126).
cost(7, 5, 508308).
cost(7, 6, 451418).
cost(7, 8, 573241).
cost(7, 9, 768493).
cost(7, 10, 1028357).
cost(7, 11, 566672).
cost(7, 12, 321990).
cost(7, 13, 671297).
cost(7, 14, 1010088).
cost(7, 15, 589870).
cost(8, 1, 926432).
cost(8, 2, 726327).
cost(8, 3, 366505).
cost(8, 4, 698217).
cost(8, 5, 82939).
cost(8, 6, 574327).
cost(8, 7, 573241).
cost(8, 9, 209538).
cost(8, 10, 533151).
cost(8, 11, 736124).
cost(8, 12, 563178).
cost(8, 13, 514970).
cost(8, 14, 574716).
cost(8, 15, 141209).
cost(9, 1, 939287).
cost(9, 2, 829927).
cost(9, 3, 491528).
cost(9, 4, 827571).
cost(9, 5, 291380).
cost(9, 6, 672008).
cost(9, 7, 768493).
cost(9, 8, 209538).
cost(9, 10, 341026).
cost(9, 11, 818432).
cost(9, 12, 697973).
cost(9, 13, 518432).
cost(9, 14, 412082).
cost(9, 15, 298110).
cost(10, 1, 883775).
cost(10, 2, 931574).
cost(10, 3, 827373).
cost(10, 4, 969858).
cost(10, 5, 615473).
cost(10, 6, 786003).
cost(10, 7, 1028357).
cost(10, 8, 533151).
cost(10, 9, 341026).
cost(10, 11, 888246).
cost(10, 12, 862767).
cost(10, 13, 529887).
cost(10, 14, 135816).
cost(10, 15, 638676).
cost(11, 1, 329561).
cost(11, 2, 88056).
cost(11, 3, 1043305).
cost(11, 4, 200957).
cost(11, 5, 733856).
cost(11, 6, 165477).
cost(11, 7, 566672).
cost(11, 8, 736124).
cost(11, 9, 818432).
cost(11, 10, 888246).
cost(11, 12, 252955).
cost(11, 13, 359220).
cost(11, 14, 798222).
cost(11, 15, 848018).
cost(12, 1, 568441).
cost(12, 2, 195262).
cost(12, 3, 823642).
cost(12, 4, 135233).
cost(12, 5, 538650).
cost(12, 6, 133418).
cost(12, 7, 321990).
cost(12, 8, 563178).
cost(12, 9, 697973).
cost(12, 10, 862767).
cost(12, 11, 252955).
cost(12, 13, 398230).
cost(12, 14, 807156).
cost(12, 15, 650398).
cost(13, 1, 422131).
cost(13, 2, 410504).
cost(13, 3, 875455).
cost(13, 4, 470830).
cost(13, 5, 551155).
cost(13, 6, 284459).
cost(13, 7, 671297).
cost(13, 8, 514970).
cost(13, 9, 518432).
cost(13, 10, 529887).
cost(13, 11, 359220).
cost(13, 12, 398230).
cost(13, 14, 440483).
cost(13, 15, 652763).
cost(14, 1, 761350).
cost(14, 2, 850547).
cost(14, 3, 902837).
cost(14, 4, 901968).
cost(14, 5, 652858).
cost(14, 6, 714764).
cost(14, 7, 1010088).
cost(14, 8, 574716).
cost(14, 9, 412082).
cost(14, 10, 135816).
cost(14, 11, 798222).
cost(14, 12, 807156).
cost(14, 13, 440483).
cost(14, 15, 697344).
cost(15, 1, 1058622).
cost(15, 2, 827999).
cost(15, 3, 225311).
cost(15, 4, 784769).
cost(15, 5, 114201).
cost(15, 6, 683153).
cost(15, 7, 589870).
cost(15, 8, 141209).
cost(15, 9, 298110).
cost(15, 10, 638676).
cost(15, 11, 848018).
cost(15, 12, 650398).
cost(15, 13, 652763).
cost(15, 14, 697344).
nocross(1,2).
nocross(1,11).
nocross(1,13).
nocross(2,1).
nocross(2,6).
nocross(2,11).
nocross(2,12).
nocross(3,5).
nocross(3,7).
nocross(3,8).
nocross(3,9).
nocross(4,2).
nocross(4,6).
nocross(4,7).
nocross(4,11).
nocross(4,12).
nocross(5,7).
nocross(5,8).
nocross(5,10).
nocross(5,13).
nocross(6,12).
nocross(7,3).
nocross(7,12).
nocross(8,10).
nocross(8,13).
nocross(9,8).
nocross(9,10).
nocross(9,13).
nocross(9,14).
nocross(9,15).
nocross(10,3).
nocross(10,8).
nocross(10,9).
nocross(10,13).
nocross(11,2).
nocross(11,13).
nocross(12,7).
nocross(12,11).
nocross(13,7).
nocross(13,8).
nocross(13,11).
nocross(14,8).
nocross(14,9).
nocross(14,10).
nocross(14,13).
nocross(15,3).
nocross(15,5).
nocross(15,8).
nocross(15,9).
