dimension(15).
point(1, 867992.0, 747584.0).
point(2, 161136.0, 199353.0).
point(3, 216134.0, 987371.0).
point(4, 790031.0, 295008.0).
point(5, 360957.0, 897727.0).
point(6, 566953.0, 564980.0).
point(7, 951177.0, 959707.0).
point(8, 945041.0, 533390.0).
point(9, 351068.0, 137689.0).
point(10, 807422.0, 453884.0).
point(11, 665917.0, 376407.0).
point(12, 449977.0, 350666.0).
point(13, 914687.0, 626685.0).
point(14, 787654.0, 222226.0).
point(15, 719845.0, 817102.0).
cost(1, 2, 894540).
cost(1, 3, 694562).
cost(1, 4, 459242).
cost(1, 5, 528798).
cost(1, 6, 352092).
cost(1, 7, 227851).
cost(1, 8, 227630).
cost(1, 9, 799489).
cost(1, 10, 299881).
cost(1, 11, 422619).
cost(1, 12, 576438).
cost(1, 13, 129603).
cost(1, 14, 531465).
cost(1, 15, 163647).
cost(2, 1, 894540).
cost(2, 3, 789935).
cost(2, 4, 636128).
cost(2, 5, 726398).
cost(2, 6, 546233).
cost(2, 7, 1096496).
cost(2, 8, 852108).
cost(2, 9, 199691).
cost(2, 10, 694602).
cost(2, 11, 534932).
cost(2, 12, 326075).
cost(2, 13, 866286).
cost(2, 14, 626935).
cost(2, 15, 832928).
cost(3, 1, 694562).
cost(3, 2, 789935).
cost(3, 4, 899291).
cost(3, 5, 170322).
cost(3, 6, 549079).
cost(3, 7, 735563).
cost(3, 8, 858722).
cost(3, 9, 860329).
cost(3, 10, 796386).
cost(3, 11, 758671).
cost(3, 12, 678289).
cost(3, 13, 786175).
cost(3, 14, 955030).
cost(3, 15, 531711).
cost(4, 1, 459242).
cost(4, 2, 636128).
cost(4, 3, 899291).
cost(4, 5, 739848).
cost(4, 6, 350212).
cost(4, 7, 683954).
cost(4, 8, 284349).
cost(4, 9, 466302).
cost(4, 10, 159825).
cost(4, 11, 148425).
cost(4, 12, 344579).
cost(4, 13, 354329).
cost(4, 14, 72821).
cost(4, 15, 526790).
cost(5, 1, 528798).
cost(5, 2, 726398).
cost(5, 3, 170322).
cost(5, 4, 739848).
cost(5, 6, 391350).
cost(5, 7, 593465).
cost(5, 8, 688401).
cost(5, 9, 760102).
cost(5, 10, 629546).
cost(5, 11, 603966).
cost(5, 12, 554257).
cost(5, 13, 616507).
cost(5, 14, 798982).
cost(5, 15, 367833).
cost(6, 1, 352092).
cost(6, 2, 546233).
cost(6, 3, 549079).
cost(6, 4, 350212).
cost(6, 5, 391350).
cost(6, 7, 550852).
cost(6, 8, 379405).
cost(6, 9, 478732).
cost(6, 10, 264892).
cost(6, 11, 212964).
cost(6, 12, 244160).
cost(6, 13, 353166).
cost(6, 14, 407663).
cost(6, 15, 294858).
cost(7, 1, 227851).
cost(7, 2, 1096496).
cost(7, 3, 735563).
cost(7, 4, 683954).
cost(7, 5, 593465).
cost(7, 6, 550852).
cost(7, 8, 426361).
cost(7, 9, 1017764).
cost(7, 10, 525854).
cost(7, 11, 649317).
cost(7, 12, 788754).
cost(7, 13, 335015).
cost(7, 14, 755393).
cost(7, 15, 271755).
cost(8, 1, 227630).
cost(8, 2, 852108).
cost(8, 3, 858722).
cost(8, 4, 284349).
cost(8, 5, 688401).
cost(8, 6, 379405).
cost(8, 7, 426361).
cost(8, 9, 713711).
cost(8, 10, 158935).
cost(8, 11, 320240).
cost(8, 12, 527709).
cost(8, 13, 98109).
cost(8, 14, 348703).
cost(8, 15, 362223).
cost(9, 1, 799489).
cost(9, 2, 199691).
cost(9, 3, 860329).
cost(9, 4, 466302).
cost(9, 5, 760102).
cost(9, 6, 478732).
cost(9, 7, 1017764).
cost(9, 8, 713711).
cost(9, 10, 555192).
cost(9, 11, 395115).
cost(9, 12, 234824).
cost(9, 13, 746179).
cost(9, 14, 444695).
cost(9, 15, 773045).
cost(10, 1, 299881).
cost(10, 2, 694602).
cost(10, 3, 796386).
cost(10, 4, 159825).
cost(10, 5, 629546).
cost(10, 6, 264892).
cost(10, 7, 525854).
cost(10, 8, 158935).
cost(10, 9, 555192).
cost(10, 11, 161327).
cost(10, 12, 372050).
cost(10, 13, 203386).
cost(10, 14, 232500).
cost(10, 15, 373627).
cost(11, 1, 422619).
cost(11, 2, 534932).
cost(11, 3, 758671).
cost(11, 4, 148425).
cost(11, 5, 603966).
cost(11, 6, 212964).
cost(11, 7, 649317).
cost(11, 8, 320240).
cost(11, 9, 395115).
cost(11, 10, 161327).
cost(11, 12, 217469).
cost(11, 13, 352882).
cost(11, 14, 196448).
cost(11, 15, 443982).
cost(12, 1, 576438).
cost(12, 2, 326075).
cost(12, 3, 678289).
cost(12, 4, 344579).
cost(12, 5, 554257).
cost(12, 6, 244160).
cost(12, 7, 788754).
cost(12, 8, 527709).
cost(12, 9, 234824).
cost(12, 10, 372050).
cost(12, 11, 217469).
cost(12, 13, 540502).
cost(12, 14, 361279).
cost(12, 15, 538880).
cost(13, 1, 129603).
cost(13, 2, 866286).
cost(13, 3, 786175).
cost(13, 4, 354329).
cost(13, 5, 616507).
cost(13, 6, 353166).
cost(13, 7, 335015).
cost(13, 8, 98109).
cost(13, 9, 746179).
cost(13, 10, 203386).
cost(13, 11, 352882).
cost(13, 12, 540502).
cost(13, 14, 423939).
cost(13, 15, 272437).
cost(14, 1, 531465).
cost(14, 2, 626935).
cost(14, 3, 955030).
cost(14, 4, 72821).
cost(14, 5, 798982).
cost(14, 6, 407663).
cost(14, 7, 755393).
cost(14, 8, 348703).
cost(14, 9, 444695).
cost(14, 10, 232500).
cost(14, 11, 196448).
cost(14, 12, 361279).
cost(14, 13, 423939).
cost(14, 15, 598728).
cost(15, 1, 163647).
cost(15, 2, 832928).
cost(15, 3, 531711).
cost(15, 4, 526790).
cost(15, 5, 367833).
cost(15, 6, 294858).
cost(15, 7, 271755).
cost(15, 8, 362223).
cost(15, 9, 773045).
cost(15, 10, 373627).
cost(15, 11, 443982).
cost(15, 12, 538880).
cost(15, 13, 272437).
cost(15, 14, 598728).
nocross(1,8).
nocross(1,13).
nocross(2,12).
nocross(3,2).
nocross(3,13).
nocross(4,8).
nocross(4,9).
nocross(4,13).
nocross(4,14).
nocross(5,2).
nocross(5,4).
nocross(5,13).
nocross(6,4).
nocross(6,13).
nocross(6,15).
nocross(7,1).
nocross(7,13).
nocross(7,15).
nocross(8,1).
nocross(8,13).
nocross(8,14).
nocross(10,1).
nocross(10,13).
nocross(11,8).
nocross(11,9).
nocross(11,13).
nocross(11,15).
nocross(12,6).
nocross(12,11).
nocross(12,13).
nocross(12,14).
nocross(13,1).
nocross(13,8).
nocross(14,8).
nocross(14,9).
nocross(14,13).
nocross(15,8).
nocross(15,13).
