dimension(15).
point(1, 576044.0, 772956.0).
point(2, 993592.0, 603857.0).
point(3, 809179.0, 172023.0).
point(4, 853183.0, 972765.0).
point(5, 625315.0, 423071.0).
point(6, 636498.0, 592998.0).
point(7, 525593.0, 97328.0).
point(8, 741938.0, 848949.0).
point(9, 877545.0, 870524.0).
point(10, 693108.0, 971295.0).
point(11, 755722.0, 250916.0).
point(12, 564283.0, 796019.0).
point(13, 440998.0, 219859.0).
point(14, 401337.0, 392184.0).
point(15, 221967.0, 798210.0).
cost(1, 2, 450490).
cost(1, 3, 644571).
cost(1, 4, 341657).
cost(1, 5, 353337).
cost(1, 6, 189841).
cost(1, 7, 677509).
cost(1, 8, 182471).
cost(1, 9, 316895).
cost(1, 10, 230309).
cost(1, 11, 552096).
cost(1, 12, 25889).
cost(1, 13, 569345).
cost(1, 14, 418939).
cost(1, 15, 354976).
cost(2, 1, 450490).
cost(2, 3, 469562).
cost(2, 4, 394725).
cost(2, 5, 410258).
cost(2, 6, 357259).
cost(2, 7, 689634).
cost(2, 8, 351283).
cost(2, 9, 290823).
cost(2, 10, 474659).
cost(2, 11, 425617).
cost(2, 12, 470354).
cost(2, 13, 672915).
cost(2, 14, 628945).
cost(2, 15, 795725).
cost(3, 1, 644571).
cost(3, 2, 469562).
cost(3, 4, 801950).
cost(3, 5, 311177).
cost(3, 6, 455015).
cost(3, 7, 293258).
cost(3, 8, 680257).
cost(3, 9, 701839).
cost(3, 10, 807656).
cost(3, 11, 95298).
cost(3, 12, 670332).
cost(3, 13, 371276).
cost(3, 14, 463472).
cost(3, 15, 858445).
cost(4, 1, 341657).
cost(4, 2, 394725).
cost(4, 3, 801950).
cost(4, 5, 595052).
cost(4, 6, 437236).
cost(4, 7, 934722).
cost(4, 8, 166451).
cost(4, 9, 105103).
cost(4, 10, 160082).
cost(4, 11, 728399).
cost(4, 12, 338677).
cost(4, 13, 858350).
cost(4, 14, 735690).
cost(4, 15, 654907).
cost(5, 1, 353337).
cost(5, 2, 410258).
cost(5, 3, 311177).
cost(5, 4, 595052).
cost(5, 6, 170295).
cost(5, 7, 340665).
cost(5, 8, 441557).
cost(5, 9, 513648).
cost(5, 10, 552400).
cost(5, 11, 215971).
cost(5, 12, 377909).
cost(5, 13, 274350).
cost(5, 14, 226098).
cost(5, 15, 550835).
cost(6, 1, 189841).
cost(6, 2, 357259).
cost(6, 3, 455015).
cost(6, 4, 437236).
cost(6, 5, 170295).
cost(6, 7, 507926).
cost(6, 8, 276819).
cost(6, 9, 367593).
cost(6, 10, 382509).
cost(6, 11, 362263).
cost(6, 12, 215482).
cost(6, 13, 421252).
cost(6, 14, 309236).
cost(6, 15, 462545).
cost(7, 1, 677509).
cost(7, 2, 689634).
cost(7, 3, 293258).
cost(7, 4, 934722).
cost(7, 5, 340665).
cost(7, 6, 507926).
cost(7, 8, 782138).
cost(7, 9, 849531).
cost(7, 10, 889876).
cost(7, 11, 276674).
cost(7, 12, 699761).
cost(7, 13, 148896).
cost(7, 14, 319968).
cost(7, 15, 763822).
cost(8, 1, 182471).
cost(8, 2, 351283).
cost(8, 3, 680257).
cost(8, 4, 166451).
cost(8, 5, 441557).
cost(8, 6, 276819).
cost(8, 7, 782138).
cost(8, 9, 137313).
cost(8, 10, 131730).
cost(8, 11, 598192).
cost(8, 12, 185372).
cost(8, 13, 697366).
cost(8, 14, 569775).
cost(8, 15, 522441).
cost(9, 1, 316895).
cost(9, 2, 290823).
cost(9, 3, 701839).
cost(9, 4, 105103).
cost(9, 5, 513648).
cost(9, 6, 367593).
cost(9, 7, 849531).
cost(9, 8, 137313).
cost(9, 10, 210171).
cost(9, 11, 631470).
cost(9, 12, 322000).
cost(9, 13, 783542).
cost(9, 14, 674969).
cost(9, 15, 659554).
cost(10, 1, 230309).
cost(10, 2, 474659).
cost(10, 3, 807656).
cost(10, 4, 160082).
cost(10, 5, 552400).
cost(10, 6, 382509).
cost(10, 7, 889876).
cost(10, 8, 131730).
cost(10, 9, 210171).
cost(10, 11, 723095).
cost(10, 12, 217526).
cost(10, 13, 792600).
cost(10, 14, 648460).
cost(10, 15, 501929).
cost(11, 1, 552096).
cost(11, 2, 425617).
cost(11, 3, 95298).
cost(11, 4, 728399).
cost(11, 5, 215971).
cost(11, 6, 362263).
cost(11, 7, 276674).
cost(11, 8, 598192).
cost(11, 9, 631470).
cost(11, 10, 723095).
cost(11, 12, 577742).
cost(11, 13, 316253).
cost(11, 14, 381504).
cost(11, 15, 764477).
cost(12, 1, 25889).
cost(12, 2, 470354).
cost(12, 3, 670332).
cost(12, 4, 338677).
cost(12, 5, 377909).
cost(12, 6, 215482).
cost(12, 7, 699761).
cost(12, 8, 185372).
cost(12, 9, 322000).
cost(12, 10, 217526).
cost(12, 11, 577742).
cost(12, 13, 589202).
cost(12, 14, 435470).
cost(12, 15, 342323).
cost(13, 1, 569345).
cost(13, 2, 672915).
cost(13, 3, 371276).
cost(13, 4, 858350).
cost(13, 5, 274350).
cost(13, 6, 421252).
cost(13, 7, 148896).
cost(13, 8, 697366).
cost(13, 9, 783542).
cost(13, 10, 792600).
cost(13, 11, 316253).
cost(13, 12, 589202).
cost(13, 14, 176830).
cost(13, 15, 618437).
cost(14, 1, 418939).
cost(14, 2, 628945).
cost(14, 3, 463472).
cost(14, 4, 735690).
cost(14, 5, 226098).
cost(14, 6, 309236).
cost(14, 7, 319968).
cost(14, 8, 569775).
cost(14, 9, 674969).
cost(14, 10, 648460).
cost(14, 11, 381504).
cost(14, 12, 435470).
cost(14, 13, 176830).
cost(14, 15, 443881).
cost(15, 1, 354976).
cost(15, 2, 795725).
cost(15, 3, 858445).
cost(15, 4, 654907).
cost(15, 5, 550835).
cost(15, 6, 462545).
cost(15, 7, 763822).
cost(15, 8, 522441).
cost(15, 9, 659554).
cost(15, 10, 501929).
cost(15, 11, 764477).
cost(15, 12, 342323).
cost(15, 13, 618437).
cost(15, 14, 443881).
nocross(1,2).
nocross(1,6).
nocross(1,8).
nocross(1,12).
nocross(1,14).
nocross(2,1).
nocross(2,5).
nocross(2,6).
nocross(2,9).
nocross(2,11).
nocross(4,1).
nocross(5,2).
nocross(5,14).
nocross(6,13).
nocross(6,14).
nocross(7,6).
nocross(7,11).
nocross(7,14).
nocross(8,1).
nocross(8,6).
nocross(9,1).
nocross(10,1).
nocross(10,9).
nocross(11,5).
nocross(11,13).
nocross(11,14).
nocross(12,1).
nocross(12,6).
nocross(12,14).
nocross(13,6).
nocross(13,11).
nocross(13,14).
nocross(14,5).
nocross(14,6).
nocross(14,13).
nocross(15,6).
nocross(15,13).
nocross(15,14).
