dimension(22).
point(1, 965308.0, 72460.0).
point(2, 550318.0, 64518.0).
point(3, 18452.0, 925821.0).
point(4, 435648.0, 69089.0).
point(5, 272838.0, 722612.0).
point(6, 543771.0, 222308.0).
point(7, 93038.0, 247166.0).
point(8, 346075.0, 761537.0).
point(9, 508910.0, 893411.0).
point(10, 845526.0, 948080.0).
point(11, 635982.0, 84904.0).
point(12, 411875.0, 202216.0).
point(13, 739250.0, 428960.0).
point(14, 916426.0, 832239.0).
point(15, 219138.0, 823400.0).
point(16, 625833.0, 655598.0).
point(17, 459991.0, 607948.0).
point(18, 695825.0, 16556.0).
point(19, 513399.0, 764052.0).
point(20, 242191.0, 121018.0).
point(21, 129443.0, 700445.0).
point(22, 408173.0, 905081.0).
cost(1, 2, 415066).
cost(1, 3, 1274661).
cost(1, 4, 529671).
cost(1, 5, 949849).
cost(1, 6, 447379).
cost(1, 7, 889594).
cost(1, 8, 926432).
cost(1, 9, 939287).
cost(1, 10, 883775).
cost(1, 11, 329561).
cost(1, 12, 568441).
cost(1, 13, 422131).
cost(1, 14, 761350).
cost(1, 15, 1058622).
cost(1, 16, 674754).
cost(1, 17, 736269).
cost(1, 18, 275221).
cost(1, 19, 826148).
cost(1, 20, 724746).
cost(1, 21, 1045483).
cost(1, 22, 1001827).
cost(2, 1, 415066).
cost(2, 3, 1012287).
cost(2, 4, 114761).
cost(2, 5, 714201).
cost(2, 6, 157926).
cost(2, 7, 492408).
cost(2, 8, 726327).
cost(2, 9, 829927).
cost(2, 10, 931574).
cost(2, 11, 88056).
cost(2, 12, 195262).
cost(2, 13, 410504).
cost(2, 14, 850547).
cost(2, 15, 827999).
cost(2, 16, 595884).
cost(2, 17, 550886).
cost(2, 18, 153208).
cost(2, 19, 700508).
cost(2, 20, 313264).
cost(2, 21, 762587).
cost(2, 22, 852497).
cost(3, 1, 1274661).
cost(3, 2, 1012287).
cost(3, 4, 952912).
cost(3, 5, 325586).
cost(3, 6, 878004).
cost(3, 7, 682741).
cost(3, 8, 366505).
cost(3, 9, 491528).
cost(3, 10, 827373).
cost(3, 11, 1043305).
cost(3, 12, 823642).
cost(3, 13, 875455).
cost(3, 14, 902837).
cost(3, 15, 225311).
cost(3, 16, 664780).
cost(3, 17, 544059).
cost(3, 18, 1133842).
cost(3, 19, 520713).
cost(3, 20, 835324).
cost(3, 21, 251224).
cost(3, 22, 390272).
cost(4, 1, 529671).
cost(4, 2, 114761).
cost(4, 3, 952912).
cost(4, 5, 673498).
cost(4, 6, 187528).
cost(4, 7, 386126).
cost(4, 8, 698217).
cost(4, 9, 827571).
cost(4, 10, 969858).
cost(4, 11, 200957).
cost(4, 12, 135233).
cost(4, 13, 470830).
cost(4, 14, 901968).
cost(4, 15, 784769).
cost(4, 16, 616574).
cost(4, 17, 539409).
cost(4, 18, 265428).
cost(4, 19, 699299).
cost(4, 20, 200305).
cost(4, 21, 701692).
cost(4, 22, 836443).
cost(5, 1, 949849).
cost(5, 2, 714201).
cost(5, 3, 325586).
cost(5, 4, 673498).
cost(5, 6, 568954).
cost(5, 7, 508308).
cost(5, 8, 82939).
cost(5, 9, 291380).
cost(5, 10, 615473).
cost(5, 11, 733856).
cost(5, 12, 538650).
cost(5, 13, 551155).
cost(5, 14, 652858).
cost(5, 15, 114201).
cost(5, 16, 359300).
cost(5, 17, 219486).
cost(5, 18, 823063).
cost(5, 19, 244104).
cost(5, 20, 602374).
cost(5, 21, 145098).
cost(5, 22, 227179).
cost(6, 1, 447379).
cost(6, 2, 157926).
cost(6, 3, 878004).
cost(6, 4, 187528).
cost(6, 5, 568954).
cost(6, 7, 451418).
cost(6, 8, 574327).
cost(6, 9, 672008).
cost(6, 10, 786003).
cost(6, 11, 165477).
cost(6, 12, 133418).
cost(6, 13, 284459).
cost(6, 14, 714764).
cost(6, 15, 683153).
cost(6, 16, 440993).
cost(6, 17, 394636).
cost(6, 18, 255840).
cost(6, 19, 542595).
cost(6, 20, 318135).
cost(6, 21, 632679).
cost(6, 22, 696108).
cost(7, 1, 889594).
cost(7, 2, 492408).
cost(7, 3, 682741).
cost(7, 4, 386126).
cost(7, 5, 508308).
cost(7, 6, 451418).
cost(7, 8, 573241).
cost(7, 9, 768493).
cost(7, 10, 1028357).
cost(7, 11, 566672).
cost(7, 12, 321990).
cost(7, 13, 671297).
cost(7, 14, 1010088).
cost(7, 15, 589870).
cost(7, 16, 671332).
cost(7, 17, 514605).
cost(7, 18, 645394).
cost(7, 19, 666239).
cost(7, 20, 195346).
cost(7, 21, 454739).
cost(7, 22, 729494).
cost(8, 1, 926432).
cost(8, 2, 726327).
cost(8, 3, 366505).
cost(8, 4, 698217).
cost(8, 5, 82939).
cost(8, 6, 574327).
cost(8, 7, 573241).
cost(8, 9, 209538).
cost(8, 10, 533151).
cost(8, 11, 736124).
cost(8, 12, 563178).
cost(8, 13, 514970).
cost(8, 14, 574716).
cost(8, 15, 141209).
cost(8, 16, 299145).
cost(8, 17, 191224).
cost(8, 18, 822996).
cost(8, 19, 167343).
cost(8, 20, 648889).
cost(8, 21, 225081).
cost(8, 22, 156400).
cost(9, 1, 939287).
cost(9, 2, 829927).
cost(9, 3, 491528).
cost(9, 4, 827571).
cost(9, 5, 291380).
cost(9, 6, 672008).
cost(9, 7, 768493).
cost(9, 8, 209538).
cost(9, 10, 341026).
cost(9, 11, 818432).
cost(9, 12, 697973).
cost(9, 13, 518432).
cost(9, 14, 412082).
cost(9, 15, 298110).
cost(9, 16, 265002).
cost(9, 17, 289624).
cost(9, 18, 896556).
cost(9, 19, 129437).
cost(9, 20, 817147).
cost(9, 21, 425712).
cost(9, 22, 101411).
cost(10, 1, 883775).
cost(10, 2, 931574).
cost(10, 3, 827373).
cost(10, 4, 969858).
cost(10, 5, 615473).
cost(10, 6, 786003).
cost(10, 7, 1028357).
cost(10, 8, 533151).
cost(10, 9, 341026).
cost(10, 11, 888246).
cost(10, 12, 862767).
cost(10, 13, 529887).
cost(10, 14, 135816).
cost(10, 15, 638676).
cost(10, 16, 365801).
cost(10, 17, 514127).
cost(10, 18, 943476).
cost(10, 19, 379703).
cost(10, 20, 1023741).
cost(10, 21, 757693).
cost(10, 22, 439462).
cost(11, 1, 329561).
cost(11, 2, 88056).
cost(11, 3, 1043305).
cost(11, 4, 200957).
cost(11, 5, 733856).
cost(11, 6, 165477).
cost(11, 7, 566672).
cost(11, 8, 736124).
cost(11, 9, 818432).
cost(11, 10, 888246).
cost(11, 12, 252955).
cost(11, 13, 359220).
cost(11, 14, 798222).
cost(11, 15, 848018).
cost(11, 16, 570784).
cost(11, 17, 551859).
cost(11, 18, 90844).
cost(11, 19, 690122).
cost(11, 20, 395444).
cost(11, 21, 797165).
cost(11, 22, 851227).
cost(12, 1, 568441).
cost(12, 2, 195262).
cost(12, 3, 823642).
cost(12, 4, 135233).
cost(12, 5, 538650).
cost(12, 6, 133418).
cost(12, 7, 321990).
cost(12, 8, 563178).
cost(12, 9, 697973).
cost(12, 10, 862767).
cost(12, 11, 252955).
cost(12, 13, 398230).
cost(12, 14, 807156).
cost(12, 15, 650398).
cost(12, 16, 501331).
cost(12, 17, 408575).
cost(12, 18, 339260).
cost(12, 19, 570935).
cost(12, 20, 188111).
cost(12, 21, 572713).
cost(12, 22, 702875).
cost(13, 1, 422131).
cost(13, 2, 410504).
cost(13, 3, 875455).
cost(13, 4, 470830).
cost(13, 5, 551155).
cost(13, 6, 284459).
cost(13, 7, 671297).
cost(13, 8, 514970).
cost(13, 9, 518432).
cost(13, 10, 529887).
cost(13, 11, 359220).
cost(13, 12, 398230).
cost(13, 14, 440483).
cost(13, 15, 652763).
cost(13, 16, 253433).
cost(13, 17, 331696).
cost(13, 18, 414684).
cost(13, 19, 404098).
cost(13, 20, 584719).
cost(13, 21, 667509).
cost(13, 22, 579917).
cost(14, 1, 761350).
cost(14, 2, 850547).
cost(14, 3, 902837).
cost(14, 4, 901968).
cost(14, 5, 652858).
cost(14, 6, 714764).
cost(14, 7, 1010088).
cost(14, 8, 574716).
cost(14, 9, 412082).
cost(14, 10, 135816).
cost(14, 11, 798222).
cost(14, 12, 807156).
cost(14, 13, 440483).
cost(14, 15, 697344).
cost(14, 16, 340068).
cost(14, 17, 508566).
cost(14, 18, 844987).
cost(14, 19, 408754).
cost(14, 20, 980014).
cost(14, 21, 797942).
cost(14, 22, 513446).
cost(15, 1, 1058622).
cost(15, 2, 827999).
cost(15, 3, 225311).
cost(15, 4, 784769).
cost(15, 5, 114201).
cost(15, 6, 683153).
cost(15, 7, 589870).
cost(15, 8, 141209).
cost(15, 9, 298110).
cost(15, 10, 638676).
cost(15, 11, 848018).
cost(15, 12, 650398).
cost(15, 13, 652763).
cost(15, 14, 697344).
cost(15, 16, 439953).
cost(15, 17, 323156).
cost(15, 18, 937138).
cost(15, 19, 300186).
cost(15, 20, 702760).
cost(15, 21, 152194).
cost(15, 22, 205927).
cost(16, 1, 674754).
cost(16, 2, 595884).
cost(16, 3, 664780).
cost(16, 4, 616574).
cost(16, 5, 359300).
cost(16, 6, 440993).
cost(16, 7, 671332).
cost(16, 8, 299145).
cost(16, 9, 265002).
cost(16, 10, 365801).
cost(16, 11, 570784).
cost(16, 12, 501331).
cost(16, 13, 253433).
cost(16, 14, 340068).
cost(16, 15, 439953).
cost(16, 17, 172552).
cost(16, 18, 642864).
cost(16, 19, 156217).
cost(16, 20, 657995).
cost(16, 21, 498412).
cost(16, 22, 331086).
cost(17, 1, 736269).
cost(17, 2, 550886).
cost(17, 3, 544059).
cost(17, 4, 539409).
cost(17, 5, 219486).
cost(17, 6, 394636).
cost(17, 7, 514605).
cost(17, 8, 191224).
cost(17, 9, 289624).
cost(17, 10, 514127).
cost(17, 11, 551859).
cost(17, 12, 408575).
cost(17, 13, 331696).
cost(17, 14, 508566).
cost(17, 15, 323156).
cost(17, 16, 172552).
cost(17, 18, 636681).
cost(17, 19, 164987).
cost(17, 20, 533421).
cost(17, 21, 343246).
cost(17, 22, 301618).
cost(18, 1, 275221).
cost(18, 2, 153208).
cost(18, 3, 1133842).
cost(18, 4, 265428).
cost(18, 5, 823063).
cost(18, 6, 255840).
cost(18, 7, 645394).
cost(18, 8, 822996).
cost(18, 9, 896556).
cost(18, 10, 943476).
cost(18, 11, 90844).
cost(18, 12, 339260).
cost(18, 13, 414684).
cost(18, 14, 844987).
cost(18, 15, 937138).
cost(18, 16, 642864).
cost(18, 17, 636681).
cost(18, 19, 769435).
cost(18, 20, 465506).
cost(18, 21, 887971).
cost(18, 22, 933927).
cost(19, 1, 826148).
cost(19, 2, 700508).
cost(19, 3, 520713).
cost(19, 4, 699299).
cost(19, 5, 244104).
cost(19, 6, 542595).
cost(19, 7, 666239).
cost(19, 8, 167343).
cost(19, 9, 129437).
cost(19, 10, 379703).
cost(19, 11, 690122).
cost(19, 12, 570935).
cost(19, 13, 404098).
cost(19, 14, 408754).
cost(19, 15, 300186).
cost(19, 16, 156217).
cost(19, 17, 164987).
cost(19, 18, 769435).
cost(19, 20, 697887).
cost(19, 21, 389189).
cost(19, 22, 175959).
cost(20, 1, 724746).
cost(20, 2, 313264).
cost(20, 3, 835324).
cost(20, 4, 200305).
cost(20, 5, 602374).
cost(20, 6, 318135).
cost(20, 7, 195346).
cost(20, 8, 648889).
cost(20, 9, 817147).
cost(20, 10, 1023741).
cost(20, 11, 395444).
cost(20, 12, 188111).
cost(20, 13, 584719).
cost(20, 14, 980014).
cost(20, 15, 702760).
cost(20, 16, 657995).
cost(20, 17, 533421).
cost(20, 18, 465506).
cost(20, 19, 697887).
cost(20, 21, 590295).
cost(20, 22, 801439).
cost(21, 1, 1045483).
cost(21, 2, 762587).
cost(21, 3, 251224).
cost(21, 4, 701692).
cost(21, 5, 145098).
cost(21, 6, 632679).
cost(21, 7, 454739).
cost(21, 8, 225081).
cost(21, 9, 425712).
cost(21, 10, 757693).
cost(21, 11, 797165).
cost(21, 12, 572713).
cost(21, 13, 667509).
cost(21, 14, 797942).
cost(21, 15, 152194).
cost(21, 16, 498412).
cost(21, 17, 343246).
cost(21, 18, 887971).
cost(21, 19, 389189).
cost(21, 20, 590295).
cost(21, 22, 345784).
cost(22, 1, 1001827).
cost(22, 2, 852497).
cost(22, 3, 390272).
cost(22, 4, 836443).
cost(22, 5, 227179).
cost(22, 6, 696108).
cost(22, 7, 729494).
cost(22, 8, 156400).
cost(22, 9, 101411).
cost(22, 10, 439462).
cost(22, 11, 851227).
cost(22, 12, 702875).
cost(22, 13, 579917).
cost(22, 14, 513446).
cost(22, 15, 205927).
cost(22, 16, 331086).
cost(22, 17, 301618).
cost(22, 18, 933927).
cost(22, 19, 175959).
cost(22, 20, 801439).
cost(22, 21, 345784).
