dimension(22).
point(1, 938467.0, 321219.0).
point(2, 442133.0, 716170.0).
point(3, 41633.0, 310317.0).
point(4, 891809.0, 809899.0).
point(5, 391645.0, 971465.0).
point(6, 311953.0, 795581.0).
point(7, 511651.0, 121761.0).
point(8, 356417.0, 43005.0).
point(9, 87322.0, 450629.0).
point(10, 226570.0, 890043.0).
point(11, 336632.0, 169872.0).
point(12, 30854.0, 717706.0).
point(13, 984880.0, 451712.0).
point(14, 204148.0, 932377.0).
point(15, 212064.0, 886373.0).
point(16, 559893.0, 964345.0).
point(17, 462024.0, 255533.0).
point(18, 503858.0, 554950.0).
point(19, 186179.0, 933038.0).
point(20, 462407.0, 589302.0).
point(21, 254395.0, 533516.0).
point(22, 193695.0, 162042.0).
cost(1, 2, 634298).
cost(1, 3, 896900).
cost(1, 4, 490902).
cost(1, 5, 849608).
cost(1, 6, 785837).
cost(1, 7, 471121).
cost(1, 8, 645124).
cost(1, 9, 860927).
cost(1, 10, 911240).
cost(1, 11, 620573).
cost(1, 12, 990436).
cost(1, 13, 138501).
cost(1, 14, 955373).
cost(1, 15, 920359).
cost(1, 16, 746277).
cost(1, 17, 480950).
cost(1, 18, 493473).
cost(1, 19, 969670).
cost(1, 20, 546353).
cost(1, 21, 716257).
cost(1, 22, 761592).
cost(2, 1, 634298).
cost(2, 3, 570190).
cost(2, 4, 459340).
cost(2, 5, 260239).
cost(2, 6, 152489).
cost(2, 7, 598460).
cost(2, 8, 678600).
cost(2, 9, 443174).
cost(2, 10, 276946).
cost(2, 11, 556392).
cost(2, 12, 411282).
cost(2, 13, 603749).
cost(2, 14, 321531).
cost(2, 15, 286183).
cost(2, 16, 274697).
cost(2, 17, 461066).
cost(2, 18, 172632).
cost(2, 19, 335476).
cost(2, 20, 128478).
cost(2, 21, 261931).
cost(2, 22, 607272).
cost(3, 1, 896900).
cost(3, 2, 570190).
cost(3, 4, 986094).
cost(3, 5, 748081).
cost(3, 6, 555476).
cost(3, 7, 506429).
cost(3, 8, 412971).
cost(3, 9, 147563).
cost(3, 10, 608510).
cost(3, 11, 326725).
cost(3, 12, 407532).
cost(3, 13, 953786).
cost(3, 14, 642938).
cost(3, 15, 600739).
cost(3, 16, 834474).
cost(3, 17, 423946).
cost(3, 18, 522970).
cost(3, 19, 639277).
cost(3, 20, 504860).
cost(3, 21, 308359).
cost(3, 22, 212387).
cost(4, 1, 490902).
cost(4, 2, 459340).
cost(4, 3, 986094).
cost(4, 5, 525612).
cost(4, 6, 580033).
cost(4, 7, 786164).
cost(4, 8, 935292).
cost(4, 9, 881064).
cost(4, 10, 670049).
cost(4, 11, 847264).
cost(4, 12, 865877).
cost(4, 13, 370081).
cost(4, 14, 698483).
cost(4, 15, 684033).
cost(4, 16, 366090).
cost(4, 17, 701453).
cost(4, 18, 464225).
cost(4, 19, 716294).
cost(4, 20, 482752).
cost(4, 21, 694755).
cost(4, 22, 952408).
cost(5, 1, 849608).
cost(5, 2, 260239).
cost(5, 3, 748081).
cost(5, 4, 525612).
cost(5, 6, 193096).
cost(5, 7, 858137).
cost(5, 8, 929128).
cost(5, 9, 603227).
cost(5, 10, 184063).
cost(5, 11, 803479).
cost(5, 12, 441094).
cost(5, 13, 788715).
cost(5, 14, 191528).
cost(5, 15, 198721).
cost(5, 16, 168399).
cost(5, 17, 719383).
cost(5, 18, 431366).
cost(5, 19, 209028).
cost(5, 20, 388659).
cost(5, 21, 458952).
cost(5, 22, 833277).
cost(6, 1, 785837).
cost(6, 2, 152489).
cost(6, 3, 555476).
cost(6, 4, 580033).
cost(6, 5, 193096).
cost(6, 7, 702789).
cost(6, 8, 753888).
cost(6, 9, 411644).
cost(6, 10, 127332).
cost(6, 11, 626196).
cost(6, 12, 291687).
cost(6, 13, 755696).
cost(6, 14, 174170).
cost(6, 15, 134985).
cost(6, 16, 299926).
cost(6, 17, 560512).
cost(6, 18, 307784).
cost(6, 19, 186316).
cost(6, 20, 255318).
cost(6, 21, 268311).
cost(6, 22, 644482).
cost(7, 1, 471121).
cost(7, 2, 598460).
cost(7, 3, 506429).
cost(7, 4, 786164).
cost(7, 5, 858137).
cost(7, 6, 702789).
cost(7, 8, 174069).
cost(7, 9, 536851).
cost(7, 10, 819468).
cost(7, 11, 181511).
cost(7, 12, 765713).
cost(7, 13, 576900).
cost(7, 14, 866981).
cost(7, 15, 821209).
cost(7, 16, 843964).
cost(7, 17, 142681).
cost(7, 18, 433259).
cost(7, 19, 874130).
cost(7, 20, 470127).
cost(7, 21, 485513).
cost(7, 22, 320497).
cost(8, 1, 645124).
cost(8, 2, 678600).
cost(8, 3, 412971).
cost(8, 4, 935292).
cost(8, 5, 929128).
cost(8, 6, 753888).
cost(8, 7, 174069).
cost(8, 9, 488436).
cost(8, 10, 856933).
cost(8, 11, 128400).
cost(8, 12, 749141).
cost(8, 13, 749671).
cost(8, 14, 902313).
cost(8, 15, 855633).
cost(8, 16, 943541).
cost(8, 17, 237320).
cost(8, 18, 532754).
cost(8, 19, 906168).
cost(8, 20, 556484).
cost(8, 21, 501009).
cost(8, 22, 201614).
cost(9, 1, 860927).
cost(9, 2, 443174).
cost(9, 3, 147563).
cost(9, 4, 881064).
cost(9, 5, 603227).
cost(9, 6, 411644).
cost(9, 7, 536851).
cost(9, 8, 488436).
cost(9, 10, 460950).
cost(9, 11, 375473).
cost(9, 12, 272981).
cost(9, 13, 897559).
cost(9, 14, 495711).
cost(9, 15, 453248).
cost(9, 16, 698017).
cost(9, 17, 422450).
cost(9, 18, 429401).
cost(9, 19, 492434).
cost(9, 20, 399899).
cost(9, 21, 186504).
cost(9, 22, 307567).
cost(10, 1, 911240).
cost(10, 2, 276946).
cost(10, 3, 608510).
cost(10, 4, 670049).
cost(10, 5, 184063).
cost(10, 6, 127332).
cost(10, 7, 819468).
cost(10, 8, 856933).
cost(10, 9, 460950).
cost(10, 11, 728533).
cost(10, 12, 260777).
cost(10, 13, 875881).
cost(10, 14, 47905).
cost(10, 15, 14963).
cost(10, 16, 341504).
cost(10, 17, 676788).
cost(10, 18, 434944).
cost(10, 19, 58992).
cost(10, 20, 382184).
cost(10, 21, 357611).
cost(10, 22, 728743).
cost(11, 1, 620573).
cost(11, 2, 556392).
cost(11, 3, 326725).
cost(11, 4, 847264).
cost(11, 5, 803479).
cost(11, 6, 626196).
cost(11, 7, 181511).
cost(11, 8, 128400).
cost(11, 9, 375473).
cost(11, 10, 728533).
cost(11, 12, 627393).
cost(11, 13, 706866).
cost(11, 14, 773929).
cost(11, 15, 727249).
cost(11, 16, 825247).
cost(11, 17, 151858).
cost(11, 18, 419821).
cost(11, 19, 777855).
cost(11, 20, 437882).
cost(11, 21, 372827).
cost(11, 22, 143151).
cost(12, 1, 990436).
cost(12, 2, 411282).
cost(12, 3, 407532).
cost(12, 4, 865877).
cost(12, 5, 441094).
cost(12, 6, 291687).
cost(12, 7, 765713).
cost(12, 8, 749141).
cost(12, 9, 272981).
cost(12, 10, 260777).
cost(12, 11, 627393).
cost(12, 13, 990413).
cost(12, 14, 275888).
cost(12, 15, 247559).
cost(12, 16, 583706).
cost(12, 17, 632069).
cost(12, 18, 500222).
cost(12, 19, 265507).
cost(12, 20, 450251).
cost(12, 21, 289649).
cost(12, 22, 579033).
cost(13, 1, 138501).
cost(13, 2, 603749).
cost(13, 3, 953786).
cost(13, 4, 370081).
cost(13, 5, 788715).
cost(13, 6, 755696).
cost(13, 7, 576900).
cost(13, 8, 749671).
cost(13, 9, 897559).
cost(13, 10, 875881).
cost(13, 11, 706866).
cost(13, 12, 990413).
cost(13, 14, 916832).
cost(13, 15, 886665).
cost(13, 16, 665888).
cost(13, 17, 558448).
cost(13, 18, 491976).
cost(13, 19, 932522).
cost(13, 20, 540286).
cost(13, 21, 735051).
cost(13, 22, 842545).
cost(14, 1, 955373).
cost(14, 2, 321531).
cost(14, 3, 642938).
cost(14, 4, 698483).
cost(14, 5, 191528).
cost(14, 6, 174170).
cost(14, 7, 866981).
cost(14, 8, 902313).
cost(14, 9, 495711).
cost(14, 10, 47905).
cost(14, 11, 773929).
cost(14, 12, 275888).
cost(14, 13, 916832).
cost(14, 15, 46680).
cost(14, 16, 357178).
cost(14, 17, 724305).
cost(14, 18, 481951).
cost(14, 19, 17981).
cost(14, 20, 429416).
cost(14, 21, 402014).
cost(14, 22, 770406).
cost(15, 1, 920359).
cost(15, 2, 286183).
cost(15, 3, 600739).
cost(15, 4, 684033).
cost(15, 5, 198721).
cost(15, 6, 134985).
cost(15, 7, 821209).
cost(15, 8, 855633).
cost(15, 9, 453248).
cost(15, 10, 14963).
cost(15, 11, 727249).
cost(15, 12, 247559).
cost(15, 13, 886665).
cost(15, 14, 46680).
cost(15, 16, 356461).
cost(15, 17, 678557).
cost(15, 18, 441571).
cost(15, 19, 53363).
cost(15, 20, 388488).
cost(15, 21, 355387).
cost(15, 22, 724564).
cost(16, 1, 746277).
cost(16, 2, 274697).
cost(16, 3, 834474).
cost(16, 4, 366090).
cost(16, 5, 168399).
cost(16, 6, 299926).
cost(16, 7, 843964).
cost(16, 8, 943541).
cost(16, 9, 698017).
cost(16, 10, 341504).
cost(16, 11, 825247).
cost(16, 12, 583706).
cost(16, 13, 665888).
cost(16, 14, 357178).
cost(16, 15, 356461).
cost(16, 17, 715537).
cost(16, 18, 413212).
cost(16, 19, 375023).
cost(16, 20, 387506).
cost(16, 21, 528150).
cost(16, 22, 881925).
cost(17, 1, 480950).
cost(17, 2, 461066).
cost(17, 3, 423946).
cost(17, 4, 701453).
cost(17, 5, 719383).
cost(17, 6, 560512).
cost(17, 7, 142681).
cost(17, 8, 237320).
cost(17, 9, 422450).
cost(17, 10, 676788).
cost(17, 11, 151858).
cost(17, 12, 632069).
cost(17, 13, 558448).
cost(17, 14, 724305).
cost(17, 15, 678557).
cost(17, 16, 715537).
cost(17, 18, 302325).
cost(17, 19, 731508).
cost(17, 20, 333769).
cost(17, 21, 346964).
cost(17, 22, 284150).
cost(18, 1, 493473).
cost(18, 2, 172632).
cost(18, 3, 522970).
cost(18, 4, 464225).
cost(18, 5, 431366).
cost(18, 6, 307784).
cost(18, 7, 433259).
cost(18, 8, 532754).
cost(18, 9, 429401).
cost(18, 10, 434944).
cost(18, 11, 419821).
cost(18, 12, 500222).
cost(18, 13, 491976).
cost(18, 14, 481951).
cost(18, 15, 441571).
cost(18, 16, 413212).
cost(18, 17, 302325).
cost(18, 19, 493832).
cost(18, 20, 53835).
cost(18, 21, 250382).
cost(18, 22, 500577).
cost(19, 1, 969670).
cost(19, 2, 335476).
cost(19, 3, 639277).
cost(19, 4, 716294).
cost(19, 5, 209028).
cost(19, 6, 186316).
cost(19, 7, 874130).
cost(19, 8, 906168).
cost(19, 9, 492434).
cost(19, 10, 58992).
cost(19, 11, 777855).
cost(19, 12, 265507).
cost(19, 13, 932522).
cost(19, 14, 17981).
cost(19, 15, 53363).
cost(19, 16, 375023).
cost(19, 17, 731508).
cost(19, 18, 493832).
cost(19, 20, 440972).
cost(19, 21, 405304).
cost(19, 22, 771033).
cost(20, 1, 546353).
cost(20, 2, 128478).
cost(20, 3, 504860).
cost(20, 4, 482752).
cost(20, 5, 388659).
cost(20, 6, 255318).
cost(20, 7, 470127).
cost(20, 8, 556484).
cost(20, 9, 399899).
cost(20, 10, 382184).
cost(20, 11, 437882).
cost(20, 12, 450251).
cost(20, 13, 540286).
cost(20, 14, 429416).
cost(20, 15, 388488).
cost(20, 16, 387506).
cost(20, 17, 333769).
cost(20, 18, 53835).
cost(20, 19, 440972).
cost(20, 21, 215363).
cost(20, 22, 504735).
cost(21, 1, 716257).
cost(21, 2, 261931).
cost(21, 3, 308359).
cost(21, 4, 694755).
cost(21, 5, 458952).
cost(21, 6, 268311).
cost(21, 7, 485513).
cost(21, 8, 501009).
cost(21, 9, 186504).
cost(21, 10, 357611).
cost(21, 11, 372827).
cost(21, 12, 289649).
cost(21, 13, 735051).
cost(21, 14, 402014).
cost(21, 15, 355387).
cost(21, 16, 528150).
cost(21, 17, 346964).
cost(21, 18, 250382).
cost(21, 19, 405304).
cost(21, 20, 215363).
cost(21, 22, 376401).
cost(22, 1, 761592).
cost(22, 2, 607272).
cost(22, 3, 212387).
cost(22, 4, 952408).
cost(22, 5, 833277).
cost(22, 6, 644482).
cost(22, 7, 320497).
cost(22, 8, 201614).
cost(22, 9, 307567).
cost(22, 10, 728743).
cost(22, 11, 143151).
cost(22, 12, 579033).
cost(22, 13, 842545).
cost(22, 14, 770406).
cost(22, 15, 724564).
cost(22, 16, 881925).
cost(22, 17, 284150).
cost(22, 18, 500577).
cost(22, 19, 771033).
cost(22, 20, 504735).
cost(22, 21, 376401).
