dimension(16).
point(1, 646519.0, 346591.0).
point(2, 274588.0, 120675.0).
point(3, 634679.0, 494968.0).
point(4, 954961.0, 487656.0).
point(5, 656003.0, 496809.0).
point(6, 381498.0, 823599.0).
point(7, 86067.0, 259382.0).
point(8, 153315.0, 358564.0).
point(9, 613798.0, 183463.0).
point(10, 112257.0, 407454.0).
point(11, 426437.0, 44382.0).
point(12, 145160.0, 163059.0).
point(13, 511191.0, 44887.0).
point(14, 817831.0, 102336.0).
point(15, 714186.0, 867481.0).
point(16, 79675.0, 871721.0).
cost(1, 2, 435167).
cost(1, 3, 148849).
cost(1, 4, 339169).
cost(1, 5, 150517).
cost(1, 6, 545686).
cost(1, 7, 567196).
cost(1, 8, 493349).
cost(1, 9, 166377).
cost(1, 10, 537718).
cost(1, 11, 373853).
cost(1, 12, 533896).
cost(1, 13, 330664).
cost(1, 14, 298343).
cost(1, 15, 525267).
cost(1, 16, 772705).
cost(2, 1, 435167).
cost(2, 3, 519385).
cost(2, 4, 773035).
cost(2, 5, 535681).
cost(2, 6, 711008).
cost(2, 7, 234051).
cost(2, 8, 267017).
cost(2, 9, 344972).
cost(2, 10, 329535).
cost(2, 11, 169937).
cost(2, 12, 136191).
cost(2, 13, 248445).
cost(2, 14, 543552).
cost(2, 15, 866583).
cost(2, 16, 775926).
cost(3, 1, 148849).
cost(3, 2, 519385).
cost(3, 4, 320365).
cost(3, 5, 21403).
cost(3, 6, 414848).
cost(3, 7, 597056).
cost(3, 8, 500317).
cost(3, 9, 312204).
cost(3, 10, 529701).
cost(3, 11, 496379).
cost(3, 12, 591433).
cost(3, 13, 466714).
cost(3, 14, 433249).
cost(3, 15, 380903).
cost(3, 16, 670800).
cost(4, 1, 339169).
cost(4, 2, 773035).
cost(4, 3, 320365).
cost(4, 5, 299098).
cost(4, 6, 664618).
cost(4, 7, 898380).
cost(4, 8, 811974).
cost(4, 9, 457084).
cost(4, 10, 846512).
cost(4, 11, 689804).
cost(4, 12, 872434).
cost(4, 13, 626878).
cost(4, 14, 408994).
cost(4, 15, 449711).
cost(4, 16, 955841).
cost(5, 1, 150517).
cost(5, 2, 535681).
cost(5, 3, 21403).
cost(5, 4, 299098).
cost(5, 6, 426784).
cost(5, 7, 617413).
cost(5, 8, 521351).
cost(5, 9, 316176).
cost(5, 10, 551039).
cost(5, 11, 507337).
cost(5, 12, 610205).
cost(5, 13, 474557).
cost(5, 14, 426377).
cost(5, 15, 375211).
cost(5, 16, 687541).
cost(6, 1, 545686).
cost(6, 2, 711008).
cost(6, 3, 414848).
cost(6, 4, 664618).
cost(6, 5, 426784).
cost(6, 7, 636883).
cost(6, 8, 518001).
cost(6, 9, 680983).
cost(6, 10, 495648).
cost(6, 11, 780512).
cost(6, 12, 701547).
cost(6, 13, 789438).
cost(6, 14, 842975).
cost(6, 15, 335570).
cost(6, 16, 305635).
cost(7, 1, 567196).
cost(7, 2, 234051).
cost(7, 3, 597056).
cost(7, 4, 898380).
cost(7, 5, 617413).
cost(7, 6, 636883).
cost(7, 8, 119831).
cost(7, 9, 533164).
cost(7, 10, 150370).
cost(7, 11, 402588).
cost(7, 12, 113005).
cost(7, 13, 476171).
cost(7, 14, 748426).
cost(7, 15, 874253).
cost(7, 16, 612372).
cost(8, 1, 493349).
cost(8, 2, 267017).
cost(8, 3, 500317).
cost(8, 4, 811974).
cost(8, 5, 521351).
cost(8, 6, 518001).
cost(8, 7, 119831).
cost(8, 9, 492651).
cost(8, 10, 63843).
cost(8, 11, 416300).
cost(8, 12, 195675).
cost(8, 13, 475887).
cost(8, 14, 712204).
cost(8, 15, 757346).
cost(8, 16, 518414).
cost(9, 1, 166377).
cost(9, 2, 344972).
cost(9, 3, 312204).
cost(9, 4, 457084).
cost(9, 5, 316176).
cost(9, 6, 680983).
cost(9, 7, 533164).
cost(9, 8, 492651).
cost(9, 10, 549286).
cost(9, 11, 233340).
cost(9, 12, 469082).
cost(9, 13, 172428).
cost(9, 14, 219570).
cost(9, 15, 691345).
cost(9, 16, 871198).
cost(10, 1, 537718).
cost(10, 2, 329535).
cost(10, 3, 529701).
cost(10, 4, 846512).
cost(10, 5, 551039).
cost(10, 6, 495648).
cost(10, 7, 150370).
cost(10, 8, 63843).
cost(10, 9, 549286).
cost(10, 11, 480136).
cost(10, 12, 246600).
cost(10, 13, 539076).
cost(10, 14, 768721).
cost(10, 15, 757590).
cost(10, 16, 465409).
cost(11, 1, 373853).
cost(11, 2, 169937).
cost(11, 3, 496379).
cost(11, 4, 689804).
cost(11, 5, 507337).
cost(11, 6, 780512).
cost(11, 7, 402588).
cost(11, 8, 416300).
cost(11, 9, 233340).
cost(11, 10, 480136).
cost(11, 12, 305288).
cost(11, 13, 84756).
cost(11, 14, 395661).
cost(11, 15, 871947).
cost(11, 16, 897070).
cost(12, 1, 533896).
cost(12, 2, 136191).
cost(12, 3, 591433).
cost(12, 4, 872434).
cost(12, 5, 610205).
cost(12, 6, 701547).
cost(12, 7, 113005).
cost(12, 8, 195675).
cost(12, 9, 469082).
cost(12, 10, 246600).
cost(12, 11, 305288).
cost(12, 13, 384634).
cost(12, 14, 675406).
cost(12, 15, 905539).
cost(12, 16, 711681).
cost(13, 1, 330664).
cost(13, 2, 248445).
cost(13, 3, 466714).
cost(13, 4, 626878).
cost(13, 5, 474557).
cost(13, 6, 789438).
cost(13, 7, 476171).
cost(13, 8, 475887).
cost(13, 9, 172428).
cost(13, 10, 539076).
cost(13, 11, 84756).
cost(13, 12, 384634).
cost(13, 14, 311975).
cost(13, 15, 847271).
cost(13, 16, 932663).
cost(14, 1, 298343).
cost(14, 2, 543552).
cost(14, 3, 433249).
cost(14, 4, 408994).
cost(14, 5, 426377).
cost(14, 6, 842975).
cost(14, 7, 748426).
cost(14, 8, 712204).
cost(14, 9, 219570).
cost(14, 10, 768721).
cost(14, 11, 395661).
cost(14, 12, 675406).
cost(14, 13, 311975).
cost(14, 15, 772133).
cost(14, 16, 1066221).
cost(15, 1, 525267).
cost(15, 2, 866583).
cost(15, 3, 380903).
cost(15, 4, 449711).
cost(15, 5, 375211).
cost(15, 6, 335570).
cost(15, 7, 874253).
cost(15, 8, 757346).
cost(15, 9, 691345).
cost(15, 10, 757590).
cost(15, 11, 871947).
cost(15, 12, 905539).
cost(15, 13, 847271).
cost(15, 14, 772133).
cost(15, 16, 634525).
cost(16, 1, 772705).
cost(16, 2, 775926).
cost(16, 3, 670800).
cost(16, 4, 955841).
cost(16, 5, 687541).
cost(16, 6, 305635).
cost(16, 7, 612372).
cost(16, 8, 518414).
cost(16, 9, 871198).
cost(16, 10, 465409).
cost(16, 11, 897070).
cost(16, 12, 711681).
cost(16, 13, 932663).
cost(16, 14, 1066221).
cost(16, 15, 634525).
nocross(1,3).
nocross(1,5).
nocross(1,11).
nocross(1,13).
nocross(2,3).
nocross(2,8).
nocross(2,11).
nocross(2,12).
nocross(2,13).
nocross(3,1).
nocross(4,1).
nocross(4,3).
nocross(4,5).
nocross(4,14).
nocross(4,15).
nocross(5,1).
nocross(6,3).
nocross(6,10).
nocross(7,1).
nocross(7,3).
nocross(7,10).
nocross(7,12).
nocross(8,1).
nocross(8,3).
nocross(8,7).
nocross(8,10).
nocross(9,1).
nocross(9,3).
nocross(9,5).
nocross(9,13).
nocross(10,1).
nocross(10,3).
nocross(10,5).
nocross(10,7).
nocross(10,8).
nocross(11,1).
nocross(11,2).
nocross(11,3).
nocross(11,13).
nocross(12,1).
nocross(12,2).
nocross(12,3).
nocross(12,8).
nocross(12,10).
nocross(13,1).
nocross(13,3).
nocross(13,9).
nocross(13,11).
nocross(13,14).
nocross(14,1).
nocross(14,9).
nocross(14,11).
nocross(14,13).
nocross(15,4).
nocross(15,5).
nocross(15,6).
nocross(16,10).
