dimension(26).
point(1, 48385.0, -295684.0).
point(2, -91980.0, 15135.0).
point(3, 160657.0, -445312.0).
point(4, 69747.0, -167751.0).
point(5, -158031.0, -97311.0).
point(6, -100558.0, -194598.0).
point(7, 5091.0, 25218.0).
point(8, 149866.0, -191306.0).
point(9, 137496.0, -250651.0).
point(10, 89994.0, 174729.0).
point(11, 303664.0, 325205.0).
point(12, 5117.0, 13703.0).
point(13, -297633.0, -187616.0).
point(14, -176712.0, -50204.0).
point(15, 159705.0, -89956.0).
point(16, -169861.0, -111870.0).
point(17, 230662.0, -108933.0).
point(18, -169673.0, -96203.0).
point(19, -10113.0, -226767.0).
point(20, -292668.0, 171454.0).
point(21, 32281.0, 46628.0).
point(22, 112483.0, 198761.0).
point(23, -76402.0, -342946.0).
point(24, 368498.0, 104236.0).
point(25, -180427.0, -307811.0).
point(26, -118200.0, -178935.0).
cost(1, 2, 341044).
cost(1, 3, 187066).
cost(1, 4, 129704).
cost(1, 5, 286286).
cost(1, 6, 180007).
cost(1, 7, 323809).
cost(1, 8, 145579).
cost(1, 9, 99844).
cost(1, 10, 472250).
cost(1, 11, 671320).
cost(1, 12, 312398).
cost(1, 13, 362501).
cost(1, 14, 333060).
cost(1, 15, 233915).
cost(1, 16, 285340).
cost(1, 17, 260961).
cost(1, 18, 295537).
cost(1, 19, 90397).
cost(1, 20, 578390).
cost(1, 21, 342691).
cost(1, 22, 498582).
cost(1, 23, 133437).
cost(1, 24, 512258).
cost(1, 25, 229133).
cost(1, 26, 203423).
cost(2, 1, 341044).
cost(2, 3, 525202).
cost(2, 4, 244137).
cost(2, 5, 130410).
cost(2, 6, 209908).
cost(2, 7, 97593).
cost(2, 8, 317974).
cost(2, 9, 351143).
cost(2, 10, 242043).
cost(2, 11, 502670).
cost(2, 12, 97108).
cost(2, 13, 288793).
cost(2, 14, 106999).
cost(2, 15, 272744).
cost(2, 16, 148982).
cost(2, 17, 345674).
cost(2, 18, 135766).
cost(2, 19, 255380).
cost(2, 20, 254384).
cost(2, 21, 128190).
cost(2, 22, 274816).
cost(2, 23, 358420).
cost(2, 24, 469019).
cost(2, 25, 334839).
cost(2, 26, 195833).
cost(3, 1, 187066).
cost(3, 2, 525202).
cost(3, 4, 292070).
cost(3, 5, 471876).
cost(3, 6, 362065).
cost(3, 7, 495580).
cost(3, 8, 254235).
cost(3, 9, 196034).
cost(3, 10, 624055).
cost(3, 11, 783676).
cost(3, 12, 484652).
cost(3, 13, 525773).
cost(3, 14, 519546).
cost(3, 15, 355357).
cost(3, 16, 469495).
cost(3, 17, 343586).
cost(3, 18, 480619).
cost(3, 19, 277352).
cost(3, 20, 765444).
cost(3, 21, 508415).
cost(3, 22, 645872).
cost(3, 23, 258217).
cost(3, 24, 587538).
cost(3, 25, 367756).
cost(3, 26, 385640).
cost(4, 1, 129704).
cost(4, 2, 244137).
cost(4, 3, 292070).
cost(4, 5, 238421).
cost(4, 6, 172408).
cost(4, 7, 203513).
cost(4, 8, 83510).
cost(4, 9, 107062).
cost(4, 10, 343078).
cost(4, 11, 545640).
cost(4, 12, 192620).
cost(4, 13, 367917).
cost(4, 14, 273056).
cost(4, 15, 118931).
cost(4, 16, 246038).
cost(4, 17, 171328).
cost(4, 18, 249882).
cost(4, 19, 99300).
cost(4, 20, 496392).
cost(4, 21, 217628).
cost(4, 22, 368995).
cost(4, 23, 228151).
cost(4, 24, 404016).
cost(4, 25, 286712).
cost(4, 26, 188279).
cost(5, 1, 286286).
cost(5, 2, 130410).
cost(5, 3, 471876).
cost(5, 4, 238421).
cost(5, 6, 112995).
cost(5, 7, 204015).
cost(5, 8, 321925).
cost(5, 9, 332940).
cost(5, 10, 368133).
cost(5, 11, 625845).
cost(5, 12, 197336).
cost(5, 13, 166264).
cost(5, 14, 50676).
cost(5, 15, 317821).
cost(5, 16, 18759).
cost(5, 17, 388867).
cost(5, 18, 11695).
cost(5, 19, 196567).
cost(5, 20, 300602).
cost(5, 21, 238615).
cost(5, 22, 401044).
cost(5, 23, 258843).
cost(5, 24, 563785).
cost(5, 25, 211688).
cost(5, 26, 90824).
cost(6, 1, 180007).
cost(6, 2, 209908).
cost(6, 3, 362065).
cost(6, 4, 172408).
cost(6, 5, 112995).
cost(6, 7, 243887).
cost(6, 8, 250446).
cost(6, 9, 244564).
cost(6, 10, 415587).
cost(6, 11, 658476).
cost(6, 12, 233573).
cost(6, 13, 197199).
cost(6, 14, 163245).
cost(6, 15, 280512).
cost(6, 16, 107920).
cost(6, 17, 342119).
cost(6, 18, 120243).
cost(6, 19, 95996).
cost(6, 20, 413401).
cost(6, 21, 275384).
cost(6, 22, 447345).
cost(6, 23, 150302).
cost(6, 24, 556161).
cost(6, 25, 138550).
cost(6, 26, 23592).
cost(7, 1, 323809).
cost(7, 2, 97593).
cost(7, 3, 495580).
cost(7, 4, 203513).
cost(7, 5, 204015).
cost(7, 6, 243887).
cost(7, 8, 260466).
cost(7, 9, 305998).
cost(7, 10, 171936).
cost(7, 11, 423247).
cost(7, 12, 11515).
cost(7, 13, 370054).
cost(7, 14, 196827).
cost(7, 15, 192797).
cost(7, 16, 222264).
cost(7, 17, 262448).
cost(7, 18, 212804).
cost(7, 19, 252443).
cost(7, 20, 331731).
cost(7, 21, 34608).
cost(7, 22, 204084).
cost(7, 23, 377075).
cost(7, 24, 371898).
cost(7, 25, 381215).
cost(7, 26, 238493).
cost(8, 1, 145579).
cost(8, 2, 317974).
cost(8, 3, 254235).
cost(8, 4, 83510).
cost(8, 5, 321925).
cost(8, 6, 250446).
cost(8, 7, 260466).
cost(8, 9, 60621).
cost(8, 10, 370899).
cost(8, 11, 538922).
cost(8, 12, 250960).
cost(8, 13, 447514).
cost(8, 14, 355757).
cost(8, 15, 101826).
cost(8, 16, 329447).
cost(8, 17, 115383).
cost(8, 18, 333391).
cost(8, 19, 163862).
cost(8, 20, 572216).
cost(8, 21, 265403).
cost(8, 22, 391854).
cost(8, 23, 272382).
cost(8, 24, 367621).
cost(8, 25, 350238).
cost(8, 26, 268351).
cost(9, 1, 99844).
cost(9, 2, 351143).
cost(9, 3, 196034).
cost(9, 4, 107062).
cost(9, 5, 332940).
cost(9, 6, 244564).
cost(9, 7, 305998).
cost(9, 8, 60621).
cost(9, 10, 428024).
cost(9, 11, 599351).
cost(9, 12, 295647).
cost(9, 13, 439671).
cost(9, 14, 372701).
cost(9, 15, 162222).
cost(9, 16, 337237).
cost(9, 17, 169599).
cost(9, 18, 343812).
cost(9, 19, 149529).
cost(9, 20, 602672).
cost(9, 21, 315349).
cost(9, 22, 450108).
cost(9, 23, 232961).
cost(9, 24, 423446).
cost(9, 25, 323021).
cost(9, 26, 265563).
cost(10, 1, 472250).
cost(10, 2, 242043).
cost(10, 3, 624055).
cost(10, 4, 343078).
cost(10, 5, 368133).
cost(10, 6, 415587).
cost(10, 7, 171936).
cost(10, 8, 370899).
cost(10, 9, 428024).
cost(10, 11, 261339).
cost(10, 12, 182026).
cost(10, 13, 530612).
cost(10, 14, 348894).
cost(10, 15, 273711).
cost(10, 16, 386864).
cost(10, 17, 316625).
cost(10, 18, 375275).
cost(10, 19, 413788).
cost(10, 20, 382676).
cost(10, 21, 140501).
cost(10, 22, 32913).
cost(10, 23, 543760).
cost(10, 24, 287287).
cost(10, 25, 553148).
cost(10, 26, 410394).
cost(11, 1, 671320).
cost(11, 2, 502670).
cost(11, 3, 783676).
cost(11, 4, 545640).
cost(11, 5, 625845).
cost(11, 6, 658476).
cost(11, 7, 423247).
cost(11, 8, 538922).
cost(11, 9, 599351).
cost(11, 10, 261339).
cost(11, 12, 431467).
cost(11, 13, 790281).
cost(11, 14, 609666).
cost(11, 15, 439412).
cost(11, 16, 644407).
cost(11, 17, 440233).
cost(11, 18, 633745).
cost(11, 19, 634924).
cost(11, 20, 615834).
cost(11, 21, 388914).
cost(11, 22, 229212).
cost(11, 23, 768685).
cost(11, 24, 230284).
cost(11, 25, 796902).
cost(11, 26, 657363).
cost(12, 1, 312398).
cost(12, 2, 97108).
cost(12, 3, 484652).
cost(12, 4, 192620).
cost(12, 5, 197336).
cost(12, 6, 233573).
cost(12, 7, 11515).
cost(12, 8, 250960).
cost(12, 9, 295647).
cost(12, 10, 182026).
cost(12, 11, 431467).
cost(12, 13, 363575).
cost(12, 14, 192733).
cost(12, 15, 186125).
cost(12, 16, 215374).
cost(12, 17, 256730).
cost(12, 18, 206472).
cost(12, 19, 240952).
cost(12, 20, 336989).
cost(12, 21, 42684).
cost(12, 22, 213948).
cost(12, 23, 365847).
cost(12, 24, 374489).
cost(12, 25, 371211).
cost(12, 26, 228728).
cost(13, 1, 362501).
cost(13, 2, 288793).
cost(13, 3, 525773).
cost(13, 4, 367917).
cost(13, 5, 166264).
cost(13, 6, 197199).
cost(13, 7, 370054).
cost(13, 8, 447514).
cost(13, 9, 439671).
cost(13, 10, 530612).
cost(13, 11, 790281).
cost(13, 12, 363575).
cost(13, 14, 183041).
cost(13, 15, 467649).
cost(13, 16, 148537).
cost(13, 17, 534122).
cost(13, 18, 157258).
cost(13, 19, 290173).
cost(13, 20, 359104).
cost(13, 21, 404615).
cost(13, 22, 563456).
cost(13, 23, 270316).
cost(13, 24, 727261).
cost(13, 25, 167881).
cost(13, 26, 179643).
cost(14, 1, 333060).
cost(14, 2, 106999).
cost(14, 3, 519546).
cost(14, 4, 273056).
cost(14, 5, 50676).
cost(14, 6, 163245).
cost(14, 7, 196827).
cost(14, 8, 355757).
cost(14, 9, 372701).
cost(14, 10, 348894).
cost(14, 11, 609666).
cost(14, 12, 192733).
cost(14, 13, 183041).
cost(14, 15, 338757).
cost(14, 16, 62045).
cost(14, 17, 411586).
cost(14, 18, 46534).
cost(14, 19, 242754).
cost(14, 20, 250156).
cost(14, 21, 230336).
cost(14, 22, 381598).
cost(14, 23, 309451).
cost(14, 24, 566662).
cost(14, 25, 257634).
cost(14, 26, 141405).
cost(15, 1, 233915).
cost(15, 2, 272744).
cost(15, 3, 355357).
cost(15, 4, 118931).
cost(15, 5, 317821).
cost(15, 6, 280512).
cost(15, 7, 192797).
cost(15, 8, 101826).
cost(15, 9, 162222).
cost(15, 10, 273711).
cost(15, 11, 439412).
cost(15, 12, 186125).
cost(15, 13, 467649).
cost(15, 14, 338757).
cost(15, 16, 330294).
cost(15, 17, 73451).
cost(15, 18, 329437).
cost(15, 19, 218072).
cost(15, 20, 522472).
cost(15, 21, 186794).
cost(15, 22, 292553).
cost(15, 23, 346050).
cost(15, 24, 285140).
cost(15, 25, 403919).
cost(15, 26, 291802).
cost(16, 1, 285340).
cost(16, 2, 148982).
cost(16, 3, 469495).
cost(16, 4, 246038).
cost(16, 5, 18759).
cost(16, 6, 107920).
cost(16, 7, 222264).
cost(16, 8, 329447).
cost(16, 9, 337237).
cost(16, 10, 386864).
cost(16, 11, 644407).
cost(16, 12, 215374).
cost(16, 13, 148537).
cost(16, 14, 62045).
cost(16, 15, 330294).
cost(16, 17, 400534).
cost(16, 18, 15668).
cost(16, 19, 196776).
cost(16, 20, 308795).
cost(16, 21, 256872).
cost(16, 22, 419773).
cost(16, 23, 249260).
cost(16, 24, 580114).
cost(16, 25, 196226).
cost(16, 26, 84656).
cost(17, 1, 260961).
cost(17, 2, 345674).
cost(17, 3, 343586).
cost(17, 4, 171328).
cost(17, 5, 388867).
cost(17, 6, 342119).
cost(17, 7, 262448).
cost(17, 8, 115383).
cost(17, 9, 169599).
cost(17, 10, 316625).
cost(17, 11, 440233).
cost(17, 12, 256730).
cost(17, 13, 534122).
cost(17, 14, 411586).
cost(17, 15, 73451).
cost(17, 16, 400534).
cost(17, 18, 400537).
cost(17, 19, 268062).
cost(17, 20, 593710).
cost(17, 21, 252100).
cost(17, 22, 329609).
cost(17, 23, 386070).
cost(17, 24, 253850).
cost(17, 25, 456669).
cost(17, 26, 355816).
cost(18, 1, 295537).
cost(18, 2, 135766).
cost(18, 3, 480619).
cost(18, 4, 249882).
cost(18, 5, 11695).
cost(18, 6, 120243).
cost(18, 7, 212804).
cost(18, 8, 333391).
cost(18, 9, 343812).
cost(18, 10, 375275).
cost(18, 11, 633745).
cost(18, 12, 206472).
cost(18, 13, 157258).
cost(18, 14, 46534).
cost(18, 15, 329437).
cost(18, 16, 15668).
cost(18, 17, 400537).
cost(18, 19, 206171).
cost(18, 20, 294564).
cost(18, 21, 247358).
cost(18, 22, 408186).
cost(18, 23, 263783).
cost(18, 24, 574285).
cost(18, 25, 211881).
cost(18, 26, 97437).
cost(19, 1, 90397).
cost(19, 2, 255380).
cost(19, 3, 277352).
cost(19, 4, 99300).
cost(19, 5, 196567).
cost(19, 6, 95996).
cost(19, 7, 252443).
cost(19, 8, 163862).
cost(19, 9, 149529).
cost(19, 10, 413788).
cost(19, 11, 634924).
cost(19, 12, 240952).
cost(19, 13, 290173).
cost(19, 14, 242754).
cost(19, 15, 218072).
cost(19, 16, 196776).
cost(19, 17, 268062).
cost(19, 18, 206171).
cost(19, 20, 488280).
cost(19, 21, 276662).
cost(19, 22, 442836).
cost(19, 23, 133760).
cost(19, 24, 502901).
cost(19, 25, 188613).
cost(19, 26, 118198).
cost(20, 1, 578390).
cost(20, 2, 254384).
cost(20, 3, 765444).
cost(20, 4, 496392).
cost(20, 5, 300602).
cost(20, 6, 413401).
cost(20, 7, 331731).
cost(20, 8, 572216).
cost(20, 9, 602672).
cost(20, 10, 382676).
cost(20, 11, 615834).
cost(20, 12, 336989).
cost(20, 13, 359104).
cost(20, 14, 250156).
cost(20, 15, 522472).
cost(20, 16, 308795).
cost(20, 17, 593710).
cost(20, 18, 294564).
cost(20, 19, 488280).
cost(20, 21, 348100).
cost(20, 22, 406070).
cost(20, 23, 558013).
cost(20, 24, 664574).
cost(20, 25, 492233).
cost(20, 26, 391422).
cost(21, 1, 342691).
cost(21, 2, 128190).
cost(21, 3, 508415).
cost(21, 4, 217628).
cost(21, 5, 238615).
cost(21, 6, 275384).
cost(21, 7, 34608).
cost(21, 8, 265403).
cost(21, 9, 315349).
cost(21, 10, 140501).
cost(21, 11, 388914).
cost(21, 12, 42684).
cost(21, 13, 404615).
cost(21, 14, 230336).
cost(21, 15, 186794).
cost(21, 16, 256872).
cost(21, 17, 252100).
cost(21, 18, 247358).
cost(21, 19, 276662).
cost(21, 20, 348100).
cost(21, 22, 171979).
cost(21, 23, 404450).
cost(21, 24, 341117).
cost(21, 25, 413366).
cost(21, 26, 271152).
cost(22, 1, 498582).
cost(22, 2, 274816).
cost(22, 3, 645872).
cost(22, 4, 368995).
cost(22, 5, 401044).
cost(22, 6, 447345).
cost(22, 7, 204084).
cost(22, 8, 391854).
cost(22, 9, 450108).
cost(22, 10, 32913).
cost(22, 11, 229212).
cost(22, 12, 213948).
cost(22, 13, 563456).
cost(22, 14, 381598).
cost(22, 15, 292553).
cost(22, 16, 419773).
cost(22, 17, 329609).
cost(22, 18, 408186).
cost(22, 19, 442836).
cost(22, 20, 406070).
cost(22, 21, 171979).
cost(22, 23, 573693).
cost(22, 24, 272908).
cost(22, 25, 585159).
cost(22, 26, 442571).
cost(23, 1, 133437).
cost(23, 2, 358420).
cost(23, 3, 258217).
cost(23, 4, 228151).
cost(23, 5, 258843).
cost(23, 6, 150302).
cost(23, 7, 377075).
cost(23, 8, 272382).
cost(23, 9, 232961).
cost(23, 10, 543760).
cost(23, 11, 768685).
cost(23, 12, 365847).
cost(23, 13, 270316).
cost(23, 14, 309451).
cost(23, 15, 346050).
cost(23, 16, 249260).
cost(23, 17, 386070).
cost(23, 18, 263783).
cost(23, 19, 133760).
cost(23, 20, 558013).
cost(23, 21, 404450).
cost(23, 22, 573693).
cost(23, 24, 630799).
cost(23, 25, 109798).
cost(23, 26, 169253).
cost(24, 1, 512258).
cost(24, 2, 469019).
cost(24, 3, 587538).
cost(24, 4, 404016).
cost(24, 5, 563785).
cost(24, 6, 556161).
cost(24, 7, 371898).
cost(24, 8, 367621).
cost(24, 9, 423446).
cost(24, 10, 287287).
cost(24, 11, 230284).
cost(24, 12, 374489).
cost(24, 13, 727261).
cost(24, 14, 566662).
cost(24, 15, 285140).
cost(24, 16, 580114).
cost(24, 17, 253850).
cost(24, 18, 574285).
cost(24, 19, 502901).
cost(24, 20, 664574).
cost(24, 21, 341117).
cost(24, 22, 272908).
cost(24, 23, 630799).
cost(24, 25, 686368).
cost(24, 26, 563081).
cost(25, 1, 229133).
cost(25, 2, 334839).
cost(25, 3, 367756).
cost(25, 4, 286712).
cost(25, 5, 211688).
cost(25, 6, 138550).
cost(25, 7, 381215).
cost(25, 8, 350238).
cost(25, 9, 323021).
cost(25, 10, 553148).
cost(25, 11, 796902).
cost(25, 12, 371211).
cost(25, 13, 167881).
cost(25, 14, 257634).
cost(25, 15, 403919).
cost(25, 16, 196226).
cost(25, 17, 456669).
cost(25, 18, 211881).
cost(25, 19, 188613).
cost(25, 20, 492233).
cost(25, 21, 413366).
cost(25, 22, 585159).
cost(25, 23, 109798).
cost(25, 24, 686368).
cost(25, 26, 143113).
cost(26, 1, 203423).
cost(26, 2, 195833).
cost(26, 3, 385640).
cost(26, 4, 188279).
cost(26, 5, 90824).
cost(26, 6, 23592).
cost(26, 7, 238493).
cost(26, 8, 268351).
cost(26, 9, 265563).
cost(26, 10, 410394).
cost(26, 11, 657363).
cost(26, 12, 228728).
cost(26, 13, 179643).
cost(26, 14, 141405).
cost(26, 15, 291802).
cost(26, 16, 84656).
cost(26, 17, 355816).
cost(26, 18, 97437).
cost(26, 19, 118198).
cost(26, 20, 391422).
cost(26, 21, 271152).
cost(26, 22, 442571).
cost(26, 23, 169253).
cost(26, 24, 563081).
cost(26, 25, 143113).
