dimension(26).
point(1, 171551.0, -127958.0).
point(2, -159561.0, 50200.0).
point(3, 202768.0, -161755.0).
point(4, 103859.0, 205268.0).
point(5, -99312.0, 50231.0).
point(6, 108248.0, 892768.0).
point(7, 196276.0, 160562.0).
point(8, -203863.0, -127147.0).
point(9, 248223.0, -173790.0).
point(10, -88950.0, -229020.0).
point(11, 51090.0, -61063.0).
point(12, -99364.0, -80503.0).
point(13, -113619.0, 50768.0).
point(14, -272183.0, -119201.0).
point(15, -136008.0, -80028.0).
point(16, 56936.0, -107948.0).
point(17, 242915.0, 234027.0).
point(18, 35843.0, -147406.0).
point(19, 26629.0, 57947.0).
point(20, -167726.0, 422980.0).
point(21, -168995.0, -223512.0).
point(22, -373279.0, 248907.0).
point(23, -261105.0, 98581.0).
point(24, -47662.0, -150914.0).
point(25, -364226.0, 140660.0).
point(26, 183108.0, -153027.0).
cost(1, 2, 375999).
cost(1, 3, 46008).
cost(1, 4, 340032).
cost(1, 5, 324219).
cost(1, 6, 1022687).
cost(1, 7, 289577).
cost(1, 8, 375415).
cost(1, 9, 89326).
cost(1, 10, 279418).
cost(1, 11, 137789).
cost(1, 12, 275040).
cost(1, 13, 336549).
cost(1, 14, 443820).
cost(1, 15, 311271).
cost(1, 16, 116349).
cost(1, 17, 368953).
cost(1, 18, 137094).
cost(1, 19, 235718).
cost(1, 20, 647025).
cost(1, 21, 353698).
cost(1, 22, 662470).
cost(1, 23, 488376).
cost(1, 24, 220412).
cost(1, 25, 599343).
cost(1, 26, 27605).
cost(2, 1, 375999).
cost(2, 3, 419770).
cost(2, 4, 305673).
cost(2, 5, 60249).
cost(2, 6, 884105).
cost(2, 7, 372558).
cost(2, 8, 182797).
cost(2, 9, 465252).
cost(2, 10, 288010).
cost(2, 11, 238230).
cost(2, 12, 143899).
cost(2, 13, 45946).
cost(2, 14, 203422).
cost(2, 15, 132341).
cost(2, 16, 268108).
cost(2, 17, 442470).
cost(2, 18, 277904).
cost(2, 19, 186351).
cost(2, 20, 372869).
cost(2, 21, 273875).
cost(2, 22, 291822).
cost(2, 23, 112481).
cost(2, 24, 230148).
cost(2, 25, 223765).
cost(2, 26, 398401).
cost(3, 1, 46008).
cost(3, 2, 419770).
cost(3, 4, 380117).
cost(3, 5, 369040).
cost(3, 6, 1058751).
cost(3, 7, 322382).
cost(3, 8, 408101).
cost(3, 9, 47021).
cost(3, 10, 299373).
cost(3, 11, 182058).
cost(3, 12, 312867).
cost(3, 13, 381139).
cost(3, 14, 476854).
cost(3, 15, 348495).
cost(3, 16, 155442).
cost(3, 17, 397813).
cost(3, 18, 167541).
cost(3, 19, 281592).
cost(3, 20, 692229).
cost(3, 21, 376858).
cost(3, 22, 707441).
cost(3, 23, 531933).
cost(3, 24, 250665).
cost(3, 25, 642602).
cost(3, 26, 21510).
cost(4, 1, 340032).
cost(4, 2, 305673).
cost(4, 3, 380117).
cost(4, 5, 255568).
cost(4, 6, 687514).
cost(4, 7, 102662).
cost(4, 8, 452982).
cost(4, 9, 405618).
cost(4, 10, 475165).
cost(4, 11, 271508).
cost(4, 12, 350663).
cost(4, 13, 266771).
cost(4, 14, 496677).
cost(4, 15, 372733).
cost(4, 16, 316711).
cost(4, 17, 141999).
cost(4, 18, 359173).
cost(4, 19, 166337).
cost(4, 20, 348076).
cost(4, 21, 508234).
cost(4, 22, 479129).
cost(4, 23, 380238).
cost(4, 24, 387071).
cost(4, 25, 472523).
cost(4, 26, 366955).
cost(5, 1, 324219).
cost(5, 2, 60249).
cost(5, 3, 369040).
cost(5, 4, 255568).
cost(5, 6, 867727).
cost(5, 7, 315508).
cost(5, 8, 205898).
cost(5, 9, 413480).
cost(5, 10, 279443).
cost(5, 11, 187102).
cost(5, 12, 130734).
cost(5, 13, 14317).
cost(5, 14, 242057).
cost(5, 15, 135329).
cost(5, 16, 222338).
cost(5, 17, 388459).
cost(5, 18, 239431).
cost(5, 19, 126177).
cost(5, 20, 378975).
cost(5, 21, 282473).
cost(5, 22, 338423).
cost(5, 23, 168863).
cost(5, 24, 207670).
cost(5, 25, 279923).
cost(5, 26, 347958).
cost(6, 1, 1022687).
cost(6, 2, 884105).
cost(6, 3, 1058751).
cost(6, 4, 687514).
cost(6, 5, 867727).
cost(6, 7, 737479).
cost(6, 8, 1066602).
cost(6, 9, 1075704).
cost(6, 10, 1138989).
cost(6, 11, 955542).
cost(6, 12, 995168).
cost(6, 13, 870740).
cost(6, 14, 1081115).
cost(6, 15, 1002992).
cost(6, 16, 1002031).
cost(6, 17, 672365).
cost(6, 18, 1042691).
cost(6, 19, 838801).
cost(6, 20, 544851).
cost(6, 21, 1150193).
cost(6, 22, 804006).
cost(6, 23, 875874).
cost(6, 24, 1055263).
cost(6, 25, 888199).
cost(6, 26, 1048471).
cost(7, 1, 289577).
cost(7, 2, 372558).
cost(7, 3, 322382).
cost(7, 4, 102662).
cost(7, 5, 315508).
cost(7, 6, 737479).
cost(7, 8, 492836).
cost(7, 9, 338363).
cost(7, 10, 482833).
cost(7, 11, 264946).
cost(7, 12, 381465).
cost(7, 13, 328770).
cost(7, 14, 545638).
cost(7, 15, 410239).
cost(7, 16, 302512).
cost(7, 17, 87019).
cost(7, 18, 347251).
cost(7, 19, 198267).
cost(7, 20, 448732).
cost(7, 21, 530034).
cost(7, 22, 576366).
cost(7, 23, 461562).
cost(7, 24, 395630).
cost(7, 25, 560855).
cost(7, 26, 313865).
cost(8, 1, 375415).
cost(8, 2, 182797).
cost(8, 3, 408101).
cost(8, 4, 452982).
cost(8, 5, 205898).
cost(8, 6, 1066602).
cost(8, 7, 492836).
cost(8, 9, 454486).
cost(8, 10, 153568).
cost(8, 11, 263378).
cost(8, 12, 114436).
cost(8, 13, 199494).
cost(8, 14, 68781).
cost(8, 15, 82611).
cost(8, 16, 261505).
cost(8, 17, 574506).
cost(8, 18, 240561).
cost(8, 19, 295612).
cost(8, 20, 551313).
cost(8, 21, 102479).
cost(8, 22, 412454).
cost(8, 23, 232873).
cost(8, 24, 157999).
cost(8, 25, 312149).
cost(8, 26, 387835).
cost(9, 1, 89326).
cost(9, 2, 465252).
cost(9, 3, 47021).
cost(9, 4, 405618).
cost(9, 5, 413480).
cost(9, 6, 1075704).
cost(9, 7, 338363).
cost(9, 8, 454486).
cost(9, 10, 341666).
cost(9, 11, 227088).
cost(9, 12, 359888).
cost(9, 13, 425859).
cost(9, 14, 523261).
cost(9, 15, 395506).
cost(9, 16, 202301).
cost(9, 17, 407852).
cost(9, 18, 214013).
cost(9, 19, 320634).
cost(9, 20, 727426).
cost(9, 21, 420170).
cost(9, 22, 751623).
cost(9, 23, 577582).
cost(9, 24, 296768).
cost(9, 25, 688457).
cost(9, 26, 68345).
cost(10, 1, 279418).
cost(10, 2, 288010).
cost(10, 3, 299373).
cost(10, 4, 475165).
cost(10, 5, 279443).
cost(10, 6, 1138989).
cost(10, 7, 482833).
cost(10, 8, 153568).
cost(10, 9, 341666).
cost(10, 11, 218680).
cost(10, 12, 148882).
cost(10, 13, 280873).
cost(10, 14, 213622).
cost(10, 15, 156247).
cost(10, 16, 189582).
cost(10, 17, 569690).
cost(10, 18, 149111).
cost(10, 19, 309368).
cost(10, 20, 656742).
cost(10, 21, 80234).
cost(10, 22, 556109).
cost(10, 23, 370081).
cost(10, 24, 88347).
cost(10, 25, 460912).
cost(10, 26, 282472).
cost(11, 1, 137789).
cost(11, 2, 238230).
cost(11, 3, 182058).
cost(11, 4, 271508).
cost(11, 5, 187102).
cost(11, 6, 955542).
cost(11, 7, 264946).
cost(11, 8, 263378).
cost(11, 9, 227088).
cost(11, 10, 218680).
cost(11, 12, 151705).
cost(11, 13, 199086).
cost(11, 14, 328459).
cost(11, 15, 188057).
cost(11, 16, 47248).
cost(11, 17, 351959).
cost(11, 18, 87679).
cost(11, 19, 121498).
cost(11, 20, 531204).
cost(11, 21, 273545).
cost(11, 22, 525519).
cost(11, 23, 350645).
cost(11, 24, 133511).
cost(11, 25, 461714).
cost(11, 26, 160892).
cost(12, 1, 275040).
cost(12, 2, 143899).
cost(12, 3, 312867).
cost(12, 4, 350663).
cost(12, 5, 130734).
cost(12, 6, 995168).
cost(12, 7, 381465).
cost(12, 8, 114436).
cost(12, 9, 359888).
cost(12, 10, 148882).
cost(12, 11, 151705).
cost(12, 13, 132043).
cost(12, 14, 177099).
cost(12, 15, 36647).
cost(12, 16, 158691).
cost(12, 17, 464848).
cost(12, 18, 150854).
cost(12, 19, 187197).
cost(12, 20, 508103).
cost(12, 21, 159060).
cost(12, 22, 428416).
cost(12, 23, 241311).
cost(12, 24, 87354).
cost(12, 25, 345058).
cost(12, 26, 291634).
cost(13, 1, 336549).
cost(13, 2, 45946).
cost(13, 3, 381139).
cost(13, 4, 266771).
cost(13, 5, 14317).
cost(13, 6, 870740).
cost(13, 7, 328770).
cost(13, 8, 199494).
cost(13, 9, 425859).
cost(13, 10, 280873).
cost(13, 11, 199086).
cost(13, 12, 132043).
cost(13, 14, 232448).
cost(13, 15, 132698).
cost(13, 16, 232980).
cost(13, 17, 400874).
cost(13, 18, 248217).
cost(13, 19, 140432).
cost(13, 20, 376124).
cost(13, 21, 279814).
cost(13, 22, 326623).
cost(13, 23, 155043).
cost(13, 24, 212193).
cost(13, 25, 266241).
cost(13, 26, 359971).
cost(14, 1, 443820).
cost(14, 2, 203422).
cost(14, 3, 476854).
cost(14, 4, 496677).
cost(14, 5, 242057).
cost(14, 6, 1081115).
cost(14, 7, 545638).
cost(14, 8, 68781).
cost(14, 9, 523261).
cost(14, 10, 213622).
cost(14, 11, 328459).
cost(14, 12, 177099).
cost(14, 13, 232448).
cost(14, 15, 141697).
cost(14, 16, 329311).
cost(14, 17, 624577).
cost(14, 18, 309315).
cost(14, 19, 347376).
cost(14, 20, 552152).
cost(14, 21, 146726).
cost(14, 22, 381738).
cost(14, 23, 218064).
cost(14, 24, 226750).
cost(14, 25, 275680).
cost(14, 26, 456546).
cost(15, 1, 311271).
cost(15, 2, 132341).
cost(15, 3, 348495).
cost(15, 4, 372733).
cost(15, 5, 135329).
cost(15, 6, 1002992).
cost(15, 7, 410239).
cost(15, 8, 82611).
cost(15, 9, 395506).
cost(15, 10, 156247).
cost(15, 11, 188057).
cost(15, 12, 36647).
cost(15, 13, 132698).
cost(15, 14, 141697).
cost(15, 16, 194954).
cost(15, 17, 492152).
cost(15, 18, 184588).
cost(15, 19, 213279).
cost(15, 20, 504007).
cost(15, 21, 147227).
cost(15, 22, 405581).
cost(15, 23, 218061).
cost(15, 24, 113269).
cost(15, 25, 317469).
cost(15, 26, 327359).
cost(16, 1, 116349).
cost(16, 2, 268108).
cost(16, 3, 155442).
cost(16, 4, 316711).
cost(16, 5, 222338).
cost(16, 6, 1002031).
cost(16, 7, 302512).
cost(16, 8, 261505).
cost(16, 9, 202301).
cost(16, 10, 189582).
cost(16, 11, 47248).
cost(16, 12, 158691).
cost(16, 13, 232980).
cost(16, 14, 329311).
cost(16, 15, 194954).
cost(16, 17, 389275).
cost(16, 18, 44742).
cost(16, 19, 168641).
cost(16, 20, 576505).
cost(16, 21, 253771).
cost(16, 22, 558955).
cost(16, 23, 379215).
cost(16, 24, 113079).
cost(16, 25, 489064).
cost(16, 26, 133983).
cost(17, 1, 368953).
cost(17, 2, 442470).
cost(17, 3, 397813).
cost(17, 4, 141999).
cost(17, 5, 388459).
cost(17, 6, 672365).
cost(17, 7, 87019).
cost(17, 8, 574506).
cost(17, 9, 407852).
cost(17, 10, 569690).
cost(17, 11, 351959).
cost(17, 12, 464848).
cost(17, 13, 400874).
cost(17, 14, 624577).
cost(17, 15, 492152).
cost(17, 16, 389275).
cost(17, 18, 434016).
cost(17, 19, 278897).
cost(17, 20, 452028).
cost(17, 21, 615639).
cost(17, 22, 616374).
cost(17, 23, 521902).
cost(17, 24, 482301).
cost(17, 25, 614278).
cost(17, 26, 391647).
cost(18, 1, 137094).
cost(18, 2, 277904).
cost(18, 3, 167541).
cost(18, 4, 359173).
cost(18, 5, 239431).
cost(18, 6, 1042691).
cost(18, 7, 347251).
cost(18, 8, 240561).
cost(18, 9, 214013).
cost(18, 10, 149111).
cost(18, 11, 87679).
cost(18, 12, 150854).
cost(18, 13, 248217).
cost(18, 14, 309315).
cost(18, 15, 184588).
cost(18, 16, 44742).
cost(18, 17, 434016).
cost(18, 19, 205560).
cost(18, 20, 605624).
cost(18, 21, 218519).
cost(18, 22, 569601).
cost(18, 23, 385600).
cost(18, 24, 83579).
cost(18, 25, 492988).
cost(18, 26, 147372).
cost(19, 1, 235718).
cost(19, 2, 186351).
cost(19, 3, 281592).
cost(19, 4, 166337).
cost(19, 5, 126177).
cost(19, 6, 838801).
cost(19, 7, 198267).
cost(19, 8, 295612).
cost(19, 9, 320634).
cost(19, 10, 309368).
cost(19, 11, 121498).
cost(19, 12, 187197).
cost(19, 13, 140432).
cost(19, 14, 347376).
cost(19, 15, 213279).
cost(19, 16, 168641).
cost(19, 17, 278897).
cost(19, 18, 205560).
cost(19, 20, 413549).
cost(19, 21, 342765).
cost(19, 22, 443162).
cost(19, 23, 290589).
cost(19, 24, 221680).
cost(19, 25, 399511).
cost(19, 26, 262670).
cost(20, 1, 647025).
cost(20, 2, 372869).
cost(20, 3, 692229).
cost(20, 4, 348076).
cost(20, 5, 378975).
cost(20, 6, 544851).
cost(20, 7, 448732).
cost(20, 8, 551313).
cost(20, 9, 727426).
cost(20, 10, 656742).
cost(20, 11, 531204).
cost(20, 12, 508103).
cost(20, 13, 376124).
cost(20, 14, 552152).
cost(20, 15, 504007).
cost(20, 16, 576505).
cost(20, 17, 452028).
cost(20, 18, 605624).
cost(20, 19, 413549).
cost(20, 21, 646493).
cost(20, 22, 269357).
cost(20, 23, 337571).
cost(20, 24, 586319).
cost(20, 25, 343972).
cost(20, 26, 674439).
cost(21, 1, 353698).
cost(21, 2, 273875).
cost(21, 3, 376858).
cost(21, 4, 508234).
cost(21, 5, 282473).
cost(21, 6, 1150193).
cost(21, 7, 530034).
cost(21, 8, 102479).
cost(21, 9, 420170).
cost(21, 10, 80234).
cost(21, 11, 273545).
cost(21, 12, 159060).
cost(21, 13, 279814).
cost(21, 14, 146726).
cost(21, 15, 147227).
cost(21, 16, 253771).
cost(21, 17, 615639).
cost(21, 18, 218519).
cost(21, 19, 342765).
cost(21, 20, 646493).
cost(21, 22, 514696).
cost(21, 23, 335005).
cost(21, 24, 141394).
cost(21, 25, 413203).
cost(21, 26, 359089).
cost(22, 1, 662470).
cost(22, 2, 291822).
cost(22, 3, 707441).
cost(22, 4, 479129).
cost(22, 5, 338423).
cost(22, 6, 804006).
cost(22, 7, 576366).
cost(22, 8, 412454).
cost(22, 9, 751623).
cost(22, 10, 556109).
cost(22, 11, 525519).
cost(22, 12, 428416).
cost(22, 13, 326623).
cost(22, 14, 381738).
cost(22, 15, 405581).
cost(22, 16, 558955).
cost(22, 17, 616374).
cost(22, 18, 569601).
cost(22, 19, 443162).
cost(22, 20, 269357).
cost(22, 21, 514696).
cost(22, 23, 187566).
cost(22, 24, 515639).
cost(22, 25, 108625).
cost(22, 26, 686380).
cost(23, 1, 488376).
cost(23, 2, 112481).
cost(23, 3, 531933).
cost(23, 4, 380238).
cost(23, 5, 168863).
cost(23, 6, 875874).
cost(23, 7, 461562).
cost(23, 8, 232873).
cost(23, 9, 577582).
cost(23, 10, 370081).
cost(23, 11, 350645).
cost(23, 12, 241311).
cost(23, 13, 155043).
cost(23, 14, 218064).
cost(23, 15, 218061).
cost(23, 16, 379215).
cost(23, 17, 521902).
cost(23, 18, 385600).
cost(23, 19, 290589).
cost(23, 20, 337571).
cost(23, 21, 335005).
cost(23, 22, 187566).
cost(23, 24, 328338).
cost(23, 25, 111376).
cost(23, 26, 510521).
cost(24, 1, 220412).
cost(24, 2, 230148).
cost(24, 3, 250665).
cost(24, 4, 387071).
cost(24, 5, 207670).
cost(24, 6, 1055263).
cost(24, 7, 395630).
cost(24, 8, 157999).
cost(24, 9, 296768).
cost(24, 10, 88347).
cost(24, 11, 133511).
cost(24, 12, 87354).
cost(24, 13, 212193).
cost(24, 14, 226750).
cost(24, 15, 113269).
cost(24, 16, 113079).
cost(24, 17, 482301).
cost(24, 18, 83579).
cost(24, 19, 221680).
cost(24, 20, 586319).
cost(24, 21, 141394).
cost(24, 22, 515639).
cost(24, 23, 328338).
cost(24, 25, 430381).
cost(24, 26, 230780).
cost(25, 1, 599343).
cost(25, 2, 223765).
cost(25, 3, 642602).
cost(25, 4, 472523).
cost(25, 5, 279923).
cost(25, 6, 888199).
cost(25, 7, 560855).
cost(25, 8, 312149).
cost(25, 9, 688457).
cost(25, 10, 460912).
cost(25, 11, 461714).
cost(25, 12, 345058).
cost(25, 13, 266241).
cost(25, 14, 275680).
cost(25, 15, 317469).
cost(25, 16, 489064).
cost(25, 17, 614278).
cost(25, 18, 492988).
cost(25, 19, 399511).
cost(25, 20, 343972).
cost(25, 21, 413203).
cost(25, 22, 108625).
cost(25, 23, 111376).
cost(25, 24, 430381).
cost(25, 26, 621149).
cost(26, 1, 27605).
cost(26, 2, 398401).
cost(26, 3, 21510).
cost(26, 4, 366955).
cost(26, 5, 347958).
cost(26, 6, 1048471).
cost(26, 7, 313865).
cost(26, 8, 387835).
cost(26, 9, 68345).
cost(26, 10, 282472).
cost(26, 11, 160892).
cost(26, 12, 291634).
cost(26, 13, 359971).
cost(26, 14, 456546).
cost(26, 15, 327359).
cost(26, 16, 133983).
cost(26, 17, 391647).
cost(26, 18, 147372).
cost(26, 19, 262670).
cost(26, 20, 674439).
cost(26, 21, 359089).
cost(26, 22, 686380).
cost(26, 23, 510521).
cost(26, 24, 230780).
cost(26, 25, 621149).
