dimension(26).
point(1, -6084.0, 234930.0).
point(2, 310654.0, 121410.0).
point(3, -223676.0, 157679.0).
point(4, 59521.0, -73965.0).
point(5, -38964.0, -112076.0).
point(6, 70847.0, -45394.0).
point(7, -160385.0, 134302.0).
point(8, -112062.0, -36841.0).
point(9, 141252.0, 5357.0).
point(10, -111539.0, 81514.0).
point(11, 43541.0, 196003.0).
point(12, -54338.0, 285408.0).
point(13, 285962.0, -78988.0).
point(14, -35557.0, 25419.0).
point(15, 451852.0, 21005.0).
point(16, -218326.0, 186751.0).
point(17, -91718.0, 518171.0).
point(18, -98464.0, 5258.0).
point(19, -173161.0, 254766.0).
point(20, 264145.0, 6370.0).
point(21, 73773.0, 25437.0).
point(22, 87471.0, -73695.0).
point(23, 113739.0, -98315.0).
point(24, 79595.0, -97330.0).
point(25, -73473.0, 323907.0).
point(26, -169494.0, -216047.0).
cost(1, 2, 336467).
cost(1, 3, 230898).
cost(1, 4, 315785).
cost(1, 5, 348560).
cost(1, 6, 290689).
cost(1, 7, 184214).
cost(1, 8, 291703).
cost(1, 9, 272785).
cost(1, 10, 186165).
cost(1, 11, 63071).
cost(1, 12, 69832).
cost(1, 13, 428760).
cost(1, 14, 211574).
cost(1, 15, 505440).
cost(1, 16, 217642).
cost(1, 17, 295903).
cost(1, 18, 247555).
cost(1, 19, 168250).
cost(1, 20, 353926).
cost(1, 21, 224197).
cost(1, 22, 322493).
cost(1, 23, 354132).
cost(1, 24, 343129).
cost(1, 25, 111616).
cost(1, 26, 479670).
cost(2, 1, 336467).
cost(2, 3, 535560).
cost(2, 4, 318181).
cost(2, 5, 420415).
cost(2, 6, 292115).
cost(2, 7, 471215).
cost(2, 8, 451367).
cost(2, 9, 205342).
cost(2, 10, 424074).
cost(2, 11, 277333).
cost(2, 12, 400143).
cost(2, 13, 201913).
cost(2, 14, 359272).
cost(2, 15, 173257).
cost(2, 16, 533000).
cost(2, 17, 565086).
cost(2, 18, 425287).
cost(2, 19, 501857).
cost(2, 20, 124086).
cost(2, 21, 255584).
cost(2, 22, 296440).
cost(2, 23, 295050).
cost(2, 24, 318175).
cost(2, 25, 434233).
cost(2, 26, 586872).
cost(3, 1, 230898).
cost(3, 2, 535560).
cost(3, 4, 365868).
cost(3, 5, 326935).
cost(3, 6, 357746).
cost(3, 7, 67470).
cost(3, 8, 224267).
cost(3, 9, 395442).
cost(3, 10, 135557).
cost(3, 11, 269951).
cost(3, 12, 212109).
cost(3, 13, 561909).
cost(3, 14, 229960).
cost(3, 15, 689215).
cost(3, 16, 29560).
cost(3, 17, 383885).
cost(3, 18, 197257).
cost(3, 19, 109442).
cost(3, 20, 510748).
cost(3, 21, 325521).
cost(3, 22, 387745).
cost(3, 23, 423535).
cost(3, 24, 396236).
cost(3, 25, 224037).
cost(3, 26, 377633).
cost(4, 1, 315785).
cost(4, 2, 318181).
cost(4, 3, 365868).
cost(4, 5, 105602).
cost(4, 6, 30734).
cost(4, 7, 302876).
cost(4, 8, 175553).
cost(4, 9, 113894).
cost(4, 10, 231161).
cost(4, 11, 270441).
cost(4, 12, 376979).
cost(4, 13, 226497).
cost(4, 14, 137539).
cost(4, 15, 403662).
cost(4, 16, 381014).
cost(4, 17, 611145).
cost(4, 18, 176736).
cost(4, 19, 402747).
cost(4, 20, 219829).
cost(4, 21, 100419).
cost(4, 22, 27951).
cost(4, 23, 59435).
cost(4, 24, 30804).
cost(4, 25, 419511).
cost(4, 26, 269509).
cost(5, 1, 348560).
cost(5, 2, 420415).
cost(5, 3, 326935).
cost(5, 4, 105602).
cost(5, 6, 128472).
cost(5, 7, 274673).
cost(5, 8, 104898).
cost(5, 9, 215101).
cost(5, 10, 206747).
cost(5, 11, 318935).
cost(5, 12, 397781).
cost(5, 13, 326606).
cost(5, 14, 137537).
cost(5, 15, 508538).
cost(5, 16, 348523).
cost(5, 17, 632451).
cost(5, 18, 131558).
cost(5, 19, 390617).
cost(5, 20, 325430).
cost(5, 21, 177819).
cost(5, 22, 132132).
cost(5, 23, 153322).
cost(5, 24, 119473).
cost(5, 25, 437347).
cost(5, 26, 166877).
cost(6, 1, 290689).
cost(6, 2, 292115).
cost(6, 3, 357746).
cost(6, 4, 30734).
cost(6, 5, 128472).
cost(6, 7, 292846).
cost(6, 8, 183109).
cost(6, 9, 86790).
cost(6, 10, 222194).
cost(6, 11, 242936).
cost(6, 12, 353697).
cost(6, 13, 217722).
cost(6, 14, 127814).
cost(6, 15, 386748).
cost(6, 16, 370827).
cost(6, 17, 586543).
cost(6, 18, 176725).
cost(6, 19, 386828).
cost(6, 20, 200109).
cost(6, 21, 70891).
cost(6, 22, 32822).
cost(6, 23, 68120).
cost(6, 24, 52668).
cost(6, 25, 396499).
cost(6, 26, 294765).
cost(7, 1, 184214).
cost(7, 2, 471215).
cost(7, 3, 67470).
cost(7, 4, 302876).
cost(7, 5, 274673).
cost(7, 6, 292846).
cost(7, 8, 177834).
cost(7, 9, 328042).
cost(7, 10, 71920).
cost(7, 11, 213056).
cost(7, 12, 184605).
cost(7, 13, 494690).
cost(7, 14, 165643).
cost(7, 15, 622632).
cost(7, 16, 78154).
cost(7, 17, 389962).
cost(7, 18, 143131).
cost(7, 19, 121140).
cost(7, 20, 443387).
cost(7, 21, 258228).
cost(7, 22, 323567).
cost(7, 23, 359520).
cost(7, 24, 333532).
cost(7, 25, 208576).
cost(7, 26, 350467).
cost(8, 1, 291703).
cost(8, 2, 451367).
cost(8, 3, 224267).
cost(8, 4, 175553).
cost(8, 5, 104898).
cost(8, 6, 183109).
cost(8, 7, 177834).
cost(8, 9, 256805).
cost(8, 10, 118356).
cost(8, 11, 280051).
cost(8, 12, 327378).
cost(8, 13, 400249).
cost(8, 14, 98637).
cost(8, 15, 566873).
cost(8, 16, 247559).
cost(8, 17, 555385).
cost(8, 18, 44241).
cost(8, 19, 297939).
cost(8, 20, 378680).
cost(8, 21, 195993).
cost(8, 22, 202908).
cost(8, 23, 234020).
cost(8, 24, 200976).
cost(8, 25, 362806).
cost(8, 26, 188184).
cost(9, 1, 272785).
cost(9, 2, 205342).
cost(9, 3, 395442).
cost(9, 4, 113894).
cost(9, 5, 215101).
cost(9, 6, 86790).
cost(9, 7, 328042).
cost(9, 8, 256805).
cost(9, 10, 264014).
cost(9, 11, 214227).
cost(9, 12, 341590).
cost(9, 13, 167496).
cost(9, 14, 177944).
cost(9, 15, 310994).
cost(9, 16, 402741).
cost(9, 17, 563252).
cost(9, 18, 239716).
cost(9, 19, 401323).
cost(9, 20, 122897).
cost(9, 21, 70403).
cost(9, 22, 95612).
cost(9, 23, 107261).
cost(9, 24, 119776).
cost(9, 25, 384163).
cost(9, 26, 381553).
cost(10, 1, 186165).
cost(10, 2, 424074).
cost(10, 3, 135557).
cost(10, 4, 231161).
cost(10, 5, 206747).
cost(10, 6, 222194).
cost(10, 7, 71920).
cost(10, 8, 118356).
cost(10, 9, 264014).
cost(10, 11, 192763).
cost(10, 12, 211766).
cost(10, 13, 428682).
cost(10, 14, 94445).
cost(10, 15, 566631).
cost(10, 16, 149928).
cost(10, 17, 437107).
cost(10, 18, 77369).
cost(10, 19, 183885).
cost(10, 20, 383125).
cost(10, 21, 193611).
cost(10, 22, 252378).
cost(10, 23, 288251).
cost(10, 24, 261758).
cost(10, 25, 245364).
cost(10, 26, 303152).
cost(11, 1, 63071).
cost(11, 2, 277333).
cost(11, 3, 269951).
cost(11, 4, 270441).
cost(11, 5, 318935).
cost(11, 6, 242936).
cost(11, 7, 213056).
cost(11, 8, 280051).
cost(11, 9, 214227).
cost(11, 10, 192763).
cost(11, 12, 132565).
cost(11, 13, 366590).
cost(11, 14, 188030).
cost(11, 15, 444232).
cost(11, 16, 262030).
cost(11, 17, 349410).
cost(11, 18, 237800).
cost(11, 19, 224528).
cost(11, 20, 290907).
cost(11, 21, 173225).
cost(11, 22, 273252).
cost(11, 23, 302574).
cost(11, 24, 295540).
cost(11, 25, 173354).
cost(11, 26, 463863).
cost(12, 1, 69832).
cost(12, 2, 400143).
cost(12, 3, 212109).
cost(12, 4, 376979).
cost(12, 5, 397781).
cost(12, 6, 353697).
cost(12, 7, 184605).
cost(12, 8, 327378).
cost(12, 9, 341590).
cost(12, 10, 211766).
cost(12, 11, 132565).
cost(12, 13, 498587).
cost(12, 14, 260666).
cost(12, 15, 571084).
cost(12, 16, 191377).
cost(12, 17, 235745).
cost(12, 18, 283604).
cost(12, 19, 122710).
cost(12, 20, 423431).
cost(12, 21, 289823).
cost(12, 22, 386089).
cost(12, 23, 418919).
cost(12, 24, 405495).
cost(12, 25, 42992).
cost(12, 26, 514508).
cost(13, 1, 428760).
cost(13, 2, 201913).
cost(13, 3, 561909).
cost(13, 4, 226497).
cost(13, 5, 326606).
cost(13, 6, 217722).
cost(13, 7, 494690).
cost(13, 8, 400249).
cost(13, 9, 167496).
cost(13, 10, 428682).
cost(13, 11, 366590).
cost(13, 12, 498587).
cost(13, 14, 338046).
cost(13, 15, 193696).
cost(13, 16, 570021).
cost(13, 17, 706570).
cost(13, 18, 393549).
cost(13, 19, 567614).
cost(13, 20, 88102).
cost(13, 21, 236493).
cost(13, 22, 198562).
cost(13, 23, 173304).
cost(13, 24, 207181).
cost(13, 25, 539924).
cost(13, 26, 475632).
cost(14, 1, 211574).
cost(14, 2, 359272).
cost(14, 3, 229960).
cost(14, 4, 137539).
cost(14, 5, 137537).
cost(14, 6, 127814).
cost(14, 7, 165643).
cost(14, 8, 98637).
cost(14, 9, 177944).
cost(14, 10, 94445).
cost(14, 11, 188030).
cost(14, 12, 260666).
cost(14, 13, 338046).
cost(14, 15, 487429).
cost(14, 16, 243788).
cost(14, 17, 495942).
cost(14, 18, 66059).
cost(14, 19, 267460).
cost(14, 20, 300307).
cost(14, 21, 109330).
cost(14, 22, 157986).
cost(14, 23, 193906).
cost(14, 24, 168307).
cost(14, 25, 300887).
cost(14, 26, 276125).
cost(15, 1, 505440).
cost(15, 2, 173257).
cost(15, 3, 689215).
cost(15, 4, 403662).
cost(15, 5, 508538).
cost(15, 6, 386748).
cost(15, 7, 622632).
cost(15, 8, 566873).
cost(15, 9, 310994).
cost(15, 10, 566631).
cost(15, 11, 444232).
cost(15, 12, 571084).
cost(15, 13, 193696).
cost(15, 14, 487429).
cost(15, 16, 690370).
cost(15, 17, 736643).
cost(15, 18, 550541).
cost(15, 19, 667297).
cost(15, 20, 188277).
cost(15, 21, 378105).
cost(15, 22, 376486).
cost(15, 23, 358549).
cost(15, 24, 390613).
cost(15, 25, 606396).
cost(15, 26, 665030).
cost(16, 1, 217642).
cost(16, 2, 533000).
cost(16, 3, 29560).
cost(16, 4, 381014).
cost(16, 5, 348523).
cost(16, 6, 370827).
cost(16, 7, 78154).
cost(16, 8, 247559).
cost(16, 9, 402741).
cost(16, 10, 149928).
cost(16, 11, 262030).
cost(16, 12, 191377).
cost(16, 13, 570021).
cost(16, 14, 243788).
cost(16, 15, 690370).
cost(16, 17, 354780).
cost(16, 18, 217501).
cost(16, 19, 81645).
cost(16, 20, 515088).
cost(16, 21, 333683).
cost(16, 22, 401676).
cost(16, 23, 437641).
cost(16, 24, 411654).
cost(16, 25, 199485).
cost(16, 26, 405747).
cost(17, 1, 295903).
cost(17, 2, 565086).
cost(17, 3, 383885).
cost(17, 4, 611145).
cost(17, 5, 632451).
cost(17, 6, 586543).
cost(17, 7, 389962).
cost(17, 8, 555385).
cost(17, 9, 563252).
cost(17, 10, 437107).
cost(17, 11, 349410).
cost(17, 12, 235745).
cost(17, 13, 706570).
cost(17, 14, 495942).
cost(17, 15, 736643).
cost(17, 16, 354780).
cost(17, 18, 512957).
cost(17, 19, 275708).
cost(17, 20, 623361).
cost(17, 21, 519783).
cost(17, 22, 618396).
cost(17, 23, 649821).
cost(17, 24, 638897).
cost(17, 25, 195119).
cost(17, 26, 738326).
cost(18, 1, 247555).
cost(18, 2, 425287).
cost(18, 3, 197257).
cost(18, 4, 176736).
cost(18, 5, 131558).
cost(18, 6, 176725).
cost(18, 7, 143131).
cost(18, 8, 44241).
cost(18, 9, 239716).
cost(18, 10, 77369).
cost(18, 11, 237800).
cost(18, 12, 283604).
cost(18, 13, 393549).
cost(18, 14, 66059).
cost(18, 15, 550541).
cost(18, 16, 217501).
cost(18, 17, 512957).
cost(18, 19, 260449).
cost(18, 20, 362611).
cost(18, 21, 173415).
cost(18, 22, 202003).
cost(18, 23, 236130).
cost(18, 24, 205498).
cost(18, 25, 319627).
cost(18, 26, 232425).
cost(19, 1, 168250).
cost(19, 2, 501857).
cost(19, 3, 109442).
cost(19, 4, 402747).
cost(19, 5, 390617).
cost(19, 6, 386828).
cost(19, 7, 121140).
cost(19, 8, 297939).
cost(19, 9, 401323).
cost(19, 10, 183885).
cost(19, 11, 224528).
cost(19, 12, 122710).
cost(19, 13, 567614).
cost(19, 14, 267460).
cost(19, 15, 667297).
cost(19, 16, 81645).
cost(19, 17, 275708).
cost(19, 18, 260449).
cost(19, 20, 502929).
cost(19, 21, 336999).
cost(19, 22, 419304).
cost(19, 23, 454948).
cost(19, 24, 433425).
cost(19, 25, 121318).
cost(19, 26, 470827).
cost(20, 1, 353926).
cost(20, 2, 124086).
cost(20, 3, 510748).
cost(20, 4, 219829).
cost(20, 5, 325430).
cost(20, 6, 200109).
cost(20, 7, 443387).
cost(20, 8, 378680).
cost(20, 9, 122897).
cost(20, 10, 383125).
cost(20, 11, 290907).
cost(20, 12, 423431).
cost(20, 13, 88102).
cost(20, 14, 300307).
cost(20, 15, 188277).
cost(20, 16, 515088).
cost(20, 17, 623361).
cost(20, 18, 362611).
cost(20, 19, 502929).
cost(20, 21, 191324).
cost(20, 22, 193969).
cost(20, 23, 183251).
cost(20, 24, 211689).
cost(20, 25, 463482).
cost(20, 26, 487352).
cost(21, 1, 224197).
cost(21, 2, 255584).
cost(21, 3, 325521).
cost(21, 4, 100419).
cost(21, 5, 177819).
cost(21, 6, 70891).
cost(21, 7, 258228).
cost(21, 8, 195993).
cost(21, 9, 70403).
cost(21, 10, 193611).
cost(21, 11, 173225).
cost(21, 12, 289823).
cost(21, 13, 236493).
cost(21, 14, 109330).
cost(21, 15, 378105).
cost(21, 16, 333683).
cost(21, 17, 519783).
cost(21, 18, 173415).
cost(21, 19, 336999).
cost(21, 20, 191324).
cost(21, 22, 100074).
cost(21, 23, 130046).
cost(21, 24, 122905).
cost(21, 25, 332815).
cost(21, 26, 342773).
cost(22, 1, 322493).
cost(22, 2, 296440).
cost(22, 3, 387745).
cost(22, 4, 27951).
cost(22, 5, 132132).
cost(22, 6, 32822).
cost(22, 7, 323567).
cost(22, 8, 202908).
cost(22, 9, 95612).
cost(22, 10, 252378).
cost(22, 11, 273252).
cost(22, 12, 386089).
cost(22, 13, 198562).
cost(22, 14, 157986).
cost(22, 15, 376486).
cost(22, 16, 401676).
cost(22, 17, 618396).
cost(22, 18, 202003).
cost(22, 19, 419304).
cost(22, 20, 193969).
cost(22, 21, 100074).
cost(22, 23, 36002).
cost(22, 24, 24913).
cost(22, 25, 428941).
cost(22, 26, 293760).
cost(23, 1, 354132).
cost(23, 2, 295050).
cost(23, 3, 423535).
cost(23, 4, 59435).
cost(23, 5, 153322).
cost(23, 6, 68120).
cost(23, 7, 359520).
cost(23, 8, 234020).
cost(23, 9, 107261).
cost(23, 10, 288251).
cost(23, 11, 302574).
cost(23, 12, 418919).
cost(23, 13, 173304).
cost(23, 14, 193906).
cost(23, 15, 358549).
cost(23, 16, 437641).
cost(23, 17, 649821).
cost(23, 18, 236130).
cost(23, 19, 454948).
cost(23, 20, 183251).
cost(23, 21, 130046).
cost(23, 22, 36002).
cost(23, 24, 34158).
cost(23, 25, 461866).
cost(23, 26, 306727).
cost(24, 1, 343129).
cost(24, 2, 318175).
cost(24, 3, 396236).
cost(24, 4, 30804).
cost(24, 5, 119473).
cost(24, 6, 52668).
cost(24, 7, 333532).
cost(24, 8, 200976).
cost(24, 9, 119776).
cost(24, 10, 261758).
cost(24, 11, 295540).
cost(24, 12, 405495).
cost(24, 13, 207181).
cost(24, 14, 168307).
cost(24, 15, 390613).
cost(24, 16, 411654).
cost(24, 17, 638897).
cost(24, 18, 205498).
cost(24, 19, 433425).
cost(24, 20, 211689).
cost(24, 21, 122905).
cost(24, 22, 24913).
cost(24, 23, 34158).
cost(24, 25, 448186).
cost(24, 26, 275933).
cost(25, 1, 111616).
cost(25, 2, 434233).
cost(25, 3, 224037).
cost(25, 4, 419511).
cost(25, 5, 437347).
cost(25, 6, 396499).
cost(25, 7, 208576).
cost(25, 8, 362806).
cost(25, 9, 384163).
cost(25, 10, 245364).
cost(25, 11, 173354).
cost(25, 12, 42992).
cost(25, 13, 539924).
cost(25, 14, 300887).
cost(25, 15, 606396).
cost(25, 16, 199485).
cost(25, 17, 195119).
cost(25, 18, 319627).
cost(25, 19, 121318).
cost(25, 20, 463482).
cost(25, 21, 332815).
cost(25, 22, 428941).
cost(25, 23, 461866).
cost(25, 24, 448186).
cost(25, 26, 548425).
cost(26, 1, 479670).
cost(26, 2, 586872).
cost(26, 3, 377633).
cost(26, 4, 269509).
cost(26, 5, 166877).
cost(26, 6, 294765).
cost(26, 7, 350467).
cost(26, 8, 188184).
cost(26, 9, 381553).
cost(26, 10, 303152).
cost(26, 11, 463863).
cost(26, 12, 514508).
cost(26, 13, 475632).
cost(26, 14, 276125).
cost(26, 15, 665030).
cost(26, 16, 405747).
cost(26, 17, 738326).
cost(26, 18, 232425).
cost(26, 19, 470827).
cost(26, 20, 487352).
cost(26, 21, 342773).
cost(26, 22, 293760).
cost(26, 23, 306727).
cost(26, 24, 275933).
cost(26, 25, 548425).
