dimension(26).
point(1, 290174.0, 81541.0).
point(2, 495444.0, 132115.0).
point(3, -28511.0, -49535.0).
point(4, -204051.0, -118212.0).
point(5, -103507.0, -135033.0).
point(6, 235457.0, -283726.0).
point(7, 204600.0, 156759.0).
point(8, -373171.0, -87851.0).
point(9, 262795.0, -64374.0).
point(10, -70736.0, 219104.0).
point(11, 66570.0, 29663.0).
point(12, 188183.0, 317945.0).
point(13, -172864.0, 156050.0).
point(14, -24230.0, -200296.0).
point(15, 25343.0, -35726.0).
point(16, 25143.0, -8218.0).
point(17, -77159.0, 166040.0).
point(18, 75795.0, -318220.0).
point(19, 440454.0, -69605.0).
point(20, -233514.0, 216638.0).
point(21, -178972.0, -176948.0).
point(22, 191726.0, 249070.0).
point(23, 79092.0, 17792.0).
point(24, -207977.0, 212547.0).
point(25, 93565.0, -38560.0).
point(26, 151159.0, 229585.0).
cost(1, 2, 211408).
cost(1, 3, 344588).
cost(1, 4, 533066).
cost(1, 5, 449321).
cost(1, 6, 369343).
cost(1, 7, 113933).
cost(1, 8, 684631).
cost(1, 9, 148461).
cost(1, 10, 386238).
cost(1, 11, 229543).
cost(1, 12, 257467).
cost(1, 13, 468994).
cost(1, 14, 422234).
cost(1, 15, 289633).
cost(1, 16, 279818).
cost(1, 17, 376927).
cost(1, 18, 453616).
cost(1, 19, 213141).
cost(1, 20, 540833).
cost(1, 21, 535644).
cost(1, 22, 194314).
cost(1, 23, 220498).
cost(1, 24, 515089).
cost(1, 25, 230390).
cost(1, 26, 203082).
cost(2, 1, 211408).
cost(2, 3, 554550).
cost(2, 4, 742938).
cost(2, 5, 655828).
cost(2, 6, 490425).
cost(2, 7, 291886).
cost(2, 8, 896034).
cost(2, 9, 304522).
cost(2, 10, 572824).
cost(2, 11, 440941).
cost(2, 12, 359085).
cost(2, 13, 668736).
cost(2, 14, 616894).
cost(2, 15, 499165).
cost(2, 16, 490792).
cost(2, 17, 573607).
cost(2, 18, 615554).
cost(2, 19, 209081).
cost(2, 20, 733842).
cost(2, 21, 741860).
cost(2, 22, 325458).
cost(2, 23, 431762).
cost(2, 24, 708005).
cost(2, 25, 436620).
cost(2, 26, 357816).
cost(3, 1, 344588).
cost(3, 2, 554550).
cost(3, 4, 188496).
cost(3, 5, 113729).
cost(3, 6, 352880).
cost(3, 7, 311284).
cost(3, 8, 346783).
cost(3, 9, 291684).
cost(3, 10, 271937).
cost(3, 11, 123745).
cost(3, 12, 426612).
cost(3, 13, 251203).
cost(3, 14, 150822).
cost(3, 15, 55596).
cost(3, 16, 67719).
cost(3, 17, 220996).
cost(3, 18, 288221).
cost(3, 19, 469394).
cost(3, 20, 335968).
cost(3, 21, 197161).
cost(3, 22, 371038).
cost(3, 23, 126930).
cost(3, 24, 317640).
cost(3, 25, 122568).
cost(3, 26, 331948).
cost(4, 1, 533066).
cost(4, 2, 742938).
cost(4, 3, 188496).
cost(4, 5, 101941).
cost(4, 6, 469640).
cost(4, 7, 492549).
cost(4, 8, 171824).
cost(4, 9, 469940).
cost(4, 10, 362705).
cost(4, 11, 308387).
cost(4, 12, 586584).
cost(4, 13, 276029).
cost(4, 14, 197670).
cost(4, 15, 243774).
cost(4, 16, 254221).
cost(4, 17, 311289).
cost(4, 18, 343972).
cost(4, 19, 646335).
cost(4, 20, 336144).
cost(4, 21, 63866).
cost(4, 22, 539940).
cost(4, 23, 314113).
cost(4, 24, 330782).
cost(4, 25, 308090).
cost(4, 26, 497129).
cost(5, 1, 449321).
cost(5, 2, 655828).
cost(5, 3, 113729).
cost(5, 4, 101941).
cost(5, 6, 370143).
cost(5, 7, 424349).
cost(5, 8, 273761).
cost(5, 9, 373055).
cost(5, 10, 355650).
cost(5, 11, 236751).
cost(5, 12, 538769).
cost(5, 13, 299232).
cost(5, 14, 102684).
cost(5, 15, 162678).
cost(5, 16, 180646).
cost(5, 17, 302224).
cost(5, 18, 256333).
cost(5, 19, 547882).
cost(5, 20, 374932).
cost(5, 21, 86324).
cost(5, 22, 484456).
cost(5, 23, 238113).
cost(5, 24, 362941).
cost(5, 25, 219418).
cost(5, 26, 444748).
cost(6, 1, 369343).
cost(6, 2, 490425).
cost(6, 3, 352880).
cost(6, 4, 469640).
cost(6, 5, 370143).
cost(6, 7, 441564).
cost(6, 8, 639371).
cost(6, 9, 221049).
cost(6, 10, 588721).
cost(6, 11, 355999).
cost(6, 12, 603525).
cost(6, 13, 600107).
cost(6, 14, 272760).
cost(6, 15, 325041).
cost(6, 16, 346607).
cost(6, 17, 547739).
cost(6, 18, 163346).
cost(6, 19, 296431).
cost(6, 20, 685783).
cost(6, 21, 427964).
cost(6, 22, 534588).
cost(6, 23, 339651).
cost(6, 24, 665523).
cost(6, 25, 283266).
cost(6, 26, 520187).
cost(7, 1, 113933).
cost(7, 2, 291886).
cost(7, 3, 311284).
cost(7, 4, 492549).
cost(7, 5, 424349).
cost(7, 6, 441564).
cost(7, 8, 627418).
cost(7, 9, 228662).
cost(7, 10, 282306).
cost(7, 11, 187632).
cost(7, 12, 162020).
cost(7, 13, 377465).
cost(7, 14, 424089).
cost(7, 15, 263028).
cost(7, 16, 243767).
cost(7, 17, 281912).
cost(7, 18, 492134).
cost(7, 19, 326906).
cost(7, 20, 442187).
cost(7, 21, 508417).
cost(7, 22, 93204).
cost(7, 23, 187254).
cost(7, 24, 416332).
cost(7, 25, 224674).
cost(7, 26, 90330).
cost(8, 1, 684631).
cost(8, 2, 896034).
cost(8, 3, 346783).
cost(8, 4, 171824).
cost(8, 5, 273761).
cost(8, 6, 639371).
cost(8, 7, 627418).
cost(8, 9, 636399).
cost(8, 10, 430916).
cost(8, 11, 455172).
cost(8, 12, 692668).
cost(8, 13, 315611).
cost(8, 14, 366611).
cost(8, 15, 401908).
cost(8, 16, 406196).
cost(8, 17, 389979).
cost(8, 18, 504619).
cost(8, 19, 813830).
cost(8, 20, 334989).
cost(8, 21, 213662).
cost(8, 22, 657742).
cost(8, 23, 464438).
cost(8, 24, 342824).
cost(8, 25, 469332).
cost(8, 26, 612934).
cost(9, 1, 148461).
cost(9, 2, 304522).
cost(9, 3, 291684).
cost(9, 4, 469940).
cost(9, 5, 373055).
cost(9, 6, 221049).
cost(9, 7, 228662).
cost(9, 8, 636399).
cost(9, 10, 437724).
cost(9, 11, 217594).
cost(9, 12, 389531).
cost(9, 13, 488247).
cost(9, 14, 317582).
cost(9, 15, 239174).
cost(9, 16, 244197).
cost(9, 17, 410682).
cost(9, 18, 315288).
cost(9, 19, 177736).
cost(9, 20, 570342).
cost(9, 21, 455885).
cost(9, 22, 321400).
cost(9, 23, 201241).
cost(9, 24, 546179).
cost(9, 25, 171187).
cost(9, 26, 314443).
cost(10, 1, 386238).
cost(10, 2, 572824).
cost(10, 3, 271937).
cost(10, 4, 362705).
cost(10, 5, 355650).
cost(10, 6, 588721).
cost(10, 7, 282306).
cost(10, 8, 430916).
cost(10, 9, 437724).
cost(10, 11, 233968).
cost(10, 12, 277144).
cost(10, 13, 120025).
cost(10, 14, 421971).
cost(10, 15, 272341).
cost(10, 16, 246715).
cost(10, 17, 53451).
cost(10, 18, 556946).
cost(10, 19, 587084).
cost(10, 20, 162797).
cost(10, 21, 410575).
cost(10, 22, 264167).
cost(10, 23, 250948).
cost(10, 24, 137398).
cost(10, 25, 305591).
cost(10, 26, 222142).
cost(11, 1, 229543).
cost(11, 2, 440941).
cost(11, 3, 123745).
cost(11, 4, 308387).
cost(11, 5, 236751).
cost(11, 6, 355999).
cost(11, 7, 187632).
cost(11, 8, 455172).
cost(11, 9, 217594).
cost(11, 10, 233968).
cost(11, 12, 312884).
cost(11, 13, 270744).
cost(11, 14, 247236).
cost(11, 15, 77301).
cost(11, 16, 56135).
cost(11, 17, 198133).
cost(11, 18, 348005).
cost(11, 19, 386838).
cost(11, 20, 353568).
cost(11, 21, 320903).
cost(11, 22, 252593).
cost(11, 23, 17255).
cost(11, 24, 329883).
cost(11, 25, 73370).
cost(11, 26, 217081).
cost(12, 1, 257467).
cost(12, 2, 359085).
cost(12, 3, 426612).
cost(12, 4, 586584).
cost(12, 5, 538769).
cost(12, 6, 603525).
cost(12, 7, 162020).
cost(12, 8, 692668).
cost(12, 9, 389531).
cost(12, 10, 277144).
cost(12, 11, 312884).
cost(12, 13, 395683).
cost(12, 14, 560083).
cost(12, 15, 389359).
cost(12, 16, 364643).
cost(12, 17, 305747).
cost(12, 18, 646016).
cost(12, 19, 462424).
cost(12, 20, 433695).
cost(12, 21, 616216).
cost(12, 22, 68966).
cost(12, 23, 319363).
cost(12, 24, 409941).
cost(12, 25, 368847).
cost(12, 26, 95803).
cost(13, 1, 468994).
cost(13, 2, 668736).
cost(13, 3, 251203).
cost(13, 4, 276029).
cost(13, 5, 299232).
cost(13, 6, 600107).
cost(13, 7, 377465).
cost(13, 8, 315611).
cost(13, 9, 488247).
cost(13, 10, 120025).
cost(13, 11, 270744).
cost(13, 12, 395683).
cost(13, 14, 386102).
cost(13, 15, 275797).
cost(13, 16, 257276).
cost(13, 17, 96225).
cost(13, 18, 535503).
cost(13, 19, 653513).
cost(13, 20, 85728).
cost(13, 21, 333054).
cost(13, 22, 376269).
cost(13, 23, 287397).
cost(13, 24, 66519).
cost(13, 25, 329936).
cost(13, 26, 332262).
cost(14, 1, 422234).
cost(14, 2, 616894).
cost(14, 3, 150822).
cost(14, 4, 197670).
cost(14, 5, 102684).
cost(14, 6, 272760).
cost(14, 7, 424089).
cost(14, 8, 366611).
cost(14, 9, 317582).
cost(14, 10, 421971).
cost(14, 11, 247236).
cost(14, 12, 560083).
cost(14, 13, 386102).
cost(14, 15, 171874).
cost(14, 16, 198322).
cost(14, 17, 370140).
cost(14, 18, 154632).
cost(14, 19, 482712).
cost(14, 20, 466512).
cost(14, 21, 156494).
cost(14, 22, 498565).
cost(14, 23, 241325).
cost(14, 24, 451887).
cost(14, 25, 200085).
cost(14, 26, 464283).
cost(15, 1, 289633).
cost(15, 2, 499165).
cost(15, 3, 55596).
cost(15, 4, 243774).
cost(15, 5, 162678).
cost(15, 6, 325041).
cost(15, 7, 263028).
cost(15, 8, 401908).
cost(15, 9, 239174).
cost(15, 10, 272341).
cost(15, 11, 77301).
cost(15, 12, 389359).
cost(15, 13, 275797).
cost(15, 14, 171874).
cost(15, 16, 27509).
cost(15, 17, 226310).
cost(15, 18, 286964).
cost(15, 19, 416491).
cost(15, 20, 361517).
cost(15, 21, 248371).
cost(15, 22, 329836).
cost(15, 23, 75849).
cost(15, 24, 340702).
cost(15, 25, 68281).
cost(15, 26, 293632).
cost(16, 1, 279818).
cost(16, 2, 490792).
cost(16, 3, 67719).
cost(16, 4, 254221).
cost(16, 5, 180646).
cost(16, 6, 346607).
cost(16, 7, 243767).
cost(16, 8, 406196).
cost(16, 9, 244197).
cost(16, 10, 246715).
cost(16, 11, 56135).
cost(16, 12, 364643).
cost(16, 13, 257276).
cost(16, 14, 198322).
cost(16, 15, 27509).
cost(16, 17, 202068).
cost(16, 18, 314113).
cost(16, 19, 419823).
cost(16, 20, 342730).
cost(16, 21, 264826).
cost(16, 22, 306508).
cost(16, 23, 59892).
cost(16, 24, 321064).
cost(16, 25, 74848).
cost(16, 26, 269129).
cost(17, 1, 376927).
cost(17, 2, 573607).
cost(17, 3, 220996).
cost(17, 4, 311289).
cost(17, 5, 302224).
cost(17, 6, 547739).
cost(17, 7, 281912).
cost(17, 8, 389979).
cost(17, 9, 410682).
cost(17, 10, 53451).
cost(17, 11, 198133).
cost(17, 12, 305747).
cost(17, 13, 96225).
cost(17, 14, 370140).
cost(17, 15, 226310).
cost(17, 16, 202068).
cost(17, 18, 507841).
cost(17, 19, 568728).
cost(17, 20, 164338).
cost(17, 21, 357780).
cost(17, 22, 281413).
cost(17, 23, 215388).
cost(17, 24, 138839).
cost(17, 25, 266473).
cost(17, 26, 236996).
cost(18, 1, 453616).
cost(18, 2, 615554).
cost(18, 3, 288221).
cost(18, 4, 343972).
cost(18, 5, 256333).
cost(18, 6, 163346).
cost(18, 7, 492134).
cost(18, 8, 504619).
cost(18, 9, 315288).
cost(18, 10, 556946).
cost(18, 11, 348005).
cost(18, 12, 646016).
cost(18, 13, 535503).
cost(18, 14, 154632).
cost(18, 15, 286964).
cost(18, 16, 314113).
cost(18, 17, 507841).
cost(18, 19, 441345).
cost(18, 20, 617855).
cost(18, 21, 291314).
cost(18, 22, 579015).
cost(18, 23, 336028).
cost(18, 24, 601864).
cost(18, 25, 280224).
cost(18, 26, 552965).
cost(19, 1, 213141).
cost(19, 2, 209081).
cost(19, 3, 469394).
cost(19, 4, 646335).
cost(19, 5, 547882).
cost(19, 6, 296431).
cost(19, 7, 326906).
cost(19, 8, 813830).
cost(19, 9, 177736).
cost(19, 10, 587084).
cost(19, 11, 386838).
cost(19, 12, 462424).
cost(19, 13, 653513).
cost(19, 14, 482712).
cost(19, 15, 416491).
cost(19, 16, 419823).
cost(19, 17, 568728).
cost(19, 18, 441345).
cost(19, 20, 732235).
cost(19, 21, 628658).
cost(19, 22, 404252).
cost(19, 23, 371780).
cost(19, 24, 707158).
cost(19, 25, 348275).
cost(19, 26, 416181).
cost(20, 1, 540833).
cost(20, 2, 733842).
cost(20, 3, 335968).
cost(20, 4, 336144).
cost(20, 5, 374932).
cost(20, 6, 685783).
cost(20, 7, 442187).
cost(20, 8, 334989).
cost(20, 9, 570342).
cost(20, 10, 162797).
cost(20, 11, 353568).
cost(20, 12, 433695).
cost(20, 13, 85728).
cost(20, 14, 466512).
cost(20, 15, 361517).
cost(20, 16, 342730).
cost(20, 17, 164338).
cost(20, 18, 617855).
cost(20, 19, 732235).
cost(20, 21, 397347).
cost(20, 22, 426475).
cost(20, 23, 370489).
cost(20, 24, 25863).
cost(20, 25, 414857).
cost(20, 26, 384891).
cost(21, 1, 535644).
cost(21, 2, 741860).
cost(21, 3, 197161).
cost(21, 4, 63866).
cost(21, 5, 86324).
cost(21, 6, 427964).
cost(21, 7, 508417).
cost(21, 8, 213662).
cost(21, 9, 455885).
cost(21, 10, 410575).
cost(21, 11, 320903).
cost(21, 12, 616216).
cost(21, 13, 333054).
cost(21, 14, 156494).
cost(21, 15, 248371).
cost(21, 16, 264826).
cost(21, 17, 357780).
cost(21, 18, 291314).
cost(21, 19, 628658).
cost(21, 20, 397347).
cost(21, 22, 564720).
cost(21, 23, 323297).
cost(21, 24, 390573).
cost(21, 25, 305659).
cost(21, 26, 523694).
cost(22, 1, 194314).
cost(22, 2, 325458).
cost(22, 3, 371038).
cost(22, 4, 539940).
cost(22, 5, 484456).
cost(22, 6, 534588).
cost(22, 7, 93204).
cost(22, 8, 657742).
cost(22, 9, 321400).
cost(22, 10, 264167).
cost(22, 11, 252593).
cost(22, 12, 68966).
cost(22, 13, 376269).
cost(22, 14, 498565).
cost(22, 15, 329836).
cost(22, 16, 306508).
cost(22, 17, 281413).
cost(22, 18, 579015).
cost(22, 19, 404252).
cost(22, 20, 426475).
cost(22, 21, 564720).
cost(22, 23, 257247).
cost(22, 24, 401368).
cost(22, 25, 303919).
cost(22, 26, 45004).
cost(23, 1, 220498).
cost(23, 2, 431762).
cost(23, 3, 126930).
cost(23, 4, 314113).
cost(23, 5, 238113).
cost(23, 6, 339651).
cost(23, 7, 187254).
cost(23, 8, 464438).
cost(23, 9, 201241).
cost(23, 10, 250948).
cost(23, 11, 17255).
cost(23, 12, 319363).
cost(23, 13, 287397).
cost(23, 14, 241325).
cost(23, 15, 75849).
cost(23, 16, 59892).
cost(23, 17, 215388).
cost(23, 18, 336028).
cost(23, 19, 371780).
cost(23, 20, 370489).
cost(23, 21, 323297).
cost(23, 22, 257247).
cost(23, 24, 346898).
cost(23, 25, 58181).
cost(23, 26, 223718).
cost(24, 1, 515089).
cost(24, 2, 708005).
cost(24, 3, 317640).
cost(24, 4, 330782).
cost(24, 5, 362941).
cost(24, 6, 665523).
cost(24, 7, 416332).
cost(24, 8, 342824).
cost(24, 9, 546179).
cost(24, 10, 137398).
cost(24, 11, 329883).
cost(24, 12, 409941).
cost(24, 13, 66519).
cost(24, 14, 451887).
cost(24, 15, 340702).
cost(24, 16, 321064).
cost(24, 17, 138839).
cost(24, 18, 601864).
cost(24, 19, 707158).
cost(24, 20, 25863).
cost(24, 21, 390573).
cost(24, 22, 401368).
cost(24, 23, 346898).
cost(24, 25, 392406).
cost(24, 26, 359540).
cost(25, 1, 230390).
cost(25, 2, 436620).
cost(25, 3, 122568).
cost(25, 4, 308090).
cost(25, 5, 219418).
cost(25, 6, 283266).
cost(25, 7, 224674).
cost(25, 8, 469332).
cost(25, 9, 171187).
cost(25, 10, 305591).
cost(25, 11, 73370).
cost(25, 12, 368847).
cost(25, 13, 329936).
cost(25, 14, 200085).
cost(25, 15, 68281).
cost(25, 16, 74848).
cost(25, 17, 266473).
cost(25, 18, 280224).
cost(25, 19, 348275).
cost(25, 20, 414857).
cost(25, 21, 305659).
cost(25, 22, 303919).
cost(25, 23, 58181).
cost(25, 24, 392406).
cost(25, 26, 274260).
cost(26, 1, 203082).
cost(26, 2, 357816).
cost(26, 3, 331948).
cost(26, 4, 497129).
cost(26, 5, 444748).
cost(26, 6, 520187).
cost(26, 7, 90330).
cost(26, 8, 612934).
cost(26, 9, 314443).
cost(26, 10, 222142).
cost(26, 11, 217081).
cost(26, 12, 95803).
cost(26, 13, 332262).
cost(26, 14, 464283).
cost(26, 15, 293632).
cost(26, 16, 269129).
cost(26, 17, 236996).
cost(26, 18, 552965).
cost(26, 19, 416181).
cost(26, 20, 384891).
cost(26, 21, 523694).
cost(26, 22, 45004).
cost(26, 23, 223718).
cost(26, 24, 359540).
cost(26, 25, 274260).
