dimension(26).
point(1, 101671.0, 93028.0).
point(2, -333349.0, -227406.0).
point(3, 155128.0, 59922.0).
point(4, 170687.0, 290613.0).
point(5, 44921.0, -306582.0).
point(6, 323334.0, -300244.0).
point(7, 238135.0, -7783.0).
point(8, -219919.0, 151860.0).
point(9, 330698.0, 91707.0).
point(10, -45285.0, -245419.0).
point(11, 87455.0, 134729.0).
point(12, -168629.0, 160813.0).
point(13, 318876.0, -239825.0).
point(14, -165205.0, -228437.0).
point(15, 289668.0, 16738.0).
point(16, -39080.0, -279726.0).
point(17, -90484.0, 119824.0).
point(18, 307501.0, 205911.0).
point(19, -382004.0, -6997.0).
point(20, 244899.0, -122352.0).
point(21, -115601.0, 21582.0).
point(22, 111378.0, 131509.0).
point(23, 38348.0, -197471.0).
point(24, 188368.0, -155577.0).
point(25, 208425.0, 784.0).
point(26, 323737.0, 64624.0).
cost(1, 2, 540297).
cost(1, 3, 62878).
cost(1, 4, 209292).
cost(1, 5, 403620).
cost(1, 6, 451439).
cost(1, 7, 169662).
cost(1, 8, 326927).
cost(1, 9, 229031).
cost(1, 10, 368975).
cost(1, 11, 44058).
cost(1, 12, 278670).
cost(1, 13, 397453).
cost(1, 14, 417807).
cost(1, 15, 202887).
cost(1, 16, 398442).
cost(1, 17, 194014).
cost(1, 18, 234752).
cost(1, 19, 493909).
cost(1, 20, 258656).
cost(1, 21, 228717).
cost(1, 22, 39686).
cost(1, 23, 297320).
cost(1, 24, 263288).
cost(1, 25, 141086).
cost(1, 26, 223875).
cost(2, 1, 540297).
cost(2, 3, 566716).
cost(2, 4, 722770).
cost(2, 5, 386467).
cost(2, 6, 660710).
cost(2, 7, 612232).
cost(2, 8, 395865).
cost(2, 9, 736744).
cost(2, 10, 288627).
cost(2, 11, 555174).
cost(2, 12, 421719).
cost(2, 13, 652343).
cost(2, 14, 168147).
cost(2, 15, 669146).
cost(2, 16, 298884).
cost(2, 17, 423736).
cost(2, 18, 773597).
cost(2, 19, 225715).
cost(2, 20, 587713).
cost(2, 21, 330771).
cost(2, 22, 571491).
cost(2, 23, 372900).
cost(2, 24, 526638).
cost(2, 25, 587869).
cost(2, 26, 719057).
cost(3, 1, 62878).
cost(3, 2, 566716).
cost(3, 4, 231215).
cost(3, 5, 382715).
cost(3, 6, 397508).
cost(3, 7, 107117).
cost(3, 8, 386151).
cost(3, 9, 178424).
cost(3, 10, 365238).
cost(3, 11, 100875).
cost(3, 12, 339113).
cost(3, 13, 341558).
cost(3, 14, 431004).
cost(3, 15, 141301).
cost(3, 16, 391251).
cost(3, 17, 252811).
cost(3, 18, 211022).
cost(3, 19, 541285).
cost(3, 20, 203181).
cost(3, 21, 273430).
cost(3, 22, 83897).
cost(3, 23, 282646).
cost(3, 24, 218048).
cost(3, 25, 79611).
cost(3, 26, 168675).
cost(4, 1, 209292).
cost(4, 2, 722770).
cost(4, 3, 231215).
cost(4, 5, 610294).
cost(4, 6, 610257).
cost(4, 7, 305924).
cost(4, 8, 414518).
cost(4, 9, 255279).
cost(4, 10, 577905).
cost(4, 11, 176713).
cost(4, 12, 363295).
cost(4, 13, 550749).
cost(4, 14, 618253).
cost(4, 15, 298603).
cost(4, 16, 607691).
cost(4, 17, 312056).
cost(4, 18, 160911).
cost(4, 19, 627725).
cost(4, 20, 419580).
cost(4, 21, 392859).
cost(4, 22, 169799).
cost(4, 23, 505707).
cost(4, 24, 446540).
cost(4, 25, 292276).
cost(4, 26, 272938).
cost(5, 1, 403620).
cost(5, 2, 386467).
cost(5, 3, 382715).
cost(5, 4, 610294).
cost(5, 6, 278485).
cost(5, 7, 355826).
cost(5, 8, 529442).
cost(5, 9, 490207).
cost(5, 10, 108986).
cost(5, 11, 443356).
cost(5, 12, 513869).
cost(5, 13, 281971).
cost(5, 14, 224186).
cost(5, 15, 405508).
cost(5, 16, 88190).
cost(5, 17, 447389).
cost(5, 18, 575845).
cost(5, 19, 521552).
cost(5, 20, 271904).
cost(5, 21, 365320).
cost(5, 22, 443103).
cost(5, 23, 109309).
cost(5, 24, 208278).
cost(5, 25, 348149).
cost(5, 26, 464255).
cost(6, 1, 451439).
cost(6, 2, 660710).
cost(6, 3, 397508).
cost(6, 4, 610257).
cost(6, 5, 278485).
cost(6, 7, 304618).
cost(6, 8, 706769).
cost(6, 9, 392020).
cost(6, 10, 372674).
cost(6, 11, 494814).
cost(6, 12, 674241).
cost(6, 13, 60583).
cost(6, 14, 493788).
cost(6, 15, 318765).
cost(6, 16, 362994).
cost(6, 17, 589663).
cost(6, 18, 506403).
cost(6, 19, 763869).
cost(6, 20, 194416).
cost(6, 21, 544276).
cost(6, 22, 480974).
cost(6, 23, 302951).
cost(6, 24, 197849).
cost(6, 25, 322214).
cost(6, 26, 364868).
cost(7, 1, 169662).
cost(7, 2, 612232).
cost(7, 3, 107117).
cost(7, 4, 305924).
cost(7, 5, 355826).
cost(7, 6, 304618).
cost(7, 8, 485077).
cost(7, 9, 135890).
cost(7, 10, 369862).
cost(7, 11, 207398).
cost(7, 12, 440320).
cost(7, 13, 245688).
cost(7, 14, 459751).
cost(7, 15, 57070).
cost(7, 16, 388331).
cost(7, 17, 352525).
cost(7, 18, 224670).
cost(7, 19, 620139).
cost(7, 20, 114768).
cost(7, 21, 354953).
cost(7, 22, 188334).
cost(7, 23, 275493).
cost(7, 24, 155948).
cost(7, 25, 30921).
cost(7, 26, 112118).
cost(8, 1, 326927).
cost(8, 2, 395865).
cost(8, 3, 386151).
cost(8, 4, 414518).
cost(8, 5, 529442).
cost(8, 6, 706769).
cost(8, 7, 485077).
cost(8, 9, 553893).
cost(8, 10, 433967).
cost(8, 11, 307851).
cost(8, 12, 52066).
cost(8, 13, 666121).
cost(8, 14, 384213).
cost(8, 15, 527197).
cost(8, 16, 467941).
cost(8, 17, 133341).
cost(8, 18, 530182).
cost(8, 19, 226952).
cost(8, 20, 539674).
cost(8, 21, 166897).
cost(8, 22, 331921).
cost(8, 23, 434435).
cost(8, 24, 511093).
cost(8, 25, 454205).
cost(8, 26, 550611).
cost(9, 1, 229031).
cost(9, 2, 736744).
cost(9, 3, 178424).
cost(9, 4, 255279).
cost(9, 5, 490207).
cost(9, 6, 392020).
cost(9, 7, 135890).
cost(9, 8, 553893).
cost(9, 10, 504992).
cost(9, 11, 247018).
cost(9, 12, 504086).
cost(9, 13, 331743).
cost(9, 14, 590264).
cost(9, 15, 85462).
cost(9, 16, 524117).
cost(9, 17, 422119).
cost(9, 18, 116536).
cost(9, 19, 719504).
cost(9, 20, 230614).
cost(9, 21, 451775).
cost(9, 22, 222902).
cost(9, 23, 411209).
cost(9, 24, 285319).
cost(9, 25, 152373).
cost(9, 26, 27963).
cost(10, 1, 368975).
cost(10, 2, 288627).
cost(10, 3, 365238).
cost(10, 4, 577905).
cost(10, 5, 108986).
cost(10, 6, 372674).
cost(10, 7, 369862).
cost(10, 8, 433967).
cost(10, 9, 504992).
cost(10, 11, 402657).
cost(10, 12, 424545).
cost(10, 13, 364204).
cost(10, 14, 121116).
cost(10, 15, 425347).
cost(10, 16, 34864).
cost(10, 17, 368029).
cost(10, 18, 572850).
cost(10, 19, 412583).
cost(10, 20, 315202).
cost(10, 21, 276105).
cost(10, 22, 408189).
cost(10, 23, 96403).
cost(10, 24, 250330).
cost(10, 25, 353532).
cost(10, 26, 481979).
cost(11, 1, 44058).
cost(11, 2, 555174).
cost(11, 3, 100875).
cost(11, 4, 176713).
cost(11, 5, 443356).
cost(11, 6, 494814).
cost(11, 7, 207398).
cost(11, 8, 307851).
cost(11, 9, 247018).
cost(11, 10, 402657).
cost(11, 12, 257409).
cost(11, 13, 440280).
cost(11, 14, 442410).
cost(11, 15, 234120).
cost(11, 16, 433341).
cost(11, 17, 178562).
cost(11, 18, 231273).
cost(11, 19, 490386).
cost(11, 20, 301462).
cost(11, 21, 232452).
cost(11, 22, 24139).
cost(11, 23, 335810).
cost(11, 24, 307345).
cost(11, 25, 180485).
cost(11, 26, 246463).
cost(12, 1, 278670).
cost(12, 2, 421719).
cost(12, 3, 339113).
cost(12, 4, 363295).
cost(12, 5, 513869).
cost(12, 6, 674241).
cost(12, 7, 440320).
cost(12, 8, 52066).
cost(12, 9, 504086).
cost(12, 10, 424545).
cost(12, 11, 257409).
cost(12, 13, 631009).
cost(12, 14, 389265).
cost(12, 15, 480410).
cost(12, 16, 459192).
cost(12, 17, 88243).
cost(12, 18, 478261).
cost(12, 19, 271457).
cost(12, 20, 501186).
cost(12, 21, 148987).
cost(12, 22, 281536).
cost(12, 23, 413772).
cost(12, 24, 477021).
cost(12, 25, 409608).
cost(12, 26, 501674).
cost(13, 1, 397453).
cost(13, 2, 652343).
cost(13, 3, 341558).
cost(13, 4, 550749).
cost(13, 5, 281971).
cost(13, 6, 60583).
cost(13, 7, 245688).
cost(13, 8, 666121).
cost(13, 9, 331743).
cost(13, 10, 364204).
cost(13, 11, 440280).
cost(13, 12, 631009).
cost(13, 14, 484215).
cost(13, 15, 258220).
cost(13, 16, 360173).
cost(13, 17, 544906).
cost(13, 18, 445881).
cost(13, 19, 738540).
cost(13, 20, 138825).
cost(13, 21, 507054).
cost(13, 22, 425376).
cost(13, 23, 283707).
cost(13, 24, 155339).
cost(13, 25, 264749).
cost(13, 26, 304488).
cost(14, 1, 417807).
cost(14, 2, 168147).
cost(14, 3, 431004).
cost(14, 4, 618253).
cost(14, 5, 224186).
cost(14, 6, 493788).
cost(14, 7, 459751).
cost(14, 8, 384213).
cost(14, 9, 590264).
cost(14, 10, 121116).
cost(14, 11, 442410).
cost(14, 12, 389265).
cost(14, 13, 484215).
cost(14, 15, 516740).
cost(14, 16, 136155).
cost(14, 17, 356187).
cost(14, 18, 641957).
cost(14, 19, 309899).
cost(14, 20, 423603).
cost(14, 21, 254892).
cost(14, 22, 453938).
cost(14, 23, 205895).
cost(14, 24, 361002).
cost(14, 25, 438340).
cost(14, 26, 570043).
cost(15, 1, 202887).
cost(15, 2, 669146).
cost(15, 3, 141301).
cost(15, 4, 298603).
cost(15, 5, 405508).
cost(15, 6, 318765).
cost(15, 7, 57070).
cost(15, 8, 527197).
cost(15, 9, 85462).
cost(15, 10, 425347).
cost(15, 11, 234120).
cost(15, 12, 480410).
cost(15, 13, 258220).
cost(15, 14, 516740).
cost(15, 16, 442681).
cost(15, 17, 393881).
cost(15, 18, 190012).
cost(15, 19, 672091).
cost(15, 20, 146117).
cost(15, 21, 405298).
cost(15, 22, 212037).
cost(15, 23, 330223).
cost(15, 24, 199885).
cost(15, 25, 82795).
cost(15, 26, 58769).
cost(16, 1, 398442).
cost(16, 2, 298884).
cost(16, 3, 391251).
cost(16, 4, 607691).
cost(16, 5, 88190).
cost(16, 6, 362994).
cost(16, 7, 388331).
cost(16, 8, 467941).
cost(16, 9, 524117).
cost(16, 10, 34864).
cost(16, 11, 433341).
cost(16, 12, 459192).
cost(16, 13, 360173).
cost(16, 14, 136155).
cost(16, 15, 442681).
cost(16, 17, 402843).
cost(16, 18, 596625).
cost(16, 19, 438153).
cost(16, 20, 324670).
cost(16, 21, 310873).
cost(16, 22, 437895).
cost(16, 23, 112965).
cost(16, 24, 259125).
cost(16, 25, 374092).
cost(16, 26, 500213).
cost(17, 1, 194014).
cost(17, 2, 423736).
cost(17, 3, 252811).
cost(17, 4, 312056).
cost(17, 5, 447389).
cost(17, 6, 589663).
cost(17, 7, 352525).
cost(17, 8, 133341).
cost(17, 9, 422119).
cost(17, 10, 368029).
cost(17, 11, 178562).
cost(17, 12, 88243).
cost(17, 13, 544906).
cost(17, 14, 356187).
cost(17, 15, 393881).
cost(17, 16, 402843).
cost(17, 18, 407189).
cost(17, 19, 317911).
cost(17, 20, 413680).
cost(17, 21, 101402).
cost(17, 22, 202200).
cost(17, 23, 342453).
cost(17, 24, 391924).
cost(17, 25, 321741).
cost(17, 26, 417883).
cost(18, 1, 234752).
cost(18, 2, 773597).
cost(18, 3, 211022).
cost(18, 4, 160911).
cost(18, 5, 575845).
cost(18, 6, 506403).
cost(18, 7, 224670).
cost(18, 8, 530182).
cost(18, 9, 116536).
cost(18, 10, 572850).
cost(18, 11, 231273).
cost(18, 12, 478261).
cost(18, 13, 445881).
cost(18, 14, 641957).
cost(18, 15, 190012).
cost(18, 16, 596625).
cost(18, 17, 407189).
cost(18, 19, 721628).
cost(18, 20, 334179).
cost(18, 21, 461511).
cost(18, 22, 209762).
cost(18, 23, 484933).
cost(18, 24, 380613).
cost(18, 25, 227801).
cost(18, 26, 142217).
cost(19, 1, 493909).
cost(19, 2, 225715).
cost(19, 3, 541285).
cost(19, 4, 627725).
cost(19, 5, 521552).
cost(19, 6, 763869).
cost(19, 7, 620139).
cost(19, 8, 226952).
cost(19, 9, 719504).
cost(19, 10, 412583).
cost(19, 11, 490386).
cost(19, 12, 271457).
cost(19, 13, 738540).
cost(19, 14, 309899).
cost(19, 15, 672091).
cost(19, 16, 438153).
cost(19, 17, 317911).
cost(19, 18, 721628).
cost(19, 20, 637428).
cost(19, 21, 267932).
cost(19, 22, 512455).
cost(19, 23, 461493).
cost(19, 24, 589407).
cost(19, 25, 590480).
cost(19, 26, 709366).
cost(20, 1, 258656).
cost(20, 2, 587713).
cost(20, 3, 203181).
cost(20, 4, 419580).
cost(20, 5, 271904).
cost(20, 6, 194416).
cost(20, 7, 114768).
cost(20, 8, 539674).
cost(20, 9, 230614).
cost(20, 10, 315202).
cost(20, 11, 301462).
cost(20, 12, 501186).
cost(20, 13, 138825).
cost(20, 14, 423603).
cost(20, 15, 146117).
cost(20, 16, 324670).
cost(20, 17, 413680).
cost(20, 18, 334179).
cost(20, 19, 637428).
cost(20, 21, 388172).
cost(20, 22, 286833).
cost(20, 23, 219787).
cost(20, 24, 65572).
cost(20, 25, 128424).
cost(20, 26, 202917).
cost(21, 1, 228717).
cost(21, 2, 330771).
cost(21, 3, 273430).
cost(21, 4, 392859).
cost(21, 5, 365320).
cost(21, 6, 544276).
cost(21, 7, 354953).
cost(21, 8, 166897).
cost(21, 9, 451775).
cost(21, 10, 276105).
cost(21, 11, 232452).
cost(21, 12, 148987).
cost(21, 13, 507054).
cost(21, 14, 254892).
cost(21, 15, 405298).
cost(21, 16, 310873).
cost(21, 17, 101402).
cost(21, 18, 461511).
cost(21, 19, 267932).
cost(21, 20, 388172).
cost(21, 22, 252197).
cost(21, 23, 267740).
cost(21, 24, 351827).
cost(21, 25, 324693).
cost(21, 26, 441441).
cost(22, 1, 39686).
cost(22, 2, 571491).
cost(22, 3, 83897).
cost(22, 4, 169799).
cost(22, 5, 443103).
cost(22, 6, 480974).
cost(22, 7, 188334).
cost(22, 8, 331921).
cost(22, 9, 222902).
cost(22, 10, 408189).
cost(22, 11, 24139).
cost(22, 12, 281536).
cost(22, 13, 425376).
cost(22, 14, 453938).
cost(22, 15, 212037).
cost(22, 16, 437895).
cost(22, 17, 202200).
cost(22, 18, 209762).
cost(22, 19, 512455).
cost(22, 20, 286833).
cost(22, 21, 252197).
cost(22, 23, 336988).
cost(22, 24, 297230).
cost(22, 25, 162810).
cost(22, 26, 222643).
cost(23, 1, 297320).
cost(23, 2, 372900).
cost(23, 3, 282646).
cost(23, 4, 505707).
cost(23, 5, 109309).
cost(23, 6, 302951).
cost(23, 7, 275493).
cost(23, 8, 434435).
cost(23, 9, 411209).
cost(23, 10, 96403).
cost(23, 11, 335810).
cost(23, 12, 413772).
cost(23, 13, 283707).
cost(23, 14, 205895).
cost(23, 15, 330223).
cost(23, 16, 112965).
cost(23, 17, 342453).
cost(23, 18, 484933).
cost(23, 19, 461493).
cost(23, 20, 219787).
cost(23, 21, 267740).
cost(23, 22, 336988).
cost(23, 24, 155760).
cost(23, 25, 261211).
cost(23, 26, 387480).
cost(24, 1, 263288).
cost(24, 2, 526638).
cost(24, 3, 218048).
cost(24, 4, 446540).
cost(24, 5, 208278).
cost(24, 6, 197849).
cost(24, 7, 155948).
cost(24, 8, 511093).
cost(24, 9, 285319).
cost(24, 10, 250330).
cost(24, 11, 307345).
cost(24, 12, 477021).
cost(24, 13, 155339).
cost(24, 14, 361002).
cost(24, 15, 199885).
cost(24, 16, 259125).
cost(24, 17, 391924).
cost(24, 18, 380613).
cost(24, 19, 589407).
cost(24, 20, 65572).
cost(24, 21, 351827).
cost(24, 22, 297230).
cost(24, 23, 155760).
cost(24, 25, 157642).
cost(24, 26, 258483).
cost(25, 1, 141086).
cost(25, 2, 587869).
cost(25, 3, 79611).
cost(25, 4, 292276).
cost(25, 5, 348149).
cost(25, 6, 322214).
cost(25, 7, 30921).
cost(25, 8, 454205).
cost(25, 9, 152373).
cost(25, 10, 353532).
cost(25, 11, 180485).
cost(25, 12, 409608).
cost(25, 13, 264749).
cost(25, 14, 438340).
cost(25, 15, 82795).
cost(25, 16, 374092).
cost(25, 17, 321741).
cost(25, 18, 227801).
cost(25, 19, 590480).
cost(25, 20, 128424).
cost(25, 21, 324693).
cost(25, 22, 162810).
cost(25, 23, 261211).
cost(25, 24, 157642).
cost(25, 26, 131804).
cost(26, 1, 223875).
cost(26, 2, 719057).
cost(26, 3, 168675).
cost(26, 4, 272938).
cost(26, 5, 464255).
cost(26, 6, 364868).
cost(26, 7, 112118).
cost(26, 8, 550611).
cost(26, 9, 27963).
cost(26, 10, 481979).
cost(26, 11, 246463).
cost(26, 12, 501674).
cost(26, 13, 304488).
cost(26, 14, 570043).
cost(26, 15, 58769).
cost(26, 16, 500213).
cost(26, 17, 417883).
cost(26, 18, 142217).
cost(26, 19, 709366).
cost(26, 20, 202917).
cost(26, 21, 441441).
cost(26, 22, 222643).
cost(26, 23, 387480).
cost(26, 24, 258483).
cost(26, 25, 131804).
