dimension(15).
point(1, 505570.0, 199321.0).
point(2, 712595.0, 87039.0).
point(3, 983680.0, 849077.0).
point(4, 751405.0, 457873.0).
point(5, 594628.0, 349334.0).
point(6, 891497.0, 362398.0).
point(7, 965118.0, 935274.0).
point(8, 330561.0, 339334.0).
point(9, 141292.0, 557585.0).
point(10, 273960.0, 535135.0).
point(11, 85008.0, 457451.0).
point(12, 983406.0, 428979.0).
point(13, 370805.0, 394832.0).
point(14, 984843.0, 682033.0).
point(15, 729748.0, 728940.0).
cost(1, 2, 235513).
cost(1, 3, 806704).
cost(1, 4, 356769).
cost(1, 5, 174457).
cost(1, 6, 418967).
cost(1, 7, 867647).
cost(1, 8, 224124).
cost(1, 9, 510932).
cost(1, 10, 407939).
cost(1, 11, 493461).
cost(1, 12, 530160).
cost(1, 13, 237458).
cost(1, 14, 680230).
cost(1, 15, 575110).
cost(2, 1, 235513).
cost(2, 3, 808820).
cost(2, 4, 372859).
cost(2, 5, 287602).
cost(2, 6, 328373).
cost(2, 7, 885026).
cost(2, 8, 457824).
cost(2, 9, 740136).
cost(2, 10, 627049).
cost(2, 11, 728746).
cost(2, 12, 436190).
cost(2, 13, 459953).
cost(2, 14, 654322).
cost(2, 15, 642130).
cost(3, 1, 806704).
cost(3, 2, 808820).
cost(3, 4, 454964).
cost(3, 5, 633328).
cost(3, 6, 495332).
cost(3, 7, 88173).
cost(3, 8, 828494).
cost(3, 9, 891395).
cost(3, 10, 776055).
cost(3, 11, 980297).
cost(3, 12, 420098).
cost(3, 13, 762859).
cost(3, 14, 167048).
cost(3, 15, 280917).
cost(4, 1, 356769).
cost(4, 2, 372859).
cost(4, 3, 454964).
cost(4, 5, 190682).
cost(4, 6, 169532).
cost(4, 7, 523053).
cost(4, 8, 437220).
cost(4, 9, 618207).
cost(4, 10, 483656).
cost(4, 11, 666397).
cost(4, 12, 233793).
cost(4, 13, 385786).
cost(4, 14, 323637).
cost(4, 15, 271931).
cost(5, 1, 174457).
cost(5, 2, 287602).
cost(5, 3, 633328).
cost(5, 4, 190682).
cost(5, 6, 297156).
cost(5, 7, 693245).
cost(5, 8, 264256).
cost(5, 9, 498881).
cost(5, 10, 370608).
cost(5, 11, 520962).
cost(5, 12, 396852).
cost(5, 13, 228401).
cost(5, 14, 512793).
cost(5, 15, 402937).
cost(6, 1, 418967).
cost(6, 2, 328373).
cost(6, 3, 495332).
cost(6, 4, 169532).
cost(6, 5, 297156).
cost(6, 7, 577587).
cost(6, 8, 561410).
cost(6, 9, 775181).
cost(6, 10, 641241).
cost(6, 11, 812071).
cost(6, 12, 113491).
cost(6, 13, 521701).
cost(6, 14, 332986).
cost(6, 15, 400644).
cost(7, 1, 867647).
cost(7, 2, 885026).
cost(7, 3, 88173).
cost(7, 4, 523053).
cost(7, 5, 693245).
cost(7, 6, 577587).
cost(7, 8, 870521).
cost(7, 9, 906277).
cost(7, 10, 798630).
cost(7, 11, 1001453).
cost(7, 12, 506625).
cost(7, 13, 803297).
cost(7, 14, 254008).
cost(7, 15, 313006).
cost(8, 1, 224124).
cost(8, 2, 457824).
cost(8, 3, 828494).
cost(8, 4, 437220).
cost(8, 5, 264256).
cost(8, 6, 561410).
cost(8, 7, 870521).
cost(8, 9, 288888).
cost(8, 10, 203818).
cost(8, 11, 272485).
cost(8, 12, 658971).
cost(8, 13, 68554).
cost(8, 14, 738598).
cost(8, 15, 557802).
cost(9, 1, 510932).
cost(9, 2, 740136).
cost(9, 3, 891395).
cost(9, 4, 618207).
cost(9, 5, 498881).
cost(9, 6, 775181).
cost(9, 7, 906277).
cost(9, 8, 288888).
cost(9, 10, 134554).
cost(9, 11, 114868).
cost(9, 12, 851878).
cost(9, 13, 281362).
cost(9, 14, 852681).
cost(9, 15, 612897).
cost(10, 1, 407939).
cost(10, 2, 627049).
cost(10, 3, 776055).
cost(10, 4, 483656).
cost(10, 5, 370608).
cost(10, 6, 641241).
cost(10, 7, 798630).
cost(10, 8, 203818).
cost(10, 9, 134554).
cost(10, 11, 204298).
cost(10, 12, 717344).
cost(10, 13, 170481).
cost(10, 14, 725902).
cost(10, 15, 495281).
cost(11, 1, 493461).
cost(11, 2, 728746).
cost(11, 3, 980297).
cost(11, 4, 666397).
cost(11, 5, 520962).
cost(11, 6, 812071).
cost(11, 7, 1001453).
cost(11, 8, 272485).
cost(11, 9, 114868).
cost(11, 10, 204298).
cost(11, 12, 898849).
cost(11, 13, 292577).
cost(11, 14, 927437).
cost(11, 15, 699568).
cost(12, 1, 530160).
cost(12, 2, 436190).
cost(12, 3, 420098).
cost(12, 4, 233793).
cost(12, 5, 396852).
cost(12, 6, 113491).
cost(12, 7, 506625).
cost(12, 8, 658971).
cost(12, 9, 851878).
cost(12, 10, 717344).
cost(12, 11, 898849).
cost(12, 13, 613552).
cost(12, 14, 253058).
cost(12, 15, 392835).
cost(13, 1, 237458).
cost(13, 2, 459953).
cost(13, 3, 762859).
cost(13, 4, 385786).
cost(13, 5, 228401).
cost(13, 6, 521701).
cost(13, 7, 803297).
cost(13, 8, 68554).
cost(13, 9, 281362).
cost(13, 10, 170481).
cost(13, 11, 292577).
cost(13, 12, 613552).
cost(13, 14, 677884).
cost(13, 15, 490376).
cost(14, 1, 680230).
cost(14, 2, 654322).
cost(14, 3, 167048).
cost(14, 4, 323637).
cost(14, 5, 512793).
cost(14, 6, 332986).
cost(14, 7, 254008).
cost(14, 8, 738598).
cost(14, 9, 852681).
cost(14, 10, 725902).
cost(14, 11, 927437).
cost(14, 12, 253058).
cost(14, 13, 677884).
cost(14, 15, 259372).
cost(15, 1, 575110).
cost(15, 2, 642130).
cost(15, 3, 280917).
cost(15, 4, 271931).
cost(15, 5, 402937).
cost(15, 6, 400644).
cost(15, 7, 313006).
cost(15, 8, 557802).
cost(15, 9, 612897).
cost(15, 10, 495281).
cost(15, 11, 699568).
cost(15, 12, 392835).
cost(15, 13, 490376).
cost(15, 14, 259372).
