dimension(15).
point(1, 992149.0, 823700.0).
point(2, 658503.0, 412865.0).
point(3, 995271.0, 541325.0).
point(4, 979486.0, 328279.0).
point(5, 154031.0, 473760.0).
point(6, 775588.0, 649034.0).
point(7, 674425.0, 372571.0).
point(8, 335733.0, 480068.0).
point(9, 930498.0, 336194.0).
point(10, 464482.0, 6117.0).
point(11, 935333.0, 999935.0).
point(12, 792896.0, 686725.0).
point(13, 493620.0, 406208.0).
point(14, 628704.0, 732102.0).
point(15, 226211.0, 760426.0).
cost(1, 2, 529250).
cost(1, 3, 282392).
cost(1, 4, 495583).
cost(1, 5, 908240).
cost(1, 6, 278221).
cost(1, 7, 551784).
cost(1, 8, 740922).
cost(1, 9, 491389).
cost(1, 10, 973075).
cost(1, 11, 185167).
cost(1, 12, 241793).
cost(1, 13, 650254).
cost(1, 14, 374810).
cost(1, 15, 768547).
cost(2, 1, 529250).
cost(2, 3, 360437).
cost(2, 4, 331941).
cost(2, 5, 508134).
cost(2, 6, 263599).
cost(2, 7, 43326).
cost(2, 8, 329692).
cost(2, 9, 282595).
cost(2, 10, 450653).
cost(2, 11, 649066).
cost(2, 12, 305059).
cost(2, 13, 165017).
cost(2, 14, 320625).
cost(2, 15, 554685).
cost(3, 1, 282392).
cost(3, 2, 360437).
cost(3, 4, 213630).
cost(3, 5, 843949).
cost(3, 6, 244667).
cost(3, 7, 362519).
cost(3, 8, 662377).
cost(3, 9, 215115).
cost(3, 10, 753780).
cost(3, 11, 462510).
cost(3, 12, 249192).
cost(3, 13, 519529).
cost(3, 14, 413240).
cost(3, 15, 799662).
cost(4, 1, 495583).
cost(4, 2, 331941).
cost(4, 3, 213630).
cost(4, 5, 838177).
cost(4, 6, 380077).
cost(4, 7, 308260).
cost(4, 8, 661406).
cost(4, 9, 49623).
cost(4, 10, 607468).
cost(4, 11, 673106).
cost(4, 12, 404103).
cost(4, 13, 492076).
cost(4, 14, 534903).
cost(4, 15, 868432).
cost(5, 1, 908240).
cost(5, 2, 508134).
cost(5, 3, 843949).
cost(5, 4, 838177).
cost(5, 6, 645797).
cost(5, 7, 530141).
cost(5, 8, 181811).
cost(5, 9, 788559).
cost(5, 10, 561311).
cost(5, 11, 941962).
cost(5, 12, 673426).
cost(5, 13, 346243).
cost(5, 14, 540421).
cost(5, 15, 295614).
cost(6, 1, 278221).
cost(6, 2, 263599).
cost(6, 3, 244667).
cost(6, 4, 380077).
cost(6, 5, 645797).
cost(6, 7, 294390).
cost(6, 8, 471192).
cost(6, 9, 349093).
cost(6, 10, 714233).
cost(6, 11, 385552).
cost(6, 12, 41475).
cost(6, 13, 372116).
cost(6, 14, 168746).
cost(6, 15, 560556).
cost(7, 1, 551784).
cost(7, 2, 43326).
cost(7, 3, 362519).
cost(7, 4, 308260).
cost(7, 5, 530141).
cost(7, 6, 294390).
cost(7, 8, 355342).
cost(7, 9, 258644).
cost(7, 10, 422332).
cost(7, 11, 679455).
cost(7, 12, 335750).
cost(7, 13, 183907).
cost(7, 14, 362426).
cost(7, 15, 592729).
cost(8, 1, 740922).
cost(8, 2, 329692).
cost(8, 3, 662377).
cost(8, 4, 661406).
cost(8, 5, 181811).
cost(8, 6, 471192).
cost(8, 7, 355342).
cost(8, 9, 611919).
cost(8, 10, 491127).
cost(8, 11, 793588).
cost(8, 12, 501702).
cost(8, 13, 174309).
cost(8, 14, 386462).
cost(8, 15, 300991).
cost(9, 1, 491389).
cost(9, 2, 282595).
cost(9, 3, 215115).
cost(9, 4, 49623).
cost(9, 5, 788559).
cost(9, 6, 349093).
cost(9, 7, 258644).
cost(9, 8, 611919).
cost(9, 10, 571071).
cost(9, 11, 663759).
cost(9, 12, 376572).
cost(9, 13, 442453).
cost(9, 14, 497818).
cost(9, 15, 822188).
cost(10, 1, 973075).
cost(10, 2, 450653).
cost(10, 3, 753780).
cost(10, 4, 607468).
cost(10, 5, 561311).
cost(10, 6, 714233).
cost(10, 7, 422332).
cost(10, 8, 491127).
cost(10, 9, 571071).
cost(10, 11, 1099716).
cost(10, 12, 755700).
cost(10, 13, 401151).
cost(10, 14, 744327).
cost(10, 15, 791047).
cost(11, 1, 185167).
cost(11, 2, 649066).
cost(11, 3, 462510).
cost(11, 4, 673106).
cost(11, 5, 941962).
cost(11, 6, 385552).
cost(11, 7, 679455).
cost(11, 8, 793588).
cost(11, 9, 663759).
cost(11, 10, 1099716).
cost(11, 12, 344077).
cost(11, 13, 740015).
cost(11, 14, 407131).
cost(11, 15, 748478).
cost(12, 1, 241793).
cost(12, 2, 305059).
cost(12, 3, 249192).
cost(12, 4, 404103).
cost(12, 5, 673426).
cost(12, 6, 41475).
cost(12, 7, 335750).
cost(12, 8, 501702).
cost(12, 9, 376572).
cost(12, 10, 755700).
cost(12, 11, 344077).
cost(12, 13, 410190).
cost(12, 14, 170347).
cost(12, 15, 571458).
cost(13, 1, 650254).
cost(13, 2, 165017).
cost(13, 3, 519529).
cost(13, 4, 492076).
cost(13, 5, 346243).
cost(13, 6, 372116).
cost(13, 7, 183907).
cost(13, 8, 174309).
cost(13, 9, 442453).
cost(13, 10, 401151).
cost(13, 11, 740015).
cost(13, 12, 410190).
cost(13, 14, 352781).
cost(13, 15, 443822).
cost(14, 1, 374810).
cost(14, 2, 320625).
cost(14, 3, 413240).
cost(14, 4, 534903).
cost(14, 5, 540421).
cost(14, 6, 168746).
cost(14, 7, 362426).
cost(14, 8, 386462).
cost(14, 9, 497818).
cost(14, 10, 744327).
cost(14, 11, 407131).
cost(14, 12, 170347).
cost(14, 13, 352781).
cost(14, 15, 403488).
cost(15, 1, 768547).
cost(15, 2, 554685).
cost(15, 3, 799662).
cost(15, 4, 868432).
cost(15, 5, 295614).
cost(15, 6, 560556).
cost(15, 7, 592729).
cost(15, 8, 300991).
cost(15, 9, 822188).
cost(15, 10, 791047).
cost(15, 11, 748478).
cost(15, 12, 571458).
cost(15, 13, 443822).
cost(15, 14, 403488).
