dimension(23).
point(1, -197780.0, 12017.0).
point(2, 135290.0, 134571.0).
point(3, 7991.0, -329107.0).
point(4, -47343.0, -67108.0).
point(5, -366281.0, 123052.0).
point(6, -15559.0, 31570.0).
point(7, -44345.0, -34762.0).
point(8, 157474.0, -181387.0).
point(9, 138485.0, -243798.0).
point(10, 110483.0, 80571.0).
point(11, 52757.0, 27658.0).
point(12, 99444.0, -146732.0).
point(13, -85908.0, 1461.0).
point(14, -73137.0, 152078.0).
point(15, -109699.0, 410278.0).
point(16, -182085.0, 309953.0).
point(17, -255481.0, 214509.0).
point(18, -50056.0, 148801.0).
point(19, 52724.0, -312686.0).
point(20, -84609.0, 237858.0).
point(21, 67373.0, 274138.0).
point(22, -156670.0, -68828.0).
point(23, 106396.0, -49275.0).
cost(1, 2, 354902).
cost(1, 3, 398381).
cost(1, 4, 169977).
cost(1, 5, 201795).
cost(1, 6, 183267).
cost(1, 7, 160408).
cost(1, 8, 404488).
cost(1, 9, 422511).
cost(1, 10, 315794).
cost(1, 11, 251025).
cost(1, 12, 336962).
cost(1, 13, 112369).
cost(1, 14, 187491).
cost(1, 15, 407885).
cost(1, 16, 298349).
cost(1, 17, 210553).
cost(1, 18, 201326).
cost(1, 19, 410103).
cost(1, 20, 252610).
cost(1, 21, 372845).
cost(1, 22, 90697).
cost(1, 23, 310290).
cost(2, 1, 354902).
cost(2, 3, 480835).
cost(2, 4, 272083).
cost(2, 5, 501703).
cost(2, 6, 182660).
cost(2, 7, 246865).
cost(2, 8, 316736).
cost(2, 9, 378382).
cost(2, 10, 59425).
cost(2, 11, 135063).
cost(2, 12, 283578).
cost(2, 13, 258160).
cost(2, 14, 209161).
cost(2, 15, 368828).
cost(2, 16, 362610).
cost(2, 17, 398863).
cost(2, 18, 185891).
cost(2, 19, 454814).
cost(2, 20, 242948).
cost(2, 21, 155215).
cost(2, 22, 355826).
cost(2, 23, 186103).
cost(3, 1, 398381).
cost(3, 2, 480835).
cost(3, 4, 267779).
cost(3, 5, 586964).
cost(3, 6, 361445).
cost(3, 7, 298962).
cost(3, 8, 210158).
cost(3, 9, 155905).
cost(3, 10, 422304).
cost(3, 11, 359563).
cost(3, 12, 204020).
cost(3, 13, 343645).
cost(3, 14, 487976).
cost(3, 15, 748693).
cost(3, 16, 666728).
cost(3, 17, 604099).
cost(3, 18, 481420).
cost(3, 19, 47652).
cost(3, 20, 574477).
cost(3, 21, 606161).
cost(3, 22, 307991).
cost(3, 23, 296630).
cost(4, 1, 169977).
cost(4, 2, 272083).
cost(4, 3, 267779).
cost(4, 5, 371325).
cost(4, 6, 103670).
cost(4, 7, 32485).
cost(4, 8, 234541).
cost(4, 9, 256420).
cost(4, 10, 216144).
cost(4, 11, 137843).
cost(4, 12, 166992).
cost(4, 13, 78670).
cost(4, 14, 220699).
cost(4, 15, 481441).
cost(4, 16, 400413).
cost(4, 17, 350185).
cost(4, 18, 215926).
cost(4, 19, 265183).
cost(4, 20, 307234).
cost(4, 21, 360012).
cost(4, 22, 109341).
cost(4, 23, 154770).
cost(5, 1, 201795).
cost(5, 2, 501703).
cost(5, 3, 586964).
cost(5, 4, 371325).
cost(5, 6, 362457).
cost(5, 7, 358536).
cost(5, 8, 605807).
cost(5, 9, 623993).
cost(5, 10, 478653).
cost(5, 11, 429759).
cost(5, 12, 538222).
cost(5, 13, 305603).
cost(5, 14, 294578).
cost(5, 15, 385140).
cost(5, 16, 262412).
cost(5, 17, 143670).
cost(5, 18, 317272).
cost(5, 19, 604510).
cost(5, 20, 304170).
cost(5, 21, 459220).
cost(5, 22, 284174).
cost(5, 23, 503110).
cost(6, 1, 183267).
cost(6, 2, 182660).
cost(6, 3, 361445).
cost(6, 4, 103670).
cost(6, 5, 362457).
cost(6, 7, 72309).
cost(6, 8, 274392).
cost(6, 9, 315527).
cost(6, 10, 135232).
cost(6, 11, 68428).
cost(6, 12, 212173).
cost(6, 13, 76521).
cost(6, 14, 133557).
cost(6, 15, 390233).
cost(6, 16, 324389).
cost(6, 17, 301711).
cost(6, 18, 122201).
cost(6, 19, 350963).
cost(6, 20, 217538).
cost(6, 21, 256353).
cost(6, 22, 173182).
cost(6, 23, 146318).
cost(7, 1, 160408).
cost(7, 2, 246865).
cost(7, 3, 298962).
cost(7, 4, 32485).
cost(7, 5, 358536).
cost(7, 6, 72309).
cost(7, 8, 249459).
cost(7, 9, 277710).
cost(7, 10, 193063).
cost(7, 11, 115434).
cost(7, 12, 182243).
cost(7, 13, 55132).
cost(7, 14, 189045).
cost(7, 15, 449813).
cost(7, 16, 371215).
cost(7, 17, 326672).
cost(7, 18, 183652).
cost(7, 19, 294388).
cost(7, 20, 275577).
cost(7, 21, 328482).
cost(7, 22, 117377).
cost(7, 23, 151438).
cost(8, 1, 404488).
cost(8, 2, 316736).
cost(8, 3, 210158).
cost(8, 4, 234541).
cost(8, 5, 605807).
cost(8, 6, 274392).
cost(8, 7, 249459).
cost(8, 9, 65236).
cost(8, 10, 266139).
cost(8, 11, 233806).
cost(8, 12, 67590).
cost(8, 13, 304415).
cost(8, 14, 405438).
cost(8, 15, 649191).
cost(8, 16, 597256).
cost(8, 17, 572071).
cost(8, 18, 389991).
cost(8, 19, 167964).
cost(8, 20, 484118).
cost(8, 21, 464350).
cost(8, 22, 333700).
cost(8, 23, 141642).
cost(9, 1, 422511).
cost(9, 2, 378382).
cost(9, 3, 155905).
cost(9, 4, 256420).
cost(9, 5, 623993).
cost(9, 6, 315527).
cost(9, 7, 277710).
cost(9, 8, 65236).
cost(9, 10, 325575).
cost(9, 11, 284671).
cost(9, 12, 104623).
cost(9, 13, 332422).
cost(9, 14, 448889).
cost(9, 15, 699579).
cost(9, 16, 639848).
cost(9, 17, 604363).
cost(9, 18, 435525).
cost(9, 19, 110002).
cost(9, 20, 530814).
cost(9, 21, 522795).
cost(9, 22, 343119).
cost(9, 23, 197152).
cost(10, 1, 315794).
cost(10, 2, 59425).
cost(10, 3, 422304).
cost(10, 4, 216144).
cost(10, 5, 478653).
cost(10, 6, 135232).
cost(10, 7, 193063).
cost(10, 8, 266139).
cost(10, 9, 325575).
cost(10, 11, 78308).
cost(10, 12, 227571).
cost(10, 13, 211726).
cost(10, 14, 197052).
cost(10, 15, 396468).
cost(10, 16, 371769).
cost(10, 17, 389704).
cost(10, 18, 174437).
cost(10, 19, 397476).
cost(10, 20, 250599).
cost(10, 21, 198309).
cost(10, 22, 306090).
cost(10, 23, 129910).
cost(11, 1, 251025).
cost(11, 2, 135063).
cost(11, 3, 359563).
cost(11, 4, 137843).
cost(11, 5, 429759).
cost(11, 6, 68428).
cost(11, 7, 115434).
cost(11, 8, 233806).
cost(11, 9, 284671).
cost(11, 10, 78308).
cost(11, 12, 180531).
cost(11, 13, 141118).
cost(11, 14, 177002).
cost(11, 15, 415680).
cost(11, 16, 367207).
cost(11, 17, 360450).
cost(11, 18, 158890).
cost(11, 19, 340344).
cost(11, 20, 251104).
cost(11, 21, 246913).
cost(11, 22, 230585).
cost(11, 23, 93786).
cost(12, 1, 336962).
cost(12, 2, 283578).
cost(12, 3, 204020).
cost(12, 4, 166992).
cost(12, 5, 538222).
cost(12, 6, 212173).
cost(12, 7, 182243).
cost(12, 8, 67590).
cost(12, 9, 104623).
cost(12, 10, 227571).
cost(12, 11, 180531).
cost(12, 13, 237311).
cost(12, 14, 345068).
cost(12, 15, 594980).
cost(12, 16, 536488).
cost(12, 17, 506426).
cost(12, 18, 331195).
cost(12, 19, 172405).
cost(12, 20, 426362).
cost(12, 21, 422090).
cost(12, 22, 267700).
cost(12, 23, 97705).
cost(13, 1, 112369).
cost(13, 2, 258160).
cost(13, 3, 343645).
cost(13, 4, 78670).
cost(13, 5, 305603).
cost(13, 6, 76521).
cost(13, 7, 55132).
cost(13, 8, 304415).
cost(13, 9, 332422).
cost(13, 10, 211726).
cost(13, 11, 141118).
cost(13, 12, 237311).
cost(13, 14, 151157).
cost(13, 15, 409509).
cost(13, 16, 323137).
cost(13, 17, 272295).
cost(13, 18, 151639).
cost(13, 19, 343376).
cost(13, 20, 236401).
cost(13, 21, 312806).
cost(13, 22, 99739).
cost(13, 23, 198884).
cost(14, 1, 187491).
cost(14, 2, 209161).
cost(14, 3, 487976).
cost(14, 4, 220699).
cost(14, 5, 294578).
cost(14, 6, 133557).
cost(14, 7, 189045).
cost(14, 8, 405438).
cost(14, 9, 448889).
cost(14, 10, 197052).
cost(14, 11, 177002).
cost(14, 12, 345068).
cost(14, 13, 151157).
cost(14, 15, 260776).
cost(14, 16, 191818).
cost(14, 17, 192735).
cost(14, 18, 23312).
cost(14, 19, 481504).
cost(14, 20, 86544).
cost(14, 21, 186123).
cost(14, 22, 236172).
cost(14, 23, 269769).
cost(15, 1, 407885).
cost(15, 2, 368828).
cost(15, 3, 748693).
cost(15, 4, 481441).
cost(15, 5, 385140).
cost(15, 6, 390233).
cost(15, 7, 449813).
cost(15, 8, 649191).
cost(15, 9, 699579).
cost(15, 10, 396468).
cost(15, 11, 415680).
cost(15, 12, 594980).
cost(15, 13, 409509).
cost(15, 14, 260776).
cost(15, 16, 123713).
cost(15, 17, 244086).
cost(15, 18, 268193).
cost(15, 19, 740985).
cost(15, 20, 174236).
cost(15, 21, 223358).
cost(15, 22, 481403).
cost(15, 23, 507825).
cost(16, 1, 298349).
cost(16, 2, 362610).
cost(16, 3, 666728).
cost(16, 4, 400413).
cost(16, 5, 262412).
cost(16, 6, 324389).
cost(16, 7, 371215).
cost(16, 8, 597256).
cost(16, 9, 639848).
cost(16, 10, 371769).
cost(16, 11, 367207).
cost(16, 12, 536488).
cost(16, 13, 323137).
cost(16, 14, 191818).
cost(16, 15, 123713).
cost(16, 17, 120402).
cost(16, 18, 208331).
cost(16, 19, 665443).
cost(16, 20, 121241).
cost(16, 21, 252016).
cost(16, 22, 379633).
cost(16, 23, 460723).
cost(17, 1, 210553).
cost(17, 2, 398863).
cost(17, 3, 604099).
cost(17, 4, 350185).
cost(17, 5, 143670).
cost(17, 6, 301711).
cost(17, 7, 326672).
cost(17, 8, 572071).
cost(17, 9, 604363).
cost(17, 10, 389704).
cost(17, 11, 360450).
cost(17, 12, 506426).
cost(17, 13, 272295).
cost(17, 14, 192735).
cost(17, 15, 244086).
cost(17, 16, 120402).
cost(17, 18, 215678).
cost(17, 19, 610676).
cost(17, 20, 172460).
cost(17, 21, 328314).
cost(17, 22, 300072).
cost(17, 23, 447814).
cost(18, 1, 201326).
cost(18, 2, 185891).
cost(18, 3, 481420).
cost(18, 4, 215926).
cost(18, 5, 317272).
cost(18, 6, 122201).
cost(18, 7, 183652).
cost(18, 8, 389991).
cost(18, 9, 435525).
cost(18, 10, 174437).
cost(18, 11, 158890).
cost(18, 12, 331195).
cost(18, 13, 151639).
cost(18, 14, 23312).
cost(18, 15, 268193).
cost(18, 16, 208331).
cost(18, 17, 215678).
cost(18, 19, 472794).
cost(18, 20, 95525).
cost(18, 21, 171753).
cost(18, 22, 242341).
cost(18, 23, 252411).
cost(19, 1, 410103).
cost(19, 2, 454814).
cost(19, 3, 47652).
cost(19, 4, 265183).
cost(19, 5, 604510).
cost(19, 6, 350963).
cost(19, 7, 294388).
cost(19, 8, 167964).
cost(19, 9, 110002).
cost(19, 10, 397476).
cost(19, 11, 340344).
cost(19, 12, 172405).
cost(19, 13, 343376).
cost(19, 14, 481504).
cost(19, 15, 740985).
cost(19, 16, 665443).
cost(19, 17, 610676).
cost(19, 18, 472794).
cost(19, 20, 567414).
cost(19, 21, 587007).
cost(19, 22, 321423).
cost(19, 23, 268823).
cost(20, 1, 252610).
cost(20, 2, 242948).
cost(20, 3, 574477).
cost(20, 4, 307234).
cost(20, 5, 304170).
cost(20, 6, 217538).
cost(20, 7, 275577).
cost(20, 8, 484118).
cost(20, 9, 530814).
cost(20, 10, 250599).
cost(20, 11, 251104).
cost(20, 12, 426362).
cost(20, 13, 236401).
cost(20, 14, 86544).
cost(20, 15, 174236).
cost(20, 16, 121241).
cost(20, 17, 172460).
cost(20, 18, 95525).
cost(20, 19, 567414).
cost(20, 21, 156252).
cost(20, 22, 315038).
cost(20, 23, 344860).
cost(21, 1, 372845).
cost(21, 2, 155215).
cost(21, 3, 606161).
cost(21, 4, 360012).
cost(21, 5, 459220).
cost(21, 6, 256353).
cost(21, 7, 328482).
cost(21, 8, 464350).
cost(21, 9, 522795).
cost(21, 10, 198309).
cost(21, 11, 246913).
cost(21, 12, 422090).
cost(21, 13, 312806).
cost(21, 14, 186123).
cost(21, 15, 223358).
cost(21, 16, 252016).
cost(21, 17, 328314).
cost(21, 18, 171753).
cost(21, 19, 587007).
cost(21, 20, 156252).
cost(21, 22, 409660).
cost(21, 23, 325759).
cost(22, 1, 90697).
cost(22, 2, 355826).
cost(22, 3, 307991).
cost(22, 4, 109341).
cost(22, 5, 284174).
cost(22, 6, 173182).
cost(22, 7, 117377).
cost(22, 8, 333700).
cost(22, 9, 343119).
cost(22, 10, 306090).
cost(22, 11, 230585).
cost(22, 12, 267700).
cost(22, 13, 99739).
cost(22, 14, 236172).
cost(22, 15, 481403).
cost(22, 16, 379633).
cost(22, 17, 300072).
cost(22, 18, 242341).
cost(22, 19, 321423).
cost(22, 20, 315038).
cost(22, 21, 409660).
cost(22, 23, 263792).
cost(23, 1, 310290).
cost(23, 2, 186103).
cost(23, 3, 296630).
cost(23, 4, 154770).
cost(23, 5, 503110).
cost(23, 6, 146318).
cost(23, 7, 151438).
cost(23, 8, 141642).
cost(23, 9, 197152).
cost(23, 10, 129910).
cost(23, 11, 93786).
cost(23, 12, 97705).
cost(23, 13, 198884).
cost(23, 14, 269769).
cost(23, 15, 507825).
cost(23, 16, 460723).
cost(23, 17, 447814).
cost(23, 18, 252411).
cost(23, 19, 268823).
cost(23, 20, 344860).
cost(23, 21, 325759).
cost(23, 22, 263792).
