dimension(23).
point(1, -6469.0, 249782.0).
point(2, 330293.0, 129086.0).
point(3, -237816.0, 167647.0).
point(4, 63284.0, -78641.0).
point(5, -41427.0, -119161.0).
point(6, 75326.0, -48263.0).
point(7, -170524.0, 142792.0).
point(8, -119146.0, -39170.0).
point(9, 150181.0, 5696.0).
point(10, -118590.0, 86667.0).
point(11, 46294.0, 208394.0).
point(12, -57774.0, 303451.0).
point(13, 304040.0, -83982.0).
point(14, -37805.0, 27026.0).
point(15, 480418.0, 22333.0).
point(16, -232128.0, 198558.0).
point(17, -97517.0, 550930.0).
point(18, -104689.0, 5590.0).
point(19, -184108.0, 270872.0).
point(20, 280844.0, 6773.0).
point(21, 78437.0, 27045.0).
point(22, 93000.0, -78354.0).
point(23, 120930.0, -104530.0).
cost(1, 2, 357738).
cost(1, 3, 245495).
cost(1, 4, 335749).
cost(1, 5, 370595).
cost(1, 6, 309065).
cost(1, 7, 195859).
cost(1, 8, 310144).
cost(1, 9, 290030).
cost(1, 10, 197933).
cost(1, 11, 67059).
cost(1, 12, 74247).
cost(1, 13, 455866).
cost(1, 14, 224949).
cost(1, 15, 537394).
cost(1, 16, 231400).
cost(1, 17, 314611).
cost(1, 18, 263205).
cost(1, 19, 178887).
cost(1, 20, 376301).
cost(1, 21, 238371).
cost(1, 22, 342881).
cost(1, 23, 376520).
cost(2, 1, 357738).
cost(2, 3, 569416).
cost(2, 4, 338296).
cost(2, 5, 446993).
cost(2, 6, 310581).
cost(2, 7, 501005).
cost(2, 8, 479902).
cost(2, 9, 218324).
cost(2, 10, 450883).
cost(2, 11, 294865).
cost(2, 12, 425440).
cost(2, 13, 214679).
cost(2, 14, 381985).
cost(2, 15, 184211).
cost(2, 16, 566695).
cost(2, 17, 600811).
cost(2, 18, 452173).
cost(2, 19, 533584).
cost(2, 20, 131931).
cost(2, 21, 271742).
cost(2, 22, 315181).
cost(2, 23, 313703).
cost(3, 1, 245495).
cost(3, 2, 569416).
cost(3, 4, 388997).
cost(3, 5, 347602).
cost(3, 6, 380362).
cost(3, 7, 71736).
cost(3, 8, 238445).
cost(3, 9, 420440).
cost(3, 10, 144127).
cost(3, 11, 287017).
cost(3, 12, 225517).
cost(3, 13, 597432).
cost(3, 14, 244497).
cost(3, 15, 732787).
cost(3, 16, 31430).
cost(3, 17, 408154).
cost(3, 18, 209727).
cost(3, 19, 116361).
cost(3, 20, 543036).
cost(3, 21, 346100).
cost(3, 22, 412257).
cost(3, 23, 450310).
cost(4, 1, 335749).
cost(4, 2, 338296).
cost(4, 3, 388997).
cost(4, 5, 112278).
cost(4, 6, 32678).
cost(4, 7, 322023).
cost(4, 8, 186651).
cost(4, 9, 121094).
cost(4, 10, 245774).
cost(4, 11, 287537).
cost(4, 12, 400811).
cost(4, 13, 240815).
cost(4, 14, 146234).
cost(4, 15, 429181).
cost(4, 16, 405102).
cost(4, 17, 649782).
cost(4, 18, 187909).
cost(4, 19, 428208).
cost(4, 20, 233726).
cost(4, 21, 106767).
cost(4, 22, 29717).
cost(4, 23, 63193).
cost(5, 1, 370595).
cost(5, 2, 446993).
cost(5, 3, 347602).
cost(5, 4, 112278).
cost(5, 6, 136594).
cost(5, 7, 292037).
cost(5, 8, 111529).
cost(5, 9, 228698).
cost(5, 10, 219817).
cost(5, 11, 339098).
cost(5, 12, 422928).
cost(5, 13, 347254).
cost(5, 14, 146232).
cost(5, 15, 540687).
cost(5, 16, 370557).
cost(5, 17, 672434).
cost(5, 18, 139875).
cost(5, 19, 415311).
cost(5, 20, 346003).
cost(5, 21, 189060).
cost(5, 22, 140484).
cost(5, 23, 163015).
cost(6, 1, 309065).
cost(6, 2, 310581).
cost(6, 3, 380362).
cost(6, 4, 32678).
cost(6, 5, 136594).
cost(6, 7, 311359).
cost(6, 8, 194684).
cost(6, 9, 92276).
cost(6, 10, 236240).
cost(6, 11, 258294).
cost(6, 12, 376056).
cost(6, 13, 231486).
cost(6, 14, 135894).
cost(6, 15, 411197).
cost(6, 16, 394270).
cost(6, 17, 623624).
cost(6, 18, 187898).
cost(6, 19, 411282).
cost(6, 20, 212760).
cost(6, 21, 75372).
cost(6, 22, 34898).
cost(6, 23, 72427).
cost(7, 1, 195859).
cost(7, 2, 501005).
cost(7, 3, 71736).
cost(7, 4, 322023).
cost(7, 5, 292037).
cost(7, 6, 311359).
cost(7, 8, 189076).
cost(7, 9, 348779).
cost(7, 10, 76467).
cost(7, 11, 226525).
cost(7, 12, 196275).
cost(7, 13, 525963).
cost(7, 14, 176114).
cost(7, 15, 661994).
cost(7, 16, 83096).
cost(7, 17, 414616).
cost(7, 18, 152180).
cost(7, 19, 128798).
cost(7, 20, 471417).
cost(7, 21, 274552).
cost(7, 22, 344021).
cost(7, 23, 382248).
cost(8, 1, 310144).
cost(8, 2, 479902).
cost(8, 3, 238445).
cost(8, 4, 186651).
cost(8, 5, 111529).
cost(8, 6, 194684).
cost(8, 7, 189076).
cost(8, 9, 273038).
cost(8, 10, 125838).
cost(8, 11, 297755).
cost(8, 12, 348074).
cost(8, 13, 425552).
cost(8, 14, 104873).
cost(8, 15, 602710).
cost(8, 16, 263210).
cost(8, 17, 590496).
cost(8, 18, 47037).
cost(8, 19, 316775).
cost(8, 20, 402620).
cost(8, 21, 208383).
cost(8, 22, 215734).
cost(8, 23, 248814).
cost(9, 1, 290030).
cost(9, 2, 218324).
cost(9, 3, 420440).
cost(9, 4, 121094).
cost(9, 5, 228698).
cost(9, 6, 92276).
cost(9, 7, 348779).
cost(9, 8, 273038).
cost(9, 10, 280703).
cost(9, 11, 227770).
cost(9, 12, 363185).
cost(9, 13, 178086).
cost(9, 14, 189192).
cost(9, 15, 330656).
cost(9, 16, 428201).
cost(9, 17, 598861).
cost(9, 18, 254870).
cost(9, 19, 426694).
cost(9, 20, 130667).
cost(9, 21, 74853).
cost(9, 22, 101657).
cost(9, 23, 114041).
cost(10, 1, 197933).
cost(10, 2, 450883).
cost(10, 3, 144127).
cost(10, 4, 245774).
cost(10, 5, 219817).
cost(10, 6, 236240).
cost(10, 7, 76467).
cost(10, 8, 125838).
cost(10, 9, 280703).
cost(10, 11, 204949).
cost(10, 12, 225153).
cost(10, 13, 455782).
cost(10, 14, 100415).
cost(10, 15, 602453).
cost(10, 16, 159407).
cost(10, 17, 464741).
cost(10, 18, 82260).
cost(10, 19, 195510).
cost(10, 20, 407346).
cost(10, 21, 205850).
cost(10, 22, 268332).
cost(10, 23, 306474).
cost(11, 1, 67059).
cost(11, 2, 294865).
cost(11, 3, 287017).
cost(11, 4, 287537).
cost(11, 5, 339098).
cost(11, 6, 258294).
cost(11, 7, 226525).
cost(11, 8, 297755).
cost(11, 9, 227770).
cost(11, 10, 204949).
cost(11, 12, 140947).
cost(11, 13, 389765).
cost(11, 14, 199917).
cost(11, 15, 472316).
cost(11, 16, 278596).
cost(11, 17, 371500).
cost(11, 18, 252835).
cost(11, 19, 238723).
cost(11, 20, 309297).
cost(11, 21, 184176).
cost(11, 22, 290527).
cost(11, 23, 321702).
cost(12, 1, 74247).
cost(12, 2, 425440).
cost(12, 3, 225517).
cost(12, 4, 400811).
cost(12, 5, 422928).
cost(12, 6, 376056).
cost(12, 7, 196275).
cost(12, 8, 348074).
cost(12, 9, 363185).
cost(12, 10, 225153).
cost(12, 11, 140947).
cost(12, 13, 530107).
cost(12, 14, 277145).
cost(12, 15, 607189).
cost(12, 16, 203474).
cost(12, 17, 250650).
cost(12, 18, 301533).
cost(12, 19, 130467).
cost(12, 20, 450200).
cost(12, 21, 308146).
cost(12, 22, 410497).
cost(12, 23, 445403).
cost(13, 1, 455866).
cost(13, 2, 214679).
cost(13, 3, 597432).
cost(13, 4, 240815).
cost(13, 5, 347254).
cost(13, 6, 231486).
cost(13, 7, 525963).
cost(13, 8, 425552).
cost(13, 9, 178086).
cost(13, 10, 455782).
cost(13, 11, 389765).
cost(13, 12, 530107).
cost(13, 14, 359417).
cost(13, 15, 205942).
cost(13, 16, 606057).
cost(13, 17, 751240).
cost(13, 18, 418429).
cost(13, 19, 603498).
cost(13, 20, 93672).
cost(13, 21, 251443).
cost(13, 22, 211115).
cost(13, 23, 184259).
cost(14, 1, 224949).
cost(14, 2, 381985).
cost(14, 3, 244497).
cost(14, 4, 146234).
cost(14, 5, 146232).
cost(14, 6, 135894).
cost(14, 7, 176114).
cost(14, 8, 104873).
cost(14, 9, 189192).
cost(14, 10, 100415).
cost(14, 11, 199917).
cost(14, 12, 277145).
cost(14, 13, 359417).
cost(14, 15, 518244).
cost(14, 16, 259200).
cost(14, 17, 527296).
cost(14, 18, 70235).
cost(14, 19, 284368).
cost(14, 20, 319292).
cost(14, 21, 116242).
cost(14, 22, 167973).
cost(14, 23, 206164).
cost(15, 1, 537394).
cost(15, 2, 184211).
cost(15, 3, 732787).
cost(15, 4, 429181).
cost(15, 5, 540687).
cost(15, 6, 411197).
cost(15, 7, 661994).
cost(15, 8, 602710).
cost(15, 9, 330656).
cost(15, 10, 602453).
cost(15, 11, 472316).
cost(15, 12, 607189).
cost(15, 13, 205942).
cost(15, 14, 518244).
cost(15, 16, 734014).
cost(15, 17, 783214).
cost(15, 18, 585347).
cost(15, 19, 709483).
cost(15, 20, 200180).
cost(15, 21, 402009).
cost(15, 22, 400288).
cost(15, 23, 381216).
cost(16, 1, 231400).
cost(16, 2, 566695).
cost(16, 3, 31430).
cost(16, 4, 405102).
cost(16, 5, 370557).
cost(16, 6, 394270).
cost(16, 7, 83096).
cost(16, 8, 263210).
cost(16, 9, 428201).
cost(16, 10, 159407).
cost(16, 11, 278596).
cost(16, 12, 203474).
cost(16, 13, 606057).
cost(16, 14, 259200).
cost(16, 15, 734014).
cost(16, 17, 377208).
cost(16, 18, 231252).
cost(16, 19, 86806).
cost(16, 20, 547651).
cost(16, 21, 354778).
cost(16, 22, 427070).
cost(16, 23, 465309).
cost(17, 1, 314611).
cost(17, 2, 600811).
cost(17, 3, 408154).
cost(17, 4, 649782).
cost(17, 5, 672434).
cost(17, 6, 623624).
cost(17, 7, 414616).
cost(17, 8, 590496).
cost(17, 9, 598861).
cost(17, 10, 464741).
cost(17, 11, 371500).
cost(17, 12, 250650).
cost(17, 13, 751240).
cost(17, 14, 527296).
cost(17, 15, 783214).
cost(17, 16, 377208).
cost(17, 18, 545387).
cost(17, 19, 293139).
cost(17, 20, 662770).
cost(17, 21, 552644).
cost(17, 22, 657492).
cost(17, 23, 690903).
cost(18, 1, 263205).
cost(18, 2, 452173).
cost(18, 3, 209727).
cost(18, 4, 187909).
cost(18, 5, 139875).
cost(18, 6, 187898).
cost(18, 7, 152180).
cost(18, 8, 47037).
cost(18, 9, 254870).
cost(18, 10, 82260).
cost(18, 11, 252835).
cost(18, 12, 301533).
cost(18, 13, 418429).
cost(18, 14, 70235).
cost(18, 15, 585347).
cost(18, 16, 231252).
cost(18, 17, 545387).
cost(18, 19, 276915).
cost(18, 20, 385535).
cost(18, 21, 184379).
cost(18, 22, 214773).
cost(18, 23, 251058).
cost(19, 1, 178887).
cost(19, 2, 533584).
cost(19, 3, 116361).
cost(19, 4, 428208).
cost(19, 5, 415311).
cost(19, 6, 411282).
cost(19, 7, 128798).
cost(19, 8, 316775).
cost(19, 9, 426694).
cost(19, 10, 195510).
cost(19, 11, 238723).
cost(19, 12, 130467).
cost(19, 13, 603498).
cost(19, 14, 284368).
cost(19, 15, 709483).
cost(19, 16, 86806).
cost(19, 17, 293139).
cost(19, 18, 276915).
cost(19, 20, 534723).
cost(19, 21, 358304).
cost(19, 22, 445811).
cost(19, 23, 483709).
cost(20, 1, 376301).
cost(20, 2, 131931).
cost(20, 3, 543036).
cost(20, 4, 233726).
cost(20, 5, 346003).
cost(20, 6, 212760).
cost(20, 7, 471417).
cost(20, 8, 402620).
cost(20, 9, 130667).
cost(20, 10, 407346).
cost(20, 11, 309297).
cost(20, 12, 450200).
cost(20, 13, 93672).
cost(20, 14, 319292).
cost(20, 15, 200180).
cost(20, 16, 547651).
cost(20, 17, 662770).
cost(20, 18, 385535).
cost(20, 19, 534723).
cost(20, 21, 203420).
cost(20, 22, 206233).
cost(20, 23, 194835).
cost(21, 1, 238371).
cost(21, 2, 271742).
cost(21, 3, 346100).
cost(21, 4, 106767).
cost(21, 5, 189060).
cost(21, 6, 75372).
cost(21, 7, 274552).
cost(21, 8, 208383).
cost(21, 9, 74853).
cost(21, 10, 205850).
cost(21, 11, 184176).
cost(21, 12, 308146).
cost(21, 13, 251443).
cost(21, 14, 116242).
cost(21, 15, 402009).
cost(21, 16, 354778).
cost(21, 17, 552644).
cost(21, 18, 184379).
cost(21, 19, 358304).
cost(21, 20, 203420).
cost(21, 22, 106400).
cost(21, 23, 138267).
cost(22, 1, 342881).
cost(22, 2, 315181).
cost(22, 3, 412257).
cost(22, 4, 29717).
cost(22, 5, 140484).
cost(22, 6, 34898).
cost(22, 7, 344021).
cost(22, 8, 215734).
cost(22, 9, 101657).
cost(22, 10, 268332).
cost(22, 11, 290527).
cost(22, 12, 410497).
cost(22, 13, 211115).
cost(22, 14, 167973).
cost(22, 15, 400288).
cost(22, 16, 427070).
cost(22, 17, 657492).
cost(22, 18, 214773).
cost(22, 19, 445811).
cost(22, 20, 206233).
cost(22, 21, 106400).
cost(22, 23, 38279).
cost(23, 1, 376520).
cost(23, 2, 313703).
cost(23, 3, 450310).
cost(23, 4, 63193).
cost(23, 5, 163015).
cost(23, 6, 72427).
cost(23, 7, 382248).
cost(23, 8, 248814).
cost(23, 9, 114041).
cost(23, 10, 306474).
cost(23, 11, 321702).
cost(23, 12, 445403).
cost(23, 13, 184259).
cost(23, 14, 206164).
cost(23, 15, 381216).
cost(23, 16, 465309).
cost(23, 17, 690903).
cost(23, 18, 251058).
cost(23, 19, 483709).
cost(23, 20, 194835).
cost(23, 21, 138267).
cost(23, 22, 38279).
