dimension(23).
point(1, -77281.0, 163873.0).
point(2, 65788.0, -141106.0).
point(3, 179237.0, 10567.0).
point(4, 101303.0, 221541.0).
point(5, -128914.0, 147323.0).
point(6, 66627.0, -103052.0).
point(7, 279835.0, 468566.0).
point(8, 158861.0, -192326.0).
point(9, -103873.0, -144496.0).
point(10, 54015.0, -291047.0).
point(11, 130516.0, -69075.0).
point(12, -158463.0, 109396.0).
point(13, -193295.0, -291851.0).
point(14, 3359.0, 30169.0).
point(15, 135296.0, 298401.0).
point(16, -103269.0, -26761.0).
point(17, 134064.0, -288555.0).
point(18, 7664.0, -29211.0).
point(19, 112111.0, 119040.0).
point(20, 137078.0, 163580.0).
point(21, -376813.0, 51205.0).
point(22, -38229.0, -204603.0).
point(23, -576859.0, -80150.0).
cost(1, 2, 336869).
cost(1, 3, 298838).
cost(1, 4, 187664).
cost(1, 5, 54221).
cost(1, 6, 303247).
cost(1, 7, 469435).
cost(1, 8, 427365).
cost(1, 9, 309513).
cost(1, 10, 473488).
cost(1, 11, 312161).
cost(1, 12, 97766).
cost(1, 13, 470259).
cost(1, 14, 156140).
cost(1, 15, 251569).
cost(1, 16, 192397).
cost(1, 17, 499357).
cost(1, 18, 210943).
cost(1, 19, 194626).
cost(1, 20, 214359).
cost(1, 21, 320021).
cost(1, 22, 370540).
cost(1, 23, 555990).
cost(2, 1, 336869).
cost(2, 3, 189408).
cost(2, 4, 364382).
cost(2, 5, 347994).
cost(2, 6, 38063).
cost(2, 7, 646155).
cost(2, 8, 106236).
cost(2, 9, 169695).
cost(2, 10, 150402).
cost(2, 11, 96841).
cost(2, 12, 336214).
cost(2, 13, 299747).
cost(2, 14, 182298).
cost(2, 15, 444969).
cost(2, 16, 204096).
cost(2, 17, 162489).
cost(2, 18, 126091).
cost(2, 19, 264238).
cost(2, 20, 312915).
cost(2, 21, 482576).
cost(2, 22, 121866).
cost(2, 23, 645531).
cost(3, 1, 298838).
cost(3, 2, 189408).
cost(3, 4, 224908).
cost(3, 5, 337134).
cost(3, 6, 159970).
cost(3, 7, 468917).
cost(3, 8, 203914).
cost(3, 9, 322794).
cost(3, 10, 326575).
cost(3, 11, 93363).
cost(3, 12, 351864).
cost(3, 13, 479830).
cost(3, 14, 176967).
cost(3, 15, 291169).
cost(3, 16, 284961).
cost(3, 17, 302514).
cost(3, 18, 176124).
cost(3, 19, 127563).
cost(3, 20, 158715).
cost(3, 21, 557533).
cost(3, 22, 305924).
cost(3, 23, 761519).
cost(4, 1, 187664).
cost(4, 2, 364382).
cost(4, 3, 224908).
cost(4, 5, 241885).
cost(4, 6, 326440).
cost(4, 7, 304787).
cost(4, 8, 417850).
cost(4, 9, 419619).
cost(4, 10, 514765).
cost(4, 11, 292081).
cost(4, 12, 282940).
cost(4, 13, 591912).
cost(4, 14, 214980).
cost(4, 15, 84042).
cost(4, 16, 321720).
cost(4, 17, 511147).
cost(4, 18, 267666).
cost(4, 19, 103069).
cost(4, 20, 68113).
cost(4, 21, 507552).
cost(4, 22, 448406).
cost(4, 23, 742241).
cost(5, 1, 54221).
cost(5, 2, 347994).
cost(5, 3, 337134).
cost(5, 4, 241885).
cost(5, 6, 317685).
cost(5, 7, 519878).
cost(5, 8, 445170).
cost(5, 9, 292891).
cost(5, 10, 475007).
cost(5, 11, 337834).
cost(5, 12, 48079).
cost(5, 13, 443868).
cost(5, 14, 176695).
cost(5, 15, 304354).
cost(5, 16, 175963).
cost(5, 17, 509065).
cost(5, 18, 223199).
cost(5, 19, 242679).
cost(5, 20, 266488).
cost(5, 21, 265881).
cost(5, 22, 363422).
cost(5, 23, 502393).
cost(6, 1, 303247).
cost(6, 2, 38063).
cost(6, 3, 159970).
cost(6, 4, 326440).
cost(6, 5, 317685).
cost(6, 7, 610086).
cost(6, 8, 128363).
cost(6, 9, 175465).
cost(6, 10, 188418).
cost(6, 11, 72362).
cost(6, 12, 309515).
cost(6, 13, 321255).
cost(6, 14, 147481).
cost(6, 15, 407284).
cost(6, 16, 186239).
cost(6, 17, 197381).
cost(6, 18, 94494).
cost(6, 19, 226702).
cost(6, 20, 275782).
cost(6, 21, 469504).
cost(6, 22, 145970).
cost(6, 23, 643893).
cost(7, 1, 469435).
cost(7, 2, 646155).
cost(7, 3, 468917).
cost(7, 4, 304787).
cost(7, 5, 519878).
cost(7, 6, 610086).
cost(7, 8, 671873).
cost(7, 9, 723241).
cost(7, 10, 792469).
cost(7, 11, 557991).
cost(7, 12, 566664).
cost(7, 13, 895593).
cost(7, 14, 518296).
cost(7, 15, 223266).
cost(7, 16, 626193).
cost(7, 17, 771026).
cost(7, 18, 567326).
cost(7, 19, 387685).
cost(7, 20, 336743).
cost(7, 21, 778060).
cost(7, 22, 744528).
cost(7, 23, 1017356).
cost(8, 1, 427365).
cost(8, 2, 106236).
cost(8, 3, 203914).
cost(8, 4, 417850).
cost(8, 5, 445170).
cost(8, 6, 128363).
cost(8, 7, 671873).
cost(8, 9, 267052).
cost(8, 10, 144009).
cost(8, 11, 126468).
cost(8, 12, 437871).
cost(8, 13, 365950).
cost(8, 14, 271450).
cost(8, 15, 491292).
cost(8, 16, 310039).
cost(8, 17, 99373).
cost(8, 18, 222412).
cost(8, 19, 314856).
cost(8, 20, 356572).
cost(8, 21, 588433).
cost(8, 22, 197472).
cost(8, 23, 744223).
cost(9, 1, 309513).
cost(9, 2, 169695).
cost(9, 3, 322794).
cost(9, 4, 419619).
cost(9, 5, 292891).
cost(9, 6, 175465).
cost(9, 7, 723241).
cost(9, 8, 267052).
cost(9, 10, 215420).
cost(9, 11, 246225).
cost(9, 12, 259694).
cost(9, 13, 172365).
cost(9, 14, 204955).
cost(9, 15, 503348).
cost(9, 16, 117737).
cost(9, 17, 278149).
cost(9, 18, 160409).
cost(9, 19, 340735).
cost(9, 20, 391112).
cost(9, 21, 335850).
cost(9, 22, 89006).
cost(9, 23, 477343).
cost(10, 1, 473488).
cost(10, 2, 150402).
cost(10, 3, 326575).
cost(10, 4, 514765).
cost(10, 5, 475007).
cost(10, 6, 188418).
cost(10, 7, 792469).
cost(10, 8, 144009).
cost(10, 9, 215420).
cost(10, 11, 234785).
cost(10, 12, 453323).
cost(10, 13, 247311).
cost(10, 14, 325186).
cost(10, 15, 595026).
cost(10, 16, 307547).
cost(10, 17, 80088).
cost(10, 18, 265907).
cost(10, 19, 414182).
cost(10, 20, 462153).
cost(10, 21, 550226).
cost(10, 22, 126418).
cost(10, 23, 665191).
cost(11, 1, 312161).
cost(11, 2, 96841).
cost(11, 3, 93363).
cost(11, 4, 292081).
cost(11, 5, 337834).
cost(11, 6, 72362).
cost(11, 7, 557991).
cost(11, 8, 126468).
cost(11, 9, 246225).
cost(11, 10, 234785).
cost(11, 12, 339648).
cost(11, 13, 393043).
cost(11, 14, 161302).
cost(11, 15, 367507).
cost(11, 16, 237583).
cost(11, 17, 219509).
cost(11, 18, 129158).
cost(11, 19, 189013).
cost(11, 20, 232748).
cost(11, 21, 521392).
cost(11, 22, 216432).
cost(11, 23, 707462).
cost(12, 1, 97766).
cost(12, 2, 336214).
cost(12, 3, 351864).
cost(12, 4, 282940).
cost(12, 5, 48079).
cost(12, 6, 309515).
cost(12, 7, 566664).
cost(12, 8, 437871).
cost(12, 9, 259694).
cost(12, 10, 453323).
cost(12, 11, 339648).
cost(12, 13, 402756).
cost(12, 14, 180176).
cost(12, 15, 349310).
cost(12, 16, 146919).
cost(12, 17, 493900).
cost(12, 18, 216356).
cost(12, 19, 270746).
cost(12, 20, 300467).
cost(12, 21, 225971).
cost(12, 22, 336231).
cost(12, 23, 459329).
cost(13, 1, 470259).
cost(13, 2, 299747).
cost(13, 3, 479830).
cost(13, 4, 591912).
cost(13, 5, 443868).
cost(13, 6, 321255).
cost(13, 7, 895593).
cost(13, 8, 365950).
cost(13, 9, 172365).
cost(13, 10, 247311).
cost(13, 11, 393043).
cost(13, 12, 402756).
cost(13, 14, 377319).
cost(13, 15, 675551).
cost(13, 16, 279960).
cost(13, 17, 327376).
cost(13, 18, 330703).
cost(13, 19, 511961).
cost(13, 20, 562640).
cost(13, 21, 389058).
cost(13, 22, 177926).
cost(13, 23, 438108).
cost(14, 1, 156140).
cost(14, 2, 182298).
cost(14, 3, 176967).
cost(14, 4, 214980).
cost(14, 5, 176695).
cost(14, 6, 147481).
cost(14, 7, 518296).
cost(14, 8, 271450).
cost(14, 9, 204955).
cost(14, 10, 325186).
cost(14, 11, 161302).
cost(14, 12, 180176).
cost(14, 13, 377319).
cost(14, 15, 298924).
cost(14, 16, 120874).
cost(14, 17, 344483).
cost(14, 18, 59536).
cost(14, 19, 140446).
cost(14, 20, 188890).
cost(14, 21, 380754).
cost(14, 22, 238427).
cost(14, 23, 590613).
cost(15, 1, 251569).
cost(15, 2, 444969).
cost(15, 3, 291169).
cost(15, 4, 84042).
cost(15, 5, 304354).
cost(15, 6, 407284).
cost(15, 7, 223266).
cost(15, 8, 491292).
cost(15, 9, 503348).
cost(15, 10, 595026).
cost(15, 11, 367507).
cost(15, 12, 349310).
cost(15, 13, 675551).
cost(15, 14, 298924).
cost(15, 16, 403291).
cost(15, 17, 586957).
cost(15, 18, 351596).
cost(15, 19, 180853).
cost(15, 20, 134833).
cost(15, 21, 568649).
cost(15, 22, 532094).
cost(15, 23, 806514).
cost(16, 1, 192397).
cost(16, 2, 204096).
cost(16, 3, 284961).
cost(16, 4, 321720).
cost(16, 5, 175963).
cost(16, 6, 186239).
cost(16, 7, 626193).
cost(16, 8, 310039).
cost(16, 9, 117737).
cost(16, 10, 307547).
cost(16, 11, 237583).
cost(16, 12, 146919).
cost(16, 13, 279960).
cost(16, 14, 120874).
cost(16, 15, 403291).
cost(16, 17, 353360).
cost(16, 18, 110960).
cost(16, 19, 260089).
cost(16, 20, 306588).
cost(16, 21, 284438).
cost(16, 22, 189362).
cost(16, 23, 476590).
cost(17, 1, 499357).
cost(17, 2, 162489).
cost(17, 3, 302514).
cost(17, 4, 511147).
cost(17, 5, 509065).
cost(17, 6, 197381).
cost(17, 7, 771026).
cost(17, 8, 99373).
cost(17, 9, 278149).
cost(17, 10, 80088).
cost(17, 11, 219509).
cost(17, 12, 493900).
cost(17, 13, 327376).
cost(17, 14, 344483).
cost(17, 15, 586957).
cost(17, 16, 353360).
cost(17, 18, 288507).
cost(17, 19, 408186).
cost(17, 20, 452145).
cost(17, 21, 613541).
cost(17, 22, 191658).
cost(17, 23, 740840).
cost(18, 1, 210943).
cost(18, 2, 126091).
cost(18, 3, 176124).
cost(18, 4, 267666).
cost(18, 5, 223199).
cost(18, 6, 94494).
cost(18, 7, 567326).
cost(18, 8, 222412).
cost(18, 9, 160409).
cost(18, 10, 265907).
cost(18, 11, 129158).
cost(18, 12, 216356).
cost(18, 13, 330703).
cost(18, 14, 59536).
cost(18, 15, 351596).
cost(18, 16, 110960).
cost(18, 17, 288507).
cost(18, 19, 181349).
cost(18, 20, 232199).
cost(18, 21, 392797).
cost(18, 22, 181297).
cost(18, 23, 586738).
cost(19, 1, 194626).
cost(19, 2, 264238).
cost(19, 3, 127563).
cost(19, 4, 103069).
cost(19, 5, 242679).
cost(19, 6, 226702).
cost(19, 7, 387685).
cost(19, 8, 314856).
cost(19, 9, 340735).
cost(19, 10, 414182).
cost(19, 11, 189013).
cost(19, 12, 270746).
cost(19, 13, 511961).
cost(19, 14, 140446).
cost(19, 15, 180853).
cost(19, 16, 260089).
cost(19, 17, 408186).
cost(19, 18, 181349).
cost(19, 20, 51060).
cost(19, 21, 493607).
cost(19, 22, 356857).
cost(19, 23, 717186).
cost(20, 1, 214359).
cost(20, 2, 312915).
cost(20, 3, 158715).
cost(20, 4, 68113).
cost(20, 5, 266488).
cost(20, 6, 275782).
cost(20, 7, 336743).
cost(20, 8, 356572).
cost(20, 9, 391112).
cost(20, 10, 462153).
cost(20, 11, 232748).
cost(20, 12, 300467).
cost(20, 13, 562640).
cost(20, 14, 188890).
cost(20, 15, 134833).
cost(20, 16, 306588).
cost(20, 17, 452145).
cost(20, 18, 232199).
cost(20, 19, 51060).
cost(20, 21, 526034).
cost(20, 22, 407788).
cost(20, 23, 754394).
cost(21, 1, 320021).
cost(21, 2, 482576).
cost(21, 3, 557533).
cost(21, 4, 507552).
cost(21, 5, 265881).
cost(21, 6, 469504).
cost(21, 7, 778060).
cost(21, 8, 588433).
cost(21, 9, 335850).
cost(21, 10, 550226).
cost(21, 11, 521392).
cost(21, 12, 225971).
cost(21, 13, 389058).
cost(21, 14, 380754).
cost(21, 15, 568649).
cost(21, 16, 284438).
cost(21, 17, 613541).
cost(21, 18, 392797).
cost(21, 19, 493607).
cost(21, 20, 526034).
cost(21, 22, 424355).
cost(21, 23, 239317).
cost(22, 1, 370540).
cost(22, 2, 121866).
cost(22, 3, 305924).
cost(22, 4, 448406).
cost(22, 5, 363422).
cost(22, 6, 145970).
cost(22, 7, 744528).
cost(22, 8, 197472).
cost(22, 9, 89006).
cost(22, 10, 126418).
cost(22, 11, 216432).
cost(22, 12, 336231).
cost(22, 13, 177926).
cost(22, 14, 238427).
cost(22, 15, 532094).
cost(22, 16, 189362).
cost(22, 17, 191658).
cost(22, 18, 181297).
cost(22, 19, 356857).
cost(22, 20, 407788).
cost(22, 21, 424355).
cost(22, 23, 552821).
cost(23, 1, 555990).
cost(23, 2, 645531).
cost(23, 3, 761519).
cost(23, 4, 742241).
cost(23, 5, 502393).
cost(23, 6, 643893).
cost(23, 7, 1017356).
cost(23, 8, 744223).
cost(23, 9, 477343).
cost(23, 10, 665191).
cost(23, 11, 707462).
cost(23, 12, 459329).
cost(23, 13, 438108).
cost(23, 14, 590613).
cost(23, 15, 806514).
cost(23, 16, 476590).
cost(23, 17, 740840).
cost(23, 18, 586738).
cost(23, 19, 717186).
cost(23, 20, 754394).
cost(23, 21, 239317).
cost(23, 22, 552821).
