dimension(23).
point(1, -366784.0, -1868.0).
point(2, 87321.0, -260623.0).
point(3, -326646.0, 68658.0).
point(4, -178108.0, 13979.0).
point(5, 170304.0, -154951.0).
point(6, 91947.0, -567850.0).
point(7, 174756.0, -110113.0).
point(8, 209951.0, 341507.0).
point(9, 76205.0, -126912.0).
point(10, -127977.0, -209767.0).
point(11, 32989.0, 28657.0).
point(12, 81426.0, 282819.0).
point(13, -388922.0, -213442.0).
point(14, 368135.0, 237978.0).
point(15, 37491.0, -19068.0).
point(16, -183551.0, 195547.0).
point(17, 288847.0, -165317.0).
point(18, 255098.0, 41152.0).
point(19, -144119.0, -162909.0).
point(20, 33809.0, 368605.0).
point(21, 9851.0, -49986.0).
point(22, -47972.0, 116467.0).
point(23, 197379.0, 27738.0).
cost(1, 2, 522652).
cost(1, 3, 81148).
cost(1, 4, 189340).
cost(1, 5, 558478).
cost(1, 6, 728539).
cost(1, 7, 552252).
cost(1, 8, 671215).
cost(1, 9, 460299).
cost(1, 10, 316624).
cost(1, 11, 400937).
cost(1, 12, 530979).
cost(1, 13, 212729).
cost(1, 14, 773067).
cost(1, 15, 404641).
cost(1, 16, 269346).
cost(1, 17, 675698).
cost(1, 18, 623368).
cost(1, 19, 274798).
cost(1, 20, 545642).
cost(1, 21, 379696).
cost(1, 22, 340065).
cost(1, 23, 564939).
cost(2, 1, 522652).
cost(2, 3, 528956).
cost(2, 4, 381915).
cost(2, 5, 134361).
cost(2, 6, 307262).
cost(2, 7, 174064).
cost(2, 8, 614491).
cost(2, 9, 134172).
cost(2, 10, 221223).
cost(2, 11, 294338).
cost(2, 12, 543474).
cost(2, 13, 478574).
cost(2, 14, 572241).
cost(2, 15, 246641).
cost(2, 16, 530531).
cost(2, 17, 222926).
cost(2, 18, 345279).
cost(2, 19, 251222).
cost(2, 20, 631499).
cost(2, 21, 224432).
cost(2, 22, 400626).
cost(2, 23, 308650).
cost(3, 1, 81148).
cost(3, 2, 528956).
cost(3, 4, 158282).
cost(3, 5, 544941).
cost(3, 6, 761815).
cost(3, 7, 532319).
cost(3, 8, 601982).
cost(3, 9, 447813).
cost(3, 10, 342038).
cost(3, 11, 361853).
cost(3, 12, 460855).
cost(3, 13, 288892).
cost(3, 14, 715115).
cost(3, 15, 374555).
cost(3, 16, 191251).
cost(3, 17, 658465).
cost(3, 18, 582394).
cost(3, 19, 294855).
cost(3, 20, 468931).
cost(3, 21, 356801).
cost(3, 22, 282745).
cost(3, 23, 525620).
cost(4, 1, 189340).
cost(4, 2, 381915).
cost(4, 3, 158282).
cost(4, 5, 387206).
cost(4, 6, 641447).
cost(4, 7, 374048).
cost(4, 8, 507803).
cost(4, 9, 290732).
cost(4, 10, 229293).
cost(4, 11, 211607).
cost(4, 12, 373675).
cost(4, 13, 310101).
cost(4, 14, 590387).
cost(4, 15, 218117).
cost(4, 16, 181650).
cost(4, 17, 500194).
cost(4, 18, 434057).
cost(4, 19, 180124).
cost(4, 20, 413120).
cost(4, 21, 198545).
cost(4, 22, 165648).
cost(4, 23, 375739).
cost(5, 1, 558478).
cost(5, 2, 134361).
cost(5, 3, 544941).
cost(5, 4, 387206).
cost(5, 6, 420268).
cost(5, 7, 45058).
cost(5, 8, 498039).
cost(5, 9, 98188).
cost(5, 10, 303276).
cost(5, 11, 229276).
cost(5, 12, 446701).
cost(5, 13, 562277).
cost(5, 14, 439921).
cost(5, 15, 190009).
cost(5, 16, 498058).
cost(5, 17, 118995).
cost(5, 18, 213650).
cost(5, 19, 314524).
cost(5, 20, 541056).
cost(5, 21, 191736).
cost(5, 22, 348299).
cost(5, 23, 184684).
cost(6, 1, 728539).
cost(6, 2, 307262).
cost(6, 3, 761815).
cost(6, 4, 641447).
cost(6, 5, 420268).
cost(6, 7, 465167).
cost(6, 8, 916982).
cost(6, 9, 441219).
cost(6, 10, 420226).
cost(6, 11, 599414).
cost(6, 12, 850734).
cost(6, 13, 597361).
cost(6, 14, 851844).
cost(6, 15, 551477).
cost(6, 16, 811587).
cost(6, 17, 448110).
cost(6, 18, 630477).
cost(6, 19, 468726).
cost(6, 20, 938258).
cost(6, 21, 524331).
cost(6, 22, 698475).
cost(6, 23, 604848).
cost(7, 1, 552252).
cost(7, 2, 174064).
cost(7, 3, 532319).
cost(7, 4, 374048).
cost(7, 5, 45058).
cost(7, 6, 465167).
cost(7, 8, 452989).
cost(7, 9, 99973).
cost(7, 10, 318713).
cost(7, 11, 198381).
cost(7, 12, 403864).
cost(7, 13, 573070).
cost(7, 14, 398199).
cost(7, 15, 164715).
cost(7, 16, 470969).
cost(7, 17, 126745).
cost(7, 18, 171277).
cost(7, 19, 323216).
cost(7, 20, 499036).
cost(7, 21, 175525).
cost(7, 22, 317720).
cost(7, 23, 139695).
cost(8, 1, 671215).
cost(8, 2, 614491).
cost(8, 3, 601982).
cost(8, 4, 507803).
cost(8, 5, 498039).
cost(8, 6, 916982).
cost(8, 7, 452989).
cost(8, 9, 487139).
cost(8, 10, 646605).
cost(8, 11, 359431).
cost(8, 12, 141290).
cost(8, 13, 816466).
cost(8, 14, 189051).
cost(8, 15, 399696).
cost(8, 16, 419700).
cost(8, 17, 512928).
cost(8, 18, 303729).
cost(8, 19, 616280).
cost(8, 20, 178214).
cost(8, 21, 439667).
cost(8, 22, 342297).
cost(8, 23, 314021).
cost(9, 1, 460299).
cost(9, 2, 134172).
cost(9, 3, 447813).
cost(9, 4, 290732).
cost(9, 5, 98188).
cost(9, 6, 441219).
cost(9, 7, 99973).
cost(9, 8, 487139).
cost(9, 10, 220353).
cost(9, 11, 161460).
cost(9, 12, 409764).
cost(9, 13, 473107).
cost(9, 14, 467298).
cost(9, 15, 114582).
cost(9, 16, 414069).
cost(9, 17, 216082).
cost(9, 18, 245455).
cost(9, 19, 223245).
cost(9, 20, 497327).
cost(9, 21, 101590).
cost(9, 22, 273227).
cost(9, 23, 196468).
cost(10, 1, 316624).
cost(10, 2, 221223).
cost(10, 3, 342038).
cost(10, 4, 229293).
cost(10, 5, 303276).
cost(10, 6, 420226).
cost(10, 7, 318713).
cost(10, 8, 646605).
cost(10, 9, 220353).
cost(10, 11, 287674).
cost(10, 12, 535248).
cost(10, 13, 260971).
cost(10, 14, 668283).
cost(10, 15, 252479).
cost(10, 16, 409106).
cost(10, 17, 419187).
cost(10, 18, 457938).
cost(10, 19, 49560).
cost(10, 20, 600574).
cost(10, 21, 211013).
cost(10, 22, 335901).
cost(10, 23, 402821).
cost(11, 1, 400937).
cost(11, 2, 294338).
cost(11, 3, 361853).
cost(11, 4, 211607).
cost(11, 5, 229276).
cost(11, 6, 599414).
cost(11, 7, 198381).
cost(11, 8, 359431).
cost(11, 9, 161460).
cost(11, 10, 287674).
cost(11, 12, 258736).
cost(11, 13, 486437).
cost(11, 14, 395143).
cost(11, 15, 47937).
cost(11, 16, 273390).
cost(11, 17, 321075).
cost(11, 18, 222460).
cost(11, 19, 260892).
cost(11, 20, 339949).
cost(11, 21, 81976).
cost(11, 22, 119437).
cost(11, 23, 164393).
cost(12, 1, 530979).
cost(12, 2, 543474).
cost(12, 3, 460855).
cost(12, 4, 373675).
cost(12, 5, 446701).
cost(12, 6, 850734).
cost(12, 7, 403864).
cost(12, 8, 141290).
cost(12, 9, 409764).
cost(12, 10, 535248).
cost(12, 11, 258736).
cost(12, 13, 683741).
cost(12, 14, 290194).
cost(12, 15, 305067).
cost(12, 16, 278979).
cost(12, 17, 493811).
cost(12, 18, 297599).
cost(12, 19, 499544).
cost(12, 20, 98115).
cost(12, 21, 340415).
cost(12, 22, 210753).
cost(12, 23, 280199).
cost(13, 1, 212729).
cost(13, 2, 478574).
cost(13, 3, 288892).
cost(13, 4, 310101).
cost(13, 5, 562277).
cost(13, 6, 597361).
cost(13, 7, 573070).
cost(13, 8, 816466).
cost(13, 9, 473107).
cost(13, 10, 260971).
cost(13, 11, 486437).
cost(13, 12, 683741).
cost(13, 14, 881428).
cost(13, 15, 468625).
cost(13, 16, 457656).
cost(13, 17, 679475).
cost(13, 18, 692517).
cost(13, 19, 249964).
cost(13, 20, 719361).
cost(13, 21, 430973).
cost(13, 22, 474433).
cost(13, 23, 633969).
cost(14, 1, 773067).
cost(14, 2, 572241).
cost(14, 3, 715115).
cost(14, 4, 590387).
cost(14, 5, 439921).
cost(14, 6, 851844).
cost(14, 7, 398199).
cost(14, 8, 189051).
cost(14, 9, 467298).
cost(14, 10, 668283).
cost(14, 11, 395143).
cost(14, 12, 290194).
cost(14, 13, 881428).
cost(14, 15, 418806).
cost(14, 16, 553315).
cost(14, 17, 411015).
cost(14, 18, 226975).
cost(14, 19, 650473).
cost(14, 20, 358939).
cost(14, 21, 459664).
cost(14, 22, 433486).
cost(14, 23, 270848).
cost(15, 1, 404641).
cost(15, 2, 246641).
cost(15, 3, 374555).
cost(15, 4, 218117).
cost(15, 5, 190009).
cost(15, 6, 551477).
cost(15, 7, 164715).
cost(15, 8, 399696).
cost(15, 9, 114582).
cost(15, 10, 252479).
cost(15, 11, 47937).
cost(15, 12, 305067).
cost(15, 13, 468625).
cost(15, 14, 418806).
cost(15, 16, 308090).
cost(15, 17, 290807).
cost(15, 18, 225786).
cost(15, 19, 231673).
cost(15, 20, 387690).
cost(15, 21, 41472).
cost(15, 22, 160230).
cost(15, 23, 166598).
cost(16, 1, 269346).
cost(16, 2, 530531).
cost(16, 3, 191251).
cost(16, 4, 181650).
cost(16, 5, 498058).
cost(16, 6, 811587).
cost(16, 7, 470969).
cost(16, 8, 419700).
cost(16, 9, 414069).
cost(16, 10, 409106).
cost(16, 11, 273390).
cost(16, 12, 278979).
cost(16, 13, 457656).
cost(16, 14, 553315).
cost(16, 15, 308090).
cost(16, 17, 594460).
cost(16, 18, 465028).
cost(16, 19, 360618).
cost(16, 20, 277839).
cost(16, 21, 312555).
cost(16, 22, 156956).
cost(16, 23, 416254).
cost(17, 1, 675698).
cost(17, 2, 222926).
cost(17, 3, 658465).
cost(17, 4, 500194).
cost(17, 5, 118995).
cost(17, 6, 448110).
cost(17, 7, 126745).
cost(17, 8, 512928).
cost(17, 9, 216082).
cost(17, 10, 419187).
cost(17, 11, 321075).
cost(17, 12, 493811).
cost(17, 13, 679475).
cost(17, 14, 411015).
cost(17, 15, 290807).
cost(17, 16, 594460).
cost(17, 18, 209209).
cost(17, 19, 432973).
cost(17, 20, 591707).
cost(17, 21, 301894).
cost(17, 22, 439146).
cost(17, 23, 213627).
cost(18, 1, 623368).
cost(18, 2, 345279).
cost(18, 3, 582394).
cost(18, 4, 434057).
cost(18, 5, 213650).
cost(18, 6, 630477).
cost(18, 7, 171277).
cost(18, 8, 303729).
cost(18, 9, 245455).
cost(18, 10, 457938).
cost(18, 11, 222460).
cost(18, 12, 297599).
cost(18, 13, 692517).
cost(18, 14, 226975).
cost(18, 15, 225786).
cost(18, 16, 465028).
cost(18, 17, 209209).
cost(18, 19, 448347).
cost(18, 20, 395214).
cost(18, 21, 261634).
cost(18, 22, 312288).
cost(18, 23, 59257).
cost(19, 1, 274798).
cost(19, 2, 251222).
cost(19, 3, 294855).
cost(19, 4, 180124).
cost(19, 5, 314524).
cost(19, 6, 468726).
cost(19, 7, 323216).
cost(19, 8, 616280).
cost(19, 9, 223245).
cost(19, 10, 49560).
cost(19, 11, 260892).
cost(19, 12, 499544).
cost(19, 13, 249964).
cost(19, 14, 650473).
cost(19, 15, 231673).
cost(19, 16, 360618).
cost(19, 17, 432973).
cost(19, 18, 448347).
cost(19, 20, 560505).
cost(19, 21, 190941).
cost(19, 22, 295458).
cost(19, 23, 391110).
cost(20, 1, 545642).
cost(20, 2, 631499).
cost(20, 3, 468931).
cost(20, 4, 413120).
cost(20, 5, 541056).
cost(20, 6, 938258).
cost(20, 7, 499036).
cost(20, 8, 178214).
cost(20, 9, 497327).
cost(20, 10, 600574).
cost(20, 11, 339949).
cost(20, 12, 98115).
cost(20, 13, 719361).
cost(20, 14, 358939).
cost(20, 15, 387690).
cost(20, 16, 277839).
cost(20, 17, 591707).
cost(20, 18, 395214).
cost(20, 19, 560505).
cost(20, 21, 419276).
cost(20, 22, 265069).
cost(20, 23, 378081).
cost(21, 1, 379696).
cost(21, 2, 224432).
cost(21, 3, 356801).
cost(21, 4, 198545).
cost(21, 5, 191736).
cost(21, 6, 524331).
cost(21, 7, 175525).
cost(21, 8, 439667).
cost(21, 9, 101590).
cost(21, 10, 211013).
cost(21, 11, 81976).
cost(21, 12, 340415).
cost(21, 13, 430973).
cost(21, 14, 459664).
cost(21, 15, 41472).
cost(21, 16, 312555).
cost(21, 17, 301894).
cost(21, 18, 261634).
cost(21, 19, 190941).
cost(21, 20, 419276).
cost(21, 22, 176210).
cost(21, 23, 202997).
cost(22, 1, 340065).
cost(22, 2, 400626).
cost(22, 3, 282745).
cost(22, 4, 165648).
cost(22, 5, 348299).
cost(22, 6, 698475).
cost(22, 7, 317720).
cost(22, 8, 342297).
cost(22, 9, 273227).
cost(22, 10, 335901).
cost(22, 11, 119437).
cost(22, 12, 210753).
cost(22, 13, 474433).
cost(22, 14, 433486).
cost(22, 15, 160230).
cost(22, 16, 156956).
cost(22, 17, 439146).
cost(22, 18, 312288).
cost(22, 19, 295458).
cost(22, 20, 265069).
cost(22, 21, 176210).
cost(22, 23, 260902).
cost(23, 1, 564939).
cost(23, 2, 308650).
cost(23, 3, 525620).
cost(23, 4, 375739).
cost(23, 5, 184684).
cost(23, 6, 604848).
cost(23, 7, 139695).
cost(23, 8, 314021).
cost(23, 9, 196468).
cost(23, 10, 402821).
cost(23, 11, 164393).
cost(23, 12, 280199).
cost(23, 13, 633969).
cost(23, 14, 270848).
cost(23, 15, 166598).
cost(23, 16, 416254).
cost(23, 17, 213627).
cost(23, 18, 59257).
cost(23, 19, 391110).
cost(23, 20, 378081).
cost(23, 21, 202997).
cost(23, 22, 260902).
