dimension(23).
point(1, 108099.0, 98909.0).
point(2, -354424.0, -241782.0).
point(3, 164935.0, 63710.0).
point(4, 181478.0, 308985.0).
point(5, 47761.0, -325964.0).
point(6, 343774.0, -319225.0).
point(7, 253190.0, -8275.0).
point(8, -233822.0, 161461.0).
point(9, 351604.0, 97505.0).
point(10, -48148.0, -260934.0).
point(11, 92984.0, 143247.0).
point(12, -179289.0, 170980.0).
point(13, 339035.0, -254987.0).
point(14, -175650.0, -242879.0).
point(15, 307981.0, 17796.0).
point(16, -41550.0, -297410.0).
point(17, -96205.0, 127399.0).
point(18, 326941.0, 218928.0).
point(19, -406154.0, -7440.0).
point(20, 260382.0, -130087.0).
point(21, -122910.0, 22947.0).
point(22, 118419.0, 139823.0).
point(23, 40773.0, -209955.0).
cost(1, 2, 574454).
cost(1, 3, 66853).
cost(1, 4, 222523).
cost(1, 5, 429136).
cost(1, 6, 479978).
cost(1, 7, 180388).
cost(1, 8, 347596).
cost(1, 9, 243509).
cost(1, 10, 392301).
cost(1, 11, 46844).
cost(1, 12, 296287).
cost(1, 13, 422580).
cost(1, 14, 444221).
cost(1, 15, 215713).
cost(1, 16, 423631).
cost(1, 17, 206281).
cost(1, 18, 249592).
cost(1, 19, 525135).
cost(1, 20, 275008).
cost(1, 21, 243178).
cost(1, 22, 42195).
cost(1, 23, 316117).
cost(2, 1, 574454).
cost(2, 3, 602544).
cost(2, 4, 768463).
cost(2, 5, 410901).
cost(2, 6, 702480).
cost(2, 7, 650938).
cost(2, 8, 420892).
cost(2, 9, 783321).
cost(2, 10, 306874).
cost(2, 11, 590272).
cost(2, 12, 448380).
cost(2, 13, 693585).
cost(2, 14, 178777).
cost(2, 15, 711450).
cost(2, 16, 317781).
cost(2, 17, 450524).
cost(2, 18, 822503).
cost(2, 19, 239984).
cost(2, 20, 624870).
cost(2, 21, 351682).
cost(2, 22, 607621).
cost(2, 23, 396477).
cost(3, 1, 66853).
cost(3, 2, 602544).
cost(3, 4, 245832).
cost(3, 5, 406910).
cost(3, 6, 422638).
cost(3, 7, 113889).
cost(3, 8, 410564).
cost(3, 9, 189703).
cost(3, 10, 388327).
cost(3, 11, 107252).
cost(3, 12, 360551).
cost(3, 13, 363151).
cost(3, 14, 458252).
cost(3, 15, 150234).
cost(3, 16, 415985).
cost(3, 17, 268794).
cost(3, 18, 224363).
cost(3, 19, 575504).
cost(3, 20, 216026).
cost(3, 21, 290717).
cost(3, 22, 89202).
cost(3, 23, 300514).
cost(4, 1, 222523).
cost(4, 2, 768463).
cost(4, 3, 245832).
cost(4, 5, 648876).
cost(4, 6, 648836).
cost(4, 7, 325264).
cost(4, 8, 440724).
cost(4, 9, 271416).
cost(4, 10, 614439).
cost(4, 11, 187884).
cost(4, 12, 386262).
cost(4, 13, 585567).
cost(4, 14, 657339).
cost(4, 15, 317481).
cost(4, 16, 646109).
cost(4, 17, 331785).
cost(4, 18, 171084).
cost(4, 19, 667410).
cost(4, 20, 446105).
cost(4, 21, 417696).
cost(4, 22, 180533).
cost(4, 23, 537677).
cost(5, 1, 429136).
cost(5, 2, 410901).
cost(5, 3, 406910).
cost(5, 4, 648876).
cost(5, 6, 296090).
cost(5, 7, 378322).
cost(5, 8, 562914).
cost(5, 9, 521197).
cost(5, 10, 115877).
cost(5, 11, 471385).
cost(5, 12, 546356).
cost(5, 13, 299797).
cost(5, 14, 238360).
cost(5, 15, 431144).
cost(5, 16, 93765).
cost(5, 17, 475672).
cost(5, 18, 612249).
cost(5, 19, 554524).
cost(5, 20, 289094).
cost(5, 21, 388417).
cost(5, 22, 471116).
cost(5, 23, 116219).
cost(6, 1, 479978).
cost(6, 2, 702480).
cost(6, 3, 422638).
cost(6, 4, 648836).
cost(6, 5, 296090).
cost(6, 7, 323876).
cost(6, 8, 751449).
cost(6, 9, 416804).
cost(6, 10, 396233).
cost(6, 11, 526095).
cost(6, 12, 716865).
cost(6, 13, 64413).
cost(6, 14, 525005).
cost(6, 15, 338916).
cost(6, 16, 385941).
cost(6, 17, 626941).
cost(6, 18, 538416).
cost(6, 19, 812159).
cost(6, 20, 206706).
cost(6, 21, 578684).
cost(6, 22, 511380).
cost(6, 23, 322102).
cost(7, 1, 180388).
cost(7, 2, 650938).
cost(7, 3, 113889).
cost(7, 4, 325264).
cost(7, 5, 378322).
cost(7, 6, 323876).
cost(7, 8, 515743).
cost(7, 9, 144481).
cost(7, 10, 393244).
cost(7, 11, 220510).
cost(7, 12, 468156).
cost(7, 13, 261221).
cost(7, 14, 488818).
cost(7, 15, 60677).
cost(7, 16, 412881).
cost(7, 17, 374812).
cost(7, 18, 238873).
cost(7, 19, 659345).
cost(7, 20, 122024).
cost(7, 21, 377394).
cost(7, 22, 200240).
cost(7, 23, 292909).
cost(8, 1, 347596).
cost(8, 2, 420892).
cost(8, 3, 410564).
cost(8, 4, 440724).
cost(8, 5, 562914).
cost(8, 6, 751449).
cost(8, 7, 515743).
cost(8, 9, 588909).
cost(8, 10, 461403).
cost(8, 11, 327313).
cost(8, 12, 55358).
cost(8, 13, 708233).
cost(8, 14, 408503).
cost(8, 15, 560527).
cost(8, 16, 497525).
cost(8, 17, 141770).
cost(8, 18, 563700).
cost(8, 19, 241300).
cost(8, 20, 573792).
cost(8, 21, 177447).
cost(8, 22, 352905).
cost(8, 23, 461901).
cost(9, 1, 243509).
cost(9, 2, 783321).
cost(9, 3, 189703).
cost(9, 4, 271416).
cost(9, 5, 521197).
cost(9, 6, 416804).
cost(9, 7, 144481).
cost(9, 8, 588909).
cost(9, 10, 536917).
cost(9, 11, 262634).
cost(9, 12, 535953).
cost(9, 13, 352716).
cost(9, 14, 627581).
cost(9, 15, 90865).
cost(9, 16, 557250).
cost(9, 17, 448806).
cost(9, 18, 123902).
cost(9, 19, 764991).
cost(9, 20, 245193).
cost(9, 21, 480336).
cost(9, 22, 236994).
cost(9, 23, 437204).
cost(10, 1, 392301).
cost(10, 2, 306874).
cost(10, 3, 388327).
cost(10, 4, 614439).
cost(10, 5, 115877).
cost(10, 6, 396233).
cost(10, 7, 393244).
cost(10, 8, 461403).
cost(10, 9, 536917).
cost(10, 11, 428113).
cost(10, 12, 451384).
cost(10, 13, 387229).
cost(10, 14, 128774).
cost(10, 15, 452237).
cost(10, 16, 37068).
cost(10, 17, 391295).
cost(10, 18, 609064).
cost(10, 19, 438666).
cost(10, 20, 335129).
cost(10, 21, 293561).
cost(10, 22, 433994).
cost(10, 23, 102498).
cost(11, 1, 46844).
cost(11, 2, 590272).
cost(11, 3, 107252).
cost(11, 4, 187884).
cost(11, 5, 471385).
cost(11, 6, 526095).
cost(11, 7, 220510).
cost(11, 8, 327313).
cost(11, 9, 262634).
cost(11, 10, 428113).
cost(11, 12, 273682).
cost(11, 13, 468115).
cost(11, 14, 470380).
cost(11, 15, 248921).
cost(11, 16, 460736).
cost(11, 17, 189852).
cost(11, 18, 245893).
cost(11, 19, 521388).
cost(11, 20, 320521).
cost(11, 21, 247148).
cost(11, 22, 25664).
cost(11, 23, 357040).
cost(12, 1, 296287).
cost(12, 2, 448380).
cost(12, 3, 360551).
cost(12, 4, 386262).
cost(12, 5, 546356).
cost(12, 6, 716865).
cost(12, 7, 468156).
cost(12, 8, 55358).
cost(12, 9, 535953).
cost(12, 10, 451384).
cost(12, 11, 273682).
cost(12, 13, 670901).
cost(12, 14, 413875).
cost(12, 15, 510781).
cost(12, 16, 488223).
cost(12, 17, 93820).
cost(12, 18, 508496).
cost(12, 19, 288620).
cost(12, 20, 532871).
cost(12, 21, 158406).
cost(12, 22, 299334).
cost(12, 23, 439930).
cost(13, 1, 422580).
cost(13, 2, 693585).
cost(13, 3, 363151).
cost(13, 4, 585567).
cost(13, 5, 299797).
cost(13, 6, 64413).
cost(13, 7, 261221).
cost(13, 8, 708233).
cost(13, 9, 352716).
cost(13, 10, 387229).
cost(13, 11, 468115).
cost(13, 12, 670901).
cost(13, 14, 514827).
cost(13, 15, 274545).
cost(13, 16, 382942).
cost(13, 17, 579356).
cost(13, 18, 474069).
cost(13, 19, 785230).
cost(13, 20, 147602).
cost(13, 21, 539111).
cost(13, 22, 452268).
cost(13, 23, 301642).
cost(14, 1, 444221).
cost(14, 2, 178777).
cost(14, 3, 458252).
cost(14, 4, 657339).
cost(14, 5, 238360).
cost(14, 6, 525005).
cost(14, 7, 488818).
cost(14, 8, 408503).
cost(14, 9, 627581).
cost(14, 10, 128774).
cost(14, 11, 470380).
cost(14, 12, 413875).
cost(14, 13, 514827).
cost(14, 15, 549409).
cost(14, 16, 144763).
cost(14, 17, 378705).
cost(14, 18, 682542).
cost(14, 19, 329490).
cost(14, 20, 450384).
cost(14, 21, 271007).
cost(14, 22, 482636).
cost(14, 23, 218913).
cost(15, 1, 215713).
cost(15, 2, 711450).
cost(15, 3, 150234).
cost(15, 4, 317481).
cost(15, 5, 431144).
cost(15, 6, 338916).
cost(15, 7, 60677).
cost(15, 8, 560527).
cost(15, 9, 90865).
cost(15, 10, 452237).
cost(15, 11, 248921).
cost(15, 12, 510781).
cost(15, 13, 274545).
cost(15, 14, 549409).
cost(15, 16, 470666).
cost(15, 17, 418783).
cost(15, 18, 202024).
cost(15, 19, 714581).
cost(15, 20, 155355).
cost(15, 21, 430922).
cost(15, 22, 225443).
cost(15, 23, 351099).
cost(16, 1, 423631).
cost(16, 2, 317781).
cost(16, 3, 415985).
cost(16, 4, 646109).
cost(16, 5, 93765).
cost(16, 6, 385941).
cost(16, 7, 412881).
cost(16, 8, 497525).
cost(16, 9, 557250).
cost(16, 10, 37068).
cost(16, 11, 460736).
cost(16, 12, 488223).
cost(16, 13, 382942).
cost(16, 14, 144763).
cost(16, 15, 470666).
cost(16, 17, 428310).
cost(16, 18, 634343).
cost(16, 19, 465853).
cost(16, 20, 345195).
cost(16, 21, 330527).
cost(16, 22, 465578).
cost(16, 23, 120106).
cost(17, 1, 206281).
cost(17, 2, 450524).
cost(17, 3, 268794).
cost(17, 4, 331785).
cost(17, 5, 475672).
cost(17, 6, 626941).
cost(17, 7, 374812).
cost(17, 8, 141770).
cost(17, 9, 448806).
cost(17, 10, 391295).
cost(17, 11, 189852).
cost(17, 12, 93820).
cost(17, 13, 579356).
cost(17, 14, 378705).
cost(17, 15, 418783).
cost(17, 16, 428310).
cost(17, 18, 432932).
cost(17, 19, 338009).
cost(17, 20, 439833).
cost(17, 21, 107812).
cost(17, 22, 214983).
cost(17, 23, 364103).
cost(18, 1, 249592).
cost(18, 2, 822503).
cost(18, 3, 224363).
cost(18, 4, 171084).
cost(18, 5, 612249).
cost(18, 6, 538416).
cost(18, 7, 238873).
cost(18, 8, 563700).
cost(18, 9, 123902).
cost(18, 10, 609064).
cost(18, 11, 245893).
cost(18, 12, 508496).
cost(18, 13, 474069).
cost(18, 14, 682542).
cost(18, 15, 202024).
cost(18, 16, 634343).
cost(18, 17, 432932).
cost(18, 19, 767249).
cost(18, 20, 355305).
cost(18, 21, 490688).
cost(18, 22, 223022).
cost(18, 23, 515590).
cost(19, 1, 525135).
cost(19, 2, 239984).
cost(19, 3, 575504).
cost(19, 4, 667410).
cost(19, 5, 554524).
cost(19, 6, 812159).
cost(19, 7, 659345).
cost(19, 8, 241300).
cost(19, 9, 764991).
cost(19, 10, 438666).
cost(19, 11, 521388).
cost(19, 12, 288620).
cost(19, 13, 785230).
cost(19, 14, 329490).
cost(19, 15, 714581).
cost(19, 16, 465853).
cost(19, 17, 338009).
cost(19, 18, 767249).
cost(19, 20, 677726).
cost(19, 21, 284869).
cost(19, 22, 544852).
cost(19, 23, 490669).
cost(20, 1, 275008).
cost(20, 2, 624870).
cost(20, 3, 216026).
cost(20, 4, 446105).
cost(20, 5, 289094).
cost(20, 6, 206706).
cost(20, 7, 122024).
cost(20, 8, 573792).
cost(20, 9, 245193).
cost(20, 10, 335129).
cost(20, 11, 320521).
cost(20, 12, 532871).
cost(20, 13, 147602).
cost(20, 14, 450384).
cost(20, 15, 155355).
cost(20, 16, 345195).
cost(20, 17, 439833).
cost(20, 18, 355305).
cost(20, 19, 677726).
cost(20, 21, 412713).
cost(20, 22, 304967).
cost(20, 23, 233681).
cost(21, 1, 243178).
cost(21, 2, 351682).
cost(21, 3, 290717).
cost(21, 4, 417696).
cost(21, 5, 388417).
cost(21, 6, 578684).
cost(21, 7, 377394).
cost(21, 8, 177447).
cost(21, 9, 480336).
cost(21, 10, 293561).
cost(21, 11, 247148).
cost(21, 12, 158406).
cost(21, 13, 539111).
cost(21, 14, 271007).
cost(21, 15, 430922).
cost(21, 16, 330527).
cost(21, 17, 107812).
cost(21, 18, 490688).
cost(21, 19, 284869).
cost(21, 20, 412713).
cost(21, 22, 268141).
cost(21, 23, 284667).
cost(22, 1, 42195).
cost(22, 2, 607621).
cost(22, 3, 89202).
cost(22, 4, 180533).
cost(22, 5, 471116).
cost(22, 6, 511380).
cost(22, 7, 200240).
cost(22, 8, 352905).
cost(22, 9, 236994).
cost(22, 10, 433994).
cost(22, 11, 25664).
cost(22, 12, 299334).
cost(22, 13, 452268).
cost(22, 14, 482636).
cost(22, 15, 225443).
cost(22, 16, 465578).
cost(22, 17, 214983).
cost(22, 18, 223022).
cost(22, 19, 544852).
cost(22, 20, 304967).
cost(22, 21, 268141).
cost(22, 23, 358293).
cost(23, 1, 316117).
cost(23, 2, 396477).
cost(23, 3, 300514).
cost(23, 4, 537677).
cost(23, 5, 116219).
cost(23, 6, 322102).
cost(23, 7, 292909).
cost(23, 8, 461901).
cost(23, 9, 437204).
cost(23, 10, 102498).
cost(23, 11, 357040).
cost(23, 12, 439930).
cost(23, 13, 301642).
cost(23, 14, 218913).
cost(23, 15, 351099).
cost(23, 16, 120106).
cost(23, 17, 364103).
cost(23, 18, 515590).
cost(23, 19, 490669).
cost(23, 20, 233681).
cost(23, 21, 284667).
cost(23, 22, 358293).
