dimension(23).
point(1, 450543.0, -224037.0).
point(2, -125052.0, -121365.0).
point(3, 351867.0, 216361.0).
point(4, 250799.0, -94104.0).
point(5, 303605.0, 166935.0).
point(6, -65657.0, 444398.0).
point(7, 472903.0, 195930.0).
point(8, -269823.0, 381204.0).
point(9, 148414.0, 188069.0).
point(10, 925.0, -257796.0).
point(11, -145862.0, 199084.0).
point(12, 245731.0, 242242.0).
point(13, -112504.0, 89625.0).
point(14, -61792.0, -215905.0).
point(15, -319610.0, -275821.0).
point(16, 81250.0, -359708.0).
point(17, -2035.0, 89201.0).
point(18, -342662.0, -75681.0).
point(19, -156192.0, 10093.0).
point(20, -471990.0, 118610.0).
point(21, 338775.0, 231050.0).
point(22, -420796.0, -46277.0).
point(23, -117765.0, -69299.0).
cost(1, 2, 584680).
cost(1, 3, 451317).
cost(1, 4, 238286).
cost(1, 5, 417672).
cost(1, 6, 844552).
cost(1, 7, 420562).
cost(1, 8, 940874).
cost(1, 9, 510992).
cost(1, 10, 450884).
cost(1, 11, 731253).
cost(1, 12, 509278).
cost(1, 13, 644520).
cost(1, 14, 512400).
cost(1, 15, 771892).
cost(1, 16, 393426).
cost(1, 17, 550404).
cost(1, 18, 806960).
cost(1, 19, 650342).
cost(1, 20, 984111).
cost(1, 21, 468611).
cost(1, 22, 889286).
cost(1, 23, 588997).
cost(2, 1, 584680).
cost(2, 3, 584389).
cost(2, 4, 376838).
cost(2, 5, 516589).
cost(2, 6, 568872).
cost(2, 7, 676924).
cost(2, 8, 523005).
cost(2, 9, 412956).
cost(2, 10, 185698).
cost(2, 11, 321124).
cost(2, 12, 519317).
cost(2, 13, 211363).
cost(2, 14, 113753).
cost(2, 15, 248414).
cost(2, 16, 315227).
cost(2, 17, 243867).
cost(2, 18, 222354).
cost(2, 19, 135096).
cost(2, 20, 421846).
cost(2, 21, 582522).
cost(2, 22, 305127).
cost(2, 23, 52573).
cost(3, 1, 451317).
cost(3, 2, 584389).
cost(3, 4, 326502).
cost(3, 5, 69081).
cost(3, 6, 475739).
cost(3, 7, 122748).
cost(3, 8, 643173).
cost(3, 9, 205411).
cost(3, 10, 589903).
cost(3, 11, 498029).
cost(3, 12, 109246).
cost(3, 13, 481355).
cost(3, 14, 598304).
cost(3, 15, 832541).
cost(3, 16, 636466).
cost(3, 17, 376054).
cost(3, 18, 753432).
cost(3, 19, 548334).
cost(3, 20, 829636).
cost(3, 21, 19677).
cost(3, 22, 816080).
cost(3, 23, 549687).
cost(4, 1, 238286).
cost(4, 2, 376838).
cost(4, 3, 326502).
cost(4, 5, 266327).
cost(4, 6, 624603).
cost(4, 7, 365308).
cost(4, 8, 704957).
cost(4, 9, 300174).
cost(4, 10, 298717).
cost(4, 11, 493254).
cost(4, 12, 336384).
cost(4, 13, 407118).
cost(4, 14, 335483).
cost(4, 15, 598655).
cost(4, 16, 315107).
cost(4, 17, 312291).
cost(4, 18, 593747).
cost(4, 19, 420117).
cost(4, 20, 753440).
cost(4, 21, 336846).
cost(4, 22, 673296).
cost(4, 23, 369398).
cost(5, 1, 417672).
cost(5, 2, 516589).
cost(5, 3, 69081).
cost(5, 4, 266327).
cost(5, 6, 461888).
cost(5, 7, 171763).
cost(5, 8, 612153).
cost(5, 9, 156623).
cost(5, 10, 521547).
cost(5, 11, 450615).
cost(5, 12, 94977).
cost(5, 13, 423230).
cost(5, 14, 529227).
cost(5, 15, 764480).
cost(5, 16, 571660).
cost(5, 17, 315370).
cost(5, 18, 690307).
cost(5, 19, 485811).
cost(5, 20, 777099).
cost(5, 21, 73128).
cost(5, 22, 755127).
cost(5, 23, 483073).
cost(6, 1, 844552).
cost(6, 2, 568872).
cost(6, 3, 475739).
cost(6, 4, 624603).
cost(6, 5, 461888).
cost(6, 7, 593113).
cost(6, 8, 213722).
cost(6, 9, 333962).
cost(6, 10, 705344).
cost(6, 11, 258093).
cost(6, 12, 371254).
cost(6, 13, 357853).
cost(6, 14, 660314).
cost(6, 15, 763680).
cost(6, 16, 817416).
cost(6, 17, 360850).
cost(6, 18, 589249).
cost(6, 19, 443641).
cost(6, 20, 520811).
cost(6, 21, 457256).
cost(6, 22, 605711).
cost(6, 23, 516333).
cost(7, 1, 420562).
cost(7, 2, 676924).
cost(7, 3, 122748).
cost(7, 4, 365308).
cost(7, 5, 171763).
cost(7, 6, 593113).
cost(7, 8, 765486).
cost(7, 9, 324584).
cost(7, 10, 654699).
cost(7, 11, 618773).
cost(7, 12, 231845).
cost(7, 13, 594981).
cost(7, 14, 674912).
cost(7, 15, 922294).
cost(7, 16, 679798).
cost(7, 17, 486782).
cost(7, 18, 859604).
cost(7, 19, 655969).
cost(7, 20, 948051).
cost(7, 21, 138650).
cost(7, 22, 925939).
cost(7, 23, 647484).
cost(8, 1, 940874).
cost(8, 2, 523005).
cost(8, 3, 643173).
cost(8, 4, 704957).
cost(8, 5, 612153).
cost(8, 6, 213722).
cost(8, 7, 765486).
cost(8, 9, 460677).
cost(8, 10, 693992).
cost(8, 11, 220304).
cost(8, 12, 533954).
cost(8, 13, 331312).
cost(8, 14, 632310).
cost(8, 15, 658909).
cost(8, 16, 819880).
cost(8, 17, 396202).
cost(8, 18, 462655).
cost(8, 19, 388118).
cost(8, 20, 331402).
cost(8, 21, 626847).
cost(8, 22, 453357).
cost(8, 23, 475473).
cost(9, 1, 510992).
cost(9, 2, 412956).
cost(9, 3, 205411).
cost(9, 4, 300174).
cost(9, 5, 156623).
cost(9, 6, 333962).
cost(9, 7, 324584).
cost(9, 8, 460677).
cost(9, 10, 469626).
cost(9, 11, 294482).
cost(9, 12, 111379).
cost(9, 13, 278872).
cost(9, 14, 455392).
cost(9, 15, 658969).
cost(9, 16, 551879).
cost(9, 17, 180027).
cost(9, 18, 557422).
cost(9, 19, 352789).
cost(9, 20, 624280).
cost(9, 21, 195153).
cost(9, 22, 615563).
cost(9, 23, 370256).
cost(10, 1, 450884).
cost(10, 2, 185698).
cost(10, 3, 589903).
cost(10, 4, 298717).
cost(10, 5, 521547).
cost(10, 6, 705344).
cost(10, 7, 654699).
cost(10, 8, 693992).
cost(10, 9, 469626).
cost(10, 11, 479881).
cost(10, 12, 556748).
cost(10, 13, 365469).
cost(10, 14, 75421).
cost(10, 15, 321041).
cost(10, 16, 129762).
cost(10, 17, 347010).
cost(10, 18, 388867).
cost(10, 19, 310564).
cost(10, 20, 604425).
cost(10, 21, 594233).
cost(10, 22, 471793).
cost(10, 23, 222752).
cost(11, 1, 731253).
cost(11, 2, 321124).
cost(11, 3, 498029).
cost(11, 4, 493254).
cost(11, 5, 450615).
cost(11, 6, 258093).
cost(11, 7, 618773).
cost(11, 8, 220304).
cost(11, 9, 294482).
cost(11, 10, 479881).
cost(11, 12, 393964).
cost(11, 13, 114429).
cost(11, 14, 423419).
cost(11, 15, 505691).
cost(11, 16, 603182).
cost(11, 17, 180999).
cost(11, 18, 337973).
cost(11, 19, 189273).
cost(11, 20, 335910).
cost(11, 21, 485690).
cost(11, 22, 368498).
cost(11, 23, 269850).
cost(12, 1, 509278).
cost(12, 2, 519317).
cost(12, 3, 109246).
cost(12, 4, 336384).
cost(12, 5, 94977).
cost(12, 6, 371254).
cost(12, 7, 231845).
cost(12, 8, 533954).
cost(12, 9, 111379).
cost(12, 10, 556748).
cost(12, 11, 393964).
cost(12, 13, 389390).
cost(12, 14, 551787).
cost(12, 15, 766811).
cost(12, 16, 624017).
cost(12, 17, 291221).
cost(12, 18, 668791).
cost(12, 19, 464150).
cost(12, 20, 728291).
cost(12, 21, 93715).
cost(12, 22, 726293).
cost(12, 23, 478735).
cost(13, 1, 644520).
cost(13, 2, 211363).
cost(13, 3, 481355).
cost(13, 4, 407118).
cost(13, 5, 423230).
cost(13, 6, 357853).
cost(13, 7, 594981).
cost(13, 8, 331312).
cost(13, 9, 278872).
cost(13, 10, 365469).
cost(13, 11, 114429).
cost(13, 12, 389390).
cost(13, 14, 309710).
cost(13, 15, 420052).
cost(13, 16, 489327).
cost(13, 17, 110470).
cost(13, 18, 283370).
cost(13, 19, 90741).
cost(13, 20, 360653).
cost(13, 21, 472920).
cost(13, 22, 336917).
cost(13, 23, 159011).
cost(14, 1, 512400).
cost(14, 2, 113753).
cost(14, 3, 598304).
cost(14, 4, 335483).
cost(14, 5, 529227).
cost(14, 6, 660314).
cost(14, 7, 674912).
cost(14, 8, 632310).
cost(14, 9, 455392).
cost(14, 10, 75421).
cost(14, 11, 423419).
cost(14, 12, 551787).
cost(14, 13, 309710).
cost(14, 15, 264689).
cost(14, 16, 202831).
cost(14, 17, 310903).
cost(14, 18, 313928).
cost(14, 19, 244921).
cost(14, 20, 529304).
cost(14, 21, 600186).
cost(14, 22, 397061).
cost(14, 23, 156928).
cost(15, 1, 771892).
cost(15, 2, 248414).
cost(15, 3, 832541).
cost(15, 4, 598655).
cost(15, 5, 764480).
cost(15, 6, 763680).
cost(15, 7, 922294).
cost(15, 8, 658909).
cost(15, 9, 658969).
cost(15, 10, 321041).
cost(15, 11, 505691).
cost(15, 12, 766811).
cost(15, 13, 420052).
cost(15, 14, 264689).
cost(15, 16, 409543).
cost(15, 17, 483834).
cost(15, 18, 201463).
cost(15, 19, 329321).
cost(15, 20, 422842).
cost(15, 21, 830897).
cost(15, 22, 250857).
cost(15, 23, 288778).
cost(16, 1, 393426).
cost(16, 2, 315227).
cost(16, 3, 636466).
cost(16, 4, 315107).
cost(16, 5, 571660).
cost(16, 6, 817416).
cost(16, 7, 679798).
cost(16, 8, 819880).
cost(16, 9, 551879).
cost(16, 10, 129762).
cost(16, 11, 603182).
cost(16, 12, 624017).
cost(16, 13, 489327).
cost(16, 14, 202831).
cost(16, 15, 409543).
cost(16, 17, 456569).
cost(16, 18, 510267).
cost(16, 19, 439467).
cost(16, 20, 731343).
cost(16, 21, 644449).
cost(16, 22, 591852).
cost(16, 23, 352057).
cost(17, 1, 550404).
cost(17, 2, 243867).
cost(17, 3, 376054).
cost(17, 4, 312291).
cost(17, 5, 315370).
cost(17, 6, 360850).
cost(17, 7, 486782).
cost(17, 8, 396202).
cost(17, 9, 180027).
cost(17, 10, 347010).
cost(17, 11, 180999).
cost(17, 12, 291221).
cost(17, 13, 110470).
cost(17, 14, 310903).
cost(17, 15, 483834).
cost(17, 16, 456569).
cost(17, 18, 378435).
cost(17, 19, 173270).
cost(17, 20, 470874).
cost(17, 21, 369151).
cost(17, 22, 440131).
cost(17, 23, 196254).
cost(18, 1, 806960).
cost(18, 2, 222354).
cost(18, 3, 753432).
cost(18, 4, 593747).
cost(18, 5, 690307).
cost(18, 6, 589249).
cost(18, 7, 859604).
cost(18, 8, 462655).
cost(18, 9, 557422).
cost(18, 10, 388867).
cost(18, 11, 337973).
cost(18, 12, 668791).
cost(18, 13, 283370).
cost(18, 14, 313928).
cost(18, 15, 201463).
cost(18, 16, 510267).
cost(18, 17, 378435).
cost(18, 19, 205252).
cost(18, 20, 233398).
cost(18, 21, 747289).
cost(18, 22, 83484).
cost(18, 23, 224988).
cost(19, 1, 650342).
cost(19, 2, 135096).
cost(19, 3, 548334).
cost(19, 4, 420117).
cost(19, 5, 485811).
cost(19, 6, 443641).
cost(19, 7, 655969).
cost(19, 8, 388118).
cost(19, 9, 352789).
cost(19, 10, 310564).
cost(19, 11, 189273).
cost(19, 12, 464150).
cost(19, 13, 90741).
cost(19, 14, 244921).
cost(19, 15, 329321).
cost(19, 16, 439467).
cost(19, 17, 173270).
cost(19, 18, 205252).
cost(19, 20, 333923).
cost(19, 21, 542046).
cost(19, 22, 270542).
cost(19, 23, 88203).
cost(20, 1, 984111).
cost(20, 2, 421846).
cost(20, 3, 829636).
cost(20, 4, 753440).
cost(20, 5, 777099).
cost(20, 6, 520811).
cost(20, 7, 948051).
cost(20, 8, 331402).
cost(20, 9, 624280).
cost(20, 10, 604425).
cost(20, 11, 335910).
cost(20, 12, 728291).
cost(20, 13, 360653).
cost(20, 14, 529304).
cost(20, 15, 422842).
cost(20, 16, 731343).
cost(20, 17, 470874).
cost(20, 18, 233398).
cost(20, 19, 333923).
cost(20, 21, 818525).
cost(20, 22, 172652).
cost(20, 23, 400980).
cost(21, 1, 468611).
cost(21, 2, 582522).
cost(21, 3, 19677).
cost(21, 4, 336846).
cost(21, 5, 73128).
cost(21, 6, 457256).
cost(21, 7, 138650).
cost(21, 8, 626847).
cost(21, 9, 195153).
cost(21, 10, 594233).
cost(21, 11, 485690).
cost(21, 12, 93715).
cost(21, 13, 472920).
cost(21, 14, 600186).
cost(21, 15, 830897).
cost(21, 16, 644449).
cost(21, 17, 369151).
cost(21, 18, 747289).
cost(21, 19, 542046).
cost(21, 20, 818525).
cost(21, 22, 808615).
cost(21, 23, 546478).
cost(22, 1, 889286).
cost(22, 2, 305127).
cost(22, 3, 816080).
cost(22, 4, 673296).
cost(22, 5, 755127).
cost(22, 6, 605711).
cost(22, 7, 925939).
cost(22, 8, 453357).
cost(22, 9, 615563).
cost(22, 10, 471793).
cost(22, 11, 368498).
cost(22, 12, 726293).
cost(22, 13, 336917).
cost(22, 14, 397061).
cost(22, 15, 250857).
cost(22, 16, 591852).
cost(22, 17, 440131).
cost(22, 18, 83484).
cost(22, 19, 270542).
cost(22, 20, 172652).
cost(22, 21, 808615).
cost(22, 23, 303904).
cost(23, 1, 588997).
cost(23, 2, 52573).
cost(23, 3, 549687).
cost(23, 4, 369398).
cost(23, 5, 483073).
cost(23, 6, 516333).
cost(23, 7, 647484).
cost(23, 8, 475473).
cost(23, 9, 370256).
cost(23, 10, 222752).
cost(23, 11, 269850).
cost(23, 12, 478735).
cost(23, 13, 159011).
cost(23, 14, 156928).
cost(23, 15, 288778).
cost(23, 16, 352057).
cost(23, 17, 196254).
cost(23, 18, 224988).
cost(23, 19, 88203).
cost(23, 20, 400980).
cost(23, 21, 546478).
cost(23, 22, 303904).
