dimension(23).
point(1, -268466.0, -182709.0).
point(2, -17826.0, 477163.0).
point(3, 448065.0, -35451.0).
point(4, 238901.0, -87484.0).
point(5, -141088.0, -97922.0).
point(6, -247078.0, 88827.0).
point(7, -311616.0, -392029.0).
point(8, -42183.0, -44424.0).
point(9, 63046.0, -117053.0).
point(10, -285450.0, -285127.0).
point(11, -332476.0, 144046.0).
point(12, 225335.0, -66962.0).
point(13, 122792.0, 388430.0).
point(14, 139450.0, 96444.0).
point(15, 193258.0, 341974.0).
point(16, -23077.0, 177194.0).
point(17, -56497.0, -158866.0).
point(18, -119066.0, -10582.0).
point(19, -132847.0, 56111.0).
point(20, 75769.0, 145447.0).
point(21, 93457.0, 516175.0).
point(22, -357722.0, 152413.0).
point(23, -8423.0, 4522.0).
cost(1, 2, 705869).
cost(1, 3, 731506).
cost(1, 4, 516226).
cost(1, 5, 153016).
cost(1, 6, 272377).
cost(1, 7, 213721).
cost(1, 8, 265192).
cost(1, 9, 337951).
cost(1, 10, 103817).
cost(1, 11, 332966).
cost(1, 12, 507185).
cost(1, 13, 692302).
cost(1, 14, 494289).
cost(1, 15, 698914).
cost(1, 16, 435598).
cost(1, 17, 213306).
cost(1, 18, 227921).
cost(1, 19, 274641).
cost(1, 20, 475588).
cost(1, 21, 787037).
cost(1, 22, 346805).
cost(1, 23, 320434).
cost(2, 1, 705869).
cost(2, 3, 692696).
cost(2, 4, 620270).
cost(2, 5, 588146).
cost(2, 6, 450956).
cost(2, 7, 917501).
cost(2, 8, 522155).
cost(2, 9, 599694).
cost(2, 10, 807904).
cost(2, 11, 458227).
cost(2, 12, 595986).
cost(2, 13, 166274).
cost(2, 14, 411926).
cost(2, 15, 250664).
cost(2, 16, 300015).
cost(2, 17, 637204).
cost(2, 18, 498141).
cost(2, 19, 436480).
cost(2, 20, 344667).
cost(2, 21, 117923).
cost(2, 22, 470098).
cost(2, 23, 472735).
cost(3, 1, 731506).
cost(3, 2, 692696).
cost(3, 4, 215539).
cost(3, 5, 592456).
cost(3, 6, 706165).
cost(3, 7, 839204).
cost(3, 8, 490330).
cost(3, 9, 393571).
cost(3, 10, 774843).
cost(3, 11, 800914).
cost(3, 12, 224948).
cost(3, 13, 534301).
cost(3, 14, 335618).
cost(3, 15, 455386).
cost(3, 16, 516907).
cost(3, 17, 519436).
cost(3, 18, 567676).
cost(3, 19, 588084).
cost(3, 20, 413918).
cost(3, 21, 655773).
cost(3, 22, 827397).
cost(3, 23, 458235).
cost(4, 1, 516226).
cost(4, 2, 620270).
cost(4, 3, 215539).
cost(4, 5, 380132).
cost(4, 6, 516973).
cost(4, 7, 629140).
cost(4, 8, 284363).
cost(4, 9, 178324).
cost(4, 10, 560363).
cost(4, 11, 616505).
cost(4, 12, 24601).
cost(4, 13, 489873).
cost(4, 14, 209093).
cost(4, 15, 431877).
cost(4, 16, 372407).
cost(4, 17, 303900).
cost(4, 18, 366134).
cost(4, 19, 398517).
cost(4, 20, 284375).
cost(4, 21, 620933).
cost(4, 22, 643047).
cost(4, 23, 263883).
cost(5, 1, 153016).
cost(5, 2, 588146).
cost(5, 3, 592456).
cost(5, 4, 380132).
cost(5, 6, 214730).
cost(5, 7, 339969).
cost(5, 8, 112447).
cost(5, 9, 205028).
cost(5, 10, 236402).
cost(5, 11, 308509).
cost(5, 12, 367729).
cost(5, 13, 553327).
cost(5, 14, 341291).
cost(5, 15, 552536).
cost(5, 16, 299358).
cost(5, 17, 104258).
cost(5, 18, 90074).
cost(5, 19, 154253).
cost(5, 20, 325968).
cost(5, 21, 657363).
cost(5, 22, 331056).
cost(5, 23, 167615).
cost(6, 1, 272377).
cost(6, 2, 450956).
cost(6, 3, 706165).
cost(6, 4, 516973).
cost(6, 5, 214730).
cost(6, 7, 485168).
cost(6, 8, 244413).
cost(6, 9, 372241).
cost(6, 10, 375918).
cost(6, 11, 101695).
cost(6, 12, 497438).
cost(6, 13, 475989).
cost(6, 14, 386603).
cost(6, 15, 507917).
cost(6, 16, 240801).
cost(6, 17, 312527).
cost(6, 18, 162078).
cost(6, 19, 118824).
cost(6, 20, 327774).
cost(6, 21, 546434).
cost(6, 22, 127614).
cost(6, 23, 253108).
cost(7, 1, 213721).
cost(7, 2, 917501).
cost(7, 3, 839204).
cost(7, 4, 629140).
cost(7, 5, 339969).
cost(7, 6, 485168).
cost(7, 8, 439799).
cost(7, 9, 464740).
cost(7, 10, 110058).
cost(7, 11, 536481).
cost(7, 12, 627682).
cost(7, 13, 893211).
cost(7, 14, 664881).
cost(7, 15, 890875).
cost(7, 16, 638177).
cost(7, 17, 345616).
cost(7, 18, 427291).
cost(7, 19, 482481).
cost(7, 20, 662531).
cost(7, 21, 994444).
cost(7, 22, 546391).
cost(7, 23, 499178).
cost(8, 1, 265192).
cost(8, 2, 522155).
cost(8, 3, 490330).
cost(8, 4, 284363).
cost(8, 5, 112447).
cost(8, 6, 244413).
cost(8, 7, 439799).
cost(8, 9, 127860).
cost(8, 10, 342223).
cost(8, 11, 346108).
cost(8, 12, 268466).
cost(8, 13, 463227).
cost(8, 14, 229857).
cost(8, 15, 452477).
cost(8, 16, 222440).
cost(8, 17, 115334).
cost(8, 18, 84002).
cost(8, 19, 135378).
cost(8, 20, 223526).
cost(8, 21, 576775).
cost(8, 22, 371900).
cost(8, 23, 59460).
cost(9, 1, 337951).
cost(9, 2, 599694).
cost(9, 3, 393571).
cost(9, 4, 178324).
cost(9, 5, 205028).
cost(9, 6, 372241).
cost(9, 7, 464740).
cost(9, 8, 127860).
cost(9, 10, 386909).
cost(9, 11, 473931).
cost(9, 12, 169844).
cost(9, 13, 509002).
cost(9, 14, 226757).
cost(9, 15, 477138).
cost(9, 16, 306592).
cost(9, 17, 126645).
cost(9, 18, 210952).
cost(9, 19, 261457).
cost(9, 20, 262808).
cost(9, 21, 633958).
cost(9, 22, 499658).
cost(9, 23, 141026).
cost(10, 1, 103817).
cost(10, 2, 807904).
cost(10, 3, 774843).
cost(10, 4, 560363).
cost(10, 5, 236402).
cost(10, 6, 375918).
cost(10, 7, 110058).
cost(10, 8, 342223).
cost(10, 9, 386909).
cost(10, 11, 431742).
cost(10, 12, 555425).
cost(10, 13, 787617).
cost(10, 14, 571084).
cost(10, 15, 788934).
cost(10, 16, 531583).
cost(10, 17, 261460).
cost(10, 18, 321027).
cost(10, 19, 373806).
cost(10, 20, 562026).
cost(10, 21, 886372).
cost(10, 22, 443469).
cost(10, 23, 400800).
cost(11, 1, 332966).
cost(11, 2, 458227).
cost(11, 3, 800914).
cost(11, 4, 616505).
cost(11, 5, 308509).
cost(11, 6, 101695).
cost(11, 7, 536481).
cost(11, 8, 346108).
cost(11, 9, 473931).
cost(11, 10, 431742).
cost(11, 12, 596387).
cost(11, 13, 516713).
cost(11, 14, 474321).
cost(11, 15, 561758).
cost(11, 16, 311170).
cost(11, 17, 409781).
cost(11, 18, 263541).
cost(11, 19, 218138).
cost(11, 20, 408247).
cost(11, 21, 565596).
cost(11, 22, 26596).
cost(11, 23, 352813).
cost(12, 1, 507185).
cost(12, 2, 595986).
cost(12, 3, 224948).
cost(12, 4, 24601).
cost(12, 5, 367729).
cost(12, 6, 497438).
cost(12, 7, 627682).
cost(12, 8, 268466).
cost(12, 9, 169844).
cost(12, 10, 555425).
cost(12, 11, 596387).
cost(12, 13, 466794).
cost(12, 14, 184602).
cost(12, 15, 410192).
cost(12, 16, 348311).
cost(12, 17, 296438).
cost(12, 18, 348985).
cost(12, 19, 378736).
cost(12, 20, 259784).
cost(12, 21, 597863).
cost(12, 22, 622961).
cost(12, 23, 244444).
cost(13, 1, 692302).
cost(13, 2, 166274).
cost(13, 3, 534301).
cost(13, 4, 489873).
cost(13, 5, 553327).
cost(13, 6, 475989).
cost(13, 7, 893211).
cost(13, 8, 463227).
cost(13, 9, 509002).
cost(13, 10, 787617).
cost(13, 11, 516713).
cost(13, 12, 466794).
cost(13, 14, 292461).
cost(13, 15, 84402).
cost(13, 16, 256707).
cost(13, 17, 575914).
cost(13, 18, 466590).
cost(13, 19, 419270).
cost(13, 20, 247491).
cost(13, 21, 131070).
cost(13, 22, 535348).
cost(13, 23, 405713).
cost(14, 1, 494289).
cost(14, 2, 411926).
cost(14, 3, 335618).
cost(14, 4, 209093).
cost(14, 5, 341291).
cost(14, 6, 386603).
cost(14, 7, 664881).
cost(14, 8, 229857).
cost(14, 9, 226757).
cost(14, 10, 571084).
cost(14, 11, 474321).
cost(14, 12, 184602).
cost(14, 13, 292461).
cost(14, 15, 251357).
cost(14, 16, 181482).
cost(14, 17, 321836).
cost(14, 18, 279795).
cost(14, 19, 275268).
cost(14, 20, 80353).
cost(14, 21, 422243).
cost(14, 22, 500312).
cost(14, 23, 174115).
cost(15, 1, 698914).
cost(15, 2, 250664).
cost(15, 3, 455386).
cost(15, 4, 431877).
cost(15, 5, 552536).
cost(15, 6, 507917).
cost(15, 7, 890875).
cost(15, 8, 452477).
cost(15, 9, 477138).
cost(15, 10, 788934).
cost(15, 11, 561758).
cost(15, 12, 410192).
cost(15, 13, 84402).
cost(15, 14, 251357).
cost(15, 16, 271944).
cost(15, 17, 559659).
cost(15, 18, 471001).
cost(15, 19, 433661).
cost(15, 20, 228968).
cost(15, 21, 200764).
cost(15, 22, 582677).
cost(15, 23, 393127).
cost(16, 1, 435598).
cost(16, 2, 300015).
cost(16, 3, 516907).
cost(16, 4, 372407).
cost(16, 5, 299358).
cost(16, 6, 240801).
cost(16, 7, 638177).
cost(16, 8, 222440).
cost(16, 9, 306592).
cost(16, 10, 531583).
cost(16, 11, 311170).
cost(16, 12, 348311).
cost(16, 13, 256707).
cost(16, 14, 181482).
cost(16, 15, 271944).
cost(16, 17, 337718).
cost(16, 18, 210888).
cost(16, 19, 163434).
cost(16, 20, 103819).
cost(16, 21, 358453).
cost(16, 22, 335561).
cost(16, 23, 173293).
cost(17, 1, 213306).
cost(17, 2, 637204).
cost(17, 3, 519436).
cost(17, 4, 303900).
cost(17, 5, 104258).
cost(17, 6, 312527).
cost(17, 7, 345616).
cost(17, 8, 115334).
cost(17, 9, 126645).
cost(17, 10, 261460).
cost(17, 11, 409781).
cost(17, 12, 296438).
cost(17, 13, 575914).
cost(17, 14, 321836).
cost(17, 15, 559659).
cost(17, 16, 337718).
cost(17, 18, 160944).
cost(17, 19, 228132).
cost(17, 20, 331814).
cost(17, 21, 691496).
cost(17, 22, 433164).
cost(17, 23, 170314).
cost(18, 1, 227921).
cost(18, 2, 498141).
cost(18, 3, 567676).
cost(18, 4, 366134).
cost(18, 5, 90074).
cost(18, 6, 162078).
cost(18, 7, 427291).
cost(18, 8, 84002).
cost(18, 9, 210952).
cost(18, 10, 321027).
cost(18, 11, 263541).
cost(18, 12, 348985).
cost(18, 13, 466590).
cost(18, 14, 279795).
cost(18, 15, 471001).
cost(18, 16, 210888).
cost(18, 17, 160944).
cost(18, 19, 68102).
cost(18, 20, 249611).
cost(18, 21, 568013).
cost(18, 22, 289005).
cost(18, 23, 111669).
cost(19, 1, 274641).
cost(19, 2, 436480).
cost(19, 3, 588084).
cost(19, 4, 398517).
cost(19, 5, 154253).
cost(19, 6, 118824).
cost(19, 7, 482481).
cost(19, 8, 135378).
cost(19, 9, 261457).
cost(19, 10, 373806).
cost(19, 11, 218138).
cost(19, 12, 378736).
cost(19, 13, 419270).
cost(19, 14, 275268).
cost(19, 15, 433661).
cost(19, 16, 163434).
cost(19, 17, 228132).
cost(19, 18, 68102).
cost(19, 20, 226940).
cost(19, 21, 512711).
cost(19, 22, 244628).
cost(19, 23, 134695).
cost(20, 1, 475588).
cost(20, 2, 344667).
cost(20, 3, 413918).
cost(20, 4, 284375).
cost(20, 5, 325968).
cost(20, 6, 327774).
cost(20, 7, 662531).
cost(20, 8, 223526).
cost(20, 9, 262808).
cost(20, 10, 562026).
cost(20, 11, 408247).
cost(20, 12, 259784).
cost(20, 13, 247491).
cost(20, 14, 80353).
cost(20, 15, 228968).
cost(20, 16, 103819).
cost(20, 17, 331814).
cost(20, 18, 249611).
cost(20, 19, 226940).
cost(20, 21, 371150).
cost(20, 22, 433547).
cost(20, 23, 164159).
cost(21, 1, 787037).
cost(21, 2, 117923).
cost(21, 3, 655773).
cost(21, 4, 620933).
cost(21, 5, 657363).
cost(21, 6, 546434).
cost(21, 7, 994444).
cost(21, 8, 576775).
cost(21, 9, 633958).
cost(21, 10, 886372).
cost(21, 11, 565596).
cost(21, 12, 597863).
cost(21, 13, 131070).
cost(21, 14, 422243).
cost(21, 15, 200764).
cost(21, 16, 358453).
cost(21, 17, 691496).
cost(21, 18, 568013).
cost(21, 19, 512711).
cost(21, 20, 371150).
cost(21, 22, 579556).
cost(21, 23, 521698).
cost(22, 1, 346805).
cost(22, 2, 470098).
cost(22, 3, 827397).
cost(22, 4, 643047).
cost(22, 5, 331056).
cost(22, 6, 127614).
cost(22, 7, 546391).
cost(22, 8, 371900).
cost(22, 9, 499658).
cost(22, 10, 443469).
cost(22, 11, 26596).
cost(22, 12, 622961).
cost(22, 13, 535348).
cost(22, 14, 500312).
cost(22, 15, 582677).
cost(22, 16, 335561).
cost(22, 17, 433164).
cost(22, 18, 289005).
cost(22, 19, 244628).
cost(22, 20, 433547).
cost(22, 21, 579556).
cost(22, 23, 379317).
cost(23, 1, 320434).
cost(23, 2, 472735).
cost(23, 3, 458235).
cost(23, 4, 263883).
cost(23, 5, 167615).
cost(23, 6, 253108).
cost(23, 7, 499178).
cost(23, 8, 59460).
cost(23, 9, 141026).
cost(23, 10, 400800).
cost(23, 11, 352813).
cost(23, 12, 244444).
cost(23, 13, 405713).
cost(23, 14, 174115).
cost(23, 15, 393127).
cost(23, 16, 173293).
cost(23, 17, 170314).
cost(23, 18, 111669).
cost(23, 19, 134695).
cost(23, 20, 164159).
cost(23, 21, 521698).
cost(23, 22, 379317).
