dimension(23).
point(1, 18858.0, -160237.0).
point(2, -153041.0, -22855.0).
point(3, 71521.0, 363747.0).
point(4, -45468.0, -73186.0).
point(5, 11425.0, 335365.0).
point(6, -145681.0, 47724.0).
point(7, 135524.0, -168680.0).
point(8, 123842.0, -107553.0).
point(9, -110654.0, 430351.0).
point(10, 332457.0, 16871.0).
point(11, -157166.0, 343075.0).
point(12, -62722.0, -224815.0).
point(13, 339275.0, 170417.0).
point(14, -222860.0, -112330.0).
point(15, 133126.0, 121211.0).
point(16, 122018.0, 31022.0).
point(17, 203346.0, 106740.0).
point(18, 234817.0, 63723.0).
point(19, 16990.0, 137597.0).
point(20, 35629.0, -292127.0).
point(21, -221698.0, -31014.0).
point(22, -273371.0, -405936.0).
point(23, -7173.0, 93286.0).
cost(1, 2, 220052).
cost(1, 3, 526624).
cost(1, 4, 108239).
cost(1, 5, 495658).
cost(1, 6, 265181).
cost(1, 7, 116971).
cost(1, 8, 117462).
cost(1, 9, 604622).
cost(1, 10, 360155).
cost(1, 11, 533205).
cost(1, 12, 104046).
cost(1, 13, 460434).
cost(1, 14, 246420).
cost(1, 15, 303760).
cost(1, 16, 217306).
cost(1, 17, 324519).
cost(1, 18, 311121).
cost(1, 19, 297840).
cost(1, 20, 132952).
cost(1, 21, 273067).
cost(1, 22, 381793).
cost(1, 23, 254856).
cost(2, 1, 220052).
cost(2, 3, 447090).
cost(2, 4, 118765).
cost(2, 5, 394171).
cost(2, 6, 70962).
cost(2, 7, 323318).
cost(2, 8, 289548).
cost(2, 9, 455184).
cost(2, 10, 487121).
cost(2, 11, 365953).
cost(2, 12, 221236).
cost(2, 13, 528894).
cost(2, 14, 113492).
cost(2, 15, 320385).
cost(2, 16, 280286).
cost(2, 17, 379218).
cost(2, 18, 397404).
cost(2, 19, 233785).
cost(2, 20, 328791).
cost(2, 21, 69140).
cost(2, 22, 401535).
cost(2, 23, 186457).
cost(3, 1, 526624).
cost(3, 2, 447090).
cost(3, 4, 452324).
cost(3, 5, 66461).
cost(3, 6, 383467).
cost(3, 7, 536260).
cost(3, 8, 474195).
cost(3, 9, 193969).
cost(3, 10, 434063).
cost(3, 11, 229619).
cost(3, 12, 603677).
cost(3, 13, 330255).
cost(3, 14, 559741).
cost(3, 15, 250238).
cost(3, 16, 336535).
cost(3, 17, 288843).
cost(3, 18, 341585).
cost(3, 19, 232632).
cost(3, 20, 656855).
cost(3, 21, 491745).
cost(3, 22, 843423).
cost(3, 23, 281677).
cost(4, 1, 108239).
cost(4, 2, 118765).
cost(4, 3, 452324).
cost(4, 5, 412493).
cost(4, 6, 157041).
cost(4, 7, 204639).
cost(4, 8, 172763).
cost(4, 9, 507739).
cost(4, 10, 388507).
cost(4, 11, 430987).
cost(4, 12, 152608).
cost(4, 13, 455379).
cost(4, 14, 181660).
cost(4, 15, 263981).
cost(4, 16, 197258).
cost(4, 17, 307053).
cost(4, 18, 311935).
cost(4, 19, 219842).
cost(4, 20, 233478).
cost(4, 21, 181206).
cost(4, 22, 403314).
cost(4, 23, 170820).
cost(5, 1, 495658).
cost(5, 2, 394171).
cost(5, 3, 66461).
cost(5, 4, 412493).
cost(5, 6, 327749).
cost(5, 7, 519097).
cost(5, 8, 456962).
cost(5, 9, 154679).
cost(5, 10, 452217).
cost(5, 11, 168767).
cost(5, 12, 565066).
cost(5, 13, 367006).
cost(5, 14, 505292).
cost(5, 15, 246319).
cost(5, 16, 323814).
cost(5, 17, 298501).
cost(5, 18, 351701).
cost(5, 19, 197846).
cost(5, 20, 627959).
cost(5, 21, 434258).
cost(5, 22, 794126).
cost(5, 23, 242792).
cost(6, 1, 265181).
cost(6, 2, 70962).
cost(6, 3, 383467).
cost(6, 4, 157041).
cost(6, 5, 327749).
cost(6, 7, 354834).
cost(6, 8, 311052).
cost(6, 9, 384227).
cost(6, 10, 479132).
cost(6, 11, 295574).
cost(6, 12, 284885).
cost(6, 13, 500236).
cost(6, 14, 177690).
cost(6, 15, 288329).
cost(6, 16, 268220).
cost(6, 17, 353981).
cost(6, 18, 380834).
cost(6, 19, 185847).
cost(6, 20, 385191).
cost(6, 21, 109445).
cost(6, 22, 471288).
cost(6, 23, 145809).
cost(7, 1, 116971).
cost(7, 2, 323318).
cost(7, 3, 536260).
cost(7, 4, 204639).
cost(7, 5, 519097).
cost(7, 6, 354834).
cost(7, 8, 62233).
cost(7, 9, 647643).
cost(7, 10, 270577).
cost(7, 11, 589543).
cost(7, 12, 206040).
cost(7, 13, 395602).
cost(7, 14, 362787).
cost(7, 15, 289901).
cost(7, 16, 200158).
cost(7, 17, 283648).
cost(7, 18, 252726).
cost(7, 19, 328414).
cost(7, 20, 158802).
cost(7, 21, 382831).
cost(7, 22, 472743).
cost(7, 23, 298310).
cost(8, 1, 117462).
cost(8, 2, 289548).
cost(8, 3, 474195).
cost(8, 4, 172763).
cost(8, 5, 456962).
cost(8, 6, 311052).
cost(8, 7, 62233).
cost(8, 9, 586796).
cost(8, 10, 242902).
cost(8, 11, 531066).
cost(8, 12, 220355).
cost(8, 13, 351680).
cost(8, 14, 346735).
cost(8, 15, 228952).
cost(8, 16, 138587).
cost(8, 17, 228566).
cost(8, 18, 204086).
cost(8, 19, 267425).
cost(8, 20, 204571).
cost(8, 21, 353915).
cost(8, 22, 496800).
cost(8, 23, 239794).
cost(9, 1, 604622).
cost(9, 2, 455184).
cost(9, 3, 193969).
cost(9, 4, 507739).
cost(9, 5, 154679).
cost(9, 6, 384227).
cost(9, 7, 647643).
cost(9, 8, 586796).
cost(9, 10, 606064).
cost(9, 11, 98896).
cost(9, 12, 656917).
cost(9, 13, 519617).
cost(9, 14, 554160).
cost(9, 15, 393696).
cost(9, 16, 462169).
cost(9, 17, 450910).
cost(9, 18, 503752).
cost(9, 19, 319371).
cost(9, 20, 737139).
cost(9, 21, 474540).
cost(9, 22, 851970).
cost(9, 23, 352592).
cost(10, 1, 360155).
cost(10, 2, 487121).
cost(10, 3, 434063).
cost(10, 4, 388507).
cost(10, 5, 452217).
cost(10, 6, 479132).
cost(10, 7, 270577).
cost(10, 8, 242902).
cost(10, 9, 606064).
cost(10, 11, 588336).
cost(10, 12, 463226).
cost(10, 13, 153697).
cost(10, 14, 570149).
cost(10, 15, 224988).
cost(10, 16, 210914).
cost(10, 17, 157309).
cost(10, 18, 108299).
cost(10, 19, 337778).
cost(10, 20, 428470).
cost(10, 21, 556220).
cost(10, 22, 738778).
cost(10, 23, 348120).
cost(11, 1, 533205).
cost(11, 2, 365953).
cost(11, 3, 229619).
cost(11, 4, 430987).
cost(11, 5, 168767).
cost(11, 6, 295574).
cost(11, 7, 589543).
cost(11, 8, 531066).
cost(11, 9, 98896).
cost(11, 10, 588336).
cost(11, 12, 575690).
cost(11, 13, 525609).
cost(11, 14, 460119).
cost(11, 15, 365367).
cost(11, 16, 418713).
cost(11, 17, 431072).
cost(11, 18, 481340).
cost(11, 19, 269354).
cost(11, 20, 663816).
cost(11, 21, 379614).
cost(11, 22, 757972).
cost(11, 23, 291363).
cost(12, 1, 104046).
cost(12, 2, 221236).
cost(12, 3, 603677).
cost(12, 4, 152608).
cost(12, 5, 565066).
cost(12, 6, 284885).
cost(12, 7, 206040).
cost(12, 8, 220355).
cost(12, 9, 656917).
cost(12, 10, 463226).
cost(12, 11, 575690).
cost(12, 13, 563746).
cost(12, 14, 195696).
cost(12, 15, 397606).
cost(12, 16, 315565).
cost(12, 17, 425113).
cost(12, 18, 414468).
cost(12, 19, 371075).
cost(12, 20, 119180).
cost(12, 21, 250664).
cost(12, 22, 277809).
cost(12, 23, 322915).
cost(13, 1, 460434).
cost(13, 2, 528894).
cost(13, 3, 330255).
cost(13, 4, 455379).
cost(13, 5, 367006).
cost(13, 6, 500236).
cost(13, 7, 395602).
cost(13, 8, 351680).
cost(13, 9, 519617).
cost(13, 10, 153697).
cost(13, 11, 525609).
cost(13, 12, 563746).
cost(13, 14, 629239).
cost(13, 15, 211940).
cost(13, 16, 258131).
cost(13, 17, 150105).
cost(13, 18, 149315).
cost(13, 19, 323952).
cost(13, 20, 553306).
cost(13, 21, 596041).
cost(13, 22, 841141).
cost(13, 23, 354930).
cost(14, 1, 246420).
cost(14, 2, 113492).
cost(14, 3, 559741).
cost(14, 4, 181660).
cost(14, 5, 505292).
cost(14, 6, 177690).
cost(14, 7, 362787).
cost(14, 8, 346735).
cost(14, 9, 554160).
cost(14, 10, 570149).
cost(14, 11, 460119).
cost(14, 12, 195696).
cost(14, 13, 629239).
cost(14, 15, 425755).
cost(14, 16, 373484).
cost(14, 17, 479211).
cost(14, 18, 490370).
cost(14, 19, 346398).
cost(14, 20, 314871).
cost(14, 21, 81324).
cost(14, 22, 297919).
cost(14, 23, 297991).
cost(15, 1, 303760).
cost(15, 2, 320385).
cost(15, 3, 250238).
cost(15, 4, 263981).
cost(15, 5, 246319).
cost(15, 6, 288329).
cost(15, 7, 289901).
cost(15, 8, 228952).
cost(15, 9, 393696).
cost(15, 10, 224988).
cost(15, 11, 365367).
cost(15, 12, 397606).
cost(15, 13, 211940).
cost(15, 14, 425755).
cost(15, 16, 90870).
cost(15, 17, 71696).
cost(15, 18, 116816).
cost(15, 19, 117286).
cost(15, 20, 424681).
cost(15, 21, 386099).
cost(15, 22, 665675).
cost(15, 23, 143051).
cost(16, 1, 217306).
cost(16, 2, 280286).
cost(16, 3, 336535).
cost(16, 4, 197258).
cost(16, 5, 323814).
cost(16, 6, 268220).
cost(16, 7, 200158).
cost(16, 8, 138587).
cost(16, 9, 462169).
cost(16, 10, 210914).
cost(16, 11, 418713).
cost(16, 12, 315565).
cost(16, 13, 258131).
cost(16, 14, 373484).
cost(16, 15, 90870).
cost(16, 17, 111119).
cost(16, 18, 117443).
cost(16, 19, 149630).
cost(16, 20, 334497).
cost(16, 21, 349269).
cost(16, 22, 589292).
cost(16, 23, 143412).
cost(17, 1, 324519).
cost(17, 2, 379218).
cost(17, 3, 288843).
cost(17, 4, 307053).
cost(17, 5, 298501).
cost(17, 6, 353981).
cost(17, 7, 283648).
cost(17, 8, 228566).
cost(17, 9, 450910).
cost(17, 10, 157309).
cost(17, 11, 431072).
cost(17, 12, 425113).
cost(17, 13, 150105).
cost(17, 14, 479211).
cost(17, 15, 71696).
cost(17, 16, 111119).
cost(17, 18, 53300).
cost(17, 19, 188893).
cost(17, 20, 432694).
cost(17, 21, 446809).
cost(17, 22, 700068).
cost(17, 23, 210948).
cost(18, 1, 311121).
cost(18, 2, 397404).
cost(18, 3, 341585).
cost(18, 4, 311935).
cost(18, 5, 351701).
cost(18, 6, 380834).
cost(18, 7, 252726).
cost(18, 8, 204086).
cost(18, 9, 503752).
cost(18, 10, 108299).
cost(18, 11, 481340).
cost(18, 12, 414468).
cost(18, 13, 149315).
cost(18, 14, 490370).
cost(18, 15, 116816).
cost(18, 16, 117443).
cost(18, 17, 53300).
cost(18, 19, 230013).
cost(18, 20, 407805).
cost(18, 21, 466241).
cost(18, 22, 691979).
cost(18, 23, 243789).
cost(19, 1, 297840).
cost(19, 2, 233785).
cost(19, 3, 232632).
cost(19, 4, 219842).
cost(19, 5, 197846).
cost(19, 6, 185847).
cost(19, 7, 328414).
cost(19, 8, 267425).
cost(19, 9, 319371).
cost(19, 10, 337778).
cost(19, 11, 269354).
cost(19, 12, 371075).
cost(19, 13, 323952).
cost(19, 14, 346398).
cost(19, 15, 117286).
cost(19, 16, 149630).
cost(19, 17, 188893).
cost(19, 18, 230013).
cost(19, 20, 430128).
cost(19, 21, 292236).
cost(19, 22, 616229).
cost(19, 23, 50471).
cost(20, 1, 132952).
cost(20, 2, 328791).
cost(20, 3, 656855).
cost(20, 4, 233478).
cost(20, 5, 627959).
cost(20, 6, 385191).
cost(20, 7, 158802).
cost(20, 8, 204571).
cost(20, 9, 737139).
cost(20, 10, 428470).
cost(20, 11, 663816).
cost(20, 12, 119180).
cost(20, 13, 553306).
cost(20, 14, 314871).
cost(20, 15, 424681).
cost(20, 16, 334497).
cost(20, 17, 432694).
cost(20, 18, 407805).
cost(20, 19, 430128).
cost(20, 21, 366602).
cost(20, 22, 329292).
cost(20, 23, 387782).
cost(21, 1, 273067).
cost(21, 2, 69140).
cost(21, 3, 491745).
cost(21, 4, 181206).
cost(21, 5, 434258).
cost(21, 6, 109445).
cost(21, 7, 382831).
cost(21, 8, 353915).
cost(21, 9, 474540).
cost(21, 10, 556220).
cost(21, 11, 379614).
cost(21, 12, 250664).
cost(21, 13, 596041).
cost(21, 14, 81324).
cost(21, 15, 386099).
cost(21, 16, 349269).
cost(21, 17, 446809).
cost(21, 18, 466241).
cost(21, 19, 292236).
cost(21, 20, 366602).
cost(21, 22, 378466).
cost(21, 23, 247934).
cost(22, 1, 381793).
cost(22, 2, 401535).
cost(22, 3, 843423).
cost(22, 4, 403314).
cost(22, 5, 794126).
cost(22, 6, 471288).
cost(22, 7, 472743).
cost(22, 8, 496800).
cost(22, 9, 851970).
cost(22, 10, 738778).
cost(22, 11, 757972).
cost(22, 12, 277809).
cost(22, 13, 841141).
cost(22, 14, 297919).
cost(22, 15, 665675).
cost(22, 16, 589292).
cost(22, 17, 700068).
cost(22, 18, 691979).
cost(22, 19, 616229).
cost(22, 20, 329292).
cost(22, 21, 378466).
cost(22, 23, 565760).
cost(23, 1, 254856).
cost(23, 2, 186457).
cost(23, 3, 281677).
cost(23, 4, 170820).
cost(23, 5, 242792).
cost(23, 6, 145809).
cost(23, 7, 298310).
cost(23, 8, 239794).
cost(23, 9, 352592).
cost(23, 10, 348120).
cost(23, 11, 291363).
cost(23, 12, 322915).
cost(23, 13, 354930).
cost(23, 14, 297991).
cost(23, 15, 143051).
cost(23, 16, 143412).
cost(23, 17, 210948).
cost(23, 18, 243789).
cost(23, 19, 50471).
cost(23, 20, 387782).
cost(23, 21, 247934).
cost(23, 22, 565760).
