dimension(23).
point(1, -49093.0, -168423.0).
point(2, -183859.0, 52627.0).
point(3, 51789.0, 343686.0).
point(4, -294347.0, 133592.0).
point(5, -212714.0, -68642.0).
point(6, 21256.0, -78226.0).
point(7, 364890.0, -55768.0).
point(8, 450709.0, 79964.0).
point(9, 5456.0, -86604.0).
point(10, 179772.0, 130625.0).
point(11, -412945.0, 184932.0).
point(12, -186700.0, 53872.0).
point(13, -33486.0, -497447.0).
point(14, -150587.0, 150869.0).
point(15, -265688.0, -3195.0).
point(16, 114134.0, 23264.0).
point(17, -133349.0, -246515.0).
point(18, -198159.0, 35982.0).
point(19, 222332.0, 325212.0).
point(20, -506197.0, -4831.0).
point(21, 98094.0, -131561.0).
point(22, -560383.0, -205413.0).
point(23, 145564.0, 52151.0).
cost(1, 2, 258892).
cost(1, 3, 521951).
cost(1, 4, 389053).
cost(1, 5, 191646).
cost(1, 6, 114387).
cost(1, 7, 429037).
cost(1, 8, 558120).
cost(1, 9, 98336).
cost(1, 10, 376575).
cost(1, 11, 507196).
cost(1, 12, 261440).
cost(1, 13, 329394).
cost(1, 14, 335035).
cost(1, 15, 272422).
cost(1, 16, 251768).
cost(1, 17, 114880).
cost(1, 18, 252986).
cost(1, 19, 563336).
cost(1, 20, 485496).
cost(1, 21, 151733).
cost(1, 22, 512626).
cost(1, 23, 294184).
cost(2, 1, 258892).
cost(2, 3, 374493).
cost(2, 4, 136978).
cost(2, 5, 124655).
cost(2, 6, 243300).
cost(2, 7, 559352).
cost(2, 8, 635157).
cost(2, 9, 235001).
cost(2, 10, 371902).
cost(2, 11, 264547).
cost(2, 12, 3102).
cost(2, 13, 570257).
cost(2, 14, 103723).
cost(2, 15, 99056).
cost(2, 16, 299436).
cost(2, 17, 303376).
cost(2, 18, 21944).
cost(2, 19, 489177).
cost(2, 20, 327419).
cost(2, 21, 336783).
cost(2, 22, 456459).
cost(2, 23, 329423).
cost(3, 1, 521951).
cost(3, 2, 374493).
cost(3, 4, 404907).
cost(3, 5, 489874).
cost(3, 6, 423015).
cost(3, 7, 507539).
cost(3, 8, 478212).
cost(3, 9, 432777).
cost(3, 10, 248545).
cost(3, 11, 491101).
cost(3, 12, 375325).
cost(3, 13, 845445).
cost(3, 14, 279525).
cost(3, 15, 470232).
cost(3, 16, 326431).
cost(3, 17, 618557).
cost(3, 18, 396429).
cost(3, 19, 171541).
cost(3, 20, 657885).
cost(3, 21, 477498).
cost(3, 22, 822353).
cost(3, 23, 306246).
cost(4, 1, 389053).
cost(4, 2, 136978).
cost(4, 3, 404907).
cost(4, 5, 218088).
cost(4, 6, 380095).
cost(4, 7, 685894).
cost(4, 8, 746984).
cost(4, 9, 371979).
cost(4, 10, 474128).
cost(4, 11, 129233).
cost(4, 12, 133952).
cost(4, 13, 682831).
cost(4, 14, 144794).
cost(4, 15, 139757).
cost(4, 16, 423118).
cost(4, 17, 412797).
cost(4, 18, 137040).
cost(4, 19, 551068).
cost(4, 20, 253064).
cost(4, 21, 473620).
cost(4, 22, 430929).
cost(4, 23, 447386).
cost(5, 1, 191646).
cost(5, 2, 124655).
cost(5, 3, 489874).
cost(5, 4, 218088).
cost(5, 6, 234166).
cost(5, 7, 577747).
cost(5, 8, 679863).
cost(5, 9, 218908).
cost(5, 10, 440173).
cost(5, 11, 323098).
cost(5, 12, 125245).
cost(5, 13, 464754).
cost(5, 14, 228133).
cost(5, 15, 84199).
cost(5, 16, 339524).
cost(5, 17, 194776).
cost(5, 18, 105632).
cost(5, 19, 586844).
cost(5, 20, 300340).
cost(5, 21, 317113).
cost(5, 22, 373604).
cost(5, 23, 378093).
cost(6, 1, 114387).
cost(6, 2, 243300).
cost(6, 3, 423015).
cost(6, 4, 380095).
cost(6, 5, 234166).
cost(6, 7, 344367).
cost(6, 8, 457661).
cost(6, 9, 17884).
cost(6, 10, 262195).
cost(6, 11, 507723).
cost(6, 12, 246365).
cost(6, 13, 422780).
cost(6, 14, 286382).
cost(6, 15, 296591).
cost(6, 16, 137574).
cost(6, 17, 228525).
cost(6, 18, 247359).
cost(6, 19, 450770).
cost(6, 20, 532535).
cost(6, 21, 93534).
cost(6, 22, 595383).
cost(6, 23, 180141).
cost(7, 1, 429037).
cost(7, 2, 559352).
cost(7, 3, 507539).
cost(7, 4, 685894).
cost(7, 5, 577747).
cost(7, 6, 344367).
cost(7, 8, 160587).
cost(7, 9, 360754).
cost(7, 10, 262699).
cost(7, 11, 814226).
cost(7, 12, 562381).
cost(7, 13, 594797).
cost(7, 14, 555352).
cost(7, 15, 632766).
cost(7, 16, 262916).
cost(7, 17, 533504).
cost(7, 18, 570475).
cost(7, 19, 406778).
cost(7, 20, 872575).
cost(7, 21, 277353).
cost(7, 22, 937296).
cost(7, 23, 244439).
cost(8, 1, 558120).
cost(8, 2, 635157).
cost(8, 3, 478212).
cost(8, 4, 746984).
cost(8, 5, 679863).
cost(8, 6, 457661).
cost(8, 7, 160587).
cost(8, 9, 475389).
cost(8, 10, 275633).
cost(8, 11, 870009).
cost(8, 12, 637943).
cost(8, 13, 753557).
cost(8, 14, 605462).
cost(8, 15, 721207).
cost(8, 16, 341317).
cost(8, 17, 669113).
cost(8, 18, 650357).
cost(8, 19, 335116).
cost(8, 20, 960656).
cost(8, 21, 411194).
cost(8, 22, 1050594).
cost(8, 23, 306410).
cost(9, 1, 98336).
cost(9, 2, 235001).
cost(9, 3, 432777).
cost(9, 4, 371979).
cost(9, 5, 218908).
cost(9, 6, 17884).
cost(9, 7, 360754).
cost(9, 8, 475389).
cost(9, 10, 278522).
cost(9, 11, 498790).
cost(9, 12, 238028).
cost(9, 13, 412684).
cost(9, 14, 284153).
cost(9, 15, 283683).
cost(9, 16, 154538).
cost(9, 17, 211751).
cost(9, 18, 237669).
cost(9, 19, 465433).
cost(9, 20, 518146).
cost(9, 21, 102971).
cost(9, 22, 578178).
cost(9, 23, 197188).
cost(10, 1, 376575).
cost(10, 2, 371902).
cost(10, 3, 248545).
cost(10, 4, 474128).
cost(10, 5, 440173).
cost(10, 6, 262195).
cost(10, 7, 262699).
cost(10, 8, 275633).
cost(10, 9, 278522).
cost(10, 11, 595200).
cost(10, 12, 374423).
cost(10, 13, 663290).
cost(10, 14, 330979).
cost(10, 15, 465126).
cost(10, 16, 125836).
cost(10, 17, 490183).
cost(10, 18, 389601).
cost(10, 19, 199187).
cost(10, 20, 699215).
cost(10, 21, 274614).
cost(10, 22, 812866).
cost(10, 23, 85606).
cost(11, 1, 507196).
cost(11, 2, 264547).
cost(11, 3, 491101).
cost(11, 4, 129233).
cost(11, 5, 323098).
cost(11, 6, 507723).
cost(11, 7, 814226).
cost(11, 8, 870009).
cost(11, 9, 498790).
cost(11, 10, 595200).
cost(11, 12, 261464).
cost(11, 13, 780788).
cost(11, 14, 264560).
cost(11, 15, 238907).
cost(11, 16, 551316).
cost(11, 17, 514121).
cost(11, 18, 261379).
cost(11, 19, 650581).
cost(11, 20, 211438).
cost(11, 21, 601106).
cost(11, 22, 417262).
cost(11, 23, 574076).
cost(12, 1, 261440).
cost(12, 2, 3102).
cost(12, 3, 375325).
cost(12, 4, 133952).
cost(12, 5, 125245).
cost(12, 6, 246365).
cost(12, 7, 562381).
cost(12, 8, 637943).
cost(12, 9, 238028).
cost(12, 10, 374423).
cost(12, 11, 261464).
cost(12, 13, 572213).
cost(12, 14, 103502).
cost(12, 15, 97446).
cost(12, 16, 302387).
cost(12, 17, 305088).
cost(12, 18, 21245).
cost(12, 19, 490849).
cost(12, 20, 324845).
cost(12, 21, 339843).
cost(12, 22, 454827).
cost(12, 23, 332268).
cost(13, 1, 329394).
cost(13, 2, 570257).
cost(13, 3, 845445).
cost(13, 4, 682831).
cost(13, 5, 464754).
cost(13, 6, 422780).
cost(13, 7, 594797).
cost(13, 8, 753557).
cost(13, 9, 412684).
cost(13, 10, 663290).
cost(13, 11, 780788).
cost(13, 12, 572213).
cost(13, 14, 658807).
cost(13, 15, 546079).
cost(13, 16, 541232).
cost(13, 17, 270073).
cost(13, 18, 558268).
cost(13, 19, 861516).
cost(13, 20, 682734).
cost(13, 21, 388826).
cost(13, 22, 602415).
cost(13, 23, 578028).
cost(14, 1, 335035).
cost(14, 2, 103723).
cost(14, 3, 279525).
cost(14, 4, 144794).
cost(14, 5, 228133).
cost(14, 6, 286382).
cost(14, 7, 555352).
cost(14, 8, 605462).
cost(14, 9, 284153).
cost(14, 10, 330979).
cost(14, 11, 264560).
cost(14, 12, 103502).
cost(14, 13, 658807).
cost(14, 15, 192312).
cost(14, 16, 293871).
cost(14, 17, 397758).
cost(14, 18, 124347).
cost(14, 19, 411660).
cost(14, 20, 388202).
cost(14, 21, 376310).
cost(14, 22, 543019).
cost(14, 23, 312171).
cost(15, 1, 272422).
cost(15, 2, 99056).
cost(15, 3, 470232).
cost(15, 4, 139757).
cost(15, 5, 84199).
cost(15, 6, 296591).
cost(15, 7, 632766).
cost(15, 8, 721207).
cost(15, 9, 283683).
cost(15, 10, 465126).
cost(15, 11, 238907).
cost(15, 12, 97446).
cost(15, 13, 546079).
cost(15, 14, 192312).
cost(15, 16, 380742).
cost(15, 17, 276981).
cost(15, 18, 78071).
cost(15, 19, 588230).
cost(15, 20, 240515).
cost(15, 21, 385766).
cost(15, 22, 357404).
cost(15, 23, 414960).
cost(16, 1, 251768).
cost(16, 2, 299436).
cost(16, 3, 326431).
cost(16, 4, 423118).
cost(16, 5, 339524).
cost(16, 6, 137574).
cost(16, 7, 262916).
cost(16, 8, 341317).
cost(16, 9, 154538).
cost(16, 10, 125836).
cost(16, 11, 551316).
cost(16, 12, 302387).
cost(16, 13, 541232).
cost(16, 14, 293871).
cost(16, 15, 380742).
cost(16, 17, 366099).
cost(16, 18, 312552).
cost(16, 19, 320748).
cost(16, 20, 620967).
cost(16, 21, 155654).
cost(16, 22, 712226).
cost(16, 23, 42688).
cost(17, 1, 114880).
cost(17, 2, 303376).
cost(17, 3, 618557).
cost(17, 4, 412797).
cost(17, 5, 194776).
cost(17, 6, 228525).
cost(17, 7, 533504).
cost(17, 8, 669113).
cost(17, 9, 211751).
cost(17, 10, 490183).
cost(17, 11, 514121).
cost(17, 12, 305088).
cost(17, 13, 270073).
cost(17, 14, 397758).
cost(17, 15, 276981).
cost(17, 16, 366099).
cost(17, 18, 289836).
cost(17, 19, 673336).
cost(17, 20, 444327).
cost(17, 21, 258419).
cost(17, 22, 429007).
cost(17, 23, 408649).
cost(18, 1, 252986).
cost(18, 2, 21944).
cost(18, 3, 396429).
cost(18, 4, 137040).
cost(18, 5, 105632).
cost(18, 6, 247359).
cost(18, 7, 570475).
cost(18, 8, 650357).
cost(18, 9, 237669).
cost(18, 10, 389601).
cost(18, 11, 261379).
cost(18, 12, 21245).
cost(18, 13, 558268).
cost(18, 14, 124347).
cost(18, 15, 78071).
cost(18, 16, 312552).
cost(18, 17, 289836).
cost(18, 19, 510359).
cost(18, 20, 310730).
cost(18, 21, 340348).
cost(18, 22, 435290).
cost(18, 23, 344103).
cost(19, 1, 563336).
cost(19, 2, 489177).
cost(19, 3, 171541).
cost(19, 4, 551068).
cost(19, 5, 586844).
cost(19, 6, 450770).
cost(19, 7, 406778).
cost(19, 8, 335116).
cost(19, 9, 465433).
cost(19, 10, 199187).
cost(19, 11, 650581).
cost(19, 12, 490849).
cost(19, 13, 861516).
cost(19, 14, 411660).
cost(19, 15, 588230).
cost(19, 16, 320748).
cost(19, 17, 673336).
cost(19, 18, 510359).
cost(19, 20, 799802).
cost(19, 21, 473367).
cost(19, 22, 945624).
cost(19, 23, 283647).
cost(20, 1, 485496).
cost(20, 2, 327419).
cost(20, 3, 657885).
cost(20, 4, 253064).
cost(20, 5, 300340).
cost(20, 6, 532535).
cost(20, 7, 872575).
cost(20, 8, 960656).
cost(20, 9, 518146).
cost(20, 10, 699215).
cost(20, 11, 211438).
cost(20, 12, 324845).
cost(20, 13, 682734).
cost(20, 14, 388202).
cost(20, 15, 240515).
cost(20, 16, 620967).
cost(20, 17, 444327).
cost(20, 18, 310730).
cost(20, 19, 799802).
cost(20, 21, 617437).
cost(20, 22, 207772).
cost(20, 23, 654247).
cost(21, 1, 151733).
cost(21, 2, 336783).
cost(21, 3, 477498).
cost(21, 4, 473620).
cost(21, 5, 317113).
cost(21, 6, 93534).
cost(21, 7, 277353).
cost(21, 8, 411194).
cost(21, 9, 102971).
cost(21, 10, 274614).
cost(21, 11, 601106).
cost(21, 12, 339843).
cost(21, 13, 388826).
cost(21, 14, 376310).
cost(21, 15, 385766).
cost(21, 16, 155654).
cost(21, 17, 258419).
cost(21, 18, 340348).
cost(21, 19, 473367).
cost(21, 20, 617437).
cost(21, 22, 662606).
cost(21, 23, 189746).
cost(22, 1, 512626).
cost(22, 2, 456459).
cost(22, 3, 822353).
cost(22, 4, 430929).
cost(22, 5, 373604).
cost(22, 6, 595383).
cost(22, 7, 937296).
cost(22, 8, 1050594).
cost(22, 9, 578178).
cost(22, 10, 812866).
cost(22, 11, 417262).
cost(22, 12, 454827).
cost(22, 13, 602415).
cost(22, 14, 543019).
cost(22, 15, 357404).
cost(22, 16, 712226).
cost(22, 17, 429007).
cost(22, 18, 435290).
cost(22, 19, 945624).
cost(22, 20, 207772).
cost(22, 21, 662606).
cost(22, 23, 751465).
cost(23, 1, 294184).
cost(23, 2, 329423).
cost(23, 3, 306246).
cost(23, 4, 447386).
cost(23, 5, 378093).
cost(23, 6, 180141).
cost(23, 7, 244439).
cost(23, 8, 306410).
cost(23, 9, 197188).
cost(23, 10, 85606).
cost(23, 11, 574076).
cost(23, 12, 332268).
cost(23, 13, 578028).
cost(23, 14, 312171).
cost(23, 15, 414960).
cost(23, 16, 42688).
cost(23, 17, 408649).
cost(23, 18, 344103).
cost(23, 19, 283647).
cost(23, 20, 654247).
cost(23, 21, 189746).
cost(23, 22, 751465).
