dimension(23).
point(1, 147245.0, -108315.0).
point(2, 232308.0, -207376.0).
point(3, -195377.0, 352395.0).
point(4, -114743.0, 78325.0).
point(5, -157281.0, -26687.0).
point(6, -418822.0, -111338.0).
point(7, 233618.0, -235946.0).
point(8, -16680.0, 410751.0).
point(9, 52841.0, 221231.0).
point(10, -220672.0, 343718.0).
point(11, -35431.0, 85143.0).
point(12, 279082.0, -343905.0).
point(13, 343920.0, -191061.0).
point(14, -202454.0, -165803.0).
point(15, -6143.0, -7032.0).
point(16, 202007.0, -214232.0).
point(17, 223550.0, -6614.0).
point(18, -163754.0, -166599.0).
point(19, -90420.0, -139181.0).
point(20, 414298.0, -29602.0).
point(21, 251131.0, 28435.0).
point(22, -139914.0, 8579.0).
point(23, -200408.0, -99964.0).
cost(1, 2, 130571).
cost(1, 3, 574146).
cost(1, 4, 321671).
cost(1, 5, 315276).
cost(1, 6, 566075).
cost(1, 7, 154110).
cost(1, 8, 544335).
cost(1, 9, 342801).
cost(1, 10, 582835).
cost(1, 11, 266076).
cost(1, 12, 269970).
cost(1, 13, 213373).
cost(1, 14, 354393).
cost(1, 15, 183810).
cost(1, 16, 119236).
cost(1, 17, 127144).
cost(1, 18, 316413).
cost(1, 19, 239661).
cost(1, 20, 278412).
cost(1, 21, 171735).
cost(1, 22, 310040).
cost(1, 23, 347753).
cost(2, 1, 130571).
cost(2, 3, 704456).
cost(2, 4, 449521).
cost(2, 5, 429451).
cost(2, 6, 658174).
cost(2, 7, 28600).
cost(2, 8, 666390).
cost(2, 9, 464664).
cost(2, 10, 713369).
cost(2, 11, 396550).
cost(2, 12, 144319).
cost(2, 13, 112798).
cost(2, 14, 436745).
cost(2, 15, 311443).
cost(2, 16, 31067).
cost(2, 17, 200953).
cost(2, 18, 398156).
cost(2, 19, 329854).
cost(2, 20, 254409).
cost(2, 21, 236561).
cost(2, 22, 430332).
cost(2, 23, 445848).
cost(3, 1, 574146).
cost(3, 2, 704456).
cost(3, 4, 285686).
cost(3, 5, 380991).
cost(3, 6, 514758).
cost(3, 7, 728136).
cost(3, 8, 187984).
cost(3, 9, 280742).
cost(3, 10, 26742).
cost(3, 11, 311458).
cost(3, 12, 842582).
cost(3, 13, 765628).
cost(3, 14, 518246).
cost(3, 15, 406199).
cost(3, 16, 692084).
cost(3, 17, 551713).
cost(3, 18, 519957).
cost(3, 19, 502656).
cost(3, 20, 719462).
cost(3, 21, 551652).
cost(3, 22, 348261).
cost(3, 23, 452387).
cost(4, 1, 321671).
cost(4, 2, 449521).
cost(4, 3, 285686).
cost(4, 5, 113300).
cost(4, 6, 358380).
cost(4, 7, 469171).
cost(4, 8, 346588).
cost(4, 9, 220242).
cost(4, 10, 285752).
cost(4, 11, 79605).
cost(4, 12, 577387).
cost(4, 13, 531922).
cost(4, 14, 259406).
cost(4, 15, 138130).
cost(4, 16, 431185).
cost(4, 17, 348793).
cost(4, 18, 249780).
cost(4, 19, 218862).
cost(4, 20, 539938).
cost(4, 21, 369260).
cost(4, 22, 74149).
cost(4, 23, 197802).
cost(5, 1, 315276).
cost(5, 2, 429451).
cost(5, 3, 380991).
cost(5, 4, 113300).
cost(5, 6, 274899).
cost(5, 7, 443386).
cost(5, 8, 459479).
cost(5, 9, 324984).
cost(5, 10, 375790).
cost(5, 11, 165389).
cost(5, 12, 539481).
cost(5, 13, 527467).
cost(5, 14, 146266).
cost(5, 15, 152411).
cost(5, 16, 405291).
cost(5, 17, 381360).
cost(5, 18, 140062).
cost(5, 19, 130864).
cost(5, 20, 571586).
cost(5, 21, 412115).
cost(5, 22, 39310).
cost(5, 23, 85026).
cost(6, 1, 566075).
cost(6, 2, 658174).
cost(6, 3, 514758).
cost(6, 4, 358380).
cost(6, 5, 274899).
cost(6, 7, 664233).
cost(6, 8, 659011).
cost(6, 9, 577121).
cost(6, 10, 496326).
cost(6, 11, 430806).
cost(6, 12, 735634).
cost(6, 13, 766897).
cost(6, 14, 223118).
cost(6, 15, 425657).
cost(6, 16, 629298).
cost(6, 17, 650852).
cost(6, 18, 260986).
cost(6, 19, 329580).
cost(6, 20, 837120).
cost(6, 21, 684378).
cost(6, 22, 303595).
cost(6, 23, 218710).
cost(7, 1, 154110).
cost(7, 2, 28600).
cost(7, 3, 728136).
cost(7, 4, 469171).
cost(7, 5, 443386).
cost(7, 6, 664233).
cost(7, 8, 693445).
cost(7, 9, 491621).
cost(7, 10, 736471).
cost(7, 11, 418910).
cost(7, 12, 117141).
cost(7, 13, 119085).
cost(7, 14, 441677).
cost(7, 15, 331492).
cost(7, 16, 38350).
cost(7, 17, 229553).
cost(7, 18, 403378).
cost(7, 19, 338178).
cost(7, 20, 274268).
cost(7, 21, 264960).
cost(7, 22, 446451).
cost(7, 23, 454829).
cost(8, 1, 544335).
cost(8, 2, 666390).
cost(8, 3, 187984).
cost(8, 4, 346588).
cost(8, 5, 459479).
cost(8, 6, 659011).
cost(8, 7, 693445).
cost(8, 9, 201869).
cost(8, 10, 214723).
cost(8, 11, 326147).
cost(8, 12, 810544).
cost(8, 13, 701577).
cost(8, 14, 605745).
cost(8, 15, 417916).
cost(8, 16, 662139).
cost(8, 17, 481564).
cost(8, 18, 595788).
cost(8, 19, 554854).
cost(8, 20, 616160).
cost(8, 21, 466785).
cost(8, 22, 420629).
cost(8, 23, 542758).
cost(9, 1, 342801).
cost(9, 2, 464664).
cost(9, 3, 280742).
cost(9, 4, 220242).
cost(9, 5, 324984).
cost(9, 6, 577121).
cost(9, 7, 491621).
cost(9, 8, 201869).
cost(9, 10, 299687).
cost(9, 11, 162209).
cost(9, 12, 608739).
cost(9, 13, 504690).
cost(9, 14, 463649).
cost(9, 15, 235761).
cost(9, 16, 460303).
cost(9, 17, 284701).
cost(9, 18, 444213).
cost(9, 19, 387841).
cost(9, 20, 439964).
cost(9, 21, 276567).
cost(9, 22, 287011).
cost(9, 23, 409025).
cost(10, 1, 582835).
cost(10, 2, 713369).
cost(10, 3, 26742).
cost(10, 4, 285752).
cost(10, 5, 375790).
cost(10, 6, 496326).
cost(10, 7, 736471).
cost(10, 8, 214723).
cost(10, 9, 299687).
cost(10, 11, 318081).
cost(10, 12, 850047).
cost(10, 13, 777658).
cost(10, 14, 509847).
cost(10, 15, 411155).
cost(10, 16, 699976).
cost(10, 17, 565743).
cost(10, 18, 513481).
cost(10, 19, 500157).
cost(10, 20, 736583).
cost(10, 21, 567452).
cost(10, 22, 344732).
cost(10, 23, 444145).
cost(11, 1, 266076).
cost(11, 2, 396550).
cost(11, 3, 311458).
cost(11, 4, 79605).
cost(11, 5, 165389).
cost(11, 6, 430806).
cost(11, 7, 418910).
cost(11, 8, 326147).
cost(11, 9, 162209).
cost(11, 10, 318081).
cost(11, 12, 531978).
cost(11, 13, 469250).
cost(11, 14, 301447).
cost(11, 15, 96716).
cost(11, 16, 382102).
cost(11, 17, 274755).
cost(11, 18, 282561).
cost(11, 19, 230965).
cost(11, 20, 464136).
cost(11, 21, 292119).
cost(11, 22, 129533).
cost(11, 23, 247956).
cost(12, 1, 269970).
cost(12, 2, 144319).
cost(12, 3, 842582).
cost(12, 4, 577387).
cost(12, 5, 539481).
cost(12, 6, 735634).
cost(12, 7, 117141).
cost(12, 8, 810544).
cost(12, 9, 608739).
cost(12, 10, 850047).
cost(12, 11, 531978).
cost(12, 13, 166028).
cost(12, 14, 513417).
cost(12, 15, 441403).
cost(12, 16, 150850).
cost(12, 17, 341832).
cost(12, 18, 477013).
cost(12, 19, 422426).
cost(12, 20, 342155).
cost(12, 21, 373388).
cost(12, 22, 547542).
cost(12, 23, 537976).
cost(13, 1, 213373).
cost(13, 2, 112798).
cost(13, 3, 765628).
cost(13, 4, 531922).
cost(13, 5, 527467).
cost(13, 6, 766897).
cost(13, 7, 119085).
cost(13, 8, 701577).
cost(13, 9, 504690).
cost(13, 10, 777658).
cost(13, 11, 469250).
cost(13, 12, 166028).
cost(13, 14, 546958).
cost(13, 15, 395488).
cost(13, 16, 143792).
cost(13, 17, 220249).
cost(13, 18, 508263).
cost(13, 19, 437427).
cost(13, 20, 176131).
cost(13, 21, 238303).
cost(13, 22, 523404).
cost(13, 23, 551898).
cost(14, 1, 354393).
cost(14, 2, 436745).
cost(14, 3, 518246).
cost(14, 4, 259406).
cost(14, 5, 146266).
cost(14, 6, 223118).
cost(14, 7, 441677).
cost(14, 8, 605745).
cost(14, 9, 463649).
cost(14, 10, 509847).
cost(14, 11, 301447).
cost(14, 12, 513417).
cost(14, 13, 546958).
cost(14, 15, 252480).
cost(14, 16, 407350).
cost(14, 17, 454775).
cost(14, 18, 38708).
cost(14, 19, 115154).
cost(14, 20, 631612).
cost(14, 21, 493425).
cost(14, 22, 185257).
cost(14, 23, 65871).
cost(15, 1, 183810).
cost(15, 2, 311443).
cost(15, 3, 406199).
cost(15, 4, 138130).
cost(15, 5, 152411).
cost(15, 6, 425657).
cost(15, 7, 331492).
cost(15, 8, 417916).
cost(15, 9, 235761).
cost(15, 10, 411155).
cost(15, 11, 96716).
cost(15, 12, 441403).
cost(15, 13, 395488).
cost(15, 14, 252480).
cost(15, 16, 293698).
cost(15, 17, 229693).
cost(15, 18, 224283).
cost(15, 19, 156735).
cost(15, 20, 421046).
cost(15, 21, 259707).
cost(15, 22, 134679).
cost(15, 23, 215349).
cost(16, 1, 119236).
cost(16, 2, 31067).
cost(16, 3, 692084).
cost(16, 4, 431185).
cost(16, 5, 405291).
cost(16, 6, 629298).
cost(16, 7, 38350).
cost(16, 8, 662139).
cost(16, 9, 460303).
cost(16, 10, 699976).
cost(16, 11, 382102).
cost(16, 12, 150850).
cost(16, 13, 143792).
cost(16, 14, 407350).
cost(16, 15, 293698).
cost(16, 17, 208733).
cost(16, 18, 368850).
cost(16, 19, 301904).
cost(16, 20, 281346).
cost(16, 21, 247589).
cost(16, 22, 408111).
cost(16, 23, 418324).
cost(17, 1, 127144).
cost(17, 2, 200953).
cost(17, 3, 551713).
cost(17, 4, 348793).
cost(17, 5, 381360).
cost(17, 6, 650852).
cost(17, 7, 229553).
cost(17, 8, 481564).
cost(17, 9, 284701).
cost(17, 10, 565743).
cost(17, 11, 274755).
cost(17, 12, 341832).
cost(17, 13, 220249).
cost(17, 14, 454775).
cost(17, 15, 229693).
cost(17, 16, 208733).
cost(17, 18, 419046).
cost(17, 19, 340810).
cost(17, 20, 192128).
cost(17, 21, 44600).
cost(17, 22, 363781).
cost(17, 23, 434114).
cost(18, 1, 316413).
cost(18, 2, 398156).
cost(18, 3, 519957).
cost(18, 4, 249780).
cost(18, 5, 140062).
cost(18, 6, 260986).
cost(18, 7, 403378).
cost(18, 8, 595788).
cost(18, 9, 444213).
cost(18, 10, 513481).
cost(18, 11, 282561).
cost(18, 12, 477013).
cost(18, 13, 508263).
cost(18, 14, 38708).
cost(18, 15, 224283).
cost(18, 16, 368850).
cost(18, 17, 419046).
cost(18, 19, 78292).
cost(18, 20, 594064).
cost(18, 21, 458441).
cost(18, 22, 176793).
cost(18, 23, 76051).
cost(19, 1, 239661).
cost(19, 2, 329854).
cost(19, 3, 502656).
cost(19, 4, 218862).
cost(19, 5, 130864).
cost(19, 6, 329580).
cost(19, 7, 338178).
cost(19, 8, 554854).
cost(19, 9, 387841).
cost(19, 10, 500157).
cost(19, 11, 230965).
cost(19, 12, 422426).
cost(19, 13, 437427).
cost(19, 14, 115154).
cost(19, 15, 156735).
cost(19, 16, 301904).
cost(19, 17, 340810).
cost(19, 18, 78292).
cost(19, 20, 516476).
cost(19, 21, 380463).
cost(19, 22, 155829).
cost(19, 23, 116770).
cost(20, 1, 278412).
cost(20, 2, 254409).
cost(20, 3, 719462).
cost(20, 4, 539938).
cost(20, 5, 571586).
cost(20, 6, 837120).
cost(20, 7, 274268).
cost(20, 8, 616160).
cost(20, 9, 439964).
cost(20, 10, 736583).
cost(20, 11, 464136).
cost(20, 12, 342155).
cost(20, 13, 176131).
cost(20, 14, 631612).
cost(20, 15, 421046).
cost(20, 16, 281346).
cost(20, 17, 192128).
cost(20, 18, 594064).
cost(20, 19, 516476).
cost(20, 21, 173181).
cost(20, 22, 555526).
cost(20, 23, 618720).
cost(21, 1, 171735).
cost(21, 2, 236561).
cost(21, 3, 551652).
cost(21, 4, 369260).
cost(21, 5, 412115).
cost(21, 6, 684378).
cost(21, 7, 264960).
cost(21, 8, 466785).
cost(21, 9, 276567).
cost(21, 10, 567452).
cost(21, 11, 292119).
cost(21, 12, 373388).
cost(21, 13, 238303).
cost(21, 14, 493425).
cost(21, 15, 259707).
cost(21, 16, 247589).
cost(21, 17, 44600).
cost(21, 18, 458441).
cost(21, 19, 380463).
cost(21, 20, 173181).
cost(21, 22, 391549).
cost(21, 23, 469440).
cost(22, 1, 310040).
cost(22, 2, 430332).
cost(22, 3, 348261).
cost(22, 4, 74149).
cost(22, 5, 39310).
cost(22, 6, 303595).
cost(22, 7, 446451).
cost(22, 8, 420629).
cost(22, 9, 287011).
cost(22, 10, 344732).
cost(22, 11, 129533).
cost(22, 12, 547542).
cost(22, 13, 523404).
cost(22, 14, 185257).
cost(22, 15, 134679).
cost(22, 16, 408111).
cost(22, 17, 363781).
cost(22, 18, 176793).
cost(22, 19, 155829).
cost(22, 20, 555526).
cost(22, 21, 391549).
cost(22, 23, 124262).
cost(23, 1, 347753).
cost(23, 2, 445848).
cost(23, 3, 452387).
cost(23, 4, 197802).
cost(23, 5, 85026).
cost(23, 6, 218710).
cost(23, 7, 454829).
cost(23, 8, 542758).
cost(23, 9, 409025).
cost(23, 10, 444145).
cost(23, 11, 247956).
cost(23, 12, 537976).
cost(23, 13, 551898).
cost(23, 14, 65871).
cost(23, 15, 215349).
cost(23, 16, 418324).
cost(23, 17, 434114).
cost(23, 18, 76051).
cost(23, 19, 116770).
cost(23, 20, 618720).
cost(23, 21, 469440).
cost(23, 22, 124262).
