dimension(23).
point(1, 248794.0, 260487.0).
point(2, -394540.0, -373330.0).
point(3, 95755.0, -336087.0).
point(4, -62256.0, -462460.0).
point(5, 440147.0, 379352.0).
point(6, 300018.0, -122791.0).
point(7, -194758.0, 144342.0).
point(8, 183714.0, 33348.0).
point(9, 87450.0, -34403.0).
point(10, -1065.0, -348824.0).
point(11, -13672.0, 100672.0).
point(12, -243963.0, 605155.0).
point(13, -75328.0, -144926.0).
point(14, 204588.0, 158538.0).
point(15, -42233.0, -235350.0).
point(16, -334237.0, 226297.0).
point(17, -102478.0, -99924.0).
point(18, -20512.0, 253707.0).
point(19, -103612.0, -24690.0).
point(20, 181353.0, -269468.0).
point(21, -280536.0, 54951.0).
point(22, 118146.0, 2552.0).
point(23, -334441.0, -6982.0).
cost(1, 2, 903107).
cost(1, 3, 615891).
cost(1, 4, 787023).
cost(1, 5, 225266).
cost(1, 6, 386686).
cost(1, 7, 458506).
cost(1, 8, 236279).
cost(1, 9, 336143).
cost(1, 10, 658551).
cost(1, 11, 307293).
cost(1, 12, 601336).
cost(1, 13, 519052).
cost(1, 14, 111121).
cost(1, 15, 574936).
cost(1, 16, 584033).
cost(1, 17, 503277).
cost(1, 18, 269391).
cost(1, 19, 453339).
cost(1, 20, 534229).
cost(1, 21, 567834).
cost(1, 22, 289136).
cost(1, 23, 641641).
cost(2, 1, 903107).
cost(2, 3, 491707).
cost(2, 4, 344030).
cost(2, 5, 1123936).
cost(2, 6, 738363).
cost(2, 7, 554885).
cost(2, 8, 706940).
cost(2, 9, 589225).
cost(2, 10, 394237).
cost(2, 11, 608061).
cost(2, 12, 990003).
cost(2, 13, 392511).
cost(2, 14, 801148).
cost(2, 15, 378363).
cost(2, 16, 602652).
cost(2, 17, 400064).
cost(2, 18, 730118).
cost(2, 19, 454080).
cost(2, 20, 585184).
cost(2, 21, 443195).
cost(2, 22, 635716).
cost(2, 23, 371245).
cost(3, 1, 615891).
cost(3, 2, 491707).
cost(3, 4, 202330).
cost(3, 5, 794014).
cost(3, 6, 295328).
cost(3, 7, 561436).
cost(3, 8, 379762).
cost(3, 9, 301798).
cost(3, 10, 97654).
cost(3, 11, 450258).
cost(3, 12, 1000672).
cost(3, 13, 256538).
cost(3, 14, 506457).
cost(3, 15, 170847).
cost(3, 16, 707933).
cost(3, 17, 308333).
cost(3, 18, 601145).
cost(3, 19, 369750).
cost(3, 20, 108467).
cost(3, 21, 542684).
cost(3, 22, 339378).
cost(3, 23, 541644).
cost(4, 1, 787023).
cost(4, 2, 344030).
cost(4, 3, 202330).
cost(4, 5, 980335).
cost(4, 6, 496606).
cost(4, 7, 621100).
cost(4, 8, 553468).
cost(4, 9, 453481).
cost(4, 10, 129064).
cost(4, 11, 565224).
cost(4, 12, 1082968).
cost(4, 13, 317803).
cost(4, 14, 675903).
cost(4, 15, 227991).
cost(4, 16, 740513).
cost(4, 17, 364760).
cost(4, 18, 717383).
cost(4, 19, 439719).
cost(4, 20, 310791).
cost(4, 21, 561569).
cost(4, 22, 498780).
cost(4, 23, 530608).
cost(5, 1, 225266).
cost(5, 2, 1123936).
cost(5, 3, 794014).
cost(5, 4, 980335).
cost(5, 6, 521329).
cost(5, 7, 677004).
cost(5, 8, 430670).
cost(5, 9, 543680).
cost(5, 10, 851415).
cost(5, 11, 532554).
cost(5, 12, 720412).
cost(5, 13, 735243).
cost(5, 14, 322873).
cost(5, 15, 781376).
cost(5, 16, 789365).
cost(5, 17, 723980).
cost(5, 18, 477487).
cost(5, 19, 677439).
cost(5, 20, 698528).
cost(5, 21, 790329).
cost(5, 22, 495644).
cost(5, 23, 865587).
cost(6, 1, 386686).
cost(6, 2, 738363).
cost(6, 3, 295328).
cost(6, 4, 496606).
cost(6, 5, 521329).
cost(6, 7, 562284).
cost(6, 8, 194695).
cost(6, 9, 230212).
cost(6, 10, 376486).
cost(6, 11, 385146).
cost(6, 12, 908747).
cost(6, 13, 375998).
cost(6, 14, 297074).
cost(6, 15, 360285).
cost(6, 16, 723976).
cost(6, 17, 403145).
cost(6, 18, 494460).
cost(6, 19, 415381).
cost(6, 20, 188668).
cost(6, 21, 607153).
cost(6, 22, 220881).
cost(6, 23, 644942).
cost(7, 1, 458506).
cost(7, 2, 554885).
cost(7, 3, 561436).
cost(7, 4, 621100).
cost(7, 5, 677004).
cost(7, 6, 562284).
cost(7, 8, 394412).
cost(7, 9, 334053).
cost(7, 10, 529839).
cost(7, 11, 186277).
cost(7, 12, 463433).
cost(7, 13, 312953).
cost(7, 14, 399598).
cost(7, 15, 409182).
cost(7, 16, 161775).
cost(7, 17, 261116).
cost(7, 18, 205724).
cost(7, 19, 192040).
cost(7, 20, 559194).
cost(7, 21, 123890).
cost(7, 22, 343531).
cost(7, 23, 205938).
cost(8, 1, 236279).
cost(8, 2, 706940).
cost(8, 3, 379762).
cost(8, 4, 553468).
cost(8, 5, 430670).
cost(8, 6, 194695).
cost(8, 7, 394412).
cost(8, 9, 117716).
cost(8, 10, 424498).
cost(8, 11, 208552).
cost(8, 12, 714052).
cost(8, 13, 314459).
cost(8, 14, 126918).
cost(8, 15, 351071).
cost(8, 16, 552723).
cost(8, 17, 315701).
cost(8, 18, 300444).
cost(8, 19, 293129).
cost(8, 20, 302825).
cost(8, 21, 464752).
cost(8, 22, 72440).
cost(8, 23, 519722).
cost(9, 1, 336143).
cost(9, 2, 589225).
cost(9, 3, 301798).
cost(9, 4, 453481).
cost(9, 5, 543680).
cost(9, 6, 230212).
cost(9, 7, 334053).
cost(9, 8, 117716).
cost(9, 10, 326643).
cost(9, 11, 168733).
cost(9, 12, 720326).
cost(9, 13, 196754).
cost(9, 14, 225716).
cost(9, 15, 239160).
cost(9, 16, 495766).
cost(9, 17, 200912).
cost(9, 18, 307674).
cost(9, 19, 191309).
cost(9, 20, 253127).
cost(9, 21, 378679).
cost(9, 22, 48041).
cost(9, 23, 422781).
cost(10, 1, 658551).
cost(10, 2, 394237).
cost(10, 3, 97654).
cost(10, 4, 129064).
cost(10, 5, 851415).
cost(10, 6, 376486).
cost(10, 7, 529839).
cost(10, 8, 424498).
cost(10, 9, 326643).
cost(10, 11, 449673).
cost(10, 12, 984416).
cost(10, 13, 217001).
cost(10, 14, 547457).
cost(10, 15, 120711).
cost(10, 16, 664656).
cost(10, 17, 268767).
cost(10, 18, 602845).
cost(10, 19, 339969).
cost(10, 20, 198931).
cost(10, 21, 491058).
cost(10, 22, 371048).
cost(10, 23, 477489).
cost(11, 1, 307293).
cost(11, 2, 608061).
cost(11, 3, 450258).
cost(11, 4, 565224).
cost(11, 5, 532554).
cost(11, 6, 385146).
cost(11, 7, 186277).
cost(11, 8, 208552).
cost(11, 9, 168733).
cost(11, 10, 449673).
cost(11, 12, 554560).
cost(11, 13, 253219).
cost(11, 14, 225801).
cost(11, 15, 337234).
cost(11, 16, 344302).
cost(11, 17, 219375).
cost(11, 18, 153188).
cost(11, 19, 154288).
cost(11, 20, 418376).
cost(11, 21, 270752).
cost(11, 22, 164327).
cost(11, 23, 338352).
cost(12, 1, 601336).
cost(12, 2, 990003).
cost(12, 3, 1000672).
cost(12, 4, 1082968).
cost(12, 5, 720412).
cost(12, 6, 908747).
cost(12, 7, 463433).
cost(12, 8, 714052).
cost(12, 9, 720326).
cost(12, 10, 984416).
cost(12, 11, 554560).
cost(12, 13, 768804).
cost(12, 14, 632981).
cost(12, 15, 864375).
cost(12, 16, 389465).
cost(12, 17, 719134).
cost(12, 18, 416469).
cost(12, 19, 645293).
cost(12, 20, 972553).
cost(12, 21, 551418).
cost(12, 22, 703032).
cost(12, 23, 618788).
cost(13, 1, 519052).
cost(13, 2, 392511).
cost(13, 3, 256538).
cost(13, 4, 317803).
cost(13, 5, 735243).
cost(13, 6, 375998).
cost(13, 7, 312953).
cost(13, 8, 314459).
cost(13, 9, 196754).
cost(13, 10, 217001).
cost(13, 11, 253219).
cost(13, 12, 768804).
cost(13, 14, 412848).
cost(13, 15, 96290).
cost(13, 16, 452593).
cost(13, 17, 52558).
cost(13, 18, 402384).
cost(13, 19, 123518).
cost(13, 20, 285300).
cost(13, 21, 286463).
cost(13, 22, 243273).
cost(13, 23, 293544).
cost(14, 1, 111121).
cost(14, 2, 801148).
cost(14, 3, 506457).
cost(14, 4, 675903).
cost(14, 5, 322873).
cost(14, 6, 297074).
cost(14, 7, 399598).
cost(14, 8, 126918).
cost(14, 9, 225716).
cost(14, 10, 547457).
cost(14, 11, 225801).
cost(14, 12, 632981).
cost(14, 13, 412848).
cost(14, 15, 464832).
cost(14, 16, 543069).
cost(14, 17, 401363).
cost(14, 18, 244391).
cost(14, 19, 358552).
cost(14, 20, 428636).
cost(14, 21, 496060).
cost(14, 22, 178336).
cost(14, 23, 563870).
cost(15, 1, 574936).
cost(15, 2, 378363).
cost(15, 3, 170847).
cost(15, 4, 227991).
cost(15, 5, 781376).
cost(15, 6, 360285).
cost(15, 7, 409182).
cost(15, 8, 351071).
cost(15, 9, 239160).
cost(15, 10, 120711).
cost(15, 11, 337234).
cost(15, 12, 864375).
cost(15, 13, 96290).
cost(15, 14, 464832).
cost(15, 16, 546246).
cost(15, 17, 148222).
cost(15, 18, 489539).
cost(15, 19, 219420).
cost(15, 20, 226174).
cost(15, 21, 375584).
cost(15, 22, 286913).
cost(15, 23, 370860).
cost(16, 1, 584033).
cost(16, 2, 602652).
cost(16, 3, 707933).
cost(16, 4, 740513).
cost(16, 5, 789365).
cost(16, 6, 723976).
cost(16, 7, 161775).
cost(16, 8, 552723).
cost(16, 9, 495766).
cost(16, 10, 664656).
cost(16, 11, 344302).
cost(16, 12, 389465).
cost(16, 13, 452593).
cost(16, 14, 543069).
cost(16, 15, 546246).
cost(16, 17, 400165).
cost(16, 18, 314920).
cost(16, 19, 340855).
cost(16, 20, 715273).
cost(16, 21, 179564).
cost(16, 22, 504690).
cost(16, 23, 233279).
cost(17, 1, 503277).
cost(17, 2, 400064).
cost(17, 3, 308333).
cost(17, 4, 364760).
cost(17, 5, 723980).
cost(17, 6, 403145).
cost(17, 7, 261116).
cost(17, 8, 315701).
cost(17, 9, 200912).
cost(17, 10, 268767).
cost(17, 11, 219375).
cost(17, 12, 719134).
cost(17, 13, 52558).
cost(17, 14, 401363).
cost(17, 15, 148222).
cost(17, 16, 400165).
cost(17, 18, 363006).
cost(17, 19, 75243).
cost(17, 20, 330613).
cost(17, 21, 235989).
cost(17, 22, 243262).
cost(17, 23, 249890).
cost(18, 1, 269391).
cost(18, 2, 730118).
cost(18, 3, 601145).
cost(18, 4, 717383).
cost(18, 5, 477487).
cost(18, 6, 494460).
cost(18, 7, 205724).
cost(18, 8, 300444).
cost(18, 9, 307674).
cost(18, 10, 602845).
cost(18, 11, 153188).
cost(18, 12, 416469).
cost(18, 13, 402384).
cost(18, 14, 244391).
cost(18, 15, 489539).
cost(18, 16, 314920).
cost(18, 17, 363006).
cost(18, 19, 290535).
cost(18, 20, 560769).
cost(18, 21, 327286).
cost(18, 22, 286888).
cost(18, 23, 408057).
cost(19, 1, 453339).
cost(19, 2, 454080).
cost(19, 3, 369750).
cost(19, 4, 439719).
cost(19, 5, 677439).
cost(19, 6, 415381).
cost(19, 7, 192040).
cost(19, 8, 293129).
cost(19, 9, 191309).
cost(19, 10, 339969).
cost(19, 11, 154288).
cost(19, 12, 645293).
cost(19, 13, 123518).
cost(19, 14, 358552).
cost(19, 15, 219420).
cost(19, 16, 340855).
cost(19, 17, 75243).
cost(19, 18, 290535).
cost(19, 20, 375661).
cost(19, 21, 194023).
cost(19, 22, 223425).
cost(19, 23, 231507).
cost(20, 1, 534229).
cost(20, 2, 585184).
cost(20, 3, 108467).
cost(20, 4, 310791).
cost(20, 5, 698528).
cost(20, 6, 188668).
cost(20, 7, 559194).
cost(20, 8, 302825).
cost(20, 9, 253127).
cost(20, 10, 198931).
cost(20, 11, 418376).
cost(20, 12, 972553).
cost(20, 13, 285300).
cost(20, 14, 428636).
cost(20, 15, 226174).
cost(20, 16, 715273).
cost(20, 17, 330613).
cost(20, 18, 560769).
cost(20, 19, 375661).
cost(20, 21, 564437).
cost(20, 22, 279267).
cost(20, 23, 578742).
cost(21, 1, 567834).
cost(21, 2, 443195).
cost(21, 3, 542684).
cost(21, 4, 561569).
cost(21, 5, 790329).
cost(21, 6, 607153).
cost(21, 7, 123890).
cost(21, 8, 464752).
cost(21, 9, 378679).
cost(21, 10, 491058).
cost(21, 11, 270752).
cost(21, 12, 551418).
cost(21, 13, 286463).
cost(21, 14, 496060).
cost(21, 15, 375584).
cost(21, 16, 179564).
cost(21, 17, 235989).
cost(21, 18, 327286).
cost(21, 19, 194023).
cost(21, 20, 564437).
cost(21, 22, 402111).
cost(21, 23, 82106).
cost(22, 1, 289136).
cost(22, 2, 635716).
cost(22, 3, 339378).
cost(22, 4, 498780).
cost(22, 5, 495644).
cost(22, 6, 220881).
cost(22, 7, 343531).
cost(22, 8, 72440).
cost(22, 9, 48041).
cost(22, 10, 371048).
cost(22, 11, 164327).
cost(22, 12, 703032).
cost(22, 13, 243273).
cost(22, 14, 178336).
cost(22, 15, 286913).
cost(22, 16, 504690).
cost(22, 17, 243262).
cost(22, 18, 286888).
cost(22, 19, 223425).
cost(22, 20, 279267).
cost(22, 21, 402111).
cost(22, 23, 452687).
cost(23, 1, 641641).
cost(23, 2, 371245).
cost(23, 3, 541644).
cost(23, 4, 530608).
cost(23, 5, 865587).
cost(23, 6, 644942).
cost(23, 7, 205938).
cost(23, 8, 519722).
cost(23, 9, 422781).
cost(23, 10, 477489).
cost(23, 11, 338352).
cost(23, 12, 618788).
cost(23, 13, 293544).
cost(23, 14, 563870).
cost(23, 15, 370860).
cost(23, 16, 233279).
cost(23, 17, 249890).
cost(23, 18, 408057).
cost(23, 19, 231507).
cost(23, 20, 578742).
cost(23, 21, 82106).
cost(23, 22, 452687).
