dimension(20).
point(1, -136238.0, -420911.0).
point(2, -15202.0, -36737.0).
point(3, -95736.0, 273811.0).
point(4, 225051.0, -143176.0).
point(5, -73038.0, -192405.0).
point(6, -22839.0, -190906.0).
point(7, -70716.0, 168836.0).
point(8, -7114.0, 71438.0).
point(9, 33973.0, 219162.0).
point(10, -370683.0, -57581.0).
point(11, -295729.0, 51783.0).
point(12, 528012.0, -222269.0).
point(13, -309305.0, 33844.0).
point(14, 90052.0, -128113.0).
point(15, -110935.0, -188003.0).
point(16, -242808.0, -171373.0).
point(17, -121545.0, -132408.0).
point(18, 249262.0, -125733.0).
point(19, 111094.0, 303603.0).
point(20, 9916.0, 46987.0).
cost(1, 2, 402789).
cost(1, 3, 695902).
cost(1, 4, 455704).
cost(1, 5, 237085).
cost(1, 6, 256440).
cost(1, 7, 593376).
cost(1, 8, 509000).
cost(1, 9, 662318).
cost(1, 10, 432404).
cost(1, 11, 498876).
cost(1, 12, 693316).
cost(1, 13, 486574).
cost(1, 14, 370051).
cost(1, 15, 234278).
cost(1, 16, 271342).
cost(1, 17, 288877).
cost(1, 18, 485531).
cost(1, 19, 765568).
cost(1, 20, 490193).
cost(2, 1, 402789).
cost(2, 3, 320820).
cost(2, 4, 262775).
cost(2, 5, 166065).
cost(2, 6, 154358).
cost(2, 7, 212937).
cost(2, 8, 108477).
cost(2, 9, 260581).
cost(2, 10, 356092).
cost(2, 11, 294162).
cost(2, 12, 574024).
cost(2, 13, 302454).
cost(2, 14, 139384).
cost(2, 15, 179015).
cost(2, 16, 264445).
cost(2, 17, 143045).
cost(2, 18, 279037).
cost(2, 19, 363018).
cost(2, 20, 87411).
cost(3, 1, 695902).
cost(3, 2, 320820).
cost(3, 4, 526101).
cost(3, 5, 466768).
cost(3, 6, 470400).
cost(3, 7, 107915).
cost(3, 8, 220927).
cost(3, 9, 140751).
cost(3, 10, 430600).
cost(3, 11, 298820).
cost(3, 12, 796967).
cost(3, 13, 321241).
cost(3, 14, 442787).
cost(3, 15, 462064).
cost(3, 16, 468849).
cost(3, 17, 407038).
cost(3, 18, 527882).
cost(3, 19, 208965).
cost(3, 20, 250223).
cost(4, 1, 455704).
cost(4, 2, 262775).
cost(4, 3, 526101).
cost(4, 5, 302127).
cost(4, 6, 252443).
cost(4, 7, 429918).
cost(4, 8, 316164).
cost(4, 9, 409634).
cost(4, 10, 601852).
cost(4, 11, 556076).
cost(4, 12, 313115).
cost(4, 13, 562914).
cost(4, 14, 135837).
cost(4, 15, 338963).
cost(4, 16, 468708).
cost(4, 17, 346763).
cost(4, 18, 29840).
cost(4, 19, 461083).
cost(4, 20, 287132).
cost(5, 1, 237085).
cost(5, 2, 166065).
cost(5, 3, 466768).
cost(5, 4, 302127).
cost(5, 6, 50221).
cost(5, 7, 361248).
cost(5, 8, 271954).
cost(5, 9, 425251).
cost(5, 10, 326757).
cost(5, 11, 330483).
cost(5, 12, 601791).
cost(5, 13, 327125).
cost(5, 14, 175305).
cost(5, 15, 38152).
cost(5, 16, 171068).
cost(5, 17, 77153).
cost(5, 18, 329124).
cost(5, 19, 529083).
cost(5, 20, 253357).
cost(6, 1, 256440).
cost(6, 2, 154358).
cost(6, 3, 470400).
cost(6, 4, 252443).
cost(6, 5, 50221).
cost(6, 7, 362914).
cost(6, 8, 262815).
cost(6, 9, 413985).
cost(6, 10, 372520).
cost(6, 11, 365194).
cost(6, 12, 551743).
cost(6, 13, 364109).
cost(6, 14, 129179).
cost(6, 15, 88144).
cost(6, 16, 220835).
cost(6, 17, 114738).
cost(6, 18, 279797).
cost(6, 19, 512325).
cost(6, 20, 240137).
cost(7, 1, 593376).
cost(7, 2, 212937).
cost(7, 3, 107915).
cost(7, 4, 429918).
cost(7, 5, 361248).
cost(7, 6, 362914).
cost(7, 8, 116325).
cost(7, 9, 116157).
cost(7, 10, 375826).
cost(7, 11, 253638).
cost(7, 12, 715149).
cost(7, 13, 274131).
cost(7, 14, 337676).
cost(7, 15, 359098).
cost(7, 16, 381258).
cost(7, 17, 305502).
cost(7, 18, 434922).
cost(7, 19, 226312).
cost(7, 20, 146112).
cost(8, 1, 509000).
cost(8, 2, 108477).
cost(8, 3, 220927).
cost(8, 4, 316164).
cost(8, 5, 271954).
cost(8, 6, 262815).
cost(8, 7, 116325).
cost(8, 9, 153331).
cost(8, 10, 385783).
cost(8, 11, 289283).
cost(8, 12, 610429).
cost(8, 13, 304520).
cost(8, 14, 221950).
cost(8, 15, 279443).
cost(8, 16, 338392).
cost(8, 17, 233768).
cost(8, 18, 323427).
cost(8, 19, 260526).
cost(8, 20, 29797).
cost(9, 1, 662318).
cost(9, 2, 260581).
cost(9, 3, 140751).
cost(9, 4, 409634).
cost(9, 5, 425251).
cost(9, 6, 413985).
cost(9, 7, 116157).
cost(9, 8, 153331).
cost(9, 10, 490238).
cost(9, 11, 369756).
cost(9, 12, 662522).
cost(9, 13, 390106).
cost(9, 14, 351774).
cost(9, 15, 432182).
cost(9, 16, 478670).
cost(9, 17, 384431).
cost(9, 18, 406573).
cost(9, 19, 114359).
cost(9, 20, 173848).
cost(10, 1, 432404).
cost(10, 2, 356092).
cost(10, 3, 430600).
cost(10, 4, 601852).
cost(10, 5, 326757).
cost(10, 6, 372520).
cost(10, 7, 375826).
cost(10, 8, 385783).
cost(10, 9, 490238).
cost(10, 11, 132584).
cost(10, 12, 913660).
cost(10, 13, 110117).
cost(10, 14, 466102).
cost(10, 15, 290653).
cost(10, 16, 171174).
cost(10, 17, 260132).
cost(10, 18, 623680).
cost(10, 19, 602132).
cost(10, 20, 394703).
cost(11, 1, 498876).
cost(11, 2, 294162).
cost(11, 3, 298820).
cost(11, 4, 556076).
cost(11, 5, 330483).
cost(11, 6, 365194).
cost(11, 7, 253638).
cost(11, 8, 289283).
cost(11, 9, 369756).
cost(11, 10, 132584).
cost(11, 12, 868132).
cost(11, 13, 22497).
cost(11, 14, 425664).
cost(11, 15, 302731).
cost(11, 16, 229345).
cost(11, 17, 253508).
cost(11, 18, 573173).
cost(11, 19, 478454).
cost(11, 20, 305683).
cost(12, 1, 693316).
cost(12, 2, 574024).
cost(12, 3, 796967).
cost(12, 4, 313115).
cost(12, 5, 601791).
cost(12, 6, 551743).
cost(12, 7, 715149).
cost(12, 8, 610429).
cost(12, 9, 662522).
cost(12, 10, 913660).
cost(12, 11, 868132).
cost(12, 13, 875610).
cost(12, 14, 447967).
cost(12, 15, 639865).
cost(12, 16, 772498).
cost(12, 17, 655743).
cost(12, 18, 294993).
cost(12, 19, 671090).
cost(12, 20, 583885).
cost(13, 1, 486574).
cost(13, 2, 302454).
cost(13, 3, 321241).
cost(13, 4, 562914).
cost(13, 5, 327125).
cost(13, 6, 364109).
cost(13, 7, 274131).
cost(13, 8, 304520).
cost(13, 9, 390106).
cost(13, 10, 110117).
cost(13, 11, 22497).
cost(13, 12, 875610).
cost(13, 14, 430948).
cost(13, 15, 297602).
cost(13, 16, 215722).
cost(13, 17, 250786).
cost(13, 18, 580915).
cost(13, 19, 499505).
cost(13, 20, 319491).
cost(14, 1, 370051).
cost(14, 2, 139384).
cost(14, 3, 442787).
cost(14, 4, 135837).
cost(14, 5, 175305).
cost(14, 6, 129179).
cost(14, 7, 337676).
cost(14, 8, 221950).
cost(14, 9, 351774).
cost(14, 10, 466102).
cost(14, 11, 425664).
cost(14, 12, 447967).
cost(14, 13, 430948).
cost(14, 15, 209720).
cost(14, 16, 335659).
cost(14, 17, 211641).
cost(14, 18, 159228).
cost(14, 19, 432228).
cost(14, 20, 192566).
cost(15, 1, 234278).
cost(15, 2, 179015).
cost(15, 3, 462064).
cost(15, 4, 338963).
cost(15, 5, 38152).
cost(15, 6, 88144).
cost(15, 7, 359098).
cost(15, 8, 279443).
cost(15, 9, 432182).
cost(15, 10, 290653).
cost(15, 11, 302731).
cost(15, 12, 639865).
cost(15, 13, 297602).
cost(15, 14, 209720).
cost(15, 16, 132917).
cost(15, 17, 56598).
cost(15, 18, 365540).
cost(15, 19, 539419).
cost(15, 20, 264245).
cost(16, 1, 271342).
cost(16, 2, 264445).
cost(16, 3, 468849).
cost(16, 4, 468708).
cost(16, 5, 171068).
cost(16, 6, 220835).
cost(16, 7, 381258).
cost(16, 8, 338392).
cost(16, 9, 478670).
cost(16, 10, 171174).
cost(16, 11, 229345).
cost(16, 12, 772498).
cost(16, 13, 215722).
cost(16, 14, 335659).
cost(16, 15, 132917).
cost(16, 17, 127369).
cost(16, 18, 494182).
cost(16, 19, 592325).
cost(16, 20, 333992).
cost(17, 1, 288877).
cost(17, 2, 143045).
cost(17, 3, 407038).
cost(17, 4, 346763).
cost(17, 5, 77153).
cost(17, 6, 114738).
cost(17, 7, 305502).
cost(17, 8, 233768).
cost(17, 9, 384431).
cost(17, 10, 260132).
cost(17, 11, 253508).
cost(17, 12, 655743).
cost(17, 13, 250786).
cost(17, 14, 211641).
cost(17, 15, 56598).
cost(17, 16, 127369).
cost(17, 18, 370867).
cost(17, 19, 494193).
cost(17, 20, 222406).
cost(18, 1, 485531).
cost(18, 2, 279037).
cost(18, 3, 527882).
cost(18, 4, 29840).
cost(18, 5, 329124).
cost(18, 6, 279797).
cost(18, 7, 434922).
cost(18, 8, 323427).
cost(18, 9, 406573).
cost(18, 10, 623680).
cost(18, 11, 573173).
cost(18, 12, 294993).
cost(18, 13, 580915).
cost(18, 14, 159228).
cost(18, 15, 365540).
cost(18, 16, 494182).
cost(18, 17, 370867).
cost(18, 19, 451021).
cost(18, 20, 295159).
cost(19, 1, 765568).
cost(19, 2, 363018).
cost(19, 3, 208965).
cost(19, 4, 461083).
cost(19, 5, 529083).
cost(19, 6, 512325).
cost(19, 7, 226312).
cost(19, 8, 260526).
cost(19, 9, 114359).
cost(19, 10, 602132).
cost(19, 11, 478454).
cost(19, 12, 671090).
cost(19, 13, 499505).
cost(19, 14, 432228).
cost(19, 15, 539419).
cost(19, 16, 592325).
cost(19, 17, 494193).
cost(19, 18, 451021).
cost(19, 20, 275842).
cost(20, 1, 490193).
cost(20, 2, 87411).
cost(20, 3, 250223).
cost(20, 4, 287132).
cost(20, 5, 253357).
cost(20, 6, 240137).
cost(20, 7, 146112).
cost(20, 8, 29797).
cost(20, 9, 173848).
cost(20, 10, 394703).
cost(20, 11, 305683).
cost(20, 12, 583885).
cost(20, 13, 319491).
cost(20, 14, 192566).
cost(20, 15, 264245).
cost(20, 16, 333992).
cost(20, 17, 222406).
cost(20, 18, 295159).
cost(20, 19, 275842).
nocross(1,5).
nocross(1,6).
nocross(1,15).
nocross(1,16).
nocross(2,6).
nocross(2,7).
nocross(2,8).
nocross(2,10).
nocross(2,11).
nocross(2,13).
nocross(2,20).
nocross(3,6).
nocross(3,8).
nocross(3,9).
nocross(3,13).
nocross(3,20).
nocross(4,6).
nocross(4,12).
nocross(4,14).
nocross(4,17).
nocross(4,19).
nocross(4,20).
nocross(5,6).
nocross(5,8).
nocross(5,10).
nocross(5,13).
nocross(5,17).
nocross(6,5).
nocross(6,11).
nocross(6,20).
nocross(7,3).
nocross(7,5).
nocross(7,6).
nocross(7,8).
nocross(7,10).
nocross(7,13).
nocross(8,2).
nocross(8,3).
nocross(8,5).
nocross(8,6).
nocross(8,7).
nocross(8,10).
nocross(8,13).
nocross(8,19).
nocross(8,20).
nocross(9,3).
nocross(9,7).
nocross(9,8).
nocross(9,10).
nocross(9,13).
nocross(9,19).
nocross(9,20).
nocross(10,7).
nocross(10,8).
nocross(11,8).
nocross(11,10).
nocross(11,13).
nocross(12,4).
nocross(12,18).
nocross(13,3).
nocross(13,8).
nocross(14,2).
nocross(14,4).
nocross(14,6).
nocross(14,11).
nocross(14,13).
nocross(14,17).
nocross(14,18).
nocross(14,20).
nocross(15,5).
nocross(15,6).
nocross(15,8).
nocross(15,10).
nocross(15,13).
nocross(15,17).
nocross(16,6).
nocross(16,8).
nocross(16,10).
nocross(16,11).
nocross(16,13).
nocross(16,17).
nocross(17,6).
nocross(17,7).
nocross(17,8).
nocross(17,10).
nocross(17,11).
nocross(17,13).
nocross(18,12).
nocross(18,14).
nocross(18,19).
nocross(18,20).
nocross(19,3).
nocross(19,8).
nocross(19,20).
nocross(20,2).
nocross(20,6).
nocross(20,8).
nocross(20,13).
