dimension(20).
point(1, 266801.0, 279342.0).
point(2, -423097.0, -400352.0).
point(3, 102686.0, -360413.0).
point(4, -66762.0, -495933.0).
point(5, 472006.0, 406810.0).
point(6, 321734.0, -131678.0).
point(7, -208855.0, 154789.0).
point(8, 197012.0, 35762.0).
point(9, 93780.0, -36893.0).
point(10, -1142.0, -374072.0).
point(11, -14661.0, 107959.0).
point(12, -261622.0, 648956.0).
point(13, -80780.0, -155416.0).
point(14, 219396.0, 170013.0).
point(15, -45289.0, -252385.0).
point(16, -358430.0, 242677.0).
point(17, -109895.0, -107156.0).
point(18, -21997.0, 272070.0).
point(19, -111111.0, -26477.0).
point(20, 194479.0, -288972.0).
cost(1, 2, 968475).
cost(1, 3, 660470).
cost(1, 4, 843988).
cost(1, 5, 241572).
cost(1, 6, 414675).
cost(1, 7, 491693).
cost(1, 8, 253381).
cost(1, 9, 360473).
cost(1, 10, 706218).
cost(1, 11, 329535).
cost(1, 12, 644861).
cost(1, 13, 556621).
cost(1, 14, 119164).
cost(1, 15, 616550).
cost(1, 16, 626305).
cost(1, 17, 539704).
cost(1, 18, 288890).
cost(1, 19, 486151).
cost(1, 20, 572897).
cost(2, 1, 968475).
cost(2, 3, 527298).
cost(2, 4, 368931).
cost(2, 5, 1205288).
cost(2, 6, 791807).
cost(2, 7, 595047).
cost(2, 8, 758110).
cost(2, 9, 631874).
cost(2, 10, 422773).
cost(2, 11, 652074).
cost(2, 12, 1061660).
cost(2, 13, 420921).
cost(2, 14, 859135).
cost(2, 15, 405750).
cost(2, 16, 646272).
cost(2, 17, 429021).
cost(2, 18, 782964).
cost(2, 19, 486947).
cost(2, 20, 627539).
cost(3, 1, 660470).
cost(3, 2, 527298).
cost(3, 4, 216975).
cost(3, 5, 851486).
cost(3, 6, 316704).
cost(3, 7, 602072).
cost(3, 8, 407249).
cost(3, 9, 323643).
cost(3, 10, 104723).
cost(3, 11, 482848).
cost(3, 12, 1073101).
cost(3, 13, 275106).
cost(3, 14, 543114).
cost(3, 15, 183212).
cost(3, 16, 759174).
cost(3, 17, 330651).
cost(3, 18, 644655).
cost(3, 19, 396513).
cost(3, 20, 116318).
cost(4, 1, 843988).
cost(4, 2, 368931).
cost(4, 3, 216975).
cost(4, 5, 1051292).
cost(4, 6, 532551).
cost(4, 7, 666055).
cost(4, 8, 593529).
cost(4, 9, 486304).
cost(4, 10, 138406).
cost(4, 11, 606135).
cost(4, 12, 1161353).
cost(4, 13, 340805).
cost(4, 14, 724824).
cost(4, 15, 244493).
cost(4, 16, 794113).
cost(4, 17, 391162).
cost(4, 18, 769307).
cost(4, 19, 471546).
cost(4, 20, 333286).
cost(5, 1, 241572).
cost(5, 2, 1205288).
cost(5, 3, 851486).
cost(5, 4, 1051292).
cost(5, 6, 559063).
cost(5, 7, 726007).
cost(5, 8, 461842).
cost(5, 9, 583033).
cost(5, 10, 913042).
cost(5, 11, 571101).
cost(5, 12, 772557).
cost(5, 13, 788461).
cost(5, 14, 346244).
cost(5, 15, 837933).
cost(5, 16, 846501).
cost(5, 17, 776383).
cost(5, 18, 512049).
cost(5, 19, 726473).
cost(5, 20, 749089).
cost(6, 1, 414675).
cost(6, 2, 791807).
cost(6, 3, 316704).
cost(6, 4, 532551).
cost(6, 5, 559063).
cost(6, 7, 602983).
cost(6, 8, 208786).
cost(6, 9, 246875).
cost(6, 10, 403737).
cost(6, 11, 413022).
cost(6, 12, 974522).
cost(6, 13, 403213).
cost(6, 14, 318576).
cost(6, 15, 386363).
cost(6, 16, 776379).
cost(6, 17, 432325).
cost(6, 18, 530248).
cost(6, 19, 445446).
cost(6, 20, 202325).
cost(7, 1, 491693).
cost(7, 2, 595047).
cost(7, 3, 602072).
cost(7, 4, 666055).
cost(7, 5, 726007).
cost(7, 6, 602983).
cost(7, 8, 422960).
cost(7, 9, 358232).
cost(7, 10, 568189).
cost(7, 11, 199761).
cost(7, 12, 496976).
cost(7, 13, 335604).
cost(7, 14, 428522).
cost(7, 15, 438799).
cost(7, 16, 173485).
cost(7, 17, 280015).
cost(7, 18, 220614).
cost(7, 19, 205940).
cost(7, 20, 599668).
cost(8, 1, 253381).
cost(8, 2, 758110).
cost(8, 3, 407249).
cost(8, 4, 593529).
cost(8, 5, 461842).
cost(8, 6, 208786).
cost(8, 7, 422960).
cost(8, 9, 126236).
cost(8, 10, 455224).
cost(8, 11, 223647).
cost(8, 12, 765736).
cost(8, 13, 337220).
cost(8, 14, 136104).
cost(8, 15, 376482).
cost(8, 16, 592731).
cost(8, 17, 338552).
cost(8, 18, 322190).
cost(8, 19, 314346).
cost(8, 20, 324744).
cost(9, 1, 360473).
cost(9, 2, 631874).
cost(9, 3, 323643).
cost(9, 4, 486304).
cost(9, 5, 583033).
cost(9, 6, 246875).
cost(9, 7, 358232).
cost(9, 8, 126236).
cost(9, 10, 350285).
cost(9, 11, 180946).
cost(9, 12, 772463).
cost(9, 13, 210995).
cost(9, 14, 242053).
cost(9, 15, 256470).
cost(9, 16, 531651).
cost(9, 17, 215454).
cost(9, 18, 329943).
cost(9, 19, 205156).
cost(9, 20, 271448).
cost(10, 1, 706218).
cost(10, 2, 422773).
cost(10, 3, 104723).
cost(10, 4, 138406).
cost(10, 5, 913042).
cost(10, 6, 403737).
cost(10, 7, 568189).
cost(10, 8, 455224).
cost(10, 9, 350285).
cost(10, 11, 482221).
cost(10, 12, 1055669).
cost(10, 13, 232707).
cost(10, 14, 587082).
cost(10, 15, 129448).
cost(10, 16, 712765).
cost(10, 17, 288221).
cost(10, 18, 646478).
cost(10, 19, 364576).
cost(10, 20, 213330).
cost(11, 1, 329535).
cost(11, 2, 652074).
cost(11, 3, 482848).
cost(11, 4, 606135).
cost(11, 5, 571101).
cost(11, 6, 413022).
cost(11, 7, 199761).
cost(11, 8, 223647).
cost(11, 9, 180946).
cost(11, 10, 482221).
cost(11, 12, 594699).
cost(11, 13, 271548).
cost(11, 14, 242143).
cost(11, 15, 361643).
cost(11, 16, 369224).
cost(11, 17, 235253).
cost(11, 18, 164275).
cost(11, 19, 165456).
cost(11, 20, 448658).
cost(12, 1, 644861).
cost(12, 2, 1061660).
cost(12, 3, 1073101).
cost(12, 4, 1161353).
cost(12, 5, 772557).
cost(12, 6, 974522).
cost(12, 7, 496976).
cost(12, 8, 765736).
cost(12, 9, 772463).
cost(12, 10, 1055669).
cost(12, 11, 594699).
cost(12, 13, 824450).
cost(12, 14, 678797).
cost(12, 15, 926939).
cost(12, 16, 417653).
cost(12, 17, 771185).
cost(12, 18, 446613).
cost(12, 19, 691999).
cost(12, 20, 1042946).
cost(13, 1, 556621).
cost(13, 2, 420921).
cost(13, 3, 275106).
cost(13, 4, 340805).
cost(13, 5, 788461).
cost(13, 6, 403213).
cost(13, 7, 335604).
cost(13, 8, 337220).
cost(13, 9, 210995).
cost(13, 10, 232707).
cost(13, 11, 271548).
cost(13, 12, 824450).
cost(13, 14, 442730).
cost(13, 15, 103260).
cost(13, 16, 485353).
cost(13, 17, 56362).
cost(13, 18, 431509).
cost(13, 19, 132458).
cost(13, 20, 305949).
cost(14, 1, 119164).
cost(14, 2, 859135).
cost(14, 3, 543114).
cost(14, 4, 724824).
cost(14, 5, 346244).
cost(14, 6, 318576).
cost(14, 7, 428522).
cost(14, 8, 136104).
cost(14, 9, 242053).
cost(14, 10, 587082).
cost(14, 11, 242143).
cost(14, 12, 678797).
cost(14, 13, 442730).
cost(14, 15, 498476).
cost(14, 16, 582377).
cost(14, 17, 430413).
cost(14, 18, 262081).
cost(14, 19, 384504).
cost(14, 20, 459661).
cost(15, 1, 616550).
cost(15, 2, 405750).
cost(15, 3, 183212).
cost(15, 4, 244493).
cost(15, 5, 837933).
cost(15, 6, 386363).
cost(15, 7, 438799).
cost(15, 8, 376482).
cost(15, 9, 256470).
cost(15, 10, 129448).
cost(15, 11, 361643).
cost(15, 12, 926939).
cost(15, 13, 103260).
cost(15, 14, 498476).
cost(15, 16, 585785).
cost(15, 17, 158951).
cost(15, 18, 524972).
cost(15, 19, 235302).
cost(15, 20, 242543).
cost(16, 1, 626305).
cost(16, 2, 646272).
cost(16, 3, 759174).
cost(16, 4, 794113).
cost(16, 5, 846501).
cost(16, 6, 776379).
cost(16, 7, 173485).
cost(16, 8, 592731).
cost(16, 9, 531651).
cost(16, 10, 712765).
cost(16, 11, 369224).
cost(16, 12, 417653).
cost(16, 13, 485353).
cost(16, 14, 582377).
cost(16, 15, 585785).
cost(16, 17, 429130).
cost(16, 18, 337715).
cost(16, 19, 365528).
cost(16, 20, 767046).
cost(17, 1, 539704).
cost(17, 2, 429021).
cost(17, 3, 330651).
cost(17, 4, 391162).
cost(17, 5, 776383).
cost(17, 6, 432325).
cost(17, 7, 280015).
cost(17, 8, 338552).
cost(17, 9, 215454).
cost(17, 10, 288221).
cost(17, 11, 235253).
cost(17, 12, 771185).
cost(17, 13, 56362).
cost(17, 14, 430413).
cost(17, 15, 158951).
cost(17, 16, 429130).
cost(17, 18, 389279).
cost(17, 19, 80688).
cost(17, 20, 354543).
cost(18, 1, 288890).
cost(18, 2, 782964).
cost(18, 3, 644655).
cost(18, 4, 769307).
cost(18, 5, 512049).
cost(18, 6, 530248).
cost(18, 7, 220614).
cost(18, 8, 322190).
cost(18, 9, 329943).
cost(18, 10, 646478).
cost(18, 11, 164275).
cost(18, 12, 446613).
cost(18, 13, 431509).
cost(18, 14, 262081).
cost(18, 15, 524972).
cost(18, 16, 337715).
cost(18, 17, 389279).
cost(18, 19, 311563).
cost(18, 20, 601357).
cost(19, 1, 486151).
cost(19, 2, 486947).
cost(19, 3, 396513).
cost(19, 4, 471546).
cost(19, 5, 726473).
cost(19, 6, 445446).
cost(19, 7, 205940).
cost(19, 8, 314346).
cost(19, 9, 205156).
cost(19, 10, 364576).
cost(19, 11, 165456).
cost(19, 12, 691999).
cost(19, 13, 132458).
cost(19, 14, 384504).
cost(19, 15, 235302).
cost(19, 16, 365528).
cost(19, 17, 80688).
cost(19, 18, 311563).
cost(19, 20, 402851).
cost(20, 1, 572897).
cost(20, 2, 627539).
cost(20, 3, 116318).
cost(20, 4, 333286).
cost(20, 5, 749089).
cost(20, 6, 202325).
cost(20, 7, 599668).
cost(20, 8, 324744).
cost(20, 9, 271448).
cost(20, 10, 213330).
cost(20, 11, 448658).
cost(20, 12, 1042946).
cost(20, 13, 305949).
cost(20, 14, 459661).
cost(20, 15, 242543).
cost(20, 16, 767046).
cost(20, 17, 354543).
cost(20, 18, 601357).
cost(20, 19, 402851).
nocross(1,5).
nocross(1,13).
nocross(1,18).
nocross(2,4).
nocross(2,10).
nocross(2,13).
nocross(2,15).
nocross(2,17).
nocross(3,10).
nocross(3,13).
nocross(3,15).
nocross(3,17).
nocross(3,19).
nocross(3,20).
nocross(4,3).
nocross(4,10).
nocross(4,13).
nocross(4,15).
nocross(4,17).
nocross(5,6).
nocross(5,8).
nocross(5,14).
nocross(5,18).
nocross(6,3).
nocross(6,5).
nocross(6,8).
nocross(6,9).
nocross(6,10).
nocross(6,13).
nocross(6,19).
nocross(6,20).
nocross(7,11).
nocross(7,13).
nocross(7,17).
nocross(7,18).
nocross(7,19).
nocross(8,3).
nocross(8,6).
nocross(8,13).
nocross(8,15).
nocross(8,19).
nocross(9,3).
nocross(9,11).
nocross(9,13).
nocross(9,15).
nocross(9,17).
nocross(9,19).
nocross(9,20).
nocross(10,3).
nocross(10,4).
nocross(10,15).
nocross(10,17).
nocross(10,20).
nocross(11,1).
nocross(11,3).
nocross(11,7).
nocross(11,9).
nocross(11,13).
nocross(11,15).
nocross(11,17).
nocross(11,19).
nocross(12,5).
nocross(12,16).
nocross(12,18).
nocross(13,15).
nocross(13,17).
nocross(13,19).
nocross(13,20).
nocross(14,5).
nocross(14,8).
nocross(14,13).
nocross(14,17).
nocross(14,19).
nocross(15,3).
nocross(15,10).
nocross(15,13).
nocross(15,17).
nocross(15,19).
nocross(16,18).
nocross(17,11).
nocross(17,13).
nocross(17,19).
nocross(18,8).
nocross(18,9).
nocross(18,11).
nocross(18,12).
nocross(18,13).
nocross(18,19).
nocross(19,3).
nocross(19,7).
nocross(19,11).
nocross(19,13).
nocross(19,17).
nocross(20,3).
nocross(20,6).
nocross(20,13).
nocross(20,19).
