dimension(20).
point(1, 483153.0, -240253.0).
point(2, -134103.0, -130150.0).
point(3, 377335.0, 232022.0).
point(4, 268953.0, -100915.0).
point(5, 325580.0, 179018.0).
point(6, -70410.0, 476564.0).
point(7, 507132.0, 210111.0).
point(8, -289353.0, 408796.0).
point(9, 159156.0, 201681.0).
point(10, 992.0, -276456.0).
point(11, -156420.0, 213494.0).
point(12, 263517.0, 259776.0).
point(13, -120648.0, 96112.0).
point(14, -66265.0, -231532.0).
point(15, -342744.0, -295785.0).
point(16, 87131.0, -385744.0).
point(17, -2182.0, 95657.0).
point(18, -367464.0, -81159.0).
point(19, -167498.0, 10824.0).
point(20, -506153.0, 127195.0).
cost(1, 2, 626999).
cost(1, 3, 483985).
cost(1, 4, 255532).
cost(1, 5, 447903).
cost(1, 6, 905681).
cost(1, 7, 451002).
cost(1, 8, 1008975).
cost(1, 9, 547978).
cost(1, 10, 483518).
cost(1, 11, 784181).
cost(1, 12, 546140).
cost(1, 13, 691171).
cost(1, 14, 549487).
cost(1, 15, 827762).
cost(1, 16, 421902).
cost(1, 17, 590242).
cost(1, 18, 865367).
cost(1, 19, 697414).
cost(1, 20, 1055341).
cost(2, 1, 626999).
cost(2, 3, 626688).
cost(2, 4, 404115).
cost(2, 5, 553980).
cost(2, 6, 610048).
cost(2, 7, 725920).
cost(2, 8, 560861).
cost(2, 9, 442846).
cost(2, 10, 199138).
cost(2, 11, 344368).
cost(2, 12, 556906).
cost(2, 13, 226662).
cost(2, 14, 121985).
cost(2, 15, 266394).
cost(2, 16, 338043).
cost(2, 17, 261519).
cost(2, 18, 238448).
cost(2, 19, 144875).
cost(2, 20, 452380).
cost(3, 1, 483985).
cost(3, 2, 626688).
cost(3, 4, 350134).
cost(3, 5, 74081).
cost(3, 6, 510173).
cost(3, 7, 131633).
cost(3, 8, 689726).
cost(3, 9, 220279).
cost(3, 10, 632601).
cost(3, 11, 534076).
cost(3, 12, 117153).
cost(3, 13, 516196).
cost(3, 14, 641610).
cost(3, 15, 892801).
cost(3, 16, 682534).
cost(3, 17, 403272).
cost(3, 18, 807965).
cost(3, 19, 588023).
cost(3, 20, 889685).
cost(4, 1, 255532).
cost(4, 2, 404115).
cost(4, 3, 350134).
cost(4, 5, 285603).
cost(4, 6, 669813).
cost(4, 7, 391748).
cost(4, 8, 755983).
cost(4, 9, 321900).
cost(4, 10, 320340).
cost(4, 11, 528957).
cost(4, 12, 360732).
cost(4, 13, 436587).
cost(4, 14, 359766).
cost(4, 15, 641987).
cost(4, 16, 337915).
cost(4, 17, 334895).
cost(4, 18, 636724).
cost(4, 19, 450528).
cost(4, 20, 807975).
cost(5, 1, 447903).
cost(5, 2, 553980).
cost(5, 3, 74081).
cost(5, 4, 285603).
cost(5, 6, 495320).
cost(5, 7, 184195).
cost(5, 8, 656461).
cost(5, 9, 167960).
cost(5, 10, 559298).
cost(5, 11, 483231).
cost(5, 12, 101851).
cost(5, 13, 453864).
cost(5, 14, 567533).
cost(5, 15, 819814).
cost(5, 16, 613037).
cost(5, 17, 338197).
cost(5, 18, 740272).
cost(5, 19, 520975).
cost(5, 20, 833346).
cost(6, 1, 905681).
cost(6, 2, 610048).
cost(6, 3, 510173).
cost(6, 4, 669813).
cost(6, 5, 495320).
cost(6, 7, 636044).
cost(6, 8, 229191).
cost(6, 9, 358136).
cost(6, 10, 756398).
cost(6, 11, 276773).
cost(6, 12, 398126).
cost(6, 13, 383755).
cost(6, 14, 708108).
cost(6, 15, 818956).
cost(6, 16, 876581).
cost(6, 17, 386969).
cost(6, 18, 631899).
cost(6, 19, 475752).
cost(6, 20, 558508).
cost(7, 1, 451002).
cost(7, 2, 725920).
cost(7, 3, 131633).
cost(7, 4, 391748).
cost(7, 5, 184195).
cost(7, 6, 636044).
cost(7, 8, 820892).
cost(7, 9, 348078).
cost(7, 10, 702086).
cost(7, 11, 663561).
cost(7, 12, 248626).
cost(7, 13, 638047).
cost(7, 14, 723763).
cost(7, 15, 989050).
cost(7, 16, 729002).
cost(7, 17, 522016).
cost(7, 18, 921822).
cost(7, 19, 703449).
cost(7, 20, 1016672).
cost(8, 1, 1008975).
cost(8, 2, 560861).
cost(8, 3, 689726).
cost(8, 4, 755983).
cost(8, 5, 656461).
cost(8, 6, 229191).
cost(8, 7, 820892).
cost(8, 9, 494021).
cost(8, 10, 744225).
cost(8, 11, 236250).
cost(8, 12, 572601).
cost(8, 13, 355292).
cost(8, 14, 678077).
cost(8, 15, 706601).
cost(8, 16, 879224).
cost(8, 17, 424880).
cost(8, 18, 496142).
cost(8, 19, 416210).
cost(8, 20, 355389).
cost(9, 1, 547978).
cost(9, 2, 442846).
cost(9, 3, 220279).
cost(9, 4, 321900).
cost(9, 5, 167960).
cost(9, 6, 358136).
cost(9, 7, 348078).
cost(9, 8, 494021).
cost(9, 10, 503618).
cost(9, 11, 315797).
cost(9, 12, 119441).
cost(9, 13, 299057).
cost(9, 14, 488352).
cost(9, 15, 706665).
cost(9, 16, 591824).
cost(9, 17, 193057).
cost(9, 18, 597768).
cost(9, 19, 378324).
cost(9, 20, 669466).
cost(10, 1, 483518).
cost(10, 2, 199138).
cost(10, 3, 632601).
cost(10, 4, 320340).
cost(10, 5, 559298).
cost(10, 6, 756398).
cost(10, 7, 702086).
cost(10, 8, 744225).
cost(10, 9, 503618).
cost(10, 11, 514616).
cost(10, 12, 597046).
cost(10, 13, 391922).
cost(10, 14, 80881).
cost(10, 15, 344279).
cost(10, 16, 139154).
cost(10, 17, 372127).
cost(10, 18, 417014).
cost(10, 19, 333045).
cost(10, 20, 648174).
cost(11, 1, 784181).
cost(11, 2, 344368).
cost(11, 3, 534076).
cost(11, 4, 528957).
cost(11, 5, 483231).
cost(11, 6, 276773).
cost(11, 7, 663561).
cost(11, 8, 236250).
cost(11, 9, 315797).
cost(11, 10, 514616).
cost(11, 12, 422480).
cost(11, 13, 122712).
cost(11, 14, 454066).
cost(11, 15, 542293).
cost(11, 16, 646841).
cost(11, 17, 194100).
cost(11, 18, 362436).
cost(11, 19, 202973).
cost(11, 20, 360223).
cost(12, 1, 546140).
cost(12, 2, 556906).
cost(12, 3, 117153).
cost(12, 4, 360732).
cost(12, 5, 101851).
cost(12, 6, 398126).
cost(12, 7, 248626).
cost(12, 8, 572601).
cost(12, 9, 119441).
cost(12, 10, 597046).
cost(12, 11, 422480).
cost(12, 13, 417575).
cost(12, 14, 591726).
cost(12, 15, 822314).
cost(12, 16, 669185).
cost(12, 17, 312300).
cost(12, 18, 717199).
cost(12, 19, 497746).
cost(12, 20, 781006).
cost(13, 1, 691171).
cost(13, 2, 226662).
cost(13, 3, 516196).
cost(13, 4, 436587).
cost(13, 5, 453864).
cost(13, 6, 383755).
cost(13, 7, 638047).
cost(13, 8, 355292).
cost(13, 9, 299057).
cost(13, 10, 391922).
cost(13, 11, 122712).
cost(13, 12, 417575).
cost(13, 14, 332127).
cost(13, 15, 450455).
cost(13, 16, 524745).
cost(13, 17, 118467).
cost(13, 18, 303880).
cost(13, 19, 97309).
cost(13, 20, 386756).
cost(14, 1, 549487).
cost(14, 2, 121985).
cost(14, 3, 641610).
cost(14, 4, 359766).
cost(14, 5, 567533).
cost(14, 6, 708108).
cost(14, 7, 723763).
cost(14, 8, 678077).
cost(14, 9, 488352).
cost(14, 10, 80881).
cost(14, 11, 454066).
cost(14, 12, 591726).
cost(14, 13, 332127).
cost(14, 15, 283847).
cost(14, 16, 217512).
cost(14, 17, 333406).
cost(14, 18, 336649).
cost(14, 19, 262649).
cost(14, 20, 567615).
cost(15, 1, 827762).
cost(15, 2, 266394).
cost(15, 3, 892801).
cost(15, 4, 641987).
cost(15, 5, 819814).
cost(15, 6, 818956).
cost(15, 7, 989050).
cost(15, 8, 706601).
cost(15, 9, 706665).
cost(15, 10, 344279).
cost(15, 11, 542293).
cost(15, 12, 822314).
cost(15, 13, 450455).
cost(15, 14, 283847).
cost(15, 16, 439187).
cost(15, 17, 518854).
cost(15, 18, 216045).
cost(15, 19, 353158).
cost(15, 20, 453447).
cost(16, 1, 421902).
cost(16, 2, 338043).
cost(16, 3, 682534).
cost(16, 4, 337915).
cost(16, 5, 613037).
cost(16, 6, 876581).
cost(16, 7, 729002).
cost(16, 8, 879224).
cost(16, 9, 591824).
cost(16, 10, 139154).
cost(16, 11, 646841).
cost(16, 12, 669185).
cost(16, 13, 524745).
cost(16, 14, 217512).
cost(16, 15, 439187).
cost(16, 17, 489616).
cost(16, 18, 547201).
cost(16, 19, 471277).
cost(16, 20, 784278).
cost(17, 1, 590242).
cost(17, 2, 261519).
cost(17, 3, 403272).
cost(17, 4, 334895).
cost(17, 5, 338197).
cost(17, 6, 386969).
cost(17, 7, 522016).
cost(17, 8, 424880).
cost(17, 9, 193057).
cost(17, 10, 372127).
cost(17, 11, 194100).
cost(17, 12, 312300).
cost(17, 13, 118467).
cost(17, 14, 333406).
cost(17, 15, 518854).
cost(17, 16, 489616).
cost(17, 18, 405826).
cost(17, 19, 185812).
cost(17, 20, 504957).
cost(18, 1, 865367).
cost(18, 2, 238448).
cost(18, 3, 807965).
cost(18, 4, 636724).
cost(18, 5, 740272).
cost(18, 6, 631899).
cost(18, 7, 921822).
cost(18, 8, 496142).
cost(18, 9, 597768).
cost(18, 10, 417014).
cost(18, 11, 362436).
cost(18, 12, 717199).
cost(18, 13, 303880).
cost(18, 14, 336649).
cost(18, 15, 216045).
cost(18, 16, 547201).
cost(18, 17, 405826).
cost(18, 19, 220107).
cost(18, 20, 250292).
cost(19, 1, 697414).
cost(19, 2, 144875).
cost(19, 3, 588023).
cost(19, 4, 450528).
cost(19, 5, 520975).
cost(19, 6, 475752).
cost(19, 7, 703449).
cost(19, 8, 416210).
cost(19, 9, 378324).
cost(19, 10, 333045).
cost(19, 11, 202973).
cost(19, 12, 497746).
cost(19, 13, 97309).
cost(19, 14, 262649).
cost(19, 15, 353158).
cost(19, 16, 471277).
cost(19, 17, 185812).
cost(19, 18, 220107).
cost(19, 20, 358091).
cost(20, 1, 1055341).
cost(20, 2, 452380).
cost(20, 3, 889685).
cost(20, 4, 807975).
cost(20, 5, 833346).
cost(20, 6, 558508).
cost(20, 7, 1016672).
cost(20, 8, 355389).
cost(20, 9, 669466).
cost(20, 10, 648174).
cost(20, 11, 360223).
cost(20, 12, 781006).
cost(20, 13, 386756).
cost(20, 14, 567615).
cost(20, 15, 453447).
cost(20, 16, 784278).
cost(20, 17, 504957).
cost(20, 18, 250292).
cost(20, 19, 358091).
nocross(1,10).
nocross(1,16).
nocross(2,10).
nocross(2,15).
nocross(2,17).
nocross(2,19).
nocross(3,5).
nocross(3,7).
nocross(3,9).
nocross(4,2).
nocross(4,7).
nocross(4,10).
nocross(5,7).
nocross(5,9).
nocross(6,7).
nocross(6,9).
nocross(6,11).
nocross(6,17).
nocross(8,11).
nocross(9,3).
nocross(9,5).
nocross(9,6).
nocross(9,10).
nocross(9,11).
nocross(9,17).
nocross(10,2).
nocross(10,14).
nocross(10,16).
nocross(10,17).
nocross(11,9).
nocross(11,13).
nocross(11,17).
nocross(11,19).
nocross(13,2).
nocross(13,10).
nocross(13,11).
nocross(13,19).
nocross(14,2).
nocross(14,10).
nocross(14,15).
nocross(14,16).
nocross(14,17).
nocross(14,19).
nocross(15,2).
nocross(15,10).
nocross(15,14).
nocross(15,16).
nocross(15,18).
nocross(15,19).
nocross(16,10).
nocross(17,2).
nocross(17,6).
nocross(17,10).
nocross(17,11).
nocross(17,13).
nocross(17,19).
nocross(18,2).
nocross(18,13).
nocross(18,15).
nocross(18,16).
nocross(18,17).
nocross(18,19).
nocross(19,2).
nocross(19,10).
nocross(19,11).
nocross(19,13).
nocross(19,17).
nocross(19,18).
nocross(20,11).
nocross(20,18).
