dimension(20).
point(1, -207546.0, 269202.0).
point(2, 270169.0, 109852.0).
point(3, -179200.0, 52086.0).
point(4, 719653.0, -50469.0).
point(5, -71563.0, 65508.0).
point(6, -78641.0, 268291.0).
point(7, 26713.0, 153190.0).
point(8, 151628.0, -61475.0).
point(9, 83407.0, 248784.0).
point(10, 26240.0, 252420.0).
point(11, -127189.0, -429547.0).
point(12, 179794.0, -335153.0).
point(13, -165726.0, -115332.0).
point(14, 183203.0, 261544.0).
point(15, -206499.0, -11093.0).
point(16, -14166.0, 114556.0).
point(17, 41582.0, 323638.0).
point(18, 96689.0, -483719.0).
point(19, 299883.0, -17048.0).
point(20, -35805.0, -9577.0).
cost(1, 2, 503591).
cost(1, 3, 218959).
cost(1, 4, 980759).
cost(1, 5, 244913).
cost(1, 6, 128908).
cost(1, 7, 261412).
cost(1, 8, 488214).
cost(1, 9, 291669).
cost(1, 10, 234388).
cost(1, 11, 703354).
cost(1, 12, 717828).
cost(1, 13, 386801).
cost(1, 14, 390824).
cost(1, 15, 280297).
cost(1, 16, 247611).
cost(1, 17, 255006).
cost(1, 18, 812065).
cost(1, 19, 582600).
cost(1, 20, 327434).
cost(2, 1, 503591).
cost(2, 3, 453067).
cost(2, 4, 477220).
cost(2, 5, 344597).
cost(2, 6, 383107).
cost(2, 7, 247283).
cost(2, 8, 208338).
cost(2, 9, 232771).
cost(2, 10, 282537).
cost(2, 11, 669959).
cost(2, 12, 454089).
cost(2, 13, 490624).
cost(2, 14, 174853).
cost(2, 15, 491772).
cost(2, 16, 284374).
cost(2, 17, 312980).
cost(2, 18, 618403).
cost(2, 19, 130332).
cost(2, 20, 328456).
cost(3, 1, 218959).
cost(3, 2, 453067).
cost(3, 4, 904685).
cost(3, 5, 108471).
cost(3, 6, 238446).
cost(3, 7, 229395).
cost(3, 8, 349776).
cost(3, 9, 328104).
cost(3, 10, 286948).
cost(3, 11, 484433).
cost(3, 12, 528044).
cost(3, 13, 167959).
cost(3, 14, 418579).
cost(3, 15, 68825).
cost(3, 16, 176462).
cost(3, 17, 349979).
cost(3, 18, 602662).
cost(3, 19, 484045).
cost(3, 20, 156091).
cost(4, 1, 980759).
cost(4, 2, 477220).
cost(4, 3, 904685).
cost(4, 5, 799671).
cost(4, 6, 859582).
cost(4, 7, 722248).
cost(4, 8, 568132).
cost(4, 9, 703108).
cost(4, 10, 756679).
cost(4, 11, 927815).
cost(4, 12, 610322).
cost(4, 13, 887752).
cost(4, 14, 620589).
cost(4, 15, 926989).
cost(4, 16, 752146).
cost(4, 17, 774426).
cost(4, 18, 758808).
cost(4, 19, 421098).
cost(4, 20, 756564).
cost(5, 1, 244913).
cost(5, 2, 344597).
cost(5, 3, 108471).
cost(5, 4, 799671).
cost(5, 6, 202906).
cost(5, 7, 131705).
cost(5, 8, 256786).
cost(5, 9, 240012).
cost(5, 10, 210954).
cost(5, 11, 498170).
cost(5, 12, 472979).
cost(5, 13, 203887).
cost(5, 14, 321459).
cost(5, 15, 155163).
cost(5, 16, 75499).
cost(5, 17, 281838).
cost(5, 18, 574421).
cost(5, 19, 380510).
cost(5, 20, 83165).
cost(6, 1, 128908).
cost(6, 2, 383107).
cost(6, 3, 238446).
cost(6, 4, 859582).
cost(6, 5, 202906).
cost(6, 7, 156038).
cost(6, 8, 402206).
cost(6, 9, 163218).
cost(6, 10, 106075).
cost(6, 11, 699525).
cost(6, 12, 656455).
cost(6, 13, 393383).
cost(6, 14, 261931).
cost(6, 15, 307251).
cost(6, 16, 166708).
cost(6, 17, 132351).
cost(6, 18, 772179).
cost(6, 19, 474024).
cost(6, 20, 281150).
cost(7, 1, 261412).
cost(7, 2, 247283).
cost(7, 3, 229395).
cost(7, 4, 722248).
cost(7, 5, 131705).
cost(7, 6, 156038).
cost(7, 8, 248364).
cost(7, 9, 111141).
cost(7, 10, 99231).
cost(7, 11, 602717).
cost(7, 12, 511774).
cost(7, 13, 330359).
cost(7, 14, 190341).
cost(7, 15, 285266).
cost(7, 16, 56247).
cost(7, 17, 171095).
cost(7, 18, 640742).
cost(7, 19, 321874).
cost(7, 20, 174361).
cost(8, 1, 488214).
cost(8, 2, 208338).
cost(8, 3, 349776).
cost(8, 4, 568132).
cost(8, 5, 256786).
cost(8, 6, 402206).
cost(8, 7, 248364).
cost(8, 9, 317671).
cost(8, 10, 338012).
cost(8, 11, 461753).
cost(8, 12, 275124).
cost(8, 13, 321891).
cost(8, 14, 324559).
cost(8, 15, 361654).
cost(8, 16, 241815).
cost(8, 17, 400527).
cost(8, 18, 425803).
cost(8, 19, 154769).
cost(8, 20, 194485).
cost(9, 1, 291669).
cost(9, 2, 232771).
cost(9, 3, 328104).
cost(9, 4, 703108).
cost(9, 5, 240012).
cost(9, 6, 163218).
cost(9, 7, 111141).
cost(9, 8, 317671).
cost(9, 10, 57283).
cost(9, 11, 710270).
cost(9, 12, 591839).
cost(9, 13, 441189).
cost(9, 14, 100608).
cost(9, 15, 389335).
cost(9, 16, 165945).
cost(9, 17, 85746).
cost(9, 18, 732623).
cost(9, 19, 342824).
cost(9, 20, 284538).
cost(10, 1, 234388).
cost(10, 2, 282537).
cost(10, 3, 286948).
cost(10, 4, 756679).
cost(10, 5, 210954).
cost(10, 6, 106075).
cost(10, 7, 99231).
cost(10, 8, 338012).
cost(10, 9, 57283).
cost(10, 11, 699013).
cost(10, 12, 607306).
cost(10, 13, 414840).
cost(10, 14, 157228).
cost(10, 15, 351577).
cost(10, 16, 143663).
cost(10, 17, 72852).
cost(10, 18, 739502).
cost(10, 19, 384049).
cost(10, 20, 269243).
cost(11, 1, 703354).
cost(11, 2, 669959).
cost(11, 3, 484433).
cost(11, 4, 927815).
cost(11, 5, 498170).
cost(11, 6, 699525).
cost(11, 7, 602717).
cost(11, 8, 461753).
cost(11, 9, 710270).
cost(11, 10, 699013).
cost(11, 12, 321168).
cost(11, 13, 316569).
cost(11, 14, 757595).
cost(11, 15, 425904).
cost(11, 16, 555718).
cost(11, 17, 771862).
cost(11, 18, 230339).
cost(11, 19, 593756).
cost(11, 20, 429797).
cost(12, 1, 717828).
cost(12, 2, 454089).
cost(12, 3, 528044).
cost(12, 4, 610322).
cost(12, 5, 472979).
cost(12, 6, 656455).
cost(12, 7, 511774).
cost(12, 8, 275124).
cost(12, 9, 591839).
cost(12, 10, 607306).
cost(12, 11, 321168).
cost(12, 13, 409518).
cost(12, 14, 596707).
cost(12, 15, 504219).
cost(12, 16, 489754).
cost(12, 17, 673133).
cost(12, 18, 170230).
cost(12, 19, 340018).
cost(12, 20, 390490).
cost(13, 1, 386801).
cost(13, 2, 490624).
cost(13, 3, 167959).
cost(13, 4, 887752).
cost(13, 5, 203887).
cost(13, 6, 393383).
cost(13, 7, 330359).
cost(13, 8, 321891).
cost(13, 9, 441189).
cost(13, 10, 414840).
cost(13, 11, 316569).
cost(13, 12, 409518).
cost(13, 14, 513602).
cost(13, 15, 111929).
cost(13, 16, 275352).
cost(13, 17, 485460).
cost(13, 18, 452295).
cost(13, 19, 475869).
cost(13, 20, 167522).
cost(14, 1, 390824).
cost(14, 2, 174853).
cost(14, 3, 418579).
cost(14, 4, 620589).
cost(14, 5, 321459).
cost(14, 6, 261931).
cost(14, 7, 190341).
cost(14, 8, 324559).
cost(14, 9, 100608).
cost(14, 10, 157228).
cost(14, 11, 757595).
cost(14, 12, 596707).
cost(14, 13, 513602).
cost(14, 15, 475603).
cost(14, 16, 246089).
cost(14, 17, 154636).
cost(14, 18, 750268).
cost(14, 19, 302039).
cost(14, 20, 348527).
cost(15, 1, 280297).
cost(15, 2, 491772).
cost(15, 3, 68825).
cost(15, 4, 926989).
cost(15, 5, 155163).
cost(15, 6, 307251).
cost(15, 7, 285266).
cost(15, 8, 361654).
cost(15, 9, 389335).
cost(15, 10, 351577).
cost(15, 11, 425904).
cost(15, 12, 504219).
cost(15, 13, 111929).
cost(15, 14, 475603).
cost(15, 16, 229738).
cost(15, 17, 416640).
cost(15, 18, 561514).
cost(15, 19, 506417).
cost(15, 20, 170701).
cost(16, 1, 247611).
cost(16, 2, 284374).
cost(16, 3, 176462).
cost(16, 4, 752146).
cost(16, 5, 75499).
cost(16, 6, 166708).
cost(16, 7, 56247).
cost(16, 8, 241815).
cost(16, 9, 165945).
cost(16, 10, 143663).
cost(16, 11, 555718).
cost(16, 12, 489754).
cost(16, 13, 275352).
cost(16, 14, 246089).
cost(16, 15, 229738).
cost(16, 17, 216387).
cost(16, 18, 608459).
cost(16, 19, 340509).
cost(16, 20, 126005).
cost(17, 1, 255006).
cost(17, 2, 312980).
cost(17, 3, 349979).
cost(17, 4, 774426).
cost(17, 5, 281838).
cost(17, 6, 132351).
cost(17, 7, 171095).
cost(17, 8, 400527).
cost(17, 9, 85746).
cost(17, 10, 72852).
cost(17, 11, 771862).
cost(17, 12, 673133).
cost(17, 13, 485460).
cost(17, 14, 154636).
cost(17, 15, 416640).
cost(17, 16, 216387).
cost(17, 18, 809236).
cost(17, 19, 427535).
cost(17, 20, 342083).
cost(18, 1, 812065).
cost(18, 2, 618403).
cost(18, 3, 602662).
cost(18, 4, 758808).
cost(18, 5, 574421).
cost(18, 6, 772179).
cost(18, 7, 640742).
cost(18, 8, 425803).
cost(18, 9, 732623).
cost(18, 10, 739502).
cost(18, 11, 230339).
cost(18, 12, 170230).
cost(18, 13, 452295).
cost(18, 14, 750268).
cost(18, 15, 561514).
cost(18, 16, 608459).
cost(18, 17, 809236).
cost(18, 19, 508989).
cost(18, 20, 492306).
cost(19, 1, 582600).
cost(19, 2, 130332).
cost(19, 3, 484045).
cost(19, 4, 421098).
cost(19, 5, 380510).
cost(19, 6, 474024).
cost(19, 7, 321874).
cost(19, 8, 154769).
cost(19, 9, 342824).
cost(19, 10, 384049).
cost(19, 11, 593756).
cost(19, 12, 340018).
cost(19, 13, 475869).
cost(19, 14, 302039).
cost(19, 15, 506417).
cost(19, 16, 340509).
cost(19, 17, 427535).
cost(19, 18, 508989).
cost(19, 20, 335771).
cost(20, 1, 327434).
cost(20, 2, 328456).
cost(20, 3, 156091).
cost(20, 4, 756564).
cost(20, 5, 83165).
cost(20, 6, 281150).
cost(20, 7, 174361).
cost(20, 8, 194485).
cost(20, 9, 284538).
cost(20, 10, 269243).
cost(20, 11, 429797).
cost(20, 12, 390490).
cost(20, 13, 167522).
cost(20, 14, 348527).
cost(20, 15, 170701).
cost(20, 16, 126005).
cost(20, 17, 342083).
cost(20, 18, 492306).
cost(20, 19, 335771).
nocross(1,3).
nocross(1,5).
nocross(1,15).
nocross(1,17).
nocross(2,4).
nocross(2,8).
nocross(2,14).
nocross(2,16).
nocross(2,20).
nocross(3,5).
nocross(3,13).
nocross(3,15).
nocross(3,20).
nocross(4,2).
nocross(4,12).
nocross(4,14).
nocross(4,19).
nocross(4,20).
nocross(5,3).
nocross(5,15).
nocross(5,20).
nocross(6,3).
nocross(6,5).
nocross(6,7).
nocross(6,10).
nocross(6,16).
nocross(6,17).
nocross(7,3).
nocross(7,9).
nocross(7,20).
nocross(8,5).
nocross(8,7).
nocross(8,9).
nocross(8,11).
nocross(8,12).
nocross(8,13).
nocross(8,16).
nocross(8,20).
nocross(9,3).
nocross(9,6).
nocross(9,7).
nocross(9,10).
nocross(9,17).
nocross(10,3).
nocross(10,5).
nocross(10,7).
nocross(10,16).
nocross(10,17).
nocross(11,7).
nocross(11,12).
nocross(11,13).
nocross(12,4).
nocross(12,8).
nocross(12,13).
nocross(12,15).
nocross(12,18).
nocross(12,20).
nocross(13,3).
nocross(13,5).
nocross(13,7).
nocross(13,11).
nocross(13,12).
nocross(13,15).
nocross(13,16).
nocross(13,18).
nocross(13,20).
nocross(14,6).
nocross(14,7).
nocross(14,9).
nocross(14,20).
nocross(15,3).
nocross(15,7).
nocross(15,20).
nocross(16,3).
nocross(16,5).
nocross(16,7).
nocross(16,20).
nocross(17,3).
nocross(17,6).
nocross(17,7).
nocross(17,9).
nocross(17,10).
nocross(17,14).
nocross(17,16).
nocross(18,8).
nocross(18,12).
nocross(19,2).
nocross(19,7).
nocross(19,12).
nocross(19,14).
nocross(19,16).
nocross(19,20).
nocross(20,3).
nocross(20,7).
nocross(20,13).
nocross(20,16).
nocross(20,18).
