dimension(20).
point(1, -185570.0, -60464.0).
point(2, 160949.0, -243974.0).
point(3, -9126.0, -89086.0).
point(4, -237154.0, 369524.0).
point(5, -190520.0, 92221.0).
point(6, 187606.0, 7274.0).
point(7, -98544.0, 23099.0).
point(8, -369215.0, -111045.0).
point(9, 69581.0, 243875.0).
point(10, -52172.0, -377963.0).
point(11, -303394.0, 340647.0).
point(12, -163187.0, -70714.0).
point(13, -123067.0, 242879.0).
point(14, -173326.0, -294701.0).
point(15, 297861.0, -589138.0).
point(16, 44543.0, -223303.0).
point(17, 308660.0, 209719.0).
point(18, -191099.0, -341506.0).
point(19, 147270.0, 40269.0).
point(20, 311486.0, -94740.0).
cost(1, 2, 392111).
cost(1, 3, 178750).
cost(1, 4, 433071).
cost(1, 5, 152765).
cost(1, 6, 379274).
cost(1, 7, 120649).
cost(1, 8, 190483).
cost(1, 9, 397145).
cost(1, 10, 344384).
cost(1, 11, 418058).
cost(1, 12, 24618).
cost(1, 13, 309715).
cost(1, 14, 234557).
cost(1, 15, 716381).
cost(1, 16, 281902).
cost(1, 17, 563260).
cost(1, 18, 281096).
cost(1, 19, 347749).
cost(1, 20, 498236).
cost(2, 1, 392111).
cost(2, 3, 230034).
cost(2, 4, 731345).
cost(2, 5, 486372).
cost(2, 6, 252658).
cost(2, 7, 372377).
cost(2, 8, 546575).
cost(2, 9, 496331).
cost(2, 10, 251741).
cost(2, 11, 746590).
cost(2, 12, 367537).
cost(2, 13, 563641).
cost(2, 14, 338102).
cost(2, 15, 371326).
cost(2, 16, 118227).
cost(2, 17, 477133).
cost(2, 18, 365308).
cost(2, 19, 284572).
cost(2, 20, 211972).
cost(3, 1, 178750).
cost(3, 2, 230034).
cost(3, 4, 512172).
cost(3, 5, 256468).
cost(3, 6, 219063).
cost(3, 7, 143461).
cost(3, 8, 360758).
cost(3, 9, 342137).
cost(3, 10, 292067).
cost(3, 11, 520830).
cost(3, 12, 155153).
cost(3, 13, 350975).
cost(3, 14, 263133).
cost(3, 15, 586765).
cost(3, 16, 144550).
cost(3, 17, 436202).
cost(3, 18, 311175).
cost(3, 19, 202959).
cost(3, 20, 320662).
cost(4, 1, 433071).
cost(4, 2, 731345).
cost(4, 3, 512172).
cost(4, 5, 281197).
cost(4, 6, 558253).
cost(4, 7, 373126).
cost(4, 8, 498384).
cost(4, 9, 331473).
cost(4, 10, 770036).
cost(4, 11, 72261).
cost(4, 12, 446409).
cost(4, 13, 170455).
cost(4, 14, 667285).
cost(4, 15, 1097850).
cost(4, 16, 656351).
cost(4, 17, 568727).
cost(4, 18, 712520).
cost(4, 19, 506153).
cost(4, 20, 718712).
cost(5, 1, 152765).
cost(5, 2, 486372).
cost(5, 3, 256468).
cost(5, 4, 281197).
cost(5, 6, 387550).
cost(5, 7, 115054).
cost(5, 8, 270645).
cost(5, 9, 301084).
cost(5, 10, 490115).
cost(5, 11, 272866).
cost(5, 12, 165212).
cost(5, 13, 165069).
cost(5, 14, 387304).
cost(5, 15, 838311).
cost(5, 16, 393459).
cost(5, 17, 512822).
cost(5, 18, 433727).
cost(5, 19, 341762).
cost(5, 20, 535691).
cost(6, 1, 379274).
cost(6, 2, 252658).
cost(6, 3, 219063).
cost(6, 4, 558253).
cost(6, 5, 387550).
cost(6, 7, 286587).
cost(6, 8, 569253).
cost(6, 9, 264405).
cost(6, 10, 453763).
cost(6, 11, 593480).
cost(6, 12, 359358).
cost(6, 13, 389907).
cost(6, 14, 470596).
cost(6, 15, 606517).
cost(6, 16, 271354).
cost(6, 17, 235877).
cost(6, 18, 514845).
cost(6, 19, 52112).
cost(6, 20, 160478).
cost(7, 1, 120649).
cost(7, 2, 372377).
cost(7, 3, 143461).
cost(7, 4, 373126).
cost(7, 5, 115054).
cost(7, 6, 286587).
cost(7, 8, 302088).
cost(7, 9, 277503).
cost(7, 10, 403734).
cost(7, 11, 377889).
cost(7, 12, 113928).
cost(7, 13, 221144).
cost(7, 14, 326480).
cost(7, 15, 729363).
cost(7, 16, 284935).
cost(7, 17, 447931).
cost(7, 18, 376169).
cost(7, 19, 246413).
cost(7, 20, 426627).
cost(8, 1, 190483).
cost(8, 2, 546575).
cost(8, 3, 360758).
cost(8, 4, 498384).
cost(8, 5, 270645).
cost(8, 6, 569253).
cost(8, 7, 302088).
cost(8, 9, 564367).
cost(8, 10, 414441).
cost(8, 11, 456463).
cost(8, 12, 209938).
cost(8, 13, 431104).
cost(8, 14, 268518).
cost(8, 15, 820709).
cost(8, 16, 428716).
cost(8, 17, 749936).
cost(8, 18, 291269).
cost(8, 19, 538194).
cost(8, 20, 680896).
cost(9, 1, 397145).
cost(9, 2, 496331).
cost(9, 3, 342137).
cost(9, 4, 331473).
cost(9, 5, 301084).
cost(9, 6, 264405).
cost(9, 7, 277503).
cost(9, 8, 564367).
cost(9, 10, 633645).
cost(9, 11, 385325).
cost(9, 12, 391340).
cost(9, 13, 192651).
cost(9, 14, 590820).
cost(9, 15, 863726).
cost(9, 16, 467848).
cost(9, 17, 241507).
cost(9, 18, 640800).
cost(9, 19, 217924).
cost(9, 20, 416147).
cost(10, 1, 344384).
cost(10, 2, 251741).
cost(10, 3, 292067).
cost(10, 4, 770036).
cost(10, 5, 490115).
cost(10, 6, 453763).
cost(10, 7, 403734).
cost(10, 8, 414441).
cost(10, 9, 633645).
cost(10, 11, 761257).
cost(10, 12, 326690).
cost(10, 13, 624877).
cost(10, 14, 147006).
cost(10, 15, 408801).
cost(10, 16, 182410).
cost(10, 17, 689616).
cost(10, 18, 143631).
cost(10, 19, 463352).
cost(10, 20, 460936).
cost(11, 1, 418058).
cost(11, 2, 746590).
cost(11, 3, 520830).
cost(11, 4, 72261).
cost(11, 5, 272866).
cost(11, 6, 593480).
cost(11, 7, 377889).
cost(11, 8, 456463).
cost(11, 9, 385325).
cost(11, 10, 761257).
cost(11, 12, 434599).
cost(11, 13, 205125).
cost(11, 14, 648525).
cost(11, 15, 1107252).
cost(11, 16, 662646).
cost(11, 17, 625901).
cost(11, 18, 691334).
cost(11, 19, 541595).
cost(11, 20, 753418).
cost(12, 1, 24618).
cost(12, 2, 367537).
cost(12, 3, 155153).
cost(12, 4, 446409).
cost(12, 5, 165212).
cost(12, 6, 359358).
cost(12, 7, 113928).
cost(12, 8, 209938).
cost(12, 9, 391340).
cost(12, 10, 326690).
cost(12, 11, 434599).
cost(12, 13, 316149).
cost(12, 14, 224216).
cost(12, 15, 693779).
cost(12, 16, 257750).
cost(12, 17, 548892).
cost(12, 18, 272227).
cost(12, 19, 329698).
cost(12, 20, 475281).
cost(13, 1, 309715).
cost(13, 2, 563641).
cost(13, 3, 350975).
cost(13, 4, 170455).
cost(13, 5, 165069).
cost(13, 6, 389907).
cost(13, 7, 221144).
cost(13, 8, 431104).
cost(13, 9, 192651).
cost(13, 10, 624877).
cost(13, 11, 205125).
cost(13, 12, 316149).
cost(13, 14, 539924).
cost(13, 15, 932434).
cost(13, 16, 495398).
cost(13, 17, 432999).
cost(13, 18, 588332).
cost(13, 19, 337836).
cost(13, 20, 550293).
cost(14, 1, 234557).
cost(14, 2, 338102).
cost(14, 3, 263133).
cost(14, 4, 667285).
cost(14, 5, 387304).
cost(14, 6, 470596).
cost(14, 7, 326480).
cost(14, 8, 268518).
cost(14, 9, 590820).
cost(14, 10, 147006).
cost(14, 11, 648525).
cost(14, 12, 224216).
cost(14, 13, 539924).
cost(14, 15, 555617).
cost(14, 16, 229270).
cost(14, 17, 697675).
cost(14, 18, 50066).
cost(14, 19, 463667).
cost(14, 20, 524430).
cost(15, 1, 716381).
cost(15, 2, 371326).
cost(15, 3, 586765).
cost(15, 4, 1097850).
cost(15, 5, 838311).
cost(15, 6, 606517).
cost(15, 7, 729363).
cost(15, 8, 820709).
cost(15, 9, 863726).
cost(15, 10, 408801).
cost(15, 11, 1107252).
cost(15, 12, 693779).
cost(15, 13, 932434).
cost(15, 14, 555617).
cost(15, 16, 444978).
cost(15, 17, 798930).
cost(15, 18, 548091).
cost(15, 19, 647171).
cost(15, 20, 494586).
cost(16, 1, 281902).
cost(16, 2, 118227).
cost(16, 3, 144550).
cost(16, 4, 656351).
cost(16, 5, 393459).
cost(16, 6, 271354).
cost(16, 7, 284935).
cost(16, 8, 428716).
cost(16, 9, 467848).
cost(16, 10, 182410).
cost(16, 11, 662646).
cost(16, 12, 257750).
cost(16, 13, 495398).
cost(16, 14, 229270).
cost(16, 15, 444978).
cost(16, 17, 507214).
cost(16, 18, 263627).
cost(16, 19, 282883).
cost(16, 20, 296289).
cost(17, 1, 563260).
cost(17, 2, 477133).
cost(17, 3, 436202).
cost(17, 4, 568727).
cost(17, 5, 512822).
cost(17, 6, 235877).
cost(17, 7, 447931).
cost(17, 8, 749936).
cost(17, 9, 241507).
cost(17, 10, 689616).
cost(17, 11, 625901).
cost(17, 12, 548892).
cost(17, 13, 432999).
cost(17, 14, 697675).
cost(17, 15, 798930).
cost(17, 16, 507214).
cost(17, 18, 744048).
cost(17, 19, 234009).
cost(17, 20, 304472).
cost(18, 1, 281096).
cost(18, 2, 365308).
cost(18, 3, 311175).
cost(18, 4, 712520).
cost(18, 5, 433727).
cost(18, 6, 514845).
cost(18, 7, 376169).
cost(18, 8, 291269).
cost(18, 9, 640800).
cost(18, 10, 143631).
cost(18, 11, 691334).
cost(18, 12, 272227).
cost(18, 13, 588332).
cost(18, 14, 50066).
cost(18, 15, 548091).
cost(18, 16, 263627).
cost(18, 17, 744048).
cost(18, 19, 510143).
cost(18, 20, 559897).
cost(19, 1, 347749).
cost(19, 2, 284572).
cost(19, 3, 202959).
cost(19, 4, 506153).
cost(19, 5, 341762).
cost(19, 6, 52112).
cost(19, 7, 246413).
cost(19, 8, 538194).
cost(19, 9, 217924).
cost(19, 10, 463352).
cost(19, 11, 541595).
cost(19, 12, 329698).
cost(19, 13, 337836).
cost(19, 14, 463667).
cost(19, 15, 647171).
cost(19, 16, 282883).
cost(19, 17, 234009).
cost(19, 18, 510143).
cost(19, 20, 212590).
cost(20, 1, 498236).
cost(20, 2, 211972).
cost(20, 3, 320662).
cost(20, 4, 718712).
cost(20, 5, 535691).
cost(20, 6, 160478).
cost(20, 7, 426627).
cost(20, 8, 680896).
cost(20, 9, 416147).
cost(20, 10, 460936).
cost(20, 11, 753418).
cost(20, 12, 475281).
cost(20, 13, 550293).
cost(20, 14, 524430).
cost(20, 15, 494586).
cost(20, 16, 296289).
cost(20, 17, 304472).
cost(20, 18, 559897).
cost(20, 19, 212590).
nocross(1,5).
nocross(1,8).
nocross(1,11).
nocross(1,12).
nocross(2,6).
nocross(2,10).
nocross(2,14).
nocross(2,15).
nocross(2,16).
nocross(2,20).
nocross(3,1).
nocross(3,2).
nocross(3,10).
nocross(3,12).
nocross(3,14).
nocross(4,11).
nocross(5,1).
nocross(5,11).
nocross(5,12).
nocross(6,2).
nocross(6,14).
nocross(6,16).
nocross(6,20).
nocross(7,3).
nocross(7,4).
nocross(7,5).
nocross(7,11).
nocross(8,1).
nocross(8,4).
nocross(8,5).
nocross(8,11).
nocross(8,12).
nocross(8,14).
nocross(8,18).
nocross(9,4).
nocross(9,5).
nocross(9,13).
nocross(9,17).
nocross(10,2).
nocross(10,15).
nocross(10,16).
nocross(12,1).
nocross(12,3).
nocross(12,7).
nocross(12,11).
nocross(13,4).
nocross(13,5).
nocross(13,11).
nocross(14,8).
nocross(14,10).
nocross(14,12).
nocross(14,16).
nocross(15,2).
nocross(15,6).
nocross(15,10).
nocross(15,20).
nocross(16,10).
nocross(16,12).
nocross(16,14).
nocross(17,6).
nocross(17,9).
nocross(17,19).
nocross(17,20).
nocross(18,2).
nocross(18,8).
nocross(18,10).
nocross(18,14).
nocross(19,14).
nocross(20,2).
nocross(20,16).
