dimension(20).
point(1, -151114.0, 110409.0).
point(2, -150959.0, 213584.0).
point(3, 34412.0, 204424.0).
point(4, 11278.0, 150332.0).
point(5, 65314.0, -76976.0).
point(6, -250959.0, 336901.0).
point(7, 149424.0, -53809.0).
point(8, -146846.0, 152069.0).
point(9, -58187.0, 50198.0).
point(10, 155983.0, 283000.0).
point(11, 158538.0, -471893.0).
point(12, 93215.0, -69709.0).
point(13, 198423.0, -555058.0).
point(14, 272266.0, -154379.0).
point(15, 600109.0, 300681.0).
point(16, 355607.0, -121387.0).
point(17, 334738.0, 21129.0).
point(18, -348676.0, -79669.0).
point(19, 88081.0, -2424.0).
point(20, -262528.0, 90503.0).
cost(1, 2, 103175).
cost(1, 3, 207987).
cost(1, 4, 167227).
cost(1, 5, 286276).
cost(1, 6, 247523).
cost(1, 7, 342477).
cost(1, 8, 41878).
cost(1, 9, 110728).
cost(1, 10, 352273).
cost(1, 11, 659515).
cost(1, 12, 303544).
cost(1, 13, 751680).
cost(1, 14, 499363).
cost(1, 15, 774945).
cost(1, 16, 557221).
cost(1, 17, 493987).
cost(1, 18, 274154).
cost(1, 19, 264472).
cost(1, 20, 113178).
cost(2, 1, 103175).
cost(2, 3, 185597).
cost(2, 4, 174131).
cost(2, 5, 362214).
cost(2, 6, 158767).
cost(2, 7, 402155).
cost(2, 8, 61652).
cost(2, 9, 187887).
cost(2, 10, 314693).
cost(2, 11, 752108).
cost(2, 12, 374000).
cost(2, 13, 844321).
cost(2, 14, 560817).
cost(2, 15, 756101).
cost(2, 16, 607301).
cost(2, 17, 522437).
cost(2, 18, 353680).
cost(2, 19, 322179).
cost(2, 20, 166122).
cost(3, 1, 207987).
cost(3, 2, 185597).
cost(3, 4, 58831).
cost(3, 5, 283092).
cost(3, 6, 314622).
cost(3, 7, 282687).
cost(3, 8, 188668).
cost(3, 9, 179890).
cost(3, 10, 144754).
cost(3, 11, 687613).
cost(3, 12, 280369).
cost(3, 13, 776989).
cost(3, 14, 430481).
cost(3, 15, 573828).
cost(3, 16, 457514).
cost(3, 17, 351842).
cost(3, 18, 476933).
cost(3, 19, 213697).
cost(3, 20, 318043).
cost(4, 1, 167227).
cost(4, 2, 174131).
cost(4, 3, 58831).
cost(4, 5, 233642).
cost(4, 6, 321833).
cost(4, 7, 246491).
cost(4, 8, 158134).
cost(4, 9, 121870).
cost(4, 10, 196317).
cost(4, 11, 639413).
cost(4, 12, 234801).
cost(4, 13, 729793).
cost(4, 14, 401203).
cost(4, 15, 607723).
cost(4, 16, 438627).
cost(4, 17, 348310).
cost(4, 18, 427162).
cost(4, 19, 170977).
cost(4, 20, 280266).
cost(5, 1, 286276).
cost(5, 2, 362214).
cost(5, 3, 283092).
cost(5, 4, 233642).
cost(5, 6, 520887).
cost(5, 7, 87242).
cost(5, 8, 312207).
cost(5, 9, 177273).
cost(5, 10, 371219).
cost(5, 11, 405771).
cost(5, 12, 28832).
cost(5, 13, 496266).
cost(5, 14, 220953).
cost(5, 15, 654699).
cost(5, 16, 293671).
cost(5, 17, 286730).
cost(5, 18, 413999).
cost(5, 19, 77951).
cost(5, 20, 368143).
cost(6, 1, 247523).
cost(6, 2, 158767).
cost(6, 3, 314622).
cost(6, 4, 321833).
cost(6, 5, 520887).
cost(6, 7, 559429).
cost(6, 8, 212138).
cost(6, 9, 345485).
cost(6, 10, 410496).
cost(6, 11, 906551).
cost(6, 12, 532717).
cost(6, 13, 998767).
cost(6, 14, 717719).
cost(6, 15, 851838).
cost(6, 16, 760230).
cost(6, 17, 665397).
cost(6, 18, 427878).
cost(6, 19, 479677).
cost(6, 20, 246669).
cost(7, 1, 342477).
cost(7, 2, 402155).
cost(7, 3, 282687).
cost(7, 4, 246491).
cost(7, 5, 87242).
cost(7, 6, 559429).
cost(7, 8, 360779).
cost(7, 9, 232206).
cost(7, 10, 336873).
cost(7, 11, 418183).
cost(7, 12, 58415).
cost(7, 13, 503638).
cost(7, 14, 158759).
cost(7, 15, 573394).
cost(7, 16, 216975).
cost(7, 17, 199892).
cost(7, 18, 498771).
cost(7, 19, 80021).
cost(7, 20, 436498).
cost(8, 1, 41878).
cost(8, 2, 61652).
cost(8, 3, 188668).
cost(8, 4, 158134).
cost(8, 5, 312207).
cost(8, 6, 212138).
cost(8, 7, 360779).
cost(8, 9, 135049).
cost(8, 10, 329922).
cost(8, 11, 694686).
cost(8, 12, 326825).
cost(8, 13, 786918).
cost(8, 14, 519197).
cost(8, 15, 761595).
cost(8, 16, 572047).
cost(8, 17, 499068).
cost(8, 18, 307307).
cost(8, 19, 281174).
cost(8, 20, 131045).
cost(9, 1, 110728).
cost(9, 2, 187887).
cost(9, 3, 179890).
cost(9, 4, 121870).
cost(9, 5, 177273).
cost(9, 6, 345485).
cost(9, 7, 232206).
cost(9, 8, 135049).
cost(9, 10, 316331).
cost(9, 11, 565286).
cost(9, 12, 193133).
cost(9, 13, 657407).
cost(9, 14, 388653).
cost(9, 15, 704340).
cost(9, 16, 447959).
cost(9, 17, 393999).
cost(9, 18, 318197).
cost(9, 19, 155446).
cost(9, 20, 208278).
cost(10, 1, 352273).
cost(10, 2, 314693).
cost(10, 3, 144754).
cost(10, 4, 196317).
cost(10, 5, 371219).
cost(10, 6, 410496).
cost(10, 7, 336873).
cost(10, 8, 329922).
cost(10, 9, 316331).
cost(10, 11, 754897).
cost(10, 12, 358251).
cost(10, 13, 839132).
cost(10, 14, 452573).
cost(10, 15, 444478).
cost(10, 16, 450975).
cost(10, 17, 317064).
cost(10, 18, 621458).
cost(10, 19, 293390).
cost(10, 20, 460659).
cost(11, 1, 659515).
cost(11, 2, 752108).
cost(11, 3, 687613).
cost(11, 4, 639413).
cost(11, 5, 405771).
cost(11, 6, 906551).
cost(11, 7, 418183).
cost(11, 8, 694686).
cost(11, 9, 565286).
cost(11, 10, 754897).
cost(11, 12, 407454).
cost(11, 13, 92235).
cost(11, 14, 337267).
cost(11, 15, 889863).
cost(11, 16, 402108).
cost(11, 17, 523562).
cost(11, 18, 641175).
cost(11, 19, 474727).
cost(11, 20, 702557).
cost(12, 1, 303544).
cost(12, 2, 374000).
cost(12, 3, 280369).
cost(12, 4, 234801).
cost(12, 5, 28832).
cost(12, 6, 532717).
cost(12, 7, 58415).
cost(12, 8, 326825).
cost(12, 9, 193133).
cost(12, 10, 358251).
cost(12, 11, 407454).
cost(12, 13, 496621).
cost(12, 14, 198061).
cost(12, 15, 627798).
cost(12, 16, 267433).
cost(12, 17, 258041).
cost(12, 18, 442003).
cost(12, 19, 67481).
cost(12, 20, 390155).
cost(13, 1, 751680).
cost(13, 2, 844321).
cost(13, 3, 776989).
cost(13, 4, 729793).
cost(13, 5, 496266).
cost(13, 6, 998767).
cost(13, 7, 503638).
cost(13, 8, 786918).
cost(13, 9, 657407).
cost(13, 10, 839132).
cost(13, 11, 92235).
cost(13, 12, 496621).
cost(13, 14, 407427).
cost(13, 15, 945326).
cost(13, 16, 461278).
cost(13, 17, 592092).
cost(13, 18, 724784).
cost(13, 19, 563542).
cost(13, 20, 793237).
cost(14, 1, 499363).
cost(14, 2, 560817).
cost(14, 3, 430481).
cost(14, 4, 401203).
cost(14, 5, 220953).
cost(14, 6, 717719).
cost(14, 7, 158759).
cost(14, 8, 519197).
cost(14, 9, 388653).
cost(14, 10, 452573).
cost(14, 11, 337267).
cost(14, 12, 198061).
cost(14, 13, 407427).
cost(14, 15, 560857).
cost(14, 16, 89634).
cost(14, 17, 186295).
cost(14, 18, 625420).
cost(14, 19, 238777).
cost(14, 20, 588194).
cost(15, 1, 774945).
cost(15, 2, 756101).
cost(15, 3, 573828).
cost(15, 4, 607723).
cost(15, 5, 654699).
cost(15, 6, 851838).
cost(15, 7, 573394).
cost(15, 8, 761595).
cost(15, 9, 704340).
cost(15, 10, 444478).
cost(15, 11, 889863).
cost(15, 12, 627798).
cost(15, 13, 945326).
cost(15, 14, 560857).
cost(15, 16, 487773).
cost(15, 17, 385449).
cost(15, 18, 1022183).
cost(15, 19, 595017).
cost(15, 20, 887872).
cost(16, 1, 557221).
cost(16, 2, 607301).
cost(16, 3, 457514).
cost(16, 4, 438627).
cost(16, 5, 293671).
cost(16, 6, 760230).
cost(16, 7, 216975).
cost(16, 8, 572047).
cost(16, 9, 447959).
cost(16, 10, 450975).
cost(16, 11, 402108).
cost(16, 12, 267433).
cost(16, 13, 461278).
cost(16, 14, 89634).
cost(16, 15, 487773).
cost(16, 17, 144036).
cost(16, 18, 705517).
cost(16, 19, 292784).
cost(16, 20, 653443).
cost(17, 1, 493987).
cost(17, 2, 522437).
cost(17, 3, 351842).
cost(17, 4, 348310).
cost(17, 5, 286730).
cost(17, 6, 665397).
cost(17, 7, 199892).
cost(17, 8, 499068).
cost(17, 9, 393999).
cost(17, 10, 317064).
cost(17, 11, 523562).
cost(17, 12, 258041).
cost(17, 13, 592092).
cost(17, 14, 186295).
cost(17, 15, 385449).
cost(17, 16, 144036).
cost(17, 18, 690807).
cost(17, 19, 247779).
cost(17, 20, 601281).
cost(18, 1, 274154).
cost(18, 2, 353680).
cost(18, 3, 476933).
cost(18, 4, 427162).
cost(18, 5, 413999).
cost(18, 6, 427878).
cost(18, 7, 498771).
cost(18, 8, 307307).
cost(18, 9, 318197).
cost(18, 10, 621458).
cost(18, 11, 641175).
cost(18, 12, 442003).
cost(18, 13, 724784).
cost(18, 14, 625420).
cost(18, 15, 1022183).
cost(18, 16, 705517).
cost(18, 17, 690807).
cost(18, 19, 443535).
cost(18, 20, 190735).
cost(19, 1, 264472).
cost(19, 2, 322179).
cost(19, 3, 213697).
cost(19, 4, 170977).
cost(19, 5, 77951).
cost(19, 6, 479677).
cost(19, 7, 80021).
cost(19, 8, 281174).
cost(19, 9, 155446).
cost(19, 10, 293390).
cost(19, 11, 474727).
cost(19, 12, 67481).
cost(19, 13, 563542).
cost(19, 14, 238777).
cost(19, 15, 595017).
cost(19, 16, 292784).
cost(19, 17, 247779).
cost(19, 18, 443535).
cost(19, 20, 362715).
cost(20, 1, 113178).
cost(20, 2, 166122).
cost(20, 3, 318043).
cost(20, 4, 280266).
cost(20, 5, 368143).
cost(20, 6, 246669).
cost(20, 7, 436498).
cost(20, 8, 131045).
cost(20, 9, 208278).
cost(20, 10, 460659).
cost(20, 11, 702557).
cost(20, 12, 390155).
cost(20, 13, 793237).
cost(20, 14, 588194).
cost(20, 15, 887872).
cost(20, 16, 653443).
cost(20, 17, 601281).
cost(20, 18, 190735).
cost(20, 19, 362715).
nocross(1,2).
nocross(1,4).
nocross(1,5).
nocross(1,6).
nocross(1,8).
nocross(1,9).
nocross(1,18).
nocross(1,20).
nocross(2,1).
nocross(2,3).
nocross(2,4).
nocross(2,6).
nocross(2,8).
nocross(2,9).
nocross(2,20).
nocross(3,1).
nocross(3,2).
nocross(3,4).
nocross(3,5).
nocross(3,8).
nocross(3,10).
nocross(3,17).
nocross(4,1).
nocross(4,2).
nocross(4,3).
nocross(4,5).
nocross(4,8).
nocross(4,9).
nocross(4,10).
nocross(4,16).
nocross(4,17).
nocross(5,4).
nocross(5,9).
nocross(5,10).
nocross(5,14).
nocross(5,18).
nocross(6,1).
nocross(6,4).
nocross(6,8).
nocross(7,4).
nocross(7,5).
nocross(7,10).
nocross(7,12).
nocross(7,18).
nocross(8,1).
nocross(8,2).
nocross(8,3).
nocross(8,4).
nocross(8,5).
nocross(8,6).
nocross(8,9).
nocross(9,4).
nocross(9,5).
nocross(9,18).
nocross(10,3).
nocross(10,4).
nocross(10,6).
nocross(10,17).
nocross(11,1).
nocross(11,13).
nocross(11,14).
nocross(11,16).
nocross(12,4).
nocross(12,5).
nocross(12,18).
nocross(12,19).
nocross(13,1).
nocross(13,11).
nocross(13,14).
nocross(13,16).
nocross(14,10).
nocross(14,16).
nocross(14,17).
nocross(15,10).
nocross(15,16).
nocross(16,4).
nocross(16,10).
nocross(16,13).
nocross(16,14).
nocross(16,17).
nocross(17,3).
nocross(17,4).
nocross(17,10).
nocross(17,16).
nocross(18,1).
nocross(18,6).
nocross(18,20).
nocross(19,4).
nocross(19,10).
nocross(19,16).
nocross(19,17).
nocross(19,18).
nocross(20,5).
nocross(20,6).
nocross(20,8).
nocross(20,18).
