dimension(20).
point(1, -97669.0, 131510.0).
point(2, -262368.0, -15022.0).
point(3, -77637.0, -215690.0).
point(4, 44660.0, 98410.0).
point(5, -366890.0, -286382.0).
point(6, 98330.0, -223513.0).
point(7, 263683.0, -220140.0).
point(8, -176577.0, 220966.0).
point(9, -36841.0, 52571.0).
point(10, -436299.0, -165113.0).
point(11, -183467.0, -247914.0).
point(12, -179567.0, -75840.0).
point(13, 17199.0, -526898.0).
point(14, -142518.0, 128798.0).
point(15, -40375.0, 62002.0).
point(16, -330070.0, 261023.0).
point(17, 541061.0, 170391.0).
point(18, -58182.0, 282457.0).
point(19, -9428.0, 281291.0).
point(20, 211957.0, 129899.0).
cost(1, 2, 220448).
cost(1, 3, 347777).
cost(1, 4, 146127).
cost(1, 5, 497105).
cost(1, 6, 405533).
cost(1, 7, 504215).
cost(1, 8, 119285).
cost(1, 9, 99656).
cost(1, 10, 450173).
cost(1, 11, 389004).
cost(1, 12, 222938).
cost(1, 13, 668353).
cost(1, 14, 44931).
cost(1, 15, 90078).
cost(1, 16, 266052).
cost(1, 17, 639912).
cost(1, 18, 156026).
cost(1, 19, 173841).
cost(1, 20, 309630).
cost(2, 1, 220448).
cost(2, 3, 272751).
cost(2, 4, 327312).
cost(2, 5, 290794).
cost(2, 6, 416619).
cost(2, 7, 564626).
cost(2, 8, 251098).
cost(2, 9, 235438).
cost(2, 10, 229737).
cost(2, 11, 245894).
cost(2, 12, 102737).
cost(2, 13, 583245).
cost(2, 14, 187212).
cost(2, 15, 234976).
cost(2, 16, 284226).
cost(2, 17, 824546).
cost(2, 18, 360813).
cost(2, 19, 389590).
cost(2, 20, 495970).
cost(3, 1, 347777).
cost(3, 2, 272751).
cost(3, 4, 337069).
cost(3, 5, 297766).
cost(3, 6, 176141).
cost(3, 7, 341349).
cost(3, 8, 447725).
cost(3, 9, 271345).
cost(3, 10, 362211).
cost(3, 11, 110627).
cost(3, 12, 173054).
cost(3, 13, 325337).
cost(3, 14, 350545).
cost(3, 15, 280181).
cost(3, 16, 539423).
cost(3, 17, 729278).
cost(3, 18, 498527).
cost(3, 19, 501640).
cost(3, 20, 450884).
cost(4, 1, 146127).
cost(4, 2, 327312).
cost(4, 3, 337069).
cost(4, 5, 563417).
cost(4, 6, 326366).
cost(4, 7, 386581).
cost(4, 8, 252915).
cost(4, 9, 93507).
cost(4, 10, 548421).
cost(4, 11, 414707).
cost(4, 12, 283973).
cost(4, 13, 625911).
cost(4, 14, 189629).
cost(4, 15, 92501).
cost(4, 16, 408492).
cost(4, 17, 501593).
cost(4, 18, 210831).
cost(4, 19, 190712).
cost(4, 20, 170235).
cost(5, 1, 497105).
cost(5, 2, 290794).
cost(5, 3, 297766).
cost(5, 4, 563417).
cost(5, 6, 469449).
cost(5, 7, 634043).
cost(5, 8, 541868).
cost(5, 9, 473098).
cost(5, 10, 139728).
cost(5, 11, 187413).
cost(5, 12, 281812).
cost(5, 13, 453180).
cost(5, 14, 471929).
cost(5, 15, 477476).
cost(5, 16, 548642).
cost(5, 17, 1016374).
cost(5, 18, 647208).
cost(5, 19, 670844).
cost(5, 20, 712989).
cost(6, 1, 405533).
cost(6, 2, 416619).
cost(6, 3, 176141).
cost(6, 4, 326366).
cost(6, 5, 469449).
cost(6, 7, 165387).
cost(6, 8, 522624).
cost(6, 9, 307398).
cost(6, 10, 537809).
cost(6, 11, 282851).
cost(6, 12, 314697).
cost(6, 13, 314046).
cost(6, 14, 426768).
cost(6, 15, 317424).
cost(6, 16, 646762).
cost(6, 17, 592597).
cost(6, 18, 529624).
cost(6, 19, 516177).
cost(6, 20, 371229).
cost(7, 1, 504215).
cost(7, 2, 564626).
cost(7, 3, 341349).
cost(7, 4, 386581).
cost(7, 5, 634043).
cost(7, 6, 165387).
cost(7, 8, 623220).
cost(7, 9, 405815).
cost(7, 10, 702142).
cost(7, 11, 448012).
cost(7, 12, 466147).
cost(7, 13, 393516).
cost(7, 14, 535497).
cost(7, 15, 414796).
cost(7, 16, 764238).
cost(7, 17, 479013).
cost(7, 18, 596826).
cost(7, 19, 570984).
cost(7, 20, 353840).
cost(8, 1, 119285).
cost(8, 2, 251098).
cost(8, 3, 447725).
cost(8, 4, 252915).
cost(8, 5, 541868).
cost(8, 6, 522624).
cost(8, 7, 623220).
cost(8, 9, 218822).
cost(8, 10, 465309).
cost(8, 11, 468931).
cost(8, 12, 296821).
cost(8, 13, 772560).
cost(8, 14, 98260).
cost(8, 15, 209334).
cost(8, 16, 158634).
cost(8, 17, 719418).
cost(8, 18, 133411).
cost(8, 19, 177702).
cost(8, 20, 399064).
cost(9, 1, 99656).
cost(9, 2, 235438).
cost(9, 3, 271345).
cost(9, 4, 93507).
cost(9, 5, 473098).
cost(9, 6, 307398).
cost(9, 7, 405815).
cost(9, 8, 218822).
cost(9, 10, 454921).
cost(9, 11, 334351).
cost(9, 12, 191990).
cost(9, 13, 581983).
cost(9, 14, 130300).
cost(9, 15, 10071).
cost(9, 16, 359771).
cost(9, 17, 589790).
cost(9, 18, 230874).
cost(9, 19, 230357).
cost(9, 20, 260538).
cost(10, 1, 450173).
cost(10, 2, 229737).
cost(10, 3, 362211).
cost(10, 4, 548421).
cost(10, 5, 139728).
cost(10, 6, 537809).
cost(10, 7, 702142).
cost(10, 8, 465309).
cost(10, 9, 454921).
cost(10, 11, 266045).
cost(10, 12, 271811).
cost(10, 13, 580128).
cost(10, 14, 415561).
cost(10, 15, 456440).
cost(10, 16, 439177).
cost(10, 17, 1033342).
cost(10, 18, 585911).
cost(10, 19, 617653).
cost(10, 20, 712227).
cost(11, 1, 389004).
cost(11, 2, 245894).
cost(11, 3, 110627).
cost(11, 4, 414707).
cost(11, 5, 187413).
cost(11, 6, 282851).
cost(11, 7, 448012).
cost(11, 8, 468931).
cost(11, 9, 334351).
cost(11, 10, 266045).
cost(11, 12, 172118).
cost(11, 13, 343655).
cost(11, 14, 378931).
cost(11, 15, 341355).
cost(11, 16, 529631).
cost(11, 17, 836612).
cost(11, 18, 544968).
cost(11, 19, 557088).
cost(11, 20, 546903).
cost(12, 1, 222938).
cost(12, 2, 102737).
cost(12, 3, 173054).
cost(12, 4, 283973).
cost(12, 5, 281812).
cost(12, 6, 314697).
cost(12, 7, 466147).
cost(12, 8, 296821).
cost(12, 9, 191990).
cost(12, 10, 271811).
cost(12, 11, 172118).
cost(12, 13, 492108).
cost(12, 14, 207965).
cost(12, 15, 195895).
cost(12, 16, 368955).
cost(12, 17, 761534).
cost(12, 18, 378300).
cost(12, 19, 395588).
cost(12, 20, 442289).
cost(13, 1, 668353).
cost(13, 2, 583245).
cost(13, 3, 325337).
cost(13, 4, 625911).
cost(13, 5, 453180).
cost(13, 6, 314046).
cost(13, 7, 393516).
cost(13, 8, 772560).
cost(13, 9, 581983).
cost(13, 10, 580128).
cost(13, 11, 343655).
cost(13, 12, 492108).
cost(13, 14, 674868).
cost(13, 15, 591708).
cost(13, 16, 861055).
cost(13, 17, 872149).
cost(13, 18, 812858).
cost(13, 19, 808628).
cost(13, 20, 685064).
cost(14, 1, 44931).
cost(14, 2, 187212).
cost(14, 3, 350545).
cost(14, 4, 189629).
cost(14, 5, 471929).
cost(14, 6, 426768).
cost(14, 7, 535497).
cost(14, 8, 98260).
cost(14, 9, 130300).
cost(14, 10, 415561).
cost(14, 11, 378931).
cost(14, 12, 207965).
cost(14, 13, 674868).
cost(14, 15, 122045).
cost(14, 16, 229476).
cost(14, 17, 684843).
cost(14, 18, 175282).
cost(14, 19, 202403).
cost(14, 20, 354477).
cost(15, 1, 90078).
cost(15, 2, 234976).
cost(15, 3, 280181).
cost(15, 4, 92501).
cost(15, 5, 477476).
cost(15, 6, 317424).
cost(15, 7, 414796).
cost(15, 8, 209334).
cost(15, 9, 10071).
cost(15, 10, 456440).
cost(15, 11, 341355).
cost(15, 12, 195895).
cost(15, 13, 591708).
cost(15, 14, 122045).
cost(15, 16, 351472).
cost(15, 17, 591452).
cost(15, 18, 221173).
cost(15, 19, 221462).
cost(15, 20, 261307).
cost(16, 1, 266052).
cost(16, 2, 284226).
cost(16, 3, 539423).
cost(16, 4, 408492).
cost(16, 5, 548642).
cost(16, 6, 646762).
cost(16, 7, 764238).
cost(16, 8, 158634).
cost(16, 9, 359771).
cost(16, 10, 439177).
cost(16, 11, 529631).
cost(16, 12, 368955).
cost(16, 13, 861055).
cost(16, 14, 229476).
cost(16, 15, 351472).
cost(16, 17, 875833).
cost(16, 18, 272732).
cost(16, 19, 321282).
cost(16, 20, 557662).
cost(17, 1, 639912).
cost(17, 2, 824546).
cost(17, 3, 729278).
cost(17, 4, 501593).
cost(17, 5, 1016374).
cost(17, 6, 592597).
cost(17, 7, 479013).
cost(17, 8, 719418).
cost(17, 9, 589790).
cost(17, 10, 1033342).
cost(17, 11, 836612).
cost(17, 12, 761534).
cost(17, 13, 872149).
cost(17, 14, 684843).
cost(17, 15, 591452).
cost(17, 16, 875833).
cost(17, 18, 609632).
cost(17, 19, 561549).
cost(17, 20, 331586).
cost(18, 1, 156026).
cost(18, 2, 360813).
cost(18, 3, 498527).
cost(18, 4, 210831).
cost(18, 5, 647208).
cost(18, 6, 529624).
cost(18, 7, 596826).
cost(18, 8, 133411).
cost(18, 9, 230874).
cost(18, 10, 585911).
cost(18, 11, 544968).
cost(18, 12, 378300).
cost(18, 13, 812858).
cost(18, 14, 175282).
cost(18, 15, 221173).
cost(18, 16, 272732).
cost(18, 17, 609632).
cost(18, 19, 48768).
cost(18, 20, 310240).
cost(19, 1, 173841).
cost(19, 2, 389590).
cost(19, 3, 501640).
cost(19, 4, 190712).
cost(19, 5, 670844).
cost(19, 6, 516177).
cost(19, 7, 570984).
cost(19, 8, 177702).
cost(19, 9, 230357).
cost(19, 10, 617653).
cost(19, 11, 557088).
cost(19, 12, 395588).
cost(19, 13, 808628).
cost(19, 14, 202403).
cost(19, 15, 221462).
cost(19, 16, 321282).
cost(19, 17, 561549).
cost(19, 18, 48768).
cost(19, 20, 268199).
cost(20, 1, 309630).
cost(20, 2, 495970).
cost(20, 3, 450884).
cost(20, 4, 170235).
cost(20, 5, 712989).
cost(20, 6, 371229).
cost(20, 7, 353840).
cost(20, 8, 399064).
cost(20, 9, 260538).
cost(20, 10, 712227).
cost(20, 11, 546903).
cost(20, 12, 442289).
cost(20, 13, 685064).
cost(20, 14, 354477).
cost(20, 15, 261307).
cost(20, 16, 557662).
cost(20, 17, 331586).
cost(20, 18, 310240).
cost(20, 19, 268199).
nocross(1,2).
nocross(1,3).
nocross(1,4).
nocross(1,14).
nocross(1,15).
nocross(2,1).
nocross(2,3).
nocross(2,10).
nocross(2,11).
nocross(2,14).
nocross(2,16).
nocross(3,2).
nocross(3,6).
nocross(3,9).
nocross(3,11).
nocross(3,12).
nocross(4,1).
nocross(4,3).
nocross(4,8).
nocross(4,9).
nocross(4,14).
nocross(4,15).
nocross(4,20).
nocross(5,2).
nocross(5,3).
nocross(5,11).
nocross(5,12).
nocross(5,13).
nocross(5,14).
nocross(6,1).
nocross(6,2).
nocross(6,3).
nocross(6,4).
nocross(6,11).
nocross(6,13).
nocross(6,20).
nocross(7,4).
nocross(7,17).
nocross(8,1).
nocross(8,2).
nocross(8,4).
nocross(8,10).
nocross(8,14).
nocross(8,16).
nocross(8,18).
nocross(9,1).
nocross(9,2).
nocross(9,3).
nocross(9,4).
nocross(9,12).
nocross(9,14).
nocross(9,15).
nocross(9,20).
nocross(10,2).
nocross(10,5).
nocross(10,11).
nocross(10,12).
nocross(11,2).
nocross(11,3).
nocross(11,9).
nocross(11,10).
nocross(11,12).
nocross(11,13).
nocross(11,14).
nocross(12,1).
nocross(12,2).
nocross(12,3).
nocross(12,5).
nocross(12,9).
nocross(12,11).
nocross(12,14).
nocross(12,16).
nocross(13,3).
nocross(13,5).
nocross(13,6).
nocross(13,11).
nocross(13,12).
nocross(14,3).
nocross(15,1).
nocross(15,3).
nocross(15,4).
nocross(15,9).
nocross(15,12).
nocross(15,14).
nocross(15,17).
nocross(16,2).
nocross(16,8).
nocross(16,10).
nocross(16,14).
nocross(16,18).
nocross(18,1).
nocross(18,3).
nocross(18,8).
nocross(18,14).
nocross(19,1).
nocross(19,14).
nocross(19,15).
nocross(20,1).
nocross(20,3).
nocross(20,9).
