dimension(20).
point(1, -287897.0, -195934.0).
point(2, -19116.0, 511700.0).
point(3, 480496.0, -38017.0).
point(4, 256192.0, -93817.0).
point(5, -151300.0, -105010.0).
point(6, -264962.0, 95256.0).
point(7, -334171.0, -420404.0).
point(8, -45236.0, -47640.0).
point(9, 67610.0, -125526.0).
point(10, -306111.0, -305765.0).
point(11, -356541.0, 154472.0).
point(12, 241645.0, -71809.0).
point(13, 131680.0, 416545.0).
point(14, 149544.0, 103425.0).
point(15, 207246.0, 366727.0).
point(16, -24747.0, 190019.0).
point(17, -60586.0, -170365.0).
point(18, -127684.0, -11348.0).
point(19, -142462.0, 60172.0).
point(20, 81253.0, 155975.0).
cost(1, 2, 756960).
cost(1, 3, 784452).
cost(1, 4, 553589).
cost(1, 5, 164091).
cost(1, 6, 292092).
cost(1, 7, 229190).
cost(1, 8, 284386).
cost(1, 9, 362412).
cost(1, 10, 111331).
cost(1, 11, 357066).
cost(1, 12, 543895).
cost(1, 13, 742412).
cost(1, 14, 530066).
cost(1, 15, 749502).
cost(1, 16, 467127).
cost(1, 17, 228745).
cost(1, 18, 244418).
cost(1, 19, 294519).
cost(1, 20, 510011).
cost(2, 1, 756960).
cost(2, 3, 742833).
cost(2, 4, 665166).
cost(2, 5, 630717).
cost(2, 6, 483597).
cost(2, 7, 983909).
cost(2, 8, 559950).
cost(2, 9, 643101).
cost(2, 10, 866380).
cost(2, 11, 491393).
cost(2, 12, 639124).
cost(2, 13, 178308).
cost(2, 14, 441741).
cost(2, 15, 268806).
cost(2, 16, 321730).
cost(2, 17, 683325).
cost(2, 18, 534197).
cost(2, 19, 468072).
cost(2, 20, 369614).
cost(3, 1, 784452).
cost(3, 2, 742833).
cost(3, 4, 231140).
cost(3, 5, 635338).
cost(3, 6, 757278).
cost(3, 7, 899946).
cost(3, 8, 525820).
cost(3, 9, 422058).
cost(3, 10, 830927).
cost(3, 11, 858885).
cost(3, 12, 241230).
cost(3, 13, 572974).
cost(3, 14, 359910).
cost(3, 15, 488347).
cost(3, 16, 554320).
cost(3, 17, 557033).
cost(3, 18, 608764).
cost(3, 19, 630649).
cost(3, 20, 443878).
cost(4, 1, 553589).
cost(4, 2, 665166).
cost(4, 3, 231140).
cost(4, 5, 407646).
cost(4, 6, 554392).
cost(4, 7, 674676).
cost(4, 8, 304945).
cost(4, 9, 191229).
cost(4, 10, 600921).
cost(4, 11, 661127).
cost(4, 12, 26381).
cost(4, 13, 525331).
cost(4, 14, 224228).
cost(4, 15, 463138).
cost(4, 16, 399361).
cost(4, 17, 325896).
cost(4, 18, 392635).
cost(4, 19, 427361).
cost(4, 20, 304959).
cost(5, 1, 164091).
cost(5, 2, 630717).
cost(5, 3, 635338).
cost(5, 4, 407646).
cost(5, 6, 230273).
cost(5, 7, 364575).
cost(5, 8, 120586).
cost(5, 9, 219869).
cost(5, 10, 253513).
cost(5, 11, 330840).
cost(5, 12, 394345).
cost(5, 13, 593378).
cost(5, 14, 365995).
cost(5, 15, 592529).
cost(5, 16, 321026).
cost(5, 17, 111805).
cost(5, 18, 96593).
cost(5, 19, 165418).
cost(5, 20, 349563).
cost(6, 1, 292092).
cost(6, 2, 483597).
cost(6, 3, 757278).
cost(6, 4, 554392).
cost(6, 5, 230273).
cost(6, 7, 520284).
cost(6, 8, 262105).
cost(6, 9, 399185).
cost(6, 10, 403127).
cost(6, 11, 109056).
cost(6, 12, 533443).
cost(6, 13, 510442).
cost(6, 14, 414586).
cost(6, 15, 544681).
cost(6, 16, 258231).
cost(6, 17, 335148).
cost(6, 18, 173809).
cost(6, 19, 127425).
cost(6, 20, 351499).
cost(7, 1, 229190).
cost(7, 2, 983909).
cost(7, 3, 899946).
cost(7, 4, 674676).
cost(7, 5, 364575).
cost(7, 6, 520284).
cost(7, 8, 471632).
cost(7, 9, 498378).
cost(7, 10, 118023).
cost(7, 11, 575311).
cost(7, 12, 673114).
cost(7, 13, 957863).
cost(7, 14, 713006).
cost(7, 15, 955357).
cost(7, 16, 684368).
cost(7, 17, 370632).
cost(7, 18, 458218).
cost(7, 19, 517403).
cost(7, 20, 710486).
cost(8, 1, 284386).
cost(8, 2, 559950).
cost(8, 3, 525820).
cost(8, 4, 304945).
cost(8, 5, 120586).
cost(8, 6, 262105).
cost(8, 7, 471632).
cost(8, 9, 137115).
cost(8, 10, 366994).
cost(8, 11, 371160).
cost(8, 12, 287897).
cost(8, 13, 496756).
cost(8, 14, 246495).
cost(8, 15, 485229).
cost(8, 16, 238541).
cost(8, 17, 123681).
cost(8, 18, 90082).
cost(8, 19, 145177).
cost(8, 20, 239705).
cost(9, 1, 362412).
cost(9, 2, 643101).
cost(9, 3, 422058).
cost(9, 4, 191229).
cost(9, 5, 219869).
cost(9, 6, 399185).
cost(9, 7, 498378).
cost(9, 8, 137115).
cost(9, 10, 414914).
cost(9, 11, 508235).
cost(9, 12, 182136).
cost(9, 13, 545844).
cost(9, 14, 243170).
cost(9, 15, 511675).
cost(9, 16, 328783).
cost(9, 17, 135811).
cost(9, 18, 226222).
cost(9, 19, 280382).
cost(9, 20, 281831).
cost(10, 1, 111331).
cost(10, 2, 866380).
cost(10, 3, 830927).
cost(10, 4, 600921).
cost(10, 5, 253513).
cost(10, 6, 403127).
cost(10, 7, 118023).
cost(10, 8, 366994).
cost(10, 9, 414914).
cost(10, 11, 462992).
cost(10, 12, 595627).
cost(10, 13, 844626).
cost(10, 14, 612420).
cost(10, 15, 846038).
cost(10, 16, 570059).
cost(10, 17, 280385).
cost(10, 18, 344264).
cost(10, 19, 400863).
cost(10, 20, 602706).
cost(11, 1, 357066).
cost(11, 2, 491393).
cost(11, 3, 858885).
cost(11, 4, 661127).
cost(11, 5, 330840).
cost(11, 6, 109056).
cost(11, 7, 575311).
cost(11, 8, 371160).
cost(11, 9, 508235).
cost(11, 10, 462992).
cost(11, 12, 639554).
cost(11, 13, 554114).
cost(11, 14, 508653).
cost(11, 15, 602418).
cost(11, 16, 333693).
cost(11, 17, 439441).
cost(11, 18, 282616).
cost(11, 19, 233928).
cost(11, 20, 437797).
cost(12, 1, 543895).
cost(12, 2, 639124).
cost(12, 3, 241230).
cost(12, 4, 26381).
cost(12, 5, 394345).
cost(12, 6, 533443).
cost(12, 7, 673114).
cost(12, 8, 287897).
cost(12, 9, 182136).
cost(12, 10, 595627).
cost(12, 11, 639554).
cost(12, 13, 500582).
cost(12, 14, 197964).
cost(12, 15, 439883).
cost(12, 16, 373522).
cost(12, 17, 317894).
cost(12, 18, 374245).
cost(12, 19, 406149).
cost(12, 20, 278588).
cost(13, 1, 742412).
cost(13, 2, 178308).
cost(13, 3, 572974).
cost(13, 4, 525331).
cost(13, 5, 593378).
cost(13, 6, 510442).
cost(13, 7, 957863).
cost(13, 8, 496756).
cost(13, 9, 545844).
cost(13, 10, 844626).
cost(13, 11, 554114).
cost(13, 12, 500582).
cost(13, 14, 313629).
cost(13, 15, 90510).
cost(13, 16, 275288).
cost(13, 17, 617600).
cost(13, 18, 500362).
cost(13, 19, 449617).
cost(13, 20, 265405).
cost(14, 1, 530066).
cost(14, 2, 441741).
cost(14, 3, 359910).
cost(14, 4, 224228).
cost(14, 5, 365995).
cost(14, 6, 414586).
cost(14, 7, 713006).
cost(14, 8, 246495).
cost(14, 9, 243170).
cost(14, 10, 612420).
cost(14, 11, 508653).
cost(14, 12, 197964).
cost(14, 13, 313629).
cost(14, 15, 269550).
cost(14, 16, 194617).
cost(14, 17, 345131).
cost(14, 18, 300047).
cost(14, 19, 295192).
cost(14, 20, 86169).
cost(15, 1, 749502).
cost(15, 2, 268806).
cost(15, 3, 488347).
cost(15, 4, 463138).
cost(15, 5, 592529).
cost(15, 6, 544681).
cost(15, 7, 955357).
cost(15, 8, 485229).
cost(15, 9, 511675).
cost(15, 10, 846038).
cost(15, 11, 602418).
cost(15, 12, 439883).
cost(15, 13, 90510).
cost(15, 14, 269550).
cost(15, 16, 291627).
cost(15, 17, 600168).
cost(15, 18, 505093).
cost(15, 19, 465050).
cost(15, 20, 245542).
cost(16, 1, 467127).
cost(16, 2, 321730).
cost(16, 3, 554320).
cost(16, 4, 399361).
cost(16, 5, 321026).
cost(16, 6, 258231).
cost(16, 7, 684368).
cost(16, 8, 238541).
cost(16, 9, 328783).
cost(16, 10, 570059).
cost(16, 11, 333693).
cost(16, 12, 373522).
cost(16, 13, 275288).
cost(16, 14, 194617).
cost(16, 15, 291627).
cost(16, 17, 362162).
cost(16, 18, 226152).
cost(16, 19, 175263).
cost(16, 20, 111333).
cost(17, 1, 228745).
cost(17, 2, 683325).
cost(17, 3, 557033).
cost(17, 4, 325896).
cost(17, 5, 111805).
cost(17, 6, 335148).
cost(17, 7, 370632).
cost(17, 8, 123681).
cost(17, 9, 135811).
cost(17, 10, 280385).
cost(17, 11, 439441).
cost(17, 12, 317894).
cost(17, 13, 617600).
cost(17, 14, 345131).
cost(17, 15, 600168).
cost(17, 16, 362162).
cost(17, 18, 172594).
cost(17, 19, 244645).
cost(17, 20, 355832).
cost(18, 1, 244418).
cost(18, 2, 534197).
cost(18, 3, 608764).
cost(18, 4, 392635).
cost(18, 5, 96593).
cost(18, 6, 173809).
cost(18, 7, 458218).
cost(18, 8, 90082).
cost(18, 9, 226222).
cost(18, 10, 344264).
cost(18, 11, 282616).
cost(18, 12, 374245).
cost(18, 13, 500362).
cost(18, 14, 300047).
cost(18, 15, 505093).
cost(18, 16, 226152).
cost(18, 17, 172594).
cost(18, 19, 73031).
cost(18, 20, 267678).
cost(19, 1, 294519).
cost(19, 2, 468072).
cost(19, 3, 630649).
cost(19, 4, 427361).
cost(19, 5, 165418).
cost(19, 6, 127425).
cost(19, 7, 517403).
cost(19, 8, 145177).
cost(19, 9, 280382).
cost(19, 10, 400863).
cost(19, 11, 233928).
cost(19, 12, 406149).
cost(19, 13, 449617).
cost(19, 14, 295192).
cost(19, 15, 465050).
cost(19, 16, 175263).
cost(19, 17, 244645).
cost(19, 18, 73031).
cost(19, 20, 243365).
cost(20, 1, 510011).
cost(20, 2, 369614).
cost(20, 3, 443878).
cost(20, 4, 304959).
cost(20, 5, 349563).
cost(20, 6, 351499).
cost(20, 7, 710486).
cost(20, 8, 239705).
cost(20, 9, 281831).
cost(20, 10, 602706).
cost(20, 11, 437797).
cost(20, 12, 278588).
cost(20, 13, 265405).
cost(20, 14, 86169).
cost(20, 15, 245542).
cost(20, 16, 111333).
cost(20, 17, 355832).
cost(20, 18, 267678).
cost(20, 19, 243365).
nocross(1,6).
nocross(1,10).
nocross(1,11).
nocross(1,19).
nocross(2,3).
nocross(2,11).
nocross(2,16).
nocross(2,19).
nocross(3,4).
nocross(3,14).
nocross(4,3).
nocross(4,12).
nocross(4,19).
nocross(5,1).
nocross(5,6).
nocross(5,8).
nocross(5,10).
nocross(5,11).
nocross(5,14).
nocross(5,16).
nocross(5,17).
nocross(5,18).
nocross(5,19).
nocross(6,2).
nocross(6,11).
nocross(6,14).
nocross(6,16).
nocross(6,18).
nocross(6,19).
nocross(7,1).
nocross(7,10).
nocross(8,6).
nocross(8,10).
nocross(8,14).
nocross(8,16).
nocross(8,18).
nocross(8,19).
nocross(9,1).
nocross(9,14).
nocross(9,16).
nocross(9,17).
nocross(9,18).
nocross(9,20).
nocross(10,1).
nocross(11,2).
nocross(11,19).
nocross(12,3).
nocross(12,4).
nocross(12,13).
nocross(12,14).
nocross(12,16).
nocross(12,19).
nocross(13,2).
nocross(13,3).
nocross(13,11).
nocross(13,14).
nocross(13,16).
nocross(13,20).
nocross(14,3).
nocross(14,8).
nocross(14,11).
nocross(14,13).
nocross(14,15).
nocross(14,16).
nocross(14,19).
nocross(15,2).
nocross(15,3).
nocross(15,11).
nocross(15,13).
nocross(15,14).
nocross(15,16).
nocross(15,20).
nocross(16,2).
nocross(16,8).
nocross(16,11).
nocross(16,13).
nocross(16,18).
nocross(16,19).
nocross(16,20).
nocross(17,1).
nocross(17,4).
nocross(17,8).
nocross(17,10).
nocross(17,11).
nocross(17,14).
nocross(17,18).
nocross(18,1).
nocross(18,11).
nocross(18,14).
nocross(18,16).
nocross(18,19).
nocross(19,1).
nocross(19,2).
nocross(19,6).
nocross(19,8).
nocross(19,14).
nocross(19,16).
nocross(19,20).
nocross(20,2).
nocross(20,11).
nocross(20,13).
nocross(20,14).
nocross(20,15).
nocross(20,16).
nocross(20,19).
