dimension(30).
point(1, 284097.0, 798328.0).
point(2, 826047.0, 8361.0).
point(3, 402225.0, 356674.0).
point(4, 916334.0, 650522.0).
point(5, 889673.0, 948416.0).
point(6, 706043.0, 621016.0).
point(7, 100009.0, 234950.0).
point(8, 538835.0, 164509.0).
point(9, 404021.0, 603359.0).
point(10, 578795.0, 488706.0).
point(11, 845528.0, 125426.0).
point(12, 678589.0, 241372.0).
point(13, 967309.0, 813034.0).
point(14, 15021.0, 562143.0).
point(15, 724089.0, 779318.0).
point(16, 171992.0, 439475.0).
point(17, 558567.0, 854638.0).
point(18, 730202.0, 439680.0).
point(19, 742454.0, 245762.0).
point(20, 88040.0, 393219.0).
point(21, 641977.0, 717296.0).
point(22, 258308.0, 325208.0).
point(23, 554742.0, 954960.0).
point(24, 113761.0, 516687.0).
point(25, 788795.0, 812383.0).
point(26, 772743.0, 929571.0).
point(27, 205166.0, 458809.0).
point(28, 255952.0, 844621.0).
point(29, 239760.0, 971409.0).
point(30, 278158.0, 962544.0).
cost(1, 2, 957997).
cost(1, 3, 457179).
cost(1, 4, 649284).
cost(1, 5, 623898).
cost(1, 6, 457688).
cost(1, 7, 592691).
cost(1, 8, 683094).
cost(1, 9, 228899).
cost(1, 10, 427449).
cost(1, 11, 876357).
cost(1, 12, 682513).
cost(1, 13, 683370).
cost(1, 14, 358030).
cost(1, 15, 440402).
cost(1, 16, 375956).
cost(1, 17, 280187).
cost(1, 18, 572397).
cost(1, 19, 717928).
cost(1, 20, 450057).
cost(1, 21, 366939).
cost(1, 22, 473822).
cost(1, 23, 312702).
cost(1, 24, 329144).
cost(1, 25, 504894).
cost(1, 26, 505964).
cost(1, 27, 348573).
cost(1, 28, 54177).
cost(1, 29, 178670).
cost(1, 30, 164323).
cost(2, 1, 957997).
cost(2, 3, 548586).
cost(2, 4, 648477).
cost(2, 5, 942206).
cost(2, 6, 624297).
cost(2, 7, 760575).
cost(2, 8, 326914).
cost(2, 9, 729471).
cost(2, 10, 540245).
cost(2, 11, 118675).
cost(2, 12, 275750).
cost(2, 13, 816978).
cost(2, 14, 982058).
cost(2, 15, 777670).
cost(2, 16, 783356).
cost(2, 17, 887542).
cost(2, 18, 441840).
cost(2, 19, 251688).
cost(2, 20, 832328).
cost(2, 21, 732442).
cost(2, 22, 650169).
cost(2, 23, 984711).
cost(2, 24, 875070).
cost(2, 25, 804885).
cost(2, 26, 922751).
cost(2, 27, 767070).
cost(2, 28, 1012096).
cost(2, 29, 1127472).
cost(2, 30, 1100294).
cost(3, 1, 457179).
cost(3, 2, 548586).
cost(3, 4, 592161).
cost(3, 5, 766658).
cost(3, 6, 402718).
cost(3, 7, 325809).
cost(3, 8, 235775).
cost(3, 9, 246692).
cost(3, 10, 220475).
cost(3, 11, 499993).
cost(3, 12, 299452).
cost(3, 13, 726350).
cost(3, 14, 438343).
cost(3, 15, 531248).
cost(3, 16, 244670).
cost(3, 17, 521930).
cost(3, 18, 338318).
cost(3, 19, 357851).
cost(3, 20, 316303).
cost(3, 21, 433046).
cost(3, 22, 147317).
cost(3, 23, 617420).
cost(3, 24, 329872).
cost(3, 25, 597584).
cost(3, 26, 682272).
cost(3, 27, 221955).
cost(3, 28, 509400).
cost(3, 29, 635841).
cost(3, 30, 618442).
cost(4, 1, 649284).
cost(4, 2, 648477).
cost(4, 3, 592161).
cost(4, 5, 299085).
cost(4, 6, 212351).
cost(4, 7, 916017).
cost(4, 8, 615398).
cost(4, 9, 514479).
cost(4, 10, 374322).
cost(4, 11, 529848).
cost(4, 12, 473209).
cost(4, 13, 170319).
cost(4, 14, 905636).
cost(4, 15, 231401).
cost(4, 16, 773683).
cost(4, 17, 411899).
cost(4, 18, 281246).
cost(4, 19, 440528).
cost(4, 20, 867338).
cost(4, 21, 282366).
cost(4, 22, 734049).
cost(4, 23, 472685).
cost(4, 24, 813655).
cost(4, 25, 206071).
cost(4, 26, 313826).
cost(4, 27, 736555).
cost(4, 28, 688316).
cost(4, 29, 748813).
cost(4, 30, 710371).
cost(5, 1, 623898).
cost(5, 2, 942206).
cost(5, 3, 766658).
cost(5, 4, 299085).
cost(5, 6, 375381).
cost(5, 7, 1064238).
cost(5, 8, 858835).
cost(5, 9, 595753).
cost(5, 10, 554958).
cost(5, 11, 824173).
cost(5, 12, 737881).
cost(5, 13, 156063).
cost(5, 14, 956150).
cost(5, 15, 236669).
cost(5, 16, 879822).
cost(5, 17, 344130).
cost(5, 18, 533145).
cost(5, 19, 717911).
cost(5, 20, 975120).
cost(5, 21, 338777).
cost(5, 22, 887136).
cost(5, 23, 334995).
cost(5, 24, 887935).
cost(5, 25, 169356).
cost(5, 26, 118439).
cost(5, 27, 841585).
cost(5, 28, 642165).
cost(5, 29, 650320).
cost(5, 30, 611678).
cost(6, 1, 457688).
cost(6, 2, 624297).
cost(6, 3, 402718).
cost(6, 4, 212351).
cost(6, 5, 375381).
cost(6, 7, 718557).
cost(6, 8, 486166).
cost(6, 9, 302538).
cost(6, 10, 183570).
cost(6, 11, 514845).
cost(6, 12, 380635).
cost(6, 13, 324239).
cost(6, 14, 693525).
cost(6, 15, 159327).
cost(6, 16, 564063).
cost(6, 17, 276276).
cost(6, 18, 182938).
cost(6, 19, 377016).
cost(6, 20, 658650).
cost(6, 21, 115647).
cost(6, 22, 536627).
cost(6, 23, 366620).
cost(6, 24, 601400).
cost(6, 25, 208493).
cost(6, 26, 315682).
cost(6, 27, 526487).
cost(6, 28, 502574).
cost(6, 29, 583262).
cost(6, 30, 547473).
cost(7, 1, 592691).
cost(7, 2, 760575).
cost(7, 3, 325809).
cost(7, 4, 916017).
cost(7, 5, 1064238).
cost(7, 6, 718557).
cost(7, 8, 444444).
cost(7, 9, 477649).
cost(7, 10, 541875).
cost(7, 11, 753521).
cost(7, 12, 578616).
cost(7, 13, 1042301).
cost(7, 14, 338051).
cost(7, 15, 828138).
cost(7, 16, 216823).
cost(7, 17, 770901).
cost(7, 18, 662614).
cost(7, 19, 642536).
cost(7, 20, 158721).
cost(7, 21, 725525).
cost(7, 22, 182223).
cost(7, 23, 851585).
cost(7, 24, 282072).
cost(7, 25, 898808).
cost(7, 26, 966990).
cost(7, 27, 247327).
cost(7, 28, 629299).
cost(7, 29, 749601).
cost(7, 30, 749086).
cost(8, 1, 683094).
cost(8, 2, 326914).
cost(8, 3, 235775).
cost(8, 4, 615398).
cost(8, 5, 858835).
cost(8, 6, 486166).
cost(8, 7, 444444).
cost(8, 9, 459091).
cost(8, 10, 326650).
cost(8, 11, 309173).
cost(8, 12, 159496).
cost(8, 13, 777287).
cost(8, 14, 657643).
cost(8, 15, 642113).
cost(8, 16, 458454).
cost(8, 17, 690411).
cost(8, 18, 335172).
cost(8, 19, 219232).
cost(8, 20, 505494).
cost(8, 21, 562327).
cost(8, 22, 323295).
cost(8, 23, 790611).
cost(8, 24, 552012).
cost(8, 25, 694421).
cost(8, 26, 800021).
cost(8, 27, 444913).
cost(8, 28, 736597).
cost(8, 29, 860543).
cost(8, 30, 839531).
cost(9, 1, 228899).
cost(9, 2, 729471).
cost(9, 3, 246692).
cost(9, 4, 514479).
cost(9, 5, 595753).
cost(9, 6, 302538).
cost(9, 7, 477649).
cost(9, 8, 459091).
cost(9, 10, 209025).
cost(9, 11, 650652).
cost(9, 12, 454337).
cost(9, 13, 601047).
cost(9, 14, 391177).
cost(9, 15, 365247).
cost(9, 16, 284069).
cost(9, 17, 295001).
cost(9, 18, 364945).
cost(9, 19, 492354).
cost(9, 20, 379477).
cost(9, 21, 263827).
cost(9, 22, 314007).
cost(9, 23, 382544).
cost(9, 24, 302924).
cost(9, 25, 437884).
cost(9, 26, 492311).
cost(9, 27, 245841).
cost(9, 28, 283076).
cost(9, 29, 403042).
cost(9, 30, 380599).
cost(10, 1, 427449).
cost(10, 2, 540245).
cost(10, 3, 220475).
cost(10, 4, 374322).
cost(10, 5, 554958).
cost(10, 6, 183570).
cost(10, 7, 541875).
cost(10, 8, 326650).
cost(10, 9, 209025).
cost(10, 11, 450687).
cost(10, 12, 266708).
cost(10, 13, 506095).
cost(10, 14, 568537).
cost(10, 15, 324909).
cost(10, 16, 409771).
cost(10, 17, 366491).
cost(10, 18, 159147).
cost(10, 19, 292927).
cost(10, 20, 499958).
cost(10, 21, 237161).
cost(10, 22, 359783).
cost(10, 23, 466874).
cost(10, 24, 465875).
cost(10, 25, 385833).
cost(10, 26, 481641).
cost(10, 27, 374823).
cost(10, 28, 480524).
cost(10, 29, 589870).
cost(10, 30, 561164).
cost(11, 1, 876357).
cost(11, 2, 118675).
cost(11, 3, 499993).
cost(11, 4, 529848).
cost(11, 5, 824173).
cost(11, 6, 514845).
cost(11, 7, 753521).
cost(11, 8, 309173).
cost(11, 9, 650652).
cost(11, 10, 450687).
cost(11, 12, 203254).
cost(11, 13, 698309).
cost(11, 14, 938330).
cost(11, 15, 665073).
cost(11, 16, 743154).
cost(11, 17, 783643).
cost(11, 18, 334747).
cost(11, 19, 158446).
cost(11, 20, 803431).
cost(11, 21, 625894).
cost(11, 22, 620274).
cost(11, 23, 879024).
cost(11, 24, 829800).
cost(11, 25, 689296).
cost(11, 26, 807432).
cost(11, 27, 721947).
cost(11, 28, 929968).
cost(11, 29, 1040501).
cost(11, 30, 1011274).
cost(12, 1, 682513).
cost(12, 2, 275750).
cost(12, 3, 299452).
cost(12, 4, 473209).
cost(12, 5, 737881).
cost(12, 6, 380635).
cost(12, 7, 578616).
cost(12, 8, 159496).
cost(12, 9, 454337).
cost(12, 10, 266708).
cost(12, 11, 203254).
cost(12, 13, 640435).
cost(12, 14, 737032).
cost(12, 15, 539867).
cost(12, 16, 543953).
cost(12, 17, 624900).
cost(12, 18, 204915).
cost(12, 19, 64016).
cost(12, 20, 609759).
cost(12, 21, 477330).
cost(12, 22, 428561).
cost(12, 23, 724255).
cost(12, 24, 628354).
cost(12, 25, 581549).
cost(12, 26, 694610).
cost(12, 27, 520969).
cost(12, 28, 736567).
cost(12, 29, 851778).
cost(12, 30, 824884).
cost(13, 1, 683370).
cost(13, 2, 816978).
cost(13, 3, 726350).
cost(13, 4, 170319).
cost(13, 5, 156063).
cost(13, 6, 324239).
cost(13, 7, 1042301).
cost(13, 8, 777287).
cost(13, 9, 601047).
cost(13, 10, 506095).
cost(13, 11, 698309).
cost(13, 12, 640435).
cost(13, 14, 984784).
cost(13, 15, 245546).
cost(13, 16, 878678).
cost(13, 17, 410854).
cost(13, 18, 442282).
cost(13, 19, 610211).
cost(13, 20, 974350).
cost(13, 21, 339126).
cost(13, 22, 860614).
cost(13, 23, 436296).
cost(13, 24, 903530).
cost(13, 25, 178515).
cost(13, 26, 226797).
cost(13, 27, 840439).
cost(13, 28, 712058).
cost(13, 29, 744587).
cost(13, 30, 705182).
cost(14, 1, 358030).
cost(14, 2, 982058).
cost(14, 3, 438343).
cost(14, 4, 905636).
cost(14, 5, 956150).
cost(14, 6, 693525).
cost(14, 7, 338051).
cost(14, 8, 657643).
cost(14, 9, 391177).
cost(14, 10, 568537).
cost(14, 11, 938330).
cost(14, 12, 737032).
cost(14, 13, 984784).
cost(14, 15, 741581).
cost(14, 16, 199217).
cost(14, 17, 617248).
cost(14, 18, 725590).
cost(14, 19, 793256).
cost(14, 20, 184030).
cost(14, 21, 645869).
cost(14, 22, 339598).
cost(14, 23, 667536).
cost(14, 24, 108701).
cost(14, 25, 813232).
cost(14, 26, 842108).
cost(14, 27, 216409).
cost(14, 28, 371270).
cost(14, 29, 466911).
cost(14, 30, 479126).
cost(15, 1, 440402).
cost(15, 2, 777670).
cost(15, 3, 531248).
cost(15, 4, 231401).
cost(15, 5, 236669).
cost(15, 6, 159327).
cost(15, 7, 828138).
cost(15, 8, 642113).
cost(15, 9, 365247).
cost(15, 10, 324909).
cost(15, 11, 665073).
cost(15, 12, 539867).
cost(15, 13, 245546).
cost(15, 14, 741581).
cost(15, 16, 648309).
cost(15, 17, 181853).
cost(15, 18, 339693).
cost(15, 19, 533872).
cost(15, 20, 744064).
cost(15, 21, 102903).
cost(15, 22, 650514).
cost(15, 23, 243985).
cost(15, 24, 664436).
cost(15, 25, 72665).
cost(15, 26, 157934).
cost(15, 27, 609924).
cost(15, 28, 472670).
cost(15, 29, 521031).
cost(15, 30, 482106).
cost(16, 1, 375956).
cost(16, 2, 783356).
cost(16, 3, 244670).
cost(16, 4, 773683).
cost(16, 5, 879822).
cost(16, 6, 564063).
cost(16, 7, 216823).
cost(16, 8, 458454).
cost(16, 9, 284069).
cost(16, 10, 409771).
cost(16, 11, 743154).
cost(16, 12, 543953).
cost(16, 13, 878678).
cost(16, 14, 199217).
cost(16, 15, 648309).
cost(16, 17, 567275).
cost(16, 18, 558210).
cost(16, 19, 602455).
cost(16, 20, 95852).
cost(16, 21, 545958).
cost(16, 22, 143204).
cost(16, 23, 642045).
cost(16, 24, 96709).
cost(16, 25, 720768).
cost(16, 26, 775304).
cost(16, 27, 38397).
cost(16, 28, 413754).
cost(16, 29, 536233).
cost(16, 30, 533734).
cost(17, 1, 280187).
cost(17, 2, 887542).
cost(17, 3, 521930).
cost(17, 4, 411899).
cost(17, 5, 344130).
cost(17, 6, 276276).
cost(17, 7, 770901).
cost(17, 8, 690411).
cost(17, 9, 295001).
cost(17, 10, 366491).
cost(17, 11, 783643).
cost(17, 12, 624900).
cost(17, 13, 410854).
cost(17, 14, 617248).
cost(17, 15, 181853).
cost(17, 16, 567275).
cost(17, 18, 449053).
cost(17, 19, 636038).
cost(17, 20, 659017).
cost(17, 21, 160686).
cost(17, 22, 608647).
cost(17, 23, 100395).
cost(17, 24, 558626).
cost(17, 25, 234074).
cost(17, 26, 226906).
cost(17, 27, 530634).
cost(17, 28, 302781).
cost(17, 29, 339519).
cost(17, 30, 300455).
cost(18, 1, 572397).
cost(18, 2, 441840).
cost(18, 3, 338318).
cost(18, 4, 281246).
cost(18, 5, 533145).
cost(18, 6, 182938).
cost(18, 7, 662614).
cost(18, 8, 335172).
cost(18, 9, 364945).
cost(18, 10, 159147).
cost(18, 11, 334747).
cost(18, 12, 204915).
cost(18, 13, 442282).
cost(18, 14, 725590).
cost(18, 15, 339693).
cost(18, 16, 558210).
cost(18, 17, 449053).
cost(18, 19, 194305).
cost(18, 20, 643841).
cost(18, 21, 291298).
cost(18, 22, 485580).
cost(18, 23, 544334).
cost(18, 24, 621232).
cost(18, 25, 377281).
cost(18, 26, 491735).
cost(18, 27, 525384).
cost(18, 28, 623611).
cost(18, 29, 723373).
cost(18, 30, 691181).
cost(19, 1, 717928).
cost(19, 2, 251688).
cost(19, 3, 357851).
cost(19, 4, 440528).
cost(19, 5, 717911).
cost(19, 6, 377016).
cost(19, 7, 642536).
cost(19, 8, 219232).
cost(19, 9, 492354).
cost(19, 10, 292927).
cost(19, 11, 158446).
cost(19, 12, 64016).
cost(19, 13, 610211).
cost(19, 14, 793256).
cost(19, 15, 533872).
cost(19, 16, 602455).
cost(19, 17, 636038).
cost(19, 18, 194305).
cost(19, 20, 670821).
cost(19, 21, 482120).
cost(19, 22, 490621).
cost(19, 23, 733620).
cost(19, 24, 684584).
cost(19, 25, 568513).
cost(19, 26, 684479).
cost(19, 27, 577986).
cost(19, 28, 771567).
cost(19, 29, 882760).
cost(19, 30, 854018).
cost(20, 1, 450057).
cost(20, 2, 832328).
cost(20, 3, 316303).
cost(20, 4, 867338).
cost(20, 5, 975120).
cost(20, 6, 658650).
cost(20, 7, 158721).
cost(20, 8, 505494).
cost(20, 9, 379477).
cost(20, 10, 499958).
cost(20, 11, 803431).
cost(20, 12, 609759).
cost(20, 13, 974350).
cost(20, 14, 184030).
cost(20, 15, 744064).
cost(20, 16, 95852).
cost(20, 17, 659017).
cost(20, 18, 643841).
cost(20, 19, 670821).
cost(20, 21, 641773).
cost(20, 22, 183349).
cost(20, 23, 730318).
cost(20, 24, 126119).
cost(20, 25, 816551).
cost(20, 26, 869765).
cost(20, 27, 134241).
cost(20, 28, 481620).
cost(20, 29, 597765).
cost(20, 30, 600230).
cost(21, 1, 366939).
cost(21, 2, 732442).
cost(21, 3, 433046).
cost(21, 4, 282366).
cost(21, 5, 338777).
cost(21, 6, 115647).
cost(21, 7, 725525).
cost(21, 8, 562327).
cost(21, 9, 263827).
cost(21, 10, 237161).
cost(21, 11, 625894).
cost(21, 12, 477330).
cost(21, 13, 339126).
cost(21, 14, 645869).
cost(21, 15, 102903).
cost(21, 16, 545958).
cost(21, 17, 160686).
cost(21, 18, 291298).
cost(21, 19, 482120).
cost(21, 20, 641773).
cost(21, 22, 548575).
cost(21, 23, 253168).
cost(21, 24, 565028).
cost(21, 25, 174920).
cost(21, 26, 249320).
cost(21, 27, 507562).
cost(21, 28, 406481).
cost(21, 29, 475765).
cost(21, 30, 438761).
cost(22, 1, 473822).
cost(22, 2, 650169).
cost(22, 3, 147317).
cost(22, 4, 734049).
cost(22, 5, 887136).
cost(22, 6, 536627).
cost(22, 7, 182223).
cost(22, 8, 323295).
cost(22, 9, 314007).
cost(22, 10, 359783).
cost(22, 11, 620274).
cost(22, 12, 428561).
cost(22, 13, 860614).
cost(22, 14, 339598).
cost(22, 15, 650514).
cost(22, 16, 143204).
cost(22, 17, 608647).
cost(22, 18, 485580).
cost(22, 19, 490621).
cost(22, 20, 183349).
cost(22, 21, 548575).
cost(22, 23, 696032).
cost(22, 24, 239913).
cost(22, 25, 720247).
cost(22, 26, 793661).
cost(22, 27, 143782).
cost(22, 28, 519418).
cost(22, 29, 646467).
cost(22, 30, 637645).
cost(23, 1, 312702).
cost(23, 2, 984711).
cost(23, 3, 617420).
cost(23, 4, 472685).
cost(23, 5, 334995).
cost(23, 6, 366620).
cost(23, 7, 851585).
cost(23, 8, 790611).
cost(23, 9, 382544).
cost(23, 10, 466874).
cost(23, 11, 879024).
cost(23, 12, 724255).
cost(23, 13, 436296).
cost(23, 14, 667536).
cost(23, 15, 243985).
cost(23, 16, 642045).
cost(23, 17, 100395).
cost(23, 18, 544334).
cost(23, 19, 733620).
cost(23, 20, 730318).
cost(23, 21, 253168).
cost(23, 22, 696032).
cost(23, 24, 621729).
cost(23, 25, 274060).
cost(23, 26, 219474).
cost(23, 27, 606934).
cost(23, 28, 318512).
cost(23, 29, 315411).
cost(23, 30, 276688).
cost(24, 1, 329144).
cost(24, 2, 875070).
cost(24, 3, 329872).
cost(24, 4, 813655).
cost(24, 5, 887935).
cost(24, 6, 601400).
cost(24, 7, 282072).
cost(24, 8, 552012).
cost(24, 9, 302924).
cost(24, 10, 465875).
cost(24, 11, 829800).
cost(24, 12, 628354).
cost(24, 13, 903530).
cost(24, 14, 108701).
cost(24, 15, 664436).
cost(24, 16, 96709).
cost(24, 17, 558626).
cost(24, 18, 621232).
cost(24, 19, 684584).
cost(24, 20, 126119).
cost(24, 21, 565028).
cost(24, 22, 239913).
cost(24, 23, 621729).
cost(24, 25, 736958).
cost(24, 26, 777644).
cost(24, 27, 108188).
cost(24, 28, 357434).
cost(24, 29, 471856).
cost(24, 30, 475200).
cost(25, 1, 504894).
cost(25, 2, 804885).
cost(25, 3, 597584).
cost(25, 4, 206071).
cost(25, 5, 169356).
cost(25, 6, 208493).
cost(25, 7, 898808).
cost(25, 8, 694421).
cost(25, 9, 437884).
cost(25, 10, 385833).
cost(25, 11, 689296).
cost(25, 12, 581549).
cost(25, 13, 178515).
cost(25, 14, 813232).
cost(25, 15, 72665).
cost(25, 16, 720768).
cost(25, 17, 234074).
cost(25, 18, 377281).
cost(25, 19, 568513).
cost(25, 20, 816551).
cost(25, 21, 174920).
cost(25, 22, 720247).
cost(25, 23, 274060).
cost(25, 24, 736958).
cost(25, 26, 118282).
cost(25, 27, 682376).
cost(25, 28, 533817).
cost(25, 29, 571602).
cost(25, 30, 532258).
cost(26, 1, 505964).
cost(26, 2, 922751).
cost(26, 3, 682272).
cost(26, 4, 313826).
cost(26, 5, 118439).
cost(26, 6, 315682).
cost(26, 7, 966990).
cost(26, 8, 800021).
cost(26, 9, 492311).
cost(26, 10, 481641).
cost(26, 11, 807432).
cost(26, 12, 694610).
cost(26, 13, 226797).
cost(26, 14, 842108).
cost(26, 15, 157934).
cost(26, 16, 775304).
cost(26, 17, 226906).
cost(26, 18, 491735).
cost(26, 19, 684479).
cost(26, 20, 869765).
cost(26, 21, 249320).
cost(26, 22, 793661).
cost(26, 23, 219474).
cost(26, 24, 777644).
cost(26, 25, 118282).
cost(26, 27, 737401).
cost(26, 28, 523726).
cost(26, 29, 534623).
cost(26, 30, 495683).
cost(27, 1, 348573).
cost(27, 2, 767070).
cost(27, 3, 221955).
cost(27, 4, 736555).
cost(27, 5, 841585).
cost(27, 6, 526487).
cost(27, 7, 247327).
cost(27, 8, 444913).
cost(27, 9, 245841).
cost(27, 10, 374823).
cost(27, 11, 721947).
cost(27, 12, 520969).
cost(27, 13, 840439).
cost(27, 14, 216409).
cost(27, 15, 609924).
cost(27, 16, 38397).
cost(27, 17, 530634).
cost(27, 18, 525384).
cost(27, 19, 577986).
cost(27, 20, 134241).
cost(27, 21, 507562).
cost(27, 22, 143782).
cost(27, 23, 606934).
cost(27, 24, 108188).
cost(27, 25, 682376).
cost(27, 26, 737401).
cost(27, 28, 389140).
cost(27, 29, 513766).
cost(27, 30, 508996).
cost(28, 1, 54177).
cost(28, 2, 1012096).
cost(28, 3, 509400).
cost(28, 4, 688316).
cost(28, 5, 642165).
cost(28, 6, 502574).
cost(28, 7, 629299).
cost(28, 8, 736597).
cost(28, 9, 283076).
cost(28, 10, 480524).
cost(28, 11, 929968).
cost(28, 12, 736567).
cost(28, 13, 712058).
cost(28, 14, 371270).
cost(28, 15, 472670).
cost(28, 16, 413754).
cost(28, 17, 302781).
cost(28, 18, 623611).
cost(28, 19, 771567).
cost(28, 20, 481620).
cost(28, 21, 406481).
cost(28, 22, 519418).
cost(28, 23, 318512).
cost(28, 24, 357434).
cost(28, 25, 533817).
cost(28, 26, 523726).
cost(28, 27, 389140).
cost(28, 29, 127818).
cost(28, 30, 119996).
cost(29, 1, 178670).
cost(29, 2, 1127472).
cost(29, 3, 635841).
cost(29, 4, 748813).
cost(29, 5, 650320).
cost(29, 6, 583262).
cost(29, 7, 749601).
cost(29, 8, 860543).
cost(29, 9, 403042).
cost(29, 10, 589870).
cost(29, 11, 1040501).
cost(29, 12, 851778).
cost(29, 13, 744587).
cost(29, 14, 466911).
cost(29, 15, 521031).
cost(29, 16, 536233).
cost(29, 17, 339519).
cost(29, 18, 723373).
cost(29, 19, 882760).
cost(29, 20, 597765).
cost(29, 21, 475765).
cost(29, 22, 646467).
cost(29, 23, 315411).
cost(29, 24, 471856).
cost(29, 25, 571602).
cost(29, 26, 534623).
cost(29, 27, 513766).
cost(29, 28, 127818).
cost(29, 30, 39408).
cost(30, 1, 164323).
cost(30, 2, 1100294).
cost(30, 3, 618442).
cost(30, 4, 710371).
cost(30, 5, 611678).
cost(30, 6, 547473).
cost(30, 7, 749086).
cost(30, 8, 839531).
cost(30, 9, 380599).
cost(30, 10, 561164).
cost(30, 11, 1011274).
cost(30, 12, 824884).
cost(30, 13, 705182).
cost(30, 14, 479126).
cost(30, 15, 482106).
cost(30, 16, 533734).
cost(30, 17, 300455).
cost(30, 18, 691181).
cost(30, 19, 854018).
cost(30, 20, 600230).
cost(30, 21, 438761).
cost(30, 22, 637645).
cost(30, 23, 276688).
cost(30, 24, 475200).
cost(30, 25, 532258).
cost(30, 26, 495683).
cost(30, 27, 508996).
cost(30, 28, 119996).
cost(30, 29, 39408).
nocross(1,17).
nocross(1,27).
nocross(1,28).
nocross(1,30).
nocross(2,8).
nocross(2,11).
nocross(3,2).
nocross(3,6).
nocross(3,8).
nocross(3,9).
nocross(3,10).
nocross(3,12).
nocross(3,16).
nocross(3,18).
nocross(3,19).
nocross(3,21).
nocross(3,22).
nocross(3,25).
nocross(3,27).
nocross(4,6).
nocross(4,13).
nocross(4,15).
nocross(4,18).
nocross(4,21).
nocross(4,25).
nocross(5,15).
nocross(5,17).
nocross(5,25).
nocross(6,9).
nocross(6,10).
nocross(6,15).
nocross(6,18).
nocross(6,21).
nocross(6,25).
nocross(7,3).
nocross(7,9).
nocross(7,16).
nocross(7,20).
nocross(7,22).
nocross(7,27).
nocross(8,2).
nocross(8,3).
nocross(8,10).
nocross(8,12).
nocross(9,6).
nocross(9,10).
nocross(9,12).
nocross(9,15).
nocross(9,17).
nocross(9,21).
nocross(9,22).
nocross(9,26).
nocross(9,27).
nocross(9,28).
nocross(9,30).
nocross(10,3).
nocross(10,6).
nocross(10,9).
nocross(10,12).
nocross(10,17).
nocross(10,18).
nocross(10,21).
nocross(11,2).
nocross(11,3).
nocross(11,8).
nocross(11,12).
nocross(12,2).
nocross(12,3).
nocross(12,8).
nocross(12,10).
nocross(12,18).
nocross(12,25).
nocross(13,4).
nocross(13,5).
nocross(13,6).
nocross(13,15).
nocross(13,21).
nocross(13,25).
nocross(13,26).
nocross(14,1).
nocross(14,9).
nocross(14,16).
nocross(14,20).
nocross(14,27).
nocross(14,28).
nocross(14,29).
nocross(15,6).
nocross(15,9).
nocross(15,17).
nocross(15,21).
nocross(15,25).
nocross(15,30).
nocross(16,3).
nocross(16,7).
nocross(16,9).
nocross(16,14).
nocross(16,22).
nocross(16,24).
nocross(16,27).
nocross(16,28).
nocross(17,1).
nocross(17,9).
nocross(17,15).
nocross(17,21).
nocross(17,25).
nocross(17,26).
nocross(17,28).
nocross(17,30).
nocross(18,10).
nocross(18,12).
nocross(18,17).
nocross(18,19).
nocross(18,25).
nocross(19,2).
nocross(19,3).
nocross(19,11).
nocross(19,12).
nocross(20,7).
nocross(20,9).
nocross(20,14).
nocross(20,16).
nocross(20,22).
nocross(20,24).
nocross(20,27).
nocross(20,28).
nocross(21,1).
nocross(21,6).
nocross(21,9).
nocross(21,10).
nocross(21,12).
nocross(21,15).
nocross(21,17).
nocross(21,26).
nocross(21,28).
nocross(21,30).
nocross(22,7).
nocross(22,9).
nocross(22,12).
nocross(22,16).
nocross(22,20).
nocross(22,27).
nocross(22,28).
nocross(23,1).
nocross(23,21).
nocross(23,25).
nocross(23,28).
nocross(23,30).
nocross(24,1).
nocross(24,9).
nocross(24,14).
nocross(24,16).
nocross(24,20).
nocross(24,27).
nocross(24,28).
nocross(24,29).
nocross(25,6).
nocross(25,15).
nocross(25,17).
nocross(25,21).
nocross(25,26).
nocross(26,5).
nocross(26,15).
nocross(26,17).
nocross(26,21).
nocross(26,25).
nocross(26,28).
nocross(27,3).
nocross(27,9).
nocross(27,16).
nocross(27,22).
nocross(27,24).
nocross(27,28).
nocross(28,1).
nocross(28,9).
nocross(28,12).
nocross(28,15).
nocross(28,17).
nocross(28,20).
nocross(28,21).
nocross(28,26).
nocross(28,27).
nocross(29,28).
nocross(29,30).
nocross(30,1).
nocross(30,17).
nocross(30,23).
nocross(30,28).
nocross(30,29).
