dimension(30).
point(1, 894833.0, 498824.0).
point(2, 269321.0, 547700.0).
point(3, 192952.0, 602876.0).
point(4, 333870.0, 554198.0).
point(5, 242151.0, 648875.0).
point(6, 798770.0, 991707.0).
point(7, 532564.0, 85112.0).
point(8, 934698.0, 251921.0).
point(9, 772656.0, 580472.0).
point(10, 426377.0, 511921.0).
point(11, 965268.0, 291438.0).
point(12, 830998.0, 835175.0).
point(13, 669057.0, 603933.0).
point(14, 499932.0, 122088.0).
point(15, 726919.0, 754129.0).
point(16, 198368.0, 315976.0).
point(17, 757754.0, 995603.0).
point(18, 606989.0, 824322.0).
point(19, 873342.0, 378167.0).
point(20, 999954.0, 405905.0).
point(21, 791996.0, 584068.0).
point(22, 744099.0, 422424.0).
point(23, 358646.0, 413926.0).
point(24, 60668.0, 755952.0).
point(25, 985221.0, 671609.0).
point(26, 589913.0, 639089.0).
point(27, 61766.0, 275626.0).
point(28, 941158.0, 578856.0).
point(29, 741070.0, 273717.0).
point(30, 940711.0, 368630.0).
cost(1, 2, 627419).
cost(1, 3, 709552).
cost(1, 4, 563689).
cost(1, 5, 669708).
cost(1, 6, 502157).
cost(1, 7, 549906).
cost(1, 8, 250101).
cost(1, 9, 146948).
cost(1, 10, 468639).
cost(1, 11, 219021).
cost(1, 12, 342355).
cost(1, 13, 249044).
cost(1, 14, 545781).
cost(1, 15, 305574).
cost(1, 16, 720067).
cost(1, 17, 515345).
cost(1, 18, 434515).
cost(1, 19, 122556).
cost(1, 20, 140301).
cost(1, 21, 133574).
cost(1, 22, 168990).
cost(1, 23, 542867).
cost(1, 24, 872895).
cost(1, 25, 194999).
cost(1, 26, 335634).
cost(1, 27, 862449).
cost(1, 28, 92472).
cost(1, 29, 272610).
cost(1, 30, 138041).
cost(2, 1, 627419).
cost(2, 3, 94216).
cost(2, 4, 64875).
cost(2, 5, 104760).
cost(2, 6, 690984).
cost(2, 7, 532245).
cost(2, 8, 728156).
cost(2, 9, 504401).
cost(2, 10, 161080).
cost(2, 11, 741628).
cost(2, 12, 630970).
cost(2, 13, 403672).
cost(2, 14, 484073).
cost(2, 15, 502005).
cost(2, 16, 242343).
cost(2, 17, 662710).
cost(2, 18, 436508).
cost(2, 19, 627362).
cost(2, 20, 744265).
cost(2, 21, 523939).
cost(2, 22, 491028).
cost(2, 23, 160855).
cost(2, 24, 294796).
cost(2, 25, 726544).
cost(2, 26, 333363).
cost(2, 27, 342204).
cost(2, 28, 672559).
cost(2, 29, 545540).
cost(2, 30, 694860).
cost(3, 1, 709552).
cost(3, 2, 94216).
cost(3, 4, 149089).
cost(3, 5, 67353).
cost(3, 6, 719865).
cost(3, 7, 619206).
cost(3, 8, 820583).
cost(3, 9, 580137).
cost(3, 10, 250520).
cost(3, 11, 832746).
cost(3, 12, 679018).
cost(3, 13, 476106).
cost(3, 14, 570433).
cost(3, 15, 554976).
cost(3, 16, 286951).
cost(3, 17, 687921).
cost(3, 18, 469537).
cost(3, 19, 716537).
cost(3, 20, 830692).
cost(3, 21, 599339).
cost(3, 22, 579936).
cost(3, 23, 251310).
cost(3, 24, 202315).
cost(3, 25, 795245).
cost(3, 26, 398609).
cost(3, 27, 352565).
cost(3, 28, 748591).
cost(3, 29, 639358).
cost(3, 30, 783591).
cost(4, 1, 563689).
cost(4, 2, 64875).
cost(4, 3, 149089).
cost(4, 5, 131818).
cost(4, 6, 638393).
cost(4, 7, 509432).
cost(4, 8, 672581).
cost(4, 9, 439572).
cost(4, 10, 101710).
cost(4, 11, 683891).
cost(4, 12, 571038).
cost(4, 13, 338857).
cost(4, 14, 462921).
cost(4, 15, 440976).
cost(4, 16, 274063).
cost(4, 17, 611977).
cost(4, 18, 384137).
cost(4, 19, 567465).
cost(4, 20, 682392).
cost(4, 21, 459099).
cost(4, 22, 430874).
cost(4, 23, 142443).
cost(4, 24, 339623).
cost(4, 25, 661849).
cost(4, 26, 269749).
cost(4, 27, 389414).
cost(4, 28, 607788).
cost(4, 29, 494451).
cost(4, 30, 634580).
cost(5, 1, 669708).
cost(5, 2, 104760).
cost(5, 3, 67353).
cost(5, 4, 131818).
cost(5, 6, 653727).
cost(5, 7, 634168).
cost(5, 8, 798244).
cost(5, 9, 534897).
cost(5, 10, 229555).
cost(5, 11, 806635).
cost(5, 12, 617615).
cost(5, 13, 429265).
cost(5, 14, 586477).
cost(5, 15, 496063).
cost(5, 16, 335766).
cost(5, 17, 621343).
cost(5, 18, 404831).
cost(5, 19, 686793).
cost(5, 20, 795801).
cost(5, 21, 553651).
cost(5, 22, 550665).
cost(5, 23, 262244).
cost(5, 24, 210717).
cost(5, 25, 743418).
cost(5, 26, 347900).
cost(5, 27, 414552).
cost(5, 28, 702505).
cost(5, 29, 624230).
cost(5, 30, 752677).
cost(6, 1, 502157).
cost(6, 2, 690984).
cost(6, 3, 719865).
cost(6, 4, 638393).
cost(6, 5, 653727).
cost(6, 7, 944870).
cost(6, 8, 752170).
cost(6, 9, 412063).
cost(6, 10, 607348).
cost(6, 11, 719790).
cost(6, 12, 159815).
cost(6, 13, 408894).
cost(6, 14, 919533).
cost(6, 15, 248205).
cost(6, 16, 903933).
cost(6, 17, 41201).
cost(6, 18, 254554).
cost(6, 19, 618055).
cost(6, 20, 619386).
cost(6, 21, 407695).
cost(6, 22, 571902).
cost(6, 23, 726320).
cost(6, 24, 774839).
cost(6, 25, 370441).
cost(6, 26, 409830).
cost(6, 27, 1027593).
cost(6, 28, 436715).
cost(6, 29, 720305).
cost(6, 30, 639040).
cost(7, 1, 549906).
cost(7, 2, 532245).
cost(7, 3, 619206).
cost(7, 4, 509432).
cost(7, 5, 634168).
cost(7, 6, 944870).
cost(7, 8, 435358).
cost(7, 9, 550478).
cost(7, 10, 439820).
cost(7, 11, 479378).
cost(7, 12, 807253).
cost(7, 13, 536475).
cost(7, 14, 49316).
cost(7, 15, 696676).
cost(7, 16, 406184).
cost(7, 17, 937926).
cost(7, 18, 742947).
cost(7, 19, 449456).
cost(7, 20, 566888).
cost(7, 21, 562372).
cost(7, 22, 398154).
cost(7, 23, 371976).
cost(7, 24, 820190).
cost(7, 25, 740862).
cost(7, 26, 556938).
cost(7, 27, 507884).
cost(7, 28, 640884).
cost(7, 29, 281152).
cost(7, 30, 496957).
cost(8, 1, 250101).
cost(8, 2, 728156).
cost(8, 3, 820583).
cost(8, 4, 672581).
cost(8, 5, 798244).
cost(8, 6, 752170).
cost(8, 7, 435358).
cost(8, 9, 366338).
cost(8, 10, 570956).
cost(8, 11, 49961).
cost(8, 12, 592401).
cost(8, 13, 440996).
cost(8, 14, 453738).
cost(8, 15, 543493).
cost(8, 16, 739111).
cost(8, 17, 764442).
cost(8, 18, 659573).
cost(8, 19, 140366).
cost(8, 20, 167241).
cost(8, 21, 361504).
cost(8, 22, 255733).
cost(8, 23, 598399).
cost(8, 24, 1008948).
cost(8, 25, 422718).
cost(8, 26, 518436).
cost(8, 27, 873254).
cost(8, 28, 326999).
cost(8, 29, 194851).
cost(8, 30, 116864).
cost(9, 1, 146948).
cost(9, 2, 504401).
cost(9, 3, 580137).
cost(9, 4, 439572).
cost(9, 5, 534897).
cost(9, 6, 412063).
cost(9, 7, 550478).
cost(9, 8, 366338).
cost(9, 10, 352999).
cost(9, 11, 347333).
cost(9, 12, 261299).
cost(9, 13, 106222).
cost(9, 14, 533380).
cost(9, 15, 179579).
cost(9, 16, 632270).
cost(9, 17, 415398).
cost(9, 18, 294802).
cost(9, 19, 225976).
cost(9, 20, 286597).
cost(9, 21, 19671).
cost(9, 22, 160607).
cost(9, 23, 446253).
cost(9, 24, 733294).
cost(9, 25, 231279).
cost(9, 26, 191914).
cost(9, 27, 773496).
cost(9, 28, 168510).
cost(9, 29, 308377).
cost(9, 30, 270406).
cost(10, 1, 468639).
cost(10, 2, 161080).
cost(10, 3, 250520).
cost(10, 4, 101710).
cost(10, 5, 229555).
cost(10, 6, 607348).
cost(10, 7, 439820).
cost(10, 8, 570956).
cost(10, 9, 352999).
cost(10, 11, 582251).
cost(10, 12, 517891).
cost(10, 13, 259538).
cost(10, 14, 396712).
cost(10, 15, 385992).
cost(10, 16, 300637).
cost(10, 17, 586310).
cost(10, 18, 360853).
cost(10, 19, 466549).
cost(10, 20, 583292).
cost(10, 21, 372669).
cost(10, 22, 330086).
cost(10, 23, 119124).
cost(10, 24, 439652).
cost(10, 25, 581212).
cost(10, 26, 207161).
cost(10, 27, 434484).
cost(10, 28, 519114).
cost(10, 29, 394681).
cost(10, 30, 533921).
cost(11, 1, 219021).
cost(11, 2, 741628).
cost(11, 3, 832746).
cost(11, 4, 683891).
cost(11, 5, 806635).
cost(11, 6, 719790).
cost(11, 7, 479378).
cost(11, 8, 49961).
cost(11, 9, 347333).
cost(11, 10, 582251).
cost(11, 12, 560070).
cost(11, 13, 430574).
cost(11, 14, 495194).
cost(11, 15, 520474).
cost(11, 16, 767292).
cost(11, 17, 734105).
cost(11, 18, 642129).
cost(11, 19, 126382).
cost(11, 20, 119607).
cost(11, 21, 340082).
cost(11, 22, 257047).
cost(11, 23, 618865).
cost(11, 24, 1016894).
cost(11, 25, 380694).
cost(11, 26, 511618).
cost(11, 27, 903640).
cost(11, 28, 288427).
cost(11, 29, 224897).
cost(11, 30, 81004).
cost(12, 1, 342355).
cost(12, 2, 630970).
cost(12, 3, 679018).
cost(12, 4, 571038).
cost(12, 5, 617615).
cost(12, 6, 159815).
cost(12, 7, 807253).
cost(12, 8, 592401).
cost(12, 9, 261299).
cost(12, 10, 517891).
cost(12, 11, 560070).
cost(12, 13, 282308).
cost(12, 14, 786192).
cost(12, 15, 131912).
cost(12, 16, 818406).
cost(12, 17, 176357).
cost(12, 18, 224272).
cost(12, 19, 458965).
cost(12, 20, 461323).
cost(12, 21, 254118).
cost(12, 22, 421800).
cost(12, 23, 632904).
cost(12, 24, 774393).
cost(12, 25, 224808).
cost(12, 26, 310760).
cost(12, 27, 951217).
cost(12, 28, 278989).
cost(12, 29, 568614).
cost(12, 30, 479272).
cost(13, 1, 249044).
cost(13, 2, 403672).
cost(13, 3, 476106).
cost(13, 4, 338857).
cost(13, 5, 429265).
cost(13, 6, 408894).
cost(13, 7, 536475).
cost(13, 8, 440996).
cost(13, 9, 106222).
cost(13, 10, 259538).
cost(13, 11, 430574).
cost(13, 12, 282308).
cost(13, 14, 510664).
cost(13, 15, 160956).
cost(13, 16, 551786).
cost(13, 17, 401588).
cost(13, 18, 228962).
cost(13, 19, 304471).
cost(13, 20, 385627).
cost(13, 21, 124534).
cost(13, 22, 196410).
cost(13, 23, 363947).
cost(13, 24, 627094).
cost(13, 25, 323326).
cost(13, 26, 86601).
cost(13, 27, 690353).
cost(13, 28, 273254).
cost(13, 29, 337977).
cost(13, 30, 359393).
cost(14, 1, 545781).
cost(14, 2, 484073).
cost(14, 3, 570433).
cost(14, 4, 462921).
cost(14, 5, 586477).
cost(14, 6, 919533).
cost(14, 7, 49316).
cost(14, 8, 453738).
cost(14, 9, 533380).
cost(14, 10, 396712).
cost(14, 11, 495194).
cost(14, 12, 786192).
cost(14, 13, 510664).
cost(14, 15, 671565).
cost(14, 16, 358516).
cost(14, 17, 910769).
cost(14, 18, 710348).
cost(14, 19, 452782).
cost(14, 20, 574956).
cost(14, 21, 546559).
cost(14, 22, 387065).
cost(14, 23, 324239).
cost(14, 24, 771192).
cost(14, 25, 733129).
cost(14, 26, 524773).
cost(14, 27, 464288).
cost(14, 28, 635073).
cost(14, 29, 284849).
cost(14, 30, 505044).
cost(15, 1, 305574).
cost(15, 2, 502005).
cost(15, 3, 554976).
cost(15, 4, 440976).
cost(15, 5, 496063).
cost(15, 6, 248205).
cost(15, 7, 696676).
cost(15, 8, 543493).
cost(15, 9, 179579).
cost(15, 10, 385992).
cost(15, 11, 520474).
cost(15, 12, 131912).
cost(15, 13, 160956).
cost(15, 14, 671565).
cost(15, 16, 686545).
cost(15, 17, 243435).
cost(15, 18, 138961).
cost(15, 19, 403469).
cost(15, 20, 442502).
cost(15, 21, 182087).
cost(15, 22, 332150).
cost(15, 23, 501361).
cost(15, 24, 666253).
cost(15, 25, 271163).
cost(15, 26, 178899).
cost(15, 27, 819386).
cost(15, 28, 276801).
cost(15, 29, 480620).
cost(15, 30, 440813).
cost(16, 1, 720067).
cost(16, 2, 242343).
cost(16, 3, 286951).
cost(16, 4, 274063).
cost(16, 5, 335766).
cost(16, 6, 903933).
cost(16, 7, 406184).
cost(16, 8, 739111).
cost(16, 9, 632270).
cost(16, 10, 300637).
cost(16, 11, 767292).
cost(16, 12, 818406).
cost(16, 13, 551786).
cost(16, 14, 358516).
cost(16, 15, 686545).
cost(16, 17, 880230).
cost(16, 18, 652217).
cost(16, 19, 677833).
cost(16, 20, 806615).
cost(16, 21, 651358).
cost(16, 22, 556016).
cost(16, 23, 187838).
cost(16, 24, 461021).
cost(16, 25, 863489).
cost(16, 26, 507651).
cost(16, 27, 142437).
cost(16, 28, 787936).
cost(16, 29, 544345).
cost(16, 30, 744208).
cost(17, 1, 515345).
cost(17, 2, 662710).
cost(17, 3, 687921).
cost(17, 4, 611977).
cost(17, 5, 621343).
cost(17, 6, 41201).
cost(17, 7, 937926).
cost(17, 8, 764442).
cost(17, 9, 415398).
cost(17, 10, 586310).
cost(17, 11, 734105).
cost(17, 12, 176357).
cost(17, 13, 401588).
cost(17, 14, 910769).
cost(17, 15, 243435).
cost(17, 16, 880230).
cost(17, 18, 228183).
cost(17, 19, 628162).
cost(17, 20, 637499).
cost(17, 21, 412957).
cost(17, 22, 573342).
cost(17, 23, 705433).
cost(17, 24, 737131).
cost(17, 25, 395870).
cost(17, 26, 394047).
cost(17, 27, 1001382).
cost(17, 28, 455319).
cost(17, 29, 722079).
cost(17, 30, 653122).
cost(18, 1, 434515).
cost(18, 2, 436508).
cost(18, 3, 469537).
cost(18, 4, 384137).
cost(18, 5, 404831).
cost(18, 6, 254554).
cost(18, 7, 742947).
cost(18, 8, 659573).
cost(18, 9, 294802).
cost(18, 10, 360853).
cost(18, 11, 642129).
cost(18, 12, 224272).
cost(18, 13, 228962).
cost(18, 14, 710348).
cost(18, 15, 138961).
cost(18, 16, 652217).
cost(18, 17, 228183).
cost(18, 19, 519614).
cost(18, 20, 574016).
cost(18, 21, 303232).
cost(18, 22, 424642).
cost(18, 23, 479686).
cost(18, 24, 550583).
cost(18, 25, 407898).
cost(18, 26, 186018).
cost(18, 27, 773521).
cost(18, 28, 414635).
cost(18, 29, 566695).
cost(18, 30, 564823).
cost(19, 1, 122556).
cost(19, 2, 627362).
cost(19, 3, 716537).
cost(19, 4, 567465).
cost(19, 5, 686793).
cost(19, 6, 618055).
cost(19, 7, 449456).
cost(19, 8, 140366).
cost(19, 9, 225976).
cost(19, 10, 466549).
cost(19, 11, 126382).
cost(19, 12, 458965).
cost(19, 13, 304471).
cost(19, 14, 452782).
cost(19, 15, 403469).
cost(19, 16, 677833).
cost(19, 17, 628162).
cost(19, 18, 519614).
cost(19, 20, 129615).
cost(19, 21, 221387).
cost(19, 22, 136611).
cost(19, 23, 515937).
cost(19, 24, 896192).
cost(19, 25, 314046).
cost(19, 26, 385243).
cost(19, 27, 818028).
cost(19, 28, 211837).
cost(19, 29, 168540).
cost(19, 30, 68041).
cost(20, 1, 140301).
cost(20, 2, 744265).
cost(20, 3, 830692).
cost(20, 4, 682392).
cost(20, 5, 795801).
cost(20, 6, 619386).
cost(20, 7, 566888).
cost(20, 8, 167241).
cost(20, 9, 286597).
cost(20, 10, 583292).
cost(20, 11, 119607).
cost(20, 12, 461323).
cost(20, 13, 385627).
cost(20, 14, 574956).
cost(20, 15, 442502).
cost(20, 16, 806615).
cost(20, 17, 637499).
cost(20, 18, 574016).
cost(20, 19, 129615).
cost(20, 21, 273840).
cost(20, 22, 256388).
cost(20, 23, 641358).
cost(20, 24, 1002393).
cost(20, 25, 266112).
cost(20, 26, 471708).
cost(20, 27, 947190).
cost(20, 28, 182672).
cost(20, 29, 290680).
cost(20, 30, 69994).
cost(21, 1, 133574).
cost(21, 2, 523939).
cost(21, 3, 599339).
cost(21, 4, 459099).
cost(21, 5, 553651).
cost(21, 6, 407695).
cost(21, 7, 562372).
cost(21, 8, 361504).
cost(21, 9, 19671).
cost(21, 10, 372669).
cost(21, 11, 340082).
cost(21, 12, 254118).
cost(21, 13, 124534).
cost(21, 14, 546559).
cost(21, 15, 182087).
cost(21, 16, 651358).
cost(21, 17, 412957).
cost(21, 18, 303232).
cost(21, 19, 221387).
cost(21, 20, 273840).
cost(21, 22, 168591).
cost(21, 23, 465554).
cost(21, 24, 751255).
cost(21, 25, 212130).
cost(21, 26, 209439).
cost(21, 27, 792699).
cost(21, 28, 149253).
cost(21, 29, 314502).
cost(21, 30, 261782).
cost(22, 1, 168990).
cost(22, 2, 491028).
cost(22, 3, 579936).
cost(22, 4, 430874).
cost(22, 5, 550665).
cost(22, 6, 571902).
cost(22, 7, 398154).
cost(22, 8, 255733).
cost(22, 9, 160607).
cost(22, 10, 330086).
cost(22, 11, 257047).
cost(22, 12, 421800).
cost(22, 13, 196410).
cost(22, 14, 387065).
cost(22, 15, 332150).
cost(22, 16, 556016).
cost(22, 17, 573342).
cost(22, 18, 424642).
cost(22, 19, 136611).
cost(22, 20, 256388).
cost(22, 21, 168591).
cost(22, 23, 385547).
cost(22, 24, 760473).
cost(22, 25, 346746).
cost(22, 26, 265927).
cost(22, 27, 697946).
cost(22, 28, 251601).
cost(22, 29, 148738).
cost(22, 30, 203838).
cost(23, 1, 542867).
cost(23, 2, 160855).
cost(23, 3, 251310).
cost(23, 4, 142443).
cost(23, 5, 262244).
cost(23, 6, 726320).
cost(23, 7, 371976).
cost(23, 8, 598399).
cost(23, 9, 446253).
cost(23, 10, 119124).
cost(23, 11, 618865).
cost(23, 12, 632904).
cost(23, 13, 363947).
cost(23, 14, 324239).
cost(23, 15, 501361).
cost(23, 16, 187838).
cost(23, 17, 705433).
cost(23, 18, 479686).
cost(23, 19, 515937).
cost(23, 20, 641358).
cost(23, 21, 465554).
cost(23, 22, 385547).
cost(23, 24, 453622).
cost(23, 25, 677493).
cost(23, 26, 322774).
cost(23, 27, 327513).
cost(23, 28, 605411).
cost(23, 29, 407316).
cost(23, 30, 583825).
cost(24, 1, 872895).
cost(24, 2, 294796).
cost(24, 3, 202315).
cost(24, 4, 339623).
cost(24, 5, 210717).
cost(24, 6, 774839).
cost(24, 7, 820190).
cost(24, 8, 1008948).
cost(24, 9, 733294).
cost(24, 10, 439652).
cost(24, 11, 1016894).
cost(24, 12, 774393).
cost(24, 13, 627094).
cost(24, 14, 771192).
cost(24, 15, 666253).
cost(24, 16, 461021).
cost(24, 17, 737131).
cost(24, 18, 550583).
cost(24, 19, 896192).
cost(24, 20, 1002393).
cost(24, 21, 751255).
cost(24, 22, 760473).
cost(24, 23, 453622).
cost(24, 25, 928392).
cost(24, 26, 541994).
cost(24, 27, 480327).
cost(24, 28, 898123).
cost(24, 29, 833965).
cost(24, 30, 961506).
cost(25, 1, 194999).
cost(25, 2, 726544).
cost(25, 3, 795245).
cost(25, 4, 661849).
cost(25, 5, 743418).
cost(25, 6, 370441).
cost(25, 7, 740862).
cost(25, 8, 422718).
cost(25, 9, 231279).
cost(25, 10, 581212).
cost(25, 11, 380694).
cost(25, 12, 224808).
cost(25, 13, 323326).
cost(25, 14, 733129).
cost(25, 15, 271163).
cost(25, 16, 863489).
cost(25, 17, 395870).
cost(25, 18, 407898).
cost(25, 19, 314046).
cost(25, 20, 266112).
cost(25, 21, 212130).
cost(25, 22, 346746).
cost(25, 23, 677493).
cost(25, 24, 928392).
cost(25, 26, 396643).
cost(25, 27, 1004774).
cost(25, 28, 102687).
cost(25, 29, 466827).
cost(25, 30, 306231).
cost(26, 1, 335634).
cost(26, 2, 333363).
cost(26, 3, 398609).
cost(26, 4, 269749).
cost(26, 5, 347900).
cost(26, 6, 409830).
cost(26, 7, 556938).
cost(26, 8, 518436).
cost(26, 9, 191914).
cost(26, 10, 207161).
cost(26, 11, 511618).
cost(26, 12, 310760).
cost(26, 13, 86601).
cost(26, 14, 524773).
cost(26, 15, 178899).
cost(26, 16, 507651).
cost(26, 17, 394047).
cost(26, 18, 186018).
cost(26, 19, 385243).
cost(26, 20, 471708).
cost(26, 21, 209439).
cost(26, 22, 265927).
cost(26, 23, 322774).
cost(26, 24, 541994).
cost(26, 25, 396643).
cost(26, 27, 641128).
cost(26, 28, 356372).
cost(26, 29, 395405).
cost(26, 30, 442953).
cost(27, 1, 862449).
cost(27, 2, 342204).
cost(27, 3, 352565).
cost(27, 4, 389414).
cost(27, 5, 414552).
cost(27, 6, 1027593).
cost(27, 7, 507884).
cost(27, 8, 873254).
cost(27, 9, 773496).
cost(27, 10, 434484).
cost(27, 11, 903640).
cost(27, 12, 951217).
cost(27, 13, 690353).
cost(27, 14, 464288).
cost(27, 15, 819386).
cost(27, 16, 142437).
cost(27, 17, 1001382).
cost(27, 18, 773521).
cost(27, 19, 818028).
cost(27, 20, 947190).
cost(27, 21, 792699).
cost(27, 22, 697946).
cost(27, 23, 327513).
cost(27, 24, 480327).
cost(27, 25, 1004774).
cost(27, 26, 641128).
cost(27, 28, 930204).
cost(27, 29, 679307).
cost(27, 30, 883852).
cost(28, 1, 92472).
cost(28, 2, 672559).
cost(28, 3, 748591).
cost(28, 4, 607788).
cost(28, 5, 702505).
cost(28, 6, 436715).
cost(28, 7, 640884).
cost(28, 8, 326999).
cost(28, 9, 168510).
cost(28, 10, 519114).
cost(28, 11, 288427).
cost(28, 12, 278989).
cost(28, 13, 273254).
cost(28, 14, 635073).
cost(28, 15, 276801).
cost(28, 16, 787936).
cost(28, 17, 455319).
cost(28, 18, 414635).
cost(28, 19, 211837).
cost(28, 20, 182672).
cost(28, 21, 149253).
cost(28, 22, 251601).
cost(28, 23, 605411).
cost(28, 24, 898123).
cost(28, 25, 102687).
cost(28, 26, 356372).
cost(28, 27, 930204).
cost(28, 29, 364890).
cost(28, 30, 210226).
cost(29, 1, 272610).
cost(29, 2, 545540).
cost(29, 3, 639358).
cost(29, 4, 494451).
cost(29, 5, 624230).
cost(29, 6, 720305).
cost(29, 7, 281152).
cost(29, 8, 194851).
cost(29, 9, 308377).
cost(29, 10, 394681).
cost(29, 11, 224897).
cost(29, 12, 568614).
cost(29, 13, 337977).
cost(29, 14, 284849).
cost(29, 15, 480620).
cost(29, 16, 544345).
cost(29, 17, 722079).
cost(29, 18, 566695).
cost(29, 19, 168540).
cost(29, 20, 290680).
cost(29, 21, 314502).
cost(29, 22, 148738).
cost(29, 23, 407316).
cost(29, 24, 833965).
cost(29, 25, 466827).
cost(29, 26, 395405).
cost(29, 27, 679307).
cost(29, 28, 364890).
cost(29, 30, 221054).
cost(30, 1, 138041).
cost(30, 2, 694860).
cost(30, 3, 783591).
cost(30, 4, 634580).
cost(30, 5, 752677).
cost(30, 6, 639040).
cost(30, 7, 496957).
cost(30, 8, 116864).
cost(30, 9, 270406).
cost(30, 10, 533921).
cost(30, 11, 81004).
cost(30, 12, 479272).
cost(30, 13, 359393).
cost(30, 14, 505044).
cost(30, 15, 440813).
cost(30, 16, 744208).
cost(30, 17, 653122).
cost(30, 18, 564823).
cost(30, 19, 68041).
cost(30, 20, 69994).
cost(30, 21, 261782).
cost(30, 22, 203838).
cost(30, 23, 583825).
cost(30, 24, 961506).
cost(30, 25, 306231).
cost(30, 26, 442953).
cost(30, 27, 883852).
cost(30, 28, 210226).
cost(30, 29, 221054).
nocross(1,9).
nocross(1,13).
nocross(1,15).
nocross(1,21).
nocross(1,22).
nocross(1,25).
nocross(1,28).
nocross(1,30).
nocross(2,3).
nocross(2,4).
nocross(2,5).
nocross(2,23).
nocross(3,2).
nocross(3,4).
nocross(3,5).
nocross(3,16).
nocross(4,3).
nocross(4,5).
nocross(4,10).
nocross(4,13).
nocross(4,16).
nocross(4,18).
nocross(4,26).
nocross(5,2).
nocross(5,3).
nocross(5,4).
nocross(5,18).
nocross(6,12).
nocross(6,15).
nocross(6,18).
nocross(6,28).
nocross(7,16).
nocross(8,29).
nocross(9,6).
nocross(9,13).
nocross(9,15).
nocross(9,22).
nocross(9,26).
nocross(9,28).
nocross(10,2).
nocross(10,4).
nocross(10,5).
nocross(10,7).
nocross(10,9).
nocross(10,13).
nocross(10,14).
nocross(10,16).
nocross(10,18).
nocross(10,26).
nocross(11,7).
nocross(11,8).
nocross(11,20).
nocross(11,29).
nocross(11,30).
nocross(12,6).
nocross(12,13).
nocross(12,15).
nocross(12,18).
nocross(12,21).
nocross(12,25).
nocross(12,28).
nocross(13,6).
nocross(13,9).
nocross(13,10).
nocross(13,15).
nocross(13,18).
nocross(13,21).
nocross(13,22).
nocross(13,26).
nocross(14,16).
nocross(15,6).
nocross(15,9).
nocross(15,12).
nocross(15,13).
nocross(15,17).
nocross(15,18).
nocross(15,21).
nocross(15,25).
nocross(15,26).
nocross(15,28).
nocross(16,3).
nocross(16,4).
nocross(16,23).
nocross(17,12).
nocross(17,15).
nocross(17,18).
nocross(18,5).
nocross(18,6).
nocross(18,9).
nocross(18,12).
nocross(18,13).
nocross(18,15).
nocross(18,17).
nocross(18,21).
nocross(18,26).
nocross(19,8).
nocross(19,9).
nocross(19,13).
nocross(19,22).
nocross(19,28).
nocross(19,29).
nocross(20,9).
nocross(20,11).
nocross(20,13).
nocross(20,22).
nocross(20,28).
nocross(20,30).
nocross(21,13).
nocross(22,7).
nocross(22,8).
nocross(22,9).
nocross(22,10).
nocross(22,13).
nocross(22,21).
nocross(22,28).
nocross(23,2).
nocross(23,3).
nocross(23,4).
nocross(23,13).
nocross(24,3).
nocross(24,5).
nocross(24,17).
nocross(25,6).
nocross(25,13).
nocross(25,15).
nocross(25,28).
nocross(26,5).
nocross(26,6).
nocross(26,9).
nocross(26,13).
nocross(26,15).
nocross(26,18).
nocross(28,9).
nocross(28,12).
nocross(28,13).
nocross(28,15).
nocross(28,21).
nocross(28,22).
nocross(28,25).
nocross(29,7).
nocross(29,8).
nocross(29,21).
nocross(29,22).
nocross(29,26).
nocross(30,9).
nocross(30,13).
nocross(30,20).
nocross(30,21).
nocross(30,28).
