dimension(16).
point(1, 540182.0, -268611.0).
point(2, -149932.0, -145512.0).
point(3, 421874.0, 259408.0).
point(4, 300698.0, -112827.0).
point(5, 364009.0, 200148.0).
point(6, -78720.0, 532815.0).
point(7, 566991.0, 234912.0).
point(8, -323507.0, 457048.0).
point(9, 177942.0, 225486.0).
point(10, 1109.0, -309087.0).
point(11, -174883.0, 238694.0).
point(12, 294621.0, 290438.0).
point(13, -134888.0, 107457.0).
point(14, -74086.0, -258861.0).
point(15, -383199.0, -330698.0).
point(16, 97415.0, -431275.0).
cost(1, 2, 701007).
cost(1, 3, 541111).
cost(1, 4, 285694).
cost(1, 5, 500771).
cost(1, 6, 1012582).
cost(1, 7, 504236).
cost(1, 8, 1128069).
cost(1, 9, 612658).
cost(1, 10, 540590).
cost(1, 11, 876742).
cost(1, 12, 610603).
cost(1, 13, 772753).
cost(1, 14, 614345).
cost(1, 15, 925466).
cost(1, 16, 471701).
cost(2, 1, 701007).
cost(2, 3, 700658).
cost(2, 4, 451814).
cost(2, 5, 619368).
cost(2, 6, 682055).
cost(2, 7, 811604).
cost(2, 8, 627062).
cost(2, 9, 495117).
cost(2, 10, 222644).
cost(2, 11, 385015).
cost(2, 12, 622639).
cost(2, 13, 253416).
cost(2, 14, 136384).
cost(2, 15, 297838).
cost(2, 16, 377943).
cost(3, 1, 541111).
cost(3, 2, 700658).
cost(3, 4, 391462).
cost(3, 5, 82826).
cost(3, 6, 570391).
cost(3, 7, 147170).
cost(3, 8, 771138).
cost(3, 9, 246279).
cost(3, 10, 707269).
cost(3, 11, 597116).
cost(3, 12, 130982).
cost(3, 13, 577125).
cost(3, 14, 717342).
cost(3, 15, 998182).
cost(3, 16, 763097).
cost(4, 1, 285694).
cost(4, 2, 451814).
cost(4, 3, 391462).
cost(4, 5, 319314).
cost(4, 6, 748874).
cost(4, 7, 437989).
cost(4, 8, 845216).
cost(4, 9, 359895).
cost(4, 10, 358150).
cost(4, 11, 591392).
cost(4, 12, 403311).
cost(4, 13, 488119).
cost(4, 14, 402230).
cost(4, 15, 717762).
cost(4, 16, 377800).
cost(5, 1, 500771).
cost(5, 2, 619368).
cost(5, 3, 82826).
cost(5, 4, 319314).
cost(5, 6, 553784).
cost(5, 7, 205937).
cost(5, 8, 733945).
cost(5, 9, 187784).
cost(5, 10, 625313).
cost(5, 11, 540269).
cost(5, 12, 113873).
cost(5, 13, 507435).
cost(5, 14, 634521).
cost(5, 15, 916579).
cost(5, 16, 685396).
cost(6, 1, 1012582).
cost(6, 2, 682055).
cost(6, 3, 570391).
cost(6, 4, 748874).
cost(6, 5, 553784).
cost(6, 7, 711118).
cost(6, 8, 256245).
cost(6, 9, 400408).
cost(6, 10, 845678).
cost(6, 11, 309442).
cost(6, 12, 445118).
cost(6, 13, 429050).
cost(6, 14, 791690).
cost(6, 15, 915621).
cost(6, 16, 980047).
cost(7, 1, 504236).
cost(7, 2, 811604).
cost(7, 3, 147170).
cost(7, 4, 437989).
cost(7, 5, 205937).
cost(7, 6, 711118).
cost(7, 8, 917786).
cost(7, 9, 389163).
cost(7, 10, 784957).
cost(7, 11, 741884).
cost(7, 12, 277972).
cost(7, 13, 713357).
cost(7, 14, 809192).
cost(7, 15, 1105792).
cost(7, 16, 815050).
cost(8, 1, 1128069).
cost(8, 2, 627062).
cost(8, 3, 771138).
cost(8, 4, 845216).
cost(8, 5, 733945).
cost(8, 6, 256245).
cost(8, 7, 917786).
cost(8, 9, 552333).
cost(8, 10, 832069).
cost(8, 11, 264136).
cost(8, 12, 640188).
cost(8, 13, 397229).
cost(8, 14, 758114).
cost(8, 15, 790004).
cost(8, 16, 983002).
cost(9, 1, 612658).
cost(9, 2, 495117).
cost(9, 3, 246279).
cost(9, 4, 359895).
cost(9, 5, 187784).
cost(9, 6, 400408).
cost(9, 7, 389163).
cost(9, 8, 552333).
cost(9, 10, 563061).
cost(9, 11, 353072).
cost(9, 12, 133539).
cost(9, 13, 334355).
cost(9, 14, 545995).
cost(9, 15, 790076).
cost(9, 16, 661679).
cost(10, 1, 540590).
cost(10, 2, 222644).
cost(10, 3, 707269).
cost(10, 4, 358150).
cost(10, 5, 625313).
cost(10, 6, 845678).
cost(10, 7, 784957).
cost(10, 8, 832069).
cost(10, 9, 563061).
cost(10, 11, 575358).
cost(10, 12, 667517).
cost(10, 13, 438183).
cost(10, 14, 90426).
cost(10, 15, 384915).
cost(10, 16, 155579).
cost(11, 1, 876742).
cost(11, 2, 385015).
cost(11, 3, 597116).
cost(11, 4, 591392).
cost(11, 5, 540269).
cost(11, 6, 309442).
cost(11, 7, 741884).
cost(11, 8, 264136).
cost(11, 9, 353072).
cost(11, 10, 575358).
cost(11, 12, 472347).
cost(11, 13, 137196).
cost(11, 14, 507662).
cost(11, 15, 606303).
cost(11, 16, 723191).
cost(12, 1, 610603).
cost(12, 2, 622639).
cost(12, 3, 130982).
cost(12, 4, 403311).
cost(12, 5, 113873).
cost(12, 6, 445118).
cost(12, 7, 277972).
cost(12, 8, 640188).
cost(12, 9, 133539).
cost(12, 10, 667517).
cost(12, 11, 472347).
cost(12, 13, 466862).
cost(12, 14, 661570).
cost(12, 15, 919375).
cost(12, 16, 748171).
cost(13, 1, 772753).
cost(13, 2, 253416).
cost(13, 3, 577125).
cost(13, 4, 488119).
cost(13, 5, 507435).
cost(13, 6, 429050).
cost(13, 7, 713357).
cost(13, 8, 397229).
cost(13, 9, 334355).
cost(13, 10, 438183).
cost(13, 11, 137196).
cost(13, 12, 466862).
cost(13, 14, 371330).
cost(13, 15, 503625).
cost(13, 16, 586683).
cost(14, 1, 614345).
cost(14, 2, 136384).
cost(14, 3, 717342).
cost(14, 4, 402230).
cost(14, 5, 634521).
cost(14, 6, 791690).
cost(14, 7, 809192).
cost(14, 8, 758114).
cost(14, 9, 545995).
cost(14, 10, 90426).
cost(14, 11, 507662).
cost(14, 12, 661570).
cost(14, 13, 371330).
cost(14, 15, 317351).
cost(14, 16, 243185).
cost(15, 1, 925466).
cost(15, 2, 297838).
cost(15, 3, 998182).
cost(15, 4, 717762).
cost(15, 5, 916579).
cost(15, 6, 915621).
cost(15, 7, 1105792).
cost(15, 8, 790004).
cost(15, 9, 790076).
cost(15, 10, 384915).
cost(15, 11, 606303).
cost(15, 12, 919375).
cost(15, 13, 503625).
cost(15, 14, 317351).
cost(15, 16, 491025).
cost(16, 1, 471701).
cost(16, 2, 377943).
cost(16, 3, 763097).
cost(16, 4, 377800).
cost(16, 5, 685396).
cost(16, 6, 980047).
cost(16, 7, 815050).
cost(16, 8, 983002).
cost(16, 9, 661679).
cost(16, 10, 155579).
cost(16, 11, 723191).
cost(16, 12, 748171).
cost(16, 13, 586683).
cost(16, 14, 243185).
cost(16, 15, 491025).
nocross(1,16).
nocross(2,10).
nocross(2,14).
nocross(2,15).
nocross(3,5).
nocross(3,7).
nocross(3,12).
nocross(4,2).
nocross(4,11).
nocross(4,13).
nocross(4,14).
nocross(5,1).
nocross(5,2).
nocross(5,9).
nocross(5,13).
nocross(6,7).
nocross(6,8).
nocross(6,13).
nocross(7,1).
nocross(8,13).
nocross(8,15).
nocross(9,2).
nocross(9,5).
nocross(10,13).
nocross(10,16).
nocross(11,8).
nocross(13,2).
nocross(13,10).
nocross(13,15).
nocross(14,2).
nocross(14,10).
nocross(14,13).
nocross(14,16).
nocross(15,2).
nocross(15,8).
nocross(15,10).
nocross(15,13).
nocross(15,14).
nocross(15,16).
nocross(16,1).
nocross(16,10).
nocross(16,14).
nocross(16,15).
