dimension(16).
point(1, -321879.0, -219061.0).
point(2, -21372.0, 572098.0).
point(3, 537211.0, -42504.0).
point(4, 286432.0, -104890.0).
point(5, -169158.0, -117404.0).
point(6, -296236.0, 106500.0).
point(7, -373614.0, -470027.0).
point(8, -50576.0, -53263.0).
point(9, 75590.0, -140342.0).
point(10, -342243.0, -341856.0).
point(11, -398625.0, 172705.0).
point(12, 270168.0, -80285.0).
point(13, 147223.0, 465712.0).
point(14, 167195.0, 115632.0).
point(15, 231709.0, 410013.0).
point(16, -27669.0, 212448.0).
cost(1, 2, 846308).
cost(1, 3, 877045).
cost(1, 4, 618932).
cost(1, 5, 183461).
cost(1, 6, 326569).
cost(1, 7, 256243).
cost(1, 8, 317953).
cost(1, 9, 405189).
cost(1, 10, 124472).
cost(1, 11, 399212).
cost(1, 12, 608094).
cost(1, 13, 830043).
cost(1, 14, 592632).
cost(1, 15, 837970).
cost(1, 16, 522264).
cost(2, 1, 846308).
cost(2, 3, 830512).
cost(2, 4, 743677).
cost(2, 5, 705162).
cost(2, 6, 540677).
cost(2, 7, 1100045).
cost(2, 8, 626043).
cost(2, 9, 719008).
cost(2, 10, 968643).
cost(2, 11, 549395).
cost(2, 12, 714562).
cost(2, 13, 199355).
cost(2, 14, 493881).
cost(2, 15, 300535).
cost(2, 16, 359705).
cost(3, 1, 877045).
cost(3, 2, 830512).
cost(3, 4, 258422).
cost(3, 5, 710329).
cost(3, 6, 846662).
cost(3, 7, 1006170).
cost(3, 8, 587885).
cost(3, 9, 471875).
cost(3, 10, 929005).
cost(3, 11, 960262).
cost(3, 12, 269702).
cost(3, 13, 640605).
cost(3, 14, 402391).
cost(3, 15, 545988).
cost(3, 16, 619750).
cost(4, 1, 618932).
cost(4, 2, 743677).
cost(4, 3, 258422).
cost(4, 5, 455762).
cost(4, 6, 619829).
cost(4, 7, 754311).
cost(4, 8, 340939).
cost(4, 9, 213802).
cost(4, 10, 671852).
cost(4, 11, 739163).
cost(4, 12, 29494).
cost(4, 13, 587338).
cost(4, 14, 250694).
cost(4, 15, 517803).
cost(4, 16, 446501).
cost(5, 1, 183461).
cost(5, 2, 705162).
cost(5, 3, 710329).
cost(5, 4, 455762).
cost(5, 6, 257453).
cost(5, 7, 407609).
cost(5, 8, 134818).
cost(5, 9, 245821).
cost(5, 10, 283438).
cost(5, 11, 369890).
cost(5, 12, 440891).
cost(5, 13, 663416).
cost(5, 14, 409193).
cost(5, 15, 662467).
cost(5, 16, 358917).
cost(6, 1, 326569).
cost(6, 2, 540677).
cost(6, 3, 846662).
cost(6, 4, 619829).
cost(6, 5, 257453).
cost(6, 7, 581696).
cost(6, 8, 293041).
cost(6, 9, 446302).
cost(6, 10, 450710).
cost(6, 11, 121929).
cost(6, 12, 596408).
cost(6, 13, 570692).
cost(6, 14, 463521).
cost(6, 15, 608971).
cost(6, 16, 288710).
cost(7, 1, 256243).
cost(7, 2, 1100045).
cost(7, 3, 1006170).
cost(7, 4, 754311).
cost(7, 5, 407609).
cost(7, 6, 581696).
cost(7, 8, 527300).
cost(7, 9, 557204).
cost(7, 10, 131954).
cost(7, 11, 643218).
cost(7, 12, 752565).
cost(7, 13, 1070924).
cost(7, 14, 797164).
cost(7, 15, 1068123).
cost(7, 16, 765147).
cost(8, 1, 317953).
cost(8, 2, 626043).
cost(8, 3, 587885).
cost(8, 4, 340939).
cost(8, 5, 134818).
cost(8, 6, 293041).
cost(8, 7, 527300).
cost(8, 9, 153299).
cost(8, 10, 410312).
cost(8, 11, 414969).
cost(8, 12, 321880).
cost(8, 13, 555391).
cost(8, 14, 275590).
cost(8, 15, 542503).
cost(8, 16, 266697).
cost(9, 1, 405189).
cost(9, 2, 719008).
cost(9, 3, 471875).
cost(9, 4, 213802).
cost(9, 5, 245821).
cost(9, 6, 446302).
cost(9, 7, 557204).
cost(9, 8, 153299).
cost(9, 10, 463888).
cost(9, 11, 568224).
cost(9, 12, 203636).
cost(9, 13, 610273).
cost(9, 14, 271872).
cost(9, 15, 572070).
cost(9, 16, 367591).
cost(10, 1, 124472).
cost(10, 2, 968643).
cost(10, 3, 929005).
cost(10, 4, 671852).
cost(10, 5, 283438).
cost(10, 6, 450710).
cost(10, 7, 131954).
cost(10, 8, 410312).
cost(10, 9, 463888).
cost(10, 11, 517641).
cost(10, 12, 665933).
cost(10, 13, 944321).
cost(10, 14, 684706).
cost(10, 15, 945901).
cost(10, 16, 637346).
cost(11, 1, 399212).
cost(11, 2, 549395).
cost(11, 3, 960262).
cost(11, 4, 739163).
cost(11, 5, 369890).
cost(11, 6, 121929).
cost(11, 7, 643218).
cost(11, 8, 414969).
cost(11, 9, 568224).
cost(11, 10, 517641).
cost(11, 12, 715044).
cost(11, 13, 619518).
cost(11, 14, 568691).
cost(11, 15, 673525).
cost(11, 16, 373079).
cost(12, 1, 608094).
cost(12, 2, 714562).
cost(12, 3, 269702).
cost(12, 4, 29494).
cost(12, 5, 440891).
cost(12, 6, 596408).
cost(12, 7, 752565).
cost(12, 8, 321880).
cost(12, 9, 203636).
cost(12, 10, 665933).
cost(12, 11, 715044).
cost(12, 13, 559668).
cost(12, 14, 221330).
cost(12, 15, 491804).
cost(12, 16, 417612).
cost(13, 1, 830043).
cost(13, 2, 199355).
cost(13, 3, 640605).
cost(13, 4, 587338).
cost(13, 5, 663416).
cost(13, 6, 570692).
cost(13, 7, 1070924).
cost(13, 8, 555391).
cost(13, 9, 610273).
cost(13, 10, 944321).
cost(13, 11, 619518).
cost(13, 12, 559668).
cost(13, 14, 350649).
cost(13, 15, 101194).
cost(13, 16, 307782).
cost(14, 1, 592632).
cost(14, 2, 493881).
cost(14, 3, 402391).
cost(14, 4, 250694).
cost(14, 5, 409193).
cost(14, 6, 463521).
cost(14, 7, 797164).
cost(14, 8, 275590).
cost(14, 9, 271872).
cost(14, 10, 684706).
cost(14, 11, 568691).
cost(14, 12, 221330).
cost(14, 13, 350649).
cost(14, 15, 301367).
cost(14, 16, 217590).
cost(15, 1, 837970).
cost(15, 2, 300535).
cost(15, 3, 545988).
cost(15, 4, 517803).
cost(15, 5, 662467).
cost(15, 6, 608971).
cost(15, 7, 1068123).
cost(15, 8, 542503).
cost(15, 9, 572070).
cost(15, 10, 945901).
cost(15, 11, 673525).
cost(15, 12, 491804).
cost(15, 13, 101194).
cost(15, 14, 301367).
cost(15, 16, 326050).
cost(16, 1, 522264).
cost(16, 2, 359705).
cost(16, 3, 619750).
cost(16, 4, 446501).
cost(16, 5, 358917).
cost(16, 6, 288710).
cost(16, 7, 765147).
cost(16, 8, 266697).
cost(16, 9, 367591).
cost(16, 10, 637346).
cost(16, 11, 373079).
cost(16, 12, 417612).
cost(16, 13, 307782).
cost(16, 14, 217590).
cost(16, 15, 326050).
nocross(1,5).
nocross(1,10).
nocross(2,3).
nocross(2,11).
nocross(2,16).
nocross(3,4).
nocross(3,12).
nocross(4,3).
nocross(4,7).
nocross(5,8).
nocross(5,9).
nocross(6,5).
nocross(6,7).
nocross(8,5).
nocross(8,6).
nocross(8,7).
nocross(8,10).
nocross(8,16).
nocross(9,4).
nocross(9,5).
nocross(9,7).
nocross(9,10).
nocross(9,12).
nocross(9,16).
nocross(10,1).
nocross(10,5).
nocross(10,7).
nocross(11,5).
nocross(11,7).
nocross(12,3).
nocross(12,6).
nocross(12,8).
nocross(12,9).
nocross(13,3).
nocross(13,16).
nocross(14,6).
nocross(14,7).
nocross(14,8).
nocross(14,9).
nocross(15,3).
nocross(15,16).
nocross(16,1).
