dimension(16).
point(1, 22610.0, -192118.0).
point(2, -183490.0, -27402.0).
point(3, 85751.0, 436117.0).
point(4, -54515.0, -87747.0).
point(5, 13698.0, 402088.0).
point(6, -174665.0, 57219.0).
point(7, 162487.0, -202240.0).
point(8, 148482.0, -128951.0).
point(9, -132670.0, 515972.0).
point(10, 398603.0, 20228.0).
point(11, -188435.0, 411332.0).
point(12, -75201.0, -269544.0).
point(13, 406776.0, 204323.0).
point(14, -267200.0, -134679.0).
point(15, 159613.0, 145327.0).
point(16, 146295.0, 37194.0).
cost(1, 2, 263834).
cost(1, 3, 631400).
cost(1, 4, 129775).
cost(1, 5, 594273).
cost(1, 6, 317941).
cost(1, 7, 140243).
cost(1, 8, 140833).
cost(1, 9, 724916).
cost(1, 10, 431812).
cost(1, 11, 639290).
cost(1, 12, 124747).
cost(1, 13, 552041).
cost(1, 14, 295447).
cost(1, 15, 364196).
cost(1, 16, 260542).
cost(2, 1, 263834).
cost(2, 3, 536042).
cost(2, 4, 142394).
cost(2, 5, 472594).
cost(2, 6, 85080).
cost(2, 7, 387645).
cost(2, 8, 347156).
cost(2, 9, 545745).
cost(2, 10, 584038).
cost(2, 11, 438762).
cost(2, 12, 265253).
cost(2, 13, 634122).
cost(2, 14, 136072).
cost(2, 15, 384129).
cost(2, 16, 336052).
cost(3, 1, 631400).
cost(3, 2, 536042).
cost(3, 4, 542317).
cost(3, 5, 79684).
cost(3, 6, 459761).
cost(3, 7, 642953).
cost(3, 8, 568539).
cost(3, 9, 232561).
cost(3, 10, 520423).
cost(3, 11, 275304).
cost(3, 12, 723784).
cost(3, 13, 395961).
cost(3, 14, 671105).
cost(3, 15, 300024).
cost(3, 16, 403491).
cost(4, 1, 129775).
cost(4, 2, 142394).
cost(4, 3, 542317).
cost(4, 5, 494562).
cost(4, 6, 188285).
cost(4, 7, 245354).
cost(4, 8, 207137).
cost(4, 9, 608757).
cost(4, 10, 465805).
cost(4, 11, 516734).
cost(4, 12, 182970).
cost(4, 13, 545980).
cost(4, 14, 217802).
cost(4, 15, 316503).
cost(4, 16, 236506).
cost(5, 1, 594273).
cost(5, 2, 472594).
cost(5, 3, 79684).
cost(5, 4, 494562).
cost(5, 6, 392957).
cost(5, 7, 622375).
cost(5, 8, 547877).
cost(5, 9, 185454).
cost(5, 10, 542189).
cost(5, 11, 202344).
cost(5, 12, 677490).
cost(5, 13, 440024).
cost(5, 14, 605824).
cost(5, 15, 295326).
cost(5, 16, 388239).
cost(6, 1, 317941).
cost(6, 2, 85080).
cost(6, 3, 459761).
cost(6, 4, 188285).
cost(6, 5, 392957).
cost(6, 7, 425430).
cost(6, 8, 372939).
cost(6, 9, 460671).
cost(6, 10, 574460).
cost(6, 11, 354381).
cost(6, 12, 341566).
cost(6, 13, 599761).
cost(6, 14, 213044).
cost(6, 15, 345695).
cost(6, 16, 321584).
cost(7, 1, 140243).
cost(7, 2, 387645).
cost(7, 3, 642953).
cost(7, 4, 245354).
cost(7, 5, 622375).
cost(7, 6, 425430).
cost(7, 8, 74615).
cost(7, 9, 776496).
cost(7, 10, 324411).
cost(7, 11, 706836).
cost(7, 12, 247033).
cost(7, 13, 474311).
cost(7, 14, 434966).
cost(7, 15, 347579).
cost(7, 16, 239981).
cost(8, 1, 140833).
cost(8, 2, 347156).
cost(8, 3, 568539).
cost(8, 4, 207137).
cost(8, 5, 547877).
cost(8, 6, 372939).
cost(8, 7, 74615).
cost(8, 9, 703543).
cost(8, 10, 291230).
cost(8, 11, 636725).
cost(8, 12, 264198).
cost(8, 13, 421648).
cost(8, 14, 415721).
cost(8, 15, 274504).
cost(8, 16, 166159).
cost(9, 1, 724916).
cost(9, 2, 545745).
cost(9, 3, 232561).
cost(9, 4, 608757).
cost(9, 5, 185454).
cost(9, 6, 460671).
cost(9, 7, 776496).
cost(9, 8, 703543).
cost(9, 10, 726645).
cost(9, 11, 118572).
cost(9, 12, 787615).
cost(9, 13, 622998).
cost(9, 14, 664413).
cost(9, 15, 472024).
cost(9, 16, 554121).
cost(10, 1, 431812).
cost(10, 2, 584038).
cost(10, 3, 520423).
cost(10, 4, 465805).
cost(10, 5, 542189).
cost(10, 6, 574460).
cost(10, 7, 324411).
cost(10, 8, 291230).
cost(10, 9, 726645).
cost(10, 11, 705391).
cost(10, 12, 555390).
cost(10, 13, 184276).
cost(10, 14, 683586).
cost(10, 15, 269752).
cost(10, 16, 252878).
cost(11, 1, 639290).
cost(11, 2, 438762).
cost(11, 3, 275304).
cost(11, 4, 516734).
cost(11, 5, 202344).
cost(11, 6, 354381).
cost(11, 7, 706836).
cost(11, 8, 636725).
cost(11, 9, 118572).
cost(11, 10, 705391).
cost(11, 12, 690228).
cost(11, 13, 630182).
cost(11, 14, 551663).
cost(11, 15, 438059).
cost(11, 16, 502019).
cost(12, 1, 124747).
cost(12, 2, 265253).
cost(12, 3, 723784).
cost(12, 4, 182970).
cost(12, 5, 677490).
cost(12, 6, 341566).
cost(12, 7, 247033).
cost(12, 8, 264198).
cost(12, 9, 787615).
cost(12, 10, 555390).
cost(12, 11, 690228).
cost(12, 13, 675908).
cost(12, 14, 234632).
cost(12, 15, 476713).
cost(12, 16, 378350).
cost(13, 1, 552041).
cost(13, 2, 634122).
cost(13, 3, 395961).
cost(13, 4, 545980).
cost(13, 5, 440024).
cost(13, 6, 599761).
cost(13, 7, 474311).
cost(13, 8, 421648).
cost(13, 9, 622998).
cost(13, 10, 184276).
cost(13, 11, 630182).
cost(13, 12, 675908).
cost(13, 14, 754431).
cost(13, 15, 254106).
cost(13, 16, 309487).
cost(14, 1, 295447).
cost(14, 2, 136072).
cost(14, 3, 671105).
cost(14, 4, 217802).
cost(14, 5, 605824).
cost(14, 6, 213044).
cost(14, 7, 434966).
cost(14, 8, 415721).
cost(14, 9, 664413).
cost(14, 10, 683586).
cost(14, 11, 551663).
cost(14, 12, 234632).
cost(14, 13, 754431).
cost(14, 15, 510463).
cost(14, 16, 447793).
cost(15, 1, 364196).
cost(15, 2, 384129).
cost(15, 3, 300024).
cost(15, 4, 316503).
cost(15, 5, 295326).
cost(15, 6, 345695).
cost(15, 7, 347579).
cost(15, 8, 274504).
cost(15, 9, 472024).
cost(15, 10, 269752).
cost(15, 11, 438059).
cost(15, 12, 476713).
cost(15, 13, 254106).
cost(15, 14, 510463).
cost(15, 16, 108950).
cost(16, 1, 260542).
cost(16, 2, 336052).
cost(16, 3, 403491).
cost(16, 4, 236506).
cost(16, 5, 388239).
cost(16, 6, 321584).
cost(16, 7, 239981).
cost(16, 8, 166159).
cost(16, 9, 554121).
cost(16, 10, 252878).
cost(16, 11, 502019).
cost(16, 12, 378350).
cost(16, 13, 309487).
cost(16, 14, 447793).
cost(16, 15, 108950).
nocross(1,16).
nocross(2,11).
nocross(2,15).
nocross(3,5).
nocross(3,6).
nocross(3,9).
nocross(3,13).
nocross(4,2).
nocross(4,5).
nocross(4,8).
nocross(4,11).
nocross(4,15).
nocross(4,16).
nocross(5,6).
nocross(6,2).
nocross(6,5).
nocross(6,11).
nocross(6,15).
nocross(7,10).
nocross(9,3).
nocross(9,5).
nocross(9,11).
nocross(10,5).
nocross(10,16).
nocross(11,5).
nocross(11,13).
nocross(12,7).
nocross(13,3).
nocross(13,5).
nocross(13,15).
nocross(13,16).
nocross(14,6).
nocross(14,11).
nocross(15,11).
nocross(15,13).
nocross(16,5).
