dimension(16).
point(1, -58860.0, -201932.0).
point(2, -220439.0, 63098.0).
point(3, 62093.0, 412065.0).
point(4, -352910.0, 160171.0).
point(5, -255035.0, -82299.0).
point(6, 25485.0, -93790.0).
point(7, 437488.0, -66864.0).
point(8, 540381.0, 95874.0).
point(9, 6542.0, -103835.0).
point(10, 215539.0, 156614.0).
point(11, -495104.0, 221726.0).
point(12, -223846.0, 64591.0).
point(13, -40148.0, -596418.0).
point(14, -180547.0, 180886.0).
point(15, -318549.0, -3831.0).
point(16, 136842.0, 27893.0).
cost(1, 2, 310401).
cost(1, 3, 625797).
cost(1, 4, 466459).
cost(1, 5, 229775).
cost(1, 6, 137145).
cost(1, 7, 514397).
cost(1, 8, 669162).
cost(1, 9, 117900).
cost(1, 10, 451498).
cost(1, 11, 608108).
cost(1, 12, 313456).
cost(1, 13, 394930).
cost(1, 14, 401693).
cost(1, 15, 326623).
cost(1, 16, 301859).
cost(2, 1, 310401).
cost(2, 3, 449001).
cost(2, 4, 164231).
cost(2, 5, 149456).
cost(2, 6, 291706).
cost(2, 7, 670640).
cost(2, 8, 761526).
cost(2, 9, 281757).
cost(2, 10, 445895).
cost(2, 11, 317181).
cost(2, 12, 3720).
cost(2, 13, 683715).
cost(2, 14, 124360).
cost(2, 15, 118765).
cost(2, 16, 359011).
cost(3, 1, 625797).
cost(3, 2, 449001).
cost(3, 4, 485467).
cost(3, 5, 587338).
cost(3, 6, 507178).
cost(3, 7, 608518).
cost(3, 8, 573355).
cost(3, 9, 518882).
cost(3, 10, 297995).
cost(3, 11, 588810).
cost(3, 12, 449999).
cost(3, 13, 1013652).
cost(3, 14, 335139).
cost(3, 15, 563789).
cost(3, 16, 391376).
cost(4, 1, 466459).
cost(4, 2, 164231).
cost(4, 3, 485467).
cost(4, 5, 261479).
cost(4, 6, 455718).
cost(4, 7, 822359).
cost(4, 8, 895602).
cost(4, 9, 445988).
cost(4, 10, 568460).
cost(4, 11, 154946).
cost(4, 12, 160602).
cost(4, 13, 818686).
cost(4, 14, 173603).
cost(4, 15, 167563).
cost(4, 16, 507301).
cost(5, 1, 229775).
cost(5, 2, 149456).
cost(5, 3, 587338).
cost(5, 4, 261479).
cost(5, 6, 280755).
cost(5, 7, 692695).
cost(5, 8, 815127).
cost(5, 9, 262462).
cost(5, 10, 527749).
cost(5, 11, 387381).
cost(5, 12, 150165).
cost(5, 13, 557221).
cost(5, 14, 273523).
cost(5, 15, 100952).
cost(5, 16, 407075).
cost(6, 1, 137145).
cost(6, 2, 291706).
cost(6, 3, 507178).
cost(6, 4, 455718).
cost(6, 5, 280755).
cost(6, 7, 412882).
cost(6, 8, 548717).
cost(6, 9, 21442).
cost(6, 10, 314361).
cost(6, 11, 608739).
cost(6, 12, 295382).
cost(6, 13, 506895).
cost(6, 14, 343360).
cost(6, 15, 355601).
cost(6, 16, 164946).
cost(7, 1, 514397).
cost(7, 2, 670640).
cost(7, 3, 608518).
cost(7, 4, 822359).
cost(7, 5, 692695).
cost(7, 6, 412882).
cost(7, 8, 192537).
cost(7, 9, 432529).
cost(7, 10, 314966).
cost(7, 11, 976223).
cost(7, 12, 674272).
cost(7, 13, 713136).
cost(7, 14, 665843).
cost(7, 15, 758660).
cost(7, 16, 315225).
cost(8, 1, 669162).
cost(8, 2, 761526).
cost(8, 3, 573355).
cost(8, 4, 895602).
cost(8, 5, 815127).
cost(8, 6, 548717).
cost(8, 7, 192537).
cost(8, 9, 569972).
cost(8, 10, 330472).
cost(8, 11, 1043105).
cost(8, 12, 764867).
cost(8, 13, 903483).
cost(8, 14, 725923).
cost(8, 15, 864698).
cost(8, 16, 409225).
cost(9, 1, 117900).
cost(9, 2, 281757).
cost(9, 3, 518882).
cost(9, 4, 445988).
cost(9, 5, 262462).
cost(9, 6, 21442).
cost(9, 7, 432529).
cost(9, 8, 569972).
cost(9, 10, 333936).
cost(9, 11, 598029).
cost(9, 12, 285387).
cost(9, 13, 494791).
cost(9, 14, 340688).
cost(9, 15, 340125).
cost(9, 16, 185285).
cost(10, 1, 451498).
cost(10, 2, 445895).
cost(10, 3, 297995).
cost(10, 4, 568460).
cost(10, 5, 527749).
cost(10, 6, 314361).
cost(10, 7, 314966).
cost(10, 8, 330472).
cost(10, 9, 333936).
cost(10, 11, 713620).
cost(10, 12, 448918).
cost(10, 13, 795257).
cost(10, 14, 396829).
cost(10, 15, 557667).
cost(10, 16, 150872).
cost(11, 1, 608108).
cost(11, 2, 317181).
cost(11, 3, 588810).
cost(11, 4, 154946).
cost(11, 5, 387381).
cost(11, 6, 608739).
cost(11, 7, 976223).
cost(11, 8, 1043105).
cost(11, 9, 598029).
cost(11, 10, 713620).
cost(11, 12, 313484).
cost(11, 13, 936133).
cost(11, 14, 317197).
cost(11, 15, 286440).
cost(11, 16, 661005).
cost(12, 1, 313456).
cost(12, 2, 3720).
cost(12, 3, 449999).
cost(12, 4, 160602).
cost(12, 5, 150165).
cost(12, 6, 295382).
cost(12, 7, 674272).
cost(12, 8, 764867).
cost(12, 9, 285387).
cost(12, 10, 448918).
cost(12, 11, 313484).
cost(12, 13, 686060).
cost(12, 14, 124094).
cost(12, 15, 116834).
cost(12, 16, 362550).
cost(13, 1, 394930).
cost(13, 2, 683715).
cost(13, 3, 1013652).
cost(13, 4, 818686).
cost(13, 5, 557221).
cost(13, 6, 506895).
cost(13, 7, 713136).
cost(13, 8, 903483).
cost(13, 9, 494791).
cost(13, 10, 795257).
cost(13, 11, 936133).
cost(13, 12, 686060).
cost(13, 14, 789882).
cost(13, 15, 654726).
cost(13, 16, 648914).
cost(14, 1, 401693).
cost(14, 2, 124360).
cost(14, 3, 335139).
cost(14, 4, 173603).
cost(14, 5, 273523).
cost(14, 6, 343360).
cost(14, 7, 665843).
cost(14, 8, 725923).
cost(14, 9, 340688).
cost(14, 10, 396829).
cost(14, 11, 317197).
cost(14, 12, 124094).
cost(14, 13, 789882).
cost(14, 15, 230575).
cost(14, 16, 352339).
cost(15, 1, 326623).
cost(15, 2, 118765).
cost(15, 3, 563789).
cost(15, 4, 167563).
cost(15, 5, 100952).
cost(15, 6, 355601).
cost(15, 7, 758660).
cost(15, 8, 864698).
cost(15, 9, 340125).
cost(15, 10, 557667).
cost(15, 11, 286440).
cost(15, 12, 116834).
cost(15, 13, 654726).
cost(15, 14, 230575).
cost(15, 16, 456495).
cost(16, 1, 301859).
cost(16, 2, 359011).
cost(16, 3, 391376).
cost(16, 4, 507301).
cost(16, 5, 407075).
cost(16, 6, 164946).
cost(16, 7, 315225).
cost(16, 8, 409225).
cost(16, 9, 185285).
cost(16, 10, 150872).
cost(16, 11, 661005).
cost(16, 12, 362550).
cost(16, 13, 648914).
cost(16, 14, 352339).
cost(16, 15, 456495).
nocross(1,7).
nocross(1,9).
nocross(2,1).
nocross(2,9).
nocross(2,12).
nocross(2,14).
nocross(3,8).
nocross(3,9).
nocross(3,14).
nocross(4,2).
nocross(4,12).
nocross(4,14).
nocross(4,15).
nocross(5,1).
nocross(5,9).
nocross(5,12).
nocross(5,15).
nocross(6,2).
nocross(6,5).
nocross(6,7).
nocross(6,9).
nocross(6,14).
nocross(6,16).
nocross(7,6).
nocross(7,8).
nocross(7,9).
nocross(7,16).
nocross(8,6).
nocross(8,7).
nocross(8,16).
nocross(9,1).
nocross(9,2).
nocross(9,5).
nocross(9,7).
nocross(9,12).
nocross(10,3).
nocross(10,7).
nocross(10,8).
nocross(10,9).
nocross(11,14).
nocross(11,15).
nocross(12,2).
nocross(12,5).
nocross(12,9).
nocross(12,14).
nocross(13,1).
nocross(13,6).
nocross(13,7).
nocross(13,9).
nocross(14,3).
nocross(14,9).
nocross(14,16).
nocross(15,5).
nocross(15,12).
nocross(15,14).
nocross(16,7).
nocross(16,13).
nocross(16,14).
