dimension(16).
point(1, -109198.0, 147032.0).
point(2, -293336.0, -16795.0).
point(3, -86801.0, -241149.0).
point(4, 49932.0, 110026.0).
point(5, -410195.0, -320184.0).
point(6, 109937.0, -249895.0).
point(7, 294807.0, -246124.0).
point(8, -197419.0, 247048.0).
point(9, -41190.0, 58776.0).
point(10, -487797.0, -184602.0).
point(11, -205123.0, -277176.0).
point(12, -200762.0, -84792.0).
point(13, 19229.0, -589090.0).
point(14, -159340.0, 144001.0).
point(15, -45141.0, 69321.0).
point(16, -369030.0, 291833.0).
cost(1, 2, 246467).
cost(1, 3, 388827).
cost(1, 4, 163376).
cost(1, 5, 555779).
cost(1, 6, 453400).
cost(1, 7, 563730).
cost(1, 8, 133365).
cost(1, 9, 111419).
cost(1, 10, 503307).
cost(1, 11, 434918).
cost(1, 12, 249252).
cost(1, 13, 747241).
cost(1, 14, 50234).
cost(1, 15, 100709).
cost(1, 16, 297456).
cost(2, 1, 246467).
cost(2, 3, 304945).
cost(2, 4, 365946).
cost(2, 5, 325117).
cost(2, 6, 465795).
cost(2, 7, 631272).
cost(2, 8, 280737).
cost(2, 9, 263227).
cost(2, 10, 256855).
cost(2, 11, 274918).
cost(2, 12, 114863).
cost(2, 13, 652088).
cost(2, 14, 209309).
cost(2, 15, 262710).
cost(2, 16, 317775).
cost(3, 1, 388827).
cost(3, 2, 304945).
cost(3, 4, 376855).
cost(3, 5, 332912).
cost(3, 6, 196932).
cost(3, 7, 381640).
cost(3, 8, 500572).
cost(3, 9, 303373).
cost(3, 10, 404963).
cost(3, 11, 123685).
cost(3, 12, 193480).
cost(3, 13, 363738).
cost(3, 14, 391921).
cost(3, 15, 313253).
cost(3, 16, 603095).
cost(4, 1, 163376).
cost(4, 2, 365946).
cost(4, 3, 376855).
cost(4, 5, 629919).
cost(4, 6, 364889).
cost(4, 7, 432211).
cost(4, 8, 282768).
cost(4, 9, 104546).
cost(4, 10, 613154).
cost(4, 11, 463658).
cost(4, 12, 317493).
cost(4, 13, 699790).
cost(4, 14, 212012).
cost(4, 15, 103420).
cost(4, 16, 456709).
cost(5, 1, 555779).
cost(5, 2, 325117).
cost(5, 3, 332912).
cost(5, 4, 629919).
cost(5, 6, 524860).
cost(5, 7, 708881).
cost(5, 8, 605827).
cost(5, 9, 528938).
cost(5, 10, 156220).
cost(5, 11, 209533).
cost(5, 12, 315074).
cost(5, 13, 506671).
cost(5, 14, 527632).
cost(5, 15, 533834).
cost(5, 16, 613400).
cost(6, 1, 453400).
cost(6, 2, 465795).
cost(6, 3, 196932).
cost(6, 4, 364889).
cost(6, 5, 524860).
cost(6, 7, 184908).
cost(6, 8, 584312).
cost(6, 9, 343682).
cost(6, 10, 601290).
cost(6, 11, 316239).
cost(6, 12, 351842).
cost(6, 13, 351114).
cost(6, 14, 477142).
cost(6, 15, 354892).
cost(6, 16, 723103).
cost(7, 1, 563730).
cost(7, 2, 631272).
cost(7, 3, 381640).
cost(7, 4, 432211).
cost(7, 5, 708881).
cost(7, 6, 184908).
cost(7, 8, 696782).
cost(7, 9, 453716).
cost(7, 10, 785018).
cost(7, 11, 500893).
cost(7, 12, 521169).
cost(7, 13, 439965).
cost(7, 14, 598704).
cost(7, 15, 463757).
cost(7, 16, 854446).
cost(8, 1, 133365).
cost(8, 2, 280737).
cost(8, 3, 500572).
cost(8, 4, 282768).
cost(8, 5, 605827).
cost(8, 6, 584312).
cost(8, 7, 696782).
cost(8, 9, 244650).
cost(8, 10, 520232).
cost(8, 11, 524281).
cost(8, 12, 331857).
cost(8, 13, 863749).
cost(8, 14, 109858).
cost(8, 15, 234042).
cost(8, 16, 177358).
cost(9, 1, 111419).
cost(9, 2, 263227).
cost(9, 3, 303373).
cost(9, 4, 104546).
cost(9, 5, 528938).
cost(9, 6, 343682).
cost(9, 7, 453716).
cost(9, 8, 244650).
cost(9, 10, 508616).
cost(9, 11, 373815).
cost(9, 12, 214651).
cost(9, 13, 650677).
cost(9, 14, 145680).
cost(9, 15, 11261).
cost(9, 16, 402237).
cost(10, 1, 503307).
cost(10, 2, 256855).
cost(10, 3, 404963).
cost(10, 4, 613154).
cost(10, 5, 156220).
cost(10, 6, 601290).
cost(10, 7, 785018).
cost(10, 8, 520232).
cost(10, 9, 508616).
cost(10, 11, 297447).
cost(10, 12, 303893).
cost(10, 13, 648603).
cost(10, 14, 464612).
cost(10, 15, 510315).
cost(10, 16, 491015).
cost(11, 1, 434918).
cost(11, 2, 274918).
cost(11, 3, 123685).
cost(11, 4, 463658).
cost(11, 5, 209533).
cost(11, 6, 316239).
cost(11, 7, 500893).
cost(11, 8, 524281).
cost(11, 9, 373815).
cost(11, 10, 297447).
cost(11, 12, 192433).
cost(11, 13, 384219).
cost(11, 14, 423658).
cost(11, 15, 381647).
cost(11, 16, 592146).
cost(12, 1, 249252).
cost(12, 2, 114863).
cost(12, 3, 193480).
cost(12, 4, 317493).
cost(12, 5, 315074).
cost(12, 6, 351842).
cost(12, 7, 521169).
cost(12, 8, 331857).
cost(12, 9, 214651).
cost(12, 10, 303893).
cost(12, 11, 192433).
cost(12, 13, 550193).
cost(12, 14, 232512).
cost(12, 15, 219018).
cost(12, 16, 412505).
cost(13, 1, 747241).
cost(13, 2, 652088).
cost(13, 3, 363738).
cost(13, 4, 699790).
cost(13, 5, 506671).
cost(13, 6, 351114).
cost(13, 7, 439965).
cost(13, 8, 863749).
cost(13, 9, 650677).
cost(13, 10, 648603).
cost(13, 11, 384219).
cost(13, 12, 550193).
cost(13, 14, 754526).
cost(13, 15, 661550).
cost(13, 16, 962689).
cost(14, 1, 50234).
cost(14, 2, 209309).
cost(14, 3, 391921).
cost(14, 4, 212012).
cost(14, 5, 527632).
cost(14, 6, 477142).
cost(14, 7, 598704).
cost(14, 8, 109858).
cost(14, 9, 145680).
cost(14, 10, 464612).
cost(14, 11, 423658).
cost(14, 12, 232512).
cost(14, 13, 754526).
cost(14, 15, 136450).
cost(14, 16, 256562).
cost(15, 1, 100709).
cost(15, 2, 262710).
cost(15, 3, 313253).
cost(15, 4, 103420).
cost(15, 5, 533834).
cost(15, 6, 354892).
cost(15, 7, 463757).
cost(15, 8, 234042).
cost(15, 9, 11261).
cost(15, 10, 510315).
cost(15, 11, 381647).
cost(15, 12, 219018).
cost(15, 13, 661550).
cost(15, 14, 136450).
cost(15, 16, 392958).
cost(16, 1, 297456).
cost(16, 2, 317775).
cost(16, 3, 603095).
cost(16, 4, 456709).
cost(16, 5, 613400).
cost(16, 6, 723103).
cost(16, 7, 854446).
cost(16, 8, 177358).
cost(16, 9, 402237).
cost(16, 10, 491015).
cost(16, 11, 592146).
cost(16, 12, 412505).
cost(16, 13, 962689).
cost(16, 14, 256562).
cost(16, 15, 392958).
nocross(1,3).
nocross(1,4).
nocross(1,14).
nocross(2,10).
nocross(2,11).
nocross(3,5).
nocross(3,11).
nocross(3,12).
nocross(4,3).
nocross(4,7).
nocross(4,8).
nocross(4,9).
nocross(4,14).
nocross(4,15).
nocross(5,2).
nocross(5,3).
nocross(5,11).
nocross(5,12).
nocross(6,3).
nocross(6,7).
nocross(6,11).
nocross(7,4).
nocross(8,1).
nocross(8,14).
nocross(9,1).
nocross(9,2).
nocross(9,3).
nocross(9,4).
nocross(9,12).
nocross(9,14).
nocross(10,2).
nocross(10,5).
nocross(10,11).
nocross(10,12).
nocross(11,2).
nocross(11,3).
nocross(11,12).
nocross(12,3).
nocross(12,5).
nocross(12,11).
nocross(12,14).
nocross(13,3).
nocross(13,5).
nocross(13,11).
nocross(14,1).
nocross(14,3).
nocross(14,12).
nocross(15,1).
nocross(15,3).
nocross(15,4).
nocross(15,8).
nocross(15,12).
nocross(15,14).
nocross(16,2).
nocross(16,10).
nocross(16,14).
