dimension(16).
point(1, 298293.0, 312313.0).
point(2, -473037.0, -447607.0).
point(3, 114807.0, -402954.0).
point(4, -74642.0, -554470.0).
point(5, 527718.0, 454827.0).
point(6, 359710.0, -147221.0).
point(7, -233507.0, 173060.0).
point(8, 220266.0, 39984.0).
point(9, 104849.0, -41248.0).
point(10, -1277.0, -418225.0).
point(11, -16392.0, 120701.0).
point(12, -292502.0, 725555.0).
point(13, -90315.0, -173760.0).
point(14, 245292.0, 190080.0).
point(15, -50635.0, -282175.0).
point(16, -400737.0, 271321.0).
cost(1, 2, 1082787).
cost(1, 3, 738427).
cost(1, 4, 943607).
cost(1, 5, 270085).
cost(1, 6, 463620).
cost(1, 7, 549730).
cost(1, 8, 283287).
cost(1, 9, 403021).
cost(1, 10, 789575).
cost(1, 11, 368432).
cost(1, 12, 720977).
cost(1, 13, 622321).
cost(1, 14, 133229).
cost(1, 15, 689323).
cost(1, 16, 700231).
cost(2, 1, 1082787).
cost(2, 3, 589537).
cost(2, 4, 412478).
cost(2, 5, 1347552).
cost(2, 6, 885268).
cost(2, 7, 665284).
cost(2, 8, 847593).
cost(2, 9, 706456).
cost(2, 10, 472674).
cost(2, 11, 729040).
cost(2, 12, 1186972).
cost(2, 13, 470604).
cost(2, 14, 960542).
cost(2, 15, 453642).
cost(2, 16, 722554).
cost(3, 1, 738427).
cost(3, 2, 589537).
cost(3, 4, 242586).
cost(3, 5, 951989).
cost(3, 6, 354086).
cost(3, 7, 673138).
cost(3, 8, 455319).
cost(3, 9, 361843).
cost(3, 10, 117084).
cost(3, 11, 539840).
cost(3, 12, 1199764).
cost(3, 13, 307579).
cost(3, 14, 607220).
cost(3, 15, 204838).
cost(3, 16, 848783).
cost(4, 1, 943607).
cost(4, 2, 412478).
cost(4, 3, 242586).
cost(4, 5, 1175380).
cost(4, 6, 595410).
cost(4, 7, 744673).
cost(4, 8, 663586).
cost(4, 9, 543704).
cost(4, 10, 154742).
cost(4, 11, 677679).
cost(4, 12, 1298433).
cost(4, 13, 381032).
cost(4, 14, 810378).
cost(4, 15, 273351).
cost(4, 16, 887845).
cost(5, 1, 270085).
cost(5, 2, 1347552).
cost(5, 3, 951989).
cost(5, 4, 1175380).
cost(5, 6, 625051).
cost(5, 7, 811700).
cost(5, 8, 516354).
cost(5, 9, 651850).
cost(5, 10, 1020811).
cost(5, 11, 638511).
cost(5, 12, 863744).
cost(5, 13, 881525).
cost(5, 14, 387112).
cost(5, 15, 936837).
cost(5, 16, 946416).
cost(6, 1, 463620).
cost(6, 2, 885268).
cost(6, 3, 354086).
cost(6, 4, 595410).
cost(6, 5, 625051).
cost(6, 7, 674156).
cost(6, 8, 233432).
cost(6, 9, 276015).
cost(6, 10, 451392).
cost(6, 11, 461774).
cost(6, 12, 1089550).
cost(6, 13, 450807).
cost(6, 14, 356179).
cost(6, 15, 431967).
cost(6, 16, 868019).
cost(7, 1, 549730).
cost(7, 2, 665284).
cost(7, 3, 673138).
cost(7, 4, 744673).
cost(7, 5, 811700).
cost(7, 6, 674156).
cost(7, 8, 472884).
cost(7, 9, 400516).
cost(7, 10, 635255).
cost(7, 11, 223339).
cost(7, 12, 555636).
cost(7, 13, 375217).
cost(7, 14, 479101).
cost(7, 15, 490593).
cost(7, 16, 193962).
cost(8, 1, 283287).
cost(8, 2, 847593).
cost(8, 3, 455319).
cost(8, 4, 663586).
cost(8, 5, 516354).
cost(8, 6, 233432).
cost(8, 7, 472884).
cost(8, 9, 141137).
cost(8, 10, 508957).
cost(8, 11, 250044).
cost(8, 12, 856118).
cost(8, 13, 377024).
cost(8, 14, 152168).
cost(8, 15, 420920).
cost(8, 16, 662693).
cost(9, 1, 403021).
cost(9, 2, 706456).
cost(9, 3, 361843).
cost(9, 4, 543704).
cost(9, 5, 651850).
cost(9, 6, 276015).
cost(9, 7, 400516).
cost(9, 8, 141137).
cost(9, 10, 391630).
cost(9, 11, 202304).
cost(9, 12, 863640).
cost(9, 13, 235899).
cost(9, 14, 270623).
cost(9, 15, 286742).
cost(9, 16, 594404).
cost(10, 1, 789575).
cost(10, 2, 472674).
cost(10, 3, 117084).
cost(10, 4, 154742).
cost(10, 5, 1020811).
cost(10, 6, 451392).
cost(10, 7, 635255).
cost(10, 8, 508957).
cost(10, 9, 391630).
cost(10, 11, 539138).
cost(10, 12, 1180273).
cost(10, 13, 260175).
cost(10, 14, 656377).
cost(10, 15, 144727).
cost(10, 16, 796895).
cost(11, 1, 368432).
cost(11, 2, 729040).
cost(11, 3, 539840).
cost(11, 4, 677679).
cost(11, 5, 638511).
cost(11, 6, 461774).
cost(11, 7, 223339).
cost(11, 8, 250044).
cost(11, 9, 202304).
cost(11, 10, 539138).
cost(11, 12, 664895).
cost(11, 13, 303598).
cost(11, 14, 270725).
cost(11, 15, 404329).
cost(11, 16, 412804).
cost(12, 1, 720977).
cost(12, 2, 1186972).
cost(12, 3, 1199764).
cost(12, 4, 1298433).
cost(12, 5, 863744).
cost(12, 6, 1089550).
cost(12, 7, 555636).
cost(12, 8, 856118).
cost(12, 9, 863640).
cost(12, 10, 1180273).
cost(12, 11, 664895).
cost(12, 13, 921763).
cost(12, 14, 758918).
cost(12, 15, 1036349).
cost(12, 16, 466951).
cost(13, 1, 622321).
cost(13, 2, 470604).
cost(13, 3, 307579).
cost(13, 4, 381032).
cost(13, 5, 881525).
cost(13, 6, 450807).
cost(13, 7, 375217).
cost(13, 8, 377024).
cost(13, 9, 235899).
cost(13, 10, 260175).
cost(13, 11, 303598).
cost(13, 12, 921763).
cost(13, 14, 494986).
cost(13, 15, 115448).
cost(13, 16, 542641).
cost(14, 1, 133229).
cost(14, 2, 960542).
cost(14, 3, 607220).
cost(14, 4, 810378).
cost(14, 5, 387112).
cost(14, 6, 356179).
cost(14, 7, 479101).
cost(14, 8, 152168).
cost(14, 9, 270623).
cost(14, 10, 656377).
cost(14, 11, 270725).
cost(14, 12, 758918).
cost(14, 13, 494986).
cost(14, 15, 557313).
cost(14, 16, 651117).
cost(15, 1, 689323).
cost(15, 2, 453642).
cost(15, 3, 204838).
cost(15, 4, 273351).
cost(15, 5, 936837).
cost(15, 6, 431967).
cost(15, 7, 490593).
cost(15, 8, 420920).
cost(15, 9, 286742).
cost(15, 10, 144727).
cost(15, 11, 404329).
cost(15, 12, 1036349).
cost(15, 13, 115448).
cost(15, 14, 557313).
cost(15, 16, 654927).
cost(16, 1, 700231).
cost(16, 2, 722554).
cost(16, 3, 848783).
cost(16, 4, 887845).
cost(16, 5, 946416).
cost(16, 6, 868019).
cost(16, 7, 193962).
cost(16, 8, 662693).
cost(16, 9, 594404).
cost(16, 10, 796895).
cost(16, 11, 412804).
cost(16, 12, 466951).
cost(16, 13, 542641).
cost(16, 14, 651117).
cost(16, 15, 654927).
nocross(1,5).
nocross(1,16).
nocross(2,13).
nocross(2,15).
nocross(3,9).
nocross(3,10).
nocross(3,13).
nocross(3,15).
nocross(4,3).
nocross(4,10).
nocross(4,13).
nocross(4,15).
nocross(5,1).
nocross(5,6).
nocross(5,8).
nocross(5,14).
nocross(6,3).
nocross(6,5).
nocross(6,8).
nocross(6,9).
nocross(6,13).
nocross(7,8).
nocross(7,9).
nocross(7,11).
nocross(7,13).
nocross(7,16).
nocross(8,5).
nocross(8,6).
nocross(9,3).
nocross(9,13).
nocross(9,15).
nocross(10,3).
nocross(10,9).
nocross(10,15).
nocross(11,1).
nocross(11,7).
nocross(11,8).
nocross(11,9).
nocross(11,12).
nocross(11,13).
nocross(11,15).
nocross(13,7).
nocross(13,11).
nocross(13,15).
nocross(14,5).
nocross(14,8).
nocross(14,9).
nocross(14,13).
nocross(14,16).
nocross(15,10).
nocross(15,13).
nocross(16,7).
