dimension(16).
point(1, -215546.0, 462380.0).
point(2, -339142.0, -397928.0).
point(3, -29936.0, -351626.0).
point(4, -247790.0, 11818.0).
point(5, 85393.0, -9562.0).
point(6, -20070.0, 133116.0).
point(7, -168782.0, -241467.0).
point(8, 133738.0, -114331.0).
point(9, 313397.0, 234353.0).
point(10, 71133.0, -112894.0).
point(11, 800076.0, 46533.0).
point(12, -423292.0, -420881.0).
point(13, 97040.0, 131422.0).
point(14, 24400.0, -135458.0).
point(15, -267638.0, -203184.0).
point(16, 149999.0, 271788.0).
cost(1, 2, 869141).
cost(1, 3, 834899).
cost(1, 4, 451714).
cost(1, 5, 559726).
cost(1, 6, 382917).
cost(1, 7, 705399).
cost(1, 8, 674237).
cost(1, 9, 576001).
cost(1, 10, 642748).
cost(1, 11, 1097459).
cost(1, 12, 907363).
cost(1, 13, 455240).
cost(1, 14, 644193).
cost(1, 15, 667599).
cost(1, 16, 412248).
cost(2, 1, 869141).
cost(2, 3, 312654).
cost(2, 4, 419806).
cost(2, 5, 575376).
cost(2, 6, 619528).
cost(2, 7, 231306).
cost(2, 8, 551401).
cost(2, 9, 908618).
cost(2, 10, 499570).
cost(2, 11, 1222850).
cost(2, 12, 87224).
cost(2, 13, 685905).
cost(2, 14, 448390).
cost(2, 15, 207456).
cost(2, 16, 829324).
cost(3, 1, 834899).
cost(3, 2, 312654).
cost(3, 4, 423736).
cost(3, 5, 360983).
cost(3, 6, 484842).
cost(3, 7, 177238).
cost(3, 8, 288267).
cost(3, 9, 679153).
cost(3, 10, 259245).
cost(3, 11, 920571).
cost(3, 12, 399406).
cost(3, 13, 499458).
cost(3, 14, 222892).
cost(3, 15, 280245).
cost(3, 16, 648862).
cost(4, 1, 451714).
cost(4, 2, 419806).
cost(4, 3, 423736).
cost(4, 5, 333868).
cost(4, 6, 258011).
cost(4, 7, 265322).
cost(4, 8, 401842).
cost(4, 9, 603699).
cost(4, 10, 342440).
cost(4, 11, 1048441).
cost(4, 12, 466936).
cost(4, 13, 364983).
cost(4, 14, 309480).
cost(4, 15, 215916).
cost(4, 16, 475206).
cost(5, 1, 559726).
cost(5, 2, 575376).
cost(5, 3, 360983).
cost(5, 4, 333868).
cost(5, 6, 177425).
cost(5, 7, 344071).
cost(5, 8, 115385).
cost(5, 9, 333887).
cost(5, 10, 104311).
cost(5, 11, 716881).
cost(5, 12, 654174).
cost(5, 13, 141464).
cost(5, 14, 139893).
cost(5, 15, 402642).
cost(5, 16, 288672).
cost(6, 1, 382917).
cost(6, 2, 619528).
cost(6, 3, 484842).
cost(6, 4, 258011).
cost(6, 5, 177425).
cost(6, 7, 403023).
cost(6, 8, 291354).
cost(6, 9, 348496).
cost(6, 10, 262372).
cost(6, 11, 824704).
cost(6, 12, 685201).
cost(6, 13, 117122).
cost(6, 14, 272231).
cost(6, 15, 417597).
cost(6, 16, 219439).
cost(7, 1, 705399).
cost(7, 2, 231306).
cost(7, 3, 177238).
cost(7, 4, 265322).
cost(7, 5, 344071).
cost(7, 6, 403023).
cost(7, 8, 328149).
cost(7, 9, 677423).
cost(7, 10, 272195).
cost(7, 11, 1010757).
cost(7, 12, 311392).
cost(7, 13, 457938).
cost(7, 14, 220357).
cost(7, 15, 106010).
cost(7, 16, 604195).
cost(8, 1, 674237).
cost(8, 2, 551401).
cost(8, 3, 288267).
cost(8, 4, 401842).
cost(8, 5, 115385).
cost(8, 6, 291354).
cost(8, 7, 328149).
cost(8, 9, 392247).
cost(8, 10, 62621).
cost(8, 11, 685481).
cost(8, 12, 635811).
cost(8, 13, 248478).
cost(8, 14, 111360).
cost(8, 15, 411093).
cost(8, 16, 386461).
cost(9, 1, 576001).
cost(9, 2, 908618).
cost(9, 3, 679153).
cost(9, 4, 603699).
cost(9, 5, 333887).
cost(9, 6, 348496).
cost(9, 7, 677423).
cost(9, 8, 392247).
cost(9, 10, 423406).
cost(9, 11, 521663).
cost(9, 12, 985922).
cost(9, 13, 239594).
cost(9, 14, 469339).
cost(9, 15, 727352).
cost(9, 16, 167631).
cost(10, 1, 642748).
cost(10, 2, 499570).
cost(10, 3, 259245).
cost(10, 4, 342440).
cost(10, 5, 104311).
cost(10, 6, 262372).
cost(10, 7, 272195).
cost(10, 8, 62621).
cost(10, 9, 423406).
cost(10, 11, 746173).
cost(10, 12, 582505).
cost(10, 13, 245686).
cost(10, 14, 51895).
cost(10, 15, 350597).
cost(10, 16, 392683).
cost(11, 1, 1097459).
cost(11, 2, 1222850).
cost(11, 3, 920571).
cost(11, 4, 1048441).
cost(11, 5, 716881).
cost(11, 6, 824704).
cost(11, 7, 1010757).
cost(11, 8, 685481).
cost(11, 9, 521663).
cost(11, 10, 746173).
cost(11, 12, 1309620).
cost(11, 13, 708142).
cost(11, 14, 796740).
cost(11, 15, 1096527).
cost(11, 16, 687997).
cost(12, 1, 907363).
cost(12, 2, 87224).
cost(12, 3, 399406).
cost(12, 4, 466936).
cost(12, 5, 654174).
cost(12, 6, 685201).
cost(12, 7, 311392).
cost(12, 8, 635811).
cost(12, 9, 985922).
cost(12, 10, 582505).
cost(12, 11, 1309620).
cost(12, 13, 758804).
cost(12, 14, 530937).
cost(12, 15, 267619).
cost(12, 16, 899140).
cost(13, 1, 455240).
cost(13, 2, 685905).
cost(13, 3, 499458).
cost(13, 4, 364983).
cost(13, 5, 141464).
cost(13, 6, 117122).
cost(13, 7, 457938).
cost(13, 8, 248478).
cost(13, 9, 239594).
cost(13, 10, 245686).
cost(13, 11, 708142).
cost(13, 12, 758804).
cost(13, 14, 276589).
cost(13, 15, 494925).
cost(13, 16, 150024).
cost(14, 1, 644193).
cost(14, 2, 448390).
cost(14, 3, 222892).
cost(14, 4, 309480).
cost(14, 5, 139893).
cost(14, 6, 272231).
cost(14, 7, 220357).
cost(14, 8, 111360).
cost(14, 9, 469339).
cost(14, 10, 51895).
cost(14, 11, 796740).
cost(14, 12, 530937).
cost(14, 13, 276589).
cost(14, 15, 299788).
cost(14, 16, 426174).
cost(15, 1, 667599).
cost(15, 2, 207456).
cost(15, 3, 280245).
cost(15, 4, 215916).
cost(15, 5, 402642).
cost(15, 6, 417597).
cost(15, 7, 106010).
cost(15, 8, 411093).
cost(15, 9, 727352).
cost(15, 10, 350597).
cost(15, 11, 1096527).
cost(15, 12, 267619).
cost(15, 13, 494925).
cost(15, 14, 299788).
cost(15, 16, 632471).
cost(16, 1, 412248).
cost(16, 2, 829324).
cost(16, 3, 648862).
cost(16, 4, 475206).
cost(16, 5, 288672).
cost(16, 6, 219439).
cost(16, 7, 604195).
cost(16, 8, 386461).
cost(16, 9, 167631).
cost(16, 10, 392683).
cost(16, 11, 687997).
cost(16, 12, 899140).
cost(16, 13, 150024).
cost(16, 14, 426174).
cost(16, 15, 632471).
nocross(1,4).
nocross(1,6).
nocross(1,12).
nocross(1,16).
nocross(2,3).
nocross(2,6).
nocross(2,7).
nocross(2,12).
nocross(2,14).
nocross(3,7).
nocross(3,12).
nocross(3,14).
nocross(3,15).
nocross(4,1).
nocross(4,6).
nocross(4,12).
nocross(5,6).
nocross(5,14).
nocross(6,1).
nocross(6,7).
nocross(6,13).
nocross(7,2).
nocross(7,3).
nocross(7,6).
nocross(7,14).
nocross(8,2).
nocross(8,3).
nocross(8,6).
nocross(8,7).
nocross(8,9).
nocross(8,16).
nocross(9,6).
nocross(9,8).
nocross(9,16).
nocross(10,2).
nocross(10,3).
nocross(10,6).
nocross(10,14).
nocross(11,8).
nocross(11,9).
nocross(12,2).
nocross(12,3).
nocross(12,6).
nocross(12,7).
nocross(12,15).
nocross(13,1).
nocross(13,6).
nocross(13,9).
nocross(13,14).
nocross(13,16).
nocross(14,2).
nocross(14,3).
nocross(14,6).
nocross(14,7).
nocross(15,2).
nocross(15,3).
nocross(15,4).
nocross(15,6).
nocross(15,12).
nocross(16,1).
nocross(16,6).
nocross(16,9).
nocross(16,13).
nocross(16,14).
