dimension(16).
point(1, 176540.0, -129866.0).
point(2, 278527.0, -248636.0).
point(3, -234248.0, 422506.0).
point(4, -137573.0, 93908.0).
point(5, -188573.0, -31997.0).
point(6, -502150.0, -133489.0).
point(7, 280098.0, -282890.0).
point(8, -19999.0, 492473.0).
point(9, 63354.0, 265247.0).
point(10, -264577.0, 412103.0).
point(11, -42480.0, 102083.0).
point(12, 334607.0, -412328.0).
point(13, 412346.0, -229074.0).
point(14, -242734.0, -198791.0).
point(15, -7365.0, -8431.0).
point(16, 242198.0, -256856.0).
cost(1, 2, 156549).
cost(1, 3, 688376).
cost(1, 4, 385671).
cost(1, 5, 378002).
cost(1, 6, 678700).
cost(1, 7, 184772).
cost(1, 8, 652636).
cost(1, 9, 411005).
cost(1, 10, 698795).
cost(1, 11, 319014).
cost(1, 12, 323682).
cost(1, 13, 255826).
cost(1, 14, 424902).
cost(1, 15, 220380).
cost(1, 16, 142960).
cost(2, 1, 156549).
cost(2, 3, 844612).
cost(2, 4, 538958).
cost(2, 5, 514893).
cost(2, 6, 789123).
cost(2, 7, 34290).
cost(2, 8, 798975).
cost(2, 9, 557113).
cost(2, 10, 855300).
cost(2, 11, 475446).
cost(2, 12, 173032).
cost(2, 13, 135241).
cost(2, 14, 523639).
cost(2, 15, 373407).
cost(2, 16, 37247).
cost(3, 1, 688376).
cost(3, 2, 844612).
cost(3, 4, 342524).
cost(3, 5, 456792).
cost(3, 6, 617173).
cost(3, 7, 873004).
cost(3, 8, 225384).
cost(3, 9, 336597).
cost(3, 10, 32064).
cost(3, 11, 373425).
cost(3, 12, 1010220).
cost(3, 13, 917954).
cost(3, 14, 621355).
cost(3, 15, 487014).
cost(3, 16, 829779).
cost(4, 1, 385671).
cost(4, 2, 538958).
cost(4, 3, 342524).
cost(4, 5, 135842).
cost(4, 6, 429681).
cost(4, 7, 562517).
cost(4, 8, 415545).
cost(4, 9, 264062).
cost(4, 10, 342605).
cost(4, 11, 95444).
cost(4, 12, 692264).
cost(4, 13, 637753).
cost(4, 14, 311017).
cost(4, 15, 165612).
cost(4, 16, 516973).
cost(5, 1, 378002).
cost(5, 2, 514893).
cost(5, 3, 456792).
cost(5, 4, 135842).
cost(5, 6, 329592).
cost(5, 7, 531601).
cost(5, 8, 550896).
cost(5, 9, 389642).
cost(5, 10, 450557).
cost(5, 11, 198294).
cost(5, 12, 646814).
cost(5, 13, 632410).
cost(5, 14, 175367).
cost(5, 15, 182734).
cost(5, 16, 485927).
cost(6, 1, 678700).
cost(6, 2, 789123).
cost(6, 3, 617173).
cost(6, 4, 429681).
cost(6, 5, 329592).
cost(6, 7, 796387).
cost(6, 8, 790125).
cost(6, 9, 691943).
cost(6, 10, 595073).
cost(6, 11, 516518).
cost(6, 12, 881994).
cost(6, 13, 919478).
cost(6, 14, 267509).
cost(6, 15, 510345).
cost(6, 16, 754502).
cost(7, 1, 184772).
cost(7, 2, 34290).
cost(7, 3, 873004).
cost(7, 4, 562517).
cost(7, 5, 531601).
cost(7, 6, 796387).
cost(7, 8, 831412).
cost(7, 9, 589434).
cost(7, 10, 882998).
cost(7, 11, 502256).
cost(7, 12, 140447).
cost(7, 13, 142778).
cost(7, 14, 529553).
cost(7, 15, 397445).
cost(7, 16, 45980).
cost(8, 1, 652636).
cost(8, 2, 798975).
cost(8, 3, 225384).
cost(8, 4, 415545).
cost(8, 5, 550896).
cost(8, 6, 790125).
cost(8, 7, 831412).
cost(8, 9, 242032).
cost(8, 10, 257445).
cost(8, 11, 391037).
cost(8, 12, 971808).
cost(8, 13, 841161).
cost(8, 14, 726262).
cost(8, 15, 501063).
cost(8, 16, 793877).
cost(9, 1, 411005).
cost(9, 2, 557113).
cost(9, 3, 336597).
cost(9, 4, 264062).
cost(9, 5, 389642).
cost(9, 6, 691943).
cost(9, 7, 589434).
cost(9, 8, 242032).
cost(9, 10, 359312).
cost(9, 11, 194482).
cost(9, 12, 729853).
cost(9, 13, 605102).
cost(9, 14, 555897).
cost(9, 15, 282667).
cost(9, 16, 551885).
cost(10, 1, 698795).
cost(10, 2, 855300).
cost(10, 3, 32064).
cost(10, 4, 342605).
cost(10, 5, 450557).
cost(10, 6, 595073).
cost(10, 7, 882998).
cost(10, 8, 257445).
cost(10, 9, 359312).
cost(10, 11, 381365).
cost(10, 12, 1019170).
cost(10, 13, 932380).
cost(10, 14, 611284).
cost(10, 15, 492957).
cost(10, 16, 839242).
cost(11, 1, 319014).
cost(11, 2, 475446).
cost(11, 3, 373425).
cost(11, 4, 95444).
cost(11, 5, 198294).
cost(11, 6, 516518).
cost(11, 7, 502256).
cost(11, 8, 391037).
cost(11, 9, 194482).
cost(11, 10, 381365).
cost(11, 12, 637819).
cost(11, 13, 562611).
cost(11, 14, 361423).
cost(11, 15, 115959).
cost(11, 16, 458125).
cost(12, 1, 323682).
cost(12, 2, 173032).
cost(12, 3, 1010220).
cost(12, 4, 692264).
cost(12, 5, 646814).
cost(12, 6, 881994).
cost(12, 7, 140447).
cost(12, 8, 971808).
cost(12, 9, 729853).
cost(12, 10, 1019170).
cost(12, 11, 637819).
cost(12, 13, 199061).
cost(12, 14, 615565).
cost(12, 15, 529224).
cost(12, 16, 180862).
cost(13, 1, 255826).
cost(13, 2, 135241).
cost(13, 3, 917954).
cost(13, 4, 637753).
cost(13, 5, 632410).
cost(13, 6, 919478).
cost(13, 7, 142778).
cost(13, 8, 841161).
cost(13, 9, 605102).
cost(13, 10, 932380).
cost(13, 11, 562611).
cost(13, 12, 199061).
cost(13, 14, 655780).
cost(13, 15, 474174).
cost(13, 16, 172401).
cost(14, 1, 424902).
cost(14, 2, 523639).
cost(14, 3, 621355).
cost(14, 4, 311017).
cost(14, 5, 175367).
cost(14, 6, 267509).
cost(14, 7, 529553).
cost(14, 8, 726262).
cost(14, 9, 555897).
cost(14, 10, 611284).
cost(14, 11, 361423).
cost(14, 12, 615565).
cost(14, 13, 655780).
cost(14, 15, 302714).
cost(14, 16, 488396).
cost(15, 1, 220380).
cost(15, 2, 373407).
cost(15, 3, 487014).
cost(15, 4, 165612).
cost(15, 5, 182734).
cost(15, 6, 510345).
cost(15, 7, 397445).
cost(15, 8, 501063).
cost(15, 9, 282667).
cost(15, 10, 492957).
cost(15, 11, 115959).
cost(15, 12, 529224).
cost(15, 13, 474174).
cost(15, 14, 302714).
cost(15, 16, 352132).
cost(16, 1, 142960).
cost(16, 2, 37247).
cost(16, 3, 829779).
cost(16, 4, 516973).
cost(16, 5, 485927).
cost(16, 6, 754502).
cost(16, 7, 45980).
cost(16, 8, 793877).
cost(16, 9, 551885).
cost(16, 10, 839242).
cost(16, 11, 458125).
cost(16, 12, 180862).
cost(16, 13, 172401).
cost(16, 14, 488396).
cost(16, 15, 352132).
nocross(1,2).
nocross(1,6).
nocross(1,9).
nocross(1,11).
nocross(1,14).
nocross(1,15).
nocross(1,16).
nocross(2,1).
nocross(2,6).
nocross(3,4).
nocross(3,6).
nocross(3,9).
nocross(3,11).
nocross(4,3).
nocross(4,5).
nocross(4,6).
nocross(4,10).
nocross(4,11).
nocross(4,14).
nocross(4,15).
nocross(5,4).
nocross(5,6).
nocross(5,10).
nocross(5,11).
nocross(5,14).
nocross(5,15).
nocross(6,4).
nocross(6,5).
nocross(6,10).
nocross(6,14).
nocross(7,2).
nocross(7,16).
nocross(8,4).
nocross(8,6).
nocross(8,9).
nocross(8,11).
nocross(9,1).
nocross(9,3).
nocross(9,4).
nocross(9,8).
nocross(9,11).
nocross(10,4).
nocross(10,6).
nocross(10,9).
nocross(10,11).
nocross(11,1).
nocross(11,3).
nocross(11,4).
nocross(11,5).
nocross(11,6).
nocross(11,9).
nocross(11,10).
nocross(11,15).
nocross(12,7).
nocross(14,4).
nocross(14,5).
nocross(14,6).
nocross(14,15).
nocross(15,4).
nocross(15,6).
nocross(15,11).
nocross(16,6).
nocross(16,7).
