dimension(19).
point(1, 354571.0, 371964.0).
point(2, 107044.0, 525179.0).
point(3, 227724.0, 679619.0).
point(4, 18112.0, 165413.0).
point(5, 920361.0, 22153.0).
point(6, 451044.0, 851617.0).
point(7, 660483.0, 397004.0).
point(8, 950212.0, 674124.0).
point(9, 140274.0, 916298.0).
point(10, 997944.0, 924865.0).
point(11, 516242.0, 918891.0).
point(12, 259467.0, 608412.0).
point(13, 37502.0, 638061.0).
point(14, 431515.0, 272294.0).
point(15, 216308.0, 848589.0).
point(16, 599457.0, 779097.0).
point(17, 260804.0, 466982.0).
point(18, 819038.0, 631914.0).
point(19, 382511.0, 631646.0).
cost(1, 2, 291109).
cost(1, 3, 332779).
cost(1, 4, 394801).
cost(1, 5, 665196).
cost(1, 6, 489259).
cost(1, 7, 306935).
cost(1, 8, 667899).
cost(1, 9, 584998).
cost(1, 10, 848309).
cost(1, 11, 570322).
cost(1, 12, 254858).
cost(1, 13, 413933).
cost(1, 14, 125915).
cost(1, 15, 496274).
cost(1, 16, 475107).
cost(1, 17, 133494).
cost(1, 18, 532263).
cost(1, 19, 261181).
cost(2, 1, 291109).
cost(2, 3, 195998).
cost(2, 4, 370595).
cost(2, 5, 956305).
cost(2, 6, 474234).
cost(2, 7, 568088).
cost(2, 8, 856222).
cost(2, 9, 392528).
cost(2, 10, 976449).
cost(2, 11, 567849).
cost(2, 12, 173668).
cost(2, 13, 132584).
cost(2, 14, 411378).
cost(2, 15, 341369).
cost(2, 16, 554026).
cost(2, 17, 164405).
cost(2, 18, 719950).
cost(2, 19, 295326).
cost(3, 1, 332779).
cost(3, 2, 195998).
cost(3, 4, 555288).
cost(3, 5, 954991).
cost(3, 6, 281878).
cost(3, 7, 516867).
cost(3, 8, 722509).
cost(3, 9, 252318).
cost(3, 10, 808322).
cost(3, 11, 374825).
cost(3, 12, 77962).
cost(3, 13, 194709).
cost(3, 14, 455461).
cost(3, 15, 169355).
cost(3, 16, 384813).
cost(3, 17, 215195).
cost(3, 18, 593235).
cost(3, 19, 162051).
cost(4, 1, 394801).
cost(4, 2, 370595).
cost(4, 3, 555288).
cost(4, 5, 913552).
cost(4, 6, 811361).
cost(4, 7, 682843).
cost(4, 8, 1061884).
cost(4, 9, 760757).
cost(4, 10, 1239693).
cost(4, 11, 903251).
cost(4, 12, 504480).
cost(4, 13, 473046).
cost(4, 14, 426996).
cost(4, 15, 711345).
cost(4, 16, 845322).
cost(4, 17, 387096).
cost(4, 18, 926880).
cost(4, 19, 591743).
cost(5, 1, 665196).
cost(5, 2, 956305).
cost(5, 3, 954991).
cost(5, 4, 913552).
cost(5, 6, 953031).
cost(5, 7, 456125).
cost(5, 8, 652654).
cost(5, 9, 1186605).
cost(5, 10, 906040).
cost(5, 11, 983591).
cost(5, 12, 883448).
cost(5, 13, 1076468).
cost(5, 14, 549127).
cost(5, 15, 1085674).
cost(5, 16, 822158).
cost(5, 17, 795543).
cost(5, 18, 618122).
cost(5, 19, 812874).
cost(6, 1, 489259).
cost(6, 2, 474234).
cost(6, 3, 281878).
cost(6, 4, 811361).
cost(6, 5, 953031).
cost(6, 7, 500537).
cost(6, 8, 529785).
cost(6, 9, 317430).
cost(6, 10, 551783).
cost(6, 11, 93683).
cost(6, 12, 309597).
cost(6, 13, 465428).
cost(6, 14, 579652).
cost(6, 15, 234756).
cost(6, 16, 165183).
cost(6, 17, 429110).
cost(6, 18, 428590).
cost(6, 19, 230400).
cost(7, 1, 306935).
cost(7, 2, 568088).
cost(7, 3, 516867).
cost(7, 4, 682843).
cost(7, 5, 456125).
cost(7, 6, 500537).
cost(7, 8, 400922).
cost(7, 9, 735040).
cost(7, 10, 626512).
cost(7, 11, 541453).
cost(7, 12, 453329).
cost(7, 13, 667992).
cost(7, 14, 260728).
cost(7, 15, 633420).
cost(7, 16, 386936).
cost(7, 17, 405759).
cost(7, 18, 283412).
cost(7, 19, 363765).
cost(8, 1, 667899).
cost(8, 2, 856222).
cost(8, 3, 722509).
cost(8, 4, 1061884).
cost(8, 5, 652654).
cost(8, 6, 529785).
cost(8, 7, 400922).
cost(8, 9, 845368).
cost(8, 10, 255244).
cost(8, 11, 498238).
cost(8, 12, 693864).
cost(8, 13, 913422).
cost(8, 14, 656136).
cost(8, 15, 754356).
cost(8, 16, 366126).
cost(8, 17, 719855).
cost(8, 18, 137798).
cost(8, 19, 569288).
cost(9, 1, 584998).
cost(9, 2, 392528).
cost(9, 3, 252318).
cost(9, 4, 760757).
cost(9, 5, 1186605).
cost(9, 6, 317430).
cost(9, 7, 735040).
cost(9, 8, 845368).
cost(9, 10, 857713).
cost(9, 11, 375977).
cost(9, 12, 330153).
cost(9, 13, 296611).
cost(9, 14, 706797).
cost(9, 15, 101812).
cost(9, 16, 479242).
cost(9, 17, 465201).
cost(9, 18, 735931).
cost(9, 19, 373772).
cost(10, 1, 848309).
cost(10, 2, 976449).
cost(10, 3, 808322).
cost(10, 4, 1239693).
cost(10, 5, 906040).
cost(10, 6, 551783).
cost(10, 7, 626512).
cost(10, 8, 255244).
cost(10, 9, 857713).
cost(10, 11, 481739).
cost(10, 12, 803424).
cost(10, 13, 1002350).
cost(10, 14, 864113).
cost(10, 15, 785349).
cost(10, 16, 424311).
cost(10, 17, 867774).
cost(10, 18, 343260).
cost(10, 19, 681715).
cost(11, 1, 570322).
cost(11, 2, 567849).
cost(11, 3, 374825).
cost(11, 4, 903251).
cost(11, 5, 983591).
cost(11, 6, 93683).
cost(11, 7, 541453).
cost(11, 8, 498238).
cost(11, 9, 375977).
cost(11, 10, 481739).
cost(11, 12, 402903).
cost(11, 13, 555029).
cost(11, 14, 652124).
cost(11, 15, 308063).
cost(11, 16, 162687).
cost(11, 17, 519105).
cost(11, 18, 417182).
cost(11, 19, 316850).
cost(12, 1, 254858).
cost(12, 2, 173668).
cost(12, 3, 77962).
cost(12, 4, 504480).
cost(12, 5, 883448).
cost(12, 6, 309597).
cost(12, 7, 453329).
cost(12, 8, 693864).
cost(12, 9, 330153).
cost(12, 10, 803424).
cost(12, 11, 402903).
cost(12, 13, 223936).
cost(12, 14, 377592).
cost(12, 15, 244024).
cost(12, 16, 380429).
cost(12, 17, 141436).
cost(12, 18, 560064).
cost(12, 19, 125218).
cost(13, 1, 413933).
cost(13, 2, 132584).
cost(13, 3, 194709).
cost(13, 4, 473046).
cost(13, 5, 1076468).
cost(13, 6, 465428).
cost(13, 7, 667992).
cost(13, 8, 913422).
cost(13, 9, 296611).
cost(13, 10, 1002350).
cost(13, 11, 555029).
cost(13, 12, 223936).
cost(13, 14, 537617).
cost(13, 15, 276213).
cost(13, 16, 579383).
cost(13, 17, 281304).
cost(13, 18, 781560).
cost(13, 19, 345069).
cost(14, 1, 125915).
cost(14, 2, 411378).
cost(14, 3, 455461).
cost(14, 4, 426996).
cost(14, 5, 549127).
cost(14, 6, 579652).
cost(14, 7, 260728).
cost(14, 8, 656136).
cost(14, 9, 706797).
cost(14, 10, 864113).
cost(14, 11, 652124).
cost(14, 12, 377592).
cost(14, 13, 537617).
cost(14, 15, 615167).
cost(14, 16, 533904).
cost(14, 17, 258932).
cost(14, 18, 528678).
cost(14, 19, 362678).
cost(15, 1, 496274).
cost(15, 2, 341369).
cost(15, 3, 169355).
cost(15, 4, 711345).
cost(15, 5, 1085674).
cost(15, 6, 234756).
cost(15, 7, 633420).
cost(15, 8, 754356).
cost(15, 9, 101812).
cost(15, 10, 785349).
cost(15, 11, 308063).
cost(15, 12, 244024).
cost(15, 13, 276213).
cost(15, 14, 615167).
cost(15, 16, 389400).
cost(15, 17, 384192).
cost(15, 18, 640493).
cost(15, 19, 273291).
cost(16, 1, 475107).
cost(16, 2, 554026).
cost(16, 3, 384813).
cost(16, 4, 845322).
cost(16, 5, 822158).
cost(16, 6, 165183).
cost(16, 7, 386936).
cost(16, 8, 366126).
cost(16, 9, 479242).
cost(16, 10, 424311).
cost(16, 11, 162687).
cost(16, 12, 380429).
cost(16, 13, 579383).
cost(16, 14, 533904).
cost(16, 15, 389400).
cost(16, 17, 460545).
cost(16, 18, 264346).
cost(16, 19, 262312).
cost(17, 1, 133494).
cost(17, 2, 164405).
cost(17, 3, 215195).
cost(17, 4, 387096).
cost(17, 5, 795543).
cost(17, 6, 429110).
cost(17, 7, 405759).
cost(17, 8, 719855).
cost(17, 9, 465201).
cost(17, 10, 867774).
cost(17, 11, 519105).
cost(17, 12, 141436).
cost(17, 13, 281304).
cost(17, 14, 258932).
cost(17, 15, 384192).
cost(17, 16, 460545).
cost(17, 18, 582089).
cost(17, 19, 204760).
cost(18, 1, 532263).
cost(18, 2, 719950).
cost(18, 3, 593235).
cost(18, 4, 926880).
cost(18, 5, 618122).
cost(18, 6, 428590).
cost(18, 7, 283412).
cost(18, 8, 137798).
cost(18, 9, 735931).
cost(18, 10, 343260).
cost(18, 11, 417182).
cost(18, 12, 560064).
cost(18, 13, 781560).
cost(18, 14, 528678).
cost(18, 15, 640493).
cost(18, 16, 264346).
cost(18, 17, 582089).
cost(18, 19, 436527).
cost(19, 1, 261181).
cost(19, 2, 295326).
cost(19, 3, 162051).
cost(19, 4, 591743).
cost(19, 5, 812874).
cost(19, 6, 230400).
cost(19, 7, 363765).
cost(19, 8, 569288).
cost(19, 9, 373772).
cost(19, 10, 681715).
cost(19, 11, 316850).
cost(19, 12, 125218).
cost(19, 13, 345069).
cost(19, 14, 362678).
cost(19, 15, 273291).
cost(19, 16, 262312).
cost(19, 17, 204760).
cost(19, 18, 436527).
