dimension(17).
point(1, 151158.0, -35309.0).
point(2, 62727.0, 55237.0).
point(3, -87071.0, 94773.0).
point(4, 253504.0, 13748.0).
point(5, 400490.0, 56118.0).
point(6, 289993.0, 324252.0).
point(7, 507865.0, -276439.0).
point(8, -128060.0, -36224.0).
point(9, 417969.0, -110498.0).
point(10, 86647.0, -176926.0).
point(11, 91447.0, 13949.0).
point(12, 94526.0, -3797.0).
point(13, -350401.0, -292966.0).
point(14, -167617.0, -96820.0).
point(15, -24918.0, -110597.0).
point(16, 8036.0, -275844.0).
point(17, -323274.0, -152314.0).
cost(1, 2, 126565).
cost(1, 3, 271430).
cost(1, 4, 113496).
cost(1, 5, 265566).
cost(1, 6, 385434).
cost(1, 7, 430562).
cost(1, 8, 279219).
cost(1, 9, 277203).
cost(1, 10, 155618).
cost(1, 11, 77406).
cost(1, 12, 64809).
cost(1, 13, 563869).
cost(1, 14, 324655).
cost(1, 15, 191497).
cost(1, 16, 279895).
cost(1, 17, 488647).
cost(2, 1, 126565).
cost(2, 3, 154928).
cost(2, 4, 195236).
cost(2, 5, 337764).
cost(2, 6, 352163).
cost(2, 7, 555119).
cost(2, 8, 211577).
cost(2, 9, 392001).
cost(2, 10, 233392).
cost(2, 11, 50295).
cost(2, 12, 67054).
cost(2, 13, 540296).
cost(2, 14, 276007).
cost(2, 15, 187570).
cost(2, 16, 335568).
cost(2, 17, 438263).
cost(3, 1, 271430).
cost(3, 2, 154928).
cost(3, 4, 350081).
cost(3, 5, 489091).
cost(3, 6, 441404).
cost(3, 7, 701247).
cost(3, 8, 137260).
cost(3, 9, 545162).
cost(3, 10, 322488).
cost(3, 11, 195962).
cost(3, 12, 206624).
cost(3, 13, 468705).
cost(3, 14, 207835).
cost(3, 15, 214569).
cost(3, 16, 382626).
cost(3, 17, 341824).
cost(4, 1, 113496).
cost(4, 2, 195236).
cost(4, 3, 350081).
cost(4, 5, 152971).
cost(4, 6, 312641).
cost(4, 7, 385886).
cost(4, 8, 384822).
cost(4, 9, 206121).
cost(4, 10, 253373).
cost(4, 11, 162057).
cost(4, 12, 159943).
cost(4, 13, 677329).
cost(4, 14, 435394).
cost(4, 15, 304927).
cost(4, 16, 379629).
cost(4, 17, 600208).
cost(5, 1, 265566).
cost(5, 2, 337764).
cost(5, 3, 489091).
cost(5, 4, 152971).
cost(5, 6, 290009).
cost(5, 7, 349462).
cost(5, 8, 536556).
cost(5, 9, 167530).
cost(5, 10, 390905).
cost(5, 11, 311907).
cost(5, 12, 311775).
cost(5, 13, 828068).
cost(5, 14, 588333).
cost(5, 15, 456909).
cost(5, 16, 514022).
cost(5, 17, 753179).
cost(6, 1, 385434).
cost(6, 2, 352163).
cost(6, 3, 441404).
cost(6, 4, 312641).
cost(6, 5, 290009).
cost(6, 7, 638982).
cost(6, 8, 552007).
cost(6, 9, 453195).
cost(6, 10, 540859).
cost(6, 11, 368386).
cost(6, 12, 381868).
cost(6, 13, 889417).
cost(6, 14, 621859).
cost(6, 15, 536901).
cost(6, 16, 663035).
cost(6, 17, 776667).
cost(7, 1, 430562).
cost(7, 2, 555119).
cost(7, 3, 701247).
cost(7, 4, 385886).
cost(7, 5, 349462).
cost(7, 6, 638982).
cost(7, 8, 679782).
cost(7, 9, 188727).
cost(7, 10, 432813).
cost(7, 11, 507670).
cost(7, 12, 495159).
cost(7, 13, 858425).
cost(7, 14, 698956).
cost(7, 15, 557998).
cost(7, 16, 499829).
cost(7, 17, 840357).
cost(8, 1, 279219).
cost(8, 2, 211577).
cost(8, 3, 137260).
cost(8, 4, 384822).
cost(8, 5, 536556).
cost(8, 6, 552007).
cost(8, 7, 679782).
cost(8, 9, 551057).
cost(8, 10, 256702).
cost(8, 11, 225168).
cost(8, 12, 224936).
cost(8, 13, 339635).
cost(8, 14, 72365).
cost(8, 15, 127160).
cost(8, 16, 275572).
cost(8, 17, 227124).
cost(9, 1, 277203).
cost(9, 2, 392001).
cost(9, 3, 545162).
cost(9, 4, 206121).
cost(9, 5, 167530).
cost(9, 6, 453195).
cost(9, 7, 188727).
cost(9, 8, 551057).
cost(9, 10, 337916).
cost(9, 11, 349433).
cost(9, 12, 340588).
cost(9, 13, 789739).
cost(9, 14, 585746).
cost(9, 15, 442887).
cost(9, 16, 442023).
cost(9, 17, 742422).
cost(10, 1, 155618).
cost(10, 2, 233392).
cost(10, 3, 322488).
cost(10, 4, 253373).
cost(10, 5, 390905).
cost(10, 6, 540859).
cost(10, 7, 432813).
cost(10, 8, 256702).
cost(10, 9, 337916).
cost(10, 11, 190935).
cost(10, 12, 173308).
cost(10, 13, 452190).
cost(10, 14, 266584).
cost(10, 15, 129793).
cost(10, 16, 126351).
cost(10, 17, 410659).
cost(11, 1, 77406).
cost(11, 2, 50295).
cost(11, 3, 195962).
cost(11, 4, 162057).
cost(11, 5, 311907).
cost(11, 6, 368386).
cost(11, 7, 507670).
cost(11, 8, 225168).
cost(11, 9, 349433).
cost(11, 10, 190935).
cost(11, 12, 18011).
cost(11, 13, 537984).
cost(11, 14, 281752).
cost(11, 15, 170448).
cost(11, 16, 301558).
cost(11, 17, 446807).
cost(12, 1, 64809).
cost(12, 2, 67054).
cost(12, 3, 206624).
cost(12, 4, 159943).
cost(12, 5, 311775).
cost(12, 6, 381868).
cost(12, 7, 495159).
cost(12, 8, 224936).
cost(12, 9, 340588).
cost(12, 10, 173308).
cost(12, 11, 18011).
cost(12, 13, 530640).
cost(12, 14, 278159).
cost(12, 15, 160228).
cost(12, 16, 285465).
cost(12, 17, 443412).
cost(13, 1, 563869).
cost(13, 2, 540296).
cost(13, 3, 468705).
cost(13, 4, 677329).
cost(13, 5, 828068).
cost(13, 6, 889417).
cost(13, 7, 858425).
cost(13, 8, 339635).
cost(13, 9, 789739).
cost(13, 10, 452190).
cost(13, 11, 537984).
cost(13, 12, 530640).
cost(13, 14, 268111).
cost(13, 15, 373092).
cost(13, 16, 358846).
cost(13, 17, 143244).
cost(14, 1, 324655).
cost(14, 2, 276007).
cost(14, 3, 207835).
cost(14, 4, 435394).
cost(14, 5, 588333).
cost(14, 6, 621859).
cost(14, 7, 698956).
cost(14, 8, 72365).
cost(14, 9, 585746).
cost(14, 10, 266584).
cost(14, 11, 281752).
cost(14, 12, 278159).
cost(14, 13, 268111).
cost(14, 15, 143363).
cost(14, 16, 250806).
cost(14, 17, 165253).
cost(15, 1, 191497).
cost(15, 2, 187570).
cost(15, 3, 214569).
cost(15, 4, 304927).
cost(15, 5, 456909).
cost(15, 6, 536901).
cost(15, 7, 557998).
cost(15, 8, 127160).
cost(15, 9, 442887).
cost(15, 10, 129793).
cost(15, 11, 170448).
cost(15, 12, 160228).
cost(15, 13, 373092).
cost(15, 14, 143363).
cost(15, 16, 168501).
cost(15, 17, 301258).
cost(16, 1, 279895).
cost(16, 2, 335568).
cost(16, 3, 382626).
cost(16, 4, 379629).
cost(16, 5, 514022).
cost(16, 6, 663035).
cost(16, 7, 499829).
cost(16, 8, 275572).
cost(16, 9, 442023).
cost(16, 10, 126351).
cost(16, 11, 301558).
cost(16, 12, 285465).
cost(16, 13, 358846).
cost(16, 14, 250806).
cost(16, 15, 168501).
cost(16, 17, 353590).
cost(17, 1, 488647).
cost(17, 2, 438263).
cost(17, 3, 341824).
cost(17, 4, 600208).
cost(17, 5, 753179).
cost(17, 6, 776667).
cost(17, 7, 840357).
cost(17, 8, 227124).
cost(17, 9, 742422).
cost(17, 10, 410659).
cost(17, 11, 446807).
cost(17, 12, 443412).
cost(17, 13, 143244).
cost(17, 14, 165253).
cost(17, 15, 301258).
cost(17, 16, 353590).
