dimension(17).
point(1, 171269.0, -125988.0).
point(2, 270211.0, -241212.0).
point(3, -227254.0, 409891.0).
point(4, -133465.0, 91105.0).
point(5, -182943.0, -31041.0).
point(6, -487157.0, -129503.0).
point(7, 271735.0, -274444.0).
point(8, -19402.0, 477769.0).
point(9, 61463.0, 257327.0).
point(10, -256677.0, 399799.0).
point(11, -41212.0, 99035.0).
point(12, 324617.0, -400017.0).
point(13, 400034.0, -222234.0).
point(14, -235486.0, -192856.0).
point(15, -7145.0, -8179.0).
point(16, 234966.0, -249187.0).
point(17, 260024.0, -7694.0).
cost(1, 2, 151875).
cost(1, 3, 667822).
cost(1, 4, 374155).
cost(1, 5, 366717).
cost(1, 6, 658435).
cost(1, 7, 179256).
cost(1, 8, 633149).
cost(1, 9, 398733).
cost(1, 10, 677930).
cost(1, 11, 309489).
cost(1, 12, 314018).
cost(1, 13, 248187).
cost(1, 14, 412215).
cost(1, 15, 213800).
cost(1, 16, 138691).
cost(1, 17, 147888).
cost(2, 1, 151875).
cost(2, 3, 819394).
cost(2, 4, 522866).
cost(2, 5, 499520).
cost(2, 6, 765562).
cost(2, 7, 33267).
cost(2, 8, 775119).
cost(2, 9, 540478).
cost(2, 10, 829763).
cost(2, 11, 461251).
cost(2, 12, 167866).
cost(2, 13, 131203).
cost(2, 14, 508004).
cost(2, 15, 362258).
cost(2, 16, 36136).
cost(2, 17, 233740).
cost(3, 1, 667822).
cost(3, 2, 819394).
cost(3, 4, 332296).
cost(3, 5, 443153).
cost(3, 6, 598745).
cost(3, 7, 846938).
cost(3, 8, 218655).
cost(3, 9, 326548).
cost(3, 10, 31106).
cost(3, 11, 362275).
cost(3, 12, 980057).
cost(3, 13, 890546).
cost(3, 14, 602803).
cost(3, 15, 472473).
cost(3, 16, 805004).
cost(3, 17, 641730).
cost(4, 1, 374155).
cost(4, 2, 522866).
cost(4, 3, 332296).
cost(4, 5, 131787).
cost(4, 6, 416852).
cost(4, 7, 545723).
cost(4, 8, 403137).
cost(4, 9, 256177).
cost(4, 10, 332375).
cost(4, 11, 92593).
cost(4, 12, 671595).
cost(4, 13, 618710).
cost(4, 14, 301732).
cost(4, 15, 160668).
cost(4, 16, 501538).
cost(4, 17, 405703).
cost(5, 1, 366717).
cost(5, 2, 499520).
cost(5, 3, 443153).
cost(5, 4, 131787).
cost(5, 6, 319751).
cost(5, 7, 515730).
cost(5, 8, 534447).
cost(5, 9, 378008).
cost(5, 10, 437104).
cost(5, 11, 192373).
cost(5, 12, 627503).
cost(5, 13, 613528).
cost(5, 14, 170132).
cost(5, 15, 177278).
cost(5, 16, 471419).
cost(5, 17, 443582).
cost(6, 1, 658435).
cost(6, 2, 765562).
cost(6, 3, 598745).
cost(6, 4, 416852).
cost(6, 5, 319751).
cost(6, 7, 772609).
cost(6, 8, 766534).
cost(6, 9, 671283).
cost(6, 10, 577305).
cost(6, 11, 501095).
cost(6, 12, 855660).
cost(6, 13, 892024).
cost(6, 14, 259522).
cost(6, 15, 495107).
cost(6, 16, 731974).
cost(6, 17, 757045).
cost(7, 1, 179256).
cost(7, 2, 33267).
cost(7, 3, 846938).
cost(7, 4, 545723).
cost(7, 5, 515730).
cost(7, 6, 772609).
cost(7, 8, 806589).
cost(7, 9, 571835).
cost(7, 10, 856635).
cost(7, 11, 487260).
cost(7, 12, 136254).
cost(7, 13, 138515).
cost(7, 14, 513741).
cost(7, 15, 385579).
cost(7, 16, 44608).
cost(7, 17, 267007).
cost(8, 1, 633149).
cost(8, 2, 775119).
cost(8, 3, 218655).
cost(8, 4, 403137).
cost(8, 5, 534447).
cost(8, 6, 766534).
cost(8, 7, 806589).
cost(8, 9, 234806).
cost(8, 10, 249757).
cost(8, 11, 379361).
cost(8, 12, 942792).
cost(8, 13, 816046).
cost(8, 14, 704578).
cost(8, 15, 486103).
cost(8, 16, 770174).
cost(8, 17, 560137).
cost(9, 1, 398733).
cost(9, 2, 540478).
cost(9, 3, 326548).
cost(9, 4, 256177).
cost(9, 5, 378008).
cost(9, 6, 671283).
cost(9, 7, 571835).
cost(9, 8, 234806).
cost(9, 10, 348585).
cost(9, 11, 188676).
cost(9, 12, 708062).
cost(9, 13, 587034).
cost(9, 14, 539299).
cost(9, 15, 274227).
cost(9, 16, 535406).
cost(9, 17, 331153).
cost(10, 1, 677930).
cost(10, 2, 829763).
cost(10, 3, 31106).
cost(10, 4, 332375).
cost(10, 5, 437104).
cost(10, 6, 577305).
cost(10, 7, 856635).
cost(10, 8, 249757).
cost(10, 9, 348585).
cost(10, 11, 369979).
cost(10, 12, 988741).
cost(10, 13, 904541).
cost(10, 14, 593034).
cost(10, 15, 478239).
cost(10, 16, 814184).
cost(10, 17, 658051).
cost(11, 1, 309489).
cost(11, 2, 461251).
cost(11, 3, 362275).
cost(11, 4, 92593).
cost(11, 5, 192373).
cost(11, 6, 501095).
cost(11, 7, 487260).
cost(11, 8, 379361).
cost(11, 9, 188676).
cost(11, 10, 369979).
cost(11, 12, 618776).
cost(11, 13, 545813).
cost(11, 14, 350632).
cost(11, 15, 112496).
cost(11, 16, 444447).
cost(11, 17, 319584).
cost(12, 1, 314018).
cost(12, 2, 167866).
cost(12, 3, 980057).
cost(12, 4, 671595).
cost(12, 5, 627503).
cost(12, 6, 855660).
cost(12, 7, 136254).
cost(12, 8, 942792).
cost(12, 9, 708062).
cost(12, 10, 988741).
cost(12, 11, 618776).
cost(12, 13, 193118).
cost(12, 14, 597186).
cost(12, 15, 513423).
cost(12, 16, 175462).
cost(12, 17, 397605).
cost(13, 1, 248187).
cost(13, 2, 131203).
cost(13, 3, 890546).
cost(13, 4, 618710).
cost(13, 5, 613528).
cost(13, 6, 892024).
cost(13, 7, 138515).
cost(13, 8, 816046).
cost(13, 9, 587034).
cost(13, 10, 904541).
cost(13, 11, 545813).
cost(13, 12, 193118).
cost(13, 14, 636199).
cost(13, 15, 460016).
cost(13, 16, 167254).
cost(13, 17, 256184).
cost(14, 1, 412215).
cost(14, 2, 508004).
cost(14, 3, 602803).
cost(14, 4, 301732).
cost(14, 5, 170132).
cost(14, 6, 259522).
cost(14, 7, 513741).
cost(14, 8, 704578).
cost(14, 9, 539299).
cost(14, 10, 593034).
cost(14, 11, 350632).
cost(14, 12, 597186).
cost(14, 13, 636199).
cost(14, 15, 293675).
cost(14, 16, 473812).
cost(14, 17, 528976).
cost(15, 1, 213800).
cost(15, 2, 362258).
cost(15, 3, 472473).
cost(15, 4, 160668).
cost(15, 5, 177278).
cost(15, 6, 495107).
cost(15, 7, 385579).
cost(15, 8, 486103).
cost(15, 9, 274227).
cost(15, 10, 478239).
cost(15, 11, 112496).
cost(15, 12, 513423).
cost(15, 13, 460016).
cost(15, 14, 293675).
cost(15, 16, 341618).
cost(15, 17, 267169).
cost(16, 1, 138691).
cost(16, 2, 36136).
cost(16, 3, 805004).
cost(16, 4, 501538).
cost(16, 5, 471419).
cost(16, 6, 731974).
cost(16, 7, 44608).
cost(16, 8, 770174).
cost(16, 9, 535406).
cost(16, 10, 814184).
cost(16, 11, 444447).
cost(16, 12, 175462).
cost(16, 13, 167254).
cost(16, 14, 473812).
cost(16, 15, 341618).
cost(16, 17, 242790).
cost(17, 1, 147888).
cost(17, 2, 233740).
cost(17, 3, 641730).
cost(17, 4, 405703).
cost(17, 5, 443582).
cost(17, 6, 757045).
cost(17, 7, 267007).
cost(17, 8, 560137).
cost(17, 9, 331153).
cost(17, 10, 658051).
cost(17, 11, 319584).
cost(17, 12, 397605).
cost(17, 13, 256184).
cost(17, 14, 528976).
cost(17, 15, 267169).
cost(17, 16, 242790).
