dimension(17).
point(1, -57103.0, -195903.0).
point(2, -213857.0, 61214.0).
point(3, 60239.0, 399762.0).
point(4, -342373.0, 155389.0).
point(5, -247420.0, -79842.0).
point(6, 24724.0, -90990.0).
point(7, 424425.0, -64867.0).
point(8, 524247.0, 93011.0).
point(9, 6347.0, -100735.0).
point(10, 209103.0, 151938.0).
point(11, -480321.0, 215106.0).
point(12, -217163.0, 62662.0).
point(13, -38949.0, -578611.0).
point(14, -175156.0, 175485.0).
point(15, -309038.0, -3716.0).
point(16, 132756.0, 27060.0).
point(17, -155106.0, -286736.0).
cost(1, 2, 301133).
cost(1, 3, 607113).
cost(1, 4, 452532).
cost(1, 5, 222914).
cost(1, 6, 133050).
cost(1, 7, 499039).
cost(1, 8, 649183).
cost(1, 9, 114380).
cost(1, 10, 438017).
cost(1, 11, 589951).
cost(1, 12, 304097).
cost(1, 13, 383138).
cost(1, 14, 389699).
cost(1, 15, 316871).
cost(1, 16, 292846).
cost(1, 17, 133623).
cost(2, 1, 301133).
cost(2, 3, 435595).
cost(2, 4, 159328).
cost(2, 5, 144994).
cost(2, 6, 282996).
cost(2, 7, 650615).
cost(2, 8, 738789).
cost(2, 9, 273345).
cost(2, 10, 432581).
cost(2, 11, 307711).
cost(2, 12, 3609).
cost(2, 13, 663301).
cost(2, 14, 120647).
cost(2, 15, 115219).
cost(2, 16, 348292).
cost(2, 17, 352875).
cost(3, 1, 607113).
cost(3, 2, 435595).
cost(3, 4, 470972).
cost(3, 5, 569802).
cost(3, 6, 492035).
cost(3, 7, 590349).
cost(3, 8, 556237).
cost(3, 9, 503390).
cost(3, 10, 289097).
cost(3, 11, 571229).
cost(3, 12, 436564).
cost(3, 13, 983388).
cost(3, 14, 325132).
cost(3, 15, 546955).
cost(3, 16, 379691).
cost(3, 17, 719481).
cost(4, 1, 452532).
cost(4, 2, 159328).
cost(4, 3, 470972).
cost(4, 5, 253672).
cost(4, 6, 442112).
cost(4, 7, 797804).
cost(4, 8, 868862).
cost(4, 9, 432672).
cost(4, 10, 551487).
cost(4, 11, 150319).
cost(4, 12, 155807).
cost(4, 13, 794243).
cost(4, 14, 168420).
cost(4, 15, 162560).
cost(4, 16, 492154).
cost(4, 17, 480149).
cost(5, 1, 222914).
cost(5, 2, 144994).
cost(5, 3, 569802).
cost(5, 4, 253672).
cost(5, 6, 272372).
cost(5, 7, 672012).
cost(5, 8, 790790).
cost(5, 9, 254626).
cost(5, 10, 511991).
cost(5, 11, 375815).
cost(5, 12, 145681).
cost(5, 13, 540584).
cost(5, 14, 265356).
cost(5, 15, 97938).
cost(5, 16, 394920).
cost(5, 17, 226555).
cost(6, 1, 133050).
cost(6, 2, 282996).
cost(6, 3, 492035).
cost(6, 4, 442112).
cost(6, 5, 272372).
cost(6, 7, 400554).
cost(6, 8, 532334).
cost(6, 9, 20801).
cost(6, 10, 304975).
cost(6, 11, 590563).
cost(6, 12, 286563).
cost(6, 13, 491761).
cost(6, 14, 333108).
cost(6, 15, 344984).
cost(6, 16, 160021).
cost(6, 17, 265811).
cost(7, 1, 499039).
cost(7, 2, 650615).
cost(7, 3, 590349).
cost(7, 4, 797804).
cost(7, 5, 672012).
cost(7, 6, 400554).
cost(7, 8, 186788).
cost(7, 9, 419614).
cost(7, 10, 305562).
cost(7, 11, 947075).
cost(7, 12, 654140).
cost(7, 13, 691844).
cost(7, 14, 645962).
cost(7, 15, 736008).
cost(7, 16, 305813).
cost(7, 17, 620550).
cost(8, 1, 649183).
cost(8, 2, 738789).
cost(8, 3, 556237).
cost(8, 4, 868862).
cost(8, 5, 790790).
cost(8, 6, 532334).
cost(8, 7, 186788).
cost(8, 9, 552954).
cost(8, 10, 320606).
cost(8, 11, 1011961).
cost(8, 12, 742031).
cost(8, 13, 876508).
cost(8, 14, 704249).
cost(8, 15, 838880).
cost(8, 16, 397007).
cost(8, 17, 778285).
cost(9, 1, 114380).
cost(9, 2, 273345).
cost(9, 3, 503390).
cost(9, 4, 432672).
cost(9, 5, 254626).
cost(9, 6, 20801).
cost(9, 7, 419614).
cost(9, 8, 552954).
cost(9, 10, 323965).
cost(9, 11, 580173).
cost(9, 12, 276867).
cost(9, 13, 480018).
cost(9, 14, 330516).
cost(9, 15, 329970).
cost(9, 16, 179752).
cost(9, 17, 246299).
cost(10, 1, 438017).
cost(10, 2, 432581).
cost(10, 3, 289097).
cost(10, 4, 551487).
cost(10, 5, 511991).
cost(10, 6, 304975).
cost(10, 7, 305562).
cost(10, 8, 320606).
cost(10, 9, 323965).
cost(10, 11, 692312).
cost(10, 12, 435515).
cost(10, 13, 771513).
cost(10, 14, 384980).
cost(10, 15, 541016).
cost(10, 16, 146367).
cost(10, 17, 570161).
cost(11, 1, 589951).
cost(11, 2, 307711).
cost(11, 3, 571229).
cost(11, 4, 150319).
cost(11, 5, 375815).
cost(11, 6, 590563).
cost(11, 7, 947075).
cost(11, 8, 1011961).
cost(11, 9, 580173).
cost(11, 10, 692312).
cost(11, 12, 304124).
cost(11, 13, 908183).
cost(11, 14, 307726).
cost(11, 15, 277887).
cost(11, 16, 641268).
cost(11, 17, 598005).
cost(12, 1, 304097).
cost(12, 2, 3609).
cost(12, 3, 436564).
cost(12, 4, 155807).
cost(12, 5, 145681).
cost(12, 6, 286563).
cost(12, 7, 654140).
cost(12, 8, 742031).
cost(12, 9, 276867).
cost(12, 10, 435515).
cost(12, 11, 304124).
cost(12, 13, 665576).
cost(12, 14, 120389).
cost(12, 15, 113345).
cost(12, 16, 351725).
cost(12, 17, 354866).
cost(13, 1, 383138).
cost(13, 2, 663301).
cost(13, 3, 983388).
cost(13, 4, 794243).
cost(13, 5, 540584).
cost(13, 6, 491761).
cost(13, 7, 691844).
cost(13, 8, 876508).
cost(13, 9, 480018).
cost(13, 10, 771513).
cost(13, 11, 908183).
cost(13, 12, 665576).
cost(13, 14, 766298).
cost(13, 15, 635179).
cost(13, 16, 629539).
cost(13, 17, 314139).
cost(14, 1, 389699).
cost(14, 2, 120647).
cost(14, 3, 325132).
cost(14, 4, 168420).
cost(14, 5, 265356).
cost(14, 6, 333108).
cost(14, 7, 645962).
cost(14, 8, 704249).
cost(14, 9, 330516).
cost(14, 10, 384980).
cost(14, 11, 307726).
cost(14, 12, 120389).
cost(14, 13, 766298).
cost(14, 15, 223690).
cost(14, 16, 341818).
cost(14, 17, 462656).
cost(15, 1, 316871).
cost(15, 2, 115219).
cost(15, 3, 546955).
cost(15, 4, 162560).
cost(15, 5, 97938).
cost(15, 6, 344984).
cost(15, 7, 736008).
cost(15, 8, 838880).
cost(15, 9, 329970).
cost(15, 10, 541016).
cost(15, 11, 277887).
cost(15, 12, 113345).
cost(15, 13, 635179).
cost(15, 14, 223690).
cost(15, 16, 442865).
cost(15, 17, 322173).
cost(16, 1, 292846).
cost(16, 2, 348292).
cost(16, 3, 379691).
cost(16, 4, 492154).
cost(16, 5, 394920).
cost(16, 6, 160021).
cost(16, 7, 305813).
cost(16, 8, 397007).
cost(16, 9, 179752).
cost(16, 10, 146367).
cost(16, 11, 641268).
cost(16, 12, 351725).
cost(16, 13, 629539).
cost(16, 14, 341818).
cost(16, 15, 442865).
cost(16, 17, 425831).
cost(17, 1, 133623).
cost(17, 2, 352875).
cost(17, 3, 719481).
cost(17, 4, 480149).
cost(17, 5, 226555).
cost(17, 6, 265811).
cost(17, 7, 620550).
cost(17, 8, 778285).
cost(17, 9, 246299).
cost(17, 10, 570161).
cost(17, 11, 598005).
cost(17, 12, 354866).
cost(17, 13, 314139).
cost(17, 14, 462656).
cost(17, 15, 322173).
cost(17, 16, 425831).
