dimension(17).
point(1, -312269.0, -212520.0).
point(2, -20734.0, 555017.0).
point(3, 521171.0, -41235.0).
point(4, 277880.0, -101758.0).
point(5, -164108.0, -113899.0).
point(6, -287391.0, 103320.0).
point(7, -362459.0, -455993.0).
point(8, -49066.0, -51672.0).
point(9, 73333.0, -136152.0).
point(10, -332024.0, -331649.0).
point(11, -386723.0, 167548.0).
point(12, 262101.0, -77888.0).
point(13, 142827.0, 451807.0).
point(14, 162203.0, 112180.0).
point(15, 224790.0, 397771.0).
point(16, -26842.0, 206105.0).
point(17, -65715.0, -184787.0).
cost(1, 2, 821039).
cost(1, 3, 850859).
cost(1, 4, 600453).
cost(1, 5, 177983).
cost(1, 6, 316818).
cost(1, 7, 248592).
cost(1, 8, 308461).
cost(1, 9, 393092).
cost(1, 10, 120756).
cost(1, 11, 387292).
cost(1, 12, 589938).
cost(1, 13, 805259).
cost(1, 14, 574938).
cost(1, 15, 812950).
cost(1, 16, 506671).
cost(1, 17, 248109).
cost(2, 1, 821039).
cost(2, 3, 805716).
cost(2, 4, 721473).
cost(2, 5, 684109).
cost(2, 6, 524534).
cost(2, 7, 1067201).
cost(2, 8, 607350).
cost(2, 9, 697541).
cost(2, 10, 939722).
cost(2, 11, 532992).
cost(2, 12, 693228).
cost(2, 13, 193402).
cost(2, 14, 479135).
cost(2, 15, 291562).
cost(2, 16, 348965).
cost(2, 17, 741170).
cost(3, 1, 850859).
cost(3, 2, 805716).
cost(3, 4, 250706).
cost(3, 5, 689121).
cost(3, 6, 821382).
cost(3, 7, 976128).
cost(3, 8, 570333).
cost(3, 9, 457786).
cost(3, 10, 901267).
cost(3, 11, 931591).
cost(3, 12, 261650).
cost(3, 13, 621478).
cost(3, 14, 390377).
cost(3, 15, 529687).
cost(3, 16, 601245).
cost(3, 17, 604187).
cost(4, 1, 600453).
cost(4, 2, 721473).
cost(4, 3, 250706).
cost(4, 5, 442155).
cost(4, 6, 601322).
cost(4, 7, 731790).
cost(4, 8, 330760).
cost(4, 9, 207418).
cost(4, 10, 651792).
cost(4, 11, 717093).
cost(4, 12, 28614).
cost(4, 13, 569801).
cost(4, 14, 243209).
cost(4, 15, 502342).
cost(4, 16, 433169).
cost(4, 17, 353485).
cost(5, 1, 177983).
cost(5, 2, 684109).
cost(5, 3, 689121).
cost(5, 4, 442155).
cost(5, 6, 249765).
cost(5, 7, 395438).
cost(5, 8, 130793).
cost(5, 9, 238481).
cost(5, 10, 274974).
cost(5, 11, 358845).
cost(5, 12, 427728).
cost(5, 13, 643609).
cost(5, 14, 396977).
cost(5, 15, 642688).
cost(5, 16, 348202).
cost(5, 17, 121269).
cost(6, 1, 316818).
cost(6, 2, 524534).
cost(6, 3, 821382).
cost(6, 4, 601322).
cost(6, 5, 249765).
cost(6, 7, 564328).
cost(6, 8, 284291).
cost(6, 9, 432976).
cost(6, 10, 437253).
cost(6, 11, 118288).
cost(6, 12, 578600).
cost(6, 13, 553652).
cost(6, 14, 449681).
cost(6, 15, 590788).
cost(6, 16, 280090).
cost(6, 17, 363519).
cost(7, 1, 248592).
cost(7, 2, 1067201).
cost(7, 3, 976128).
cost(7, 4, 731790).
cost(7, 5, 395438).
cost(7, 6, 564328).
cost(7, 8, 511557).
cost(7, 9, 540567).
cost(7, 10, 128015).
cost(7, 11, 624013).
cost(7, 12, 730095).
cost(7, 13, 1038949).
cost(7, 14, 773363).
cost(7, 15, 1036231).
cost(7, 16, 742302).
cost(7, 17, 402007).
cost(8, 1, 308461).
cost(8, 2, 607350).
cost(8, 3, 570333).
cost(8, 4, 330760).
cost(8, 5, 130793).
cost(8, 6, 284291).
cost(8, 7, 511557).
cost(8, 9, 148723).
cost(8, 10, 398061).
cost(8, 11, 402579).
cost(8, 12, 312269).
cost(8, 13, 538808).
cost(8, 14, 267361).
cost(8, 15, 526304).
cost(8, 16, 258733).
cost(8, 17, 134152).
cost(9, 1, 393092).
cost(9, 2, 697541).
cost(9, 3, 457786).
cost(9, 4, 207418).
cost(9, 5, 238481).
cost(9, 6, 432976).
cost(9, 7, 540567).
cost(9, 8, 148723).
cost(9, 10, 450037).
cost(9, 11, 551258).
cost(9, 12, 197555).
cost(9, 13, 592052).
cost(9, 14, 263755).
cost(9, 15, 554989).
cost(9, 16, 356616).
cost(9, 17, 147308).
cost(10, 1, 120756).
cost(10, 2, 939722).
cost(10, 3, 901267).
cost(10, 4, 651792).
cost(10, 5, 274974).
cost(10, 6, 437253).
cost(10, 7, 128015).
cost(10, 8, 398061).
cost(10, 9, 450037).
cost(10, 11, 502185).
cost(10, 12, 646049).
cost(10, 13, 916126).
cost(10, 14, 664262).
cost(10, 15, 917658).
cost(10, 16, 618317).
cost(10, 17, 304120).
cost(11, 1, 387292).
cost(11, 2, 532992).
cost(11, 3, 931591).
cost(11, 4, 717093).
cost(11, 5, 358845).
cost(11, 6, 118288).
cost(11, 7, 624013).
cost(11, 8, 402579).
cost(11, 9, 551258).
cost(11, 10, 502185).
cost(11, 12, 693694).
cost(11, 13, 601021).
cost(11, 14, 551711).
cost(11, 15, 653415).
cost(11, 16, 361941).
cost(11, 17, 476640).
cost(12, 1, 589938).
cost(12, 2, 693228).
cost(12, 3, 261650).
cost(12, 4, 28614).
cost(12, 5, 427728).
cost(12, 6, 578600).
cost(12, 7, 730095).
cost(12, 8, 312269).
cost(12, 9, 197555).
cost(12, 10, 646049).
cost(12, 11, 693694).
cost(12, 13, 542958).
cost(12, 14, 214722).
cost(12, 15, 477120).
cost(12, 16, 405142).
cost(12, 17, 344805).
cost(13, 1, 805259).
cost(13, 2, 193402).
cost(13, 3, 621478).
cost(13, 4, 569801).
cost(13, 5, 643609).
cost(13, 6, 553652).
cost(13, 7, 1038949).
cost(13, 8, 538808).
cost(13, 9, 592052).
cost(13, 10, 916126).
cost(13, 11, 601021).
cost(13, 12, 542958).
cost(13, 14, 340179).
cost(13, 15, 98172).
cost(13, 16, 298592).
cost(13, 17, 669882).
cost(14, 1, 574938).
cost(14, 2, 479135).
cost(14, 3, 390377).
cost(14, 4, 243209).
cost(14, 5, 396977).
cost(14, 6, 449681).
cost(14, 7, 773363).
cost(14, 8, 267361).
cost(14, 9, 263755).
cost(14, 10, 664262).
cost(14, 11, 551711).
cost(14, 12, 214722).
cost(14, 13, 340179).
cost(14, 15, 292369).
cost(14, 16, 211092).
cost(14, 17, 374347).
cost(15, 1, 812950).
cost(15, 2, 291562).
cost(15, 3, 529687).
cost(15, 4, 502342).
cost(15, 5, 642688).
cost(15, 6, 590788).
cost(15, 7, 1036231).
cost(15, 8, 526304).
cost(15, 9, 554989).
cost(15, 10, 917658).
cost(15, 11, 653415).
cost(15, 12, 477120).
cost(15, 13, 98172).
cost(15, 14, 292369).
cost(15, 16, 316314).
cost(15, 17, 650974).
cost(16, 1, 506671).
cost(16, 2, 348965).
cost(16, 3, 601245).
cost(16, 4, 433169).
cost(16, 5, 348202).
cost(16, 6, 280090).
cost(16, 7, 742302).
cost(16, 8, 258733).
cost(16, 9, 356616).
cost(16, 10, 618317).
cost(16, 11, 361941).
cost(16, 12, 405142).
cost(16, 13, 298592).
cost(16, 14, 211092).
cost(16, 15, 316314).
cost(16, 17, 392820).
cost(17, 1, 248109).
cost(17, 2, 741170).
cost(17, 3, 604187).
cost(17, 4, 353485).
cost(17, 5, 121269).
cost(17, 6, 363519).
cost(17, 7, 402007).
cost(17, 8, 134152).
cost(17, 9, 147308).
cost(17, 10, 304120).
cost(17, 11, 476640).
cost(17, 12, 344805).
cost(17, 13, 669882).
cost(17, 14, 374347).
cost(17, 15, 650974).
cost(17, 16, 392820).
