dimension(17).
point(1, 289387.0, 302989.0).
point(2, -458913.0, -434243.0).
point(3, 111379.0, -390923.0).
point(4, -72414.0, -537915.0).
point(5, 511962.0, 441247.0).
point(6, 348969.0, -142825.0).
point(7, -226535.0, 167893.0).
point(8, 213689.0, 38790.0).
point(9, 101718.0, -40016.0).
point(10, -1239.0, -405738.0).
point(11, -15902.0, 117097.0).
point(12, -283768.0, 703892.0).
point(13, -87619.0, -168572.0).
point(14, 237968.0, 184405.0).
point(15, -49123.0, -273750.0).
point(16, -388772.0, 263220.0).
point(17, -119198.0, -116227.0).
cost(1, 2, 1050459).
cost(1, 3, 716380).
cost(1, 4, 915434).
cost(1, 5, 262021).
cost(1, 6, 449778).
cost(1, 7, 533316).
cost(1, 8, 274830).
cost(1, 9, 390989).
cost(1, 10, 766001).
cost(1, 11, 357431).
cost(1, 12, 699450).
cost(1, 13, 603741).
cost(1, 14, 129252).
cost(1, 15, 668743).
cost(1, 16, 679324).
cost(1, 17, 585392).
cost(2, 1, 1050459).
cost(2, 3, 571935).
cost(2, 4, 400162).
cost(2, 5, 1307318).
cost(2, 6, 858835).
cost(2, 7, 645420).
cost(2, 8, 822286).
cost(2, 9, 685363).
cost(2, 10, 458561).
cost(2, 11, 707273).
cost(2, 12, 1151532).
cost(2, 13, 456553).
cost(2, 14, 931863).
cost(2, 15, 440098).
cost(2, 16, 700981).
cost(2, 17, 465339).
cost(3, 1, 716380).
cost(3, 2, 571935).
cost(3, 4, 235343).
cost(3, 5, 923566).
cost(3, 6, 343514).
cost(3, 7, 653040).
cost(3, 8, 441725).
cost(3, 9, 351040).
cost(3, 10, 113588).
cost(3, 11, 523722).
cost(3, 12, 1163942).
cost(3, 13, 298396).
cost(3, 14, 589090).
cost(3, 15, 198722).
cost(3, 16, 823440).
cost(3, 17, 358641).
cost(4, 1, 915434).
cost(4, 2, 400162).
cost(4, 3, 235343).
cost(4, 5, 1140287).
cost(4, 6, 577633).
cost(4, 7, 722439).
cost(4, 8, 643773).
cost(4, 9, 527471).
cost(4, 10, 150122).
cost(4, 11, 657445).
cost(4, 12, 1259665).
cost(4, 13, 369656).
cost(4, 14, 786183).
cost(4, 15, 265190).
cost(4, 16, 861336).
cost(4, 17, 424275).
cost(5, 1, 262021).
cost(5, 2, 1307318).
cost(5, 3, 923566).
cost(5, 4, 1140287).
cost(5, 6, 606388).
cost(5, 7, 787464).
cost(5, 8, 500938).
cost(5, 9, 632388).
cost(5, 10, 990333).
cost(5, 11, 619446).
cost(5, 12, 837955).
cost(5, 13, 855206).
cost(5, 14, 375554).
cost(5, 15, 908866).
cost(5, 16, 918159).
cost(5, 17, 842105).
cost(6, 1, 449778).
cost(6, 2, 858835).
cost(6, 3, 343514).
cost(6, 4, 577633).
cost(6, 5, 606388).
cost(6, 7, 654026).
cost(6, 8, 226461).
cost(6, 9, 267774).
cost(6, 10, 437914).
cost(6, 11, 447985).
cost(6, 12, 1057017).
cost(6, 13, 437347).
cost(6, 14, 345544).
cost(6, 15, 419069).
cost(6, 16, 842101).
cost(6, 17, 468922).
cost(7, 1, 533316).
cost(7, 2, 645420).
cost(7, 3, 653040).
cost(7, 4, 722439).
cost(7, 5, 787464).
cost(7, 6, 654026).
cost(7, 8, 458764).
cost(7, 9, 388557).
cost(7, 10, 616288).
cost(7, 11, 216671).
cost(7, 12, 539046).
cost(7, 13, 364014).
cost(7, 14, 464796).
cost(7, 15, 475945).
cost(7, 16, 188170).
cost(7, 17, 303719).
cost(8, 1, 274830).
cost(8, 2, 822286).
cost(8, 3, 441725).
cost(8, 4, 643773).
cost(8, 5, 500938).
cost(8, 6, 226461).
cost(8, 7, 458764).
cost(8, 9, 136923).
cost(8, 10, 493760).
cost(8, 11, 242578).
cost(8, 12, 830557).
cost(8, 13, 365767).
cost(8, 14, 147625).
cost(8, 15, 408352).
cost(8, 16, 642906).
cost(8, 17, 367211).
cost(9, 1, 390989).
cost(9, 2, 685363).
cost(9, 3, 351040).
cost(9, 4, 527471).
cost(9, 5, 632388).
cost(9, 6, 267774).
cost(9, 7, 388557).
cost(9, 8, 136923).
cost(9, 10, 379938).
cost(9, 11, 196262).
cost(9, 12, 837854).
cost(9, 13, 228856).
cost(9, 14, 262543).
cost(9, 15, 278181).
cost(9, 16, 576656).
cost(9, 17, 233692).
cost(10, 1, 766001).
cost(10, 2, 458561).
cost(10, 3, 113588).
cost(10, 4, 150122).
cost(10, 5, 990333).
cost(10, 6, 437914).
cost(10, 7, 616288).
cost(10, 8, 493760).
cost(10, 9, 379938).
cost(10, 11, 523041).
cost(10, 12, 1145033).
cost(10, 13, 252407).
cost(10, 14, 636780).
cost(10, 15, 140406).
cost(10, 16, 773102).
cost(10, 17, 312619).
cost(11, 1, 357431).
cost(11, 2, 707273).
cost(11, 3, 523722).
cost(11, 4, 657445).
cost(11, 5, 619446).
cost(11, 6, 447985).
cost(11, 7, 216671).
cost(11, 8, 242578).
cost(11, 9, 196262).
cost(11, 10, 523041).
cost(11, 12, 645043).
cost(11, 13, 294534).
cost(11, 14, 262641).
cost(11, 15, 392256).
cost(11, 16, 400480).
cost(11, 17, 255167).
cost(12, 1, 699450).
cost(12, 2, 1151532).
cost(12, 3, 1163942).
cost(12, 4, 1259665).
cost(12, 5, 837955).
cost(12, 6, 1057017).
cost(12, 7, 539046).
cost(12, 8, 830557).
cost(12, 9, 837854).
cost(12, 10, 1145033).
cost(12, 11, 645043).
cost(12, 13, 894242).
cost(12, 14, 736258).
cost(12, 15, 1005406).
cost(12, 16, 453010).
cost(12, 17, 836468).
cost(13, 1, 603741).
cost(13, 2, 456553).
cost(13, 3, 298396).
cost(13, 4, 369656).
cost(13, 5, 855206).
cost(13, 6, 437347).
cost(13, 7, 364014).
cost(13, 8, 365767).
cost(13, 9, 228856).
cost(13, 10, 252407).
cost(13, 11, 294534).
cost(13, 12, 894242).
cost(13, 14, 480208).
cost(13, 15, 112002).
cost(13, 16, 526438).
cost(13, 17, 61133).
cost(14, 1, 129252).
cost(14, 2, 931863).
cost(14, 3, 589090).
cost(14, 4, 786183).
cost(14, 5, 375554).
cost(14, 6, 345544).
cost(14, 7, 464796).
cost(14, 8, 147625).
cost(14, 9, 262543).
cost(14, 10, 636780).
cost(14, 11, 262641).
cost(14, 12, 736258).
cost(14, 13, 480208).
cost(14, 15, 540673).
cost(14, 16, 631676).
cost(14, 17, 466848).
cost(15, 1, 668743).
cost(15, 2, 440098).
cost(15, 3, 198722).
cost(15, 4, 265190).
cost(15, 5, 908866).
cost(15, 6, 419069).
cost(15, 7, 475945).
cost(15, 8, 408352).
cost(15, 9, 278181).
cost(15, 10, 140406).
cost(15, 11, 392256).
cost(15, 12, 1005406).
cost(15, 13, 112002).
cost(15, 14, 540673).
cost(15, 16, 635373).
cost(15, 17, 172406).
cost(16, 1, 679324).
cost(16, 2, 700981).
cost(16, 3, 823440).
cost(16, 4, 861336).
cost(16, 5, 918159).
cost(16, 6, 842101).
cost(16, 7, 188170).
cost(16, 8, 642906).
cost(16, 9, 576656).
cost(16, 10, 773102).
cost(16, 11, 400480).
cost(16, 12, 453010).
cost(16, 13, 526438).
cost(16, 14, 631676).
cost(16, 15, 635373).
cost(16, 17, 465457).
cost(17, 1, 585392).
cost(17, 2, 465339).
cost(17, 3, 358641).
cost(17, 4, 424275).
cost(17, 5, 842105).
cost(17, 6, 468922).
cost(17, 7, 303719).
cost(17, 8, 367211).
cost(17, 9, 233692).
cost(17, 10, 312619).
cost(17, 11, 255167).
cost(17, 12, 836468).
cost(17, 13, 61133).
cost(17, 14, 466848).
cost(17, 15, 172406).
cost(17, 16, 465457).
