dimension(17).
point(1, -209110.0, 448575.0).
point(2, -329016.0, -386046.0).
point(3, -29042.0, -341128.0).
point(4, -240392.0, 11465.0).
point(5, 82844.0, -9276.0).
point(6, -19470.0, 129142.0).
point(7, -163743.0, -234257.0).
point(8, 129745.0, -110917.0).
point(9, 304039.0, 227356.0).
point(10, 69009.0, -109523.0).
point(11, 776188.0, 45143.0).
point(12, -410654.0, -408315.0).
point(13, 94142.0, 127498.0).
point(14, 23671.0, -131413.0).
point(15, -259647.0, -197117.0).
point(16, 145521.0, 263673.0).
point(17, 52672.0, -284792.0).
cost(1, 2, 843190).
cost(1, 3, 809972).
cost(1, 4, 438228).
cost(1, 5, 543014).
cost(1, 6, 371485).
cost(1, 7, 684337).
cost(1, 8, 654106).
cost(1, 9, 558802).
cost(1, 10, 623557).
cost(1, 11, 1064692).
cost(1, 12, 880273).
cost(1, 13, 441647).
cost(1, 14, 624958).
cost(1, 15, 647667).
cost(1, 16, 399940).
cost(1, 17, 778689).
cost(2, 1, 843190).
cost(2, 3, 303318).
cost(2, 4, 407270).
cost(2, 5, 558197).
cost(2, 6, 601030).
cost(2, 7, 224399).
cost(2, 8, 534937).
cost(2, 9, 881488).
cost(2, 10, 484653).
cost(2, 11, 1186339).
cost(2, 12, 84621).
cost(2, 13, 665425).
cost(2, 14, 435001).
cost(2, 15, 201262).
cost(2, 16, 804562).
cost(2, 17, 394890).
cost(3, 1, 809972).
cost(3, 2, 303318).
cost(3, 4, 411085).
cost(3, 5, 350206).
cost(3, 6, 470367).
cost(3, 7, 171947).
cost(3, 8, 279661).
cost(3, 9, 658876).
cost(3, 10, 251505).
cost(3, 11, 893085).
cost(3, 12, 387481).
cost(3, 13, 484546).
cost(3, 14, 216238).
cost(3, 15, 271878).
cost(3, 16, 629489).
cost(3, 17, 99252).
cost(4, 1, 438228).
cost(4, 2, 407270).
cost(4, 3, 411085).
cost(4, 5, 323901).
cost(4, 6, 250309).
cost(4, 7, 257399).
cost(4, 8, 389845).
cost(4, 9, 585674).
cost(4, 10, 332215).
cost(4, 11, 1017138).
cost(4, 12, 452995).
cost(4, 13, 354086).
cost(4, 14, 300239).
cost(4, 15, 209469).
cost(4, 16, 461018).
cost(4, 17, 416719).
cost(5, 1, 543014).
cost(5, 2, 558197).
cost(5, 3, 350206).
cost(5, 4, 323901).
cost(5, 6, 172127).
cost(5, 7, 333799).
cost(5, 8, 111940).
cost(5, 9, 323917).
cost(5, 10, 101197).
cost(5, 11, 695476).
cost(5, 12, 634644).
cost(5, 13, 137240).
cost(5, 14, 135716).
cost(5, 15, 390620).
cost(5, 16, 280053).
cost(5, 17, 277163).
cost(6, 1, 371485).
cost(6, 2, 601030).
cost(6, 3, 470367).
cost(6, 4, 250309).
cost(6, 5, 172127).
cost(6, 7, 390990).
cost(6, 8, 282654).
cost(6, 9, 338089).
cost(6, 10, 254538).
cost(6, 11, 800080).
cost(6, 12, 664744).
cost(6, 13, 113624).
cost(6, 14, 264102).
cost(6, 15, 405130).
cost(6, 16, 212886).
cost(6, 17, 420174).
cost(7, 1, 684337).
cost(7, 2, 224399).
cost(7, 3, 171947).
cost(7, 4, 257399).
cost(7, 5, 333799).
cost(7, 6, 390990).
cost(7, 8, 318352).
cost(7, 9, 657196).
cost(7, 10, 264068).
cost(7, 11, 980579).
cost(7, 12, 302095).
cost(7, 13, 444265).
cost(7, 14, 213778).
cost(7, 15, 102844).
cost(7, 16, 586156).
cost(7, 17, 222237).
cost(8, 1, 654106).
cost(8, 2, 534937).
cost(8, 3, 279661).
cost(8, 4, 389845).
cost(8, 5, 111940).
cost(8, 6, 282654).
cost(8, 7, 318352).
cost(8, 9, 380535).
cost(8, 10, 60752).
cost(8, 11, 665014).
cost(8, 12, 616828).
cost(8, 13, 241059).
cost(8, 14, 108036).
cost(8, 15, 398819).
cost(8, 16, 374922).
cost(8, 17, 190191).
cost(9, 1, 558802).
cost(9, 2, 881488).
cost(9, 3, 658876).
cost(9, 4, 585674).
cost(9, 5, 323917).
cost(9, 6, 338089).
cost(9, 7, 657196).
cost(9, 8, 380535).
cost(9, 10, 410763).
cost(9, 11, 506089).
cost(9, 12, 956485).
cost(9, 13, 232440).
cost(9, 14, 455326).
cost(9, 15, 705634).
cost(9, 16, 162625).
cost(9, 17, 570509).
cost(10, 1, 623557).
cost(10, 2, 484653).
cost(10, 3, 251505).
cost(10, 4, 332215).
cost(10, 5, 101197).
cost(10, 6, 254538).
cost(10, 7, 264068).
cost(10, 8, 60752).
cost(10, 9, 410763).
cost(10, 11, 723895).
cost(10, 12, 565113).
cost(10, 13, 238350).
cost(10, 14, 50346).
cost(10, 15, 340129).
cost(10, 16, 380958).
cost(10, 17, 176029).
cost(11, 1, 1064692).
cost(11, 2, 1186339).
cost(11, 3, 893085).
cost(11, 4, 1017138).
cost(11, 5, 695476).
cost(11, 6, 800080).
cost(11, 7, 980579).
cost(11, 8, 665014).
cost(11, 9, 506089).
cost(11, 10, 723895).
cost(11, 12, 1270519).
cost(11, 13, 687000).
cost(11, 14, 772951).
cost(11, 15, 1063788).
cost(11, 16, 667455).
cost(11, 17, 795193).
cost(12, 1, 880273).
cost(12, 2, 84621).
cost(12, 3, 387481).
cost(12, 4, 452995).
cost(12, 5, 634644).
cost(12, 6, 664744).
cost(12, 7, 302095).
cost(12, 8, 616828).
cost(12, 9, 956485).
cost(12, 10, 565113).
cost(12, 11, 1270519).
cost(12, 13, 736148).
cost(12, 14, 515085).
cost(12, 15, 259630).
cost(12, 16, 872295).
cost(12, 17, 479509).
cost(13, 1, 441647).
cost(13, 2, 665425).
cost(13, 3, 484546).
cost(13, 4, 354086).
cost(13, 5, 137240).
cost(13, 6, 113624).
cost(13, 7, 444265).
cost(13, 8, 241059).
cost(13, 9, 232440).
cost(13, 10, 238350).
cost(13, 11, 687000).
cost(13, 12, 736148).
cost(13, 14, 268330).
cost(13, 15, 480147).
cost(13, 16, 145545).
cost(13, 17, 414370).
cost(14, 1, 624958).
cost(14, 2, 435001).
cost(14, 3, 216238).
cost(14, 4, 300239).
cost(14, 5, 135716).
cost(14, 6, 264102).
cost(14, 7, 213778).
cost(14, 8, 108036).
cost(14, 9, 455326).
cost(14, 10, 50346).
cost(14, 11, 772951).
cost(14, 12, 515085).
cost(14, 13, 268330).
cost(14, 15, 290837).
cost(14, 16, 413449).
cost(14, 17, 156097).
cost(15, 1, 647667).
cost(15, 2, 201262).
cost(15, 3, 271878).
cost(15, 4, 209469).
cost(15, 5, 390620).
cost(15, 6, 405130).
cost(15, 7, 102844).
cost(15, 8, 398819).
cost(15, 9, 705634).
cost(15, 10, 340129).
cost(15, 11, 1063788).
cost(15, 12, 259630).
cost(15, 13, 480147).
cost(15, 14, 290837).
cost(15, 16, 613587).
cost(15, 17, 324392).
cost(16, 1, 399940).
cost(16, 2, 804562).
cost(16, 3, 629489).
cost(16, 4, 461018).
cost(16, 5, 280053).
cost(16, 6, 212886).
cost(16, 7, 586156).
cost(16, 8, 374922).
cost(16, 9, 162625).
cost(16, 10, 380958).
cost(16, 11, 667455).
cost(16, 12, 872295).
cost(16, 13, 145545).
cost(16, 14, 413449).
cost(16, 15, 613587).
cost(16, 17, 556269).
cost(17, 1, 778689).
cost(17, 2, 394890).
cost(17, 3, 99252).
cost(17, 4, 416719).
cost(17, 5, 277163).
cost(17, 6, 420174).
cost(17, 7, 222237).
cost(17, 8, 190191).
cost(17, 9, 570509).
cost(17, 10, 176029).
cost(17, 11, 795193).
cost(17, 12, 479509).
cost(17, 13, 414370).
cost(17, 14, 156097).
cost(17, 15, 324392).
cost(17, 16, 556269).
