dimension(17).
point(1, 300552.0, 100959.0).
point(2, -280744.0, 457332.0).
point(3, 165101.0, 599935.0).
point(4, 161146.0, 111728.0).
point(5, 94993.0, 182266.0).
point(6, -196456.0, 201693.0).
point(7, -67360.0, 337959.0).
point(8, -396876.0, -363184.0).
point(9, 139652.0, 273607.0).
point(10, 296403.0, 189547.0).
point(11, 410222.0, -280899.0).
point(12, 124429.0, -408245.0).
point(13, -78076.0, -76218.0).
point(14, 92879.0, 301931.0).
point(15, 179763.0, -596420.0).
point(16, -8564.0, 325332.0).
point(17, 46570.0, -100780.0).
cost(1, 2, 681841).
cost(1, 3, 517034).
cost(1, 4, 139821).
cost(1, 5, 221055).
cost(1, 6, 507114).
cost(1, 7, 437639).
cost(1, 8, 837756).
cost(1, 9, 236000).
cost(1, 10, 88685).
cost(1, 11, 397295).
cost(1, 12, 538802).
cost(1, 13, 418032).
cost(1, 14, 288994).
cost(1, 15, 707762).
cost(1, 16, 381963).
cost(1, 17, 324354).
cost(2, 1, 681841).
cost(2, 3, 468095).
cost(2, 4, 560989).
cost(2, 5, 465660).
cost(2, 6, 269176).
cost(2, 7, 244505).
cost(2, 8, 828694).
cost(2, 9, 458789).
cost(2, 10, 636245).
cost(2, 11, 1011147).
cost(2, 12, 955714).
cost(2, 13, 570745).
cost(2, 14, 404652).
cost(2, 15, 1149983).
cost(2, 16, 302500).
cost(2, 17, 647011).
cost(3, 1, 517034).
cost(3, 2, 468095).
cost(3, 4, 488223).
cost(3, 5, 423512).
cost(3, 6, 537885).
cost(3, 7, 350242).
cost(3, 8, 1115086).
cost(3, 9, 327319).
cost(3, 10, 430881).
cost(3, 11, 914305).
cost(3, 12, 1009000).
cost(3, 13, 718553).
cost(3, 14, 306631).
cost(3, 15, 1196445).
cost(3, 16, 324910).
cost(3, 17, 710669).
cost(4, 1, 139821).
cost(4, 2, 560989).
cost(4, 3, 488223).
cost(4, 5, 96705).
cost(4, 6, 368745).
cost(4, 7, 321552).
cost(4, 8, 732755).
cost(4, 9, 163300).
cost(4, 10, 156046).
cost(4, 11, 464968).
cost(4, 12, 521268).
cost(4, 13, 304222).
cost(4, 14, 202083).
cost(4, 15, 708393).
cost(4, 16, 272815).
cost(4, 17, 241428).
cost(5, 1, 221055).
cost(5, 2, 465660).
cost(5, 3, 423512).
cost(5, 4, 96705).
cost(5, 6, 292096).
cost(5, 7, 224942).
cost(5, 8, 734473).
cost(5, 9, 101674).
cost(5, 10, 201542).
cost(5, 11, 560260).
cost(5, 12, 591244).
cost(5, 13, 311074).
cost(5, 14, 119684).
cost(5, 15, 783287).
cost(5, 16, 176612).
cost(5, 17, 287158).
cost(6, 1, 507114).
cost(6, 2, 269176).
cost(6, 3, 537885).
cost(6, 4, 368745).
cost(6, 5, 292096).
cost(6, 7, 187708).
cost(6, 8, 599378).
cost(6, 9, 343715).
cost(6, 10, 493009).
cost(6, 11, 775212).
cost(6, 12, 689196).
cost(6, 13, 302073).
cost(6, 14, 306206).
cost(6, 15, 882341).
cost(6, 16, 224922).
cost(6, 17, 388010).
cost(7, 1, 437639).
cost(7, 2, 244505).
cost(7, 3, 350242).
cost(7, 4, 321552).
cost(7, 5, 224942).
cost(7, 6, 187708).
cost(7, 8, 774714).
cost(7, 9, 216784).
cost(7, 10, 392874).
cost(7, 11, 781710).
cost(7, 12, 770457).
cost(7, 13, 414316).
cost(7, 14, 164239).
cost(7, 15, 966506).
cost(7, 16, 60137).
cost(7, 17, 453290).
cost(8, 1, 837756).
cost(8, 2, 828694).
cost(8, 3, 1115086).
cost(8, 4, 732755).
cost(8, 5, 734473).
cost(8, 6, 599378).
cost(8, 7, 774714).
cost(8, 9, 832685).
cost(8, 10, 886649).
cost(8, 11, 811282).
cost(8, 12, 523249).
cost(8, 13, 428932).
cost(8, 14, 825977).
cost(8, 15, 622022).
cost(8, 16, 790469).
cost(8, 17, 515267).
cost(9, 1, 236000).
cost(9, 2, 458789).
cost(9, 3, 327319).
cost(9, 4, 163300).
cost(9, 5, 101674).
cost(9, 6, 343715).
cost(9, 7, 216784).
cost(9, 8, 832685).
cost(9, 10, 177868).
cost(9, 11, 616997).
cost(9, 12, 682022).
cost(9, 13, 412047).
cost(9, 14, 54681).
cost(9, 15, 870951).
cost(9, 16, 156982).
cost(9, 17, 385785).
cost(10, 1, 88685).
cost(10, 2, 636245).
cost(10, 3, 430881).
cost(10, 4, 156046).
cost(10, 5, 201542).
cost(10, 6, 493009).
cost(10, 7, 392874).
cost(10, 8, 886649).
cost(10, 9, 177868).
cost(10, 11, 484019).
cost(10, 12, 622037).
cost(10, 13, 459201).
cost(10, 14, 232491).
cost(10, 15, 794575).
cost(10, 16, 333830).
cost(10, 17, 383023).
cost(11, 1, 397295).
cost(11, 2, 1011147).
cost(11, 3, 914305).
cost(11, 4, 464968).
cost(11, 5, 560260).
cost(11, 6, 775212).
cost(11, 7, 781710).
cost(11, 8, 811282).
cost(11, 9, 616997).
cost(11, 10, 484019).
cost(11, 12, 312881).
cost(11, 13, 529461).
cost(11, 14, 663624).
cost(11, 15, 390723).
cost(11, 16, 736816).
cost(11, 17, 405815).
cost(12, 1, 538802).
cost(12, 2, 955714).
cost(12, 3, 1009000).
cost(12, 4, 521268).
cost(12, 5, 591244).
cost(12, 6, 689196).
cost(12, 7, 770457).
cost(12, 8, 523249).
cost(12, 9, 682022).
cost(12, 10, 622037).
cost(12, 11, 312881).
cost(12, 13, 388909).
cost(12, 14, 710876).
cost(12, 15, 196142).
cost(12, 16, 745535).
cost(12, 17, 317170).
cost(13, 1, 418032).
cost(13, 2, 570745).
cost(13, 3, 718553).
cost(13, 4, 304222).
cost(13, 5, 311074).
cost(13, 6, 302073).
cost(13, 7, 414316).
cost(13, 8, 428932).
cost(13, 9, 412047).
cost(13, 10, 459201).
cost(13, 11, 529461).
cost(13, 12, 388909).
cost(13, 14, 414997).
cost(13, 15, 580595).
cost(13, 16, 407522).
cost(13, 17, 127043).
cost(14, 1, 288994).
cost(14, 2, 404652).
cost(14, 3, 306631).
cost(14, 4, 202083).
cost(14, 5, 119684).
cost(14, 6, 306206).
cost(14, 7, 164239).
cost(14, 8, 825977).
cost(14, 9, 54681).
cost(14, 10, 232491).
cost(14, 11, 663624).
cost(14, 12, 710876).
cost(14, 13, 414997).
cost(14, 15, 902543).
cost(14, 16, 104107).
cost(14, 17, 405365).
cost(15, 1, 707762).
cost(15, 2, 1149983).
cost(15, 3, 1196445).
cost(15, 4, 708393).
cost(15, 5, 783287).
cost(15, 6, 882341).
cost(15, 7, 966506).
cost(15, 8, 622022).
cost(15, 9, 870951).
cost(15, 10, 794575).
cost(15, 11, 390723).
cost(15, 12, 196142).
cost(15, 13, 580595).
cost(15, 14, 902543).
cost(15, 16, 940794).
cost(15, 17, 513224).
cost(16, 1, 381963).
cost(16, 2, 302500).
cost(16, 3, 324910).
cost(16, 4, 272815).
cost(16, 5, 176612).
cost(16, 6, 224922).
cost(16, 7, 60137).
cost(16, 8, 790469).
cost(16, 9, 156982).
cost(16, 10, 333830).
cost(16, 11, 736816).
cost(16, 12, 745535).
cost(16, 13, 407522).
cost(16, 14, 104107).
cost(16, 15, 940794).
cost(16, 17, 429664).
cost(17, 1, 324354).
cost(17, 2, 647011).
cost(17, 3, 710669).
cost(17, 4, 241428).
cost(17, 5, 287158).
cost(17, 6, 388010).
cost(17, 7, 453290).
cost(17, 8, 515267).
cost(17, 9, 385785).
cost(17, 10, 383023).
cost(17, 11, 405815).
cost(17, 12, 317170).
cost(17, 13, 127043).
cost(17, 14, 405365).
cost(17, 15, 513224).
cost(17, 16, 429664).
