dimension(17).
point(1, -8977.0, 468210.0).
point(2, 20931.0, -83315.0).
point(3, -57902.0, 278555.0).
point(4, 148352.0, 243157.0).
point(5, -70557.0, 140592.0).
point(6, -20392.0, -116891.0).
point(7, -308743.0, 141153.0).
point(8, -43868.0, 266218.0).
point(9, 86013.0, 152520.0).
point(10, -18844.0, 127269.0).
point(11, -224086.0, -319616.0).
point(12, -319056.0, -325358.0).
point(13, 48453.0, -61669.0).
point(14, 58028.0, -265367.0).
point(15, -139818.0, 139078.0).
point(16, 248985.0, -147866.0).
point(17, 321123.0, 193241.0).
cost(1, 2, 552335).
cost(1, 3, 195864).
cost(1, 4, 274593).
cost(1, 5, 333355).
cost(1, 6, 585212).
cost(1, 7, 443651).
cost(1, 8, 204983).
cost(1, 9, 329671).
cost(1, 10, 341084).
cost(1, 11, 816665).
cost(1, 12, 851997).
cost(1, 13, 532982).
cost(1, 14, 736631).
cost(1, 15, 354185).
cost(1, 16, 667903).
cost(1, 17, 429621).
cost(2, 1, 552335).
cost(2, 3, 370357).
cost(2, 4, 350457).
cost(2, 5, 241877).
cost(2, 6, 53244).
cost(2, 7, 398837).
cost(2, 8, 355489).
cost(2, 9, 244650).
cost(2, 10, 214307).
cost(2, 11, 340399).
cost(2, 12, 417344).
cost(2, 13, 35014).
cost(2, 14, 185793).
cost(2, 15, 274406).
cost(2, 16, 237014).
cost(2, 17, 408165).
cost(3, 1, 195864).
cost(3, 2, 370357).
cost(3, 4, 209270).
cost(3, 5, 138542).
cost(3, 6, 397221).
cost(3, 7, 286008).
cost(3, 8, 18686).
cost(3, 9, 191302).
cost(3, 10, 156247).
cost(3, 11, 620827).
cost(3, 12, 657961).
cost(3, 13, 356460).
cost(3, 14, 556139).
cost(3, 15, 161753).
cost(3, 16, 525371).
cost(3, 17, 388508).
cost(4, 1, 274593).
cost(4, 2, 350457).
cost(4, 3, 209270).
cost(4, 5, 241745).
cost(4, 6, 397629).
cost(4, 7, 468338).
cost(4, 8, 193598).
cost(4, 9, 110006).
cost(4, 10, 203432).
cost(4, 11, 674851).
cost(4, 12, 735989).
cost(4, 13, 320778).
cost(4, 14, 516483).
cost(4, 15, 306389).
cost(4, 16, 403765).
cost(4, 17, 179837).
cost(5, 1, 333355).
cost(5, 2, 241877).
cost(5, 3, 138542).
cost(5, 4, 241745).
cost(5, 6, 262324).
cost(5, 7, 238187).
cost(5, 8, 128430).
cost(5, 9, 157024).
cost(5, 10, 53402).
cost(5, 11, 485142).
cost(5, 12, 528073).
cost(5, 13, 234676).
cost(5, 14, 425837).
cost(5, 15, 69278).
cost(5, 16, 430482).
cost(5, 17, 395203).
cost(6, 1, 585212).
cost(6, 2, 53244).
cost(6, 3, 397221).
cost(6, 4, 397629).
cost(6, 5, 262324).
cost(6, 7, 386953).
cost(6, 8, 383828).
cost(6, 9, 289662).
cost(6, 10, 244165).
cost(6, 11, 287382).
cost(6, 12, 364223).
cost(6, 13, 88256).
cost(6, 14, 167913).
cost(6, 15, 282458).
cost(6, 16, 271152).
cost(6, 17, 461318).
cost(7, 1, 443651).
cost(7, 2, 398837).
cost(7, 3, 286008).
cost(7, 4, 468338).
cost(7, 5, 238187).
cost(7, 6, 386953).
cost(7, 8, 292916).
cost(7, 9, 394920).
cost(7, 10, 290231).
cost(7, 11, 468481).
cost(7, 12, 466625).
cost(7, 13, 410762).
cost(7, 14, 547521).
cost(7, 15, 168938).
cost(7, 16, 628166).
cost(7, 17, 632016).
cost(8, 1, 204983).
cost(8, 2, 355489).
cost(8, 3, 18686).
cost(8, 4, 193598).
cost(8, 5, 128430).
cost(8, 6, 383828).
cost(8, 7, 292916).
cost(8, 9, 172616).
cost(8, 10, 141184).
cost(8, 11, 612927).
cost(8, 12, 652450).
cost(8, 13, 340636).
cost(8, 14, 541263).
cost(8, 15, 159283).
cost(8, 16, 507177).
cost(8, 17, 372215).
cost(9, 1, 329671).
cost(9, 2, 244650).
cost(9, 3, 191302).
cost(9, 4, 110006).
cost(9, 5, 157024).
cost(9, 6, 289662).
cost(9, 7, 394920).
cost(9, 8, 172616).
cost(9, 10, 107855).
cost(9, 11, 564866).
cost(9, 12, 626457).
cost(9, 13, 217457).
cost(9, 14, 418823).
cost(9, 15, 226231).
cost(9, 16, 341748).
cost(9, 17, 238610).
cost(10, 1, 341084).
cost(10, 2, 214307).
cost(10, 3, 156247).
cost(10, 4, 203432).
cost(10, 5, 53402).
cost(10, 6, 244165).
cost(10, 7, 290231).
cost(10, 8, 141184).
cost(10, 9, 107855).
cost(10, 11, 491763).
cost(10, 12, 543138).
cost(10, 13, 200565).
cost(10, 14, 400090).
cost(10, 15, 121549).
cost(10, 16, 383968).
cost(10, 17, 346309).
cost(11, 1, 816665).
cost(11, 2, 340399).
cost(11, 3, 620827).
cost(11, 4, 674851).
cost(11, 5, 485142).
cost(11, 6, 287382).
cost(11, 7, 468481).
cost(11, 8, 612927).
cost(11, 9, 564866).
cost(11, 10, 491763).
cost(11, 12, 95143).
cost(11, 13, 375252).
cost(11, 14, 287283).
cost(11, 15, 466370).
cost(11, 16, 503283).
cost(11, 17, 748515).
cost(12, 1, 851997).
cost(12, 2, 417344).
cost(12, 3, 657961).
cost(12, 4, 735989).
cost(12, 5, 528073).
cost(12, 6, 364223).
cost(12, 7, 466625).
cost(12, 8, 652450).
cost(12, 9, 626457).
cost(12, 10, 543138).
cost(12, 11, 95143).
cost(12, 13, 452322).
cost(12, 14, 381826).
cost(12, 15, 497822).
cost(12, 16, 595125).
cost(12, 17, 823877).
cost(13, 1, 532982).
cost(13, 2, 35014).
cost(13, 3, 356460).
cost(13, 4, 320778).
cost(13, 5, 234676).
cost(13, 6, 88256).
cost(13, 7, 410762).
cost(13, 8, 340636).
cost(13, 9, 217457).
cost(13, 10, 200565).
cost(13, 11, 375252).
cost(13, 12, 452322).
cost(13, 14, 203923).
cost(13, 15, 275219).
cost(13, 16, 218273).
cost(13, 17, 373267).
cost(14, 1, 736631).
cost(14, 2, 185793).
cost(14, 3, 556139).
cost(14, 4, 516483).
cost(14, 5, 425837).
cost(14, 6, 167913).
cost(14, 7, 547521).
cost(14, 8, 541263).
cost(14, 9, 418823).
cost(14, 10, 400090).
cost(14, 11, 287283).
cost(14, 12, 381826).
cost(14, 13, 203923).
cost(14, 15, 450243).
cost(14, 16, 224212).
cost(14, 17, 528716).
cost(15, 1, 354185).
cost(15, 2, 274406).
cost(15, 3, 161753).
cost(15, 4, 306389).
cost(15, 5, 69278).
cost(15, 6, 282458).
cost(15, 7, 168938).
cost(15, 8, 159283).
cost(15, 9, 226231).
cost(15, 10, 121549).
cost(15, 11, 466370).
cost(15, 12, 497822).
cost(15, 13, 275219).
cost(15, 14, 450243).
cost(15, 16, 483223).
cost(15, 17, 464112).
cost(16, 1, 667903).
cost(16, 2, 237014).
cost(16, 3, 525371).
cost(16, 4, 403765).
cost(16, 5, 430482).
cost(16, 6, 271152).
cost(16, 7, 628166).
cost(16, 8, 507177).
cost(16, 9, 341748).
cost(16, 10, 383968).
cost(16, 11, 503283).
cost(16, 12, 595125).
cost(16, 13, 218273).
cost(16, 14, 224212).
cost(16, 15, 483223).
cost(16, 17, 348652).
cost(17, 1, 429621).
cost(17, 2, 408165).
cost(17, 3, 388508).
cost(17, 4, 179837).
cost(17, 5, 395203).
cost(17, 6, 461318).
cost(17, 7, 632016).
cost(17, 8, 372215).
cost(17, 9, 238610).
cost(17, 10, 346309).
cost(17, 11, 748515).
cost(17, 12, 823877).
cost(17, 13, 373267).
cost(17, 14, 528716).
cost(17, 15, 464112).
cost(17, 16, 348652).
