dimension(17).
point(1, -147770.0, -456542.0).
point(2, -16489.0, -39847.0).
point(3, -103840.0, 296990.0).
point(4, 244102.0, -155296.0).
point(5, -79221.0, -208693.0).
point(6, -24772.0, -207067.0).
point(7, -76702.0, 183128.0).
point(8, -7716.0, 77486.0).
point(9, 36849.0, 237714.0).
point(10, -402062.0, -62455.0).
point(11, -320763.0, 56166.0).
point(12, 572709.0, -241084.0).
point(13, -335489.0, 36709.0).
point(14, 97675.0, -138958.0).
point(15, -120326.0, -203918.0).
point(16, -263362.0, -185881.0).
point(17, -131834.0, -143616.0).
cost(1, 2, 436886).
cost(1, 3, 754811).
cost(1, 4, 494280).
cost(1, 5, 257154).
cost(1, 6, 278148).
cost(1, 7, 643606).
cost(1, 8, 552088).
cost(1, 9, 718384).
cost(1, 10, 469009).
cost(1, 11, 541106).
cost(1, 12, 752005).
cost(1, 13, 527764).
cost(1, 14, 401376).
cost(1, 15, 254110).
cost(1, 16, 294311).
cost(1, 17, 313332).
cost(2, 1, 436886).
cost(2, 3, 347979).
cost(2, 4, 285020).
cost(2, 5, 180123).
cost(2, 6, 167425).
cost(2, 7, 230962).
cost(2, 8, 117661).
cost(2, 9, 282639).
cost(2, 10, 386235).
cost(2, 11, 319063).
cost(2, 12, 622616).
cost(2, 13, 328058).
cost(2, 14, 151183).
cost(2, 15, 194169).
cost(2, 16, 286831).
cost(2, 17, 155153).
cost(3, 1, 754811).
cost(3, 2, 347979).
cost(3, 4, 570637).
cost(3, 5, 506282).
cost(3, 6, 510221).
cost(3, 7, 117051).
cost(3, 8, 239629).
cost(3, 9, 152666).
cost(3, 10, 467051).
cost(3, 11, 324117).
cost(3, 12, 864432).
cost(3, 13, 348436).
cost(3, 14, 480270).
cost(3, 15, 501179).
cost(3, 16, 508539).
cost(3, 17, 441494).
cost(4, 1, 494280).
cost(4, 2, 285020).
cost(4, 3, 570637).
cost(4, 5, 327703).
cost(4, 6, 273813).
cost(4, 7, 466311).
cost(4, 8, 342928).
cost(4, 9, 444309).
cost(4, 10, 652800).
cost(4, 11, 603149).
cost(4, 12, 339621).
cost(4, 13, 610567).
cost(4, 14, 147336).
cost(4, 15, 367657).
cost(4, 16, 508385).
cost(4, 17, 376117).
cost(5, 1, 257154).
cost(5, 2, 180123).
cost(5, 3, 506282).
cost(5, 4, 327703).
cost(5, 6, 54473).
cost(5, 7, 391829).
cost(5, 8, 294977).
cost(5, 9, 461250).
cost(5, 10, 354418).
cost(5, 11, 358459).
cost(5, 12, 652734).
cost(5, 13, 354817).
cost(5, 14, 190145).
cost(5, 15, 41381).
cost(5, 16, 185549).
cost(5, 17, 83685).
cost(6, 1, 278148).
cost(6, 2, 167425).
cost(6, 3, 510221).
cost(6, 4, 273813).
cost(6, 5, 54473).
cost(6, 7, 393635).
cost(6, 8, 285064).
cost(6, 9, 449029).
cost(6, 10, 404055).
cost(6, 11, 396109).
cost(6, 12, 598449).
cost(6, 13, 394933).
cost(6, 14, 140115).
cost(6, 15, 95606).
cost(6, 16, 239529).
cost(6, 17, 124452).
cost(7, 1, 643606).
cost(7, 2, 230962).
cost(7, 3, 117051).
cost(7, 4, 466311).
cost(7, 5, 391829).
cost(7, 6, 393635).
cost(7, 8, 126172).
cost(7, 9, 125990).
cost(7, 10, 407640).
cost(7, 11, 275109).
cost(7, 12, 775687).
cost(7, 13, 297337).
cost(7, 14, 366260).
cost(7, 15, 389497).
cost(7, 16, 413533).
cost(7, 17, 331363).
cost(8, 1, 552088).
cost(8, 2, 117661).
cost(8, 3, 239629).
cost(8, 4, 342928).
cost(8, 5, 294977).
cost(8, 6, 285064).
cost(8, 7, 126172).
cost(8, 9, 166310).
cost(8, 10, 418440).
cost(8, 11, 313772).
cost(8, 12, 662103).
cost(8, 13, 330300).
cost(8, 14, 240739).
cost(8, 15, 303099).
cost(8, 16, 367038).
cost(8, 17, 253557).
cost(9, 1, 718384).
cost(9, 2, 282639).
cost(9, 3, 152666).
cost(9, 4, 444309).
cost(9, 5, 461250).
cost(9, 6, 449029).
cost(9, 7, 125990).
cost(9, 8, 166310).
cost(9, 10, 531737).
cost(9, 11, 401056).
cost(9, 12, 718605).
cost(9, 13, 423130).
cost(9, 14, 381552).
cost(9, 15, 468767).
cost(9, 16, 519191).
cost(9, 17, 416973).
cost(10, 1, 469009).
cost(10, 2, 386235).
cost(10, 3, 467051).
cost(10, 4, 652800).
cost(10, 5, 354418).
cost(10, 6, 404055).
cost(10, 7, 407640).
cost(10, 8, 418440).
cost(10, 9, 531737).
cost(10, 11, 143807).
cost(10, 12, 991003).
cost(10, 13, 119438).
cost(10, 14, 505559).
cost(10, 15, 315257).
cost(10, 16, 185665).
cost(10, 17, 282153).
cost(11, 1, 541106).
cost(11, 2, 319063).
cost(11, 3, 324117).
cost(11, 4, 603149).
cost(11, 5, 358459).
cost(11, 6, 396109).
cost(11, 7, 275109).
cost(11, 8, 313772).
cost(11, 9, 401056).
cost(11, 10, 143807).
cost(11, 12, 941621).
cost(11, 13, 24401).
cost(11, 14, 461697).
cost(11, 15, 328358).
cost(11, 16, 248760).
cost(11, 17, 274967).
cost(12, 1, 752005).
cost(12, 2, 622616).
cost(12, 3, 864432).
cost(12, 4, 339621).
cost(12, 5, 652734).
cost(12, 6, 598449).
cost(12, 7, 775687).
cost(12, 8, 662103).
cost(12, 9, 718605).
cost(12, 10, 991003).
cost(12, 11, 941621).
cost(12, 13, 949733).
cost(12, 14, 485888).
cost(12, 15, 694031).
cost(12, 16, 837891).
cost(12, 17, 711253).
cost(13, 1, 527764).
cost(13, 2, 328058).
cost(13, 3, 348436).
cost(13, 4, 610567).
cost(13, 5, 354817).
cost(13, 6, 394933).
cost(13, 7, 297337).
cost(13, 8, 330300).
cost(13, 9, 423130).
cost(13, 10, 119438).
cost(13, 11, 24401).
cost(13, 12, 949733).
cost(13, 14, 467429).
cost(13, 15, 322795).
cost(13, 16, 233984).
cost(13, 17, 272016).
cost(14, 1, 401376).
cost(14, 2, 151183).
cost(14, 3, 480270).
cost(14, 4, 147336).
cost(14, 5, 190145).
cost(14, 6, 140115).
cost(14, 7, 366260).
cost(14, 8, 240739).
cost(14, 9, 381552).
cost(14, 10, 505559).
cost(14, 11, 461697).
cost(14, 12, 485888).
cost(14, 13, 467429).
cost(14, 15, 227474).
cost(14, 16, 364073).
cost(14, 17, 229556).
cost(15, 1, 254110).
cost(15, 2, 194169).
cost(15, 3, 501179).
cost(15, 4, 367657).
cost(15, 5, 41381).
cost(15, 6, 95606).
cost(15, 7, 389497).
cost(15, 8, 303099).
cost(15, 9, 468767).
cost(15, 10, 315257).
cost(15, 11, 328358).
cost(15, 12, 694031).
cost(15, 13, 322795).
cost(15, 14, 227474).
cost(15, 16, 144169).
cost(15, 17, 61390).
cost(16, 1, 294311).
cost(16, 2, 286831).
cost(16, 3, 508539).
cost(16, 4, 508385).
cost(16, 5, 185549).
cost(16, 6, 239529).
cost(16, 7, 413533).
cost(16, 8, 367038).
cost(16, 9, 519191).
cost(16, 10, 185665).
cost(16, 11, 248760).
cost(16, 12, 837891).
cost(16, 13, 233984).
cost(16, 14, 364073).
cost(16, 15, 144169).
cost(16, 17, 138152).
cost(17, 1, 313332).
cost(17, 2, 155153).
cost(17, 3, 441494).
cost(17, 4, 376117).
cost(17, 5, 83685).
cost(17, 6, 124452).
cost(17, 7, 331363).
cost(17, 8, 253557).
cost(17, 9, 416973).
cost(17, 10, 282153).
cost(17, 11, 274967).
cost(17, 12, 711253).
cost(17, 13, 272016).
cost(17, 14, 229556).
cost(17, 15, 61390).
cost(17, 16, 138152).
