dimension(17).
point(1, 524053.0, -260591.0).
point(2, -145455.0, -141167.0).
point(3, 409278.0, 251663.0).
point(4, 291720.0, -109458.0).
point(5, 353141.0, 194172.0).
point(6, -76370.0, 516906.0).
point(7, 550062.0, 227898.0).
point(8, -313848.0, 443401.0).
point(9, 172629.0, 218754.0).
point(10, 1076.0, -299858.0).
point(11, -169661.0, 231567.0).
point(12, 285824.0, 281767.0).
point(13, -130861.0, 104249.0).
point(14, -71874.0, -251132.0).
point(15, -371758.0, -320824.0).
point(16, 94507.0, -418399.0).
point(17, -2367.0, 103755.0).
cost(1, 2, 680076).
cost(1, 3, 524955).
cost(1, 4, 277164).
cost(1, 5, 485819).
cost(1, 6, 982349).
cost(1, 7, 489181).
cost(1, 8, 1094387).
cost(1, 9, 594366).
cost(1, 10, 524449).
cost(1, 11, 850564).
cost(1, 12, 592373).
cost(1, 13, 749680).
cost(1, 14, 596002).
cost(1, 15, 897834).
cost(1, 16, 457617).
cost(1, 17, 640208).
cost(2, 1, 680076).
cost(2, 3, 679738).
cost(2, 4, 438323).
cost(2, 5, 600875).
cost(2, 6, 661689).
cost(2, 7, 787371).
cost(2, 8, 608339).
cost(2, 9, 480334).
cost(2, 10, 215996).
cost(2, 11, 373519).
cost(2, 12, 604049).
cost(2, 13, 245850).
cost(2, 14, 132312).
cost(2, 15, 288946).
cost(2, 16, 366660).
cost(2, 17, 283656).
cost(3, 1, 524955).
cost(3, 2, 679738).
cost(3, 4, 379774).
cost(3, 5, 80353).
cost(3, 6, 553360).
cost(3, 7, 142776).
cost(3, 8, 748114).
cost(3, 9, 238926).
cost(3, 10, 686152).
cost(3, 11, 579288).
cost(3, 12, 127071).
cost(3, 13, 559894).
cost(3, 14, 695924).
cost(3, 15, 968379).
cost(3, 16, 740313).
cost(3, 17, 437411).
cost(4, 1, 277164).
cost(4, 2, 438323).
cost(4, 3, 379774).
cost(4, 5, 309780).
cost(4, 6, 726514).
cost(4, 7, 424911).
cost(4, 8, 819979).
cost(4, 9, 349150).
cost(4, 10, 347457).
cost(4, 11, 573734).
cost(4, 12, 391269).
cost(4, 13, 473546).
cost(4, 14, 390221).
cost(4, 15, 696332).
cost(4, 16, 366521).
cost(4, 17, 363245).
cost(5, 1, 485819).
cost(5, 2, 600875).
cost(5, 3, 80353).
cost(5, 4, 309780).
cost(5, 6, 537249).
cost(5, 7, 199788).
cost(5, 8, 712032).
cost(5, 9, 182178).
cost(5, 10, 606643).
cost(5, 11, 524138).
cost(5, 12, 110474).
cost(5, 13, 492285).
cost(5, 14, 615576).
cost(5, 15, 889213).
cost(5, 16, 664932).
cost(5, 17, 366826).
cost(6, 1, 982349).
cost(6, 2, 661689).
cost(6, 3, 553360).
cost(6, 4, 726514).
cost(6, 5, 537249).
cost(6, 7, 689886).
cost(6, 8, 248594).
cost(6, 9, 388452).
cost(6, 10, 820428).
cost(6, 11, 300203).
cost(6, 12, 431827).
cost(6, 13, 416239).
cost(6, 14, 768051).
cost(6, 15, 888282).
cost(6, 16, 950786).
cost(6, 17, 419726).
cost(7, 1, 489181).
cost(7, 2, 787371).
cost(7, 3, 142776).
cost(7, 4, 424911).
cost(7, 5, 199788).
cost(7, 6, 689886).
cost(7, 8, 890383).
cost(7, 9, 377544).
cost(7, 10, 761520).
cost(7, 11, 719732).
cost(7, 12, 269673).
cost(7, 13, 692059).
cost(7, 14, 785031).
cost(7, 15, 1072776).
cost(7, 16, 790715).
cost(7, 17, 566206).
cost(8, 1, 1094387).
cost(8, 2, 608339).
cost(8, 3, 748114).
cost(8, 4, 819979).
cost(8, 5, 712032).
cost(8, 6, 248594).
cost(8, 7, 890383).
cost(8, 9, 535842).
cost(8, 10, 807224).
cost(8, 11, 256249).
cost(8, 12, 621073).
cost(8, 13, 385368).
cost(8, 14, 735478).
cost(8, 15, 766416).
cost(8, 16, 953652).
cost(8, 17, 460847).
cost(9, 1, 594366).
cost(9, 2, 480334).
cost(9, 3, 238926).
cost(9, 4, 349150).
cost(9, 5, 182178).
cost(9, 6, 388452).
cost(9, 7, 377544).
cost(9, 8, 535842).
cost(9, 10, 546250).
cost(9, 11, 342530).
cost(9, 12, 129552).
cost(9, 13, 324373).
cost(9, 14, 529693).
cost(9, 15, 766487).
cost(9, 16, 641924).
cost(9, 17, 209400).
cost(10, 1, 524449).
cost(10, 2, 215996).
cost(10, 3, 686152).
cost(10, 4, 347457).
cost(10, 5, 606643).
cost(10, 6, 820428).
cost(10, 7, 761520).
cost(10, 8, 807224).
cost(10, 9, 546250).
cost(10, 11, 558179).
cost(10, 12, 647587).
cost(10, 13, 425100).
cost(10, 14, 87726).
cost(10, 15, 373423).
cost(10, 16, 150935).
cost(10, 17, 403628).
cost(11, 1, 850564).
cost(11, 2, 373519).
cost(11, 3, 579288).
cost(11, 4, 573734).
cost(11, 5, 524138).
cost(11, 6, 300203).
cost(11, 7, 719732).
cost(11, 8, 256249).
cost(11, 9, 342530).
cost(11, 10, 558179).
cost(11, 12, 458243).
cost(11, 13, 133099).
cost(11, 14, 492504).
cost(11, 15, 588200).
cost(11, 16, 701599).
cost(11, 17, 210531).
cost(12, 1, 592373).
cost(12, 2, 604049).
cost(12, 3, 127071).
cost(12, 4, 391269).
cost(12, 5, 110474).
cost(12, 6, 431827).
cost(12, 7, 269673).
cost(12, 8, 621073).
cost(12, 9, 129552).
cost(12, 10, 647587).
cost(12, 11, 458243).
cost(12, 13, 452923).
cost(12, 14, 641817).
cost(12, 15, 891925).
cost(12, 16, 725834).
cost(12, 17, 338736).
cost(13, 1, 749680).
cost(13, 2, 245850).
cost(13, 3, 559894).
cost(13, 4, 473546).
cost(13, 5, 492285).
cost(13, 6, 416239).
cost(13, 7, 692059).
cost(13, 8, 385368).
cost(13, 9, 324373).
cost(13, 10, 425100).
cost(13, 11, 133099).
cost(13, 12, 452923).
cost(13, 14, 360243).
cost(13, 15, 488588).
cost(13, 16, 569168).
cost(13, 17, 128495).
cost(14, 1, 596002).
cost(14, 2, 132312).
cost(14, 3, 695924).
cost(14, 4, 390221).
cost(14, 5, 615576).
cost(14, 6, 768051).
cost(14, 7, 785031).
cost(14, 8, 735478).
cost(14, 9, 529693).
cost(14, 10, 87726).
cost(14, 11, 492504).
cost(14, 12, 641817).
cost(14, 13, 360243).
cost(14, 15, 307876).
cost(14, 16, 235926).
cost(14, 17, 361630).
cost(15, 1, 897834).
cost(15, 2, 288946).
cost(15, 3, 968379).
cost(15, 4, 696332).
cost(15, 5, 889213).
cost(15, 6, 888282).
cost(15, 7, 1072776).
cost(15, 8, 766416).
cost(15, 9, 766487).
cost(15, 10, 373423).
cost(15, 11, 588200).
cost(15, 12, 891925).
cost(15, 13, 488588).
cost(15, 14, 307876).
cost(15, 16, 476365).
cost(15, 17, 562776).
cost(16, 1, 457617).
cost(16, 2, 366660).
cost(16, 3, 740313).
cost(16, 4, 366521).
cost(16, 5, 664932).
cost(16, 6, 950786).
cost(16, 7, 790715).
cost(16, 8, 953652).
cost(16, 9, 641924).
cost(16, 10, 150935).
cost(16, 11, 701599).
cost(16, 12, 725834).
cost(16, 13, 569168).
cost(16, 14, 235926).
cost(16, 15, 476365).
cost(16, 17, 531064).
cost(17, 1, 640208).
cost(17, 2, 283656).
cost(17, 3, 437411).
cost(17, 4, 363245).
cost(17, 5, 366826).
cost(17, 6, 419726).
cost(17, 7, 566206).
cost(17, 8, 460847).
cost(17, 9, 209400).
cost(17, 10, 403628).
cost(17, 11, 210531).
cost(17, 12, 338736).
cost(17, 13, 128495).
cost(17, 14, 361630).
cost(17, 15, 562776).
cost(17, 16, 531064).
