dimension(17).
point(1, -225116.0, 291991.0).
point(2, 293039.0, 119152.0).
point(3, -194369.0, 56495.0).
point(4, 780574.0, -54742.0).
point(5, -77621.0, 71053.0).
point(6, -85299.0, 291002.0).
point(7, 28974.0, 166157.0).
point(8, 164463.0, -66679.0).
point(9, 90468.0, 269844.0).
point(10, 28461.0, 273788.0).
point(11, -137956.0, -465909.0).
point(12, 195014.0, -363524.0).
point(13, -179755.0, -125095.0).
point(14, 198712.0, 283684.0).
point(15, -223980.0, -12032.0).
point(16, -15365.0, 124254.0).
point(17, 45102.0, 351035.0).
cost(1, 2, 546221).
cost(1, 3, 237495).
cost(1, 4, 1063784).
cost(1, 5, 265647).
cost(1, 6, 139820).
cost(1, 7, 283542).
cost(1, 8, 529543).
cost(1, 9, 316360).
cost(1, 10, 254230).
cost(1, 11, 762895).
cost(1, 12, 778594).
cost(1, 13, 419545).
cost(1, 14, 423909).
cost(1, 15, 304025).
cost(1, 16, 268572).
cost(1, 17, 276593).
cost(2, 1, 546221).
cost(2, 3, 491419).
cost(2, 4, 517619).
cost(2, 5, 373768).
cost(2, 6, 415538).
cost(2, 7, 268216).
cost(2, 8, 225976).
cost(2, 9, 252474).
cost(2, 10, 306454).
cost(2, 11, 726673).
cost(2, 12, 492529).
cost(2, 13, 532157).
cost(2, 14, 189653).
cost(2, 15, 533402).
cost(2, 16, 308446).
cost(2, 17, 339474).
cost(3, 1, 237495).
cost(3, 2, 491419).
cost(3, 4, 981268).
cost(3, 5, 117652).
cost(3, 6, 258631).
cost(3, 7, 248813).
cost(3, 8, 379384).
cost(3, 9, 355879).
cost(3, 10, 311239).
cost(3, 11, 525441).
cost(3, 12, 572743).
cost(3, 13, 182177).
cost(3, 14, 454013).
cost(3, 15, 74651).
cost(3, 16, 191399).
cost(3, 17, 379605).
cost(4, 1, 1063784).
cost(4, 2, 517619).
cost(4, 3, 981268).
cost(4, 5, 867366).
cost(4, 6, 932349).
cost(4, 7, 783389).
cost(4, 8, 616227).
cost(4, 9, 762629).
cost(4, 10, 820735).
cost(4, 11, 1006358).
cost(4, 12, 661987).
cost(4, 13, 962903).
cost(4, 14, 673124).
cost(4, 15, 1005462).
cost(4, 16, 815818).
cost(4, 17, 839985).
cost(5, 1, 265647).
cost(5, 2, 373768).
cost(5, 3, 117652).
cost(5, 4, 867366).
cost(5, 6, 220083).
cost(5, 7, 142854).
cost(5, 8, 278522).
cost(5, 9, 260330).
cost(5, 10, 228812).
cost(5, 11, 540341).
cost(5, 12, 513018).
cost(5, 13, 221146).
cost(5, 14, 348672).
cost(5, 15, 168298).
cost(5, 16, 81891).
cost(5, 17, 305697).
cost(6, 1, 139820).
cost(6, 2, 415538).
cost(6, 3, 258631).
cost(6, 4, 932349).
cost(6, 5, 220083).
cost(6, 7, 169247).
cost(6, 8, 436253).
cost(6, 9, 177036).
cost(6, 10, 115055).
cost(6, 11, 758740).
cost(6, 12, 712025).
cost(6, 13, 426683).
cost(6, 14, 284105).
cost(6, 15, 333260).
cost(6, 16, 180819).
cost(6, 17, 143556).
cost(7, 1, 283542).
cost(7, 2, 268216).
cost(7, 3, 248813).
cost(7, 4, 783389).
cost(7, 5, 142854).
cost(7, 6, 169247).
cost(7, 8, 269388).
cost(7, 9, 120551).
cost(7, 10, 107632).
cost(7, 11, 653738).
cost(7, 12, 555096).
cost(7, 13, 358323).
cost(7, 14, 206455).
cost(7, 15, 309414).
cost(7, 16, 61007).
cost(7, 17, 185580).
cost(8, 1, 529543).
cost(8, 2, 225976).
cost(8, 3, 379384).
cost(8, 4, 616227).
cost(8, 5, 278522).
cost(8, 6, 436253).
cost(8, 7, 269388).
cost(8, 9, 344562).
cost(8, 10, 366626).
cost(8, 11, 500841).
cost(8, 12, 298413).
cost(8, 13, 349140).
cost(8, 14, 352033).
cost(8, 15, 392268).
cost(8, 16, 262285).
cost(8, 17, 434433).
cost(9, 1, 316360).
cost(9, 2, 252474).
cost(9, 3, 355879).
cost(9, 4, 762629).
cost(9, 5, 260330).
cost(9, 6, 177036).
cost(9, 7, 120551).
cost(9, 8, 344562).
cost(9, 10, 62132).
cost(9, 11, 770396).
cost(9, 12, 641938).
cost(9, 13, 478537).
cost(9, 14, 109125).
cost(9, 15, 422293).
cost(9, 16, 179992).
cost(9, 17, 93006).
cost(10, 1, 254230).
cost(10, 2, 306454).
cost(10, 3, 311239).
cost(10, 4, 820735).
cost(10, 5, 228812).
cost(10, 6, 115055).
cost(10, 7, 107632).
cost(10, 8, 366626).
cost(10, 9, 62132).
cost(10, 11, 758186).
cost(10, 12, 658716).
cost(10, 13, 449957).
cost(10, 14, 170538).
cost(10, 15, 381339).
cost(10, 16, 155824).
cost(10, 17, 79019).
cost(11, 1, 762895).
cost(11, 2, 726673).
cost(11, 3, 525441).
cost(11, 4, 1006358).
cost(11, 5, 540341).
cost(11, 6, 758740).
cost(11, 7, 653738).
cost(11, 8, 500841).
cost(11, 9, 770396).
cost(11, 10, 758186).
cost(11, 12, 348356).
cost(11, 13, 343368).
cost(11, 14, 821727).
cost(11, 15, 461957).
cost(11, 16, 602761).
cost(11, 17, 837202).
cost(12, 1, 778594).
cost(12, 2, 492529).
cost(12, 3, 572743).
cost(12, 4, 661987).
cost(12, 5, 513018).
cost(12, 6, 712025).
cost(12, 7, 555096).
cost(12, 8, 298413).
cost(12, 9, 641938).
cost(12, 10, 658716).
cost(12, 11, 348356).
cost(12, 13, 444185).
cost(12, 14, 647219).
cost(12, 15, 546903).
cost(12, 16, 531212).
cost(12, 17, 730115).
cost(13, 1, 419545).
cost(13, 2, 532157).
cost(13, 3, 182177).
cost(13, 4, 962903).
cost(13, 5, 221146).
cost(13, 6, 426683).
cost(13, 7, 358323).
cost(13, 8, 349140).
cost(13, 9, 478537).
cost(13, 10, 449957).
cost(13, 11, 343368).
cost(13, 12, 444185).
cost(13, 14, 557079).
cost(13, 15, 121405).
cost(13, 16, 298662).
cost(13, 17, 526555).
cost(14, 1, 423909).
cost(14, 2, 189653).
cost(14, 3, 454013).
cost(14, 4, 673124).
cost(14, 5, 348672).
cost(14, 6, 284105).
cost(14, 7, 206455).
cost(14, 8, 352033).
cost(14, 9, 109125).
cost(14, 10, 170538).
cost(14, 11, 821727).
cost(14, 12, 647219).
cost(14, 13, 557079).
cost(14, 15, 515865).
cost(14, 16, 266921).
cost(14, 17, 167727).
cost(15, 1, 304025).
cost(15, 2, 533402).
cost(15, 3, 74651).
cost(15, 4, 1005462).
cost(15, 5, 168298).
cost(15, 6, 333260).
cost(15, 7, 309414).
cost(15, 8, 392268).
cost(15, 9, 422293).
cost(15, 10, 381339).
cost(15, 11, 461957).
cost(15, 12, 546903).
cost(15, 13, 121405).
cost(15, 14, 515865).
cost(15, 16, 249187).
cost(15, 17, 451910).
cost(16, 1, 268572).
cost(16, 2, 308446).
cost(16, 3, 191399).
cost(16, 4, 815818).
cost(16, 5, 81891).
cost(16, 6, 180819).
cost(16, 7, 61007).
cost(16, 8, 262285).
cost(16, 9, 179992).
cost(16, 10, 155824).
cost(16, 11, 602761).
cost(16, 12, 531212).
cost(16, 13, 298662).
cost(16, 14, 266921).
cost(16, 15, 249187).
cost(16, 17, 234704).
cost(17, 1, 276593).
cost(17, 2, 339474).
cost(17, 3, 379605).
cost(17, 4, 839985).
cost(17, 5, 305697).
cost(17, 6, 143556).
cost(17, 7, 185580).
cost(17, 8, 434433).
cost(17, 9, 93006).
cost(17, 10, 79019).
cost(17, 11, 837202).
cost(17, 12, 730115).
cost(17, 13, 526555).
cost(17, 14, 167727).
cost(17, 15, 451910).
cost(17, 16, 234704).
