dimension(17).
point(1, -163907.0, 119755.0).
point(2, -163738.0, 231664.0).
point(3, 37325.0, 221729.0).
point(4, 12233.0, 163057.0).
point(5, 70843.0, -83492.0).
point(6, -272203.0, 365420.0).
point(7, 162073.0, -58364.0).
point(8, -159277.0, 164942.0).
point(9, -63113.0, 54447.0).
point(10, 169188.0, 306957.0).
point(11, 171959.0, -511840.0).
point(12, 101106.0, -75610.0).
point(13, 215221.0, -602045.0).
point(14, 295314.0, -167447.0).
point(15, 650910.0, 326135.0).
point(16, 385709.0, -131662.0).
point(17, 363075.0, 22917.0).
cost(1, 2, 111909).
cost(1, 3, 225595).
cost(1, 4, 181385).
cost(1, 5, 310511).
cost(1, 6, 268476).
cost(1, 7, 371469).
cost(1, 8, 45424).
cost(1, 9, 120102).
cost(1, 10, 382095).
cost(1, 11, 715345).
cost(1, 12, 329241).
cost(1, 13, 815312).
cost(1, 14, 541635).
cost(1, 15, 840547).
cost(1, 16, 604391).
cost(1, 17, 535806).
cost(2, 1, 111909).
cost(2, 3, 201308).
cost(2, 4, 188872).
cost(2, 5, 392876).
cost(2, 6, 172207).
cost(2, 7, 436198).
cost(2, 8, 66871).
cost(2, 9, 203792).
cost(2, 10, 341334).
cost(2, 11, 815776).
cost(2, 12, 405660).
cost(2, 13, 915795).
cost(2, 14, 608291).
cost(2, 15, 820107).
cost(2, 16, 658709).
cost(2, 17, 566663).
cost(3, 1, 225595).
cost(3, 2, 201308).
cost(3, 4, 63812).
cost(3, 5, 307056).
cost(3, 6, 341255).
cost(3, 7, 306617).
cost(3, 8, 204639).
cost(3, 9, 195118).
cost(3, 10, 157008).
cost(3, 11, 745822).
cost(3, 12, 304103).
cost(3, 13, 842764).
cost(3, 14, 466922).
cost(3, 15, 622404).
cost(3, 16, 496242).
cost(3, 17, 381627).
cost(4, 1, 181385).
cost(4, 2, 188872).
cost(4, 3, 63812).
cost(4, 5, 253420).
cost(4, 6, 349077).
cost(4, 7, 267356).
cost(4, 8, 171520).
cost(4, 9, 132186).
cost(4, 10, 212937).
cost(4, 11, 693540).
cost(4, 12, 254677).
cost(4, 13, 791571).
cost(4, 14, 435164).
cost(4, 15, 659168).
cost(4, 16, 475756).
cost(4, 17, 377795).
cost(5, 1, 310511).
cost(5, 2, 392876).
cost(5, 3, 307056).
cost(5, 4, 253420).
cost(5, 6, 564980).
cost(5, 7, 94627).
cost(5, 8, 338636).
cost(5, 9, 192279).
cost(5, 10, 402644).
cost(5, 11, 440121).
cost(5, 12, 31273).
cost(5, 13, 538277).
cost(5, 14, 239657).
cost(5, 15, 710121).
cost(5, 16, 318529).
cost(5, 17, 311002).
cost(6, 1, 268476).
cost(6, 2, 172207).
cost(6, 3, 341255).
cost(6, 4, 349077).
cost(6, 5, 564980).
cost(6, 7, 606785).
cost(6, 8, 230095).
cost(6, 9, 374730).
cost(6, 10, 445246).
cost(6, 11, 983293).
cost(6, 12, 577812).
cost(6, 13, 1083315).
cost(6, 14, 778475).
cost(6, 15, 923949).
cost(6, 16, 824584).
cost(6, 17, 721725).
cost(7, 1, 371469).
cost(7, 2, 436198).
cost(7, 3, 306617).
cost(7, 4, 267356).
cost(7, 5, 94627).
cost(7, 6, 606785).
cost(7, 8, 391320).
cost(7, 9, 251863).
cost(7, 10, 365390).
cost(7, 11, 453584).
cost(7, 12, 63359).
cost(7, 13, 546273).
cost(7, 14, 172198).
cost(7, 15, 621933).
cost(7, 16, 235342).
cost(7, 17, 216814).
cost(8, 1, 45424).
cost(8, 2, 66871).
cost(8, 3, 204639).
cost(8, 4, 171520).
cost(8, 5, 338636).
cost(8, 6, 230095).
cost(8, 7, 391320).
cost(8, 9, 146481).
cost(8, 10, 357851).
cost(8, 11, 753493).
cost(8, 12, 354492).
cost(8, 13, 853533).
cost(8, 14, 563148).
cost(8, 15, 826067).
cost(8, 16, 620471).
cost(8, 17, 541316).
cost(9, 1, 120102).
cost(9, 2, 203792).
cost(9, 3, 195118).
cost(9, 4, 132186).
cost(9, 5, 192279).
cost(9, 6, 374730).
cost(9, 7, 251863).
cost(9, 8, 146481).
cost(9, 10, 343111).
cost(9, 11, 613139).
cost(9, 12, 209482).
cost(9, 13, 713058).
cost(9, 14, 421553).
cost(9, 15, 763965).
cost(9, 16, 485878).
cost(9, 17, 427353).
cost(10, 1, 382095).
cost(10, 2, 341334).
cost(10, 3, 157008).
cost(10, 4, 212937).
cost(10, 5, 402644).
cost(10, 6, 445246).
cost(10, 7, 365390).
cost(10, 8, 357851).
cost(10, 9, 343111).
cost(10, 11, 818802).
cost(10, 12, 388578).
cost(10, 13, 910167).
cost(10, 14, 490884).
cost(10, 15, 482104).
cost(10, 16, 489150).
cost(10, 17, 343905).
cost(11, 1, 715345).
cost(11, 2, 815776).
cost(11, 3, 745822).
cost(11, 4, 693540).
cost(11, 5, 440121).
cost(11, 6, 983293).
cost(11, 7, 453584).
cost(11, 8, 753493).
cost(11, 9, 613139).
cost(11, 10, 818802).
cost(11, 12, 441947).
cost(11, 13, 100043).
cost(11, 14, 365818).
cost(11, 15, 965192).
cost(11, 16, 436147).
cost(11, 17, 567882).
cost(12, 1, 329241).
cost(12, 2, 405660).
cost(12, 3, 304103).
cost(12, 4, 254677).
cost(12, 5, 31273).
cost(12, 6, 577812).
cost(12, 7, 63359).
cost(12, 8, 354492).
cost(12, 9, 209482).
cost(12, 10, 388578).
cost(12, 11, 441947).
cost(12, 13, 538661).
cost(12, 14, 214827).
cost(12, 15, 680943).
cost(12, 16, 290070).
cost(12, 17, 279884).
cost(13, 1, 815312).
cost(13, 2, 915795).
cost(13, 3, 842764).
cost(13, 4, 791571).
cost(13, 5, 538277).
cost(13, 6, 1083315).
cost(13, 7, 546273).
cost(13, 8, 853533).
cost(13, 9, 713058).
cost(13, 10, 910167).
cost(13, 11, 100043).
cost(13, 12, 538661).
cost(13, 14, 441917).
cost(13, 15, 1025350).
cost(13, 16, 500326).
cost(13, 17, 642214).
cost(14, 1, 541635).
cost(14, 2, 608291).
cost(14, 3, 466922).
cost(14, 4, 435164).
cost(14, 5, 239657).
cost(14, 6, 778475).
cost(14, 7, 172198).
cost(14, 8, 563148).
cost(14, 9, 421553).
cost(14, 10, 490884).
cost(14, 11, 365818).
cost(14, 12, 214827).
cost(14, 13, 441917).
cost(14, 15, 608335).
cost(14, 16, 97220).
cost(14, 17, 202064).
cost(15, 1, 840547).
cost(15, 2, 820107).
cost(15, 3, 622404).
cost(15, 4, 659168).
cost(15, 5, 710121).
cost(15, 6, 923949).
cost(15, 7, 621933).
cost(15, 8, 826067).
cost(15, 9, 763965).
cost(15, 10, 482104).
cost(15, 11, 965192).
cost(15, 12, 680943).
cost(15, 13, 1025350).
cost(15, 14, 608335).
cost(15, 16, 529065).
cost(15, 17, 418079).
cost(16, 1, 604391).
cost(16, 2, 658709).
cost(16, 3, 496242).
cost(16, 4, 475756).
cost(16, 5, 318529).
cost(16, 6, 824584).
cost(16, 7, 235342).
cost(16, 8, 620471).
cost(16, 9, 485878).
cost(16, 10, 489150).
cost(16, 11, 436147).
cost(16, 12, 290070).
cost(16, 13, 500326).
cost(16, 14, 97220).
cost(16, 15, 529065).
cost(16, 17, 156227).
cost(17, 1, 535806).
cost(17, 2, 566663).
cost(17, 3, 381627).
cost(17, 4, 377795).
cost(17, 5, 311002).
cost(17, 6, 721725).
cost(17, 7, 216814).
cost(17, 8, 541316).
cost(17, 9, 427353).
cost(17, 10, 343905).
cost(17, 11, 567882).
cost(17, 12, 279884).
cost(17, 13, 642214).
cost(17, 14, 202064).
cost(17, 15, 418079).
cost(17, 16, 156227).
