dimension(28).
point(1, 137748.0, 15724.0).
point(2, 58436.0, -14969.0).
point(3, 27848.0, 42123.0).
point(4, -203787.0, 264716.0).
point(5, -216425.0, 28487.0).
point(6, 17397.0, -33919.0).
point(7, 128619.0, 164258.0).
point(8, 174583.0, 186540.0).
point(9, 30881.0, -201712.0).
point(10, 193421.0, 8570.0).
point(11, 20574.0, -137714.0).
point(12, 109534.0, 170020.0).
point(13, -90568.0, 314317.0).
point(14, -44197.0, 152567.0).
point(15, -64089.0, 69837.0).
point(16, 359812.0, 238365.0).
point(17, -190984.0, 172222.0).
point(18, -79824.0, 315370.0).
point(19, 267437.0, 37311.0).
point(20, 66056.0, 58474.0).
point(21, -72914.0, 154726.0).
point(22, 40053.0, -19865.0).
point(23, 88135.0, 228858.0).
point(24, -153939.0, -66485.0).
point(25, -119054.0, -92475.0).
point(26, 169897.0, 320439.0).
point(27, -147413.0, 41281.0).
point(28, 108078.0, 331851.0).
cost(1, 2, 85044).
cost(1, 3, 113026).
cost(1, 4, 422662).
cost(1, 5, 354403).
cost(1, 6, 130188).
cost(1, 7, 148814).
cost(1, 8, 174742).
cost(1, 9, 242279).
cost(1, 10, 56131).
cost(1, 11, 193062).
cost(1, 12, 156854).
cost(1, 13, 375880).
cost(1, 14, 227662).
cost(1, 15, 208965).
cost(1, 16, 314454).
cost(1, 17, 364083).
cost(1, 18, 370304).
cost(1, 19, 131473).
cost(1, 20, 83470).
cost(1, 21, 252389).
cost(1, 22, 103975).
cost(1, 23, 218832).
cost(1, 24, 303051).
cost(1, 25, 278665).
cost(1, 26, 306406).
cost(1, 27, 286304).
cost(1, 28, 317516).
cost(2, 1, 85044).
cost(2, 3, 64770).
cost(2, 4, 383386).
cost(2, 5, 278275).
cost(2, 6, 45203).
cost(2, 7, 192478).
cost(2, 8, 232585).
cost(2, 9, 188765).
cost(2, 10, 137022).
cost(2, 11, 128452).
cost(2, 12, 191916).
cost(2, 13, 361430).
cost(2, 14, 196474).
cost(2, 15, 149012).
cost(2, 16, 393708).
cost(2, 17, 311851).
cost(2, 18, 358106).
cost(2, 19, 215441).
cost(2, 20, 73837).
cost(2, 21, 214591).
cost(2, 22, 19024).
cost(2, 23, 245629).
cost(2, 24, 218534).
cost(2, 25, 193675).
cost(2, 26, 353443).
cost(2, 27, 213396).
cost(2, 28, 350355).
cost(3, 1, 113026).
cost(3, 2, 64770).
cost(3, 4, 321251).
cost(3, 5, 244653).
cost(3, 6, 76757).
cost(3, 7, 158341).
cost(3, 8, 205882).
cost(3, 9, 243854).
cost(3, 10, 168939).
cost(3, 11, 179984).
cost(3, 12, 151757).
cost(3, 13, 296837).
cost(3, 14, 131865).
cost(3, 15, 96023).
cost(3, 16, 385631).
cost(3, 17, 254584).
cost(3, 18, 293696).
cost(3, 19, 239637).
cost(3, 20, 41560).
cost(3, 21, 151104).
cost(3, 22, 63178).
cost(3, 23, 196226).
cost(3, 24, 211760).
cost(3, 25, 199241).
cost(3, 26, 312470).
cost(3, 27, 175263).
cost(3, 28, 300631).
cost(4, 1, 422662).
cost(4, 2, 383386).
cost(4, 3, 321251).
cost(4, 5, 236567).
cost(4, 6, 371625).
cost(4, 7, 347254).
cost(4, 8, 386362).
cost(4, 9, 522134).
cost(4, 10, 472636).
cost(4, 11, 460747).
cost(4, 12, 327318).
cost(4, 13, 123607).
cost(4, 14, 195055).
cost(4, 15, 239778).
cost(4, 16, 564215).
cost(4, 17, 93376).
cost(4, 18, 133913).
cost(4, 19, 523226).
cost(4, 20, 339634).
cost(4, 21, 170955).
cost(4, 22, 374759).
cost(4, 23, 294116).
cost(4, 24, 334931).
cost(4, 25, 367104).
cost(4, 26, 377816).
cost(4, 27, 230437).
cost(4, 28, 319009).
cost(5, 1, 354403).
cost(5, 2, 278275).
cost(5, 3, 244653).
cost(5, 4, 236567).
cost(5, 6, 242007).
cost(5, 7, 370795).
cost(5, 8, 421744).
cost(5, 9, 337864).
cost(5, 10, 410330).
cost(5, 11, 289467).
cost(5, 12, 355360).
cost(5, 13, 312312).
cost(5, 14, 212269).
cost(5, 15, 157848).
cost(5, 16, 613268).
cost(5, 17, 145969).
cost(5, 18, 317745).
cost(5, 19, 483942).
cost(5, 20, 284068).
cost(5, 21, 191133).
cost(5, 22, 260996).
cost(5, 23, 364562).
cost(5, 24, 113685).
cost(5, 25, 155283).
cost(5, 26, 484232).
cost(5, 27, 70188).
cost(5, 28, 444221).
cost(6, 1, 130188).
cost(6, 2, 45203).
cost(6, 3, 76757).
cost(6, 4, 371625).
cost(6, 5, 242007).
cost(6, 7, 227254).
cost(6, 8, 270757).
cost(6, 9, 168334).
cost(6, 10, 181079).
cost(6, 11, 103844).
cost(6, 12, 223786).
cost(6, 13, 364588).
cost(6, 14, 196395).
cost(6, 15, 131929).
cost(6, 16, 437478).
cost(6, 17, 293116).
cost(6, 18, 362567).
cost(6, 19, 259988).
cost(6, 20, 104423).
cost(6, 21, 209148).
cost(6, 22, 26661).
cost(6, 23, 272132).
cost(6, 24, 174403).
cost(6, 25, 148485).
cost(6, 26, 385780).
cost(6, 27, 181156).
cost(6, 28, 376843).
cost(7, 1, 148814).
cost(7, 2, 192478).
cost(7, 3, 158341).
cost(7, 4, 347254).
cost(7, 5, 370795).
cost(7, 6, 227254).
cost(7, 8, 51080).
cost(7, 9, 378796).
cost(7, 10, 168636).
cost(7, 11, 320719).
cost(7, 12, 19936).
cost(7, 13, 265633).
cost(7, 14, 173211).
cost(7, 15, 214597).
cost(7, 16, 242780).
cost(7, 17, 319702).
cost(7, 18, 257455).
cost(7, 19, 188112).
cost(7, 20, 122900).
cost(7, 21, 201758).
cost(7, 22, 204316).
cost(7, 23, 76237).
cost(7, 24, 364803).
cost(7, 25, 356726).
cost(7, 26, 161544).
cost(7, 27, 302187).
cost(7, 28, 168847).
cost(8, 1, 174742).
cost(8, 2, 232585).
cost(8, 3, 205882).
cost(8, 4, 386362).
cost(8, 5, 421744).
cost(8, 6, 270757).
cost(8, 7, 51080).
cost(8, 9, 413993).
cost(8, 10, 178964).
cost(8, 11, 358970).
cost(8, 12, 67114).
cost(8, 13, 294333).
cost(8, 14, 221402).
cost(8, 15, 265676).
cost(8, 16, 192342).
cost(8, 17, 365847).
cost(8, 18, 285167).
cost(8, 19, 175759).
cost(8, 20, 167866).
cost(8, 21, 249533).
cost(8, 22, 246376).
cost(8, 23, 96250).
cost(8, 24, 414667).
cost(8, 25, 405058).
cost(8, 26, 133981).
cost(8, 27, 353244).
cost(8, 28, 159807).
cost(9, 1, 242279).
cost(9, 2, 188765).
cost(9, 3, 243854).
cost(9, 4, 522134).
cost(9, 5, 337864).
cost(9, 6, 168334).
cost(9, 7, 378796).
cost(9, 8, 413993).
cost(9, 10, 265778).
cost(9, 11, 64823).
cost(9, 12, 379962).
cost(9, 13, 530128).
cost(9, 14, 362147).
cost(9, 15, 287677).
cost(9, 16, 549421).
cost(9, 17, 434800).
cost(9, 18, 528800).
cost(9, 19, 336290).
cost(9, 20, 262553).
cost(9, 21, 371243).
cost(9, 22, 182078).
cost(9, 23, 434360).
cost(9, 24, 229008).
cost(9, 25, 185508).
cost(9, 26, 540340).
cost(9, 27, 301387).
cost(9, 28, 539119).
cost(10, 1, 56131).
cost(10, 2, 137022).
cost(10, 3, 168939).
cost(10, 4, 472636).
cost(10, 5, 410330).
cost(10, 6, 181079).
cost(10, 7, 168636).
cost(10, 8, 178964).
cost(10, 9, 265778).
cost(10, 11, 226440).
cost(10, 12, 181943).
cost(10, 13, 417290).
cost(10, 14, 277844).
cost(10, 15, 264698).
cost(10, 16, 283711).
cost(10, 17, 417791).
cost(10, 18, 410839).
cost(10, 19, 79400).
cost(10, 20, 136793).
cost(10, 21, 303802).
cost(10, 22, 155982).
cost(10, 23, 244156).
cost(10, 24, 355376).
cost(10, 25, 328406).
cost(10, 26, 312755).
cost(10, 27, 342400).
cost(10, 28, 334356).
cost(11, 1, 193062).
cost(11, 2, 128452).
cost(11, 3, 179984).
cost(11, 4, 460747).
cost(11, 5, 289467).
cost(11, 6, 103844).
cost(11, 7, 320719).
cost(11, 8, 358970).
cost(11, 9, 64823).
cost(11, 10, 226440).
cost(11, 12, 320334).
cost(11, 13, 465494).
cost(11, 14, 297419).
cost(11, 15, 224155).
cost(11, 16, 506476).
cost(11, 17, 375256).
cost(11, 18, 464074).
cost(11, 19, 302614).
cost(11, 20, 201391).
cost(11, 21, 307020).
cost(11, 22, 119448).
cost(11, 23, 372746).
cost(11, 24, 188490).
cost(11, 25, 146774).
cost(11, 26, 481873).
cost(11, 27, 245477).
cost(11, 28, 477649).
cost(12, 1, 156854).
cost(12, 2, 191916).
cost(12, 3, 151757).
cost(12, 4, 327318).
cost(12, 5, 355360).
cost(12, 6, 223786).
cost(12, 7, 19936).
cost(12, 8, 67114).
cost(12, 9, 379962).
cost(12, 10, 181943).
cost(12, 11, 320334).
cost(12, 13, 246703).
cost(12, 14, 154719).
cost(12, 15, 200453).
cost(12, 16, 259442).
cost(12, 17, 300526).
cost(12, 18, 238711).
cost(12, 19, 206264).
cost(12, 20, 119720).
cost(12, 21, 183088).
cost(12, 22, 202198).
cost(12, 23, 62609).
cost(12, 24, 354052).
cost(12, 25, 348075).
cost(12, 26, 162079).
cost(12, 27, 287394).
cost(12, 28, 161838).
cost(13, 1, 375880).
cost(13, 2, 361430).
cost(13, 3, 296837).
cost(13, 4, 123607).
cost(13, 5, 312312).
cost(13, 6, 364588).
cost(13, 7, 265633).
cost(13, 8, 294333).
cost(13, 9, 530128).
cost(13, 10, 417290).
cost(13, 11, 465494).
cost(13, 12, 246703).
cost(13, 14, 168266).
cost(13, 15, 245910).
cost(13, 16, 456739).
cost(13, 17, 173995).
cost(13, 18, 10795).
cost(13, 19, 452659).
cost(13, 20, 299978).
cost(13, 21, 160564).
cost(13, 22, 358803).
cost(13, 23, 198086).
cost(13, 24, 386039).
cost(13, 25, 407788).
cost(13, 26, 260537).
cost(13, 27, 278891).
cost(13, 28, 199418).
cost(14, 1, 227662).
cost(14, 2, 196474).
cost(14, 3, 131865).
cost(14, 4, 195055).
cost(14, 5, 212269).
cost(14, 6, 196395).
cost(14, 7, 173211).
cost(14, 8, 221402).
cost(14, 9, 362147).
cost(14, 10, 277844).
cost(14, 11, 297419).
cost(14, 12, 154719).
cost(14, 13, 168266).
cost(14, 15, 85088).
cost(14, 16, 413019).
cost(14, 17, 148097).
cost(14, 18, 166656).
cost(14, 19, 332264).
cost(14, 20, 144946).
cost(14, 21, 28798).
cost(14, 22, 191914).
cost(14, 23, 152748).
cost(14, 24, 245004).
cost(14, 25, 256221).
cost(14, 26, 272061).
cost(14, 27, 151783).
cost(14, 28, 235224).
cost(15, 1, 208965).
cost(15, 2, 149012).
cost(15, 3, 96023).
cost(15, 4, 239778).
cost(15, 5, 157848).
cost(15, 6, 131929).
cost(15, 7, 214597).
cost(15, 8, 265676).
cost(15, 9, 287677).
cost(15, 10, 264698).
cost(15, 11, 224155).
cost(15, 12, 200453).
cost(15, 13, 245910).
cost(15, 14, 85088).
cost(15, 16, 456173).
cost(15, 17, 163049).
cost(15, 18, 246037).
cost(15, 19, 333118).
cost(15, 20, 130640).
cost(15, 21, 85346).
cost(15, 22, 137448).
cost(15, 23, 220136).
cost(15, 24, 163269).
cost(15, 25, 171366).
cost(15, 26, 342857).
cost(15, 27, 88081).
cost(15, 28, 313517).
cost(16, 1, 314454).
cost(16, 2, 393708).
cost(16, 3, 385631).
cost(16, 4, 564215).
cost(16, 5, 613268).
cost(16, 6, 437478).
cost(16, 7, 242780).
cost(16, 8, 192342).
cost(16, 9, 549421).
cost(16, 10, 283711).
cost(16, 11, 506476).
cost(16, 12, 259442).
cost(16, 13, 456739).
cost(16, 14, 413019).
cost(16, 15, 456173).
cost(16, 17, 554753).
cost(16, 18, 446329).
cost(16, 19, 221260).
cost(16, 20, 344461).
cost(16, 21, 440735).
cost(16, 22, 411009).
cost(16, 23, 271843).
cost(16, 24, 597389).
cost(16, 25, 582038).
cost(16, 26, 206891).
cost(16, 27, 544168).
cost(16, 28, 268532).
cost(17, 1, 364083).
cost(17, 2, 311851).
cost(17, 3, 254584).
cost(17, 4, 93376).
cost(17, 5, 145969).
cost(17, 6, 293116).
cost(17, 7, 319702).
cost(17, 8, 365847).
cost(17, 9, 434800).
cost(17, 10, 417791).
cost(17, 11, 375256).
cost(17, 12, 300526).
cost(17, 13, 173995).
cost(17, 14, 148097).
cost(17, 15, 163049).
cost(17, 16, 554753).
cost(17, 18, 181240).
cost(17, 19, 477861).
cost(17, 20, 281084).
cost(17, 21, 119359).
cost(17, 22, 300459).
cost(17, 23, 284807).
cost(17, 24, 241564).
cost(17, 25, 274296).
cost(17, 26, 390133).
cost(17, 27, 138000).
cost(17, 28, 338998).
cost(18, 1, 370304).
cost(18, 2, 358106).
cost(18, 3, 293696).
cost(18, 4, 133913).
cost(18, 5, 317745).
cost(18, 6, 362567).
cost(18, 7, 257455).
cost(18, 8, 285167).
cost(18, 9, 528800).
cost(18, 10, 410839).
cost(18, 11, 464074).
cost(18, 12, 238711).
cost(18, 13, 10795).
cost(18, 14, 166656).
cost(18, 15, 246037).
cost(18, 16, 446329).
cost(18, 17, 181240).
cost(18, 19, 444867).
cost(18, 20, 295426).
cost(18, 21, 160793).
cost(18, 22, 356024).
cost(18, 23, 188930).
cost(18, 24, 388981).
cost(18, 25, 409727).
cost(18, 26, 249772).
cost(18, 27, 282300).
cost(18, 28, 188623).
cost(19, 1, 131473).
cost(19, 2, 215441).
cost(19, 3, 239637).
cost(19, 4, 523226).
cost(19, 5, 483942).
cost(19, 6, 259988).
cost(19, 7, 188112).
cost(19, 8, 175759).
cost(19, 9, 336290).
cost(19, 10, 79400).
cost(19, 11, 302614).
cost(19, 12, 206264).
cost(19, 13, 452659).
cost(19, 14, 332264).
cost(19, 15, 333118).
cost(19, 16, 221260).
cost(19, 17, 477861).
cost(19, 18, 444867).
cost(19, 20, 202490).
cost(19, 21, 360035).
cost(19, 22, 234462).
cost(19, 23, 262373).
cost(19, 24, 433972).
cost(19, 25, 407701).
cost(19, 26, 299459).
cost(19, 27, 414869).
cost(19, 28, 334887).
cost(20, 1, 83470).
cost(20, 2, 73837).
cost(20, 3, 41560).
cost(20, 4, 339634).
cost(20, 5, 284068).
cost(20, 6, 104423).
cost(20, 7, 122900).
cost(20, 8, 167866).
cost(20, 9, 262553).
cost(20, 10, 136793).
cost(20, 11, 201391).
cost(20, 12, 119720).
cost(20, 13, 299978).
cost(20, 14, 144946).
cost(20, 15, 130640).
cost(20, 16, 344461).
cost(20, 17, 281084).
cost(20, 18, 295426).
cost(20, 19, 202490).
cost(20, 21, 169048).
cost(20, 22, 82542).
cost(20, 23, 171809).
cost(20, 24, 253007).
cost(20, 25, 238854).
cost(20, 26, 281795).
cost(20, 27, 214160).
cost(20, 28, 276588).
cost(21, 1, 252389).
cost(21, 2, 214591).
cost(21, 3, 151104).
cost(21, 4, 170955).
cost(21, 5, 191133).
cost(21, 6, 209148).
cost(21, 7, 201758).
cost(21, 8, 249533).
cost(21, 9, 371243).
cost(21, 10, 303802).
cost(21, 11, 307020).
cost(21, 12, 183088).
cost(21, 13, 160564).
cost(21, 14, 28798).
cost(21, 15, 85346).
cost(21, 16, 440735).
cost(21, 17, 119359).
cost(21, 18, 160793).
cost(21, 19, 360035).
cost(21, 20, 169048).
cost(21, 22, 207951).
cost(21, 23, 177292).
cost(21, 24, 235583).
cost(21, 25, 251470).
cost(21, 26, 293969).
cost(21, 27, 135720).
cost(21, 28, 253242).
cost(22, 1, 103975).
cost(22, 2, 19024).
cost(22, 3, 63178).
cost(22, 4, 374759).
cost(22, 5, 260996).
cost(22, 6, 26661).
cost(22, 7, 204316).
cost(22, 8, 246376).
cost(22, 9, 182078).
cost(22, 10, 155982).
cost(22, 11, 119448).
cost(22, 12, 202198).
cost(22, 13, 358803).
cost(22, 14, 191914).
cost(22, 15, 137448).
cost(22, 16, 411009).
cost(22, 17, 300459).
cost(22, 18, 356024).
cost(22, 19, 234462).
cost(22, 20, 82542).
cost(22, 21, 207951).
cost(22, 23, 253328).
cost(22, 24, 199515).
cost(22, 25, 174892).
cost(22, 26, 364234).
cost(22, 27, 197186).
cost(22, 28, 358234).
cost(23, 1, 218832).
cost(23, 2, 245629).
cost(23, 3, 196226).
cost(23, 4, 294116).
cost(23, 5, 364562).
cost(23, 6, 272132).
cost(23, 7, 76237).
cost(23, 8, 96250).
cost(23, 9, 434360).
cost(23, 10, 244156).
cost(23, 11, 372746).
cost(23, 12, 62609).
cost(23, 13, 198086).
cost(23, 14, 152748).
cost(23, 15, 220136).
cost(23, 16, 271843).
cost(23, 17, 284807).
cost(23, 18, 188930).
cost(23, 19, 262373).
cost(23, 20, 171809).
cost(23, 21, 177292).
cost(23, 22, 253328).
cost(23, 24, 381873).
cost(23, 25, 382338).
cost(23, 26, 122768).
cost(23, 27, 301111).
cost(23, 28, 104906).
cost(24, 1, 303051).
cost(24, 2, 218534).
cost(24, 3, 211760).
cost(24, 4, 334931).
cost(24, 5, 113685).
cost(24, 6, 174403).
cost(24, 7, 364803).
cost(24, 8, 414667).
cost(24, 9, 229008).
cost(24, 10, 355376).
cost(24, 11, 188490).
cost(24, 12, 354052).
cost(24, 13, 386039).
cost(24, 14, 245004).
cost(24, 15, 163269).
cost(24, 16, 597389).
cost(24, 17, 241564).
cost(24, 18, 388981).
cost(24, 19, 433972).
cost(24, 20, 253007).
cost(24, 21, 235583).
cost(24, 22, 199515).
cost(24, 23, 381873).
cost(24, 25, 43502).
cost(24, 26, 504559).
cost(24, 27, 107963).
cost(24, 28, 476786).
cost(25, 1, 278665).
cost(25, 2, 193675).
cost(25, 3, 199241).
cost(25, 4, 367104).
cost(25, 5, 155283).
cost(25, 6, 148485).
cost(25, 7, 356726).
cost(25, 8, 405058).
cost(25, 9, 185508).
cost(25, 10, 328406).
cost(25, 11, 146774).
cost(25, 12, 348075).
cost(25, 13, 407788).
cost(25, 14, 256221).
cost(25, 15, 171366).
cost(25, 16, 582038).
cost(25, 17, 274296).
cost(25, 18, 409727).
cost(25, 19, 407701).
cost(25, 20, 238854).
cost(25, 21, 251470).
cost(25, 22, 174892).
cost(25, 23, 382338).
cost(25, 24, 43502).
cost(25, 26, 503975).
cost(25, 27, 136729).
cost(25, 28, 481291).
cost(26, 1, 306406).
cost(26, 2, 353443).
cost(26, 3, 312470).
cost(26, 4, 377816).
cost(26, 5, 484232).
cost(26, 6, 385780).
cost(26, 7, 161544).
cost(26, 8, 133981).
cost(26, 9, 540340).
cost(26, 10, 312755).
cost(26, 11, 481873).
cost(26, 12, 162079).
cost(26, 13, 260537).
cost(26, 14, 272061).
cost(26, 15, 342857).
cost(26, 16, 206891).
cost(26, 17, 390133).
cost(26, 18, 249772).
cost(26, 19, 299459).
cost(26, 20, 281795).
cost(26, 21, 293969).
cost(26, 22, 364234).
cost(26, 23, 122768).
cost(26, 24, 504559).
cost(26, 25, 503975).
cost(26, 27, 422628).
cost(26, 28, 62864).
cost(27, 1, 286304).
cost(27, 2, 213396).
cost(27, 3, 175263).
cost(27, 4, 230437).
cost(27, 5, 70188).
cost(27, 6, 181156).
cost(27, 7, 302187).
cost(27, 8, 353244).
cost(27, 9, 301387).
cost(27, 10, 342400).
cost(27, 11, 245477).
cost(27, 12, 287394).
cost(27, 13, 278891).
cost(27, 14, 151783).
cost(27, 15, 88081).
cost(27, 16, 544168).
cost(27, 17, 138000).
cost(27, 18, 282300).
cost(27, 19, 414869).
cost(27, 20, 214160).
cost(27, 21, 135720).
cost(27, 22, 197186).
cost(27, 23, 301111).
cost(27, 24, 107963).
cost(27, 25, 136729).
cost(27, 26, 422628).
cost(27, 28, 386919).
cost(28, 1, 317516).
cost(28, 2, 350355).
cost(28, 3, 300631).
cost(28, 4, 319009).
cost(28, 5, 444221).
cost(28, 6, 376843).
cost(28, 7, 168847).
cost(28, 8, 159807).
cost(28, 9, 539119).
cost(28, 10, 334356).
cost(28, 11, 477649).
cost(28, 12, 161838).
cost(28, 13, 199418).
cost(28, 14, 235224).
cost(28, 15, 313517).
cost(28, 16, 268532).
cost(28, 17, 338998).
cost(28, 18, 188623).
cost(28, 19, 334887).
cost(28, 20, 276588).
cost(28, 21, 253242).
cost(28, 22, 358234).
cost(28, 23, 104906).
cost(28, 24, 476786).
cost(28, 25, 481291).
cost(28, 26, 62864).
cost(28, 27, 386919).
