dimension(28).
point(1, -332426.0, -1693.0).
point(2, 79142.0, -236210.0).
point(3, -296048.0, 62227.0).
point(4, -161424.0, 12670.0).
point(5, 154351.0, -140437.0).
point(6, 83334.0, -514658.0).
point(7, 158386.0, -99799.0).
point(8, 190285.0, 309517.0).
point(9, 69066.0, -115023.0).
point(10, -115989.0, -190117.0).
point(11, 29898.0, 25973.0).
point(12, 73798.0, 256327.0).
point(13, -352491.0, -193449.0).
point(14, 333651.0, 215686.0).
point(15, 33979.0, -17282.0).
point(16, -166357.0, 177229.0).
point(17, 261790.0, -149831.0).
point(18, 231202.0, 37297.0).
point(19, -130619.0, -147648.0).
point(20, 30642.0, 334077.0).
point(21, 8928.0, -45303.0).
point(22, -43478.0, 105558.0).
point(23, 178890.0, 25139.0).
point(24, -70266.0, 93127.0).
point(25, -32153.0, -9584.0).
point(26, 28195.0, 17507.0).
point(27, 252868.0, -355045.0).
point(28, -55897.0, 407341.0).
cost(1, 2, 473694).
cost(1, 3, 73547).
cost(1, 4, 171604).
cost(1, 5, 506164).
cost(1, 6, 660295).
cost(1, 7, 500521).
cost(1, 8, 608341).
cost(1, 9, 417180).
cost(1, 10, 286964).
cost(1, 11, 363379).
cost(1, 12, 481240).
cost(1, 13, 192803).
cost(1, 14, 700651).
cost(1, 15, 366736).
cost(1, 16, 244115).
cost(1, 17, 612403).
cost(1, 18, 564975).
cost(1, 19, 249056).
cost(1, 20, 494530).
cost(1, 21, 344128).
cost(1, 22, 308211).
cost(1, 23, 512020).
cost(1, 24, 278781).
cost(1, 25, 300377).
cost(1, 26, 361132).
cost(1, 27, 683686).
cost(1, 28, 493738).
cost(2, 1, 473694).
cost(2, 3, 479408).
cost(2, 4, 346141).
cost(2, 5, 121774).
cost(2, 6, 278480).
cost(2, 7, 157758).
cost(2, 8, 556930).
cost(2, 9, 121605).
cost(2, 10, 200501).
cost(2, 11, 266767).
cost(2, 12, 492566).
cost(2, 13, 433746).
cost(2, 14, 518637).
cost(2, 15, 223538).
cost(2, 16, 480834).
cost(2, 17, 202044).
cost(2, 18, 312935).
cost(2, 19, 227690).
cost(2, 20, 572346).
cost(2, 21, 203410).
cost(2, 22, 363099).
cost(2, 23, 279737).
cost(2, 24, 361643).
cost(2, 25, 252480).
cost(2, 26, 258782).
cost(2, 27, 210482).
cost(2, 28, 657566).
cost(3, 1, 73547).
cost(3, 2, 479408).
cost(3, 4, 143456).
cost(3, 5, 493895).
cost(3, 6, 690454).
cost(3, 7, 482455).
cost(3, 8, 545593).
cost(3, 9, 405864).
cost(3, 10, 309998).
cost(3, 11, 327956).
cost(3, 12, 417685).
cost(3, 13, 261832).
cost(3, 14, 648128).
cost(3, 15, 339469).
cost(3, 16, 173336).
cost(3, 17, 596785).
cost(3, 18, 527839).
cost(3, 19, 267234).
cost(3, 20, 425004).
cost(3, 21, 323378).
cost(3, 22, 256260).
cost(3, 23, 476384).
cost(3, 24, 227887).
cost(3, 25, 273491).
cost(3, 26, 327312).
cost(3, 27, 689510).
cost(3, 28, 420448).
cost(4, 1, 171604).
cost(4, 2, 346141).
cost(4, 3, 143456).
cost(4, 5, 350935).
cost(4, 6, 581362).
cost(4, 7, 339010).
cost(4, 8, 460236).
cost(4, 9, 263498).
cost(4, 10, 207815).
cost(4, 11, 191784).
cost(4, 12, 338671).
cost(4, 13, 281055).
cost(4, 14, 535084).
cost(4, 15, 197685).
cost(4, 16, 164633).
cost(4, 17, 453339).
cost(4, 18, 393398).
cost(4, 19, 163251).
cost(4, 20, 374422).
cost(4, 21, 179946).
cost(4, 22, 150131).
cost(4, 23, 340542).
cost(4, 24, 121586).
cost(4, 25, 131173).
cost(4, 26, 189681).
cost(4, 27, 553942).
cost(4, 28, 408535).
cost(5, 1, 506164).
cost(5, 2, 121774).
cost(5, 3, 493895).
cost(5, 4, 350935).
cost(5, 6, 380900).
cost(5, 7, 40838).
cost(5, 8, 451387).
cost(5, 9, 88991).
cost(5, 10, 274867).
cost(5, 11, 207800).
cost(5, 12, 404859).
cost(5, 13, 509607).
cost(5, 14, 398713).
cost(5, 15, 172211).
cost(5, 16, 451404).
cost(5, 17, 107849).
cost(5, 18, 193637).
cost(5, 19, 285061).
cost(5, 20, 490375).
cost(5, 21, 173777).
cost(5, 22, 315674).
cost(5, 23, 167385).
cost(5, 24, 324045).
cost(5, 25, 227829).
cost(5, 26, 202143).
cost(5, 27, 236140).
cost(5, 28, 586741).
cost(6, 1, 660295).
cost(6, 2, 278480).
cost(6, 3, 690454).
cost(6, 4, 581362).
cost(6, 5, 380900).
cost(6, 7, 421593).
cost(6, 8, 831085).
cost(6, 9, 399890).
cost(6, 10, 380863).
cost(6, 11, 543265).
cost(6, 12, 771044).
cost(6, 13, 541404).
cost(6, 14, 772050).
cost(6, 15, 499819).
cost(6, 16, 735563).
cost(6, 17, 406135).
cost(6, 18, 571419).
cost(6, 19, 424820).
cost(6, 20, 850369).
cost(6, 21, 475216).
cost(6, 22, 633048).
cost(6, 23, 548190).
cost(6, 24, 626894).
cost(6, 25, 518109).
cost(6, 26, 535014).
cost(6, 27, 232848).
cost(6, 28, 932452).
cost(7, 1, 500521).
cost(7, 2, 157758).
cost(7, 3, 482455).
cost(7, 4, 339010).
cost(7, 5, 40838).
cost(7, 6, 421593).
cost(7, 8, 410557).
cost(7, 9, 90608).
cost(7, 10, 288858).
cost(7, 11, 179799).
cost(7, 12, 366034).
cost(7, 13, 519390).
cost(7, 14, 360900).
cost(7, 15, 149285).
cost(7, 16, 426852).
cost(7, 17, 114872).
cost(7, 18, 155234).
cost(7, 19, 292939).
cost(7, 20, 452291).
cost(7, 21, 159083).
cost(7, 22, 287959).
cost(7, 23, 126609).
cost(7, 24, 299169).
cost(7, 25, 210817).
cost(7, 26, 175244).
cost(7, 27, 272172).
cost(7, 28, 550553).
cost(8, 1, 608341).
cost(8, 2, 556930).
cost(8, 3, 545593).
cost(8, 4, 460236).
cost(8, 5, 451387).
cost(8, 6, 831085).
cost(8, 7, 410557).
cost(8, 9, 441507).
cost(8, 10, 586036).
cost(8, 11, 325762).
cost(8, 12, 128056).
cost(8, 13, 739987).
cost(8, 14, 171342).
cost(8, 15, 362256).
cost(8, 16, 380386).
cost(8, 17, 464880).
cost(8, 18, 275278).
cost(8, 19, 558551).
cost(8, 20, 161521).
cost(8, 21, 398482).
cost(8, 22, 310233).
cost(8, 23, 284606).
cost(8, 24, 338691).
cost(8, 25, 388978).
cost(8, 26, 333981).
cost(8, 27, 667502).
cost(8, 28, 264906).
cost(9, 1, 417180).
cost(9, 2, 121605).
cost(9, 3, 405864).
cost(9, 4, 263498).
cost(9, 5, 88991).
cost(9, 6, 399890).
cost(9, 7, 90608).
cost(9, 8, 441507).
cost(9, 10, 199711).
cost(9, 11, 146335).
cost(9, 12, 371380).
cost(9, 13, 428790).
cost(9, 14, 423525).
cost(9, 15, 103848).
cost(9, 16, 375280).
cost(9, 17, 195842).
cost(9, 18, 222462).
cost(9, 19, 202333).
cost(9, 20, 450741).
cost(9, 21, 92073).
cost(9, 22, 247633).
cost(9, 23, 178064).
cost(9, 24, 250479).
cost(9, 25, 146160).
cost(9, 26, 138689).
cost(9, 27, 302314).
cost(9, 28, 537103).
cost(10, 1, 286964).
cost(10, 2, 200501).
cost(10, 3, 309998).
cost(10, 4, 207815).
cost(10, 5, 274867).
cost(10, 6, 380863).
cost(10, 7, 288858).
cost(10, 8, 586036).
cost(10, 9, 199711).
cost(10, 11, 260726).
cost(10, 12, 485110).
cost(10, 13, 236525).
cost(10, 14, 605683).
cost(10, 15, 228828).
cost(10, 16, 370783).
cost(10, 17, 379921).
cost(10, 18, 415041).
cost(10, 19, 44918).
cost(10, 20, 544316).
cost(10, 21, 191247).
cost(10, 22, 304436).
cost(10, 23, 365087).
cost(10, 24, 286911).
cost(10, 25, 199049).
cost(10, 26, 252778).
cost(10, 27, 404050).
cost(10, 28, 600472).
cost(11, 1, 363379).
cost(11, 2, 266767).
cost(11, 3, 327956).
cost(11, 4, 191784).
cost(11, 5, 207800).
cost(11, 6, 543265).
cost(11, 7, 179799).
cost(11, 8, 325762).
cost(11, 9, 146335).
cost(11, 10, 260726).
cost(11, 12, 234500).
cost(11, 13, 440871).
cost(11, 14, 358130).
cost(11, 15, 43447).
cost(11, 16, 247779).
cost(11, 17, 291000).
cost(11, 18, 201622).
cost(11, 19, 236453).
cost(11, 20, 308105).
cost(11, 21, 74297).
cost(11, 22, 108249).
cost(11, 23, 148994).
cost(11, 24, 120592).
cost(11, 25, 71517).
cost(11, 26, 8636).
cost(11, 27, 441464).
cost(11, 28, 390899).
cost(12, 1, 481240).
cost(12, 2, 492566).
cost(12, 3, 417685).
cost(12, 4, 338671).
cost(12, 5, 404859).
cost(12, 6, 771044).
cost(12, 7, 366034).
cost(12, 8, 128056).
cost(12, 9, 371380).
cost(12, 10, 485110).
cost(12, 11, 234500).
cost(12, 13, 619694).
cost(12, 14, 263012).
cost(12, 15, 276491).
cost(12, 16, 252846).
cost(12, 17, 447555).
cost(12, 18, 269722).
cost(12, 19, 452750).
cost(12, 20, 88924).
cost(12, 21, 308527).
cost(12, 22, 191010).
cost(12, 23, 253953).
cost(12, 24, 217689).
cost(12, 25, 286242).
cost(12, 26, 243135).
cost(12, 27, 637057).
cost(12, 28, 199063).
cost(13, 1, 192803).
cost(13, 2, 433746).
cost(13, 3, 261832).
cost(13, 4, 281055).
cost(13, 5, 509607).
cost(13, 6, 541404).
cost(13, 7, 519390).
cost(13, 8, 739987).
cost(13, 9, 428790).
cost(13, 10, 236525).
cost(13, 11, 440871).
cost(13, 12, 619694).
cost(13, 14, 798863).
cost(13, 15, 424728).
cost(13, 16, 414787).
cost(13, 17, 615828).
cost(13, 18, 627647).
cost(13, 19, 226550).
cost(13, 20, 651977).
cost(13, 21, 390603).
cost(13, 22, 429993).
cost(13, 23, 574584).
cost(13, 24, 402215).
cost(13, 25, 369355).
cost(13, 26, 435229).
cost(13, 27, 626556).
cost(13, 28, 670012).
cost(14, 1, 700651).
cost(14, 2, 518637).
cost(14, 3, 648128).
cost(14, 4, 535084).
cost(14, 5, 398713).
cost(14, 6, 772050).
cost(14, 7, 360900).
cost(14, 8, 171342).
cost(14, 9, 423525).
cost(14, 10, 605683).
cost(14, 11, 358130).
cost(14, 12, 263012).
cost(14, 13, 798863).
cost(14, 15, 379575).
cost(14, 16, 501485).
cost(14, 17, 372514).
cost(14, 18, 205714).
cost(14, 19, 589541).
cost(14, 20, 325317).
cost(14, 21, 416606).
cost(14, 22, 392880).
cost(14, 23, 245477).
cost(14, 24, 422101).
cost(14, 25, 429603).
cost(14, 26, 364113).
cost(14, 27, 576420).
cost(14, 28, 434142).
cost(15, 1, 366736).
cost(15, 2, 223538).
cost(15, 3, 339469).
cost(15, 4, 197685).
cost(15, 5, 172211).
cost(15, 6, 499819).
cost(15, 7, 149285).
cost(15, 8, 362256).
cost(15, 9, 103848).
cost(15, 10, 228828).
cost(15, 11, 43447).
cost(15, 12, 276491).
cost(15, 13, 424728).
cost(15, 14, 379575).
cost(15, 16, 279229).
cost(15, 17, 263566).
cost(15, 18, 204636).
cost(15, 19, 209971).
cost(15, 20, 351375).
cost(15, 21, 37586).
cost(15, 22, 145221).
cost(15, 23, 150993).
cost(15, 24, 151846).
cost(15, 25, 66579).
cost(15, 26, 35267).
cost(15, 27, 402488).
cost(15, 28, 434030).
cost(16, 1, 244115).
cost(16, 2, 480834).
cost(16, 3, 173336).
cost(16, 4, 164633).
cost(16, 5, 451404).
cost(16, 6, 735563).
cost(16, 7, 426852).
cost(16, 8, 380386).
cost(16, 9, 375280).
cost(16, 10, 370783).
cost(16, 11, 247779).
cost(16, 12, 252846).
cost(16, 13, 414787).
cost(16, 14, 501485).
cost(16, 15, 279229).
cost(16, 17, 538775).
cost(16, 18, 421467).
cost(16, 19, 326837).
cost(16, 20, 251813).
cost(16, 21, 283276).
cost(16, 22, 142253).
cost(16, 23, 377262).
cost(16, 24, 127697).
cost(16, 25, 230021).
cost(16, 26, 251717).
cost(16, 27, 677544).
cost(16, 28, 255251).
cost(17, 1, 612403).
cost(17, 2, 202044).
cost(17, 3, 596785).
cost(17, 4, 453339).
cost(17, 5, 107849).
cost(17, 6, 406135).
cost(17, 7, 114872).
cost(17, 8, 464880).
cost(17, 9, 195842).
cost(17, 10, 379921).
cost(17, 11, 291000).
cost(17, 12, 447555).
cost(17, 13, 615828).
cost(17, 14, 372514).
cost(17, 15, 263566).
cost(17, 16, 538775).
cost(17, 18, 189611).
cost(17, 19, 392415).
cost(17, 20, 536280).
cost(17, 21, 273615).
cost(17, 22, 398010).
cost(17, 23, 193615).
cost(17, 24, 411448).
cost(17, 25, 325687).
cost(17, 26, 287348).
cost(17, 27, 205408).
cost(17, 28, 641378).
cost(18, 1, 564975).
cost(18, 2, 312935).
cost(18, 3, 527839).
cost(18, 4, 393398).
cost(18, 5, 193637).
cost(18, 6, 571419).
cost(18, 7, 155234).
cost(18, 8, 275278).
cost(18, 9, 222462).
cost(18, 10, 415041).
cost(18, 11, 201622).
cost(18, 12, 269722).
cost(18, 13, 627647).
cost(18, 14, 205714).
cost(18, 15, 204636).
cost(18, 16, 421467).
cost(18, 17, 189611).
cost(18, 19, 406348).
cost(18, 20, 358194).
cost(18, 21, 237125).
cost(18, 22, 283035).
cost(18, 23, 53706).
cost(18, 24, 306594).
cost(18, 25, 267495).
cost(18, 26, 203969).
cost(18, 27, 392940).
cost(18, 28, 468357).
cost(19, 1, 249056).
cost(19, 2, 227690).
cost(19, 3, 267234).
cost(19, 4, 163251).
cost(19, 5, 285061).
cost(19, 6, 424820).
cost(19, 7, 292939).
cost(19, 8, 558551).
cost(19, 9, 202333).
cost(19, 10, 44918).
cost(19, 11, 236453).
cost(19, 12, 452750).
cost(19, 13, 226550).
cost(19, 14, 589541).
cost(19, 15, 209971).
cost(19, 16, 326837).
cost(19, 17, 392415).
cost(19, 18, 406348).
cost(19, 20, 508000).
cost(19, 21, 173055).
cost(19, 22, 267781).
cost(19, 23, 354473).
cost(19, 24, 248224).
cost(19, 25, 169580).
cost(19, 26, 229125).
cost(19, 27, 435977).
cost(19, 28, 559997).
cost(20, 1, 494530).
cost(20, 2, 572346).
cost(20, 3, 425004).
cost(20, 4, 374422).
cost(20, 5, 490375).
cost(20, 6, 850369).
cost(20, 7, 452291).
cost(20, 8, 161521).
cost(20, 9, 450741).
cost(20, 10, 544316).
cost(20, 11, 308105).
cost(20, 12, 88924).
cost(20, 13, 651977).
cost(20, 14, 325317).
cost(20, 15, 351375).
cost(20, 16, 251813).
cost(20, 17, 536280).
cost(20, 18, 358194).
cost(20, 19, 508000).
cost(20, 21, 380001).
cost(20, 22, 240239).
cost(20, 23, 342666).
cost(20, 24, 261227).
cost(20, 25, 349351).
cost(20, 26, 316579).
cost(20, 27, 724067).
cost(20, 28, 113387).
cost(21, 1, 344128).
cost(21, 2, 203410).
cost(21, 3, 323378).
cost(21, 4, 179946).
cost(21, 5, 173777).
cost(21, 6, 475216).
cost(21, 7, 159083).
cost(21, 8, 398482).
cost(21, 9, 92073).
cost(21, 10, 191247).
cost(21, 11, 74297).
cost(21, 12, 308527).
cost(21, 13, 390603).
cost(21, 14, 416606).
cost(21, 15, 37586).
cost(21, 16, 283276).
cost(21, 17, 273615).
cost(21, 18, 237125).
cost(21, 19, 173055).
cost(21, 20, 380001).
cost(21, 22, 159704).
cost(21, 23, 183981).
cost(21, 24, 159482).
cost(21, 25, 54438).
cost(21, 26, 65699).
cost(21, 27, 394267).
cost(21, 28, 457262).
cost(22, 1, 308211).
cost(22, 2, 363099).
cost(22, 3, 256260).
cost(22, 4, 150131).
cost(22, 5, 315674).
cost(22, 6, 633048).
cost(22, 7, 287959).
cost(22, 8, 310233).
cost(22, 9, 247633).
cost(22, 10, 304436).
cost(22, 11, 108249).
cost(22, 12, 191010).
cost(22, 13, 429993).
cost(22, 14, 392880).
cost(22, 15, 145221).
cost(22, 16, 142253).
cost(22, 17, 398010).
cost(22, 18, 283035).
cost(22, 19, 267781).
cost(22, 20, 240239).
cost(22, 21, 159704).
cost(22, 23, 236463).
cost(22, 24, 29532).
cost(22, 25, 115698).
cost(22, 26, 113534).
cost(22, 27, 547701).
cost(22, 28, 302038).
cost(23, 1, 512020).
cost(23, 2, 279737).
cost(23, 3, 476384).
cost(23, 4, 340542).
cost(23, 5, 167385).
cost(23, 6, 548190).
cost(23, 7, 126609).
cost(23, 8, 284606).
cost(23, 9, 178064).
cost(23, 10, 365087).
cost(23, 11, 148994).
cost(23, 12, 253953).
cost(23, 13, 574584).
cost(23, 14, 245477).
cost(23, 15, 150993).
cost(23, 16, 377262).
cost(23, 17, 193615).
cost(23, 18, 53706).
cost(23, 19, 354473).
cost(23, 20, 342666).
cost(23, 21, 183981).
cost(23, 22, 236463).
cost(23, 24, 258266).
cost(23, 25, 213880).
cost(23, 26, 150888).
cost(23, 27, 387315).
cost(23, 28, 448557).
cost(24, 1, 278781).
cost(24, 2, 361643).
cost(24, 3, 227887).
cost(24, 4, 121586).
cost(24, 5, 324045).
cost(24, 6, 626894).
cost(24, 7, 299169).
cost(24, 8, 338691).
cost(24, 9, 250479).
cost(24, 10, 286911).
cost(24, 11, 120592).
cost(24, 12, 217689).
cost(24, 13, 402215).
cost(24, 14, 422101).
cost(24, 15, 151846).
cost(24, 16, 127697).
cost(24, 17, 411448).
cost(24, 18, 306594).
cost(24, 19, 248224).
cost(24, 20, 261227).
cost(24, 21, 159482).
cost(24, 22, 29532).
cost(24, 23, 258266).
cost(24, 25, 109554).
cost(24, 26, 124149).
cost(24, 27, 552516).
cost(24, 28, 314542).
cost(25, 1, 300377).
cost(25, 2, 252480).
cost(25, 3, 273491).
cost(25, 4, 131173).
cost(25, 5, 227829).
cost(25, 6, 518109).
cost(25, 7, 210817).
cost(25, 8, 388978).
cost(25, 9, 146160).
cost(25, 10, 199049).
cost(25, 11, 71517).
cost(25, 12, 286242).
cost(25, 13, 369355).
cost(25, 14, 429603).
cost(25, 15, 66579).
cost(25, 16, 230021).
cost(25, 17, 325687).
cost(25, 18, 267495).
cost(25, 19, 169580).
cost(25, 20, 349351).
cost(25, 21, 54438).
cost(25, 22, 115698).
cost(25, 23, 213880).
cost(25, 24, 109554).
cost(25, 26, 66150).
cost(25, 27, 447862).
cost(25, 28, 417601).
cost(26, 1, 361132).
cost(26, 2, 258782).
cost(26, 3, 327312).
cost(26, 4, 189681).
cost(26, 5, 202143).
cost(26, 6, 535014).
cost(26, 7, 175244).
cost(26, 8, 333981).
cost(26, 9, 138689).
cost(26, 10, 252778).
cost(26, 11, 8636).
cost(26, 12, 243135).
cost(26, 13, 435229).
cost(26, 14, 364113).
cost(26, 15, 35267).
cost(26, 16, 251717).
cost(26, 17, 287348).
cost(26, 18, 203969).
cost(26, 19, 229125).
cost(26, 20, 316579).
cost(26, 21, 65699).
cost(26, 22, 113534).
cost(26, 23, 150888).
cost(26, 24, 124149).
cost(26, 25, 66150).
cost(26, 27, 435055).
cost(26, 28, 398801).
cost(27, 1, 683686).
cost(27, 2, 210482).
cost(27, 3, 689510).
cost(27, 4, 553942).
cost(27, 5, 236140).
cost(27, 6, 232848).
cost(27, 7, 272172).
cost(27, 8, 667502).
cost(27, 9, 302314).
cost(27, 10, 404050).
cost(27, 11, 441464).
cost(27, 12, 637057).
cost(27, 13, 626556).
cost(27, 14, 576420).
cost(27, 15, 402488).
cost(27, 16, 677544).
cost(27, 17, 205408).
cost(27, 18, 392940).
cost(27, 19, 435977).
cost(27, 20, 724067).
cost(27, 21, 394267).
cost(27, 22, 547701).
cost(27, 23, 387315).
cost(27, 24, 552516).
cost(27, 25, 447862).
cost(27, 26, 435055).
cost(27, 28, 822538).
cost(28, 1, 493738).
cost(28, 2, 657566).
cost(28, 3, 420448).
cost(28, 4, 408535).
cost(28, 5, 586741).
cost(28, 6, 932452).
cost(28, 7, 550553).
cost(28, 8, 264906).
cost(28, 9, 537103).
cost(28, 10, 600472).
cost(28, 11, 390899).
cost(28, 12, 199063).
cost(28, 13, 670012).
cost(28, 14, 434142).
cost(28, 15, 434030).
cost(28, 16, 255251).
cost(28, 17, 641378).
cost(28, 18, 468357).
cost(28, 19, 559997).
cost(28, 20, 113387).
cost(28, 21, 457262).
cost(28, 22, 302038).
cost(28, 23, 448557).
cost(28, 24, 314542).
cost(28, 25, 417601).
cost(28, 26, 398801).
cost(28, 27, 822538).
