dimension(28).
point(1, 243677.0, 112225.0).
point(2, -83989.0, -200834.0).
point(3, -124830.0, 284351.0).
point(4, -100244.0, 309857.0).
point(5, -197134.0, 18073.0).
point(6, 97403.0, -232929.0).
point(7, -24550.0, -255099.0).
point(8, 172663.0, 197092.0).
point(9, -161106.0, -257036.0).
point(10, 68062.0, -173694.0).
point(11, -162221.0, -27326.0).
point(12, 151939.0, 280435.0).
point(13, 62721.0, -23204.0).
point(14, -267106.0, -296232.0).
point(15, -51008.0, 110787.0).
point(16, 103114.0, 66417.0).
point(17, 481489.0, 330979.0).
point(18, 20869.0, 57338.0).
point(19, 114384.0, 100699.0).
point(20, -334022.0, -41257.0).
point(21, -165184.0, 230479.0).
point(22, -81196.0, 103481.0).
point(23, -9647.0, -79031.0).
point(24, 8469.0, 77890.0).
point(25, 46076.0, 332399.0).
point(26, 220774.0, -205148.0).
point(27, 201527.0, -90624.0).
point(28, 158541.0, -107686.0).
cost(1, 2, 453179).
cost(1, 3, 406724).
cost(1, 4, 396661).
cost(1, 5, 450754).
cost(1, 6, 374870).
cost(1, 7, 454833).
cost(1, 8, 110659).
cost(1, 9, 547908).
cost(1, 10, 335545).
cost(1, 11, 429218).
cost(1, 12, 191600).
cost(1, 13, 226022).
cost(1, 14, 654016).
cost(1, 15, 294689).
cost(1, 16, 147839).
cost(1, 17, 323122).
cost(1, 18, 229469).
cost(1, 19, 129806).
cost(1, 20, 597740).
cost(1, 21, 425619).
cost(1, 22, 324991).
cost(1, 23, 317414).
cost(1, 24, 237701).
cost(1, 25, 295842).
cost(1, 26, 318198).
cost(1, 27, 207182).
cost(1, 28, 235816).
cost(2, 1, 453179).
cost(2, 3, 486901).
cost(2, 4, 510950).
cost(2, 5, 246418).
cost(2, 6, 184210).
cost(2, 7, 80484).
cost(2, 8, 473514).
cost(2, 9, 95424).
cost(2, 10, 154454).
cost(2, 11, 190329).
cost(2, 12, 535987).
cost(2, 13, 230383).
cost(2, 14, 206477).
cost(2, 15, 313361).
cost(2, 16, 326237).
cost(2, 17, 776267).
cost(2, 18, 278654).
cost(2, 19, 360935).
cost(2, 20, 296616).
cost(2, 21, 438889).
cost(2, 22, 304328).
cost(2, 23, 142698).
cost(2, 24, 293659).
cost(2, 25, 548866).
cost(2, 26, 304794).
cost(2, 27, 306048).
cost(2, 28, 259803).
cost(3, 1, 406724).
cost(3, 2, 486901).
cost(3, 4, 35426).
cost(3, 5, 275920).
cost(3, 6, 562997).
cost(3, 7, 548692).
cost(3, 8, 310026).
cost(3, 9, 542601).
cost(3, 10, 497004).
cost(3, 11, 313912).
cost(3, 12, 276797).
cost(3, 13, 360230).
cost(3, 14, 597762).
cost(3, 15, 188611).
cost(3, 16, 315363).
cost(3, 17, 608109).
cost(3, 18, 269746).
cost(3, 19, 301581).
cost(3, 20, 387017).
cost(3, 21, 67310).
cost(3, 22, 186059).
cost(3, 23, 381200).
cost(3, 24, 245753).
cost(3, 25, 177532).
cost(3, 26, 599209).
cost(3, 27, 497107).
cost(3, 28, 483727).
cost(4, 1, 396661).
cost(4, 2, 510950).
cost(4, 3, 35426).
cost(4, 5, 307450).
cost(4, 6, 577651).
cost(4, 7, 570004).
cost(4, 8, 295287).
cost(4, 9, 570151).
cost(4, 10, 512004).
cost(4, 11, 342832).
cost(4, 12, 253894).
cost(4, 13, 370793).
cost(4, 14, 628639).
cost(4, 15, 205068).
cost(4, 16, 317203).
cost(4, 17, 582116).
cost(4, 18, 280061).
cost(4, 19, 299687).
cost(4, 20, 421821).
cost(4, 21, 102558).
cost(4, 22, 207253).
cost(4, 23, 399302).
cost(4, 24, 256178).
cost(4, 25, 148046).
cost(4, 26, 606863).
cost(4, 27, 501449).
cost(4, 28, 491235).
cost(5, 1, 450754).
cost(5, 2, 246418).
cost(5, 3, 275920).
cost(5, 4, 307450).
cost(5, 6, 386981).
cost(5, 7, 323123).
cost(5, 8, 410850).
cost(5, 9, 277458).
cost(5, 10, 327267).
cost(5, 11, 57271).
cost(5, 12, 436676).
cost(5, 13, 263113).
cost(5, 14, 322000).
cost(5, 15, 173057).
cost(5, 16, 304115).
cost(5, 17, 747288).
cost(5, 18, 221511).
cost(5, 19, 322289).
cost(5, 20, 149192).
cost(5, 21, 214796).
cost(5, 22, 144001).
cost(5, 23, 211141).
cost(5, 24, 214128).
cost(5, 25, 397432).
cost(5, 26, 473788).
cost(5, 27, 413214).
cost(5, 28, 377253).
cost(6, 1, 374870).
cost(6, 2, 184210).
cost(6, 3, 562997).
cost(6, 4, 577651).
cost(6, 5, 386981).
cost(6, 7, 123952).
cost(6, 8, 436557).
cost(6, 9, 259631).
cost(6, 10, 66104).
cost(6, 11, 331176).
cost(6, 12, 516253).
cost(6, 13, 212573).
cost(6, 14, 369965).
cost(6, 15, 374388).
cost(6, 16, 299400).
cost(6, 17, 682286).
cost(6, 18, 300187).
cost(6, 19, 334060).
cost(6, 20, 472087).
cost(6, 21, 532634).
cost(6, 22, 380880).
cost(6, 23, 187468).
cost(6, 24, 323292).
cost(6, 25, 567653).
cost(6, 26, 126460).
cost(6, 27, 176331).
cost(6, 28, 139369).
cost(7, 1, 454833).
cost(7, 2, 80484).
cost(7, 3, 548692).
cost(7, 4, 570004).
cost(7, 5, 323123).
cost(7, 6, 123952).
cost(7, 8, 493325).
cost(7, 9, 136570).
cost(7, 10, 123304).
cost(7, 11, 266146).
cost(7, 12, 563866).
cost(7, 13, 247773).
cost(7, 14, 246019).
cost(7, 15, 366841).
cost(7, 16, 345934).
cost(7, 17, 774314).
cost(7, 18, 315721).
cost(7, 19, 381962).
cost(7, 20, 376167).
cost(7, 21, 505533).
cost(7, 22, 363027).
cost(7, 23, 176698).
cost(7, 24, 334622).
cost(7, 25, 591728).
cost(7, 26, 250358).
cost(7, 27, 279576).
cost(7, 28, 235059).
cost(8, 1, 110659).
cost(8, 2, 473514).
cost(8, 3, 310026).
cost(8, 4, 295287).
cost(8, 5, 410850).
cost(8, 6, 436557).
cost(8, 7, 493325).
cost(8, 9, 563590).
cost(8, 10, 385258).
cost(8, 11, 403126).
cost(8, 12, 85881).
cost(8, 13, 246206).
cost(8, 14, 660882).
cost(8, 15, 239744).
cost(8, 16, 148030).
cost(8, 17, 336600).
cost(8, 18, 206331).
cost(8, 19, 112641).
cost(8, 20, 559946).
cost(8, 21, 339493).
cost(8, 22, 270569).
cost(8, 23, 330879).
cost(8, 24, 202901).
cost(8, 25, 185290).
cost(8, 26, 405107).
cost(8, 27, 289160).
cost(8, 28, 305105).
cost(9, 1, 547908).
cost(9, 2, 95424).
cost(9, 3, 542601).
cost(9, 4, 570151).
cost(9, 5, 277458).
cost(9, 6, 259631).
cost(9, 7, 136570).
cost(9, 8, 563590).
cost(9, 10, 243852).
cost(9, 11, 229713).
cost(9, 12, 621991).
cost(9, 13, 323691).
cost(9, 14, 113015).
cost(9, 15, 383947).
cost(9, 16, 417653).
cost(9, 17, 871028).
cost(9, 18, 363244).
cost(9, 19, 451519).
cost(9, 20, 276515).
cost(9, 21, 487532).
cost(9, 22, 369267).
cost(9, 23, 233721).
cost(9, 24, 375408).
cost(9, 25, 624786).
cost(9, 26, 385389).
cost(9, 27, 398993).
cost(9, 28, 352817).
cost(10, 1, 335545).
cost(10, 2, 154454).
cost(10, 3, 497004).
cost(10, 4, 512004).
cost(10, 5, 327267).
cost(10, 6, 66104).
cost(10, 7, 123304).
cost(10, 8, 385258).
cost(10, 9, 243852).
cost(10, 11, 272862).
cost(10, 12, 461810).
cost(10, 13, 150585).
cost(10, 14, 356866).
cost(10, 15, 308394).
cost(10, 16, 242656).
cost(10, 17, 652393).
cost(10, 18, 235803).
cost(10, 19, 278275).
cost(10, 20, 423333).
cost(10, 21, 466647).
cost(10, 22, 314808).
cost(10, 23, 122474).
cost(10, 24, 258546).
cost(10, 25, 506570).
cost(10, 26, 155918).
cost(10, 27, 157205).
cost(10, 28, 111998).
cost(11, 1, 429218).
cost(11, 2, 190329).
cost(11, 3, 313912).
cost(11, 4, 342832).
cost(11, 5, 57271).
cost(11, 6, 331176).
cost(11, 7, 266146).
cost(11, 8, 403126).
cost(11, 9, 229713).
cost(11, 10, 272862).
cost(11, 12, 439788).
cost(11, 13, 224980).
cost(11, 14, 288637).
cost(11, 15, 177323).
cost(11, 16, 281408).
cost(11, 17, 736712).
cost(11, 18, 201717).
cost(11, 19, 304796).
cost(11, 20, 172365).
cost(11, 21, 257822).
cost(11, 22, 153869).
cost(11, 23, 161097).
cost(11, 24, 200513).
cost(11, 25, 415680).
cost(11, 26, 422263).
cost(11, 27, 369214).
cost(11, 28, 330675).
cost(12, 1, 191600).
cost(12, 2, 535987).
cost(12, 3, 276797).
cost(12, 4, 253894).
cost(12, 5, 436676).
cost(12, 6, 516253).
cost(12, 7, 563866).
cost(12, 8, 85881).
cost(12, 9, 621991).
cost(12, 10, 461810).
cost(12, 11, 439788).
cost(12, 13, 316475).
cost(12, 14, 712842).
cost(12, 15, 264515).
cost(12, 16, 219517).
cost(12, 17, 333404).
cost(12, 18, 258750).
cost(12, 19, 183618).
cost(12, 20, 582790).
cost(12, 21, 321034).
cost(12, 22, 292685).
cost(12, 23, 394114).
cost(12, 24, 248210).
cost(12, 25, 117929).
cost(12, 26, 490438).
cost(12, 27, 374358).
cost(12, 28, 388177).
cost(13, 1, 226022).
cost(13, 2, 230383).
cost(13, 3, 360230).
cost(13, 4, 370793).
cost(13, 5, 263113).
cost(13, 6, 212573).
cost(13, 7, 247773).
cost(13, 8, 246206).
cost(13, 9, 323691).
cost(13, 10, 150585).
cost(13, 11, 224980).
cost(13, 12, 316475).
cost(13, 14, 428171).
cost(13, 15, 175749).
cost(13, 16, 98303).
cost(13, 17, 548464).
cost(13, 18, 90767).
cost(13, 19, 134242).
cost(13, 20, 397154).
cost(13, 21, 341022).
cost(13, 22, 191732).
cost(13, 23, 91399).
cost(13, 24, 114731).
cost(13, 25, 355992).
cost(13, 26, 241007).
cost(13, 27, 154313).
cost(13, 28, 127745).
cost(14, 1, 654016).
cost(14, 2, 206477).
cost(14, 3, 597762).
cost(14, 4, 628639).
cost(14, 5, 322000).
cost(14, 6, 369965).
cost(14, 7, 246019).
cost(14, 8, 660882).
cost(14, 9, 113015).
cost(14, 10, 356866).
cost(14, 11, 288637).
cost(14, 12, 712842).
cost(14, 13, 428171).
cost(14, 15, 460828).
cost(14, 16, 518244).
cost(14, 17, 976621).
cost(14, 18, 456006).
cost(14, 19, 550535).
cost(14, 20, 263610).
cost(14, 21, 536482).
cost(14, 22, 440832).
cost(14, 23, 336840).
cost(14, 24, 464660).
cost(14, 25, 702325).
cost(14, 26, 496310).
cost(14, 27, 511753).
cost(14, 28, 465537).
cost(15, 1, 294689).
cost(15, 2, 313361).
cost(15, 3, 188611).
cost(15, 4, 205068).
cost(15, 5, 173057).
cost(15, 6, 374388).
cost(15, 7, 366841).
cost(15, 8, 239744).
cost(15, 9, 383947).
cost(15, 10, 308394).
cost(15, 11, 177323).
cost(15, 12, 264515).
cost(15, 13, 175749).
cost(15, 14, 460828).
cost(15, 16, 160382).
cost(15, 17, 576227).
cost(15, 18, 89572).
cost(15, 19, 165699).
cost(15, 20, 321270).
cost(15, 21, 165416).
cost(15, 22, 31060).
cost(15, 23, 194272).
cost(15, 24, 67969).
cost(15, 25, 241945).
cost(15, 26, 416750).
cost(15, 27, 323018).
cost(15, 28, 302723).
cost(16, 1, 147839).
cost(16, 2, 326237).
cost(16, 3, 315363).
cost(16, 4, 317203).
cost(16, 5, 304115).
cost(16, 6, 299400).
cost(16, 7, 345934).
cost(16, 8, 148030).
cost(16, 9, 417653).
cost(16, 10, 242656).
cost(16, 11, 281408).
cost(16, 12, 219517).
cost(16, 13, 98303).
cost(16, 14, 518244).
cost(16, 15, 160382).
cost(16, 17, 461693).
cost(16, 18, 82745).
cost(16, 19, 36087).
cost(16, 20, 450202).
cost(16, 21, 314484).
cost(16, 22, 188000).
cost(16, 23, 184038).
cost(16, 24, 95338).
cost(16, 25, 272029).
cost(16, 26, 295958).
cost(16, 27, 185329).
cost(16, 28, 182713).
cost(17, 1, 323122).
cost(17, 2, 776267).
cost(17, 3, 608109).
cost(17, 4, 582116).
cost(17, 5, 747288).
cost(17, 6, 682286).
cost(17, 7, 774314).
cost(17, 8, 336600).
cost(17, 9, 871028).
cost(17, 10, 652393).
cost(17, 11, 736712).
cost(17, 12, 333404).
cost(17, 13, 548464).
cost(17, 14, 976621).
cost(17, 15, 576227).
cost(17, 16, 461693).
cost(17, 18, 535771).
cost(17, 19, 433353).
cost(17, 20, 896447).
cost(17, 21, 654436).
cost(17, 22, 606935).
cost(17, 23, 639783).
cost(17, 24, 536472).
cost(17, 25, 435415).
cost(17, 26, 596158).
cost(17, 27, 506091).
cost(17, 28, 544722).
cost(18, 1, 229469).
cost(18, 2, 278654).
cost(18, 3, 269746).
cost(18, 4, 280061).
cost(18, 5, 221511).
cost(18, 6, 300187).
cost(18, 7, 315721).
cost(18, 8, 206331).
cost(18, 9, 363244).
cost(18, 10, 235803).
cost(18, 11, 201717).
cost(18, 12, 258750).
cost(18, 13, 90767).
cost(18, 14, 456006).
cost(18, 15, 89572).
cost(18, 16, 82745).
cost(18, 17, 535771).
cost(18, 19, 103079).
cost(18, 20, 368332).
cost(18, 21, 254153).
cost(18, 22, 112011).
cost(18, 23, 139742).
cost(18, 24, 24003).
cost(18, 25, 276214).
cost(18, 26, 329941).
cost(18, 27, 233517).
cost(18, 28, 214910).
cost(19, 1, 129806).
cost(19, 2, 360935).
cost(19, 3, 301581).
cost(19, 4, 299687).
cost(19, 5, 322289).
cost(19, 6, 334060).
cost(19, 7, 381962).
cost(19, 8, 112641).
cost(19, 9, 451519).
cost(19, 10, 278275).
cost(19, 11, 304796).
cost(19, 12, 183618).
cost(19, 13, 134242).
cost(19, 14, 550535).
cost(19, 15, 165699).
cost(19, 16, 36087).
cost(19, 17, 433353).
cost(19, 18, 103079).
cost(19, 20, 470340).
cost(19, 21, 308223).
cost(19, 22, 195600).
cost(19, 23, 218373).
cost(19, 24, 108343).
cost(19, 25, 241559).
cost(19, 26, 323823).
cost(19, 27, 210234).
cost(19, 28, 213012).
cost(20, 1, 597740).
cost(20, 2, 296616).
cost(20, 3, 387017).
cost(20, 4, 421821).
cost(20, 5, 149192).
cost(20, 6, 472087).
cost(20, 7, 376167).
cost(20, 8, 559946).
cost(20, 9, 276515).
cost(20, 10, 423333).
cost(20, 11, 172365).
cost(20, 12, 582790).
cost(20, 13, 397154).
cost(20, 14, 263610).
cost(20, 15, 321270).
cost(20, 16, 450202).
cost(20, 17, 896447).
cost(20, 18, 368332).
cost(20, 19, 470340).
cost(20, 21, 319917).
cost(20, 22, 291325).
cost(20, 23, 326567).
cost(20, 24, 362624).
cost(20, 25, 533004).
cost(20, 26, 578497).
cost(20, 27, 537820).
cost(20, 28, 497022).
cost(21, 1, 425619).
cost(21, 2, 438889).
cost(21, 3, 67310).
cost(21, 4, 102558).
cost(21, 5, 214796).
cost(21, 6, 532634).
cost(21, 7, 505533).
cost(21, 8, 339493).
cost(21, 9, 487532).
cost(21, 10, 466647).
cost(21, 11, 257822).
cost(21, 12, 321034).
cost(21, 13, 341022).
cost(21, 14, 536482).
cost(21, 15, 165416).
cost(21, 16, 314484).
cost(21, 17, 654436).
cost(21, 18, 254153).
cost(21, 19, 308223).
cost(21, 20, 319917).
cost(21, 22, 152258).
cost(21, 23, 346393).
cost(21, 24, 231168).
cost(21, 25, 234560).
cost(21, 26, 582009).
cost(21, 27, 487426).
cost(21, 28, 468138).
cost(22, 1, 324991).
cost(22, 2, 304328).
cost(22, 3, 186059).
cost(22, 4, 207253).
cost(22, 5, 144001).
cost(22, 6, 380880).
cost(22, 7, 363027).
cost(22, 8, 270569).
cost(22, 9, 369267).
cost(22, 10, 314808).
cost(22, 11, 153869).
cost(22, 12, 292685).
cost(22, 13, 191732).
cost(22, 14, 440832).
cost(22, 15, 31060).
cost(22, 16, 188000).
cost(22, 17, 606935).
cost(22, 18, 112011).
cost(22, 19, 195600).
cost(22, 20, 291325).
cost(22, 21, 152258).
cost(22, 23, 196035).
cost(22, 24, 93245).
cost(22, 25, 261919).
cost(22, 26, 431784).
cost(22, 27, 342942).
cost(22, 28, 319477).
cost(23, 1, 317414).
cost(23, 2, 142698).
cost(23, 3, 381200).
cost(23, 4, 399302).
cost(23, 5, 211141).
cost(23, 6, 187468).
cost(23, 7, 176698).
cost(23, 8, 330879).
cost(23, 9, 233721).
cost(23, 10, 122474).
cost(23, 11, 161097).
cost(23, 12, 394114).
cost(23, 13, 91399).
cost(23, 14, 336840).
cost(23, 15, 194272).
cost(23, 16, 184038).
cost(23, 17, 639783).
cost(23, 18, 139742).
cost(23, 19, 218373).
cost(23, 20, 326567).
cost(23, 21, 346393).
cost(23, 22, 196035).
cost(23, 24, 157963).
cost(23, 25, 415186).
cost(23, 26, 262677).
cost(23, 27, 211492).
cost(23, 28, 170612).
cost(24, 1, 237701).
cost(24, 2, 293659).
cost(24, 3, 245753).
cost(24, 4, 256178).
cost(24, 5, 214128).
cost(24, 6, 323292).
cost(24, 7, 334622).
cost(24, 8, 202901).
cost(24, 9, 375408).
cost(24, 10, 258546).
cost(24, 11, 200513).
cost(24, 12, 248210).
cost(24, 13, 114731).
cost(24, 14, 464660).
cost(24, 15, 67969).
cost(24, 16, 95338).
cost(24, 17, 536472).
cost(24, 18, 24003).
cost(24, 19, 108343).
cost(24, 20, 362624).
cost(24, 21, 231168).
cost(24, 22, 93245).
cost(24, 23, 157963).
cost(24, 25, 257272).
cost(24, 26, 353813).
cost(24, 27, 256258).
cost(24, 28, 238663).
cost(25, 1, 295842).
cost(25, 2, 548866).
cost(25, 3, 177532).
cost(25, 4, 148046).
cost(25, 5, 397432).
cost(25, 6, 567653).
cost(25, 7, 591728).
cost(25, 8, 185290).
cost(25, 9, 624786).
cost(25, 10, 506570).
cost(25, 11, 415680).
cost(25, 12, 117929).
cost(25, 13, 355992).
cost(25, 14, 702325).
cost(25, 15, 241945).
cost(25, 16, 272029).
cost(25, 17, 435415).
cost(25, 18, 276214).
cost(25, 19, 241559).
cost(25, 20, 533004).
cost(25, 21, 234560).
cost(25, 22, 261919).
cost(25, 23, 415186).
cost(25, 24, 257272).
cost(25, 26, 565222).
cost(25, 27, 450681).
cost(25, 28, 454228).
cost(26, 1, 318198).
cost(26, 2, 304794).
cost(26, 3, 599209).
cost(26, 4, 606863).
cost(26, 5, 473788).
cost(26, 6, 126460).
cost(26, 7, 250358).
cost(26, 8, 405107).
cost(26, 9, 385389).
cost(26, 10, 155918).
cost(26, 11, 422263).
cost(26, 12, 490438).
cost(26, 13, 241007).
cost(26, 14, 496310).
cost(26, 15, 416750).
cost(26, 16, 295958).
cost(26, 17, 596158).
cost(26, 18, 329941).
cost(26, 19, 323823).
cost(26, 20, 578497).
cost(26, 21, 582009).
cost(26, 22, 431784).
cost(26, 23, 262677).
cost(26, 24, 353813).
cost(26, 25, 565222).
cost(26, 27, 116130).
cost(26, 28, 115636).
cost(27, 1, 207182).
cost(27, 2, 306048).
cost(27, 3, 497107).
cost(27, 4, 501449).
cost(27, 5, 413214).
cost(27, 6, 176331).
cost(27, 7, 279576).
cost(27, 8, 289160).
cost(27, 9, 398993).
cost(27, 10, 157205).
cost(27, 11, 369214).
cost(27, 12, 374358).
cost(27, 13, 154313).
cost(27, 14, 511753).
cost(27, 15, 323018).
cost(27, 16, 185329).
cost(27, 17, 506091).
cost(27, 18, 233517).
cost(27, 19, 210234).
cost(27, 20, 537820).
cost(27, 21, 487426).
cost(27, 22, 342942).
cost(27, 23, 211492).
cost(27, 24, 256258).
cost(27, 25, 450681).
cost(27, 26, 116130).
cost(27, 28, 46248).
cost(28, 1, 235816).
cost(28, 2, 259803).
cost(28, 3, 483727).
cost(28, 4, 491235).
cost(28, 5, 377253).
cost(28, 6, 139369).
cost(28, 7, 235059).
cost(28, 8, 305105).
cost(28, 9, 352817).
cost(28, 10, 111998).
cost(28, 11, 330675).
cost(28, 12, 388177).
cost(28, 13, 127745).
cost(28, 14, 465537).
cost(28, 15, 302723).
cost(28, 16, 182713).
cost(28, 17, 544722).
cost(28, 18, 214910).
cost(28, 19, 213012).
cost(28, 20, 497022).
cost(28, 21, 468138).
cost(28, 22, 319477).
cost(28, 23, 170612).
cost(28, 24, 238663).
cost(28, 25, 454228).
cost(28, 26, 115636).
cost(28, 27, 46248).
