dimension(28).
point(1, -179548.0, 299674.0).
point(2, 196671.0, 132173.0).
point(3, 80131.0, 80638.0).
point(4, 239441.0, -87922.0).
point(5, 12673.0, -52567.0).
point(6, -36736.0, -8510.0).
point(7, 194753.0, 43763.0).
point(8, 73844.0, 84330.0).
point(9, -294051.0, 13035.0).
point(10, -197415.0, 188288.0).
point(11, 51249.0, -219769.0).
point(12, -54688.0, 65918.0).
point(13, -216377.0, -184834.0).
point(14, -121022.0, 194002.0).
point(15, 96196.0, -71703.0).
point(16, -228903.0, -117499.0).
point(17, 266095.0, 23762.0).
point(18, 25530.0, -307838.0).
point(19, -114252.0, -133466.0).
point(20, 27509.0, 598674.0).
point(21, -74912.0, 30226.0).
point(22, -66378.0, -149751.0).
point(23, -229802.0, 14595.0).
point(24, 191373.0, -8461.0).
point(25, 116619.0, 176386.0).
point(26, -109480.0, -158229.0).
point(27, 44798.0, -12904.0).
point(28, -124017.0, 299188.0).
cost(1, 2, 411822).
cost(1, 3, 339720).
cost(1, 4, 570774).
cost(1, 5, 401276).
cost(1, 6, 339665).
cost(1, 7, 453422).
cost(1, 8, 332537).
cost(1, 9, 308663).
cost(1, 10, 112810).
cost(1, 11, 568409).
cost(1, 12, 265013).
cost(1, 13, 485906).
cost(1, 14, 120797).
cost(1, 15, 462553).
cost(1, 16, 420082).
cost(1, 17, 524142).
cost(1, 18, 641192).
cost(1, 19, 438034).
cost(1, 20, 363694).
cost(1, 21, 289052).
cost(1, 22, 463455).
cost(1, 23, 289475).
cost(1, 24, 482213).
cost(1, 25, 320803).
cost(1, 26, 463233).
cost(1, 27, 384755).
cost(1, 28, 55533).
cost(2, 1, 411822).
cost(2, 3, 127426).
cost(2, 4, 224212).
cost(2, 5, 260738).
cost(2, 6, 272526).
cost(2, 7, 88431).
cost(2, 8, 131816).
cost(2, 9, 504977).
cost(2, 10, 398061).
cost(2, 11, 380803).
cost(2, 12, 259944).
cost(2, 13, 520675).
cost(2, 14, 323654).
cost(2, 15, 227290).
cost(2, 16, 493406).
cost(2, 17, 128735).
cost(2, 18, 472122).
cost(2, 19, 408946).
cost(2, 20, 496225).
cost(2, 21, 290087).
cost(2, 22, 385585).
cost(2, 23, 442384).
cost(2, 24, 140734).
cost(2, 25, 91450).
cost(2, 26, 421974).
cost(2, 27, 210030).
cost(2, 28, 361573).
cost(3, 1, 339720).
cost(3, 2, 127426).
cost(3, 4, 231931).
cost(3, 5, 149312).
cost(3, 6, 146987).
cost(3, 7, 120408).
cost(3, 8, 7291).
cost(3, 9, 380240).
cost(3, 10, 297692).
cost(3, 11, 301792).
cost(3, 12, 135620).
cost(3, 13, 397985).
cost(3, 14, 230898).
cost(3, 15, 153186).
cost(3, 16, 367097).
cost(3, 17, 194467).
cost(3, 18, 392294).
cost(3, 19, 289180).
cost(3, 20, 520702).
cost(3, 21, 163033).
cost(3, 22, 273027).
cost(3, 23, 316891).
cost(3, 24, 142525).
cost(3, 25, 102465).
cost(3, 26, 304975).
cost(3, 27, 99993).
cost(3, 28, 299066).
cost(4, 1, 570774).
cost(4, 2, 224212).
cost(4, 3, 231931).
cost(4, 5, 229508).
cost(4, 6, 287367).
cost(4, 7, 139061).
cost(4, 8, 238942).
cost(4, 9, 542960).
cost(4, 10, 516851).
cost(4, 11, 229782).
cost(4, 12, 331932).
cost(4, 13, 466006).
cost(4, 14, 457619).
cost(4, 15, 144160).
cost(4, 16, 469277).
cost(4, 17, 114821).
cost(4, 18, 306791).
cost(4, 19, 356613).
cost(4, 20, 718561).
cost(4, 21, 335823).
cost(4, 22, 312007).
cost(4, 23, 480311).
cost(4, 24, 92869).
cost(4, 25, 291451).
cost(4, 26, 355934).
cost(4, 27, 208599).
cost(4, 28, 530995).
cost(5, 1, 401276).
cost(5, 2, 260738).
cost(5, 3, 149312).
cost(5, 4, 229508).
cost(5, 6, 66199).
cost(5, 7, 205992).
cost(5, 8, 149942).
cost(5, 9, 313661).
cost(5, 10, 319606).
cost(5, 11, 171594).
cost(5, 12, 136295).
cost(5, 13, 264497).
cost(5, 14, 280483).
cost(5, 15, 85687).
cost(5, 16, 250150).
cost(5, 17, 264667).
cost(5, 18, 255595).
cost(5, 19, 150514).
cost(5, 20, 651410).
cost(5, 21, 120523).
cost(5, 22, 125275).
cost(5, 23, 251605).
cost(5, 24, 184063).
cost(5, 25, 251444).
cost(5, 26, 161511).
cost(5, 27, 51041).
cost(5, 28, 377380).
cost(6, 1, 339665).
cost(6, 2, 272526).
cost(6, 3, 146987).
cost(6, 4, 287367).
cost(6, 5, 66199).
cost(6, 7, 237318).
cost(6, 8, 144386).
cost(6, 9, 258215).
cost(6, 10, 254061).
cost(6, 11, 228849).
cost(6, 12, 76562).
cost(6, 13, 251716).
cost(6, 14, 219352).
cost(6, 15, 147188).
cost(6, 16, 220923).
cost(6, 17, 304546).
cost(6, 18, 305736).
cost(6, 19, 147047).
cost(6, 20, 610573).
cost(6, 21, 54386).
cost(6, 22, 144318).
cost(6, 23, 194444).
cost(6, 24, 228109).
cost(6, 25, 240217).
cost(6, 26, 166456).
cost(6, 27, 81652).
cost(6, 28, 319838).
cost(7, 1, 453422).
cost(7, 2, 88431).
cost(7, 3, 120408).
cost(7, 4, 139061).
cost(7, 5, 205992).
cost(7, 6, 237318).
cost(7, 8, 127533).
cost(7, 9, 489769).
cost(7, 10, 417951).
cost(7, 11, 300071).
cost(7, 12, 250423).
cost(7, 13, 470409).
cost(7, 14, 349694).
cost(7, 15, 151809).
cost(7, 16, 453310).
cost(7, 17, 74093).
cost(7, 18, 390205).
cost(7, 19, 356222).
cost(7, 20, 579566).
cost(7, 21, 270005).
cost(7, 22, 325019).
cost(7, 23, 425556).
cost(7, 24, 52333).
cost(7, 25, 153928).
cost(7, 26, 365183).
cost(7, 27, 160305).
cost(7, 28, 408480).
cost(8, 1, 332537).
cost(8, 2, 131816).
cost(8, 3, 7291).
cost(8, 4, 238942).
cost(8, 5, 149942).
cost(8, 6, 144386).
cost(8, 7, 127533).
cost(8, 9, 374740).
cost(8, 10, 290497).
cost(8, 11, 304937).
cost(8, 12, 129844).
cost(8, 13, 395825).
cost(8, 14, 223608).
cost(8, 15, 157626).
cost(8, 16, 363855).
cost(8, 17, 201566).
cost(8, 18, 395133).
cost(8, 19, 287776).
cost(8, 20, 516427).
cost(8, 21, 158290).
cost(8, 22, 272866).
cost(8, 23, 311551).
cost(8, 24, 149744).
cost(8, 25, 101509).
cost(8, 26, 304044).
cost(8, 27, 101480).
cost(8, 28, 292084).
cost(9, 1, 308663).
cost(9, 2, 504977).
cost(9, 3, 380240).
cost(9, 4, 542960).
cost(9, 5, 313661).
cost(9, 6, 258215).
cost(9, 7, 489769).
cost(9, 8, 374740).
cost(9, 10, 200130).
cost(9, 11, 416449).
cost(9, 12, 245135).
cost(9, 13, 212569).
cost(9, 14, 250376).
cost(9, 15, 399341).
cost(9, 16, 145888).
cost(9, 17, 560249).
cost(9, 18, 452870).
cost(9, 19, 231927).
cost(9, 20, 668112).
cost(9, 21, 219812).
cost(9, 22, 279883).
cost(9, 23, 64268).
cost(9, 24, 485900).
cost(9, 25, 441965).
cost(9, 26, 251789).
cost(9, 27, 339840).
cost(9, 28, 332859).
cost(10, 1, 112810).
cost(10, 2, 398061).
cost(10, 3, 297692).
cost(10, 4, 516851).
cost(10, 5, 319606).
cost(10, 6, 254061).
cost(10, 7, 417951).
cost(10, 8, 290497).
cost(10, 9, 200130).
cost(10, 11, 477854).
cost(10, 12, 188004).
cost(10, 13, 373604).
cost(10, 14, 76606).
cost(10, 15, 392177).
cost(10, 16, 307404).
cost(10, 17, 491844).
cost(10, 18, 543917).
cost(10, 19, 332328).
cost(10, 20, 467982).
cost(10, 21, 199976).
cost(10, 22, 362548).
cost(10, 23, 176687).
cost(10, 24, 435736).
cost(10, 25, 314259).
cost(10, 26, 357500).
cost(10, 27, 314874).
cost(10, 28, 132989).
cost(11, 1, 568409).
cost(11, 2, 380803).
cost(11, 3, 301792).
cost(11, 4, 229782).
cost(11, 5, 171594).
cost(11, 6, 228849).
cost(11, 7, 300071).
cost(11, 8, 304937).
cost(11, 9, 416449).
cost(11, 10, 477854).
cost(11, 12, 304696).
cost(11, 13, 269897).
cost(11, 14, 448201).
cost(11, 15, 154738).
cost(11, 16, 298235).
cost(11, 17, 324756).
cost(11, 18, 91748).
cost(11, 19, 186652).
cost(11, 20, 818787).
cost(11, 21, 280025).
cost(11, 22, 136889).
cost(11, 23, 365946).
cost(11, 24, 253546).
cost(11, 25, 401512).
cost(11, 26, 172107).
cost(11, 27, 206966).
cost(11, 28, 547754).
cost(12, 1, 265013).
cost(12, 2, 259944).
cost(12, 3, 135620).
cost(12, 4, 331932).
cost(12, 5, 136295).
cost(12, 6, 76562).
cost(12, 7, 250423).
cost(12, 8, 129844).
cost(12, 9, 245135).
cost(12, 10, 188004).
cost(12, 11, 304696).
cost(12, 13, 298362).
cost(12, 14, 144242).
cost(12, 15, 204219).
cost(12, 16, 252968).
cost(12, 17, 323541).
cost(12, 18, 382268).
cost(12, 19, 208091).
cost(12, 20, 539060).
cost(12, 21, 41024).
cost(12, 22, 215986).
cost(12, 23, 182480).
cost(12, 24, 257057).
cost(12, 25, 203836).
cost(12, 26, 230747).
cost(12, 27, 126927).
cost(12, 28, 243354).
cost(13, 1, 485906).
cost(13, 2, 520675).
cost(13, 3, 397985).
cost(13, 4, 466006).
cost(13, 5, 264497).
cost(13, 6, 251716).
cost(13, 7, 470409).
cost(13, 8, 395825).
cost(13, 9, 212569).
cost(13, 10, 373604).
cost(13, 11, 269897).
cost(13, 12, 298362).
cost(13, 14, 390652).
cost(13, 15, 332416).
cost(13, 16, 68490).
cost(13, 17, 525634).
cost(13, 18, 271383).
cost(13, 19, 114316).
cost(13, 20, 820588).
cost(13, 21, 257416).
cost(13, 22, 154047).
cost(13, 23, 199880).
cost(13, 24, 444261).
cost(13, 25, 491290).
cost(13, 26, 110158).
cost(13, 27, 312686).
cost(13, 28, 492755).
cost(14, 1, 120797).
cost(14, 2, 323654).
cost(14, 3, 230898).
cost(14, 4, 457619).
cost(14, 5, 280483).
cost(14, 6, 219352).
cost(14, 7, 349694).
cost(14, 8, 223608).
cost(14, 9, 250376).
cost(14, 10, 76606).
cost(14, 11, 448201).
cost(14, 12, 144242).
cost(14, 13, 390652).
cost(14, 15, 343195).
cost(14, 16, 329653).
cost(14, 17, 422896).
cost(14, 18, 522801).
cost(14, 19, 327538).
cost(14, 20, 431069).
cost(14, 21, 170143).
cost(14, 22, 348069).
cost(14, 23, 209809).
cost(14, 24, 372266).
cost(14, 25, 238293).
cost(14, 26, 352420).
cost(14, 27, 265153).
cost(14, 28, 105229).
cost(15, 1, 462553).
cost(15, 2, 227290).
cost(15, 3, 153186).
cost(15, 4, 144160).
cost(15, 5, 85687).
cost(15, 6, 147188).
cost(15, 7, 151809).
cost(15, 8, 157626).
cost(15, 9, 399341).
cost(15, 10, 392177).
cost(15, 11, 154738).
cost(15, 12, 204219).
cost(15, 13, 332416).
cost(15, 14, 343195).
cost(15, 16, 328309).
cost(15, 17, 194883).
cost(15, 18, 246482).
cost(15, 19, 219324).
cost(15, 20, 673887).
cost(15, 21, 199167).
cost(15, 22, 180338).
cost(15, 23, 337227).
cost(15, 24, 114273).
cost(15, 25, 248928).
cost(15, 26, 223135).
cost(15, 27, 78097).
cost(15, 28, 431340).
cost(16, 1, 420082).
cost(16, 2, 493406).
cost(16, 3, 367097).
cost(16, 4, 469277).
cost(16, 5, 250150).
cost(16, 6, 220923).
cost(16, 7, 453310).
cost(16, 8, 363855).
cost(16, 9, 145888).
cost(16, 10, 307404).
cost(16, 11, 298235).
cost(16, 12, 252968).
cost(16, 13, 68490).
cost(16, 14, 329653).
cost(16, 15, 328309).
cost(16, 17, 514760).
cost(16, 18, 317750).
cost(16, 19, 115757).
cost(16, 20, 760691).
cost(16, 21, 213391).
cost(16, 22, 165694).
cost(16, 23, 132097).
cost(16, 24, 434190).
cost(16, 25, 453601).
cost(16, 26, 126178).
cost(16, 27, 293006).
cost(16, 28, 429685).
cost(17, 1, 524142).
cost(17, 2, 128735).
cost(17, 3, 194467).
cost(17, 4, 114821).
cost(17, 5, 264667).
cost(17, 6, 304546).
cost(17, 7, 74093).
cost(17, 8, 201566).
cost(17, 9, 560249).
cost(17, 10, 491844).
cost(17, 11, 324756).
cost(17, 12, 323541).
cost(17, 13, 525634).
cost(17, 14, 422896).
cost(17, 15, 194883).
cost(17, 16, 514760).
cost(17, 18, 409671).
cost(17, 19, 411563).
cost(17, 20, 622452).
cost(17, 21, 341068).
cost(17, 22, 375027).
cost(17, 23, 495982).
cost(17, 24, 81374).
cost(17, 25, 213629).
cost(17, 26, 417346).
cost(17, 27, 224314).
cost(17, 28, 477543).
cost(18, 1, 641192).
cost(18, 2, 472122).
cost(18, 3, 392294).
cost(18, 4, 306791).
cost(18, 5, 255595).
cost(18, 6, 305736).
cost(18, 7, 390205).
cost(18, 8, 395133).
cost(18, 9, 452870).
cost(18, 10, 543917).
cost(18, 11, 91748).
cost(18, 12, 382268).
cost(18, 13, 271383).
cost(18, 14, 522801).
cost(18, 15, 246482).
cost(18, 16, 317750).
cost(18, 17, 409671).
cost(18, 19, 223483).
cost(18, 20, 906514).
cost(18, 21, 352670).
cost(18, 22, 182862).
cost(18, 23, 411288).
cost(18, 24, 342243).
cost(18, 25, 492717).
cost(18, 26, 201521).
cost(18, 27, 295563).
cost(18, 28, 625176).
cost(19, 1, 438034).
cost(19, 2, 408946).
cost(19, 3, 289180).
cost(19, 4, 356613).
cost(19, 5, 150514).
cost(19, 6, 147047).
cost(19, 7, 356222).
cost(19, 8, 287776).
cost(19, 9, 231927).
cost(19, 10, 332328).
cost(19, 11, 186652).
cost(19, 12, 208091).
cost(19, 13, 114316).
cost(19, 14, 327538).
cost(19, 15, 219324).
cost(19, 16, 115757).
cost(19, 17, 411563).
cost(19, 18, 223483).
cost(19, 20, 745738).
cost(19, 21, 168353).
cost(19, 22, 50568).
cost(19, 23, 187813).
cost(19, 24, 330201).
cost(19, 25, 386406).
cost(19, 26, 25219).
cost(19, 27, 199580).
cost(19, 28, 432764).
cost(20, 1, 363694).
cost(20, 2, 496225).
cost(20, 3, 520702).
cost(20, 4, 718561).
cost(20, 5, 651410).
cost(20, 6, 610573).
cost(20, 7, 579566).
cost(20, 8, 516427).
cost(20, 9, 668112).
cost(20, 10, 467982).
cost(20, 11, 818787).
cost(20, 12, 539060).
cost(20, 13, 820588).
cost(20, 14, 431069).
cost(20, 15, 673887).
cost(20, 16, 760691).
cost(20, 17, 622452).
cost(20, 18, 906514).
cost(20, 19, 745738).
cost(20, 21, 577601).
cost(20, 22, 754291).
cost(20, 23, 638245).
cost(20, 24, 628860).
cost(20, 25, 431587).
cost(20, 26, 769200).
cost(20, 27, 611822).
cost(20, 28, 335637).
cost(21, 1, 289052).
cost(21, 2, 290087).
cost(21, 3, 163033).
cost(21, 4, 335823).
cost(21, 5, 120523).
cost(21, 6, 54386).
cost(21, 7, 270005).
cost(21, 8, 158290).
cost(21, 9, 219812).
cost(21, 10, 199976).
cost(21, 11, 280025).
cost(21, 12, 41024).
cost(21, 13, 257416).
cost(21, 14, 170143).
cost(21, 15, 199167).
cost(21, 16, 213391).
cost(21, 17, 341068).
cost(21, 18, 352670).
cost(21, 19, 168353).
cost(21, 20, 577601).
cost(21, 22, 180179).
cost(21, 23, 155677).
cost(21, 24, 269081).
cost(21, 25, 240929).
cost(21, 26, 191599).
cost(21, 27, 127243).
cost(21, 28, 273408).
cost(22, 1, 463455).
cost(22, 2, 385585).
cost(22, 3, 273027).
cost(22, 4, 312007).
cost(22, 5, 125275).
cost(22, 6, 144318).
cost(22, 7, 325019).
cost(22, 8, 272866).
cost(22, 9, 279883).
cost(22, 10, 362548).
cost(22, 11, 136889).
cost(22, 12, 215986).
cost(22, 13, 154047).
cost(22, 14, 348069).
cost(22, 15, 180338).
cost(22, 16, 165694).
cost(22, 17, 375027).
cost(22, 18, 182862).
cost(22, 19, 50568).
cost(22, 20, 754291).
cost(22, 21, 180179).
cost(22, 23, 231769).
cost(22, 24, 293936).
cost(22, 25, 373970).
cost(22, 26, 43928).
cost(22, 27, 176316).
cost(22, 28, 452624).
cost(23, 1, 289475).
cost(23, 2, 442384).
cost(23, 3, 316891).
cost(23, 4, 480311).
cost(23, 5, 251605).
cost(23, 6, 194444).
cost(23, 7, 425556).
cost(23, 8, 311551).
cost(23, 9, 64268).
cost(23, 10, 176687).
cost(23, 11, 365946).
cost(23, 12, 182480).
cost(23, 13, 199880).
cost(23, 14, 209809).
cost(23, 15, 337227).
cost(23, 16, 132097).
cost(23, 17, 495982).
cost(23, 18, 411288).
cost(23, 19, 187813).
cost(23, 20, 638245).
cost(23, 21, 155677).
cost(23, 22, 231769).
cost(23, 24, 421806).
cost(23, 25, 382340).
cost(23, 26, 210584).
cost(23, 27, 275973).
cost(23, 28, 303618).
cost(24, 1, 482213).
cost(24, 2, 140734).
cost(24, 3, 142525).
cost(24, 4, 92869).
cost(24, 5, 184063).
cost(24, 6, 228109).
cost(24, 7, 52333).
cost(24, 8, 149744).
cost(24, 9, 485900).
cost(24, 10, 435736).
cost(24, 11, 253546).
cost(24, 12, 257057).
cost(24, 13, 444261).
cost(24, 14, 372266).
cost(24, 15, 114273).
cost(24, 16, 434190).
cost(24, 17, 81374).
cost(24, 18, 342243).
cost(24, 19, 330201).
cost(24, 20, 628860).
cost(24, 21, 269081).
cost(24, 22, 293936).
cost(24, 23, 421806).
cost(24, 25, 199391).
cost(24, 26, 336070).
cost(24, 27, 146642).
cost(24, 28, 440589).
cost(25, 1, 320803).
cost(25, 2, 91450).
cost(25, 3, 102465).
cost(25, 4, 291451).
cost(25, 5, 251444).
cost(25, 6, 240217).
cost(25, 7, 153928).
cost(25, 8, 101509).
cost(25, 9, 441965).
cost(25, 10, 314259).
cost(25, 11, 401512).
cost(25, 12, 203836).
cost(25, 13, 491290).
cost(25, 14, 238293).
cost(25, 15, 248928).
cost(25, 16, 453601).
cost(25, 17, 213629).
cost(25, 18, 492717).
cost(25, 19, 386406).
cost(25, 20, 431587).
cost(25, 21, 240929).
cost(25, 22, 373970).
cost(25, 23, 382340).
cost(25, 24, 199391).
cost(25, 26, 403841).
cost(25, 27, 202457).
cost(25, 28, 270159).
cost(26, 1, 463233).
cost(26, 2, 421974).
cost(26, 3, 304975).
cost(26, 4, 355934).
cost(26, 5, 161511).
cost(26, 6, 166456).
cost(26, 7, 365183).
cost(26, 8, 304044).
cost(26, 9, 251789).
cost(26, 10, 357500).
cost(26, 11, 172107).
cost(26, 12, 230747).
cost(26, 13, 110158).
cost(26, 14, 352420).
cost(26, 15, 223135).
cost(26, 16, 126178).
cost(26, 17, 417346).
cost(26, 18, 201521).
cost(26, 19, 25219).
cost(26, 20, 769200).
cost(26, 21, 191599).
cost(26, 22, 43928).
cost(26, 23, 210584).
cost(26, 24, 336070).
cost(26, 25, 403841).
cost(26, 27, 211946).
cost(26, 28, 457648).
cost(27, 1, 384755).
cost(27, 2, 210030).
cost(27, 3, 99993).
cost(27, 4, 208599).
cost(27, 5, 51041).
cost(27, 6, 81652).
cost(27, 7, 160305).
cost(27, 8, 101480).
cost(27, 9, 339840).
cost(27, 10, 314874).
cost(27, 11, 206966).
cost(27, 12, 126927).
cost(27, 13, 312686).
cost(27, 14, 265153).
cost(27, 15, 78097).
cost(27, 16, 293006).
cost(27, 17, 224314).
cost(27, 18, 295563).
cost(27, 19, 199580).
cost(27, 20, 611822).
cost(27, 21, 127243).
cost(27, 22, 176316).
cost(27, 23, 275973).
cost(27, 24, 146642).
cost(27, 25, 202457).
cost(27, 26, 211946).
cost(27, 28, 354824).
cost(28, 1, 55533).
cost(28, 2, 361573).
cost(28, 3, 299066).
cost(28, 4, 530995).
cost(28, 5, 377380).
cost(28, 6, 319838).
cost(28, 7, 408480).
cost(28, 8, 292084).
cost(28, 9, 332859).
cost(28, 10, 132989).
cost(28, 11, 547754).
cost(28, 12, 243354).
cost(28, 13, 492755).
cost(28, 14, 105229).
cost(28, 15, 431340).
cost(28, 16, 429685).
cost(28, 17, 477543).
cost(28, 18, 625176).
cost(28, 19, 432764).
cost(28, 20, 335637).
cost(28, 21, 273408).
cost(28, 22, 452624).
cost(28, 23, 303618).
cost(28, 24, 440589).
cost(28, 25, 270159).
cost(28, 26, 457648).
cost(28, 27, 354824).
