dimension(28).
point(1, -127308.0, -259758.0).
point(2, -92273.0, -108200.0).
point(3, -41337.0, 34393.0).
point(4, -14213.0, -81801.0).
point(5, -305511.0, 90801.0).
point(6, -124672.0, -199113.0).
point(7, -260824.0, 73574.0).
point(8, 169708.0, 207738.0).
point(9, 212923.0, -108244.0).
point(10, -111883.0, -115198.0).
point(11, 34428.0, 90195.0).
point(12, -107276.0, -32181.0).
point(13, 22131.0, -6778.0).
point(14, -221948.0, 338440.0).
point(15, -69734.0, 64056.0).
point(16, -93125.0, -1119.0).
point(17, -32383.0, 11702.0).
point(18, -173091.0, 182961.0).
point(19, 2040.0, 224137.0).
point(20, 6430.0, -239450.0).
point(21, 83280.0, 168227.0).
point(22, 11523.0, 77965.0).
point(23, 246180.0, 14621.0).
point(24, 131680.0, -42003.0).
point(25, 102123.0, 163630.0).
point(26, 18059.0, -294207.0).
point(27, -257011.0, 27721.0).
point(28, -68197.0, 318313.0).
cost(1, 2, 155555).
cost(1, 3, 306457).
cost(1, 4, 210853).
cost(1, 5, 393253).
cost(1, 6, 60702).
cost(1, 7, 359078).
cost(1, 8, 553869).
cost(1, 9, 372443).
cost(1, 10, 145381).
cost(1, 11, 385520).
cost(1, 12, 228457).
cost(1, 13, 293821).
cost(1, 14, 605638).
cost(1, 15, 328892).
cost(1, 16, 260888).
cost(1, 17, 287578).
cost(1, 18, 445080).
cost(1, 19, 500884).
cost(1, 20, 135271).
cost(1, 21, 476989).
cost(1, 22, 365145).
cost(1, 23, 463441).
cost(1, 24, 338367).
cost(1, 25, 481556).
cost(1, 26, 149393).
cost(1, 27, 315384).
cost(1, 28, 581085).
cost(2, 1, 155555).
cost(2, 3, 151417).
cost(2, 4, 82403).
cost(2, 5, 291671).
cost(2, 6, 96514).
cost(2, 7, 247894).
cost(2, 8, 410428).
cost(2, 9, 305196).
cost(2, 10, 20821).
cost(2, 11, 235401).
cost(2, 12, 77485).
cost(2, 13, 152888).
cost(2, 14, 465084).
cost(2, 15, 173724).
cost(2, 16, 107084).
cost(2, 17, 134027).
cost(2, 18, 302169).
cost(2, 19, 345460).
cost(2, 20, 164222).
cost(2, 21, 327461).
cost(2, 22, 213146).
cost(2, 23, 360049).
cost(2, 24, 233532).
cost(2, 25, 334188).
cost(2, 26, 216268).
cost(2, 27, 213572).
cost(2, 28, 427192).
cost(3, 1, 306457).
cost(3, 2, 151417).
cost(3, 4, 119318).
cost(3, 5, 270129).
cost(3, 6, 247931).
cost(3, 7, 222957).
cost(3, 8, 273109).
cost(3, 9, 291536).
cost(3, 10, 165391).
cost(3, 11, 94097).
cost(3, 12, 93702).
cost(3, 13, 75652).
cost(3, 14, 353645).
cost(3, 15, 41064).
cost(3, 16, 62794).
cost(3, 17, 24394).
cost(3, 18, 198574).
cost(3, 19, 194639).
cost(3, 20, 277978).
cost(3, 21, 182869).
cost(3, 22, 68503).
cost(3, 23, 288196).
cost(3, 24, 189133).
cost(3, 25, 193088).
cost(3, 26, 333925).
cost(3, 27, 215777).
cost(3, 28, 285188).
cost(4, 1, 210853).
cost(4, 2, 82403).
cost(4, 3, 119318).
cost(4, 5, 338594).
cost(4, 6, 161131).
cost(4, 7, 291476).
cost(4, 8, 343016).
cost(4, 9, 228670).
cost(4, 10, 103222).
cost(4, 11, 178742).
cost(4, 12, 105465).
cost(4, 13, 83363).
cost(4, 14, 468782).
cost(4, 15, 156067).
cost(4, 16, 112857).
cost(4, 17, 95252).
cost(4, 18, 308774).
cost(4, 19, 306369).
cost(4, 20, 158995).
cost(4, 21, 268363).
cost(4, 22, 161826).
cost(4, 23, 277672).
cost(4, 24, 151224).
cost(4, 25, 271607).
cost(4, 26, 214844).
cost(4, 27, 266357).
cost(4, 28, 403739).
cost(5, 1, 393253).
cost(5, 2, 291671).
cost(5, 3, 270129).
cost(5, 4, 338594).
cost(5, 6, 341691).
cost(5, 7, 47893).
cost(5, 8, 489395).
cost(5, 9, 555331).
cost(5, 10, 282714).
cost(5, 11, 339940).
cost(5, 12, 233285).
cost(5, 13, 341864).
cost(5, 14, 261358).
cost(5, 15, 237289).
cost(5, 16, 231424).
cost(5, 17, 284351).
cost(5, 18, 161334).
cost(5, 19, 335211).
cost(5, 20, 454283).
cost(5, 21, 396426).
cost(5, 22, 317294).
cost(5, 23, 556926).
cost(5, 24, 456917).
cost(5, 25, 414089).
cost(5, 26, 502920).
cost(5, 27, 79570).
cost(5, 28, 328755).
cost(6, 1, 60702).
cost(6, 2, 96514).
cost(6, 3, 247931).
cost(6, 4, 161131).
cost(6, 5, 341691).
cost(6, 7, 304788).
cost(6, 8, 502183).
cost(6, 9, 349611).
cost(6, 10, 84884).
cost(6, 11, 330170).
cost(6, 12, 167836).
cost(6, 13, 241958).
cost(6, 14, 546284).
cost(6, 15, 268842).
cost(6, 16, 200491).
cost(6, 17, 230131).
cost(6, 18, 385130).
cost(6, 19, 441810).
cost(6, 20, 137167).
cost(6, 21, 422117).
cost(6, 22, 308741).
cost(6, 23, 428034).
cost(6, 24, 300666).
cost(6, 25, 427807).
cost(6, 26, 171508).
cost(6, 27, 262616).
cost(6, 28, 520499).
cost(7, 1, 359078).
cost(7, 2, 247894).
cost(7, 3, 222957).
cost(7, 4, 291476).
cost(7, 5, 47893).
cost(7, 6, 304788).
cost(7, 8, 450952).
cost(7, 9, 507439).
cost(7, 10, 240454).
cost(7, 11, 295719).
cost(7, 12, 186443).
cost(7, 13, 294143).
cost(7, 14, 267704).
cost(7, 15, 191327).
cost(7, 16, 183581).
cost(7, 17, 236672).
cost(7, 18, 140223).
cost(7, 19, 302930).
cost(7, 20, 411593).
cost(7, 21, 356885).
cost(7, 22, 272382).
cost(7, 23, 510420).
cost(7, 24, 409167).
cost(7, 25, 373953).
cost(7, 26, 461561).
cost(7, 27, 46011).
cost(7, 28, 311452).
cost(8, 1, 553869).
cost(8, 2, 410428).
cost(8, 3, 273109).
cost(8, 4, 343016).
cost(8, 5, 489395).
cost(8, 6, 502183).
cost(8, 7, 450952).
cost(8, 9, 318923).
cost(8, 10, 428464).
cost(8, 11, 179212).
cost(8, 12, 366444).
cost(8, 13, 260377).
cost(8, 14, 412889).
cost(8, 15, 279244).
cost(8, 16, 335712).
cost(8, 17, 281551).
cost(8, 18, 343693).
cost(8, 19, 168468).
cost(8, 20, 476064).
cost(8, 21, 95031).
cost(8, 22, 204606).
cost(8, 23, 207707).
cost(8, 24, 252620).
cost(8, 25, 80705).
cost(8, 26, 524353).
cost(8, 27, 463136).
cost(8, 28, 262346).
cost(9, 1, 372443).
cost(9, 2, 305196).
cost(9, 3, 291536).
cost(9, 4, 228670).
cost(9, 5, 555331).
cost(9, 6, 349611).
cost(9, 7, 507439).
cost(9, 8, 318923).
cost(9, 10, 324880).
cost(9, 11, 266905).
cost(9, 12, 329109).
cost(9, 13, 216095).
cost(9, 14, 623409).
cost(9, 15, 331032).
cost(9, 16, 324255).
cost(9, 17, 273061).
cost(9, 18, 483536).
cost(9, 19, 393635).
cost(9, 20, 244652).
cost(9, 21, 305358).
cost(9, 22, 274291).
cost(9, 23, 127286).
cost(9, 24, 104825).
cost(9, 25, 293585).
cost(9, 26, 269359).
cost(9, 27, 489208).
cost(9, 28, 510861).
cost(10, 1, 145381).
cost(10, 2, 20821).
cost(10, 3, 165391).
cost(10, 4, 103222).
cost(10, 5, 282714).
cost(10, 6, 84884).
cost(10, 7, 240454).
cost(10, 8, 428464).
cost(10, 9, 324880).
cost(10, 11, 252177).
cost(10, 12, 83145).
cost(10, 13, 172379).
cost(10, 14, 466799).
cost(10, 15, 184143).
cost(10, 16, 115611).
cost(10, 17, 149746).
cost(10, 18, 304377).
cost(10, 19, 357948).
cost(10, 20, 171571).
cost(10, 21, 344120).
cost(10, 22, 229218).
cost(10, 23, 380870).
cost(10, 24, 254324).
cost(10, 25, 351488).
cost(10, 26, 221199).
cost(10, 27, 203686).
cost(10, 28, 435707).
cost(11, 1, 385520).
cost(11, 2, 235401).
cost(11, 3, 94097).
cost(11, 4, 178742).
cost(11, 5, 339940).
cost(11, 6, 330170).
cost(11, 7, 295719).
cost(11, 8, 179212).
cost(11, 9, 266905).
cost(11, 10, 252177).
cost(11, 12, 187232).
cost(11, 13, 97750).
cost(11, 14, 356867).
cost(11, 15, 107392).
cost(11, 16, 156869).
cost(11, 17, 103077).
cost(11, 18, 227310).
cost(11, 19, 137802).
cost(11, 20, 330832).
cost(11, 21, 92063).
cost(11, 22, 25966).
cost(11, 23, 224834).
cost(11, 24, 164117).
cost(11, 25, 99876).
cost(11, 26, 384750).
cost(11, 27, 298060).
cost(11, 28, 250139).
cost(12, 1, 228457).
cost(12, 2, 77485).
cost(12, 3, 93702).
cost(12, 4, 105465).
cost(12, 5, 233285).
cost(12, 6, 167836).
cost(12, 7, 186443).
cost(12, 8, 366444).
cost(12, 9, 329109).
cost(12, 10, 83145).
cost(12, 11, 187232).
cost(12, 13, 131877).
cost(12, 14, 387956).
cost(12, 15, 103300).
cost(12, 16, 34134).
cost(12, 17, 86803).
cost(12, 18, 224984).
cost(12, 19, 278656).
cost(12, 20, 236410).
cost(12, 21, 276541).
cost(12, 22, 162004).
cost(12, 23, 356541).
cost(12, 24, 239158).
cost(12, 25, 286688).
cost(12, 26, 290459).
cost(12, 27, 161273).
cost(12, 28, 352666).
cost(13, 1, 293821).
cost(13, 2, 152888).
cost(13, 3, 75652).
cost(13, 4, 83363).
cost(13, 5, 341864).
cost(13, 6, 241958).
cost(13, 7, 294143).
cost(13, 8, 260377).
cost(13, 9, 216095).
cost(13, 10, 172379).
cost(13, 11, 97750).
cost(13, 12, 131877).
cost(13, 14, 422788).
cost(13, 15, 116003).
cost(13, 16, 115395).
cost(13, 17, 57561).
cost(13, 18, 272236).
cost(13, 19, 231787).
cost(13, 20, 233201).
cost(13, 21, 185381).
cost(13, 22, 85404).
cost(13, 23, 225069).
cost(13, 24, 115073).
cost(13, 25, 188249).
cost(13, 26, 287458).
cost(13, 27, 281266).
cost(13, 28, 337407).
cost(14, 1, 605638).
cost(14, 2, 465084).
cost(14, 3, 353645).
cost(14, 4, 468782).
cost(14, 5, 261358).
cost(14, 6, 546284).
cost(14, 7, 267704).
cost(14, 8, 412889).
cost(14, 9, 623409).
cost(14, 10, 466799).
cost(14, 11, 356867).
cost(14, 12, 387956).
cost(14, 13, 422788).
cost(14, 15, 313776).
cost(14, 16, 363174).
cost(14, 17, 377747).
cost(14, 18, 162975).
cost(14, 19, 251467).
cost(14, 20, 621380).
cost(14, 21, 349480).
cost(14, 22, 349794).
cost(14, 23, 569212).
cost(14, 24, 519413).
cost(14, 25, 368213).
cost(14, 26, 676643).
cost(14, 27, 312691).
cost(14, 28, 155063).
cost(15, 1, 328892).
cost(15, 2, 173724).
cost(15, 3, 41064).
cost(15, 4, 156067).
cost(15, 5, 237289).
cost(15, 6, 268842).
cost(15, 7, 191327).
cost(15, 8, 279244).
cost(15, 9, 331032).
cost(15, 10, 184143).
cost(15, 11, 107392).
cost(15, 12, 103300).
cost(15, 13, 116003).
cost(15, 14, 313776).
cost(15, 16, 69245).
cost(15, 17, 64312).
cost(15, 18, 157547).
cost(15, 19, 175435).
cost(15, 20, 312917).
cost(15, 21, 185108).
cost(15, 22, 82439).
cost(15, 23, 319758).
cost(15, 24, 227632).
cost(15, 25, 198620).
cost(15, 26, 368863).
cost(15, 27, 190769).
cost(15, 28, 254262).
cost(16, 1, 260888).
cost(16, 2, 107084).
cost(16, 3, 62794).
cost(16, 4, 112857).
cost(16, 5, 231424).
cost(16, 6, 200491).
cost(16, 7, 183581).
cost(16, 8, 335712).
cost(16, 9, 324255).
cost(16, 10, 115611).
cost(16, 11, 156869).
cost(16, 12, 34134).
cost(16, 13, 115395).
cost(16, 14, 363174).
cost(16, 15, 69245).
cost(16, 17, 62080).
cost(16, 18, 200699).
cost(16, 19, 244534).
cost(16, 20, 258288).
cost(16, 21, 244534).
cost(16, 22, 131170).
cost(16, 23, 339670).
cost(16, 24, 228492).
cost(16, 25, 255468).
cost(16, 26, 313468).
cost(16, 27, 166404).
cost(16, 28, 320403).
cost(17, 1, 287578).
cost(17, 2, 134027).
cost(17, 3, 24394).
cost(17, 4, 95252).
cost(17, 5, 284351).
cost(17, 6, 230131).
cost(17, 7, 236672).
cost(17, 8, 281551).
cost(17, 9, 273061).
cost(17, 10, 149746).
cost(17, 11, 103077).
cost(17, 12, 86803).
cost(17, 13, 57561).
cost(17, 14, 377747).
cost(17, 15, 64312).
cost(17, 16, 62080).
cost(17, 18, 221649).
cost(17, 19, 215206).
cost(17, 20, 254133).
cost(17, 21, 194623).
cost(17, 22, 79489).
cost(17, 23, 278578).
cost(17, 24, 172629).
cost(17, 25, 202914).
cost(17, 26, 310040).
cost(17, 27, 225198).
cost(17, 28, 308696).
cost(18, 1, 445080).
cost(18, 2, 302169).
cost(18, 3, 198574).
cost(18, 4, 308774).
cost(18, 5, 161334).
cost(18, 6, 385130).
cost(18, 7, 140223).
cost(18, 8, 343693).
cost(18, 9, 483536).
cost(18, 10, 304377).
cost(18, 11, 227310).
cost(18, 12, 224984).
cost(18, 13, 272236).
cost(18, 14, 162975).
cost(18, 15, 157547).
cost(18, 16, 200699).
cost(18, 17, 221649).
cost(18, 19, 179906).
cost(18, 20, 458976).
cost(18, 21, 256794).
cost(18, 22, 212383).
cost(18, 23, 451804).
cost(18, 24, 378806).
cost(18, 25, 275892).
cost(18, 26, 514031).
cost(18, 27, 176471).
cost(18, 28, 171239).
cost(19, 1, 500884).
cost(19, 2, 345460).
cost(19, 3, 194639).
cost(19, 4, 306369).
cost(19, 5, 335211).
cost(19, 6, 441810).
cost(19, 7, 302930).
cost(19, 8, 168468).
cost(19, 9, 393635).
cost(19, 10, 357948).
cost(19, 11, 137802).
cost(19, 12, 278656).
cost(19, 13, 231787).
cost(19, 14, 251467).
cost(19, 15, 175435).
cost(19, 16, 244534).
cost(19, 17, 215206).
cost(19, 18, 179906).
cost(19, 20, 463608).
cost(19, 21, 98620).
cost(19, 22, 146479).
cost(19, 23, 321716).
cost(19, 24, 296036).
cost(19, 25, 116952).
cost(19, 26, 518591).
cost(19, 27, 325095).
cost(19, 28, 117483).
cost(20, 1, 135271).
cost(20, 2, 164222).
cost(20, 3, 277978).
cost(20, 4, 158995).
cost(20, 5, 454283).
cost(20, 6, 137167).
cost(20, 7, 411593).
cost(20, 8, 476064).
cost(20, 9, 244652).
cost(20, 10, 171571).
cost(20, 11, 330832).
cost(20, 12, 236410).
cost(20, 13, 233201).
cost(20, 14, 621380).
cost(20, 15, 312917).
cost(20, 16, 258288).
cost(20, 17, 254133).
cost(20, 18, 458976).
cost(20, 19, 463608).
cost(20, 21, 414857).
cost(20, 22, 317456).
cost(20, 23, 349331).
cost(20, 24, 233822).
cost(20, 25, 414283).
cost(20, 26, 55978).
cost(20, 27, 375209).
cost(20, 28, 562733).
cost(21, 1, 476989).
cost(21, 2, 327461).
cost(21, 3, 182869).
cost(21, 4, 268363).
cost(21, 5, 396426).
cost(21, 6, 422117).
cost(21, 7, 356885).
cost(21, 8, 95031).
cost(21, 9, 305358).
cost(21, 10, 344120).
cost(21, 11, 92063).
cost(21, 12, 276541).
cost(21, 13, 185381).
cost(21, 14, 349480).
cost(21, 15, 185108).
cost(21, 16, 244534).
cost(21, 17, 194623).
cost(21, 18, 256794).
cost(21, 19, 98620).
cost(21, 20, 414857).
cost(21, 22, 115310).
cost(21, 23, 223900).
cost(21, 24, 215729).
cost(21, 25, 19396).
cost(21, 26, 467011).
cost(21, 27, 368157).
cost(21, 28, 213240).
cost(22, 1, 365145).
cost(22, 2, 213146).
cost(22, 3, 68503).
cost(22, 4, 161826).
cost(22, 5, 317294).
cost(22, 6, 308741).
cost(22, 7, 272382).
cost(22, 8, 204606).
cost(22, 9, 274291).
cost(22, 10, 229218).
cost(22, 11, 25966).
cost(22, 12, 162004).
cost(22, 13, 85404).
cost(22, 14, 349794).
cost(22, 15, 82439).
cost(22, 16, 131170).
cost(22, 17, 79489).
cost(22, 18, 212383).
cost(22, 19, 146479).
cost(22, 20, 317456).
cost(22, 21, 115310).
cost(22, 23, 243056).
cost(22, 24, 169794).
cost(22, 25, 124687).
cost(22, 26, 372229).
cost(22, 27, 273194).
cost(22, 28, 253224).
cost(23, 1, 463441).
cost(23, 2, 360049).
cost(23, 3, 288196).
cost(23, 4, 277672).
cost(23, 5, 556926).
cost(23, 6, 428034).
cost(23, 7, 510420).
cost(23, 8, 207707).
cost(23, 9, 127286).
cost(23, 10, 380870).
cost(23, 11, 224834).
cost(23, 12, 356541).
cost(23, 13, 225069).
cost(23, 14, 569212).
cost(23, 15, 319758).
cost(23, 16, 339670).
cost(23, 17, 278578).
cost(23, 18, 451804).
cost(23, 19, 321716).
cost(23, 20, 349331).
cost(23, 21, 223900).
cost(23, 22, 243056).
cost(23, 24, 127736).
cost(23, 25, 207259).
cost(23, 26, 383945).
cost(23, 27, 503361).
cost(23, 28, 437106).
cost(24, 1, 338367).
cost(24, 2, 233532).
cost(24, 3, 189133).
cost(24, 4, 151224).
cost(24, 5, 456917).
cost(24, 6, 300666).
cost(24, 7, 409167).
cost(24, 8, 252620).
cost(24, 9, 104825).
cost(24, 10, 254324).
cost(24, 11, 164117).
cost(24, 12, 239158).
cost(24, 13, 115073).
cost(24, 14, 519413).
cost(24, 15, 227632).
cost(24, 16, 228492).
cost(24, 17, 172629).
cost(24, 18, 378806).
cost(24, 19, 296036).
cost(24, 20, 233822).
cost(24, 21, 215729).
cost(24, 22, 169794).
cost(24, 23, 127736).
cost(24, 25, 207746).
cost(24, 26, 276616).
cost(24, 27, 394895).
cost(24, 28, 412042).
cost(25, 1, 481556).
cost(25, 2, 334188).
cost(25, 3, 193088).
cost(25, 4, 271607).
cost(25, 5, 414089).
cost(25, 6, 427807).
cost(25, 7, 373953).
cost(25, 8, 80705).
cost(25, 9, 293585).
cost(25, 10, 351488).
cost(25, 11, 99876).
cost(25, 12, 286688).
cost(25, 13, 188249).
cost(25, 14, 368213).
cost(25, 15, 198620).
cost(25, 16, 255468).
cost(25, 17, 202914).
cost(25, 18, 275892).
cost(25, 19, 116952).
cost(25, 20, 414283).
cost(25, 21, 19396).
cost(25, 22, 124687).
cost(25, 23, 207259).
cost(25, 24, 207746).
cost(25, 26, 465491).
cost(25, 27, 383990).
cost(25, 28, 230078).
cost(26, 1, 149393).
cost(26, 2, 216268).
cost(26, 3, 333925).
cost(26, 4, 214844).
cost(26, 5, 502920).
cost(26, 6, 171508).
cost(26, 7, 461561).
cost(26, 8, 524353).
cost(26, 9, 269359).
cost(26, 10, 221199).
cost(26, 11, 384750).
cost(26, 12, 290459).
cost(26, 13, 287458).
cost(26, 14, 676643).
cost(26, 15, 368863).
cost(26, 16, 313468).
cost(26, 17, 310040).
cost(26, 18, 514031).
cost(26, 19, 518591).
cost(26, 20, 55978).
cost(26, 21, 467011).
cost(26, 22, 372229).
cost(26, 23, 383945).
cost(26, 24, 276616).
cost(26, 25, 465491).
cost(26, 27, 423440).
cost(26, 28, 618564).
cost(27, 1, 315384).
cost(27, 2, 213572).
cost(27, 3, 215777).
cost(27, 4, 266357).
cost(27, 5, 79570).
cost(27, 6, 262616).
cost(27, 7, 46011).
cost(27, 8, 463136).
cost(27, 9, 489208).
cost(27, 10, 203686).
cost(27, 11, 298060).
cost(27, 12, 161273).
cost(27, 13, 281266).
cost(27, 14, 312691).
cost(27, 15, 190769).
cost(27, 16, 166404).
cost(27, 17, 225198).
cost(27, 18, 176471).
cost(27, 19, 325095).
cost(27, 20, 375209).
cost(27, 21, 368157).
cost(27, 22, 273194).
cost(27, 23, 503361).
cost(27, 24, 394895).
cost(27, 25, 383990).
cost(27, 26, 423440).
cost(27, 28, 346546).
cost(28, 1, 581085).
cost(28, 2, 427192).
cost(28, 3, 285188).
cost(28, 4, 403739).
cost(28, 5, 328755).
cost(28, 6, 520499).
cost(28, 7, 311452).
cost(28, 8, 262346).
cost(28, 9, 510861).
cost(28, 10, 435707).
cost(28, 11, 250139).
cost(28, 12, 352666).
cost(28, 13, 337407).
cost(28, 14, 155063).
cost(28, 15, 254262).
cost(28, 16, 320403).
cost(28, 17, 308696).
cost(28, 18, 171239).
cost(28, 19, 117483).
cost(28, 20, 562733).
cost(28, 21, 213240).
cost(28, 22, 253224).
cost(28, 23, 437106).
cost(28, 24, 412042).
cost(28, 25, 230078).
cost(28, 26, 618564).
cost(28, 27, 346546).
