dimension(28).
point(1, 95096.0, 194210.0).
point(2, 2441.0, 29257.0).
point(3, -172013.0, -85378.0).
point(4, 122921.0, 227300.0).
point(5, -279762.0, -217022.0).
point(6, -38504.0, 101192.0).
point(7, -12804.0, 374783.0).
point(8, 263064.0, 145873.0).
point(9, 147928.0, 200884.0).
point(10, 105419.0, -9627.0).
point(11, 233061.0, -14942.0).
point(12, 284563.0, 235633.0).
point(13, 114899.0, -187591.0).
point(14, 81946.0, -20300.0).
point(15, -246992.0, 267305.0).
point(16, 356585.0, 522576.0).
point(17, -289584.0, -172796.0).
point(18, 168550.0, -12688.0).
point(19, -132891.0, -302174.0).
point(20, 55353.0, 14082.0).
point(21, 387713.0, -66279.0).
point(22, 125882.0, -176372.0).
point(23, -20904.0, -8765.0).
point(24, 77008.0, -1430.0).
point(25, -84769.0, 222341.0).
point(26, -156430.0, -172438.0).
point(27, -61514.0, 14972.0).
point(28, 219144.0, 314099.0).
cost(1, 2, 189194).
cost(1, 3, 386674).
cost(1, 4, 43234).
cost(1, 5, 556444).
cost(1, 6, 162792).
cost(1, 7, 210355).
cost(1, 8, 174785).
cost(1, 9, 53252).
cost(1, 10, 204098).
cost(1, 11, 250557).
cost(1, 12, 193942).
cost(1, 13, 382314).
cost(1, 14, 214913).
cost(1, 15, 349810).
cost(1, 16, 419763).
cost(1, 17, 531669).
cost(1, 18, 219550).
cost(1, 19, 546237).
cost(1, 20, 184460).
cost(1, 21, 391764).
cost(1, 22, 371859).
cost(1, 23, 233784).
cost(1, 24, 196474).
cost(1, 25, 182052).
cost(1, 26, 444630).
cost(1, 27, 238019).
cost(1, 28, 172515).
cost(2, 1, 189194).
cost(2, 3, 208747).
cost(2, 4, 231811).
cost(2, 5, 374556).
cost(2, 6, 82772).
cost(2, 7, 345862).
cost(2, 8, 285523).
cost(2, 9, 224994).
cost(2, 10, 110075).
cost(2, 11, 234817).
cost(2, 12, 349548).
cost(2, 13, 244274).
cost(2, 14, 93685).
cost(2, 15, 344795).
cost(2, 16, 607274).
cost(2, 17, 355111).
cost(2, 18, 171323).
cost(2, 19, 357996).
cost(2, 20, 55045).
cost(2, 21, 396940).
cost(2, 22, 239835).
cost(2, 23, 44617).
cost(2, 24, 80635).
cost(2, 25, 211866).
cost(2, 26, 256751).
cost(2, 27, 65531).
cost(2, 28, 357904).
cost(3, 1, 386674).
cost(3, 2, 208747).
cost(3, 4, 429830).
cost(3, 5, 170118).
cost(3, 6, 229419).
cost(3, 7, 486925).
cost(3, 8, 492716).
cost(3, 9, 429311).
cost(3, 10, 287588).
cost(3, 11, 411152).
cost(3, 12, 558131).
cost(3, 13, 304575).
cost(3, 14, 262165).
cost(3, 15, 360565).
cost(3, 16, 805620).
cost(3, 17, 146509).
cost(3, 18, 348234).
cost(3, 19, 220298).
cost(3, 20, 248168).
cost(3, 21, 560052).
cost(3, 22, 311482).
cost(3, 23, 169421).
cost(3, 24, 262790).
cost(3, 25, 319848).
cost(3, 26, 88444).
cost(3, 27, 149265).
cost(3, 28, 559094).
cost(4, 1, 43234).
cost(4, 2, 231811).
cost(4, 3, 429830).
cost(4, 5, 599646).
cost(4, 6, 204844).
cost(4, 7, 200431).
cost(4, 8, 162082).
cost(4, 9, 36375).
cost(4, 10, 237573).
cost(4, 11, 266105).
cost(4, 12, 161857).
cost(4, 13, 414969).
cost(4, 14, 250968).
cost(4, 15, 372070).
cost(4, 16, 376546).
cost(4, 17, 574663).
cost(4, 18, 244287).
cost(4, 19, 588033).
cost(4, 20, 223668).
cost(4, 21, 395352).
cost(4, 22, 403683).
cost(4, 23, 276428).
cost(4, 24, 233293).
cost(4, 25, 207749).
cost(4, 26, 487676).
cost(4, 27, 281246).
cost(4, 28, 129588).
cost(5, 1, 556444).
cost(5, 2, 374556).
cost(5, 3, 170118).
cost(5, 4, 599646).
cost(5, 6, 399331).
cost(5, 7, 649230).
cost(5, 8, 652957).
cost(5, 9, 597967).
cost(5, 10, 437467).
cost(5, 11, 551202).
cost(5, 12, 723436).
cost(5, 13, 395757).
cost(5, 14, 411743).
cost(5, 15, 485434).
cost(5, 16, 975676).
cost(5, 17, 45304).
cost(5, 18, 492682).
cost(5, 19, 169770).
cost(5, 20, 407076).
cost(5, 21, 684285).
cost(5, 22, 407676).
cost(5, 23, 332233).
cost(5, 24, 416851).
cost(5, 25, 480689).
cost(5, 26, 131143).
cost(5, 27, 318518).
cost(5, 28, 728695).
cost(6, 1, 162792).
cost(6, 2, 82772).
cost(6, 3, 229419).
cost(6, 4, 204844).
cost(6, 5, 399331).
cost(6, 7, 274795).
cost(6, 8, 304860).
cost(6, 9, 211413).
cost(6, 10, 181644).
cost(6, 11, 295355).
cost(6, 12, 349924).
cost(6, 13, 326999).
cost(6, 14, 171080).
cost(6, 15, 266572).
cost(6, 16, 577633).
cost(6, 17, 371632).
cost(6, 18, 236305).
cost(6, 19, 414262).
cost(6, 20, 128052).
cost(6, 21, 457938).
cost(6, 22, 322590).
cost(6, 23, 111357).
cost(6, 24, 154513).
cost(6, 25, 129682).
cost(6, 26, 297960).
cost(6, 27, 89238).
cost(6, 28, 334233).
cost(7, 1, 210355).
cost(7, 2, 345862).
cost(7, 3, 486925).
cost(7, 4, 200431).
cost(7, 5, 649230).
cost(7, 6, 274795).
cost(7, 8, 358473).
cost(7, 9, 236803).
cost(7, 10, 402179).
cost(7, 11, 460798).
cost(7, 12, 328314).
cost(7, 13, 576691).
cost(7, 14, 406286).
cost(7, 15, 257673).
cost(7, 16, 397858).
cost(7, 17, 613555).
cost(7, 18, 427812).
cost(7, 19, 687526).
cost(7, 20, 367084).
cost(7, 21, 595776).
cost(7, 22, 568336).
cost(7, 23, 383634).
cost(7, 24, 386785).
cost(7, 25, 168575).
cost(7, 26, 565755).
cost(7, 27, 363093).
cost(7, 28, 239755).
cost(8, 1, 174785).
cost(8, 2, 285523).
cost(8, 3, 492716).
cost(8, 4, 162082).
cost(8, 5, 652957).
cost(8, 6, 304860).
cost(8, 7, 358473).
cost(8, 9, 127603).
cost(8, 10, 221432).
cost(8, 11, 163590).
cost(8, 12, 92299).
cost(8, 13, 364899).
cost(8, 14, 245799).
cost(8, 15, 524312).
cost(8, 16, 388138).
cost(8, 17, 637942).
cost(8, 18, 184593).
cost(8, 19, 597935).
cost(8, 20, 245993).
cost(8, 21, 246061).
cost(8, 22, 350230).
cost(8, 23, 323343).
cost(8, 24, 237308).
cost(8, 25, 356139).
cost(8, 26, 526590).
cost(8, 27, 349980).
cost(8, 28, 173865).
cost(9, 1, 53252).
cost(9, 2, 224994).
cost(9, 3, 429311).
cost(9, 4, 36375).
cost(9, 5, 597967).
cost(9, 6, 211413).
cost(9, 7, 236803).
cost(9, 8, 127603).
cost(9, 10, 214760).
cost(9, 11, 232010).
cost(9, 12, 140984).
cost(9, 13, 389877).
cost(9, 14, 230816).
cost(9, 15, 400467).
cost(9, 16, 383436).
cost(9, 17, 575372).
cost(9, 18, 214565).
cost(9, 19, 576131).
cost(9, 20, 208483).
cost(9, 21, 358989).
cost(9, 22, 377900).
cost(9, 23, 269178).
cost(9, 24, 214384).
cost(9, 25, 233684).
cost(9, 26, 481667).
cost(9, 27, 280052).
cost(9, 28, 133751).
cost(10, 1, 204098).
cost(10, 2, 110075).
cost(10, 3, 287588).
cost(10, 4, 237573).
cost(10, 5, 437467).
cost(10, 6, 181644).
cost(10, 7, 402179).
cost(10, 8, 221432).
cost(10, 9, 214760).
cost(10, 11, 127753).
cost(10, 12, 303719).
cost(10, 13, 178216).
cost(10, 14, 25786).
cost(10, 15, 448202).
cost(10, 16, 588493).
cost(10, 17, 427377).
cost(10, 18, 63205).
cost(10, 19, 377327).
cost(10, 20, 55396).
cost(10, 21, 287922).
cost(10, 22, 167996).
cost(10, 23, 126326).
cost(10, 24, 29570).
cost(10, 25, 299968).
cost(10, 26, 308338).
cost(10, 27, 168736).
cost(10, 28, 343121).
cost(11, 1, 250557).
cost(11, 2, 234817).
cost(11, 3, 411152).
cost(11, 4, 266105).
cost(11, 5, 551202).
cost(11, 6, 295355).
cost(11, 7, 460798).
cost(11, 8, 163590).
cost(11, 9, 232010).
cost(11, 10, 127753).
cost(11, 12, 255813).
cost(11, 13, 209213).
cost(11, 14, 151210).
cost(11, 15, 556879).
cost(11, 16, 551529).
cost(11, 17, 545963).
cost(11, 18, 64550).
cost(11, 19, 465213).
cost(11, 20, 180063).
cost(11, 21, 162950).
cost(11, 22, 193770).
cost(11, 23, 254040).
cost(11, 24, 156637).
cost(11, 25, 396635).
cost(11, 26, 420129).
cost(11, 27, 296090).
cost(11, 28, 329335).
cost(12, 1, 193942).
cost(12, 2, 349548).
cost(12, 3, 558131).
cost(12, 4, 161857).
cost(12, 5, 723436).
cost(12, 6, 349924).
cost(12, 7, 328314).
cost(12, 8, 92299).
cost(12, 9, 140984).
cost(12, 10, 303719).
cost(12, 11, 255813).
cost(12, 13, 455965).
cost(12, 14, 326428).
cost(12, 15, 532498).
cost(12, 16, 295844).
cost(12, 17, 704598).
cost(12, 18, 274085).
cost(12, 19, 680811).
cost(12, 20, 318782).
cost(12, 21, 319047).
cost(12, 22, 441506).
cost(12, 23, 391204).
cost(12, 24, 315084).
cost(12, 25, 369571).
cost(12, 26, 600830).
cost(12, 27, 410439).
cost(12, 28, 102159).
cost(13, 1, 382314).
cost(13, 2, 244274).
cost(13, 3, 304575).
cost(13, 4, 414969).
cost(13, 5, 395757).
cost(13, 6, 326999).
cost(13, 7, 576691).
cost(13, 8, 364899).
cost(13, 9, 389877).
cost(13, 10, 178216).
cost(13, 11, 209213).
cost(13, 12, 455965).
cost(13, 14, 170506).
cost(13, 15, 581288).
cost(13, 16, 750166).
cost(13, 17, 404753).
cost(13, 18, 182947).
cost(13, 19, 273000).
cost(13, 20, 210280).
cost(13, 21, 298570).
cost(13, 22, 15700).
cost(13, 23, 224547).
cost(13, 24, 189978).
cost(13, 25, 455973).
cost(13, 26, 271752).
cost(13, 27, 268614).
cost(13, 28, 512406).
cost(14, 1, 214913).
cost(14, 2, 93685).
cost(14, 3, 262165).
cost(14, 4, 250968).
cost(14, 5, 411743).
cost(14, 6, 171080).
cost(14, 7, 406286).
cost(14, 8, 245799).
cost(14, 9, 230816).
cost(14, 10, 25786).
cost(14, 11, 151210).
cost(14, 12, 326428).
cost(14, 13, 170506).
cost(14, 15, 436940).
cost(14, 16, 608392).
cost(14, 17, 401609).
cost(14, 18, 86938).
cost(14, 19, 354412).
cost(14, 20, 43466).
cost(14, 21, 309205).
cost(14, 22, 162138).
cost(14, 23, 103495).
cost(14, 24, 19505).
cost(14, 25, 294395).
cost(14, 26, 282788).
cost(14, 27, 147732).
cost(14, 28, 361450).
cost(15, 1, 349810).
cost(15, 2, 344795).
cost(15, 3, 360565).
cost(15, 4, 372070).
cost(15, 5, 485434).
cost(15, 6, 266572).
cost(15, 7, 257673).
cost(15, 8, 524312).
cost(15, 9, 400467).
cost(15, 10, 448202).
cost(15, 11, 556879).
cost(15, 12, 532498).
cost(15, 13, 581288).
cost(15, 14, 436940).
cost(15, 16, 655338).
cost(15, 17, 442157).
cost(15, 18, 501070).
cost(15, 19, 580797).
cost(15, 20, 394378).
cost(15, 21, 717028).
cost(15, 22, 579555).
cost(15, 23, 356834).
cost(15, 24, 420945).
cost(15, 25, 168339).
cost(15, 26, 448971).
cost(15, 27, 313168).
cost(15, 28, 468479).
cost(16, 1, 419763).
cost(16, 2, 607274).
cost(16, 3, 805620).
cost(16, 4, 376546).
cost(16, 5, 975676).
cost(16, 6, 577633).
cost(16, 7, 397858).
cost(16, 8, 388138).
cost(16, 9, 383436).
cost(16, 10, 588493).
cost(16, 11, 551529).
cost(16, 12, 295844).
cost(16, 13, 750166).
cost(16, 14, 608392).
cost(16, 15, 655338).
cost(16, 17, 949251).
cost(16, 18, 567331).
cost(16, 19, 959062).
cost(16, 20, 591022).
cost(16, 21, 589677).
cost(16, 22, 736038).
cost(16, 23, 651783).
cost(16, 24, 593924).
cost(16, 25, 533792).
cost(16, 26, 863845).
cost(16, 27, 657623).
cost(16, 28, 249705).
cost(17, 1, 531669).
cost(17, 2, 355111).
cost(17, 3, 146509).
cost(17, 4, 574663).
cost(17, 5, 45304).
cost(17, 6, 371632).
cost(17, 7, 613555).
cost(17, 8, 637942).
cost(17, 9, 575372).
cost(17, 10, 427377).
cost(17, 11, 545963).
cost(17, 12, 704598).
cost(17, 13, 404753).
cost(17, 14, 401609).
cost(17, 15, 442157).
cost(17, 16, 949251).
cost(17, 18, 485305).
cost(17, 19, 203203).
cost(17, 20, 392307).
cost(17, 21, 685622).
cost(17, 22, 415481).
cost(17, 23, 314794).
cost(17, 24, 404668).
cost(17, 25, 445065).
cost(17, 26, 133154).
cost(17, 27, 295420).
cost(17, 28, 704181).
cost(18, 1, 219550).
cost(18, 2, 171323).
cost(18, 3, 348234).
cost(18, 4, 244287).
cost(18, 5, 492682).
cost(18, 6, 236305).
cost(18, 7, 427812).
cost(18, 8, 184593).
cost(18, 9, 214565).
cost(18, 10, 63205).
cost(18, 11, 64550).
cost(18, 12, 274085).
cost(18, 13, 182947).
cost(18, 14, 86938).
cost(18, 15, 501070).
cost(18, 16, 567331).
cost(18, 17, 485305).
cost(18, 19, 417934).
cost(18, 20, 116319).
cost(18, 21, 225620).
cost(18, 22, 169154).
cost(18, 23, 189495).
cost(18, 24, 92232).
cost(18, 25, 345556).
cost(18, 26, 362122).
cost(18, 27, 231721).
cost(18, 28, 330680).
cost(19, 1, 546237).
cost(19, 2, 357996).
cost(19, 3, 220298).
cost(19, 4, 588033).
cost(19, 5, 169770).
cost(19, 6, 414262).
cost(19, 7, 687526).
cost(19, 8, 597935).
cost(19, 9, 576131).
cost(19, 10, 377327).
cost(19, 11, 465213).
cost(19, 12, 680811).
cost(19, 13, 273000).
cost(19, 14, 354412).
cost(19, 15, 580797).
cost(19, 16, 959062).
cost(19, 17, 203203).
cost(19, 18, 417934).
cost(19, 20, 368040).
cost(19, 21, 571555).
cost(19, 22, 287732).
cost(19, 23, 314054).
cost(19, 24, 366749).
cost(19, 25, 526718).
cost(19, 26, 131854).
cost(19, 27, 325079).
cost(19, 28, 709733).
cost(20, 1, 184460).
cost(20, 2, 55045).
cost(20, 3, 248168).
cost(20, 4, 223668).
cost(20, 5, 407076).
cost(20, 6, 128052).
cost(20, 7, 367084).
cost(20, 8, 245993).
cost(20, 9, 208483).
cost(20, 10, 55396).
cost(20, 11, 180063).
cost(20, 12, 318782).
cost(20, 13, 210280).
cost(20, 14, 43466).
cost(20, 15, 394378).
cost(20, 16, 591022).
cost(20, 17, 392307).
cost(20, 18, 116319).
cost(20, 19, 368040).
cost(20, 21, 341937).
cost(20, 22, 203094).
cost(20, 23, 79606).
cost(20, 24, 26638).
cost(20, 25, 251010).
cost(20, 26, 282209).
cost(20, 27, 116870).
cost(20, 28, 341815).
cost(21, 1, 391764).
cost(21, 2, 396940).
cost(21, 3, 560052).
cost(21, 4, 395352).
cost(21, 5, 684285).
cost(21, 6, 457938).
cost(21, 7, 595776).
cost(21, 8, 246061).
cost(21, 9, 358989).
cost(21, 10, 287922).
cost(21, 11, 162950).
cost(21, 12, 319047).
cost(21, 13, 298570).
cost(21, 14, 309205).
cost(21, 15, 717028).
cost(21, 16, 589677).
cost(21, 17, 685622).
cost(21, 18, 225620).
cost(21, 19, 571555).
cost(21, 20, 341937).
cost(21, 22, 284035).
cost(21, 23, 412645).
cost(21, 24, 317400).
cost(21, 25, 553661).
cost(21, 26, 554402).
cost(21, 27, 456516).
cost(21, 28, 416056).
cost(22, 1, 371859).
cost(22, 2, 239835).
cost(22, 3, 311482).
cost(22, 4, 403683).
cost(22, 5, 407676).
cost(22, 6, 322590).
cost(22, 7, 568336).
cost(22, 8, 350230).
cost(22, 9, 377900).
cost(22, 10, 167996).
cost(22, 11, 193770).
cost(22, 12, 441506).
cost(22, 13, 15700).
cost(22, 14, 162138).
cost(22, 15, 579555).
cost(22, 16, 736038).
cost(22, 17, 415481).
cost(22, 18, 169154).
cost(22, 19, 287732).
cost(22, 20, 203094).
cost(22, 21, 284035).
cost(22, 23, 222796).
cost(22, 24, 181641).
cost(22, 25, 450939).
cost(22, 26, 282339).
cost(22, 27, 267824).
cost(22, 28, 499259).
cost(23, 1, 233784).
cost(23, 2, 44617).
cost(23, 3, 169421).
cost(23, 4, 276428).
cost(23, 5, 332233).
cost(23, 6, 111357).
cost(23, 7, 383634).
cost(23, 8, 323343).
cost(23, 9, 269178).
cost(23, 10, 126326).
cost(23, 11, 254040).
cost(23, 12, 391204).
cost(23, 13, 224547).
cost(23, 14, 103495).
cost(23, 15, 356834).
cost(23, 16, 651783).
cost(23, 17, 314794).
cost(23, 18, 189495).
cost(23, 19, 314054).
cost(23, 20, 79606).
cost(23, 21, 412645).
cost(23, 22, 222796).
cost(23, 24, 98186).
cost(23, 25, 239768).
cost(23, 26, 212500).
cost(23, 27, 47038).
cost(23, 28, 402324).
cost(24, 1, 196474).
cost(24, 2, 80635).
cost(24, 3, 262790).
cost(24, 4, 233293).
cost(24, 5, 416851).
cost(24, 6, 154513).
cost(24, 7, 386785).
cost(24, 8, 237308).
cost(24, 9, 214384).
cost(24, 10, 29570).
cost(24, 11, 156637).
cost(24, 12, 315084).
cost(24, 13, 189978).
cost(24, 14, 19505).
cost(24, 15, 420945).
cost(24, 16, 593924).
cost(24, 17, 404668).
cost(24, 18, 92232).
cost(24, 19, 366749).
cost(24, 20, 26638).
cost(24, 21, 317400).
cost(24, 22, 181641).
cost(24, 23, 98186).
cost(24, 25, 276125).
cost(24, 26, 289374).
cost(24, 27, 139490).
cost(24, 28, 346065).
cost(25, 1, 182052).
cost(25, 2, 211866).
cost(25, 3, 319848).
cost(25, 4, 207749).
cost(25, 5, 480689).
cost(25, 6, 129682).
cost(25, 7, 168575).
cost(25, 8, 356139).
cost(25, 9, 233684).
cost(25, 10, 299968).
cost(25, 11, 396635).
cost(25, 12, 369571).
cost(25, 13, 455973).
cost(25, 14, 294395).
cost(25, 15, 168339).
cost(25, 16, 533792).
cost(25, 17, 445065).
cost(25, 18, 345556).
cost(25, 19, 526718).
cost(25, 20, 251010).
cost(25, 21, 553661).
cost(25, 22, 450939).
cost(25, 23, 239768).
cost(25, 24, 276125).
cost(25, 26, 401230).
cost(25, 27, 208669).
cost(25, 28, 317463).
cost(26, 1, 444630).
cost(26, 2, 256751).
cost(26, 3, 88444).
cost(26, 4, 487676).
cost(26, 5, 131143).
cost(26, 6, 297960).
cost(26, 7, 565755).
cost(26, 8, 526590).
cost(26, 9, 481667).
cost(26, 10, 308338).
cost(26, 11, 420129).
cost(26, 12, 600830).
cost(26, 13, 271752).
cost(26, 14, 282788).
cost(26, 15, 448971).
cost(26, 16, 863845).
cost(26, 17, 133154).
cost(26, 18, 362122).
cost(26, 19, 131854).
cost(26, 20, 282209).
cost(26, 21, 554402).
cost(26, 22, 282339).
cost(26, 23, 212500).
cost(26, 24, 289374).
cost(26, 25, 401230).
cost(26, 27, 210075).
cost(26, 28, 614633).
cost(27, 1, 238019).
cost(27, 2, 65531).
cost(27, 3, 149265).
cost(27, 4, 281246).
cost(27, 5, 318518).
cost(27, 6, 89238).
cost(27, 7, 363093).
cost(27, 8, 349980).
cost(27, 9, 280052).
cost(27, 10, 168736).
cost(27, 11, 296090).
cost(27, 12, 410439).
cost(27, 13, 268614).
cost(27, 14, 147732).
cost(27, 15, 313168).
cost(27, 16, 657623).
cost(27, 17, 295420).
cost(27, 18, 231721).
cost(27, 19, 325079).
cost(27, 20, 116870).
cost(27, 21, 456516).
cost(27, 22, 267824).
cost(27, 23, 47038).
cost(27, 24, 139490).
cost(27, 25, 208669).
cost(27, 26, 210075).
cost(27, 28, 410178).
cost(28, 1, 172515).
cost(28, 2, 357904).
cost(28, 3, 559094).
cost(28, 4, 129588).
cost(28, 5, 728695).
cost(28, 6, 334233).
cost(28, 7, 239755).
cost(28, 8, 173865).
cost(28, 9, 133751).
cost(28, 10, 343121).
cost(28, 11, 329335).
cost(28, 12, 102159).
cost(28, 13, 512406).
cost(28, 14, 361450).
cost(28, 15, 468479).
cost(28, 16, 249705).
cost(28, 17, 704181).
cost(28, 18, 330680).
cost(28, 19, 709733).
cost(28, 20, 341815).
cost(28, 21, 416056).
cost(28, 22, 499259).
cost(28, 23, 402324).
cost(28, 24, 346065).
cost(28, 25, 317463).
cost(28, 26, 614633).
cost(28, 27, 410178).
