dimension(28).
point(1, 97973.0, 89644.0).
point(2, -321224.0, -219134.0).
point(3, 149485.0, 57742.0).
point(4, 164478.0, 280041.0).
point(5, 43287.0, -295430.0).
point(6, 311572.0, -289322.0).
point(7, 229473.0, -7500.0).
point(8, -211919.0, 146336.0).
point(9, 318668.0, 88371.0).
point(10, -43637.0, -236492.0).
point(11, 84274.0, 129828.0).
point(12, -162495.0, 154963.0).
point(13, 307277.0, -231101.0).
point(14, -159196.0, -220128.0).
point(15, 279131.0, 16129.0).
point(16, -37658.0, -269551.0).
point(17, -87193.0, 115465.0).
point(18, 296315.0, 198420.0).
point(19, -368108.0, -6743.0).
point(20, 235991.0, -117902.0).
point(21, -111396.0, 20797.0).
point(22, 107327.0, 126725.0).
point(23, 36953.0, -190288.0).
point(24, 181516.0, -149918.0).
point(25, 200843.0, 756.0).
point(26, 311961.0, 62273.0).
point(27, 12543.0, 89481.0).
point(28, 230160.0, -142382.0).
cost(1, 2, 520644).
cost(1, 3, 60591).
cost(1, 4, 201678).
cost(1, 5, 388938).
cost(1, 6, 435017).
cost(1, 7, 163491).
cost(1, 8, 315035).
cost(1, 9, 220699).
cost(1, 10, 355553).
cost(1, 11, 42455).
cost(1, 12, 268533).
cost(1, 13, 382995).
cost(1, 14, 402610).
cost(1, 15, 195506).
cost(1, 16, 383949).
cost(1, 17, 186958).
cost(1, 18, 226212).
cost(1, 19, 475943).
cost(1, 20, 249247).
cost(1, 21, 220398).
cost(1, 22, 38243).
cost(1, 23, 286505).
cost(1, 24, 253711).
cost(1, 25, 135953).
cost(1, 26, 215731).
cost(1, 27, 85430).
cost(1, 28, 267038).
cost(2, 1, 520644).
cost(2, 3, 546102).
cost(2, 4, 696478).
cost(2, 5, 372410).
cost(2, 6, 636677).
cost(2, 7, 589963).
cost(2, 8, 381465).
cost(2, 9, 709944).
cost(2, 10, 278129).
cost(2, 11, 534980).
cost(2, 12, 406378).
cost(2, 13, 628615).
cost(2, 14, 162031).
cost(2, 15, 644806).
cost(2, 16, 288013).
cost(2, 17, 408322).
cost(2, 18, 745457).
cost(2, 19, 217504).
cost(2, 20, 566336).
cost(2, 21, 318739).
cost(2, 22, 550704).
cost(2, 23, 359337).
cost(2, 24, 507482).
cost(2, 25, 566485).
cost(2, 26, 692902).
cost(2, 27, 454581).
cost(2, 28, 556700).
cost(3, 1, 60591).
cost(3, 2, 546102).
cost(3, 4, 222804).
cost(3, 5, 368793).
cost(3, 6, 383048).
cost(3, 7, 103221).
cost(3, 8, 372104).
cost(3, 9, 171933).
cost(3, 10, 351951).
cost(3, 11, 97205).
cost(3, 12, 326777).
cost(3, 13, 329133).
cost(3, 14, 415326).
cost(3, 15, 136161).
cost(3, 16, 377019).
cost(3, 17, 243615).
cost(3, 18, 203345).
cost(3, 19, 521595).
cost(3, 20, 195791).
cost(3, 21, 263484).
cost(3, 22, 80845).
cost(3, 23, 272364).
cost(3, 24, 210116).
cost(3, 25, 76714).
cost(3, 26, 162539).
cost(3, 27, 140572).
cost(3, 28, 215773).
cost(4, 1, 201678).
cost(4, 2, 696478).
cost(4, 3, 222804).
cost(4, 5, 588094).
cost(4, 6, 588057).
cost(4, 7, 294795).
cost(4, 8, 399439).
cost(4, 9, 245992).
cost(4, 10, 556883).
cost(4, 11, 170284).
cost(4, 12, 350080).
cost(4, 13, 530714).
cost(4, 14, 595763).
cost(4, 15, 287741).
cost(4, 16, 585585).
cost(4, 17, 300705).
cost(4, 18, 155058).
cost(4, 19, 604891).
cost(4, 20, 404318).
cost(4, 21, 378568).
cost(4, 22, 163622).
cost(4, 23, 487311).
cost(4, 24, 430296).
cost(4, 25, 281643).
cost(4, 26, 263010).
cost(4, 27, 243716).
cost(4, 28, 427499).
cost(5, 1, 388938).
cost(5, 2, 372410).
cost(5, 3, 368793).
cost(5, 4, 588094).
cost(5, 6, 268355).
cost(5, 7, 342883).
cost(5, 8, 510184).
cost(5, 9, 472375).
cost(5, 10, 105021).
cost(5, 11, 427229).
cost(5, 12, 495177).
cost(5, 13, 271715).
cost(5, 14, 216032).
cost(5, 15, 390757).
cost(5, 16, 84981).
cost(5, 17, 431115).
cost(5, 18, 554897).
cost(5, 19, 502579).
cost(5, 20, 262013).
cost(5, 21, 352032).
cost(5, 22, 426985).
cost(5, 23, 105333).
cost(5, 24, 200701).
cost(5, 25, 335485).
cost(5, 26, 447367).
cost(5, 27, 386137).
cost(5, 28, 241548).
cost(6, 1, 435017).
cost(6, 2, 636677).
cost(6, 3, 383048).
cost(6, 4, 588057).
cost(6, 5, 268355).
cost(6, 7, 293537).
cost(6, 8, 681059).
cost(6, 9, 377760).
cost(6, 10, 359116).
cost(6, 11, 476813).
cost(6, 12, 649714).
cost(6, 13, 58379).
cost(6, 14, 475826).
cost(6, 15, 307169).
cost(6, 16, 349789).
cost(6, 17, 568213).
cost(6, 18, 487981).
cost(6, 19, 736081).
cost(6, 20, 187343).
cost(6, 21, 524477).
cost(6, 22, 463477).
cost(6, 23, 291930).
cost(6, 24, 190652).
cost(6, 25, 310493).
cost(6, 26, 351595).
cost(6, 27, 482608).
cost(6, 28, 167986).
cost(7, 1, 163491).
cost(7, 2, 589963).
cost(7, 3, 103221).
cost(7, 4, 294795).
cost(7, 5, 342883).
cost(7, 6, 293537).
cost(7, 8, 467432).
cost(7, 9, 130947).
cost(7, 10, 356408).
cost(7, 11, 199854).
cost(7, 12, 424303).
cost(7, 13, 236751).
cost(7, 14, 443029).
cost(7, 15, 54993).
cost(7, 16, 374205).
cost(7, 17, 339702).
cost(7, 18, 216497).
cost(7, 19, 597581).
cost(7, 20, 110594).
cost(7, 21, 342042).
cost(7, 22, 181483).
cost(7, 23, 265472).
cost(7, 24, 150276).
cost(7, 25, 29797).
cost(7, 26, 108040).
cost(7, 27, 237621).
cost(7, 28, 134884).
cost(8, 1, 315035).
cost(8, 2, 381465).
cost(8, 3, 372104).
cost(8, 4, 399439).
cost(8, 5, 510184).
cost(8, 6, 681059).
cost(8, 7, 467432).
cost(8, 9, 533744).
cost(8, 10, 418182).
cost(8, 11, 296653).
cost(8, 12, 50171).
cost(8, 13, 641890).
cost(8, 14, 370237).
cost(8, 15, 508020).
cost(8, 16, 450920).
cost(8, 17, 128490).
cost(8, 18, 510896).
cost(8, 19, 218697).
cost(8, 20, 520043).
cost(8, 21, 160826).
cost(8, 22, 319848).
cost(8, 23, 418632).
cost(8, 24, 492501).
cost(8, 25, 437683).
cost(8, 26, 530582).
cost(8, 27, 231551).
cost(8, 28, 528008).
cost(9, 1, 220699).
cost(9, 2, 709944).
cost(9, 3, 171933).
cost(9, 4, 245992).
cost(9, 5, 472375).
cost(9, 6, 377760).
cost(9, 7, 130947).
cost(9, 8, 533744).
cost(9, 10, 486622).
cost(9, 11, 238032).
cost(9, 12, 485749).
cost(9, 13, 319675).
cost(9, 14, 568793).
cost(9, 15, 82353).
cost(9, 16, 505051).
cost(9, 17, 406764).
cost(9, 18, 112296).
cost(9, 19, 693331).
cost(9, 20, 222225).
cost(9, 21, 435340).
cost(9, 22, 214793).
cost(9, 23, 396250).
cost(9, 24, 274941).
cost(9, 25, 146830).
cost(9, 26, 26946).
cost(9, 27, 306127).
cost(9, 28, 247145).
cost(10, 1, 355553).
cost(10, 2, 278129).
cost(10, 3, 351951).
cost(10, 4, 556883).
cost(10, 5, 105021).
cost(10, 6, 359116).
cost(10, 7, 356408).
cost(10, 8, 418182).
cost(10, 9, 486622).
cost(10, 11, 388010).
cost(10, 12, 409102).
cost(10, 13, 350955).
cost(10, 14, 116712).
cost(10, 15, 409874).
cost(10, 16, 33595).
cost(10, 17, 354642).
cost(10, 18, 552011).
cost(10, 19, 397575).
cost(10, 20, 303736).
cost(10, 21, 266062).
cost(10, 22, 393340).
cost(10, 23, 92895).
cost(10, 24, 241224).
cost(10, 25, 340672).
cost(10, 26, 464446).
cost(10, 27, 330779).
cost(10, 28, 289519).
cost(11, 1, 42455).
cost(11, 2, 534980).
cost(11, 3, 97205).
cost(11, 4, 170284).
cost(11, 5, 427229).
cost(11, 6, 476813).
cost(11, 7, 199854).
cost(11, 8, 296653).
cost(11, 9, 238032).
cost(11, 10, 388010).
cost(11, 12, 248046).
cost(11, 13, 424264).
cost(11, 14, 426318).
cost(11, 15, 225603).
cost(11, 16, 417578).
cost(11, 17, 172068).
cost(11, 18, 222859).
cost(11, 19, 472547).
cost(11, 20, 290496).
cost(11, 21, 223997).
cost(11, 22, 23261).
cost(11, 23, 323595).
cost(11, 24, 296165).
cost(11, 25, 173919).
cost(11, 26, 237497).
cost(11, 27, 82300).
cost(11, 28, 308838).
cost(12, 1, 268533).
cost(12, 2, 406378).
cost(12, 3, 326777).
cost(12, 4, 350080).
cost(12, 5, 495177).
cost(12, 6, 649714).
cost(12, 7, 424303).
cost(12, 8, 50171).
cost(12, 9, 485749).
cost(12, 10, 409102).
cost(12, 11, 248046).
cost(12, 13, 608055).
cost(12, 14, 375106).
cost(12, 15, 462935).
cost(12, 16, 442489).
cost(12, 17, 85032).
cost(12, 18, 460863).
cost(12, 19, 261583).
cost(12, 20, 482956).
cost(12, 21, 143567).
cost(12, 22, 271296).
cost(12, 23, 398720).
cost(12, 24, 459669).
cost(12, 25, 394708).
cost(12, 26, 483425).
cost(12, 27, 186886).
cost(12, 28, 492536).
cost(13, 1, 382995).
cost(13, 2, 628615).
cost(13, 3, 329133).
cost(13, 4, 530714).
cost(13, 5, 271715).
cost(13, 6, 58379).
cost(13, 7, 236751).
cost(13, 8, 641890).
cost(13, 9, 319675).
cost(13, 10, 350955).
cost(13, 11, 424264).
cost(13, 12, 608055).
cost(13, 14, 466602).
cost(13, 15, 248827).
cost(13, 16, 347071).
cost(13, 17, 525085).
cost(13, 18, 429661).
cost(13, 19, 711675).
cost(13, 20, 133775).
cost(13, 21, 488610).
cost(13, 22, 409902).
cost(13, 23, 273388).
cost(13, 24, 149688).
cost(13, 25, 255119).
cost(13, 26, 293411).
cost(13, 27, 435478).
cost(13, 28, 117550).
cost(14, 1, 402610).
cost(14, 2, 162031).
cost(14, 3, 415326).
cost(14, 4, 595763).
cost(14, 5, 216032).
cost(14, 6, 475826).
cost(14, 7, 443029).
cost(14, 8, 370237).
cost(14, 9, 568793).
cost(14, 10, 116712).
cost(14, 11, 426318).
cost(14, 12, 375106).
cost(14, 13, 466602).
cost(14, 15, 497944).
cost(14, 16, 131203).
cost(14, 17, 343230).
cost(14, 18, 618605).
cost(14, 19, 298626).
cost(14, 20, 408195).
cost(14, 21, 245621).
cost(14, 22, 437426).
cost(14, 23, 198406).
cost(14, 24, 347871).
cost(14, 25, 422395).
cost(14, 26, 549308).
cost(14, 27, 354051).
cost(14, 28, 397042).
cost(15, 1, 195506).
cost(15, 2, 644806).
cost(15, 3, 136161).
cost(15, 4, 287741).
cost(15, 5, 390757).
cost(15, 6, 307169).
cost(15, 7, 54993).
cost(15, 8, 508020).
cost(15, 9, 82353).
cost(15, 10, 409874).
cost(15, 11, 225603).
cost(15, 12, 462935).
cost(15, 13, 248827).
cost(15, 14, 497944).
cost(15, 16, 426577).
cost(15, 17, 379554).
cost(15, 18, 183099).
cost(15, 19, 647643).
cost(15, 20, 140803).
cost(15, 21, 390555).
cost(15, 22, 204323).
cost(15, 23, 318211).
cost(15, 24, 192614).
cost(15, 25, 79783).
cost(15, 26, 56631).
cost(15, 27, 276495).
cost(15, 28, 165903).
cost(16, 1, 383949).
cost(16, 2, 288013).
cost(16, 3, 377019).
cost(16, 4, 585585).
cost(16, 5, 84981).
cost(16, 6, 349789).
cost(16, 7, 374205).
cost(16, 8, 450920).
cost(16, 9, 505051).
cost(16, 10, 33595).
cost(16, 11, 417578).
cost(16, 12, 442489).
cost(16, 13, 347071).
cost(16, 14, 131203).
cost(16, 15, 426577).
cost(16, 17, 388189).
cost(16, 18, 574922).
cost(16, 19, 422215).
cost(16, 20, 312860).
cost(16, 21, 299565).
cost(16, 22, 421966).
cost(16, 23, 108855).
cost(16, 24, 249698).
cost(16, 25, 360484).
cost(16, 26, 482017).
cost(16, 27, 362525).
cost(16, 28, 296477).
cost(17, 1, 186958).
cost(17, 2, 408322).
cost(17, 3, 243615).
cost(17, 4, 300705).
cost(17, 5, 431115).
cost(17, 6, 568213).
cost(17, 7, 339702).
cost(17, 8, 128490).
cost(17, 9, 406764).
cost(17, 10, 354642).
cost(17, 11, 172068).
cost(17, 12, 85032).
cost(17, 13, 525085).
cost(17, 14, 343230).
cost(17, 15, 379554).
cost(17, 16, 388189).
cost(17, 18, 392377).
cost(17, 19, 306346).
cost(17, 20, 398633).
cost(17, 21, 97713).
cost(17, 22, 194846).
cost(17, 23, 329996).
cost(17, 24, 377667).
cost(17, 25, 310037).
cost(17, 26, 402683).
cost(17, 27, 103065).
cost(17, 28, 408899).
cost(18, 1, 226212).
cost(18, 2, 745457).
cost(18, 3, 203345).
cost(18, 4, 155058).
cost(18, 5, 554897).
cost(18, 6, 487981).
cost(18, 7, 216497).
cost(18, 8, 510896).
cost(18, 9, 112296).
cost(18, 10, 552011).
cost(18, 11, 222859).
cost(18, 12, 460863).
cost(18, 13, 429661).
cost(18, 14, 618605).
cost(18, 15, 183099).
cost(18, 16, 574922).
cost(18, 17, 392377).
cost(18, 19, 695377).
cost(18, 20, 322023).
cost(18, 21, 444723).
cost(18, 22, 202130).
cost(18, 23, 467293).
cost(18, 24, 366767).
cost(18, 25, 219513).
cost(18, 26, 137043).
cost(18, 27, 303964).
cost(18, 28, 347163).
cost(19, 1, 475943).
cost(19, 2, 217504).
cost(19, 3, 521595).
cost(19, 4, 604891).
cost(19, 5, 502579).
cost(19, 6, 736081).
cost(19, 7, 597581).
cost(19, 8, 218697).
cost(19, 9, 693331).
cost(19, 10, 397575).
cost(19, 11, 472547).
cost(19, 12, 261583).
cost(19, 13, 711675).
cost(19, 14, 298626).
cost(19, 15, 647643).
cost(19, 16, 422215).
cost(19, 17, 306346).
cost(19, 18, 695377).
cost(19, 20, 614241).
cost(19, 21, 258185).
cost(19, 22, 493814).
cost(19, 23, 444706).
cost(19, 24, 567966).
cost(19, 25, 569000).
cost(19, 26, 683562).
cost(19, 27, 392625).
cost(19, 28, 613451).
cost(20, 1, 249247).
cost(20, 2, 566336).
cost(20, 3, 195791).
cost(20, 4, 404318).
cost(20, 5, 262013).
cost(20, 6, 187343).
cost(20, 7, 110594).
cost(20, 8, 520043).
cost(20, 9, 222225).
cost(20, 10, 303736).
cost(20, 11, 290496).
cost(20, 12, 482956).
cost(20, 13, 133775).
cost(20, 14, 408195).
cost(20, 15, 140803).
cost(20, 16, 312860).
cost(20, 17, 398633).
cost(20, 18, 322023).
cost(20, 19, 614241).
cost(20, 21, 374052).
cost(20, 22, 276400).
cost(20, 23, 211792).
cost(20, 24, 63187).
cost(20, 25, 123754).
cost(20, 26, 195536).
cost(20, 27, 304855).
cost(20, 28, 25165).
cost(21, 1, 220398).
cost(21, 2, 318739).
cost(21, 3, 263484).
cost(21, 4, 378568).
cost(21, 5, 352032).
cost(21, 6, 524477).
cost(21, 7, 342042).
cost(21, 8, 160826).
cost(21, 9, 435340).
cost(21, 10, 266062).
cost(21, 11, 223997).
cost(21, 12, 143567).
cost(21, 13, 488610).
cost(21, 14, 245621).
cost(21, 15, 390555).
cost(21, 16, 299565).
cost(21, 17, 97713).
cost(21, 18, 444723).
cost(21, 19, 258185).
cost(21, 20, 374052).
cost(21, 22, 243024).
cost(21, 23, 258001).
cost(21, 24, 339030).
cost(21, 25, 312882).
cost(21, 26, 425384).
cost(21, 27, 141698).
cost(21, 28, 378534).
cost(22, 1, 38243).
cost(22, 2, 550704).
cost(22, 3, 80845).
cost(22, 4, 163622).
cost(22, 5, 426985).
cost(22, 6, 463477).
cost(22, 7, 181483).
cost(22, 8, 319848).
cost(22, 9, 214793).
cost(22, 10, 393340).
cost(22, 11, 23261).
cost(22, 12, 271296).
cost(22, 13, 409902).
cost(22, 14, 437426).
cost(22, 15, 204323).
cost(22, 16, 421966).
cost(22, 17, 194846).
cost(22, 18, 202130).
cost(22, 19, 493814).
cost(22, 20, 276400).
cost(22, 21, 243024).
cost(22, 23, 324730).
cost(22, 24, 286418).
cost(22, 25, 156887).
cost(22, 26, 214544).
cost(22, 27, 101839).
cost(22, 28, 295815).
cost(23, 1, 286505).
cost(23, 2, 359337).
cost(23, 3, 272364).
cost(23, 4, 487311).
cost(23, 5, 105333).
cost(23, 6, 291930).
cost(23, 7, 265472).
cost(23, 8, 418632).
cost(23, 9, 396250).
cost(23, 10, 92895).
cost(23, 11, 323595).
cost(23, 12, 398720).
cost(23, 13, 273388).
cost(23, 14, 198406).
cost(23, 15, 318211).
cost(23, 16, 108855).
cost(23, 17, 329996).
cost(23, 18, 467293).
cost(23, 19, 444706).
cost(23, 20, 211792).
cost(23, 21, 258001).
cost(23, 22, 324730).
cost(23, 24, 150094).
cost(23, 25, 251710).
cost(23, 26, 373385).
cost(23, 27, 280832).
cost(23, 28, 199058).
cost(24, 1, 253711).
cost(24, 2, 507482).
cost(24, 3, 210116).
cost(24, 4, 430296).
cost(24, 5, 200701).
cost(24, 6, 190652).
cost(24, 7, 150276).
cost(24, 8, 492501).
cost(24, 9, 274941).
cost(24, 10, 241224).
cost(24, 11, 296165).
cost(24, 12, 459669).
cost(24, 13, 149688).
cost(24, 14, 347871).
cost(24, 15, 192614).
cost(24, 16, 249698).
cost(24, 17, 377667).
cost(24, 18, 366767).
cost(24, 19, 567966).
cost(24, 20, 63187).
cost(24, 21, 339030).
cost(24, 22, 286418).
cost(24, 23, 150094).
cost(24, 25, 151908).
cost(24, 26, 249080).
cost(24, 27, 293025).
cost(24, 28, 49224).
cost(25, 1, 135953).
cost(25, 2, 566485).
cost(25, 3, 76714).
cost(25, 4, 281643).
cost(25, 5, 335485).
cost(25, 6, 310493).
cost(25, 7, 29797).
cost(25, 8, 437683).
cost(25, 9, 146830).
cost(25, 10, 340672).
cost(25, 11, 173919).
cost(25, 12, 394708).
cost(25, 13, 255119).
cost(25, 14, 422395).
cost(25, 15, 79783).
cost(25, 16, 360484).
cost(25, 17, 310037).
cost(25, 18, 219513).
cost(25, 19, 569000).
cost(25, 20, 123754).
cost(25, 21, 312882).
cost(25, 22, 156887).
cost(25, 23, 251710).
cost(25, 24, 151908).
cost(25, 26, 127010).
cost(25, 27, 208156).
cost(25, 28, 146109).
cost(26, 1, 215731).
cost(26, 2, 692902).
cost(26, 3, 162539).
cost(26, 4, 263010).
cost(26, 5, 447367).
cost(26, 6, 351595).
cost(26, 7, 108040).
cost(26, 8, 530582).
cost(26, 9, 26946).
cost(26, 10, 464446).
cost(26, 11, 237497).
cost(26, 12, 483425).
cost(26, 13, 293411).
cost(26, 14, 549308).
cost(26, 15, 56631).
cost(26, 16, 482017).
cost(26, 17, 402683).
cost(26, 18, 137043).
cost(26, 19, 683562).
cost(26, 20, 195536).
cost(26, 21, 425384).
cost(26, 22, 214544).
cost(26, 23, 373385).
cost(26, 24, 249080).
cost(26, 25, 127010).
cost(26, 27, 300652).
cost(26, 28, 220398).
cost(27, 1, 85430).
cost(27, 2, 454581).
cost(27, 3, 140572).
cost(27, 4, 243716).
cost(27, 5, 386137).
cost(27, 6, 482608).
cost(27, 7, 237621).
cost(27, 8, 231551).
cost(27, 9, 306127).
cost(27, 10, 330779).
cost(27, 11, 82300).
cost(27, 12, 186886).
cost(27, 13, 435478).
cost(27, 14, 354051).
cost(27, 15, 276495).
cost(27, 16, 362525).
cost(27, 17, 103065).
cost(27, 18, 303964).
cost(27, 19, 392625).
cost(27, 20, 304855).
cost(27, 21, 141698).
cost(27, 22, 101839).
cost(27, 23, 280832).
cost(27, 24, 293025).
cost(27, 25, 208156).
cost(27, 26, 300652).
cost(27, 28, 317990).
cost(28, 1, 267038).
cost(28, 2, 556700).
cost(28, 3, 215773).
cost(28, 4, 427499).
cost(28, 5, 241548).
cost(28, 6, 167986).
cost(28, 7, 134884).
cost(28, 8, 528008).
cost(28, 9, 247145).
cost(28, 10, 289519).
cost(28, 11, 308838).
cost(28, 12, 492536).
cost(28, 13, 117550).
cost(28, 14, 397042).
cost(28, 15, 165903).
cost(28, 16, 296477).
cost(28, 17, 408899).
cost(28, 18, 347163).
cost(28, 19, 613451).
cost(28, 20, 25165).
cost(28, 21, 378534).
cost(28, 22, 295815).
cost(28, 23, 199058).
cost(28, 24, 49224).
cost(28, 25, 146109).
cost(28, 26, 220398).
cost(28, 27, 317990).
