dimension(28).
point(1, -491246.0, -206565.0).
point(2, -278564.0, 340331.0).
point(3, 69800.0, -114637.0).
point(4, 118149.0, -86264.0).
point(5, 309197.0, -118533.0).
point(6, 134287.0, -135360.0).
point(7, 201114.0, -51293.0).
point(8, 274440.0, -48582.0).
point(9, -42264.0, -211934.0).
point(10, -153058.0, -45954.0).
point(11, -125012.0, -56417.0).
point(12, 12401.0, 55315.0).
point(13, -231581.0, -62415.0).
point(14, 168543.0, 412826.0).
point(15, 95392.0, 209437.0).
point(16, 85617.0, 80197.0).
point(17, 129422.0, -315740.0).
point(18, 94492.0, -91559.0).
point(19, 97411.0, -123884.0).
point(20, -159068.0, 200626.0).
point(21, -238948.0, -310187.0).
point(22, -106646.0, -288710.0).
point(23, 383119.0, -246891.0).
point(24, -81345.0, -71544.0).
point(25, -154181.0, -205116.0).
point(26, 156127.0, 74281.0).
point(27, 515825.0, -91547.0).
point(28, 78537.0, 127979.0).
cost(1, 2, 586795).
cost(1, 3, 568527).
cost(1, 4, 621156).
cost(1, 5, 805269).
cost(1, 6, 629573).
cost(1, 7, 709557).
cost(1, 8, 781814).
cost(1, 9, 449014).
cost(1, 10, 374389).
cost(1, 11, 395818).
cost(1, 12, 567663).
cost(1, 13, 296993).
cost(1, 14, 904968).
cost(1, 15, 719167).
cost(1, 16, 644208).
cost(1, 17, 630197).
cost(1, 18, 596922).
cost(1, 19, 594435).
cost(1, 20, 525497).
cost(1, 21, 272749).
cost(1, 22, 393275).
cost(1, 23, 875294).
cost(1, 24, 431566).
cost(1, 25, 337068).
cost(1, 26, 705667).
cost(1, 27, 1013618).
cost(1, 28, 660736).
cost(2, 1, 586795).
cost(2, 3, 573021).
cost(2, 4, 582550).
cost(2, 5, 745667).
cost(2, 6, 629863).
cost(2, 7, 619242).
cost(2, 8, 676067).
cost(2, 9, 600695).
cost(2, 10, 406162).
cost(2, 11, 425426).
cost(2, 12, 407302).
cost(2, 13, 405477).
cost(2, 14, 452946).
cost(2, 15, 396202).
cost(2, 16, 447546).
cost(2, 17, 772581).
cost(2, 18, 570701).
cost(2, 19, 597372).
cost(2, 20, 183839).
cost(2, 21, 651723).
cost(2, 22, 652111).
cost(2, 23, 884677).
cost(2, 24, 456658).
cost(2, 25, 559449).
cost(2, 26, 509646).
cost(2, 27, 904197).
cost(2, 28, 415469).
cost(3, 1, 568527).
cost(3, 2, 573021).
cost(3, 4, 56059).
cost(3, 5, 239429).
cost(3, 6, 67735).
cost(3, 7, 145794).
cost(3, 8, 215037).
cost(3, 9, 148408).
cost(3, 10, 233202).
cost(3, 11, 203326).
cost(3, 12, 179383).
cost(3, 13, 305872).
cost(3, 14, 536626).
cost(3, 15, 325083).
cost(3, 16, 195475).
cost(3, 17, 209755).
cost(3, 18, 33798).
cost(3, 19, 29118).
cost(3, 20, 389578).
cost(3, 21, 365466).
cost(3, 22, 247860).
cost(3, 23, 340088).
cost(3, 24, 157168).
cost(3, 25, 241566).
cost(3, 26, 207707).
cost(3, 27, 446622).
cost(3, 28, 242773).
cost(4, 1, 621156).
cost(4, 2, 582550).
cost(4, 3, 56059).
cost(4, 5, 193754).
cost(4, 6, 51680).
cost(4, 7, 90034).
cost(4, 8, 160769).
cost(4, 9, 203778).
cost(4, 10, 274186).
cost(4, 11, 244986).
cost(4, 12, 176712).
cost(4, 13, 350542).
cost(4, 14, 501628).
cost(4, 15, 296575).
cost(4, 16, 169610).
cost(4, 17, 229753).
cost(4, 18, 24242).
cost(4, 19, 42957).
cost(4, 20, 398943).
cost(4, 21, 421497).
cost(4, 22, 302518).
cost(4, 23, 309855).
cost(4, 24, 200036).
cost(4, 25, 297135).
cost(4, 26, 164976).
cost(4, 27, 397711).
cost(4, 28, 217874).
cost(5, 1, 805269).
cost(5, 2, 745667).
cost(5, 3, 239429).
cost(5, 4, 193754).
cost(5, 6, 175718).
cost(5, 7, 127292).
cost(5, 8, 78110).
cost(5, 9, 363660).
cost(5, 10, 467918).
cost(5, 11, 438630).
cost(5, 12, 343964).
cost(5, 13, 543682).
cost(5, 14, 549660).
cost(5, 15, 391506).
cost(5, 16, 299135).
cost(5, 17, 266851).
cost(5, 18, 216393).
cost(5, 19, 211854).
cost(5, 20, 566687).
cost(5, 21, 580684).
cost(5, 22, 449317).
cost(5, 23, 148122).
cost(5, 24, 393359).
cost(5, 25, 471398).
cost(5, 26, 246186).
cost(5, 27, 208383).
cost(5, 28, 337598).
cost(6, 1, 629573).
cost(6, 2, 629863).
cost(6, 3, 67735).
cost(6, 4, 51680).
cost(6, 5, 175718).
cost(6, 7, 107392).
cost(6, 8, 164843).
cost(6, 9, 192442).
cost(6, 10, 300933).
cost(6, 11, 271050).
cost(6, 12, 226303).
cost(6, 13, 373069).
cost(6, 14, 549255).
cost(6, 15, 346984).
cost(6, 16, 220983).
cost(6, 17, 180446).
cost(6, 18, 59179).
cost(6, 19, 38620).
cost(6, 20, 446031).
cost(6, 21, 412151).
cost(6, 22, 285596).
cost(6, 23, 272684).
cost(6, 24, 224877).
cost(6, 25, 296782).
cost(6, 26, 210776).
cost(6, 27, 384045).
cost(6, 28, 269176).
cost(7, 1, 709557).
cost(7, 2, 619242).
cost(7, 3, 145794).
cost(7, 4, 90034).
cost(7, 5, 127292).
cost(7, 6, 107392).
cost(7, 8, 73376).
cost(7, 9, 291613).
cost(7, 10, 354212).
cost(7, 11, 326166).
cost(7, 12, 216744).
cost(7, 13, 432838).
cost(7, 14, 465260).
cost(7, 15, 281349).
cost(7, 16, 175012).
cost(7, 17, 273993).
cost(7, 18, 113972).
cost(7, 19, 126585).
cost(7, 20, 439539).
cost(7, 21, 510569).
cost(7, 22, 388694).
cost(7, 23, 267179).
cost(7, 24, 283184).
cost(7, 25, 387164).
cost(7, 26, 133389).
cost(7, 27, 317275).
cost(7, 28, 217172).
cost(8, 1, 781814).
cost(8, 2, 676067).
cost(8, 3, 215037).
cost(8, 4, 160769).
cost(8, 5, 78110).
cost(8, 6, 164843).
cost(8, 7, 73376).
cost(8, 9, 356350).
cost(8, 10, 427506).
cost(8, 11, 399529).
cost(8, 12, 281885).
cost(8, 13, 506210).
cost(8, 14, 473404).
cost(8, 15, 314057).
cost(8, 16, 228557).
cost(8, 17, 303980).
cost(8, 18, 185009).
cost(8, 19, 192379).
cost(8, 20, 500034).
cost(8, 21, 576198).
cost(8, 22, 450431).
cost(8, 23, 226136).
cost(8, 24, 356525).
cost(8, 25, 456310).
cost(8, 26, 170568).
cost(8, 27, 245179).
cost(8, 28, 263727).
cost(9, 1, 449014).
cost(9, 2, 600695).
cost(9, 3, 148408).
cost(9, 4, 203778).
cost(9, 5, 363660).
cost(9, 6, 192442).
cost(9, 7, 291613).
cost(9, 8, 356350).
cost(9, 10, 199561).
cost(9, 11, 176161).
cost(9, 12, 272782).
cost(9, 13, 241240).
cost(9, 14, 659367).
cost(9, 15, 443286).
cost(9, 16, 318895).
cost(9, 17, 200628).
cost(9, 18, 182188).
cost(9, 19, 165112).
cost(9, 20, 428776).
cost(9, 21, 219860).
cost(9, 22, 100198).
cost(9, 23, 426817).
cost(9, 24, 145728).
cost(9, 25, 112124).
cost(9, 26, 348250).
cost(9, 27, 570926).
cost(9, 28, 360741).
cost(10, 1, 374389).
cost(10, 2, 406162).
cost(10, 3, 233202).
cost(10, 4, 274186).
cost(10, 5, 467918).
cost(10, 6, 300933).
cost(10, 7, 354212).
cost(10, 8, 427506).
cost(10, 9, 199561).
cost(10, 11, 29934).
cost(10, 12, 193990).
cost(10, 13, 80230).
cost(10, 14, 560273).
cost(10, 15, 356303).
cost(10, 16, 269963).
cost(10, 17, 390614).
cost(10, 18, 251716).
cost(10, 19, 262312).
cost(10, 20, 246653).
cost(10, 21, 277842).
cost(10, 22, 247153).
cost(10, 23, 572592).
cost(10, 24, 76142).
cost(10, 25, 159166).
cost(10, 26, 331741).
cost(10, 27, 670435).
cost(10, 28, 289636).
cost(11, 1, 395818).
cost(11, 2, 425426).
cost(11, 3, 203326).
cost(11, 4, 244986).
cost(11, 5, 438630).
cost(11, 6, 271050).
cost(11, 7, 326166).
cost(11, 8, 399529).
cost(11, 9, 176161).
cost(11, 10, 29934).
cost(11, 12, 177106).
cost(11, 13, 106738).
cost(11, 14, 553501).
cost(11, 15, 345335).
cost(11, 16, 251054).
cost(11, 17, 363298).
cost(11, 18, 222299).
cost(11, 19, 232430).
cost(11, 20, 259289).
cost(11, 21, 278174).
cost(11, 22, 233018).
cost(11, 23, 542658).
cost(11, 24, 46213).
cost(11, 25, 151533).
cost(11, 26, 310034).
cost(11, 27, 641799).
cost(11, 28, 274653).
cost(12, 1, 567663).
cost(12, 2, 407302).
cost(12, 3, 179383).
cost(12, 4, 176712).
cost(12, 5, 343964).
cost(12, 6, 226303).
cost(12, 7, 216744).
cost(12, 8, 281885).
cost(12, 9, 272782).
cost(12, 10, 193990).
cost(12, 11, 177106).
cost(12, 13, 270901).
cost(12, 14, 390121).
cost(12, 15, 175046).
cost(12, 16, 77328).
cost(12, 17, 389070).
cost(12, 18, 168258).
cost(12, 19, 198341).
cost(12, 20, 224760).
cost(12, 21, 443585).
cost(12, 22, 364040).
cost(12, 23, 478289).
cost(12, 24, 157739).
cost(12, 25, 309150).
cost(12, 26, 144972).
cost(12, 27, 524408).
cost(12, 28, 98255).
cost(13, 1, 296993).
cost(13, 2, 405477).
cost(13, 3, 305872).
cost(13, 4, 350542).
cost(13, 5, 543682).
cost(13, 6, 373069).
cost(13, 7, 432838).
cost(13, 8, 506210).
cost(13, 9, 241240).
cost(13, 10, 80230).
cost(13, 11, 106738).
cost(13, 12, 270901).
cost(13, 14, 621251).
cost(13, 15, 425223).
cost(13, 16, 347783).
cost(13, 17, 441018).
cost(13, 18, 327373).
cost(13, 19, 334685).
cost(13, 20, 272853).
cost(13, 21, 247881).
cost(13, 22, 258492).
cost(13, 23, 641785).
cost(13, 24, 150513).
cost(13, 25, 162340).
cost(13, 26, 411100).
cost(13, 27, 747974).
cost(13, 28, 363900).
cost(14, 1, 904968).
cost(14, 2, 452946).
cost(14, 3, 536626).
cost(14, 4, 501628).
cost(14, 5, 549660).
cost(14, 6, 549255).
cost(14, 7, 465260).
cost(14, 8, 473404).
cost(14, 9, 659367).
cost(14, 10, 560273).
cost(14, 11, 553501).
cost(14, 12, 390121).
cost(14, 13, 621251).
cost(14, 15, 216144).
cost(14, 16, 342810).
cost(14, 17, 729616).
cost(14, 18, 509792).
cost(14, 19, 541403).
cost(14, 20, 390330).
cost(14, 21, 829938).
cost(14, 22, 753579).
cost(14, 23, 693736).
cost(14, 24, 545031).
cost(14, 25, 697139).
cost(14, 26, 338773).
cost(14, 27, 612370).
cost(14, 28, 298729).
cost(15, 1, 719167).
cost(15, 2, 396202).
cost(15, 3, 325083).
cost(15, 4, 296575).
cost(15, 5, 391506).
cost(15, 6, 346984).
cost(15, 7, 281349).
cost(15, 8, 314057).
cost(15, 9, 443286).
cost(15, 10, 356303).
cost(15, 11, 345335).
cost(15, 12, 175046).
cost(15, 13, 425223).
cost(15, 14, 216144).
cost(15, 16, 129609).
cost(15, 17, 526278).
cost(15, 18, 300997).
cost(15, 19, 333327).
cost(15, 20, 254613).
cost(15, 21, 617893).
cost(15, 22, 537559).
cost(15, 23, 539465).
cost(15, 24, 331943).
cost(15, 25, 483881).
cost(15, 26, 148175).
cost(15, 27, 517064).
cost(15, 28, 83184).
cost(16, 1, 644208).
cost(16, 2, 447546).
cost(16, 3, 195475).
cost(16, 4, 169610).
cost(16, 5, 299135).
cost(16, 6, 220983).
cost(16, 7, 175012).
cost(16, 8, 228557).
cost(16, 9, 318895).
cost(16, 10, 269963).
cost(16, 11, 251054).
cost(16, 12, 77328).
cost(16, 13, 347783).
cost(16, 14, 342810).
cost(16, 15, 129609).
cost(16, 17, 398353).
cost(16, 18, 171985).
cost(16, 19, 204422).
cost(16, 20, 272716).
cost(16, 21, 507683).
cost(16, 22, 416002).
cost(16, 23, 442147).
cost(16, 24, 225614).
cost(16, 25, 372702).
cost(16, 26, 70758).
cost(16, 27, 463222).
cost(16, 28, 48304).
cost(17, 1, 630197).
cost(17, 2, 772581).
cost(17, 3, 209755).
cost(17, 4, 229753).
cost(17, 5, 266851).
cost(17, 6, 180446).
cost(17, 7, 273993).
cost(17, 8, 303980).
cost(17, 9, 200628).
cost(17, 10, 390614).
cost(17, 11, 363298).
cost(17, 12, 389070).
cost(17, 13, 441018).
cost(17, 14, 729616).
cost(17, 15, 526278).
cost(17, 16, 398353).
cost(17, 18, 226886).
cost(17, 19, 194508).
cost(17, 20, 591490).
cost(17, 21, 368412).
cost(17, 22, 237610).
cost(17, 23, 262873).
cost(17, 24, 322575).
cost(17, 25, 304415).
cost(17, 26, 390934).
cost(17, 27, 446732).
cost(17, 28, 446627).
cost(18, 1, 596922).
cost(18, 2, 570701).
cost(18, 3, 33798).
cost(18, 4, 24242).
cost(18, 5, 216393).
cost(18, 6, 59179).
cost(18, 7, 113972).
cost(18, 8, 185009).
cost(18, 9, 182188).
cost(18, 10, 251716).
cost(18, 11, 222299).
cost(18, 12, 168258).
cost(18, 13, 327373).
cost(18, 14, 509792).
cost(18, 15, 300997).
cost(18, 16, 171985).
cost(18, 17, 226886).
cost(18, 19, 32457).
cost(18, 20, 386865).
cost(18, 21, 398724).
cost(18, 22, 281647).
cost(18, 23, 327771).
cost(18, 24, 176972).
cost(18, 25, 273374).
cost(18, 26, 176923).
cost(18, 27, 421333).
cost(18, 28, 220117).
cost(19, 1, 594435).
cost(19, 2, 597372).
cost(19, 3, 29118).
cost(19, 4, 42957).
cost(19, 5, 211854).
cost(19, 6, 38620).
cost(19, 7, 126585).
cost(19, 8, 192379).
cost(19, 9, 165112).
cost(19, 10, 262312).
cost(19, 11, 232430).
cost(19, 12, 198341).
cost(19, 13, 334685).
cost(19, 14, 541403).
cost(19, 15, 333327).
cost(19, 16, 204422).
cost(19, 17, 194508).
cost(19, 18, 32457).
cost(19, 20, 413628).
cost(19, 21, 384508).
cost(19, 22, 262311).
cost(19, 23, 311062).
cost(19, 24, 186261).
cost(19, 25, 264381).
cost(19, 26, 206681).
cost(19, 27, 419662).
cost(19, 28, 252569).
cost(20, 1, 525497).
cost(20, 2, 183839).
cost(20, 3, 389578).
cost(20, 4, 398943).
cost(20, 5, 566687).
cost(20, 6, 446031).
cost(20, 7, 439539).
cost(20, 8, 500034).
cost(20, 9, 428776).
cost(20, 10, 246653).
cost(20, 11, 259289).
cost(20, 12, 224760).
cost(20, 13, 272853).
cost(20, 14, 390330).
cost(20, 15, 254613).
cost(20, 16, 272716).
cost(20, 17, 591490).
cost(20, 18, 386865).
cost(20, 19, 413628).
cost(20, 21, 517021).
cost(20, 22, 492136).
cost(20, 23, 703021).
cost(20, 24, 283050).
cost(20, 25, 405771).
cost(20, 26, 339575).
cost(20, 27, 735422).
cost(20, 28, 248463).
cost(21, 1, 272749).
cost(21, 2, 651723).
cost(21, 3, 365466).
cost(21, 4, 421497).
cost(21, 5, 580684).
cost(21, 6, 412151).
cost(21, 7, 510569).
cost(21, 8, 576198).
cost(21, 9, 219860).
cost(21, 10, 277842).
cost(21, 11, 278174).
cost(21, 12, 443585).
cost(21, 13, 247881).
cost(21, 14, 829938).
cost(21, 15, 617893).
cost(21, 16, 507683).
cost(21, 17, 368412).
cost(21, 18, 398724).
cost(21, 19, 384508).
cost(21, 20, 517021).
cost(21, 22, 134034).
cost(21, 23, 625279).
cost(21, 24, 285988).
cost(21, 25, 135001).
cost(21, 26, 551271).
cost(21, 27, 785803).
cost(21, 28, 541097).
cost(22, 1, 393275).
cost(22, 2, 652111).
cost(22, 3, 247860).
cost(22, 4, 302518).
cost(22, 5, 449317).
cost(22, 6, 285596).
cost(22, 7, 388694).
cost(22, 8, 450431).
cost(22, 9, 100198).
cost(22, 10, 247153).
cost(22, 11, 233018).
cost(22, 12, 364040).
cost(22, 13, 258492).
cost(22, 14, 753579).
cost(22, 15, 537559).
cost(22, 16, 416002).
cost(22, 17, 237610).
cost(22, 18, 281647).
cost(22, 19, 262311).
cost(22, 20, 492136).
cost(22, 21, 134034).
cost(22, 23, 491547).
cost(22, 24, 218635).
cost(22, 25, 96164).
cost(22, 26, 448121).
cost(22, 27, 652950).
cost(22, 28, 455985).
cost(23, 1, 875294).
cost(23, 2, 884677).
cost(23, 3, 340088).
cost(23, 4, 309855).
cost(23, 5, 148122).
cost(23, 6, 272684).
cost(23, 7, 267179).
cost(23, 8, 226136).
cost(23, 9, 426817).
cost(23, 10, 572592).
cost(23, 11, 542658).
cost(23, 12, 478289).
cost(23, 13, 641785).
cost(23, 14, 693736).
cost(23, 15, 539465).
cost(23, 16, 442147).
cost(23, 17, 262873).
cost(23, 18, 327771).
cost(23, 19, 311062).
cost(23, 20, 703021).
cost(23, 21, 625279).
cost(23, 22, 491547).
cost(23, 24, 496461).
cost(23, 25, 538922).
cost(23, 26, 393290).
cost(23, 27, 204310).
cost(23, 28, 483009).
cost(24, 1, 431566).
cost(24, 2, 456658).
cost(24, 3, 157168).
cost(24, 4, 200036).
cost(24, 5, 393359).
cost(24, 6, 224877).
cost(24, 7, 283184).
cost(24, 8, 356525).
cost(24, 9, 145728).
cost(24, 10, 76142).
cost(24, 11, 46213).
cost(24, 12, 157739).
cost(24, 13, 150513).
cost(24, 14, 545031).
cost(24, 15, 331943).
cost(24, 16, 225614).
cost(24, 17, 322575).
cost(24, 18, 176972).
cost(24, 19, 186261).
cost(24, 20, 283050).
cost(24, 21, 285988).
cost(24, 22, 218635).
cost(24, 23, 496461).
cost(24, 25, 152140).
cost(24, 26, 278672).
cost(24, 27, 597505).
cost(24, 28, 255679).
cost(25, 1, 337068).
cost(25, 2, 559449).
cost(25, 3, 241566).
cost(25, 4, 297135).
cost(25, 5, 471398).
cost(25, 6, 296782).
cost(25, 7, 387164).
cost(25, 8, 456310).
cost(25, 9, 112124).
cost(25, 10, 159166).
cost(25, 11, 151533).
cost(25, 12, 309150).
cost(25, 13, 162340).
cost(25, 14, 697139).
cost(25, 15, 483881).
cost(25, 16, 372702).
cost(25, 17, 304415).
cost(25, 18, 273374).
cost(25, 19, 264381).
cost(25, 20, 405771).
cost(25, 21, 135001).
cost(25, 22, 96164).
cost(25, 23, 538922).
cost(25, 24, 152140).
cost(25, 26, 417557).
cost(25, 27, 679563).
cost(25, 28, 406337).
cost(26, 1, 705667).
cost(26, 2, 509646).
cost(26, 3, 207707).
cost(26, 4, 164976).
cost(26, 5, 246186).
cost(26, 6, 210776).
cost(26, 7, 133389).
cost(26, 8, 170568).
cost(26, 9, 348250).
cost(26, 10, 331741).
cost(26, 11, 310034).
cost(26, 12, 144972).
cost(26, 13, 411100).
cost(26, 14, 338773).
cost(26, 15, 148175).
cost(26, 16, 70758).
cost(26, 17, 390934).
cost(26, 18, 176923).
cost(26, 19, 206681).
cost(26, 20, 339575).
cost(26, 21, 551271).
cost(26, 22, 448121).
cost(26, 23, 393290).
cost(26, 24, 278672).
cost(26, 25, 417557).
cost(26, 27, 396083).
cost(26, 28, 94359).
cost(27, 1, 1013618).
cost(27, 2, 904197).
cost(27, 3, 446622).
cost(27, 4, 397711).
cost(27, 5, 208383).
cost(27, 6, 384045).
cost(27, 7, 317275).
cost(27, 8, 245179).
cost(27, 9, 570926).
cost(27, 10, 670435).
cost(27, 11, 641799).
cost(27, 12, 524408).
cost(27, 13, 747974).
cost(27, 14, 612370).
cost(27, 15, 517064).
cost(27, 16, 463222).
cost(27, 17, 446732).
cost(27, 18, 421333).
cost(27, 19, 419662).
cost(27, 20, 735422).
cost(27, 21, 785803).
cost(27, 22, 652950).
cost(27, 23, 204310).
cost(27, 24, 597505).
cost(27, 25, 679563).
cost(27, 26, 396083).
cost(27, 28, 489298).
cost(28, 1, 660736).
cost(28, 2, 415469).
cost(28, 3, 242773).
cost(28, 4, 217874).
cost(28, 5, 337598).
cost(28, 6, 269176).
cost(28, 7, 217172).
cost(28, 8, 263727).
cost(28, 9, 360741).
cost(28, 10, 289636).
cost(28, 11, 274653).
cost(28, 12, 98255).
cost(28, 13, 363900).
cost(28, 14, 298729).
cost(28, 15, 83184).
cost(28, 16, 48304).
cost(28, 17, 446627).
cost(28, 18, 220117).
cost(28, 19, 252569).
cost(28, 20, 248463).
cost(28, 21, 541097).
cost(28, 22, 455985).
cost(28, 23, 483009).
cost(28, 24, 255679).
cost(28, 25, 406337).
cost(28, 26, 94359).
cost(28, 27, 489298).
