dimension(28).
point(1, 120677.0, -170677.0).
point(2, -51268.0, 305963.0).
point(3, 147804.0, -56881.0).
point(4, -226933.0, -239324.0).
point(5, -319818.0, 81476.0).
point(6, -16406.0, -160016.0).
point(7, -366032.0, -201214.0).
point(8, 175516.0, 176135.0).
point(9, -9505.0, -212936.0).
point(10, 732.0, -34364.0).
point(11, 121353.0, -22350.0).
point(12, 21463.0, -295180.0).
point(13, -458083.0, 152021.0).
point(14, -279320.0, 188843.0).
point(15, 355055.0, 261403.0).
point(16, -87246.0, 116090.0).
point(17, -65308.0, -228281.0).
point(18, -30229.0, -203758.0).
point(19, -377110.0, -94886.0).
point(20, 261934.0, -133661.0).
point(21, 52876.0, 319827.0).
point(22, -55135.0, -210150.0).
point(23, 135475.0, 165999.0).
point(24, 20539.0, -148069.0).
point(25, -161427.0, -17894.0).
point(26, -4730.0, -151963.0).
point(27, -347357.0, -154353.0).
point(28, -49825.0, -40727.0).
cost(1, 2, 506706).
cost(1, 3, 116985).
cost(1, 4, 354323).
cost(1, 5, 507560).
cost(1, 6, 137497).
cost(1, 7, 487666).
cost(1, 8, 351121).
cost(1, 9, 136869).
cost(1, 10, 181571).
cost(1, 11, 148329).
cost(1, 12, 159199).
cost(1, 13, 662644).
cost(1, 14, 537822).
cost(1, 15, 491555).
cost(1, 16, 354214).
cost(1, 17, 194701).
cost(1, 18, 154489).
cost(1, 19, 503524).
cost(1, 20, 146026).
cost(1, 21, 495168).
cost(1, 22, 180189).
cost(1, 23, 337001).
cost(1, 24, 102658).
cost(1, 25, 320820).
cost(1, 26, 126796).
cost(1, 27, 468319).
cost(1, 28, 214378).
cost(2, 1, 506706).
cost(2, 3, 413866).
cost(2, 4, 572884).
cost(2, 5, 350019).
cost(2, 6, 467281).
cost(2, 7, 596913).
cost(2, 8, 261316).
cost(2, 9, 520577).
cost(2, 10, 344277).
cost(2, 11, 370928).
cost(2, 12, 605527).
cost(2, 13, 434967).
cost(2, 14, 256369).
cost(2, 15, 408759).
cost(2, 16, 193252).
cost(2, 17, 534428).
cost(2, 18, 510155).
cost(2, 19, 516578).
cost(2, 20, 539782).
cost(2, 21, 105063).
cost(2, 22, 516127).
cost(2, 23, 233373).
cost(2, 24, 459675).
cost(2, 25, 342079).
cost(2, 26, 460285).
cost(2, 27, 547320).
cost(2, 28, 346693).
cost(3, 1, 116985).
cost(3, 2, 413866).
cost(3, 4, 416789).
cost(3, 5, 487661).
cost(3, 6, 193912).
cost(3, 7, 533722).
cost(3, 8, 234658).
cost(3, 9, 221584).
cost(3, 10, 148786).
cost(3, 11, 43498).
cost(3, 12, 269719).
cost(3, 13, 640889).
cost(3, 14, 492763).
cost(3, 15, 379813).
cost(3, 16, 291835).
cost(3, 17, 273486).
cost(3, 18, 230800).
cost(3, 19, 526288).
cost(3, 20, 137553).
cost(3, 21, 388485).
cost(3, 22, 254314).
cost(3, 23, 223221).
cost(3, 24, 156562).
cost(3, 25, 311679).
cost(3, 26, 179742).
cost(3, 27, 504663).
cost(3, 28, 198288).
cost(4, 1, 354323).
cost(4, 2, 572884).
cost(4, 3, 416789).
cost(4, 5, 333976).
cost(4, 6, 224970).
cost(4, 7, 144225).
cost(4, 8, 578421).
cost(4, 9, 219023).
cost(4, 10, 306333).
cost(4, 11, 410342).
cost(4, 12, 254599).
cost(4, 13, 454512).
cost(4, 14, 431360).
cost(4, 15, 767748).
cost(4, 16, 381879).
cost(4, 17, 162002).
cost(4, 18, 199893).
cost(4, 19, 208364).
cost(4, 20, 500156).
cost(4, 21, 625254).
cost(4, 22, 174257).
cost(4, 23, 543715).
cost(4, 24, 263761).
cost(4, 25, 230916).
cost(4, 26, 238760).
cost(4, 27, 147384).
cost(4, 28, 266098).
cost(5, 1, 507560).
cost(5, 2, 350019).
cost(5, 3, 487661).
cost(5, 4, 333976).
cost(5, 6, 387785).
cost(5, 7, 286443).
cost(5, 8, 504298).
cost(5, 9, 427753).
cost(5, 10, 340839).
cost(5, 11, 453224).
cost(5, 12, 508274).
cost(5, 13, 155222).
cost(5, 14, 114751).
cost(5, 15, 698446).
cost(5, 16, 235134).
cost(5, 17, 400905).
cost(5, 18, 406473).
cost(5, 19, 185434).
cost(5, 20, 620257).
cost(5, 21, 442394).
cost(5, 22, 393831).
cost(5, 23, 463072).
cost(5, 24, 410529).
cost(5, 25, 186982).
cost(5, 26, 392141).
cost(5, 27, 237431).
cost(5, 28, 296361).
cost(6, 1, 137497).
cost(6, 2, 467281).
cost(6, 3, 193912).
cost(6, 4, 224970).
cost(6, 5, 387785).
cost(6, 7, 352045).
cost(6, 8, 387081).
cost(6, 9, 53368).
cost(6, 10, 126815).
cost(6, 11, 194755).
cost(6, 12, 140369).
cost(6, 13, 540782).
cost(6, 14, 436837).
cost(6, 15, 561763).
cost(6, 16, 285049).
cost(6, 17, 83973).
cost(6, 18, 45874).
cost(6, 19, 366537).
cost(6, 20, 279585).
cost(6, 21, 484819).
cost(6, 22, 63351).
cost(6, 23, 359658).
cost(6, 24, 38829).
cost(6, 25, 203051).
cost(6, 26, 14184).
cost(6, 27, 330999).
cost(6, 28, 123882).
cost(7, 1, 487666).
cost(7, 2, 596913).
cost(7, 3, 533722).
cost(7, 4, 144225).
cost(7, 5, 286443).
cost(7, 6, 352045).
cost(7, 8, 660050).
cost(7, 9, 356720).
cost(7, 10, 402933).
cost(7, 11, 519169).
cost(7, 12, 398725).
cost(7, 13, 365032).
cost(7, 14, 399579).
cost(7, 15, 856727).
cost(7, 16, 422378).
cost(7, 17, 301940).
cost(7, 18, 335813).
cost(7, 19, 106904).
cost(7, 20, 631589).
cost(7, 21, 668556).
cost(7, 22, 311025).
cost(7, 23, 621574).
cost(7, 24, 390207).
cost(7, 25, 274717).
cost(7, 26, 364643).
cost(7, 27, 50445).
cost(7, 28, 354603).
cost(8, 1, 351121).
cost(8, 2, 261316).
cost(8, 3, 234658).
cost(8, 4, 578421).
cost(8, 5, 504298).
cost(8, 6, 387081).
cost(8, 7, 660050).
cost(8, 9, 430824).
cost(8, 10, 273604).
cost(8, 11, 205742).
cost(8, 12, 495853).
cost(8, 13, 634058).
cost(8, 14, 455013).
cost(8, 15, 198758).
cost(8, 16, 269535).
cost(8, 17, 470689).
cost(8, 18, 432030).
cost(8, 19, 615506).
cost(8, 20, 321623).
cost(8, 21, 188913).
cost(8, 22, 449907).
cost(8, 23, 41304).
cost(8, 24, 359341).
cost(8, 25, 388816).
cost(8, 26, 374349).
cost(8, 27, 618562).
cost(8, 28, 312742).
cost(9, 1, 136869).
cost(9, 2, 520577).
cost(9, 3, 221584).
cost(9, 4, 219023).
cost(9, 5, 427753).
cost(9, 6, 53368).
cost(9, 7, 356720).
cost(9, 8, 430824).
cost(9, 10, 178865).
cost(9, 11, 231186).
cost(9, 12, 87881).
cost(9, 13, 578287).
cost(9, 14, 483970).
cost(9, 15, 598249).
cost(9, 16, 338085).
cost(9, 17, 57874).
cost(9, 18, 22665).
cost(9, 19, 386095).
cost(9, 20, 282778).
cost(9, 21, 536403).
cost(9, 22, 45715).
cost(9, 23, 405723).
cost(9, 24, 71487).
cost(9, 25, 247228).
cost(9, 26, 61160).
cost(9, 27, 342893).
cost(9, 28, 176866).
cost(10, 1, 181571).
cost(10, 2, 344277).
cost(10, 3, 148786).
cost(10, 4, 306333).
cost(10, 5, 340839).
cost(10, 6, 126815).
cost(10, 7, 402933).
cost(10, 8, 273604).
cost(10, 9, 178865).
cost(10, 11, 121218).
cost(10, 12, 261639).
cost(10, 13, 495228).
cost(10, 14, 358121).
cost(10, 15, 461544).
cost(10, 16, 174289).
cost(10, 17, 204854).
cost(10, 18, 172200).
cost(10, 19, 382658).
cost(10, 20, 279439).
cost(10, 21, 358009).
cost(10, 22, 184450).
cost(10, 23, 241456).
cost(10, 24, 115417).
cost(10, 25, 162993).
cost(10, 26, 117726).
cost(10, 27, 368189).
cost(10, 28, 50956).
cost(11, 1, 148329).
cost(11, 2, 370928).
cost(11, 3, 43498).
cost(11, 4, 410342).
cost(11, 5, 453224).
cost(11, 6, 194755).
cost(11, 7, 519169).
cost(11, 8, 205742).
cost(11, 9, 231186).
cost(11, 10, 121218).
cost(11, 12, 290541).
cost(11, 13, 605104).
cost(11, 14, 452925).
cost(11, 15, 367604).
cost(11, 16, 250358).
cost(11, 17, 277939).
cost(11, 18, 236402).
cost(11, 19, 503713).
cost(11, 20, 179313).
cost(11, 21, 348962).
cost(11, 22, 257715).
cost(11, 23, 188878).
cost(11, 24, 161148).
cost(11, 25, 282815).
cost(11, 26, 180822).
cost(11, 27, 486943).
cost(11, 28, 172162).
cost(12, 1, 159199).
cost(12, 2, 605527).
cost(12, 3, 269719).
cost(12, 4, 254599).
cost(12, 5, 508274).
cost(12, 6, 140369).
cost(12, 7, 398725).
cost(12, 8, 495853).
cost(12, 9, 87881).
cost(12, 10, 261639).
cost(12, 11, 290541).
cost(12, 13, 655708).
cost(12, 14, 569867).
cost(12, 15, 648898).
cost(12, 16, 425395).
cost(12, 17, 109566).
cost(12, 18, 105024).
cost(12, 19, 446070).
cost(12, 20, 289680).
cost(12, 21, 615809).
cost(12, 22, 114444).
cost(12, 23, 475063).
cost(12, 24, 147114).
cost(12, 25, 332169).
cost(12, 26, 145593).
cost(12, 27, 394792).
cost(12, 28, 264250).
cost(13, 1, 662644).
cost(13, 2, 434967).
cost(13, 3, 640889).
cost(13, 4, 454512).
cost(13, 5, 155222).
cost(13, 6, 540782).
cost(13, 7, 365032).
cost(13, 8, 634058).
cost(13, 9, 578287).
cost(13, 10, 495228).
cost(13, 11, 605104).
cost(13, 12, 655708).
cost(13, 14, 182516).
cost(13, 15, 820462).
cost(13, 16, 372574).
cost(13, 17, 546719).
cost(13, 18, 556451).
cost(13, 19, 259846).
cost(13, 20, 774622).
cost(13, 21, 537808).
cost(13, 22, 541789).
cost(13, 23, 593723).
cost(13, 24, 564919).
cost(13, 25, 341871).
cost(13, 26, 545834).
cost(13, 27, 325769).
cost(13, 28, 451471).
cost(14, 1, 537822).
cost(14, 2, 256369).
cost(14, 3, 492763).
cost(14, 4, 431360).
cost(14, 5, 114751).
cost(14, 6, 436837).
cost(14, 7, 399579).
cost(14, 8, 455013).
cost(14, 9, 483970).
cost(14, 10, 358121).
cost(14, 11, 452925).
cost(14, 12, 569867).
cost(14, 13, 182516).
cost(14, 15, 638511).
cost(14, 16, 205391).
cost(14, 17, 468821).
cost(14, 18, 464954).
cost(14, 19, 300108).
cost(14, 20, 630051).
cost(14, 21, 357087).
cost(14, 22, 457662).
cost(14, 23, 415424).
cost(14, 24, 451027).
cost(14, 25, 237989).
cost(14, 26, 437662).
cost(14, 27, 349875).
cost(14, 28, 324608).
cost(15, 1, 491555).
cost(15, 2, 408759).
cost(15, 3, 379813).
cost(15, 4, 767748).
cost(15, 5, 698446).
cost(15, 6, 561763).
cost(15, 7, 856727).
cost(15, 8, 198758).
cost(15, 9, 598249).
cost(15, 10, 461544).
cost(15, 11, 367604).
cost(15, 12, 648898).
cost(15, 13, 820462).
cost(15, 14, 638511).
cost(15, 16, 465560).
cost(15, 17, 645365).
cost(15, 18, 604002).
cost(15, 19, 814253).
cost(15, 20, 405890).
cost(15, 21, 307775).
cost(15, 22, 624994).
cost(15, 23, 239410).
cost(15, 24, 528742).
cost(15, 25, 587163).
cost(15, 26, 548012).
cost(15, 27, 816233).
cost(15, 28, 505183).
cost(16, 1, 354214).
cost(16, 2, 193252).
cost(16, 3, 291835).
cost(16, 4, 381879).
cost(16, 5, 235134).
cost(16, 6, 285049).
cost(16, 7, 422378).
cost(16, 8, 269535).
cost(16, 9, 338085).
cost(16, 10, 174289).
cost(16, 11, 250358).
cost(16, 12, 425395).
cost(16, 13, 372574).
cost(16, 14, 205391).
cost(16, 15, 465560).
cost(16, 17, 345069).
cost(16, 18, 324890).
cost(16, 19, 358514).
cost(16, 20, 429304).
cost(16, 21, 247271).
cost(16, 22, 327816).
cost(16, 23, 228245).
cost(16, 24, 285303).
cost(16, 25, 153149).
cost(16, 26, 280466).
cost(16, 27, 375229).
cost(16, 28, 161220).
cost(17, 1, 194701).
cost(17, 2, 534428).
cost(17, 3, 273486).
cost(17, 4, 162002).
cost(17, 5, 400905).
cost(17, 6, 83973).
cost(17, 7, 301940).
cost(17, 8, 470689).
cost(17, 9, 57874).
cost(17, 10, 204854).
cost(17, 11, 277939).
cost(17, 12, 109566).
cost(17, 13, 546719).
cost(17, 14, 468821).
cost(17, 15, 645365).
cost(17, 16, 345069).
cost(17, 18, 42801).
cost(17, 19, 339138).
cost(17, 20, 340647).
cost(17, 21, 560705).
cost(17, 22, 20790).
cost(17, 23, 442460).
cost(17, 24, 117489).
cost(17, 25, 231304).
cost(17, 26, 97438).
cost(17, 27, 291577).
cost(17, 28, 188192).
cost(18, 1, 154489).
cost(18, 2, 510155).
cost(18, 3, 230800).
cost(18, 4, 199893).
cost(18, 5, 406473).
cost(18, 6, 45874).
cost(18, 7, 335813).
cost(18, 8, 432030).
cost(18, 9, 22665).
cost(18, 10, 172200).
cost(18, 11, 236402).
cost(18, 12, 105024).
cost(18, 13, 556451).
cost(18, 14, 464954).
cost(18, 15, 604002).
cost(18, 16, 324890).
cost(18, 17, 42801).
cost(18, 19, 363565).
cost(18, 20, 300454).
cost(18, 21, 530139).
cost(18, 22, 25713).
cost(18, 23, 405189).
cost(18, 24, 75357).
cost(18, 25, 227505).
cost(18, 26, 57731).
cost(18, 27, 320953).
cost(18, 28, 164204).
cost(19, 1, 503524).
cost(19, 2, 516578).
cost(19, 3, 526288).
cost(19, 4, 208364).
cost(19, 5, 185434).
cost(19, 6, 366537).
cost(19, 7, 106904).
cost(19, 8, 615506).
cost(19, 9, 386095).
cost(19, 10, 382658).
cost(19, 11, 503713).
cost(19, 12, 446070).
cost(19, 13, 259846).
cost(19, 14, 300108).
cost(19, 15, 814253).
cost(19, 16, 358514).
cost(19, 17, 339138).
cost(19, 18, 363565).
cost(19, 20, 640219).
cost(19, 21, 597390).
cost(19, 22, 341985).
cost(19, 23, 575156).
cost(19, 24, 401190).
cost(19, 25, 229013).
cost(19, 26, 376729).
cost(19, 27, 66495).
cost(19, 28, 331736).
cost(20, 1, 146026).
cost(20, 2, 539782).
cost(20, 3, 137553).
cost(20, 4, 500156).
cost(20, 5, 620257).
cost(20, 6, 279585).
cost(20, 7, 631589).
cost(20, 8, 321623).
cost(20, 9, 282778).
cost(20, 10, 279439).
cost(20, 11, 179313).
cost(20, 12, 289680).
cost(20, 13, 774622).
cost(20, 14, 630051).
cost(20, 15, 405890).
cost(20, 16, 429304).
cost(20, 17, 340647).
cost(20, 18, 300454).
cost(20, 19, 640219).
cost(20, 21, 499356).
cost(20, 22, 326165).
cost(20, 23, 325251).
cost(20, 24, 241825).
cost(20, 25, 438904).
cost(20, 26, 267291).
cost(20, 27, 609642).
cost(20, 28, 325316).
cost(21, 1, 495168).
cost(21, 2, 105063).
cost(21, 3, 388485).
cost(21, 4, 625254).
cost(21, 5, 442394).
cost(21, 6, 484819).
cost(21, 7, 668556).
cost(21, 8, 188913).
cost(21, 9, 536403).
cost(21, 10, 358009).
cost(21, 11, 348962).
cost(21, 12, 615809).
cost(21, 13, 537808).
cost(21, 14, 357087).
cost(21, 15, 307775).
cost(21, 16, 247271).
cost(21, 17, 560705).
cost(21, 18, 530139).
cost(21, 19, 597390).
cost(21, 20, 499356).
cost(21, 22, 540872).
cost(21, 23, 174601).
cost(21, 24, 469012).
cost(21, 25, 399977).
cost(21, 26, 475294).
cost(21, 27, 620510).
cost(21, 28, 374896).
cost(22, 1, 180189).
cost(22, 2, 516127).
cost(22, 3, 254314).
cost(22, 4, 174257).
cost(22, 5, 393831).
cost(22, 6, 63351).
cost(22, 7, 311025).
cost(22, 8, 449907).
cost(22, 9, 45715).
cost(22, 10, 184450).
cost(22, 11, 257715).
cost(22, 12, 114444).
cost(22, 13, 541789).
cost(22, 14, 457662).
cost(22, 15, 624994).
cost(22, 16, 327816).
cost(22, 17, 20790).
cost(22, 18, 25713).
cost(22, 19, 341985).
cost(22, 20, 326165).
cost(22, 21, 540872).
cost(22, 23, 421687).
cost(22, 24, 97881).
cost(22, 25, 219682).
cost(22, 26, 76983).
cost(22, 27, 297501).
cost(22, 28, 169506).
cost(23, 1, 337001).
cost(23, 2, 233373).
cost(23, 3, 223221).
cost(23, 4, 543715).
cost(23, 5, 463072).
cost(23, 6, 359658).
cost(23, 7, 621574).
cost(23, 8, 41304).
cost(23, 9, 405723).
cost(23, 10, 241456).
cost(23, 11, 188878).
cost(23, 12, 475063).
cost(23, 13, 593723).
cost(23, 14, 415424).
cost(23, 15, 239410).
cost(23, 16, 228245).
cost(23, 17, 442460).
cost(23, 18, 405189).
cost(23, 19, 575156).
cost(23, 20, 325251).
cost(23, 21, 174601).
cost(23, 22, 421687).
cost(23, 24, 334438).
cost(23, 25, 349238).
cost(23, 26, 347501).
cost(23, 27, 579441).
cost(23, 28, 277618).
cost(24, 1, 102658).
cost(24, 2, 459675).
cost(24, 3, 156562).
cost(24, 4, 263761).
cost(24, 5, 410529).
cost(24, 6, 38829).
cost(24, 7, 390207).
cost(24, 8, 359341).
cost(24, 9, 71487).
cost(24, 10, 115417).
cost(24, 11, 161148).
cost(24, 12, 147114).
cost(24, 13, 564919).
cost(24, 14, 451027).
cost(24, 15, 528742).
cost(24, 16, 285303).
cost(24, 17, 117489).
cost(24, 18, 75357).
cost(24, 19, 401190).
cost(24, 20, 241825).
cost(24, 21, 469012).
cost(24, 22, 97881).
cost(24, 23, 334438).
cost(24, 25, 223735).
cost(24, 26, 25567).
cost(24, 27, 367950).
cost(24, 28, 128349).
cost(25, 1, 320820).
cost(25, 2, 342079).
cost(25, 3, 311679).
cost(25, 4, 230916).
cost(25, 5, 186982).
cost(25, 6, 203051).
cost(25, 7, 274717).
cost(25, 8, 388816).
cost(25, 9, 247228).
cost(25, 10, 162993).
cost(25, 11, 282815).
cost(25, 12, 332169).
cost(25, 13, 341871).
cost(25, 14, 237989).
cost(25, 15, 587163).
cost(25, 16, 153149).
cost(25, 17, 231304).
cost(25, 18, 227505).
cost(25, 19, 229013).
cost(25, 20, 438904).
cost(25, 21, 399977).
cost(25, 22, 219682).
cost(25, 23, 349238).
cost(25, 24, 223735).
cost(25, 26, 206224).
cost(25, 27, 230632).
cost(25, 28, 113914).
cost(26, 1, 126796).
cost(26, 2, 460285).
cost(26, 3, 179742).
cost(26, 4, 238760).
cost(26, 5, 392141).
cost(26, 6, 14184).
cost(26, 7, 364643).
cost(26, 8, 374349).
cost(26, 9, 61160).
cost(26, 10, 117726).
cost(26, 11, 180822).
cost(26, 12, 145593).
cost(26, 13, 545834).
cost(26, 14, 437662).
cost(26, 15, 548012).
cost(26, 16, 280466).
cost(26, 17, 97438).
cost(26, 18, 57731).
cost(26, 19, 376729).
cost(26, 20, 267291).
cost(26, 21, 475294).
cost(26, 22, 76983).
cost(26, 23, 347501).
cost(26, 24, 25567).
cost(26, 25, 206224).
cost(26, 27, 342635).
cost(26, 28, 120029).
cost(27, 1, 468319).
cost(27, 2, 547320).
cost(27, 3, 504663).
cost(27, 4, 147384).
cost(27, 5, 237431).
cost(27, 6, 330999).
cost(27, 7, 50445).
cost(27, 8, 618562).
cost(27, 9, 342893).
cost(27, 10, 368189).
cost(27, 11, 486943).
cost(27, 12, 394792).
cost(27, 13, 325769).
cost(27, 14, 349875).
cost(27, 15, 816233).
cost(27, 16, 375229).
cost(27, 17, 291577).
cost(27, 18, 320953).
cost(27, 19, 66495).
cost(27, 20, 609642).
cost(27, 21, 620510).
cost(27, 22, 297501).
cost(27, 23, 579441).
cost(27, 24, 367950).
cost(27, 25, 230632).
cost(27, 26, 342635).
cost(27, 28, 318490).
cost(28, 1, 214378).
cost(28, 2, 346693).
cost(28, 3, 198288).
cost(28, 4, 266098).
cost(28, 5, 296361).
cost(28, 6, 123882).
cost(28, 7, 354603).
cost(28, 8, 312742).
cost(28, 9, 176866).
cost(28, 10, 50956).
cost(28, 11, 172162).
cost(28, 12, 264250).
cost(28, 13, 451471).
cost(28, 14, 324608).
cost(28, 15, 505183).
cost(28, 16, 161220).
cost(28, 17, 188192).
cost(28, 18, 164204).
cost(28, 19, 331736).
cost(28, 20, 325316).
cost(28, 21, 374896).
cost(28, 22, 169506).
cost(28, 23, 277618).
cost(28, 24, 128349).
cost(28, 25, 113914).
cost(28, 26, 120029).
cost(28, 27, 318490).
