dimension(16).
point(1, 797517.0, 173948.0).
point(2, 880140.0, 682535.0).
point(3, 390634.0, 664426.0).
point(4, 688253.0, 780117.0).
point(5, 330270.0, 823990.0).
point(6, 821952.0, 334380.0).
point(7, 390702.0, 797652.0).
point(8, 533664.0, 23775.0).
point(9, 614815.0, 824750.0).
point(10, 388273.0, 17724.0).
point(11, 995203.0, 582941.0).
point(12, 869100.0, 983626.0).
point(13, 844494.0, 801657.0).
point(14, 371160.0, 512074.0).
point(15, 227626.0, 747832.0).
point(16, 704962.0, 285102.0).
cost(1, 2, 515255).
cost(1, 3, 637277).
cost(1, 4, 615938).
cost(1, 5, 800546).
cost(1, 6, 162282).
cost(1, 7, 744651).
cost(1, 8, 303596).
cost(1, 9, 675961).
cost(1, 10, 438049).
cost(1, 11, 454263).
cost(1, 12, 812836).
cost(1, 13, 629464).
cost(1, 14, 544159).
cost(1, 15, 808776).
cost(1, 16, 144643).
cost(2, 1, 515255).
cost(2, 3, 489841).
cost(2, 4, 215274).
cost(2, 5, 567773).
cost(2, 6, 352984).
cost(2, 7, 502794).
cost(2, 8, 744319).
cost(2, 9, 301036).
cost(2, 10, 826987).
cost(2, 11, 152179).
cost(2, 12, 301293).
cost(2, 13, 124341).
cost(2, 14, 536766).
cost(2, 15, 655773).
cost(2, 16, 434327).
cost(3, 1, 637277).
cost(3, 2, 489841).
cost(3, 4, 319314).
cost(3, 5, 170600).
cost(3, 6, 543107).
cost(3, 7, 133226).
cost(3, 8, 656423).
cost(3, 9, 275610).
cost(3, 10, 646706).
cost(3, 11, 610036).
cost(3, 12, 575168).
cost(3, 13, 474153).
cost(3, 14, 153592).
cost(3, 15, 183107).
cost(3, 16, 492635).
cost(4, 1, 615938).
cost(4, 2, 215274).
cost(4, 3, 319314).
cost(4, 5, 360661).
cost(4, 6, 465357).
cost(4, 7, 298067).
cost(4, 8, 771979).
cost(4, 9, 85937).
cost(4, 10, 819287).
cost(4, 11, 364824).
cost(4, 12, 272253).
cost(4, 13, 157719).
cost(4, 14, 415205).
cost(4, 15, 461757).
cost(4, 16, 495297).
cost(5, 1, 800546).
cost(5, 2, 567773).
cost(5, 3, 170600).
cost(5, 4, 360661).
cost(5, 6, 693880).
cost(5, 7, 65922).
cost(5, 8, 825659).
cost(5, 9, 284546).
cost(5, 10, 808350).
cost(5, 11, 707277).
cost(5, 12, 561980).
cost(5, 13, 514709).
cost(5, 14, 314585).
cost(5, 15, 127812).
cost(5, 16, 656349).
cost(6, 1, 162282).
cost(6, 2, 352984).
cost(6, 3, 543107).
cost(6, 4, 465357).
cost(6, 5, 693880).
cost(6, 7, 632928).
cost(6, 8, 423775).
cost(6, 9, 532324).
cost(6, 10, 536981).
cost(6, 11, 302983).
cost(6, 12, 650956).
cost(6, 13, 467820).
cost(6, 14, 484550).
cost(6, 15, 723993).
cost(6, 16, 126945).
cost(7, 1, 744651).
cost(7, 2, 502794).
cost(7, 3, 133226).
cost(7, 4, 298067).
cost(7, 5, 65922).
cost(7, 6, 632928).
cost(7, 8, 786971).
cost(7, 9, 225745).
cost(7, 10, 779932).
cost(7, 11, 641500).
cost(7, 12, 513275).
cost(7, 13, 453810).
cost(7, 14, 286246).
cost(7, 15, 170516).
cost(7, 16, 601221).
cost(8, 1, 303596).
cost(8, 2, 744319).
cost(8, 3, 656423).
cost(8, 4, 771979).
cost(8, 5, 825659).
cost(8, 6, 423775).
cost(8, 7, 786971).
cost(8, 9, 805075).
cost(8, 10, 145517).
cost(8, 11, 725041).
cost(8, 12, 1016775).
cost(8, 13, 837685).
cost(8, 14, 514629).
cost(8, 15, 786077).
cost(8, 16, 312466).
cost(9, 1, 675961).
cost(9, 2, 301036).
cost(9, 3, 275610).
cost(9, 4, 85937).
cost(9, 5, 284546).
cost(9, 6, 532324).
cost(9, 7, 225745).
cost(9, 8, 805075).
cost(9, 10, 838220).
cost(9, 11, 450740).
cost(9, 12, 299837).
cost(9, 13, 230837).
cost(9, 14, 396401).
cost(9, 15, 394755).
cost(9, 16, 547126).
cost(10, 1, 438049).
cost(10, 2, 826987).
cost(10, 3, 646706).
cost(10, 4, 819287).
cost(10, 5, 808350).
cost(10, 6, 536981).
cost(10, 7, 779932).
cost(10, 8, 145517).
cost(10, 9, 838220).
cost(10, 11, 829358).
cost(10, 12, 1078963).
cost(10, 13, 907022).
cost(10, 14, 494646).
cost(10, 15, 747573).
cost(10, 16, 414467).
cost(11, 1, 454263).
cost(11, 2, 152179).
cost(11, 3, 610036).
cost(11, 4, 364824).
cost(11, 5, 707277).
cost(11, 6, 302983).
cost(11, 7, 641500).
cost(11, 8, 725041).
cost(11, 9, 450740).
cost(11, 10, 829358).
cost(11, 12, 420060).
cost(11, 13, 265612).
cost(11, 14, 628054).
cost(11, 15, 785088).
cost(11, 16, 415870).
cost(12, 1, 812836).
cost(12, 2, 301293).
cost(12, 3, 575168).
cost(12, 4, 272253).
cost(12, 5, 561980).
cost(12, 6, 650956).
cost(12, 7, 513275).
cost(12, 8, 1016775).
cost(12, 9, 299837).
cost(12, 10, 1078963).
cost(12, 11, 420060).
cost(12, 13, 183625).
cost(12, 14, 685788).
cost(12, 15, 683438).
cost(12, 16, 717549).
cost(13, 1, 629464).
cost(13, 2, 124341).
cost(13, 3, 474153).
cost(13, 4, 157719).
cost(13, 5, 514709).
cost(13, 6, 467820).
cost(13, 7, 453810).
cost(13, 8, 837685).
cost(13, 9, 230837).
cost(13, 10, 907022).
cost(13, 11, 265612).
cost(13, 12, 183625).
cost(13, 14, 554890).
cost(13, 15, 619212).
cost(13, 16, 535068).
cost(14, 1, 544159).
cost(14, 2, 536766).
cost(14, 3, 153592).
cost(14, 4, 415205).
cost(14, 5, 314585).
cost(14, 6, 484550).
cost(14, 7, 286246).
cost(14, 8, 514629).
cost(14, 9, 396401).
cost(14, 10, 494646).
cost(14, 11, 628054).
cost(14, 12, 685788).
cost(14, 13, 554890).
cost(14, 15, 276014).
cost(14, 16, 403658).
cost(15, 1, 808776).
cost(15, 2, 655773).
cost(15, 3, 183107).
cost(15, 4, 461757).
cost(15, 5, 127812).
cost(15, 6, 723993).
cost(15, 7, 170516).
cost(15, 8, 786077).
cost(15, 9, 394755).
cost(15, 10, 747573).
cost(15, 11, 785088).
cost(15, 12, 683438).
cost(15, 13, 619212).
cost(15, 14, 276014).
cost(15, 16, 664807).
cost(16, 1, 144643).
cost(16, 2, 434327).
cost(16, 3, 492635).
cost(16, 4, 495297).
cost(16, 5, 656349).
cost(16, 6, 126945).
cost(16, 7, 601221).
cost(16, 8, 312466).
cost(16, 9, 547126).
cost(16, 10, 414467).
cost(16, 11, 415870).
cost(16, 12, 717549).
cost(16, 13, 535068).
cost(16, 14, 403658).
cost(16, 15, 664807).
nocross(1,11).
nocross(1,14).
nocross(2,11).
nocross(3,9).
nocross(5,9).
nocross(6,2).
nocross(6,14).
nocross(7,9).
nocross(7,14).
nocross(8,6).
nocross(9,6).
nocross(10,14).
nocross(12,4).
nocross(12,9).
nocross(12,11).
nocross(13,4).
nocross(13,6).
nocross(13,9).
nocross(14,9).
nocross(15,7).
nocross(15,9).
nocross(16,14).
