dimension(16).
point(1, 18990.0, 574941.0).
point(2, 766688.0, 761213.0).
point(3, 972089.0, 156829.0).
point(4, 523324.0, 587468.0).
point(5, 35225.0, 224908.0).
point(6, 7406.0, 75761.0).
point(7, 255812.0, 497977.0).
point(8, 325390.0, 198600.0).
point(9, 352086.0, 778976.0).
point(10, 83438.0, 64154.0).
point(11, 234683.0, 914966.0).
point(12, 173916.0, 171234.0).
point(13, 247990.0, 383456.0).
point(14, 340982.0, 631964.0).
point(15, 233285.0, 697453.0).
point(16, 757714.0, 38104.0).
cost(1, 2, 770551).
cost(1, 3, 1040776).
cost(1, 4, 504490).
cost(1, 5, 350409).
cost(1, 6, 499314).
cost(1, 7, 249014).
cost(1, 8, 485297).
cost(1, 9, 390619).
cost(1, 10, 514837).
cost(1, 11, 402667).
cost(1, 12, 432413).
cost(1, 13, 298509).
cost(1, 14, 327002).
cost(1, 15, 246843).
cost(1, 16, 913185).
cost(2, 1, 770551).
cost(2, 3, 638333).
cost(2, 4, 299021).
cost(2, 5, 907007).
cost(2, 6, 1022914).
cost(2, 7, 574706).
cost(2, 8, 715037).
cost(2, 9, 414982).
cost(2, 10, 976075).
cost(2, 11, 553777).
cost(2, 12, 836334).
cost(2, 13, 641676).
cost(2, 14, 444894).
cost(2, 15, 537200).
cost(2, 16, 723165).
cost(3, 1, 1040776).
cost(3, 2, 638333).
cost(3, 4, 621965).
cost(3, 5, 939334).
cost(3, 6, 968083).
cost(3, 7, 793369).
cost(3, 8, 648047).
cost(3, 9, 878334).
cost(3, 10, 893470).
cost(3, 11, 1057610).
cost(3, 12, 798303).
cost(3, 13, 758735).
cost(3, 14, 789968).
cost(3, 15, 915481).
cost(3, 16, 245056).
cost(4, 1, 504490).
cost(4, 2, 299021).
cost(4, 3, 621965).
cost(4, 5, 608022).
cost(4, 6, 726647).
cost(4, 7, 282084).
cost(4, 8, 436344).
cost(4, 9, 256900).
cost(4, 10, 683635).
cost(4, 11, 436542).
cost(4, 12, 543449).
cost(4, 13, 342680).
cost(4, 14, 187693).
cost(4, 15, 310192).
cost(4, 16, 597277).
cost(5, 1, 350409).
cost(5, 2, 907007).
cost(5, 3, 939334).
cost(5, 4, 608022).
cost(5, 6, 151719).
cost(5, 7, 351035).
cost(5, 8, 291355).
cost(5, 9, 638273).
cost(5, 10, 167828).
cost(5, 11, 718306).
cost(5, 12, 148715).
cost(5, 13, 265342).
cost(5, 14, 509099).
cost(5, 15, 512373).
cost(5, 16, 746248).
cost(6, 1, 499314).
cost(6, 2, 1022914).
cost(6, 3, 968083).
cost(6, 4, 726647).
cost(6, 5, 151719).
cost(6, 7, 489869).
cost(6, 8, 340886).
cost(6, 9, 783145).
cost(6, 10, 76913).
cost(6, 11, 869437).
cost(6, 12, 191939).
cost(6, 13, 390585).
cost(6, 14, 648564).
cost(6, 15, 661455).
cost(6, 16, 751252).
cost(7, 1, 249014).
cost(7, 2, 574706).
cost(7, 3, 793369).
cost(7, 4, 282084).
cost(7, 5, 351035).
cost(7, 6, 489869).
cost(7, 8, 307356).
cost(7, 9, 297034).
cost(7, 10, 466814).
cost(7, 11, 417524).
cost(7, 12, 336850).
cost(7, 13, 114788).
cost(7, 14, 158765).
cost(7, 15, 200744).
cost(7, 16, 680727).
cost(8, 1, 485297).
cost(8, 2, 715037).
cost(8, 3, 648047).
cost(8, 4, 436344).
cost(8, 5, 291355).
cost(8, 6, 340886).
cost(8, 7, 307356).
cost(8, 9, 580990).
cost(8, 10, 276797).
cost(8, 11, 722086).
cost(8, 12, 153926).
cost(8, 13, 200406).
cost(8, 14, 433644).
cost(8, 15, 507285).
cost(8, 16, 461154).
cost(9, 1, 390619).
cost(9, 2, 414982).
cost(9, 3, 878334).
cost(9, 4, 256900).
cost(9, 5, 638273).
cost(9, 6, 783145).
cost(9, 7, 297034).
cost(9, 8, 580990).
cost(9, 10, 763638).
cost(9, 11, 179657).
cost(9, 12, 633321).
cost(9, 13, 408989).
cost(9, 14, 147431).
cost(9, 15, 144082).
cost(9, 16, 844645).
cost(10, 1, 514837).
cost(10, 2, 976075).
cost(10, 3, 893470).
cost(10, 4, 683635).
cost(10, 5, 167828).
cost(10, 6, 76913).
cost(10, 7, 466814).
cost(10, 8, 276797).
cost(10, 9, 763638).
cost(10, 11, 864151).
cost(10, 12, 140187).
cost(10, 13, 359209).
cost(10, 14, 623488).
cost(10, 15, 650785).
cost(10, 16, 674779).
cost(11, 1, 402667).
cost(11, 2, 553777).
cost(11, 3, 1057610).
cost(11, 4, 436542).
cost(11, 5, 718306).
cost(11, 6, 869437).
cost(11, 7, 417524).
cost(11, 8, 722086).
cost(11, 9, 179657).
cost(11, 10, 864151).
cost(11, 12, 746210).
cost(11, 13, 531677).
cost(11, 14, 302307).
cost(11, 15, 217517).
cost(11, 16, 1021004).
cost(12, 1, 432413).
cost(12, 2, 836334).
cost(12, 3, 798303).
cost(12, 4, 543449).
cost(12, 5, 148715).
cost(12, 6, 191939).
cost(12, 7, 336850).
cost(12, 8, 153926).
cost(12, 9, 633321).
cost(12, 10, 140187).
cost(12, 11, 746210).
cost(12, 13, 224778).
cost(12, 14, 490085).
cost(12, 15, 529557).
cost(12, 16, 598785).
cost(13, 1, 298509).
cost(13, 2, 641676).
cost(13, 3, 758735).
cost(13, 4, 342680).
cost(13, 5, 265342).
cost(13, 6, 390585).
cost(13, 7, 114788).
cost(13, 8, 200406).
cost(13, 9, 408989).
cost(13, 10, 359209).
cost(13, 11, 531677).
cost(13, 12, 224778).
cost(13, 14, 265337).
cost(13, 15, 314341).
cost(13, 16, 615700).
cost(14, 1, 327002).
cost(14, 2, 444894).
cost(14, 3, 789968).
cost(14, 4, 187693).
cost(14, 5, 509099).
cost(14, 6, 648564).
cost(14, 7, 158765).
cost(14, 8, 433644).
cost(14, 9, 147431).
cost(14, 10, 623488).
cost(14, 11, 302307).
cost(14, 12, 490085).
cost(14, 13, 265337).
cost(14, 15, 126045).
cost(14, 16, 725490).
cost(15, 1, 246843).
cost(15, 2, 537200).
cost(15, 3, 915481).
cost(15, 4, 310192).
cost(15, 5, 512373).
cost(15, 6, 661455).
cost(15, 7, 200744).
cost(15, 8, 507285).
cost(15, 9, 144082).
cost(15, 10, 650785).
cost(15, 11, 217517).
cost(15, 12, 529557).
cost(15, 13, 314341).
cost(15, 14, 126045).
cost(15, 16, 842477).
cost(16, 1, 913185).
cost(16, 2, 723165).
cost(16, 3, 245056).
cost(16, 4, 597277).
cost(16, 5, 746248).
cost(16, 6, 751252).
cost(16, 7, 680727).
cost(16, 8, 461154).
cost(16, 9, 844645).
cost(16, 10, 674779).
cost(16, 11, 1021004).
cost(16, 12, 598785).
cost(16, 13, 615700).
cost(16, 14, 725490).
cost(16, 15, 842477).
nocross(1,7).
nocross(1,11).
nocross(2,3).
nocross(2,4).
nocross(2,8).
nocross(3,2).
nocross(3,8).
nocross(4,7).
nocross(4,8).
nocross(4,13).
nocross(4,16).
nocross(5,1).
nocross(5,6).
nocross(5,7).
nocross(6,16).
nocross(7,1).
nocross(7,4).
nocross(7,14).
nocross(8,4).
nocross(8,7).
nocross(8,10).
nocross(8,13).
nocross(8,16).
nocross(9,4).
nocross(9,7).
nocross(9,11).
nocross(9,14).
nocross(10,1).
nocross(10,8).
nocross(10,12).
nocross(10,16).
nocross(11,1).
nocross(11,2).
nocross(11,7).
nocross(11,15).
nocross(12,1).
nocross(12,7).
nocross(12,8).
nocross(12,10).
nocross(13,1).
nocross(13,6).
nocross(13,7).
nocross(13,12).
nocross(13,16).
nocross(14,1).
nocross(14,7).
nocross(14,8).
nocross(14,15).
nocross(15,1).
nocross(15,4).
nocross(15,7).
nocross(15,11).
nocross(16,3).
nocross(16,4).
nocross(16,7).
nocross(16,8).
