dimension(16).
point(1, 310938.0, 549569.0).
point(2, 934232.0, 356709.0).
point(3, 379044.0, 972178.0).
point(4, 460173.0, 909711.0).
point(5, 770867.0, 699563.0).
point(6, 937861.0, 47743.0).
point(7, 681396.0, 360355.0).
point(8, 528493.0, 883040.0).
point(9, 825609.0, 46141.0).
point(10, 197751.0, 546743.0).
point(11, 144878.0, 40457.0).
point(12, 59610.0, 725881.0).
point(13, 721679.0, 790281.0).
point(14, 727299.0, 462006.0).
point(15, 731163.0, 716345.0).
point(16, 237932.0, 130728.0).
cost(1, 2, 652450).
cost(1, 3, 428062).
cost(1, 4, 389838).
cost(1, 5, 483769).
cost(1, 6, 803033).
cost(1, 7, 415982).
cost(1, 8, 398162).
cost(1, 9, 719949).
cost(1, 10, 113222).
cost(1, 11, 535510).
cost(1, 12, 307004).
cost(1, 13, 476078).
cost(1, 14, 425469).
cost(1, 15, 452110).
cost(1, 16, 425156).
cost(2, 1, 652450).
cost(2, 3, 828876).
cost(2, 4, 728384).
cost(2, 5, 379785).
cost(2, 6, 308987).
cost(2, 7, 252862).
cost(2, 8, 664566).
cost(2, 9, 329016).
cost(2, 10, 760603).
cost(2, 11, 850350).
cost(2, 12, 949343).
cost(2, 13, 482870).
cost(2, 14, 232183).
cost(2, 15, 413007).
cost(2, 16, 732053).
cost(3, 1, 428062).
cost(3, 2, 828876).
cost(3, 4, 102392).
cost(3, 5, 477330).
cost(3, 6, 1080211).
cost(3, 7, 682454).
cost(3, 8, 174013).
cost(3, 9, 1028088).
cost(3, 10, 462452).
cost(3, 11, 960696).
cost(3, 12, 403361).
cost(3, 13, 387924).
cost(3, 14, 617703).
cost(3, 15, 435245).
cost(3, 16, 853200).
cost(4, 1, 389838).
cost(4, 2, 728384).
cost(4, 3, 102392).
cost(4, 5, 375091).
cost(4, 6, 985482).
cost(4, 7, 592226).
cost(4, 8, 73341).
cost(4, 9, 937708).
cost(4, 10, 447896).
cost(4, 11, 924669).
cost(4, 12, 440731).
cost(4, 13, 287487).
cost(4, 14, 521341).
cost(4, 15, 332905).
cost(4, 16, 810065).
cost(5, 1, 483769).
cost(5, 2, 379785).
cost(5, 3, 477330).
cost(5, 4, 375091).
cost(5, 6, 672872).
cost(5, 7, 350809).
cost(5, 8, 303988).
cost(5, 9, 655711).
cost(5, 10, 593141).
cost(5, 11, 909001).
cost(5, 12, 711744).
cost(5, 13, 103195).
cost(5, 14, 241519).
cost(5, 15, 43105).
cost(5, 16, 779483).
cost(6, 1, 803033).
cost(6, 2, 308987).
cost(6, 3, 1080211).
cost(6, 4, 985482).
cost(6, 5, 672872).
cost(6, 7, 404352).
cost(6, 8, 930217).
cost(6, 9, 112263).
cost(6, 10, 892616).
cost(6, 11, 793016).
cost(6, 12, 1109593).
cost(6, 13, 773368).
cost(6, 14, 464704).
cost(6, 15, 699823).
cost(6, 16, 704831).
cost(7, 1, 415982).
cost(7, 2, 252862).
cost(7, 3, 682454).
cost(7, 4, 592226).
cost(7, 5, 350809).
cost(7, 6, 404352).
cost(7, 8, 544591).
cost(7, 9, 345728).
cost(7, 10, 518317).
cost(7, 11, 624649).
cost(7, 12, 721268).
cost(7, 13, 431809).
cost(7, 14, 111535).
cost(7, 15, 359452).
cost(7, 16, 499389).
cost(8, 1, 398162).
cost(8, 2, 664566).
cost(8, 3, 174013).
cost(8, 4, 73341).
cost(8, 5, 303988).
cost(8, 6, 930217).
cost(8, 7, 544591).
cost(8, 9, 888075).
cost(8, 10, 471684).
cost(8, 11, 925801).
cost(8, 12, 494520).
cost(8, 13, 214301).
cost(8, 14, 465611).
cost(8, 15, 262416).
cost(8, 16, 806473).
cost(9, 1, 719949).
cost(9, 2, 329016).
cost(9, 3, 1028088).
cost(9, 4, 937708).
cost(9, 5, 655711).
cost(9, 6, 112263).
cost(9, 7, 345728).
cost(9, 8, 888075).
cost(9, 10, 802999).
cost(9, 11, 680755).
cost(9, 12, 1024110).
cost(9, 13, 751363).
cost(9, 14, 427327).
cost(9, 15, 676826).
cost(9, 16, 593733).
cost(10, 1, 113222).
cost(10, 2, 760603).
cost(10, 3, 462452).
cost(10, 4, 447896).
cost(10, 5, 593141).
cost(10, 6, 892616).
cost(10, 7, 518317).
cost(10, 8, 471684).
cost(10, 9, 802999).
cost(10, 11, 509039).
cost(10, 12, 226215).
cost(10, 13, 577764).
cost(10, 14, 536285).
cost(10, 15, 559726).
cost(10, 16, 417951).
cost(11, 1, 535510).
cost(11, 2, 850350).
cost(11, 3, 960696).
cost(11, 4, 924669).
cost(11, 5, 909001).
cost(11, 6, 793016).
cost(11, 7, 624649).
cost(11, 8, 925801).
cost(11, 9, 680755).
cost(11, 10, 509039).
cost(11, 12, 690707).
cost(11, 13, 946010).
cost(11, 14, 718970).
cost(11, 15, 894737).
cost(11, 16, 129645).
cost(12, 1, 307004).
cost(12, 2, 949343).
cost(12, 3, 403361).
cost(12, 4, 440731).
cost(12, 5, 711744).
cost(12, 6, 1109593).
cost(12, 7, 721268).
cost(12, 8, 494520).
cost(12, 9, 1024110).
cost(12, 10, 226215).
cost(12, 11, 690707).
cost(12, 13, 665194).
cost(12, 14, 717941).
cost(12, 15, 671621).
cost(12, 16, 621294).
cost(13, 1, 476078).
cost(13, 2, 482870).
cost(13, 3, 387924).
cost(13, 4, 287487).
cost(13, 5, 103195).
cost(13, 6, 773368).
cost(13, 7, 431809).
cost(13, 8, 214301).
cost(13, 9, 751363).
cost(13, 10, 577764).
cost(13, 11, 946010).
cost(13, 12, 665194).
cost(13, 14, 328323).
cost(13, 15, 74542).
cost(13, 16, 817937).
cost(14, 1, 425469).
cost(14, 2, 232183).
cost(14, 3, 617703).
cost(14, 4, 521341).
cost(14, 5, 241519).
cost(14, 6, 464704).
cost(14, 7, 111535).
cost(14, 8, 465611).
cost(14, 9, 427327).
cost(14, 10, 536285).
cost(14, 11, 718970).
cost(14, 12, 717941).
cost(14, 13, 328323).
cost(14, 15, 254368).
cost(14, 16, 590953).
cost(15, 1, 452110).
cost(15, 2, 413007).
cost(15, 3, 435245).
cost(15, 4, 332905).
cost(15, 5, 43105).
cost(15, 6, 699823).
cost(15, 7, 359452).
cost(15, 8, 262416).
cost(15, 9, 676826).
cost(15, 10, 559726).
cost(15, 11, 894737).
cost(15, 12, 671621).
cost(15, 13, 74542).
cost(15, 14, 254368).
cost(15, 16, 765653).
cost(16, 1, 425156).
cost(16, 2, 732053).
cost(16, 3, 853200).
cost(16, 4, 810065).
cost(16, 5, 779483).
cost(16, 6, 704831).
cost(16, 7, 499389).
cost(16, 8, 806473).
cost(16, 9, 593733).
cost(16, 10, 417951).
cost(16, 11, 129645).
cost(16, 12, 621294).
cost(16, 13, 817937).
cost(16, 14, 590953).
cost(16, 15, 765653).
nocross(1,7).
nocross(2,5).
nocross(2,7).
nocross(3,1).
nocross(3,8).
nocross(3,10).
nocross(3,12).
nocross(4,1).
nocross(4,3).
nocross(5,2).
nocross(5,4).
nocross(5,8).
nocross(6,2).
nocross(6,7).
nocross(6,14).
nocross(7,16).
nocross(8,1).
nocross(8,12).
nocross(9,2).
nocross(9,6).
nocross(9,7).
nocross(9,14).
nocross(10,1).
nocross(10,7).
nocross(10,16).
nocross(11,1).
nocross(11,10).
nocross(12,10).
nocross(12,11).
nocross(13,5).
nocross(15,4).
nocross(15,8).
nocross(16,6).
nocross(16,9).
nocross(16,10).
