dimension(15).
point(1, 129927.0, 265341.0).
point(2, 3335.0, 39973.0).
point(3, -235015.0, -116649.0).
point(4, 167942.0, 310552.0).
point(5, -382228.0, -296509.0).
point(6, -52606.0, 138255.0).
point(7, -17493.0, 512052.0).
point(8, 359414.0, 199301.0).
point(9, 202108.0, 274460.0).
point(10, 144029.0, -13153.0).
point(11, 318423.0, -20414.0).
point(12, 388788.0, 321937.0).
point(13, 156982.0, -256299.0).
point(14, 111959.0, -27735.0).
point(15, -337456.0, 365208.0).
cost(1, 2, 258488).
cost(1, 3, 528298).
cost(1, 4, 59069).
cost(1, 5, 760249).
cost(1, 6, 222417).
cost(1, 7, 287400).
cost(1, 8, 238800).
cost(1, 9, 72755).
cost(1, 10, 278851).
cost(1, 11, 342325).
cost(1, 12, 264976).
cost(1, 13, 522341).
cost(1, 14, 293626).
cost(1, 15, 477933).
cost(2, 1, 258488).
cost(2, 3, 285204).
cost(2, 4, 316715).
cost(2, 5, 511741).
cost(2, 6, 113087).
cost(2, 7, 472538).
cost(2, 8, 390100).
cost(2, 9, 307400).
cost(2, 10, 150390).
cost(2, 11, 320822).
cost(2, 12, 477575).
cost(2, 13, 333743).
cost(2, 14, 127998).
cost(2, 15, 471080).
cost(3, 1, 528298).
cost(3, 2, 285204).
cost(3, 4, 587261).
cost(3, 5, 232425).
cost(3, 6, 313447).
cost(3, 7, 665267).
cost(3, 8, 673179).
cost(3, 9, 586552).
cost(3, 10, 392920).
cost(3, 11, 561743).
cost(3, 12, 762554).
cost(3, 13, 416130).
cost(3, 14, 358185).
cost(3, 15, 492626).
cost(4, 1, 59069).
cost(4, 2, 316715).
cost(4, 3, 587261).
cost(4, 5, 819274).
cost(4, 6, 279871).
cost(4, 7, 273840).
cost(4, 8, 221446).
cost(4, 9, 49699).
cost(4, 10, 324587).
cost(4, 11, 363570).
cost(4, 12, 221139).
cost(4, 13, 566957).
cost(4, 14, 342888).
cost(4, 15, 508345).
cost(5, 1, 760249).
cost(5, 2, 511741).
cost(5, 3, 232425).
cost(5, 4, 819274).
cost(5, 6, 545592).
cost(5, 7, 887019).
cost(5, 8, 892110).
cost(5, 9, 816979).
cost(5, 10, 597693).
cost(5, 11, 753087).
cost(5, 12, 988403).
cost(5, 13, 540707).
cost(5, 14, 562548).
cost(5, 15, 663230).
cost(6, 1, 222417).
cost(6, 2, 113087).
cost(6, 3, 313447).
cost(6, 4, 279871).
cost(6, 5, 545592).
cost(6, 7, 375443).
cost(6, 8, 416518).
cost(6, 9, 288844).
cost(6, 10, 248173).
cost(6, 11, 403532).
cost(6, 12, 478088).
cost(6, 13, 446766).
cost(6, 14, 233740).
cost(6, 15, 364208).
cost(7, 1, 287400).
cost(7, 2, 472538).
cost(7, 3, 665267).
cost(7, 4, 273840).
cost(7, 5, 887019).
cost(7, 6, 375443).
cost(7, 8, 489767).
cost(7, 9, 323534).
cost(7, 10, 549481).
cost(7, 11, 629571).
cost(7, 12, 448562).
cost(7, 13, 787912).
cost(7, 14, 555093).
cost(7, 15, 352050).
cost(8, 1, 238800).
cost(8, 2, 390100).
cost(8, 3, 673179).
cost(8, 4, 221446).
cost(8, 5, 892110).
cost(8, 6, 416518).
cost(8, 7, 489767).
cost(8, 9, 174339).
cost(8, 10, 302535).
cost(8, 11, 223506).
cost(8, 12, 126105).
cost(8, 13, 498548).
cost(8, 14, 335826).
cost(8, 15, 716347).
cost(9, 1, 72755).
cost(9, 2, 307400).
cost(9, 3, 586552).
cost(9, 4, 49699).
cost(9, 5, 816979).
cost(9, 6, 288844).
cost(9, 7, 323534).
cost(9, 8, 174339).
cost(9, 10, 293418).
cost(9, 11, 316986).
cost(9, 12, 192623).
cost(9, 13, 532674).
cost(9, 14, 315355).
cost(9, 15, 547142).
cost(10, 1, 278851).
cost(10, 2, 150390).
cost(10, 3, 392920).
cost(10, 4, 324587).
cost(10, 5, 597693).
cost(10, 6, 248173).
cost(10, 7, 549481).
cost(10, 8, 302535).
cost(10, 9, 293418).
cost(10, 11, 174545).
cost(10, 12, 414961).
cost(10, 13, 243491).
cost(10, 14, 35230).
cost(10, 15, 612360).
cost(11, 1, 342325).
cost(11, 2, 320822).
cost(11, 3, 561743).
cost(11, 4, 363570).
cost(11, 5, 753087).
cost(11, 6, 403532).
cost(11, 7, 629571).
cost(11, 8, 223506).
cost(11, 9, 316986).
cost(11, 10, 174545).
cost(11, 12, 349507).
cost(11, 13, 285841).
cost(11, 14, 206594).
cost(11, 15, 760843).
cost(12, 1, 264976).
cost(12, 2, 477575).
cost(12, 3, 762554).
cost(12, 4, 221139).
cost(12, 5, 988403).
cost(12, 6, 478088).
cost(12, 7, 448562).
cost(12, 8, 126105).
cost(12, 9, 192623).
cost(12, 10, 414961).
cost(12, 11, 349507).
cost(12, 13, 622969).
cost(12, 14, 445987).
cost(12, 15, 727532).
cost(13, 1, 522341).
cost(13, 2, 333743).
cost(13, 3, 416130).
cost(13, 4, 566957).
cost(13, 5, 540707).
cost(13, 6, 446766).
cost(13, 7, 787912).
cost(13, 8, 498548).
cost(13, 9, 532674).
cost(13, 10, 243491).
cost(13, 11, 285841).
cost(13, 12, 622969).
cost(13, 14, 232956).
cost(13, 15, 794191).
cost(14, 1, 293626).
cost(14, 2, 127998).
cost(14, 3, 358185).
cost(14, 4, 342888).
cost(14, 5, 562548).
cost(14, 6, 233740).
cost(14, 7, 555093).
cost(14, 8, 335826).
cost(14, 9, 315355).
cost(14, 10, 35230).
cost(14, 11, 206594).
cost(14, 12, 445987).
cost(14, 13, 232956).
cost(14, 15, 596974).
cost(15, 1, 477933).
cost(15, 2, 471080).
cost(15, 3, 492626).
cost(15, 4, 508345).
cost(15, 5, 663230).
cost(15, 6, 364208).
cost(15, 7, 352050).
cost(15, 8, 716347).
cost(15, 9, 547142).
cost(15, 10, 612360).
cost(15, 11, 760843).
cost(15, 12, 727532).
cost(15, 13, 794191).
cost(15, 14, 596974).
nocross(1,4).
nocross(1,10).
nocross(1,14).
nocross(2,3).
nocross(2,8).
nocross(2,14).
nocross(3,2).
nocross(3,6).
nocross(3,13).
nocross(3,14).
nocross(4,1).
nocross(4,10).
nocross(4,11).
nocross(4,12).
nocross(4,14).
nocross(5,2).
nocross(5,13).
nocross(6,8).
nocross(6,10).
nocross(7,6).
nocross(7,10).
nocross(7,12).
nocross(8,10).
nocross(8,11).
nocross(8,12).
nocross(9,10).
nocross(10,8).
nocross(10,11).
nocross(11,13).
nocross(12,4).
nocross(12,8).
nocross(12,10).
nocross(13,3).
nocross(13,5).
nocross(13,10).
nocross(13,11).
nocross(13,14).
nocross(14,2).
nocross(14,8).
nocross(14,10).
nocross(14,13).
nocross(15,3).
nocross(15,6).
