dimension(15).
point(1, 225858.0, -168465.0).
point(2, -210072.0, 66091.0).
point(3, 266957.0, -212961.0).
point(4, 136737.0, 270248.0).
point(5, -130751.0, 66133.0).
point(6, 142516.0, 1175384.0).
point(7, 258410.0, 211390.0).
point(8, -268398.0, -167397.0).
point(9, 326801.0, -228805.0).
point(10, -117108.0, -301520.0).
point(11, 67264.0, -80393.0).
point(12, -130819.0, -105988.0).
point(13, -149587.0, 66839.0).
point(14, -358346.0, -156935.0).
point(15, -179063.0, -105361.0).
cost(1, 2, 495027).
cost(1, 3, 60572).
cost(1, 4, 447674).
cost(1, 5, 426856).
cost(1, 6, 1346431).
cost(1, 7, 381247).
cost(1, 8, 494257).
cost(1, 9, 117603).
cost(1, 10, 367871).
cost(1, 11, 181408).
cost(1, 12, 362108).
cost(1, 13, 443088).
cost(1, 14, 584318).
cost(1, 15, 409809).
cost(2, 1, 495027).
cost(2, 3, 552654).
cost(2, 4, 402438).
cost(2, 5, 79321).
cost(2, 6, 1163980).
cost(2, 7, 490497).
cost(2, 8, 240663).
cost(2, 9, 612533).
cost(2, 10, 379184).
cost(2, 11, 313644).
cost(2, 12, 189452).
cost(2, 13, 60490).
cost(2, 14, 267817).
cost(2, 15, 174234).
cost(3, 1, 60572).
cost(3, 2, 552654).
cost(3, 4, 500448).
cost(3, 5, 485865).
cost(3, 6, 1393911).
cost(3, 7, 424437).
cost(3, 8, 537290).
cost(3, 9, 61906).
cost(3, 10, 394143).
cost(3, 11, 239691).
cost(3, 12, 411909).
cost(3, 13, 501794).
cost(3, 14, 627808).
cost(3, 15, 458815).
cost(4, 1, 447674).
cost(4, 2, 402438).
cost(4, 3, 500448).
cost(4, 5, 336471).
cost(4, 6, 905154).
cost(4, 7, 135161).
cost(4, 8, 596379).
cost(4, 9, 534021).
cost(4, 10, 625584).
cost(4, 11, 357457).
cost(4, 12, 461671).
cost(4, 13, 351222).
cost(4, 14, 653906).
cost(4, 15, 490726).
cost(5, 1, 426856).
cost(5, 2, 79321).
cost(5, 3, 485865).
cost(5, 4, 336471).
cost(5, 6, 1142415).
cost(5, 7, 415386).
cost(5, 8, 271077).
cost(5, 9, 544373).
cost(5, 10, 367906).
cost(5, 11, 246333).
cost(5, 12, 172121).
cost(5, 13, 18849).
cost(5, 14, 318683).
cost(5, 15, 178169).
cost(6, 1, 1346431).
cost(6, 2, 1163980).
cost(6, 3, 1393911).
cost(6, 4, 905154).
cost(6, 5, 1142415).
cost(6, 7, 970936).
cost(6, 8, 1404248).
cost(6, 9, 1416230).
cost(6, 10, 1499550).
cost(6, 11, 1258030).
cost(6, 12, 1310201).
cost(6, 13, 1146384).
cost(6, 14, 1423354).
cost(6, 15, 1320500).
cost(7, 1, 381247).
cost(7, 2, 490497).
cost(7, 3, 424437).
cost(7, 4, 135161).
cost(7, 5, 415386).
cost(7, 6, 970936).
cost(7, 8, 648850).
cost(7, 9, 445476).
cost(7, 10, 635681).
cost(7, 11, 348818).
cost(7, 12, 502223).
cost(7, 13, 432847).
cost(7, 14, 718367).
cost(7, 15, 540105).
cost(8, 1, 494257).
cost(8, 2, 240663).
cost(8, 3, 537290).
cost(8, 4, 596379).
cost(8, 5, 271077).
cost(8, 6, 1404248).
cost(8, 7, 648850).
cost(8, 9, 598358).
cost(8, 10, 202182).
cost(8, 11, 346754).
cost(8, 12, 150662).
cost(8, 13, 262645).
cost(8, 14, 90554).
cost(8, 15, 108762).
cost(9, 1, 117603).
cost(9, 2, 612533).
cost(9, 3, 61906).
cost(9, 4, 534021).
cost(9, 5, 544373).
cost(9, 6, 1416230).
cost(9, 7, 445476).
cost(9, 8, 598358).
cost(9, 10, 449825).
cost(9, 11, 298974).
cost(9, 12, 473814).
cost(9, 13, 560670).
cost(9, 14, 688906).
cost(9, 15, 520708).
cost(10, 1, 367871).
cost(10, 2, 379184).
cost(10, 3, 394143).
cost(10, 4, 625584).
cost(10, 5, 367906).
cost(10, 6, 1499550).
cost(10, 7, 635681).
cost(10, 8, 202182).
cost(10, 9, 449825).
cost(10, 11, 287907).
cost(10, 12, 196012).
cost(10, 13, 369788).
cost(10, 14, 281248).
cost(10, 15, 205710).
cost(11, 1, 181408).
cost(11, 2, 313644).
cost(11, 3, 239691).
cost(11, 4, 357457).
cost(11, 5, 246333).
cost(11, 6, 1258030).
cost(11, 7, 348818).
cost(11, 8, 346754).
cost(11, 9, 298974).
cost(11, 10, 287907).
cost(11, 12, 199730).
cost(11, 13, 262110).
cost(11, 14, 432438).
cost(11, 15, 247589).
cost(12, 1, 362108).
cost(12, 2, 189452).
cost(12, 3, 411909).
cost(12, 4, 461671).
cost(12, 5, 172121).
cost(12, 6, 1310201).
cost(12, 7, 502223).
cost(12, 8, 150662).
cost(12, 9, 473814).
cost(12, 10, 196012).
cost(12, 11, 199730).
cost(12, 13, 173843).
cost(12, 14, 233161).
cost(12, 15, 48248).
cost(13, 1, 443088).
cost(13, 2, 60490).
cost(13, 3, 501794).
cost(13, 4, 351222).
cost(13, 5, 18849).
cost(13, 6, 1146384).
cost(13, 7, 432847).
cost(13, 8, 262645).
cost(13, 9, 560670).
cost(13, 10, 369788).
cost(13, 11, 262110).
cost(13, 12, 173843).
cost(13, 14, 306031).
cost(13, 15, 174705).
cost(14, 1, 584318).
cost(14, 2, 267817).
cost(14, 3, 627808).
cost(14, 4, 653906).
cost(14, 5, 318683).
cost(14, 6, 1423354).
cost(14, 7, 718367).
cost(14, 8, 90554).
cost(14, 9, 688906).
cost(14, 10, 281248).
cost(14, 11, 432438).
cost(14, 12, 233161).
cost(14, 13, 306031).
cost(14, 15, 186554).
cost(15, 1, 409809).
cost(15, 2, 174234).
cost(15, 3, 458815).
cost(15, 4, 490726).
cost(15, 5, 178169).
cost(15, 6, 1320500).
cost(15, 7, 540105).
cost(15, 8, 108762).
cost(15, 9, 520708).
cost(15, 10, 205710).
cost(15, 11, 247589).
cost(15, 12, 48248).
cost(15, 13, 174705).
cost(15, 14, 186554).
nocross(1,5).
nocross(1,9).
nocross(1,10).
nocross(2,1).
nocross(2,5).
nocross(2,13).
nocross(3,1).
nocross(3,5).
nocross(3,10).
nocross(3,11).
nocross(4,5).
nocross(5,11).
nocross(5,14).
nocross(6,4).
nocross(6,5).
nocross(7,5).
nocross(8,5).
nocross(8,10).
nocross(8,14).
nocross(9,1).
nocross(9,5).
nocross(10,3).
nocross(10,5).
nocross(10,12).
nocross(10,15).
nocross(11,1).
nocross(11,5).
nocross(12,3).
nocross(12,5).
nocross(12,10).
nocross(13,2).
nocross(13,5).
nocross(13,11).
nocross(13,15).
nocross(14,5).
nocross(14,10).
nocross(14,15).
nocross(15,3).
nocross(15,5).
nocross(15,8).
nocross(15,10).
