dimension(15).
point(1, 382032.0, 107353.0).
point(2, 652283.0, 173938.0).
point(3, -37537.0, -65215.0).
point(4, -268646.0, -155634.0).
point(5, -136273.0, -177779.0).
point(6, 309994.0, -373542.0).
point(7, 269369.0, 206383.0).
point(8, -491303.0, -115661.0).
point(9, 345986.0, -84753.0).
point(10, -93128.0, 288464.0).
point(11, 87644.0, 39054.0).
point(12, 247755.0, 418595.0).
point(13, -227586.0, 205449.0).
point(14, -31901.0, -263703.0).
point(15, 33366.0, -47036.0).
cost(1, 2, 278333).
cost(1, 3, 453672).
cost(1, 4, 701815).
cost(1, 5, 591558).
cost(1, 6, 486261).
cost(1, 7, 150000).
cost(1, 8, 901360).
cost(1, 9, 195459).
cost(1, 10, 508506).
cost(1, 11, 302207).
cost(1, 12, 338972).
cost(1, 13, 617460).
cost(1, 14, 555898).
cost(1, 15, 381319).
cost(2, 1, 278333).
cost(2, 3, 730100).
cost(2, 4, 978125).
cost(2, 5, 863438).
cost(2, 6, 645675).
cost(2, 7, 384286).
cost(2, 8, 1179685).
cost(2, 9, 400923).
cost(2, 10, 754158).
cost(2, 11, 580526).
cost(2, 12, 472758).
cost(2, 13, 880433).
cost(2, 14, 812181).
cost(2, 15, 657182).
cost(3, 1, 453672).
cost(3, 2, 730100).
cost(3, 4, 248167).
cost(3, 5, 149731).
cost(3, 6, 464589).
cost(3, 7, 409825).
cost(3, 8, 456561).
cost(3, 9, 384020).
cost(3, 10, 358021).
cost(3, 11, 162918).
cost(3, 12, 561662).
cost(3, 13, 330723).
cost(3, 14, 198568).
cost(3, 15, 73196).
cost(4, 1, 701815).
cost(4, 2, 978125).
cost(4, 3, 248167).
cost(4, 5, 134213).
cost(4, 6, 618311).
cost(4, 7, 648472).
cost(4, 8, 226217).
cost(4, 9, 618706).
cost(4, 10, 477524).
cost(4, 11, 406012).
cost(4, 12, 772275).
cost(4, 13, 363410).
cost(4, 14, 260244).
cost(4, 15, 320944).
cost(5, 1, 591558).
cost(5, 2, 863438).
cost(5, 3, 149731).
cost(5, 4, 134213).
cost(5, 6, 487317).
cost(5, 7, 558682).
cost(5, 8, 360423).
cost(5, 9, 491149).
cost(5, 10, 468235).
cost(5, 11, 311698).
cost(5, 12, 709323).
cost(5, 13, 393957).
cost(5, 14, 135190).
cost(5, 15, 214175).
cost(6, 1, 486261).
cost(6, 2, 645675).
cost(6, 3, 464589).
cost(6, 4, 618311).
cost(6, 5, 487317).
cost(6, 7, 581346).
cost(6, 8, 841772).
cost(6, 9, 291023).
cost(6, 10, 775087).
cost(6, 11, 468695).
cost(6, 12, 794578).
cost(6, 13, 790078).
cost(6, 14, 359106).
cost(6, 15, 427936).
cost(7, 1, 150000).
cost(7, 2, 384286).
cost(7, 3, 409825).
cost(7, 4, 648472).
cost(7, 5, 558682).
cost(7, 6, 581346).
cost(7, 8, 826035).
cost(7, 9, 301049).
cost(7, 10, 371674).
cost(7, 11, 247028).
cost(7, 12, 213310).
cost(7, 13, 496956).
cost(7, 14, 558341).
cost(7, 15, 346293).
cost(8, 1, 901360).
cost(8, 2, 1179685).
cost(8, 3, 456561).
cost(8, 4, 226217).
cost(8, 5, 360423).
cost(8, 6, 841772).
cost(8, 7, 826035).
cost(8, 9, 837859).
cost(8, 10, 567327).
cost(8, 11, 599263).
cost(8, 12, 911941).
cost(8, 13, 415522).
cost(8, 14, 482666).
cost(8, 15, 529138).
cost(9, 1, 195459).
cost(9, 2, 400923).
cost(9, 3, 384020).
cost(9, 4, 618706).
cost(9, 5, 491149).
cost(9, 6, 291023).
cost(9, 7, 301049).
cost(9, 8, 837859).
cost(9, 10, 576292).
cost(9, 11, 286476).
cost(9, 12, 512844).
cost(9, 13, 642808).
cost(9, 14, 418117).
cost(9, 15, 314887).
cost(10, 1, 508506).
cost(10, 2, 754158).
cost(10, 3, 358021).
cost(10, 4, 477524).
cost(10, 5, 468235).
cost(10, 6, 775087).
cost(10, 7, 371674).
cost(10, 8, 567327).
cost(10, 9, 576292).
cost(10, 11, 308032).
cost(10, 12, 364877).
cost(10, 13, 158020).
cost(10, 14, 555551).
cost(10, 15, 358554).
cost(11, 1, 302207).
cost(11, 2, 580526).
cost(11, 3, 162918).
cost(11, 4, 406012).
cost(11, 5, 311698).
cost(11, 6, 468695).
cost(11, 7, 247028).
cost(11, 8, 599263).
cost(11, 9, 286476).
cost(11, 10, 308032).
cost(11, 12, 411931).
cost(11, 13, 356451).
cost(11, 14, 325504).
cost(11, 15, 101772).
cost(12, 1, 338972).
cost(12, 2, 472758).
cost(12, 3, 561662).
cost(12, 4, 772275).
cost(12, 5, 709323).
cost(12, 6, 794578).
cost(12, 7, 213310).
cost(12, 8, 911941).
cost(12, 9, 512844).
cost(12, 10, 364877).
cost(12, 11, 411931).
cost(12, 13, 520942).
cost(12, 14, 737386).
cost(12, 15, 512616).
cost(13, 1, 617460).
cost(13, 2, 880433).
cost(13, 3, 330723).
cost(13, 4, 363410).
cost(13, 5, 393957).
cost(13, 6, 790078).
cost(13, 7, 496956).
cost(13, 8, 415522).
cost(13, 9, 642808).
cost(13, 10, 158020).
cost(13, 11, 356451).
cost(13, 12, 520942).
cost(13, 14, 508327).
cost(13, 15, 363104).
cost(14, 1, 555898).
cost(14, 2, 812181).
cost(14, 3, 198568).
cost(14, 4, 260244).
cost(14, 5, 135190).
cost(14, 6, 359106).
cost(14, 7, 558341).
cost(14, 8, 482666).
cost(14, 9, 418117).
cost(14, 10, 555551).
cost(14, 11, 325504).
cost(14, 12, 737386).
cost(14, 13, 508327).
cost(14, 15, 226284).
cost(15, 1, 381319).
cost(15, 2, 657182).
cost(15, 3, 73196).
cost(15, 4, 320944).
cost(15, 5, 214175).
cost(15, 6, 427936).
cost(15, 7, 346293).
cost(15, 8, 529138).
cost(15, 9, 314887).
cost(15, 10, 358554).
cost(15, 11, 101772).
cost(15, 12, 512616).
cost(15, 13, 363104).
cost(15, 14, 226284).
nocross(1,2).
nocross(1,7).
nocross(2,1).
nocross(2,7).
nocross(2,9).
nocross(2,12).
nocross(3,8).
nocross(3,11).
nocross(4,8).
nocross(5,3).
nocross(5,4).
nocross(5,14).
nocross(6,3).
nocross(7,8).
nocross(7,12).
nocross(9,1).
nocross(9,2).
nocross(9,7).
nocross(10,3).
nocross(10,12).
nocross(11,3).
nocross(11,7).
nocross(11,8).
nocross(12,1).
nocross(12,2).
nocross(12,7).
nocross(12,8).
nocross(13,3).
nocross(15,3).
nocross(15,9).
