dimension(15).
point(1, 133857.0, 122477.0).
point(2, -438875.0, -299394.0).
point(3, 204235.0, 78891.0).
point(4, 224720.0, 382609.0).
point(5, 59141.0, -403634.0).
point(6, 425689.0, -395290.0).
point(7, 313520.0, -10247.0).
point(8, -289537.0, 199933.0).
point(9, 435384.0, 120739.0).
point(10, -59620.0, -323109.0).
point(11, 115140.0, 177380.0).
point(12, -222010.0, 211721.0).
point(13, 419820.0, -315745.0).
point(14, -217503.0, -300752.0).
point(15, 381366.0, 22036.0).
cost(1, 2, 711335).
cost(1, 3, 82782).
cost(1, 4, 275544).
cost(1, 5, 531390).
cost(1, 6, 594347).
cost(1, 7, 223371).
cost(1, 8, 430421).
cost(1, 9, 301532).
cost(1, 10, 485778).
cost(1, 11, 58006).
cost(1, 12, 366887).
cost(1, 13, 523272).
cost(1, 14, 550070).
cost(1, 15, 267113).
cost(2, 1, 711335).
cost(2, 3, 746117).
cost(2, 4, 951570).
cost(2, 5, 508808).
cost(2, 6, 869866).
cost(2, 7, 806042).
cost(2, 8, 521181).
cost(2, 9, 969969).
cost(2, 10, 379996).
cost(2, 11, 730921).
cost(2, 12, 555220).
cost(2, 13, 858851).
cost(2, 14, 221376).
cost(2, 15, 880972).
cost(3, 1, 82782).
cost(3, 2, 746117).
cost(3, 4, 304408).
cost(3, 5, 503868).
cost(3, 6, 523345).
cost(3, 7, 141028).
cost(3, 8, 508392).
cost(3, 9, 234907).
cost(3, 10, 480857).
cost(3, 11, 132808).
cost(3, 12, 446462).
cost(3, 13, 449683).
cost(3, 14, 567443).
cost(3, 15, 186032).
cost(4, 1, 275544).
cost(4, 2, 951570).
cost(4, 3, 304408).
cost(4, 5, 803489).
cost(4, 6, 803440).
cost(4, 7, 402767).
cost(4, 8, 545739).
cost(4, 9, 336088).
cost(4, 10, 760846).
cost(4, 11, 232651).
cost(4, 12, 478299).
cost(4, 13, 725095).
cost(4, 14, 813968).
cost(4, 15, 393130).
cost(5, 1, 531390).
cost(5, 2, 508808).
cost(5, 3, 503868).
cost(5, 4, 803489).
cost(5, 6, 366643).
cost(5, 7, 468468).
cost(5, 8, 697043).
cost(5, 9, 645388).
cost(5, 10, 143487).
cost(5, 11, 583706).
cost(5, 12, 676541).
cost(5, 13, 371233).
cost(5, 14, 295155).
cost(5, 15, 533876).
cost(6, 1, 594347).
cost(6, 2, 869866).
cost(6, 3, 523345).
cost(6, 4, 803440).
cost(6, 5, 366643).
cost(6, 7, 401049).
cost(6, 8, 930505).
cost(6, 9, 516120).
cost(6, 10, 490647).
cost(6, 11, 651453).
cost(6, 12, 887680).
cost(6, 13, 79761).
cost(6, 14, 650103).
cost(6, 15, 419673).
cost(7, 1, 223371).
cost(7, 2, 806042).
cost(7, 3, 141028).
cost(7, 4, 402767).
cost(7, 5, 468468).
cost(7, 6, 401049).
cost(7, 8, 638634).
cost(7, 9, 178908).
cost(7, 10, 486946).
cost(7, 11, 273054).
cost(7, 12, 579709).
cost(7, 13, 323464).
cost(7, 14, 605292).
cost(7, 15, 75135).
cost(8, 1, 430421).
cost(8, 2, 521181).
cost(8, 3, 508392).
cost(8, 4, 545739).
cost(8, 5, 697043).
cost(8, 6, 930505).
cost(8, 7, 638634).
cost(8, 9, 729234).
cost(8, 10, 571345).
cost(8, 11, 405305).
cost(8, 12, 68548).
cost(8, 13, 876990).
cost(8, 14, 505840).
cost(8, 15, 694088).
cost(9, 1, 301532).
cost(9, 2, 969969).
cost(9, 3, 234907).
cost(9, 4, 336088).
cost(9, 5, 645388).
cost(9, 6, 516120).
cost(9, 7, 178908).
cost(9, 8, 729234).
cost(9, 10, 664853).
cost(9, 11, 325214).
cost(9, 12, 663660).
cost(9, 13, 436761).
cost(9, 14, 777120).
cost(9, 15, 112518).
cost(10, 1, 485778).
cost(10, 2, 379996).
cost(10, 3, 480857).
cost(10, 4, 760846).
cost(10, 5, 143487).
cost(10, 6, 490647).
cost(10, 7, 486946).
cost(10, 8, 571345).
cost(10, 9, 664853).
cost(10, 11, 530123).
cost(10, 12, 558940).
cost(10, 13, 479497).
cost(10, 14, 159458).
cost(10, 15, 559994).
cost(11, 1, 58006).
cost(11, 2, 730921).
cost(11, 3, 132808).
cost(11, 4, 232651).
cost(11, 5, 583706).
cost(11, 6, 651453).
cost(11, 7, 273054).
cost(11, 8, 405305).
cost(11, 9, 325214).
cost(11, 10, 530123).
cost(11, 12, 338894).
cost(11, 13, 579657).
cost(11, 14, 582462).
cost(11, 15, 308234).
cost(12, 1, 366887).
cost(12, 2, 555220).
cost(12, 3, 446462).
cost(12, 4, 478299).
cost(12, 5, 676541).
cost(12, 6, 887680).
cost(12, 7, 579709).
cost(12, 8, 68548).
cost(12, 9, 663660).
cost(12, 10, 558940).
cost(12, 11, 338894).
cost(12, 13, 830762).
cost(12, 14, 512493).
cost(12, 15, 632490).
cost(13, 1, 523272).
cost(13, 2, 858851).
cost(13, 3, 449683).
cost(13, 4, 725095).
cost(13, 5, 371233).
cost(13, 6, 79761).
cost(13, 7, 323464).
cost(13, 8, 876990).
cost(13, 9, 436761).
cost(13, 10, 479497).
cost(13, 11, 579657).
cost(13, 12, 830762).
cost(13, 14, 637499).
cost(13, 15, 339963).
cost(14, 1, 550070).
cost(14, 2, 221376).
cost(14, 3, 567443).
cost(14, 4, 813968).
cost(14, 5, 295155).
cost(14, 6, 650103).
cost(14, 7, 605292).
cost(14, 8, 505840).
cost(14, 9, 777120).
cost(14, 10, 159458).
cost(14, 11, 582462).
cost(14, 12, 512493).
cost(14, 13, 637499).
cost(14, 15, 680321).
cost(15, 1, 267113).
cost(15, 2, 880972).
cost(15, 3, 186032).
cost(15, 4, 393130).
cost(15, 5, 533876).
cost(15, 6, 419673).
cost(15, 7, 75135).
cost(15, 8, 694088).
cost(15, 9, 112518).
cost(15, 10, 559994).
cost(15, 11, 308234).
cost(15, 12, 632490).
cost(15, 13, 339963).
cost(15, 14, 680321).
nocross(1,12).
nocross(2,5).
nocross(2,10).
nocross(3,7).
nocross(3,9).
nocross(3,12).
nocross(4,1).
nocross(4,3).
nocross(4,7).
nocross(4,9).
nocross(4,11).
nocross(4,12).
nocross(5,1).
nocross(5,2).
nocross(5,7).
nocross(6,2).
nocross(6,5).
nocross(6,7).
nocross(6,10).
nocross(7,9).
nocross(7,13).
nocross(9,3).
nocross(9,7).
nocross(9,11).
nocross(10,5).
nocross(11,9).
nocross(11,12).
nocross(12,1).
nocross(12,11).
nocross(13,7).
nocross(13,10).
nocross(14,2).
nocross(14,5).
nocross(14,10).
nocross(14,12).
nocross(15,7).
nocross(15,9).
nocross(15,11).
nocross(15,13).
