dimension(15).
point(1, -454180.0, -2313.0).
point(2, 108128.0, -322724.0).
point(3, -404479.0, 85018.0).
point(4, -220548.0, 17310.0).
point(5, 210883.0, -191873.0).
point(6, 113856.0, -703156.0).
point(7, 216397.0, -136351.0).
point(8, 259978.0, 422881.0).
point(9, 94363.0, -157152.0).
point(10, -158471.0, -259750.0).
point(11, 40849.0, 35486.0).
point(12, 100828.0, 350209.0).
point(13, -481594.0, -264301.0).
point(14, 455854.0, 294683.0).
point(15, 46425.0, -23611.0).
cost(1, 2, 647189).
cost(1, 3, 100483).
cost(1, 4, 234455).
cost(1, 5, 691550).
cost(1, 6, 902134).
cost(1, 7, 683842).
cost(1, 8, 831151).
cost(1, 9, 569978).
cost(1, 10, 392068).
cost(1, 11, 496470).
cost(1, 12, 657500).
cost(1, 13, 263418).
cost(1, 14, 957271).
cost(1, 15, 501058).
cost(2, 1, 647189).
cost(2, 3, 654996).
cost(2, 4, 472918).
cost(2, 5, 166375).
cost(2, 6, 380475).
cost(2, 7, 215539).
cost(2, 8, 760911).
cost(2, 9, 166143).
cost(2, 10, 273936).
cost(2, 11, 364473).
cost(2, 12, 672973).
cost(2, 13, 592609).
cost(2, 14, 708594).
cost(2, 15, 305411).
cost(3, 1, 100483).
cost(3, 2, 654996).
cost(3, 4, 195997).
cost(3, 5, 674788).
cost(3, 6, 943340).
cost(3, 7, 659159).
cost(3, 8, 745422).
cost(3, 9, 554517).
cost(3, 10, 423539).
cost(3, 11, 448074).
cost(3, 12, 570668).
cost(3, 13, 357730).
cost(3, 14, 885512).
cost(3, 15, 463805).
cost(4, 1, 234455).
cost(4, 2, 472918).
cost(4, 3, 195997).
cost(4, 5, 479469).
cost(4, 6, 794290).
cost(4, 7, 463177).
cost(4, 8, 628803).
cost(4, 9, 360008).
cost(4, 10, 283929).
cost(4, 11, 262028).
cost(4, 12, 462714).
cost(4, 13, 383992).
cost(4, 14, 731065).
cost(4, 15, 270091).
cost(5, 1, 691550).
cost(5, 2, 166375).
cost(5, 3, 674788).
cost(5, 4, 479469).
cost(5, 6, 520408).
cost(5, 7, 55795).
cost(5, 8, 616711).
cost(5, 9, 121583).
cost(5, 10, 375539).
cost(5, 11, 283908).
cost(5, 12, 553141).
cost(5, 13, 696254).
cost(5, 14, 544745).
cost(5, 15, 235284).
cost(6, 1, 902134).
cost(6, 2, 380475).
cost(6, 3, 943340).
cost(6, 4, 794290).
cost(6, 5, 520408).
cost(6, 7, 576006).
cost(6, 8, 1135478).
cost(6, 9, 546352).
cost(6, 10, 520356).
cost(6, 11, 742241).
cost(6, 12, 1053446).
cost(6, 13, 739699).
cost(6, 14, 1054820).
cost(6, 15, 682882).
cost(7, 1, 683842).
cost(7, 2, 215539).
cost(7, 3, 659159).
cost(7, 4, 463177).
cost(7, 5, 55795).
cost(7, 6, 576006).
cost(7, 8, 560928).
cost(7, 9, 123794).
cost(7, 10, 394656).
cost(7, 11, 245652).
cost(7, 12, 500097).
cost(7, 13, 709621).
cost(7, 14, 493082).
cost(7, 15, 203963).
cost(8, 1, 831151).
cost(8, 2, 760911).
cost(8, 3, 745422).
cost(8, 4, 628803).
cost(8, 5, 616711).
cost(8, 6, 1135478).
cost(8, 7, 560928).
cost(8, 9, 603214).
cost(8, 10, 800678).
cost(8, 11, 445076).
cost(8, 12, 174957).
cost(8, 13, 1011013).
cost(8, 14, 234099).
cost(8, 15, 494934).
cost(9, 1, 569978).
cost(9, 2, 166143).
cost(9, 3, 554517).
cost(9, 4, 360008).
cost(9, 5, 121583).
cost(9, 6, 546352).
cost(9, 7, 123794).
cost(9, 8, 603214).
cost(9, 10, 272858).
cost(9, 11, 199933).
cost(9, 12, 507402).
cost(9, 13, 585839).
cost(9, 14, 578645).
cost(9, 15, 141885).
cost(10, 1, 392068).
cost(10, 2, 273936).
cost(10, 3, 423539).
cost(10, 4, 283929).
cost(10, 5, 375539).
cost(10, 6, 520356).
cost(10, 7, 394656).
cost(10, 8, 800678).
cost(10, 9, 272858).
cost(10, 11, 356220).
cost(10, 12, 662787).
cost(10, 13, 323155).
cost(10, 14, 827521).
cost(10, 15, 312640).
cost(11, 1, 496470).
cost(11, 2, 364473).
cost(11, 3, 448074).
cost(11, 4, 262028).
cost(11, 5, 283908).
cost(11, 6, 742241).
cost(11, 7, 245652).
cost(11, 8, 445076).
cost(11, 9, 199933).
cost(11, 10, 356220).
cost(11, 12, 320387).
cost(11, 13, 602345).
cost(11, 14, 489298).
cost(11, 15, 59359).
cost(12, 1, 657500).
cost(12, 2, 672973).
cost(12, 3, 570668).
cost(12, 4, 462714).
cost(12, 5, 553141).
cost(12, 6, 1053446).
cost(12, 7, 500097).
cost(12, 8, 174957).
cost(12, 9, 507402).
cost(12, 10, 662787).
cost(12, 11, 320387).
cost(12, 13, 846663).
cost(12, 14, 359342).
cost(12, 15, 377758).
cost(13, 1, 263418).
cost(13, 2, 592609).
cost(13, 3, 357730).
cost(13, 4, 383992).
cost(13, 5, 696254).
cost(13, 6, 739699).
cost(13, 7, 709621).
cost(13, 8, 1011013).
cost(13, 9, 585839).
cost(13, 10, 323155).
cost(13, 11, 602345).
cost(13, 12, 846663).
cost(13, 14, 1091454).
cost(13, 15, 580289).
cost(14, 1, 957271).
cost(14, 2, 708594).
cost(14, 3, 885512).
cost(14, 4, 731065).
cost(14, 5, 544745).
cost(14, 6, 1054820).
cost(14, 7, 493082).
cost(14, 8, 234099).
cost(14, 9, 578645).
cost(14, 10, 827521).
cost(14, 11, 489298).
cost(14, 12, 359342).
cost(14, 13, 1091454).
cost(14, 15, 518597).
cost(15, 1, 501058).
cost(15, 2, 305411).
cost(15, 3, 463805).
cost(15, 4, 270091).
cost(15, 5, 235284).
cost(15, 6, 682882).
cost(15, 7, 203963).
cost(15, 8, 494934).
cost(15, 9, 141885).
cost(15, 10, 312640).
cost(15, 11, 59359).
cost(15, 12, 377758).
cost(15, 13, 580289).
cost(15, 14, 518597).
nocross(1,4).
nocross(2,5).
nocross(2,7).
nocross(2,10).
nocross(2,15).
nocross(3,1).
nocross(3,4).
nocross(3,7).
nocross(3,12).
nocross(4,1).
nocross(4,3).
nocross(4,7).
nocross(4,12).
nocross(4,14).
nocross(4,15).
nocross(5,7).
nocross(6,15).
nocross(7,5).
nocross(7,8).
nocross(7,11).
nocross(7,14).
nocross(7,15).
nocross(8,3).
nocross(9,1).
nocross(9,4).
nocross(9,7).
nocross(9,8).
nocross(9,14).
nocross(10,1).
nocross(10,3).
nocross(10,5).
nocross(10,12).
nocross(11,1).
nocross(11,7).
nocross(11,12).
nocross(11,14).
nocross(11,15).
nocross(12,3).
nocross(12,7).
nocross(13,4).
nocross(13,6).
nocross(13,10).
nocross(13,11).
nocross(14,3).
nocross(14,7).
nocross(14,11).
nocross(14,15).
nocross(15,1).
nocross(15,4).
nocross(15,7).
nocross(15,8).
nocross(15,10).
nocross(15,11).
nocross(15,14).
