dimension(15).
point(1, -173935.0, -354897.0).
point(2, -126069.0, -147829.0).
point(3, -56477.0, 46990.0).
point(4, -19419.0, -111762.0).
point(5, -417408.0, 124058.0).
point(6, -170334.0, -272041.0).
point(7, -356353.0, 100521.0).
point(8, 231865.0, 283824.0).
point(9, 290908.0, -147890.0).
point(10, -152861.0, -157391.0).
point(11, 47038.0, 123231.0).
point(12, -146567.0, -43968.0).
point(13, 30237.0, -9261.0).
point(14, -303239.0, 462397.0).
point(15, -95274.0, 87517.0).
cost(1, 2, 212528).
cost(1, 3, 418700).
cost(1, 4, 288080).
cost(1, 5, 537287).
cost(1, 6, 82934).
cost(1, 7, 490593).
cost(1, 8, 756729).
cost(1, 9, 508853).
cost(1, 10, 198627).
cost(1, 11, 526721).
cost(1, 12, 312131).
cost(1, 13, 401435).
cost(1, 14, 827459).
cost(1, 15, 449353).
cost(2, 1, 212528).
cost(2, 3, 206876).
cost(2, 4, 112584).
cost(2, 5, 398498).
cost(2, 6, 131864).
cost(2, 7, 338686).
cost(2, 8, 560750).
cost(2, 9, 416977).
cost(2, 10, 28447).
cost(2, 11, 321620).
cost(2, 12, 105864).
cost(2, 13, 208884).
cost(2, 14, 635425).
cost(2, 15, 237352).
cost(3, 1, 418700).
cost(3, 2, 206876).
cost(3, 4, 163020).
cost(3, 5, 369067).
cost(3, 6, 338739).
cost(3, 7, 304616).
cost(3, 8, 373137).
cost(3, 9, 398315).
cost(3, 10, 225968).
cost(3, 11, 128561).
cost(3, 12, 128022).
cost(3, 13, 103361).
cost(3, 14, 483171).
cost(3, 15, 56104).
cost(4, 1, 288080).
cost(4, 2, 112584).
cost(4, 3, 163020).
cost(4, 5, 462608).
cost(4, 6, 220147).
cost(4, 7, 398232).
cost(4, 8, 468649).
cost(4, 9, 312423).
cost(4, 10, 141028).
cost(4, 11, 244209).
cost(4, 12, 144092).
cost(4, 13, 113895).
cost(4, 14, 640478).
cost(4, 15, 213228).
cost(5, 1, 537287).
cost(5, 2, 398498).
cost(5, 3, 369067).
cost(5, 4, 462608).
cost(5, 6, 466840).
cost(5, 7, 65435).
cost(5, 8, 668641).
cost(5, 9, 758727).
cost(5, 10, 386262).
cost(5, 11, 464447).
cost(5, 12, 318728).
cost(5, 13, 467076).
cost(5, 14, 357082).
cost(5, 15, 324200).
cost(6, 1, 82934).
cost(6, 2, 131864).
cost(6, 3, 338739).
cost(6, 4, 220147).
cost(6, 5, 466840).
cost(6, 7, 416420).
cost(6, 8, 686112).
cost(6, 9, 477659).
cost(6, 10, 115974).
cost(6, 11, 451099).
cost(6, 12, 229308).
cost(6, 13, 330578).
cost(6, 14, 746366).
cost(6, 15, 367309).
cost(7, 1, 490593).
cost(7, 2, 338686).
cost(7, 3, 304616).
cost(7, 4, 398232).
cost(7, 5, 65435).
cost(7, 6, 416420).
cost(7, 8, 616117).
cost(7, 9, 693293).
cost(7, 10, 328523).
cost(7, 11, 404030).
cost(7, 12, 254730).
cost(7, 13, 401875).
cost(7, 14, 365753).
cost(7, 15, 261403).
cost(8, 1, 756729).
cost(8, 2, 560750).
cost(8, 3, 373137).
cost(8, 4, 468649).
cost(8, 5, 668641).
cost(8, 6, 686112).
cost(8, 7, 616117).
cost(8, 9, 435733).
cost(8, 10, 585393).
cost(8, 11, 244849).
cost(8, 12, 500658).
cost(8, 13, 355742).
cost(8, 14, 564114).
cost(8, 15, 381518).
cost(9, 1, 508853).
cost(9, 2, 416977).
cost(9, 3, 398315).
cost(9, 4, 312423).
cost(9, 5, 758727).
cost(9, 6, 477659).
cost(9, 7, 693293).
cost(9, 8, 435733).
cost(9, 10, 443871).
cost(9, 11, 364663).
cost(9, 12, 449649).
cost(9, 13, 295241).
cost(9, 14, 851740).
cost(9, 15, 452275).
cost(10, 1, 198627).
cost(10, 2, 28447).
cost(10, 3, 225968).
cost(10, 4, 141028).
cost(10, 5, 386262).
cost(10, 6, 115974).
cost(10, 7, 328523).
cost(10, 8, 585393).
cost(10, 9, 443871).
cost(10, 11, 344541).
cost(10, 12, 113597).
cost(10, 13, 235515).
cost(10, 14, 637770).
cost(10, 15, 251587).
cost(11, 1, 526721).
cost(11, 2, 321620).
cost(11, 3, 128561).
cost(11, 4, 244209).
cost(11, 5, 464447).
cost(11, 6, 451099).
cost(11, 7, 404030).
cost(11, 8, 244849).
cost(11, 9, 364663).
cost(11, 10, 344541).
cost(11, 12, 255809).
cost(11, 13, 133553).
cost(11, 14, 487573).
cost(11, 15, 146725).
cost(12, 1, 312131).
cost(12, 2, 105864).
cost(12, 3, 128022).
cost(12, 4, 144092).
cost(12, 5, 318728).
cost(12, 6, 229308).
cost(12, 7, 254730).
cost(12, 8, 500658).
cost(12, 9, 449649).
cost(12, 10, 113597).
cost(12, 11, 255809).
cost(12, 13, 180178).
cost(12, 14, 530049).
cost(12, 15, 141136).
cost(13, 1, 401435).
cost(13, 2, 208884).
cost(13, 3, 103361).
cost(13, 4, 113895).
cost(13, 5, 467076).
cost(13, 6, 330578).
cost(13, 7, 401875).
cost(13, 8, 355742).
cost(13, 9, 295241).
cost(13, 10, 235515).
cost(13, 11, 133553).
cost(13, 12, 180178).
cost(13, 14, 577640).
cost(13, 15, 158490).
cost(14, 1, 827459).
cost(14, 2, 635425).
cost(14, 3, 483171).
cost(14, 4, 640478).
cost(14, 5, 357082).
cost(14, 6, 746366).
cost(14, 7, 365753).
cost(14, 8, 564114).
cost(14, 9, 851740).
cost(14, 10, 637770).
cost(14, 11, 487573).
cost(14, 12, 530049).
cost(14, 13, 577640).
cost(14, 15, 428701).
cost(15, 1, 449353).
cost(15, 2, 237352).
cost(15, 3, 56104).
cost(15, 4, 213228).
cost(15, 5, 324200).
cost(15, 6, 367309).
cost(15, 7, 261403).
cost(15, 8, 381518).
cost(15, 9, 452275).
cost(15, 10, 251587).
cost(15, 11, 146725).
cost(15, 12, 141136).
cost(15, 13, 158490).
cost(15, 14, 428701).
nocross(1,6).
nocross(2,1).
nocross(2,3).
nocross(2,4).
nocross(2,10).
nocross(3,4).
nocross(3,13).
nocross(3,14).
nocross(3,15).
nocross(4,1).
nocross(4,3).
nocross(4,9).
nocross(5,3).
nocross(5,7).
nocross(5,15).
nocross(6,1).
nocross(6,2).
nocross(6,4).
nocross(6,10).
nocross(7,3).
nocross(7,5).
nocross(7,14).
nocross(7,15).
nocross(8,3).
nocross(8,9).
nocross(8,11).
nocross(8,13).
nocross(8,14).
nocross(9,1).
nocross(9,4).
nocross(9,8).
nocross(9,13).
nocross(10,2).
nocross(10,3).
nocross(10,4).
nocross(10,6).
nocross(11,3).
nocross(11,4).
nocross(11,8).
nocross(11,13).
nocross(11,14).
nocross(11,15).
nocross(12,3).
nocross(12,4).
nocross(12,6).
nocross(13,2).
nocross(13,3).
nocross(13,4).
nocross(14,5).
nocross(14,7).
nocross(14,8).
nocross(15,3).
nocross(15,7).
