dimension(15).
point(1, -74328.0, -98348.0).
point(2, -168983.0, -243694.0).
point(3, 345397.0, -86358.0).
point(4, -296464.0, 244577.0).
point(5, 183669.0, 9357.0).
point(6, -513268.0, 225322.0).
point(7, 113673.0, 270187.0).
point(8, 129493.0, 327776.0).
point(9, -130371.0, -154514.0).
point(10, -95149.0, 530782.0).
point(11, 70660.0, -136946.0).
point(12, 75674.0, -210702.0).
point(13, -528019.0, 183806.0).
point(14, 655324.0, -69247.0).
point(15, 218731.0, -224895.0).
cost(1, 2, 173450).
cost(1, 3, 419896).
cost(1, 4, 408585).
cost(1, 5, 279576).
cost(1, 6, 545372).
cost(1, 7, 413718).
cost(1, 8, 472361).
cost(1, 9, 79344).
cost(1, 10, 629474).
cost(1, 11, 150038).
cost(1, 12, 187414).
cost(1, 13, 534272).
cost(1, 14, 730232).
cost(1, 15, 319214).
cost(2, 1, 173450).
cost(2, 3, 537905).
cost(2, 4, 504638).
cost(2, 5, 434049).
cost(2, 6, 581815).
cost(2, 7, 586488).
cost(2, 8, 644722).
cost(2, 9, 97180).
cost(2, 10, 777987).
cost(2, 11, 262343).
cost(2, 12, 246871).
cost(2, 13, 558268).
cost(2, 14, 842564).
cost(2, 15, 388169).
cost(3, 1, 419896).
cost(3, 2, 537905).
cost(3, 4, 722152).
cost(3, 5, 187929).
cost(3, 6, 913482).
cost(3, 7, 425230).
cost(3, 8, 467035).
cost(3, 9, 480625).
cost(3, 10, 758250).
cost(3, 11, 279356).
cost(3, 12, 297005).
cost(3, 13, 914245).
cost(3, 14, 310399).
cost(3, 15, 187715).
cost(4, 1, 408585).
cost(4, 2, 504638).
cost(4, 3, 722152).
cost(4, 5, 534655).
cost(4, 6, 217657).
cost(4, 7, 410936).
cost(4, 8, 434006).
cost(4, 9, 432274).
cost(4, 10, 349916).
cost(4, 11, 529471).
cost(4, 12, 588018).
cost(4, 13, 239397).
cost(4, 14, 1002191).
cost(4, 15, 697015).
cost(5, 1, 279576).
cost(5, 2, 434049).
cost(5, 3, 187929).
cost(5, 4, 534655).
cost(5, 6, 729631).
cost(5, 7, 270059).
cost(5, 8, 322995).
cost(5, 9, 354224).
cost(5, 10, 591290).
cost(5, 11, 184866).
cost(5, 12, 245130).
cost(5, 13, 732757).
cost(5, 14, 478160).
cost(5, 15, 236861).
cost(6, 1, 545372).
cost(6, 2, 581815).
cost(6, 3, 913482).
cost(6, 4, 217657).
cost(6, 5, 729631).
cost(6, 7, 628544).
cost(6, 8, 650875).
cost(6, 9, 539338).
cost(6, 10, 517812).
cost(6, 11, 687175).
cost(6, 12, 732782).
cost(6, 13, 44059).
cost(6, 14, 1205147).
cost(6, 15, 859371).
cost(7, 1, 413718).
cost(7, 2, 586488).
cost(7, 3, 425230).
cost(7, 4, 410936).
cost(7, 5, 270059).
cost(7, 6, 628544).
cost(7, 8, 59722).
cost(7, 9, 489825).
cost(7, 10, 333941).
cost(7, 11, 409399).
cost(7, 12, 482388).
cost(7, 13, 647480).
cost(7, 14, 639219).
cost(7, 15, 506106).
cost(8, 1, 472361).
cost(8, 2, 644722).
cost(8, 3, 467035).
cost(8, 4, 434006).
cost(8, 5, 322995).
cost(8, 6, 650875).
cost(8, 7, 59722).
cost(8, 9, 547844).
cost(8, 10, 302780).
cost(8, 11, 468431).
cost(8, 12, 541161).
cost(8, 13, 673089).
cost(8, 14, 658882).
cost(8, 15, 559829).
cost(9, 1, 79344).
cost(9, 2, 97180).
cost(9, 3, 480625).
cost(9, 4, 432274).
cost(9, 5, 354224).
cost(9, 6, 539338).
cost(9, 7, 489825).
cost(9, 8, 547844).
cost(9, 10, 686201).
cost(9, 11, 201797).
cost(9, 12, 213569).
cost(9, 13, 522096).
cost(9, 14, 790308).
cost(9, 15, 356126).
cost(10, 1, 629474).
cost(10, 2, 777987).
cost(10, 3, 758250).
cost(10, 4, 349916).
cost(10, 5, 591290).
cost(10, 6, 517812).
cost(10, 7, 333941).
cost(10, 8, 302780).
cost(10, 9, 686201).
cost(10, 11, 688007).
cost(10, 12, 760907).
cost(10, 13, 554769).
cost(10, 14, 960856).
cost(10, 15, 818272).
cost(11, 1, 150038).
cost(11, 2, 262343).
cost(11, 3, 279356).
cost(11, 4, 529471).
cost(11, 5, 184866).
cost(11, 6, 687175).
cost(11, 7, 409399).
cost(11, 8, 468431).
cost(11, 9, 201797).
cost(11, 10, 688007).
cost(11, 12, 73926).
cost(11, 13, 679190).
cost(11, 14, 588570).
cost(11, 15, 172221).
cost(12, 1, 187414).
cost(12, 2, 246871).
cost(12, 3, 297005).
cost(12, 4, 588018).
cost(12, 5, 245130).
cost(12, 6, 732782).
cost(12, 7, 482388).
cost(12, 8, 541161).
cost(12, 9, 213569).
cost(12, 10, 760907).
cost(12, 11, 73926).
cost(12, 13, 721167).
cost(12, 14, 596660).
cost(12, 15, 143759).
cost(13, 1, 534272).
cost(13, 2, 558268).
cost(13, 3, 914245).
cost(13, 4, 239397).
cost(13, 5, 732757).
cost(13, 6, 44059).
cost(13, 7, 647480).
cost(13, 8, 673089).
cost(13, 9, 522096).
cost(13, 10, 554769).
cost(13, 11, 679190).
cost(13, 12, 721167).
cost(13, 14, 1210098).
cost(13, 15, 851277).
cost(14, 1, 730232).
cost(14, 2, 842564).
cost(14, 3, 310399).
cost(14, 4, 1002191).
cost(14, 5, 478160).
cost(14, 6, 1205147).
cost(14, 7, 639219).
cost(14, 8, 658882).
cost(14, 9, 790308).
cost(14, 10, 960856).
cost(14, 11, 588570).
cost(14, 12, 596660).
cost(14, 13, 1210098).
cost(14, 15, 463508).
cost(15, 1, 319214).
cost(15, 2, 388169).
cost(15, 3, 187715).
cost(15, 4, 697015).
cost(15, 5, 236861).
cost(15, 6, 859371).
cost(15, 7, 506106).
cost(15, 8, 559829).
cost(15, 9, 356126).
cost(15, 10, 818272).
cost(15, 11, 172221).
cost(15, 12, 143759).
cost(15, 13, 851277).
cost(15, 14, 463508).
nocross(1,13).
nocross(2,1).
nocross(2,13).
nocross(3,11).
nocross(4,7).
nocross(5,13).
nocross(6,4).
nocross(6,13).
nocross(7,1).
nocross(7,13).
nocross(8,1).
nocross(8,10).
nocross(9,11).
nocross(9,12).
nocross(9,13).
nocross(10,6).
nocross(11,3).
nocross(11,13).
nocross(12,2).
nocross(12,3).
nocross(13,1).
nocross(13,6).
nocross(13,9).
nocross(14,3).
nocross(15,11).
nocross(15,12).
