dimension(25).
point(1, 257883.0, 118768.0).
point(2, -88886.0, -212543.0).
point(3, -132108.0, 300929.0).
point(4, -106088.0, 327922.0).
point(5, -208627.0, 19127.0).
point(6, 103081.0, -246509.0).
point(7, -25982.0, -269972.0).
point(8, 182730.0, 208583.0).
point(9, -170498.0, -272022.0).
point(10, 72030.0, -183821.0).
point(11, -171678.0, -28919.0).
point(12, 160797.0, 296785.0).
point(13, 66377.0, -24556.0).
point(14, -282679.0, -313503.0).
point(15, -53982.0, 117246.0).
point(16, 109126.0, 70289.0).
point(17, 509560.0, 350276.0).
point(18, 22086.0, 60681.0).
point(19, 121052.0, 106570.0).
point(20, -353495.0, -43663.0).
point(21, -174815.0, 243916.0).
point(22, -85929.0, 109514.0).
point(23, -10210.0, -83638.0).
point(24, 8963.0, 82431.0).
point(25, 48763.0, 351778.0).
cost(1, 2, 479600).
cost(1, 3, 430437).
cost(1, 4, 419786).
cost(1, 5, 477032).
cost(1, 6, 396725).
cost(1, 7, 481350).
cost(1, 8, 117110).
cost(1, 9, 579851).
cost(1, 10, 355108).
cost(1, 11, 454240).
cost(1, 12, 202770).
cost(1, 13, 239199).
cost(1, 14, 692146).
cost(1, 15, 311869).
cost(1, 16, 156457).
cost(1, 17, 341961).
cost(1, 18, 242846).
cost(1, 19, 137374).
cost(1, 20, 632587).
cost(1, 21, 450433).
cost(1, 22, 343937).
cost(1, 23, 335920).
cost(1, 24, 251558).
cost(1, 25, 313089).
cost(2, 1, 479600).
cost(2, 3, 515288).
cost(2, 4, 540739).
cost(2, 5, 260785).
cost(2, 6, 194949).
cost(2, 7, 85176).
cost(2, 8, 501121).
cost(2, 9, 100986).
cost(2, 10, 163459).
cost(2, 11, 201426).
cost(2, 12, 567236).
cost(2, 13, 243815).
cost(2, 14, 218515).
cost(2, 15, 331631).
cost(2, 16, 345257).
cost(2, 17, 821525).
cost(2, 18, 294900).
cost(2, 19, 381978).
cost(2, 20, 313908).
cost(2, 21, 464477).
cost(2, 22, 322071).
cost(2, 23, 151018).
cost(2, 24, 310780).
cost(2, 25, 580866).
cost(3, 1, 430437).
cost(3, 2, 515288).
cost(3, 4, 37492).
cost(3, 5, 292006).
cost(3, 6, 595821).
cost(3, 7, 580681).
cost(3, 8, 328102).
cost(3, 9, 574236).
cost(3, 10, 525980).
cost(3, 11, 332213).
cost(3, 12, 292934).
cost(3, 13, 381231).
cost(3, 14, 632612).
cost(3, 15, 199607).
cost(3, 16, 333749).
cost(3, 17, 643563).
cost(3, 18, 285473).
cost(3, 19, 319164).
cost(3, 20, 409580).
cost(3, 21, 71235).
cost(3, 22, 196907).
cost(3, 23, 403424).
cost(3, 24, 260082).
cost(3, 25, 187883).
cost(4, 1, 419786).
cost(4, 2, 540739).
cost(4, 3, 37492).
cost(4, 5, 325375).
cost(4, 6, 611329).
cost(4, 7, 603236).
cost(4, 8, 312502).
cost(4, 9, 603392).
cost(4, 10, 541855).
cost(4, 11, 362819).
cost(4, 12, 268695).
cost(4, 13, 392409).
cost(4, 14, 665290).
cost(4, 15, 217024).
cost(4, 16, 335696).
cost(4, 17, 616054).
cost(4, 18, 296389).
cost(4, 19, 317158).
cost(4, 20, 446414).
cost(4, 21, 108538).
cost(4, 22, 219336).
cost(4, 23, 422580).
cost(4, 24, 271114).
cost(4, 25, 156678).
cost(5, 1, 477032).
cost(5, 2, 260785).
cost(5, 3, 292006).
cost(5, 4, 325375).
cost(5, 6, 409542).
cost(5, 7, 341961).
cost(5, 8, 434803).
cost(5, 9, 293635).
cost(5, 10, 346347).
cost(5, 11, 60611).
cost(5, 12, 462134).
cost(5, 13, 278452).
cost(5, 14, 340773).
cost(5, 15, 183146).
cost(5, 16, 321845).
cost(5, 17, 790855).
cost(5, 18, 234425).
cost(5, 19, 341078).
cost(5, 20, 157890).
cost(5, 21, 227318).
cost(5, 22, 152396).
cost(5, 23, 223450).
cost(5, 24, 226612).
cost(5, 25, 420602).
cost(6, 1, 396725).
cost(6, 2, 194949).
cost(6, 3, 595821).
cost(6, 4, 611329).
cost(6, 5, 409542).
cost(6, 7, 131178).
cost(6, 8, 462009).
cost(6, 9, 274766).
cost(6, 10, 69957).
cost(6, 11, 350482).
cost(6, 12, 546351).
cost(6, 13, 224967).
cost(6, 14, 391534).
cost(6, 15, 396215).
cost(6, 16, 316856).
cost(6, 17, 722065).
cost(6, 18, 317688).
cost(6, 19, 353536).
cost(6, 20, 499608).
cost(6, 21, 563687).
cost(6, 22, 403085).
cost(6, 23, 198398).
cost(6, 24, 342140).
cost(6, 25, 600748).
cost(7, 1, 481350).
cost(7, 2, 85176).
cost(7, 3, 580681).
cost(7, 4, 603236).
cost(7, 5, 341961).
cost(7, 6, 131178).
cost(7, 8, 522088).
cost(7, 9, 144531).
cost(7, 10, 130493).
cost(7, 11, 281663).
cost(7, 12, 596741).
cost(7, 13, 262220).
cost(7, 14, 260362).
cost(7, 15, 388229).
cost(7, 16, 366103).
cost(7, 17, 819459).
cost(7, 18, 334129).
cost(7, 19, 404231).
cost(7, 20, 398096).
cost(7, 21, 535007).
cost(7, 22, 384192).
cost(7, 23, 187000).
cost(7, 24, 354131).
cost(7, 25, 626227).
cost(8, 1, 117110).
cost(8, 2, 501121).
cost(8, 3, 328102).
cost(8, 4, 312502).
cost(8, 5, 434803).
cost(8, 6, 462009).
cost(8, 7, 522088).
cost(8, 9, 596449).
cost(8, 10, 407720).
cost(8, 11, 426629).
cost(8, 12, 90888).
cost(8, 13, 260561).
cost(8, 14, 699414).
cost(8, 15, 253722).
cost(8, 16, 156661).
cost(8, 17, 356223).
cost(8, 18, 218361).
cost(8, 19, 119209).
cost(8, 20, 592592).
cost(8, 21, 359287).
cost(8, 22, 286343).
cost(8, 23, 350170).
cost(8, 24, 214731).
cost(8, 25, 196092).
cost(9, 1, 579851).
cost(9, 2, 100986).
cost(9, 3, 574236).
cost(9, 4, 603392).
cost(9, 5, 293635).
cost(9, 6, 274766).
cost(9, 7, 144531).
cost(9, 8, 596449).
cost(9, 10, 258068).
cost(9, 11, 243106).
cost(9, 12, 658254).
cost(9, 13, 342563).
cost(9, 14, 119605).
cost(9, 15, 406332).
cost(9, 16, 442003).
cost(9, 17, 921810).
cost(9, 18, 384421).
cost(9, 19, 477842).
cost(9, 20, 292636).
cost(9, 21, 515956).
cost(9, 22, 390796).
cost(9, 23, 247347).
cost(9, 24, 397295).
cost(9, 25, 661212).
cost(10, 1, 355108).
cost(10, 2, 163459).
cost(10, 3, 525980).
cost(10, 4, 541855).
cost(10, 5, 346347).
cost(10, 6, 69957).
cost(10, 7, 130493).
cost(10, 8, 407720).
cost(10, 9, 258068).
cost(10, 11, 288770).
cost(10, 12, 488735).
cost(10, 13, 159365).
cost(10, 14, 377672).
cost(10, 15, 326375).
cost(10, 16, 256803).
cost(10, 17, 690429).
cost(10, 18, 249551).
cost(10, 19, 294500).
cost(10, 20, 448013).
cost(10, 21, 493854).
cost(10, 22, 333161).
cost(10, 23, 129615).
cost(10, 24, 273619).
cost(10, 25, 536104).
cost(11, 1, 454240).
cost(11, 2, 201426).
cost(11, 3, 332213).
cost(11, 4, 362819).
cost(11, 5, 60611).
cost(11, 6, 350482).
cost(11, 7, 281663).
cost(11, 8, 426629).
cost(11, 9, 243106).
cost(11, 10, 288770).
cost(11, 12, 465427).
cost(11, 13, 238095).
cost(11, 14, 305466).
cost(11, 15, 187661).
cost(11, 16, 297814).
cost(11, 17, 779663).
cost(11, 18, 213478).
cost(11, 19, 322565).
cost(11, 20, 182414).
cost(11, 21, 272853).
cost(11, 22, 162839).
cost(11, 23, 170488).
cost(11, 24, 212203).
cost(11, 25, 439914).
cost(12, 1, 202770).
cost(12, 2, 567236).
cost(12, 3, 292934).
cost(12, 4, 268695).
cost(12, 5, 462134).
cost(12, 6, 546351).
cost(12, 7, 596741).
cost(12, 8, 90888).
cost(12, 9, 658254).
cost(12, 10, 488735).
cost(12, 11, 465427).
cost(12, 13, 334926).
cost(12, 14, 754402).
cost(12, 15, 279936).
cost(12, 16, 232315).
cost(12, 17, 352841).
cost(12, 18, 273835).
cost(12, 19, 194323).
cost(12, 20, 616767).
cost(12, 21, 339751).
cost(12, 22, 309749).
cost(12, 23, 417091).
cost(12, 24, 262681).
cost(12, 25, 124803).
cost(13, 1, 239199).
cost(13, 2, 243815).
cost(13, 3, 381231).
cost(13, 4, 392409).
cost(13, 5, 278452).
cost(13, 6, 224967).
cost(13, 7, 262220).
cost(13, 8, 260561).
cost(13, 9, 342563).
cost(13, 10, 159365).
cost(13, 11, 238095).
cost(13, 12, 334926).
cost(13, 14, 453134).
cost(13, 15, 185995).
cost(13, 16, 104034).
cost(13, 17, 580440).
cost(13, 18, 96057).
cost(13, 19, 142068).
cost(13, 20, 420307).
cost(13, 21, 360903).
cost(13, 22, 202909).
cost(13, 23, 96728).
cost(13, 24, 121419).
cost(13, 25, 376746).
cost(14, 1, 692146).
cost(14, 2, 218515).
cost(14, 3, 632612).
cost(14, 4, 665290).
cost(14, 5, 340773).
cost(14, 6, 391534).
cost(14, 7, 260362).
cost(14, 8, 699414).
cost(14, 9, 119605).
cost(14, 10, 377672).
cost(14, 11, 305466).
cost(14, 12, 754402).
cost(14, 13, 453134).
cost(14, 15, 487696).
cost(14, 16, 548459).
cost(14, 17, 1033559).
cost(14, 18, 482592).
cost(14, 19, 582632).
cost(14, 20, 278978).
cost(14, 21, 567759).
cost(14, 22, 466534).
cost(14, 23, 356479).
cost(14, 24, 491751).
cost(14, 25, 743272).
cost(15, 1, 311869).
cost(15, 2, 331631).
cost(15, 3, 199607).
cost(15, 4, 217024).
cost(15, 5, 183146).
cost(15, 6, 396215).
cost(15, 7, 388229).
cost(15, 8, 253722).
cost(15, 9, 406332).
cost(15, 10, 326375).
cost(15, 11, 187661).
cost(15, 12, 279936).
cost(15, 13, 185995).
cost(15, 14, 487696).
cost(15, 16, 169733).
cost(15, 17, 609822).
cost(15, 18, 94794).
cost(15, 19, 175359).
cost(15, 20, 340000).
cost(15, 21, 175060).
cost(15, 22, 32869).
cost(15, 23, 205598).
cost(15, 24, 71932).
cost(15, 25, 256050).
cost(16, 1, 156457).
cost(16, 2, 345257).
cost(16, 3, 333749).
cost(16, 4, 335696).
cost(16, 5, 321845).
cost(16, 6, 316856).
cost(16, 7, 366103).
cost(16, 8, 156661).
cost(16, 9, 442003).
cost(16, 10, 256803).
cost(16, 11, 297814).
cost(16, 12, 232315).
cost(16, 13, 104034).
cost(16, 14, 548459).
cost(16, 15, 169733).
cost(16, 17, 488610).
cost(16, 18, 87569).
cost(16, 19, 38191).
cost(16, 20, 476449).
cost(16, 21, 332820).
cost(16, 22, 198960).
cost(16, 23, 194768).
cost(16, 24, 100896).
cost(16, 25, 287888).
cost(17, 1, 341961).
cost(17, 2, 821525).
cost(17, 3, 643563).
cost(17, 4, 616054).
cost(17, 5, 790855).
cost(17, 6, 722065).
cost(17, 7, 819459).
cost(17, 8, 356223).
cost(17, 9, 921810).
cost(17, 10, 690429).
cost(17, 11, 779663).
cost(17, 12, 352841).
cost(17, 13, 580440).
cost(17, 14, 1033559).
cost(17, 15, 609822).
cost(17, 16, 488610).
cost(17, 18, 567006).
cost(17, 19, 458619).
cost(17, 20, 948711).
cost(17, 21, 692590).
cost(17, 22, 642319).
cost(17, 23, 677084).
cost(17, 24, 567748).
cost(17, 25, 460799).
cost(18, 1, 242846).
cost(18, 2, 294900).
cost(18, 3, 285473).
cost(18, 4, 296389).
cost(18, 5, 234425).
cost(18, 6, 317688).
cost(18, 7, 334129).
cost(18, 8, 218361).
cost(18, 9, 384421).
cost(18, 10, 249551).
cost(18, 11, 213478).
cost(18, 12, 273835).
cost(18, 13, 96057).
cost(18, 14, 482592).
cost(18, 15, 94794).
cost(18, 16, 87569).
cost(18, 17, 567006).
cost(18, 19, 109087).
cost(18, 20, 389806).
cost(18, 21, 268970).
cost(18, 22, 118541).
cost(18, 23, 147888).
cost(18, 24, 25402).
cost(18, 25, 292317).
cost(19, 1, 137374).
cost(19, 2, 381978).
cost(19, 3, 319164).
cost(19, 4, 317158).
cost(19, 5, 341078).
cost(19, 6, 353536).
cost(19, 7, 404231).
cost(19, 8, 119209).
cost(19, 9, 477842).
cost(19, 10, 294500).
cost(19, 11, 322565).
cost(19, 12, 194323).
cost(19, 13, 142068).
cost(19, 14, 582632).
cost(19, 15, 175359).
cost(19, 16, 38191).
cost(19, 17, 458619).
cost(19, 18, 109087).
cost(19, 20, 497760).
cost(19, 21, 326192).
cost(19, 22, 207002).
cost(19, 23, 231103).
cost(19, 24, 114659).
cost(19, 25, 255642).
cost(20, 1, 632587).
cost(20, 2, 313908).
cost(20, 3, 409580).
cost(20, 4, 446414).
cost(20, 5, 157890).
cost(20, 6, 499608).
cost(20, 7, 398096).
cost(20, 8, 592592).
cost(20, 9, 292636).
cost(20, 10, 448013).
cost(20, 11, 182414).
cost(20, 12, 616767).
cost(20, 13, 420307).
cost(20, 14, 278978).
cost(20, 15, 340000).
cost(20, 16, 476449).
cost(20, 17, 948711).
cost(20, 18, 389806).
cost(20, 19, 497760).
cost(20, 21, 338568).
cost(20, 22, 308310).
cost(20, 23, 345605).
cost(20, 24, 383765).
cost(20, 25, 564079).
cost(21, 1, 450433).
cost(21, 2, 464477).
cost(21, 3, 71235).
cost(21, 4, 108538).
cost(21, 5, 227318).
cost(21, 6, 563687).
cost(21, 7, 535007).
cost(21, 8, 359287).
cost(21, 9, 515956).
cost(21, 10, 493854).
cost(21, 11, 272853).
cost(21, 12, 339751).
cost(21, 13, 360903).
cost(21, 14, 567759).
cost(21, 15, 175060).
cost(21, 16, 332820).
cost(21, 17, 692590).
cost(21, 18, 268970).
cost(21, 19, 326192).
cost(21, 20, 338568).
cost(21, 22, 161135).
cost(21, 23, 366588).
cost(21, 24, 244646).
cost(21, 25, 248236).
cost(22, 1, 343937).
cost(22, 2, 322071).
cost(22, 3, 196907).
cost(22, 4, 219336).
cost(22, 5, 152396).
cost(22, 6, 403085).
cost(22, 7, 384192).
cost(22, 8, 286343).
cost(22, 9, 390796).
cost(22, 10, 333161).
cost(22, 11, 162839).
cost(22, 12, 309749).
cost(22, 13, 202909).
cost(22, 14, 466534).
cost(22, 15, 32869).
cost(22, 16, 198960).
cost(22, 17, 642319).
cost(22, 18, 118541).
cost(22, 19, 207002).
cost(22, 20, 308310).
cost(22, 21, 161135).
cost(22, 23, 207463).
cost(22, 24, 98681).
cost(22, 25, 277189).
cost(23, 1, 335920).
cost(23, 2, 151018).
cost(23, 3, 403424).
cost(23, 4, 422580).
cost(23, 5, 223450).
cost(23, 6, 198398).
cost(23, 7, 187000).
cost(23, 8, 350170).
cost(23, 9, 247347).
cost(23, 10, 129615).
cost(23, 11, 170488).
cost(23, 12, 417091).
cost(23, 13, 96728).
cost(23, 14, 356479).
cost(23, 15, 205598).
cost(23, 16, 194768).
cost(23, 17, 677084).
cost(23, 18, 147888).
cost(23, 19, 231103).
cost(23, 20, 345605).
cost(23, 21, 366588).
cost(23, 22, 207463).
cost(23, 24, 167172).
cost(23, 25, 439392).
cost(24, 1, 251558).
cost(24, 2, 310780).
cost(24, 3, 260082).
cost(24, 4, 271114).
cost(24, 5, 226612).
cost(24, 6, 342140).
cost(24, 7, 354131).
cost(24, 8, 214731).
cost(24, 9, 397295).
cost(24, 10, 273619).
cost(24, 11, 212203).
cost(24, 12, 262681).
cost(24, 13, 121419).
cost(24, 14, 491751).
cost(24, 15, 71932).
cost(24, 16, 100896).
cost(24, 17, 567748).
cost(24, 18, 25402).
cost(24, 19, 114659).
cost(24, 20, 383765).
cost(24, 21, 244646).
cost(24, 22, 98681).
cost(24, 23, 167172).
cost(24, 25, 272272).
cost(25, 1, 313089).
cost(25, 2, 580866).
cost(25, 3, 187883).
cost(25, 4, 156678).
cost(25, 5, 420602).
cost(25, 6, 600748).
cost(25, 7, 626227).
cost(25, 8, 196092).
cost(25, 9, 661212).
cost(25, 10, 536104).
cost(25, 11, 439914).
cost(25, 12, 124803).
cost(25, 13, 376746).
cost(25, 14, 743272).
cost(25, 15, 256050).
cost(25, 16, 287888).
cost(25, 17, 460799).
cost(25, 18, 292317).
cost(25, 19, 255642).
cost(25, 20, 564079).
cost(25, 21, 248236).
cost(25, 22, 277189).
cost(25, 23, 439392).
cost(25, 24, 272272).
nocross(1,4).
nocross(1,8).
nocross(1,16).
nocross(2,4).
nocross(2,5).
nocross(2,6).
nocross(2,7).
nocross(2,9).
nocross(2,10).
nocross(2,14).
nocross(2,22).
nocross(2,23).
nocross(3,15).
nocross(3,21).
nocross(3,22).
nocross(4,15).
nocross(4,22).
nocross(5,2).
nocross(5,4).
nocross(5,7).
nocross(5,14).
nocross(5,15).
nocross(5,20).
nocross(5,21).
nocross(5,22).
nocross(5,24).
nocross(6,2).
nocross(6,4).
nocross(6,7).
nocross(6,22).
nocross(6,23).
nocross(7,2).
nocross(7,6).
nocross(7,9).
nocross(7,10).
nocross(7,22).
nocross(7,23).
nocross(8,1).
nocross(8,4).
nocross(8,24).
nocross(9,2).
nocross(9,4).
nocross(9,5).
nocross(9,7).
nocross(9,14).
nocross(9,20).
nocross(9,22).
nocross(10,2).
nocross(10,6).
nocross(10,7).
nocross(10,9).
nocross(10,22).
nocross(10,23).
nocross(11,2).
nocross(11,4).
nocross(11,7).
nocross(11,14).
nocross(11,15).
nocross(11,21).
nocross(11,22).
nocross(11,24).
nocross(12,4).
nocross(12,24).
nocross(12,25).
nocross(13,6).
nocross(13,7).
nocross(13,10).
nocross(13,14).
nocross(13,16).
nocross(13,18).
nocross(13,22).
nocross(13,23).
nocross(13,24).
nocross(14,20).
nocross(15,2).
nocross(15,4).
nocross(15,5).
nocross(15,8).
nocross(15,21).
nocross(15,22).
nocross(15,23).
nocross(15,25).
nocross(16,4).
nocross(16,13).
nocross(16,15).
nocross(16,18).
nocross(16,23).
nocross(16,24).
nocross(16,25).
nocross(17,1).
nocross(17,4).
nocross(17,8).
nocross(17,12).
nocross(18,4).
nocross(18,5).
nocross(18,13).
nocross(18,16).
nocross(18,22).
nocross(18,23).
nocross(18,24).
nocross(18,25).
nocross(19,1).
nocross(19,4).
nocross(19,8).
nocross(19,16).
nocross(20,14).
nocross(21,4).
nocross(21,5).
nocross(21,15).
nocross(21,22).
nocross(21,24).
nocross(22,2).
nocross(22,4).
nocross(22,5).
nocross(22,8).
nocross(22,15).
nocross(22,21).
nocross(22,23).
nocross(22,24).
nocross(22,25).
nocross(23,2).
nocross(23,5).
nocross(23,7).
nocross(23,9).
nocross(23,10).
nocross(23,13).
nocross(23,14).
nocross(23,15).
nocross(23,18).
nocross(23,22).
nocross(23,24).
nocross(24,4).
nocross(24,15).
nocross(24,16).
nocross(24,22).
nocross(24,23).
nocross(24,25).
nocross(25,4).
nocross(25,8).
nocross(25,24).
