dimension(25).
point(1, 100641.0, 205532.0).
point(2, 2583.0, 30963.0).
point(3, -182041.0, -90356.0).
point(4, 130087.0, 240552.0).
point(5, -296072.0, -229675.0).
point(6, -40749.0, 107092.0).
point(7, -13550.0, 396633.0).
point(8, 278401.0, 154378.0).
point(9, 156552.0, 212596.0).
point(10, 111565.0, -10188.0).
point(11, 246649.0, -15813.0).
point(12, 301153.0, 249371.0).
point(13, 121598.0, -198528.0).
point(14, 86723.0, -21484.0).
point(15, -261392.0, 282889.0).
point(16, 377375.0, 553042.0).
point(17, -306466.0, -182870.0).
point(18, 178377.0, -13428.0).
point(19, -140639.0, -319791.0).
point(20, 58581.0, 14903.0).
point(21, 410317.0, -70143.0).
point(22, 133221.0, -186654.0).
point(23, -22122.0, -9276.0).
point(24, 81498.0, -1513.0).
point(25, -89711.0, 235304.0).
cost(1, 2, 200224).
cost(1, 3, 409217).
cost(1, 4, 45754).
cost(1, 5, 588886).
cost(1, 6, 172283).
cost(1, 7, 222619).
cost(1, 8, 184974).
cost(1, 9, 56355).
cost(1, 10, 215996).
cost(1, 11, 265164).
cost(1, 12, 205248).
cost(1, 13, 404603).
cost(1, 14, 227442).
cost(1, 15, 370205).
cost(1, 16, 444235).
cost(1, 17, 562665).
cost(1, 18, 232350).
cost(1, 19, 578083).
cost(1, 20, 195214).
cost(1, 21, 414603).
cost(1, 22, 393537).
cost(1, 23, 247413).
cost(1, 24, 207928).
cost(1, 25, 192666).
cost(2, 1, 200224).
cost(2, 3, 220917).
cost(2, 4, 245326).
cost(2, 5, 396392).
cost(2, 6, 87597).
cost(2, 7, 366026).
cost(2, 8, 302170).
cost(2, 9, 238111).
cost(2, 10, 116492).
cost(2, 11, 248508).
cost(2, 12, 369927).
cost(2, 13, 258516).
cost(2, 14, 99148).
cost(2, 15, 364897).
cost(2, 16, 642678).
cost(2, 17, 375814).
cost(2, 18, 181312).
cost(2, 19, 378868).
cost(2, 20, 58255).
cost(2, 21, 420083).
cost(2, 22, 253818).
cost(2, 23, 47218).
cost(2, 24, 85336).
cost(2, 25, 224217).
cost(3, 1, 409217).
cost(3, 2, 220917).
cost(3, 4, 454889).
cost(3, 5, 180036).
cost(3, 6, 242794).
cost(3, 7, 515313).
cost(3, 8, 521442).
cost(3, 9, 454340).
cost(3, 10, 304354).
cost(3, 11, 435123).
cost(3, 12, 590670).
cost(3, 13, 322332).
cost(3, 14, 277448).
cost(3, 15, 381587).
cost(3, 16, 852589).
cost(3, 17, 155050).
cost(3, 18, 368536).
cost(3, 19, 233141).
cost(3, 20, 262637).
cost(3, 21, 592703).
cost(3, 22, 329641).
cost(3, 23, 179299).
cost(3, 24, 278111).
cost(3, 25, 338496).
cost(4, 1, 45754).
cost(4, 2, 245326).
cost(4, 3, 454889).
cost(4, 5, 634606).
cost(4, 6, 216787).
cost(4, 7, 212115).
cost(4, 8, 171531).
cost(4, 9, 38496).
cost(4, 10, 251423).
cost(4, 11, 281620).
cost(4, 12, 171293).
cost(4, 13, 439162).
cost(4, 14, 265600).
cost(4, 15, 393762).
cost(4, 16, 398499).
cost(4, 17, 608165).
cost(4, 18, 258530).
cost(4, 19, 622316).
cost(4, 20, 236708).
cost(4, 21, 418402).
cost(4, 22, 427217).
cost(4, 23, 292543).
cost(4, 24, 246893).
cost(4, 25, 219861).
cost(5, 1, 588886).
cost(5, 2, 396392).
cost(5, 3, 180036).
cost(5, 4, 634606).
cost(5, 6, 422613).
cost(5, 7, 687081).
cost(5, 8, 691025).
cost(5, 9, 632829).
cost(5, 10, 462971).
cost(5, 11, 583338).
cost(5, 12, 765613).
cost(5, 13, 418830).
cost(5, 14, 435747).
cost(5, 15, 513736).
cost(5, 16, 1032558).
cost(5, 17, 47945).
cost(5, 18, 521406).
cost(5, 19, 179667).
cost(5, 20, 430810).
cost(5, 21, 724179).
cost(5, 22, 431443).
cost(5, 23, 351603).
cost(5, 24, 441154).
cost(5, 25, 508714).
cost(6, 1, 172283).
cost(6, 2, 87597).
cost(6, 3, 242794).
cost(6, 4, 216787).
cost(6, 5, 422613).
cost(6, 7, 290816).
cost(6, 8, 322634).
cost(6, 9, 223738).
cost(6, 10, 192235).
cost(6, 11, 312575).
cost(6, 12, 370325).
cost(6, 13, 346064).
cost(6, 14, 181055).
cost(6, 15, 282113).
cost(6, 16, 611309).
cost(6, 17, 393298).
cost(6, 18, 250083).
cost(6, 19, 438414).
cost(6, 20, 135518).
cost(6, 21, 484637).
cost(6, 22, 341398).
cost(6, 23, 117849).
cost(6, 24, 163522).
cost(6, 25, 137243).
cost(7, 1, 222619).
cost(7, 2, 366026).
cost(7, 3, 515313).
cost(7, 4, 212115).
cost(7, 5, 687081).
cost(7, 6, 290816).
cost(7, 8, 379372).
cost(7, 9, 250608).
cost(7, 10, 425626).
cost(7, 11, 487663).
cost(7, 12, 347454).
cost(7, 13, 610313).
cost(7, 14, 429973).
cost(7, 15, 272696).
cost(7, 16, 421054).
cost(7, 17, 649325).
cost(7, 18, 452754).
cost(7, 19, 727609).
cost(7, 20, 388485).
cost(7, 21, 630510).
cost(7, 22, 601469).
cost(7, 23, 406000).
cost(7, 24, 409334).
cost(7, 25, 178403).
cost(8, 1, 184974).
cost(8, 2, 302170).
cost(8, 3, 521442).
cost(8, 4, 171531).
cost(8, 5, 691025).
cost(8, 6, 322634).
cost(8, 7, 379372).
cost(8, 9, 135043).
cost(8, 10, 234342).
cost(8, 11, 173128).
cost(8, 12, 97680).
cost(8, 13, 386173).
cost(8, 14, 260131).
cost(8, 15, 554880).
cost(8, 16, 410766).
cost(8, 17, 675134).
cost(8, 18, 195355).
cost(8, 19, 632796).
cost(8, 20, 260335).
cost(8, 21, 260406).
cost(8, 22, 370648).
cost(8, 23, 342194).
cost(8, 24, 251143).
cost(8, 25, 376902).
cost(9, 1, 56355).
cost(9, 2, 238111).
cost(9, 3, 454340).
cost(9, 4, 38496).
cost(9, 5, 632829).
cost(9, 6, 223738).
cost(9, 7, 250608).
cost(9, 8, 135043).
cost(9, 10, 227281).
cost(9, 11, 245536).
cost(9, 12, 149204).
cost(9, 13, 412607).
cost(9, 14, 244273).
cost(9, 15, 423814).
cost(9, 16, 405791).
cost(9, 17, 608916).
cost(9, 18, 227075).
cost(9, 19, 609720).
cost(9, 20, 220637).
cost(9, 21, 379918).
cost(9, 22, 399931).
cost(9, 23, 284871).
cost(9, 24, 226883).
cost(9, 25, 247308).
cost(10, 1, 215996).
cost(10, 2, 116492).
cost(10, 3, 304354).
cost(10, 4, 251423).
cost(10, 5, 462971).
cost(10, 6, 192235).
cost(10, 7, 425626).
cost(10, 8, 234342).
cost(10, 9, 227281).
cost(10, 11, 135201).
cost(10, 12, 321426).
cost(10, 13, 188607).
cost(10, 14, 27290).
cost(10, 15, 474332).
cost(10, 16, 622803).
cost(10, 17, 452293).
cost(10, 18, 66891).
cost(10, 19, 399326).
cost(10, 20, 58625).
cost(10, 21, 304709).
cost(10, 22, 177790).
cost(10, 23, 133690).
cost(10, 24, 31293).
cost(10, 25, 317456).
cost(11, 1, 265164).
cost(11, 2, 248508).
cost(11, 3, 435123).
cost(11, 4, 281620).
cost(11, 5, 583338).
cost(11, 6, 312575).
cost(11, 7, 487663).
cost(11, 8, 173128).
cost(11, 9, 245536).
cost(11, 10, 135201).
cost(11, 12, 270727).
cost(11, 13, 221410).
cost(11, 14, 160027).
cost(11, 15, 589346).
cost(11, 16, 583683).
cost(11, 17, 577793).
cost(11, 18, 68314).
cost(11, 19, 492336).
cost(11, 20, 190560).
cost(11, 21, 172450).
cost(11, 22, 205067).
cost(11, 23, 268850).
cost(11, 24, 165769).
cost(11, 25, 419759).
cost(12, 1, 205248).
cost(12, 2, 369927).
cost(12, 3, 590670).
cost(12, 4, 171293).
cost(12, 5, 765613).
cost(12, 6, 370325).
cost(12, 7, 347454).
cost(12, 8, 97680).
cost(12, 9, 149204).
cost(12, 10, 321426).
cost(12, 11, 270727).
cost(12, 13, 482549).
cost(12, 14, 345460).
cost(12, 15, 563543).
cost(12, 16, 313091).
cost(12, 17, 745676).
cost(12, 18, 290064).
cost(12, 19, 720504).
cost(12, 20, 337367).
cost(12, 21, 337648).
cost(12, 22, 467246).
cost(12, 23, 414011).
cost(12, 24, 333453).
cost(12, 25, 391117).
cost(13, 1, 404603).
cost(13, 2, 258516).
cost(13, 3, 322332).
cost(13, 4, 439162).
cost(13, 5, 418830).
cost(13, 6, 346064).
cost(13, 7, 610313).
cost(13, 8, 386173).
cost(13, 9, 412607).
cost(13, 10, 188607).
cost(13, 11, 221410).
cost(13, 12, 482549).
cost(13, 14, 180446).
cost(13, 15, 615178).
cost(13, 16, 793901).
cost(13, 17, 428350).
cost(13, 18, 193613).
cost(13, 19, 288917).
cost(13, 20, 222540).
cost(13, 21, 315977).
cost(13, 22, 16616).
cost(13, 23, 237638).
cost(13, 24, 201055).
cost(13, 25, 482557).
cost(14, 1, 227442).
cost(14, 2, 99148).
cost(14, 3, 277448).
cost(14, 4, 265600).
cost(14, 5, 435747).
cost(14, 6, 181055).
cost(14, 7, 429973).
cost(14, 8, 260131).
cost(14, 9, 244273).
cost(14, 10, 27290).
cost(14, 11, 160027).
cost(14, 12, 345460).
cost(14, 13, 180446).
cost(14, 15, 462414).
cost(14, 16, 643862).
cost(14, 17, 425021).
cost(14, 18, 92007).
cost(14, 19, 375074).
cost(14, 20, 46000).
cost(14, 21, 327232).
cost(14, 22, 171590).
cost(14, 23, 109527).
cost(14, 24, 20643).
cost(14, 25, 311559).
cost(15, 1, 370205).
cost(15, 2, 364897).
cost(15, 3, 381587).
cost(15, 4, 393762).
cost(15, 5, 513736).
cost(15, 6, 282113).
cost(15, 7, 272696).
cost(15, 8, 554880).
cost(15, 9, 423814).
cost(15, 10, 474332).
cost(15, 11, 589346).
cost(15, 12, 563543).
cost(15, 13, 615178).
cost(15, 14, 462414).
cost(15, 16, 693546).
cost(15, 17, 467935).
cost(15, 18, 530283).
cost(15, 19, 614658).
cost(15, 20, 417372).
cost(15, 21, 758831).
cost(15, 22, 613343).
cost(15, 23, 377638).
cost(15, 24, 445486).
cost(15, 25, 178154).
cost(16, 1, 444235).
cost(16, 2, 642678).
cost(16, 3, 852589).
cost(16, 4, 398499).
cost(16, 5, 1032558).
cost(16, 6, 611309).
cost(16, 7, 421054).
cost(16, 8, 410766).
cost(16, 9, 405791).
cost(16, 10, 622803).
cost(16, 11, 583683).
cost(16, 12, 313091).
cost(16, 13, 793901).
cost(16, 14, 643862).
cost(16, 15, 693546).
cost(16, 17, 1004592).
cost(16, 18, 600407).
cost(16, 19, 1014976).
cost(16, 20, 625478).
cost(16, 21, 624055).
cost(16, 22, 778949).
cost(16, 23, 689782).
cost(16, 24, 628549).
cost(16, 25, 564913).
cost(17, 1, 562665).
cost(17, 2, 375814).
cost(17, 3, 155050).
cost(17, 4, 608165).
cost(17, 5, 47945).
cost(17, 6, 393298).
cost(17, 7, 649325).
cost(17, 8, 675134).
cost(17, 9, 608916).
cost(17, 10, 452293).
cost(17, 11, 577793).
cost(17, 12, 745676).
cost(17, 13, 428350).
cost(17, 14, 425021).
cost(17, 15, 467935).
cost(17, 16, 1004592).
cost(17, 18, 513598).
cost(17, 19, 215049).
cost(17, 20, 415179).
cost(17, 21, 725593).
cost(17, 22, 439703).
cost(17, 23, 333146).
cost(17, 24, 428260).
cost(17, 25, 471012).
cost(18, 1, 232350).
cost(18, 2, 181312).
cost(18, 3, 368536).
cost(18, 4, 258530).
cost(18, 5, 521406).
cost(18, 6, 250083).
cost(18, 7, 452754).
cost(18, 8, 195355).
cost(18, 9, 227075).
cost(18, 10, 66891).
cost(18, 11, 68314).
cost(18, 12, 290064).
cost(18, 13, 193613).
cost(18, 14, 92007).
cost(18, 15, 530283).
cost(18, 16, 600407).
cost(18, 17, 513598).
cost(18, 19, 442300).
cost(18, 20, 123100).
cost(18, 21, 238773).
cost(18, 22, 179015).
cost(18, 23, 200542).
cost(18, 24, 97609).
cost(18, 25, 365703).
cost(19, 1, 578083).
cost(19, 2, 378868).
cost(19, 3, 233141).
cost(19, 4, 622316).
cost(19, 5, 179667).
cost(19, 6, 438414).
cost(19, 7, 727609).
cost(19, 8, 632796).
cost(19, 9, 609720).
cost(19, 10, 399326).
cost(19, 11, 492336).
cost(19, 12, 720504).
cost(19, 13, 288917).
cost(19, 14, 375074).
cost(19, 15, 614658).
cost(19, 16, 1014976).
cost(19, 17, 215049).
cost(19, 18, 442300).
cost(19, 20, 389498).
cost(19, 21, 604877).
cost(19, 22, 304507).
cost(19, 23, 332364).
cost(19, 24, 388131).
cost(19, 25, 557426).
cost(20, 1, 195214).
cost(20, 2, 58255).
cost(20, 3, 262637).
cost(20, 4, 236708).
cost(20, 5, 430810).
cost(20, 6, 135518).
cost(20, 7, 388485).
cost(20, 8, 260335).
cost(20, 9, 220637).
cost(20, 10, 58625).
cost(20, 11, 190560).
cost(20, 12, 337367).
cost(20, 13, 222540).
cost(20, 14, 46000).
cost(20, 15, 417372).
cost(20, 16, 625478).
cost(20, 17, 415179).
cost(20, 18, 123100).
cost(20, 19, 389498).
cost(20, 21, 361872).
cost(20, 22, 214933).
cost(20, 23, 84247).
cost(20, 24, 28190).
cost(20, 25, 265645).
cost(21, 1, 414603).
cost(21, 2, 420083).
cost(21, 3, 592703).
cost(21, 4, 418402).
cost(21, 5, 724179).
cost(21, 6, 484637).
cost(21, 7, 630510).
cost(21, 8, 260406).
cost(21, 9, 379918).
cost(21, 10, 304709).
cost(21, 11, 172450).
cost(21, 12, 337648).
cost(21, 13, 315977).
cost(21, 14, 327232).
cost(21, 15, 758831).
cost(21, 16, 624055).
cost(21, 17, 725593).
cost(21, 18, 238773).
cost(21, 19, 604877).
cost(21, 20, 361872).
cost(21, 22, 300594).
cost(21, 23, 436702).
cost(21, 24, 335905).
cost(21, 25, 585940).
cost(22, 1, 393537).
cost(22, 2, 253818).
cost(22, 3, 329641).
cost(22, 4, 427217).
cost(22, 5, 431443).
cost(22, 6, 341398).
cost(22, 7, 601469).
cost(22, 8, 370648).
cost(22, 9, 399931).
cost(22, 10, 177790).
cost(22, 11, 205067).
cost(22, 12, 467246).
cost(22, 13, 16616).
cost(22, 14, 171590).
cost(22, 15, 613343).
cost(22, 16, 778949).
cost(22, 17, 439703).
cost(22, 18, 179015).
cost(22, 19, 304507).
cost(22, 20, 214933).
cost(22, 21, 300594).
cost(22, 23, 235785).
cost(22, 24, 192230).
cost(22, 25, 477229).
cost(23, 1, 247413).
cost(23, 2, 47218).
cost(23, 3, 179299).
cost(23, 4, 292543).
cost(23, 5, 351603).
cost(23, 6, 117849).
cost(23, 7, 406000).
cost(23, 8, 342194).
cost(23, 9, 284871).
cost(23, 10, 133690).
cost(23, 11, 268850).
cost(23, 12, 414011).
cost(23, 13, 237638).
cost(23, 14, 109527).
cost(23, 15, 377638).
cost(23, 16, 689782).
cost(23, 17, 333146).
cost(23, 18, 200542).
cost(23, 19, 332364).
cost(23, 20, 84247).
cost(23, 21, 436702).
cost(23, 22, 235785).
cost(23, 24, 103910).
cost(23, 25, 253747).
cost(24, 1, 207928).
cost(24, 2, 85336).
cost(24, 3, 278111).
cost(24, 4, 246893).
cost(24, 5, 441154).
cost(24, 6, 163522).
cost(24, 7, 409334).
cost(24, 8, 251143).
cost(24, 9, 226883).
cost(24, 10, 31293).
cost(24, 11, 165769).
cost(24, 12, 333453).
cost(24, 13, 201055).
cost(24, 14, 20643).
cost(24, 15, 445486).
cost(24, 16, 628549).
cost(24, 17, 428260).
cost(24, 18, 97609).
cost(24, 19, 388131).
cost(24, 20, 28190).
cost(24, 21, 335905).
cost(24, 22, 192230).
cost(24, 23, 103910).
cost(24, 25, 292224).
cost(25, 1, 192666).
cost(25, 2, 224217).
cost(25, 3, 338496).
cost(25, 4, 219861).
cost(25, 5, 508714).
cost(25, 6, 137243).
cost(25, 7, 178403).
cost(25, 8, 376902).
cost(25, 9, 247308).
cost(25, 10, 317456).
cost(25, 11, 419759).
cost(25, 12, 391117).
cost(25, 13, 482557).
cost(25, 14, 311559).
cost(25, 15, 178154).
cost(25, 16, 564913).
cost(25, 17, 471012).
cost(25, 18, 365703).
cost(25, 19, 557426).
cost(25, 20, 265645).
cost(25, 21, 585940).
cost(25, 22, 477229).
cost(25, 23, 253747).
cost(25, 24, 292224).
nocross(1,6).
nocross(1,11).
nocross(1,18).
nocross(2,3).
nocross(2,6).
nocross(2,14).
nocross(2,20).
nocross(2,23).
nocross(3,2).
nocross(3,5).
nocross(3,6).
nocross(3,14).
nocross(3,17).
nocross(3,19).
nocross(3,20).
nocross(3,21).
nocross(3,23).
nocross(4,1).
nocross(4,6).
nocross(4,8).
nocross(4,9).
nocross(4,11).
nocross(4,12).
nocross(4,25).
nocross(5,3).
nocross(5,19).
nocross(6,1).
nocross(6,2).
nocross(6,3).
nocross(6,23).
nocross(6,25).
nocross(7,1).
nocross(7,4).
nocross(7,6).
nocross(7,12).
nocross(7,15).
nocross(7,25).
nocross(8,6).
nocross(8,11).
nocross(8,12).
nocross(8,18).
nocross(9,6).
nocross(9,8).
nocross(9,11).
nocross(9,12).
nocross(9,18).
nocross(10,9).
nocross(10,14).
nocross(10,18).
nocross(10,20).
nocross(11,6).
nocross(11,8).
nocross(11,9).
nocross(11,12).
nocross(11,21).
nocross(12,4).
nocross(12,6).
nocross(12,8).
nocross(12,9).
nocross(12,11).
nocross(14,2).
nocross(14,9).
nocross(14,10).
nocross(14,19).
nocross(14,21).
nocross(14,22).
nocross(14,23).
nocross(15,3).
nocross(15,6).
nocross(15,7).
nocross(15,17).
nocross(15,25).
nocross(16,4).
nocross(16,7).
nocross(16,8).
nocross(16,9).
nocross(16,12).
nocross(17,2).
nocross(17,3).
nocross(17,6).
nocross(17,14).
nocross(17,19).
nocross(17,21).
nocross(17,23).
nocross(18,6).
nocross(18,8).
nocross(18,11).
nocross(19,3).
nocross(19,17).
nocross(20,2).
nocross(20,6).
nocross(20,11).
nocross(21,8).
nocross(21,11).
nocross(21,12).
nocross(21,18).
nocross(22,2).
nocross(22,3).
nocross(22,8).
nocross(22,11).
nocross(22,18).
nocross(22,19).
nocross(22,21).
nocross(22,23).
nocross(23,2).
nocross(23,3).
nocross(23,6).
nocross(23,14).
nocross(23,17).
nocross(23,20).
nocross(24,2).
nocross(24,6).
nocross(24,8).
nocross(24,9).
nocross(24,10).
nocross(24,11).
nocross(24,14).
nocross(24,18).
nocross(24,20).
nocross(25,1).
nocross(25,2).
nocross(25,3).
nocross(25,6).
nocross(25,17).
nocross(25,20).
