dimension(25).
point(1, 295921.0, 83156.0).
point(2, 505256.0, 134732.0).
point(3, -29076.0, -50516.0).
point(4, -208092.0, -120553.0).
point(5, -105556.0, -137707.0).
point(6, 240120.0, -289345.0).
point(7, 208652.0, 159863.0).
point(8, -380561.0, -89590.0).
point(9, 268000.0, -65649.0).
point(10, -72137.0, 223443.0).
point(11, 67889.0, 30251.0).
point(12, 191910.0, 324242.0).
point(13, -176287.0, 159140.0).
point(14, -24710.0, -204263.0).
point(15, 25845.0, -36433.0).
point(16, 25641.0, -8380.0).
point(17, -78687.0, 169329.0).
point(18, 77296.0, -324522.0).
point(19, 449177.0, -70984.0).
point(20, -238139.0, 220928.0).
point(21, -182517.0, -180452.0).
point(22, 195523.0, 254002.0).
point(23, 80659.0, 18145.0).
point(24, -212096.0, 216757.0).
point(25, 95418.0, -39323.0).
cost(1, 2, 215595).
cost(1, 3, 351413).
cost(1, 4, 543623).
cost(1, 5, 458219).
cost(1, 6, 376657).
cost(1, 7, 116189).
cost(1, 8, 698190).
cost(1, 9, 151402).
cost(1, 10, 393887).
cost(1, 11, 234089).
cost(1, 12, 262566).
cost(1, 13, 478282).
cost(1, 14, 430597).
cost(1, 15, 295369).
cost(1, 16, 285360).
cost(1, 17, 384392).
cost(1, 18, 462599).
cost(1, 19, 217363).
cost(1, 20, 551544).
cost(1, 21, 546253).
cost(1, 22, 198162).
cost(1, 23, 224865).
cost(1, 24, 525291).
cost(1, 25, 234952).
cost(2, 1, 215595).
cost(2, 3, 565533).
cost(2, 4, 757652).
cost(2, 5, 668816).
cost(2, 6, 500138).
cost(2, 7, 297667).
cost(2, 8, 913779).
cost(2, 9, 310553).
cost(2, 10, 584168).
cost(2, 11, 449673).
cost(2, 12, 366196).
cost(2, 13, 681980).
cost(2, 14, 629112).
cost(2, 15, 509050).
cost(2, 16, 500511).
cost(2, 17, 584967).
cost(2, 18, 627745).
cost(2, 19, 213223).
cost(2, 20, 748375).
cost(2, 21, 756553).
cost(2, 22, 331903).
cost(2, 23, 440313).
cost(2, 24, 722026).
cost(2, 25, 445267).
cost(3, 1, 351413).
cost(3, 2, 565533).
cost(3, 4, 192229).
cost(3, 5, 115980).
cost(3, 6, 359869).
cost(3, 7, 317449).
cost(3, 8, 353650).
cost(3, 9, 297461).
cost(3, 10, 277323).
cost(3, 11, 126196).
cost(3, 12, 435061).
cost(3, 13, 256177).
cost(3, 14, 153809).
cost(3, 15, 56698).
cost(3, 16, 69061).
cost(3, 17, 225373).
cost(3, 18, 293929).
cost(3, 19, 478691).
cost(3, 20, 342621).
cost(3, 21, 201066).
cost(3, 22, 378386).
cost(3, 23, 129445).
cost(3, 24, 323931).
cost(3, 25, 124996).
cost(4, 1, 543623).
cost(4, 2, 757652).
cost(4, 3, 192229).
cost(4, 5, 103961).
cost(4, 6, 478941).
cost(4, 7, 502303).
cost(4, 8, 175226).
cost(4, 9, 479247).
cost(4, 10, 369888).
cost(4, 11, 314495).
cost(4, 12, 598201).
cost(4, 13, 281496).
cost(4, 14, 201585).
cost(4, 15, 248601).
cost(4, 16, 259256).
cost(4, 17, 317454).
cost(4, 18, 350784).
cost(4, 19, 659136).
cost(4, 20, 342800).
cost(4, 21, 65130).
cost(4, 22, 550633).
cost(4, 23, 320335).
cost(4, 24, 337334).
cost(4, 25, 314192).
cost(5, 1, 458219).
cost(5, 2, 668816).
cost(5, 3, 115980).
cost(5, 4, 103961).
cost(5, 6, 377473).
cost(5, 7, 432752).
cost(5, 8, 279183).
cost(5, 9, 380442).
cost(5, 10, 362693).
cost(5, 11, 241440).
cost(5, 12, 549439).
cost(5, 13, 305157).
cost(5, 14, 104718).
cost(5, 15, 165900).
cost(5, 16, 184223).
cost(5, 17, 308209).
cost(5, 18, 261409).
cost(5, 19, 558731).
cost(5, 20, 382358).
cost(5, 21, 88035).
cost(5, 22, 494049).
cost(5, 23, 242829).
cost(5, 24, 370129).
cost(5, 25, 223763).
cost(6, 1, 376657).
cost(6, 2, 500138).
cost(6, 3, 359869).
cost(6, 4, 478941).
cost(6, 5, 377473).
cost(6, 7, 450309).
cost(6, 8, 652033).
cost(6, 9, 225427).
cost(6, 10, 600380).
cost(6, 11, 363050).
cost(6, 12, 615478).
cost(6, 13, 611991).
cost(6, 14, 278162).
cost(6, 15, 331479).
cost(6, 16, 353472).
cost(6, 17, 558587).
cost(6, 18, 166581).
cost(6, 19, 302302).
cost(6, 20, 699364).
cost(6, 21, 436440).
cost(6, 22, 545174).
cost(6, 23, 346378).
cost(6, 24, 678704).
cost(6, 25, 288877).
cost(7, 1, 116189).
cost(7, 2, 297667).
cost(7, 3, 317449).
cost(7, 4, 502303).
cost(7, 5, 432752).
cost(7, 6, 450309).
cost(7, 8, 639843).
cost(7, 9, 233191).
cost(7, 10, 287897).
cost(7, 11, 191347).
cost(7, 12, 165229).
cost(7, 13, 384940).
cost(7, 14, 432488).
cost(7, 15, 268236).
cost(7, 16, 248594).
cost(7, 17, 287495).
cost(7, 18, 501880).
cost(7, 19, 333381).
cost(7, 20, 450945).
cost(7, 21, 518486).
cost(7, 22, 95050).
cost(7, 23, 190961).
cost(7, 24, 424577).
cost(7, 25, 229122).
cost(8, 1, 698190).
cost(8, 2, 913779).
cost(8, 3, 353650).
cost(8, 4, 175226).
cost(8, 5, 279183).
cost(8, 6, 652033).
cost(8, 7, 639843).
cost(8, 9, 649003).
cost(8, 10, 439449).
cost(8, 11, 464187).
cost(8, 12, 706385).
cost(8, 13, 321861).
cost(8, 14, 373871).
cost(8, 15, 409868).
cost(8, 16, 414240).
cost(8, 17, 397702).
cost(8, 18, 514613).
cost(8, 19, 829947).
cost(8, 20, 341622).
cost(8, 21, 217893).
cost(8, 22, 670767).
cost(8, 23, 473636).
cost(8, 24, 349613).
cost(8, 25, 478626).
cost(9, 1, 151402).
cost(9, 2, 310553).
cost(9, 3, 297461).
cost(9, 4, 479247).
cost(9, 5, 380442).
cost(9, 6, 225427).
cost(9, 7, 233191).
cost(9, 8, 649003).
cost(9, 10, 446394).
cost(9, 11, 221904).
cost(9, 12, 397246).
cost(9, 13, 497917).
cost(9, 14, 323872).
cost(9, 15, 243911).
cost(9, 16, 249033).
cost(9, 17, 418816).
cost(9, 18, 321533).
cost(9, 19, 181256).
cost(9, 20, 581638).
cost(9, 21, 464914).
cost(9, 22, 327765).
cost(9, 23, 205227).
cost(9, 24, 556997).
cost(9, 25, 174578).
cost(10, 1, 393887).
cost(10, 2, 584168).
cost(10, 3, 277323).
cost(10, 4, 369888).
cost(10, 5, 362693).
cost(10, 6, 600380).
cost(10, 7, 287897).
cost(10, 8, 439449).
cost(10, 9, 446394).
cost(10, 11, 238601).
cost(10, 12, 282633).
cost(10, 13, 122401).
cost(10, 14, 430327).
cost(10, 15, 277734).
cost(10, 16, 251600).
cost(10, 17, 54509).
cost(10, 18, 567975).
cost(10, 19, 598712).
cost(10, 20, 166021).
cost(10, 21, 418706).
cost(10, 22, 269399).
cost(10, 23, 255918).
cost(10, 24, 140119).
cost(10, 25, 311642).
cost(11, 1, 234089).
cost(11, 2, 449673).
cost(11, 3, 126196).
cost(11, 4, 314495).
cost(11, 5, 241440).
cost(11, 6, 363050).
cost(11, 7, 191347).
cost(11, 8, 464187).
cost(11, 9, 221904).
cost(11, 10, 238601).
cost(11, 12, 319080).
cost(11, 13, 276106).
cost(11, 14, 252134).
cost(11, 15, 78832).
cost(11, 16, 57247).
cost(11, 17, 202057).
cost(11, 18, 354898).
cost(11, 19, 394498).
cost(11, 20, 360570).
cost(11, 21, 327260).
cost(11, 22, 257595).
cost(11, 23, 17596).
cost(11, 24, 336417).
cost(11, 25, 74822).
cost(12, 1, 262566).
cost(12, 2, 366196).
cost(12, 3, 435061).
cost(12, 4, 598201).
cost(12, 5, 549439).
cost(12, 6, 615478).
cost(12, 7, 165229).
cost(12, 8, 706385).
cost(12, 9, 397246).
cost(12, 10, 282633).
cost(12, 11, 319080).
cost(12, 13, 403519).
cost(12, 14, 571176).
cost(12, 15, 397069).
cost(12, 16, 371864).
cost(12, 17, 311802).
cost(12, 18, 658810).
cost(12, 19, 471582).
cost(12, 20, 442285).
cost(12, 21, 628420).
cost(12, 22, 70333).
cost(12, 23, 325687).
cost(12, 24, 418060).
cost(12, 25, 376152).
cost(13, 1, 478282).
cost(13, 2, 681980).
cost(13, 3, 256177).
cost(13, 4, 281496).
cost(13, 5, 305157).
cost(13, 6, 611991).
cost(13, 7, 384940).
cost(13, 8, 321861).
cost(13, 9, 497917).
cost(13, 10, 122401).
cost(13, 11, 276106).
cost(13, 12, 403519).
cost(13, 14, 393748).
cost(13, 15, 281258).
cost(13, 16, 262370).
cost(13, 17, 98130).
cost(13, 18, 546107).
cost(13, 19, 666455).
cost(13, 20, 87427).
cost(13, 21, 339649).
cost(13, 22, 383721).
cost(13, 23, 293088).
cost(13, 24, 67838).
cost(13, 25, 336469).
cost(14, 1, 430597).
cost(14, 2, 629112).
cost(14, 3, 153809).
cost(14, 4, 201585).
cost(14, 5, 104718).
cost(14, 6, 278162).
cost(14, 7, 432488).
cost(14, 8, 373871).
cost(14, 9, 323872).
cost(14, 10, 430327).
cost(14, 11, 252134).
cost(14, 12, 571176).
cost(14, 13, 393748).
cost(14, 15, 175279).
cost(14, 16, 202251).
cost(14, 17, 377471).
cost(14, 18, 157694).
cost(14, 19, 492272).
cost(14, 20, 475751).
cost(14, 21, 159593).
cost(14, 22, 508438).
cost(14, 23, 246106).
cost(14, 24, 460838).
cost(14, 25, 204049).
cost(15, 1, 295369).
cost(15, 2, 509050).
cost(15, 3, 56698).
cost(15, 4, 248601).
cost(15, 5, 165900).
cost(15, 6, 331479).
cost(15, 7, 268236).
cost(15, 8, 409868).
cost(15, 9, 243911).
cost(15, 10, 277734).
cost(15, 11, 78832).
cost(15, 12, 397069).
cost(15, 13, 281258).
cost(15, 14, 175279).
cost(15, 16, 28054).
cost(15, 17, 230792).
cost(15, 18, 292647).
cost(15, 19, 424740).
cost(15, 20, 368676).
cost(15, 21, 253291).
cost(15, 22, 336368).
cost(15, 23, 77352).
cost(15, 24, 347449).
cost(15, 25, 69633).
cost(16, 1, 285360).
cost(16, 2, 500511).
cost(16, 3, 69061).
cost(16, 4, 259256).
cost(16, 5, 184223).
cost(16, 6, 353472).
cost(16, 7, 248594).
cost(16, 8, 414240).
cost(16, 9, 249033).
cost(16, 10, 251600).
cost(16, 11, 57247).
cost(16, 12, 371864).
cost(16, 13, 262370).
cost(16, 14, 202251).
cost(16, 15, 28054).
cost(16, 17, 206070).
cost(16, 18, 320334).
cost(16, 19, 428138).
cost(16, 20, 349517).
cost(16, 21, 270071).
cost(16, 22, 312577).
cost(16, 23, 61078).
cost(16, 24, 327423).
cost(16, 25, 76330).
cost(17, 1, 384392).
cost(17, 2, 584967).
cost(17, 3, 225373).
cost(17, 4, 317454).
cost(17, 5, 308209).
cost(17, 6, 558587).
cost(17, 7, 287495).
cost(17, 8, 397702).
cost(17, 9, 418816).
cost(17, 10, 54509).
cost(17, 11, 202057).
cost(17, 12, 311802).
cost(17, 13, 98130).
cost(17, 14, 377471).
cost(17, 15, 230792).
cost(17, 16, 206070).
cost(17, 18, 517899).
cost(17, 19, 579992).
cost(17, 20, 167593).
cost(17, 21, 364866).
cost(17, 22, 286985).
cost(17, 23, 219654).
cost(17, 24, 141589).
cost(17, 25, 271750).
cost(18, 1, 462599).
cost(18, 2, 627745).
cost(18, 3, 293929).
cost(18, 4, 350784).
cost(18, 5, 261409).
cost(18, 6, 166581).
cost(18, 7, 501880).
cost(18, 8, 514613).
cost(18, 9, 321533).
cost(18, 10, 567975).
cost(18, 11, 354898).
cost(18, 12, 658810).
cost(18, 13, 546107).
cost(18, 14, 157694).
cost(18, 15, 292647).
cost(18, 16, 320334).
cost(18, 17, 517899).
cost(18, 19, 450086).
cost(18, 20, 630091).
cost(18, 21, 297084).
cost(18, 22, 590481).
cost(18, 23, 342684).
cost(18, 24, 613784).
cost(18, 25, 285774).
cost(19, 1, 217363).
cost(19, 2, 213223).
cost(19, 3, 478691).
cost(19, 4, 659136).
cost(19, 5, 558731).
cost(19, 6, 302302).
cost(19, 7, 333381).
cost(19, 8, 829947).
cost(19, 9, 181256).
cost(19, 10, 598712).
cost(19, 11, 394498).
cost(19, 12, 471582).
cost(19, 13, 666455).
cost(19, 14, 492272).
cost(19, 15, 424740).
cost(19, 16, 428138).
cost(19, 17, 579992).
cost(19, 18, 450086).
cost(19, 20, 746737).
cost(19, 21, 641109).
cost(19, 22, 412258).
cost(19, 23, 379143).
cost(19, 24, 721164).
cost(19, 25, 355173).
cost(20, 1, 551544).
cost(20, 2, 748375).
cost(20, 3, 342621).
cost(20, 4, 342800).
cost(20, 5, 382358).
cost(20, 6, 699364).
cost(20, 7, 450945).
cost(20, 8, 341622).
cost(20, 9, 581638).
cost(20, 10, 166021).
cost(20, 11, 360570).
cost(20, 12, 442285).
cost(20, 13, 87427).
cost(20, 14, 475751).
cost(20, 15, 368676).
cost(20, 16, 349517).
cost(20, 17, 167593).
cost(20, 18, 630091).
cost(20, 19, 746737).
cost(20, 21, 405216).
cost(20, 22, 434921).
cost(20, 23, 377827).
cost(20, 24, 26375).
cost(20, 25, 423073).
cost(21, 1, 546253).
cost(21, 2, 756553).
cost(21, 3, 201066).
cost(21, 4, 65130).
cost(21, 5, 88035).
cost(21, 6, 436440).
cost(21, 7, 518486).
cost(21, 8, 217893).
cost(21, 9, 464914).
cost(21, 10, 418706).
cost(21, 11, 327260).
cost(21, 12, 628420).
cost(21, 13, 339649).
cost(21, 14, 159593).
cost(21, 15, 253291).
cost(21, 16, 270071).
cost(21, 17, 364866).
cost(21, 18, 297084).
cost(21, 19, 641109).
cost(21, 20, 405216).
cost(21, 22, 575903).
cost(21, 23, 329700).
cost(21, 24, 398309).
cost(21, 25, 311713).
cost(22, 1, 198162).
cost(22, 2, 331903).
cost(22, 3, 378386).
cost(22, 4, 550633).
cost(22, 5, 494049).
cost(22, 6, 545174).
cost(22, 7, 95050).
cost(22, 8, 670767).
cost(22, 9, 327765).
cost(22, 10, 269399).
cost(22, 11, 257595).
cost(22, 12, 70333).
cost(22, 13, 383721).
cost(22, 14, 508438).
cost(22, 15, 336368).
cost(22, 16, 312577).
cost(22, 17, 286985).
cost(22, 18, 590481).
cost(22, 19, 412258).
cost(22, 20, 434921).
cost(22, 21, 575903).
cost(22, 23, 262340).
cost(22, 24, 409317).
cost(22, 25, 309936).
cost(23, 1, 224865).
cost(23, 2, 440313).
cost(23, 3, 129445).
cost(23, 4, 320335).
cost(23, 5, 242829).
cost(23, 6, 346378).
cost(23, 7, 190961).
cost(23, 8, 473636).
cost(23, 9, 205227).
cost(23, 10, 255918).
cost(23, 11, 17596).
cost(23, 12, 325687).
cost(23, 13, 293088).
cost(23, 14, 246106).
cost(23, 15, 77352).
cost(23, 16, 61078).
cost(23, 17, 219654).
cost(23, 18, 342684).
cost(23, 19, 379143).
cost(23, 20, 377827).
cost(23, 21, 329700).
cost(23, 22, 262340).
cost(23, 24, 353769).
cost(23, 25, 59333).
cost(24, 1, 525291).
cost(24, 2, 722026).
cost(24, 3, 323931).
cost(24, 4, 337334).
cost(24, 5, 370129).
cost(24, 6, 678704).
cost(24, 7, 424577).
cost(24, 8, 349613).
cost(24, 9, 556997).
cost(24, 10, 140119).
cost(24, 11, 336417).
cost(24, 12, 418060).
cost(24, 13, 67838).
cost(24, 14, 460838).
cost(24, 15, 347449).
cost(24, 16, 327423).
cost(24, 17, 141589).
cost(24, 18, 613784).
cost(24, 19, 721164).
cost(24, 20, 26375).
cost(24, 21, 398309).
cost(24, 22, 409317).
cost(24, 23, 353769).
cost(24, 25, 400177).
cost(25, 1, 234952).
cost(25, 2, 445267).
cost(25, 3, 124996).
cost(25, 4, 314192).
cost(25, 5, 223763).
cost(25, 6, 288877).
cost(25, 7, 229122).
cost(25, 8, 478626).
cost(25, 9, 174578).
cost(25, 10, 311642).
cost(25, 11, 74822).
cost(25, 12, 376152).
cost(25, 13, 336469).
cost(25, 14, 204049).
cost(25, 15, 69633).
cost(25, 16, 76330).
cost(25, 17, 271750).
cost(25, 18, 285774).
cost(25, 19, 355173).
cost(25, 20, 423073).
cost(25, 21, 311713).
cost(25, 22, 309936).
cost(25, 23, 59333).
cost(25, 24, 400177).
nocross(1,2).
nocross(1,7).
nocross(1,14).
nocross(1,19).
nocross(2,1).
nocross(2,7).
nocross(2,12).
nocross(2,19).
nocross(2,22).
nocross(3,4).
nocross(3,8).
nocross(3,15).
nocross(3,16).
nocross(3,17).
nocross(4,5).
nocross(4,8).
nocross(4,14).
nocross(4,20).
nocross(4,21).
nocross(5,4).
nocross(5,15).
nocross(5,20).
nocross(5,21).
nocross(6,9).
nocross(6,14).
nocross(6,18).
nocross(6,19).
nocross(7,1).
nocross(7,2).
nocross(7,11).
nocross(7,17).
nocross(7,22).
nocross(7,23).
nocross(8,4).
nocross(8,20).
nocross(8,21).
nocross(9,1).
nocross(9,6).
nocross(9,7).
nocross(9,14).
nocross(10,12).
nocross(10,13).
nocross(10,17).
nocross(10,24).
nocross(11,7).
nocross(11,12).
nocross(11,17).
nocross(12,17).
nocross(13,8).
nocross(13,17).
nocross(13,20).
nocross(14,5).
nocross(14,20).
nocross(14,21).
nocross(15,3).
nocross(15,11).
nocross(15,17).
nocross(15,23).
nocross(16,1).
nocross(16,3).
nocross(16,12).
nocross(16,17).
nocross(17,7).
nocross(17,8).
nocross(17,12).
nocross(17,22).
nocross(17,24).
nocross(18,20).
nocross(19,1).
nocross(19,2).
nocross(19,6).
nocross(19,12).
nocross(19,14).
nocross(20,8).
nocross(20,13).
nocross(20,17).
nocross(20,24).
nocross(21,4).
nocross(21,14).
nocross(21,18).
nocross(21,20).
nocross(22,2).
nocross(23,2).
nocross(23,9).
nocross(23,15).
nocross(23,16).
nocross(24,10).
nocross(24,13).
nocross(24,17).
nocross(24,20).
nocross(25,2).
nocross(25,14).
nocross(25,17).
