dimension(25).
point(1, -6205.0, 239583.0).
point(2, 316806.0, 123814.0).
point(3, -228105.0, 160802.0).
point(4, 60700.0, -75430.0).
point(5, -39736.0, -114296.0).
point(6, 72250.0, -46293.0).
point(7, -163561.0, 136961.0).
point(8, -114281.0, -37570.0).
point(9, 144049.0, 5464.0).
point(10, -113748.0, 83128.0).
point(11, 44403.0, 199885.0).
point(12, -55414.0, 291060.0).
point(13, 291625.0, -80552.0).
point(14, -36261.0, 25922.0).
point(15, 460801.0, 21421.0).
point(16, -222649.0, 190450.0).
point(17, -93535.0, 528433.0).
point(18, -100414.0, 5362.0).
point(19, -176590.0, 259811.0).
point(20, 269377.0, 6496.0).
point(21, 75234.0, 25941.0).
point(22, 89203.0, -75155.0).
point(23, 115992.0, -100262.0).
point(24, 81171.0, -99258.0).
point(25, -74928.0, 330322.0).
cost(1, 2, 343131).
cost(1, 3, 235470).
cost(1, 4, 322040).
cost(1, 5, 355464).
cost(1, 6, 296446).
cost(1, 7, 187862).
cost(1, 8, 297480).
cost(1, 9, 278187).
cost(1, 10, 189852).
cost(1, 11, 64320).
cost(1, 12, 71214).
cost(1, 13, 437252).
cost(1, 14, 215765).
cost(1, 15, 515451).
cost(1, 16, 221951).
cost(1, 17, 301763).
cost(1, 18, 252458).
cost(1, 19, 171582).
cost(1, 20, 360936).
cost(1, 21, 228638).
cost(1, 22, 328881).
cost(1, 23, 361146).
cost(1, 24, 349925).
cost(1, 25, 113826).
cost(2, 1, 343131).
cost(2, 3, 546165).
cost(2, 4, 324482).
cost(2, 5, 428741).
cost(2, 6, 297899).
cost(2, 7, 480547).
cost(2, 8, 460305).
cost(2, 9, 209408).
cost(2, 10, 432472).
cost(2, 11, 282825).
cost(2, 12, 408067).
cost(2, 13, 205911).
cost(2, 14, 366387).
cost(2, 15, 176689).
cost(2, 16, 543555).
cost(2, 17, 576278).
cost(2, 18, 433709).
cost(2, 19, 511796).
cost(2, 20, 126543).
cost(2, 21, 260646).
cost(2, 22, 302311).
cost(2, 23, 300893).
cost(2, 24, 324476).
cost(2, 25, 442833).
cost(3, 1, 235470).
cost(3, 2, 546165).
cost(3, 4, 373114).
cost(3, 5, 333409).
cost(3, 6, 364831).
cost(3, 7, 68806).
cost(3, 8, 228708).
cost(3, 9, 403272).
cost(3, 10, 138242).
cost(3, 11, 275296).
cost(3, 12, 216308).
cost(3, 13, 573037).
cost(3, 14, 234514).
cost(3, 15, 702865).
cost(3, 16, 30146).
cost(3, 17, 391486).
cost(3, 18, 201163).
cost(3, 19, 111609).
cost(3, 20, 520863).
cost(3, 21, 331967).
cost(3, 22, 395424).
cost(3, 23, 431923).
cost(3, 24, 404083).
cost(3, 25, 228474).
cost(4, 1, 322040).
cost(4, 2, 324482).
cost(4, 3, 373114).
cost(4, 5, 107694).
cost(4, 6, 31343).
cost(4, 7, 308874).
cost(4, 8, 179030).
cost(4, 9, 116150).
cost(4, 10, 235739).
cost(4, 11, 275797).
cost(4, 12, 384444).
cost(4, 13, 230982).
cost(4, 14, 140263).
cost(4, 15, 411656).
cost(4, 16, 388560).
cost(4, 17, 623249).
cost(4, 18, 180236).
cost(4, 19, 410723).
cost(4, 20, 224183).
cost(4, 21, 102408).
cost(4, 22, 28504).
cost(4, 23, 60612).
cost(4, 24, 31414).
cost(4, 25, 427820).
cost(5, 1, 355464).
cost(5, 2, 428741).
cost(5, 3, 333409).
cost(5, 4, 107694).
cost(5, 6, 131016).
cost(5, 7, 280112).
cost(5, 8, 106976).
cost(5, 9, 219361).
cost(5, 10, 210841).
cost(5, 11, 325252).
cost(5, 12, 405659).
cost(5, 13, 333075).
cost(5, 14, 140261).
cost(5, 15, 518610).
cost(5, 16, 355426).
cost(5, 17, 644977).
cost(5, 18, 134164).
cost(5, 19, 398353).
cost(5, 20, 331876).
cost(5, 21, 181341).
cost(5, 22, 134749).
cost(5, 23, 156359).
cost(5, 24, 121839).
cost(5, 25, 446009).
cost(6, 1, 296446).
cost(6, 2, 297899).
cost(6, 3, 364831).
cost(6, 4, 31343).
cost(6, 5, 131016).
cost(6, 7, 298645).
cost(6, 8, 186735).
cost(6, 9, 88509).
cost(6, 10, 226594).
cost(6, 11, 247748).
cost(6, 12, 360701).
cost(6, 13, 222034).
cost(6, 14, 130344).
cost(6, 15, 394407).
cost(6, 16, 378170).
cost(6, 17, 598159).
cost(6, 18, 180225).
cost(6, 19, 394488).
cost(6, 20, 204073).
cost(6, 21, 72296).
cost(6, 22, 33473).
cost(6, 23, 69470).
cost(6, 24, 53711).
cost(6, 25, 404352).
cost(7, 1, 187862).
cost(7, 2, 480547).
cost(7, 3, 68806).
cost(7, 4, 308874).
cost(7, 5, 280112).
cost(7, 6, 298645).
cost(7, 8, 181355).
cost(7, 9, 334538).
cost(7, 10, 73344).
cost(7, 11, 217275).
cost(7, 12, 188261).
cost(7, 13, 504486).
cost(7, 14, 168923).
cost(7, 15, 634963).
cost(7, 16, 79702).
cost(7, 17, 397686).
cost(7, 18, 145965).
cost(7, 19, 123539).
cost(7, 20, 452169).
cost(7, 21, 263341).
cost(7, 22, 329974).
cost(7, 23, 366640).
cost(7, 24, 340137).
cost(7, 25, 212707).
cost(8, 1, 297480).
cost(8, 2, 460305).
cost(8, 3, 228708).
cost(8, 4, 179030).
cost(8, 5, 106976).
cost(8, 6, 186735).
cost(8, 7, 181355).
cost(8, 9, 261890).
cost(8, 10, 120699).
cost(8, 11, 285597).
cost(8, 12, 333861).
cost(8, 13, 408175).
cost(8, 14, 100590).
cost(8, 15, 578100).
cost(8, 16, 252461).
cost(8, 17, 566383).
cost(8, 18, 45116).
cost(8, 19, 303839).
cost(8, 20, 386180).
cost(8, 21, 199874).
cost(8, 22, 206926).
cost(8, 23, 238654).
cost(8, 24, 204956).
cost(8, 25, 369991).
cost(9, 1, 278187).
cost(9, 2, 209408).
cost(9, 3, 403272).
cost(9, 4, 116150).
cost(9, 5, 219361).
cost(9, 6, 88509).
cost(9, 7, 334538).
cost(9, 8, 261890).
cost(9, 10, 269242).
cost(9, 11, 218469).
cost(9, 12, 348354).
cost(9, 13, 170814).
cost(9, 14, 181467).
cost(9, 15, 317154).
cost(9, 16, 410716).
cost(9, 17, 574406).
cost(9, 18, 244463).
cost(9, 19, 409270).
cost(9, 20, 125332).
cost(9, 21, 71797).
cost(9, 22, 97506).
cost(9, 23, 109385).
cost(9, 24, 122149).
cost(9, 25, 391770).
cost(10, 1, 189852).
cost(10, 2, 432472).
cost(10, 3, 138242).
cost(10, 4, 235739).
cost(10, 5, 210841).
cost(10, 6, 226594).
cost(10, 7, 73344).
cost(10, 8, 120699).
cost(10, 9, 269242).
cost(10, 11, 196581).
cost(10, 12, 215960).
cost(10, 13, 437171).
cost(10, 14, 96316).
cost(10, 15, 577853).
cost(10, 16, 152897).
cost(10, 17, 445764).
cost(10, 18, 78901).
cost(10, 19, 187526).
cost(10, 20, 390714).
cost(10, 21, 197445).
cost(10, 22, 257376).
cost(10, 23, 293960).
cost(10, 24, 266942).
cost(10, 25, 250224).
cost(11, 1, 64320).
cost(11, 2, 282825).
cost(11, 3, 275296).
cost(11, 4, 275797).
cost(11, 5, 325252).
cost(11, 6, 247748).
cost(11, 7, 217275).
cost(11, 8, 285597).
cost(11, 9, 218469).
cost(11, 10, 196581).
cost(11, 12, 135190).
cost(11, 13, 373850).
cost(11, 14, 191755).
cost(11, 15, 453031).
cost(11, 16, 267219).
cost(11, 17, 356329).
cost(11, 18, 242510).
cost(11, 19, 228974).
cost(11, 20, 296669).
cost(11, 21, 176655).
cost(11, 22, 278665).
cost(11, 23, 308566).
cost(11, 24, 301394).
cost(11, 25, 176787).
cost(12, 1, 71214).
cost(12, 2, 408067).
cost(12, 3, 216308).
cost(12, 4, 384444).
cost(12, 5, 405659).
cost(12, 6, 360701).
cost(12, 7, 188261).
cost(12, 8, 333861).
cost(12, 9, 348354).
cost(12, 10, 215960).
cost(12, 11, 135190).
cost(12, 13, 508460).
cost(12, 14, 265829).
cost(12, 15, 582394).
cost(12, 16, 195166).
cost(12, 17, 240415).
cost(12, 18, 289220).
cost(12, 19, 125140).
cost(12, 20, 431817).
cost(12, 21, 295562).
cost(12, 22, 393735).
cost(12, 23, 427215).
cost(12, 24, 413526).
cost(12, 25, 43844).
cost(13, 1, 437252).
cost(13, 2, 205911).
cost(13, 3, 573037).
cost(13, 4, 230982).
cost(13, 5, 333075).
cost(13, 6, 222034).
cost(13, 7, 504486).
cost(13, 8, 408175).
cost(13, 9, 170814).
cost(13, 10, 437171).
cost(13, 11, 373850).
cost(13, 12, 508460).
cost(13, 14, 344740).
cost(13, 15, 197532).
cost(13, 16, 581309).
cost(13, 17, 720563).
cost(13, 18, 401342).
cost(13, 19, 578854).
cost(13, 20, 89846).
cost(13, 21, 241176).
cost(13, 22, 202494).
cost(13, 23, 176735).
cost(13, 24, 211284).
cost(13, 25, 550617).
cost(14, 1, 215765).
cost(14, 2, 366387).
cost(14, 3, 234514).
cost(14, 4, 140263).
cost(14, 5, 140261).
cost(14, 6, 130344).
cost(14, 7, 168923).
cost(14, 8, 100590).
cost(14, 9, 181467).
cost(14, 10, 96316).
cost(14, 11, 191755).
cost(14, 12, 265829).
cost(14, 13, 344740).
cost(14, 15, 497082).
cost(14, 16, 248616).
cost(14, 17, 505764).
cost(14, 18, 67367).
cost(14, 19, 272757).
cost(14, 20, 306255).
cost(14, 21, 111495).
cost(14, 22, 161114).
cost(14, 23, 197746).
cost(14, 24, 171640).
cost(14, 25, 306846).
cost(15, 1, 515451).
cost(15, 2, 176689).
cost(15, 3, 702865).
cost(15, 4, 411656).
cost(15, 5, 518610).
cost(15, 6, 394407).
cost(15, 7, 634963).
cost(15, 8, 578100).
cost(15, 9, 317154).
cost(15, 10, 577853).
cost(15, 11, 453031).
cost(15, 12, 582394).
cost(15, 13, 197532).
cost(15, 14, 497082).
cost(15, 16, 704042).
cost(15, 17, 751232).
cost(15, 18, 561445).
cost(15, 19, 680512).
cost(15, 20, 192005).
cost(15, 21, 385593).
cost(15, 22, 383943).
cost(15, 23, 365650).
cost(15, 24, 398350).
cost(15, 25, 618406).
cost(16, 1, 221951).
cost(16, 2, 543555).
cost(16, 3, 30146).
cost(16, 4, 388560).
cost(16, 5, 355426).
cost(16, 6, 378170).
cost(16, 7, 79702).
cost(16, 8, 252461).
cost(16, 9, 410716).
cost(16, 10, 152897).
cost(16, 11, 267219).
cost(16, 12, 195166).
cost(16, 13, 581309).
cost(16, 14, 248616).
cost(16, 15, 704042).
cost(16, 17, 361805).
cost(16, 18, 221808).
cost(16, 19, 83261).
cost(16, 20, 525289).
cost(16, 21, 340290).
cost(16, 22, 409631).
cost(16, 23, 446308).
cost(16, 24, 419806).
cost(16, 25, 203435).
cost(17, 1, 301763).
cost(17, 2, 576278).
cost(17, 3, 391486).
cost(17, 4, 623249).
cost(17, 5, 644977).
cost(17, 6, 598159).
cost(17, 7, 397686).
cost(17, 8, 566383).
cost(17, 9, 574406).
cost(17, 10, 445764).
cost(17, 11, 356329).
cost(17, 12, 240415).
cost(17, 13, 720563).
cost(17, 14, 505764).
cost(17, 15, 751232).
cost(17, 16, 361805).
cost(17, 18, 523116).
cost(17, 19, 281169).
cost(17, 20, 635707).
cost(17, 21, 530077).
cost(17, 22, 630644).
cost(17, 23, 662691).
cost(17, 24, 651551).
cost(17, 25, 198983).
cost(18, 1, 252458).
cost(18, 2, 433709).
cost(18, 3, 201163).
cost(18, 4, 180236).
cost(18, 5, 134164).
cost(18, 6, 180225).
cost(18, 7, 145965).
cost(18, 8, 45116).
cost(18, 9, 244463).
cost(18, 10, 78901).
cost(18, 11, 242510).
cost(18, 12, 289220).
cost(18, 13, 401342).
cost(18, 14, 67367).
cost(18, 15, 561445).
cost(18, 16, 221808).
cost(18, 17, 523116).
cost(18, 19, 265607).
cost(18, 20, 369793).
cost(18, 21, 176849).
cost(18, 22, 206004).
cost(18, 23, 240807).
cost(18, 24, 209567).
cost(18, 25, 325958).
cost(19, 1, 171582).
cost(19, 2, 511796).
cost(19, 3, 111609).
cost(19, 4, 410723).
cost(19, 5, 398353).
cost(19, 6, 394488).
cost(19, 7, 123539).
cost(19, 8, 303839).
cost(19, 9, 409270).
cost(19, 10, 187526).
cost(19, 11, 228974).
cost(19, 12, 125140).
cost(19, 13, 578854).
cost(19, 14, 272757).
cost(19, 15, 680512).
cost(19, 16, 83261).
cost(19, 17, 281169).
cost(19, 18, 265607).
cost(19, 20, 512889).
cost(19, 21, 343672).
cost(19, 22, 427607).
cost(19, 23, 463958).
cost(19, 24, 442008).
cost(19, 25, 123721).
cost(20, 1, 360936).
cost(20, 2, 126543).
cost(20, 3, 520863).
cost(20, 4, 224183).
cost(20, 5, 331876).
cost(20, 6, 204073).
cost(20, 7, 452169).
cost(20, 8, 386180).
cost(20, 9, 125332).
cost(20, 10, 390714).
cost(20, 11, 296669).
cost(20, 12, 431817).
cost(20, 13, 89846).
cost(20, 14, 306255).
cost(20, 15, 192005).
cost(20, 16, 525289).
cost(20, 17, 635707).
cost(20, 18, 369793).
cost(20, 19, 512889).
cost(20, 21, 195114).
cost(20, 22, 197812).
cost(20, 23, 186880).
cost(20, 24, 215883).
cost(20, 25, 472662).
cost(21, 1, 228638).
cost(21, 2, 260646).
cost(21, 3, 331967).
cost(21, 4, 102408).
cost(21, 5, 181341).
cost(21, 6, 72296).
cost(21, 7, 263341).
cost(21, 8, 199874).
cost(21, 9, 71797).
cost(21, 10, 197445).
cost(21, 11, 176655).
cost(21, 12, 295562).
cost(21, 13, 241176).
cost(21, 14, 111495).
cost(21, 15, 385593).
cost(21, 16, 340290).
cost(21, 17, 530077).
cost(21, 18, 176849).
cost(21, 19, 343672).
cost(21, 20, 195114).
cost(21, 22, 102057).
cost(21, 23, 132621).
cost(21, 24, 125340).
cost(21, 25, 339406).
cost(22, 1, 328881).
cost(22, 2, 302311).
cost(22, 3, 395424).
cost(22, 4, 28504).
cost(22, 5, 134749).
cost(22, 6, 33473).
cost(22, 7, 329974).
cost(22, 8, 206926).
cost(22, 9, 97506).
cost(22, 10, 257376).
cost(22, 11, 278665).
cost(22, 12, 393735).
cost(22, 13, 202494).
cost(22, 14, 161114).
cost(22, 15, 383943).
cost(22, 16, 409631).
cost(22, 17, 630644).
cost(22, 18, 206004).
cost(22, 19, 427607).
cost(22, 20, 197812).
cost(22, 21, 102057).
cost(22, 23, 36715).
cost(22, 24, 25406).
cost(22, 25, 437436).
cost(23, 1, 361146).
cost(23, 2, 300893).
cost(23, 3, 431923).
cost(23, 4, 60612).
cost(23, 5, 156359).
cost(23, 6, 69470).
cost(23, 7, 366640).
cost(23, 8, 238654).
cost(23, 9, 109385).
cost(23, 10, 293960).
cost(23, 11, 308566).
cost(23, 12, 427215).
cost(23, 13, 176735).
cost(23, 14, 197746).
cost(23, 15, 365650).
cost(23, 16, 446308).
cost(23, 17, 662691).
cost(23, 18, 240807).
cost(23, 19, 463958).
cost(23, 20, 186880).
cost(23, 21, 132621).
cost(23, 22, 36715).
cost(23, 24, 34835).
cost(23, 25, 471013).
cost(24, 1, 349925).
cost(24, 2, 324476).
cost(24, 3, 404083).
cost(24, 4, 31414).
cost(24, 5, 121839).
cost(24, 6, 53711).
cost(24, 7, 340137).
cost(24, 8, 204956).
cost(24, 9, 122149).
cost(24, 10, 266942).
cost(24, 11, 301394).
cost(24, 12, 413526).
cost(24, 13, 211284).
cost(24, 14, 171640).
cost(24, 15, 398350).
cost(24, 16, 419806).
cost(24, 17, 651551).
cost(24, 18, 209567).
cost(24, 19, 442008).
cost(24, 20, 215883).
cost(24, 21, 125340).
cost(24, 22, 25406).
cost(24, 23, 34835).
cost(24, 25, 457062).
cost(25, 1, 113826).
cost(25, 2, 442833).
cost(25, 3, 228474).
cost(25, 4, 427820).
cost(25, 5, 446009).
cost(25, 6, 404352).
cost(25, 7, 212707).
cost(25, 8, 369991).
cost(25, 9, 391770).
cost(25, 10, 250224).
cost(25, 11, 176787).
cost(25, 12, 43844).
cost(25, 13, 550617).
cost(25, 14, 306846).
cost(25, 15, 618406).
cost(25, 16, 203435).
cost(25, 17, 198983).
cost(25, 18, 325958).
cost(25, 19, 123721).
cost(25, 20, 472662).
cost(25, 21, 339406).
cost(25, 22, 437436).
cost(25, 23, 471013).
cost(25, 24, 457062).
nocross(1,3).
nocross(1,10).
nocross(1,11).
nocross(1,14).
nocross(1,18).
nocross(1,19).
nocross(1,25).
nocross(2,1).
nocross(2,6).
nocross(2,9).
nocross(2,20).
nocross(2,23).
nocross(3,7).
nocross(3,10).
nocross(3,14).
nocross(3,18).
nocross(3,19).
nocross(4,1).
nocross(4,6).
nocross(4,9).
nocross(4,14).
nocross(4,18).
nocross(4,21).
nocross(4,24).
nocross(5,1).
nocross(5,8).
nocross(5,10).
nocross(5,14).
nocross(5,18).
nocross(5,21).
nocross(6,9).
nocross(6,14).
nocross(6,21).
nocross(7,1).
nocross(7,3).
nocross(7,10).
nocross(7,11).
nocross(7,14).
nocross(7,16).
nocross(7,18).
nocross(7,19).
nocross(8,3).
nocross(8,5).
nocross(8,14).
nocross(8,18).
nocross(9,2).
nocross(9,11).
nocross(9,21).
nocross(9,23).
nocross(10,1).
nocross(10,3).
nocross(10,7).
nocross(10,14).
nocross(10,18).
nocross(10,25).
nocross(11,14).
nocross(11,17).
nocross(11,21).
nocross(12,1).
nocross(12,3).
nocross(12,14).
nocross(12,19).
nocross(14,1).
nocross(14,5).
nocross(14,6).
nocross(14,10).
nocross(14,11).
nocross(14,18).
nocross(14,21).
nocross(14,25).
nocross(15,2).
nocross(15,20).
nocross(16,1).
nocross(16,3).
nocross(16,7).
nocross(16,10).
nocross(16,18).
nocross(16,19).
nocross(16,25).
nocross(17,1).
nocross(17,11).
nocross(17,12).
nocross(17,14).
nocross(17,19).
nocross(17,25).
nocross(18,1).
nocross(18,3).
nocross(18,5).
nocross(18,8).
nocross(18,10).
nocross(18,14).
nocross(18,21).
nocross(19,1).
nocross(19,3).
nocross(19,7).
nocross(19,10).
nocross(19,12).
nocross(19,16).
nocross(19,25).
nocross(20,1).
nocross(20,2).
nocross(20,6).
nocross(20,9).
nocross(20,15).
nocross(20,21).
nocross(20,23).
nocross(21,1).
nocross(21,6).
nocross(21,9).
nocross(21,14).
nocross(21,18).
nocross(22,6).
nocross(22,9).
nocross(22,14).
nocross(22,18).
nocross(22,21).
nocross(22,23).
nocross(23,9).
nocross(23,20).
nocross(23,21).
nocross(23,24).
nocross(24,4).
nocross(24,5).
nocross(24,6).
nocross(24,9).
nocross(24,14).
nocross(24,18).
nocross(24,21).
nocross(24,23).
nocross(25,1).
nocross(25,3).
nocross(25,10).
nocross(25,11).
nocross(25,12).
nocross(25,14).
nocross(25,16).
nocross(25,17).
nocross(25,19).
nocross(25,21).
