dimension(25).
point(1, -519886.0, -218608.0).
point(2, -294805.0, 360172.0).
point(3, 73870.0, -121321.0).
point(4, 125038.0, -91293.0).
point(5, 327223.0, -125444.0).
point(6, 142116.0, -143252.0).
point(7, 212839.0, -54283.0).
point(8, 290440.0, -51414.0).
point(9, -44728.0, -224290.0).
point(10, -161981.0, -48633.0).
point(11, -132300.0, -59706.0).
point(12, 13124.0, 58540.0).
point(13, -245083.0, -66054.0).
point(14, 178369.0, 436894.0).
point(15, 100954.0, 221647.0).
point(16, 90608.0, 84872.0).
point(17, 136968.0, -334147.0).
point(18, 100001.0, -96897.0).
point(19, 103090.0, -131107.0).
point(20, -168341.0, 212322.0).
point(21, -252878.0, -328271.0).
point(22, -112864.0, -305542.0).
point(23, 405455.0, -261285.0).
point(24, -86087.0, -75715.0).
point(25, -163169.0, -217074.0).
cost(1, 2, 621005).
cost(1, 3, 601673).
cost(1, 4, 657371).
cost(1, 5, 852217).
cost(1, 6, 666277).
cost(1, 7, 750925).
cost(1, 8, 827395).
cost(1, 9, 475192).
cost(1, 10, 396216).
cost(1, 11, 418895).
cost(1, 12, 600758).
cost(1, 13, 314308).
cost(1, 14, 957728).
cost(1, 15, 761096).
cost(1, 16, 681765).
cost(1, 17, 666938).
cost(1, 18, 631723).
cost(1, 19, 629091).
cost(1, 20, 556134).
cost(1, 21, 288651).
cost(1, 22, 416202).
cost(1, 23, 926325).
cost(1, 24, 456727).
cost(1, 25, 356720).
cost(2, 1, 621005).
cost(2, 3, 606430).
cost(2, 4, 616513).
cost(2, 5, 789140).
cost(2, 6, 666585).
cost(2, 7, 655344).
cost(2, 8, 715482).
cost(2, 9, 635716).
cost(2, 10, 429842).
cost(2, 11, 450228).
cost(2, 12, 431048).
cost(2, 13, 429116).
cost(2, 14, 479354).
cost(2, 15, 419302).
cost(2, 16, 473638).
cost(2, 17, 817623).
cost(2, 18, 603973).
cost(2, 19, 632199).
cost(2, 20, 194558).
cost(2, 21, 689719).
cost(2, 22, 690129).
cost(2, 23, 936255).
cost(2, 24, 483281).
cost(2, 25, 592065).
cost(3, 1, 601673).
cost(3, 2, 606430).
cost(3, 4, 59328).
cost(3, 5, 253387).
cost(3, 6, 71683).
cost(3, 7, 154293).
cost(3, 8, 227573).
cost(3, 9, 157061).
cost(3, 10, 246798).
cost(3, 11, 215180).
cost(3, 12, 189842).
cost(3, 13, 323706).
cost(3, 14, 567912).
cost(3, 15, 344036).
cost(3, 16, 206871).
cost(3, 17, 221983).
cost(3, 18, 35768).
cost(3, 19, 30815).
cost(3, 20, 412291).
cost(3, 21, 386772).
cost(3, 22, 262311).
cost(3, 23, 359915).
cost(3, 24, 166331).
cost(3, 25, 255648).
cost(4, 1, 657371).
cost(4, 2, 616513).
cost(4, 3, 59328).
cost(4, 5, 205049).
cost(4, 6, 54694).
cost(4, 7, 95283).
cost(4, 8, 170142).
cost(4, 9, 215659).
cost(4, 10, 290172).
cost(4, 11, 259269).
cost(4, 12, 187015).
cost(4, 13, 370981).
cost(4, 14, 530873).
cost(4, 15, 313865).
cost(4, 16, 179498).
cost(4, 17, 243147).
cost(4, 18, 25657).
cost(4, 19, 45463).
cost(4, 20, 422201).
cost(4, 21, 446071).
cost(4, 22, 320156).
cost(4, 23, 327919).
cost(4, 24, 211699).
cost(4, 25, 314458).
cost(5, 1, 852217).
cost(5, 2, 789140).
cost(5, 3, 253387).
cost(5, 4, 205049).
cost(5, 6, 185962).
cost(5, 7, 134713).
cost(5, 8, 82665).
cost(5, 9, 384861).
cost(5, 10, 495197).
cost(5, 11, 464201).
cost(5, 12, 364017).
cost(5, 13, 575379).
cost(5, 14, 581706).
cost(5, 15, 414331).
cost(5, 16, 316575).
cost(5, 17, 282407).
cost(5, 18, 229008).
cost(5, 19, 224205).
cost(5, 20, 599725).
cost(5, 21, 614537).
cost(5, 22, 475512).
cost(5, 23, 156758).
cost(5, 24, 416291).
cost(5, 25, 498879).
cost(6, 1, 666277).
cost(6, 2, 666585).
cost(6, 3, 71683).
cost(6, 4, 54694).
cost(6, 5, 185962).
cost(6, 7, 113654).
cost(6, 8, 174454).
cost(6, 9, 203661).
cost(6, 10, 318477).
cost(6, 11, 286852).
cost(6, 12, 239497).
cost(6, 13, 394820).
cost(6, 14, 581278).
cost(6, 15, 367213).
cost(6, 16, 233867).
cost(6, 17, 190964).
cost(6, 18, 62630).
cost(6, 19, 40872).
cost(6, 20, 472034).
cost(6, 21, 436179).
cost(6, 22, 302246).
cost(6, 23, 288581).
cost(6, 24, 237987).
cost(6, 25, 314084).
cost(7, 1, 750925).
cost(7, 2, 655344).
cost(7, 3, 154293).
cost(7, 4, 95283).
cost(7, 5, 134713).
cost(7, 6, 113654).
cost(7, 8, 77654).
cost(7, 9, 308615).
cost(7, 10, 374863).
cost(7, 11, 345182).
cost(7, 12, 229380).
cost(7, 13, 458073).
cost(7, 14, 492385).
cost(7, 15, 297751).
cost(7, 16, 185215).
cost(7, 17, 289966).
cost(7, 18, 120617).
cost(7, 19, 133966).
cost(7, 20, 465163).
cost(7, 21, 540335).
cost(7, 22, 411356).
cost(7, 23, 282756).
cost(7, 24, 299693).
cost(7, 25, 409735).
cost(8, 1, 827395).
cost(8, 2, 715482).
cost(8, 3, 227573).
cost(8, 4, 170142).
cost(8, 5, 82665).
cost(8, 6, 174454).
cost(8, 7, 77654).
cost(8, 9, 377126).
cost(8, 10, 452430).
cost(8, 11, 422821).
cost(8, 12, 298319).
cost(8, 13, 535723).
cost(8, 14, 501004).
cost(8, 15, 332366).
cost(8, 16, 241882).
cost(8, 17, 321701).
cost(8, 18, 195795).
cost(8, 19, 203595).
cost(8, 20, 529185).
cost(8, 21, 609790).
cost(8, 22, 476692).
cost(8, 23, 239320).
cost(8, 24, 377310).
cost(8, 25, 482912).
cost(9, 1, 475192).
cost(9, 2, 635716).
cost(9, 3, 157061).
cost(9, 4, 215659).
cost(9, 5, 384861).
cost(9, 6, 203661).
cost(9, 7, 308615).
cost(9, 8, 377126).
cost(9, 10, 211196).
cost(9, 11, 186432).
cost(9, 12, 288686).
cost(9, 13, 255305).
cost(9, 14, 697808).
cost(9, 15, 469130).
cost(9, 16, 337486).
cost(9, 17, 212325).
cost(9, 18, 192809).
cost(9, 19, 174738).
cost(9, 20, 453773).
cost(9, 21, 232677).
cost(9, 22, 106040).
cost(9, 23, 451701).
cost(9, 24, 154224).
cost(9, 25, 118661).
cost(10, 1, 396216).
cost(10, 2, 429842).
cost(10, 3, 246798).
cost(10, 4, 290172).
cost(10, 5, 495197).
cost(10, 6, 318477).
cost(10, 7, 374863).
cost(10, 8, 452430).
cost(10, 9, 211196).
cost(10, 11, 31679).
cost(10, 12, 205299).
cost(10, 13, 84908).
cost(10, 14, 592937).
cost(10, 15, 377076).
cost(10, 16, 285701).
cost(10, 17, 413387).
cost(10, 18, 266391).
cost(10, 19, 277605).
cost(10, 20, 261032).
cost(10, 21, 294040).
cost(10, 22, 261562).
cost(10, 23, 605974).
cost(10, 24, 80581).
cost(10, 25, 168445).
cost(11, 1, 418895).
cost(11, 2, 450228).
cost(11, 3, 215180).
cost(11, 4, 259269).
cost(11, 5, 464201).
cost(11, 6, 286852).
cost(11, 7, 345182).
cost(11, 8, 422821).
cost(11, 9, 186432).
cost(11, 10, 31679).
cost(11, 12, 187431).
cost(11, 13, 112962).
cost(11, 14, 585770).
cost(11, 15, 365468).
cost(11, 16, 265689).
cost(11, 17, 384478).
cost(11, 18, 235259).
cost(11, 19, 245981).
cost(11, 20, 274405).
cost(11, 21, 294391).
cost(11, 22, 246603).
cost(11, 23, 574295).
cost(11, 24, 48907).
cost(11, 25, 160367).
cost(12, 1, 600758).
cost(12, 2, 431048).
cost(12, 3, 189842).
cost(12, 4, 187015).
cost(12, 5, 364017).
cost(12, 6, 239497).
cost(12, 7, 229380).
cost(12, 8, 298319).
cost(12, 9, 288686).
cost(12, 10, 205299).
cost(12, 11, 187431).
cost(12, 13, 286696).
cost(12, 14, 412865).
cost(12, 15, 185251).
cost(12, 16, 81836).
cost(12, 17, 411753).
cost(12, 18, 178068).
cost(12, 19, 209904).
cost(12, 20, 237862).
cost(12, 21, 469446).
cost(12, 22, 385264).
cost(12, 23, 506174).
cost(12, 24, 166935).
cost(12, 25, 327173).
cost(13, 1, 314308).
cost(13, 2, 429116).
cost(13, 3, 323706).
cost(13, 4, 370981).
cost(13, 5, 575379).
cost(13, 6, 394820).
cost(13, 7, 458073).
cost(13, 8, 535723).
cost(13, 9, 255305).
cost(13, 10, 84908).
cost(13, 11, 112962).
cost(13, 12, 286696).
cost(13, 14, 657471).
cost(13, 15, 450015).
cost(13, 16, 368059).
cost(13, 17, 466730).
cost(13, 18, 346460).
cost(13, 19, 354198).
cost(13, 20, 288760).
cost(13, 21, 262333).
cost(13, 22, 273562).
cost(13, 23, 679202).
cost(13, 24, 159289).
cost(13, 25, 171805).
cost(14, 1, 957728).
cost(14, 2, 479354).
cost(14, 3, 567912).
cost(14, 4, 530873).
cost(14, 5, 581706).
cost(14, 6, 581278).
cost(14, 7, 492385).
cost(14, 8, 501004).
cost(14, 9, 697808).
cost(14, 10, 592937).
cost(14, 11, 585770).
cost(14, 12, 412865).
cost(14, 13, 657471).
cost(14, 15, 228745).
cost(14, 16, 362797).
cost(14, 17, 772152).
cost(14, 18, 539513).
cost(14, 19, 572968).
cost(14, 20, 413086).
cost(14, 21, 878323).
cost(14, 22, 797514).
cost(14, 23, 734181).
cost(14, 24, 576806).
cost(14, 25, 737782).
cost(15, 1, 761096).
cost(15, 2, 419302).
cost(15, 3, 344036).
cost(15, 4, 313865).
cost(15, 5, 414331).
cost(15, 6, 367213).
cost(15, 7, 297751).
cost(15, 8, 332366).
cost(15, 9, 469130).
cost(15, 10, 377076).
cost(15, 11, 365468).
cost(15, 12, 185251).
cost(15, 13, 450015).
cost(15, 14, 228745).
cost(15, 16, 137166).
cost(15, 17, 556960).
cost(15, 18, 318545).
cost(15, 19, 352760).
cost(15, 20, 269456).
cost(15, 21, 653917).
cost(15, 22, 568899).
cost(15, 23, 570915).
cost(15, 24, 351295).
cost(15, 25, 512091).
cost(16, 1, 681765).
cost(16, 2, 473638).
cost(16, 3, 206871).
cost(16, 4, 179498).
cost(16, 5, 316575).
cost(16, 6, 233867).
cost(16, 7, 185215).
cost(16, 8, 241882).
cost(16, 9, 337486).
cost(16, 10, 285701).
cost(16, 11, 265689).
cost(16, 12, 81836).
cost(16, 13, 368059).
cost(16, 14, 362797).
cost(16, 15, 137166).
cost(16, 17, 421576).
cost(16, 18, 182012).
cost(16, 19, 216339).
cost(16, 20, 288614).
cost(16, 21, 537280).
cost(16, 22, 440254).
cost(16, 23, 467924).
cost(16, 24, 238766).
cost(16, 25, 394429).
cost(17, 1, 666938).
cost(17, 2, 817623).
cost(17, 3, 221983).
cost(17, 4, 243147).
cost(17, 5, 282407).
cost(17, 6, 190964).
cost(17, 7, 289966).
cost(17, 8, 321701).
cost(17, 9, 212325).
cost(17, 10, 413387).
cost(17, 11, 384478).
cost(17, 12, 411753).
cost(17, 13, 466730).
cost(17, 14, 772152).
cost(17, 15, 556960).
cost(17, 16, 421576).
cost(17, 18, 240113).
cost(17, 19, 205847).
cost(17, 20, 625973).
cost(17, 21, 389890).
cost(17, 22, 251464).
cost(17, 23, 278198).
cost(17, 24, 341380).
cost(17, 25, 322162).
cost(18, 1, 631723).
cost(18, 2, 603973).
cost(18, 3, 35768).
cost(18, 4, 25657).
cost(18, 5, 229008).
cost(18, 6, 62630).
cost(18, 7, 120617).
cost(18, 8, 195795).
cost(18, 9, 192809).
cost(18, 10, 266391).
cost(18, 11, 235259).
cost(18, 12, 178068).
cost(18, 13, 346460).
cost(18, 14, 539513).
cost(18, 15, 318545).
cost(18, 16, 182012).
cost(18, 17, 240113).
cost(18, 19, 34349).
cost(18, 20, 409419).
cost(18, 21, 421969).
cost(18, 22, 298068).
cost(18, 23, 346880).
cost(18, 24, 187290).
cost(18, 25, 289311).
cost(19, 1, 629091).
cost(19, 2, 632199).
cost(19, 3, 30815).
cost(19, 4, 45463).
cost(19, 5, 224205).
cost(19, 6, 40872).
cost(19, 7, 133966).
cost(19, 8, 203595).
cost(19, 9, 174738).
cost(19, 10, 277605).
cost(19, 11, 245981).
cost(19, 12, 209904).
cost(19, 13, 354198).
cost(19, 14, 572968).
cost(19, 15, 352760).
cost(19, 16, 216339).
cost(19, 17, 205847).
cost(19, 18, 34349).
cost(19, 20, 437742).
cost(19, 21, 406924).
cost(19, 22, 277603).
cost(19, 23, 329197).
cost(19, 24, 197120).
cost(19, 25, 279793).
cost(20, 1, 556134).
cost(20, 2, 194558).
cost(20, 3, 412291).
cost(20, 4, 422201).
cost(20, 5, 599725).
cost(20, 6, 472034).
cost(20, 7, 465163).
cost(20, 8, 529185).
cost(20, 9, 453773).
cost(20, 10, 261032).
cost(20, 11, 274405).
cost(20, 12, 237862).
cost(20, 13, 288760).
cost(20, 14, 413086).
cost(20, 15, 269456).
cost(20, 16, 288614).
cost(20, 17, 625973).
cost(20, 18, 409419).
cost(20, 19, 437742).
cost(20, 21, 547163).
cost(20, 22, 520827).
cost(20, 23, 744006).
cost(20, 24, 299551).
cost(20, 25, 429427).
cost(21, 1, 288651).
cost(21, 2, 689719).
cost(21, 3, 386772).
cost(21, 4, 446071).
cost(21, 5, 614537).
cost(21, 6, 436179).
cost(21, 7, 540335).
cost(21, 8, 609790).
cost(21, 9, 232677).
cost(21, 10, 294040).
cost(21, 11, 294391).
cost(21, 12, 469446).
cost(21, 13, 262333).
cost(21, 14, 878323).
cost(21, 15, 653917).
cost(21, 16, 537280).
cost(21, 17, 389890).
cost(21, 18, 421969).
cost(21, 19, 406924).
cost(21, 20, 547163).
cost(21, 22, 141847).
cost(21, 23, 661732).
cost(21, 24, 302661).
cost(21, 25, 142872).
cost(22, 1, 416202).
cost(22, 2, 690129).
cost(22, 3, 262311).
cost(22, 4, 320156).
cost(22, 5, 475512).
cost(22, 6, 302246).
cost(22, 7, 411356).
cost(22, 8, 476692).
cost(22, 9, 106040).
cost(22, 10, 261562).
cost(22, 11, 246603).
cost(22, 12, 385264).
cost(22, 13, 273562).
cost(22, 14, 797514).
cost(22, 15, 568899).
cost(22, 16, 440254).
cost(22, 17, 251464).
cost(22, 18, 298068).
cost(22, 19, 277603).
cost(22, 20, 520827).
cost(22, 21, 141847).
cost(22, 23, 520205).
cost(22, 24, 231382).
cost(22, 25, 101770).
cost(23, 1, 926325).
cost(23, 2, 936255).
cost(23, 3, 359915).
cost(23, 4, 327919).
cost(23, 5, 156758).
cost(23, 6, 288581).
cost(23, 7, 282756).
cost(23, 8, 239320).
cost(23, 9, 451701).
cost(23, 10, 605974).
cost(23, 11, 574295).
cost(23, 12, 506174).
cost(23, 13, 679202).
cost(23, 14, 734181).
cost(23, 15, 570915).
cost(23, 16, 467924).
cost(23, 17, 278198).
cost(23, 18, 346880).
cost(23, 19, 329197).
cost(23, 20, 744006).
cost(23, 21, 661732).
cost(23, 22, 520205).
cost(23, 24, 525404).
cost(23, 25, 570340).
cost(24, 1, 456727).
cost(24, 2, 483281).
cost(24, 3, 166331).
cost(24, 4, 211699).
cost(24, 5, 416291).
cost(24, 6, 237987).
cost(24, 7, 299693).
cost(24, 8, 377310).
cost(24, 9, 154224).
cost(24, 10, 80581).
cost(24, 11, 48907).
cost(24, 12, 166935).
cost(24, 13, 159289).
cost(24, 14, 576806).
cost(24, 15, 351295).
cost(24, 16, 238766).
cost(24, 17, 341380).
cost(24, 18, 187290).
cost(24, 19, 197120).
cost(24, 20, 299551).
cost(24, 21, 302661).
cost(24, 22, 231382).
cost(24, 23, 525404).
cost(24, 25, 161009).
cost(25, 1, 356720).
cost(25, 2, 592065).
cost(25, 3, 255648).
cost(25, 4, 314458).
cost(25, 5, 498879).
cost(25, 6, 314084).
cost(25, 7, 409735).
cost(25, 8, 482912).
cost(25, 9, 118661).
cost(25, 10, 168445).
cost(25, 11, 160367).
cost(25, 12, 327173).
cost(25, 13, 171805).
cost(25, 14, 737782).
cost(25, 15, 512091).
cost(25, 16, 394429).
cost(25, 17, 322162).
cost(25, 18, 289311).
cost(25, 19, 279793).
cost(25, 20, 429427).
cost(25, 21, 142872).
cost(25, 22, 101770).
cost(25, 23, 570340).
cost(25, 24, 161009).
nocross(1,10).
nocross(1,11).
nocross(1,13).
nocross(1,21).
nocross(1,25).
nocross(3,4).
nocross(3,5).
nocross(3,9).
nocross(3,18).
nocross(4,3).
nocross(4,5).
nocross(4,6).
nocross(4,8).
nocross(4,10).
nocross(4,11).
nocross(4,14).
nocross(4,15).
nocross(4,16).
nocross(4,18).
nocross(5,4).
nocross(5,8).
nocross(5,17).
nocross(6,4).
nocross(6,5).
nocross(6,7).
nocross(6,8).
nocross(6,9).
nocross(7,3).
nocross(7,4).
nocross(7,5).
nocross(7,6).
nocross(7,8).
nocross(7,11).
nocross(7,14).
nocross(7,15).
nocross(7,16).
nocross(8,4).
nocross(8,5).
nocross(8,6).
nocross(8,7).
nocross(8,15).
nocross(9,3).
nocross(9,6).
nocross(9,11).
nocross(9,17).
nocross(9,25).
nocross(10,1).
nocross(10,9).
nocross(10,11).
nocross(10,12).
nocross(10,13).
nocross(10,16).
nocross(10,20).
nocross(10,25).
nocross(11,1).
nocross(11,10).
nocross(11,12).
nocross(11,13).
nocross(11,16).
nocross(11,25).
nocross(12,4).
nocross(12,5).
nocross(12,7).
nocross(12,9).
nocross(12,10).
nocross(12,11).
nocross(12,15).
nocross(12,16).
nocross(12,25).
nocross(13,1).
nocross(13,9).
nocross(13,10).
nocross(13,11).
nocross(13,20).
nocross(13,25).
nocross(15,4).
nocross(15,5).
nocross(15,7).
nocross(15,14).
nocross(15,20).
nocross(16,4).
nocross(16,5).
nocross(16,6).
nocross(16,7).
nocross(16,10).
nocross(16,11).
nocross(16,14).
nocross(16,15).
nocross(16,20).
nocross(16,25).
nocross(17,4).
nocross(17,5).
nocross(17,6).
nocross(17,8).
nocross(17,9).
nocross(17,11).
nocross(17,19).
nocross(17,23).
nocross(18,3).
nocross(18,4).
nocross(18,5).
nocross(18,6).
nocross(18,7).
nocross(18,8).
nocross(18,10).
nocross(18,11).
nocross(18,13).
nocross(18,16).
nocross(19,5).
nocross(20,4).
nocross(20,10).
nocross(20,11).
nocross(20,12).
nocross(20,13).
nocross(20,15).
nocross(20,16).
nocross(21,9).
nocross(21,11).
nocross(21,13).
nocross(21,22).
nocross(21,25).
nocross(22,1).
nocross(22,3).
nocross(22,5).
nocross(22,9).
nocross(22,11).
nocross(22,13).
nocross(22,17).
nocross(22,21).
nocross(22,25).
nocross(23,5).
nocross(23,7).
nocross(23,8).
nocross(23,17).
nocross(24,1).
nocross(24,9).
nocross(24,10).
nocross(24,11).
nocross(24,13).
nocross(24,17).
nocross(24,25).
nocross(25,1).
nocross(25,3).
nocross(25,9).
nocross(25,10).
nocross(25,11).
nocross(25,13).
nocross(25,16).
nocross(25,18).
nocross(25,22).
