dimension(25).
point(1, 103685.0, 94870.0).
point(2, -339951.0, -231909.0).
point(3, 158200.0, 61109.0).
point(4, 174067.0, 296368.0).
point(5, 45810.0, -312653.0).
point(6, 329737.0, -306190.0).
point(7, 242851.0, -7937.0).
point(8, -224274.0, 154868.0).
point(9, 337247.0, 93524.0).
point(10, -46181.0, -250279.0).
point(11, 89187.0, 137397.0).
point(12, -171968.0, 163998.0).
point(13, 325191.0, -244575.0).
point(14, -168477.0, -232961.0).
point(15, 295405.0, 17069.0).
point(16, -39853.0, -285266.0).
point(17, -92276.0, 122197.0).
point(18, 313591.0, 209988.0).
point(19, -389569.0, -7136.0).
point(20, 249749.0, -124776.0).
point(21, -117891.0, 22010.0).
point(22, 113584.0, 134113.0).
point(23, 39108.0, -201382.0).
point(24, 192099.0, -158658.0).
point(25, 212552.0, 800.0).
cost(1, 2, 550997).
cost(1, 3, 64122).
cost(1, 4, 213436).
cost(1, 5, 411612).
cost(1, 6, 460379).
cost(1, 7, 173022).
cost(1, 8, 333402).
cost(1, 9, 233566).
cost(1, 10, 376281).
cost(1, 11, 44930).
cost(1, 12, 284189).
cost(1, 13, 405324).
cost(1, 14, 426081).
cost(1, 15, 206905).
cost(1, 16, 406333).
cost(1, 17, 197857).
cost(1, 18, 239401).
cost(1, 19, 503691).
cost(1, 20, 263778).
cost(1, 21, 233248).
cost(1, 22, 40472).
cost(1, 23, 303209).
cost(1, 24, 268502).
cost(1, 25, 143879).
cost(2, 1, 550997).
cost(2, 3, 577939).
cost(2, 4, 737083).
cost(2, 5, 394121).
cost(2, 6, 673795).
cost(2, 7, 624357).
cost(2, 8, 403705).
cost(2, 9, 751335).
cost(2, 10, 294344).
cost(2, 11, 566168).
cost(2, 12, 430071).
cost(2, 13, 665263).
cost(2, 14, 171477).
cost(2, 15, 682398).
cost(2, 16, 304804).
cost(2, 17, 432127).
cost(2, 18, 788917).
cost(2, 19, 230184).
cost(2, 20, 599353).
cost(2, 21, 337321).
cost(2, 22, 582809).
cost(2, 23, 380286).
cost(2, 24, 537069).
cost(2, 25, 599511).
cost(3, 1, 64122).
cost(3, 2, 577939).
cost(3, 4, 235793).
cost(3, 5, 390294).
cost(3, 6, 405381).
cost(3, 7, 109239).
cost(3, 8, 393798).
cost(3, 9, 181958).
cost(3, 10, 372470).
cost(3, 11, 102872).
cost(3, 12, 345828).
cost(3, 13, 348323).
cost(3, 14, 439540).
cost(3, 15, 144100).
cost(3, 16, 399000).
cost(3, 17, 257818).
cost(3, 18, 215201).
cost(3, 19, 552004).
cost(3, 20, 207206).
cost(3, 21, 278846).
cost(3, 22, 85558).
cost(3, 23, 288244).
cost(3, 24, 222366).
cost(3, 25, 81187).
cost(4, 1, 213436).
cost(4, 2, 737083).
cost(4, 3, 235793).
cost(4, 5, 622380).
cost(4, 6, 622342).
cost(4, 7, 311982).
cost(4, 8, 422727).
cost(4, 9, 260333).
cost(4, 10, 589349).
cost(4, 11, 180212).
cost(4, 12, 370489).
cost(4, 13, 561656).
cost(4, 14, 630496).
cost(4, 15, 304517).
cost(4, 16, 619726).
cost(4, 17, 318236).
cost(4, 18, 164099).
cost(4, 19, 640156).
cost(4, 20, 427890).
cost(4, 21, 400639).
cost(4, 22, 173161).
cost(4, 23, 515722).
cost(4, 24, 455383).
cost(4, 25, 298063).
cost(5, 1, 411612).
cost(5, 2, 394121).
cost(5, 3, 390294).
cost(5, 4, 622380).
cost(5, 6, 284001).
cost(5, 7, 362873).
cost(5, 8, 539927).
cost(5, 9, 499915).
cost(5, 10, 111143).
cost(5, 11, 452136).
cost(5, 12, 524045).
cost(5, 13, 287556).
cost(5, 14, 228626).
cost(5, 15, 413539).
cost(5, 16, 89934).
cost(5, 17, 456248).
cost(5, 18, 587248).
cost(5, 19, 531879).
cost(5, 20, 277288).
cost(5, 21, 372555).
cost(5, 22, 451877).
cost(5, 23, 111473).
cost(5, 24, 212403).
cost(5, 25, 355043).
cost(6, 1, 460379).
cost(6, 2, 673795).
cost(6, 3, 405381).
cost(6, 4, 622342).
cost(6, 5, 284001).
cost(6, 7, 310651).
cost(6, 8, 720765).
cost(6, 9, 399785).
cost(6, 10, 380053).
cost(6, 11, 504612).
cost(6, 12, 687593).
cost(6, 13, 61782).
cost(6, 14, 503567).
cost(6, 15, 325077).
cost(6, 16, 370182).
cost(6, 17, 601340).
cost(6, 18, 516430).
cost(6, 19, 778996).
cost(6, 20, 198265).
cost(6, 21, 555055).
cost(6, 22, 490499).
cost(6, 23, 308950).
cost(6, 24, 201767).
cost(6, 25, 328596).
cost(7, 1, 173022).
cost(7, 2, 624357).
cost(7, 3, 109239).
cost(7, 4, 311982).
cost(7, 5, 362873).
cost(7, 6, 310651).
cost(7, 8, 494683).
cost(7, 9, 138582).
cost(7, 10, 377186).
cost(7, 11, 211506).
cost(7, 12, 449039).
cost(7, 13, 250554).
cost(7, 14, 468857).
cost(7, 15, 58200).
cost(7, 16, 396021).
cost(7, 17, 359507).
cost(7, 18, 229119).
cost(7, 19, 632421).
cost(7, 20, 117042).
cost(7, 21, 361983).
cost(7, 22, 192063).
cost(7, 23, 280949).
cost(7, 24, 159036).
cost(7, 25, 31534).
cost(8, 1, 333402).
cost(8, 2, 403705).
cost(8, 3, 393798).
cost(8, 4, 422727).
cost(8, 5, 539927).
cost(8, 6, 720765).
cost(8, 7, 494683).
cost(8, 9, 564862).
cost(8, 10, 442562).
cost(8, 11, 313948).
cost(8, 12, 53097).
cost(8, 13, 679313).
cost(8, 14, 391822).
cost(8, 15, 537638).
cost(8, 16, 477210).
cost(8, 17, 135981).
cost(8, 18, 540682).
cost(8, 19, 231447).
cost(8, 20, 550362).
cost(8, 21, 170202).
cost(8, 22, 338495).
cost(8, 23, 443040).
cost(8, 24, 521215).
cost(8, 25, 463200).
cost(9, 1, 233566).
cost(9, 2, 751335).
cost(9, 3, 181958).
cost(9, 4, 260333).
cost(9, 5, 499915).
cost(9, 6, 399785).
cost(9, 7, 138582).
cost(9, 8, 564862).
cost(9, 10, 514993).
cost(9, 11, 251910).
cost(9, 12, 514069).
cost(9, 13, 338314).
cost(9, 14, 601954).
cost(9, 15, 87156).
cost(9, 16, 534496).
cost(9, 17, 430479).
cost(9, 18, 118842).
cost(9, 19, 733753).
cost(9, 20, 235182).
cost(9, 21, 460722).
cost(9, 22, 227316).
cost(9, 23, 419352).
cost(9, 24, 290970).
cost(9, 25, 155392).
cost(10, 1, 376281).
cost(10, 2, 294344).
cost(10, 3, 372470).
cost(10, 4, 589349).
cost(10, 5, 111143).
cost(10, 6, 380053).
cost(10, 7, 377186).
cost(10, 8, 442562).
cost(10, 9, 514993).
cost(10, 11, 410630).
cost(10, 12, 432952).
cost(10, 13, 371416).
cost(10, 14, 123516).
cost(10, 15, 433769).
cost(10, 16, 35555).
cost(10, 17, 375317).
cost(10, 18, 584193).
cost(10, 19, 420754).
cost(10, 20, 321443).
cost(10, 21, 281573).
cost(10, 22, 416272).
cost(10, 23, 98311).
cost(10, 24, 255288).
cost(10, 25, 360532).
cost(11, 1, 44930).
cost(11, 2, 566168).
cost(11, 3, 102872).
cost(11, 4, 180212).
cost(11, 5, 452136).
cost(11, 6, 504612).
cost(11, 7, 211506).
cost(11, 8, 313948).
cost(11, 9, 251910).
cost(11, 10, 410630).
cost(11, 12, 262506).
cost(11, 13, 448999).
cost(11, 14, 451172).
cost(11, 15, 238757).
cost(11, 16, 441922).
cost(11, 17, 182098).
cost(11, 18, 235853).
cost(11, 19, 500097).
cost(11, 20, 307433).
cost(11, 21, 237056).
cost(11, 22, 24617).
cost(11, 23, 342460).
cost(11, 24, 313432).
cost(11, 25, 184059).
cost(12, 1, 284189).
cost(12, 2, 430071).
cost(12, 3, 345828).
cost(12, 4, 370489).
cost(12, 5, 524045).
cost(12, 6, 687593).
cost(12, 7, 449039).
cost(12, 8, 53097).
cost(12, 9, 514069).
cost(12, 10, 432952).
cost(12, 11, 262506).
cost(12, 13, 643505).
cost(12, 14, 396974).
cost(12, 15, 489924).
cost(12, 16, 468287).
cost(12, 17, 89990).
cost(12, 18, 487732).
cost(12, 19, 276834).
cost(12, 20, 511112).
cost(12, 21, 151937).
cost(12, 22, 287112).
cost(12, 23, 421966).
cost(12, 24, 486469).
cost(12, 25, 417719).
cost(13, 1, 405324).
cost(13, 2, 665263).
cost(13, 3, 348323).
cost(13, 4, 561656).
cost(13, 5, 287556).
cost(13, 6, 61782).
cost(13, 7, 250554).
cost(13, 8, 679313).
cost(13, 9, 338314).
cost(13, 10, 371416).
cost(13, 11, 448999).
cost(13, 12, 643505).
cost(13, 14, 493805).
cost(13, 15, 263334).
cost(13, 16, 367305).
cost(13, 17, 555698).
cost(13, 18, 454711).
cost(13, 19, 753166).
cost(13, 20, 141574).
cost(13, 21, 517097).
cost(13, 22, 433800).
cost(13, 23, 289325).
cost(13, 24, 158415).
cost(13, 25, 269993).
cost(14, 1, 426081).
cost(14, 2, 171477).
cost(14, 3, 439540).
cost(14, 4, 630496).
cost(14, 5, 228626).
cost(14, 6, 503567).
cost(14, 7, 468857).
cost(14, 8, 391822).
cost(14, 9, 601954).
cost(14, 10, 123516).
cost(14, 11, 451172).
cost(14, 12, 396974).
cost(14, 13, 493805).
cost(14, 15, 526974).
cost(14, 16, 138852).
cost(14, 17, 363241).
cost(14, 18, 654670).
cost(14, 19, 316036).
cost(14, 20, 431992).
cost(14, 21, 259941).
cost(14, 22, 462927).
cost(14, 23, 209973).
cost(14, 24, 368152).
cost(14, 25, 447020).
cost(15, 1, 206905).
cost(15, 2, 682398).
cost(15, 3, 144100).
cost(15, 4, 304517).
cost(15, 5, 413539).
cost(15, 6, 325077).
cost(15, 7, 58200).
cost(15, 8, 537638).
cost(15, 9, 87156).
cost(15, 10, 433769).
cost(15, 11, 238757).
cost(15, 12, 489924).
cost(15, 13, 263334).
cost(15, 14, 526974).
cost(15, 16, 451447).
cost(15, 17, 401682).
cost(15, 18, 193774).
cost(15, 19, 685402).
cost(15, 20, 149012).
cost(15, 21, 413326).
cost(15, 22, 216236).
cost(15, 23, 336763).
cost(15, 24, 203843).
cost(15, 25, 84435).
cost(16, 1, 406333).
cost(16, 2, 304804).
cost(16, 3, 399000).
cost(16, 4, 619726).
cost(16, 5, 89934).
cost(16, 6, 370182).
cost(16, 7, 396021).
cost(16, 8, 477210).
cost(16, 9, 534496).
cost(16, 10, 35555).
cost(16, 11, 441922).
cost(16, 12, 468287).
cost(16, 13, 367305).
cost(16, 14, 138852).
cost(16, 15, 451447).
cost(16, 17, 410821).
cost(16, 18, 608440).
cost(16, 19, 446831).
cost(16, 20, 331099).
cost(16, 21, 317031).
cost(16, 22, 446567).
cost(16, 23, 115201).
cost(16, 24, 264256).
cost(16, 25, 381500).
cost(17, 1, 197857).
cost(17, 2, 432127).
cost(17, 3, 257818).
cost(17, 4, 318236).
cost(17, 5, 456248).
cost(17, 6, 601340).
cost(17, 7, 359507).
cost(17, 8, 135981).
cost(17, 9, 430479).
cost(17, 10, 375317).
cost(17, 11, 182098).
cost(17, 12, 89990).
cost(17, 13, 555698).
cost(17, 14, 363241).
cost(17, 15, 401682).
cost(17, 16, 410821).
cost(17, 18, 415253).
cost(17, 19, 324207).
cost(17, 20, 421873).
cost(17, 21, 103410).
cost(17, 22, 206205).
cost(17, 23, 349235).
cost(17, 24, 399686).
cost(17, 25, 328112).
cost(18, 1, 239401).
cost(18, 2, 788917).
cost(18, 3, 215201).
cost(18, 4, 164099).
cost(18, 5, 587248).
cost(18, 6, 516430).
cost(18, 7, 229119).
cost(18, 8, 540682).
cost(18, 9, 118842).
cost(18, 10, 584193).
cost(18, 11, 235853).
cost(18, 12, 487732).
cost(18, 13, 454711).
cost(18, 14, 654670).
cost(18, 15, 193774).
cost(18, 16, 608440).
cost(18, 17, 415253).
cost(18, 19, 735919).
cost(18, 20, 340797).
cost(18, 21, 470651).
cost(18, 22, 213915).
cost(18, 23, 494536).
cost(18, 24, 388150).
cost(18, 25, 232311).
cost(19, 1, 503691).
cost(19, 2, 230184).
cost(19, 3, 552004).
cost(19, 4, 640156).
cost(19, 5, 531879).
cost(19, 6, 778996).
cost(19, 7, 632421).
cost(19, 8, 231447).
cost(19, 9, 733753).
cost(19, 10, 420754).
cost(19, 11, 500097).
cost(19, 12, 276834).
cost(19, 13, 753166).
cost(19, 14, 316036).
cost(19, 15, 685402).
cost(19, 16, 446831).
cost(19, 17, 324207).
cost(19, 18, 735919).
cost(19, 20, 650051).
cost(19, 21, 273237).
cost(19, 22, 522603).
cost(19, 23, 470633).
cost(19, 24, 601080).
cost(19, 25, 602173).
cost(20, 1, 263778).
cost(20, 2, 599353).
cost(20, 3, 207206).
cost(20, 4, 427890).
cost(20, 5, 277288).
cost(20, 6, 198265).
cost(20, 7, 117042).
cost(20, 8, 550362).
cost(20, 9, 235182).
cost(20, 10, 321443).
cost(20, 11, 307433).
cost(20, 12, 511112).
cost(20, 13, 141574).
cost(20, 14, 431992).
cost(20, 15, 149012).
cost(20, 16, 331099).
cost(20, 17, 421873).
cost(20, 18, 340797).
cost(20, 19, 650051).
cost(20, 21, 395860).
cost(20, 22, 292514).
cost(20, 23, 224139).
cost(20, 24, 66869).
cost(20, 25, 130969).
cost(21, 1, 233248).
cost(21, 2, 337321).
cost(21, 3, 278846).
cost(21, 4, 400639).
cost(21, 5, 372555).
cost(21, 6, 555055).
cost(21, 7, 361983).
cost(21, 8, 170202).
cost(21, 9, 460722).
cost(21, 10, 281573).
cost(21, 11, 237056).
cost(21, 12, 151937).
cost(21, 13, 517097).
cost(21, 14, 259941).
cost(21, 15, 413326).
cost(21, 16, 317031).
cost(21, 17, 103410).
cost(21, 18, 470651).
cost(21, 19, 273237).
cost(21, 20, 395860).
cost(21, 22, 257192).
cost(21, 23, 273043).
cost(21, 24, 358796).
cost(21, 25, 331123).
cost(22, 1, 40472).
cost(22, 2, 582809).
cost(22, 3, 85558).
cost(22, 4, 173161).
cost(22, 5, 451877).
cost(22, 6, 490499).
cost(22, 7, 192063).
cost(22, 8, 338495).
cost(22, 9, 227316).
cost(22, 10, 416272).
cost(22, 11, 24617).
cost(22, 12, 287112).
cost(22, 13, 433800).
cost(22, 14, 462927).
cost(22, 15, 216236).
cost(22, 16, 446567).
cost(22, 17, 206205).
cost(22, 18, 213915).
cost(22, 19, 522603).
cost(22, 20, 292514).
cost(22, 21, 257192).
cost(22, 23, 343662).
cost(22, 24, 303116).
cost(22, 25, 166033).
cost(23, 1, 303209).
cost(23, 2, 380286).
cost(23, 3, 288244).
cost(23, 4, 515722).
cost(23, 5, 111473).
cost(23, 6, 308950).
cost(23, 7, 280949).
cost(23, 8, 443040).
cost(23, 9, 419352).
cost(23, 10, 98311).
cost(23, 11, 342460).
cost(23, 12, 421966).
cost(23, 13, 289325).
cost(23, 14, 209973).
cost(23, 15, 336763).
cost(23, 16, 115201).
cost(23, 17, 349235).
cost(23, 18, 494536).
cost(23, 19, 470633).
cost(23, 20, 224139).
cost(23, 21, 273043).
cost(23, 22, 343662).
cost(23, 24, 158845).
cost(23, 25, 266384).
cost(24, 1, 268502).
cost(24, 2, 537069).
cost(24, 3, 222366).
cost(24, 4, 455383).
cost(24, 5, 212403).
cost(24, 6, 201767).
cost(24, 7, 159036).
cost(24, 8, 521215).
cost(24, 9, 290970).
cost(24, 10, 255288).
cost(24, 11, 313432).
cost(24, 12, 486469).
cost(24, 13, 158415).
cost(24, 14, 368152).
cost(24, 15, 203843).
cost(24, 16, 264256).
cost(24, 17, 399686).
cost(24, 18, 388150).
cost(24, 19, 601080).
cost(24, 20, 66869).
cost(24, 21, 358796).
cost(24, 22, 303116).
cost(24, 23, 158845).
cost(24, 25, 160764).
cost(25, 1, 143879).
cost(25, 2, 599511).
cost(25, 3, 81187).
cost(25, 4, 298063).
cost(25, 5, 355043).
cost(25, 6, 328596).
cost(25, 7, 31534).
cost(25, 8, 463200).
cost(25, 9, 155392).
cost(25, 10, 360532).
cost(25, 11, 184059).
cost(25, 12, 417719).
cost(25, 13, 269993).
cost(25, 14, 447020).
cost(25, 15, 84435).
cost(25, 16, 381500).
cost(25, 17, 328112).
cost(25, 18, 232311).
cost(25, 19, 602173).
cost(25, 20, 130969).
cost(25, 21, 331123).
cost(25, 22, 166033).
cost(25, 23, 266384).
cost(25, 24, 160764).
nocross(1,9).
nocross(1,11).
nocross(1,18).
nocross(1,22).
nocross(1,25).
nocross(2,14).
nocross(2,21).
nocross(3,7).
nocross(3,25).
nocross(4,7).
nocross(4,9).
nocross(4,15).
nocross(4,25).
nocross(5,6).
nocross(5,7).
nocross(5,10).
nocross(5,16).
nocross(5,20).
nocross(5,23).
nocross(5,24).
nocross(5,25).
nocross(6,13).
nocross(6,20).
nocross(6,24).
nocross(7,9).
nocross(7,13).
nocross(7,15).
nocross(7,20).
nocross(7,25).
nocross(8,12).
nocross(8,17).
nocross(8,21).
nocross(9,7).
nocross(9,15).
nocross(9,25).
nocross(10,14).
nocross(10,16).
nocross(10,23).
nocross(10,24).
nocross(11,9).
nocross(11,15).
nocross(12,7).
nocross(12,8).
nocross(12,17).
nocross(12,21).
nocross(12,25).
nocross(13,6).
nocross(13,7).
nocross(13,20).
nocross(13,24).
nocross(14,2).
nocross(14,8).
nocross(14,16).
nocross(14,19).
nocross(15,7).
nocross(15,9).
nocross(15,20).
nocross(15,25).
nocross(16,2).
nocross(16,5).
nocross(16,14).
nocross(16,24).
nocross(17,7).
nocross(17,8).
nocross(17,10).
nocross(17,11).
nocross(17,12).
nocross(17,16).
nocross(17,21).
nocross(17,25).
nocross(18,7).
nocross(18,9).
nocross(18,15).
nocross(18,25).
nocross(19,2).
nocross(19,8).
nocross(19,14).
nocross(19,21).
nocross(20,5).
nocross(20,7).
nocross(20,13).
nocross(20,15).
nocross(20,16).
nocross(20,23).
nocross(20,24).
nocross(20,25).
nocross(21,8).
nocross(21,14).
nocross(22,7).
nocross(22,9).
nocross(22,11).
nocross(22,15).
nocross(22,25).
nocross(23,6).
nocross(23,7).
nocross(23,20).
nocross(23,25).
nocross(24,6).
nocross(24,7).
nocross(24,15).
nocross(24,20).
nocross(24,23).
nocross(24,25).
nocross(25,7).
nocross(25,9).
nocross(25,15).
nocross(25,20).
nocross(25,24).
