dimension(25).
point(1, -134730.0, -274902.0).
point(2, -97652.0, -114508.0).
point(3, -43747.0, 36398.0).
point(4, -15042.0, -86570.0).
point(5, -323323.0, 96095.0).
point(6, -131940.0, -210722.0).
point(7, -276030.0, 77863.0).
point(8, 179602.0, 219849.0).
point(9, 225336.0, -114555.0).
point(10, -118405.0, -121914.0).
point(11, 36435.0, 95454.0).
point(12, -113530.0, -34057.0).
point(13, 23421.0, -7173.0).
point(14, -234888.0, 358171.0).
point(15, -73799.0, 67790.0).
point(16, -98554.0, -1184.0).
point(17, -34270.0, 12384.0).
point(18, -183182.0, 193628.0).
point(19, 2159.0, 237205.0).
point(20, 6805.0, -253410.0).
point(21, 88135.0, 178035.0).
point(22, 12195.0, 82510.0).
point(23, 260533.0, 15473.0).
point(24, 139357.0, -44452.0).
point(25, 108077.0, 173170.0).
cost(1, 2, 164624).
cost(1, 3, 324323).
cost(1, 4, 223146).
cost(1, 5, 416180).
cost(1, 6, 64241).
cost(1, 7, 380012).
cost(1, 8, 586160).
cost(1, 9, 394156).
cost(1, 10, 153857).
cost(1, 11, 407996).
cost(1, 12, 241776).
cost(1, 13, 310951).
cost(1, 14, 640947).
cost(1, 15, 348067).
cost(1, 16, 276098).
cost(1, 17, 304344).
cost(1, 18, 471029).
cost(1, 19, 530087).
cost(1, 20, 143157).
cost(1, 21, 504798).
cost(1, 22, 386433).
cost(1, 23, 490459).
cost(1, 24, 358093).
cost(1, 25, 509631).
cost(2, 1, 164624).
cost(2, 3, 160245).
cost(2, 4, 87206).
cost(2, 5, 308676).
cost(2, 6, 102141).
cost(2, 7, 262346).
cost(2, 8, 434355).
cost(2, 9, 322988).
cost(2, 10, 22035).
cost(2, 11, 249125).
cost(2, 12, 82003).
cost(2, 13, 161801).
cost(2, 14, 492198).
cost(2, 15, 183852).
cost(2, 16, 113328).
cost(2, 17, 141841).
cost(2, 18, 319786).
cost(2, 19, 365601).
cost(2, 20, 173796).
cost(2, 21, 346552).
cost(2, 22, 225571).
cost(2, 23, 381040).
cost(2, 24, 247146).
cost(2, 25, 353671).
cost(3, 1, 324323).
cost(3, 2, 160245).
cost(3, 4, 126274).
cost(3, 5, 285878).
cost(3, 6, 262386).
cost(3, 7, 235955).
cost(3, 8, 289031).
cost(3, 9, 308533).
cost(3, 10, 175033).
cost(3, 11, 99583).
cost(3, 12, 99164).
cost(3, 13, 80062).
cost(3, 14, 374263).
cost(3, 15, 43458).
cost(3, 16, 66455).
cost(3, 17, 25816).
cost(3, 18, 210151).
cost(3, 19, 205987).
cost(3, 20, 294184).
cost(3, 21, 193530).
cost(3, 22, 72497).
cost(3, 23, 304999).
cost(3, 24, 200159).
cost(3, 25, 204346).
cost(4, 1, 223146).
cost(4, 2, 87206).
cost(4, 3, 126274).
cost(4, 5, 358335).
cost(4, 6, 170525).
cost(4, 7, 308469).
cost(4, 8, 363014).
cost(4, 9, 242002).
cost(4, 10, 109239).
cost(4, 11, 189163).
cost(4, 12, 111613).
cost(4, 13, 88223).
cost(4, 14, 496112).
cost(4, 15, 165165).
cost(4, 16, 119436).
cost(4, 17, 100805).
cost(4, 18, 326775).
cost(4, 19, 324232).
cost(4, 20, 168264).
cost(4, 21, 284009).
cost(4, 22, 171260).
cost(4, 23, 293861).
cost(4, 24, 160041).
cost(4, 25, 287442).
cost(5, 1, 416180).
cost(5, 2, 308676).
cost(5, 3, 285878).
cost(5, 4, 358335).
cost(5, 6, 361613).
cost(5, 7, 50686).
cost(5, 8, 517927).
cost(5, 9, 587708).
cost(5, 10, 299198).
cost(5, 11, 359759).
cost(5, 12, 246886).
cost(5, 13, 361795).
cost(5, 14, 276595).
cost(5, 15, 251124).
cost(5, 16, 244917).
cost(5, 17, 300931).
cost(5, 18, 170740).
cost(5, 19, 354754).
cost(5, 20, 480768).
cost(5, 21, 419538).
cost(5, 22, 335793).
cost(5, 23, 589396).
cost(5, 24, 483556).
cost(5, 25, 438231).
cost(6, 1, 64241).
cost(6, 2, 102141).
cost(6, 3, 262386).
cost(6, 4, 170525).
cost(6, 5, 361613).
cost(6, 7, 322557).
cost(6, 8, 531460).
cost(6, 9, 369992).
cost(6, 10, 89833).
cost(6, 11, 349419).
cost(6, 12, 177622).
cost(6, 13, 256065).
cost(6, 14, 578133).
cost(6, 15, 284516).
cost(6, 16, 212181).
cost(6, 17, 243548).
cost(6, 18, 407584).
cost(6, 19, 467569).
cost(6, 20, 145163).
cost(6, 21, 446727).
cost(6, 22, 326741).
cost(6, 23, 452989).
cost(6, 24, 318195).
cost(6, 25, 452749).
cost(7, 1, 380012).
cost(7, 2, 262346).
cost(7, 3, 235955).
cost(7, 4, 308469).
cost(7, 5, 50686).
cost(7, 6, 322557).
cost(7, 8, 477243).
cost(7, 9, 537022).
cost(7, 10, 254473).
cost(7, 11, 312960).
cost(7, 12, 197313).
cost(7, 13, 311291).
cost(7, 14, 283311).
cost(7, 15, 202482).
cost(7, 16, 194284).
cost(7, 17, 250470).
cost(7, 18, 148399).
cost(7, 19, 320592).
cost(7, 20, 435589).
cost(7, 21, 377691).
cost(7, 22, 288262).
cost(7, 23, 540178).
cost(7, 24, 433021).
cost(7, 25, 395754).
cost(8, 1, 586160).
cost(8, 2, 434355).
cost(8, 3, 289031).
cost(8, 4, 363014).
cost(8, 5, 517927).
cost(8, 6, 531460).
cost(8, 7, 477243).
cost(8, 9, 337517).
cost(8, 10, 453443).
cost(8, 11, 189660).
cost(8, 12, 387807).
cost(8, 13, 275557).
cost(8, 14, 436961).
cost(8, 15, 295523).
cost(8, 16, 355283).
cost(8, 17, 297965).
cost(8, 18, 363730).
cost(8, 19, 178290).
cost(8, 20, 503818).
cost(8, 21, 100571).
cost(8, 22, 216534).
cost(8, 23, 219817).
cost(8, 24, 267347).
cost(8, 25, 85409).
cost(9, 1, 394156).
cost(9, 2, 322988).
cost(9, 3, 308533).
cost(9, 4, 242002).
cost(9, 5, 587708).
cost(9, 6, 369992).
cost(9, 7, 537022).
cost(9, 8, 337517).
cost(9, 10, 343820).
cost(9, 11, 282467).
cost(9, 12, 348296).
cost(9, 13, 228693).
cost(9, 14, 659755).
cost(9, 15, 350330).
cost(9, 16, 343158).
cost(9, 17, 288979).
cost(9, 18, 511726).
cost(9, 19, 416585).
cost(9, 20, 258914).
cost(9, 21, 323161).
cost(9, 22, 290282).
cost(9, 23, 134707).
cost(9, 24, 110936).
cost(9, 25, 310701).
cost(10, 1, 153857).
cost(10, 2, 22035).
cost(10, 3, 175033).
cost(10, 4, 109239).
cost(10, 5, 299198).
cost(10, 6, 89833).
cost(10, 7, 254473).
cost(10, 8, 453443).
cost(10, 9, 343820).
cost(10, 11, 266879).
cost(10, 12, 87992).
cost(10, 13, 182428).
cost(10, 14, 494014).
cost(10, 15, 194878).
cost(10, 16, 122351).
cost(10, 17, 158476).
cost(10, 18, 322122).
cost(10, 19, 378817).
cost(10, 20, 181573).
cost(10, 21, 364182).
cost(10, 22, 242581).
cost(10, 23, 403075).
cost(10, 24, 269150).
cost(10, 25, 371979).
cost(11, 1, 407996).
cost(11, 2, 249125).
cost(11, 3, 99583).
cost(11, 4, 189163).
cost(11, 5, 359759).
cost(11, 6, 349419).
cost(11, 7, 312960).
cost(11, 8, 189660).
cost(11, 9, 282467).
cost(11, 10, 266879).
cost(11, 12, 198148).
cost(11, 13, 103449).
cost(11, 14, 377672).
cost(11, 15, 113652).
cost(11, 16, 166015).
cost(11, 17, 109086).
cost(11, 18, 240561).
cost(11, 19, 145836).
cost(11, 20, 350120).
cost(11, 21, 97430).
cost(11, 22, 27480).
cost(11, 23, 237943).
cost(11, 24, 173685).
cost(11, 25, 105699).
cost(12, 1, 241776).
cost(12, 2, 82003).
cost(12, 3, 99164).
cost(12, 4, 111613).
cost(12, 5, 246886).
cost(12, 6, 177622).
cost(12, 7, 197313).
cost(12, 8, 387807).
cost(12, 9, 348296).
cost(12, 10, 87992).
cost(12, 11, 198148).
cost(12, 13, 139565).
cost(12, 14, 410573).
cost(12, 15, 109322).
cost(12, 16, 36124).
cost(12, 17, 91864).
cost(12, 18, 238101).
cost(12, 19, 294902).
cost(12, 20, 250192).
cost(12, 21, 292663).
cost(12, 22, 171449).
cost(12, 23, 377328).
cost(12, 24, 253101).
cost(12, 25, 303402).
cost(13, 1, 310951).
cost(13, 2, 161801).
cost(13, 3, 80062).
cost(13, 4, 88223).
cost(13, 5, 361795).
cost(13, 6, 256065).
cost(13, 7, 311291).
cost(13, 8, 275557).
cost(13, 9, 228693).
cost(13, 10, 182428).
cost(13, 11, 103449).
cost(13, 12, 139565).
cost(13, 14, 447437).
cost(13, 15, 122765).
cost(13, 16, 122122).
cost(13, 17, 60916).
cost(13, 18, 288107).
cost(13, 19, 245301).
cost(13, 20, 246797).
cost(13, 21, 196188).
cost(13, 22, 90383).
cost(13, 23, 238191).
cost(13, 24, 121782).
cost(13, 25, 199224).
cost(14, 1, 640947).
cost(14, 2, 492198).
cost(14, 3, 374263).
cost(14, 4, 496112).
cost(14, 5, 276595).
cost(14, 6, 578133).
cost(14, 7, 283311).
cost(14, 8, 436961).
cost(14, 9, 659755).
cost(14, 10, 494014).
cost(14, 11, 377672).
cost(14, 12, 410573).
cost(14, 13, 447437).
cost(14, 15, 332070).
cost(14, 16, 384347).
cost(14, 17, 399770).
cost(14, 18, 172476).
cost(14, 19, 266128).
cost(14, 20, 657607).
cost(14, 21, 369855).
cost(14, 22, 370188).
cost(14, 23, 602398).
cost(14, 24, 549695).
cost(14, 25, 389680).
cost(15, 1, 348067).
cost(15, 2, 183852).
cost(15, 3, 43458).
cost(15, 4, 165165).
cost(15, 5, 251124).
cost(15, 6, 284516).
cost(15, 7, 202482).
cost(15, 8, 295523).
cost(15, 9, 350330).
cost(15, 10, 194878).
cost(15, 11, 113652).
cost(15, 12, 109322).
cost(15, 13, 122765).
cost(15, 14, 332070).
cost(15, 16, 73282).
cost(15, 17, 68061).
cost(15, 18, 166733).
cost(15, 19, 185664).
cost(15, 20, 331159).
cost(15, 21, 195899).
cost(15, 22, 87245).
cost(15, 23, 338401).
cost(15, 24, 240902).
cost(15, 25, 210199).
cost(16, 1, 276098).
cost(16, 2, 113328).
cost(16, 3, 66455).
cost(16, 4, 119436).
cost(16, 5, 244917).
cost(16, 6, 212181).
cost(16, 7, 194284).
cost(16, 8, 355283).
cost(16, 9, 343158).
cost(16, 10, 122351).
cost(16, 11, 166015).
cost(16, 12, 36124).
cost(16, 13, 122122).
cost(16, 14, 384347).
cost(16, 15, 73282).
cost(16, 17, 65700).
cost(16, 18, 212400).
cost(16, 19, 258790).
cost(16, 20, 273347).
cost(16, 21, 258790).
cost(16, 22, 138817).
cost(16, 23, 359473).
cost(16, 24, 241813).
cost(16, 25, 270362).
cost(17, 1, 304344).
cost(17, 2, 141841).
cost(17, 3, 25816).
cost(17, 4, 100805).
cost(17, 5, 300931).
cost(17, 6, 243548).
cost(17, 7, 250470).
cost(17, 8, 297965).
cost(17, 9, 288979).
cost(17, 10, 158476).
cost(17, 11, 109086).
cost(17, 12, 91864).
cost(17, 13, 60916).
cost(17, 14, 399770).
cost(17, 15, 68061).
cost(17, 16, 65700).
cost(17, 18, 234572).
cost(17, 19, 227753).
cost(17, 20, 268949).
cost(17, 21, 205969).
cost(17, 22, 84123).
cost(17, 23, 294819).
cost(17, 24, 182693).
cost(17, 25, 214744).
cost(18, 1, 471029).
cost(18, 2, 319786).
cost(18, 3, 210151).
cost(18, 4, 326775).
cost(18, 5, 170740).
cost(18, 6, 407584).
cost(18, 7, 148399).
cost(18, 8, 363730).
cost(18, 9, 511726).
cost(18, 10, 322122).
cost(18, 11, 240561).
cost(18, 12, 238101).
cost(18, 13, 288107).
cost(18, 14, 172476).
cost(18, 15, 166733).
cost(18, 16, 212400).
cost(18, 17, 234572).
cost(18, 19, 190395).
cost(18, 20, 485735).
cost(18, 21, 271765).
cost(18, 22, 224765).
cost(18, 23, 478145).
cost(18, 24, 400891).
cost(18, 25, 291977).
cost(19, 1, 530087).
cost(19, 2, 365601).
cost(19, 3, 205987).
cost(19, 4, 324232).
cost(19, 5, 354754).
cost(19, 6, 467569).
cost(19, 7, 320592).
cost(19, 8, 178290).
cost(19, 9, 416585).
cost(19, 10, 378817).
cost(19, 11, 145836).
cost(19, 12, 294902).
cost(19, 13, 245301).
cost(19, 14, 266128).
cost(19, 15, 185664).
cost(19, 16, 258790).
cost(19, 17, 227753).
cost(19, 18, 190395).
cost(19, 20, 490637).
cost(19, 21, 104369).
cost(19, 22, 155020).
cost(19, 23, 340473).
cost(19, 24, 313295).
cost(19, 25, 123770).
cost(20, 1, 143157).
cost(20, 2, 173796).
cost(20, 3, 294184).
cost(20, 4, 168264).
cost(20, 5, 480768).
cost(20, 6, 145163).
cost(20, 7, 435589).
cost(20, 8, 503818).
cost(20, 9, 258914).
cost(20, 10, 181573).
cost(20, 11, 350120).
cost(20, 12, 250192).
cost(20, 13, 246797).
cost(20, 14, 657607).
cost(20, 15, 331159).
cost(20, 16, 273347).
cost(20, 17, 268949).
cost(20, 18, 485735).
cost(20, 19, 490637).
cost(20, 21, 439044).
cost(20, 22, 335963).
cost(20, 23, 369697).
cost(20, 24, 247454).
cost(20, 25, 438436).
cost(21, 1, 504798).
cost(21, 2, 346552).
cost(21, 3, 193530).
cost(21, 4, 284009).
cost(21, 5, 419538).
cost(21, 6, 446727).
cost(21, 7, 377691).
cost(21, 8, 100571).
cost(21, 9, 323161).
cost(21, 10, 364182).
cost(21, 11, 97430).
cost(21, 12, 292663).
cost(21, 13, 196188).
cost(21, 14, 369855).
cost(21, 15, 195899).
cost(21, 16, 258790).
cost(21, 17, 205969).
cost(21, 18, 271765).
cost(21, 19, 104369).
cost(21, 20, 439044).
cost(21, 22, 122032).
cost(21, 23, 236955).
cost(21, 24, 228307).
cost(21, 25, 20527).
cost(22, 1, 386433).
cost(22, 2, 225571).
cost(22, 3, 72497).
cost(22, 4, 171260).
cost(22, 5, 335793).
cost(22, 6, 326741).
cost(22, 7, 288262).
cost(22, 8, 216534).
cost(22, 9, 290282).
cost(22, 10, 242581).
cost(22, 11, 27480).
cost(22, 12, 171449).
cost(22, 13, 90383).
cost(22, 14, 370188).
cost(22, 15, 87245).
cost(22, 16, 138817).
cost(22, 17, 84123).
cost(22, 18, 224765).
cost(22, 19, 155020).
cost(22, 20, 335963).
cost(22, 21, 122032).
cost(22, 23, 257227).
cost(22, 24, 179693).
cost(22, 25, 131957).
cost(23, 1, 490459).
cost(23, 2, 381040).
cost(23, 3, 304999).
cost(23, 4, 293861).
cost(23, 5, 589396).
cost(23, 6, 452989).
cost(23, 7, 540178).
cost(23, 8, 219817).
cost(23, 9, 134707).
cost(23, 10, 403075).
cost(23, 11, 237943).
cost(23, 12, 377328).
cost(23, 13, 238191).
cost(23, 14, 602398).
cost(23, 15, 338401).
cost(23, 16, 359473).
cost(23, 17, 294819).
cost(23, 18, 478145).
cost(23, 19, 340473).
cost(23, 20, 369697).
cost(23, 21, 236955).
cost(23, 22, 257227).
cost(23, 24, 135184).
cost(23, 25, 219343).
cost(24, 1, 358093).
cost(24, 2, 247146).
cost(24, 3, 200159).
cost(24, 4, 160041).
cost(24, 5, 483556).
cost(24, 6, 318195).
cost(24, 7, 433021).
cost(24, 8, 267347).
cost(24, 9, 110936).
cost(24, 10, 269150).
cost(24, 11, 173685).
cost(24, 12, 253101).
cost(24, 13, 121782).
cost(24, 14, 549695).
cost(24, 15, 240902).
cost(24, 16, 241813).
cost(24, 17, 182693).
cost(24, 18, 400891).
cost(24, 19, 313295).
cost(24, 20, 247454).
cost(24, 21, 228307).
cost(24, 22, 179693).
cost(24, 23, 135184).
cost(24, 25, 219859).
cost(25, 1, 509631).
cost(25, 2, 353671).
cost(25, 3, 204346).
cost(25, 4, 287442).
cost(25, 5, 438231).
cost(25, 6, 452749).
cost(25, 7, 395754).
cost(25, 8, 85409).
cost(25, 9, 310701).
cost(25, 10, 371979).
cost(25, 11, 105699).
cost(25, 12, 303402).
cost(25, 13, 199224).
cost(25, 14, 389680).
cost(25, 15, 210199).
cost(25, 16, 270362).
cost(25, 17, 214744).
cost(25, 18, 291977).
cost(25, 19, 123770).
cost(25, 20, 438436).
cost(25, 21, 20527).
cost(25, 22, 131957).
cost(25, 23, 219343).
cost(25, 24, 219859).
nocross(1,2).
nocross(1,6).
nocross(2,1).
nocross(2,3).
nocross(2,4).
nocross(2,6).
nocross(2,10).
nocross(2,12).
nocross(2,13).
nocross(2,15).
nocross(2,17).
nocross(2,20).
nocross(3,1).
nocross(3,2).
nocross(3,10).
nocross(3,12).
nocross(3,15).
nocross(3,16).
nocross(3,17).
nocross(3,19).
nocross(3,22).
nocross(4,1).
nocross(4,2).
nocross(4,3).
nocross(4,6).
nocross(4,10).
nocross(4,12).
nocross(4,13).
nocross(4,15).
nocross(4,16).
nocross(4,17).
nocross(4,24).
nocross(5,7).
nocross(5,15).
nocross(5,16).
nocross(5,18).
nocross(6,1).
nocross(6,2).
nocross(6,10).
nocross(6,13).
nocross(7,3).
nocross(7,10).
nocross(7,12).
nocross(7,15).
nocross(7,16).
nocross(7,19).
nocross(8,19).
nocross(8,21).
nocross(8,23).
nocross(8,25).
nocross(9,24).
nocross(10,1).
nocross(10,2).
nocross(10,3).
nocross(10,4).
nocross(10,6).
nocross(10,12).
nocross(10,13).
nocross(10,17).
nocross(10,20).
nocross(11,3).
nocross(11,13).
nocross(11,15).
nocross(11,17).
nocross(11,19).
nocross(11,21).
nocross(11,22).
nocross(11,23).
nocross(11,24).
nocross(11,25).
nocross(12,2).
nocross(12,3).
nocross(12,4).
nocross(12,6).
nocross(12,10).
nocross(12,15).
nocross(12,17).
nocross(13,1).
nocross(13,2).
nocross(13,3).
nocross(13,12).
nocross(13,22).
nocross(13,24).
nocross(14,3).
nocross(14,5).
nocross(14,19).
nocross(15,2).
nocross(15,3).
nocross(15,16).
nocross(15,19).
nocross(15,22).
nocross(16,2).
nocross(16,3).
nocross(16,10).
nocross(16,12).
nocross(16,15).
nocross(16,17).
nocross(17,1).
nocross(17,2).
nocross(17,3).
nocross(17,11).
nocross(17,15).
nocross(17,16).
nocross(17,22).
nocross(18,5).
nocross(18,7).
nocross(18,10).
nocross(18,14).
nocross(18,15).
nocross(18,16).
nocross(18,19).
nocross(19,3).
nocross(19,8).
nocross(19,11).
nocross(19,14).
nocross(19,15).
nocross(19,21).
nocross(19,22).
nocross(19,25).
nocross(20,1).
nocross(20,2).
nocross(20,6).
nocross(20,10).
nocross(21,3).
nocross(21,11).
nocross(21,15).
nocross(21,19).
nocross(21,22).
nocross(21,23).
nocross(21,25).
nocross(22,3).
nocross(22,11).
nocross(22,13).
nocross(22,15).
nocross(22,17).
nocross(22,19).
nocross(22,23).
nocross(22,25).
nocross(23,9).
nocross(23,13).
nocross(23,25).
nocross(24,4).
nocross(24,9).
nocross(24,11).
nocross(24,13).
nocross(24,23).
nocross(24,25).
nocross(25,3).
nocross(25,11).
nocross(25,13).
nocross(25,15).
nocross(25,19).
nocross(25,21).
nocross(25,23).
