dimension(25).
point(1, -190016.0, 317145.0).
point(2, 208137.0, 139879.0).
point(3, 84803.0, 85340.0).
point(4, 253400.0, -93048.0).
point(5, 13412.0, -55632.0).
point(6, -38878.0, -9006.0).
point(7, 206107.0, 46315.0).
point(8, 78149.0, 89247.0).
point(9, -311194.0, 13795.0).
point(10, -208925.0, 199265.0).
point(11, 54236.0, -232582.0).
point(12, -57876.0, 69761.0).
point(13, -228992.0, -195609.0).
point(14, -128077.0, 205312.0).
point(15, 101805.0, -75883.0).
point(16, -242248.0, -124349.0).
point(17, 281609.0, 25147.0).
point(18, 27019.0, -325785.0).
point(19, -120913.0, -141247.0).
point(20, 29113.0, 633577.0).
point(21, -79279.0, 31988.0).
point(22, -70248.0, -158481.0).
point(23, -243200.0, 15446.0).
point(24, 202530.0, -8954.0).
point(25, 123418.0, 186670.0).
cost(1, 2, 435831).
cost(1, 3, 359526).
cost(1, 4, 604050).
cost(1, 5, 424671).
cost(1, 6, 359468).
cost(1, 7, 479857).
cost(1, 8, 351923).
cost(1, 9, 326658).
cost(1, 10, 119387).
cost(1, 11, 601547).
cost(1, 12, 280464).
cost(1, 13, 514233).
cost(1, 14, 127840).
cost(1, 15, 489521).
cost(1, 16, 444573).
cost(1, 17, 554701).
cost(1, 18, 678574).
cost(1, 19, 463571).
cost(1, 20, 384898).
cost(1, 21, 305904).
cost(1, 22, 490474).
cost(1, 23, 306351).
cost(1, 24, 510326).
cost(1, 25, 339506).
cost(2, 1, 435831).
cost(2, 3, 134855).
cost(2, 4, 237284).
cost(2, 5, 275939).
cost(2, 6, 288415).
cost(2, 7, 93586).
cost(2, 8, 139501).
cost(2, 9, 534417).
cost(2, 10, 421269).
cost(2, 11, 403005).
cost(2, 12, 275099).
cost(2, 13, 551030).
cost(2, 14, 342522).
cost(2, 15, 240541).
cost(2, 16, 522172).
cost(2, 17, 136241).
cost(2, 18, 499647).
cost(2, 19, 432788).
cost(2, 20, 525155).
cost(2, 21, 306999).
cost(2, 22, 408065).
cost(2, 23, 468176).
cost(2, 24, 148939).
cost(2, 25, 96782).
cost(3, 1, 359526).
cost(3, 2, 134855).
cost(3, 4, 245453).
cost(3, 5, 158018).
cost(3, 6, 155558).
cost(3, 7, 127427).
cost(3, 8, 7716).
cost(3, 9, 402408).
cost(3, 10, 315048).
cost(3, 11, 319388).
cost(3, 12, 143527).
cost(3, 13, 421188).
cost(3, 14, 244359).
cost(3, 15, 162117).
cost(3, 16, 388499).
cost(3, 17, 205805).
cost(3, 18, 415166).
cost(3, 19, 306040).
cost(3, 20, 551058).
cost(3, 21, 172538).
cost(3, 22, 288945).
cost(3, 23, 335367).
cost(3, 24, 150834).
cost(3, 25, 108438).
cost(4, 1, 604050).
cost(4, 2, 237284).
cost(4, 3, 245453).
cost(4, 5, 242887).
cost(4, 6, 304121).
cost(4, 7, 147169).
cost(4, 8, 252872).
cost(4, 9, 574614).
cost(4, 10, 546984).
cost(4, 11, 243179).
cost(4, 12, 351283).
cost(4, 13, 493174).
cost(4, 14, 484297).
cost(4, 15, 152564).
cost(4, 16, 496635).
cost(4, 17, 121515).
cost(4, 18, 324677).
cost(4, 19, 377403).
cost(4, 20, 760453).
cost(4, 21, 355400).
cost(4, 22, 330196).
cost(4, 23, 508313).
cost(4, 24, 98283).
cost(4, 25, 308444).
cost(5, 1, 424671).
cost(5, 2, 275939).
cost(5, 3, 158018).
cost(5, 4, 242887).
cost(5, 6, 70059).
cost(5, 7, 218001).
cost(5, 8, 158685).
cost(5, 9, 331948).
cost(5, 10, 338240).
cost(5, 11, 181598).
cost(5, 12, 144241).
cost(5, 13, 279917).
cost(5, 14, 296835).
cost(5, 15, 90683).
cost(5, 16, 264734).
cost(5, 17, 280098).
cost(5, 18, 270495).
cost(5, 19, 159289).
cost(5, 20, 689388).
cost(5, 21, 127550).
cost(5, 22, 132578).
cost(5, 23, 266274).
cost(5, 24, 194793).
cost(5, 25, 266104).
cost(6, 1, 359468).
cost(6, 2, 288415).
cost(6, 3, 155558).
cost(6, 4, 304121).
cost(6, 5, 70059).
cost(6, 7, 251153).
cost(6, 8, 152804).
cost(6, 9, 273269).
cost(6, 10, 268873).
cost(6, 11, 242191).
cost(6, 12, 81026).
cost(6, 13, 266391).
cost(6, 14, 232139).
cost(6, 15, 155770).
cost(6, 16, 233802).
cost(6, 17, 322302).
cost(6, 18, 323560).
cost(6, 19, 155619).
cost(6, 20, 646170).
cost(6, 21, 57556).
cost(6, 22, 152731).
cost(6, 23, 205780).
cost(6, 24, 241408).
cost(6, 25, 254223).
cost(7, 1, 479857).
cost(7, 2, 93586).
cost(7, 3, 127427).
cost(7, 4, 147169).
cost(7, 5, 218001).
cost(7, 6, 251153).
cost(7, 8, 134968).
cost(7, 9, 518322).
cost(7, 10, 442318).
cost(7, 11, 317566).
cost(7, 12, 265022).
cost(7, 13, 497834).
cost(7, 14, 370080).
cost(7, 15, 160659).
cost(7, 16, 479738).
cost(7, 17, 78413).
cost(7, 18, 412954).
cost(7, 19, 376990).
cost(7, 20, 613354).
cost(7, 21, 285745).
cost(7, 22, 343967).
cost(7, 23, 450366).
cost(7, 24, 55385).
cost(7, 25, 162902).
cost(8, 1, 351923).
cost(8, 2, 139501).
cost(8, 3, 7716).
cost(8, 4, 252872).
cost(8, 5, 158685).
cost(8, 6, 152804).
cost(8, 7, 134968).
cost(8, 9, 396587).
cost(8, 10, 307434).
cost(8, 11, 322716).
cost(8, 12, 137414).
cost(8, 13, 418902).
cost(8, 14, 236644).
cost(8, 15, 166816).
cost(8, 16, 385068).
cost(8, 17, 213318).
cost(8, 18, 418170).
cost(8, 19, 304554).
cost(8, 20, 546534).
cost(8, 21, 167518).
cost(8, 22, 288775).
cost(8, 23, 329715).
cost(8, 24, 158474).
cost(8, 25, 107427).
cost(9, 1, 326658).
cost(9, 2, 534417).
cost(9, 3, 402408).
cost(9, 4, 574614).
cost(9, 5, 331948).
cost(9, 6, 273269).
cost(9, 7, 518322).
cost(9, 8, 396587).
cost(9, 10, 211797).
cost(9, 11, 440727).
cost(9, 12, 259427).
cost(9, 13, 224960).
cost(9, 14, 264973).
cost(9, 15, 422623).
cost(9, 16, 154393).
cost(9, 17, 592912).
cost(9, 18, 479273).
cost(9, 19, 245448).
cost(9, 20, 707063).
cost(9, 21, 232627).
cost(9, 22, 296199).
cost(9, 23, 68014).
cost(9, 24, 514227).
cost(9, 25, 467732).
cost(10, 1, 119387).
cost(10, 2, 421269).
cost(10, 3, 315048).
cost(10, 4, 546984).
cost(10, 5, 338240).
cost(10, 6, 268873).
cost(10, 7, 442318).
cost(10, 8, 307434).
cost(10, 9, 211797).
cost(10, 11, 505713).
cost(10, 12, 198965).
cost(10, 13, 395384).
cost(10, 14, 81074).
cost(10, 15, 415042).
cost(10, 16, 325325).
cost(10, 17, 520520).
cost(10, 18, 575628).
cost(10, 19, 351702).
cost(10, 20, 495267).
cost(10, 21, 211636).
cost(10, 22, 383684).
cost(10, 23, 186987).
cost(10, 24, 461140).
cost(10, 25, 332582).
cost(11, 1, 601547).
cost(11, 2, 403005).
cost(11, 3, 319388).
cost(11, 4, 243179).
cost(11, 5, 181598).
cost(11, 6, 242191).
cost(11, 7, 317566).
cost(11, 8, 322716).
cost(11, 9, 440727).
cost(11, 10, 505713).
cost(11, 12, 322460).
cost(11, 13, 285631).
cost(11, 14, 474330).
cost(11, 15, 163760).
cost(11, 16, 315622).
cost(11, 17, 343690).
cost(11, 18, 97096).
cost(11, 19, 197533).
cost(11, 20, 866523).
cost(11, 21, 296350).
cost(11, 22, 144870).
cost(11, 23, 387280).
cost(11, 24, 268329).
cost(11, 25, 424922).
cost(12, 1, 280464).
cost(12, 2, 275099).
cost(12, 3, 143527).
cost(12, 4, 351283).
cost(12, 5, 144241).
cost(12, 6, 81026).
cost(12, 7, 265022).
cost(12, 8, 137414).
cost(12, 9, 259427).
cost(12, 10, 198965).
cost(12, 11, 322460).
cost(12, 13, 315756).
cost(12, 14, 152651).
cost(12, 15, 216125).
cost(12, 16, 267716).
cost(12, 17, 342404).
cost(12, 18, 404554).
cost(12, 19, 220223).
cost(12, 20, 570487).
cost(12, 21, 43415).
cost(12, 22, 228577).
cost(12, 23, 193119).
cost(12, 24, 272043).
cost(12, 25, 215720).
cost(13, 1, 514233).
cost(13, 2, 551030).
cost(13, 3, 421188).
cost(13, 4, 493174).
cost(13, 5, 279917).
cost(13, 6, 266391).
cost(13, 7, 497834).
cost(13, 8, 418902).
cost(13, 9, 224960).
cost(13, 10, 395384).
cost(13, 11, 285631).
cost(13, 12, 315756).
cost(13, 14, 413427).
cost(13, 15, 351797).
cost(13, 16, 72482).
cost(13, 17, 556279).
cost(13, 18, 287206).
cost(13, 19, 120981).
cost(13, 20, 868428).
cost(13, 21, 272423).
cost(13, 22, 163028).
cost(13, 23, 211533).
cost(13, 24, 470161).
cost(13, 25, 519933).
cost(14, 1, 127840).
cost(14, 2, 342522).
cost(14, 3, 244359).
cost(14, 4, 484297).
cost(14, 5, 296835).
cost(14, 6, 232139).
cost(14, 7, 370080).
cost(14, 8, 236644).
cost(14, 9, 264973).
cost(14, 10, 81074).
cost(14, 11, 474330).
cost(14, 12, 152651).
cost(14, 13, 413427).
cost(14, 15, 363203).
cost(14, 16, 348872).
cost(14, 17, 447551).
cost(14, 18, 553280).
cost(14, 19, 346633).
cost(14, 20, 456201).
cost(14, 21, 180062).
cost(14, 22, 368361).
cost(14, 23, 222041).
cost(14, 24, 393968).
cost(14, 25, 252185).
cost(15, 1, 489521).
cost(15, 2, 240541).
cost(15, 3, 162117).
cost(15, 4, 152564).
cost(15, 5, 90683).
cost(15, 6, 155770).
cost(15, 7, 160659).
cost(15, 8, 166816).
cost(15, 9, 422623).
cost(15, 10, 415042).
cost(15, 11, 163760).
cost(15, 12, 216125).
cost(15, 13, 351797).
cost(15, 14, 363203).
cost(15, 16, 347450).
cost(15, 17, 206244).
cost(15, 18, 260852).
cost(15, 19, 232112).
cost(15, 20, 713174).
cost(15, 21, 210778).
cost(15, 22, 190852).
cost(15, 23, 356889).
cost(15, 24, 120934).
cost(15, 25, 263441).
cost(16, 1, 444573).
cost(16, 2, 522172).
cost(16, 3, 388499).
cost(16, 4, 496635).
cost(16, 5, 264734).
cost(16, 6, 233802).
cost(16, 7, 479738).
cost(16, 8, 385068).
cost(16, 9, 154393).
cost(16, 10, 325325).
cost(16, 11, 315622).
cost(16, 12, 267716).
cost(16, 13, 72482).
cost(16, 14, 348872).
cost(16, 15, 347450).
cost(16, 17, 544771).
cost(16, 18, 336275).
cost(16, 19, 122506).
cost(16, 20, 805040).
cost(16, 21, 225832).
cost(16, 22, 175354).
cost(16, 23, 139798).
cost(16, 24, 459504).
cost(16, 25, 480046).
cost(17, 1, 554701).
cost(17, 2, 136241).
cost(17, 3, 205805).
cost(17, 4, 121515).
cost(17, 5, 280098).
cost(17, 6, 322302).
cost(17, 7, 78413).
cost(17, 8, 213318).
cost(17, 9, 592912).
cost(17, 10, 520520).
cost(17, 11, 343690).
cost(17, 12, 342404).
cost(17, 13, 556279).
cost(17, 14, 447551).
cost(17, 15, 206244).
cost(17, 16, 544771).
cost(17, 18, 433554).
cost(17, 19, 435558).
cost(17, 20, 658742).
cost(17, 21, 360953).
cost(17, 22, 396891).
cost(17, 23, 524899).
cost(17, 24, 86118).
cost(17, 25, 226084).
cost(18, 1, 678574).
cost(18, 2, 499647).
cost(18, 3, 415166).
cost(18, 4, 324677).
cost(18, 5, 270495).
cost(18, 6, 323560).
cost(18, 7, 412954).
cost(18, 8, 418170).
cost(18, 9, 479273).
cost(18, 10, 575628).
cost(18, 11, 97096).
cost(18, 12, 404554).
cost(18, 13, 287206).
cost(18, 14, 553280).
cost(18, 15, 260852).
cost(18, 16, 336275).
cost(18, 17, 433554).
cost(18, 19, 236512).
cost(18, 20, 959364).
cost(18, 21, 373230).
cost(18, 22, 193524).
cost(18, 23, 435266).
cost(18, 24, 362196).
cost(18, 25, 521443).
cost(19, 1, 463571).
cost(19, 2, 432788).
cost(19, 3, 306040).
cost(19, 4, 377403).
cost(19, 5, 159289).
cost(19, 6, 155619).
cost(19, 7, 376990).
cost(19, 8, 304554).
cost(19, 9, 245448).
cost(19, 10, 351702).
cost(19, 11, 197533).
cost(19, 12, 220223).
cost(19, 13, 120981).
cost(19, 14, 346633).
cost(19, 15, 232112).
cost(19, 16, 122506).
cost(19, 17, 435558).
cost(19, 18, 236512).
cost(19, 20, 789215).
cost(19, 21, 178168).
cost(19, 22, 53516).
cost(19, 23, 198763).
cost(19, 24, 349452).
cost(19, 25, 408934).
cost(20, 1, 384898).
cost(20, 2, 525155).
cost(20, 3, 551058).
cost(20, 4, 760453).
cost(20, 5, 689388).
cost(20, 6, 646170).
cost(20, 7, 613354).
cost(20, 8, 546534).
cost(20, 9, 707063).
cost(20, 10, 495267).
cost(20, 11, 866523).
cost(20, 12, 570487).
cost(20, 13, 868428).
cost(20, 14, 456201).
cost(20, 15, 713174).
cost(20, 16, 805040).
cost(20, 17, 658742).
cost(20, 18, 959364).
cost(20, 19, 789215).
cost(20, 21, 611276).
cost(20, 22, 798266).
cost(20, 23, 675456).
cost(20, 24, 665522).
cost(20, 25, 456749).
cost(21, 1, 305904).
cost(21, 2, 306999).
cost(21, 3, 172538).
cost(21, 4, 355400).
cost(21, 5, 127550).
cost(21, 6, 57556).
cost(21, 7, 285745).
cost(21, 8, 167518).
cost(21, 9, 232627).
cost(21, 10, 211636).
cost(21, 11, 296350).
cost(21, 12, 43415).
cost(21, 13, 272423).
cost(21, 14, 180062).
cost(21, 15, 210778).
cost(21, 16, 225832).
cost(21, 17, 360953).
cost(21, 18, 373230).
cost(21, 19, 178168).
cost(21, 20, 611276).
cost(21, 22, 190683).
cost(21, 23, 164754).
cost(21, 24, 284768).
cost(21, 25, 254976).
cost(22, 1, 490474).
cost(22, 2, 408065).
cost(22, 3, 288945).
cost(22, 4, 330196).
cost(22, 5, 132578).
cost(22, 6, 152731).
cost(22, 7, 343967).
cost(22, 8, 288775).
cost(22, 9, 296199).
cost(22, 10, 383684).
cost(22, 11, 144870).
cost(22, 12, 228577).
cost(22, 13, 163028).
cost(22, 14, 368361).
cost(22, 15, 190852).
cost(22, 16, 175354).
cost(22, 17, 396891).
cost(22, 18, 193524).
cost(22, 19, 53516).
cost(22, 20, 798266).
cost(22, 21, 190683).
cost(22, 23, 245281).
cost(22, 24, 311073).
cost(22, 25, 395772).
cost(23, 1, 306351).
cost(23, 2, 468176).
cost(23, 3, 335367).
cost(23, 4, 508313).
cost(23, 5, 266274).
cost(23, 6, 205780).
cost(23, 7, 450366).
cost(23, 8, 329715).
cost(23, 9, 68014).
cost(23, 10, 186987).
cost(23, 11, 387280).
cost(23, 12, 193119).
cost(23, 13, 211533).
cost(23, 14, 222041).
cost(23, 15, 356889).
cost(23, 16, 139798).
cost(23, 17, 524899).
cost(23, 18, 435266).
cost(23, 19, 198763).
cost(23, 20, 675456).
cost(23, 21, 164754).
cost(23, 22, 245281).
cost(23, 24, 446397).
cost(23, 25, 404631).
cost(24, 1, 510326).
cost(24, 2, 148939).
cost(24, 3, 150834).
cost(24, 4, 98283).
cost(24, 5, 194793).
cost(24, 6, 241408).
cost(24, 7, 55385).
cost(24, 8, 158474).
cost(24, 9, 514227).
cost(24, 10, 461140).
cost(24, 11, 268329).
cost(24, 12, 272043).
cost(24, 13, 470161).
cost(24, 14, 393968).
cost(24, 15, 120934).
cost(24, 16, 459504).
cost(24, 17, 86118).
cost(24, 18, 362196).
cost(24, 19, 349452).
cost(24, 20, 665522).
cost(24, 21, 284768).
cost(24, 22, 311073).
cost(24, 23, 446397).
cost(24, 25, 211015).
cost(25, 1, 339506).
cost(25, 2, 96782).
cost(25, 3, 108438).
cost(25, 4, 308444).
cost(25, 5, 266104).
cost(25, 6, 254223).
cost(25, 7, 162902).
cost(25, 8, 107427).
cost(25, 9, 467732).
cost(25, 10, 332582).
cost(25, 11, 424922).
cost(25, 12, 215720).
cost(25, 13, 519933).
cost(25, 14, 252185).
cost(25, 15, 263441).
cost(25, 16, 480046).
cost(25, 17, 226084).
cost(25, 18, 521443).
cost(25, 19, 408934).
cost(25, 20, 456749).
cost(25, 21, 254976).
cost(25, 22, 395772).
cost(25, 23, 404631).
cost(25, 24, 211015).
nocross(1,8).
nocross(1,10).
nocross(1,12).
nocross(1,14).
nocross(2,3).
nocross(2,5).
nocross(2,7).
nocross(2,8).
nocross(2,12).
nocross(2,15).
nocross(2,17).
nocross(2,25).
nocross(3,6).
nocross(3,12).
nocross(3,21).
nocross(4,7).
nocross(4,11).
nocross(4,12).
nocross(4,15).
nocross(4,17).
nocross(4,18).
nocross(4,24).
nocross(5,12).
nocross(5,13).
nocross(5,15).
nocross(5,16).
nocross(5,24).
nocross(6,5).
nocross(6,10).
nocross(6,12).
nocross(6,16).
nocross(6,21).
nocross(6,24).
nocross(7,5).
nocross(7,12).
nocross(7,15).
nocross(7,17).
nocross(8,5).
nocross(8,6).
nocross(8,12).
nocross(8,15).
nocross(8,21).
nocross(9,10).
nocross(9,12).
nocross(9,13).
nocross(9,14).
nocross(9,21).
nocross(10,1).
nocross(10,8).
nocross(10,12).
nocross(10,14).
nocross(10,21).
nocross(10,23).
nocross(11,4).
nocross(11,5).
nocross(11,13).
nocross(11,15).
nocross(11,18).
nocross(11,22).
nocross(12,6).
nocross(12,8).
nocross(12,10).
nocross(12,14).
nocross(12,16).
nocross(12,21).
nocross(12,24).
nocross(13,6).
nocross(13,10).
nocross(13,16).
nocross(13,18).
nocross(13,19).
nocross(14,8).
nocross(14,12).
nocross(14,21).
nocross(14,23).
nocross(15,4).
nocross(15,12).
nocross(15,22).
nocross(16,5).
nocross(16,6).
nocross(16,10).
nocross(16,13).
nocross(16,18).
nocross(16,19).
nocross(16,21).
nocross(16,23).
nocross(17,2).
nocross(17,4).
nocross(17,7).
nocross(17,12).
nocross(17,15).
nocross(17,24).
nocross(18,13).
nocross(19,5).
nocross(19,6).
nocross(19,10).
nocross(19,11).
nocross(19,13).
nocross(19,15).
nocross(19,16).
nocross(19,18).
nocross(19,21).
nocross(19,22).
nocross(19,24).
nocross(20,1).
nocross(20,10).
nocross(20,14).
nocross(21,6).
nocross(21,8).
nocross(21,10).
nocross(21,12).
nocross(21,14).
nocross(21,16).
nocross(21,24).
nocross(22,5).
nocross(22,6).
nocross(22,10).
nocross(22,11).
nocross(22,13).
nocross(22,15).
nocross(22,21).
nocross(23,5).
nocross(23,6).
nocross(23,10).
nocross(23,12).
nocross(23,14).
nocross(23,16).
nocross(23,19).
nocross(23,21).
nocross(24,5).
nocross(24,12).
nocross(24,15).
nocross(24,18).
nocross(25,2).
nocross(25,7).
nocross(25,12).
nocross(25,14).
nocross(25,24).
