dimension(19).
point(1, 159940.0, 722212.0).
point(2, 328681.0, 794848.0).
point(3, 623088.0, 802720.0).
point(4, 726880.0, 617251.0).
point(5, 96599.0, 372383.0).
point(6, 497407.0, 536962.0).
point(7, 376760.0, 822085.0).
point(8, 148143.0, 217830.0).
point(9, 824592.0, 404855.0).
point(10, 921735.0, 936472.0).
point(11, 576112.0, 501897.0).
point(12, 335671.0, 905314.0).
point(13, 388376.0, 33511.0).
point(14, 173970.0, 52267.0).
point(15, 217723.0, 835994.0).
point(16, 612645.0, 717348.0).
point(17, 860398.0, 537465.0).
point(18, 257432.0, 324235.0).
point(19, 447955.0, 197849.0).
cost(1, 2, 183710).
cost(1, 3, 470093).
cost(1, 4, 576574).
cost(1, 5, 355517).
cost(1, 6, 384970).
cost(1, 7, 238716).
cost(1, 8, 504520).
cost(1, 9, 736531).
cost(1, 10, 791353).
cost(1, 11, 470890).
cost(1, 12, 253787).
cost(1, 13, 725598).
cost(1, 14, 670092).
cost(1, 15, 127614).
cost(1, 16, 452731).
cost(1, 17, 724412).
cost(1, 18, 409744).
cost(1, 19, 598255).
cost(2, 1, 183710).
cost(2, 3, 294512).
cost(2, 4, 436008).
cost(2, 5, 482015).
cost(2, 6, 308178).
cost(2, 7, 55258).
cost(2, 8, 604602).
cost(2, 9, 630890).
cost(2, 10, 609730).
cost(2, 11, 383461).
cost(2, 12, 110687).
cost(2, 13, 763674).
cost(2, 14, 758526).
cost(2, 15, 118341).
cost(2, 16, 294350).
cost(2, 17, 590736).
cost(2, 18, 475976).
cost(2, 19, 608797).
cost(3, 1, 470093).
cost(3, 2, 294512).
cost(3, 4, 212536).
cost(3, 5, 679986).
cost(3, 6, 293978).
cost(3, 7, 247088).
cost(3, 8, 753438).
cost(3, 9, 445983).
cost(3, 10, 327230).
cost(3, 11, 304469).
cost(3, 12, 305179).
cost(3, 13, 804221).
cost(3, 14, 874578).
cost(3, 15, 406728).
cost(3, 16, 86008).
cost(3, 17, 355916).
cost(3, 18, 602206).
cost(3, 19, 629715).
cost(4, 1, 576574).
cost(4, 2, 436008).
cost(4, 3, 212536).
cost(4, 5, 676176).
cost(4, 6, 243114).
cost(4, 7, 405637).
cost(4, 8, 703188).
cost(4, 9, 233794).
cost(4, 10, 373993).
cost(4, 11, 189836).
cost(4, 12, 485824).
cost(4, 13, 674787).
cost(4, 14, 790517).
cost(4, 15, 554156).
cost(4, 16, 151885).
cost(4, 17, 155541).
cost(4, 18, 553389).
cost(4, 19, 503684).
cost(5, 1, 355517).
cost(5, 2, 482015).
cost(5, 3, 679986).
cost(5, 4, 676176).
cost(5, 6, 433282).
cost(5, 7, 529832).
cost(5, 8, 162921).
cost(5, 9, 728717).
cost(5, 10, 999523).
cost(5, 11, 496696).
cost(5, 12, 584098).
cost(5, 13, 447178).
cost(5, 14, 329333).
cost(5, 15, 479172).
cost(5, 16, 620729).
cost(5, 17, 781435).
cost(5, 18, 167885).
cost(5, 19, 392318).
cost(6, 1, 384970).
cost(6, 2, 308178).
cost(6, 3, 293978).
cost(6, 4, 243114).
cost(6, 5, 433282).
cost(6, 7, 309598).
cost(6, 8, 473107).
cost(6, 9, 352849).
cost(6, 10, 582806).
cost(6, 11, 86163).
cost(6, 12, 402296).
cost(6, 13, 515122).
cost(6, 14, 582701).
cost(6, 15, 409443).
cost(6, 16, 214054).
cost(6, 17, 362991).
cost(6, 18, 320688).
cost(6, 19, 342700).
cost(7, 1, 238716).
cost(7, 2, 55258).
cost(7, 3, 247088).
cost(7, 4, 405637).
cost(7, 5, 529832).
cost(7, 6, 309598).
cost(7, 8, 646057).
cost(7, 9, 612074).
cost(7, 10, 556850).
cost(7, 11, 377176).
cost(7, 12, 92819).
cost(7, 13, 788660).
cost(7, 14, 796080).
cost(7, 15, 159644).
cost(7, 16, 258092).
cost(7, 17, 561172).
cost(7, 18, 511951).
cost(7, 19, 628283).
cost(8, 1, 504520).
cost(8, 2, 604602).
cost(8, 3, 753438).
cost(8, 4, 703188).
cost(8, 5, 162921).
cost(8, 6, 473107).
cost(8, 7, 646057).
cost(8, 9, 701827).
cost(8, 10, 1055884).
cost(8, 11, 513665).
cost(8, 12, 712602).
cost(8, 13, 302796).
cost(8, 14, 167565).
cost(8, 15, 622068).
cost(8, 16, 682115).
cost(8, 17, 780688).
cost(8, 18, 152532).
cost(8, 19, 300477).
cost(9, 1, 736531).
cost(9, 2, 630890).
cost(9, 3, 445983).
cost(9, 4, 233794).
cost(9, 5, 728717).
cost(9, 6, 352849).
cost(9, 7, 612074).
cost(9, 8, 701827).
cost(9, 10, 540420).
cost(9, 11, 266757).
cost(9, 12, 699645).
cost(9, 13, 572871).
cost(9, 14, 740018).
cost(9, 15, 744427).
cost(9, 16, 377589).
cost(9, 17, 137359).
cost(9, 18, 572861).
cost(9, 19, 429775).
cost(10, 1, 791353).
cost(10, 2, 609730).
cost(10, 3, 327230).
cost(10, 4, 373993).
cost(10, 5, 999523).
cost(10, 6, 582806).
cost(10, 7, 556850).
cost(10, 8, 1055884).
cost(10, 9, 540420).
cost(10, 11, 555257).
cost(10, 12, 586892).
cost(10, 13, 1048718).
cost(10, 14, 1158003).
cost(10, 15, 711146).
cost(10, 16, 378883).
cost(10, 17, 403694).
cost(10, 18, 903401).
cost(10, 19, 877514).
cost(11, 1, 470890).
cost(11, 2, 383461).
cost(11, 3, 304469).
cost(11, 4, 189836).
cost(11, 5, 496696).
cost(11, 6, 86163).
cost(11, 7, 377176).
cost(11, 8, 513665).
cost(11, 9, 266757).
cost(11, 10, 555257).
cost(11, 12, 469635).
cost(11, 13, 504609).
cost(11, 14, 603229).
cost(11, 15, 489963).
cost(11, 16, 218526).
cost(11, 17, 286502).
cost(11, 18, 364857).
cost(11, 19, 329954).
cost(12, 1, 253787).
cost(12, 2, 110687).
cost(12, 3, 305179).
cost(12, 4, 485824).
cost(12, 5, 584098).
cost(12, 6, 402296).
cost(12, 7, 92819).
cost(12, 8, 712602).
cost(12, 9, 699645).
cost(12, 10, 586892).
cost(12, 11, 469635).
cost(12, 13, 873395).
cost(12, 14, 868238).
cost(12, 15, 136810).
cost(12, 16, 334732).
cost(12, 17, 640821).
cost(12, 18, 586323).
cost(12, 19, 716320).
cost(13, 1, 725598).
cost(13, 2, 763674).
cost(13, 3, 804221).
cost(13, 4, 674787).
cost(13, 5, 447178).
cost(13, 6, 515122).
cost(13, 7, 788660).
cost(13, 8, 302796).
cost(13, 9, 572871).
cost(13, 10, 1048718).
cost(13, 11, 504609).
cost(13, 12, 873395).
cost(13, 14, 215225).
cost(13, 15, 820428).
cost(13, 16, 719673).
cost(13, 17, 690489).
cost(13, 18, 318852).
cost(13, 19, 174805).
cost(14, 1, 670092).
cost(14, 2, 758526).
cost(14, 3, 874578).
cost(14, 4, 790517).
cost(14, 5, 329333).
cost(14, 6, 582701).
cost(14, 7, 796080).
cost(14, 8, 167565).
cost(14, 9, 740018).
cost(14, 10, 1158003).
cost(14, 11, 603229).
cost(14, 12, 868238).
cost(14, 13, 215225).
cost(14, 15, 784947).
cost(14, 16, 796724).
cost(14, 17, 840595).
cost(14, 18, 284486).
cost(14, 19, 310261).
cost(15, 1, 127614).
cost(15, 2, 118341).
cost(15, 3, 406728).
cost(15, 4, 554156).
cost(15, 5, 479172).
cost(15, 6, 409443).
cost(15, 7, 159644).
cost(15, 8, 622068).
cost(15, 9, 744427).
cost(15, 10, 711146).
cost(15, 11, 489963).
cost(15, 12, 136810).
cost(15, 13, 820428).
cost(15, 14, 784947).
cost(15, 16, 412359).
cost(15, 17, 708626).
cost(15, 18, 513297).
cost(15, 19, 678407).
cost(16, 1, 452731).
cost(16, 2, 294350).
cost(16, 3, 86008).
cost(16, 4, 151885).
cost(16, 5, 620729).
cost(16, 6, 214054).
cost(16, 7, 258092).
cost(16, 8, 682115).
cost(16, 9, 377589).
cost(16, 10, 378883).
cost(16, 11, 218526).
cost(16, 12, 334732).
cost(16, 13, 719673).
cost(16, 14, 796724).
cost(16, 15, 412359).
cost(16, 17, 306169).
cost(16, 18, 529825).
cost(16, 19, 544979).
cost(17, 1, 724412).
cost(17, 2, 590736).
cost(17, 3, 355916).
cost(17, 4, 155541).
cost(17, 5, 781435).
cost(17, 6, 362991).
cost(17, 7, 561172).
cost(17, 8, 780688).
cost(17, 9, 137359).
cost(17, 10, 403694).
cost(17, 11, 286502).
cost(17, 12, 640821).
cost(17, 13, 690489).
cost(17, 14, 840595).
cost(17, 15, 708626).
cost(17, 16, 306169).
cost(17, 18, 639558).
cost(17, 19, 534274).
cost(18, 1, 409744).
cost(18, 2, 475976).
cost(18, 3, 602206).
cost(18, 4, 553389).
cost(18, 5, 167885).
cost(18, 6, 320688).
cost(18, 7, 511951).
cost(18, 8, 152532).
cost(18, 9, 572861).
cost(18, 10, 903401).
cost(18, 11, 364857).
cost(18, 12, 586323).
cost(18, 13, 318852).
cost(18, 14, 284486).
cost(18, 15, 513297).
cost(18, 16, 529825).
cost(18, 17, 639558).
cost(18, 19, 228632).
cost(19, 1, 598255).
cost(19, 2, 608797).
cost(19, 3, 629715).
cost(19, 4, 503684).
cost(19, 5, 392318).
cost(19, 6, 342700).
cost(19, 7, 628283).
cost(19, 8, 300477).
cost(19, 9, 429775).
cost(19, 10, 877514).
cost(19, 11, 329954).
cost(19, 12, 716320).
cost(19, 13, 174805).
cost(19, 14, 310261).
cost(19, 15, 678407).
cost(19, 16, 544979).
cost(19, 17, 534274).
cost(19, 18, 228632).
nocross(1,6).
nocross(2,1).
nocross(2,6).
nocross(2,7).
nocross(3,4).
nocross(3,6).
nocross(3,7).
nocross(3,16).
nocross(4,1).
nocross(4,6).
nocross(4,9).
nocross(4,11).
nocross(4,16).
nocross(4,17).
nocross(5,1).
nocross(5,11).
nocross(6,1).
nocross(6,2).
nocross(6,11).
nocross(6,16).
nocross(6,19).
nocross(7,16).
nocross(8,5).
nocross(8,14).
nocross(8,16).
nocross(8,18).
nocross(8,19).
nocross(9,4).
nocross(9,11).
nocross(9,16).
nocross(9,17).
nocross(10,3).
nocross(10,4).
nocross(10,16).
nocross(10,17).
nocross(11,1).
nocross(11,4).
nocross(11,9).
nocross(11,16).
nocross(11,19).
nocross(12,1).
nocross(12,2).
nocross(12,7).
nocross(13,19).
nocross(15,1).
nocross(15,2).
nocross(15,7).
nocross(16,2).
nocross(16,3).
nocross(16,6).
nocross(16,7).
nocross(17,3).
nocross(17,4).
nocross(17,9).
nocross(17,11).
nocross(17,16).
nocross(18,1).
nocross(19,6).
nocross(19,9).
nocross(19,11).
