dimension(19).
point(1, -154546.0, -315334.0).
point(2, -112015.0, -131349.0).
point(3, -50181.0, 41752.0).
point(4, -17255.0, -99303.0).
point(5, -370877.0, 110229.0).
point(6, -151346.0, -241715.0).
point(7, -316628.0, 89315.0).
point(8, 206017.0, 252184.0).
point(9, 258478.0, -131403.0).
point(10, -135820.0, -139845.0).
point(11, 41794.0, 109493.0).
point(12, -130228.0, -39067.0).
point(13, 26866.0, -8229.0).
point(14, -269435.0, 410850.0).
point(15, -84653.0, 77761.0).
point(16, -113049.0, -1358.0).
point(17, -39311.0, 14206.0).
point(18, -210124.0, 222107.0).
point(19, 2476.0, 272092.0).
cost(1, 2, 188837).
cost(1, 3, 372025).
cost(1, 4, 255965).
cost(1, 5, 477392).
cost(1, 6, 73689).
cost(1, 7, 435903).
cost(1, 8, 672371).
cost(1, 9, 452128).
cost(1, 10, 176485).
cost(1, 11, 468004).
cost(1, 12, 277335).
cost(1, 13, 356684).
cost(1, 14, 735216).
cost(1, 15, 399260).
cost(1, 16, 316706).
cost(1, 17, 349107).
cost(1, 18, 540307).
cost(1, 19, 608050).
cost(2, 1, 188837).
cost(2, 3, 183813).
cost(2, 4, 100032).
cost(2, 5, 354076).
cost(2, 6, 117165).
cost(2, 7, 300930).
cost(2, 8, 498239).
cost(2, 9, 370493).
cost(2, 10, 25276).
cost(2, 11, 285766).
cost(2, 12, 94062).
cost(2, 13, 185598).
cost(2, 14, 564589).
cost(2, 15, 210893).
cost(2, 16, 129995).
cost(2, 17, 162703).
cost(2, 18, 366819).
cost(2, 19, 419372).
cost(3, 1, 372025).
cost(3, 2, 183813).
cost(3, 4, 144847).
cost(3, 5, 327925).
cost(3, 6, 300978).
cost(3, 7, 270659).
cost(3, 8, 331540).
cost(3, 9, 353911).
cost(3, 10, 200777).
cost(3, 11, 114229).
cost(3, 12, 113751).
cost(3, 13, 91839).
cost(3, 14, 429308).
cost(3, 15, 49849).
cost(3, 16, 76229).
cost(3, 17, 29613).
cost(3, 18, 241060).
cost(3, 19, 236282).
cost(4, 1, 255965).
cost(4, 2, 100032).
cost(4, 3, 144847).
cost(4, 5, 411038).
cost(4, 6, 195606).
cost(4, 7, 353837).
cost(4, 8, 416405).
cost(4, 9, 277595).
cost(4, 10, 125305).
cost(4, 11, 216985).
cost(4, 12, 128028).
cost(4, 13, 101198).
cost(4, 14, 569079).
cost(4, 15, 189458).
cost(4, 16, 137003).
cost(4, 17, 115632).
cost(4, 18, 374837).
cost(4, 19, 371919).
cost(5, 1, 477392).
cost(5, 2, 354076).
cost(5, 3, 327925).
cost(5, 4, 411038).
cost(5, 6, 414799).
cost(5, 7, 58141).
cost(5, 8, 594103).
cost(5, 9, 674147).
cost(5, 10, 343204).
cost(5, 11, 412672).
cost(5, 12, 283198).
cost(5, 13, 415008).
cost(5, 14, 317275).
cost(5, 15, 288060).
cost(5, 16, 280939).
cost(5, 17, 345190).
cost(5, 18, 195853).
cost(5, 19, 406930).
cost(6, 1, 73689).
cost(6, 2, 117165).
cost(6, 3, 300978).
cost(6, 4, 195606).
cost(6, 5, 414799).
cost(6, 7, 369999).
cost(6, 8, 609627).
cost(6, 9, 424411).
cost(6, 10, 103046).
cost(6, 11, 400812).
cost(6, 12, 203745).
cost(6, 13, 293726).
cost(6, 14, 663164).
cost(6, 15, 326363).
cost(6, 16, 243389).
cost(6, 17, 279370).
cost(6, 18, 467531).
cost(6, 19, 536338).
cost(7, 1, 435903).
cost(7, 2, 300930).
cost(7, 3, 270659).
cost(7, 4, 353837).
cost(7, 5, 58141).
cost(7, 6, 369999).
cost(7, 8, 547434).
cost(7, 9, 616006).
cost(7, 10, 291900).
cost(7, 11, 358990).
cost(7, 12, 226334).
cost(7, 13, 357076).
cost(7, 14, 324980).
cost(7, 15, 232263).
cost(7, 16, 222859).
cost(7, 17, 287308).
cost(7, 18, 170226).
cost(7, 19, 367743).
cost(8, 1, 672371).
cost(8, 2, 498239).
cost(8, 3, 331540).
cost(8, 4, 416405).
cost(8, 5, 594103).
cost(8, 6, 609627).
cost(8, 7, 547434).
cost(8, 9, 387158).
cost(8, 10, 520134).
cost(8, 11, 217554).
cost(8, 12, 444846).
cost(8, 13, 316085).
cost(8, 14, 501228).
cost(8, 15, 338987).
cost(8, 16, 407537).
cost(8, 17, 341788).
cost(8, 18, 417227).
cost(8, 19, 204512).
cost(9, 1, 452128).
cost(9, 2, 370493).
cost(9, 3, 353911).
cost(9, 4, 277595).
cost(9, 5, 674147).
cost(9, 6, 424411).
cost(9, 7, 616006).
cost(9, 8, 387158).
cost(9, 10, 394388).
cost(9, 11, 324011).
cost(9, 12, 399523).
cost(9, 13, 262328).
cost(9, 14, 756790).
cost(9, 15, 401856).
cost(9, 16, 393629).
cost(9, 17, 331482).
cost(9, 18, 586990).
cost(9, 19, 477855).
cost(10, 1, 176485).
cost(10, 2, 25276).
cost(10, 3, 200777).
cost(10, 4, 125305).
cost(10, 5, 343204).
cost(10, 6, 103046).
cost(10, 7, 291900).
cost(10, 8, 520134).
cost(10, 9, 394388).
cost(10, 11, 306131).
cost(10, 12, 100933).
cost(10, 13, 209259).
cost(10, 14, 566673).
cost(10, 15, 223541).
cost(10, 16, 140347).
cost(10, 17, 181785).
cost(10, 18, 369500).
cost(10, 19, 434532).
cost(11, 1, 468004).
cost(11, 2, 285766).
cost(11, 3, 114229).
cost(11, 4, 216985).
cost(11, 5, 412672).
cost(11, 6, 400812).
cost(11, 7, 358990).
cost(11, 8, 217554).
cost(11, 9, 324011).
cost(11, 10, 306131).
cost(11, 12, 227292).
cost(11, 13, 118665).
cost(11, 14, 433220).
cost(11, 15, 130368).
cost(11, 16, 190432).
cost(11, 17, 125130).
cost(11, 18, 275943).
cost(11, 19, 167285).
cost(12, 1, 277335).
cost(12, 2, 94062).
cost(12, 3, 113751).
cost(12, 4, 128028).
cost(12, 5, 283198).
cost(12, 6, 203745).
cost(12, 7, 226334).
cost(12, 8, 444846).
cost(12, 9, 399523).
cost(12, 10, 100933).
cost(12, 11, 227292).
cost(12, 13, 160092).
cost(12, 14, 470961).
cost(12, 15, 125403).
cost(12, 16, 41438).
cost(12, 17, 105375).
cost(12, 18, 273121).
cost(12, 19, 338275).
cost(13, 1, 356684).
cost(13, 2, 185598).
cost(13, 3, 91839).
cost(13, 4, 101198).
cost(13, 5, 415008).
cost(13, 6, 293726).
cost(13, 7, 357076).
cost(13, 8, 316085).
cost(13, 9, 262328).
cost(13, 10, 209259).
cost(13, 11, 118665).
cost(13, 12, 160092).
cost(13, 14, 513246).
cost(13, 15, 140822).
cost(13, 16, 140084).
cost(13, 17, 69876).
cost(13, 18, 330483).
cost(13, 19, 281380).
cost(14, 1, 735216).
cost(14, 2, 564589).
cost(14, 3, 429308).
cost(14, 4, 569079).
cost(14, 5, 317275).
cost(14, 6, 663164).
cost(14, 7, 324980).
cost(14, 8, 501228).
cost(14, 9, 756790).
cost(14, 10, 566673).
cost(14, 11, 433220).
cost(14, 12, 470961).
cost(14, 13, 513246).
cost(14, 15, 380910).
cost(14, 16, 440876).
cost(14, 17, 458567).
cost(14, 18, 197843).
cost(14, 19, 305269).
cost(15, 1, 399260).
cost(15, 2, 210893).
cost(15, 3, 49849).
cost(15, 4, 189458).
cost(15, 5, 288060).
cost(15, 6, 326363).
cost(15, 7, 232263).
cost(15, 8, 338987).
cost(15, 9, 401856).
cost(15, 10, 223541).
cost(15, 11, 130368).
cost(15, 12, 125403).
cost(15, 13, 140822).
cost(15, 14, 380910).
cost(15, 16, 84060).
cost(15, 17, 78071).
cost(15, 18, 191256).
cost(15, 19, 212969).
cost(16, 1, 316706).
cost(16, 2, 129995).
cost(16, 3, 76229).
cost(16, 4, 137003).
cost(16, 5, 280939).
cost(16, 6, 243389).
cost(16, 7, 222859).
cost(16, 8, 407537).
cost(16, 9, 393629).
cost(16, 10, 140347).
cost(16, 11, 190432).
cost(16, 12, 41438).
cost(16, 13, 140084).
cost(16, 14, 440876).
cost(16, 15, 84060).
cost(16, 17, 75363).
cost(16, 18, 243639).
cost(16, 19, 296852).
cost(17, 1, 349107).
cost(17, 2, 162703).
cost(17, 3, 29613).
cost(17, 4, 115632).
cost(17, 5, 345190).
cost(17, 6, 279370).
cost(17, 7, 287308).
cost(17, 8, 341788).
cost(17, 9, 331482).
cost(17, 10, 181785).
cost(17, 11, 125130).
cost(17, 12, 105375).
cost(17, 13, 69876).
cost(17, 14, 458567).
cost(17, 15, 78071).
cost(17, 16, 75363).
cost(17, 18, 269072).
cost(17, 19, 261250).
cost(18, 1, 540307).
cost(18, 2, 366819).
cost(18, 3, 241060).
cost(18, 4, 374837).
cost(18, 5, 195853).
cost(18, 6, 467531).
cost(18, 7, 170226).
cost(18, 8, 417227).
cost(18, 9, 586990).
cost(18, 10, 369500).
cost(18, 11, 275943).
cost(18, 12, 273121).
cost(18, 13, 330483).
cost(18, 14, 197843).
cost(18, 15, 191256).
cost(18, 16, 243639).
cost(18, 17, 269072).
cost(18, 19, 218397).
cost(19, 1, 608050).
cost(19, 2, 419372).
cost(19, 3, 236282).
cost(19, 4, 371919).
cost(19, 5, 406930).
cost(19, 6, 536338).
cost(19, 7, 367743).
cost(19, 8, 204512).
cost(19, 9, 477855).
cost(19, 10, 434532).
cost(19, 11, 167285).
cost(19, 12, 338275).
cost(19, 13, 281380).
cost(19, 14, 305269).
cost(19, 15, 212969).
cost(19, 16, 296852).
cost(19, 17, 261250).
cost(19, 18, 218397).
