dimension(19).
point(1, 295813.0, 136236.0).
point(2, -101959.0, -243803.0).
point(3, -151538.0, 345189.0).
point(4, -121692.0, 376152.0).
point(5, -239311.0, 21940.0).
point(6, 118242.0, -282766.0).
point(7, -29803.0, -309679.0).
point(8, 209605.0, 239261.0).
point(9, -195575.0, -312030.0).
point(10, 82624.0, -210857.0).
point(11, -196928.0, -33172.0).
point(12, 184447.0, 340436.0).
point(13, 76140.0, -28168.0).
point(14, -324255.0, -359612.0).
point(15, -61921.0, 134491.0).
point(16, 125176.0, 80627.0).
point(17, 584506.0, 401794.0).
point(18, 25334.0, 69605.0).
point(19, 138857.0, 122244.0).
cost(1, 2, 550138).
cost(1, 3, 493745).
cost(1, 4, 481529).
cost(1, 5, 547194).
cost(1, 6, 455076).
cost(1, 7, 552147).
cost(1, 8, 134335).
cost(1, 9, 665135).
cost(1, 10, 407337).
cost(1, 11, 521050).
cost(1, 12, 232594).
cost(1, 13, 274381).
cost(1, 14, 793946).
cost(1, 15, 357738).
cost(1, 16, 179470).
cost(1, 17, 392256).
cost(1, 18, 278565).
cost(1, 19, 157578).
cost(2, 1, 550138).
cost(2, 3, 591075).
cost(2, 4, 620269).
cost(2, 5, 299140).
cost(2, 6, 223622).
cost(2, 7, 97704).
cost(2, 8, 574824).
cost(2, 9, 115840).
cost(2, 10, 187500).
cost(2, 11, 231051).
cost(2, 12, 650664).
cost(2, 13, 279674).
cost(2, 14, 250654).
cost(2, 15, 380407).
cost(2, 16, 396037).
cost(2, 17, 942353).
cost(2, 18, 338272).
cost(2, 19, 438158).
cost(3, 1, 493745).
cost(3, 2, 591075).
cost(3, 4, 43006).
cost(3, 5, 334954).
cost(3, 6, 683454).
cost(3, 7, 666087).
cost(3, 8, 376358).
cost(3, 9, 658693).
cost(3, 10, 603340).
cost(3, 11, 381074).
cost(3, 12, 336019).
cost(3, 13, 437302).
cost(3, 14, 725655).
cost(3, 15, 228965).
cost(3, 16, 382836).
cost(3, 17, 738217).
cost(3, 18, 327460).
cost(3, 19, 366106).
cost(4, 1, 481529).
cost(4, 2, 620269).
cost(4, 3, 43006).
cost(4, 5, 373230).
cost(4, 6, 701243).
cost(4, 7, 691959).
cost(4, 8, 358465).
cost(4, 9, 692137).
cost(4, 10, 621550).
cost(4, 11, 416181).
cost(4, 12, 308215).
cost(4, 13, 450125).
cost(4, 14, 763139).
cost(4, 15, 248943).
cost(4, 16, 385070).
cost(4, 17, 706663).
cost(4, 18, 339982).
cost(4, 19, 363806).
cost(5, 1, 547194).
cost(5, 2, 299140).
cost(5, 3, 334954).
cost(5, 4, 373230).
cost(5, 6, 469776).
cost(5, 7, 392256).
cost(5, 8, 498752).
cost(5, 9, 336822).
cost(5, 10, 397287).
cost(5, 11, 69524).
cost(5, 12, 530104).
cost(5, 13, 319406).
cost(5, 14, 390893).
cost(5, 15, 210083).
cost(5, 16, 369181).
cost(5, 17, 907173).
cost(5, 18, 268903).
cost(5, 19, 391244).
cost(6, 1, 455076).
cost(6, 2, 223622).
cost(6, 3, 683454).
cost(6, 4, 701243).
cost(6, 5, 469776).
cost(6, 7, 150471).
cost(6, 8, 529962).
cost(6, 9, 315179).
cost(6, 10, 80247).
cost(6, 11, 402031).
cost(6, 12, 626709).
cost(6, 13, 258056).
cost(6, 14, 449120).
cost(6, 15, 454491).
cost(6, 16, 363459).
cost(6, 17, 828266).
cost(6, 18, 364414).
cost(6, 19, 405534).
cost(7, 1, 552147).
cost(7, 2, 97704).
cost(7, 3, 666087).
cost(7, 4, 691959).
cost(7, 5, 392256).
cost(7, 6, 150471).
cost(7, 8, 598875).
cost(7, 9, 165789).
cost(7, 10, 149685).
cost(7, 11, 323090).
cost(7, 12, 684509).
cost(7, 13, 300786).
cost(7, 14, 298656).
cost(7, 15, 445330).
cost(7, 16, 419949).
cost(7, 17, 939984).
cost(7, 18, 383271).
cost(7, 19, 463685).
cost(8, 1, 134335).
cost(8, 2, 574824).
cost(8, 3, 376358).
cost(8, 4, 358465).
cost(8, 5, 498752).
cost(8, 6, 529962).
cost(8, 7, 598875).
cost(8, 9, 684173).
cost(8, 10, 467686).
cost(8, 11, 489376).
cost(8, 12, 104256).
cost(8, 13, 298883).
cost(8, 14, 802281).
cost(8, 15, 291038).
cost(8, 16, 179703).
cost(8, 17, 408617).
cost(8, 18, 250477).
cost(8, 19, 136742).
cost(9, 1, 665135).
cost(9, 2, 115840).
cost(9, 3, 658693).
cost(9, 4, 692137).
cost(9, 5, 336822).
cost(9, 6, 315179).
cost(9, 7, 165789).
cost(9, 8, 684173).
cost(9, 10, 296025).
cost(9, 11, 278861).
cost(9, 12, 755069).
cost(9, 13, 392946).
cost(9, 14, 137195).
cost(9, 15, 466095).
cost(9, 16, 507012).
cost(9, 17, 1057389).
cost(9, 18, 440960).
cost(9, 19, 548123).
cost(10, 1, 407337).
cost(10, 2, 187500).
cost(10, 3, 603340).
cost(10, 4, 621550).
cost(10, 5, 397287).
cost(10, 6, 80247).
cost(10, 7, 149685).
cost(10, 8, 467686).
cost(10, 9, 296025).
cost(10, 11, 331242).
cost(10, 12, 560617).
cost(10, 13, 182804).
cost(10, 14, 433219).
cost(10, 15, 374377).
cost(10, 16, 294574).
cost(10, 17, 791977).
cost(10, 18, 286254).
cost(10, 19, 337814).
cost(11, 1, 521050).
cost(11, 2, 231051).
cost(11, 3, 381074).
cost(11, 4, 416181).
cost(11, 5, 69524).
cost(11, 6, 402031).
cost(11, 7, 323090).
cost(11, 8, 489376).
cost(11, 9, 278861).
cost(11, 10, 331242).
cost(11, 12, 533882).
cost(11, 13, 273114).
cost(11, 14, 350393).
cost(11, 15, 215262).
cost(11, 16, 341616).
cost(11, 17, 894335).
cost(11, 18, 244874).
cost(11, 19, 370008).
cost(12, 1, 232594).
cost(12, 2, 650664).
cost(12, 3, 336019).
cost(12, 4, 308215).
cost(12, 5, 530104).
cost(12, 6, 626709).
cost(12, 7, 684509).
cost(12, 8, 104256).
cost(12, 9, 755069).
cost(12, 10, 560617).
cost(12, 11, 533882).
cost(12, 13, 384187).
cost(12, 14, 865358).
cost(12, 15, 321108).
cost(12, 16, 266484).
cost(12, 17, 404737).
cost(12, 18, 314112).
cost(12, 19, 222904).
cost(13, 1, 274381).
cost(13, 2, 279674).
cost(13, 3, 437302).
cost(13, 4, 450125).
cost(13, 5, 319406).
cost(13, 6, 258056).
cost(13, 7, 300786).
cost(13, 8, 298883).
cost(13, 9, 392946).
cost(13, 10, 182804).
cost(13, 11, 273114).
cost(13, 12, 384187).
cost(13, 14, 519780).
cost(13, 15, 213351).
cost(13, 16, 119335).
cost(13, 17, 665810).
cost(13, 18, 110185).
cost(13, 19, 162964).
cost(14, 1, 793946).
cost(14, 2, 250654).
cost(14, 3, 725655).
cost(14, 4, 763139).
cost(14, 5, 390893).
cost(14, 6, 449120).
cost(14, 7, 298656).
cost(14, 8, 802281).
cost(14, 9, 137195).
cost(14, 10, 433219).
cost(14, 11, 350393).
cost(14, 12, 865358).
cost(14, 13, 519780).
cost(14, 15, 559426).
cost(14, 16, 629125).
cost(14, 17, 1185574).
cost(14, 18, 553570).
cost(14, 19, 668325).
cost(15, 1, 357738).
cost(15, 2, 380407).
cost(15, 3, 228965).
cost(15, 4, 248943).
cost(15, 5, 210083).
cost(15, 6, 454491).
cost(15, 7, 445330).
cost(15, 8, 291038).
cost(15, 9, 466095).
cost(15, 10, 374377).
cost(15, 11, 215262).
cost(15, 12, 321108).
cost(15, 13, 213351).
cost(15, 14, 559426).
cost(15, 16, 194696).
cost(15, 17, 699513).
cost(15, 18, 108737).
cost(15, 19, 201151).
cost(16, 1, 179470).
cost(16, 2, 396037).
cost(16, 3, 382836).
cost(16, 4, 385070).
cost(16, 5, 369181).
cost(16, 6, 363459).
cost(16, 7, 419949).
cost(16, 8, 179703).
cost(16, 9, 507012).
cost(16, 10, 294574).
cost(16, 11, 341616).
cost(16, 12, 266484).
cost(16, 13, 119335).
cost(16, 14, 629125).
cost(16, 15, 194696).
cost(16, 17, 560475).
cost(16, 18, 100449).
cost(16, 19, 43808).
cost(17, 1, 392256).
cost(17, 2, 942353).
cost(17, 3, 738217).
cost(17, 4, 706663).
cost(17, 5, 907173).
cost(17, 6, 828266).
cost(17, 7, 939984).
cost(17, 8, 408617).
cost(17, 9, 1057389).
cost(17, 10, 791977).
cost(17, 11, 894335).
cost(17, 12, 404737).
cost(17, 13, 665810).
cost(17, 14, 1185574).
cost(17, 15, 699513).
cost(17, 16, 560475).
cost(17, 18, 650402).
cost(17, 19, 526072).
cost(18, 1, 278565).
cost(18, 2, 338272).
cost(18, 3, 327460).
cost(18, 4, 339982).
cost(18, 5, 268903).
cost(18, 6, 364414).
cost(18, 7, 383271).
cost(18, 8, 250477).
cost(18, 9, 440960).
cost(18, 10, 286254).
cost(18, 11, 244874).
cost(18, 12, 314112).
cost(18, 13, 110185).
cost(18, 14, 553570).
cost(18, 15, 108737).
cost(18, 16, 100449).
cost(18, 17, 650402).
cost(18, 19, 125133).
cost(19, 1, 157578).
cost(19, 2, 438158).
cost(19, 3, 366106).
cost(19, 4, 363806).
cost(19, 5, 391244).
cost(19, 6, 405534).
cost(19, 7, 463685).
cost(19, 8, 136742).
cost(19, 9, 548123).
cost(19, 10, 337814).
cost(19, 11, 370008).
cost(19, 12, 222904).
cost(19, 13, 162964).
cost(19, 14, 668325).
cost(19, 15, 201151).
cost(19, 16, 43808).
cost(19, 17, 526072).
cost(19, 18, 125133).
