dimension(19).
point(1, 115443.0, 235762.0).
point(2, 2963.0, 35517.0).
point(3, -208816.0, -103645.0).
point(4, 149220.0, 275932.0).
point(5, -339618.0, -263455.0).
point(6, -46742.0, 122843.0).
point(7, -15543.0, 454970.0).
point(8, 319348.0, 177083.0).
point(9, 179577.0, 243864.0).
point(10, 127973.0, -11687.0).
point(11, 282926.0, -18138.0).
point(12, 345447.0, 286048.0).
point(13, 139482.0, -227727.0).
point(14, 99478.0, -24643.0).
point(15, -299838.0, 324496.0).
point(16, 432878.0, 634383.0).
point(17, -351541.0, -209766.0).
point(18, 204612.0, -15403.0).
point(19, -161324.0, -366825.0).
cost(1, 2, 229673).
cost(1, 3, 469405).
cost(1, 4, 52483).
cost(1, 5, 675498).
cost(1, 6, 197623).
cost(1, 7, 255361).
cost(1, 8, 212180).
cost(1, 9, 64644).
cost(1, 10, 247766).
cost(1, 11, 304164).
cost(1, 12, 235437).
cost(1, 13, 464112).
cost(1, 14, 260894).
cost(1, 15, 424655).
cost(1, 16, 509572).
cost(1, 17, 645422).
cost(1, 18, 266524).
cost(1, 19, 663107).
cost(2, 1, 229673).
cost(2, 3, 253410).
cost(2, 4, 281408).
cost(2, 5, 454693).
cost(2, 6, 100481).
cost(2, 7, 419861).
cost(2, 8, 346613).
cost(2, 9, 273132).
cost(2, 10, 133625).
cost(2, 11, 285058).
cost(2, 12, 424336).
cost(2, 13, 296538).
cost(2, 14, 113729).
cost(2, 15, 418566).
cost(2, 16, 737202).
cost(2, 17, 431088).
cost(2, 18, 207979).
cost(2, 19, 434591).
cost(3, 1, 469405).
cost(3, 2, 253410).
cost(3, 4, 521794).
cost(3, 5, 206515).
cost(3, 6, 278505).
cost(3, 7, 591105).
cost(3, 8, 598135).
cost(3, 9, 521164).
cost(3, 10, 349118).
cost(3, 11, 499121).
cost(3, 12, 677546).
cost(3, 13, 369740).
cost(3, 14, 318255).
cost(3, 15, 437710).
cost(3, 16, 977986).
cost(3, 17, 177854).
cost(3, 18, 422740).
cost(3, 19, 267431).
cost(4, 1, 52483).
cost(4, 2, 281408).
cost(4, 3, 521794).
cost(4, 5, 727943).
cost(4, 6, 248671).
cost(4, 7, 243313).
cost(4, 8, 196760).
cost(4, 9, 44158).
cost(4, 10, 288403).
cost(4, 11, 323039).
cost(4, 12, 196488).
cost(4, 13, 503753).
cost(4, 14, 304663).
cost(4, 15, 451676).
cost(4, 16, 457109).
cost(4, 17, 697613).
cost(4, 18, 296554).
cost(4, 19, 713845).
cost(5, 1, 675498).
cost(5, 2, 454693).
cost(5, 3, 206515).
cost(5, 4, 727943).
cost(5, 6, 484771).
cost(5, 7, 788136).
cost(5, 8, 792660).
cost(5, 9, 725904).
cost(5, 10, 531064).
cost(5, 11, 669135).
cost(5, 12, 878218).
cost(5, 13, 480430).
cost(5, 14, 499836).
cost(5, 15, 589295).
cost(5, 16, 1184425).
cost(5, 17, 54997).
cost(5, 18, 598094).
cost(5, 19, 206092).
cost(6, 1, 197623).
cost(6, 2, 100481).
cost(6, 3, 278505).
cost(6, 4, 248671).
cost(6, 5, 484771).
cost(6, 7, 333589).
cost(6, 8, 370086).
cost(6, 9, 256644).
cost(6, 10, 220508).
cost(6, 11, 358548).
cost(6, 12, 424792).
cost(6, 13, 396962).
cost(6, 14, 207683).
cost(6, 15, 323607).
cost(6, 16, 701219).
cost(6, 17, 451144).
cost(6, 18, 286864).
cost(6, 19, 502895).
cost(7, 1, 255361).
cost(7, 2, 419861).
cost(7, 3, 591105).
cost(7, 4, 243313).
cost(7, 5, 788136).
cost(7, 6, 333589).
cost(7, 8, 435170).
cost(7, 9, 287467).
cost(7, 10, 488227).
cost(7, 11, 559388).
cost(7, 12, 398558).
cost(7, 13, 700077).
cost(7, 14, 493212).
cost(7, 15, 312805).
cost(7, 16, 482981).
cost(7, 17, 744828).
cost(7, 18, 519345).
cost(7, 19, 834625).
cost(8, 1, 212180).
cost(8, 2, 346613).
cost(8, 3, 598135).
cost(8, 4, 196760).
cost(8, 5, 792660).
cost(8, 6, 370086).
cost(8, 7, 435170).
cost(8, 9, 154905).
cost(8, 10, 268809).
cost(8, 11, 198590).
cost(8, 12, 112047).
cost(8, 13, 442971).
cost(8, 14, 298389).
cost(8, 15, 636492).
cost(8, 16, 471182).
cost(8, 17, 774432).
cost(8, 18, 224088).
cost(8, 19, 725866).
cost(9, 1, 64644).
cost(9, 2, 273132).
cost(9, 3, 521164).
cost(9, 4, 44158).
cost(9, 5, 725904).
cost(9, 6, 256644).
cost(9, 7, 287467).
cost(9, 8, 154905).
cost(9, 10, 260709).
cost(9, 11, 281649).
cost(9, 12, 171150).
cost(9, 13, 473292).
cost(9, 14, 280200).
cost(9, 15, 486148).
cost(9, 16, 465474).
cost(9, 17, 698474).
cost(9, 18, 260473).
cost(9, 19, 699396).
cost(10, 1, 247766).
cost(10, 2, 133625).
cost(10, 3, 349118).
cost(10, 4, 288403).
cost(10, 5, 531064).
cost(10, 6, 220508).
cost(10, 7, 488227).
cost(10, 8, 268809).
cost(10, 9, 260709).
cost(10, 11, 155087).
cost(10, 12, 368702).
cost(10, 13, 216346).
cost(10, 14, 31302).
cost(10, 15, 544097).
cost(10, 16, 714404).
cost(10, 17, 518815).
cost(10, 18, 76729).
cost(10, 19, 458056).
cost(11, 1, 304164).
cost(11, 2, 285058).
cost(11, 3, 499121).
cost(11, 4, 323039).
cost(11, 5, 669135).
cost(11, 6, 358548).
cost(11, 7, 559388).
cost(11, 8, 198590).
cost(11, 9, 281649).
cost(11, 10, 155087).
cost(11, 12, 310545).
cost(11, 13, 253976).
cost(11, 14, 183563).
cost(11, 15, 676027).
cost(11, 16, 669529).
cost(11, 17, 662774).
cost(11, 18, 78362).
cost(11, 19, 564748).
cost(12, 1, 235437).
cost(12, 2, 424336).
cost(12, 3, 677546).
cost(12, 4, 196488).
cost(12, 5, 878218).
cost(12, 6, 424792).
cost(12, 7, 398558).
cost(12, 8, 112047).
cost(12, 9, 171150).
cost(12, 10, 368702).
cost(12, 11, 310545).
cost(12, 13, 553522).
cost(12, 14, 396270).
cost(12, 15, 646429).
cost(12, 16, 359140).
cost(12, 17, 855350).
cost(12, 18, 332727).
cost(12, 19, 826474).
cost(13, 1, 464112).
cost(13, 2, 296538).
cost(13, 3, 369740).
cost(13, 4, 503753).
cost(13, 5, 480430).
cost(13, 6, 396962).
cost(13, 7, 700077).
cost(13, 8, 442971).
cost(13, 9, 473292).
cost(13, 10, 216346).
cost(13, 11, 253976).
cost(13, 12, 553522).
cost(13, 14, 206987).
cost(13, 15, 705657).
cost(13, 16, 910667).
cost(13, 17, 491351).
cost(13, 18, 222089).
cost(13, 19, 331410).
cost(14, 1, 260894).
cost(14, 2, 113729).
cost(14, 3, 318255).
cost(14, 4, 304663).
cost(14, 5, 499836).
cost(14, 6, 207683).
cost(14, 7, 493212).
cost(14, 8, 298389).
cost(14, 9, 280200).
cost(14, 10, 31302).
cost(14, 11, 183563).
cost(14, 12, 396270).
cost(14, 13, 206987).
cost(14, 15, 530426).
cost(14, 16, 738560).
cost(14, 17, 487533).
cost(14, 18, 105539).
cost(14, 19, 430240).
cost(15, 1, 424655).
cost(15, 2, 418566).
cost(15, 3, 437710).
cost(15, 4, 451676).
cost(15, 5, 589295).
cost(15, 6, 323607).
cost(15, 7, 312805).
cost(15, 8, 636492).
cost(15, 9, 486148).
cost(15, 10, 544097).
cost(15, 11, 676027).
cost(15, 12, 646429).
cost(15, 13, 705657).
cost(15, 14, 530426).
cost(15, 16, 795552).
cost(15, 17, 536758).
cost(15, 18, 608277).
cost(15, 19, 705061).
cost(16, 1, 509572).
cost(16, 2, 737202).
cost(16, 3, 977986).
cost(16, 4, 457109).
cost(16, 5, 1184425).
cost(16, 6, 701219).
cost(16, 7, 482981).
cost(16, 8, 471182).
cost(16, 9, 465474).
cost(16, 10, 714404).
cost(16, 11, 669529).
cost(16, 12, 359140).
cost(16, 13, 910667).
cost(16, 14, 738560).
cost(16, 15, 795552).
cost(16, 17, 1152346).
cost(16, 18, 688714).
cost(16, 19, 1164257).
cost(17, 1, 645422).
cost(17, 2, 431088).
cost(17, 3, 177854).
cost(17, 4, 697613).
cost(17, 5, 54997).
cost(17, 6, 451144).
cost(17, 7, 744828).
cost(17, 8, 774432).
cost(17, 9, 698474).
cost(17, 10, 518815).
cost(17, 11, 662774).
cost(17, 12, 855350).
cost(17, 13, 491351).
cost(17, 14, 487533).
cost(17, 15, 536758).
cost(17, 16, 1152346).
cost(17, 18, 589138).
cost(17, 19, 246678).
cost(18, 1, 266524).
cost(18, 2, 207979).
cost(18, 3, 422740).
cost(18, 4, 296554).
cost(18, 5, 598094).
cost(18, 6, 286864).
cost(18, 7, 519345).
cost(18, 8, 224088).
cost(18, 9, 260473).
cost(18, 10, 76729).
cost(18, 11, 78362).
cost(18, 12, 332727).
cost(18, 13, 222089).
cost(18, 14, 105539).
cost(18, 15, 608277).
cost(18, 16, 688714).
cost(18, 17, 589138).
cost(18, 19, 507353).
cost(19, 1, 663107).
cost(19, 2, 434591).
cost(19, 3, 267431).
cost(19, 4, 713845).
cost(19, 5, 206092).
cost(19, 6, 502895).
cost(19, 7, 834625).
cost(19, 8, 725866).
cost(19, 9, 699396).
cost(19, 10, 458056).
cost(19, 11, 564748).
cost(19, 12, 826474).
cost(19, 13, 331410).
cost(19, 14, 430240).
cost(19, 15, 705061).
cost(19, 16, 1164257).
cost(19, 17, 246678).
cost(19, 18, 507353).
