dimension(19).
point(1, 146497.0, -207194.0).
point(2, -62237.0, 371426.0).
point(3, 179427.0, -69051.0).
point(4, -275486.0, -290528.0).
point(5, -388245.0, 98908.0).
point(6, -19916.0, -194252.0).
point(7, -444346.0, -244264.0).
point(8, 213068.0, 213820.0).
point(9, -11539.0, -258494.0).
point(10, 889.0, -41717.0).
point(11, 147317.0, -27132.0).
point(12, 26055.0, -358335.0).
point(13, -556092.0, 184547.0).
point(14, -339082.0, 229247.0).
point(15, 431020.0, 317331.0).
point(16, -105913.0, 140928.0).
point(17, -79281.0, -277123.0).
point(18, -36697.0, -247353.0).
point(19, -457795.0, -115187.0).
cost(1, 2, 615119).
cost(1, 3, 142014).
cost(1, 4, 430133).
cost(1, 5, 616155).
cost(1, 6, 166915).
cost(1, 7, 592005).
cost(1, 8, 426245).
cost(1, 9, 166154).
cost(1, 10, 220419).
cost(1, 11, 180064).
cost(1, 12, 193261).
cost(1, 13, 804420).
cost(1, 14, 652892).
cost(1, 15, 596724).
cost(1, 16, 430000).
cost(1, 17, 236359).
cost(1, 18, 187544).
cost(1, 19, 611256).
cost(2, 1, 615119).
cost(2, 3, 502416).
cost(2, 4, 695455).
cost(2, 5, 424909).
cost(2, 6, 567259).
cost(2, 7, 724625).
cost(2, 8, 317226).
cost(2, 9, 631957).
cost(2, 10, 417938).
cost(2, 11, 450290).
cost(2, 12, 735083).
cost(2, 13, 528031).
cost(2, 14, 311220).
cost(2, 15, 496214).
cost(2, 16, 234599).
cost(2, 17, 648773).
cost(2, 18, 619306).
cost(2, 19, 627103).
cost(3, 1, 142014).
cost(3, 2, 502416).
cost(3, 4, 505962).
cost(3, 5, 591998).
cost(3, 6, 235399).
cost(3, 7, 647914).
cost(3, 8, 284864).
cost(3, 9, 268992).
cost(3, 10, 180618).
cost(3, 11, 52804).
cost(3, 12, 327427).
cost(3, 13, 778010).
cost(3, 14, 598192).
cost(3, 15, 461075).
cost(3, 16, 354274).
cost(3, 17, 332000).
cost(3, 18, 280181).
cost(3, 19, 638890).
cost(4, 1, 430133).
cost(4, 2, 695455).
cost(4, 3, 505962).
cost(4, 5, 405432).
cost(4, 6, 273103).
cost(4, 7, 175083).
cost(4, 8, 702177).
cost(4, 9, 265884).
cost(4, 10, 371874).
cost(4, 11, 498136).
cost(4, 12, 309071).
cost(4, 13, 551757).
cost(4, 14, 523651).
cost(4, 15, 932010).
cost(4, 16, 463583).
cost(4, 17, 196662).
cost(4, 18, 242661).
cost(4, 19, 252945).
cost(5, 1, 616155).
cost(5, 2, 424909).
cost(5, 3, 591998).
cost(5, 4, 405432).
cost(5, 6, 470754).
cost(5, 7, 347727).
cost(5, 8, 612194).
cost(5, 9, 519272).
cost(5, 10, 413764).
cost(5, 11, 550193).
cost(5, 12, 617022).
cost(5, 13, 188432).
cost(5, 14, 139303).
cost(5, 15, 847882).
cost(5, 16, 285442).
cost(5, 17, 486681).
cost(5, 18, 493440).
cost(5, 19, 225109).
cost(6, 1, 166915).
cost(6, 2, 567259).
cost(6, 3, 235399).
cost(6, 4, 273103).
cost(6, 5, 470754).
cost(6, 7, 427366).
cost(6, 8, 469898).
cost(6, 9, 64786).
cost(6, 10, 153947).
cost(6, 11, 236423).
cost(6, 12, 170401).
cost(6, 13, 656486).
cost(6, 14, 530300).
cost(6, 15, 681953).
cost(6, 16, 346036).
cost(6, 17, 101940).
cost(6, 18, 55689).
cost(6, 19, 444960).
cost(7, 1, 592005).
cost(7, 2, 724625).
cost(7, 3, 647914).
cost(7, 4, 175083).
cost(7, 5, 347727).
cost(7, 6, 427366).
cost(7, 8, 801270).
cost(7, 9, 433041).
cost(7, 10, 489142).
cost(7, 11, 630247).
cost(7, 12, 484034).
cost(7, 13, 443132).
cost(7, 14, 485070).
cost(7, 15, 1040026).
cost(7, 16, 512747).
cost(7, 17, 366541).
cost(7, 18, 407661).
cost(7, 19, 129776).
cost(8, 1, 426245).
cost(8, 2, 317226).
cost(8, 3, 284864).
cost(8, 4, 702177).
cost(8, 5, 612194).
cost(8, 6, 469898).
cost(8, 7, 801270).
cost(8, 9, 523000).
cost(8, 10, 332143).
cost(8, 11, 249762).
cost(8, 12, 601943).
cost(8, 13, 769717).
cost(8, 14, 552365).
cost(8, 15, 241283).
cost(8, 16, 327203).
cost(8, 17, 571396).
cost(8, 18, 524465).
cost(8, 19, 747197).
cost(9, 1, 166154).
cost(9, 2, 631957).
cost(9, 3, 268992).
cost(9, 4, 265884).
cost(9, 5, 519272).
cost(9, 6, 64786).
cost(9, 7, 433041).
cost(9, 8, 523000).
cost(9, 10, 217133).
cost(9, 11, 280649).
cost(9, 12, 106684).
cost(9, 13, 702014).
cost(9, 14, 587517).
cost(9, 15, 726246).
cost(9, 16, 410420).
cost(9, 17, 70257).
cost(9, 18, 27514).
cost(9, 19, 468702).
cost(10, 1, 220419).
cost(10, 2, 417938).
cost(10, 3, 180618).
cost(10, 4, 371874).
cost(10, 5, 413764).
cost(10, 6, 153947).
cost(10, 7, 489142).
cost(10, 8, 332143).
cost(10, 9, 217133).
cost(10, 11, 147153).
cost(10, 12, 317617).
cost(10, 13, 601185).
cost(10, 14, 434743).
cost(10, 15, 560293).
cost(10, 16, 211579).
cost(10, 17, 248683).
cost(10, 18, 209043).
cost(10, 19, 464531).
cost(11, 1, 180064).
cost(11, 2, 450290).
cost(11, 3, 52804).
cost(11, 4, 498136).
cost(11, 5, 550193).
cost(11, 6, 236423).
cost(11, 7, 630247).
cost(11, 8, 249762).
cost(11, 9, 280649).
cost(11, 10, 147153).
cost(11, 12, 352704).
cost(11, 13, 734569).
cost(11, 14, 549831).
cost(11, 15, 446253).
cost(11, 16, 303924).
cost(11, 17, 337405).
cost(11, 18, 286982).
cost(11, 19, 611485).
cost(12, 1, 193261).
cost(12, 2, 735083).
cost(12, 3, 327427).
cost(12, 4, 309071).
cost(12, 5, 617022).
cost(12, 6, 170401).
cost(12, 7, 484034).
cost(12, 8, 601943).
cost(12, 9, 106684).
cost(12, 10, 317617).
cost(12, 11, 352704).
cost(12, 13, 796000).
cost(12, 14, 691793).
cost(12, 15, 787732).
cost(12, 16, 516410).
cost(12, 17, 133008).
cost(12, 18, 127494).
cost(12, 19, 541509).
cost(13, 1, 804420).
cost(13, 2, 528031).
cost(13, 3, 778010).
cost(13, 4, 551757).
cost(13, 5, 188432).
cost(13, 6, 656486).
cost(13, 7, 443132).
cost(13, 8, 769717).
cost(13, 9, 702014).
cost(13, 10, 601185).
cost(13, 11, 734569).
cost(13, 12, 796000).
cost(13, 14, 221566).
cost(13, 15, 996003).
cost(13, 16, 452287).
cost(13, 17, 663693).
cost(13, 18, 675506).
cost(13, 19, 315441).
cost(14, 1, 652892).
cost(14, 2, 311220).
cost(14, 3, 598192).
cost(14, 4, 523651).
cost(14, 5, 139303).
cost(14, 6, 530300).
cost(14, 7, 485070).
cost(14, 8, 552365).
cost(14, 9, 587517).
cost(14, 10, 434743).
cost(14, 11, 549831).
cost(14, 12, 691793).
cost(14, 13, 221566).
cost(14, 15, 775123).
cost(14, 16, 249335).
cost(14, 17, 569128).
cost(14, 18, 564433).
cost(14, 19, 364318).
cost(15, 1, 596724).
cost(15, 2, 496214).
cost(15, 3, 461075).
cost(15, 4, 932010).
cost(15, 5, 847882).
cost(15, 6, 681953).
cost(15, 7, 1040026).
cost(15, 8, 241283).
cost(15, 9, 726246).
cost(15, 10, 560293).
cost(15, 11, 446253).
cost(15, 12, 787732).
cost(15, 13, 996003).
cost(15, 14, 775123).
cost(15, 16, 565168).
cost(15, 17, 783443).
cost(15, 18, 733231).
cost(15, 19, 988465).
cost(16, 1, 430000).
cost(16, 2, 234599).
cost(16, 3, 354274).
cost(16, 4, 463583).
cost(16, 5, 285442).
cost(16, 6, 346036).
cost(16, 7, 512747).
cost(16, 8, 327203).
cost(16, 9, 410420).
cost(16, 10, 211579).
cost(16, 11, 303924).
cost(16, 12, 516410).
cost(16, 13, 452287).
cost(16, 14, 249335).
cost(16, 15, 565168).
cost(16, 17, 418898).
cost(16, 18, 394402).
cost(16, 19, 435219).
cost(17, 1, 236359).
cost(17, 2, 648773).
cost(17, 3, 332000).
cost(17, 4, 196662).
cost(17, 5, 486681).
cost(17, 6, 101940).
cost(17, 7, 366541).
cost(17, 8, 571396).
cost(17, 9, 70257).
cost(17, 10, 248683).
cost(17, 11, 337405).
cost(17, 12, 133008).
cost(17, 13, 663693).
cost(17, 14, 569128).
cost(17, 15, 783443).
cost(17, 16, 418898).
cost(17, 18, 51958).
cost(17, 19, 411699).
cost(18, 1, 187544).
cost(18, 2, 619306).
cost(18, 3, 280181).
cost(18, 4, 242661).
cost(18, 5, 493440).
cost(18, 6, 55689).
cost(18, 7, 407661).
cost(18, 8, 524465).
cost(18, 9, 27514).
cost(18, 10, 209043).
cost(18, 11, 286982).
cost(18, 12, 127494).
cost(18, 13, 675506).
cost(18, 14, 564433).
cost(18, 15, 733231).
cost(18, 16, 394402).
cost(18, 17, 51958).
cost(18, 19, 441352).
cost(19, 1, 611256).
cost(19, 2, 627103).
cost(19, 3, 638890).
cost(19, 4, 252945).
cost(19, 5, 225109).
cost(19, 6, 444960).
cost(19, 7, 129776).
cost(19, 8, 747197).
cost(19, 9, 468702).
cost(19, 10, 464531).
cost(19, 11, 611485).
cost(19, 12, 541509).
cost(19, 13, 315441).
cost(19, 14, 364318).
cost(19, 15, 988465).
cost(19, 16, 435219).
cost(19, 17, 411699).
cost(19, 18, 441352).
