dimension(19).
point(1, -66042.0, -87384.0).
point(2, -150145.0, -216528.0).
point(3, 306893.0, -76731.0).
point(4, -263415.0, 217312.0).
point(5, 163194.0, 8314.0).
point(6, -456051.0, 200204.0).
point(7, 101001.0, 240068.0).
point(8, 115058.0, 291237.0).
point(9, -115838.0, -137289.0).
point(10, -84542.0, 471612.0).
point(11, 62783.0, -121680.0).
point(12, 67238.0, -187214.0).
point(13, -469157.0, 163316.0).
point(14, 582270.0, -61528.0).
point(15, 194348.0, -199825.0).
point(16, 147998.0, -59531.0).
point(17, 234122.0, -67273.0).
point(18, -200270.0, 42677.0).
point(19, -190837.0, 97015.0).
cost(1, 2, 154115).
cost(1, 3, 373087).
cost(1, 4, 363037).
cost(1, 5, 248409).
cost(1, 6, 484576).
cost(1, 7, 367598).
cost(1, 8, 419704).
cost(1, 9, 70499).
cost(1, 10, 559302).
cost(1, 11, 133312).
cost(1, 12, 166522).
cost(1, 13, 474713).
cost(1, 14, 648827).
cost(1, 15, 283630).
cost(1, 16, 215845).
cost(1, 17, 300837).
cost(1, 18, 186904).
cost(1, 19, 222658).
cost(2, 1, 154115).
cost(2, 3, 477940).
cost(2, 4, 448383).
cost(2, 5, 385662).
cost(2, 6, 516957).
cost(2, 7, 521109).
cost(2, 8, 572851).
cost(2, 9, 86347).
cost(2, 10, 691260).
cost(2, 11, 233098).
cost(2, 12, 219351).
cost(2, 13, 496034).
cost(2, 14, 748637).
cost(2, 15, 344898).
cost(2, 16, 336953).
cost(2, 17, 412236).
cost(2, 18, 264007).
cost(2, 19, 316173).
cost(3, 1, 373087).
cost(3, 2, 477940).
cost(3, 4, 641648).
cost(3, 5, 166979).
cost(3, 6, 811651).
cost(3, 7, 377827).
cost(3, 8, 414971).
cost(3, 9, 427047).
cost(3, 10, 673722).
cost(3, 11, 248214).
cost(3, 12, 263896).
cost(3, 13, 812328).
cost(3, 14, 275796).
cost(3, 15, 166789).
cost(3, 16, 159823).
cost(3, 17, 73383).
cost(3, 18, 521030).
cost(3, 19, 527184).
cost(4, 1, 363037).
cost(4, 2, 448383).
cost(4, 3, 641648).
cost(4, 5, 475053).
cost(4, 6, 193394).
cost(4, 7, 365126).
cost(4, 8, 385625).
cost(4, 9, 384084).
cost(4, 10, 310908).
cost(4, 11, 470447).
cost(4, 12, 522468).
cost(4, 13, 212710).
cost(4, 14, 890469).
cost(4, 15, 619314).
cost(4, 16, 495886).
cost(4, 17, 573177).
cost(4, 18, 185700).
cost(4, 19, 140495).
cost(5, 1, 248409).
cost(5, 2, 385662).
cost(5, 3, 166979).
cost(5, 4, 475053).
cost(5, 6, 648295).
cost(5, 7, 239954).
cost(5, 8, 286989).
cost(5, 9, 314737).
cost(5, 10, 525374).
cost(5, 11, 164258).
cost(5, 12, 217804).
cost(5, 13, 651071).
cost(5, 14, 424856).
cost(5, 15, 210458).
cost(5, 16, 69526).
cost(5, 17, 103654).
cost(5, 18, 365085).
cost(5, 19, 364974).
cost(6, 1, 484576).
cost(6, 2, 516957).
cost(6, 3, 811651).
cost(6, 4, 193394).
cost(6, 5, 648295).
cost(6, 7, 558477).
cost(6, 8, 578319).
cost(6, 9, 479214).
cost(6, 10, 460088).
cost(6, 11, 610572).
cost(6, 12, 651095).
cost(6, 13, 39147).
cost(6, 14, 1070801).
cost(6, 15, 763572).
cost(6, 16, 657524).
cost(6, 17, 740191).
cost(6, 18, 300398).
cost(6, 19, 284581).
cost(7, 1, 367598).
cost(7, 2, 521109).
cost(7, 3, 377827).
cost(7, 4, 365126).
cost(7, 5, 239954).
cost(7, 6, 558477).
cost(7, 8, 53065).
cost(7, 9, 435221).
cost(7, 10, 296713).
cost(7, 11, 363761).
cost(7, 12, 428614).
cost(7, 13, 575301).
cost(7, 14, 567961).
cost(7, 15, 449688).
cost(7, 16, 303263).
cost(7, 17, 334932).
cost(7, 18, 360177).
cost(7, 19, 325013).
cost(8, 1, 419704).
cost(8, 2, 572851).
cost(8, 3, 414971).
cost(8, 4, 385625).
cost(8, 5, 286989).
cost(8, 6, 578319).
cost(8, 7, 53065).
cost(8, 9, 486773).
cost(8, 10, 269027).
cost(8, 11, 416213).
cost(8, 12, 480835).
cost(8, 13, 598056).
cost(8, 14, 585432).
cost(8, 15, 497422).
cost(8, 16, 352311).
cost(8, 17, 377764).
cost(8, 18, 401514).
cost(8, 19, 362345).
cost(9, 1, 70499).
cost(9, 2, 86347).
cost(9, 3, 427047).
cost(9, 4, 384084).
cost(9, 5, 314737).
cost(9, 6, 479214).
cost(9, 7, 435221).
cost(9, 8, 486773).
cost(9, 10, 609705).
cost(9, 11, 179302).
cost(9, 12, 189761).
cost(9, 13, 463894).
cost(9, 14, 702207).
cost(9, 15, 316427).
cost(9, 16, 275056).
cost(9, 17, 356895).
cost(9, 18, 198788).
cost(9, 19, 246015).
cost(10, 1, 559302).
cost(10, 2, 691260).
cost(10, 3, 673722).
cost(10, 4, 310908).
cost(10, 5, 525374).
cost(10, 6, 460088).
cost(10, 7, 296713).
cost(10, 8, 269027).
cost(10, 9, 609705).
cost(10, 11, 611310).
cost(10, 12, 676083).
cost(10, 13, 492925).
cost(10, 14, 853743).
cost(10, 15, 727054).
cost(10, 16, 579817).
cost(10, 17, 626054).
cost(10, 18, 444273).
cost(10, 19, 389386).
cost(11, 1, 133312).
cost(11, 2, 233098).
cost(11, 3, 248214).
cost(11, 4, 470447).
cost(11, 5, 164258).
cost(11, 6, 610572).
cost(11, 7, 363761).
cost(11, 8, 416213).
cost(11, 9, 179302).
cost(11, 10, 611310).
cost(11, 12, 65685).
cost(11, 13, 603476).
cost(11, 14, 522958).
cost(11, 15, 153023).
cost(11, 16, 105471).
cost(11, 17, 179770).
cost(11, 18, 310178).
cost(11, 19, 334889).
cost(12, 1, 166522).
cost(12, 2, 219351).
cost(12, 3, 263896).
cost(12, 4, 522468).
cost(12, 5, 217804).
cost(12, 6, 651095).
cost(12, 7, 428614).
cost(12, 8, 480835).
cost(12, 9, 189761).
cost(12, 10, 676083).
cost(12, 11, 65685).
cost(12, 13, 640774).
cost(12, 14, 530146).
cost(12, 15, 127734).
cost(12, 16, 151080).
cost(12, 17, 205514).
cost(12, 18, 352719).
cost(12, 19, 383913).
cost(13, 1, 474713).
cost(13, 2, 496034).
cost(13, 3, 812328).
cost(13, 4, 212710).
cost(13, 5, 651071).
cost(13, 6, 39147).
cost(13, 7, 575301).
cost(13, 8, 598056).
cost(13, 9, 463894).
cost(13, 10, 492925).
cost(13, 11, 603476).
cost(13, 12, 640774).
cost(13, 14, 1075199).
cost(13, 15, 756380).
cost(13, 16, 656156).
cost(13, 17, 740117).
cost(13, 18, 294710).
cost(13, 19, 286108).
cost(14, 1, 648827).
cost(14, 2, 748637).
cost(14, 3, 275796).
cost(14, 4, 890469).
cost(14, 5, 424856).
cost(14, 6, 1070801).
cost(14, 7, 567961).
cost(14, 8, 585432).
cost(14, 9, 702207).
cost(14, 10, 853743).
cost(14, 11, 522958).
cost(14, 12, 530146).
cost(14, 13, 1075199).
cost(14, 15, 411837).
cost(14, 16, 434277).
cost(14, 17, 348195).
cost(14, 18, 789448).
cost(14, 19, 789196).
cost(15, 1, 283630).
cost(15, 2, 344898).
cost(15, 3, 166789).
cost(15, 4, 619314).
cost(15, 5, 210458).
cost(15, 6, 763572).
cost(15, 7, 449688).
cost(15, 8, 497422).
cost(15, 9, 316427).
cost(15, 10, 727054).
cost(15, 11, 153023).
cost(15, 12, 127734).
cost(15, 13, 756380).
cost(15, 14, 411837).
cost(15, 16, 147752).
cost(15, 17, 138391).
cost(15, 18, 463174).
cost(15, 19, 486294).
cost(16, 1, 215845).
cost(16, 2, 336953).
cost(16, 3, 159823).
cost(16, 4, 495886).
cost(16, 5, 69526).
cost(16, 6, 657524).
cost(16, 7, 303263).
cost(16, 8, 352311).
cost(16, 9, 275056).
cost(16, 10, 579817).
cost(16, 11, 105471).
cost(16, 12, 151080).
cost(16, 13, 656156).
cost(16, 14, 434277).
cost(16, 15, 147752).
cost(16, 17, 86471).
cost(16, 18, 362956).
cost(16, 19, 373250).
cost(17, 1, 300837).
cost(17, 2, 412236).
cost(17, 3, 73383).
cost(17, 4, 573177).
cost(17, 5, 103654).
cost(17, 6, 740191).
cost(17, 7, 334932).
cost(17, 8, 377764).
cost(17, 9, 356895).
cost(17, 10, 626054).
cost(17, 11, 179770).
cost(17, 12, 205514).
cost(17, 13, 740117).
cost(17, 14, 348195).
cost(17, 15, 138391).
cost(17, 16, 86471).
cost(17, 18, 448091).
cost(17, 19, 455610).
cost(18, 1, 186904).
cost(18, 2, 264007).
cost(18, 3, 521030).
cost(18, 4, 185700).
cost(18, 5, 365085).
cost(18, 6, 300398).
cost(18, 7, 360177).
cost(18, 8, 401514).
cost(18, 9, 198788).
cost(18, 10, 444273).
cost(18, 11, 310178).
cost(18, 12, 352719).
cost(18, 13, 294710).
cost(18, 14, 789448).
cost(18, 15, 463174).
cost(18, 16, 362956).
cost(18, 17, 448091).
cost(18, 19, 55151).
cost(19, 1, 222658).
cost(19, 2, 316173).
cost(19, 3, 527184).
cost(19, 4, 140495).
cost(19, 5, 364974).
cost(19, 6, 284581).
cost(19, 7, 325013).
cost(19, 8, 362345).
cost(19, 9, 246015).
cost(19, 10, 389386).
cost(19, 11, 334889).
cost(19, 12, 383913).
cost(19, 13, 286108).
cost(19, 14, 789196).
cost(19, 15, 486294).
cost(19, 16, 373250).
cost(19, 17, 455610).
cost(19, 18, 55151).
