dimension(24).
point(1, -48059.0, -164877.0).
point(2, -179987.0, 51519.0).
point(3, 50698.0, 336450.0).
point(4, -288150.0, 130779.0).
point(5, -208235.0, -67197.0).
point(6, 20808.0, -76579.0).
point(7, 357207.0, -54594.0).
point(8, 441219.0, 78280.0).
point(9, 5342.0, -84781.0).
point(10, 175987.0, 127874.0).
point(11, -404250.0, 181039.0).
point(12, -182769.0, 52738.0).
point(13, -32781.0, -486974.0).
point(14, -147416.0, 147693.0).
point(15, -260094.0, -3128.0).
point(16, 111731.0, 22774.0).
point(17, -130541.0, -241324.0).
point(18, -193987.0, 35224.0).
point(19, 217651.0, 318364.0).
point(20, -495539.0, -4729.0).
point(21, 96029.0, -128791.0).
point(22, -548584.0, -201088.0).
point(23, 142499.0, 51053.0).
point(24, 397131.0, 686752.0).
cost(1, 2, 253441).
cost(1, 3, 510962).
cost(1, 4, 380862).
cost(1, 5, 187611).
cost(1, 6, 111979).
cost(1, 7, 420003).
cost(1, 8, 546368).
cost(1, 9, 96265).
cost(1, 10, 368646).
cost(1, 11, 496518).
cost(1, 12, 255936).
cost(1, 13, 322459).
cost(1, 14, 327981).
cost(1, 15, 266686).
cost(1, 16, 246467).
cost(1, 17, 112461).
cost(1, 18, 247660).
cost(1, 19, 551474).
cost(1, 20, 475274).
cost(1, 21, 148538).
cost(1, 22, 501833).
cost(1, 23, 287990).
cost(1, 24, 960971).
cost(2, 1, 253441).
cost(2, 3, 366608).
cost(2, 4, 134095).
cost(2, 5, 122030).
cost(2, 6, 238176).
cost(2, 7, 547574).
cost(2, 8, 621782).
cost(2, 9, 230053).
cost(2, 10, 364071).
cost(2, 11, 258977).
cost(2, 12, 3037).
cost(2, 13, 558251).
cost(2, 14, 101540).
cost(2, 15, 96971).
cost(2, 16, 293131).
cost(2, 17, 296988).
cost(2, 18, 21483).
cost(2, 19, 478876).
cost(2, 20, 320526).
cost(2, 21, 329692).
cost(2, 22, 446849).
cost(2, 23, 322486).
cost(2, 24, 858246).
cost(3, 1, 510962).
cost(3, 2, 366608).
cost(3, 4, 396382).
cost(3, 5, 479559).
cost(3, 6, 414109).
cost(3, 7, 496853).
cost(3, 8, 468144).
cost(3, 9, 423666).
cost(3, 10, 243313).
cost(3, 11, 480760).
cost(3, 12, 367423).
cost(3, 13, 827645).
cost(3, 14, 273639).
cost(3, 15, 460331).
cost(3, 16, 319559).
cost(3, 17, 605533).
cost(3, 18, 388082).
cost(3, 19, 167930).
cost(3, 20, 644033).
cost(3, 21, 467444).
cost(3, 22, 805038).
cost(3, 23, 299798).
cost(3, 24, 492674).
cost(4, 1, 380862).
cost(4, 2, 134095).
cost(4, 3, 396382).
cost(4, 5, 213497).
cost(4, 6, 372092).
cost(4, 7, 671453).
cost(4, 8, 731256).
cost(4, 9, 364148).
cost(4, 10, 464146).
cost(4, 11, 126512).
cost(4, 12, 131132).
cost(4, 13, 668455).
cost(4, 14, 141747).
cost(4, 15, 136815).
cost(4, 16, 414210).
cost(4, 17, 404105).
cost(4, 18, 134154).
cost(4, 19, 539465).
cost(4, 20, 247735).
cost(4, 21, 463649).
cost(4, 22, 421855).
cost(4, 23, 437967).
cost(4, 24, 882449).
cost(5, 1, 187611).
cost(5, 2, 122030).
cost(5, 3, 479559).
cost(5, 4, 213497).
cost(5, 6, 229235).
cost(5, 7, 565582).
cost(5, 8, 665548).
cost(5, 9, 214300).
cost(5, 10, 430905).
cost(5, 11, 316296).
cost(5, 12, 122609).
cost(5, 13, 454969).
cost(5, 14, 223331).
cost(5, 15, 82427).
cost(5, 16, 332375).
cost(5, 17, 190674).
cost(5, 18, 103407).
cost(5, 19, 574488).
cost(5, 20, 294017).
cost(5, 21, 310436).
cost(5, 22, 365738).
cost(5, 23, 370132).
cost(5, 24, 966906).
cost(6, 1, 111979).
cost(6, 2, 238176).
cost(6, 3, 414109).
cost(6, 4, 372092).
cost(6, 5, 229235).
cost(6, 7, 337117).
cost(6, 8, 448025).
cost(6, 9, 17506).
cost(6, 10, 256674).
cost(6, 11, 497033).
cost(6, 12, 241177).
cost(6, 13, 413879).
cost(6, 14, 280352).
cost(6, 15, 290346).
cost(6, 16, 134677).
cost(6, 17, 223713).
cost(6, 18, 242150).
cost(6, 19, 441279).
cost(6, 20, 521322).
cost(6, 21, 91566).
cost(6, 22, 582846).
cost(6, 23, 176348).
cost(6, 24, 851054).
cost(7, 1, 420003).
cost(7, 2, 547574).
cost(7, 3, 496853).
cost(7, 4, 671453).
cost(7, 5, 565582).
cost(7, 6, 337117).
cost(7, 8, 157205).
cost(7, 9, 353158).
cost(7, 10, 257168).
cost(7, 11, 797082).
cost(7, 12, 550540).
cost(7, 13, 582274).
cost(7, 14, 543658).
cost(7, 15, 619443).
cost(7, 16, 257380).
cost(7, 17, 522270).
cost(7, 18, 558464).
cost(7, 19, 398213).
cost(7, 20, 854203).
cost(7, 21, 271513).
cost(7, 22, 917561).
cost(7, 23, 239292).
cost(7, 24, 742420).
cost(8, 1, 546368).
cost(8, 2, 621782).
cost(8, 3, 468144).
cost(8, 4, 731256).
cost(8, 5, 665548).
cost(8, 6, 448025).
cost(8, 7, 157205).
cost(8, 9, 465379).
cost(8, 10, 269829).
cost(8, 11, 851691).
cost(8, 12, 624511).
cost(8, 13, 737691).
cost(8, 14, 592714).
cost(8, 15, 706022).
cost(8, 16, 334131).
cost(8, 17, 655024).
cost(8, 18, 636664).
cost(8, 19, 328059).
cost(8, 20, 940429).
cost(8, 21, 402535).
cost(8, 22, 1028473).
cost(8, 23, 299958).
cost(8, 24, 610067).
cost(9, 1, 96265).
cost(9, 2, 230053).
cost(9, 3, 423666).
cost(9, 4, 364148).
cost(9, 5, 214300).
cost(9, 6, 17506).
cost(9, 7, 353158).
cost(9, 8, 465379).
cost(9, 10, 272657).
cost(9, 11, 488289).
cost(9, 12, 233018).
cost(9, 13, 403996).
cost(9, 14, 278171).
cost(9, 15, 277711).
cost(9, 16, 151283).
cost(9, 17, 207292).
cost(9, 18, 232666).
cost(9, 19, 455633).
cost(9, 20, 507238).
cost(9, 21, 100802).
cost(9, 22, 566005).
cost(9, 23, 193036).
cost(9, 24, 865310).
cost(10, 1, 368646).
cost(10, 2, 364071).
cost(10, 3, 243313).
cost(10, 4, 464146).
cost(10, 5, 430905).
cost(10, 6, 256674).
cost(10, 7, 257168).
cost(10, 8, 269829).
cost(10, 9, 272657).
cost(10, 11, 582668).
cost(10, 12, 366540).
cost(10, 13, 649324).
cost(10, 14, 324010).
cost(10, 15, 455333).
cost(10, 16, 123186).
cost(10, 17, 479861).
cost(10, 18, 381398).
cost(10, 19, 194993).
cost(10, 20, 684493).
cost(10, 21, 268831).
cost(10, 22, 795751).
cost(10, 23, 83803).
cost(10, 24, 601040).
cost(11, 1, 496518).
cost(11, 2, 258977).
cost(11, 3, 480760).
cost(11, 4, 126512).
cost(11, 5, 316296).
cost(11, 6, 497033).
cost(11, 7, 797082).
cost(11, 8, 851691).
cost(11, 9, 488289).
cost(11, 10, 582668).
cost(11, 12, 255959).
cost(11, 13, 764350).
cost(11, 14, 258990).
cost(11, 15, 233877).
cost(11, 16, 539708).
cost(11, 17, 503296).
cost(11, 18, 255876).
cost(11, 19, 636882).
cost(11, 20, 206987).
cost(11, 21, 588450).
cost(11, 22, 408477).
cost(11, 23, 561988).
cost(11, 24, 947606).
cost(12, 1, 255936).
cost(12, 2, 3037).
cost(12, 3, 367423).
cost(12, 4, 131132).
cost(12, 5, 122609).
cost(12, 6, 241177).
cost(12, 7, 550540).
cost(12, 8, 624511).
cost(12, 9, 233018).
cost(12, 10, 366540).
cost(12, 11, 255959).
cost(12, 13, 560166).
cost(12, 14, 101323).
cost(12, 15, 95395).
cost(12, 16, 296020).
cost(12, 17, 298664).
cost(12, 18, 20799).
cost(12, 19, 480514).
cost(12, 20, 318006).
cost(12, 21, 332688).
cost(12, 22, 445251).
cost(12, 23, 325272).
cost(12, 24, 859219).
cost(13, 1, 322459).
cost(13, 2, 558251).
cost(13, 3, 827645).
cost(13, 4, 668455).
cost(13, 5, 454969).
cost(13, 6, 413879).
cost(13, 7, 582274).
cost(13, 8, 737691).
cost(13, 9, 403996).
cost(13, 10, 649324).
cost(13, 11, 764350).
cost(13, 12, 560166).
cost(13, 14, 644937).
cost(13, 15, 534582).
cost(13, 16, 529837).
cost(13, 17, 264388).
cost(13, 18, 546515).
cost(13, 19, 843377).
cost(13, 20, 668360).
cost(13, 21, 380640).
cost(13, 22, 589732).
cost(13, 23, 565859).
cost(13, 24, 1249983).
cost(14, 1, 327981).
cost(14, 2, 101540).
cost(14, 3, 273639).
cost(14, 4, 141747).
cost(14, 5, 223331).
cost(14, 6, 280352).
cost(14, 7, 543658).
cost(14, 8, 592714).
cost(14, 9, 278171).
cost(14, 10, 324010).
cost(14, 11, 258990).
cost(14, 12, 101323).
cost(14, 13, 644937).
cost(14, 15, 188264).
cost(14, 16, 287684).
cost(14, 17, 389383).
cost(14, 18, 121730).
cost(14, 19, 402992).
cost(14, 20, 380029).
cost(14, 21, 368387).
cost(14, 22, 531586).
cost(14, 23, 305598).
cost(14, 24, 766235).
cost(15, 1, 266686).
cost(15, 2, 96971).
cost(15, 3, 460331).
cost(15, 4, 136815).
cost(15, 5, 82427).
cost(15, 6, 290346).
cost(15, 7, 619443).
cost(15, 8, 706022).
cost(15, 9, 277711).
cost(15, 10, 455333).
cost(15, 11, 233877).
cost(15, 12, 95395).
cost(15, 13, 534582).
cost(15, 14, 188264).
cost(15, 16, 372726).
cost(15, 17, 271148).
cost(15, 18, 76427).
cost(15, 19, 575845).
cost(15, 20, 235450).
cost(15, 21, 377644).
cost(15, 22, 349878).
cost(15, 23, 406222).
cost(15, 24, 952827).
cost(16, 1, 246467).
cost(16, 2, 293131).
cost(16, 3, 319559).
cost(16, 4, 414210).
cost(16, 5, 332375).
cost(16, 6, 134677).
cost(16, 7, 257380).
cost(16, 8, 334131).
cost(16, 9, 151283).
cost(16, 10, 123186).
cost(16, 11, 539708).
cost(16, 12, 296020).
cost(16, 13, 529837).
cost(16, 14, 287684).
cost(16, 15, 372726).
cost(16, 17, 358390).
cost(16, 18, 305971).
cost(16, 19, 313994).
cost(16, 20, 607892).
cost(16, 21, 152376).
cost(16, 22, 697230).
cost(16, 23, 41790).
cost(16, 24, 722717).
cost(17, 1, 112461).
cost(17, 2, 296988).
cost(17, 3, 605533).
cost(17, 4, 404105).
cost(17, 5, 190674).
cost(17, 6, 223713).
cost(17, 7, 522270).
cost(17, 8, 655024).
cost(17, 9, 207292).
cost(17, 10, 479861).
cost(17, 11, 503296).
cost(17, 12, 298664).
cost(17, 13, 264388).
cost(17, 14, 389383).
cost(17, 15, 271148).
cost(17, 16, 358390).
cost(17, 18, 283733).
cost(17, 19, 659157).
cost(17, 20, 434972).
cost(17, 21, 252978).
cost(17, 22, 419975).
cost(17, 23, 400044).
cost(17, 24, 1067597).
cost(18, 1, 247660).
cost(18, 2, 21483).
cost(18, 3, 388082).
cost(18, 4, 134154).
cost(18, 5, 103407).
cost(18, 6, 242150).
cost(18, 7, 558464).
cost(18, 8, 636664).
cost(18, 9, 232666).
cost(18, 10, 381398).
cost(18, 11, 255876).
cost(18, 12, 20799).
cost(18, 13, 546515).
cost(18, 14, 121730).
cost(18, 15, 76427).
cost(18, 16, 305971).
cost(18, 17, 283733).
cost(18, 19, 499614).
cost(18, 20, 304187).
cost(18, 21, 333182).
cost(18, 22, 426125).
cost(18, 23, 336858).
cost(18, 24, 879721).
cost(19, 1, 551474).
cost(19, 2, 478876).
cost(19, 3, 167930).
cost(19, 4, 539465).
cost(19, 5, 574488).
cost(19, 6, 441279).
cost(19, 7, 398213).
cost(19, 8, 328059).
cost(19, 9, 455633).
cost(19, 10, 194993).
cost(19, 11, 636882).
cost(19, 12, 480514).
cost(19, 13, 843377).
cost(19, 14, 402992).
cost(19, 15, 575845).
cost(19, 16, 313994).
cost(19, 17, 659157).
cost(19, 18, 499614).
cost(19, 20, 782962).
cost(19, 21, 463400).
cost(19, 22, 925714).
cost(19, 23, 277674).
cost(19, 24, 409784).
cost(20, 1, 475274).
cost(20, 2, 320526).
cost(20, 3, 644033).
cost(20, 4, 247735).
cost(20, 5, 294017).
cost(20, 6, 521322).
cost(20, 7, 854203).
cost(20, 8, 940429).
cost(20, 9, 507238).
cost(20, 10, 684493).
cost(20, 11, 206987).
cost(20, 12, 318006).
cost(20, 13, 668360).
cost(20, 14, 380029).
cost(20, 15, 235450).
cost(20, 16, 607892).
cost(20, 17, 434972).
cost(20, 18, 304187).
cost(20, 19, 782962).
cost(20, 21, 604437).
cost(20, 22, 203398).
cost(20, 23, 640472).
cost(20, 24, 1129162).
cost(21, 1, 148538).
cost(21, 2, 329692).
cost(21, 3, 467444).
cost(21, 4, 463649).
cost(21, 5, 310436).
cost(21, 6, 91566).
cost(21, 7, 271513).
cost(21, 8, 402535).
cost(21, 9, 100802).
cost(21, 10, 268831).
cost(21, 11, 588450).
cost(21, 12, 332688).
cost(21, 13, 380640).
cost(21, 14, 368387).
cost(21, 15, 377644).
cost(21, 16, 152376).
cost(21, 17, 252978).
cost(21, 18, 333182).
cost(21, 19, 463400).
cost(21, 20, 604437).
cost(21, 22, 648655).
cost(21, 23, 185751).
cost(21, 24, 869352).
cost(22, 1, 501833).
cost(22, 2, 446849).
cost(22, 3, 805038).
cost(22, 4, 421855).
cost(22, 5, 365738).
cost(22, 6, 582846).
cost(22, 7, 917561).
cost(22, 8, 1028473).
cost(22, 9, 566005).
cost(22, 10, 795751).
cost(22, 11, 408477).
cost(22, 12, 445251).
cost(22, 13, 589732).
cost(22, 14, 531586).
cost(22, 15, 349878).
cost(22, 16, 697230).
cost(22, 17, 419975).
cost(22, 18, 426125).
cost(22, 19, 925714).
cost(22, 20, 203398).
cost(22, 21, 648655).
cost(22, 23, 735643).
cost(22, 24, 1297165).
cost(23, 1, 287990).
cost(23, 2, 322486).
cost(23, 3, 299798).
cost(23, 4, 437967).
cost(23, 5, 370132).
cost(23, 6, 176348).
cost(23, 7, 239292).
cost(23, 8, 299958).
cost(23, 9, 193036).
cost(23, 10, 83803).
cost(23, 11, 561988).
cost(23, 12, 325272).
cost(23, 13, 565859).
cost(23, 14, 305598).
cost(23, 15, 406222).
cost(23, 16, 41790).
cost(23, 17, 400044).
cost(23, 18, 336858).
cost(23, 19, 277674).
cost(23, 20, 640472).
cost(23, 21, 185751).
cost(23, 22, 735643).
cost(23, 24, 684800).
cost(24, 1, 960971).
cost(24, 2, 858246).
cost(24, 3, 492674).
cost(24, 4, 882449).
cost(24, 5, 966906).
cost(24, 6, 851054).
cost(24, 7, 742420).
cost(24, 8, 610067).
cost(24, 9, 865310).
cost(24, 10, 601040).
cost(24, 11, 947606).
cost(24, 12, 859219).
cost(24, 13, 1249983).
cost(24, 14, 766235).
cost(24, 15, 952827).
cost(24, 16, 722717).
cost(24, 17, 1067597).
cost(24, 18, 879721).
cost(24, 19, 409784).
cost(24, 20, 1129162).
cost(24, 21, 869352).
cost(24, 22, 1297165).
cost(24, 23, 684800).
nocross(1,2).
nocross(1,5).
nocross(1,6).
nocross(1,9).
nocross(1,17).
nocross(1,21).
nocross(2,1).
nocross(2,6).
nocross(2,9).
nocross(2,10).
nocross(2,15).
nocross(2,16).
nocross(3,6).
nocross(3,8).
nocross(3,9).
nocross(3,10).
nocross(3,16).
nocross(3,19).
nocross(4,2).
nocross(4,5).
nocross(4,10).
nocross(4,14).
nocross(4,15).
nocross(4,16).
nocross(5,1).
nocross(5,2).
nocross(5,9).
nocross(5,16).
nocross(5,22).
nocross(6,2).
nocross(6,5).
nocross(6,9).
nocross(6,13).
nocross(6,16).
nocross(6,21).
nocross(6,23).
nocross(7,6).
nocross(7,8).
nocross(7,9).
nocross(7,13).
nocross(7,16).
nocross(7,19).
nocross(7,21).
nocross(7,23).
nocross(8,6).
nocross(8,7).
nocross(8,10).
nocross(8,16).
nocross(8,21).
nocross(8,23).
nocross(8,24).
nocross(9,2).
nocross(9,5).
nocross(9,6).
nocross(9,16).
nocross(9,21).
nocross(10,3).
nocross(10,8).
nocross(10,9).
nocross(10,19).
nocross(10,21).
nocross(10,24).
nocross(11,22).
nocross(12,2).
nocross(12,6).
nocross(12,10).
nocross(12,11).
nocross(12,16).
nocross(12,20).
nocross(13,1).
nocross(13,6).
nocross(13,17).
nocross(13,21).
nocross(14,6).
nocross(14,9).
nocross(14,10).
nocross(14,16).
nocross(14,23).
nocross(15,5).
nocross(15,13).
nocross(16,6).
nocross(16,9).
nocross(16,21).
nocross(16,23).
nocross(17,1).
nocross(17,2).
nocross(17,6).
nocross(17,9).
nocross(17,13).
nocross(17,21).
nocross(17,22).
nocross(18,5).
nocross(18,6).
nocross(18,16).
nocross(19,3).
nocross(19,8).
nocross(19,10).
nocross(19,16).
nocross(19,23).
nocross(20,5).
nocross(20,13).
nocross(20,17).
nocross(20,22).
nocross(21,1).
nocross(21,6).
nocross(21,7).
nocross(21,9).
nocross(21,13).
nocross(21,23).
nocross(22,13).
nocross(22,17).
nocross(23,3).
nocross(23,6).
nocross(23,10).
nocross(23,16).
nocross(23,21).
nocross(24,3).
nocross(24,8).
nocross(24,19).
