dimension(24).
point(1, -137948.0, 100789.0).
point(2, -137806.0, 194974.0).
point(3, 31414.0, 186613.0).
point(4, 10296.0, 137233.0).
point(5, 59623.0, -70269.0).
point(6, -229093.0, 307547.0).
point(7, 136405.0, -49120.0).
point(8, -134051.0, 138820.0).
point(9, -53117.0, 45824.0).
point(10, 142393.0, 258342.0).
point(11, 144725.0, -430778.0).
point(12, 85093.0, -63635.0).
point(13, 181135.0, -506696.0).
point(14, 248544.0, -140928.0).
point(15, 547822.0, 274483.0).
point(16, 324623.0, -110810.0).
point(17, 305573.0, 19288.0).
point(18, -318296.0, -72728.0).
point(19, 80407.0, -2213.0).
point(20, -239654.0, 82617.0).
point(21, -76630.0, -65936.0).
point(22, 308748.0, 220679.0).
point(23, -91449.0, -339110.0).
point(24, 174496.0, -55610.0).
cost(1, 2, 94185).
cost(1, 3, 189866).
cost(1, 4, 152658).
cost(1, 5, 261333).
cost(1, 6, 225956).
cost(1, 7, 312638).
cost(1, 8, 38230).
cost(1, 9, 101081).
cost(1, 10, 321581).
cost(1, 11, 602053).
cost(1, 12, 277097).
cost(1, 13, 686187).
cost(1, 14, 455854).
cost(1, 15, 707425).
cost(1, 16, 508671).
cost(1, 17, 450947).
cost(1, 18, 250267).
cost(1, 19, 241430).
cost(1, 20, 103317).
cost(1, 21, 177643).
cost(1, 22, 462505).
cost(1, 23, 442350).
cost(1, 24, 349402).
cost(2, 1, 94185).
cost(2, 3, 169426).
cost(2, 4, 158960).
cost(2, 5, 330654).
cost(2, 6, 144934).
cost(2, 7, 367115).
cost(2, 8, 56279).
cost(2, 9, 171517).
cost(2, 10, 287275).
cost(2, 11, 686578).
cost(2, 12, 341413).
cost(2, 13, 770756).
cost(2, 14, 511954).
cost(2, 15, 690223).
cost(2, 16, 554387).
cost(2, 17, 476918).
cost(2, 18, 322864).
cost(2, 19, 294108).
cost(2, 20, 151648).
cost(2, 21, 267986).
cost(2, 22, 447293).
cost(2, 23, 536092).
cost(2, 24, 400406).
cost(3, 1, 189866).
cost(3, 2, 169426).
cost(3, 4, 53706).
cost(3, 5, 258426).
cost(3, 6, 287209).
cost(3, 7, 258057).
cost(3, 8, 172229).
cost(3, 9, 164216).
cost(3, 10, 132142).
cost(3, 11, 627703).
cost(3, 12, 255940).
cost(3, 13, 709291).
cost(3, 14, 392974).
cost(3, 15, 523830).
cost(3, 16, 417651).
cost(3, 17, 321187).
cost(3, 18, 435379).
cost(3, 19, 195078).
cost(3, 20, 290333).
cost(3, 21, 274690).
cost(3, 22, 279418).
cost(3, 23, 539889).
cost(3, 24, 281326).
cost(4, 1, 152658).
cost(4, 2, 158960).
cost(4, 3, 53706).
cost(4, 5, 213284).
cost(4, 6, 293792).
cost(4, 7, 225013).
cost(4, 8, 144356).
cost(4, 9, 111251).
cost(4, 10, 179212).
cost(4, 11, 583702).
cost(4, 12, 214342).
cost(4, 13, 666206).
cost(4, 14, 366245).
cost(4, 15, 554772).
cost(4, 16, 400408).
cost(4, 17, 317962).
cost(4, 18, 389944).
cost(4, 19, 156079).
cost(4, 20, 255847).
cost(4, 21, 220984).
cost(4, 22, 309898).
cost(4, 23, 487088).
cost(4, 24, 253279).
cost(5, 1, 261333).
cost(5, 2, 330654).
cost(5, 3, 258426).
cost(5, 4, 213284).
cost(5, 6, 475502).
cost(5, 7, 79641).
cost(5, 8, 285005).
cost(5, 9, 161827).
cost(5, 10, 338875).
cost(5, 11, 370417).
cost(5, 12, 26320).
cost(5, 13, 453027).
cost(5, 14, 201702).
cost(5, 15, 597656).
cost(5, 16, 268083).
cost(5, 17, 261748).
cost(5, 18, 377927).
cost(5, 19, 71159).
cost(5, 20, 336067).
cost(5, 21, 136322).
cost(5, 22, 383033).
cost(5, 23, 308380).
cost(5, 24, 115805).
cost(6, 1, 225956).
cost(6, 2, 144934).
cost(6, 3, 287209).
cost(6, 4, 293792).
cost(6, 5, 475502).
cost(6, 7, 510686).
cost(6, 8, 193654).
cost(6, 9, 315383).
cost(6, 10, 374731).
cost(6, 11, 827565).
cost(6, 12, 486301).
cost(6, 13, 911745).
cost(6, 14, 655185).
cost(6, 15, 777618).
cost(6, 16, 693991).
cost(6, 17, 607422).
cost(6, 18, 390597).
cost(6, 19, 437883).
cost(6, 20, 225178).
cost(6, 21, 403404).
cost(6, 22, 544811).
cost(6, 23, 661144).
cost(6, 24, 542925).
cost(7, 1, 312638).
cost(7, 2, 367115).
cost(7, 3, 258057).
cost(7, 4, 225013).
cost(7, 5, 79641).
cost(7, 6, 510686).
cost(7, 8, 329345).
cost(7, 9, 211974).
cost(7, 10, 307520).
cost(7, 11, 381749).
cost(7, 12, 53325).
cost(7, 13, 459757).
cost(7, 14, 144927).
cost(7, 15, 523434).
cost(7, 16, 198070).
cost(7, 17, 182476).
cost(7, 18, 455313).
cost(7, 19, 73048).
cost(7, 20, 398466).
cost(7, 21, 213698).
cost(7, 22, 320146).
cost(7, 23, 368798).
cost(7, 24, 38640).
cost(8, 1, 38230).
cost(8, 2, 56279).
cost(8, 3, 172229).
cost(8, 4, 144356).
cost(8, 5, 285005).
cost(8, 6, 193654).
cost(8, 7, 329345).
cost(8, 9, 123282).
cost(8, 10, 301176).
cost(8, 11, 634159).
cost(8, 12, 298349).
cost(8, 13, 718354).
cost(8, 14, 473960).
cost(8, 15, 695238).
cost(8, 16, 522204).
cost(8, 17, 455584).
cost(8, 18, 280533).
cost(8, 19, 256676).
cost(8, 20, 119628).
cost(8, 21, 212655).
cost(8, 22, 450302).
cost(8, 23, 479825).
cost(8, 24, 364698).
cost(9, 1, 101081).
cost(9, 2, 171517).
cost(9, 3, 164216).
cost(9, 4, 111251).
cost(9, 5, 161827).
cost(9, 6, 315383).
cost(9, 7, 211974).
cost(9, 8, 123282).
cost(9, 10, 288770).
cost(9, 11, 516034).
cost(9, 12, 176305).
cost(9, 13, 600127).
cost(9, 14, 354790).
cost(9, 15, 642972).
cost(9, 16, 408928).
cost(9, 17, 359670).
cost(9, 18, 290473).
cost(9, 19, 141902).
cost(9, 20, 190131).
cost(9, 21, 114207).
cost(9, 22, 401896).
cost(9, 23, 386838).
cost(9, 24, 249192).
cost(10, 1, 321581).
cost(10, 2, 287275).
cost(10, 3, 132142).
cost(10, 4, 179212).
cost(10, 5, 338875).
cost(10, 6, 374731).
cost(10, 7, 307520).
cost(10, 8, 301176).
cost(10, 9, 288770).
cost(10, 11, 689124).
cost(10, 12, 327036).
cost(10, 13, 766018).
cost(10, 14, 413140).
cost(10, 15, 405750).
cost(10, 16, 411681).
cost(10, 17, 289438).
cost(10, 18, 567311).
cost(10, 19, 267827).
cost(10, 20, 420523).
cost(10, 21, 391315).
cost(10, 22, 170565).
cost(10, 23, 641585).
cost(10, 24, 315589).
cost(11, 1, 602053).
cost(11, 2, 686578).
cost(11, 3, 627703).
cost(11, 4, 583702).
cost(11, 5, 370417).
cost(11, 6, 827565).
cost(11, 7, 381749).
cost(11, 8, 634159).
cost(11, 9, 516034).
cost(11, 10, 689124).
cost(11, 12, 371954).
cost(11, 13, 84198).
cost(11, 14, 307882).
cost(11, 15, 812330).
cost(11, 16, 367073).
cost(11, 17, 477945).
cost(11, 18, 585310).
cost(11, 19, 433364).
cost(11, 20, 641344).
cost(11, 21, 426741).
cost(11, 22, 671788).
cost(11, 23, 253340).
cost(11, 24, 376347).
cost(12, 1, 277097).
cost(12, 2, 341413).
cost(12, 3, 255940).
cost(12, 4, 214342).
cost(12, 5, 26320).
cost(12, 6, 486301).
cost(12, 7, 53325).
cost(12, 8, 298349).
cost(12, 9, 176305).
cost(12, 10, 327036).
cost(12, 11, 371954).
cost(12, 13, 453351).
cost(12, 14, 180805).
cost(12, 15, 573099).
cost(12, 16, 244131).
cost(12, 17, 235558).
cost(12, 18, 403491).
cost(12, 19, 61600).
cost(12, 20, 356160).
cost(12, 21, 161739).
cost(12, 22, 361740).
cost(12, 23, 327190).
cost(12, 24, 89762).
cost(13, 1, 686187).
cost(13, 2, 770756).
cost(13, 3, 709291).
cost(13, 4, 666206).
cost(13, 5, 453027).
cost(13, 6, 911745).
cost(13, 7, 459757).
cost(13, 8, 718354).
cost(13, 9, 600127).
cost(13, 10, 766018).
cost(13, 11, 84198).
cost(13, 12, 453351).
cost(13, 14, 371928).
cost(13, 15, 862960).
cost(13, 16, 421087).
cost(13, 17, 540503).
cost(13, 18, 661634).
cost(13, 19, 514441).
cost(13, 20, 724122).
cost(13, 21, 510600).
cost(13, 22, 738485).
cost(13, 23, 319980).
cost(13, 24, 451135).
cost(14, 1, 455854).
cost(14, 2, 511954).
cost(14, 3, 392974).
cost(14, 4, 366245).
cost(14, 5, 201702).
cost(14, 6, 655185).
cost(14, 7, 144927).
cost(14, 8, 473960).
cost(14, 9, 354790).
cost(14, 10, 413140).
cost(14, 11, 307882).
cost(14, 12, 180805).
cost(14, 13, 371928).
cost(14, 15, 511990).
cost(14, 16, 81824).
cost(14, 17, 170063).
cost(14, 18, 570928).
cost(14, 19, 217972).
cost(14, 20, 536945).
cost(14, 21, 333709).
cost(14, 22, 366584).
cost(14, 23, 393537).
cost(14, 24, 112970).
cost(15, 1, 707425).
cost(15, 2, 690223).
cost(15, 3, 523830).
cost(15, 4, 554772).
cost(15, 5, 597656).
cost(15, 6, 777618).
cost(15, 7, 523434).
cost(15, 8, 695238).
cost(15, 9, 642972).
cost(15, 10, 405750).
cost(15, 11, 812330).
cost(15, 12, 573099).
cost(15, 13, 862960).
cost(15, 14, 511990).
cost(15, 16, 445273).
cost(15, 17, 351865).
cost(15, 18, 933122).
cost(15, 19, 543174).
cost(15, 20, 810513).
cost(15, 21, 711214).
cost(15, 22, 245054).
cost(15, 23, 886095).
cost(15, 24, 498331).
cost(16, 1, 508671).
cost(16, 2, 554387).
cost(16, 3, 417651).
cost(16, 4, 400408).
cost(16, 5, 268083).
cost(16, 6, 693991).
cost(16, 7, 198070).
cost(16, 8, 522204).
cost(16, 9, 408928).
cost(16, 10, 411681).
cost(16, 11, 367073).
cost(16, 12, 244131).
cost(16, 13, 421087).
cost(16, 14, 81824).
cost(16, 15, 445273).
cost(16, 17, 131485).
cost(16, 18, 644046).
cost(16, 19, 267273).
cost(16, 20, 596509).
cost(16, 21, 403754).
cost(16, 22, 331869).
cost(16, 23, 474591).
cost(16, 24, 159954).
cost(17, 1, 450947).
cost(17, 2, 476918).
cost(17, 3, 321187).
cost(17, 4, 317962).
cost(17, 5, 261748).
cost(17, 6, 607422).
cost(17, 7, 182476).
cost(17, 8, 455584).
cost(17, 9, 359670).
cost(17, 10, 289438).
cost(17, 11, 477945).
cost(17, 12, 235558).
cost(17, 13, 540503).
cost(17, 14, 170063).
cost(17, 15, 351865).
cost(17, 16, 131485).
cost(17, 18, 630618).
cost(17, 19, 226190).
cost(17, 20, 548893).
cost(17, 21, 391589).
cost(17, 22, 201416).
cost(17, 23, 534860).
cost(17, 24, 150967).
cost(18, 1, 250267).
cost(18, 2, 322864).
cost(18, 3, 435379).
cost(18, 4, 389944).
cost(18, 5, 377927).
cost(18, 6, 390597).
cost(18, 7, 455313).
cost(18, 8, 280533).
cost(18, 9, 290473).
cost(18, 10, 567311).
cost(18, 11, 585310).
cost(18, 12, 403491).
cost(18, 13, 661634).
cost(18, 14, 570928).
cost(18, 15, 933122).
cost(18, 16, 644046).
cost(18, 17, 630618).
cost(18, 19, 404891).
cost(18, 20, 174117).
cost(18, 21, 241761).
cost(18, 22, 692295).
cost(18, 23, 349884).
cost(18, 24, 493089).
cost(19, 1, 241430).
cost(19, 2, 294108).
cost(19, 3, 195078).
cost(19, 4, 156079).
cost(19, 5, 71159).
cost(19, 6, 437883).
cost(19, 7, 73048).
cost(19, 8, 256676).
cost(19, 9, 141902).
cost(19, 10, 267827).
cost(19, 11, 433364).
cost(19, 12, 61600).
cost(19, 13, 514441).
cost(19, 14, 217972).
cost(19, 15, 543174).
cost(19, 16, 267273).
cost(19, 17, 226190).
cost(19, 18, 404891).
cost(19, 20, 331112).
cost(19, 21, 169473).
cost(19, 22, 319093).
cost(19, 23, 378198).
cost(19, 24, 108185).
cost(20, 1, 103317).
cost(20, 2, 151648).
cost(20, 3, 290333).
cost(20, 4, 255847).
cost(20, 5, 336067).
cost(20, 6, 225178).
cost(20, 7, 398466).
cost(20, 8, 119628).
cost(20, 9, 190131).
cost(20, 10, 420523).
cost(20, 11, 641344).
cost(20, 12, 356160).
cost(20, 13, 724122).
cost(20, 14, 536945).
cost(20, 15, 810513).
cost(20, 16, 596509).
cost(20, 17, 548893).
cost(20, 18, 174117).
cost(20, 19, 331112).
cost(20, 21, 220556).
cost(20, 22, 565514).
cost(20, 23, 447010).
cost(20, 24, 436608).
cost(21, 1, 177643).
cost(21, 2, 267986).
cost(21, 3, 274690).
cost(21, 4, 220984).
cost(21, 5, 136322).
cost(21, 6, 403404).
cost(21, 7, 213698).
cost(21, 8, 212655).
cost(21, 9, 114207).
cost(21, 10, 391315).
cost(21, 11, 426741).
cost(21, 12, 161739).
cost(21, 13, 510600).
cost(21, 14, 333709).
cost(21, 15, 711214).
cost(21, 16, 403754).
cost(21, 17, 391589).
cost(21, 18, 241761).
cost(21, 19, 169473).
cost(21, 20, 220556).
cost(21, 22, 480275).
cost(21, 23, 273576).
cost(21, 24, 251338).
cost(22, 1, 462505).
cost(22, 2, 447293).
cost(22, 3, 279418).
cost(22, 4, 309898).
cost(22, 5, 383033).
cost(22, 6, 544811).
cost(22, 7, 320146).
cost(22, 8, 450302).
cost(22, 9, 401896).
cost(22, 10, 170565).
cost(22, 11, 671788).
cost(22, 12, 361740).
cost(22, 13, 738485).
cost(22, 14, 366584).
cost(22, 15, 245054).
cost(22, 16, 331869).
cost(22, 17, 201416).
cost(22, 18, 692295).
cost(22, 19, 319093).
cost(22, 20, 565514).
cost(22, 21, 480275).
cost(22, 23, 688129).
cost(22, 24, 307179).
cost(23, 1, 442350).
cost(23, 2, 536092).
cost(23, 3, 539889).
cost(23, 4, 487088).
cost(23, 5, 308380).
cost(23, 6, 661144).
cost(23, 7, 368798).
cost(23, 8, 479825).
cost(23, 9, 386838).
cost(23, 10, 641585).
cost(23, 11, 253340).
cost(23, 12, 327190).
cost(23, 13, 319980).
cost(23, 14, 393537).
cost(23, 15, 886095).
cost(23, 16, 474591).
cost(23, 17, 534860).
cost(23, 18, 349884).
cost(23, 19, 378198).
cost(23, 20, 447010).
cost(23, 21, 273576).
cost(23, 22, 688129).
cost(23, 24, 388715).
cost(24, 1, 349402).
cost(24, 2, 400406).
cost(24, 3, 281326).
cost(24, 4, 253279).
cost(24, 5, 115805).
cost(24, 6, 542925).
cost(24, 7, 38640).
cost(24, 8, 364698).
cost(24, 9, 249192).
cost(24, 10, 315589).
cost(24, 11, 376347).
cost(24, 12, 89762).
cost(24, 13, 451135).
cost(24, 14, 112970).
cost(24, 15, 498331).
cost(24, 16, 159954).
cost(24, 17, 150967).
cost(24, 18, 493089).
cost(24, 19, 108185).
cost(24, 20, 436608).
cost(24, 21, 251338).
cost(24, 22, 307179).
cost(24, 23, 388715).
nocross(1,2).
nocross(1,3).
nocross(1,4).
nocross(1,5).
nocross(1,6).
nocross(1,8).
nocross(1,9).
nocross(1,18).
nocross(1,20).
nocross(1,21).
nocross(2,1).
nocross(2,3).
nocross(2,4).
nocross(2,5).
nocross(2,6).
nocross(2,8).
nocross(2,20).
nocross(3,1).
nocross(3,4).
nocross(3,5).
nocross(4,1).
nocross(4,2).
nocross(4,3).
nocross(4,5).
nocross(4,8).
nocross(4,9).
nocross(4,10).
nocross(5,3).
nocross(5,4).
nocross(5,14).
nocross(5,21).
nocross(5,23).
nocross(6,1).
nocross(6,4).
nocross(6,20).
nocross(7,4).
nocross(7,5).
nocross(7,12).
nocross(7,14).
nocross(7,19).
nocross(8,1).
nocross(8,2).
nocross(8,3).
nocross(8,4).
nocross(8,5).
nocross(8,6).
nocross(8,9).
nocross(8,18).
nocross(9,1).
nocross(9,3).
nocross(9,4).
nocross(9,5).
nocross(9,19).
nocross(10,3).
nocross(10,4).
nocross(11,5).
nocross(11,13).
nocross(11,14).
nocross(11,23).
nocross(12,4).
nocross(12,5).
nocross(12,7).
nocross(12,14).
nocross(12,19).
nocross(13,11).
nocross(14,5).
nocross(14,7).
nocross(14,16).
nocross(14,23).
nocross(14,24).
nocross(15,22).
nocross(16,11).
nocross(16,13).
nocross(16,14).
nocross(16,15).
nocross(16,17).
nocross(17,3).
nocross(17,4).
nocross(17,5).
nocross(17,10).
nocross(17,16).
nocross(17,19).
nocross(18,1).
nocross(18,5).
nocross(18,6).
nocross(18,20).
nocross(18,21).
nocross(18,23).
nocross(19,4).
nocross(19,21).
nocross(19,24).
nocross(20,1).
nocross(20,4).
nocross(20,5).
nocross(20,6).
nocross(20,8).
nocross(20,9).
nocross(20,18).
nocross(20,21).
nocross(21,4).
nocross(21,5).
nocross(21,14).
nocross(21,18).
nocross(21,19).
nocross(21,20).
nocross(22,3).
nocross(22,4).
nocross(22,10).
nocross(22,15).
nocross(22,19).
nocross(23,1).
nocross(23,14).
nocross(23,18).
nocross(23,21).
nocross(24,4).
nocross(24,14).
nocross(24,16).
