dimension(24).
point(1, 18461.0, -156863.0).
point(2, -149819.0, -22373.0).
point(3, 70016.0, 356088.0).
point(4, -44511.0, -71645.0).
point(5, 11184.0, 328304.0).
point(6, -142613.0, 46719.0).
point(7, 132670.0, -165128.0).
point(8, 121235.0, -105288.0).
point(9, -108325.0, 421290.0).
point(10, 325458.0, 16516.0).
point(11, -153857.0, 335851.0).
point(12, -61402.0, -220082.0).
point(13, 332131.0, 166829.0).
point(14, -218168.0, -109965.0).
point(15, 130323.0, 118659.0).
point(16, 119449.0, 30369.0).
point(17, 199065.0, 104493.0).
point(18, 229873.0, 62381.0).
point(19, 16633.0, 134700.0).
point(20, 34879.0, -285977.0).
point(21, -217030.0, -30361.0).
point(22, -267615.0, -397389.0).
point(23, -7022.0, 91322.0).
point(24, 111271.0, -21807.0).
cost(1, 2, 215420).
cost(1, 3, 515535).
cost(1, 4, 105960).
cost(1, 5, 485222).
cost(1, 6, 259597).
cost(1, 7, 114508).
cost(1, 8, 114989).
cost(1, 9, 591892).
cost(1, 10, 352573).
cost(1, 11, 521978).
cost(1, 12, 101856).
cost(1, 13, 450739).
cost(1, 14, 241232).
cost(1, 15, 297364).
cost(1, 16, 212731).
cost(1, 17, 317687).
cost(1, 18, 304570).
cost(1, 19, 291569).
cost(1, 20, 130154).
cost(1, 21, 267318).
cost(1, 22, 373754).
cost(1, 23, 249490).
cost(1, 24, 163871).
cost(2, 1, 215420).
cost(2, 3, 437676).
cost(2, 4, 116265).
cost(2, 5, 385871).
cost(2, 6, 69467).
cost(2, 7, 316511).
cost(2, 8, 283452).
cost(2, 9, 445599).
cost(2, 10, 476865).
cost(2, 11, 358247).
cost(2, 12, 216579).
cost(2, 13, 517758).
cost(2, 14, 111103).
cost(2, 15, 313639).
cost(2, 16, 274385).
cost(2, 17, 371234).
cost(2, 18, 389036).
cost(2, 19, 228863).
cost(2, 20, 321870).
cost(2, 21, 67684).
cost(2, 22, 393081).
cost(2, 23, 182531).
cost(2, 24, 261091).
cost(3, 1, 515535).
cost(3, 2, 437676).
cost(3, 4, 442800).
cost(3, 5, 65063).
cost(3, 6, 375393).
cost(3, 7, 524968).
cost(3, 8, 464210).
cost(3, 9, 189886).
cost(3, 10, 424923).
cost(3, 11, 224786).
cost(3, 12, 590967).
cost(3, 13, 323301).
cost(3, 14, 547956).
cost(3, 15, 244968).
cost(3, 16, 329449).
cost(3, 17, 282761).
cost(3, 18, 334392).
cost(3, 19, 227733).
cost(3, 20, 643026).
cost(3, 21, 481392).
cost(3, 22, 825665).
cost(3, 23, 275746).
cost(3, 24, 380140).
cost(4, 1, 105960).
cost(4, 2, 116265).
cost(4, 3, 442800).
cost(4, 5, 403808).
cost(4, 6, 153734).
cost(4, 7, 200330).
cost(4, 8, 169126).
cost(4, 9, 497048).
cost(4, 10, 380328).
cost(4, 11, 421912).
cost(4, 12, 149395).
cost(4, 13, 445790).
cost(4, 14, 177835).
cost(4, 15, 258423).
cost(4, 16, 193106).
cost(4, 17, 300589).
cost(4, 18, 305368).
cost(4, 19, 215213).
cost(4, 20, 228563).
cost(4, 21, 177390).
cost(4, 22, 394822).
cost(4, 23, 167223).
cost(4, 24, 163560).
cost(5, 1, 485222).
cost(5, 2, 385871).
cost(5, 3, 65063).
cost(5, 4, 403808).
cost(5, 6, 320848).
cost(5, 7, 508167).
cost(5, 8, 447340).
cost(5, 9, 151423).
cost(5, 10, 442696).
cost(5, 11, 165213).
cost(5, 12, 553169).
cost(5, 13, 359279).
cost(5, 14, 494653).
cost(5, 15, 241133).
cost(5, 16, 316996).
cost(5, 17, 292217).
cost(5, 18, 344296).
cost(5, 19, 193681).
cost(5, 20, 614738).
cost(5, 21, 425114).
cost(5, 22, 777405).
cost(5, 23, 237680).
cost(5, 24, 364136).
cost(6, 1, 259597).
cost(6, 2, 69467).
cost(6, 3, 375393).
cost(6, 4, 153734).
cost(6, 5, 320848).
cost(6, 7, 347361).
cost(6, 8, 304503).
cost(6, 9, 376137).
cost(6, 10, 469044).
cost(6, 11, 289351).
cost(6, 12, 278887).
cost(6, 13, 489702).
cost(6, 14, 173950).
cost(6, 15, 282258).
cost(6, 16, 262572).
cost(6, 17, 346528).
cost(6, 18, 372815).
cost(6, 19, 181934).
cost(6, 20, 377081).
cost(6, 21, 107141).
cost(6, 22, 461365).
cost(6, 23, 142739).
cost(6, 24, 262969).
cost(7, 1, 114508).
cost(7, 2, 316511).
cost(7, 3, 524968).
cost(7, 4, 200330).
cost(7, 5, 508167).
cost(7, 6, 347361).
cost(7, 8, 60923).
cost(7, 9, 634007).
cost(7, 10, 264881).
cost(7, 11, 577129).
cost(7, 12, 201702).
cost(7, 13, 387273).
cost(7, 14, 355148).
cost(7, 15, 283797).
cost(7, 16, 195944).
cost(7, 17, 277676).
cost(7, 18, 247404).
cost(7, 19, 321499).
cost(7, 20, 155459).
cost(7, 21, 374770).
cost(7, 22, 462789).
cost(7, 23, 292028).
cost(7, 24, 144910).
cost(8, 1, 114989).
cost(8, 2, 283452).
cost(8, 3, 464210).
cost(8, 4, 169126).
cost(8, 5, 447340).
cost(8, 6, 304503).
cost(8, 7, 60923).
cost(8, 9, 574441).
cost(8, 10, 237788).
cost(8, 11, 519884).
cost(8, 12, 215717).
cost(8, 13, 344274).
cost(8, 14, 339435).
cost(8, 15, 224131).
cost(8, 16, 135669).
cost(8, 17, 223753).
cost(8, 18, 199788).
cost(8, 19, 261793).
cost(8, 20, 200265).
cost(8, 21, 346464).
cost(8, 22, 486341).
cost(8, 23, 234745).
cost(8, 24, 84074).
cost(9, 1, 591892).
cost(9, 2, 445599).
cost(9, 3, 189886).
cost(9, 4, 497048).
cost(9, 5, 151423).
cost(9, 6, 376137).
cost(9, 7, 634007).
cost(9, 8, 574441).
cost(9, 10, 593304).
cost(9, 11, 96814).
cost(9, 12, 643086).
cost(9, 13, 508677).
cost(9, 14, 542492).
cost(9, 15, 385407).
cost(9, 16, 452438).
cost(9, 17, 441417).
cost(9, 18, 493147).
cost(9, 19, 312647).
cost(9, 20, 721619).
cost(9, 21, 464549).
cost(9, 22, 834032).
cost(9, 23, 345168).
cost(9, 24, 494527).
cost(10, 1, 352573).
cost(10, 2, 476865).
cost(10, 3, 424923).
cost(10, 4, 380328).
cost(10, 5, 442696).
cost(10, 6, 469044).
cost(10, 7, 264881).
cost(10, 8, 237788).
cost(10, 9, 593304).
cost(10, 11, 575949).
cost(10, 12, 453475).
cost(10, 13, 150461).
cost(10, 14, 558146).
cost(10, 15, 220252).
cost(10, 16, 206474).
cost(10, 17, 153997).
cost(10, 18, 106019).
cost(10, 19, 330667).
cost(10, 20, 419450).
cost(10, 21, 544510).
cost(10, 22, 723224).
cost(10, 23, 340792).
cost(10, 24, 217588).
cost(11, 1, 521978).
cost(11, 2, 358247).
cost(11, 3, 224786).
cost(11, 4, 421912).
cost(11, 5, 165213).
cost(11, 6, 289351).
cost(11, 7, 577129).
cost(11, 8, 519884).
cost(11, 9, 96814).
cost(11, 10, 575949).
cost(11, 12, 563568).
cost(11, 13, 514541).
cost(11, 14, 450431).
cost(11, 15, 357674).
cost(11, 16, 409897).
cost(11, 17, 421996).
cost(11, 18, 471205).
cost(11, 19, 263683).
cost(11, 20, 649839).
cost(11, 21, 371621).
cost(11, 22, 742012).
cost(11, 23, 285228).
cost(11, 24, 445210).
cost(12, 1, 101856).
cost(12, 2, 216579).
cost(12, 3, 590967).
cost(12, 4, 149395).
cost(12, 5, 553169).
cost(12, 6, 278887).
cost(12, 7, 201702).
cost(12, 8, 215717).
cost(12, 9, 643086).
cost(12, 10, 453475).
cost(12, 11, 563568).
cost(12, 13, 551877).
cost(12, 14, 191576).
cost(12, 15, 389235).
cost(12, 16, 308922).
cost(12, 17, 416163).
cost(12, 18, 405742).
cost(12, 19, 363263).
cost(12, 20, 116671).
cost(12, 21, 245386).
cost(12, 22, 271959).
cost(12, 23, 316116).
cost(12, 24, 262924).
cost(13, 1, 450739).
cost(13, 2, 517758).
cost(13, 3, 323301).
cost(13, 4, 445790).
cost(13, 5, 359279).
cost(13, 6, 489702).
cost(13, 7, 387273).
cost(13, 8, 344274).
cost(13, 9, 508677).
cost(13, 10, 150461).
cost(13, 11, 514541).
cost(13, 12, 551877).
cost(13, 14, 615990).
cost(13, 15, 207477).
cost(13, 16, 252695).
cost(13, 17, 146943).
cost(13, 18, 146171).
cost(13, 19, 317130).
cost(13, 20, 541657).
cost(13, 21, 583491).
cost(13, 22, 823430).
cost(13, 23, 347457).
cost(13, 24, 290453).
cost(14, 1, 241232).
cost(14, 2, 111103).
cost(14, 3, 547956).
cost(14, 4, 177835).
cost(14, 5, 494653).
cost(14, 6, 173950).
cost(14, 7, 355148).
cost(14, 8, 339435).
cost(14, 9, 542492).
cost(14, 10, 558146).
cost(14, 11, 450431).
cost(14, 12, 191576).
cost(14, 13, 615990).
cost(14, 15, 416791).
cost(14, 16, 365621).
cost(14, 17, 469122).
cost(14, 18, 480046).
cost(14, 19, 339105).
cost(14, 20, 308242).
cost(14, 21, 79612).
cost(14, 22, 291646).
cost(14, 23, 291717).
cost(14, 24, 341031).
cost(15, 1, 297364).
cost(15, 2, 313639).
cost(15, 3, 244968).
cost(15, 4, 258423).
cost(15, 5, 241133).
cost(15, 6, 282258).
cost(15, 7, 283797).
cost(15, 8, 224131).
cost(15, 9, 385407).
cost(15, 10, 220252).
cost(15, 11, 357674).
cost(15, 12, 389235).
cost(15, 13, 207477).
cost(15, 14, 416791).
cost(15, 16, 88957).
cost(15, 17, 70186).
cost(15, 18, 114357).
cost(15, 19, 114816).
cost(15, 20, 415740).
cost(15, 21, 377970).
cost(15, 22, 651660).
cost(15, 23, 140039).
cost(15, 24, 141752).
cost(16, 1, 212731).
cost(16, 2, 274385).
cost(16, 3, 329449).
cost(16, 4, 193106).
cost(16, 5, 316996).
cost(16, 6, 262572).
cost(16, 7, 195944).
cost(16, 8, 135669).
cost(16, 9, 452438).
cost(16, 10, 206474).
cost(16, 11, 409897).
cost(16, 12, 308922).
cost(16, 13, 252695).
cost(16, 14, 365621).
cost(16, 15, 88957).
cost(16, 17, 108780).
cost(16, 18, 114971).
cost(16, 19, 146479).
cost(16, 20, 327455).
cost(16, 21, 341916).
cost(16, 22, 576884).
cost(16, 23, 140393).
cost(16, 24, 52813).
cost(17, 1, 317687).
cost(17, 2, 371234).
cost(17, 3, 282761).
cost(17, 4, 300589).
cost(17, 5, 292217).
cost(17, 6, 346528).
cost(17, 7, 277676).
cost(17, 8, 223753).
cost(17, 9, 441417).
cost(17, 10, 153997).
cost(17, 11, 421996).
cost(17, 12, 416163).
cost(17, 13, 146943).
cost(17, 14, 469122).
cost(17, 15, 70186).
cost(17, 16, 108780).
cost(17, 18, 52178).
cost(17, 19, 184916).
cost(17, 20, 423585).
cost(17, 21, 437402).
cost(17, 22, 685329).
cost(17, 23, 206507).
cost(17, 24, 153816).
cost(18, 1, 304570).
cost(18, 2, 389036).
cost(18, 3, 334392).
cost(18, 4, 305368).
cost(18, 5, 344296).
cost(18, 6, 372815).
cost(18, 7, 247404).
cost(18, 8, 199788).
cost(18, 9, 493147).
cost(18, 10, 106019).
cost(18, 11, 471205).
cost(18, 12, 405742).
cost(18, 13, 146171).
cost(18, 14, 480046).
cost(18, 15, 114357).
cost(18, 16, 114971).
cost(18, 17, 52178).
cost(18, 19, 225170).
cost(18, 20, 399219).
cost(18, 21, 456425).
cost(18, 22, 677409).
cost(18, 23, 238656).
cost(18, 24, 145444).
cost(19, 1, 291569).
cost(19, 2, 228863).
cost(19, 3, 227733).
cost(19, 4, 215213).
cost(19, 5, 193681).
cost(19, 6, 181934).
cost(19, 7, 321499).
cost(19, 8, 261793).
cost(19, 9, 312647).
cost(19, 10, 330667).
cost(19, 11, 263683).
cost(19, 12, 363263).
cost(19, 13, 317130).
cost(19, 14, 339105).
cost(19, 15, 114816).
cost(19, 16, 146479).
cost(19, 17, 184916).
cost(19, 18, 225170).
cost(19, 20, 421073).
cost(19, 21, 286083).
cost(19, 22, 603254).
cost(19, 23, 49409).
cost(19, 24, 182896).
cost(20, 1, 130154).
cost(20, 2, 321870).
cost(20, 3, 643026).
cost(20, 4, 228563).
cost(20, 5, 614738).
cost(20, 6, 377081).
cost(20, 7, 155459).
cost(20, 8, 200265).
cost(20, 9, 721619).
cost(20, 10, 419450).
cost(20, 11, 649839).
cost(20, 12, 116671).
cost(20, 13, 541657).
cost(20, 14, 308242).
cost(20, 15, 415740).
cost(20, 16, 327455).
cost(20, 17, 423585).
cost(20, 18, 399219).
cost(20, 19, 421073).
cost(20, 21, 358884).
cost(20, 22, 322359).
cost(20, 23, 379619).
cost(20, 24, 274994).
cost(21, 1, 267318).
cost(21, 2, 67684).
cost(21, 3, 481392).
cost(21, 4, 177390).
cost(21, 5, 425114).
cost(21, 6, 107141).
cost(21, 7, 374770).
cost(21, 8, 346464).
cost(21, 9, 464549).
cost(21, 10, 544510).
cost(21, 11, 371621).
cost(21, 12, 245386).
cost(21, 13, 583491).
cost(21, 14, 79612).
cost(21, 15, 377970).
cost(21, 16, 341916).
cost(21, 17, 437402).
cost(21, 18, 456425).
cost(21, 19, 286083).
cost(21, 20, 358884).
cost(21, 22, 370497).
cost(21, 23, 242714).
cost(21, 24, 328412).
cost(22, 1, 373754).
cost(22, 2, 393081).
cost(22, 3, 825665).
cost(22, 4, 394822).
cost(22, 5, 777405).
cost(22, 6, 461365).
cost(22, 7, 462789).
cost(22, 8, 486341).
cost(22, 9, 834032).
cost(22, 10, 723224).
cost(22, 11, 742012).
cost(22, 12, 271959).
cost(22, 13, 823430).
cost(22, 14, 291646).
cost(22, 15, 651660).
cost(22, 16, 576884).
cost(22, 17, 685329).
cost(22, 18, 677409).
cost(22, 19, 603254).
cost(22, 20, 322359).
cost(22, 21, 370497).
cost(22, 23, 553848).
cost(22, 24, 533495).
cost(23, 1, 249490).
cost(23, 2, 182531).
cost(23, 3, 275746).
cost(23, 4, 167223).
cost(23, 5, 237680).
cost(23, 6, 142739).
cost(23, 7, 292028).
cost(23, 8, 234745).
cost(23, 9, 345168).
cost(23, 10, 340792).
cost(23, 11, 285228).
cost(23, 12, 316116).
cost(23, 13, 347457).
cost(23, 14, 291717).
cost(23, 15, 140039).
cost(23, 16, 140393).
cost(23, 17, 206507).
cost(23, 18, 238656).
cost(23, 19, 49409).
cost(23, 20, 379619).
cost(23, 21, 242714).
cost(23, 22, 553848).
cost(23, 24, 163681).
cost(24, 1, 163871).
cost(24, 2, 261091).
cost(24, 3, 380140).
cost(24, 4, 163560).
cost(24, 5, 364136).
cost(24, 6, 262969).
cost(24, 7, 144910).
cost(24, 8, 84074).
cost(24, 9, 494527).
cost(24, 10, 217588).
cost(24, 11, 445210).
cost(24, 12, 262924).
cost(24, 13, 290453).
cost(24, 14, 341031).
cost(24, 15, 141752).
cost(24, 16, 52813).
cost(24, 17, 153816).
cost(24, 18, 145444).
cost(24, 19, 182896).
cost(24, 20, 274994).
cost(24, 21, 328412).
cost(24, 22, 533495).
cost(24, 23, 163681).
nocross(1,8).
nocross(1,12).
nocross(1,14).
nocross(1,24).
nocross(2,1).
nocross(2,6).
nocross(2,21).
nocross(3,5).
nocross(3,9).
nocross(3,16).
nocross(3,19).
nocross(4,8).
nocross(4,14).
nocross(4,16).
nocross(4,19).
nocross(4,24).
nocross(5,3).
nocross(5,6).
nocross(5,9).
nocross(5,15).
nocross(5,16).
nocross(5,19).
nocross(6,2).
nocross(6,5).
nocross(6,11).
nocross(6,16).
nocross(6,21).
nocross(7,8).
nocross(7,10).
nocross(7,17).
nocross(8,7).
nocross(8,10).
nocross(8,17).
nocross(9,5).
nocross(9,6).
nocross(9,11).
nocross(9,19).
nocross(10,7).
nocross(10,8).
nocross(10,16).
nocross(10,17).
nocross(10,18).
nocross(10,24).
nocross(11,3).
nocross(11,5).
nocross(11,6).
nocross(11,19).
nocross(12,2).
nocross(12,7).
nocross(12,14).
nocross(13,3).
nocross(13,5).
nocross(13,10).
nocross(13,15).
nocross(13,17).
nocross(13,18).
nocross(13,19).
nocross(14,2).
nocross(14,4).
nocross(14,12).
nocross(14,21).
nocross(15,3).
nocross(15,5).
nocross(15,6).
nocross(15,16).
nocross(15,17).
nocross(15,19).
nocross(16,5).
nocross(16,6).
nocross(16,15).
nocross(16,17).
nocross(16,18).
nocross(16,19).
nocross(17,5).
nocross(17,8).
nocross(17,10).
nocross(17,13).
nocross(17,15).
nocross(17,16).
nocross(17,18).
nocross(17,19).
nocross(17,24).
nocross(18,8).
nocross(18,15).
nocross(18,16).
nocross(18,17).
nocross(18,19).
nocross(18,24).
nocross(19,3).
nocross(19,5).
nocross(19,6).
nocross(19,8).
nocross(19,11).
nocross(19,15).
nocross(19,16).
nocross(19,17).
nocross(19,23).
nocross(20,7).
nocross(20,8).
nocross(20,12).
nocross(21,6).
nocross(21,12).
nocross(21,14).
nocross(22,12).
nocross(22,14).
nocross(23,5).
nocross(23,6).
nocross(23,8).
nocross(23,9).
nocross(23,15).
nocross(23,16).
nocross(23,17).
nocross(23,19).
nocross(24,7).
nocross(24,8).
nocross(24,16).
nocross(24,17).
nocross(24,18).
nocross(24,19).
