dimension(24).
point(1, -7555.0, 394057.0).
point(2, 17616.0, -70120.0).
point(3, -48731.0, 234439.0).
point(4, 124857.0, 204647.0).
point(5, -59383.0, 118326.0).
point(6, -17162.0, -98379.0).
point(7, -259846.0, 118798.0).
point(8, -36921.0, 224056.0).
point(9, 72391.0, 128365.0).
point(10, -15859.0, 107113.0).
point(11, -188597.0, -268997.0).
point(12, -268525.0, -273830.0).
point(13, 40779.0, -51902.0).
point(14, 48837.0, -223340.0).
point(15, -117675.0, 117051.0).
point(16, 209552.0, -124447.0).
point(17, 270266.0, 162636.0).
point(18, 205708.0, -176411.0).
point(19, 70928.0, 256383.0).
point(20, -266905.0, 218922.0).
point(21, 48539.0, 314860.0).
point(22, -2850.0, 474854.0).
point(23, -141014.0, -168364.0).
point(24, -7920.0, 385881.0).
cost(1, 2, 464859).
cost(1, 3, 164843).
cost(1, 4, 231104).
cost(1, 5, 280560).
cost(1, 6, 492530).
cost(1, 7, 373388).
cost(1, 8, 172519).
cost(1, 9, 277459).
cost(1, 10, 287064).
cost(1, 11, 687326).
cost(1, 12, 717062).
cost(1, 13, 448571).
cost(1, 14, 619967).
cost(1, 15, 298092).
cost(1, 16, 562123).
cost(1, 17, 361580).
cost(1, 18, 609028).
cost(1, 19, 158473).
cost(1, 20, 312945).
cost(1, 21, 97050).
cost(1, 22, 80934).
cost(1, 23, 578039).
cost(1, 24, 8184).
cost(2, 1, 464859).
cost(2, 3, 311702).
cost(2, 4, 294953).
cost(2, 5, 203570).
cost(2, 6, 44812).
cost(2, 7, 335671).
cost(2, 8, 299189).
cost(2, 9, 205904).
cost(2, 10, 180367).
cost(2, 11, 286489).
cost(2, 12, 351247).
cost(2, 13, 29469).
cost(2, 14, 156369).
cost(2, 15, 230947).
cost(2, 16, 199476).
cost(2, 17, 343522).
cost(2, 18, 216047).
cost(2, 19, 330827).
cost(2, 20, 405583).
cost(2, 21, 386220).
cost(2, 22, 545358).
cost(2, 23, 186589).
cost(2, 24, 456715).
cost(3, 1, 164843).
cost(3, 2, 311702).
cost(3, 4, 176126).
cost(3, 5, 116601).
cost(3, 6, 334312).
cost(3, 7, 240712).
cost(3, 8, 15725).
cost(3, 9, 161004).
cost(3, 10, 131501).
cost(3, 11, 522504).
cost(3, 12, 553757).
cost(3, 13, 300005).
cost(3, 14, 468061).
cost(3, 15, 136137).
cost(3, 16, 442164).
cost(3, 17, 326978).
cost(3, 18, 483257).
cost(3, 19, 121654).
cost(3, 20, 218725).
cost(3, 21, 126210).
cost(3, 22, 244754).
cost(3, 23, 413239).
cost(3, 24, 156845).
cost(4, 1, 231104).
cost(4, 2, 294953).
cost(4, 3, 176126).
cost(4, 5, 203459).
cost(4, 6, 334655).
cost(4, 7, 394166).
cost(4, 8, 162938).
cost(4, 9, 92583).
cost(4, 10, 171213).
cost(4, 11, 567972).
cost(4, 12, 619427).
cost(4, 13, 269975).
cost(4, 14, 434686).
cost(4, 15, 257866).
cost(4, 16, 339818).
cost(4, 17, 151356).
cost(4, 18, 389541).
cost(4, 19, 74733).
cost(4, 20, 392022).
cost(4, 21, 134057).
cost(4, 22, 298866).
cost(4, 23, 458066).
cost(4, 24, 224668).
cost(5, 1, 280560).
cost(5, 2, 203570).
cost(5, 3, 116601).
cost(5, 4, 203459).
cost(5, 6, 220780).
cost(5, 7, 200464).
cost(5, 8, 108090).
cost(5, 9, 132156).
cost(5, 10, 44945).
cost(5, 11, 408308).
cost(5, 12, 444440).
cost(5, 13, 197509).
cost(5, 14, 358395).
cost(5, 15, 58306).
cost(5, 16, 362305).
cost(5, 17, 332614).
cost(5, 18, 396413).
cost(5, 19, 189844).
cost(5, 20, 230619).
cost(5, 21, 224216).
cost(5, 22, 360982).
cost(5, 23, 298085).
cost(5, 24, 272459).
cost(6, 1, 492530).
cost(6, 2, 44812).
cost(6, 3, 334312).
cost(6, 4, 334655).
cost(6, 5, 220780).
cost(6, 7, 325671).
cost(6, 8, 323040).
cost(6, 9, 243788).
cost(6, 10, 205496).
cost(6, 11, 241869).
cost(6, 12, 306539).
cost(6, 13, 74278).
cost(6, 14, 141319).
cost(6, 15, 237725).
cost(6, 16, 228208).
cost(6, 17, 388257).
cost(6, 18, 236136).
cost(6, 19, 365535).
cost(6, 20, 403796).
cost(6, 21, 418429).
cost(6, 22, 573412).
cost(6, 23, 142258).
cost(6, 24, 484348).
cost(7, 1, 373388).
cost(7, 2, 335671).
cost(7, 3, 240712).
cost(7, 4, 394166).
cost(7, 5, 200464).
cost(7, 6, 325671).
cost(7, 8, 246525).
cost(7, 9, 332375).
cost(7, 10, 244267).
cost(7, 11, 394286).
cost(7, 12, 392724).
cost(7, 13, 345708).
cost(7, 14, 460808).
cost(7, 15, 142182).
cost(7, 16, 528680).
cost(7, 17, 531922).
cost(7, 18, 551261).
cost(7, 19, 358247).
cost(7, 20, 100373).
cost(7, 21, 365433).
cost(7, 22, 439116).
cost(7, 23, 310778).
cost(7, 24, 367151).
cost(8, 1, 172519).
cost(8, 2, 299189).
cost(8, 3, 15725).
cost(8, 4, 162938).
cost(8, 5, 108090).
cost(8, 6, 323040).
cost(8, 7, 246525).
cost(8, 9, 145279).
cost(8, 10, 118825).
cost(8, 11, 515855).
cost(8, 12, 549118).
cost(8, 13, 286688).
cost(8, 14, 455541).
cost(8, 15, 134057).
cost(8, 16, 426853).
cost(8, 17, 313267).
cost(8, 18, 468234).
cost(8, 19, 112590).
cost(8, 20, 230041).
cost(8, 21, 124695).
cost(8, 22, 253102).
cost(8, 23, 405991).
cost(8, 24, 164403).
cost(9, 1, 277459).
cost(9, 2, 205904).
cost(9, 3, 161004).
cost(9, 4, 92583).
cost(9, 5, 132156).
cost(9, 6, 243788).
cost(9, 7, 332375).
cost(9, 8, 145279).
cost(9, 10, 90773).
cost(9, 11, 475406).
cost(9, 12, 527242).
cost(9, 13, 183018).
cost(9, 14, 352493).
cost(9, 15, 190402).
cost(9, 16, 287623).
cost(9, 17, 200821).
cost(9, 18, 332659).
cost(9, 19, 128026).
cost(9, 20, 351173).
cost(9, 21, 188014).
cost(9, 22, 354564).
cost(9, 23, 365499).
cost(9, 24, 269749).
cost(10, 1, 287064).
cost(10, 2, 180367).
cost(10, 3, 131501).
cost(10, 4, 171213).
cost(10, 5, 44945).
cost(10, 6, 205496).
cost(10, 7, 244267).
cost(10, 8, 118825).
cost(10, 9, 90773).
cost(10, 11, 413881).
cost(10, 12, 457119).
cost(10, 13, 168801).
cost(10, 14, 336727).
cost(10, 15, 102300).
cost(10, 16, 323157).
cost(10, 17, 291462).
cost(10, 18, 359830).
cost(10, 19, 172666).
cost(10, 20, 274819).
cost(10, 21, 217499).
cost(10, 22, 367971).
cost(10, 23, 302575).
cost(10, 24, 278881).
cost(11, 1, 687326).
cost(11, 2, 286489).
cost(11, 3, 522504).
cost(11, 4, 567972).
cost(11, 5, 408308).
cost(11, 6, 241869).
cost(11, 7, 394286).
cost(11, 8, 515855).
cost(11, 9, 475406).
cost(11, 10, 413881).
cost(11, 12, 80074).
cost(11, 13, 315822).
cost(11, 14, 241784).
cost(11, 15, 392509).
cost(11, 16, 423577).
cost(11, 17, 629970).
cost(11, 18, 405029).
cost(11, 19, 585984).
cost(11, 20, 494163).
cost(11, 21, 630177).
cost(11, 22, 766692).
cost(11, 23, 111316).
cost(11, 24, 679345).
cost(12, 1, 717062).
cost(12, 2, 351247).
cost(12, 3, 553757).
cost(12, 4, 619427).
cost(12, 5, 444440).
cost(12, 6, 306539).
cost(12, 7, 392724).
cost(12, 8, 549118).
cost(12, 9, 527242).
cost(12, 10, 457119).
cost(12, 11, 80074).
cost(12, 13, 380685).
cost(12, 14, 321353).
cost(12, 15, 418979).
cost(12, 16, 500872).
cost(12, 17, 693396).
cost(12, 18, 484136).
cost(12, 19, 629567).
cost(12, 20, 492755).
cost(12, 21, 668645).
cost(12, 22, 794425).
cost(12, 23, 165475).
cost(12, 24, 709319).
cost(13, 1, 448571).
cost(13, 2, 29469).
cost(13, 3, 300005).
cost(13, 4, 269975).
cost(13, 5, 197509).
cost(13, 6, 74278).
cost(13, 7, 345708).
cost(13, 8, 286688).
cost(13, 9, 183018).
cost(13, 10, 168801).
cost(13, 11, 315822).
cost(13, 12, 380685).
cost(13, 14, 171627).
cost(13, 15, 231631).
cost(13, 16, 183704).
cost(13, 17, 314151).
cost(13, 18, 206650).
cost(13, 19, 309756).
cost(13, 20, 409896).
cost(13, 21, 366844).
cost(13, 22, 528560).
cost(13, 23, 215898).
cost(13, 24, 440483).
cost(14, 1, 619967).
cost(14, 2, 156369).
cost(14, 3, 468061).
cost(14, 4, 434686).
cost(14, 5, 358395).
cost(14, 6, 141319).
cost(14, 7, 460808).
cost(14, 8, 455541).
cost(14, 9, 352493).
cost(14, 10, 336727).
cost(14, 11, 241784).
cost(14, 12, 321353).
cost(14, 13, 171627).
cost(14, 15, 378936).
cost(14, 16, 188704).
cost(14, 17, 444981).
cost(14, 18, 163740).
cost(14, 19, 480231).
cost(14, 20, 543405).
cost(14, 21, 538200).
cost(14, 22, 700105).
cost(14, 23, 197651).
cost(14, 24, 611859).
cost(15, 1, 298092).
cost(15, 2, 230947).
cost(15, 3, 136137).
cost(15, 4, 257866).
cost(15, 5, 58306).
cost(15, 6, 237725).
cost(15, 7, 142182).
cost(15, 8, 134057).
cost(15, 9, 190402).
cost(15, 10, 102300).
cost(15, 11, 392509).
cost(15, 12, 418979).
cost(15, 13, 231631).
cost(15, 14, 378936).
cost(15, 16, 406693).
cost(15, 17, 390610).
cost(15, 18, 436688).
cost(15, 19, 234488).
cost(15, 20, 180686).
cost(15, 21, 258371).
cost(15, 22, 375776).
cost(15, 23, 286368).
cost(15, 24, 290372).
cost(16, 1, 562123).
cost(16, 2, 199476).
cost(16, 3, 442164).
cost(16, 4, 339818).
cost(16, 5, 362305).
cost(16, 6, 228208).
cost(16, 7, 528680).
cost(16, 8, 426853).
cost(16, 9, 287623).
cost(16, 10, 323157).
cost(16, 11, 423577).
cost(16, 12, 500872).
cost(16, 13, 183704).
cost(16, 14, 188704).
cost(16, 15, 406693).
cost(16, 17, 293433).
cost(16, 18, 52106).
cost(16, 19, 405275).
cost(16, 20, 587293).
cost(16, 21, 467884).
cost(16, 22, 635827).
cost(16, 23, 353306).
cost(16, 24, 554733).
cost(17, 1, 361580).
cost(17, 2, 343522).
cost(17, 3, 326978).
cost(17, 4, 151356).
cost(17, 5, 332614).
cost(17, 6, 388257).
cost(17, 7, 531922).
cost(17, 8, 313267).
cost(17, 9, 200821).
cost(17, 10, 291462).
cost(17, 11, 629970).
cost(17, 12, 693396).
cost(17, 13, 314151).
cost(17, 14, 444981).
cost(17, 15, 390610).
cost(17, 16, 293433).
cost(17, 18, 345139).
cost(17, 19, 220282).
cost(17, 20, 540112).
cost(17, 21, 268952).
cost(17, 22, 414816).
cost(17, 23, 527932).
cost(17, 24, 356687).
cost(18, 1, 609028).
cost(18, 2, 216047).
cost(18, 3, 483257).
cost(18, 4, 389541).
cost(18, 5, 396413).
cost(18, 6, 236136).
cost(18, 7, 551261).
cost(18, 8, 468234).
cost(18, 9, 332659).
cost(18, 10, 359830).
cost(18, 11, 405029).
cost(18, 12, 484136).
cost(18, 13, 206650).
cost(18, 14, 163740).
cost(18, 15, 436688).
cost(18, 16, 52106).
cost(18, 17, 345139).
cost(18, 19, 453295).
cost(18, 20, 616158).
cost(18, 21, 515800).
cost(18, 22, 683844).
cost(18, 23, 346815).
cost(18, 24, 601506).
cost(19, 1, 158473).
cost(19, 2, 330827).
cost(19, 3, 121654).
cost(19, 4, 74733).
cost(19, 5, 189844).
cost(19, 6, 365535).
cost(19, 7, 358247).
cost(19, 8, 112590).
cost(19, 9, 128026).
cost(19, 10, 172666).
cost(19, 11, 585984).
cost(19, 12, 629567).
cost(19, 13, 309756).
cost(19, 14, 480231).
cost(19, 15, 234488).
cost(19, 16, 405275).
cost(19, 17, 220282).
cost(19, 18, 453295).
cost(19, 20, 339904).
cost(19, 21, 62617).
cost(19, 22, 230592).
cost(19, 23, 474689).
cost(19, 24, 151614).
cost(20, 1, 312945).
cost(20, 2, 405583).
cost(20, 3, 218725).
cost(20, 4, 392022).
cost(20, 5, 230619).
cost(20, 6, 403796).
cost(20, 7, 100373).
cost(20, 8, 230041).
cost(20, 9, 351173).
cost(20, 10, 274819).
cost(20, 11, 494163).
cost(20, 12, 492755).
cost(20, 13, 409896).
cost(20, 14, 543405).
cost(20, 15, 180686).
cost(20, 16, 587293).
cost(20, 17, 540112).
cost(20, 18, 616158).
cost(20, 19, 339904).
cost(20, 21, 329711).
cost(20, 22, 367731).
cost(20, 23, 407233).
cost(20, 24, 308137).
cost(21, 1, 97050).
cost(21, 2, 386220).
cost(21, 3, 126210).
cost(21, 4, 134057).
cost(21, 5, 224216).
cost(21, 6, 418429).
cost(21, 7, 365433).
cost(21, 8, 124695).
cost(21, 9, 188014).
cost(21, 10, 217499).
cost(21, 11, 630177).
cost(21, 12, 668645).
cost(21, 13, 366844).
cost(21, 14, 538200).
cost(21, 15, 258371).
cost(21, 16, 467884).
cost(21, 17, 268952).
cost(21, 18, 515800).
cost(21, 19, 62617).
cost(21, 20, 329711).
cost(21, 22, 168044).
cost(21, 23, 519072).
cost(21, 24, 90728).
cost(22, 1, 80934).
cost(22, 2, 545358).
cost(22, 3, 244754).
cost(22, 4, 298866).
cost(22, 5, 360982).
cost(22, 6, 573412).
cost(22, 7, 439116).
cost(22, 8, 253102).
cost(22, 9, 354564).
cost(22, 10, 367971).
cost(22, 11, 766692).
cost(22, 12, 794425).
cost(22, 13, 528560).
cost(22, 14, 700105).
cost(22, 15, 375776).
cost(22, 16, 635827).
cost(22, 17, 414816).
cost(22, 18, 683844).
cost(22, 19, 230592).
cost(22, 20, 367731).
cost(22, 21, 168044).
cost(22, 23, 657890).
cost(22, 24, 89117).
cost(23, 1, 578039).
cost(23, 2, 186589).
cost(23, 3, 413239).
cost(23, 4, 458066).
cost(23, 5, 298085).
cost(23, 6, 142258).
cost(23, 7, 310778).
cost(23, 8, 405991).
cost(23, 9, 365499).
cost(23, 10, 302575).
cost(23, 11, 111316).
cost(23, 12, 165475).
cost(23, 13, 215898).
cost(23, 14, 197651).
cost(23, 15, 286368).
cost(23, 16, 353306).
cost(23, 17, 527932).
cost(23, 18, 346815).
cost(23, 19, 474689).
cost(23, 20, 407233).
cost(23, 21, 519072).
cost(23, 22, 657890).
cost(23, 24, 570001).
cost(24, 1, 8184).
cost(24, 2, 456715).
cost(24, 3, 156845).
cost(24, 4, 224668).
cost(24, 5, 272459).
cost(24, 6, 484348).
cost(24, 7, 367151).
cost(24, 8, 164403).
cost(24, 9, 269749).
cost(24, 10, 278881).
cost(24, 11, 679345).
cost(24, 12, 709319).
cost(24, 13, 440483).
cost(24, 14, 611859).
cost(24, 15, 290372).
cost(24, 16, 554733).
cost(24, 17, 356687).
cost(24, 18, 601506).
cost(24, 19, 151614).
cost(24, 20, 308137).
cost(24, 21, 90728).
cost(24, 22, 89117).
cost(24, 23, 570001).
nocross(1,7).
nocross(1,10).
nocross(1,20).
nocross(1,21).
nocross(1,22).
nocross(1,24).
nocross(2,6).
nocross(2,7).
nocross(2,10).
nocross(2,23).
nocross(3,5).
nocross(3,7).
nocross(3,9).
nocross(3,10).
nocross(3,15).
nocross(3,20).
nocross(4,5).
nocross(4,17).
nocross(4,19).
nocross(4,20).
nocross(4,22).
nocross(5,6).
nocross(5,10).
nocross(5,15).
nocross(5,20).
nocross(6,5).
nocross(6,7).
nocross(6,10).
nocross(6,12).
nocross(7,15).
nocross(7,20).
nocross(7,23).
nocross(8,5).
nocross(8,7).
nocross(8,9).
nocross(8,10).
nocross(8,13).
nocross(8,15).
nocross(8,19).
nocross(8,20).
nocross(9,7).
nocross(9,10).
nocross(9,19).
nocross(9,20).
nocross(9,21).
nocross(10,2).
nocross(10,5).
nocross(10,13).
nocross(10,15).
nocross(11,12).
nocross(11,13).
nocross(12,23).
nocross(13,7).
nocross(13,9).
nocross(13,10).
nocross(13,15).
nocross(13,16).
nocross(13,17).
nocross(13,23).
nocross(14,2).
nocross(14,6).
nocross(14,11).
nocross(14,12).
nocross(14,13).
nocross(14,18).
nocross(14,23).
nocross(15,6).
nocross(15,7).
nocross(15,20).
nocross(16,17).
nocross(17,4).
nocross(17,9).
nocross(17,20).
nocross(17,22).
nocross(18,17).
nocross(19,4).
nocross(19,5).
nocross(19,9).
nocross(19,10).
nocross(19,20).
nocross(19,21).
nocross(20,1).
nocross(20,7).
nocross(20,15).
nocross(21,1).
nocross(21,5).
nocross(21,9).
nocross(21,10).
nocross(21,17).
nocross(21,20).
nocross(21,22).
nocross(21,24).
nocross(22,1).
nocross(22,20).
nocross(22,21).
nocross(23,5).
nocross(23,6).
nocross(23,7).
nocross(23,10).
nocross(23,12).
nocross(23,15).
nocross(24,1).
nocross(24,3).
nocross(24,8).
nocross(24,20).
nocross(24,21).
