dimension(24).
point(1, -189463.0, 245747.0).
point(2, 246629.0, 100281.0).
point(3, -163586.0, 47547.0).
point(4, 656951.0, -46072.0).
point(5, -65328.0, 59800.0).
point(6, -71789.0, 244915.0).
point(7, 24385.0, 139842.0).
point(8, 138417.0, -56119.0).
point(9, 76140.0, 227108.0).
point(10, 23954.0, 230427.0).
point(11, -116107.0, -392121.0).
point(12, 164129.0, -305951.0).
point(13, -151286.0, -105283.0).
point(14, 167241.0, 238756.0).
point(15, -188507.0, -10127.0).
point(16, -12931.0, 104575.0).
point(17, 37959.0, 295440.0).
point(18, 88265.0, -441573.0).
point(19, 273754.0, -15563.0).
point(20, -32686.0, -8743.0).
point(21, 70647.0, -3519.0).
point(22, -33543.0, -14079.0).
point(23, -36643.0, 343512.0).
point(24, -82456.0, -230889.0).
cost(1, 2, 459714).
cost(1, 3, 199882).
cost(1, 4, 895307).
cost(1, 5, 223575).
cost(1, 6, 117677).
cost(1, 7, 238635).
cost(1, 8, 445677).
cost(1, 9, 266256).
cost(1, 10, 213966).
cost(1, 11, 642072).
cost(1, 12, 655285).
cost(1, 13, 353100).
cost(1, 14, 356773).
cost(1, 15, 255876).
cost(1, 16, 226038).
cost(1, 17, 232788).
cost(1, 18, 741311).
cost(1, 19, 531839).
cost(1, 20, 298905).
cost(1, 21, 360265).
cost(1, 22, 303019).
cost(1, 23, 181417).
cost(1, 24, 488500).
cost(2, 1, 459714).
cost(2, 3, 413591).
cost(2, 4, 435641).
cost(2, 5, 314573).
cost(2, 6, 349727).
cost(2, 7, 225738).
cost(2, 8, 190186).
cost(2, 9, 212489).
cost(2, 10, 257919).
cost(2, 11, 611586).
cost(2, 12, 414525).
cost(2, 13, 447876).
cost(2, 14, 159618).
cost(2, 15, 448925).
cost(2, 16, 259596).
cost(2, 17, 285710).
cost(2, 18, 564522).
cost(2, 19, 118977).
cost(2, 20, 299838).
cost(2, 21, 204314).
cost(2, 22, 302613).
cost(2, 23, 373369).
cost(2, 24, 466873).
cost(3, 1, 199882).
cost(3, 2, 413591).
cost(3, 4, 825860).
cost(3, 5, 99019).
cost(3, 6, 217671).
cost(3, 7, 209407).
cost(3, 8, 319300).
cost(3, 9, 299517).
cost(3, 10, 261947).
cost(3, 11, 442224).
cost(3, 12, 482035).
cost(3, 13, 153324).
cost(3, 14, 382109).
cost(3, 15, 62828).
cost(3, 16, 161087).
cost(3, 17, 319486).
cost(3, 18, 550152).
cost(3, 19, 441870).
cost(3, 20, 142490).
cost(3, 21, 239735).
cost(3, 22, 143906).
cost(3, 23, 322040).
cost(3, 24, 290015).
cost(4, 1, 895307).
cost(4, 2, 435641).
cost(4, 3, 825860).
cost(4, 5, 729997).
cost(4, 6, 784688).
cost(4, 7, 659321).
cost(4, 8, 518631).
cost(4, 9, 641848).
cost(4, 10, 690751).
cost(4, 11, 846976).
cost(4, 12, 557145).
cost(4, 13, 810403).
cost(4, 14, 566518).
cost(4, 15, 846222).
cost(4, 16, 686612).
cost(4, 17, 706952).
cost(4, 18, 692694).
cost(4, 19, 384410).
cost(4, 20, 690647).
cost(4, 21, 587846).
cost(4, 22, 691235).
cost(4, 23, 795518).
cost(4, 24, 762155).
cost(5, 1, 223575).
cost(5, 2, 314573).
cost(5, 3, 99019).
cost(5, 4, 729997).
cost(5, 6, 185228).
cost(5, 7, 120230).
cost(5, 8, 234413).
cost(5, 9, 219101).
cost(5, 10, 192574).
cost(5, 11, 454765).
cost(5, 12, 431769).
cost(5, 13, 186121).
cost(5, 14, 293451).
cost(5, 15, 141643).
cost(5, 16, 68922).
cost(5, 17, 257283).
cost(5, 18, 524372).
cost(5, 19, 347356).
cost(5, 20, 75919).
cost(5, 21, 149995).
cost(5, 22, 80426).
cost(5, 23, 285158).
cost(5, 24, 291193).
cost(6, 1, 117677).
cost(6, 2, 349727).
cost(6, 3, 217671).
cost(6, 4, 784688).
cost(6, 5, 185228).
cost(6, 7, 142442).
cost(6, 8, 367162).
cost(6, 9, 148997).
cost(6, 10, 96833).
cost(6, 11, 638576).
cost(6, 12, 599258).
cost(6, 13, 359108).
cost(6, 14, 239109).
cost(6, 15, 280481).
cost(6, 16, 152183).
cost(6, 17, 120820).
cost(6, 18, 704899).
cost(6, 19, 432722).
cost(6, 20, 256654).
cost(6, 21, 286369).
cost(6, 22, 261803).
cost(6, 23, 104674).
cost(6, 24, 475924).
cost(7, 1, 238635).
cost(7, 2, 225738).
cost(7, 3, 209407).
cost(7, 4, 659321).
cost(7, 5, 120230).
cost(7, 6, 142442).
cost(7, 8, 226725).
cost(7, 9, 101459).
cost(7, 10, 90586).
cost(7, 11, 550202).
cost(7, 12, 467183).
cost(7, 13, 301573).
cost(7, 14, 173758).
cost(7, 15, 260411).
cost(7, 16, 51344).
cost(7, 17, 156189).
cost(7, 18, 584914).
cost(7, 19, 293829).
cost(7, 20, 159168).
cost(7, 21, 150640).
cost(7, 22, 164461).
cost(7, 23, 212617).
cost(7, 24, 385819).
cost(8, 1, 445677).
cost(8, 2, 190186).
cost(8, 3, 319300).
cost(8, 4, 518631).
cost(8, 5, 234413).
cost(8, 6, 367162).
cost(8, 7, 226725).
cost(8, 9, 289993).
cost(8, 10, 308562).
cost(8, 11, 421521).
cost(8, 12, 251152).
cost(8, 13, 293845).
cost(8, 14, 296280).
cost(8, 15, 330143).
cost(8, 16, 220746).
cost(8, 17, 365630).
cost(8, 18, 388703).
cost(8, 19, 141283).
cost(8, 20, 177541).
cost(8, 21, 85788).
cost(8, 22, 177024).
cost(8, 23, 436292).
cost(8, 24, 281655).
cost(9, 1, 266256).
cost(9, 2, 212489).
cost(9, 3, 299517).
cost(9, 4, 641848).
cost(9, 5, 219101).
cost(9, 6, 148997).
cost(9, 7, 101459).
cost(9, 8, 289993).
cost(9, 10, 52291).
cost(9, 11, 648385).
cost(9, 12, 540272).
cost(9, 13, 402749).
cost(9, 14, 91843).
cost(9, 15, 355413).
cost(9, 16, 151486).
cost(9, 17, 78275).
cost(9, 18, 668791).
cost(9, 19, 312954).
cost(9, 20, 259748).
cost(9, 21, 230692).
cost(9, 22, 264956).
cost(9, 23, 162080).
cost(9, 24, 484679).
cost(10, 1, 213966).
cost(10, 2, 257919).
cost(10, 3, 261947).
cost(10, 4, 690751).
cost(10, 5, 192574).
cost(10, 6, 96833).
cost(10, 7, 90586).
cost(10, 8, 308562).
cost(10, 9, 52291).
cost(10, 11, 638109).
cost(10, 12, 554392).
cost(10, 13, 378695).
cost(10, 14, 143529).
cost(10, 15, 320945).
cost(10, 16, 131146).
cost(10, 17, 66504).
cost(10, 18, 675070).
cost(10, 19, 350587).
cost(10, 20, 245785).
cost(10, 21, 238560).
cost(10, 22, 251175).
cost(10, 23, 128297).
cost(10, 24, 473430).
cost(11, 1, 642072).
cost(11, 2, 611586).
cost(11, 3, 442224).
cost(11, 4, 846976).
cost(11, 5, 454765).
cost(11, 6, 638576).
cost(11, 7, 550202).
cost(11, 8, 421521).
cost(11, 9, 648385).
cost(11, 10, 638109).
cost(11, 12, 293185).
cost(11, 13, 288987).
cost(11, 14, 691586).
cost(11, 15, 388795).
cost(11, 16, 507299).
cost(11, 17, 704611).
cost(11, 18, 210270).
cost(11, 19, 542022).
cost(11, 20, 392349).
cost(11, 21, 431148).
cost(11, 22, 386953).
cost(11, 23, 739912).
cost(11, 24, 164706).
cost(12, 1, 655285).
cost(12, 2, 414525).
cost(12, 3, 482035).
cost(12, 4, 557145).
cost(12, 5, 431769).
cost(12, 6, 599258).
cost(12, 7, 467183).
cost(12, 8, 251152).
cost(12, 9, 540272).
cost(12, 10, 554392).
cost(12, 11, 293185).
cost(12, 13, 373837).
cost(12, 14, 544716).
cost(12, 15, 460287).
cost(12, 16, 447081).
cost(12, 17, 614484).
cost(12, 18, 155398).
cost(12, 19, 310391).
cost(12, 20, 356467).
cost(12, 21, 316550).
cost(12, 22, 352510).
cost(12, 23, 679788).
cost(12, 24, 257757).
cost(13, 1, 353100).
cost(13, 2, 447876).
cost(13, 3, 153324).
cost(13, 4, 810403).
cost(13, 5, 186121).
cost(13, 6, 359108).
cost(13, 7, 301573).
cost(13, 8, 293845).
cost(13, 9, 402749).
cost(13, 10, 378695).
cost(13, 11, 288987).
cost(13, 12, 373837).
cost(13, 14, 468852).
cost(13, 15, 102177).
cost(13, 16, 251361).
cost(13, 17, 443162).
cost(13, 18, 412887).
cost(13, 19, 434406).
cost(13, 20, 152925).
cost(13, 21, 244152).
cost(13, 22, 148935).
cost(13, 23, 463206).
cost(13, 24, 143229).
cost(14, 1, 356773).
cost(14, 2, 159618).
cost(14, 3, 382109).
cost(14, 4, 566518).
cost(14, 5, 293451).
cost(14, 6, 239109).
cost(14, 7, 173758).
cost(14, 8, 296280).
cost(14, 9, 91843).
cost(14, 10, 143529).
cost(14, 11, 691586).
cost(14, 12, 544716).
cost(14, 13, 468852).
cost(14, 15, 434165).
cost(14, 16, 224647).
cost(14, 17, 141163).
cost(14, 18, 684898).
cost(14, 19, 275723).
cost(14, 20, 318161).
cost(14, 21, 260821).
cost(14, 22, 322862).
cost(14, 23, 229222).
cost(14, 24, 531898).
cost(15, 1, 255876).
cost(15, 2, 448925).
cost(15, 3, 62828).
cost(15, 4, 846222).
cost(15, 5, 141643).
cost(15, 6, 280481).
cost(15, 7, 260411).
cost(15, 8, 330143).
cost(15, 9, 355413).
cost(15, 10, 320945).
cost(15, 11, 388795).
cost(15, 12, 460287).
cost(15, 13, 102177).
cost(15, 14, 434165).
cost(15, 16, 209722).
cost(15, 17, 380339).
cost(15, 18, 512590).
cost(15, 19, 462293).
cost(15, 20, 155827).
cost(15, 21, 259238).
cost(15, 22, 155014).
cost(15, 23, 384868).
cost(15, 24, 244914).
cost(16, 1, 226038).
cost(16, 2, 259596).
cost(16, 3, 161087).
cost(16, 4, 686612).
cost(16, 5, 68922).
cost(16, 6, 152183).
cost(16, 7, 51344).
cost(16, 8, 220746).
cost(16, 9, 151486).
cost(16, 10, 131146).
cost(16, 11, 507299).
cost(16, 12, 447081).
cost(16, 13, 251361).
cost(16, 14, 224647).
cost(16, 15, 209722).
cost(16, 17, 197533).
cost(16, 18, 555444).
cost(16, 19, 310840).
cost(16, 20, 115027).
cost(16, 21, 136637).
cost(16, 22, 120431).
cost(16, 23, 240111).
cost(16, 24, 342593).
cost(17, 1, 232788).
cost(17, 2, 285710).
cost(17, 3, 319486).
cost(17, 4, 706952).
cost(17, 5, 257283).
cost(17, 6, 120820).
cost(17, 7, 156189).
cost(17, 8, 365630).
cost(17, 9, 78275).
cost(17, 10, 66504).
cost(17, 11, 704611).
cost(17, 12, 614484).
cost(17, 13, 443162).
cost(17, 14, 141163).
cost(17, 15, 380339).
cost(17, 16, 197533).
cost(17, 18, 738728).
cost(17, 19, 390285).
cost(17, 20, 312279).
cost(17, 21, 300741).
cost(17, 22, 317671).
cost(17, 23, 88749).
cost(17, 24, 539928).
cost(18, 1, 741311).
cost(18, 2, 564522).
cost(18, 3, 550152).
cost(18, 4, 692694).
cost(18, 5, 524372).
cost(18, 6, 704899).
cost(18, 7, 584914).
cost(18, 8, 388703).
cost(18, 9, 668791).
cost(18, 10, 675070).
cost(18, 11, 210270).
cost(18, 12, 155398).
cost(18, 13, 412887).
cost(18, 14, 684898).
cost(18, 15, 512590).
cost(18, 16, 555444).
cost(18, 17, 738728).
cost(18, 19, 464640).
cost(18, 20, 449412).
cost(18, 21, 438408).
cost(18, 22, 444509).
cost(18, 23, 794959).
cost(18, 24, 271170).
cost(19, 1, 531839).
cost(19, 2, 118977).
cost(19, 3, 441870).
cost(19, 4, 384410).
cost(19, 5, 347356).
cost(19, 6, 432722).
cost(19, 7, 293829).
cost(19, 8, 141283).
cost(19, 9, 312954).
cost(19, 10, 350587).
cost(19, 11, 542022).
cost(19, 12, 310391).
cost(19, 13, 434406).
cost(19, 14, 275723).
cost(19, 15, 462293).
cost(19, 16, 310840).
cost(19, 17, 390285).
cost(19, 18, 464640).
cost(19, 20, 306516).
cost(19, 21, 203464).
cost(19, 22, 307301).
cost(19, 23, 474638).
cost(19, 24, 416234).
cost(20, 1, 298905).
cost(20, 2, 299838).
cost(20, 3, 142490).
cost(20, 4, 690647).
cost(20, 5, 75919).
cost(20, 6, 256654).
cost(20, 7, 159168).
cost(20, 8, 177541).
cost(20, 9, 259748).
cost(20, 10, 245785).
cost(20, 11, 392349).
cost(20, 12, 356467).
cost(20, 13, 152925).
cost(20, 14, 318161).
cost(20, 15, 155827).
cost(20, 16, 115027).
cost(20, 17, 312279).
cost(20, 18, 449412).
cost(20, 19, 306516).
cost(20, 21, 103465).
cost(20, 22, 5404).
cost(20, 23, 352277).
cost(20, 24, 227653).
cost(21, 1, 360265).
cost(21, 2, 204314).
cost(21, 3, 239735).
cost(21, 4, 587846).
cost(21, 5, 149995).
cost(21, 6, 286369).
cost(21, 7, 150640).
cost(21, 8, 85788).
cost(21, 9, 230692).
cost(21, 10, 238560).
cost(21, 11, 431148).
cost(21, 12, 316550).
cost(21, 13, 244152).
cost(21, 14, 260821).
cost(21, 15, 259238).
cost(21, 16, 136637).
cost(21, 17, 300741).
cost(21, 18, 438408).
cost(21, 19, 203464).
cost(21, 20, 103465).
cost(21, 22, 104724).
cost(21, 23, 363238).
cost(21, 24, 274112).
cost(22, 1, 303019).
cost(22, 2, 302613).
cost(22, 3, 143906).
cost(22, 4, 691235).
cost(22, 5, 80426).
cost(22, 6, 261803).
cost(22, 7, 164461).
cost(22, 8, 177024).
cost(22, 9, 264956).
cost(22, 10, 251175).
cost(22, 11, 386953).
cost(22, 12, 352510).
cost(22, 13, 148935).
cost(22, 14, 322862).
cost(22, 15, 155014).
cost(22, 16, 120431).
cost(22, 17, 317671).
cost(22, 18, 444509).
cost(22, 19, 307301).
cost(22, 20, 5404).
cost(22, 21, 104724).
cost(22, 23, 357604).
cost(22, 24, 222259).
cost(23, 1, 181417).
cost(23, 2, 373369).
cost(23, 3, 322040).
cost(23, 4, 795518).
cost(23, 5, 285158).
cost(23, 6, 104674).
cost(23, 7, 212617).
cost(23, 8, 436292).
cost(23, 9, 162080).
cost(23, 10, 128297).
cost(23, 11, 739912).
cost(23, 12, 679788).
cost(23, 13, 463206).
cost(23, 14, 229222).
cost(23, 15, 384868).
cost(23, 16, 240111).
cost(23, 17, 88749).
cost(23, 18, 794959).
cost(23, 19, 474638).
cost(23, 20, 352277).
cost(23, 21, 363238).
cost(23, 22, 357604).
cost(23, 24, 576225).
cost(24, 1, 488500).
cost(24, 2, 466873).
cost(24, 3, 290015).
cost(24, 4, 762155).
cost(24, 5, 291193).
cost(24, 6, 475924).
cost(24, 7, 385819).
cost(24, 8, 281655).
cost(24, 9, 484679).
cost(24, 10, 473430).
cost(24, 11, 164706).
cost(24, 12, 257757).
cost(24, 13, 143229).
cost(24, 14, 531898).
cost(24, 15, 244914).
cost(24, 16, 342593).
cost(24, 17, 539928).
cost(24, 18, 271170).
cost(24, 19, 416234).
cost(24, 20, 227653).
cost(24, 21, 274112).
cost(24, 22, 222259).
cost(24, 23, 576225).
nocross(1,3).
nocross(1,5).
nocross(1,15).
nocross(2,1).
nocross(2,4).
nocross(2,8).
nocross(2,14).
nocross(2,16).
nocross(2,19).
nocross(2,20).
nocross(2,21).
nocross(2,22).
nocross(3,5).
nocross(3,7).
nocross(3,10).
nocross(3,15).
nocross(3,16).
nocross(3,20).
nocross(3,22).
nocross(3,23).
nocross(4,2).
nocross(4,8).
nocross(4,14).
nocross(4,19).
nocross(5,3).
nocross(5,15).
nocross(5,20).
nocross(5,21).
nocross(6,3).
nocross(6,7).
nocross(6,10).
nocross(6,16).
nocross(6,17).
nocross(6,20).
nocross(6,23).
nocross(7,3).
nocross(7,9).
nocross(7,20).
nocross(7,22).
nocross(8,4).
nocross(8,12).
nocross(8,16).
nocross(8,19).
nocross(8,20).
nocross(8,21).
nocross(8,22).
nocross(9,7).
nocross(9,10).
nocross(9,17).
nocross(9,23).
nocross(10,3).
nocross(10,7).
nocross(10,9).
nocross(10,16).
nocross(11,7).
nocross(11,22).
nocross(11,24).
nocross(12,8).
nocross(12,18).
nocross(12,21).
nocross(13,3).
nocross(13,7).
nocross(13,15).
nocross(13,16).
nocross(13,18).
nocross(13,20).
nocross(13,22).
nocross(13,24).
nocross(14,7).
nocross(14,9).
nocross(14,10).
nocross(14,17).
nocross(14,20).
nocross(15,3).
nocross(15,7).
nocross(15,13).
nocross(15,20).
nocross(15,22).
nocross(16,3).
nocross(16,5).
nocross(16,7).
nocross(16,20).
nocross(16,21).
nocross(16,23).
nocross(17,3).
nocross(17,7).
nocross(17,9).
nocross(17,10).
nocross(17,14).
nocross(17,16).
nocross(17,23).
nocross(18,8).
nocross(18,12).
nocross(19,7).
nocross(19,12).
nocross(19,14).
nocross(19,20).
nocross(19,22).
nocross(20,3).
nocross(20,5).
nocross(20,7).
nocross(20,15).
nocross(20,16).
nocross(20,18).
nocross(20,21).
nocross(20,22).
nocross(21,5).
nocross(21,7).
nocross(21,9).
nocross(21,16).
nocross(21,18).
nocross(21,20).
nocross(21,22).
nocross(22,3).
nocross(22,7).
nocross(22,8).
nocross(22,12).
nocross(22,13).
nocross(22,15).
nocross(22,16).
nocross(22,18).
nocross(22,20).
nocross(22,21).
nocross(22,24).
nocross(23,7).
nocross(23,10).
nocross(23,17).
nocross(24,3).
nocross(24,4).
nocross(24,7).
nocross(24,8).
nocross(24,13).
nocross(24,15).
nocross(24,18).
nocross(24,20).
nocross(24,21).
nocross(24,22).
