dimension(24).
point(1, -89160.0, 120051.0).
point(2, -239508.0, -13713.0).
point(3, -70873.0, -196897.0).
point(4, 40769.0, 89835.0).
point(5, -334923.0, -261429.0).
point(6, 89763.0, -204038.0).
point(7, 240709.0, -200960.0).
point(8, -161192.0, 201714.0).
point(9, -33631.0, 47990.0).
point(10, -398284.0, -150727.0).
point(11, -167482.0, -226313.0).
point(12, -163921.0, -69232.0).
point(13, 15700.0, -480990.0).
point(14, -130100.0, 117576.0).
point(15, -36857.0, 56600.0).
point(16, -301312.0, 238281.0).
point(17, 493919.0, 155545.0).
point(18, -53112.0, 257847.0).
point(19, -8606.0, 256783.0).
point(20, 193490.0, 118581.0).
point(21, 190078.0, -234127.0).
point(22, -259132.0, -156059.0).
point(23, 231350.0, -222291.0).
point(24, 56982.0, 355196.0).
cost(1, 2, 201239).
cost(1, 3, 317475).
cost(1, 4, 133396).
cost(1, 5, 453791).
cost(1, 6, 370199).
cost(1, 7, 460284).
cost(1, 8, 108892).
cost(1, 9, 90974).
cost(1, 10, 410948).
cost(1, 11, 355109).
cost(1, 12, 203512).
cost(1, 13, 610120).
cost(1, 14, 41015).
cost(1, 15, 82229).
cost(1, 16, 242872).
cost(1, 17, 584158).
cost(1, 18, 142433).
cost(1, 19, 158697).
cost(1, 20, 282654).
cost(1, 21, 451017).
cost(1, 22, 324233).
cost(1, 23, 468961).
cost(1, 24, 276859).
cost(2, 1, 201239).
cost(2, 3, 248986).
cost(2, 4, 298793).
cost(2, 5, 265457).
cost(2, 6, 380320).
cost(2, 7, 515432).
cost(2, 8, 229221).
cost(2, 9, 214925).
cost(2, 10, 209720).
cost(2, 11, 224469).
cost(2, 12, 93786).
cost(2, 13, 532427).
cost(2, 14, 170900).
cost(2, 15, 214503).
cost(2, 16, 259462).
cost(2, 17, 752704).
cost(2, 18, 329376).
cost(2, 19, 355646).
cost(2, 20, 452757).
cost(2, 21, 482832).
cost(2, 22, 143692).
cost(2, 23, 514987).
cost(2, 24, 473287).
cost(3, 1, 317475).
cost(3, 2, 248986).
cost(3, 4, 307700).
cost(3, 5, 271821).
cost(3, 6, 160795).
cost(3, 7, 311608).
cost(3, 8, 408715).
cost(3, 9, 247703).
cost(3, 10, 330650).
cost(3, 11, 100988).
cost(3, 12, 157976).
cost(3, 13, 296991).
cost(3, 14, 320002).
cost(3, 15, 255769).
cost(3, 16, 492425).
cost(3, 17, 665737).
cost(3, 18, 455091).
cost(3, 19, 457933).
cost(3, 20, 411600).
cost(3, 21, 263593).
cost(3, 22, 192637).
cost(3, 23, 303288).
cost(3, 24, 566704).
cost(4, 1, 133396).
cost(4, 2, 298793).
cost(4, 3, 307700).
cost(4, 5, 514326).
cost(4, 6, 297929).
cost(4, 7, 352899).
cost(4, 8, 230879).
cost(4, 9, 85360).
cost(4, 10, 500637).
cost(4, 11, 378574).
cost(4, 12, 259230).
cost(4, 13, 571375).
cost(4, 14, 173106).
cost(4, 15, 84441).
cost(4, 16, 372902).
cost(4, 17, 457889).
cost(4, 18, 192462).
cost(4, 19, 174096).
cost(4, 20, 155403).
cost(4, 21, 356714).
cost(4, 22, 387820).
cost(4, 23, 365710).
cost(4, 24, 265856).
cost(5, 1, 453791).
cost(5, 2, 265457).
cost(5, 3, 271821).
cost(5, 4, 514326).
cost(5, 6, 428546).
cost(5, 7, 578799).
cost(5, 8, 494655).
cost(5, 9, 431876).
cost(5, 10, 127552).
cost(5, 11, 171084).
cost(5, 12, 257257).
cost(5, 13, 413695).
cost(5, 14, 430810).
cost(5, 15, 435874).
cost(5, 16, 500839).
cost(5, 17, 927818).
cost(5, 18, 590817).
cost(5, 19, 612394).
cost(5, 20, 650867).
cost(5, 21, 525710).
cost(5, 22, 129796).
cost(5, 23, 567624).
cost(5, 24, 730627).
cost(6, 1, 370199).
cost(6, 2, 380320).
cost(6, 3, 160795).
cost(6, 4, 297929).
cost(6, 5, 428546).
cost(6, 7, 150977).
cost(6, 8, 477088).
cost(6, 9, 280614).
cost(6, 10, 490950).
cost(6, 11, 258208).
cost(6, 12, 287277).
cost(6, 13, 286684).
cost(6, 14, 389584).
cost(6, 15, 289767).
cost(6, 16, 590412).
cost(6, 17, 540964).
cost(6, 18, 483478).
cost(6, 19, 471203).
cost(6, 20, 338884).
cost(6, 21, 104730).
cost(6, 22, 352179).
cost(6, 23, 142759).
cost(6, 24, 560194).
cost(7, 1, 460284).
cost(7, 2, 515432).
cost(7, 3, 311608).
cost(7, 4, 352899).
cost(7, 5, 578799).
cost(7, 6, 150977).
cost(7, 8, 568921).
cost(7, 9, 370457).
cost(7, 10, 640964).
cost(7, 11, 408978).
cost(7, 12, 425532).
cost(7, 13, 359230).
cost(7, 14, 488840).
cost(7, 15, 378656).
cost(7, 16, 697653).
cost(7, 17, 437277).
cost(7, 18, 544825).
cost(7, 19, 521236).
cost(7, 20, 323011).
cost(7, 21, 60527).
cost(7, 22, 501854).
cost(7, 23, 23294).
cost(7, 24, 585718).
cost(8, 1, 108892).
cost(8, 2, 229221).
cost(8, 3, 408715).
cost(8, 4, 230879).
cost(8, 5, 494655).
cost(8, 6, 477088).
cost(8, 7, 568921).
cost(8, 9, 199757).
cost(8, 10, 424767).
cost(8, 11, 428073).
cost(8, 12, 270960).
cost(8, 13, 705249).
cost(8, 14, 89699).
cost(8, 15, 191095).
cost(8, 16, 144813).
cost(8, 17, 656736).
cost(8, 18, 121788).
cost(8, 19, 162219).
cost(8, 20, 364294).
cost(8, 21, 559775).
cost(8, 22, 370936).
cost(8, 23, 577814).
cost(8, 24, 266752).
cost(9, 1, 90974).
cost(9, 2, 214925).
cost(9, 3, 247703).
cost(9, 4, 85360).
cost(9, 5, 431876).
cost(9, 6, 280614).
cost(9, 7, 370457).
cost(9, 8, 199757).
cost(9, 10, 415283).
cost(9, 11, 305218).
cost(9, 12, 175261).
cost(9, 13, 531275).
cost(9, 14, 118947).
cost(9, 15, 9195).
cost(9, 16, 328426).
cost(9, 17, 538402).
cost(9, 18, 210759).
cost(9, 19, 210287).
cost(9, 20, 237838).
cost(9, 21, 360050).
cost(9, 22, 304116).
cost(9, 23, 378506).
cost(9, 24, 320291).
cost(10, 1, 410948).
cost(10, 2, 209720).
cost(10, 3, 330650).
cost(10, 4, 500637).
cost(10, 5, 127552).
cost(10, 6, 490950).
cost(10, 7, 640964).
cost(10, 8, 424767).
cost(10, 9, 415283).
cost(10, 11, 242864).
cost(10, 12, 248128).
cost(10, 13, 529581).
cost(10, 14, 379354).
cost(10, 15, 416670).
cost(10, 16, 400912).
cost(10, 17, 943307).
cost(10, 18, 534861).
cost(10, 19, 563838).
cost(10, 20, 650172).
cost(10, 21, 594244).
cost(10, 22, 139254).
cost(10, 23, 633688).
cost(10, 24, 680607).
cost(11, 1, 355109).
cost(11, 2, 224469).
cost(11, 3, 100988).
cost(11, 4, 378574).
cost(11, 5, 171084).
cost(11, 6, 258208).
cost(11, 7, 408978).
cost(11, 8, 428073).
cost(11, 9, 305218).
cost(11, 10, 242864).
cost(11, 12, 157121).
cost(11, 13, 313713).
cost(11, 14, 345915).
cost(11, 15, 311613).
cost(11, 16, 483485).
cost(11, 17, 763719).
cost(11, 18, 497485).
cost(11, 19, 508550).
cost(11, 20, 499252).
cost(11, 21, 357645).
cost(11, 22, 115479).
cost(11, 23, 398852).
cost(11, 24, 623327).
cost(12, 1, 203512).
cost(12, 2, 93786).
cost(12, 3, 157976).
cost(12, 4, 259230).
cost(12, 5, 257257).
cost(12, 6, 287277).
cost(12, 7, 425532).
cost(12, 8, 270960).
cost(12, 9, 175261).
cost(12, 10, 248128).
cost(12, 11, 157121).
cost(12, 13, 449231).
cost(12, 14, 189845).
cost(12, 15, 178827).
cost(12, 16, 336809).
cost(12, 17, 695182).
cost(12, 18, 345339).
cost(12, 19, 361121).
cost(12, 20, 403753).
cost(12, 21, 390520).
cost(12, 22, 128857).
cost(12, 23, 423871).
cost(12, 24, 478474).
cost(13, 1, 610120).
cost(13, 2, 532427).
cost(13, 3, 296991).
cost(13, 4, 571375).
cost(13, 5, 413695).
cost(13, 6, 286684).
cost(13, 7, 359230).
cost(13, 8, 705249).
cost(13, 9, 531275).
cost(13, 10, 529581).
cost(13, 11, 313713).
cost(13, 12, 449231).
cost(13, 14, 616067).
cost(13, 15, 540153).
cost(13, 16, 786033).
cost(13, 17, 796160).
cost(13, 18, 742035).
cost(13, 19, 738173).
cost(13, 20, 625376).
cost(13, 21, 302240).
cost(13, 22, 425573).
cost(13, 23, 336794).
cost(13, 24, 837204).
cost(14, 1, 41015).
cost(14, 2, 170900).
cost(14, 3, 320002).
cost(14, 4, 173106).
cost(14, 5, 430810).
cost(14, 6, 389584).
cost(14, 7, 488840).
cost(14, 8, 89699).
cost(14, 9, 118947).
cost(14, 10, 379354).
cost(14, 11, 345915).
cost(14, 12, 189845).
cost(14, 13, 616067).
cost(14, 15, 111411).
cost(14, 16, 209483).
cost(14, 17, 625173).
cost(14, 18, 160010).
cost(14, 19, 184768).
cost(14, 20, 323592).
cost(14, 21, 475614).
cost(14, 22, 302532).
cost(14, 23, 496141).
cost(14, 24, 302428).
cost(15, 1, 82229).
cost(15, 2, 214503).
cost(15, 3, 255769).
cost(15, 4, 84441).
cost(15, 5, 435874).
cost(15, 6, 289767).
cost(15, 7, 378656).
cost(15, 8, 191095).
cost(15, 9, 9195).
cost(15, 10, 416670).
cost(15, 11, 311613).
cost(15, 12, 178827).
cost(15, 13, 540153).
cost(15, 14, 111411).
cost(15, 16, 320850).
cost(15, 17, 539920).
cost(15, 18, 201902).
cost(15, 19, 202167).
cost(15, 20, 238540).
cost(15, 21, 368811).
cost(15, 22, 307620).
cost(15, 23, 386930).
cost(15, 24, 312994).
cost(16, 1, 242872).
cost(16, 2, 259462).
cost(16, 3, 492425).
cost(16, 4, 372902).
cost(16, 5, 500839).
cost(16, 6, 590412).
cost(16, 7, 697653).
cost(16, 8, 144813).
cost(16, 9, 328426).
cost(16, 10, 400912).
cost(16, 11, 483485).
cost(16, 12, 336809).
cost(16, 13, 786033).
cost(16, 14, 209483).
cost(16, 15, 320850).
cost(16, 17, 799523).
cost(16, 18, 248970).
cost(16, 19, 293290).
cost(16, 20, 509075).
cost(16, 21, 681640).
cost(16, 22, 396589).
cost(16, 23, 704170).
cost(16, 24, 376887).
cost(17, 1, 584158).
cost(17, 2, 752704).
cost(17, 3, 665737).
cost(17, 4, 457889).
cost(17, 5, 927818).
cost(17, 6, 540964).
cost(17, 7, 437277).
cost(17, 8, 656736).
cost(17, 9, 538402).
cost(17, 10, 943307).
cost(17, 11, 763719).
cost(17, 12, 695182).
cost(17, 13, 796160).
cost(17, 14, 625173).
cost(17, 15, 539920).
cost(17, 16, 799523).
cost(17, 18, 556515).
cost(17, 19, 512621).
cost(17, 20, 302694).
cost(17, 21, 494129).
cost(17, 22, 814974).
cost(17, 23, 460111).
cost(17, 24, 480390).
cost(18, 1, 142433).
cost(18, 2, 329376).
cost(18, 3, 455091).
cost(18, 4, 192462).
cost(18, 5, 590817).
cost(18, 6, 483478).
cost(18, 7, 544825).
cost(18, 8, 121788).
cost(18, 9, 210759).
cost(18, 10, 534861).
cost(18, 11, 497485).
cost(18, 12, 345339).
cost(18, 13, 742035).
cost(18, 14, 160010).
cost(18, 15, 201902).
cost(18, 16, 248970).
cost(18, 17, 556515).
cost(18, 19, 44519).
cost(18, 20, 283209).
cost(18, 21, 548798).
cost(18, 22, 462344).
cost(18, 23, 558078).
cost(18, 24, 146961).
cost(19, 1, 158697).
cost(19, 2, 355646).
cost(19, 3, 457933).
cost(19, 4, 174096).
cost(19, 5, 612394).
cost(19, 6, 471203).
cost(19, 7, 521236).
cost(19, 8, 162219).
cost(19, 9, 210287).
cost(19, 10, 563838).
cost(19, 11, 508550).
cost(19, 12, 361121).
cost(19, 13, 738173).
cost(19, 14, 184768).
cost(19, 15, 202167).
cost(19, 16, 293290).
cost(19, 17, 512621).
cost(19, 18, 44519).
cost(19, 20, 244832).
cost(19, 21, 529592).
cost(19, 22, 482910).
cost(19, 23, 535809).
cost(19, 24, 118266).
cost(20, 1, 282654).
cost(20, 2, 452757).
cost(20, 3, 411600).
cost(20, 4, 155403).
cost(20, 5, 650867).
cost(20, 6, 338884).
cost(20, 7, 323011).
cost(20, 8, 364294).
cost(20, 9, 237838).
cost(20, 10, 650172).
cost(20, 11, 499252).
cost(20, 12, 403753).
cost(20, 13, 625376).
cost(20, 14, 323592).
cost(20, 15, 238540).
cost(20, 16, 509075).
cost(20, 17, 302694).
cost(20, 18, 283209).
cost(20, 19, 244832).
cost(20, 21, 352725).
cost(20, 22, 529428).
cost(20, 23, 342968).
cost(20, 24, 273169).
cost(21, 1, 451017).
cost(21, 2, 482832).
cost(21, 3, 263593).
cost(21, 4, 356714).
cost(21, 5, 525710).
cost(21, 6, 104730).
cost(21, 7, 60527).
cost(21, 8, 559775).
cost(21, 9, 360050).
cost(21, 10, 594244).
cost(21, 11, 357645).
cost(21, 12, 390520).
cost(21, 13, 302240).
cost(21, 14, 475614).
cost(21, 15, 368811).
cost(21, 16, 681640).
cost(21, 17, 494129).
cost(21, 18, 548798).
cost(21, 19, 529592).
cost(21, 20, 352725).
cost(21, 22, 455943).
cost(21, 23, 42936).
cost(21, 24, 604166).
cost(22, 1, 324233).
cost(22, 2, 143692).
cost(22, 3, 192637).
cost(22, 4, 387820).
cost(22, 5, 129796).
cost(22, 6, 352179).
cost(22, 7, 501854).
cost(22, 8, 370936).
cost(22, 9, 304116).
cost(22, 10, 139254).
cost(22, 11, 115479).
cost(22, 12, 128857).
cost(22, 13, 425573).
cost(22, 14, 302532).
cost(22, 15, 307620).
cost(22, 16, 396589).
cost(22, 17, 814974).
cost(22, 18, 462344).
cost(22, 19, 482910).
cost(22, 20, 529428).
cost(22, 21, 455943).
cost(22, 23, 494934).
cost(22, 24, 601090).
cost(23, 1, 468961).
cost(23, 2, 514987).
cost(23, 3, 303288).
cost(23, 4, 365710).
cost(23, 5, 567624).
cost(23, 6, 142759).
cost(23, 7, 23294).
cost(23, 8, 577814).
cost(23, 9, 378506).
cost(23, 10, 633688).
cost(23, 11, 398852).
cost(23, 12, 423871).
cost(23, 13, 336794).
cost(23, 14, 496141).
cost(23, 15, 386930).
cost(23, 16, 704170).
cost(23, 17, 460111).
cost(23, 18, 558078).
cost(23, 19, 535809).
cost(23, 20, 342968).
cost(23, 21, 42936).
cost(23, 22, 494934).
cost(23, 24, 603237).
cost(24, 1, 276859).
cost(24, 2, 473287).
cost(24, 3, 566704).
cost(24, 4, 265856).
cost(24, 5, 730627).
cost(24, 6, 560194).
cost(24, 7, 585718).
cost(24, 8, 266752).
cost(24, 9, 320291).
cost(24, 10, 680607).
cost(24, 11, 623327).
cost(24, 12, 478474).
cost(24, 13, 837204).
cost(24, 14, 302428).
cost(24, 15, 312994).
cost(24, 16, 376887).
cost(24, 17, 480390).
cost(24, 18, 146961).
cost(24, 19, 118266).
cost(24, 20, 273169).
cost(24, 21, 604166).
cost(24, 22, 601090).
cost(24, 23, 603237).
nocross(1,2).
nocross(1,3).
nocross(1,4).
nocross(1,9).
nocross(1,12).
nocross(1,14).
nocross(1,15).
nocross(2,1).
nocross(2,3).
nocross(2,9).
nocross(2,14).
nocross(2,16).
nocross(3,1).
nocross(3,6).
nocross(3,9).
nocross(3,11).
nocross(3,12).
nocross(4,1).
nocross(4,3).
nocross(4,7).
nocross(4,14).
nocross(4,15).
nocross(4,20).
nocross(5,2).
nocross(5,3).
nocross(5,6).
nocross(5,11).
nocross(6,3).
nocross(6,4).
nocross(6,7).
nocross(6,9).
nocross(7,6).
nocross(7,21).
nocross(8,1).
nocross(8,2).
nocross(8,4).
nocross(8,9).
nocross(8,14).
nocross(8,15).
nocross(8,16).
nocross(8,18).
nocross(9,1).
nocross(9,2).
nocross(9,3).
nocross(9,4).
nocross(9,7).
nocross(9,15).
nocross(9,20).
nocross(10,2).
nocross(10,5).
nocross(10,11).
nocross(10,12).
nocross(10,16).
nocross(11,1).
nocross(11,2).
nocross(11,3).
nocross(11,6).
nocross(11,9).
nocross(11,12).
nocross(12,1).
nocross(12,2).
nocross(12,3).
nocross(12,7).
nocross(12,9).
nocross(12,11).
nocross(12,14).
nocross(12,15).
nocross(12,16).
nocross(13,3).
nocross(13,5).
nocross(13,6).
nocross(13,11).
nocross(14,1).
nocross(14,2).
nocross(14,3).
nocross(14,7).
nocross(14,9).
nocross(14,12).
nocross(15,1).
nocross(15,2).
nocross(15,3).
nocross(15,4).
nocross(15,7).
nocross(15,9).
nocross(15,12).
nocross(15,14).
nocross(15,20).
nocross(16,1).
nocross(16,2).
nocross(16,8).
nocross(16,14).
nocross(16,18).
nocross(17,20).
nocross(18,1).
nocross(18,4).
nocross(18,8).
nocross(18,9).
nocross(18,14).
nocross(18,15).
nocross(18,16).
nocross(18,19).
nocross(19,1).
nocross(19,2).
nocross(19,4).
nocross(19,8).
nocross(19,9).
nocross(19,14).
nocross(19,15).
nocross(20,1).
nocross(20,2).
nocross(20,4).
nocross(20,6).
nocross(20,7).
nocross(20,9).
nocross(20,19).
nocross(21,7).
nocross(21,23).
nocross(22,2).
nocross(22,3).
nocross(22,5).
nocross(22,10).
nocross(22,11).
nocross(22,12).
nocross(23,6).
nocross(23,7).
nocross(23,21).
nocross(24,1).
nocross(24,4).
nocross(24,15).
nocross(24,18).
nocross(24,20).
