dimension(24).
point(1, 296513.0, -84271.0).
point(2, -116937.0, -22342.0).
point(3, -560875.0, 230500.0).
point(4, 169273.0, 37427.0).
point(5, 102762.0, 402222.0).
point(6, -94947.0, -246774.0).
point(7, 4105.0, 9635.0).
point(8, -58217.0, -786689.0).
point(9, 102382.0, 209047.0).
point(10, 128520.0, -115553.0).
point(11, -129189.0, 27529.0).
point(12, 83826.0, -146795.0).
point(13, -215655.0, -121272.0).
point(14, -149465.0, 83455.0).
point(15, 422434.0, -392355.0).
point(16, 116299.0, -170956.0).
point(17, 179480.0, 170244.0).
point(18, 70747.0, 144825.0).
point(19, -94720.0, -223641.0).
point(20, 130107.0, -190478.0).
point(21, -114624.0, 203195.0).
point(22, -145679.0, -438774.0).
point(23, -175791.0, -67210.0).
point(24, -14164.0, -217822.0).
cost(1, 2, 418062).
cost(1, 3, 913343).
cost(1, 4, 176069).
cost(1, 5, 523655).
cost(1, 6, 423849).
cost(1, 7, 307117).
cost(1, 8, 786908).
cost(1, 9, 351742).
cost(1, 10, 170881).
cost(1, 11, 440138).
cost(1, 12, 221687).
cost(1, 13, 513503).
cost(1, 14, 476475).
cost(1, 15, 332824).
cost(1, 16, 199978).
cost(1, 17, 280133).
cost(1, 18, 321645).
cost(1, 19, 415316).
cost(1, 20, 197410).
cost(1, 21, 501668).
cost(1, 22, 566751).
cost(1, 23, 472612).
cost(1, 24, 338166).
cost(2, 1, 418062).
cost(2, 3, 510891).
cost(2, 4, 292384).
cost(2, 5, 478040).
cost(2, 6, 225507).
cost(2, 7, 125195).
cost(2, 8, 766599).
cost(2, 9, 318813).
cost(2, 10, 262559).
cost(2, 11, 51354).
cost(2, 12, 236208).
cost(2, 13, 139758).
cost(2, 14, 110685).
cost(2, 15, 654088).
cost(2, 16, 276559).
cost(2, 17, 353486).
cost(2, 18, 251337).
cost(2, 19, 202521).
cost(2, 20, 298832).
cost(2, 21, 225549).
cost(2, 22, 417423).
cost(2, 23, 74006).
cost(2, 24, 220850).
cost(3, 1, 913343).
cost(3, 2, 510891).
cost(3, 4, 755244).
cost(3, 5, 685494).
cost(3, 6, 666993).
cost(3, 7, 606617).
cost(3, 8, 1134609).
cost(3, 9, 663604).
cost(3, 10, 771374).
cost(3, 11, 477022).
cost(3, 12, 746988).
cost(3, 13, 492870).
cost(3, 14, 436899).
cost(3, 15, 1163978).
cost(3, 16, 787230).
cost(3, 17, 742803).
cost(3, 18, 637406).
cost(3, 19, 650803).
cost(3, 20, 809122).
cost(3, 21, 447086).
cost(3, 22, 787601).
cost(3, 23, 486745).
cost(3, 24, 707026).
cost(4, 1, 176069).
cost(4, 2, 292384).
cost(4, 3, 755244).
cost(4, 5, 370809).
cost(4, 6, 388050).
cost(4, 7, 167490).
cost(4, 8, 854938).
cost(4, 9, 184195).
cost(4, 10, 158315).
cost(4, 11, 298626).
cost(4, 12, 203074).
cost(4, 13, 416359).
cost(4, 14, 322044).
cost(4, 15, 498802).
cost(4, 16, 215011).
cost(4, 17, 133209).
cost(4, 18, 145745).
cost(4, 19, 371280).
cost(4, 20, 231246).
cost(4, 21, 328750).
cost(4, 22, 570931).
cost(4, 23, 360580).
cost(4, 24, 314327).
cost(5, 1, 523655).
cost(5, 2, 478040).
cost(5, 3, 685494).
cost(5, 4, 370809).
cost(5, 6, 678443).
cost(5, 7, 404793).
cost(5, 8, 1199760).
cost(5, 9, 193175).
cost(5, 10, 518415).
cost(5, 11, 440677).
cost(5, 12, 549343).
cost(5, 13, 612728).
cost(5, 14, 406486).
cost(5, 15, 856471).
cost(5, 16, 573338).
cost(5, 17, 244335).
cost(5, 18, 259380).
cost(5, 19, 656280).
cost(5, 20, 593330).
cost(5, 21, 294734).
cost(5, 22, 876925).
cost(5, 23, 545855).
cost(5, 24, 630972).
cost(6, 1, 423849).
cost(6, 2, 225507).
cost(6, 3, 666993).
cost(6, 4, 388050).
cost(6, 5, 678443).
cost(6, 7, 274876).
cost(6, 8, 541163).
cost(6, 9, 496701).
cost(6, 10, 259146).
cost(6, 11, 276432).
cost(6, 12, 204831).
cost(6, 13, 174130).
cost(6, 14, 334699).
cost(6, 15, 537473).
cost(6, 16, 224440).
cost(6, 17, 499214).
cost(6, 18, 425211).
cost(6, 19, 23134).
cost(6, 20, 231988).
cost(6, 21, 450399).
cost(6, 22, 198589).
cost(6, 23, 196924).
cost(6, 24, 85814).
cost(7, 1, 307117).
cost(7, 2, 125195).
cost(7, 3, 606617).
cost(7, 4, 167490).
cost(7, 5, 404793).
cost(7, 6, 274876).
cost(7, 8, 798759).
cost(7, 9, 222314).
cost(7, 10, 176497).
cost(7, 11, 134490).
cost(7, 12, 175573).
cost(7, 13, 255795).
cost(7, 14, 170391).
cost(7, 15, 580168).
cost(7, 16, 212604).
cost(7, 17, 237806).
cost(7, 18, 150723).
cost(7, 19, 253346).
cost(7, 20, 236478).
cost(7, 21, 227073).
cost(7, 22, 472764).
cost(7, 23, 195621).
cost(7, 24, 228189).
cost(8, 1, 786908).
cost(8, 2, 766599).
cost(8, 3, 1134609).
cost(8, 4, 854938).
cost(8, 5, 1199760).
cost(8, 6, 541163).
cost(8, 7, 798759).
cost(8, 9, 1008604).
cost(8, 10, 696631).
cost(8, 11, 817305).
cost(8, 12, 655470).
cost(8, 13, 683788).
cost(8, 14, 874915).
cost(8, 15, 621711).
cost(8, 16, 639987).
cost(8, 17, 986012).
cost(8, 18, 940399).
cost(8, 19, 564230).
cost(8, 20, 625247).
cost(8, 21, 991490).
cost(8, 22, 358740).
cost(8, 23, 729022).
cost(8, 24, 570570).
cost(9, 1, 351742).
cost(9, 2, 318813).
cost(9, 3, 663604).
cost(9, 4, 184195).
cost(9, 5, 193175).
cost(9, 6, 496701).
cost(9, 7, 222314).
cost(9, 8, 1008604).
cost(9, 10, 325651).
cost(9, 11, 294234).
cost(9, 12, 356325).
cost(9, 13, 458539).
cost(9, 14, 281425).
cost(9, 15, 681262).
cost(9, 16, 380258).
cost(9, 17, 86312).
cost(9, 18, 71591).
cost(9, 19, 475466).
cost(9, 20, 400486).
cost(9, 21, 217085).
cost(9, 22, 693690).
cost(9, 23, 392044).
cost(9, 24, 442493).
cost(10, 1, 170881).
cost(10, 2, 262559).
cost(10, 3, 771374).
cost(10, 4, 158315).
cost(10, 5, 518415).
cost(10, 6, 259146).
cost(10, 7, 176497).
cost(10, 8, 696631).
cost(10, 9, 325651).
cost(10, 11, 294765).
cost(10, 12, 54531).
cost(10, 13, 344223).
cost(10, 14, 341877).
cost(10, 15, 403739).
cost(10, 16, 56735).
cost(10, 17, 290305).
cost(10, 18, 266710).
cost(10, 19, 248030).
cost(10, 20, 74942).
cost(10, 21, 400898).
cost(10, 22, 423860).
cost(10, 23, 308127).
cost(10, 24, 175550).
cost(11, 1, 440138).
cost(11, 2, 51354).
cost(11, 3, 477022).
cost(11, 4, 298626).
cost(11, 5, 440677).
cost(11, 6, 276432).
cost(11, 7, 134490).
cost(11, 8, 817305).
cost(11, 9, 294234).
cost(11, 10, 294765).
cost(11, 12, 275253).
cost(11, 13, 172099).
cost(11, 14, 59488).
cost(11, 15, 693246).
cost(11, 16, 315691).
cost(11, 17, 340065).
cost(11, 18, 231803).
cost(11, 19, 253524).
cost(11, 20, 338765).
cost(11, 21, 176269).
cost(11, 22, 466594).
cost(11, 23, 105580).
cost(11, 24, 270976).
cost(12, 1, 221687).
cost(12, 2, 236208).
cost(12, 3, 746988).
cost(12, 4, 203074).
cost(12, 5, 549343).
cost(12, 6, 204831).
cost(12, 7, 175573).
cost(12, 8, 655470).
cost(12, 9, 356325).
cost(12, 10, 54531).
cost(12, 11, 275253).
cost(12, 13, 300567).
cost(12, 14, 327780).
cost(12, 15, 418276).
cost(12, 16, 40475).
cost(12, 17, 331155).
cost(12, 18, 291913).
cost(12, 19, 194381).
cost(12, 20, 63641).
cost(12, 21, 402337).
cost(12, 22, 371382).
cost(12, 23, 271541).
cost(12, 24, 121024).
cost(13, 1, 513503).
cost(13, 2, 139758).
cost(13, 3, 492870).
cost(13, 4, 416359).
cost(13, 5, 612728).
cost(13, 6, 174130).
cost(13, 7, 255795).
cost(13, 8, 683788).
cost(13, 9, 458539).
cost(13, 10, 344223).
cost(13, 11, 172099).
cost(13, 12, 300567).
cost(13, 14, 215161).
cost(13, 15, 693285).
cost(13, 16, 335652).
cost(13, 17, 491033).
cost(13, 18, 390940).
cost(13, 19, 158445).
cost(13, 20, 352620).
cost(13, 21, 339832).
cost(13, 22, 325122).
cost(13, 23, 67170).
cost(13, 24, 223429).
cost(14, 1, 476475).
cost(14, 2, 110685).
cost(14, 3, 436899).
cost(14, 4, 322044).
cost(14, 5, 406486).
cost(14, 6, 334699).
cost(14, 7, 170391).
cost(14, 8, 874915).
cost(14, 9, 281425).
cost(14, 10, 341877).
cost(14, 11, 59488).
cost(14, 12, 327780).
cost(14, 13, 215161).
cost(14, 15, 743951).
cost(14, 16, 367907).
cost(14, 17, 340202).
cost(14, 18, 228604).
cost(14, 19, 311937).
cost(14, 20, 391407).
cost(14, 21, 124706).
cost(14, 22, 522243).
cost(14, 23, 152948).
cost(14, 24, 330264).
cost(15, 1, 332824).
cost(15, 2, 654088).
cost(15, 3, 1163978).
cost(15, 4, 498802).
cost(15, 5, 856471).
cost(15, 6, 537473).
cost(15, 7, 580168).
cost(15, 8, 621711).
cost(15, 9, 681262).
cost(15, 10, 403739).
cost(15, 11, 693246).
cost(15, 12, 418276).
cost(15, 13, 693285).
cost(15, 14, 743951).
cost(15, 16, 377804).
cost(15, 17, 612817).
cost(15, 18, 642064).
cost(15, 19, 543979).
cost(15, 20, 355260).
cost(15, 21, 801942).
cost(15, 22, 570006).
cost(15, 23, 680876).
cost(15, 24, 470191).
cost(16, 1, 199978).
cost(16, 2, 276559).
cost(16, 3, 787230).
cost(16, 4, 215011).
cost(16, 5, 573338).
cost(16, 6, 224440).
cost(16, 7, 212604).
cost(16, 8, 639987).
cost(16, 9, 380258).
cost(16, 10, 56735).
cost(16, 11, 315691).
cost(16, 12, 40475).
cost(16, 13, 335652).
cost(16, 14, 367907).
cost(16, 15, 377804).
cost(16, 17, 347000).
cost(16, 18, 319050).
cost(16, 19, 217497).
cost(16, 20, 23912).
cost(16, 21, 439675).
cost(16, 22, 374645).
cost(16, 23, 309967).
cost(16, 24, 138625).
cost(17, 1, 280133).
cost(17, 2, 353486).
cost(17, 3, 742803).
cost(17, 4, 133209).
cost(17, 5, 244335).
cost(17, 6, 499214).
cost(17, 7, 237806).
cost(17, 8, 986012).
cost(17, 9, 86312).
cost(17, 10, 290305).
cost(17, 11, 340065).
cost(17, 12, 331155).
cost(17, 13, 491033).
cost(17, 14, 340202).
cost(17, 15, 612817).
cost(17, 16, 347000).
cost(17, 18, 111665).
cost(17, 19, 479928).
cost(17, 20, 364085).
cost(17, 21, 295944).
cost(17, 22, 690385).
cost(17, 23, 427319).
cost(17, 24, 433697).
cost(18, 1, 321645).
cost(18, 2, 251337).
cost(18, 3, 637406).
cost(18, 4, 145745).
cost(18, 5, 259380).
cost(18, 6, 425211).
cost(18, 7, 150723).
cost(18, 8, 940399).
cost(18, 9, 71591).
cost(18, 10, 266710).
cost(18, 11, 231803).
cost(18, 12, 291913).
cost(18, 13, 390940).
cost(18, 14, 228604).
cost(18, 15, 642064).
cost(18, 16, 319050).
cost(18, 17, 111665).
cost(18, 19, 403914).
cost(18, 20, 340517).
cost(18, 21, 194344).
cost(18, 22, 622437).
cost(18, 23, 325177).
cost(18, 24, 372455).
cost(19, 1, 415316).
cost(19, 2, 202521).
cost(19, 3, 650803).
cost(19, 4, 371280).
cost(19, 5, 656280).
cost(19, 6, 23134).
cost(19, 7, 253346).
cost(19, 8, 564230).
cost(19, 9, 475466).
cost(19, 10, 248030).
cost(19, 11, 253524).
cost(19, 12, 194381).
cost(19, 13, 158445).
cost(19, 14, 311937).
cost(19, 15, 543979).
cost(19, 16, 217497).
cost(19, 17, 479928).
cost(19, 18, 403914).
cost(19, 20, 227260).
cost(19, 21, 427300).
cost(19, 22, 221086).
cost(19, 23, 176191).
cost(19, 24, 80766).
cost(20, 1, 197410).
cost(20, 2, 298832).
cost(20, 3, 809122).
cost(20, 4, 231246).
cost(20, 5, 593330).
cost(20, 6, 231988).
cost(20, 7, 236478).
cost(20, 8, 625247).
cost(20, 9, 400486).
cost(20, 10, 74942).
cost(20, 11, 338765).
cost(20, 12, 63641).
cost(20, 13, 352620).
cost(20, 14, 391407).
cost(20, 15, 355260).
cost(20, 16, 23912).
cost(20, 17, 364085).
cost(20, 18, 340517).
cost(20, 19, 227260).
cost(20, 21, 463543).
cost(20, 22, 371091).
cost(20, 23, 329801).
cost(20, 24, 146839).
cost(21, 1, 501668).
cost(21, 2, 225549).
cost(21, 3, 447086).
cost(21, 4, 328750).
cost(21, 5, 294734).
cost(21, 6, 450399).
cost(21, 7, 227073).
cost(21, 8, 991490).
cost(21, 9, 217085).
cost(21, 10, 400898).
cost(21, 11, 176269).
cost(21, 12, 402337).
cost(21, 13, 339832).
cost(21, 14, 124706).
cost(21, 15, 801942).
cost(21, 16, 439675).
cost(21, 17, 295944).
cost(21, 18, 194344).
cost(21, 19, 427300).
cost(21, 20, 463543).
cost(21, 22, 642720).
cost(21, 23, 277237).
cost(21, 24, 432837).
cost(22, 1, 566751).
cost(22, 2, 417423).
cost(22, 3, 787601).
cost(22, 4, 570931).
cost(22, 5, 876925).
cost(22, 6, 198589).
cost(22, 7, 472764).
cost(22, 8, 358740).
cost(22, 9, 693690).
cost(22, 10, 423860).
cost(22, 11, 466594).
cost(22, 12, 371382).
cost(22, 13, 325122).
cost(22, 14, 522243).
cost(22, 15, 570006).
cost(22, 16, 374645).
cost(22, 17, 690385).
cost(22, 18, 622437).
cost(22, 19, 221086).
cost(22, 20, 371091).
cost(22, 21, 642720).
cost(22, 23, 372782).
cost(22, 24, 257130).
cost(23, 1, 472612).
cost(23, 2, 74006).
cost(23, 3, 486745).
cost(23, 4, 360580).
cost(23, 5, 545855).
cost(23, 6, 196924).
cost(23, 7, 195621).
cost(23, 8, 729022).
cost(23, 9, 392044).
cost(23, 10, 308127).
cost(23, 11, 105580).
cost(23, 12, 271541).
cost(23, 13, 67170).
cost(23, 14, 152948).
cost(23, 15, 680876).
cost(23, 16, 309967).
cost(23, 17, 427319).
cost(23, 18, 325177).
cost(23, 19, 176191).
cost(23, 20, 329801).
cost(23, 21, 277237).
cost(23, 22, 372782).
cost(23, 24, 220924).
cost(24, 1, 338166).
cost(24, 2, 220850).
cost(24, 3, 707026).
cost(24, 4, 314327).
cost(24, 5, 630972).
cost(24, 6, 85814).
cost(24, 7, 228189).
cost(24, 8, 570570).
cost(24, 9, 442493).
cost(24, 10, 175550).
cost(24, 11, 270976).
cost(24, 12, 121024).
cost(24, 13, 223429).
cost(24, 14, 330264).
cost(24, 15, 470191).
cost(24, 16, 138625).
cost(24, 17, 433697).
cost(24, 18, 372455).
cost(24, 19, 80766).
cost(24, 20, 146839).
cost(24, 21, 432837).
cost(24, 22, 257130).
cost(24, 23, 220924).
nocross(1,4).
nocross(1,16).
nocross(1,17).
nocross(1,20).
nocross(1,23).
nocross(2,11).
nocross(2,14).
nocross(2,18).
nocross(2,19).
nocross(2,20).
nocross(2,21).
nocross(2,23).
nocross(2,24).
nocross(3,2).
nocross(3,11).
nocross(3,13).
nocross(3,14).
nocross(3,21).
nocross(3,23).
nocross(4,1).
nocross(4,17).
nocross(4,18).
nocross(4,19).
nocross(4,20).
nocross(4,23).
nocross(5,9).
nocross(5,17).
nocross(5,18).
nocross(5,21).
nocross(7,4).
nocross(7,11).
nocross(7,14).
nocross(7,18).
nocross(7,19).
nocross(7,21).
nocross(7,23).
nocross(9,5).
nocross(9,14).
nocross(9,17).
nocross(9,18).
nocross(9,19).
nocross(9,21).
nocross(10,17).
nocross(10,18).
nocross(11,2).
nocross(11,5).
nocross(11,7).
nocross(11,14).
nocross(11,18).
nocross(11,19).
nocross(11,21).
nocross(11,23).
nocross(11,24).
nocross(12,16).
nocross(12,18).
nocross(12,23).
nocross(12,24).
nocross(14,2).
nocross(14,5).
nocross(14,7).
nocross(14,11).
nocross(14,18).
nocross(14,21).
nocross(14,23).
nocross(15,1).
nocross(15,20).
nocross(15,22).
nocross(15,24).
nocross(16,10).
nocross(16,12).
nocross(16,17).
nocross(16,18).
nocross(16,20).
nocross(16,24).
nocross(17,5).
nocross(17,9).
nocross(17,11).
nocross(17,18).
nocross(17,19).
nocross(18,11).
nocross(18,14).
nocross(18,17).
nocross(18,19).
nocross(18,21).
nocross(19,11).
nocross(19,13).
nocross(19,16).
nocross(19,18).
nocross(19,20).
nocross(19,21).
nocross(19,23).
nocross(19,24).
nocross(20,1).
nocross(20,15).
nocross(20,16).
nocross(20,18).
nocross(20,24).
nocross(21,2).
nocross(21,3).
nocross(21,5).
nocross(21,7).
nocross(21,9).
nocross(21,11).
nocross(21,14).
nocross(21,18).
nocross(22,2).
nocross(22,11).
nocross(22,15).
nocross(22,16).
nocross(22,18).
nocross(22,19).
nocross(22,20).
nocross(22,23).
nocross(22,24).
nocross(23,2).
nocross(23,11).
nocross(23,14).
nocross(23,18).
nocross(23,19).
nocross(23,20).
nocross(23,21).
nocross(23,24).
nocross(24,2).
nocross(24,11).
nocross(24,13).
nocross(24,16).
nocross(24,18).
nocross(24,19).
nocross(24,20).
nocross(24,23).
