dimension(24).
point(1, 441057.0, -219320.0).
point(2, -122419.0, -118810.0).
point(3, 344459.0, 211806.0).
point(4, 245519.0, -92123.0).
point(5, 297212.0, 163420.0).
point(6, -64275.0, 435042.0).
point(7, 462946.0, 191805.0).
point(8, -264142.0, 373178.0).
point(9, 145289.0, 184109.0).
point(10, 906.0, -252368.0).
point(11, -142791.0, 194893.0).
point(12, 240557.0, 237142.0).
point(13, -110136.0, 87738.0).
point(14, -60491.0, -211359.0).
point(15, -312881.0, -270014.0).
point(16, 79539.0, -352135.0).
point(17, -1992.0, 87322.0).
point(18, -335447.0, -74088.0).
point(19, -152904.0, 9881.0).
point(20, -462052.0, 116113.0).
point(21, 331642.0, 226185.0).
point(22, -411936.0, -45303.0).
point(23, -115285.0, -67839.0).
point(24, 446491.0, 100013.0).
cost(1, 2, 572370).
cost(1, 3, 441815).
cost(1, 4, 233268).
cost(1, 5, 408878).
cost(1, 6, 826771).
cost(1, 7, 411707).
cost(1, 8, 921064).
cost(1, 9, 500234).
cost(1, 10, 441390).
cost(1, 11, 715857).
cost(1, 12, 498556).
cost(1, 13, 630950).
cost(1, 14, 501611).
cost(1, 15, 755640).
cost(1, 16, 385143).
cost(1, 17, 538815).
cost(1, 18, 789969).
cost(1, 19, 636650).
cost(1, 20, 963390).
cost(1, 21, 458744).
cost(1, 22, 870562).
cost(1, 23, 576596).
cost(1, 24, 319379).
cost(2, 1, 572370).
cost(2, 3, 572086).
cost(2, 4, 368905).
cost(2, 5, 505711).
cost(2, 6, 556896).
cost(2, 7, 662672).
cost(2, 8, 511994).
cost(2, 9, 404262).
cost(2, 10, 181788).
cost(2, 11, 314364).
cost(2, 12, 508383).
cost(2, 13, 206913).
cost(2, 14, 111357).
cost(2, 15, 243184).
cost(2, 16, 308590).
cost(2, 17, 238732).
cost(2, 18, 217672).
cost(2, 19, 132252).
cost(2, 20, 412964).
cost(2, 21, 570257).
cost(2, 22, 298703).
cost(2, 23, 51468).
cost(2, 24, 609543).
cost(3, 1, 441815).
cost(3, 2, 572086).
cost(3, 4, 319628).
cost(3, 5, 67628).
cost(3, 6, 465723).
cost(3, 7, 120163).
cost(3, 8, 629632).
cost(3, 9, 201087).
cost(3, 10, 577483).
cost(3, 11, 487543).
cost(3, 12, 106946).
cost(3, 13, 471221).
cost(3, 14, 585707).
cost(3, 15, 815013).
cost(3, 16, 623067).
cost(3, 17, 368137).
cost(3, 18, 737569).
cost(3, 19, 536790).
cost(3, 20, 812168).
cost(3, 21, 19262).
cost(3, 22, 798898).
cost(3, 23, 538113).
cost(3, 24, 151355).
cost(4, 1, 233268).
cost(4, 2, 368905).
cost(4, 3, 319628).
cost(4, 5, 260719).
cost(4, 6, 611453).
cost(4, 7, 357617).
cost(4, 8, 690115).
cost(4, 9, 293854).
cost(4, 10, 292428).
cost(4, 11, 482869).
cost(4, 12, 329302).
cost(4, 13, 398548).
cost(4, 14, 328419).
cost(4, 15, 586051).
cost(4, 16, 308473).
cost(4, 17, 305716).
cost(4, 18, 581246).
cost(4, 19, 411273).
cost(4, 20, 737576).
cost(4, 21, 329753).
cost(4, 22, 659120).
cost(4, 23, 361620).
cost(4, 24, 278040).
cost(5, 1, 408878).
cost(5, 2, 505711).
cost(5, 3, 67628).
cost(5, 4, 260719).
cost(5, 6, 452163).
cost(5, 7, 168147).
cost(5, 8, 599263).
cost(5, 9, 153325).
cost(5, 10, 510565).
cost(5, 11, 441127).
cost(5, 12, 92977).
cost(5, 13, 414319).
cost(5, 14, 518084).
cost(5, 15, 748384).
cost(5, 16, 559624).
cost(5, 17, 308730).
cost(5, 18, 675772).
cost(5, 19, 475582).
cost(5, 20, 760736).
cost(5, 21, 71588).
cost(5, 22, 739227).
cost(5, 23, 472900).
cost(5, 24, 162187).
cost(6, 1, 826771).
cost(6, 2, 556896).
cost(6, 3, 465723).
cost(6, 4, 611453).
cost(6, 5, 452163).
cost(6, 7, 580626).
cost(6, 8, 209222).
cost(6, 9, 326932).
cost(6, 10, 690493).
cost(6, 11, 252658).
cost(6, 12, 363438).
cost(6, 13, 350319).
cost(6, 14, 646412).
cost(6, 15, 747602).
cost(6, 16, 800206).
cost(6, 17, 353254).
cost(6, 18, 576843).
cost(6, 19, 434301).
cost(6, 20, 509845).
cost(6, 21, 447629).
cost(6, 22, 592958).
cost(6, 23, 505461).
cost(6, 24, 610841).
cost(7, 1, 411707).
cost(7, 2, 662672).
cost(7, 3, 120163).
cost(7, 4, 357617).
cost(7, 5, 168147).
cost(7, 6, 580626).
cost(7, 8, 749368).
cost(7, 9, 317750).
cost(7, 10, 640914).
cost(7, 11, 605745).
cost(7, 12, 226963).
cost(7, 13, 582454).
cost(7, 14, 660702).
cost(7, 15, 902876).
cost(7, 16, 665486).
cost(7, 17, 476533).
cost(7, 18, 841505).
cost(7, 19, 642159).
cost(7, 20, 928090).
cost(7, 21, 135730).
cost(7, 22, 906443).
cost(7, 23, 633850).
cost(7, 24, 93255).
cost(8, 1, 921064).
cost(8, 2, 511994).
cost(8, 3, 629632).
cost(8, 4, 690115).
cost(8, 5, 599263).
cost(8, 6, 209222).
cost(8, 7, 749368).
cost(8, 9, 450978).
cost(8, 10, 679381).
cost(8, 11, 215665).
cost(8, 12, 522711).
cost(8, 13, 324336).
cost(8, 14, 618997).
cost(8, 15, 645036).
cost(8, 16, 802618).
cost(8, 17, 387861).
cost(8, 18, 452914).
cost(8, 19, 379946).
cost(8, 20, 324424).
cost(8, 21, 613649).
cost(8, 22, 443812).
cost(8, 23, 465461).
cost(8, 24, 761327).
cost(9, 1, 500234).
cost(9, 2, 404262).
cost(9, 3, 201087).
cost(9, 4, 293854).
cost(9, 5, 153325).
cost(9, 6, 326932).
cost(9, 7, 317750).
cost(9, 8, 450978).
cost(9, 10, 459738).
cost(9, 11, 288282).
cost(9, 12, 109034).
cost(9, 13, 273001).
cost(9, 14, 445803).
cost(9, 15, 645095).
cost(9, 16, 540260).
cost(9, 17, 176237).
cost(9, 18, 545686).
cost(9, 19, 345361).
cost(9, 20, 611135).
cost(9, 21, 191044).
cost(9, 22, 602602).
cost(9, 23, 362459).
cost(9, 24, 312722).
cost(10, 1, 441390).
cost(10, 2, 181788).
cost(10, 3, 577483).
cost(10, 4, 292428).
cost(10, 5, 510565).
cost(10, 6, 690493).
cost(10, 7, 640914).
cost(10, 8, 679381).
cost(10, 9, 459738).
cost(10, 11, 469778).
cost(10, 12, 545025).
cost(10, 13, 357774).
cost(10, 14, 73833).
cost(10, 15, 314283).
cost(10, 16, 127030).
cost(10, 17, 339702).
cost(10, 18, 380680).
cost(10, 19, 304026).
cost(10, 20, 591700).
cost(10, 21, 581721).
cost(10, 22, 461860).
cost(10, 23, 218063).
cost(10, 24, 568083).
cost(11, 1, 715857).
cost(11, 2, 314364).
cost(11, 3, 487543).
cost(11, 4, 482869).
cost(11, 5, 441127).
cost(11, 6, 252658).
cost(11, 7, 605745).
cost(11, 8, 215665).
cost(11, 9, 288282).
cost(11, 10, 469778).
cost(11, 12, 385669).
cost(11, 13, 112020).
cost(11, 14, 414504).
cost(11, 15, 495045).
cost(11, 16, 590483).
cost(11, 17, 177189).
cost(11, 18, 330858).
cost(11, 19, 185288).
cost(11, 20, 328837).
cost(11, 21, 475464).
cost(11, 22, 360740).
cost(11, 23, 264168).
cost(11, 24, 596871).
cost(12, 1, 498556).
cost(12, 2, 508383).
cost(12, 3, 106946).
cost(12, 4, 329302).
cost(12, 5, 92977).
cost(12, 6, 363438).
cost(12, 7, 226963).
cost(12, 8, 522711).
cost(12, 9, 109034).
cost(12, 10, 545025).
cost(12, 11, 385669).
cost(12, 13, 381192).
cost(12, 14, 540169).
cost(12, 15, 750667).
cost(12, 16, 610880).
cost(12, 17, 285090).
cost(12, 18, 654710).
cost(12, 19, 454378).
cost(12, 20, 712957).
cost(12, 21, 91742).
cost(12, 22, 711001).
cost(12, 23, 468654).
cost(12, 24, 247413).
cost(13, 1, 630950).
cost(13, 2, 206913).
cost(13, 3, 471221).
cost(13, 4, 398548).
cost(13, 5, 414319).
cost(13, 6, 350319).
cost(13, 7, 582454).
cost(13, 8, 324336).
cost(13, 9, 273001).
cost(13, 10, 357774).
cost(13, 11, 112020).
cost(13, 12, 381192).
cost(13, 14, 303189).
cost(13, 15, 411208).
cost(13, 16, 479025).
cost(13, 17, 108145).
cost(13, 18, 277403).
cost(13, 19, 88830).
cost(13, 20, 353058).
cost(13, 21, 462964).
cost(13, 22, 329823).
cost(13, 23, 155662).
cost(13, 24, 556762).
cost(14, 1, 501611).
cost(14, 2, 111357).
cost(14, 3, 585707).
cost(14, 4, 328419).
cost(14, 5, 518084).
cost(14, 6, 646412).
cost(14, 7, 660702).
cost(14, 8, 618997).
cost(14, 9, 445803).
cost(14, 10, 73833).
cost(14, 11, 414504).
cost(14, 12, 540169).
cost(14, 13, 303189).
cost(14, 15, 259116).
cost(14, 16, 198561).
cost(14, 17, 304356).
cost(14, 18, 307318).
cost(14, 19, 239765).
cost(14, 20, 518159).
cost(14, 21, 587548).
cost(14, 22, 388701).
cost(14, 23, 153624).
cost(14, 24, 594965).
cost(15, 1, 755640).
cost(15, 2, 243184).
cost(15, 3, 815013).
cost(15, 4, 586051).
cost(15, 5, 748384).
cost(15, 6, 747602).
cost(15, 7, 902876).
cost(15, 8, 645036).
cost(15, 9, 645095).
cost(15, 10, 314283).
cost(15, 11, 495045).
cost(15, 12, 750667).
cost(15, 13, 411208).
cost(15, 14, 259116).
cost(15, 16, 400921).
cost(15, 17, 473646).
cost(15, 18, 197221).
cost(15, 19, 322388).
cost(15, 20, 413940).
cost(15, 21, 813402).
cost(15, 22, 245575).
cost(15, 23, 282699).
cost(15, 24, 844728).
cost(16, 1, 385143).
cost(16, 2, 308590).
cost(16, 3, 623067).
cost(16, 4, 308473).
cost(16, 5, 559624).
cost(16, 6, 800206).
cost(16, 7, 665486).
cost(16, 8, 802618).
cost(16, 9, 540260).
cost(16, 10, 127030).
cost(16, 11, 590483).
cost(16, 12, 610880).
cost(16, 13, 479025).
cost(16, 14, 198561).
cost(16, 15, 400921).
cost(16, 17, 446956).
cost(16, 18, 499523).
cost(16, 19, 430215).
cost(16, 20, 715945).
cost(16, 21, 630880).
cost(16, 22, 579391).
cost(16, 23, 344646).
cost(16, 24, 582316).
cost(17, 1, 538815).
cost(17, 2, 238732).
cost(17, 3, 368137).
cost(17, 4, 305716).
cost(17, 5, 308730).
cost(17, 6, 353254).
cost(17, 7, 476533).
cost(17, 8, 387861).
cost(17, 9, 176237).
cost(17, 10, 339702).
cost(17, 11, 177189).
cost(17, 12, 285090).
cost(17, 13, 108145).
cost(17, 14, 304356).
cost(17, 15, 473646).
cost(17, 16, 446956).
cost(17, 18, 370466).
cost(17, 19, 169622).
cost(17, 20, 460960).
cost(17, 21, 361379).
cost(17, 22, 430864).
cost(17, 23, 192120).
cost(17, 24, 448663).
cost(18, 1, 789969).
cost(18, 2, 217672).
cost(18, 3, 737569).
cost(18, 4, 581246).
cost(18, 5, 675772).
cost(18, 6, 576843).
cost(18, 7, 841505).
cost(18, 8, 452914).
cost(18, 9, 545686).
cost(18, 10, 380680).
cost(18, 11, 330858).
cost(18, 12, 654710).
cost(18, 13, 277403).
cost(18, 14, 307318).
cost(18, 15, 197221).
cost(18, 16, 499523).
cost(18, 17, 370466).
cost(18, 19, 200930).
cost(18, 20, 228485).
cost(18, 21, 731554).
cost(18, 22, 81726).
cost(18, 23, 220251).
cost(18, 24, 801086).
cost(19, 1, 636650).
cost(19, 2, 132252).
cost(19, 3, 536790).
cost(19, 4, 411273).
cost(19, 5, 475582).
cost(19, 6, 434301).
cost(19, 7, 642159).
cost(19, 8, 379946).
cost(19, 9, 345361).
cost(19, 10, 304026).
cost(19, 11, 185288).
cost(19, 12, 454378).
cost(19, 13, 88830).
cost(19, 14, 239765).
cost(19, 15, 322388).
cost(19, 16, 430215).
cost(19, 17, 169622).
cost(19, 18, 200930).
cost(19, 20, 326891).
cost(19, 21, 530634).
cost(19, 22, 264845).
cost(19, 23, 86346).
cost(19, 24, 606134).
cost(20, 1, 963390).
cost(20, 2, 412964).
cost(20, 3, 812168).
cost(20, 4, 737576).
cost(20, 5, 760736).
cost(20, 6, 509845).
cost(20, 7, 928090).
cost(20, 8, 324424).
cost(20, 9, 611135).
cost(20, 10, 591700).
cost(20, 11, 328837).
cost(20, 12, 712957).
cost(20, 13, 353058).
cost(20, 14, 518159).
cost(20, 15, 413940).
cost(20, 16, 715945).
cost(20, 17, 460960).
cost(20, 18, 228485).
cost(20, 19, 326891).
cost(20, 21, 801290).
cost(20, 22, 169017).
cost(20, 23, 392538).
cost(20, 24, 908686).
cost(21, 1, 458744).
cost(21, 2, 570257).
cost(21, 3, 19262).
cost(21, 4, 329753).
cost(21, 5, 71588).
cost(21, 6, 447629).
cost(21, 7, 135730).
cost(21, 8, 613649).
cost(21, 9, 191044).
cost(21, 10, 581721).
cost(21, 11, 475464).
cost(21, 12, 91742).
cost(21, 13, 462964).
cost(21, 14, 587548).
cost(21, 15, 813402).
cost(21, 16, 630880).
cost(21, 17, 361379).
cost(21, 18, 731554).
cost(21, 19, 530634).
cost(21, 20, 801290).
cost(21, 22, 791590).
cost(21, 23, 534971).
cost(21, 24, 170616).
cost(22, 1, 870562).
cost(22, 2, 298703).
cost(22, 3, 798898).
cost(22, 4, 659120).
cost(22, 5, 739227).
cost(22, 6, 592958).
cost(22, 7, 906443).
cost(22, 8, 443812).
cost(22, 9, 602602).
cost(22, 10, 461860).
cost(22, 11, 360740).
cost(22, 12, 711001).
cost(22, 13, 329823).
cost(22, 14, 388701).
cost(22, 15, 245575).
cost(22, 16, 579391).
cost(22, 17, 430864).
cost(22, 18, 81726).
cost(22, 19, 264845).
cost(22, 20, 169017).
cost(22, 21, 791590).
cost(22, 23, 297506).
cost(22, 24, 870640).
cost(23, 1, 576596).
cost(23, 2, 51468).
cost(23, 3, 538113).
cost(23, 4, 361620).
cost(23, 5, 472900).
cost(23, 6, 505461).
cost(23, 7, 633850).
cost(23, 8, 465461).
cost(23, 9, 362459).
cost(23, 10, 218063).
cost(23, 11, 264168).
cost(23, 12, 468654).
cost(23, 13, 155662).
cost(23, 14, 153624).
cost(23, 15, 282699).
cost(23, 16, 344646).
cost(23, 17, 192120).
cost(23, 18, 220251).
cost(23, 19, 86346).
cost(23, 20, 392538).
cost(23, 21, 534971).
cost(23, 22, 297506).
cost(23, 24, 586316).
cost(24, 1, 319379).
cost(24, 2, 609543).
cost(24, 3, 151355).
cost(24, 4, 278040).
cost(24, 5, 162187).
cost(24, 6, 610841).
cost(24, 7, 93255).
cost(24, 8, 761327).
cost(24, 9, 312722).
cost(24, 10, 568083).
cost(24, 11, 596871).
cost(24, 12, 247413).
cost(24, 13, 556762).
cost(24, 14, 594965).
cost(24, 15, 844728).
cost(24, 16, 582316).
cost(24, 17, 448663).
cost(24, 18, 801086).
cost(24, 19, 606134).
cost(24, 20, 908686).
cost(24, 21, 170616).
cost(24, 22, 870640).
cost(24, 23, 586316).
nocross(1,10).
nocross(1,16).
nocross(2,10).
nocross(2,14).
nocross(2,15).
nocross(2,16).
nocross(2,19).
nocross(2,20).
nocross(2,23).
nocross(3,5).
nocross(3,21).
nocross(4,3).
nocross(4,10).
nocross(4,14).
nocross(4,16).
nocross(4,23).
nocross(5,3).
nocross(5,9).
nocross(6,9).
nocross(6,11).
nocross(6,17).
nocross(7,3).
nocross(7,5).
nocross(7,21).
nocross(8,20).
nocross(9,1).
nocross(9,3).
nocross(9,6).
nocross(9,11).
nocross(9,14).
nocross(9,17).
nocross(10,14).
nocross(10,16).
nocross(10,17).
nocross(11,9).
nocross(11,13).
nocross(11,17).
nocross(11,19).
nocross(11,20).
nocross(12,3).
nocross(12,5).
nocross(12,21).
nocross(13,11).
nocross(13,19).
nocross(13,23).
nocross(14,2).
nocross(14,10).
nocross(14,15).
nocross(14,16).
nocross(14,23).
nocross(15,2).
nocross(15,14).
nocross(15,16).
nocross(15,19).
nocross(15,23).
nocross(16,10).
nocross(16,14).
nocross(17,6).
nocross(17,10).
nocross(17,11).
nocross(17,13).
nocross(17,14).
nocross(17,19).
nocross(17,23).
nocross(18,2).
nocross(18,15).
nocross(18,16).
nocross(18,17).
nocross(18,19).
nocross(18,22).
nocross(19,2).
nocross(19,11).
nocross(19,13).
nocross(19,17).
nocross(19,20).
nocross(19,23).
nocross(20,2).
nocross(20,11).
nocross(20,18).
nocross(20,22).
nocross(21,3).
nocross(21,5).
nocross(21,7).
nocross(22,2).
nocross(22,8).
nocross(22,13).
nocross(22,15).
nocross(22,16).
nocross(22,17).
nocross(22,18).
nocross(22,19).
nocross(23,2).
nocross(23,17).
nocross(23,19).
nocross(23,20).
nocross(24,3).
