dimension(24).
point(1, -175992.0, 377532.0).
point(2, -276908.0, -324906.0).
point(3, -24443.0, -287102.0).
point(4, -202320.0, 9649.0).
point(5, 69723.0, -7807.0).
point(6, -16387.0, 108689.0).
point(7, -137810.0, -197156.0).
point(8, 109197.0, -93351.0).
point(9, 255887.0, 191348.0).
point(10, 58080.0, -92177.0).
point(11, 653259.0, 37994.0).
point(12, -345617.0, -343648.0).
point(13, 79233.0, 107305.0).
point(14, 19922.0, -110601.0).
point(15, -218525.0, -165899.0).
point(16, 122474.0, 221914.0).
point(17, 44330.0, -239688.0).
point(18, 2414.0, -122173.0).
point(19, -76597.0, -57589.0).
point(20, 54983.0, -20907.0).
point(21, -45330.0, -229726.0).
point(22, -314356.0, 78556.0).
point(23, -36662.0, -116570.0).
point(24, -172896.0, 316852.0).
cost(1, 2, 709650).
cost(1, 3, 681693).
cost(1, 4, 368824).
cost(1, 5, 457014).
cost(1, 6, 312650).
cost(1, 7, 575955).
cost(1, 8, 550512).
cost(1, 9, 470302).
cost(1, 10, 524801).
cost(1, 11, 896071).
cost(1, 12, 740860).
cost(1, 13, 371702).
cost(1, 14, 525981).
cost(1, 15, 545093).
cost(1, 16, 336599).
cost(1, 17, 655364).
cost(1, 18, 530598).
cost(1, 19, 446329).
cost(1, 20, 460547).
cost(1, 21, 621156).
cost(1, 22, 329441).
cost(1, 23, 513371).
cost(1, 24, 60759).
cost(2, 1, 709650).
cost(2, 3, 255280).
cost(2, 4, 342769).
cost(2, 5, 469792).
cost(2, 6, 505842).
cost(2, 7, 188861).
cost(2, 8, 450216).
cost(2, 9, 741882).
cost(2, 10, 407897).
cost(2, 11, 998452).
cost(2, 12, 71219).
cost(2, 13, 560038).
cost(2, 14, 366107).
cost(2, 15, 169387).
cost(2, 16, 677140).
cost(2, 17, 332349).
cost(2, 18, 345140).
cost(2, 19, 334040).
cost(2, 20, 450074).
cost(2, 21, 250375).
cost(2, 22, 405196).
cost(2, 23, 317997).
cost(2, 24, 650132).
cost(3, 1, 681693).
cost(3, 2, 255280).
cost(3, 4, 345979).
cost(3, 5, 294742).
cost(3, 6, 395873).
cost(3, 7, 144715).
cost(3, 8, 235370).
cost(3, 9, 554526).
cost(3, 10, 211674).
cost(3, 11, 751643).
cost(3, 12, 326114).
cost(3, 13, 407806).
cost(3, 14, 181991).
cost(3, 15, 228819).
cost(3, 16, 529794).
cost(3, 17, 83533).
cost(3, 18, 167101).
cost(3, 19, 235364).
cost(3, 20, 277792).
cost(3, 21, 61060).
cost(3, 22, 466643).
cost(3, 23, 170969).
cost(3, 24, 621931).
cost(4, 1, 368824).
cost(4, 2, 342769).
cost(4, 3, 345979).
cost(4, 5, 272602).
cost(4, 6, 210666).
cost(4, 7, 216633).
cost(4, 8, 328103).
cost(4, 9, 492918).
cost(4, 10, 279601).
cost(4, 11, 856048).
cost(4, 12, 381252).
cost(4, 13, 298008).
cost(4, 14, 252689).
cost(4, 15, 176294).
cost(4, 16, 388005).
cost(4, 17, 350721).
cost(4, 18, 243502).
cost(4, 19, 142574).
cost(4, 20, 259111).
cost(4, 21, 286263).
cost(4, 22, 131530).
cost(4, 23, 208264).
cost(4, 24, 308609).
cost(5, 1, 457014).
cost(5, 2, 469792).
cost(5, 3, 294742).
cost(5, 4, 272602).
cost(5, 6, 144866).
cost(5, 7, 280932).
cost(5, 8, 94212).
cost(5, 9, 272616).
cost(5, 10, 85170).
cost(5, 11, 585331).
cost(5, 12, 534132).
cost(5, 13, 115504).
cost(5, 14, 114222).
cost(5, 15, 328755).
cost(5, 16, 235700).
cost(5, 17, 233267).
cost(5, 18, 132703).
cost(5, 19, 154557).
cost(5, 20, 19720).
cost(5, 21, 249970).
cost(5, 22, 393669).
cost(5, 23, 152142).
cost(5, 24, 405299).
cost(6, 1, 312650).
cost(6, 2, 505842).
cost(6, 3, 395873).
cost(6, 4, 210666).
cost(6, 5, 144866).
cost(6, 7, 329066).
cost(6, 8, 237890).
cost(6, 9, 284545).
cost(6, 10, 214225).
cost(6, 11, 673367).
cost(6, 12, 559465).
cost(6, 13, 95630).
cost(6, 14, 222276).
cost(6, 15, 340967).
cost(6, 16, 179171).
cost(6, 17, 353628).
cost(6, 18, 231626).
cost(6, 19, 176843).
cost(6, 20, 147949).
cost(6, 21, 339650).
cost(6, 22, 299489).
cost(6, 23, 226170).
cost(6, 24, 260436).
cost(7, 1, 575955).
cost(7, 2, 188861).
cost(7, 3, 144715).
cost(7, 4, 216633).
cost(7, 5, 280932).
cost(7, 6, 329066).
cost(7, 8, 267933).
cost(7, 9, 553112).
cost(7, 10, 222246).
cost(7, 11, 825279).
cost(7, 12, 254251).
cost(7, 13, 373904).
cost(7, 14, 179920).
cost(7, 15, 86556).
cost(7, 16, 493323).
cost(7, 17, 187040).
cost(7, 18, 159013).
cost(7, 19, 152401).
cost(7, 20, 261214).
cost(7, 21, 98048).
cost(7, 22, 327392).
cost(7, 23, 129325).
cost(7, 24, 515204).
cost(8, 1, 550512).
cost(8, 2, 450216).
cost(8, 3, 235370).
cost(8, 4, 328103).
cost(8, 5, 94212).
cost(8, 6, 237890).
cost(8, 7, 267933).
cost(8, 9, 320268).
cost(8, 10, 51130).
cost(8, 11, 559692).
cost(8, 12, 519138).
cost(8, 13, 202881).
cost(8, 14, 90926).
cost(8, 15, 335656).
cost(8, 16, 315544).
cost(8, 17, 160070).
cost(8, 18, 110604).
cost(8, 19, 189204).
cost(8, 20, 90484).
cost(8, 21, 206099).
cost(8, 22, 457110).
cost(8, 23, 147696).
cost(8, 24, 497838).
cost(9, 1, 470302).
cost(9, 2, 741882).
cost(9, 3, 554526).
cost(9, 4, 492918).
cost(9, 5, 272616).
cost(9, 6, 284545).
cost(9, 7, 553112).
cost(9, 8, 320268).
cost(9, 10, 345708).
cost(9, 11, 425937).
cost(9, 12, 805002).
cost(9, 13, 195627).
cost(9, 14, 383214).
cost(9, 15, 593879).
cost(9, 16, 136870).
cost(9, 17, 480155).
cost(9, 18, 403167).
cost(9, 19, 415350).
cost(9, 20, 292258).
cost(9, 21, 517721).
cost(9, 22, 581291).
cost(9, 23, 424733).
cost(9, 24, 446773).
cost(10, 1, 524801).
cost(10, 2, 407897).
cost(10, 3, 211674).
cost(10, 4, 279601).
cost(10, 5, 85170).
cost(10, 6, 214225).
cost(10, 7, 222246).
cost(10, 8, 51130).
cost(10, 9, 345708).
cost(10, 11, 609248).
cost(10, 12, 475614).
cost(10, 13, 200600).
cost(10, 14, 42373).
cost(10, 15, 286261).
cost(10, 16, 320624).
cost(10, 17, 148150).
cost(10, 18, 63233).
cost(10, 19, 139048).
cost(10, 20, 71337).
cost(10, 21, 172085).
cost(10, 22, 409705).
cost(10, 23, 97832).
cost(10, 24, 469739).
cost(11, 1, 896071).
cost(11, 2, 998452).
cost(11, 3, 751643).
cost(11, 4, 856048).
cost(11, 5, 585331).
cost(11, 6, 673367).
cost(11, 7, 825279).
cost(11, 8, 559692).
cost(11, 9, 425937).
cost(11, 10, 609248).
cost(11, 12, 1069301).
cost(11, 13, 578195).
cost(11, 14, 650535).
cost(11, 15, 895310).
cost(11, 16, 561747).
cost(11, 17, 669255).
cost(11, 18, 670263).
cost(11, 19, 736088).
cost(11, 20, 601168).
cost(11, 21, 748131).
cost(11, 22, 968465).
cost(11, 23, 707023).
cost(11, 24, 871948).
cost(12, 1, 740860).
cost(12, 2, 71219).
cost(12, 3, 326114).
cost(12, 4, 381252).
cost(12, 5, 534132).
cost(12, 6, 559465).
cost(12, 7, 254251).
cost(12, 8, 519138).
cost(12, 9, 805002).
cost(12, 10, 475614).
cost(12, 11, 1069301).
cost(12, 13, 619561).
cost(12, 14, 433509).
cost(12, 15, 218511).
cost(12, 16, 734145).
cost(12, 17, 403567).
cost(12, 18, 412525).
cost(12, 19, 392685).
cost(12, 20, 514434).
cost(12, 21, 321171).
cost(12, 22, 423360).
cost(12, 23, 383429).
cost(12, 24, 682710).
cost(13, 1, 371702).
cost(13, 2, 560038).
cost(13, 3, 407806).
cost(13, 4, 298008).
cost(13, 5, 115504).
cost(13, 6, 95630).
cost(13, 7, 373904).
cost(13, 8, 202881).
cost(13, 9, 195627).
cost(13, 10, 200600).
cost(13, 11, 578195).
cost(13, 12, 619561).
cost(13, 14, 225834).
cost(13, 15, 404104).
cost(13, 16, 122495).
cost(13, 17, 348744).
cost(13, 18, 241994).
cost(13, 19, 226877).
cost(13, 20, 130485).
cost(13, 21, 359313).
cost(13, 22, 394638).
cost(13, 23, 252095).
cost(13, 24, 327840).
cost(14, 1, 525981).
cost(14, 2, 366107).
cost(14, 3, 181991).
cost(14, 4, 252689).
cost(14, 5, 114222).
cost(14, 6, 222276).
cost(14, 7, 179920).
cost(14, 8, 90926).
cost(14, 9, 383214).
cost(14, 10, 42373).
cost(14, 11, 650535).
cost(14, 12, 433509).
cost(14, 13, 225834).
cost(14, 15, 244775).
cost(14, 16, 347970).
cost(14, 17, 131374).
cost(14, 18, 20987).
cost(14, 19, 110119).
cost(14, 20, 96303).
cost(14, 21, 135826).
cost(14, 22, 384086).
cost(14, 23, 56898).
cost(14, 24, 468929).
cost(15, 1, 545093).
cost(15, 2, 169387).
cost(15, 3, 228819).
cost(15, 4, 176294).
cost(15, 5, 328755).
cost(15, 6, 340967).
cost(15, 7, 86556).
cost(15, 8, 335656).
cost(15, 9, 593879).
cost(15, 10, 286261).
cost(15, 11, 895310).
cost(15, 12, 218511).
cost(15, 13, 404104).
cost(15, 14, 244775).
cost(15, 16, 516410).
cost(15, 17, 273016).
cost(15, 18, 225224).
cost(15, 19, 178535).
cost(15, 20, 309563).
cost(15, 21, 184582).
cost(15, 22, 262568).
cost(15, 23, 188434).
cost(15, 24, 484903).
cost(16, 1, 336599).
cost(16, 2, 677140).
cost(16, 3, 529794).
cost(16, 4, 388005).
cost(16, 5, 235700).
cost(16, 6, 179171).
cost(16, 7, 493323).
cost(16, 8, 315544).
cost(16, 9, 136870).
cost(16, 10, 320624).
cost(16, 11, 561747).
cost(16, 12, 734145).
cost(16, 13, 122495).
cost(16, 14, 347970).
cost(16, 15, 516410).
cost(16, 17, 468170).
cost(16, 18, 364431).
cost(16, 19, 343149).
cost(16, 20, 252026).
cost(16, 21, 481806).
cost(16, 22, 459752).
cost(16, 23, 374026).
cost(16, 24, 310253).
cost(17, 1, 655364).
cost(17, 2, 332349).
cost(17, 3, 83533).
cost(17, 4, 350721).
cost(17, 5, 233267).
cost(17, 6, 353628).
cost(17, 7, 187040).
cost(17, 8, 160070).
cost(17, 9, 480155).
cost(17, 10, 148150).
cost(17, 11, 669255).
cost(17, 12, 403567).
cost(17, 13, 348744).
cost(17, 14, 131374).
cost(17, 15, 273016).
cost(17, 16, 468170).
cost(17, 18, 124767).
cost(17, 19, 218594).
cost(17, 20, 219040).
cost(17, 21, 90212).
cost(17, 22, 479515).
cost(17, 23, 147369).
cost(17, 24, 597431).
cost(18, 1, 530598).
cost(18, 2, 345140).
cost(18, 3, 167101).
cost(18, 4, 243502).
cost(18, 5, 132703).
cost(18, 6, 231626).
cost(18, 7, 159013).
cost(18, 8, 110604).
cost(18, 9, 403167).
cost(18, 10, 63233).
cost(18, 11, 670263).
cost(18, 12, 412525).
cost(18, 13, 241994).
cost(18, 14, 20987).
cost(18, 15, 225224).
cost(18, 16, 364431).
cost(18, 17, 124767).
cost(18, 19, 102048).
cost(18, 20, 114098).
cost(18, 21, 117674).
cost(18, 22, 375014).
cost(18, 23, 39476).
cost(18, 24, 472733).
cost(19, 1, 446329).
cost(19, 2, 334040).
cost(19, 3, 235364).
cost(19, 4, 142574).
cost(19, 5, 154557).
cost(19, 6, 176843).
cost(19, 7, 152401).
cost(19, 8, 189204).
cost(19, 9, 415350).
cost(19, 10, 139048).
cost(19, 11, 736088).
cost(19, 12, 392685).
cost(19, 13, 226877).
cost(19, 14, 110119).
cost(19, 15, 178535).
cost(19, 16, 343149).
cost(19, 17, 218594).
cost(19, 18, 102048).
cost(19, 20, 136597).
cost(19, 21, 174954).
cost(19, 22, 273980).
cost(19, 23, 71229).
cost(19, 24, 386626).
cost(20, 1, 460547).
cost(20, 2, 450074).
cost(20, 3, 277792).
cost(20, 4, 259111).
cost(20, 5, 19720).
cost(20, 6, 147949).
cost(20, 7, 261214).
cost(20, 8, 90484).
cost(20, 9, 292258).
cost(20, 10, 71337).
cost(20, 11, 601168).
cost(20, 12, 514434).
cost(20, 13, 130485).
cost(20, 14, 96303).
cost(20, 15, 309563).
cost(20, 16, 252026).
cost(20, 17, 219040).
cost(20, 18, 114098).
cost(20, 19, 136597).
cost(20, 21, 231664).
cost(20, 22, 382497).
cost(20, 23, 132477).
cost(20, 24, 407443).
cost(21, 1, 621156).
cost(21, 2, 250375).
cost(21, 3, 61060).
cost(21, 4, 286263).
cost(21, 5, 249970).
cost(21, 6, 339650).
cost(21, 7, 98048).
cost(21, 8, 206099).
cost(21, 9, 517721).
cost(21, 10, 172085).
cost(21, 11, 748131).
cost(21, 12, 321171).
cost(21, 13, 359313).
cost(21, 14, 135826).
cost(21, 15, 184582).
cost(21, 16, 481806).
cost(21, 17, 90212).
cost(21, 18, 117674).
cost(21, 19, 174954).
cost(21, 20, 231664).
cost(21, 22, 409161).
cost(21, 23, 113488).
cost(21, 24, 561267).
cost(22, 1, 329441).
cost(22, 2, 405196).
cost(22, 3, 466643).
cost(22, 4, 131530).
cost(22, 5, 393669).
cost(22, 6, 299489).
cost(22, 7, 327392).
cost(22, 8, 457110).
cost(22, 9, 581291).
cost(22, 10, 409705).
cost(22, 11, 968465).
cost(22, 12, 423360).
cost(22, 13, 394638).
cost(22, 14, 384086).
cost(22, 15, 262568).
cost(22, 16, 459752).
cost(22, 17, 479515).
cost(22, 18, 375014).
cost(22, 19, 273980).
cost(22, 20, 382497).
cost(22, 21, 409161).
cost(22, 23, 339394).
cost(22, 24, 277121).
cost(23, 1, 513371).
cost(23, 2, 317997).
cost(23, 3, 170969).
cost(23, 4, 208264).
cost(23, 5, 152142).
cost(23, 6, 226170).
cost(23, 7, 129325).
cost(23, 8, 147696).
cost(23, 9, 424733).
cost(23, 10, 97832).
cost(23, 11, 707023).
cost(23, 12, 383429).
cost(23, 13, 252095).
cost(23, 14, 56898).
cost(23, 15, 188434).
cost(23, 16, 374026).
cost(23, 17, 147369).
cost(23, 18, 39476).
cost(23, 19, 71229).
cost(23, 20, 132477).
cost(23, 21, 113488).
cost(23, 22, 339394).
cost(23, 24, 454328).
cost(24, 1, 60759).
cost(24, 2, 650132).
cost(24, 3, 621931).
cost(24, 4, 308609).
cost(24, 5, 405299).
cost(24, 6, 260436).
cost(24, 7, 515204).
cost(24, 8, 497838).
cost(24, 9, 446773).
cost(24, 10, 469739).
cost(24, 11, 871948).
cost(24, 12, 682710).
cost(24, 13, 327840).
cost(24, 14, 468929).
cost(24, 15, 484903).
cost(24, 16, 310253).
cost(24, 17, 597431).
cost(24, 18, 472733).
cost(24, 19, 386626).
cost(24, 20, 407443).
cost(24, 21, 561267).
cost(24, 22, 277121).
cost(24, 23, 454328).
nocross(1,4).
nocross(1,6).
nocross(1,12).
nocross(1,13).
nocross(1,14).
nocross(1,19).
nocross(1,23).
nocross(2,3).
nocross(2,7).
nocross(2,12).
nocross(2,15).
nocross(2,19).
nocross(2,21).
nocross(2,22).
nocross(3,7).
nocross(3,14).
nocross(3,18).
nocross(3,21).
nocross(3,23).
nocross(4,6).
nocross(4,7).
nocross(4,12).
nocross(4,14).
nocross(4,15).
nocross(4,19).
nocross(4,20).
nocross(4,23).
nocross(5,6).
nocross(5,8).
nocross(5,13).
nocross(5,14).
nocross(5,18).
nocross(5,19).
nocross(5,20).
nocross(5,23).
nocross(6,4).
nocross(6,13).
nocross(6,14).
nocross(6,19).
nocross(6,23).
nocross(7,2).
nocross(7,4).
nocross(7,12).
nocross(7,14).
nocross(7,15).
nocross(7,18).
nocross(7,19).
nocross(7,21).
nocross(7,23).
nocross(8,2).
nocross(8,5).
nocross(8,9).
nocross(8,18).
nocross(8,20).
nocross(8,21).
nocross(9,5).
nocross(9,6).
nocross(9,8).
nocross(9,14).
nocross(9,19).
nocross(10,2).
nocross(10,8).
nocross(10,14).
nocross(10,21).
nocross(11,8).
nocross(11,9).
nocross(12,2).
nocross(12,7).
nocross(13,4).
nocross(13,6).
nocross(13,9).
nocross(13,12).
nocross(13,14).
nocross(13,19).
nocross(13,23).
nocross(14,6).
nocross(14,7).
nocross(14,18).
nocross(14,19).
nocross(14,20).
nocross(14,21).
nocross(14,23).
nocross(15,2).
nocross(15,4).
nocross(15,7).
nocross(15,12).
nocross(15,14).
nocross(15,18).
nocross(15,19).
nocross(15,23).
nocross(16,1).
nocross(16,5).
nocross(16,6).
nocross(16,9).
nocross(16,13).
nocross(16,14).
nocross(16,23).
nocross(17,3).
nocross(17,7).
nocross(17,8).
nocross(17,10).
nocross(17,14).
nocross(17,18).
nocross(17,21).
nocross(17,23).
nocross(18,2).
nocross(18,6).
nocross(18,7).
nocross(18,14).
nocross(18,19).
nocross(18,20).
nocross(18,21).
nocross(18,23).
nocross(19,4).
nocross(19,6).
nocross(19,7).
nocross(19,12).
nocross(19,14).
nocross(19,15).
nocross(19,20).
nocross(19,21).
nocross(19,23).
nocross(20,4).
nocross(20,5).
nocross(20,10).
nocross(20,14).
nocross(20,15).
nocross(20,18).
nocross(20,19).
nocross(20,23).
nocross(21,2).
nocross(21,4).
nocross(21,7).
nocross(21,14).
nocross(21,15).
nocross(21,18).
nocross(21,23).
nocross(22,4).
nocross(22,6).
nocross(22,12).
nocross(22,19).
nocross(22,24).
nocross(23,6).
nocross(23,7).
nocross(23,14).
nocross(23,19).
nocross(23,21).
nocross(24,1).
