dimension(30).
point(1, -474589.0, -199561.0).
point(2, -269119.0, 328791.0).
point(3, 67434.0, -110750.0).
point(4, 114143.0, -83339.0).
point(5, 298712.0, -114514.0).
point(6, 129733.0, -130770.0).
point(7, 194295.0, -49554.0).
point(8, 265134.0, -46935.0).
point(9, -40831.0, -204747.0).
point(10, -147868.0, -44396.0).
point(11, -120773.0, -54504.0).
point(12, 11981.0, 53439.0).
point(13, -223729.0, -60299.0).
point(14, 162828.0, 398828.0).
point(15, 92158.0, 202335.0).
point(16, 82714.0, 77477.0).
point(17, 125034.0, -305033.0).
point(18, 91288.0, -88455.0).
point(19, 94108.0, -119683.0).
point(20, -153674.0, 193823.0).
point(21, -230845.0, -299669.0).
point(22, -103030.0, -278921.0).
point(23, 370128.0, -238519.0).
point(24, -78587.0, -69118.0).
point(25, -148953.0, -198160.0).
point(26, 150833.0, 71762.0).
point(27, 498334.0, -88442.0).
point(28, 75874.0, 123639.0).
point(29, -255210.0, 232268.0).
point(30, 178646.0, -161144.0).
cost(1, 2, 566898).
cost(1, 3, 549251).
cost(1, 4, 600094).
cost(1, 5, 777964).
cost(1, 6, 608225).
cost(1, 7, 685498).
cost(1, 8, 755304).
cost(1, 9, 433789).
cost(1, 10, 361694).
cost(1, 11, 382397).
cost(1, 12, 548415).
cost(1, 13, 286923).
cost(1, 14, 874282).
cost(1, 15, 694782).
cost(1, 16, 622364).
cost(1, 17, 608828).
cost(1, 18, 576681).
cost(1, 19, 574279).
cost(1, 20, 507678).
cost(1, 21, 263501).
cost(1, 22, 379940).
cost(1, 23, 845615).
cost(1, 24, 416933).
cost(1, 25, 325639).
cost(1, 26, 681740).
cost(1, 27, 979248).
cost(1, 28, 638332).
cost(1, 29, 484359).
cost(1, 30, 654364).
cost(2, 1, 566898).
cost(2, 3, 553592).
cost(2, 4, 562797).
cost(2, 5, 720383).
cost(2, 6, 608506).
cost(2, 7, 598245).
cost(2, 8, 653143).
cost(2, 9, 580326).
cost(2, 10, 392391).
cost(2, 11, 411001).
cost(2, 12, 393492).
cost(2, 13, 391729).
cost(2, 14, 437588).
cost(2, 15, 382769).
cost(2, 16, 432372).
cost(2, 17, 746384).
cost(2, 18, 551351).
cost(2, 19, 577116).
cost(2, 20, 177606).
cost(2, 21, 629624).
cost(2, 22, 630000).
cost(2, 23, 854680).
cost(2, 24, 441173).
cost(2, 25, 540479).
cost(2, 26, 492365).
cost(2, 27, 873537).
cost(2, 28, 401382).
cost(2, 29, 97520).
cost(2, 30, 663724).
cost(3, 1, 549251).
cost(3, 2, 553592).
cost(3, 4, 54158).
cost(3, 5, 231309).
cost(3, 6, 65437).
cost(3, 7, 140850).
cost(3, 8, 207744).
cost(3, 9, 143376).
cost(3, 10, 225295).
cost(3, 11, 196432).
cost(3, 12, 173300).
cost(3, 13, 295502).
cost(3, 14, 518430).
cost(3, 15, 314060).
cost(3, 16, 188846).
cost(3, 17, 202642).
cost(3, 18, 32651).
cost(3, 19, 28130).
cost(3, 20, 376369).
cost(3, 21, 353073).
cost(3, 22, 239457).
cost(3, 23, 328555).
cost(3, 24, 151840).
cost(3, 25, 233375).
cost(3, 26, 200664).
cost(3, 27, 431477).
cost(3, 28, 234541).
cost(3, 29, 470915).
cost(3, 30, 122097).
cost(4, 1, 600094).
cost(4, 2, 562797).
cost(4, 3, 54158).
cost(4, 5, 187183).
cost(4, 6, 49927).
cost(4, 7, 86981).
cost(4, 8, 155318).
cost(4, 9, 196868).
cost(4, 10, 264889).
cost(4, 11, 236679).
cost(4, 12, 170720).
cost(4, 13, 338657).
cost(4, 14, 484619).
cost(4, 15, 286519).
cost(4, 16, 163858).
cost(4, 17, 221961).
cost(4, 18, 23421).
cost(4, 19, 41500).
cost(4, 20, 385415).
cost(4, 21, 407204).
cost(4, 22, 292261).
cost(4, 23, 299348).
cost(4, 24, 193254).
cost(4, 25, 287060).
cost(4, 26, 159382).
cost(4, 27, 384225).
cost(4, 28, 210486).
cost(4, 29, 485829).
cost(4, 30, 101066).
cost(5, 1, 777964).
cost(5, 2, 720383).
cost(5, 3, 231309).
cost(5, 4, 187183).
cost(5, 6, 169759).
cost(5, 7, 122974).
cost(5, 8, 75461).
cost(5, 9, 351328).
cost(5, 10, 452051).
cost(5, 11, 423756).
cost(5, 12, 332299).
cost(5, 13, 525246).
cost(5, 14, 531022).
cost(5, 15, 378230).
cost(5, 16, 288991).
cost(5, 17, 257801).
cost(5, 18, 209055).
cost(5, 19, 204669).
cost(5, 20, 547471).
cost(5, 21, 560993).
cost(5, 22, 434081).
cost(5, 23, 143100).
cost(5, 24, 380020).
cost(5, 25, 455413).
cost(5, 26, 237838).
cost(5, 27, 201317).
cost(5, 28, 326150).
cost(5, 29, 653519).
cost(5, 30, 128803).
cost(6, 1, 608225).
cost(6, 2, 608506).
cost(6, 3, 65437).
cost(6, 4, 49927).
cost(6, 5, 169759).
cost(6, 7, 103751).
cost(6, 8, 159254).
cost(6, 9, 185916).
cost(6, 10, 290728).
cost(6, 11, 261858).
cost(6, 12, 218629).
cost(6, 13, 360419).
cost(6, 14, 530631).
cost(6, 15, 335218).
cost(6, 16, 213489).
cost(6, 17, 174326).
cost(6, 18, 57171).
cost(6, 19, 37310).
cost(6, 20, 430906).
cost(6, 21, 398175).
cost(6, 22, 275912).
cost(6, 23, 263438).
cost(6, 24, 217251).
cost(6, 25, 286718).
cost(6, 26, 203628).
cost(6, 27, 371023).
cost(6, 28, 260048).
cost(6, 29, 529129).
cost(6, 30, 57577).
cost(7, 1, 685498).
cost(7, 2, 598245).
cost(7, 3, 140850).
cost(7, 4, 86981).
cost(7, 5, 122974).
cost(7, 6, 103751).
cost(7, 8, 70887).
cost(7, 9, 281725).
cost(7, 10, 342202).
cost(7, 11, 315107).
cost(7, 12, 209394).
cost(7, 13, 418162).
cost(7, 14, 449485).
cost(7, 15, 271809).
cost(7, 16, 169077).
cost(7, 17, 264701).
cost(7, 18, 110108).
cost(7, 19, 122293).
cost(7, 20, 424635).
cost(7, 21, 493256).
cost(7, 22, 375515).
cost(7, 23, 258118).
cost(7, 24, 273582).
cost(7, 25, 374036).
cost(7, 26, 128866).
cost(7, 27, 306516).
cost(7, 28, 209808).
cost(7, 29, 530545).
cost(7, 30, 112682).
cost(8, 1, 755304).
cost(8, 2, 653143).
cost(8, 3, 207744).
cost(8, 4, 155318).
cost(8, 5, 75461).
cost(8, 6, 159254).
cost(8, 7, 70887).
cost(8, 9, 344266).
cost(8, 10, 413010).
cost(8, 11, 385981).
cost(8, 12, 272326).
cost(8, 13, 489046).
cost(8, 14, 457352).
cost(8, 15, 303408).
cost(8, 16, 220806).
cost(8, 17, 293671).
cost(8, 18, 178735).
cost(8, 19, 185855).
cost(8, 20, 483078).
cost(8, 21, 556659).
cost(8, 22, 435158).
cost(8, 23, 218468).
cost(8, 24, 344436).
cost(8, 25, 440837).
cost(8, 26, 164784).
cost(8, 27, 236865).
cost(8, 28, 254784).
cost(8, 29, 590519).
cost(8, 30, 143262).
cost(9, 1, 433789).
cost(9, 2, 580326).
cost(9, 3, 143376).
cost(9, 4, 196868).
cost(9, 5, 351328).
cost(9, 6, 185916).
cost(9, 7, 281725).
cost(9, 8, 344266).
cost(9, 10, 192794).
cost(9, 11, 170187).
cost(9, 12, 263532).
cost(9, 13, 233060).
cost(9, 14, 637008).
cost(9, 15, 428254).
cost(9, 16, 308081).
cost(9, 17, 193826).
cost(9, 18, 176009).
cost(9, 19, 159513).
cost(9, 20, 414236).
cost(9, 21, 212404).
cost(9, 22, 96801).
cost(9, 23, 412344).
cost(9, 24, 140786).
cost(9, 25, 108322).
cost(9, 26, 336441).
cost(9, 27, 551567).
cost(9, 28, 348507).
cost(9, 29, 486765).
cost(9, 30, 223766).
cost(10, 1, 361694).
cost(10, 2, 392391).
cost(10, 3, 225295).
cost(10, 4, 264889).
cost(10, 5, 452051).
cost(10, 6, 290728).
cost(10, 7, 342202).
cost(10, 8, 413010).
cost(10, 9, 192794).
cost(10, 11, 28919).
cost(10, 12, 187412).
cost(10, 13, 77510).
cost(10, 14, 541276).
cost(10, 15, 344222).
cost(10, 16, 260809).
cost(10, 17, 377369).
cost(10, 18, 243181).
cost(10, 19, 253418).
cost(10, 20, 238290).
cost(10, 21, 268420).
cost(10, 22, 238773).
cost(10, 23, 553176).
cost(10, 24, 73560).
cost(10, 25, 153768).
cost(10, 26, 320492).
cost(10, 27, 647701).
cost(10, 28, 279815).
cost(10, 29, 296758).
cost(10, 30, 346759).
cost(11, 1, 382397).
cost(11, 2, 411001).
cost(11, 3, 196432).
cost(11, 4, 236679).
cost(11, 5, 423756).
cost(11, 6, 261858).
cost(11, 7, 315107).
cost(11, 8, 385981).
cost(11, 9, 170187).
cost(11, 10, 28919).
cost(11, 12, 171100).
cost(11, 13, 103119).
cost(11, 14, 534733).
cost(11, 15, 333625).
cost(11, 16, 242541).
cost(11, 17, 350978).
cost(11, 18, 214762).
cost(11, 19, 224549).
cost(11, 20, 250497).
cost(11, 21, 268741).
cost(11, 22, 225117).
cost(11, 23, 524257).
cost(11, 24, 44646).
cost(11, 25, 146394).
cost(11, 26, 299521).
cost(11, 27, 620037).
cost(11, 28, 265339).
cost(11, 29, 316720).
cost(11, 30, 317842).
cost(12, 1, 548415).
cost(12, 2, 393492).
cost(12, 3, 173300).
cost(12, 4, 170720).
cost(12, 5, 332299).
cost(12, 6, 218629).
cost(12, 7, 209394).
cost(12, 8, 272326).
cost(12, 9, 263532).
cost(12, 10, 187412).
cost(12, 11, 171100).
cost(12, 13, 261717).
cost(12, 14, 376893).
cost(12, 15, 169111).
cost(12, 16, 74706).
cost(12, 17, 375877).
cost(12, 18, 162553).
cost(12, 19, 191614).
cost(12, 20, 217139).
cost(12, 21, 428544).
cost(12, 22, 351697).
cost(12, 23, 462070).
cost(12, 24, 152390).
cost(12, 25, 298667).
cost(12, 26, 140056).
cost(12, 27, 506626).
cost(12, 28, 94923).
cost(12, 29, 321513).
cost(12, 30, 271704).
cost(13, 1, 286923).
cost(13, 2, 391729).
cost(13, 3, 295502).
cost(13, 4, 338657).
cost(13, 5, 525246).
cost(13, 6, 360419).
cost(13, 7, 418162).
cost(13, 8, 489046).
cost(13, 9, 233060).
cost(13, 10, 77510).
cost(13, 11, 103119).
cost(13, 12, 261717).
cost(13, 14, 600187).
cost(13, 15, 410806).
cost(13, 16, 335990).
cost(13, 17, 426064).
cost(13, 18, 316273).
cost(13, 19, 323337).
cost(13, 20, 263601).
cost(13, 21, 239476).
cost(13, 22, 249728).
cost(13, 23, 620023).
cost(13, 24, 145410).
cost(13, 25, 156835).
cost(13, 26, 397161).
cost(13, 27, 722611).
cost(13, 28, 351561).
cost(13, 29, 294256).
cost(13, 30, 414820).
cost(14, 1, 874282).
cost(14, 2, 437588).
cost(14, 3, 518430).
cost(14, 4, 484619).
cost(14, 5, 531022).
cost(14, 6, 530631).
cost(14, 7, 449485).
cost(14, 8, 457352).
cost(14, 9, 637008).
cost(14, 10, 541276).
cost(14, 11, 534733).
cost(14, 12, 376893).
cost(14, 13, 600187).
cost(14, 15, 208815).
cost(14, 16, 331187).
cost(14, 17, 704875).
cost(14, 18, 492507).
cost(14, 19, 523045).
cost(14, 20, 377095).
cost(14, 21, 801796).
cost(14, 22, 728028).
cost(14, 23, 670212).
cost(14, 24, 526550).
cost(14, 25, 673500).
cost(14, 26, 327286).
cost(14, 27, 591605).
cost(14, 28, 288600).
cost(14, 29, 449998).
cost(14, 30, 560195).
cost(15, 1, 694782).
cost(15, 2, 382769).
cost(15, 3, 314060).
cost(15, 4, 286519).
cost(15, 5, 378230).
cost(15, 6, 335218).
cost(15, 7, 271809).
cost(15, 8, 303408).
cost(15, 9, 428254).
cost(15, 10, 344222).
cost(15, 11, 333625).
cost(15, 12, 169111).
cost(15, 13, 410806).
cost(15, 14, 208815).
cost(15, 16, 125215).
cost(15, 17, 508432).
cost(15, 18, 290791).
cost(15, 19, 322024).
cost(15, 20, 245979).
cost(15, 21, 596941).
cost(15, 22, 519332).
cost(15, 23, 521171).
cost(15, 24, 320688).
cost(15, 25, 467473).
cost(15, 26, 143150).
cost(15, 27, 499530).
cost(15, 28, 80363).
cost(15, 29, 348655).
cost(15, 30, 373627).
cost(16, 1, 622364).
cost(16, 2, 432372).
cost(16, 3, 188846).
cost(16, 4, 163858).
cost(16, 5, 288991).
cost(16, 6, 213489).
cost(16, 7, 169077).
cost(16, 8, 220806).
cost(16, 9, 308081).
cost(16, 10, 260809).
cost(16, 11, 242541).
cost(16, 12, 74706).
cost(16, 13, 335990).
cost(16, 14, 331187).
cost(16, 15, 125215).
cost(16, 17, 384844).
cost(16, 18, 166153).
cost(16, 19, 197489).
cost(16, 20, 263469).
cost(16, 21, 490467).
cost(16, 22, 401896).
cost(16, 23, 427154).
cost(16, 24, 217964).
cost(16, 25, 360063).
cost(16, 26, 68358).
cost(16, 27, 447514).
cost(16, 28, 46666).
cost(16, 29, 371689).
cost(16, 30, 257183).
cost(17, 1, 608828).
cost(17, 2, 746384).
cost(17, 3, 202642).
cost(17, 4, 221961).
cost(17, 5, 257801).
cost(17, 6, 174326).
cost(17, 7, 264701).
cost(17, 8, 293671).
cost(17, 9, 193826).
cost(17, 10, 377369).
cost(17, 11, 350978).
cost(17, 12, 375877).
cost(17, 13, 426064).
cost(17, 14, 704875).
cost(17, 15, 508432).
cost(17, 16, 384844).
cost(17, 18, 219191).
cost(17, 19, 187912).
cost(17, 20, 571433).
cost(17, 21, 355919).
cost(17, 22, 229554).
cost(17, 23, 253959).
cost(17, 24, 311637).
cost(17, 25, 294093).
cost(17, 26, 377677).
cost(17, 27, 431584).
cost(17, 28, 431482).
cost(17, 29, 658238).
cost(17, 30, 153552).
cost(18, 1, 576681).
cost(18, 2, 551351).
cost(18, 3, 32651).
cost(18, 4, 23421).
cost(18, 5, 209055).
cost(18, 6, 57171).
cost(18, 7, 110108).
cost(18, 8, 178735).
cost(18, 9, 176009).
cost(18, 10, 243181).
cost(18, 11, 214762).
cost(18, 12, 162553).
cost(18, 13, 316273).
cost(18, 14, 492507).
cost(18, 15, 290791).
cost(18, 16, 166153).
cost(18, 17, 219191).
cost(18, 19, 31355).
cost(18, 20, 373748).
cost(18, 21, 385203).
cost(18, 22, 272097).
cost(18, 23, 316656).
cost(18, 24, 170972).
cost(18, 25, 264104).
cost(18, 26, 170924).
cost(18, 27, 407046).
cost(18, 28, 212653).
cost(18, 29, 472148).
cost(18, 30, 113645).
cost(19, 1, 574279).
cost(19, 2, 577116).
cost(19, 3, 28130).
cost(19, 4, 41500).
cost(19, 5, 204669).
cost(19, 6, 37310).
cost(19, 7, 122293).
cost(19, 8, 185855).
cost(19, 9, 159513).
cost(19, 10, 253418).
cost(19, 11, 224549).
cost(19, 12, 191614).
cost(19, 13, 323337).
cost(19, 14, 523045).
cost(19, 15, 322024).
cost(19, 16, 197489).
cost(19, 17, 187912).
cost(19, 18, 31355).
cost(19, 20, 399602).
cost(19, 21, 371469).
cost(19, 22, 253417).
cost(19, 23, 300515).
cost(19, 24, 179945).
cost(19, 25, 255416).
cost(19, 26, 199672).
cost(19, 27, 405431).
cost(19, 28, 244004).
cost(19, 29, 495876).
cost(19, 30, 94158).
cost(20, 1, 507678).
cost(20, 2, 177606).
cost(20, 3, 376369).
cost(20, 4, 385415).
cost(20, 5, 547471).
cost(20, 6, 430906).
cost(20, 7, 424635).
cost(20, 8, 483078).
cost(20, 9, 414236).
cost(20, 10, 238290).
cost(20, 11, 250497).
cost(20, 12, 217139).
cost(20, 13, 263601).
cost(20, 14, 377095).
cost(20, 15, 245979).
cost(20, 16, 263469).
cost(20, 17, 571433).
cost(20, 18, 373748).
cost(20, 19, 399602).
cost(20, 21, 499489).
cost(20, 22, 475449).
cost(20, 23, 679182).
cost(20, 24, 273452).
cost(20, 25, 392011).
cost(20, 26, 328060).
cost(20, 27, 710484).
cost(20, 28, 240038).
cost(20, 29, 108571).
cost(20, 30, 486249).
cost(21, 1, 263501).
cost(21, 2, 629624).
cost(21, 3, 353073).
cost(21, 4, 407204).
cost(21, 5, 560993).
cost(21, 6, 398175).
cost(21, 7, 493256).
cost(21, 8, 556659).
cost(21, 9, 212404).
cost(21, 10, 268420).
cost(21, 11, 268741).
cost(21, 12, 428544).
cost(21, 13, 239476).
cost(21, 14, 801796).
cost(21, 15, 596941).
cost(21, 16, 490467).
cost(21, 17, 355919).
cost(21, 18, 385203).
cost(21, 19, 371469).
cost(21, 20, 499489).
cost(21, 22, 129488).
cost(21, 23, 604076).
cost(21, 24, 276290).
cost(21, 25, 130424).
cost(21, 26, 532578).
cost(21, 27, 759157).
cost(21, 28, 522749).
cost(21, 29, 532495).
cost(21, 30, 432287).
cost(22, 1, 379940).
cost(22, 2, 630000).
cost(22, 3, 239457).
cost(22, 4, 292261).
cost(22, 5, 434081).
cost(22, 6, 275912).
cost(22, 7, 375515).
cost(22, 8, 435158).
cost(22, 9, 96801).
cost(22, 10, 238773).
cost(22, 11, 225117).
cost(22, 12, 351697).
cost(22, 13, 249728).
cost(22, 14, 728028).
cost(22, 15, 519332).
cost(22, 16, 401896).
cost(22, 17, 229554).
cost(22, 18, 272097).
cost(22, 19, 253417).
cost(22, 20, 475449).
cost(22, 21, 129488).
cost(22, 23, 474880).
cost(22, 24, 211222).
cost(22, 25, 92905).
cost(22, 26, 432926).
cost(22, 27, 630810).
cost(22, 28, 440524).
cost(22, 29, 533360).
cost(22, 30, 305308).
cost(23, 1, 845615).
cost(23, 2, 854680).
cost(23, 3, 328555).
cost(23, 4, 299348).
cost(23, 5, 143100).
cost(23, 6, 263438).
cost(23, 7, 258118).
cost(23, 8, 218468).
cost(23, 9, 412344).
cost(23, 10, 553176).
cost(23, 11, 524257).
cost(23, 12, 462070).
cost(23, 13, 620023).
cost(23, 14, 670212).
cost(23, 15, 521171).
cost(23, 16, 427154).
cost(23, 17, 253959).
cost(23, 18, 316656).
cost(23, 19, 300515).
cost(23, 20, 679182).
cost(23, 21, 604076).
cost(23, 22, 474880).
cost(23, 24, 479627).
cost(23, 25, 520648).
cost(23, 26, 379953).
cost(23, 27, 197383).
cost(23, 28, 466630).
cost(23, 29, 782744).
cost(23, 30, 206524).
cost(24, 1, 416933).
cost(24, 2, 441173).
cost(24, 3, 151840).
cost(24, 4, 193254).
cost(24, 5, 380020).
cost(24, 6, 217251).
cost(24, 7, 273582).
cost(24, 8, 344436).
cost(24, 9, 140786).
cost(24, 10, 73560).
cost(24, 11, 44646).
cost(24, 12, 152390).
cost(24, 13, 145410).
cost(24, 14, 526550).
cost(24, 15, 320688).
cost(24, 16, 217964).
cost(24, 17, 311637).
cost(24, 18, 170972).
cost(24, 19, 179945).
cost(24, 20, 273452).
cost(24, 21, 276290).
cost(24, 22, 211222).
cost(24, 23, 479627).
cost(24, 25, 146980).
cost(24, 26, 269222).
cost(24, 27, 577245).
cost(24, 28, 247009).
cost(24, 29, 349327).
cost(24, 30, 273199).
cost(25, 1, 325639).
cost(25, 2, 540479).
cost(25, 3, 233375).
cost(25, 4, 287060).
cost(25, 5, 455413).
cost(25, 6, 286718).
cost(25, 7, 374036).
cost(25, 8, 440837).
cost(25, 9, 108322).
cost(25, 10, 153768).
cost(25, 11, 146394).
cost(25, 12, 298667).
cost(25, 13, 156835).
cost(25, 14, 673500).
cost(25, 15, 467473).
cost(25, 16, 360063).
cost(25, 17, 294093).
cost(25, 18, 264104).
cost(25, 19, 255416).
cost(25, 20, 392011).
cost(25, 21, 130424).
cost(25, 22, 92905).
cost(25, 23, 520648).
cost(25, 24, 146980).
cost(25, 26, 403397).
cost(25, 27, 656520).
cost(25, 28, 392558).
cost(25, 29, 443350).
cost(25, 30, 329684).
cost(26, 1, 681740).
cost(26, 2, 492365).
cost(26, 3, 200664).
cost(26, 4, 159382).
cost(26, 5, 237838).
cost(26, 6, 203628).
cost(26, 7, 128866).
cost(26, 8, 164784).
cost(26, 9, 336441).
cost(26, 10, 320492).
cost(26, 11, 299521).
cost(26, 12, 140056).
cost(26, 13, 397161).
cost(26, 14, 327286).
cost(26, 15, 143150).
cost(26, 16, 68358).
cost(26, 17, 377677).
cost(26, 18, 170924).
cost(26, 19, 199672).
cost(26, 20, 328060).
cost(26, 21, 532578).
cost(26, 22, 432926).
cost(26, 23, 379953).
cost(26, 24, 269222).
cost(26, 25, 403397).
cost(26, 27, 382652).
cost(26, 28, 91160).
cost(26, 29, 436615).
cost(26, 30, 234561).
cost(27, 1, 979248).
cost(27, 2, 873537).
cost(27, 3, 431477).
cost(27, 4, 384225).
cost(27, 5, 201317).
cost(27, 6, 371023).
cost(27, 7, 306516).
cost(27, 8, 236865).
cost(27, 9, 551567).
cost(27, 10, 647701).
cost(27, 11, 620037).
cost(27, 12, 506626).
cost(27, 13, 722611).
cost(27, 14, 591605).
cost(27, 15, 499530).
cost(27, 16, 447514).
cost(27, 17, 431584).
cost(27, 18, 407046).
cost(27, 19, 405431).
cost(27, 20, 710484).
cost(27, 21, 759157).
cost(27, 22, 630810).
cost(27, 23, 197383).
cost(27, 24, 577245).
cost(27, 25, 656520).
cost(27, 26, 382652).
cost(27, 28, 472706).
cost(27, 29, 818953).
cost(27, 30, 327851).
cost(28, 1, 638332).
cost(28, 2, 401382).
cost(28, 3, 234541).
cost(28, 4, 210486).
cost(28, 5, 326150).
cost(28, 6, 260048).
cost(28, 7, 209808).
cost(28, 8, 254784).
cost(28, 9, 348507).
cost(28, 10, 279815).
cost(28, 11, 265339).
cost(28, 12, 94923).
cost(28, 13, 351561).
cost(28, 14, 288600).
cost(28, 15, 80363).
cost(28, 16, 46666).
cost(28, 17, 431482).
cost(28, 18, 212653).
cost(28, 19, 244004).
cost(28, 20, 240038).
cost(28, 21, 522749).
cost(28, 22, 440524).
cost(28, 23, 466630).
cost(28, 24, 247009).
cost(28, 25, 392558).
cost(28, 26, 91160).
cost(28, 27, 472706).
cost(28, 29, 348449).
cost(28, 30, 302760).
cost(29, 1, 484359).
cost(29, 2, 97520).
cost(29, 3, 470915).
cost(29, 4, 485829).
cost(29, 5, 653519).
cost(29, 6, 529129).
cost(29, 7, 530545).
cost(29, 8, 590519).
cost(29, 9, 486765).
cost(29, 10, 296758).
cost(29, 11, 316720).
cost(29, 12, 321513).
cost(29, 13, 294256).
cost(29, 14, 449998).
cost(29, 15, 348655).
cost(29, 16, 371689).
cost(29, 17, 658238).
cost(29, 18, 472148).
cost(29, 19, 495876).
cost(29, 20, 108571).
cost(29, 21, 532495).
cost(29, 22, 533360).
cost(29, 23, 782744).
cost(29, 24, 349327).
cost(29, 25, 443350).
cost(29, 26, 436615).
cost(29, 27, 818953).
cost(29, 28, 348449).
cost(29, 30, 585665).
cost(30, 1, 654364).
cost(30, 2, 663724).
cost(30, 3, 122097).
cost(30, 4, 101066).
cost(30, 5, 128803).
cost(30, 6, 57577).
cost(30, 7, 112682).
cost(30, 8, 143262).
cost(30, 9, 223766).
cost(30, 10, 346759).
cost(30, 11, 317842).
cost(30, 12, 271704).
cost(30, 13, 414820).
cost(30, 14, 560195).
cost(30, 15, 373627).
cost(30, 16, 257183).
cost(30, 17, 153552).
cost(30, 18, 113645).
cost(30, 19, 94158).
cost(30, 20, 486249).
cost(30, 21, 432287).
cost(30, 22, 305308).
cost(30, 23, 206524).
cost(30, 24, 273199).
cost(30, 25, 329684).
cost(30, 26, 234561).
cost(30, 27, 327851).
cost(30, 28, 302760).
cost(30, 29, 585665).
