dimension(30).
point(1, 235414.0, 108420.0).
point(2, -81141.0, -194024.0).
point(3, -120597.0, 274709.0).
point(4, -96845.0, 299350.0).
point(5, -190449.0, 17461.0).
point(6, 94100.0, -225031.0).
point(7, -23718.0, -246449.0).
point(8, 166809.0, 190409.0).
point(9, -155643.0, -248321.0).
point(10, 65754.0, -167805.0).
point(11, -156720.0, -26399.0).
point(12, 146787.0, 270926.0).
point(13, 60594.0, -22417.0).
point(14, -258049.0, -286187.0).
point(15, -49278.0, 107031.0).
point(16, 99618.0, 64165.0).
point(17, 465163.0, 319756.0).
point(18, 20162.0, 55393.0).
point(19, 110505.0, 97284.0).
point(20, -322696.0, -39858.0).
point(21, -159583.0, 222664.0).
point(22, -78442.0, 99972.0).
point(23, -9320.0, -76351.0).
point(24, 8182.0, 75249.0).
point(25, 44514.0, 321128.0).
point(26, 213288.0, -198192.0).
point(27, 194694.0, -87551.0).
point(28, 153165.0, -104035.0).
point(29, 32763.0, 320902.0).
point(30, 26995.0, 91051.0).
cost(1, 2, 437812).
cost(1, 3, 392932).
cost(1, 4, 383211).
cost(1, 5, 435469).
cost(1, 6, 362159).
cost(1, 7, 439410).
cost(1, 8, 106906).
cost(1, 9, 529329).
cost(1, 10, 324168).
cost(1, 11, 414663).
cost(1, 12, 185103).
cost(1, 13, 218358).
cost(1, 14, 631839).
cost(1, 15, 284695).
cost(1, 16, 142825).
cost(1, 17, 312166).
cost(1, 18, 221687).
cost(1, 19, 125404).
cost(1, 20, 577471).
cost(1, 21, 411186).
cost(1, 22, 313970).
cost(1, 23, 306651).
cost(1, 24, 229640).
cost(1, 25, 285810).
cost(1, 26, 307409).
cost(1, 27, 200157).
cost(1, 28, 227820).
cost(1, 29, 293626).
cost(1, 30, 209141).
cost(2, 1, 437812).
cost(2, 3, 470391).
cost(2, 4, 493624).
cost(2, 5, 238063).
cost(2, 6, 177963).
cost(2, 7, 77755).
cost(2, 8, 457458).
cost(2, 9, 92188).
cost(2, 10, 149217).
cost(2, 11, 183876).
cost(2, 12, 517812).
cost(2, 13, 222571).
cost(2, 14, 199475).
cost(2, 15, 302736).
cost(2, 16, 315175).
cost(2, 17, 749945).
cost(2, 18, 269205).
cost(2, 19, 348695).
cost(2, 20, 286559).
cost(2, 21, 424007).
cost(2, 22, 294008).
cost(2, 23, 137859).
cost(2, 24, 283702).
cost(2, 25, 530255).
cost(2, 26, 294459).
cost(2, 27, 295671).
cost(2, 28, 250993).
cost(2, 29, 527374).
cost(2, 30, 304895).
cost(3, 1, 392932).
cost(3, 2, 470391).
cost(3, 4, 34225).
cost(3, 5, 266563).
cost(3, 6, 543907).
cost(3, 7, 530086).
cost(3, 8, 299514).
cost(3, 9, 524203).
cost(3, 10, 480151).
cost(3, 11, 303267).
cost(3, 12, 267411).
cost(3, 13, 348014).
cost(3, 14, 577492).
cost(3, 15, 182215).
cost(3, 16, 304669).
cost(3, 17, 587490).
cost(3, 18, 260600).
cost(3, 19, 291355).
cost(3, 20, 373894).
cost(3, 21, 65028).
cost(3, 22, 179750).
cost(3, 23, 368274).
cost(3, 24, 237420).
cost(3, 25, 171512).
cost(3, 26, 578891).
cost(3, 27, 480251).
cost(3, 28, 467325).
cost(3, 29, 160166).
cost(3, 30, 235613).
cost(4, 1, 383211).
cost(4, 2, 493624).
cost(4, 3, 34225).
cost(4, 5, 297024).
cost(4, 6, 558064).
cost(4, 7, 550676).
cost(4, 8, 285275).
cost(4, 9, 550818).
cost(4, 10, 494644).
cost(4, 11, 331206).
cost(4, 12, 245284).
cost(4, 13, 358219).
cost(4, 14, 607322).
cost(4, 15, 198114).
cost(4, 16, 306447).
cost(4, 17, 562378).
cost(4, 18, 270565).
cost(4, 19, 289525).
cost(4, 20, 407518).
cost(4, 21, 99080).
cost(4, 22, 200226).
cost(4, 23, 385761).
cost(4, 24, 247491).
cost(4, 25, 143027).
cost(4, 26, 586285).
cost(4, 27, 484445).
cost(4, 28, 474578).
cost(4, 29, 131388).
cost(4, 30, 242332).
cost(5, 1, 435469).
cost(5, 2, 238063).
cost(5, 3, 266563).
cost(5, 4, 297024).
cost(5, 6, 373859).
cost(5, 7, 312166).
cost(5, 8, 396918).
cost(5, 9, 268051).
cost(5, 10, 316170).
cost(5, 11, 55329).
cost(5, 12, 421868).
cost(5, 13, 254191).
cost(5, 14, 311082).
cost(5, 15, 167189).
cost(5, 16, 293803).
cost(5, 17, 721948).
cost(5, 18, 214000).
cost(5, 19, 311360).
cost(5, 20, 144134).
cost(5, 21, 207511).
cost(5, 22, 139117).
cost(5, 23, 203981).
cost(5, 24, 206866).
cost(5, 25, 383955).
cost(5, 26, 457722).
cost(5, 27, 399203).
cost(5, 28, 364461).
cost(5, 29, 376696).
cost(5, 30, 229559).
cost(6, 1, 362159).
cost(6, 2, 177963).
cost(6, 3, 543907).
cost(6, 4, 558064).
cost(6, 5, 373859).
cost(6, 7, 119749).
cost(6, 8, 421755).
cost(6, 9, 250827).
cost(6, 10, 63862).
cost(6, 11, 319946).
cost(6, 12, 498748).
cost(6, 13, 205366).
cost(6, 14, 357420).
cost(6, 15, 361694).
cost(6, 16, 289249).
cost(6, 17, 659151).
cost(6, 18, 290008).
cost(6, 19, 322732).
cost(6, 20, 456079).
cost(6, 21, 514573).
cost(6, 22, 367964).
cost(6, 23, 181112).
cost(6, 24, 312330).
cost(6, 25, 548405).
cost(6, 26, 122172).
cost(6, 27, 170352).
cost(6, 28, 134643).
cost(6, 29, 549368).
cost(6, 30, 323127).
cost(7, 1, 439410).
cost(7, 2, 77755).
cost(7, 3, 530086).
cost(7, 4, 550676).
cost(7, 5, 312166).
cost(7, 6, 119749).
cost(7, 8, 476598).
cost(7, 9, 131938).
cost(7, 10, 119122).
cost(7, 11, 257122).
cost(7, 12, 544747).
cost(7, 13, 239372).
cost(7, 14, 237677).
cost(7, 15, 354403).
cost(7, 16, 334205).
cost(7, 17, 748059).
cost(7, 18, 305015).
cost(7, 19, 369010).
cost(7, 20, 363411).
cost(7, 21, 488392).
cost(7, 22, 350717).
cost(7, 23, 170706).
cost(7, 24, 323276).
cost(7, 25, 571664).
cost(7, 26, 241869).
cost(7, 27, 270097).
cost(7, 28, 227089).
cost(7, 29, 570155).
cost(7, 30, 341289).
cost(8, 1, 106906).
cost(8, 2, 457458).
cost(8, 3, 299514).
cost(8, 4, 285275).
cost(8, 5, 396918).
cost(8, 6, 421755).
cost(8, 7, 476598).
cost(8, 9, 544481).
cost(8, 10, 372195).
cost(8, 11, 389457).
cost(8, 12, 82969).
cost(8, 13, 237858).
cost(8, 14, 638473).
cost(8, 15, 231615).
cost(8, 16, 143011).
cost(8, 17, 325186).
cost(8, 18, 199336).
cost(8, 19, 108823).
cost(8, 20, 540960).
cost(8, 21, 327982).
cost(8, 22, 261394).
cost(8, 23, 319660).
cost(8, 24, 196021).
cost(8, 25, 179007).
cost(8, 26, 391371).
cost(8, 27, 279355).
cost(8, 28, 294760).
cost(8, 29, 187074).
cost(8, 30, 171522).
cost(9, 1, 529329).
cost(9, 2, 92188).
cost(9, 3, 524203).
cost(9, 4, 550818).
cost(9, 5, 268051).
cost(9, 6, 250827).
cost(9, 7, 131938).
cost(9, 8, 544481).
cost(9, 10, 235583).
cost(9, 11, 221925).
cost(9, 12, 600900).
cost(9, 13, 312716).
cost(9, 14, 109183).
cost(9, 15, 370929).
cost(9, 16, 403492).
cost(9, 17, 841494).
cost(9, 18, 350927).
cost(9, 19, 436208).
cost(9, 20, 267140).
cost(9, 21, 471001).
cost(9, 22, 356746).
cost(9, 23, 225797).
cost(9, 24, 362679).
cost(9, 25, 603602).
cost(9, 26, 372321).
cost(9, 27, 385465).
cost(9, 28, 340853).
cost(9, 29, 599593).
cost(9, 30, 385396).
cost(10, 1, 324168).
cost(10, 2, 149217).
cost(10, 3, 480151).
cost(10, 4, 494644).
cost(10, 5, 316170).
cost(10, 6, 63862).
cost(10, 7, 119122).
cost(10, 8, 372195).
cost(10, 9, 235583).
cost(10, 11, 263610).
cost(10, 12, 446152).
cost(10, 13, 145480).
cost(10, 14, 344765).
cost(10, 15, 297938).
cost(10, 16, 234429).
cost(10, 17, 630272).
cost(10, 18, 227807).
cost(10, 19, 268840).
cost(10, 20, 408979).
cost(10, 21, 450825).
cost(10, 22, 304133).
cost(10, 23, 118321).
cost(10, 24, 249779).
cost(10, 25, 489394).
cost(10, 26, 150631).
cost(10, 27, 151876).
cost(10, 28, 108200).
cost(10, 29, 489819).
cost(10, 30, 261742).
cost(11, 1, 414663).
cost(11, 2, 183876).
cost(11, 3, 303267).
cost(11, 4, 331206).
cost(11, 5, 55329).
cost(11, 6, 319946).
cost(11, 7, 257122).
cost(11, 8, 389457).
cost(11, 9, 221925).
cost(11, 10, 263610).
cost(11, 12, 424875).
cost(11, 13, 217350).
cost(11, 14, 278850).
cost(11, 15, 171311).
cost(11, 16, 271866).
cost(11, 17, 711732).
cost(11, 18, 194877).
cost(11, 19, 294460).
cost(11, 20, 166521).
cost(11, 21, 249079).
cost(11, 22, 148651).
cost(11, 23, 155634).
cost(11, 24, 193714).
cost(11, 25, 401585).
cost(11, 26, 407945).
cost(11, 27, 356695).
cost(11, 28, 319462).
cost(11, 29, 395628).
cost(11, 30, 218050).
cost(12, 1, 185103).
cost(12, 2, 517812).
cost(12, 3, 267411).
cost(12, 4, 245284).
cost(12, 5, 421868).
cost(12, 6, 498748).
cost(12, 7, 544747).
cost(12, 8, 82969).
cost(12, 9, 600900).
cost(12, 10, 446152).
cost(12, 11, 424875).
cost(12, 13, 305744).
cost(12, 14, 688671).
cost(12, 15, 255545).
cost(12, 16, 212073).
cost(12, 17, 322099).
cost(12, 18, 249977).
cost(12, 19, 177392).
cost(12, 20, 563028).
cost(12, 21, 310148).
cost(12, 22, 282760).
cost(12, 23, 380750).
cost(12, 24, 239793).
cost(12, 25, 113930).
cost(12, 26, 473808).
cost(12, 27, 361664).
cost(12, 28, 375015).
cost(12, 29, 124495).
cost(12, 30, 216114).
cost(13, 1, 218358).
cost(13, 2, 222571).
cost(13, 3, 348014).
cost(13, 4, 358219).
cost(13, 5, 254191).
cost(13, 6, 205366).
cost(13, 7, 239372).
cost(13, 8, 237858).
cost(13, 9, 312716).
cost(13, 10, 145480).
cost(13, 11, 217350).
cost(13, 12, 305744).
cost(13, 14, 413652).
cost(13, 15, 169790).
cost(13, 16, 94970).
cost(13, 17, 529866).
cost(13, 18, 87688).
cost(13, 19, 129690).
cost(13, 20, 383687).
cost(13, 21, 329458).
cost(13, 22, 185230).
cost(13, 23, 88300).
cost(13, 24, 110841).
cost(13, 25, 343921).
cost(13, 26, 232835).
cost(13, 27, 149081).
cost(13, 28, 123413).
cost(13, 29, 344445).
cost(13, 30, 118338).
cost(14, 1, 631839).
cost(14, 2, 199475).
cost(14, 3, 577492).
cost(14, 4, 607322).
cost(14, 5, 311082).
cost(14, 6, 357420).
cost(14, 7, 237677).
cost(14, 8, 638473).
cost(14, 9, 109183).
cost(14, 10, 344765).
cost(14, 11, 278850).
cost(14, 12, 688671).
cost(14, 13, 413652).
cost(14, 15, 445203).
cost(14, 16, 500672).
cost(14, 17, 943505).
cost(14, 18, 440543).
cost(14, 19, 531867).
cost(14, 20, 254671).
cost(14, 21, 518290).
cost(14, 22, 425884).
cost(14, 23, 325419).
cost(14, 24, 448904).
cost(14, 25, 678510).
cost(14, 26, 479481).
cost(14, 27, 494401).
cost(14, 28, 449751).
cost(14, 29, 673148).
cost(14, 30, 472820).
cost(15, 1, 284695).
cost(15, 2, 302736).
cost(15, 3, 182215).
cost(15, 4, 198114).
cost(15, 5, 167189).
cost(15, 6, 361694).
cost(15, 7, 354403).
cost(15, 8, 231615).
cost(15, 9, 370929).
cost(15, 10, 297938).
cost(15, 11, 171311).
cost(15, 12, 255545).
cost(15, 13, 169790).
cost(15, 14, 445203).
cost(15, 16, 154944).
cost(15, 17, 556688).
cost(15, 18, 86536).
cost(15, 19, 160080).
cost(15, 20, 310377).
cost(15, 21, 159807).
cost(15, 22, 30006).
cost(15, 23, 187685).
cost(15, 24, 65664).
cost(15, 25, 233740).
cost(15, 26, 402619).
cost(15, 27, 312065).
cost(15, 28, 292459).
cost(15, 29, 229067).
cost(15, 30, 77929).
cost(16, 1, 142825).
cost(16, 2, 315175).
cost(16, 3, 304669).
cost(16, 4, 306447).
cost(16, 5, 293803).
cost(16, 6, 289249).
cost(16, 7, 334205).
cost(16, 8, 143011).
cost(16, 9, 403492).
cost(16, 10, 234429).
cost(16, 11, 271866).
cost(16, 12, 212073).
cost(16, 13, 94970).
cost(16, 14, 500672).
cost(16, 15, 154944).
cost(16, 17, 446038).
cost(16, 18, 79939).
cost(16, 19, 34863).
cost(16, 20, 434937).
cost(16, 21, 303821).
cost(16, 22, 181625).
cost(16, 23, 177798).
cost(16, 24, 92105).
cost(16, 25, 262805).
cost(16, 26, 285923).
cost(16, 27, 179045).
cost(16, 28, 176518).
cost(16, 29, 265299).
cost(16, 30, 77440).
cost(17, 1, 312166).
cost(17, 2, 749945).
cost(17, 3, 587490).
cost(17, 4, 562378).
cost(17, 5, 721948).
cost(17, 6, 659151).
cost(17, 7, 748059).
cost(17, 8, 325186).
cost(17, 9, 841494).
cost(17, 10, 630272).
cost(17, 11, 711732).
cost(17, 12, 322099).
cost(17, 13, 529866).
cost(17, 14, 943505).
cost(17, 15, 556688).
cost(17, 16, 446038).
cost(17, 18, 517604).
cost(17, 19, 418660).
cost(17, 20, 866051).
cost(17, 21, 632246).
cost(17, 22, 586354).
cost(17, 23, 618090).
cost(17, 24, 518281).
cost(17, 25, 420651).
cost(17, 26, 575944).
cost(17, 27, 488930).
cost(17, 28, 526252).
cost(17, 29, 432402).
cost(17, 30, 494264).
cost(18, 1, 221687).
cost(18, 2, 269205).
cost(18, 3, 260600).
cost(18, 4, 270565).
cost(18, 5, 214000).
cost(18, 6, 290008).
cost(18, 7, 305015).
cost(18, 8, 199336).
cost(18, 9, 350927).
cost(18, 10, 227807).
cost(18, 11, 194877).
cost(18, 12, 249977).
cost(18, 13, 87688).
cost(18, 14, 440543).
cost(18, 15, 86536).
cost(18, 16, 79939).
cost(18, 17, 517604).
cost(18, 19, 99583).
cost(18, 20, 355843).
cost(18, 21, 245536).
cost(18, 22, 108213).
cost(18, 23, 135002).
cost(18, 24, 23190).
cost(18, 25, 266848).
cost(18, 26, 318752).
cost(18, 27, 225598).
cost(18, 28, 207622).
cost(18, 29, 265808).
cost(18, 30, 36307).
cost(19, 1, 125404).
cost(19, 2, 348695).
cost(19, 3, 291355).
cost(19, 4, 289525).
cost(19, 5, 311360).
cost(19, 6, 322732).
cost(19, 7, 369010).
cost(19, 8, 108823).
cost(19, 9, 436208).
cost(19, 10, 268840).
cost(19, 11, 294460).
cost(19, 12, 177392).
cost(19, 13, 129690).
cost(19, 14, 531867).
cost(19, 15, 160080).
cost(19, 16, 34863).
cost(19, 17, 418660).
cost(19, 18, 99583).
cost(19, 20, 454391).
cost(19, 21, 297771).
cost(19, 22, 188966).
cost(19, 23, 210967).
cost(19, 24, 104669).
cost(19, 25, 233369).
cost(19, 26, 312842).
cost(19, 27, 203105).
cost(19, 28, 205789).
cost(19, 29, 236746).
cost(19, 30, 83742).
cost(20, 1, 577471).
cost(20, 2, 286559).
cost(20, 3, 373894).
cost(20, 4, 407518).
cost(20, 5, 144134).
cost(20, 6, 456079).
cost(20, 7, 363411).
cost(20, 8, 540960).
cost(20, 9, 267140).
cost(20, 10, 408979).
cost(20, 11, 166521).
cost(20, 12, 563028).
cost(20, 13, 383687).
cost(20, 14, 254671).
cost(20, 15, 310377).
cost(20, 16, 434937).
cost(20, 17, 866051).
cost(20, 18, 355843).
cost(20, 19, 454391).
cost(20, 21, 309069).
cost(20, 22, 281447).
cost(20, 23, 315494).
cost(20, 24, 350328).
cost(20, 25, 514931).
cost(20, 26, 558881).
cost(20, 27, 519584).
cost(20, 28, 480169).
cost(20, 29, 506457).
cost(20, 30, 373391).
cost(21, 1, 411186).
cost(21, 2, 424007).
cost(21, 3, 65028).
cost(21, 4, 99080).
cost(21, 5, 207511).
cost(21, 6, 514573).
cost(21, 7, 488392).
cost(21, 8, 327982).
cost(21, 9, 471001).
cost(21, 10, 450825).
cost(21, 11, 249079).
cost(21, 12, 310148).
cost(21, 13, 329458).
cost(21, 14, 518290).
cost(21, 15, 159807).
cost(21, 16, 303821).
cost(21, 17, 632246).
cost(21, 18, 245536).
cost(21, 19, 297771).
cost(21, 20, 309069).
cost(21, 22, 147096).
cost(21, 23, 334647).
cost(21, 24, 223330).
cost(21, 25, 226607).
cost(21, 26, 562274).
cost(21, 27, 470899).
cost(21, 28, 452265).
cost(21, 29, 215981).
cost(21, 30, 228327).
cost(22, 1, 313970).
cost(22, 2, 294008).
cost(22, 3, 179750).
cost(22, 4, 200226).
cost(22, 5, 139117).
cost(22, 6, 367964).
cost(22, 7, 350717).
cost(22, 8, 261394).
cost(22, 9, 356746).
cost(22, 10, 304133).
cost(22, 11, 148651).
cost(22, 12, 282760).
cost(22, 13, 185230).
cost(22, 14, 425884).
cost(22, 15, 30006).
cost(22, 16, 181625).
cost(22, 17, 586354).
cost(22, 18, 108213).
cost(22, 19, 188966).
cost(22, 20, 281447).
cost(22, 21, 147096).
cost(22, 23, 189388).
cost(22, 24, 90083).
cost(22, 25, 253038).
cost(22, 26, 417143).
cost(22, 27, 331313).
cost(22, 28, 308643).
cost(22, 29, 247339).
cost(22, 30, 105814).
cost(23, 1, 306651).
cost(23, 2, 137859).
cost(23, 3, 368274).
cost(23, 4, 385761).
cost(23, 5, 203981).
cost(23, 6, 181112).
cost(23, 7, 170706).
cost(23, 8, 319660).
cost(23, 9, 225797).
cost(23, 10, 118321).
cost(23, 11, 155634).
cost(23, 12, 380750).
cost(23, 13, 88300).
cost(23, 14, 325419).
cost(23, 15, 187685).
cost(23, 16, 177798).
cost(23, 17, 618090).
cost(23, 18, 135002).
cost(23, 19, 210967).
cost(23, 20, 315494).
cost(23, 21, 334647).
cost(23, 22, 189388).
cost(23, 24, 152607).
cost(23, 25, 401108).
cost(23, 26, 253771).
cost(23, 27, 204321).
cost(23, 28, 164827).
cost(23, 29, 399476).
cost(23, 30, 171296).
cost(24, 1, 229640).
cost(24, 2, 283702).
cost(24, 3, 237420).
cost(24, 4, 247491).
cost(24, 5, 206866).
cost(24, 6, 312330).
cost(24, 7, 323276).
cost(24, 8, 196021).
cost(24, 9, 362679).
cost(24, 10, 249779).
cost(24, 11, 193714).
cost(24, 12, 239793).
cost(24, 13, 110841).
cost(24, 14, 448904).
cost(24, 15, 65664).
cost(24, 16, 92105).
cost(24, 17, 518281).
cost(24, 18, 23190).
cost(24, 19, 104669).
cost(24, 20, 350328).
cost(24, 21, 223330).
cost(24, 22, 90083).
cost(24, 23, 152607).
cost(24, 25, 248549).
cost(24, 26, 341816).
cost(24, 27, 247569).
cost(24, 28, 230571).
cost(24, 29, 246880).
cost(24, 30, 24569).
cost(25, 1, 285810).
cost(25, 2, 530255).
cost(25, 3, 171512).
cost(25, 4, 143027).
cost(25, 5, 383955).
cost(25, 6, 548405).
cost(25, 7, 571664).
cost(25, 8, 179007).
cost(25, 9, 603602).
cost(25, 10, 489394).
cost(25, 11, 401585).
cost(25, 12, 113930).
cost(25, 13, 343921).
cost(25, 14, 678510).
cost(25, 15, 233740).
cost(25, 16, 262805).
cost(25, 17, 420651).
cost(25, 18, 266848).
cost(25, 19, 233369).
cost(25, 20, 514931).
cost(25, 21, 226607).
cost(25, 22, 253038).
cost(25, 23, 401108).
cost(25, 24, 248549).
cost(25, 26, 546057).
cost(25, 27, 435399).
cost(25, 28, 438826).
cost(25, 29, 11753).
cost(25, 30, 230743).
cost(26, 1, 307409).
cost(26, 2, 294459).
cost(26, 3, 578891).
cost(26, 4, 586285).
cost(26, 5, 457722).
cost(26, 6, 122172).
cost(26, 7, 241869).
cost(26, 8, 391371).
cost(26, 9, 372321).
cost(26, 10, 150631).
cost(26, 11, 407945).
cost(26, 12, 473808).
cost(26, 13, 232835).
cost(26, 14, 479481).
cost(26, 15, 402619).
cost(26, 16, 285923).
cost(26, 17, 575944).
cost(26, 18, 318752).
cost(26, 19, 312842).
cost(26, 20, 558881).
cost(26, 21, 562274).
cost(26, 22, 417143).
cost(26, 23, 253771).
cost(26, 24, 341816).
cost(26, 25, 546057).
cost(26, 27, 112193).
cost(26, 28, 111715).
cost(26, 29, 549589).
cost(26, 30, 344044).
cost(27, 1, 200157).
cost(27, 2, 295671).
cost(27, 3, 480251).
cost(27, 4, 484445).
cost(27, 5, 399203).
cost(27, 6, 170352).
cost(27, 7, 270097).
cost(27, 8, 279355).
cost(27, 9, 385465).
cost(27, 10, 151876).
cost(27, 11, 356695).
cost(27, 12, 361664).
cost(27, 13, 149081).
cost(27, 14, 494401).
cost(27, 15, 312065).
cost(27, 16, 179045).
cost(27, 17, 488930).
cost(27, 18, 225598).
cost(27, 19, 203105).
cost(27, 20, 519584).
cost(27, 21, 470899).
cost(27, 22, 331313).
cost(27, 23, 204321).
cost(27, 24, 247569).
cost(27, 25, 435399).
cost(27, 26, 112193).
cost(27, 28, 44681).
cost(27, 29, 439381).
cost(27, 30, 244993).
cost(28, 1, 227820).
cost(28, 2, 250993).
cost(28, 3, 467325).
cost(28, 4, 474578).
cost(28, 5, 364461).
cost(28, 6, 134643).
cost(28, 7, 227089).
cost(28, 8, 294760).
cost(28, 9, 340853).
cost(28, 10, 108200).
cost(28, 11, 319462).
cost(28, 12, 375015).
cost(28, 13, 123413).
cost(28, 14, 449751).
cost(28, 15, 292459).
cost(28, 16, 176518).
cost(28, 17, 526252).
cost(28, 18, 207622).
cost(28, 19, 205789).
cost(28, 20, 480169).
cost(28, 21, 452265).
cost(28, 22, 308643).
cost(28, 23, 164827).
cost(28, 24, 230571).
cost(28, 25, 438826).
cost(28, 26, 111715).
cost(28, 27, 44681).
cost(28, 29, 441665).
cost(28, 30, 232330).
cost(29, 1, 293626).
cost(29, 2, 527374).
cost(29, 3, 160166).
cost(29, 4, 131388).
cost(29, 5, 376696).
cost(29, 6, 549368).
cost(29, 7, 570155).
cost(29, 8, 187074).
cost(29, 9, 599593).
cost(29, 10, 489819).
cost(29, 11, 395628).
cost(29, 12, 124495).
cost(29, 13, 344445).
cost(29, 14, 673148).
cost(29, 15, 229067).
cost(29, 16, 265299).
cost(29, 17, 432402).
cost(29, 18, 265808).
cost(29, 19, 236746).
cost(29, 20, 506457).
cost(29, 21, 215981).
cost(29, 22, 247339).
cost(29, 23, 399476).
cost(29, 24, 246880).
cost(29, 25, 11753).
cost(29, 26, 549589).
cost(29, 27, 439381).
cost(29, 28, 441665).
cost(29, 30, 229923).
cost(30, 1, 209141).
cost(30, 2, 304895).
cost(30, 3, 235613).
cost(30, 4, 242332).
cost(30, 5, 229559).
cost(30, 6, 323127).
cost(30, 7, 341289).
cost(30, 8, 171522).
cost(30, 9, 385396).
cost(30, 10, 261742).
cost(30, 11, 218050).
cost(30, 12, 216114).
cost(30, 13, 118338).
cost(30, 14, 472820).
cost(30, 15, 77929).
cost(30, 16, 77440).
cost(30, 17, 494264).
cost(30, 18, 36307).
cost(30, 19, 83742).
cost(30, 20, 373391).
cost(30, 21, 228327).
cost(30, 22, 105814).
cost(30, 23, 171296).
cost(30, 24, 24569).
cost(30, 25, 230743).
cost(30, 26, 344044).
cost(30, 27, 244993).
cost(30, 28, 232330).
cost(30, 29, 229923).
