dimension(30).
point(1, 116586.0, -164890.0).
point(2, -49529.0, 295589.0).
point(3, 142792.0, -54952.0).
point(4, -219238.0, -231209.0).
point(5, -308974.0, 78713.0).
point(6, -15850.0, -154590.0).
point(7, -353620.0, -194391.0).
point(8, 169564.0, 170163.0).
point(9, -9183.0, -205715.0).
point(10, 708.0, -33199.0).
point(11, 117238.0, -21592.0).
point(12, 20735.0, -285171.0).
point(13, -442551.0, 146867.0).
point(14, -269849.0, 182440.0).
point(15, 343015.0, 252539.0).
point(16, -84288.0, 112153.0).
point(17, -63093.0, -220540.0).
point(18, -29204.0, -196849.0).
point(19, -364323.0, -91668.0).
point(20, 253052.0, -129128.0).
point(21, 51083.0, 308982.0).
point(22, -53265.0, -203025.0).
point(23, 130881.0, 160370.0).
point(24, 19843.0, -143048.0).
point(25, -155953.0, -17287.0).
point(26, -4570.0, -146810.0).
point(27, -335579.0, -149119.0).
point(28, -48135.0, -39346.0).
point(29, 252021.0, 215467.0).
point(30, 36974.0, 213185.0).
cost(1, 2, 489525).
cost(1, 3, 113018).
cost(1, 4, 342310).
cost(1, 5, 490351).
cost(1, 6, 132836).
cost(1, 7, 471131).
cost(1, 8, 339216).
cost(1, 9, 132229).
cost(1, 10, 175414).
cost(1, 11, 143299).
cost(1, 12, 153802).
cost(1, 13, 640177).
cost(1, 14, 519587).
cost(1, 15, 474886).
cost(1, 16, 342203).
cost(1, 17, 188100).
cost(1, 18, 149252).
cost(1, 19, 486451).
cost(1, 20, 141074).
cost(1, 21, 478378).
cost(1, 22, 174079).
cost(1, 23, 325574).
cost(1, 24, 99178).
cost(1, 25, 309942).
cost(1, 26, 122498).
cost(1, 27, 452440).
cost(1, 28, 207109).
cost(1, 29, 403750).
cost(1, 30, 386366).
cost(2, 1, 489525).
cost(2, 3, 399833).
cost(2, 4, 553459).
cost(2, 5, 338152).
cost(2, 6, 451437).
cost(2, 7, 576673).
cost(2, 8, 252455).
cost(2, 9, 502925).
cost(2, 10, 332604).
cost(2, 11, 358350).
cost(2, 12, 584995).
cost(2, 13, 420220).
cost(2, 14, 247676).
cost(2, 15, 394898).
cost(2, 16, 186700).
cost(2, 17, 516307).
cost(2, 18, 492857).
cost(2, 19, 499062).
cost(2, 20, 521478).
cost(2, 21, 101499).
cost(2, 22, 498628).
cost(2, 23, 225459).
cost(2, 24, 444089).
cost(2, 25, 330481).
cost(2, 26, 444678).
cost(2, 27, 528763).
cost(2, 28, 334938).
cost(2, 29, 312013).
cost(2, 30, 119470).
cost(3, 1, 113018).
cost(3, 2, 399833).
cost(3, 4, 402656).
cost(3, 5, 471125).
cost(3, 6, 187337).
cost(3, 7, 515624).
cost(3, 8, 226701).
cost(3, 9, 214070).
cost(3, 10, 143740).
cost(3, 11, 42023).
cost(3, 12, 260574).
cost(3, 13, 619159).
cost(3, 14, 476054).
cost(3, 15, 366933).
cost(3, 16, 281939).
cost(3, 17, 264212).
cost(3, 18, 222974).
cost(3, 19, 508442).
cost(3, 20, 132888).
cost(3, 21, 375311).
cost(3, 22, 245691).
cost(3, 23, 215651).
cost(3, 24, 151253).
cost(3, 25, 301110).
cost(3, 26, 173647).
cost(3, 27, 487551).
cost(3, 28, 191564).
cost(3, 29, 291646).
cost(3, 30, 288262).
cost(4, 1, 342310).
cost(4, 2, 553459).
cost(4, 3, 402656).
cost(4, 5, 322652).
cost(4, 6, 217341).
cost(4, 7, 139334).
cost(4, 8, 558808).
cost(4, 9, 211596).
cost(4, 10, 295946).
cost(4, 11, 396428).
cost(4, 12, 245965).
cost(4, 13, 439102).
cost(4, 14, 416734).
cost(4, 15, 741715).
cost(4, 16, 368929).
cost(4, 17, 156509).
cost(4, 18, 193115).
cost(4, 19, 201299).
cost(4, 20, 483196).
cost(4, 21, 604053).
cost(4, 22, 168349).
cost(4, 23, 525278).
cost(4, 24, 254818).
cost(4, 25, 223087).
cost(4, 26, 230663).
cost(4, 27, 142387).
cost(4, 28, 257075).
cost(4, 29, 649311).
cost(4, 30, 512963).
cost(5, 1, 490351).
cost(5, 2, 338152).
cost(5, 3, 471125).
cost(5, 4, 322652).
cost(5, 6, 374636).
cost(5, 7, 276729).
cost(5, 8, 487198).
cost(5, 9, 413248).
cost(5, 10, 329283).
cost(5, 11, 437856).
cost(5, 12, 491039).
cost(5, 13, 149959).
cost(5, 14, 110861).
cost(5, 15, 674763).
cost(5, 16, 227161).
cost(5, 17, 387311).
cost(5, 18, 392690).
cost(5, 19, 179146).
cost(5, 20, 599225).
cost(5, 21, 427393).
cost(5, 22, 380478).
cost(5, 23, 447370).
cost(5, 24, 396609).
cost(5, 25, 180642).
cost(5, 26, 378844).
cost(5, 27, 229380).
cost(5, 28, 286313).
cost(5, 29, 577423).
cost(5, 30, 371164).
cost(6, 1, 132836).
cost(6, 2, 451437).
cost(6, 3, 187337).
cost(6, 4, 217341).
cost(6, 5, 374636).
cost(6, 7, 340107).
cost(6, 8, 373956).
cost(6, 9, 51558).
cost(6, 10, 122515).
cost(6, 11, 188151).
cost(6, 12, 135609).
cost(6, 13, 522446).
cost(6, 14, 422025).
cost(6, 15, 542714).
cost(6, 16, 275383).
cost(6, 17, 81125).
cost(6, 18, 44319).
cost(6, 19, 354108).
cost(6, 20, 270105).
cost(6, 21, 468379).
cost(6, 22, 61203).
cost(6, 23, 347462).
cost(6, 24, 37513).
cost(6, 25, 196166).
cost(6, 26, 13703).
cost(6, 27, 319776).
cost(6, 28, 119681).
cost(6, 29, 456834).
cost(6, 30, 371549).
cost(7, 1, 471131).
cost(7, 2, 576673).
cost(7, 3, 515624).
cost(7, 4, 139334).
cost(7, 5, 276729).
cost(7, 6, 340107).
cost(7, 8, 637669).
cost(7, 9, 344623).
cost(7, 10, 389270).
cost(7, 11, 501564).
cost(7, 12, 385205).
cost(7, 13, 352655).
cost(7, 14, 386030).
cost(7, 15, 827676).
cost(7, 16, 408055).
cost(7, 17, 291701).
cost(7, 18, 324425).
cost(7, 19, 103279).
cost(7, 20, 610172).
cost(7, 21, 645886).
cost(7, 22, 300479).
cost(7, 23, 600497).
cost(7, 24, 376976).
cost(7, 25, 265402).
cost(7, 26, 352278).
cost(7, 27, 48734).
cost(7, 28, 342579).
cost(7, 29, 731290).
cost(7, 30, 564519).
cost(8, 1, 339216).
cost(8, 2, 252455).
cost(8, 3, 226701).
cost(8, 4, 558808).
cost(8, 5, 487198).
cost(8, 6, 373956).
cost(8, 7, 637669).
cost(8, 9, 416215).
cost(8, 10, 264326).
cost(8, 11, 198766).
cost(8, 12, 479040).
cost(8, 13, 612558).
cost(8, 14, 439584).
cost(8, 15, 192018).
cost(8, 16, 260396).
cost(8, 17, 454729).
cost(8, 18, 417381).
cost(8, 19, 594635).
cost(8, 20, 310717).
cost(8, 21, 182506).
cost(8, 22, 434652).
cost(8, 23, 39903).
cost(8, 24, 347156).
cost(8, 25, 375631).
cost(8, 26, 361655).
cost(8, 27, 597587).
cost(8, 28, 302137).
cost(8, 29, 94083).
cost(8, 30, 139395).
cost(9, 1, 132229).
cost(9, 2, 502925).
cost(9, 3, 214070).
cost(9, 4, 211596).
cost(9, 5, 413248).
cost(9, 6, 51558).
cost(9, 7, 344623).
cost(9, 8, 416215).
cost(9, 10, 172799).
cost(9, 11, 223346).
cost(9, 12, 84902).
cost(9, 13, 558679).
cost(9, 14, 467559).
cost(9, 15, 577962).
cost(9, 16, 326620).
cost(9, 17, 55911).
cost(9, 18, 21896).
cost(9, 19, 373003).
cost(9, 20, 273190).
cost(9, 21, 518213).
cost(9, 22, 44164).
cost(9, 23, 391964).
cost(9, 24, 69063).
cost(9, 25, 238844).
cost(9, 26, 59085).
cost(9, 27, 331266).
cost(9, 28, 170868).
cost(9, 29, 495602).
cost(9, 30, 421435).
cost(10, 1, 175414).
cost(10, 2, 332604).
cost(10, 3, 143740).
cost(10, 4, 295946).
cost(10, 5, 329283).
cost(10, 6, 122515).
cost(10, 7, 389270).
cost(10, 8, 264326).
cost(10, 9, 172799).
cost(10, 11, 117107).
cost(10, 12, 252767).
cost(10, 13, 478437).
cost(10, 14, 345979).
cost(10, 15, 445893).
cost(10, 16, 168379).
cost(10, 17, 197907).
cost(10, 18, 166361).
cost(10, 19, 369684).
cost(10, 20, 269963).
cost(10, 21, 345869).
cost(10, 22, 178196).
cost(10, 23, 233268).
cost(10, 24, 111503).
cost(10, 25, 157467).
cost(10, 26, 113734).
cost(10, 27, 355705).
cost(10, 28, 49228).
cost(10, 29, 353543).
cost(10, 30, 249039).
cost(11, 1, 143299).
cost(11, 2, 358350).
cost(11, 3, 42023).
cost(11, 4, 396428).
cost(11, 5, 437856).
cost(11, 6, 188151).
cost(11, 7, 501564).
cost(11, 8, 198766).
cost(11, 9, 223346).
cost(11, 10, 117107).
cost(11, 12, 280690).
cost(11, 13, 584587).
cost(11, 14, 437568).
cost(11, 15, 355138).
cost(11, 16, 241869).
cost(11, 17, 268514).
cost(11, 18, 228386).
cost(11, 19, 486633).
cost(11, 20, 173232).
cost(11, 21, 337129).
cost(11, 22, 248976).
cost(11, 23, 182473).
cost(11, 24, 155683).
cost(11, 25, 273225).
cost(11, 26, 174690).
cost(11, 27, 470432).
cost(11, 28, 166323).
cost(11, 29, 272697).
cost(11, 30, 248118).
cost(12, 1, 153802).
cost(12, 2, 584995).
cost(12, 3, 260574).
cost(12, 4, 245965).
cost(12, 5, 491039).
cost(12, 6, 135609).
cost(12, 7, 385205).
cost(12, 8, 479040).
cost(12, 9, 84902).
cost(12, 10, 252767).
cost(12, 11, 280690).
cost(12, 13, 633475).
cost(12, 14, 550544).
cost(12, 15, 626894).
cost(12, 16, 410970).
cost(12, 17, 105850).
cost(12, 18, 101463).
cost(12, 19, 430944).
cost(12, 20, 279858).
cost(12, 21, 594928).
cost(12, 22, 110562).
cost(12, 23, 458954).
cost(12, 24, 142126).
cost(12, 25, 320906).
cost(12, 26, 140656).
cost(12, 27, 381405).
cost(12, 28, 255290).
cost(12, 29, 551481).
cost(12, 30, 498621).
cost(13, 1, 640177).
cost(13, 2, 420220).
cost(13, 3, 619159).
cost(13, 4, 439102).
cost(13, 5, 149959).
cost(13, 6, 522446).
cost(13, 7, 352655).
cost(13, 8, 612558).
cost(13, 9, 558679).
cost(13, 10, 478437).
cost(13, 11, 584587).
cost(13, 12, 633475).
cost(13, 14, 176328).
cost(13, 15, 792641).
cost(13, 16, 359941).
cost(13, 17, 528182).
cost(13, 18, 537584).
cost(13, 19, 251035).
cost(13, 20, 748356).
cost(13, 21, 519573).
cost(13, 22, 523420).
cost(13, 23, 573591).
cost(13, 24, 545765).
cost(13, 25, 330280).
cost(13, 26, 527327).
cost(13, 27, 314723).
cost(13, 28, 436164).
cost(13, 29, 697951).
cost(13, 30, 484089).
cost(14, 1, 519587).
cost(14, 2, 247676).
cost(14, 3, 476054).
cost(14, 4, 416734).
cost(14, 5, 110861).
cost(14, 6, 422025).
cost(14, 7, 386030).
cost(14, 8, 439584).
cost(14, 9, 467559).
cost(14, 10, 345979).
cost(14, 11, 437568).
cost(14, 12, 550544).
cost(14, 13, 176328).
cost(14, 15, 616860).
cost(14, 16, 198427).
cost(14, 17, 452925).
cost(14, 18, 449188).
cost(14, 19, 289932).
cost(14, 20, 608687).
cost(14, 21, 344979).
cost(14, 22, 442145).
cost(14, 23, 401337).
cost(14, 24, 435734).
cost(14, 25, 229920).
cost(14, 26, 422822).
cost(14, 27, 338012).
cost(14, 28, 313602).
cost(14, 29, 522914).
cost(14, 30, 308360).
cost(15, 1, 474886).
cost(15, 2, 394898).
cost(15, 3, 366933).
cost(15, 4, 741715).
cost(15, 5, 674763).
cost(15, 6, 542714).
cost(15, 7, 827676).
cost(15, 8, 192018).
cost(15, 9, 577962).
cost(15, 10, 445893).
cost(15, 11, 355138).
cost(15, 12, 626894).
cost(15, 13, 792641).
cost(15, 14, 616860).
cost(15, 16, 449773).
cost(15, 17, 623480).
cost(15, 18, 583521).
cost(15, 19, 786642).
cost(15, 20, 392126).
cost(15, 21, 297338).
cost(15, 22, 603802).
cost(15, 23, 231292).
cost(15, 24, 510812).
cost(15, 25, 567252).
cost(15, 26, 529429).
cost(15, 27, 788555).
cost(15, 28, 488052).
cost(15, 29, 98256).
cost(15, 30, 308561).
cost(16, 1, 342203).
cost(16, 2, 186700).
cost(16, 3, 281939).
cost(16, 4, 368929).
cost(16, 5, 227161).
cost(16, 6, 275383).
cost(16, 7, 408055).
cost(16, 8, 260396).
cost(16, 9, 326620).
cost(16, 10, 168379).
cost(16, 11, 241869).
cost(16, 12, 410970).
cost(16, 13, 359941).
cost(16, 14, 198427).
cost(16, 15, 449773).
cost(16, 17, 333367).
cost(16, 18, 313873).
cost(16, 19, 346356).
cost(16, 20, 414747).
cost(16, 21, 238887).
cost(16, 22, 316701).
cost(16, 23, 220505).
cost(16, 24, 275628).
cost(16, 25, 147955).
cost(16, 26, 270955).
cost(16, 27, 362505).
cost(16, 28, 155753).
cost(16, 29, 351820).
cost(16, 30, 157835).
cost(17, 1, 188100).
cost(17, 2, 516307).
cost(17, 3, 264212).
cost(17, 4, 156509).
cost(17, 5, 387311).
cost(17, 6, 81125).
cost(17, 7, 291701).
cost(17, 8, 454729).
cost(17, 9, 55911).
cost(17, 10, 197907).
cost(17, 11, 268514).
cost(17, 12, 105850).
cost(17, 13, 528182).
cost(17, 14, 452925).
cost(17, 15, 623480).
cost(17, 16, 333367).
cost(17, 18, 41349).
cost(17, 19, 327639).
cost(17, 20, 329095).
cost(17, 21, 541692).
cost(17, 22, 20084).
cost(17, 23, 427456).
cost(17, 24, 113505).
cost(17, 25, 223461).
cost(17, 26, 94133).
cost(17, 27, 281691).
cost(17, 28, 181810).
cost(17, 29, 537958).
cost(17, 30, 445119).
cost(18, 1, 149252).
cost(18, 2, 492857).
cost(18, 3, 222974).
cost(18, 4, 193115).
cost(18, 5, 392690).
cost(18, 6, 44319).
cost(18, 7, 324425).
cost(18, 8, 417381).
cost(18, 9, 21896).
cost(18, 10, 166361).
cost(18, 11, 228386).
cost(18, 12, 101463).
cost(18, 13, 537584).
cost(18, 14, 449188).
cost(18, 15, 583521).
cost(18, 16, 313873).
cost(18, 17, 41349).
cost(18, 19, 351238).
cost(18, 20, 290266).
cost(18, 21, 512163).
cost(18, 22, 24841).
cost(18, 23, 391449).
cost(18, 24, 72802).
cost(18, 25, 219790).
cost(18, 26, 55774).
cost(18, 27, 310071).
cost(18, 28, 158637).
cost(18, 29, 499091).
cost(18, 30, 415340).
cost(19, 1, 486451).
cost(19, 2, 499062).
cost(19, 3, 508442).
cost(19, 4, 201299).
cost(19, 5, 179146).
cost(19, 6, 354108).
cost(19, 7, 103279).
cost(19, 8, 594635).
cost(19, 9, 373003).
cost(19, 10, 369684).
cost(19, 11, 486633).
cost(19, 12, 430944).
cost(19, 13, 251035).
cost(19, 14, 289932).
cost(19, 15, 786642).
cost(19, 16, 346356).
cost(19, 17, 327639).
cost(19, 18, 351238).
cost(19, 20, 618510).
cost(19, 21, 577133).
cost(19, 22, 330390).
cost(19, 23, 555653).
cost(19, 24, 387587).
cost(19, 25, 221248).
cost(19, 26, 363954).
cost(19, 27, 64240).
cost(19, 28, 320488).
cost(19, 29, 688630).
cost(19, 30, 503959).
cost(20, 1, 141074).
cost(20, 2, 521478).
cost(20, 3, 132888).
cost(20, 4, 483196).
cost(20, 5, 599225).
cost(20, 6, 270105).
cost(20, 7, 610172).
cost(20, 8, 310717).
cost(20, 9, 273190).
cost(20, 10, 269963).
cost(20, 11, 173232).
cost(20, 12, 279858).
cost(20, 13, 748356).
cost(20, 14, 608687).
cost(20, 15, 392126).
cost(20, 16, 414747).
cost(20, 17, 329095).
cost(20, 18, 290266).
cost(20, 19, 618510).
cost(20, 21, 482423).
cost(20, 22, 315105).
cost(20, 23, 314221).
cost(20, 24, 233624).
cost(20, 25, 424021).
cost(20, 26, 258228).
cost(20, 27, 588970).
cost(20, 28, 314284).
cost(20, 29, 344597).
cost(20, 30, 404806).
cost(21, 1, 478378).
cost(21, 2, 101499).
cost(21, 3, 375311).
cost(21, 4, 604053).
cost(21, 5, 427393).
cost(21, 6, 468379).
cost(21, 7, 645886).
cost(21, 8, 182506).
cost(21, 9, 518213).
cost(21, 10, 345869).
cost(21, 11, 337129).
cost(21, 12, 594928).
cost(21, 13, 519573).
cost(21, 14, 344979).
cost(21, 15, 297338).
cost(21, 16, 238887).
cost(21, 17, 541692).
cost(21, 18, 512163).
cost(21, 19, 577133).
cost(21, 20, 482423).
cost(21, 22, 522532).
cost(21, 23, 168681).
cost(21, 24, 453108).
cost(21, 25, 386413).
cost(21, 26, 459177).
cost(21, 27, 599470).
cost(21, 28, 362183).
cost(21, 29, 221633).
cost(21, 30, 96830).
cost(22, 1, 174079).
cost(22, 2, 498628).
cost(22, 3, 245691).
cost(22, 4, 168349).
cost(22, 5, 380478).
cost(22, 6, 61203).
cost(22, 7, 300479).
cost(22, 8, 434652).
cost(22, 9, 44164).
cost(22, 10, 178196).
cost(22, 11, 248976).
cost(22, 12, 110562).
cost(22, 13, 523420).
cost(22, 14, 442145).
cost(22, 15, 603802).
cost(22, 16, 316701).
cost(22, 17, 20084).
cost(22, 18, 24841).
cost(22, 19, 330390).
cost(22, 20, 315105).
cost(22, 21, 522532).
cost(22, 23, 407389).
cost(22, 24, 94562).
cost(22, 25, 212234).
cost(22, 26, 74373).
cost(22, 27, 287414).
cost(22, 28, 163759).
cost(22, 29, 518011).
cost(22, 30, 425880).
cost(23, 1, 325574).
cost(23, 2, 225459).
cost(23, 3, 215651).
cost(23, 4, 525278).
cost(23, 5, 447370).
cost(23, 6, 347462).
cost(23, 7, 600497).
cost(23, 8, 39903).
cost(23, 9, 391964).
cost(23, 10, 233268).
cost(23, 11, 182473).
cost(23, 12, 458954).
cost(23, 13, 573591).
cost(23, 14, 401337).
cost(23, 15, 231292).
cost(23, 16, 220505).
cost(23, 17, 427456).
cost(23, 18, 391449).
cost(23, 19, 555653).
cost(23, 20, 314221).
cost(23, 21, 168681).
cost(23, 22, 407389).
cost(23, 24, 323097).
cost(23, 25, 337396).
cost(23, 26, 335718).
cost(23, 27, 559793).
cost(23, 28, 268204).
cost(23, 29, 133081).
cost(23, 30, 107740).
cost(24, 1, 99178).
cost(24, 2, 444089).
cost(24, 3, 151253).
cost(24, 4, 254818).
cost(24, 5, 396609).
cost(24, 6, 37513).
cost(24, 7, 376976).
cost(24, 8, 347156).
cost(24, 9, 69063).
cost(24, 10, 111503).
cost(24, 11, 155683).
cost(24, 12, 142126).
cost(24, 13, 545765).
cost(24, 14, 435734).
cost(24, 15, 510812).
cost(24, 16, 275628).
cost(24, 17, 113505).
cost(24, 18, 72802).
cost(24, 19, 387587).
cost(24, 20, 233624).
cost(24, 21, 453108).
cost(24, 22, 94562).
cost(24, 23, 323097).
cost(24, 25, 216148).
cost(24, 26, 24701).
cost(24, 27, 355474).
cost(24, 28, 123996).
cost(24, 29, 427130).
cost(24, 30, 356645).
cost(25, 1, 309942).
cost(25, 2, 330481).
cost(25, 3, 301110).
cost(25, 4, 223087).
cost(25, 5, 180642).
cost(25, 6, 196166).
cost(25, 7, 265402).
cost(25, 8, 375631).
cost(25, 9, 238844).
cost(25, 10, 157467).
cost(25, 11, 273225).
cost(25, 12, 320906).
cost(25, 13, 330280).
cost(25, 14, 229920).
cost(25, 15, 567252).
cost(25, 16, 147955).
cost(25, 17, 223461).
cost(25, 18, 219790).
cost(25, 19, 221248).
cost(25, 20, 424021).
cost(25, 21, 386413).
cost(25, 22, 212234).
cost(25, 23, 337396).
cost(25, 24, 216148).
cost(25, 26, 199231).
cost(25, 27, 222812).
cost(25, 28, 110051).
cost(25, 29, 469699).
cost(25, 30, 300563).
cost(26, 1, 122498).
cost(26, 2, 444678).
cost(26, 3, 173647).
cost(26, 4, 230663).
cost(26, 5, 378844).
cost(26, 6, 13703).
cost(26, 7, 352278).
cost(26, 8, 361655).
cost(26, 9, 59085).
cost(26, 10, 113734).
cost(26, 11, 174690).
cost(26, 12, 140656).
cost(26, 13, 527327).
cost(26, 14, 422822).
cost(26, 15, 529429).
cost(26, 16, 270955).
cost(26, 17, 94133).
cost(26, 18, 55774).
cost(26, 19, 363954).
cost(26, 20, 258228).
cost(26, 21, 459177).
cost(26, 22, 74373).
cost(26, 23, 335718).
cost(26, 24, 24701).
cost(26, 25, 199231).
cost(26, 27, 331017).
cost(26, 28, 115959).
cost(26, 29, 443941).
cost(26, 30, 362384).
cost(27, 1, 452440).
cost(27, 2, 528763).
cost(27, 3, 487551).
cost(27, 4, 142387).
cost(27, 5, 229380).
cost(27, 6, 319776).
cost(27, 7, 48734).
cost(27, 8, 597587).
cost(27, 9, 331266).
cost(27, 10, 355705).
cost(27, 11, 470432).
cost(27, 12, 381405).
cost(27, 13, 314723).
cost(27, 14, 338012).
cost(27, 15, 788555).
cost(27, 16, 362505).
cost(27, 17, 281691).
cost(27, 18, 310071).
cost(27, 19, 64240).
cost(27, 20, 588970).
cost(27, 21, 599470).
cost(27, 22, 287414).
cost(27, 23, 559793).
cost(27, 24, 355474).
cost(27, 25, 222812).
cost(27, 26, 331017).
cost(27, 28, 307692).
cost(27, 29, 691518).
cost(27, 30, 519673).
cost(28, 1, 207109).
cost(28, 2, 334938).
cost(28, 3, 191564).
cost(28, 4, 257075).
cost(28, 5, 286313).
cost(28, 6, 119681).
cost(28, 7, 342579).
cost(28, 8, 302137).
cost(28, 9, 170868).
cost(28, 10, 49228).
cost(28, 11, 166323).
cost(28, 12, 255290).
cost(28, 13, 436164).
cost(28, 14, 313602).
cost(28, 15, 488052).
cost(28, 16, 155753).
cost(28, 17, 181810).
cost(28, 18, 158637).
cost(28, 19, 320488).
cost(28, 20, 314284).
cost(28, 21, 362183).
cost(28, 22, 163759).
cost(28, 23, 268204).
cost(28, 24, 123996).
cost(28, 25, 110051).
cost(28, 26, 115959).
cost(28, 27, 307692).
cost(28, 29, 393730).
cost(28, 30, 266487).
cost(29, 1, 403750).
cost(29, 2, 312013).
cost(29, 3, 291646).
cost(29, 4, 649311).
cost(29, 5, 577423).
cost(29, 6, 456834).
cost(29, 7, 731290).
cost(29, 8, 94083).
cost(29, 9, 495602).
cost(29, 10, 353543).
cost(29, 11, 272697).
cost(29, 12, 551481).
cost(29, 13, 697951).
cost(29, 14, 522914).
cost(29, 15, 98256).
cost(29, 16, 351820).
cost(29, 17, 537958).
cost(29, 18, 499091).
cost(29, 19, 688630).
cost(29, 20, 344597).
cost(29, 21, 221633).
cost(29, 22, 518011).
cost(29, 23, 133081).
cost(29, 24, 427130).
cost(29, 25, 469699).
cost(29, 26, 443941).
cost(29, 27, 691518).
cost(29, 28, 393730).
cost(29, 30, 215059).
cost(30, 1, 386366).
cost(30, 2, 119470).
cost(30, 3, 288262).
cost(30, 4, 512963).
cost(30, 5, 371164).
cost(30, 6, 371549).
cost(30, 7, 564519).
cost(30, 8, 139395).
cost(30, 9, 421435).
cost(30, 10, 249039).
cost(30, 11, 248118).
cost(30, 12, 498621).
cost(30, 13, 484089).
cost(30, 14, 308360).
cost(30, 15, 308561).
cost(30, 16, 157835).
cost(30, 17, 445119).
cost(30, 18, 415340).
cost(30, 19, 503959).
cost(30, 20, 404806).
cost(30, 21, 96830).
cost(30, 22, 425880).
cost(30, 23, 107740).
cost(30, 24, 356645).
cost(30, 25, 300563).
cost(30, 26, 362384).
cost(30, 27, 519673).
cost(30, 28, 266487).
cost(30, 29, 215059).
