dimension(30).
point(1, -67667.0, 143486.0).
point(2, 57603.0, -123552.0).
point(3, 156939.0, 9252.0).
point(4, 88701.0, 193980.0).
point(5, -112877.0, 128995.0).
point(6, 58338.0, -90232.0).
point(7, 245022.0, 410274.0).
point(8, 139098.0, -168400.0).
point(9, -90951.0, -126520.0).
point(10, 47296.0, -254840.0).
point(11, 114279.0, -60482.0).
point(12, -138749.0, 95786.0).
point(13, -169248.0, -255543.0).
point(14, 2941.0, 26416.0).
point(15, 118464.0, 261278.0).
point(16, -90422.0, -23432.0).
point(17, 117386.0, -252657.0).
point(18, 6711.0, -25577.0).
point(19, 98163.0, 104231.0).
point(20, 120025.0, 143230.0).
point(21, -329936.0, 44835.0).
point(22, -33473.0, -179149.0).
point(23, -505095.0, -70179.0).
point(24, 40865.0, -11494.0).
point(25, -43640.0, 19967.0).
point(26, 245466.0, -132188.0).
point(27, -256605.0, -37960.0).
point(28, -23667.0, -52967.0).
point(29, 117152.0, -71146.0).
point(30, -243312.0, 19284.0).
cost(1, 2, 294961).
cost(1, 3, 261661).
cost(1, 4, 164319).
cost(1, 5, 47476).
cost(1, 6, 265521).
cost(1, 7, 411036).
cost(1, 8, 374199).
cost(1, 9, 271008).
cost(1, 10, 414584).
cost(1, 11, 273326).
cost(1, 12, 85603).
cost(1, 13, 411756).
cost(1, 14, 136715).
cost(1, 15, 220272).
cost(1, 16, 168462).
cost(1, 17, 437234).
cost(1, 18, 184701).
cost(1, 19, 170413).
cost(1, 20, 187692).
cost(1, 21, 280209).
cost(1, 22, 324442).
cost(1, 23, 486822).
cost(1, 24, 189204).
cost(1, 25, 125834).
cost(1, 26, 417191).
cost(1, 27, 261955).
cost(1, 28, 201320).
cost(1, 29, 283240).
cost(1, 30, 215122).
cost(2, 1, 294961).
cost(2, 3, 165845).
cost(2, 4, 319051).
cost(2, 5, 304702).
cost(2, 6, 33328).
cost(2, 7, 565770).
cost(2, 8, 93020).
cost(2, 9, 148584).
cost(2, 10, 131692).
cost(2, 11, 84794).
cost(2, 12, 294386).
cost(2, 13, 262456).
cost(2, 14, 159619).
cost(2, 15, 389613).
cost(2, 16, 178705).
cost(2, 17, 142275).
cost(2, 18, 110404).
cost(2, 19, 231366).
cost(2, 20, 273987).
cost(2, 21, 422541).
cost(2, 22, 106705).
cost(2, 23, 565224).
cost(2, 24, 113301).
cost(2, 25, 175636).
cost(2, 26, 188061).
cost(2, 27, 325657).
cost(2, 28, 107643).
cost(2, 29, 79325).
cost(2, 30, 333095).
cost(3, 1, 261661).
cost(3, 2, 165845).
cost(3, 4, 196929).
cost(3, 5, 295193).
cost(3, 6, 140069).
cost(3, 7, 410582).
cost(3, 8, 178546).
cost(3, 9, 282637).
cost(3, 10, 285948).
cost(3, 11, 81748).
cost(3, 12, 308090).
cost(3, 13, 420136).
cost(3, 14, 154952).
cost(3, 15, 254946).
cost(3, 16, 249511).
cost(3, 17, 264879).
cost(3, 18, 154213).
cost(3, 19, 111694).
cost(3, 20, 138970).
cost(3, 21, 488174).
cost(3, 22, 267865).
cost(3, 23, 666782).
cost(3, 24, 117913).
cost(3, 25, 200865).
cost(3, 26, 166860).
cost(3, 27, 416230).
cost(3, 28, 191023).
cost(3, 29, 89704).
cost(3, 30, 400377).
cost(4, 1, 164319).
cost(4, 2, 319051).
cost(4, 3, 196929).
cost(4, 5, 211794).
cost(4, 6, 285829).
cost(4, 7, 266870).
cost(4, 8, 365868).
cost(4, 9, 367417).
cost(4, 10, 450726).
cost(4, 11, 255744).
cost(4, 12, 247741).
cost(4, 13, 518275).
cost(4, 14, 188235).
cost(4, 15, 73586).
cost(4, 16, 281697).
cost(4, 17, 447557).
cost(4, 18, 234366).
cost(4, 19, 90246).
cost(4, 20, 59639).
cost(4, 21, 444411).
cost(4, 22, 392622).
cost(4, 23, 649903).
cost(4, 24, 210969).
cost(4, 25, 218620).
cost(4, 26, 361885).
cost(4, 27, 415972).
cost(4, 28, 271311).
cost(4, 29, 266648).
cost(4, 30, 375168).
cost(5, 1, 47476).
cost(5, 2, 304702).
cost(5, 3, 295193).
cost(5, 4, 211794).
cost(5, 6, 278164).
cost(5, 7, 455203).
cost(5, 8, 389789).
cost(5, 9, 256454).
cost(5, 10, 415914).
cost(5, 11, 295806).
cost(5, 12, 42097).
cost(5, 13, 388648).
cost(5, 14, 154713).
cost(5, 15, 266491).
cost(5, 16, 154072).
cost(5, 17, 445735).
cost(5, 18, 195432).
cost(5, 19, 212488).
cost(5, 20, 233337).
cost(5, 21, 232804).
cost(5, 22, 318210).
cost(5, 23, 439892).
cost(5, 24, 208264).
cost(5, 25, 129154).
cost(5, 26, 443426).
cost(5, 27, 220299).
cost(5, 28, 202654).
cost(5, 29, 304909).
cost(5, 30, 170440).
cost(6, 1, 265521).
cost(6, 2, 33328).
cost(6, 3, 140069).
cost(6, 4, 285829).
cost(6, 5, 278164).
cost(6, 7, 534188).
cost(6, 8, 112394).
cost(6, 9, 153636).
cost(6, 10, 164978).
cost(6, 11, 63360).
cost(6, 12, 271009).
cost(6, 13, 281288).
cost(6, 14, 129134).
cost(6, 15, 356615).
cost(6, 16, 163070).
cost(6, 17, 172825).
cost(6, 18, 82738).
cost(6, 19, 198499).
cost(6, 20, 241474).
cost(6, 21, 411096).
cost(6, 22, 127810).
cost(6, 23, 563790).
cost(6, 24, 80653).
cost(6, 25, 150144).
cost(6, 26, 191774).
cost(6, 27, 319251).
cost(6, 28, 90075).
cost(6, 29, 61833).
cost(6, 30, 320915).
cost(7, 1, 411036).
cost(7, 2, 565770).
cost(7, 3, 410582).
cost(7, 4, 266870).
cost(7, 5, 455203).
cost(7, 6, 534188).
cost(7, 8, 588289).
cost(7, 9, 633266).
cost(7, 10, 693882).
cost(7, 11, 488574).
cost(7, 12, 496168).
cost(7, 13, 784176).
cost(7, 14, 453817).
cost(7, 15, 195491).
cost(7, 16, 548292).
cost(7, 17, 675106).
cost(7, 18, 496748).
cost(7, 19, 339455).
cost(7, 20, 294850).
cost(7, 21, 681265).
cost(7, 22, 651904).
cost(7, 23, 890792).
cost(7, 24, 468581).
cost(7, 25, 485454).
cost(7, 26, 542462).
cost(7, 27, 672713).
cost(7, 28, 535524).
cost(7, 29, 498112).
cost(7, 30, 625574).
cost(8, 1, 374199).
cost(8, 2, 93020).
cost(8, 3, 178546).
cost(8, 4, 365868).
cost(8, 5, 389789).
cost(8, 6, 112394).
cost(8, 7, 588289).
cost(8, 9, 233830).
cost(8, 10, 126093).
cost(8, 11, 110735).
cost(8, 12, 383397).
cost(8, 13, 320423).
cost(8, 14, 237680).
cost(8, 15, 430173).
cost(8, 16, 271469).
cost(8, 17, 87009).
cost(8, 18, 194743).
cost(8, 19, 275687).
cost(8, 20, 312213).
cost(8, 21, 515230).
cost(8, 22, 172905).
cost(8, 23, 651638).
cost(8, 24, 185119).
cost(8, 25, 262441).
cost(8, 26, 112363).
cost(8, 27, 416648).
cost(8, 28, 199543).
cost(8, 29, 99699).
cost(8, 30, 425984).
cost(9, 1, 271008).
cost(9, 2, 148584).
cost(9, 3, 282637).
cost(9, 4, 367417).
cost(9, 5, 256454).
cost(9, 6, 153636).
cost(9, 7, 633266).
cost(9, 8, 233830).
cost(9, 10, 188622).
cost(9, 11, 215593).
cost(9, 12, 227386).
cost(9, 13, 150922).
cost(9, 14, 179458).
cost(9, 15, 440729).
cost(9, 16, 103089).
cost(9, 17, 243546).
cost(9, 18, 140454).
cost(9, 19, 298346).
cost(9, 20, 342456).
cost(9, 21, 294069).
cost(9, 22, 77933).
cost(9, 23, 417959).
cost(9, 24, 174947).
cost(9, 25, 153938).
cost(9, 26, 336465).
cost(9, 27, 187841).
cost(9, 28, 99685).
cost(9, 29, 215344).
cost(9, 30, 210885).
cost(10, 1, 414584).
cost(10, 2, 131692).
cost(10, 3, 285948).
cost(10, 4, 450726).
cost(10, 5, 415914).
cost(10, 6, 164978).
cost(10, 7, 693882).
cost(10, 8, 126093).
cost(10, 9, 188622).
cost(10, 11, 205577).
cost(10, 12, 396927).
cost(10, 13, 216545).
cost(10, 14, 284732).
cost(10, 15, 521002).
cost(10, 16, 269288).
cost(10, 17, 70124).
cost(10, 18, 232828).
cost(10, 19, 362656).
cost(10, 20, 404659).
cost(10, 21, 481777).
cost(10, 22, 110692).
cost(10, 23, 582439).
cost(10, 24, 243431).
cost(10, 25, 289462).
cost(10, 26, 233055).
cost(10, 27, 373353).
cost(10, 28, 213982).
cost(10, 29, 196528).
cost(10, 30, 399496).
cost(11, 1, 273326).
cost(11, 2, 84794).
cost(11, 3, 81748).
cost(11, 4, 255744).
cost(11, 5, 295806).
cost(11, 6, 63360).
cost(11, 7, 488574).
cost(11, 8, 110735).
cost(11, 9, 215593).
cost(11, 10, 205577).
cost(11, 12, 297393).
cost(11, 13, 344146).
cost(11, 14, 141235).
cost(11, 15, 321787).
cost(11, 16, 208027).
cost(11, 17, 192200).
cost(11, 18, 113089).
cost(11, 19, 165500).
cost(11, 20, 203793).
cost(11, 21, 456529).
cost(11, 22, 189506).
cost(11, 23, 619450).
cost(11, 24, 88258).
cost(11, 25, 177230).
cost(11, 26, 149505).
cost(11, 27, 371567).
cost(11, 28, 138151).
cost(11, 29, 11044).
cost(11, 30, 366380).
cost(12, 1, 85603).
cost(12, 2, 294386).
cost(12, 3, 308090).
cost(12, 4, 247741).
cost(12, 5, 42097).
cost(12, 6, 271009).
cost(12, 7, 496168).
cost(12, 8, 383397).
cost(12, 9, 227386).
cost(12, 10, 396927).
cost(12, 11, 297393).
cost(12, 13, 352650).
cost(12, 14, 157760).
cost(12, 15, 305853).
cost(12, 16, 128641).
cost(12, 17, 432455).
cost(12, 18, 189440).
cost(12, 19, 237062).
cost(12, 20, 263087).
cost(12, 21, 197860).
cost(12, 22, 294402).
cost(12, 23, 402186).
cost(12, 24, 209213).
cost(12, 25, 121632).
cost(12, 26, 446759).
cost(12, 27, 178264).
cost(12, 28, 188073).
cost(12, 29, 305535).
cost(12, 30, 129561).
cost(13, 1, 411756).
cost(13, 2, 262456).
cost(13, 3, 420136).
cost(13, 4, 518275).
cost(13, 5, 388648).
cost(13, 6, 281288).
cost(13, 7, 784176).
cost(13, 8, 320423).
cost(13, 9, 150922).
cost(13, 10, 216545).
cost(13, 11, 344146).
cost(13, 12, 352650).
cost(13, 14, 330378).
cost(13, 15, 591508).
cost(13, 16, 245131).
cost(13, 17, 286649).
cost(13, 18, 289562).
cost(13, 19, 448270).
cost(13, 20, 492645).
cost(13, 21, 340658).
cost(13, 22, 155791).
cost(13, 23, 383605).
cost(13, 24, 322036).
cost(13, 25, 302792).
cost(13, 26, 432671).
cost(13, 27, 234465).
cost(13, 28, 249461).
cost(13, 29, 340628).
cost(13, 30, 284632).
cost(14, 1, 136715).
cost(14, 2, 159619).
cost(14, 3, 154952).
cost(14, 4, 188235).
cost(14, 5, 154713).
cost(14, 6, 129134).
cost(14, 7, 453817).
cost(14, 8, 237680).
cost(14, 9, 179458).
cost(14, 10, 284732).
cost(14, 11, 141235).
cost(14, 12, 157760).
cost(14, 13, 330378).
cost(14, 15, 261736).
cost(14, 16, 105837).
cost(14, 17, 301628).
cost(14, 18, 52130).
cost(14, 19, 122973).
cost(14, 20, 165391).
cost(14, 21, 333386).
cost(14, 22, 208765).
cost(14, 23, 517137).
cost(14, 24, 53623).
cost(14, 25, 47025).
cost(14, 26, 289782).
cost(14, 27, 267411).
cost(14, 28, 83724).
cost(14, 29, 150208).
cost(14, 30, 246356).
cost(15, 1, 220272).
cost(15, 2, 389613).
cost(15, 3, 254946).
cost(15, 4, 73586).
cost(15, 5, 266491).
cost(15, 6, 356615).
cost(15, 7, 195491).
cost(15, 8, 430173).
cost(15, 9, 440729).
cost(15, 10, 521002).
cost(15, 11, 321787).
cost(15, 12, 305853).
cost(15, 13, 591508).
cost(15, 14, 261736).
cost(15, 16, 353119).
cost(15, 17, 513936).
cost(15, 18, 307855).
cost(15, 19, 158354).
cost(15, 20, 118058).
cost(15, 21, 497906).
cost(15, 22, 465898).
cost(15, 23, 706180).
cost(15, 24, 283595).
cost(15, 25, 290704).
cost(15, 26, 413455).
cost(15, 27, 479813).
cost(15, 28, 344893).
cost(15, 29, 332427).
cost(15, 30, 435250).
cost(16, 1, 168462).
cost(16, 2, 178705).
cost(16, 3, 249511).
cost(16, 4, 281697).
cost(16, 5, 154072).
cost(16, 6, 163070).
cost(16, 7, 548292).
cost(16, 8, 271469).
cost(16, 9, 103089).
cost(16, 10, 269288).
cost(16, 11, 208027).
cost(16, 12, 128641).
cost(16, 13, 245131).
cost(16, 14, 105837).
cost(16, 15, 353119).
cost(16, 17, 309400).
cost(16, 18, 97157).
cost(16, 19, 227733).
cost(16, 20, 268448).
cost(16, 21, 249053).
cost(16, 22, 165804).
cost(16, 23, 417300).
cost(16, 24, 131829).
cost(16, 25, 63812).
cost(16, 26, 353056).
cost(16, 27, 166817).
cost(16, 28, 72997).
cost(16, 29, 212987).
cost(16, 30, 158745).
cost(17, 1, 437234).
cost(17, 2, 142275).
cost(17, 3, 264879).
cost(17, 4, 447557).
cost(17, 5, 445735).
cost(17, 6, 172825).
cost(17, 7, 675106).
cost(17, 8, 87009).
cost(17, 9, 243546).
cost(17, 10, 70124).
cost(17, 11, 192200).
cost(17, 12, 432455).
cost(17, 13, 286649).
cost(17, 14, 301628).
cost(17, 15, 513936).
cost(17, 16, 309400).
cost(17, 18, 252615).
cost(17, 19, 357405).
cost(17, 20, 395896).
cost(17, 21, 537214).
cost(17, 22, 167815).
cost(17, 23, 648676).
cost(17, 24, 253012).
cost(17, 25, 316628).
cost(17, 26, 175833).
cost(17, 27, 431236).
cost(17, 28, 244483).
cost(17, 29, 181511).
cost(17, 30, 451724).
cost(18, 1, 184701).
cost(18, 2, 110404).
cost(18, 3, 154213).
cost(18, 4, 234366).
cost(18, 5, 195432).
cost(18, 6, 82738).
cost(18, 7, 496748).
cost(18, 8, 194743).
cost(18, 9, 140454).
cost(18, 10, 232828).
cost(18, 11, 113089).
cost(18, 12, 189440).
cost(18, 13, 289562).
cost(18, 14, 52130).
cost(18, 15, 307855).
cost(18, 16, 97157).
cost(18, 17, 252615).
cost(18, 19, 158788).
cost(18, 20, 203312).
cost(18, 21, 343932).
cost(18, 22, 158742).
cost(18, 23, 513746).
cost(18, 24, 36944).
cost(18, 25, 67893).
cost(18, 26, 261476).
cost(18, 27, 263607).
cost(18, 28, 40903).
cost(18, 29, 119473).
cost(18, 30, 254016).
cost(19, 1, 170413).
cost(19, 2, 231366).
cost(19, 3, 111694).
cost(19, 4, 90246).
cost(19, 5, 212488).
cost(19, 6, 198499).
cost(19, 7, 339455).
cost(19, 8, 275687).
cost(19, 9, 298346).
cost(19, 10, 362656).
cost(19, 11, 165500).
cost(19, 12, 237062).
cost(19, 13, 448270).
cost(19, 14, 122973).
cost(19, 15, 158354).
cost(19, 16, 227733).
cost(19, 17, 357405).
cost(19, 18, 158788).
cost(19, 20, 44709).
cost(19, 21, 432200).
cost(19, 22, 312462).
cost(19, 23, 627964).
cost(19, 24, 129133).
cost(19, 25, 164950).
cost(19, 26, 278554).
cost(19, 27, 382202).
cost(19, 28, 198881).
cost(19, 29, 176402).
cost(19, 30, 351882).
cost(20, 1, 187692).
cost(20, 2, 273987).
cost(20, 3, 138970).
cost(20, 4, 59639).
cost(20, 5, 233337).
cost(20, 6, 241474).
cost(20, 7, 294850).
cost(20, 8, 312213).
cost(20, 9, 342456).
cost(20, 10, 404659).
cost(20, 11, 203793).
cost(20, 12, 263087).
cost(20, 13, 492645).
cost(20, 14, 165391).
cost(20, 15, 118058).
cost(20, 16, 268448).
cost(20, 17, 395896).
cost(20, 18, 203312).
cost(20, 19, 44709).
cost(20, 21, 460594).
cost(20, 22, 357057).
cost(20, 23, 660544).
cost(20, 24, 173798).
cost(20, 25, 204890).
cost(20, 26, 302639).
cost(20, 27, 417947).
cost(20, 28, 243189).
cost(20, 29, 214395).
cost(20, 30, 383896).
cost(21, 1, 280209).
cost(21, 2, 422541).
cost(21, 3, 488174).
cost(21, 4, 444411).
cost(21, 5, 232804).
cost(21, 6, 411096).
cost(21, 7, 681265).
cost(21, 8, 515230).
cost(21, 9, 294069).
cost(21, 10, 481777).
cost(21, 11, 456529).
cost(21, 12, 197860).
cost(21, 13, 340658).
cost(21, 14, 333386).
cost(21, 15, 497906).
cost(21, 16, 249053).
cost(21, 17, 537214).
cost(21, 18, 343932).
cost(21, 19, 432200).
cost(21, 20, 460594).
cost(21, 22, 371563).
cost(21, 23, 209544).
cost(21, 24, 375055).
cost(21, 25, 287374).
cost(21, 26, 602017).
cost(21, 27, 110600).
cost(21, 28, 321506).
cost(21, 29, 461887).
cost(21, 30, 90314).
cost(22, 1, 324442).
cost(22, 2, 106705).
cost(22, 3, 267865).
cost(22, 4, 392622).
cost(22, 5, 318210).
cost(22, 6, 127810).
cost(22, 7, 651904).
cost(22, 8, 172905).
cost(22, 9, 77933).
cost(22, 10, 110692).
cost(22, 11, 189506).
cost(22, 12, 294402).
cost(22, 13, 155791).
cost(22, 14, 208765).
cost(22, 15, 465898).
cost(22, 16, 165804).
cost(22, 17, 167815).
cost(22, 18, 158742).
cost(22, 19, 312462).
cost(22, 20, 357057).
cost(22, 21, 371563).
cost(22, 23, 484047).
cost(22, 24, 183397).
cost(22, 25, 199375).
cost(22, 26, 282864).
cost(22, 27, 264050).
cost(22, 28, 126562).
cost(22, 29, 185344).
cost(22, 30, 288805).
cost(23, 1, 486822).
cost(23, 2, 565224).
cost(23, 3, 666782).
cost(23, 4, 649903).
cost(23, 5, 439892).
cost(23, 6, 563790).
cost(23, 7, 890792).
cost(23, 8, 651638).
cost(23, 9, 417959).
cost(23, 10, 582439).
cost(23, 11, 619450).
cost(23, 12, 402186).
cost(23, 13, 383605).
cost(23, 14, 517137).
cost(23, 15, 706180).
cost(23, 16, 417300).
cost(23, 17, 648676).
cost(23, 18, 513746).
cost(23, 19, 627964).
cost(23, 20, 660544).
cost(23, 21, 209544).
cost(23, 22, 484047).
cost(23, 24, 549105).
cost(23, 25, 470178).
cost(23, 26, 753118).
cost(23, 27, 250570).
cost(23, 28, 481736).
cost(23, 29, 622248).
cost(23, 30, 276648).
cost(24, 1, 189204).
cost(24, 2, 113301).
cost(24, 3, 117913).
cost(24, 4, 210969).
cost(24, 5, 208264).
cost(24, 6, 80653).
cost(24, 7, 468581).
cost(24, 8, 185119).
cost(24, 9, 174947).
cost(24, 10, 243431).
cost(24, 11, 88258).
cost(24, 12, 209213).
cost(24, 13, 322036).
cost(24, 14, 53623).
cost(24, 15, 283595).
cost(24, 16, 131829).
cost(24, 17, 253012).
cost(24, 18, 36944).
cost(24, 19, 129133).
cost(24, 20, 173798).
cost(24, 21, 375055).
cost(24, 22, 183397).
cost(24, 23, 549105).
cost(24, 25, 90171).
cost(24, 26, 237547).
cost(24, 27, 298645).
cost(24, 28, 76710).
cost(24, 29, 96840).
cost(24, 30, 285839).
cost(25, 1, 125834).
cost(25, 2, 175636).
cost(25, 3, 200865).
cost(25, 4, 218620).
cost(25, 5, 129154).
cost(25, 6, 150144).
cost(25, 7, 485454).
cost(25, 8, 262441).
cost(25, 9, 153938).
cost(25, 10, 289462).
cost(25, 11, 177230).
cost(25, 12, 121632).
cost(25, 13, 302792).
cost(25, 14, 47025).
cost(25, 15, 290704).
cost(25, 16, 63812).
cost(25, 17, 316628).
cost(25, 18, 67893).
cost(25, 19, 164950).
cost(25, 20, 204890).
cost(25, 21, 287374).
cost(25, 22, 199375).
cost(25, 23, 470178).
cost(25, 24, 90171).
cost(25, 26, 326701).
cost(25, 27, 220703).
cost(25, 28, 75619).
cost(25, 29, 184812).
cost(25, 30, 199673).
cost(26, 1, 417191).
cost(26, 2, 188061).
cost(26, 3, 166860).
cost(26, 4, 361885).
cost(26, 5, 443426).
cost(26, 6, 191774).
cost(26, 7, 542462).
cost(26, 8, 112363).
cost(26, 9, 336465).
cost(26, 10, 233055).
cost(26, 11, 149505).
cost(26, 12, 446759).
cost(26, 13, 432671).
cost(26, 14, 289782).
cost(26, 15, 413455).
cost(26, 16, 353056).
cost(26, 17, 175833).
cost(26, 18, 261476).
cost(26, 19, 278554).
cost(26, 20, 302639).
cost(26, 21, 602017).
cost(26, 22, 282864).
cost(26, 23, 753118).
cost(26, 24, 237547).
cost(26, 25, 326701).
cost(26, 27, 510837).
cost(26, 28, 280550).
cost(26, 29, 142094).
cost(26, 30, 511711).
cost(27, 1, 261955).
cost(27, 2, 325657).
cost(27, 3, 416230).
cost(27, 4, 415972).
cost(27, 5, 220299).
cost(27, 6, 319251).
cost(27, 7, 672713).
cost(27, 8, 416648).
cost(27, 9, 187841).
cost(27, 10, 373353).
cost(27, 11, 371567).
cost(27, 12, 178264).
cost(27, 13, 234465).
cost(27, 14, 267411).
cost(27, 15, 479813).
cost(27, 16, 166817).
cost(27, 17, 431236).
cost(27, 18, 263607).
cost(27, 19, 382202).
cost(27, 20, 417947).
cost(27, 21, 110600).
cost(27, 22, 264050).
cost(27, 23, 250570).
cost(27, 24, 298645).
cost(27, 25, 220703).
cost(27, 26, 510837).
cost(27, 28, 233421).
cost(27, 29, 375227).
cost(27, 30, 58767).
cost(28, 1, 201320).
cost(28, 2, 107643).
cost(28, 3, 191023).
cost(28, 4, 271311).
cost(28, 5, 202654).
cost(28, 6, 90075).
cost(28, 7, 535524).
cost(28, 8, 199543).
cost(28, 9, 99685).
cost(28, 10, 213982).
cost(28, 11, 138151).
cost(28, 12, 188073).
cost(28, 13, 249461).
cost(28, 14, 83724).
cost(28, 15, 344893).
cost(28, 16, 72997).
cost(28, 17, 244483).
cost(28, 18, 40903).
cost(28, 19, 198881).
cost(28, 20, 243189).
cost(28, 21, 321506).
cost(28, 22, 126562).
cost(28, 23, 481736).
cost(28, 24, 76710).
cost(28, 25, 75619).
cost(28, 26, 280550).
cost(28, 27, 233421).
cost(28, 29, 141988).
cost(28, 30, 231223).
cost(29, 1, 283240).
cost(29, 2, 79325).
cost(29, 3, 89704).
cost(29, 4, 266648).
cost(29, 5, 304909).
cost(29, 6, 61833).
cost(29, 7, 498112).
cost(29, 8, 99699).
cost(29, 9, 215344).
cost(29, 10, 196528).
cost(29, 11, 11044).
cost(29, 12, 305535).
cost(29, 13, 340628).
cost(29, 14, 150208).
cost(29, 15, 332427).
cost(29, 16, 212987).
cost(29, 17, 181511).
cost(29, 18, 119473).
cost(29, 19, 176402).
cost(29, 20, 214395).
cost(29, 21, 461887).
cost(29, 22, 185344).
cost(29, 23, 622248).
cost(29, 24, 96840).
cost(29, 25, 184812).
cost(29, 26, 142094).
cost(29, 27, 375227).
cost(29, 28, 141988).
cost(29, 30, 371634).
cost(30, 1, 215122).
cost(30, 2, 333095).
cost(30, 3, 400377).
cost(30, 4, 375168).
cost(30, 5, 170440).
cost(30, 6, 320915).
cost(30, 7, 625574).
cost(30, 8, 425984).
cost(30, 9, 210885).
cost(30, 10, 399496).
cost(30, 11, 366380).
cost(30, 12, 129561).
cost(30, 13, 284632).
cost(30, 14, 246356).
cost(30, 15, 435250).
cost(30, 16, 158745).
cost(30, 17, 451724).
cost(30, 18, 254016).
cost(30, 19, 351882).
cost(30, 20, 383896).
cost(30, 21, 90314).
cost(30, 22, 288805).
cost(30, 23, 276648).
cost(30, 24, 285839).
cost(30, 25, 199673).
cost(30, 26, 511711).
cost(30, 27, 58767).
cost(30, 28, 231223).
cost(30, 29, 371634).
