dimension(30).
point(1, 133078.0, 15191.0).
point(2, 56454.0, -14461.0).
point(3, 26904.0, 40694.0).
point(4, -196877.0, 255740.0).
point(5, -209086.0, 27521.0).
point(6, 16807.0, -32768.0).
point(7, 124257.0, 158688.0).
point(8, 168663.0, 180215.0).
point(9, 29834.0, -194872.0).
point(10, 186862.0, 8280.0).
point(11, 19876.0, -133044.0).
point(12, 105820.0, 164255.0).
point(13, -87497.0, 303659.0).
point(14, -42699.0, 147393.0).
point(15, -61916.0, 67469.0).
point(16, 347612.0, 230282.0).
point(17, -184508.0, 166382.0).
point(18, -77118.0, 304676.0).
point(19, 258369.0, 36045.0).
point(20, 63816.0, 56491.0).
point(21, -70442.0, 149480.0).
point(22, 38695.0, -19191.0).
point(23, 85146.0, 221098.0).
point(24, -148720.0, -64231.0).
point(25, -115017.0, -89339.0).
point(26, 164136.0, 309573.0).
point(27, -142415.0, 39881.0).
point(28, 104413.0, 320598.0).
point(29, -169784.0, -23073.0).
point(30, -79286.0, 206987.0).
cost(1, 2, 82161).
cost(1, 3, 109194).
cost(1, 4, 408331).
cost(1, 5, 342386).
cost(1, 6, 125774).
cost(1, 7, 143768).
cost(1, 8, 168817).
cost(1, 9, 234064).
cost(1, 10, 54226).
cost(1, 11, 186516).
cost(1, 12, 151536).
cost(1, 13, 363135).
cost(1, 14, 219943).
cost(1, 15, 201880).
cost(1, 16, 303791).
cost(1, 17, 351738).
cost(1, 18, 357748).
cost(1, 19, 127015).
cost(1, 20, 80641).
cost(1, 21, 243832).
cost(1, 22, 100450).
cost(1, 23, 211412).
cost(1, 24, 292776).
cost(1, 25, 269217).
cost(1, 26, 296016).
cost(1, 27, 276597).
cost(1, 28, 306749).
cost(1, 29, 305270).
cost(1, 30, 286154).
cost(2, 1, 82161).
cost(2, 3, 62572).
cost(2, 4, 370385).
cost(2, 5, 268838).
cost(2, 6, 43670).
cost(2, 7, 185951).
cost(2, 8, 224699).
cost(2, 9, 182364).
cost(2, 10, 132376).
cost(2, 11, 124096).
cost(2, 12, 185409).
cost(2, 13, 349174).
cost(2, 14, 189811).
cost(2, 15, 143958).
cost(2, 16, 380358).
cost(2, 17, 301275).
cost(2, 18, 345962).
cost(2, 19, 208136).
cost(2, 20, 71333).
cost(2, 21, 207314).
cost(2, 22, 18378).
cost(2, 23, 237300).
cost(2, 24, 211124).
cost(2, 25, 187107).
cost(2, 26, 341458).
cost(2, 27, 206160).
cost(2, 28, 338474).
cost(2, 29, 226402).
cost(2, 30, 259739).
cost(3, 1, 109194).
cost(3, 2, 62572).
cost(3, 4, 310359).
cost(3, 5, 236357).
cost(3, 6, 74153).
cost(3, 7, 152971).
cost(3, 8, 198901).
cost(3, 9, 235584).
cost(3, 10, 163209).
cost(3, 11, 173880).
cost(3, 12, 146612).
cost(3, 13, 286772).
cost(3, 14, 127394).
cost(3, 15, 92768).
cost(3, 16, 372555).
cost(3, 17, 245952).
cost(3, 18, 283738).
cost(3, 19, 231512).
cost(3, 20, 40150).
cost(3, 21, 145982).
cost(3, 22, 61035).
cost(3, 23, 189573).
cost(3, 24, 204580).
cost(3, 25, 192484).
cost(3, 26, 301875).
cost(3, 27, 169321).
cost(3, 28, 290437).
cost(3, 29, 206767).
cost(3, 30, 197306).
cost(4, 1, 408331).
cost(4, 2, 370385).
cost(4, 3, 310359).
cost(4, 5, 228545).
cost(4, 6, 359023).
cost(4, 7, 335479).
cost(4, 8, 373261).
cost(4, 9, 504429).
cost(4, 10, 456609).
cost(4, 11, 445123).
cost(4, 12, 316220).
cost(4, 13, 119416).
cost(4, 14, 188441).
cost(4, 15, 231647).
cost(4, 16, 545084).
cost(4, 17, 90210).
cost(4, 18, 129371).
cost(4, 19, 505485).
cost(4, 20, 328117).
cost(4, 21, 165157).
cost(4, 22, 362051).
cost(4, 23, 284143).
cost(4, 24, 323575).
cost(4, 25, 354656).
cost(4, 26, 365005).
cost(4, 27, 222623).
cost(4, 28, 308192).
cost(4, 29, 280126).
cost(4, 30, 127297).
cost(5, 1, 342386).
cost(5, 2, 268838).
cost(5, 3, 236357).
cost(5, 4, 228545).
cost(5, 6, 233800).
cost(5, 7, 358221).
cost(5, 8, 407443).
cost(5, 9, 326407).
cost(5, 10, 396415).
cost(5, 11, 279651).
cost(5, 12, 343310).
cost(5, 13, 301722).
cost(5, 14, 205071).
cost(5, 15, 152495).
cost(5, 16, 592473).
cost(5, 17, 141019).
cost(5, 18, 306970).
cost(5, 19, 467533).
cost(5, 20, 274435).
cost(5, 21, 184651).
cost(5, 22, 252146).
cost(5, 23, 352200).
cost(5, 24, 109829).
cost(5, 25, 150017).
cost(5, 26, 467812).
cost(5, 27, 67807).
cost(5, 28, 429157).
cost(5, 29, 64066).
cost(5, 30, 221486).
cost(6, 1, 125774).
cost(6, 2, 43670).
cost(6, 3, 74153).
cost(6, 4, 359023).
cost(6, 5, 233800).
cost(6, 7, 219547).
cost(6, 8, 261576).
cost(6, 9, 162627).
cost(6, 10, 174939).
cost(6, 11, 100323).
cost(6, 12, 216198).
cost(6, 13, 352225).
cost(6, 14, 189734).
cost(6, 15, 127455).
cost(6, 16, 422643).
cost(6, 17, 283176).
cost(6, 18, 350272).
cost(6, 19, 251172).
cost(6, 20, 100881).
cost(6, 21, 202056).
cost(6, 22, 25757).
cost(6, 23, 262903).
cost(6, 24, 168491).
cost(6, 25, 143450).
cost(6, 26, 372697).
cost(6, 27, 175013).
cost(6, 28, 364064).
cost(6, 29, 186843).
cost(6, 30, 258295).
cost(7, 1, 143768).
cost(7, 2, 185951).
cost(7, 3, 152971).
cost(7, 4, 335479).
cost(7, 5, 358221).
cost(7, 6, 219547).
cost(7, 8, 49349).
cost(7, 9, 365951).
cost(7, 10, 162917).
cost(7, 11, 309843).
cost(7, 12, 19259).
cost(7, 13, 256625).
cost(7, 14, 167338).
cost(7, 15, 207319).
cost(7, 16, 234549).
cost(7, 17, 308861).
cost(7, 18, 248726).
cost(7, 19, 181734).
cost(7, 20, 118732).
cost(7, 21, 194917).
cost(7, 22, 197387).
cost(7, 23, 73652).
cost(7, 24, 352433).
cost(7, 25, 344629).
cost(7, 26, 156066).
cost(7, 27, 291940).
cost(7, 28, 163122).
cost(7, 29, 345684).
cost(7, 30, 209195).
cost(8, 1, 168817).
cost(8, 2, 224699).
cost(8, 3, 198901).
cost(8, 4, 373261).
cost(8, 5, 407443).
cost(8, 6, 261576).
cost(8, 7, 49349).
cost(8, 9, 399955).
cost(8, 10, 172895).
cost(8, 11, 346798).
cost(8, 12, 64838).
cost(8, 13, 284353).
cost(8, 14, 213895).
cost(8, 15, 256668).
cost(8, 16, 185821).
cost(8, 17, 353442).
cost(8, 18, 275497).
cost(8, 19, 169800).
cost(8, 20, 162174).
cost(8, 21, 241072).
cost(8, 22, 238022).
cost(8, 23, 92987).
cost(8, 24, 400607).
cost(8, 25, 391323).
cost(8, 26, 129437).
cost(8, 27, 341267).
cost(8, 28, 154387).
cost(8, 29, 394807).
cost(8, 30, 249390).
cost(9, 1, 234064).
cost(9, 2, 182364).
cost(9, 3, 235584).
cost(9, 4, 504429).
cost(9, 5, 326407).
cost(9, 6, 162627).
cost(9, 7, 365951).
cost(9, 8, 399955).
cost(9, 10, 256766).
cost(9, 11, 62625).
cost(9, 12, 367078).
cost(9, 13, 512152).
cost(9, 14, 349866).
cost(9, 15, 277922).
cost(9, 16, 530791).
cost(9, 17, 420056).
cost(9, 18, 510869).
cost(9, 19, 324886).
cost(9, 20, 253650).
cost(9, 21, 358655).
cost(9, 22, 175904).
cost(9, 23, 419631).
cost(9, 24, 221243).
cost(9, 25, 179218).
cost(9, 26, 522017).
cost(9, 27, 291168).
cost(9, 28, 520837).
cost(9, 29, 263367).
cost(9, 30, 416411).
cost(10, 1, 54226).
cost(10, 2, 132376).
cost(10, 3, 163209).
cost(10, 4, 456609).
cost(10, 5, 396415).
cost(10, 6, 174939).
cost(10, 7, 162917).
cost(10, 8, 172895).
cost(10, 9, 256766).
cost(10, 11, 218762).
cost(10, 12, 175773).
cost(10, 13, 403140).
cost(10, 14, 268423).
cost(10, 15, 255722).
cost(10, 16, 274090).
cost(10, 17, 403623).
cost(10, 18, 396908).
cost(10, 19, 76708).
cost(10, 20, 132154).
cost(10, 21, 293501).
cost(10, 22, 150692).
cost(10, 23, 235876).
cost(10, 24, 343327).
cost(10, 25, 317270).
cost(10, 26, 302149).
cost(10, 27, 330790).
cost(10, 28, 323018).
cost(10, 29, 358021).
cost(10, 30, 332143).
cost(11, 1, 186516).
cost(11, 2, 124096).
cost(11, 3, 173880).
cost(11, 4, 445123).
cost(11, 5, 279651).
cost(11, 6, 100323).
cost(11, 7, 309843).
cost(11, 8, 346798).
cost(11, 9, 62625).
cost(11, 10, 218762).
cost(11, 12, 309472).
cost(11, 13, 449709).
cost(11, 14, 287334).
cost(11, 15, 216553).
cost(11, 16, 489302).
cost(11, 17, 362531).
cost(11, 18, 448338).
cost(11, 19, 292353).
cost(11, 20, 194562).
cost(11, 21, 296609).
cost(11, 22, 115398).
cost(11, 23, 360107).
cost(11, 24, 182098).
cost(11, 25, 141797).
cost(11, 26, 465533).
cost(11, 27, 237153).
cost(11, 28, 461452).
cost(11, 29, 219236).
cost(11, 30, 354195).
cost(12, 1, 151536).
cost(12, 2, 185409).
cost(12, 3, 146612).
cost(12, 4, 316220).
cost(12, 5, 343310).
cost(12, 6, 216198).
cost(12, 7, 19259).
cost(12, 8, 64838).
cost(12, 9, 367078).
cost(12, 10, 175773).
cost(12, 11, 309472).
cost(12, 13, 238338).
cost(12, 14, 149473).
cost(12, 15, 193657).
cost(12, 16, 250645).
cost(12, 17, 290336).
cost(12, 18, 230617).
cost(12, 19, 199271).
cost(12, 20, 115661).
cost(12, 21, 176880).
cost(12, 22, 195341).
cost(12, 23, 60486).
cost(12, 24, 342047).
cost(12, 25, 336272).
cost(12, 26, 156582).
cost(12, 27, 277650).
cost(12, 28, 156349).
cost(12, 29, 333241).
cost(12, 30, 189974).
cost(13, 1, 363135).
cost(13, 2, 349174).
cost(13, 3, 286772).
cost(13, 4, 119416).
cost(13, 5, 301722).
cost(13, 6, 352225).
cost(13, 7, 256625).
cost(13, 8, 284353).
cost(13, 9, 512152).
cost(13, 10, 403140).
cost(13, 11, 449709).
cost(13, 12, 238338).
cost(13, 14, 162561).
cost(13, 15, 237571).
cost(13, 16, 441253).
cost(13, 17, 168096).
cost(13, 18, 10429).
cost(13, 19, 437311).
cost(13, 20, 289806).
cost(13, 21, 155119).
cost(13, 22, 346636).
cost(13, 23, 191369).
cost(13, 24, 372949).
cost(13, 25, 393960).
cost(13, 26, 251702).
cost(13, 27, 269434).
cost(13, 28, 192656).
cost(13, 29, 336935).
cost(13, 30, 97020).
cost(14, 1, 219943).
cost(14, 2, 189811).
cost(14, 3, 127394).
cost(14, 4, 188441).
cost(14, 5, 205071).
cost(14, 6, 189734).
cost(14, 7, 167338).
cost(14, 8, 213895).
cost(14, 9, 349866).
cost(14, 10, 268423).
cost(14, 11, 287334).
cost(14, 12, 149473).
cost(14, 13, 162561).
cost(14, 15, 82202).
cost(14, 16, 399015).
cost(14, 17, 143075).
cost(14, 18, 161005).
cost(14, 19, 320999).
cost(14, 20, 140031).
cost(14, 21, 27821).
cost(14, 22, 185406).
cost(14, 23, 147570).
cost(14, 24, 236696).
cost(14, 25, 247532).
cost(14, 26, 262837).
cost(14, 27, 146636).
cost(14, 28, 227249).
cost(14, 29, 212625).
cost(14, 30, 69929).
cost(15, 1, 201880).
cost(15, 2, 143958).
cost(15, 3, 92768).
cost(15, 4, 231647).
cost(15, 5, 152495).
cost(15, 6, 127455).
cost(15, 7, 207319).
cost(15, 8, 256668).
cost(15, 9, 277922).
cost(15, 10, 255722).
cost(15, 11, 216553).
cost(15, 12, 193657).
cost(15, 13, 237571).
cost(15, 14, 82202).
cost(15, 16, 440705).
cost(15, 17, 157520).
cost(15, 18, 237694).
cost(15, 19, 321823).
cost(15, 20, 126210).
cost(15, 21, 82453).
cost(15, 22, 132788).
cost(15, 23, 212671).
cost(15, 24, 157733).
cost(15, 25, 165555).
cost(15, 26, 331231).
cost(15, 27, 85095).
cost(15, 28, 302886).
cost(15, 29, 140831).
cost(15, 30, 140595).
cost(16, 1, 303791).
cost(16, 2, 380358).
cost(16, 3, 372555).
cost(16, 4, 545084).
cost(16, 5, 592473).
cost(16, 6, 422643).
cost(16, 7, 234549).
cost(16, 8, 185821).
cost(16, 9, 530791).
cost(16, 10, 274090).
cost(16, 11, 489302).
cost(16, 12, 250645).
cost(16, 13, 441253).
cost(16, 14, 399015).
cost(16, 15, 440705).
cost(16, 17, 535943).
cost(16, 18, 431196).
cost(16, 19, 213758).
cost(16, 20, 332781).
cost(16, 21, 425791).
cost(16, 22, 397072).
cost(16, 23, 262627).
cost(16, 24, 577134).
cost(16, 25, 562302).
cost(16, 26, 199876).
cost(16, 27, 525718).
cost(16, 28, 259428).
cost(16, 29, 576097).
cost(16, 30, 427533).
cost(17, 1, 351738).
cost(17, 2, 301275).
cost(17, 3, 245952).
cost(17, 4, 90210).
cost(17, 5, 141019).
cost(17, 6, 283176).
cost(17, 7, 308861).
cost(17, 8, 353442).
cost(17, 9, 420056).
cost(17, 10, 403623).
cost(17, 11, 362531).
cost(17, 12, 290336).
cost(17, 13, 168096).
cost(17, 14, 143075).
cost(17, 15, 157520).
cost(17, 16, 535943).
cost(17, 18, 175094).
cost(17, 19, 461658).
cost(17, 20, 271553).
cost(17, 21, 115311).
cost(17, 22, 290270).
cost(17, 23, 275149).
cost(17, 24, 233373).
cost(17, 25, 264995).
cost(17, 26, 376904).
cost(17, 27, 133320).
cost(17, 28, 327503).
cost(17, 29, 190026).
cost(17, 30, 112785).
cost(18, 1, 357748).
cost(18, 2, 345962).
cost(18, 3, 283738).
cost(18, 4, 129371).
cost(18, 5, 306970).
cost(18, 6, 350272).
cost(18, 7, 248726).
cost(18, 8, 275497).
cost(18, 9, 510869).
cost(18, 10, 396908).
cost(18, 11, 448338).
cost(18, 12, 230617).
cost(18, 13, 10429).
cost(18, 14, 161005).
cost(18, 15, 237694).
cost(18, 16, 431196).
cost(18, 17, 175094).
cost(18, 19, 429784).
cost(18, 20, 285409).
cost(18, 21, 155340).
cost(18, 22, 343951).
cost(18, 23, 182524).
cost(18, 24, 375791).
cost(18, 25, 395833).
cost(18, 26, 241304).
cost(18, 27, 272727).
cost(18, 28, 182228).
cost(18, 29, 340597).
cost(18, 30, 97713).
cost(19, 1, 127015).
cost(19, 2, 208136).
cost(19, 3, 231512).
cost(19, 4, 505485).
cost(19, 5, 467533).
cost(19, 6, 251172).
cost(19, 7, 181734).
cost(19, 8, 169800).
cost(19, 9, 324886).
cost(19, 10, 76708).
cost(19, 11, 292353).
cost(19, 12, 199271).
cost(19, 13, 437311).
cost(19, 14, 320999).
cost(19, 15, 321823).
cost(19, 16, 213758).
cost(19, 17, 461658).
cost(19, 18, 429784).
cost(19, 20, 195624).
cost(19, 21, 347828).
cost(19, 22, 226512).
cost(19, 23, 253477).
cost(19, 24, 419257).
cost(19, 25, 393876).
cost(19, 26, 289305).
cost(19, 27, 400802).
cost(19, 28, 323532).
cost(19, 29, 432215).
cost(19, 30, 378460).
cost(20, 1, 80641).
cost(20, 2, 71333).
cost(20, 3, 40150).
cost(20, 4, 328117).
cost(20, 5, 274435).
cost(20, 6, 100881).
cost(20, 7, 118732).
cost(20, 8, 162174).
cost(20, 9, 253650).
cost(20, 10, 132154).
cost(20, 11, 194562).
cost(20, 12, 115661).
cost(20, 13, 289806).
cost(20, 14, 140031).
cost(20, 15, 126210).
cost(20, 16, 332781).
cost(20, 17, 271553).
cost(20, 18, 285409).
cost(20, 19, 195624).
cost(20, 21, 163316).
cost(20, 22, 79742).
cost(20, 23, 165983).
cost(20, 24, 244429).
cost(20, 25, 230754).
cost(20, 26, 272240).
cost(20, 27, 206899).
cost(20, 28, 267209).
cost(20, 29, 246778).
cost(20, 30, 207671).
cost(21, 1, 243832).
cost(21, 2, 207314).
cost(21, 3, 145982).
cost(21, 4, 165157).
cost(21, 5, 184651).
cost(21, 6, 202056).
cost(21, 7, 194917).
cost(21, 8, 241072).
cost(21, 9, 358655).
cost(21, 10, 293501).
cost(21, 11, 296609).
cost(21, 12, 176880).
cost(21, 13, 155119).
cost(21, 14, 27821).
cost(21, 15, 82453).
cost(21, 16, 425791).
cost(21, 17, 115311).
cost(21, 18, 155340).
cost(21, 19, 347828).
cost(21, 20, 163316).
cost(21, 22, 200900).
cost(21, 23, 171280).
cost(21, 24, 227596).
cost(21, 25, 242943).
cost(21, 26, 284001).
cost(21, 27, 131118).
cost(21, 28, 244654).
cost(21, 29, 199106).
cost(21, 30, 58183).
cost(22, 1, 100450).
cost(22, 2, 18378).
cost(22, 3, 61035).
cost(22, 4, 362051).
cost(22, 5, 252146).
cost(22, 6, 25757).
cost(22, 7, 197387).
cost(22, 8, 238022).
cost(22, 9, 175904).
cost(22, 10, 150692).
cost(22, 11, 115398).
cost(22, 12, 195341).
cost(22, 13, 346636).
cost(22, 14, 185406).
cost(22, 15, 132788).
cost(22, 16, 397072).
cost(22, 17, 290270).
cost(22, 18, 343951).
cost(22, 19, 226512).
cost(22, 20, 79742).
cost(22, 21, 200900).
cost(22, 23, 244738).
cost(22, 24, 192751).
cost(22, 25, 168962).
cost(22, 26, 351882).
cost(22, 27, 190500).
cost(22, 28, 346086).
cost(22, 29, 208515).
cost(22, 30, 255100).
cost(23, 1, 211412).
cost(23, 2, 237300).
cost(23, 3, 189573).
cost(23, 4, 284143).
cost(23, 5, 352200).
cost(23, 6, 262903).
cost(23, 7, 73652).
cost(23, 8, 92987).
cost(23, 9, 419631).
cost(23, 10, 235876).
cost(23, 11, 360107).
cost(23, 12, 60486).
cost(23, 13, 191369).
cost(23, 14, 147570).
cost(23, 15, 212671).
cost(23, 16, 262627).
cost(23, 17, 275149).
cost(23, 18, 182524).
cost(23, 19, 253477).
cost(23, 20, 165983).
cost(23, 21, 171280).
cost(23, 22, 244738).
cost(23, 24, 368925).
cost(23, 25, 369373).
cost(23, 26, 118605).
cost(23, 27, 290901).
cost(23, 28, 101348).
cost(23, 29, 353000).
cost(23, 30, 165036).
cost(24, 1, 292776).
cost(24, 2, 211124).
cost(24, 3, 204580).
cost(24, 4, 323575).
cost(24, 5, 109829).
cost(24, 6, 168491).
cost(24, 7, 352433).
cost(24, 8, 400607).
cost(24, 9, 221243).
cost(24, 10, 343327).
cost(24, 11, 182098).
cost(24, 12, 342047).
cost(24, 13, 372949).
cost(24, 14, 236696).
cost(24, 15, 157733).
cost(24, 16, 577134).
cost(24, 17, 233373).
cost(24, 18, 375791).
cost(24, 19, 419257).
cost(24, 20, 244429).
cost(24, 21, 227596).
cost(24, 22, 192751).
cost(24, 23, 368925).
cost(24, 25, 42027).
cost(24, 26, 487451).
cost(24, 27, 104303).
cost(24, 28, 460619).
cost(24, 29, 46235).
cost(24, 30, 279965).
cost(25, 1, 269217).
cost(25, 2, 187107).
cost(25, 3, 192484).
cost(25, 4, 354656).
cost(25, 5, 150017).
cost(25, 6, 143450).
cost(25, 7, 344629).
cost(25, 8, 391323).
cost(25, 9, 179218).
cost(25, 10, 317270).
cost(25, 11, 141797).
cost(25, 12, 336272).
cost(25, 13, 393960).
cost(25, 14, 247532).
cost(25, 15, 165555).
cost(25, 16, 562302).
cost(25, 17, 264995).
cost(25, 18, 395833).
cost(25, 19, 393876).
cost(25, 20, 230754).
cost(25, 21, 242943).
cost(25, 22, 168962).
cost(25, 23, 369373).
cost(25, 24, 42027).
cost(25, 26, 486885).
cost(25, 27, 132093).
cost(25, 28, 464971).
cost(25, 29, 85969).
cost(25, 30, 298472).
cost(26, 1, 296016).
cost(26, 2, 341458).
cost(26, 3, 301875).
cost(26, 4, 365005).
cost(26, 5, 467812).
cost(26, 6, 372697).
cost(26, 7, 156066).
cost(26, 8, 129437).
cost(26, 9, 522017).
cost(26, 10, 302149).
cost(26, 11, 465533).
cost(26, 12, 156582).
cost(26, 13, 251702).
cost(26, 14, 262837).
cost(26, 15, 331231).
cost(26, 16, 199876).
cost(26, 17, 376904).
cost(26, 18, 241304).
cost(26, 19, 289305).
cost(26, 20, 272240).
cost(26, 21, 284001).
cost(26, 22, 351882).
cost(26, 23, 118605).
cost(26, 24, 487451).
cost(26, 25, 486885).
cost(26, 27, 408298).
cost(26, 28, 60732).
cost(26, 29, 471334).
cost(26, 30, 264156).
cost(27, 1, 276597).
cost(27, 2, 206160).
cost(27, 3, 169321).
cost(27, 4, 222623).
cost(27, 5, 67807).
cost(27, 6, 175013).
cost(27, 7, 291940).
cost(27, 8, 341267).
cost(27, 9, 291168).
cost(27, 10, 330790).
cost(27, 11, 237153).
cost(27, 12, 277650).
cost(27, 13, 269434).
cost(27, 14, 146636).
cost(27, 15, 85095).
cost(27, 16, 525718).
cost(27, 17, 133320).
cost(27, 18, 272727).
cost(27, 19, 400802).
cost(27, 20, 206899).
cost(27, 21, 131118).
cost(27, 22, 190500).
cost(27, 23, 290901).
cost(27, 24, 104303).
cost(27, 25, 132093).
cost(27, 26, 408298).
cost(27, 28, 373800).
cost(27, 29, 68646).
cost(27, 30, 178633).
cost(28, 1, 306749).
cost(28, 2, 338474).
cost(28, 3, 290437).
cost(28, 4, 308192).
cost(28, 5, 429157).
cost(28, 6, 364064).
cost(28, 7, 163122).
cost(28, 8, 154387).
cost(28, 9, 520837).
cost(28, 10, 323018).
cost(28, 11, 461452).
cost(28, 12, 156349).
cost(28, 13, 192656).
cost(28, 14, 227249).
cost(28, 15, 302886).
cost(28, 16, 259428).
cost(28, 17, 327503).
cost(28, 18, 182228).
cost(28, 19, 323532).
cost(28, 20, 267209).
cost(28, 21, 244654).
cost(28, 22, 346086).
cost(28, 23, 101348).
cost(28, 24, 460619).
cost(28, 25, 464971).
cost(28, 26, 60732).
cost(28, 27, 373800).
cost(28, 29, 439652).
cost(28, 30, 215993).
cost(29, 1, 305270).
cost(29, 2, 226402).
cost(29, 3, 206767).
cost(29, 4, 280126).
cost(29, 5, 64066).
cost(29, 6, 186843).
cost(29, 7, 345684).
cost(29, 8, 394807).
cost(29, 9, 263367).
cost(29, 10, 358021).
cost(29, 11, 219236).
cost(29, 12, 333241).
cost(29, 13, 336935).
cost(29, 14, 212625).
cost(29, 15, 140831).
cost(29, 16, 576097).
cost(29, 17, 190026).
cost(29, 18, 340597).
cost(29, 19, 432215).
cost(29, 20, 246778).
cost(29, 21, 199106).
cost(29, 22, 208515).
cost(29, 23, 353000).
cost(29, 24, 46235).
cost(29, 25, 85969).
cost(29, 26, 471334).
cost(29, 27, 68646).
cost(29, 28, 439652).
cost(29, 30, 247220).
cost(30, 1, 286154).
cost(30, 2, 259739).
cost(30, 3, 197306).
cost(30, 4, 127297).
cost(30, 5, 221486).
cost(30, 6, 258295).
cost(30, 7, 209195).
cost(30, 8, 249390).
cost(30, 9, 416411).
cost(30, 10, 332143).
cost(30, 11, 354195).
cost(30, 12, 189974).
cost(30, 13, 97020).
cost(30, 14, 69929).
cost(30, 15, 140595).
cost(30, 16, 427533).
cost(30, 17, 112785).
cost(30, 18, 97713).
cost(30, 19, 378460).
cost(30, 20, 207671).
cost(30, 21, 58183).
cost(30, 22, 255100).
cost(30, 23, 165036).
cost(30, 24, 279965).
cost(30, 25, 298472).
cost(30, 26, 264156).
cost(30, 27, 178633).
cost(30, 28, 215993).
cost(30, 29, 247220).
