dimension(30).
point(1, -5664.0, 218708.0).
point(2, 289203.0, 113027.0).
point(3, -208231.0, 146791.0).
point(4, 55411.0, -68858.0).
point(5, -36273.0, -104337.0).
point(6, 65955.0, -42259.0).
point(7, -149310.0, 125028.0).
point(8, -104324.0, -34297.0).
point(9, 131498.0, 4987.0).
point(10, -103837.0, 75885.0).
point(11, 40534.0, 182469.0).
point(12, -50586.0, 265700.0).
point(13, 266216.0, -73534.0).
point(14, -33102.0, 23664.0).
point(15, 420652.0, 19554.0).
point(16, -203250.0, 173856.0).
point(17, -85385.0, 482391.0).
point(18, -91665.0, 4895.0).
point(19, -161204.0, 237174.0).
point(20, 245906.0, 5930.0).
point(21, 68679.0, 23681.0).
point(22, 81431.0, -68606.0).
point(23, 105885.0, -91526.0).
point(24, 74099.0, -90609.0).
point(25, -68400.0, 301541.0).
point(26, -157790.0, -201128.0).
point(27, 2437.0, -12776.0).
point(28, -71776.0, 156732.0).
point(29, -211137.0, 139439.0).
point(30, 4455.0, 40290.0).
cost(1, 2, 313233).
cost(1, 3, 214955).
cost(1, 4, 293980).
cost(1, 5, 324492).
cost(1, 6, 270616).
cost(1, 7, 171494).
cost(1, 8, 271561).
cost(1, 9, 253949).
cost(1, 10, 173310).
cost(1, 11, 58716).
cost(1, 12, 65009).
cost(1, 13, 399154).
cost(1, 14, 196964).
cost(1, 15, 470540).
cost(1, 16, 202613).
cost(1, 17, 275471).
cost(1, 18, 230461).
cost(1, 19, 156632).
cost(1, 20, 329487).
cost(1, 21, 208716).
cost(1, 22, 300225).
cost(1, 23, 329679).
cost(1, 24, 319436).
cost(1, 25, 103909).
cost(1, 26, 446547).
cost(1, 27, 231626).
cost(1, 28, 90619).
cost(1, 29, 220233).
cost(1, 30, 178705).
cost(2, 1, 313233).
cost(2, 3, 498579).
cost(2, 4, 296211).
cost(2, 5, 391384).
cost(2, 6, 271944).
cost(2, 7, 438677).
cost(2, 8, 420200).
cost(2, 9, 191164).
cost(2, 10, 394791).
cost(2, 11, 258183).
cost(2, 12, 372513).
cost(2, 13, 187972).
cost(2, 14, 334464).
cost(2, 15, 161295).
cost(2, 16, 496196).
cost(2, 17, 526066).
cost(2, 18, 395920).
cost(2, 19, 467203).
cost(2, 20, 115518).
cost(2, 21, 237936).
cost(2, 22, 275971).
cost(2, 23, 274677).
cost(2, 24, 296205).
cost(2, 25, 404249).
cost(2, 26, 546348).
cost(2, 27, 313147).
cost(2, 28, 363615).
cost(2, 29, 501037).
cost(2, 30, 293891).
cost(3, 1, 214955).
cost(3, 2, 498579).
cost(3, 4, 340605).
cost(3, 5, 304360).
cost(3, 6, 333043).
cost(3, 7, 62812).
cost(3, 8, 208781).
cost(3, 9, 368136).
cost(3, 10, 126197).
cost(3, 11, 251310).
cost(3, 12, 197462).
cost(3, 13, 523109).
cost(3, 14, 214080).
cost(3, 15, 641625).
cost(3, 16, 27520).
cost(3, 17, 357377).
cost(3, 18, 183636).
cost(3, 19, 101885).
cost(3, 20, 475481).
cost(3, 21, 303043).
cost(3, 22, 360971).
cost(3, 23, 394289).
cost(3, 24, 368875).
cost(3, 25, 208567).
cost(3, 26, 351556).
cost(3, 27, 264278).
cost(3, 28, 136817).
cost(3, 29, 7905).
cost(3, 30, 237861).
cost(4, 1, 293980).
cost(4, 2, 296211).
cost(4, 3, 340605).
cost(4, 5, 98309).
cost(4, 6, 28613).
cost(4, 7, 281962).
cost(4, 8, 163431).
cost(4, 9, 106030).
cost(4, 10, 215199).
cost(4, 11, 251767).
cost(4, 12, 350948).
cost(4, 13, 210857).
cost(4, 14, 128042).
cost(4, 15, 375789).
cost(4, 16, 354705).
cost(4, 17, 568945).
cost(4, 18, 164532).
cost(4, 19, 374937).
cost(4, 20, 204650).
cost(4, 21, 93485).
cost(4, 22, 26021).
cost(4, 23, 55330).
cost(4, 24, 28677).
cost(4, 25, 390544).
cost(4, 26, 250898).
cost(4, 27, 77146).
cost(4, 28, 258974).
cost(4, 29, 338283).
cost(4, 30, 120457).
cost(5, 1, 324492).
cost(5, 2, 391384).
cost(5, 3, 304360).
cost(5, 4, 98309).
cost(5, 6, 119600).
cost(5, 7, 255706).
cost(5, 8, 97655).
cost(5, 9, 200247).
cost(5, 10, 192470).
cost(5, 11, 296912).
cost(5, 12, 370314).
cost(5, 13, 304053).
cost(5, 14, 128040).
cost(5, 15, 473423).
cost(5, 16, 324457).
cost(5, 17, 588780).
cost(5, 18, 122474).
cost(5, 19, 363645).
cost(5, 20, 302958).
cost(5, 21, 165540).
cost(5, 22, 123008).
cost(5, 23, 142734).
cost(5, 24, 111222).
cost(5, 25, 407148).
cost(5, 26, 155354).
cost(5, 27, 99408).
cost(5, 28, 263472).
cost(5, 29, 300007).
cost(5, 30, 150252).
cost(6, 1, 270616).
cost(6, 2, 271944).
cost(6, 3, 333043).
cost(6, 4, 28613).
cost(6, 5, 119600).
cost(6, 7, 272624).
cost(6, 8, 170465).
cost(6, 9, 80796).
cost(6, 10, 206851).
cost(6, 11, 226161).
cost(6, 12, 329273).
cost(6, 13, 202688).
cost(6, 14, 118988).
cost(6, 15, 360043).
cost(6, 16, 345220).
cost(6, 17, 546042).
cost(6, 18, 164522).
cost(6, 19, 360117).
cost(6, 20, 186292).
cost(6, 21, 65996).
cost(6, 22, 30556).
cost(6, 23, 63416).
cost(6, 24, 49031).
cost(6, 25, 369120).
cost(6, 26, 274411).
cost(6, 27, 70027).
cost(6, 28, 242007).
cost(6, 29, 331352).
cost(6, 30, 102940).
cost(7, 1, 171494).
cost(7, 2, 438677).
cost(7, 3, 62812).
cost(7, 4, 281962).
cost(7, 5, 255706).
cost(7, 6, 272624).
cost(7, 8, 165554).
cost(7, 9, 305390).
cost(7, 10, 66954).
cost(7, 11, 198344).
cost(7, 12, 171858).
cost(7, 13, 460531).
cost(7, 14, 154204).
cost(7, 15, 579639).
cost(7, 16, 72758).
cost(7, 17, 363035).
cost(7, 18, 133247).
cost(7, 19, 112775).
cost(7, 20, 412771).
cost(7, 21, 240396).
cost(7, 22, 301223).
cost(7, 23, 334694).
cost(7, 24, 310501).
cost(7, 25, 194173).
cost(7, 26, 326266).
cost(7, 27, 204981).
cost(7, 28, 83766).
cost(7, 29, 63484).
cost(7, 30, 175568).
cost(8, 1, 271561).
cost(8, 2, 420200).
cost(8, 3, 208781).
cost(8, 4, 163431).
cost(8, 5, 97655).
cost(8, 6, 170465).
cost(8, 7, 165554).
cost(8, 9, 239072).
cost(8, 10, 110183).
cost(8, 11, 260713).
cost(8, 12, 304772).
cost(8, 13, 372612).
cost(8, 14, 91826).
cost(8, 15, 527731).
cost(8, 16, 230465).
cost(8, 17, 517035).
cost(8, 18, 41186).
cost(8, 19, 277366).
cost(8, 20, 352533).
cost(8, 21, 182460).
cost(8, 22, 188897).
cost(8, 23, 217860).
cost(8, 24, 187098).
cost(8, 25, 337754).
cost(8, 26, 175189).
cost(8, 27, 108909).
cost(8, 28, 193782).
cost(8, 29, 203944).
cost(8, 30, 131894).
cost(9, 1, 253949).
cost(9, 2, 191164).
cost(9, 3, 368136).
cost(9, 4, 106030).
cost(9, 5, 200247).
cost(9, 6, 80796).
cost(9, 7, 305390).
cost(9, 8, 239072).
cost(9, 10, 245783).
cost(9, 11, 199435).
cost(9, 12, 318003).
cost(9, 13, 155931).
cost(9, 14, 165656).
cost(9, 15, 289521).
cost(9, 16, 374931).
cost(9, 17, 524359).
cost(9, 18, 223163).
cost(9, 19, 373611).
cost(9, 20, 114412).
cost(9, 21, 65542).
cost(9, 22, 89009).
cost(9, 23, 99854).
cost(9, 24, 111504).
cost(9, 25, 357636).
cost(9, 26, 355205).
cost(9, 27, 130278).
cost(9, 28, 253667).
cost(9, 29, 368071).
cost(9, 30, 131857).
cost(10, 1, 173310).
cost(10, 2, 394791).
cost(10, 3, 126197).
cost(10, 4, 215199).
cost(10, 5, 192470).
cost(10, 6, 206851).
cost(10, 7, 66954).
cost(10, 8, 110183).
cost(10, 9, 245783).
cost(10, 11, 179452).
cost(10, 12, 197143).
cost(10, 13, 399081).
cost(10, 14, 87923).
cost(10, 15, 527505).
cost(10, 16, 139575).
cost(10, 17, 406925).
cost(10, 18, 72026).
cost(10, 19, 171187).
cost(10, 20, 356671).
cost(10, 21, 180242).
cost(10, 22, 234951).
cost(10, 23, 268346).
cost(10, 24, 243683).
cost(10, 25, 228422).
cost(10, 26, 282218).
cost(10, 27, 138401).
cost(10, 28, 86972).
cost(10, 29, 124709).
cost(10, 30, 113992).
cost(11, 1, 58716).
cost(11, 2, 258183).
cost(11, 3, 251310).
cost(11, 4, 251767).
cost(11, 5, 296912).
cost(11, 6, 226161).
cost(11, 7, 198344).
cost(11, 8, 260713).
cost(11, 9, 199435).
cost(11, 10, 179452).
cost(11, 12, 123411).
cost(11, 13, 341277).
cost(11, 14, 175047).
cost(11, 15, 413559).
cost(11, 16, 243936).
cost(11, 17, 325283).
cost(11, 18, 221380).
cost(11, 19, 209024).
cost(11, 20, 270820).
cost(11, 21, 161263).
cost(11, 22, 254384).
cost(11, 23, 281681).
cost(11, 24, 275133).
cost(11, 25, 161384).
cost(11, 26, 431832).
cost(11, 27, 198927).
cost(11, 28, 115221).
cost(11, 29, 255323).
cost(11, 30, 146685).
cost(12, 1, 65009).
cost(12, 2, 372513).
cost(12, 3, 197462).
cost(12, 4, 350948).
cost(12, 5, 370314).
cost(12, 6, 329273).
cost(12, 7, 171858).
cost(12, 8, 304772).
cost(12, 9, 318003).
cost(12, 10, 197143).
cost(12, 11, 123411).
cost(12, 13, 464159).
cost(12, 14, 242667).
cost(12, 15, 531651).
cost(12, 16, 178162).
cost(12, 17, 219467).
cost(12, 18, 264020).
cost(12, 19, 114237).
cost(12, 20, 394193).
cost(12, 21, 269810).
cost(12, 22, 359429).
cost(12, 23, 389992).
cost(12, 24, 377495).
cost(12, 25, 40024).
cost(12, 26, 478979).
cost(12, 27, 283479).
cost(12, 28, 111009).
cost(12, 29, 204251).
cost(12, 30, 232033).
cost(13, 1, 399154).
cost(13, 2, 187972).
cost(13, 3, 523109).
cost(13, 4, 210857).
cost(13, 5, 304053).
cost(13, 6, 202688).
cost(13, 7, 460531).
cost(13, 8, 372612).
cost(13, 9, 155931).
cost(13, 10, 399081).
cost(13, 11, 341277).
cost(13, 12, 464159).
cost(13, 14, 314704).
cost(13, 15, 180322).
cost(13, 16, 530660).
cost(13, 17, 657781).
cost(13, 18, 366374).
cost(13, 19, 528420).
cost(13, 20, 82018).
cost(13, 21, 220163).
cost(13, 22, 184851).
cost(13, 23, 161337).
cost(13, 24, 192874).
cost(13, 25, 502642).
cost(13, 26, 442788).
cost(13, 27, 270686).
cost(13, 28, 408976).
cost(13, 29, 522708).
cost(13, 30, 285438).
cost(14, 1, 196964).
cost(14, 2, 334464).
cost(14, 3, 214080).
cost(14, 4, 128042).
cost(14, 5, 128040).
cost(14, 6, 118988).
cost(14, 7, 154204).
cost(14, 8, 91826).
cost(14, 9, 165656).
cost(14, 10, 87923).
cost(14, 11, 175047).
cost(14, 12, 242667).
cost(14, 13, 314704).
cost(14, 15, 453773).
cost(14, 16, 226954).
cost(14, 17, 461697).
cost(14, 18, 61497).
cost(14, 19, 248991).
cost(14, 20, 279571).
cost(14, 21, 101781).
cost(14, 22, 147077).
cost(14, 23, 180516).
cost(14, 24, 156686).
cost(14, 25, 280110).
cost(14, 26, 257057).
cost(14, 27, 50901).
cost(14, 28, 138574).
cost(14, 29, 212368).
cost(14, 30, 41073).
cost(15, 1, 470540).
cost(15, 2, 161295).
cost(15, 3, 641625).
cost(15, 4, 375789).
cost(15, 5, 473423).
cost(15, 6, 360043).
cost(15, 7, 579639).
cost(15, 8, 527731).
cost(15, 9, 289521).
cost(15, 10, 527505).
cost(15, 11, 413559).
cost(15, 12, 531651).
cost(15, 13, 180322).
cost(15, 14, 453773).
cost(15, 16, 642700).
cost(15, 17, 685778).
cost(15, 18, 512527).
cost(15, 19, 621220).
cost(15, 20, 175276).
cost(15, 21, 351997).
cost(15, 22, 350490).
cost(15, 23, 333792).
cost(15, 24, 363641).
cost(15, 25, 564525).
cost(15, 26, 619109).
cost(15, 27, 419463).
cost(15, 28, 511178).
cost(15, 29, 643063).
cost(15, 30, 416713).
cost(16, 1, 202613).
cost(16, 2, 496196).
cost(16, 3, 27520).
cost(16, 4, 354705).
cost(16, 5, 324457).
cost(16, 6, 345220).
cost(16, 7, 72758).
cost(16, 8, 230465).
cost(16, 9, 374931).
cost(16, 10, 139575).
cost(16, 11, 243936).
cost(16, 12, 178162).
cost(16, 13, 530660).
cost(16, 14, 226954).
cost(16, 15, 642700).
cost(16, 17, 330282).
cost(16, 18, 202482).
cost(16, 19, 76007).
cost(16, 20, 479521).
cost(16, 21, 310641).
cost(16, 22, 373940).
cost(16, 23, 407421).
cost(16, 24, 383229).
cost(16, 25, 185709).
cost(16, 26, 377730).
cost(16, 27, 277738).
cost(16, 28, 132584).
cost(16, 29, 35309).
cost(16, 30, 246944).
cost(17, 1, 275471).
cost(17, 2, 526066).
cost(17, 3, 357377).
cost(17, 4, 568945).
cost(17, 5, 588780).
cost(17, 6, 546042).
cost(17, 7, 363035).
cost(17, 8, 517035).
cost(17, 9, 524359).
cost(17, 10, 406925).
cost(17, 11, 325283).
cost(17, 12, 219467).
cost(17, 13, 657781).
cost(17, 14, 461697).
cost(17, 15, 685778).
cost(17, 16, 330282).
cost(17, 18, 477537).
cost(17, 19, 256671).
cost(17, 20, 580318).
cost(17, 21, 483891).
cost(17, 22, 575695).
cost(17, 23, 604950).
cost(17, 24, 594781).
cost(17, 25, 181646).
cost(17, 26, 687343).
cost(17, 27, 502895).
cost(17, 28, 325943).
cost(17, 29, 365280).
cost(17, 30, 451137).
cost(18, 1, 230461).
cost(18, 2, 395920).
cost(18, 3, 183636).
cost(18, 4, 164532).
cost(18, 5, 122474).
cost(18, 6, 164522).
cost(18, 7, 133247).
cost(18, 8, 41186).
cost(18, 9, 223163).
cost(18, 10, 72026).
cost(18, 11, 221380).
cost(18, 12, 264020).
cost(18, 13, 366374).
cost(18, 14, 61497).
cost(18, 15, 512527).
cost(18, 16, 202482).
cost(18, 17, 477537).
cost(18, 19, 242465).
cost(18, 20, 337573).
cost(18, 21, 161441).
cost(18, 22, 188055).
cost(18, 23, 219825).
cost(18, 24, 191308).
cost(18, 25, 297557).
cost(18, 26, 216375).
cost(18, 27, 95747).
cost(18, 28, 153134).
cost(18, 29, 179932).
cost(18, 30, 102430).
cost(19, 1, 156632).
cost(19, 2, 467203).
cost(19, 3, 101885).
cost(19, 4, 374937).
cost(19, 5, 363645).
cost(19, 6, 360117).
cost(19, 7, 112775).
cost(19, 8, 277366).
cost(19, 9, 373611).
cost(19, 10, 171187).
cost(19, 11, 209024).
cost(19, 12, 114237).
cost(19, 13, 528420).
cost(19, 14, 248991).
cost(19, 15, 621220).
cost(19, 16, 76007).
cost(19, 17, 256671).
cost(19, 18, 242465).
cost(19, 20, 468201).
cost(19, 21, 313728).
cost(19, 22, 390350).
cost(19, 23, 423533).
cost(19, 24, 403496).
cost(19, 25, 112941).
cost(19, 26, 438315).
cost(19, 27, 298753).
cost(19, 28, 120284).
cost(19, 29, 109752).
cost(19, 30, 257306).
cost(20, 1, 329487).
cost(20, 2, 115518).
cost(20, 3, 475481).
cost(20, 4, 204650).
cost(20, 5, 302958).
cost(20, 6, 186292).
cost(20, 7, 412771).
cost(20, 8, 352533).
cost(20, 9, 114412).
cost(20, 10, 356671).
cost(20, 11, 270820).
cost(20, 12, 394193).
cost(20, 13, 82018).
cost(20, 14, 279571).
cost(20, 15, 175276).
cost(20, 16, 479521).
cost(20, 17, 580318).
cost(20, 18, 337573).
cost(20, 19, 468201).
cost(20, 21, 178114).
cost(20, 22, 180576).
cost(20, 23, 170598).
cost(20, 24, 197072).
cost(20, 25, 431479).
cost(20, 26, 453700).
cost(20, 27, 244187).
cost(20, 28, 351658).
cost(20, 29, 476144).
cost(20, 30, 243884).
cost(21, 1, 208716).
cost(21, 2, 237936).
cost(21, 3, 303043).
cost(21, 4, 93485).
cost(21, 5, 165540).
cost(21, 6, 65996).
cost(21, 7, 240396).
cost(21, 8, 182460).
cost(21, 9, 65542).
cost(21, 10, 180242).
cost(21, 11, 161263).
cost(21, 12, 269810).
cost(21, 13, 220163).
cost(21, 14, 101781).
cost(21, 15, 351997).
cost(21, 16, 310641).
cost(21, 17, 483891).
cost(21, 18, 161441).
cost(21, 19, 313728).
cost(21, 20, 178114).
cost(21, 22, 93164).
cost(21, 23, 121066).
cost(21, 24, 114418).
cost(21, 25, 309834).
cost(21, 26, 319104).
cost(21, 27, 75612).
cost(21, 28, 193469).
cost(21, 29, 302815).
cost(21, 30, 66337).
cost(22, 1, 300225).
cost(22, 2, 275971).
cost(22, 3, 360971).
cost(22, 4, 26021).
cost(22, 5, 123008).
cost(22, 6, 30556).
cost(22, 7, 301223).
cost(22, 8, 188897).
cost(22, 9, 89009).
cost(22, 10, 234951).
cost(22, 11, 254384).
cost(22, 12, 359429).
cost(22, 13, 184851).
cost(22, 14, 147077).
cost(22, 15, 350490).
cost(22, 16, 373940).
cost(22, 17, 575695).
cost(22, 18, 188055).
cost(22, 19, 390350).
cost(22, 20, 180576).
cost(22, 21, 93164).
cost(22, 23, 33516).
cost(22, 24, 23192).
cost(22, 25, 399322).
cost(22, 26, 273475).
cost(22, 27, 96732).
cost(22, 28, 272488).
cost(22, 29, 358997).
cost(22, 30, 133355).
cost(23, 1, 329679).
cost(23, 2, 274677).
cost(23, 3, 394289).
cost(23, 4, 55330).
cost(23, 5, 142734).
cost(23, 6, 63416).
cost(23, 7, 334694).
cost(23, 8, 217860).
cost(23, 9, 99854).
cost(23, 10, 268346).
cost(23, 11, 281681).
cost(23, 12, 389992).
cost(23, 13, 161337).
cost(23, 14, 180516).
cost(23, 15, 333792).
cost(23, 16, 407421).
cost(23, 17, 604950).
cost(23, 18, 219825).
cost(23, 19, 423533).
cost(23, 20, 170598).
cost(23, 21, 121066).
cost(23, 22, 33516).
cost(23, 24, 31799).
cost(23, 25, 429973).
cost(23, 26, 285547).
cost(23, 27, 130012).
cost(23, 28, 305279).
cost(23, 29, 392234).
cost(23, 30, 166323).
cost(24, 1, 319436).
cost(24, 2, 296205).
cost(24, 3, 368875).
cost(24, 4, 28677).
cost(24, 5, 111222).
cost(24, 6, 49031).
cost(24, 7, 310501).
cost(24, 8, 187098).
cost(24, 9, 111504).
cost(24, 10, 243683).
cost(24, 11, 275133).
cost(24, 12, 377495).
cost(24, 13, 192874).
cost(24, 14, 156686).
cost(24, 15, 363641).
cost(24, 16, 383229).
cost(24, 17, 594781).
cost(24, 18, 191308).
cost(24, 19, 403496).
cost(24, 20, 197072).
cost(24, 21, 114418).
cost(24, 22, 23192).
cost(24, 23, 31799).
cost(24, 25, 417238).
cost(24, 26, 256879).
cost(24, 27, 105799).
cost(24, 28, 287153).
cost(24, 29, 366445).
cost(24, 30, 148273).
cost(25, 1, 103909).
cost(25, 2, 404249).
cost(25, 3, 208567).
cost(25, 4, 390544).
cost(25, 5, 407148).
cost(25, 6, 369120).
cost(25, 7, 194173).
cost(25, 8, 337754).
cost(25, 9, 357636).
cost(25, 10, 228422).
cost(25, 11, 161384).
cost(25, 12, 40024).
cost(25, 13, 502642).
cost(25, 14, 280110).
cost(25, 15, 564525).
cost(25, 16, 185709).
cost(25, 17, 181646).
cost(25, 18, 297557).
cost(25, 19, 112941).
cost(25, 20, 431479).
cost(25, 21, 309834).
cost(25, 22, 399322).
cost(25, 23, 429973).
cost(25, 24, 417238).
cost(25, 26, 510555).
cost(25, 27, 322200).
cost(25, 28, 144848).
cost(25, 29, 215988).
cost(25, 30, 271219).
cost(26, 1, 446547).
cost(26, 2, 546348).
cost(26, 3, 351556).
cost(26, 4, 250898).
cost(26, 5, 155354).
cost(26, 6, 274411).
cost(26, 7, 326266).
cost(26, 8, 175189).
cost(26, 9, 355205).
cost(26, 10, 282218).
cost(26, 11, 431832).
cost(26, 12, 478979).
cost(26, 13, 442788).
cost(26, 14, 257057).
cost(26, 15, 619109).
cost(26, 16, 377730).
cost(26, 17, 687343).
cost(26, 18, 216375).
cost(26, 19, 438315).
cost(26, 20, 453700).
cost(26, 21, 319104).
cost(26, 22, 273475).
cost(26, 23, 285547).
cost(26, 24, 256879).
cost(26, 25, 510555).
cost(26, 27, 247284).
cost(26, 28, 368052).
cost(26, 29, 344720).
cost(26, 30, 290871).
cost(27, 1, 231626).
cost(27, 2, 313147).
cost(27, 3, 264278).
cost(27, 4, 77146).
cost(27, 5, 99408).
cost(27, 6, 70027).
cost(27, 7, 204981).
cost(27, 8, 108909).
cost(27, 9, 130278).
cost(27, 10, 138401).
cost(27, 11, 198927).
cost(27, 12, 283479).
cost(27, 13, 270686).
cost(27, 14, 50901).
cost(27, 15, 419463).
cost(27, 16, 277738).
cost(27, 17, 502895).
cost(27, 18, 95747).
cost(27, 19, 298753).
cost(27, 20, 244187).
cost(27, 21, 75612).
cost(27, 22, 96732).
cost(27, 23, 130012).
cost(27, 24, 105799).
cost(27, 25, 322200).
cost(27, 26, 247284).
cost(27, 28, 185042).
cost(27, 29, 262266).
cost(27, 30, 53104).
cost(28, 1, 90619).
cost(28, 2, 363615).
cost(28, 3, 136817).
cost(28, 4, 258974).
cost(28, 5, 263472).
cost(28, 6, 242007).
cost(28, 7, 83766).
cost(28, 8, 193782).
cost(28, 9, 253667).
cost(28, 10, 86972).
cost(28, 11, 115221).
cost(28, 12, 111009).
cost(28, 13, 408976).
cost(28, 14, 138574).
cost(28, 15, 511178).
cost(28, 16, 132584).
cost(28, 17, 325943).
cost(28, 18, 153134).
cost(28, 19, 120284).
cost(28, 20, 351658).
cost(28, 21, 193469).
cost(28, 22, 272488).
cost(28, 23, 305279).
cost(28, 24, 287153).
cost(28, 25, 144848).
cost(28, 26, 368052).
cost(28, 27, 185042).
cost(28, 29, 140430).
cost(28, 30, 139176).
cost(29, 1, 220233).
cost(29, 2, 501037).
cost(29, 3, 7905).
cost(29, 4, 338283).
cost(29, 5, 300007).
cost(29, 6, 331352).
cost(29, 7, 63484).
cost(29, 8, 203944).
cost(29, 9, 368071).
cost(29, 10, 124709).
cost(29, 11, 255323).
cost(29, 12, 204251).
cost(29, 13, 522708).
cost(29, 14, 212368).
cost(29, 15, 643063).
cost(29, 16, 35309).
cost(29, 17, 365280).
cost(29, 18, 179932).
cost(29, 19, 109752).
cost(29, 20, 476144).
cost(29, 21, 302815).
cost(29, 22, 358997).
cost(29, 23, 392234).
cost(29, 24, 366445).
cost(29, 25, 215988).
cost(29, 26, 344720).
cost(29, 27, 262266).
cost(29, 28, 140430).
cost(29, 30, 237298).
cost(30, 1, 178705).
cost(30, 2, 293891).
cost(30, 3, 237861).
cost(30, 4, 120457).
cost(30, 5, 150252).
cost(30, 6, 102940).
cost(30, 7, 175568).
cost(30, 8, 131894).
cost(30, 9, 131857).
cost(30, 10, 113992).
cost(30, 11, 146685).
cost(30, 12, 232033).
cost(30, 13, 285438).
cost(30, 14, 41073).
cost(30, 15, 416713).
cost(30, 16, 246944).
cost(30, 17, 451137).
cost(30, 18, 102430).
cost(30, 19, 257306).
cost(30, 20, 243884).
cost(30, 21, 66337).
cost(30, 22, 133355).
cost(30, 23, 166323).
cost(30, 24, 148273).
cost(30, 25, 271219).
cost(30, 26, 290871).
cost(30, 27, 53104).
cost(30, 28, 139176).
cost(30, 29, 237298).
