dimension(30).
point(1, 270137.0, 75910.0).
point(2, 461233.0, 122993.0).
point(3, -26543.0, -46114.0).
point(4, -189961.0, -110050.0).
point(5, -96359.0, -125709.0).
point(6, 219199.0, -264134.0).
point(7, 190472.0, 145934.0).
point(8, -347403.0, -81784.0).
point(9, 244649.0, -59929.0).
point(10, -65851.0, 203974.0).
point(11, 61974.0, 27615.0).
point(12, 175189.0, 295991.0).
point(13, -160928.0, 145274.0).
point(14, -22557.0, -186466.0).
point(15, 23593.0, -33259.0).
point(16, 23407.0, -7650.0).
point(17, -71831.0, 154575.0).
point(18, 70561.0, -296247.0).
point(19, 410041.0, -64799.0).
point(20, -217390.0, 201679.0).
point(21, -166614.0, -164729.0).
point(22, 178488.0, 231871.0).
point(23, 73631.0, 16564.0).
point(24, -193616.0, 197871.0).
point(25, 87104.0, -35897.0).
point(26, 140721.0, 213732.0).
point(27, 180248.0, 66216.0).
point(28, 96748.0, -372242.0).
point(29, 298481.0, 94580.0).
point(30, 493209.0, -89003.0).
cost(1, 2, 196811).
cost(1, 3, 320794).
cost(1, 4, 496257).
cost(1, 5, 418294).
cost(1, 6, 343838).
cost(1, 7, 106065).
cost(1, 8, 637356).
cost(1, 9, 138210).
cost(1, 10, 359567).
cost(1, 11, 213692).
cost(1, 12, 239689).
cost(1, 13, 436610).
cost(1, 14, 393079).
cost(1, 15, 269633).
cost(1, 16, 260496).
cost(1, 17, 350899).
cost(1, 18, 422293).
cost(1, 19, 198424).
cost(1, 20, 503488).
cost(1, 21, 498657).
cost(1, 22, 180896).
cost(1, 23, 205272).
cost(1, 24, 479522).
cost(1, 25, 214480).
cost(1, 26, 189059).
cost(1, 27, 90410).
cost(1, 28, 480525).
cost(1, 29, 33940).
cost(1, 30, 277412).
cost(2, 1, 196811).
cost(2, 3, 516258).
cost(2, 4, 691638).
cost(2, 5, 610542).
cost(2, 6, 456561).
cost(2, 7, 271731).
cost(2, 8, 834162).
cost(2, 9, 283494).
cost(2, 10, 533269).
cost(2, 11, 410493).
cost(2, 12, 334290).
cost(2, 13, 622560).
cost(2, 14, 574298).
cost(2, 15, 464697).
cost(2, 16, 456902).
cost(2, 17, 533999).
cost(2, 18, 573050).
cost(2, 19, 194644).
cost(2, 20, 683170).
cost(2, 21, 690634).
cost(2, 22, 302984).
cost(2, 23, 401948).
cost(2, 24, 659116).
cost(2, 25, 406471).
cost(2, 26, 333109).
cost(2, 27, 286664).
cost(2, 28, 614904).
cost(2, 29, 165214).
cost(2, 30, 214394).
cost(3, 1, 320794).
cost(3, 2, 516258).
cost(3, 4, 175480).
cost(3, 5, 105876).
cost(3, 6, 328515).
cost(3, 7, 289789).
cost(3, 8, 322837).
cost(3, 9, 271544).
cost(3, 10, 253158).
cost(3, 11, 115201).
cost(3, 12, 397154).
cost(3, 13, 233856).
cost(3, 14, 140409).
cost(3, 15, 51758).
cost(3, 16, 63043).
cost(3, 17, 205735).
cost(3, 18, 268320).
cost(3, 19, 436984).
cost(3, 20, 312768).
cost(3, 21, 183547).
cost(3, 22, 345418).
cost(3, 23, 118167).
cost(3, 24, 295706).
cost(3, 25, 114105).
cost(3, 26, 309026).
cost(3, 27, 235331).
cost(3, 28, 348655).
cost(3, 29, 354169).
cost(3, 30, 521519).
cost(4, 1, 496257).
cost(4, 2, 691638).
cost(4, 3, 175480).
cost(4, 5, 94903).
cost(4, 6, 437211).
cost(4, 7, 458538).
cost(4, 8, 159959).
cost(4, 9, 437491).
cost(4, 10, 337660).
cost(4, 11, 287094).
cost(4, 12, 546080).
cost(4, 13, 256969).
cost(4, 14, 184020).
cost(4, 15, 226941).
cost(4, 16, 236668).
cost(4, 17, 289795).
cost(4, 18, 320220).
cost(4, 19, 601706).
cost(4, 20, 312933).
cost(4, 21, 59455).
cost(4, 22, 502658).
cost(4, 23, 292424).
cost(4, 24, 307943).
cost(4, 25, 286816).
cost(4, 26, 462802).
cost(4, 27, 410030).
cost(4, 28, 388519).
cost(4, 29, 529574).
cost(4, 30, 683494).
cost(5, 1, 418294).
cost(5, 2, 610542).
cost(5, 3, 105876).
cost(5, 4, 94903).
cost(5, 6, 344584).
cost(5, 7, 395047).
cost(5, 8, 254858).
cost(5, 9, 347294).
cost(5, 10, 331092).
cost(5, 11, 220403).
cost(5, 12, 501567).
cost(5, 13, 278569).
cost(5, 14, 95594).
cost(5, 15, 151445).
cost(5, 16, 168172).
cost(5, 17, 281355).
cost(5, 18, 238633).
cost(5, 19, 510050).
cost(5, 20, 349044).
cost(5, 21, 80364).
cost(5, 22, 451004).
cost(5, 23, 221671).
cost(5, 24, 337880).
cost(5, 25, 204267).
cost(5, 26, 414038).
cost(5, 27, 336670).
cost(5, 28, 313159).
cost(5, 29, 452135).
cost(5, 30, 590710).
cost(6, 1, 343838).
cost(6, 2, 456561).
cost(6, 3, 328515).
cost(6, 4, 437211).
cost(6, 5, 344584).
cost(6, 7, 411073).
cost(6, 8, 595222).
cost(6, 9, 205785).
cost(6, 10, 548068).
cost(6, 11, 331417).
cost(6, 12, 561851).
cost(6, 13, 558669).
cost(6, 14, 253926).
cost(6, 15, 302597).
cost(6, 16, 322674).
cost(6, 17, 509917).
cost(6, 18, 152067).
cost(6, 19, 275962).
cost(6, 20, 638429).
cost(6, 21, 398413).
cost(6, 22, 497673).
cost(6, 23, 316198).
cost(6, 24, 619568).
cost(6, 25, 263707).
cost(6, 26, 484267).
cost(6, 27, 332638).
cost(6, 28, 163345).
cost(6, 29, 367371).
cost(6, 30, 325196).
cost(7, 1, 106065).
cost(7, 2, 271731).
cost(7, 3, 289789).
cost(7, 4, 458538).
cost(7, 5, 395047).
cost(7, 6, 411073).
cost(7, 8, 584093).
cost(7, 9, 212873).
cost(7, 10, 262812).
cost(7, 11, 174674).
cost(7, 12, 150833).
cost(7, 13, 351401).
cost(7, 14, 394805).
cost(7, 15, 244865).
cost(7, 16, 226933).
cost(7, 17, 262445).
cost(7, 18, 458151).
cost(7, 19, 304334).
cost(7, 20, 411654).
cost(7, 21, 473310).
cost(7, 22, 86769).
cost(7, 23, 174323).
cost(7, 24, 387584).
cost(7, 25, 209159).
cost(7, 26, 84094).
cost(7, 27, 80371).
cost(7, 28, 526584).
cost(7, 29, 119596).
cost(7, 30, 383204).
cost(8, 1, 637356).
cost(8, 2, 834162).
cost(8, 3, 322837).
cost(8, 4, 159959).
cost(8, 5, 254858).
cost(8, 6, 595222).
cost(8, 7, 584093).
cost(8, 9, 592455).
cost(8, 10, 401160).
cost(8, 11, 423742).
cost(8, 12, 644838).
cost(8, 13, 293817).
cost(8, 14, 341296).
cost(8, 15, 374156).
cost(8, 16, 378148).
cost(8, 17, 363050).
cost(8, 18, 469775).
cost(8, 19, 757634).
cost(8, 20, 311857).
cost(8, 21, 198908).
cost(8, 22, 612324).
cost(8, 23, 432368).
cost(8, 24, 319151).
cost(8, 25, 436923).
cost(8, 26, 570609).
cost(8, 27, 548014).
cost(8, 28, 530694).
cost(8, 29, 669530).
cost(8, 30, 840643).
cost(9, 1, 138210).
cost(9, 2, 283494).
cost(9, 3, 271544).
cost(9, 4, 437491).
cost(9, 5, 347294).
cost(9, 6, 205785).
cost(9, 7, 212873).
cost(9, 8, 592455).
cost(9, 10, 407499).
cost(9, 11, 202569).
cost(9, 12, 362634).
cost(9, 13, 454534).
cost(9, 14, 295653).
cost(9, 15, 222659).
cost(9, 16, 227335).
cost(9, 17, 382324).
cost(9, 18, 293518).
cost(9, 19, 165464).
cost(9, 20, 530960).
cost(9, 21, 424406).
cost(9, 22, 299206).
cost(9, 23, 187345).
cost(9, 24, 508465).
cost(9, 25, 159367).
cost(9, 26, 292731).
cost(9, 27, 141634).
cost(9, 28, 345563).
cost(9, 29, 163618).
cost(9, 30, 250255).
cost(10, 1, 359567).
cost(10, 2, 533269).
cost(10, 3, 253158).
cost(10, 4, 337660).
cost(10, 5, 331092).
cost(10, 6, 548068).
cost(10, 7, 262812).
cost(10, 8, 401160).
cost(10, 9, 407499).
cost(10, 11, 217811).
cost(10, 12, 258007).
cost(10, 13, 111738).
cost(10, 14, 392833).
cost(10, 15, 253534).
cost(10, 16, 229677).
cost(10, 17, 49760).
cost(10, 18, 518487).
cost(10, 19, 546546).
cost(10, 20, 151556).
cost(10, 21, 382224).
cost(10, 22, 245926).
cost(10, 23, 233619).
cost(10, 24, 127911).
cost(10, 25, 284488).
cost(10, 26, 206802).
cost(10, 27, 282032).
cost(10, 28, 598718).
cost(10, 29, 380401).
cost(10, 30, 631176).
cost(11, 1, 213692).
cost(11, 2, 410493).
cost(11, 3, 115201).
cost(11, 4, 287094).
cost(11, 5, 220403).
cost(11, 6, 331417).
cost(11, 7, 174674).
cost(11, 8, 423742).
cost(11, 9, 202569).
cost(11, 10, 217811).
cost(11, 12, 291279).
cost(11, 13, 252049).
cost(11, 14, 230166).
cost(11, 15, 71963).
cost(11, 16, 52259).
cost(11, 17, 184452).
cost(11, 18, 323976).
cost(11, 19, 360126).
cost(11, 20, 329154).
cost(11, 21, 298745).
cost(11, 22, 235151).
cost(11, 23, 16063).
cost(11, 24, 307105).
cost(11, 25, 68303).
cost(11, 26, 202091).
cost(11, 27, 124414).
cost(11, 28, 401366).
cost(11, 29, 245805).
cost(11, 30, 446725).
cost(12, 1, 239689).
cost(12, 2, 334290).
cost(12, 3, 397154).
cost(12, 4, 546080).
cost(12, 5, 501567).
cost(12, 6, 561851).
cost(12, 7, 150833).
cost(12, 8, 644838).
cost(12, 9, 362634).
cost(12, 10, 258007).
cost(12, 11, 291279).
cost(12, 13, 368362).
cost(12, 14, 521410).
cost(12, 15, 362473).
cost(12, 16, 339464).
cost(12, 17, 284635).
cost(12, 18, 601409).
cost(12, 19, 430494).
cost(12, 20, 403749).
cost(12, 21, 573666).
cost(12, 22, 64205).
cost(12, 23, 297310).
cost(12, 24, 381634).
cost(12, 25, 343378).
cost(12, 26, 89188).
cost(12, 27, 229831).
cost(12, 28, 672821).
cost(12, 29, 236151).
cost(12, 30, 499357).
cost(13, 1, 436610).
cost(13, 2, 622560).
cost(13, 3, 233856).
cost(13, 4, 256969).
cost(13, 5, 278569).
cost(13, 6, 558669).
cost(13, 7, 351401).
cost(13, 8, 293817).
cost(13, 9, 454534).
cost(13, 10, 111738).
cost(13, 11, 252049).
cost(13, 12, 368362).
cost(13, 14, 359441).
cost(13, 15, 256753).
cost(13, 16, 239510).
cost(13, 17, 89581).
cost(13, 18, 498526).
cost(13, 19, 608388).
cost(13, 20, 79809).
cost(13, 21, 310055).
cost(13, 22, 350289).
cost(13, 23, 267552).
cost(13, 24, 61927).
cost(13, 25, 307153).
cost(13, 26, 309320).
cost(13, 27, 350216).
cost(13, 28, 578117).
cost(13, 29, 462197).
cost(13, 30, 694824).
cost(14, 1, 393079).
cost(14, 2, 574298).
cost(14, 3, 140409).
cost(14, 4, 184020).
cost(14, 5, 95594).
cost(14, 6, 253926).
cost(14, 7, 394805).
cost(14, 8, 341296).
cost(14, 9, 295653).
cost(14, 10, 392833).
cost(14, 11, 230166).
cost(14, 12, 521410).
cost(14, 13, 359441).
cost(14, 15, 160007).
cost(14, 16, 184629).
cost(14, 17, 344582).
cost(14, 18, 143954).
cost(14, 19, 449382).
cost(14, 20, 434300).
cost(14, 21, 145688).
cost(14, 22, 464139).
cost(14, 23, 224663).
cost(14, 24, 420685).
cost(14, 25, 186270).
cost(14, 26, 432225).
cost(14, 27, 324003).
cost(14, 28, 220786).
cost(14, 29, 426676).
cost(14, 30, 524894).
cost(15, 1, 269633).
cost(15, 2, 464697).
cost(15, 3, 51758).
cost(15, 4, 226941).
cost(15, 5, 151445).
cost(15, 6, 302597).
cost(15, 7, 244865).
cost(15, 8, 374156).
cost(15, 9, 222659).
cost(15, 10, 253534).
cost(15, 11, 71963).
cost(15, 12, 362473).
cost(15, 13, 256753).
cost(15, 14, 160007).
cost(15, 16, 25610).
cost(15, 17, 210683).
cost(15, 18, 267149).
cost(15, 19, 387733).
cost(15, 20, 336554).
cost(15, 21, 231221).
cost(15, 22, 307061).
cost(15, 23, 70613).
cost(15, 24, 317176).
cost(15, 25, 63566).
cost(15, 26, 273356).
cost(15, 27, 185570).
cost(15, 28, 346787).
cost(15, 29, 303160).
cost(15, 30, 472913).
cost(16, 1, 260496).
cost(16, 2, 456902).
cost(16, 3, 63043).
cost(16, 4, 236668).
cost(16, 5, 168172).
cost(16, 6, 322674).
cost(16, 7, 226933).
cost(16, 8, 378148).
cost(16, 9, 227335).
cost(16, 10, 229677).
cost(16, 11, 52259).
cost(16, 12, 339464).
cost(16, 13, 239510).
cost(16, 14, 184629).
cost(16, 15, 25610).
cost(16, 17, 188115).
cost(16, 18, 292424).
cost(16, 19, 390835).
cost(16, 20, 319064).
cost(16, 21, 246540).
cost(16, 22, 285343).
cost(16, 23, 55756).
cost(16, 24, 298894).
cost(16, 25, 69679).
cost(16, 26, 250545).
cost(16, 27, 173365).
cost(16, 28, 371895).
cost(16, 29, 293456).
cost(16, 30, 476794).
cost(17, 1, 350899).
cost(17, 2, 533999).
cost(17, 3, 205735).
cost(17, 4, 289795).
cost(17, 5, 281355).
cost(17, 6, 509917).
cost(17, 7, 262445).
cost(17, 8, 363050).
cost(17, 9, 382324).
cost(17, 10, 49760).
cost(17, 11, 184452).
cost(17, 12, 284635).
cost(17, 13, 89581).
cost(17, 14, 344582).
cost(17, 15, 210683).
cost(17, 16, 188115).
cost(17, 18, 472775).
cost(17, 19, 529458).
cost(17, 20, 152991).
cost(17, 21, 333075).
cost(17, 22, 261981).
cost(17, 23, 200515).
cost(17, 24, 129252).
cost(17, 25, 248072).
cost(17, 26, 220631).
cost(17, 27, 267116).
cost(17, 28, 553132).
cost(17, 29, 375140).
cost(17, 30, 615305).
cost(18, 1, 422293).
cost(18, 2, 573050).
cost(18, 3, 268320).
cost(18, 4, 320220).
cost(18, 5, 238633).
cost(18, 6, 152067).
cost(18, 7, 458151).
cost(18, 8, 469775).
cost(18, 9, 293518).
cost(18, 10, 518487).
cost(18, 11, 323976).
cost(18, 12, 601409).
cost(18, 13, 498526).
cost(18, 14, 143954).
cost(18, 15, 267149).
cost(18, 16, 292424).
cost(18, 17, 472775).
cost(18, 19, 410871).
cost(18, 20, 575192).
cost(18, 21, 271199).
cost(18, 22, 539033).
cost(18, 23, 312826).
cost(18, 24, 560305).
cost(18, 25, 260875).
cost(18, 26, 514782).
cost(18, 27, 378696).
cost(18, 28, 80380).
cost(18, 29, 452430).
cost(18, 30, 470724).
cost(19, 1, 198424).
cost(19, 2, 194644).
cost(19, 3, 436984).
cost(19, 4, 601706).
cost(19, 5, 510050).
cost(19, 6, 275962).
cost(19, 7, 304334).
cost(19, 8, 757634).
cost(19, 9, 165464).
cost(19, 10, 546546).
cost(19, 11, 360126).
cost(19, 12, 430494).
cost(19, 13, 608388).
cost(19, 14, 449382).
cost(19, 15, 387733).
cost(19, 16, 390835).
cost(19, 17, 529458).
cost(19, 18, 410871).
cost(19, 20, 681675).
cost(19, 21, 585250).
cost(19, 22, 376337).
cost(19, 23, 346109).
cost(19, 24, 658329).
cost(19, 25, 324228).
cost(19, 26, 387444).
cost(19, 27, 264518).
cost(19, 28, 438946).
cost(19, 29, 194544).
cost(19, 30, 86618).
cost(20, 1, 503488).
cost(20, 2, 683170).
cost(20, 3, 312768).
cost(20, 4, 312933).
cost(20, 5, 349044).
cost(20, 6, 638429).
cost(20, 7, 411654).
cost(20, 8, 311857).
cost(20, 9, 530960).
cost(20, 10, 151556).
cost(20, 11, 329154).
cost(20, 12, 403749).
cost(20, 13, 79809).
cost(20, 14, 434300).
cost(20, 15, 336554).
cost(20, 16, 319064).
cost(20, 17, 152991).
cost(20, 18, 575192).
cost(20, 19, 681675).
cost(20, 21, 369909).
cost(20, 22, 397028).
cost(20, 23, 344907).
cost(20, 24, 24077).
cost(20, 25, 386211).
cost(20, 26, 358314).
cost(20, 27, 420079).
cost(20, 28, 654269).
cost(20, 29, 526871).
cost(20, 30, 767754).
cost(21, 1, 498657).
cost(21, 2, 690634).
cost(21, 3, 183547).
cost(21, 4, 59455).
cost(21, 5, 80364).
cost(21, 6, 398413).
cost(21, 7, 473310).
cost(21, 8, 198908).
cost(21, 9, 424406).
cost(21, 10, 382224).
cost(21, 11, 298745).
cost(21, 12, 573666).
cost(21, 13, 310055).
cost(21, 14, 145688).
cost(21, 15, 231221).
cost(21, 16, 246540).
cost(21, 17, 333075).
cost(21, 18, 271199).
cost(21, 19, 585250).
cost(21, 20, 369909).
cost(21, 22, 525725).
cost(21, 23, 300973).
cost(21, 24, 363604).
cost(21, 25, 284553).
cost(21, 26, 487532).
cost(21, 27, 416712).
cost(21, 28, 335293).
cost(21, 29, 532498).
cost(21, 30, 664154).
cost(22, 1, 180896).
cost(22, 2, 302984).
cost(22, 3, 345418).
cost(22, 4, 502658).
cost(22, 5, 451004).
cost(22, 6, 497673).
cost(22, 7, 86769).
cost(22, 8, 612324).
cost(22, 9, 299206).
cost(22, 10, 245926).
cost(22, 11, 235151).
cost(22, 12, 64205).
cost(22, 13, 350289).
cost(22, 14, 464139).
cost(22, 15, 307061).
cost(22, 16, 285343).
cost(22, 17, 261981).
cost(22, 18, 539033).
cost(22, 19, 376337).
cost(22, 20, 397028).
cost(22, 21, 525725).
cost(22, 23, 239483).
cost(22, 24, 373654).
cost(22, 25, 282932).
cost(22, 26, 41897).
cost(22, 27, 165664).
cost(22, 28, 609618).
cost(22, 29, 182338).
cost(22, 30, 449455).
cost(23, 1, 205272).
cost(23, 2, 401948).
cost(23, 3, 118167).
cost(23, 4, 292424).
cost(23, 5, 221671).
cost(23, 6, 316198).
cost(23, 7, 174323).
cost(23, 8, 432368).
cost(23, 9, 187345).
cost(23, 10, 233619).
cost(23, 11, 16063).
cost(23, 12, 297310).
cost(23, 13, 267552).
cost(23, 14, 224663).
cost(23, 15, 70613).
cost(23, 16, 55756).
cost(23, 17, 200515).
cost(23, 18, 312826).
cost(23, 19, 346109).
cost(23, 20, 344907).
cost(23, 21, 300973).
cost(23, 22, 239483).
cost(23, 24, 322945).
cost(23, 25, 54163).
cost(23, 26, 208270).
cost(23, 27, 117612).
cost(23, 28, 389493).
cost(23, 29, 238000).
cost(23, 30, 432655).
cost(24, 1, 479522).
cost(24, 2, 659116).
cost(24, 3, 295706).
cost(24, 4, 307943).
cost(24, 5, 337880).
cost(24, 6, 619568).
cost(24, 7, 387584).
cost(24, 8, 319151).
cost(24, 9, 508465).
cost(24, 10, 127911).
cost(24, 11, 307105).
cost(24, 12, 381634).
cost(24, 13, 61927).
cost(24, 14, 420685).
cost(24, 15, 317176).
cost(24, 16, 298894).
cost(24, 17, 129252).
cost(24, 18, 560305).
cost(24, 19, 658329).
cost(24, 20, 24077).
cost(24, 21, 363604).
cost(24, 22, 373654).
cost(24, 23, 322945).
cost(24, 25, 365310).
cost(24, 26, 334713).
cost(24, 27, 396368).
cost(24, 28, 639797).
cost(24, 29, 502821).
cost(24, 30, 744329).
cost(25, 1, 214480).
cost(25, 2, 406471).
cost(25, 3, 114105).
cost(25, 4, 286816).
cost(25, 5, 204267).
cost(25, 6, 263707).
cost(25, 7, 209159).
cost(25, 8, 436923).
cost(25, 9, 159367).
cost(25, 10, 284488).
cost(25, 11, 68303).
cost(25, 12, 343378).
cost(25, 13, 307153).
cost(25, 14, 186270).
cost(25, 15, 63566).
cost(25, 16, 69679).
cost(25, 17, 248072).
cost(25, 18, 260875).
cost(25, 19, 324228).
cost(25, 20, 386211).
cost(25, 21, 284553).
cost(25, 22, 282932).
cost(25, 23, 54163).
cost(25, 24, 365310).
cost(25, 26, 255322).
cost(25, 27, 138213).
cost(25, 28, 336483).
cost(25, 29, 248404).
cost(25, 30, 409563).
cost(26, 1, 189059).
cost(26, 2, 333109).
cost(26, 3, 309026).
cost(26, 4, 462802).
cost(26, 5, 414038).
cost(26, 6, 484267).
cost(26, 7, 84094).
cost(26, 8, 570609).
cost(26, 9, 292731).
cost(26, 10, 206802).
cost(26, 11, 202091).
cost(26, 12, 89188).
cost(26, 13, 309320).
cost(26, 14, 432225).
cost(26, 15, 273356).
cost(26, 16, 250545).
cost(26, 17, 220631).
cost(26, 18, 514782).
cost(26, 19, 387444).
cost(26, 20, 358314).
cost(26, 21, 487532).
cost(26, 22, 41897).
cost(26, 23, 208270).
cost(26, 24, 334713).
cost(26, 25, 255322).
cost(26, 27, 152720).
cost(26, 28, 587622).
cost(26, 29, 197700).
cost(26, 30, 464646).
cost(27, 1, 90410).
cost(27, 2, 286664).
cost(27, 3, 235331).
cost(27, 4, 410030).
cost(27, 5, 336670).
cost(27, 6, 332638).
cost(27, 7, 80371).
cost(27, 8, 548014).
cost(27, 9, 141634).
cost(27, 10, 282032).
cost(27, 11, 124414).
cost(27, 12, 229831).
cost(27, 13, 350216).
cost(27, 14, 324003).
cost(27, 15, 185570).
cost(27, 16, 173365).
cost(27, 17, 267116).
cost(27, 18, 378696).
cost(27, 19, 264518).
cost(27, 20, 420079).
cost(27, 21, 416712).
cost(27, 22, 165664).
cost(27, 23, 117612).
cost(27, 24, 396368).
cost(27, 25, 138213).
cost(27, 26, 152720).
cost(27, 28, 446338).
cost(27, 29, 121588).
cost(27, 30, 349339).
cost(28, 1, 480525).
cost(28, 2, 614904).
cost(28, 3, 348655).
cost(28, 4, 388519).
cost(28, 5, 313159).
cost(28, 6, 163345).
cost(28, 7, 526584).
cost(28, 8, 530694).
cost(28, 9, 345563).
cost(28, 10, 598718).
cost(28, 11, 401366).
cost(28, 12, 672821).
cost(28, 13, 578117).
cost(28, 14, 220786).
cost(28, 15, 346787).
cost(28, 16, 371895).
cost(28, 17, 553132).
cost(28, 18, 80380).
cost(28, 19, 438946).
cost(28, 20, 654269).
cost(28, 21, 335293).
cost(28, 22, 609618).
cost(28, 23, 389493).
cost(28, 24, 639797).
cost(28, 25, 336483).
cost(28, 26, 587622).
cost(28, 27, 446338).
cost(28, 29, 508546).
cost(28, 30, 487243).
cost(29, 1, 33940).
cost(29, 2, 165214).
cost(29, 3, 354169).
cost(29, 4, 529574).
cost(29, 5, 452135).
cost(29, 6, 367371).
cost(29, 7, 119596).
cost(29, 8, 669530).
cost(29, 9, 163618).
cost(29, 10, 380401).
cost(29, 11, 245805).
cost(29, 12, 236151).
cost(29, 13, 462197).
cost(29, 14, 426676).
cost(29, 15, 303160).
cost(29, 16, 293456).
cost(29, 17, 375140).
cost(29, 18, 452430).
cost(29, 19, 194544).
cost(29, 20, 526871).
cost(29, 21, 532498).
cost(29, 22, 182338).
cost(29, 23, 238000).
cost(29, 24, 502821).
cost(29, 25, 248404).
cost(29, 26, 197700).
cost(29, 27, 121588).
cost(29, 28, 508546).
cost(29, 30, 267622).
cost(30, 1, 277412).
cost(30, 2, 214394).
cost(30, 3, 521519).
cost(30, 4, 683494).
cost(30, 5, 590710).
cost(30, 6, 325196).
cost(30, 7, 383204).
cost(30, 8, 840643).
cost(30, 9, 250255).
cost(30, 10, 631176).
cost(30, 11, 446725).
cost(30, 12, 499357).
cost(30, 13, 694824).
cost(30, 14, 524894).
cost(30, 15, 472913).
cost(30, 16, 476794).
cost(30, 17, 615305).
cost(30, 18, 470724).
cost(30, 19, 86618).
cost(30, 20, 767754).
cost(30, 21, 664154).
cost(30, 22, 449455).
cost(30, 23, 432655).
cost(30, 24, 744329).
cost(30, 25, 409563).
cost(30, 26, 464646).
cost(30, 27, 349339).
cost(30, 28, 487243).
cost(30, 29, 267622).
