dimension(30).
point(1, 159705.0, -119123.0).
point(2, -148543.0, 46733.0).
point(3, 188767.0, -150586.0).
point(4, 96687.0, 191094.0).
point(5, -92455.0, 46763.0).
point(6, 100774.0, 831122.0).
point(7, 182723.0, 149475.0).
point(8, -189786.0, -118367.0).
point(9, 231083.0, -161789.0).
point(10, -82808.0, -213206.0).
point(11, 47562.0, -56846.0).
point(12, -92503.0, -74944.0).
point(13, -105774.0, 47262.0).
point(14, -253389.0, -110970.0).
point(15, -126617.0, -74502.0).
point(16, 53005.0, -100494.0).
point(17, 226142.0, 217867.0).
point(18, 33368.0, -137228.0).
point(19, 24790.0, 53946.0).
point(20, -156145.0, 393773.0).
point(21, -157326.0, -208079.0).
point(22, -347504.0, 231720.0).
point(23, -243075.0, 91774.0).
point(24, -44371.0, -140493.0).
point(25, -339076.0, 130947.0).
point(26, 170465.0, -142460.0).
point(27, 60152.0, -284556.0).
point(28, 60166.0, -117693.0).
point(29, -116962.0, 12108.0).
point(30, 171384.0, -172229.0).
cost(1, 2, 350036).
cost(1, 3, 42831).
cost(1, 4, 316553).
cost(1, 5, 301832).
cost(1, 6, 952071).
cost(1, 7, 269582).
cost(1, 8, 349492).
cost(1, 9, 83158).
cost(1, 10, 260123).
cost(1, 11, 128275).
cost(1, 12, 256048).
cost(1, 13, 313310).
cost(1, 14, 413174).
cost(1, 15, 289778).
cost(1, 16, 108314).
cost(1, 17, 343477).
cost(1, 18, 127628).
cost(1, 19, 219442).
cost(1, 20, 602348).
cost(1, 21, 329275).
cost(1, 22, 616727).
cost(1, 23, 454653).
cost(1, 24, 205192).
cost(1, 25, 557958).
cost(1, 26, 25698).
cost(1, 27, 193077).
cost(1, 28, 99549).
cost(1, 29, 306213).
cost(1, 30, 54375).
cost(2, 1, 350036).
cost(2, 3, 390785).
cost(2, 4, 284566).
cost(2, 5, 56088).
cost(2, 6, 823058).
cost(2, 7, 346833).
cost(2, 8, 170173).
cost(2, 9, 433125).
cost(2, 10, 268122).
cost(2, 11, 221779).
cost(2, 12, 133962).
cost(2, 13, 42772).
cost(2, 14, 189375).
cost(2, 15, 123202).
cost(2, 16, 249594).
cost(2, 17, 411917).
cost(2, 18, 258715).
cost(2, 19, 173483).
cost(2, 20, 347123).
cost(2, 21, 254963).
cost(2, 22, 271672).
cost(2, 23, 104714).
cost(2, 24, 214255).
cost(2, 25, 208314).
cost(2, 26, 370891).
cost(2, 27, 391543).
cost(2, 28, 265698).
cost(2, 29, 46864).
cost(2, 30, 387682).
cost(3, 1, 42831).
cost(3, 2, 390785).
cost(3, 4, 353870).
cost(3, 5, 343558).
cost(3, 6, 985644).
cost(3, 7, 300122).
cost(3, 8, 379922).
cost(3, 9, 43774).
cost(3, 10, 278701).
cost(3, 11, 169488).
cost(3, 12, 291264).
cost(3, 13, 354821).
cost(3, 14, 443927).
cost(3, 15, 324432).
cost(3, 16, 144708).
cost(3, 17, 370344).
cost(3, 18, 155972).
cost(3, 19, 262148).
cost(3, 20, 644431).
cost(3, 21, 350836).
cost(3, 22, 658593).
cost(3, 23, 495203).
cost(3, 24, 233356).
cost(3, 25, 598230).
cost(3, 26, 20025).
cost(3, 27, 185714).
cost(3, 28, 132741).
cost(3, 29, 346323).
cost(3, 30, 27759).
cost(4, 1, 316553).
cost(4, 2, 284566).
cost(4, 3, 353870).
cost(4, 5, 237920).
cost(4, 6, 640041).
cost(4, 7, 95574).
cost(4, 8, 421702).
cost(4, 9, 377609).
cost(4, 10, 442354).
cost(4, 11, 252760).
cost(4, 12, 326449).
cost(4, 13, 248351).
cost(4, 14, 462381).
cost(4, 15, 346996).
cost(4, 16, 294842).
cost(4, 17, 132195).
cost(4, 18, 334372).
cost(4, 19, 154851).
cost(4, 20, 324041).
cost(4, 21, 473140).
cost(4, 22, 446045).
cost(4, 23, 353981).
cost(4, 24, 360343).
cost(4, 25, 439894).
cost(4, 26, 341616).
cost(4, 27, 477051).
cost(4, 28, 310939).
cost(4, 29, 278715).
cost(4, 30, 370922).
cost(5, 1, 301832).
cost(5, 2, 56088).
cost(5, 3, 343558).
cost(5, 4, 237920).
cost(5, 6, 807810).
cost(5, 7, 293722).
cost(5, 8, 191680).
cost(5, 9, 384930).
cost(5, 10, 260148).
cost(5, 11, 174183).
cost(5, 12, 121707).
cost(5, 13, 13328).
cost(5, 14, 225343).
cost(5, 15, 125985).
cost(5, 16, 206986).
cost(5, 17, 361636).
cost(5, 18, 222899).
cost(5, 19, 117465).
cost(5, 20, 352806).
cost(5, 21, 262969).
cost(5, 22, 315054).
cost(5, 23, 157202).
cost(5, 24, 193331).
cost(5, 25, 260593).
cost(5, 26, 323933).
cost(5, 27, 364776).
cost(5, 28, 224363).
cost(5, 29, 42445).
cost(5, 30, 342883).
cost(6, 1, 952071).
cost(6, 2, 823058).
cost(6, 3, 985644).
cost(6, 4, 640041).
cost(6, 5, 807810).
cost(6, 7, 686555).
cost(6, 8, 992952).
cost(6, 9, 1001425).
cost(6, 10, 1060341).
cost(6, 11, 889561).
cost(6, 12, 926451).
cost(6, 13, 810616).
cost(6, 14, 1006463).
cost(6, 15, 933735).
cost(6, 16, 932840).
cost(6, 17, 625938).
cost(6, 18, 970693).
cost(6, 19, 780882).
cost(6, 20, 507229).
cost(6, 21, 1070773).
cost(6, 22, 748489).
cost(6, 23, 815394).
cost(6, 24, 982396).
cost(6, 25, 826869).
cost(6, 26, 976073).
cost(6, 27, 1116417).
cost(6, 28, 949684).
cost(6, 29, 847463).
cost(6, 30, 1005832).
cost(7, 1, 269582).
cost(7, 2, 346833).
cost(7, 3, 300122).
cost(7, 4, 95574).
cost(7, 5, 293722).
cost(7, 6, 686555).
cost(7, 8, 458805).
cost(7, 9, 314998).
cost(7, 10, 449493).
cost(7, 11, 246651).
cost(7, 12, 355124).
cost(7, 13, 306069).
cost(7, 14, 507962).
cost(7, 15, 381912).
cost(7, 16, 281623).
cost(7, 17, 81010).
cost(7, 18, 323273).
cost(7, 19, 184577).
cost(7, 20, 417748).
cost(7, 21, 493435).
cost(7, 22, 536568).
cost(7, 23, 429690).
cost(7, 24, 368311).
cost(7, 25, 522128).
cost(7, 26, 292192).
cost(7, 27, 451006).
cost(7, 28, 293937).
cost(7, 29, 329668).
cost(7, 30, 321904).
cost(8, 1, 349492).
cost(8, 2, 170173).
cost(8, 3, 379922).
cost(8, 4, 421702).
cost(8, 5, 191680).
cost(8, 6, 992952).
cost(8, 7, 458805).
cost(8, 9, 423103).
cost(8, 10, 142964).
cost(8, 11, 245192).
cost(8, 12, 106534).
cost(8, 13, 185717).
cost(8, 14, 64032).
cost(8, 15, 76906).
cost(8, 16, 243448).
cost(8, 17, 534836).
cost(8, 18, 223950).
cost(8, 19, 275199).
cost(8, 20, 513244).
cost(8, 21, 95404).
cost(8, 22, 383974).
cost(8, 23, 216792).
cost(8, 24, 147089).
cost(8, 25, 290594).
cost(8, 26, 361056).
cost(8, 27, 300146).
cost(8, 28, 249953).
cost(8, 29, 149422).
cost(8, 30, 365164).
cost(9, 1, 83158).
cost(9, 2, 433125).
cost(9, 3, 43774).
cost(9, 4, 377609).
cost(9, 5, 384930).
cost(9, 6, 1001425).
cost(9, 7, 314998).
cost(9, 8, 423103).
cost(9, 10, 318074).
cost(9, 11, 211407).
cost(9, 12, 335037).
cost(9, 13, 396453).
cost(9, 14, 487130).
cost(9, 15, 368196).
cost(9, 16, 188332).
cost(9, 17, 379688).
cost(9, 18, 199235).
cost(9, 19, 298494).
cost(9, 20, 677196).
cost(9, 21, 391158).
cost(9, 22, 699723).
cost(9, 23, 537699).
cost(9, 24, 276276).
cost(9, 25, 640918).
cost(9, 26, 63625).
cost(9, 27, 210450).
cost(9, 28, 176514).
cost(9, 29, 389070).
cost(9, 30, 60605).
cost(10, 1, 260123).
cost(10, 2, 268122).
cost(10, 3, 278701).
cost(10, 4, 442354).
cost(10, 5, 260148).
cost(10, 6, 1060341).
cost(10, 7, 449493).
cost(10, 8, 142964).
cost(10, 9, 318074).
cost(10, 11, 203580).
cost(10, 12, 138601).
cost(10, 13, 261479).
cost(10, 14, 198872).
cost(10, 15, 145458).
cost(10, 16, 176491).
cost(10, 17, 530353).
cost(10, 18, 138815).
cost(10, 19, 288006).
cost(10, 20, 611393).
cost(10, 21, 74694).
cost(10, 22, 517709).
cost(10, 23, 344526).
cost(10, 24, 82247).
cost(10, 25, 429086).
cost(10, 26, 262968).
cost(10, 27, 159776).
cost(10, 28, 171943).
cost(10, 29, 227888).
cost(10, 30, 257474).
cost(11, 1, 128275).
cost(11, 2, 221779).
cost(11, 3, 169488).
cost(11, 4, 252760).
cost(11, 5, 174183).
cost(11, 6, 889561).
cost(11, 7, 246651).
cost(11, 8, 245192).
cost(11, 9, 211407).
cost(11, 10, 203580).
cost(11, 12, 141229).
cost(11, 13, 185339).
cost(11, 14, 305779).
cost(11, 15, 175072).
cost(11, 16, 43986).
cost(11, 17, 327655).
cost(11, 18, 81626).
cost(11, 19, 113108).
cost(11, 20, 494524).
cost(11, 21, 254658).
cost(11, 22, 489232).
cost(11, 23, 326432).
cost(11, 24, 124292).
cost(11, 25, 429832).
cost(11, 26, 149783).
cost(11, 27, 228058).
cost(11, 28, 62139).
cost(11, 29, 178389).
cost(11, 30, 169249).
cost(12, 1, 256048).
cost(12, 2, 133962).
cost(12, 3, 291264).
cost(12, 4, 326449).
cost(12, 5, 121707).
cost(12, 6, 926451).
cost(12, 7, 355124).
cost(12, 8, 106534).
cost(12, 9, 335037).
cost(12, 10, 138601).
cost(12, 11, 141229).
cost(12, 13, 122924).
cost(12, 14, 164870).
cost(12, 15, 34117).
cost(12, 16, 147734).
cost(12, 17, 432750).
cost(12, 18, 140438).
cost(12, 19, 174271).
cost(12, 20, 473018).
cost(12, 21, 148078).
cost(12, 22, 398834).
cost(12, 23, 224648).
cost(12, 24, 81323).
cost(12, 25, 321231).
cost(12, 26, 271497).
cost(12, 27, 259308).
cost(12, 28, 158541).
cost(12, 29, 90423).
cost(12, 30, 281249).
cost(13, 1, 313310).
cost(13, 2, 42772).
cost(13, 3, 354821).
cost(13, 4, 248351).
cost(13, 5, 13328).
cost(13, 6, 810616).
cost(13, 7, 306069).
cost(13, 8, 185717).
cost(13, 9, 396453).
cost(13, 10, 261479).
cost(13, 11, 185339).
cost(13, 12, 122924).
cost(13, 14, 216397).
cost(13, 15, 123535).
cost(13, 16, 216893).
cost(13, 17, 373195).
cost(13, 18, 231078).
cost(13, 19, 130735).
cost(13, 20, 350153).
cost(13, 21, 260493).
cost(13, 22, 304069).
cost(13, 23, 144336).
cost(13, 24, 197541).
cost(13, 25, 247857).
cost(13, 26, 335116).
cost(13, 27, 370991).
cost(13, 28, 233979).
cost(13, 29, 36891).
cost(13, 30, 353543).
cost(14, 1, 413174).
cost(14, 2, 189375).
cost(14, 3, 443927).
cost(14, 4, 462381).
cost(14, 5, 225343).
cost(14, 6, 1006463).
cost(14, 7, 507962).
cost(14, 8, 64032).
cost(14, 9, 487130).
cost(14, 10, 198872).
cost(14, 11, 305779).
cost(14, 12, 164870).
cost(14, 13, 216397).
cost(14, 15, 131913).
cost(14, 16, 306573).
cost(14, 17, 581450).
cost(14, 18, 287957).
cost(14, 19, 323390).
cost(14, 20, 514025).
cost(14, 21, 136595).
cost(14, 22, 355379).
cost(14, 23, 203006).
cost(14, 24, 211093).
cost(14, 25, 256644).
cost(14, 26, 425022).
cost(14, 27, 358385).
cost(14, 28, 313627).
cost(14, 29, 183740).
cost(14, 30, 429168).
cost(15, 1, 289778).
cost(15, 2, 123202).
cost(15, 3, 324432).
cost(15, 4, 346996).
cost(15, 5, 125985).
cost(15, 6, 933735).
cost(15, 7, 381912).
cost(15, 8, 76906).
cost(15, 9, 368196).
cost(15, 10, 145458).
cost(15, 11, 175072).
cost(15, 12, 34117).
cost(15, 13, 123535).
cost(15, 14, 131913).
cost(15, 16, 181493).
cost(15, 17, 458169).
cost(15, 18, 171842).
cost(15, 19, 198552).
cost(15, 20, 469205).
cost(15, 21, 137062).
cost(15, 22, 377575).
cost(15, 23, 203003).
cost(15, 24, 105448).
cost(15, 25, 295547).
cost(15, 26, 304756).
cost(15, 27, 281079).
cost(15, 28, 191712).
cost(15, 29, 87146).
cost(15, 30, 313616).
cost(16, 1, 108314).
cost(16, 2, 249594).
cost(16, 3, 144708).
cost(16, 4, 294842).
cost(16, 5, 206986).
cost(16, 6, 932840).
cost(16, 7, 281623).
cost(16, 8, 243448).
cost(16, 9, 188332).
cost(16, 10, 176491).
cost(16, 11, 43986).
cost(16, 12, 147734).
cost(16, 13, 216893).
cost(16, 14, 306573).
cost(16, 15, 181493).
cost(16, 17, 362395).
cost(16, 18, 41653).
cost(16, 19, 156996).
cost(16, 20, 536697).
cost(16, 21, 236249).
cost(16, 22, 520359).
cost(16, 23, 353030).
cost(16, 24, 105271).
cost(16, 25, 455294).
cost(16, 26, 124732).
cost(16, 27, 184201).
cost(16, 28, 18630).
cost(16, 29, 203882).
cost(16, 30, 138418).
cost(17, 1, 343477).
cost(17, 2, 411917).
cost(17, 3, 370344).
cost(17, 4, 132195).
cost(17, 5, 361636).
cost(17, 6, 625938).
cost(17, 7, 81010).
cost(17, 8, 534836).
cost(17, 9, 379688).
cost(17, 10, 530353).
cost(17, 11, 327655).
cost(17, 12, 432750).
cost(17, 13, 373195).
cost(17, 14, 581450).
cost(17, 15, 458169).
cost(17, 16, 362395).
cost(17, 18, 404047).
cost(17, 19, 259640).
cost(17, 20, 420816).
cost(17, 21, 573130).
cost(17, 22, 573813).
cost(17, 23, 485864).
cost(17, 24, 448998).
cost(17, 25, 571862).
cost(17, 26, 364603).
cost(17, 27, 529133).
cost(17, 28, 374364).
cost(17, 29, 400071).
cost(17, 30, 393920).
cost(18, 1, 127628).
cost(18, 2, 258715).
cost(18, 3, 155972).
cost(18, 4, 334372).
cost(18, 5, 222899).
cost(18, 6, 970693).
cost(18, 7, 323273).
cost(18, 8, 223950).
cost(18, 9, 199235).
cost(18, 10, 138815).
cost(18, 11, 81626).
cost(18, 12, 140438).
cost(18, 13, 231078).
cost(18, 14, 287957).
cost(18, 15, 171842).
cost(18, 16, 41653).
cost(18, 17, 404047).
cost(18, 19, 191366).
cost(18, 20, 563806).
cost(18, 21, 203431).
cost(18, 22, 530270).
cost(18, 23, 358974).
cost(18, 24, 77808).
cost(18, 25, 458947).
cost(18, 26, 137197).
cost(18, 27, 149743).
cost(18, 28, 33162).
cost(18, 29, 211897).
cost(18, 30, 142385).
cost(19, 1, 219442).
cost(19, 2, 173483).
cost(19, 3, 262148).
cost(19, 4, 154851).
cost(19, 5, 117465).
cost(19, 6, 780882).
cost(19, 7, 184577).
cost(19, 8, 275199).
cost(19, 9, 298494).
cost(19, 10, 288006).
cost(19, 11, 113108).
cost(19, 12, 174271).
cost(19, 13, 130735).
cost(19, 14, 323390).
cost(19, 15, 198552).
cost(19, 16, 156996).
cost(19, 17, 259640).
cost(19, 18, 191366).
cost(19, 20, 384993).
cost(19, 21, 319098).
cost(19, 22, 412561).
cost(19, 23, 270523).
cost(19, 24, 206373).
cost(19, 25, 371924).
cost(19, 26, 244533).
cost(19, 27, 340344).
cost(19, 28, 175247).
cost(19, 29, 147797).
cost(19, 30, 269527).
cost(20, 1, 602348).
cost(20, 2, 347123).
cost(20, 3, 644431).
cost(20, 4, 324041).
cost(20, 5, 352806).
cost(20, 6, 507229).
cost(20, 7, 417748).
cost(20, 8, 513244).
cost(20, 9, 677196).
cost(20, 10, 611393).
cost(20, 11, 494524).
cost(20, 12, 473018).
cost(20, 13, 350153).
cost(20, 14, 514025).
cost(20, 15, 469205).
cost(20, 16, 536697).
cost(20, 17, 420816).
cost(20, 18, 563806).
cost(20, 19, 384993).
cost(20, 21, 601853).
cost(20, 22, 250758).
cost(20, 23, 314261).
cost(20, 24, 545833).
cost(20, 25, 320221).
cost(20, 26, 627869).
cost(20, 27, 711979).
cost(20, 28, 555327).
cost(20, 29, 383671).
cost(20, 30, 653937).
cost(21, 1, 329275).
cost(21, 2, 254963).
cost(21, 3, 350836).
cost(21, 4, 473140).
cost(21, 5, 262969).
cost(21, 6, 1070773).
cost(21, 7, 493435).
cost(21, 8, 95404).
cost(21, 9, 391158).
cost(21, 10, 74694).
cost(21, 11, 254658).
cost(21, 12, 148078).
cost(21, 13, 260493).
cost(21, 14, 136595).
cost(21, 15, 137062).
cost(21, 16, 236249).
cost(21, 17, 573130).
cost(21, 18, 203431).
cost(21, 19, 319098).
cost(21, 20, 601853).
cost(21, 22, 479156).
cost(21, 23, 311873).
cost(21, 24, 131631).
cost(21, 25, 384671).
cost(21, 26, 334294).
cost(21, 27, 230533).
cost(21, 28, 235526).
cost(21, 29, 223856).
cost(21, 30, 330659).
cost(22, 1, 616727).
cost(22, 2, 271672).
cost(22, 3, 658593).
cost(22, 4, 446045).
cost(22, 5, 315054).
cost(22, 6, 748489).
cost(22, 7, 536568).
cost(22, 8, 383974).
cost(22, 9, 699723).
cost(22, 10, 517709).
cost(22, 11, 489232).
cost(22, 12, 398834).
cost(22, 13, 304069).
cost(22, 14, 355379).
cost(22, 15, 377575).
cost(22, 16, 520359).
cost(22, 17, 573813).
cost(22, 18, 530270).
cost(22, 19, 412561).
cost(22, 20, 250758).
cost(22, 21, 479156).
cost(22, 23, 174615).
cost(22, 24, 480033).
cost(22, 25, 101125).
cost(22, 26, 638986).
cost(22, 27, 657818).
cost(22, 28, 536921).
cost(22, 29, 318401).
cost(22, 30, 657586).
cost(23, 1, 454653).
cost(23, 2, 104714).
cost(23, 3, 495203).
cost(23, 4, 353981).
cost(23, 5, 157202).
cost(23, 6, 815394).
cost(23, 7, 429690).
cost(23, 8, 216792).
cost(23, 9, 537699).
cost(23, 10, 344526).
cost(23, 11, 326432).
cost(23, 12, 224648).
cost(23, 13, 144336).
cost(23, 14, 203006).
cost(23, 15, 203003).
cost(23, 16, 353030).
cost(23, 17, 485864).
cost(23, 18, 358974).
cost(23, 19, 270523).
cost(23, 20, 314261).
cost(23, 21, 311873).
cost(23, 22, 174615).
cost(23, 24, 305665).
cost(23, 25, 103686).
cost(23, 26, 475269).
cost(23, 27, 483292).
cost(23, 28, 368553).
cost(23, 29, 149168).
cost(23, 30, 491400).
cost(24, 1, 205192).
cost(24, 2, 214255).
cost(24, 3, 233356).
cost(24, 4, 360343).
cost(24, 5, 193331).
cost(24, 6, 982396).
cost(24, 7, 368311).
cost(24, 8, 147089).
cost(24, 9, 276276).
cost(24, 10, 82247).
cost(24, 11, 124292).
cost(24, 12, 81323).
cost(24, 13, 197541).
cost(24, 14, 211093).
cost(24, 15, 105448).
cost(24, 16, 105271).
cost(24, 17, 448998).
cost(24, 18, 77808).
cost(24, 19, 206373).
cost(24, 20, 545833).
cost(24, 21, 131631).
cost(24, 22, 480033).
cost(24, 23, 305665).
cost(24, 25, 400663).
cost(24, 26, 214845).
cost(24, 27, 177987).
cost(24, 28, 106995).
cost(24, 29, 168987).
cost(24, 30, 218077).
cost(25, 1, 557958).
cost(25, 2, 208314).
cost(25, 3, 598230).
cost(25, 4, 439894).
cost(25, 5, 260593).
cost(25, 6, 826869).
cost(25, 7, 522128).
cost(25, 8, 290594).
cost(25, 9, 640918).
cost(25, 10, 429086).
cost(25, 11, 429832).
cost(25, 12, 321231).
cost(25, 13, 247857).
cost(25, 14, 256644).
cost(25, 15, 295547).
cost(25, 16, 455294).
cost(25, 17, 571862).
cost(25, 18, 458947).
cost(25, 19, 371924).
cost(25, 20, 320221).
cost(25, 21, 384671).
cost(25, 22, 101125).
cost(25, 23, 103686).
cost(25, 24, 400663).
cost(25, 26, 578259).
cost(25, 27, 576217).
cost(25, 28, 470336).
cost(25, 29, 251907).
cost(25, 30, 593705).
cost(26, 1, 25698).
cost(26, 2, 370891).
cost(26, 3, 20025).
cost(26, 4, 341616).
cost(26, 5, 323933).
cost(26, 6, 976073).
cost(26, 7, 292192).
cost(26, 8, 361056).
cost(26, 9, 63625).
cost(26, 10, 262968).
cost(26, 11, 149783).
cost(26, 12, 271497).
cost(26, 13, 335116).
cost(26, 14, 425022).
cost(26, 15, 304756).
cost(26, 16, 124732).
cost(26, 17, 364603).
cost(26, 18, 137197).
cost(26, 19, 244533).
cost(26, 20, 627869).
cost(26, 21, 334294).
cost(26, 22, 638986).
cost(26, 23, 475269).
cost(26, 24, 214845).
cost(26, 25, 578259).
cost(26, 27, 179889).
cost(26, 28, 113045).
cost(26, 29, 326352).
cost(26, 30, 29783).
cost(27, 1, 193077).
cost(27, 2, 391543).
cost(27, 3, 185714).
cost(27, 4, 477051).
cost(27, 5, 364776).
cost(27, 6, 1116417).
cost(27, 7, 451006).
cost(27, 8, 300146).
cost(27, 9, 210450).
cost(27, 10, 159776).
cost(27, 11, 228058).
cost(27, 12, 259308).
cost(27, 13, 370991).
cost(27, 14, 358385).
cost(27, 15, 281079).
cost(27, 16, 184201).
cost(27, 17, 529133).
cost(27, 18, 149743).
cost(27, 19, 340344).
cost(27, 20, 711979).
cost(27, 21, 230533).
cost(27, 22, 657818).
cost(27, 23, 483292).
cost(27, 24, 177987).
cost(27, 25, 576217).
cost(27, 26, 179889).
cost(27, 28, 166863).
cost(27, 29, 345513).
cost(27, 30, 158082).
cost(28, 1, 99549).
cost(28, 2, 265698).
cost(28, 3, 132741).
cost(28, 4, 310939).
cost(28, 5, 224363).
cost(28, 6, 949684).
cost(28, 7, 293937).
cost(28, 8, 249953).
cost(28, 9, 176514).
cost(28, 10, 171943).
cost(28, 11, 62139).
cost(28, 12, 158541).
cost(28, 13, 233979).
cost(28, 14, 313627).
cost(28, 15, 191712).
cost(28, 16, 18630).
cost(28, 17, 374364).
cost(28, 18, 33162).
cost(28, 19, 175247).
cost(28, 20, 555327).
cost(28, 21, 235526).
cost(28, 22, 536921).
cost(28, 23, 368553).
cost(28, 24, 106995).
cost(28, 25, 470336).
cost(28, 26, 113045).
cost(28, 27, 166863).
cost(28, 29, 219597).
cost(28, 30, 123869).
cost(29, 1, 306213).
cost(29, 2, 46864).
cost(29, 3, 346323).
cost(29, 4, 278715).
cost(29, 5, 42445).
cost(29, 6, 847463).
cost(29, 7, 329668).
cost(29, 8, 149422).
cost(29, 9, 389070).
cost(29, 10, 227888).
cost(29, 11, 178389).
cost(29, 12, 90423).
cost(29, 13, 36891).
cost(29, 14, 183740).
cost(29, 15, 87146).
cost(29, 16, 203882).
cost(29, 17, 400071).
cost(29, 18, 211897).
cost(29, 19, 147797).
cost(29, 20, 383671).
cost(29, 21, 223856).
cost(29, 22, 318401).
cost(29, 23, 149168).
cost(29, 24, 168987).
cost(29, 25, 251907).
cost(29, 26, 326352).
cost(29, 27, 345513).
cost(29, 28, 219597).
cost(29, 30, 342233).
cost(30, 1, 54375).
cost(30, 2, 387682).
cost(30, 3, 27759).
cost(30, 4, 370922).
cost(30, 5, 342883).
cost(30, 6, 1005832).
cost(30, 7, 321904).
cost(30, 8, 365164).
cost(30, 9, 60605).
cost(30, 10, 257474).
cost(30, 11, 169249).
cost(30, 12, 281249).
cost(30, 13, 353543).
cost(30, 14, 429168).
cost(30, 15, 313616).
cost(30, 16, 138418).
cost(30, 17, 393920).
cost(30, 18, 142385).
cost(30, 19, 269527).
cost(30, 20, 653937).
cost(30, 21, 330659).
cost(30, 22, 657586).
cost(30, 23, 491400).
cost(30, 24, 218077).
cost(30, 25, 593705).
cost(30, 26, 29783).
cost(30, 27, 158082).
cost(30, 28, 123869).
cost(30, 29, 342233).
