dimension(20).
point(1, 894833.0, 498824.0).
point(2, 269321.0, 547700.0).
point(3, 192952.0, 602876.0).
point(4, 333870.0, 554198.0).
point(5, 242151.0, 648875.0).
point(6, 798770.0, 991707.0).
point(7, 532564.0, 85112.0).
point(8, 934698.0, 251921.0).
point(9, 772656.0, 580472.0).
point(10, 426377.0, 511921.0).
point(11, 965268.0, 291438.0).
point(12, 830998.0, 835175.0).
point(13, 669057.0, 603933.0).
point(14, 499932.0, 122088.0).
point(15, 726919.0, 754129.0).
point(16, 198368.0, 315976.0).
point(17, 757754.0, 995603.0).
point(18, 606989.0, 824322.0).
point(19, 873342.0, 378167.0).
point(20, 999954.0, 405905.0).
cost(1, 2, 627419).
cost(1, 3, 709552).
cost(1, 4, 563689).
cost(1, 5, 669708).
cost(1, 6, 502157).
cost(1, 7, 549906).
cost(1, 8, 250101).
cost(1, 9, 146948).
cost(1, 10, 468639).
cost(1, 11, 219021).
cost(1, 12, 342355).
cost(1, 13, 249044).
cost(1, 14, 545781).
cost(1, 15, 305574).
cost(1, 16, 720067).
cost(1, 17, 515345).
cost(1, 18, 434515).
cost(1, 19, 122556).
cost(1, 20, 140301).
cost(2, 1, 627419).
cost(2, 3, 94216).
cost(2, 4, 64875).
cost(2, 5, 104760).
cost(2, 6, 690984).
cost(2, 7, 532245).
cost(2, 8, 728156).
cost(2, 9, 504401).
cost(2, 10, 161080).
cost(2, 11, 741628).
cost(2, 12, 630970).
cost(2, 13, 403672).
cost(2, 14, 484073).
cost(2, 15, 502005).
cost(2, 16, 242343).
cost(2, 17, 662710).
cost(2, 18, 436508).
cost(2, 19, 627362).
cost(2, 20, 744265).
cost(3, 1, 709552).
cost(3, 2, 94216).
cost(3, 4, 149089).
cost(3, 5, 67353).
cost(3, 6, 719865).
cost(3, 7, 619206).
cost(3, 8, 820583).
cost(3, 9, 580137).
cost(3, 10, 250520).
cost(3, 11, 832746).
cost(3, 12, 679018).
cost(3, 13, 476106).
cost(3, 14, 570433).
cost(3, 15, 554976).
cost(3, 16, 286951).
cost(3, 17, 687921).
cost(3, 18, 469537).
cost(3, 19, 716537).
cost(3, 20, 830692).
cost(4, 1, 563689).
cost(4, 2, 64875).
cost(4, 3, 149089).
cost(4, 5, 131818).
cost(4, 6, 638393).
cost(4, 7, 509432).
cost(4, 8, 672581).
cost(4, 9, 439572).
cost(4, 10, 101710).
cost(4, 11, 683891).
cost(4, 12, 571038).
cost(4, 13, 338857).
cost(4, 14, 462921).
cost(4, 15, 440976).
cost(4, 16, 274063).
cost(4, 17, 611977).
cost(4, 18, 384137).
cost(4, 19, 567465).
cost(4, 20, 682392).
cost(5, 1, 669708).
cost(5, 2, 104760).
cost(5, 3, 67353).
cost(5, 4, 131818).
cost(5, 6, 653727).
cost(5, 7, 634168).
cost(5, 8, 798244).
cost(5, 9, 534897).
cost(5, 10, 229555).
cost(5, 11, 806635).
cost(5, 12, 617615).
cost(5, 13, 429265).
cost(5, 14, 586477).
cost(5, 15, 496063).
cost(5, 16, 335766).
cost(5, 17, 621343).
cost(5, 18, 404831).
cost(5, 19, 686793).
cost(5, 20, 795801).
cost(6, 1, 502157).
cost(6, 2, 690984).
cost(6, 3, 719865).
cost(6, 4, 638393).
cost(6, 5, 653727).
cost(6, 7, 944870).
cost(6, 8, 752170).
cost(6, 9, 412063).
cost(6, 10, 607348).
cost(6, 11, 719790).
cost(6, 12, 159815).
cost(6, 13, 408894).
cost(6, 14, 919533).
cost(6, 15, 248205).
cost(6, 16, 903933).
cost(6, 17, 41201).
cost(6, 18, 254554).
cost(6, 19, 618055).
cost(6, 20, 619386).
cost(7, 1, 549906).
cost(7, 2, 532245).
cost(7, 3, 619206).
cost(7, 4, 509432).
cost(7, 5, 634168).
cost(7, 6, 944870).
cost(7, 8, 435358).
cost(7, 9, 550478).
cost(7, 10, 439820).
cost(7, 11, 479378).
cost(7, 12, 807253).
cost(7, 13, 536475).
cost(7, 14, 49316).
cost(7, 15, 696676).
cost(7, 16, 406184).
cost(7, 17, 937926).
cost(7, 18, 742947).
cost(7, 19, 449456).
cost(7, 20, 566888).
cost(8, 1, 250101).
cost(8, 2, 728156).
cost(8, 3, 820583).
cost(8, 4, 672581).
cost(8, 5, 798244).
cost(8, 6, 752170).
cost(8, 7, 435358).
cost(8, 9, 366338).
cost(8, 10, 570956).
cost(8, 11, 49961).
cost(8, 12, 592401).
cost(8, 13, 440996).
cost(8, 14, 453738).
cost(8, 15, 543493).
cost(8, 16, 739111).
cost(8, 17, 764442).
cost(8, 18, 659573).
cost(8, 19, 140366).
cost(8, 20, 167241).
cost(9, 1, 146948).
cost(9, 2, 504401).
cost(9, 3, 580137).
cost(9, 4, 439572).
cost(9, 5, 534897).
cost(9, 6, 412063).
cost(9, 7, 550478).
cost(9, 8, 366338).
cost(9, 10, 352999).
cost(9, 11, 347333).
cost(9, 12, 261299).
cost(9, 13, 106222).
cost(9, 14, 533380).
cost(9, 15, 179579).
cost(9, 16, 632270).
cost(9, 17, 415398).
cost(9, 18, 294802).
cost(9, 19, 225976).
cost(9, 20, 286597).
cost(10, 1, 468639).
cost(10, 2, 161080).
cost(10, 3, 250520).
cost(10, 4, 101710).
cost(10, 5, 229555).
cost(10, 6, 607348).
cost(10, 7, 439820).
cost(10, 8, 570956).
cost(10, 9, 352999).
cost(10, 11, 582251).
cost(10, 12, 517891).
cost(10, 13, 259538).
cost(10, 14, 396712).
cost(10, 15, 385992).
cost(10, 16, 300637).
cost(10, 17, 586310).
cost(10, 18, 360853).
cost(10, 19, 466549).
cost(10, 20, 583292).
cost(11, 1, 219021).
cost(11, 2, 741628).
cost(11, 3, 832746).
cost(11, 4, 683891).
cost(11, 5, 806635).
cost(11, 6, 719790).
cost(11, 7, 479378).
cost(11, 8, 49961).
cost(11, 9, 347333).
cost(11, 10, 582251).
cost(11, 12, 560070).
cost(11, 13, 430574).
cost(11, 14, 495194).
cost(11, 15, 520474).
cost(11, 16, 767292).
cost(11, 17, 734105).
cost(11, 18, 642129).
cost(11, 19, 126382).
cost(11, 20, 119607).
cost(12, 1, 342355).
cost(12, 2, 630970).
cost(12, 3, 679018).
cost(12, 4, 571038).
cost(12, 5, 617615).
cost(12, 6, 159815).
cost(12, 7, 807253).
cost(12, 8, 592401).
cost(12, 9, 261299).
cost(12, 10, 517891).
cost(12, 11, 560070).
cost(12, 13, 282308).
cost(12, 14, 786192).
cost(12, 15, 131912).
cost(12, 16, 818406).
cost(12, 17, 176357).
cost(12, 18, 224272).
cost(12, 19, 458965).
cost(12, 20, 461323).
cost(13, 1, 249044).
cost(13, 2, 403672).
cost(13, 3, 476106).
cost(13, 4, 338857).
cost(13, 5, 429265).
cost(13, 6, 408894).
cost(13, 7, 536475).
cost(13, 8, 440996).
cost(13, 9, 106222).
cost(13, 10, 259538).
cost(13, 11, 430574).
cost(13, 12, 282308).
cost(13, 14, 510664).
cost(13, 15, 160956).
cost(13, 16, 551786).
cost(13, 17, 401588).
cost(13, 18, 228962).
cost(13, 19, 304471).
cost(13, 20, 385627).
cost(14, 1, 545781).
cost(14, 2, 484073).
cost(14, 3, 570433).
cost(14, 4, 462921).
cost(14, 5, 586477).
cost(14, 6, 919533).
cost(14, 7, 49316).
cost(14, 8, 453738).
cost(14, 9, 533380).
cost(14, 10, 396712).
cost(14, 11, 495194).
cost(14, 12, 786192).
cost(14, 13, 510664).
cost(14, 15, 671565).
cost(14, 16, 358516).
cost(14, 17, 910769).
cost(14, 18, 710348).
cost(14, 19, 452782).
cost(14, 20, 574956).
cost(15, 1, 305574).
cost(15, 2, 502005).
cost(15, 3, 554976).
cost(15, 4, 440976).
cost(15, 5, 496063).
cost(15, 6, 248205).
cost(15, 7, 696676).
cost(15, 8, 543493).
cost(15, 9, 179579).
cost(15, 10, 385992).
cost(15, 11, 520474).
cost(15, 12, 131912).
cost(15, 13, 160956).
cost(15, 14, 671565).
cost(15, 16, 686545).
cost(15, 17, 243435).
cost(15, 18, 138961).
cost(15, 19, 403469).
cost(15, 20, 442502).
cost(16, 1, 720067).
cost(16, 2, 242343).
cost(16, 3, 286951).
cost(16, 4, 274063).
cost(16, 5, 335766).
cost(16, 6, 903933).
cost(16, 7, 406184).
cost(16, 8, 739111).
cost(16, 9, 632270).
cost(16, 10, 300637).
cost(16, 11, 767292).
cost(16, 12, 818406).
cost(16, 13, 551786).
cost(16, 14, 358516).
cost(16, 15, 686545).
cost(16, 17, 880230).
cost(16, 18, 652217).
cost(16, 19, 677833).
cost(16, 20, 806615).
cost(17, 1, 515345).
cost(17, 2, 662710).
cost(17, 3, 687921).
cost(17, 4, 611977).
cost(17, 5, 621343).
cost(17, 6, 41201).
cost(17, 7, 937926).
cost(17, 8, 764442).
cost(17, 9, 415398).
cost(17, 10, 586310).
cost(17, 11, 734105).
cost(17, 12, 176357).
cost(17, 13, 401588).
cost(17, 14, 910769).
cost(17, 15, 243435).
cost(17, 16, 880230).
cost(17, 18, 228183).
cost(17, 19, 628162).
cost(17, 20, 637499).
cost(18, 1, 434515).
cost(18, 2, 436508).
cost(18, 3, 469537).
cost(18, 4, 384137).
cost(18, 5, 404831).
cost(18, 6, 254554).
cost(18, 7, 742947).
cost(18, 8, 659573).
cost(18, 9, 294802).
cost(18, 10, 360853).
cost(18, 11, 642129).
cost(18, 12, 224272).
cost(18, 13, 228962).
cost(18, 14, 710348).
cost(18, 15, 138961).
cost(18, 16, 652217).
cost(18, 17, 228183).
cost(18, 19, 519614).
cost(18, 20, 574016).
cost(19, 1, 122556).
cost(19, 2, 627362).
cost(19, 3, 716537).
cost(19, 4, 567465).
cost(19, 5, 686793).
cost(19, 6, 618055).
cost(19, 7, 449456).
cost(19, 8, 140366).
cost(19, 9, 225976).
cost(19, 10, 466549).
cost(19, 11, 126382).
cost(19, 12, 458965).
cost(19, 13, 304471).
cost(19, 14, 452782).
cost(19, 15, 403469).
cost(19, 16, 677833).
cost(19, 17, 628162).
cost(19, 18, 519614).
cost(19, 20, 129615).
cost(20, 1, 140301).
cost(20, 2, 744265).
cost(20, 3, 830692).
cost(20, 4, 682392).
cost(20, 5, 795801).
cost(20, 6, 619386).
cost(20, 7, 566888).
cost(20, 8, 167241).
cost(20, 9, 286597).
cost(20, 10, 583292).
cost(20, 11, 119607).
cost(20, 12, 461323).
cost(20, 13, 385627).
cost(20, 14, 574956).
cost(20, 15, 442502).
cost(20, 16, 806615).
cost(20, 17, 637499).
cost(20, 18, 574016).
cost(20, 19, 129615).
