dimension(17).
point(1, 841151.0, 996343.0).
point(2, 52951.0, 851005.0).
point(3, 239315.0, 371867.0).
point(4, 246193.0, 35818.0).
point(5, 479764.0, 146579.0).
point(6, 335135.0, 138253.0).
point(7, 369790.0, 834301.0).
point(8, 955383.0, 814858.0).
point(9, 929480.0, 694907.0).
point(10, 188466.0, 395846.0).
point(11, 366567.0, 461375.0).
point(12, 68956.0, 866157.0).
point(13, 160317.0, 649437.0).
point(14, 75376.0, 322363.0).
point(15, 712771.0, 880075.0).
point(16, 66487.0, 933471.0).
point(17, 761821.0, 290775.0).
cost(1, 2, 801488).
cost(1, 3, 867281).
cost(1, 4, 1129860).
cost(1, 5, 923417).
cost(1, 6, 996178).
cost(1, 7, 498436).
cost(1, 8, 214443).
cost(1, 9, 314111).
cost(1, 10, 886902).
cost(1, 11, 715137).
cost(1, 12, 783092).
cost(1, 13, 764120).
cost(1, 14, 1020128).
cost(1, 15, 173204).
cost(1, 16, 777211).
cost(1, 17, 710014).
cost(2, 1, 801488).
cost(2, 3, 514106).
cost(2, 4, 837778).
cost(2, 5, 823642).
cost(2, 6, 766579).
cost(2, 7, 317279).
cost(2, 8, 903156).
cost(2, 9, 890320).
cost(2, 10, 474904).
cost(2, 11, 500167).
cost(2, 12, 22040).
cost(2, 13, 228379).
cost(2, 14, 529117).
cost(2, 15, 660460).
cost(2, 16, 83570).
cost(2, 17, 903523).
cost(3, 1, 867281).
cost(3, 2, 514106).
cost(3, 4, 336119).
cost(3, 5, 329500).
cost(3, 6, 252501).
cost(3, 7, 480488).
cost(3, 8, 842018).
cost(3, 9, 762025).
cost(3, 10, 56219).
cost(3, 11, 155579).
cost(3, 12, 522824).
cost(3, 13, 288593).
cost(3, 14, 171250).
cost(3, 15, 694576).
cost(3, 16, 587596).
cost(3, 17, 528761).
cost(4, 1, 1129860).
cost(4, 2, 837778).
cost(4, 3, 336119).
cost(4, 5, 258502).
cost(4, 6, 135660).
cost(4, 7, 807992).
cost(4, 8, 1053496).
cost(4, 9, 949357).
cost(4, 10, 364627).
cost(4, 11, 442254).
cost(4, 12, 849044).
cost(4, 13, 619599).
cost(4, 14, 333596).
cost(4, 15, 964606).
cost(4, 16, 915464).
cost(4, 17, 575218).
cost(5, 1, 923417).
cost(5, 2, 823642).
cost(5, 3, 329500).
cost(5, 4, 258502).
cost(5, 6, 144868).
cost(5, 7, 696459).
cost(5, 8, 820250).
cost(5, 9, 709160).
cost(5, 10, 383391).
cost(5, 11, 334530).
cost(5, 12, 828587).
cost(5, 13, 595745).
cost(5, 14, 440942).
cost(5, 15, 769616).
cost(5, 16, 888818).
cost(5, 17, 316779).
cost(6, 1, 996178).
cost(6, 2, 766579).
cost(6, 3, 252501).
cost(6, 4, 135660).
cost(6, 5, 144868).
cost(6, 7, 696910).
cost(6, 8, 917879).
cost(6, 9, 814315).
cost(6, 10, 296422).
cost(6, 11, 324647).
cost(6, 12, 775045).
cost(6, 13, 540250).
cost(6, 14, 318388).
cost(6, 15, 832411).
cost(6, 16, 839371).
cost(6, 17, 453127).
cost(7, 1, 498436).
cost(7, 2, 317279).
cost(7, 3, 480488).
cost(7, 4, 807992).
cost(7, 5, 696459).
cost(7, 6, 696910).
cost(7, 8, 585916).
cost(7, 9, 576787).
cost(7, 10, 474469).
cost(7, 11, 372940).
cost(7, 12, 302516).
cost(7, 13, 279381).
cost(7, 14, 590559).
cost(7, 15, 346022).
cost(7, 16, 319104).
cost(7, 17, 670156).
cost(8, 1, 214443).
cost(8, 2, 903156).
cost(8, 3, 842018).
cost(8, 4, 1053496).
cost(8, 5, 820250).
cost(8, 6, 917879).
cost(8, 7, 585916).
cost(8, 9, 122716).
cost(8, 10, 873918).
cost(8, 11, 686771).
cost(8, 12, 887910).
cost(8, 13, 812092).
cost(8, 14, 1008446).
cost(8, 15, 251225).
cost(8, 16, 896775).
cost(8, 17, 558685).
cost(9, 1, 314111).
cost(9, 2, 890320).
cost(9, 3, 762025).
cost(9, 4, 949357).
cost(9, 5, 709160).
cost(9, 6, 814315).
cost(9, 7, 576787).
cost(9, 8, 122716).
cost(9, 10, 799086).
cost(9, 11, 609433).
cost(9, 12, 877398).
cost(9, 13, 770506).
cost(9, 14, 931817).
cost(9, 15, 285044).
cost(9, 16, 895360).
cost(9, 17, 437530).
cost(10, 1, 886902).
cost(10, 2, 474904).
cost(10, 3, 56219).
cost(10, 4, 364627).
cost(10, 5, 383391).
cost(10, 6, 296422).
cost(10, 7, 474469).
cost(10, 8, 873918).
cost(10, 9, 799086).
cost(10, 11, 189774).
cost(10, 12, 485258).
cost(10, 13, 255149).
cost(10, 14, 134867).
cost(10, 15, 713704).
cost(10, 16, 551289).
cost(10, 17, 582903).
cost(11, 1, 715137).
cost(11, 2, 500167).
cost(11, 3, 155579).
cost(11, 4, 442254).
cost(11, 5, 334530).
cost(11, 6, 324647).
cost(11, 7, 372940).
cost(11, 8, 686771).
cost(11, 9, 609433).
cost(11, 10, 189774).
cost(11, 12, 502415).
cost(11, 13, 279117).
cost(11, 14, 322671).
cost(11, 15, 543293).
cost(11, 16, 559395).
cost(11, 17, 430500).
cost(12, 1, 783092).
cost(12, 2, 22040).
cost(12, 3, 522824).
cost(12, 4, 849044).
cost(12, 5, 828587).
cost(12, 6, 775045).
cost(12, 7, 302516).
cost(12, 8, 887910).
cost(12, 9, 877398).
cost(12, 10, 485258).
cost(12, 11, 502415).
cost(12, 13, 235190).
cost(12, 14, 543832).
cost(12, 15, 643965).
cost(12, 16, 67359).
cost(12, 17, 900626).
cost(13, 1, 764120).
cost(13, 2, 228379).
cost(13, 3, 288593).
cost(13, 4, 619599).
cost(13, 5, 595745).
cost(13, 6, 540250).
cost(13, 7, 279381).
cost(13, 8, 812092).
cost(13, 9, 770506).
cost(13, 10, 255149).
cost(13, 11, 279117).
cost(13, 12, 235190).
cost(13, 14, 337924).
cost(13, 15, 598665).
cost(13, 16, 299131).
cost(13, 17, 700318).
cost(14, 1, 1020128).
cost(14, 2, 529117).
cost(14, 3, 171250).
cost(14, 4, 333596).
cost(14, 5, 440942).
cost(14, 6, 318388).
cost(14, 7, 590559).
cost(14, 8, 1008446).
cost(14, 9, 931817).
cost(14, 10, 134867).
cost(14, 11, 322671).
cost(14, 12, 543832).
cost(14, 13, 337924).
cost(14, 15, 846945).
cost(14, 16, 611173).
cost(14, 17, 687171).
cost(15, 1, 173204).
cost(15, 2, 660460).
cost(15, 3, 694576).
cost(15, 4, 964606).
cost(15, 5, 769616).
cost(15, 6, 832411).
cost(15, 7, 346022).
cost(15, 8, 251225).
cost(15, 9, 285044).
cost(15, 10, 713704).
cost(15, 11, 543293).
cost(15, 12, 643965).
cost(15, 13, 598665).
cost(15, 14, 846945).
cost(15, 16, 648486).
cost(15, 17, 591338).
cost(16, 1, 777211).
cost(16, 2, 83570).
cost(16, 3, 587596).
cost(16, 4, 915464).
cost(16, 5, 888818).
cost(16, 6, 839371).
cost(16, 7, 319104).
cost(16, 8, 896775).
cost(16, 9, 895360).
cost(16, 10, 551289).
cost(16, 11, 559395).
cost(16, 12, 67359).
cost(16, 13, 299131).
cost(16, 14, 611173).
cost(16, 15, 648486).
cost(16, 17, 946862).
cost(17, 1, 710014).
cost(17, 2, 903523).
cost(17, 3, 528761).
cost(17, 4, 575218).
cost(17, 5, 316779).
cost(17, 6, 453127).
cost(17, 7, 670156).
cost(17, 8, 558685).
cost(17, 9, 437530).
cost(17, 10, 582903).
cost(17, 11, 430500).
cost(17, 12, 900626).
cost(17, 13, 700318).
cost(17, 14, 687171).
cost(17, 15, 591338).
cost(17, 16, 946862).
nocross(1,8).
nocross(1,15).
nocross(3,11).
nocross(3,14).
nocross(4,3).
nocross(4,5).
nocross(4,10).
nocross(5,3).
nocross(5,11).
nocross(5,17).
nocross(6,3).
nocross(6,10).
nocross(6,11).
nocross(7,8).
nocross(7,11).
nocross(7,17).
nocross(8,17).
nocross(9,17).
nocross(10,2).
nocross(10,3).
nocross(10,11).
nocross(10,14).
nocross(11,3).
nocross(11,10).
nocross(12,2).
nocross(13,3).
nocross(13,10).
nocross(13,11).
nocross(14,2).
nocross(14,3).
nocross(14,10).
nocross(15,9).
nocross(16,2).
nocross(17,5).
nocross(17,6).
nocross(17,9).
nocross(17,15).
