dimension(22).
point(1, -274499.0, -186816.0).
point(2, -18226.0, 487887.0).
point(3, 458135.0, -36248.0).
point(4, 244270.0, -89451.0).
point(5, -144258.0, -100123.0).
point(6, -252631.0, 90823.0).
point(7, -318619.0, -400840.0).
point(8, -43131.0, -45422.0).
point(9, 64463.0, -119684.0).
point(10, -291865.0, -291536.0).
point(11, -339949.0, 147283.0).
point(12, 230400.0, -68467.0).
point(13, 125552.0, 397160.0).
point(14, 142585.0, 98611.0).
point(15, 197602.0, 349660.0).
point(16, -23596.0, 181176.0).
point(17, -57767.0, -162437.0).
point(18, -121742.0, -10820.0).
point(19, -135832.0, 57372.0).
point(20, 77471.0, 148716.0).
point(21, 95558.0, 527776.0).
point(22, -365762.0, 155839.0).
cost(1, 2, 721734).
cost(1, 3, 747946).
cost(1, 4, 527827).
cost(1, 5, 156456).
cost(1, 6, 278499).
cost(1, 7, 218524).
cost(1, 8, 271152).
cost(1, 9, 345546).
cost(1, 10, 106150).
cost(1, 11, 340449).
cost(1, 12, 518584).
cost(1, 13, 707862).
cost(1, 14, 505398).
cost(1, 15, 714623).
cost(1, 16, 445388).
cost(1, 17, 218099).
cost(1, 18, 233044).
cost(1, 19, 280814).
cost(1, 20, 486276).
cost(1, 21, 804726).
cost(1, 22, 354600).
cost(2, 1, 721734).
cost(2, 3, 708264).
cost(2, 4, 634211).
cost(2, 5, 601365).
cost(2, 6, 461092).
cost(2, 7, 938121).
cost(2, 8, 533890).
cost(2, 9, 613172).
cost(2, 10, 826062).
cost(2, 11, 468526).
cost(2, 12, 609381).
cost(2, 13, 170010).
cost(2, 14, 421184).
cost(2, 15, 256298).
cost(2, 16, 306758).
cost(2, 17, 651525).
cost(2, 18, 509337).
cost(2, 19, 446290).
cost(2, 20, 352413).
cost(2, 21, 120573).
cost(2, 22, 480663).
cost(3, 1, 747946).
cost(3, 2, 708264).
cost(3, 4, 220383).
cost(3, 5, 605770).
cost(3, 6, 722036).
cost(3, 7, 858064).
cost(3, 8, 501350).
cost(3, 9, 402417).
cost(3, 10, 792258).
cost(3, 11, 818915).
cost(3, 12, 230003).
cost(3, 13, 546309).
cost(3, 14, 343160).
cost(3, 15, 465620).
cost(3, 16, 528524).
cost(3, 17, 531111).
cost(3, 18, 580434).
cost(3, 19, 601300).
cost(3, 20, 423222).
cost(3, 21, 670511).
cost(3, 22, 845993).
cost(4, 1, 527827).
cost(4, 2, 634211).
cost(4, 3, 220383).
cost(4, 5, 388675).
cost(4, 6, 528592).
cost(4, 7, 643278).
cost(4, 8, 290754).
cost(4, 9, 182331).
cost(4, 10, 572956).
cost(4, 11, 630361).
cost(4, 12, 25154).
cost(4, 13, 500883).
cost(4, 14, 213792).
cost(4, 15, 441584).
cost(4, 16, 380777).
cost(4, 17, 310730).
cost(4, 18, 374363).
cost(4, 19, 407473).
cost(4, 20, 290767).
cost(4, 21, 634889).
cost(4, 22, 657500).
cost(5, 1, 156456).
cost(5, 2, 601365).
cost(5, 3, 605770).
cost(5, 4, 388675).
cost(5, 6, 219557).
cost(5, 7, 347610).
cost(5, 8, 114973).
cost(5, 9, 209636).
cost(5, 10, 241716).
cost(5, 11, 315444).
cost(5, 12, 375993).
cost(5, 13, 565763).
cost(5, 14, 348961).
cost(5, 15, 564954).
cost(5, 16, 306086).
cost(5, 17, 106601).
cost(5, 18, 92098).
cost(5, 19, 157720).
cost(5, 20, 333294).
cost(5, 21, 672138).
cost(5, 22, 338498).
cost(6, 1, 278499).
cost(6, 2, 461092).
cost(6, 3, 722036).
cost(6, 4, 528592).
cost(6, 5, 219557).
cost(6, 7, 496071).
cost(6, 8, 249906).
cost(6, 9, 380607).
cost(6, 10, 384367).
cost(6, 11, 103982).
cost(6, 12, 508618).
cost(6, 13, 486688).
cost(6, 14, 395293).
cost(6, 15, 519333).
cost(6, 16, 246213).
cost(6, 17, 319551).
cost(6, 18, 165720).
cost(6, 19, 121495).
cost(6, 20, 335140).
cost(6, 21, 558716).
cost(6, 22, 130483).
cost(7, 1, 218524).
cost(7, 2, 938121).
cost(7, 3, 858064).
cost(7, 4, 643278).
cost(7, 5, 347610).
cost(7, 6, 496071).
cost(7, 8, 449684).
cost(7, 9, 475185).
cost(7, 10, 112531).
cost(7, 11, 548538).
cost(7, 12, 641789).
cost(7, 13, 913286).
cost(7, 14, 679824).
cost(7, 15, 910898).
cost(7, 16, 652519).
cost(7, 17, 353383).
cost(7, 18, 436894).
cost(7, 19, 493325).
cost(7, 20, 677421).
cost(7, 21, 1016794).
cost(7, 22, 558672).
cost(8, 1, 271152).
cost(8, 2, 533890).
cost(8, 3, 501350).
cost(8, 4, 290754).
cost(8, 5, 114973).
cost(8, 6, 249906).
cost(8, 7, 449684).
cost(8, 9, 130734).
cost(8, 10, 349915).
cost(8, 11, 353887).
cost(8, 12, 274500).
cost(8, 13, 473638).
cost(8, 14, 235023).
cost(8, 15, 462647).
cost(8, 16, 227438).
cost(8, 17, 117927).
cost(8, 18, 85889).
cost(8, 19, 138420).
cost(8, 20, 228548).
cost(8, 21, 589738).
cost(8, 22, 380259).
cost(9, 1, 345546).
cost(9, 2, 613172).
cost(9, 3, 402417).
cost(9, 4, 182331).
cost(9, 5, 209636).
cost(9, 6, 380607).
cost(9, 7, 475185).
cost(9, 8, 130734).
cost(9, 10, 395604).
cost(9, 11, 484583).
cost(9, 12, 173661).
cost(9, 13, 520442).
cost(9, 14, 231853).
cost(9, 15, 487862).
cost(9, 16, 313482).
cost(9, 17, 129491).
cost(9, 18, 215693).
cost(9, 19, 267333).
cost(9, 20, 268715).
cost(9, 21, 648206).
cost(9, 22, 510888).
cost(10, 1, 106150).
cost(10, 2, 826062).
cost(10, 3, 792258).
cost(10, 4, 572956).
cost(10, 5, 241716).
cost(10, 6, 384367).
cost(10, 7, 112531).
cost(10, 8, 349915).
cost(10, 9, 395604).
cost(10, 11, 441446).
cost(10, 12, 567909).
cost(10, 13, 805319).
cost(10, 14, 583919).
cost(10, 15, 806666).
cost(10, 16, 543530).
cost(10, 17, 267336).
cost(10, 18, 328243).
cost(10, 19, 382208).
cost(10, 20, 574657).
cost(10, 21, 906294).
cost(10, 22, 453437).
cost(11, 1, 340449).
cost(11, 2, 468526).
cost(11, 3, 818915).
cost(11, 4, 630361).
cost(11, 5, 315444).
cost(11, 6, 103982).
cost(11, 7, 548538).
cost(11, 8, 353887).
cost(11, 9, 484583).
cost(11, 10, 441446).
cost(11, 12, 609792).
cost(11, 13, 528327).
cost(11, 14, 484982).
cost(11, 15, 574384).
cost(11, 16, 318163).
cost(11, 17, 418991).
cost(11, 18, 269464).
cost(11, 19, 223042).
cost(11, 20, 417422).
cost(11, 21, 578309).
cost(11, 22, 27194).
cost(12, 1, 518584).
cost(12, 2, 609381).
cost(12, 3, 230003).
cost(12, 4, 25154).
cost(12, 5, 375993).
cost(12, 6, 508618).
cost(12, 7, 641789).
cost(12, 8, 274500).
cost(12, 9, 173661).
cost(12, 10, 567909).
cost(12, 11, 609792).
cost(12, 13, 477286).
cost(12, 14, 188750).
cost(12, 15, 419411).
cost(12, 16, 356140).
cost(12, 17, 303102).
cost(12, 18, 356829).
cost(12, 19, 387248).
cost(12, 20, 265623).
cost(12, 21, 611300).
cost(12, 22, 636963).
cost(13, 1, 707862).
cost(13, 2, 170010).
cost(13, 3, 546309).
cost(13, 4, 500883).
cost(13, 5, 565763).
cost(13, 6, 486688).
cost(13, 7, 913286).
cost(13, 8, 473638).
cost(13, 9, 520442).
cost(13, 10, 805319).
cost(13, 11, 528327).
cost(13, 12, 477286).
cost(13, 14, 299034).
cost(13, 15, 86299).
cost(13, 16, 262477).
cost(13, 17, 588859).
cost(13, 18, 477077).
cost(13, 19, 428693).
cost(13, 20, 253054).
cost(13, 21, 134016).
cost(13, 22, 547380).
cost(14, 1, 505398).
cost(14, 2, 421184).
cost(14, 3, 343160).
cost(14, 4, 213792).
cost(14, 5, 348961).
cost(14, 6, 395293).
cost(14, 7, 679824).
cost(14, 8, 235023).
cost(14, 9, 231853).
cost(14, 10, 583919).
cost(14, 11, 484982).
cost(14, 12, 188750).
cost(14, 13, 299034).
cost(14, 15, 257007).
cost(14, 16, 185562).
cost(14, 17, 329070).
cost(14, 18, 286084).
cost(14, 19, 281455).
cost(14, 20, 82160).
cost(14, 21, 431734).
cost(14, 22, 511558).
cost(15, 1, 714623).
cost(15, 2, 256298).
cost(15, 3, 465620).
cost(15, 4, 441584).
cost(15, 5, 564954).
cost(15, 6, 519333).
cost(15, 7, 910898).
cost(15, 8, 462647).
cost(15, 9, 487862).
cost(15, 10, 806666).
cost(15, 11, 574384).
cost(15, 12, 419411).
cost(15, 13, 86299).
cost(15, 14, 257007).
cost(15, 16, 278056).
cost(15, 17, 572238).
cost(15, 18, 481587).
cost(15, 19, 443408).
cost(15, 20, 234115).
cost(15, 21, 205276).
cost(15, 22, 595773).
cost(16, 1, 445388).
cost(16, 2, 306758).
cost(16, 3, 528524).
cost(16, 4, 380777).
cost(16, 5, 306086).
cost(16, 6, 246213).
cost(16, 7, 652519).
cost(16, 8, 227438).
cost(16, 9, 313482).
cost(16, 10, 543530).
cost(16, 11, 318163).
cost(16, 12, 356140).
cost(16, 13, 262477).
cost(16, 14, 185562).
cost(16, 15, 278056).
cost(16, 17, 345308).
cost(16, 18, 215627).
cost(16, 19, 167106).
cost(16, 20, 106152).
cost(16, 21, 366510).
cost(16, 22, 343103).
cost(17, 1, 218099).
cost(17, 2, 651525).
cost(17, 3, 531111).
cost(17, 4, 310730).
cost(17, 5, 106601).
cost(17, 6, 319551).
cost(17, 7, 353383).
cost(17, 8, 117927).
cost(17, 9, 129491).
cost(17, 10, 267336).
cost(17, 11, 418991).
cost(17, 12, 303102).
cost(17, 13, 588859).
cost(17, 14, 329070).
cost(17, 15, 572238).
cost(17, 16, 345308).
cost(17, 18, 164562).
cost(17, 19, 233260).
cost(17, 20, 339272).
cost(17, 21, 707038).
cost(17, 22, 442900).
cost(18, 1, 233044).
cost(18, 2, 509337).
cost(18, 3, 580434).
cost(18, 4, 374363).
cost(18, 5, 92098).
cost(18, 6, 165720).
cost(18, 7, 436894).
cost(18, 8, 85889).
cost(18, 9, 215693).
cost(18, 10, 328243).
cost(18, 11, 269464).
cost(18, 12, 356829).
cost(18, 13, 477077).
cost(18, 14, 286084).
cost(18, 15, 481587).
cost(18, 16, 215627).
cost(18, 17, 164562).
cost(18, 19, 69632).
cost(18, 20, 255221).
cost(18, 21, 580780).
cost(18, 22, 295501).
cost(19, 1, 280814).
cost(19, 2, 446290).
cost(19, 3, 601300).
cost(19, 4, 407473).
cost(19, 5, 157720).
cost(19, 6, 121495).
cost(19, 7, 493325).
cost(19, 8, 138420).
cost(19, 9, 267333).
cost(19, 10, 382208).
cost(19, 11, 223042).
cost(19, 12, 387248).
cost(19, 13, 428693).
cost(19, 14, 281455).
cost(19, 15, 443408).
cost(19, 16, 167106).
cost(19, 17, 233260).
cost(19, 18, 69632).
cost(19, 20, 232039).
cost(19, 21, 524234).
cost(19, 22, 250127).
cost(20, 1, 486276).
cost(20, 2, 352413).
cost(20, 3, 423222).
cost(20, 4, 290767).
cost(20, 5, 333294).
cost(20, 6, 335140).
cost(20, 7, 677421).
cost(20, 8, 228548).
cost(20, 9, 268715).
cost(20, 10, 574657).
cost(20, 11, 417422).
cost(20, 12, 265623).
cost(20, 13, 253054).
cost(20, 14, 82160).
cost(20, 15, 234115).
cost(20, 16, 106152).
cost(20, 17, 339272).
cost(20, 18, 255221).
cost(20, 19, 232039).
cost(20, 21, 379491).
cost(20, 22, 443290).
cost(21, 1, 804726).
cost(21, 2, 120573).
cost(21, 3, 670511).
cost(21, 4, 634889).
cost(21, 5, 672138).
cost(21, 6, 558716).
cost(21, 7, 1016794).
cost(21, 8, 589738).
cost(21, 9, 648206).
cost(21, 10, 906294).
cost(21, 11, 578309).
cost(21, 12, 611300).
cost(21, 13, 134016).
cost(21, 14, 431734).
cost(21, 15, 205276).
cost(21, 16, 366510).
cost(21, 17, 707038).
cost(21, 18, 580780).
cost(21, 19, 524234).
cost(21, 20, 379491).
cost(21, 22, 592582).
cost(22, 1, 354600).
cost(22, 2, 480663).
cost(22, 3, 845993).
cost(22, 4, 657500).
cost(22, 5, 338498).
cost(22, 6, 130483).
cost(22, 7, 558672).
cost(22, 8, 380259).
cost(22, 9, 510888).
cost(22, 10, 453437).
cost(22, 11, 27194).
cost(22, 12, 636963).
cost(22, 13, 547380).
cost(22, 14, 511558).
cost(22, 15, 595773).
cost(22, 16, 343103).
cost(22, 17, 442900).
cost(22, 18, 295501).
cost(22, 19, 250127).
cost(22, 20, 443290).
cost(22, 21, 592582).
