dimension(22).
point(1, -144082.0, 105271.0).
point(2, -143933.0, 203644.0).
point(3, 32811.0, 194911.0).
point(4, 10754.0, 143335.0).
point(5, 62275.0, -73393.0).
point(6, -239280.0, 321222.0).
point(7, 142470.0, -51305.0).
point(8, -140012.0, 144992.0).
point(9, -55479.0, 47862.0).
point(10, 148724.0, 269830.0).
point(11, 151160.0, -449933.0).
point(12, 88877.0, -66465.0).
point(13, 189189.0, -529227.0).
point(14, 259596.0, -147194.0).
point(15, 572182.0, 286688.0).
point(16, 339058.0, -115738.0).
point(17, 319160.0, 20145.0).
point(18, -332449.0, -75961.0).
point(19, 83982.0, -2311.0).
point(20, -250311.0, 86291.0).
point(21, -80037.0, -68868.0).
point(22, 322476.0, 230492.0).
cost(1, 2, 98373).
cost(1, 3, 198309).
cost(1, 4, 159446).
cost(1, 5, 272954).
cost(1, 6, 236003).
cost(1, 7, 326540).
cost(1, 8, 39929).
cost(1, 9, 105576).
cost(1, 10, 335879).
cost(1, 11, 628824).
cost(1, 12, 289419).
cost(1, 13, 716699).
cost(1, 14, 476124).
cost(1, 15, 738882).
cost(1, 16, 531290).
cost(1, 17, 470998).
cost(1, 18, 261395).
cost(1, 19, 252165).
cost(1, 20, 107911).
cost(1, 21, 185543).
cost(1, 22, 483070).
cost(2, 1, 98373).
cost(2, 3, 176960).
cost(2, 4, 166028).
cost(2, 5, 345357).
cost(2, 6, 151379).
cost(2, 7, 383439).
cost(2, 8, 58783).
cost(2, 9, 179143).
cost(2, 10, 300048).
cost(2, 11, 717107).
cost(2, 12, 356594).
cost(2, 13, 805028).
cost(2, 14, 534718).
cost(2, 15, 720914).
cost(2, 16, 579038).
cost(2, 17, 498123).
cost(2, 18, 337220).
cost(2, 19, 307185).
cost(2, 20, 158392).
cost(2, 21, 279903).
cost(2, 22, 467181).
cost(3, 1, 198309).
cost(3, 2, 176960).
cost(3, 4, 56095).
cost(3, 5, 269917).
cost(3, 6, 299980).
cost(3, 7, 269532).
cost(3, 8, 179888).
cost(3, 9, 171518).
cost(3, 10, 138017).
cost(3, 11, 655614).
cost(3, 12, 267322).
cost(3, 13, 740831).
cost(3, 14, 410448).
cost(3, 15, 547123).
cost(3, 16, 436222).
cost(3, 17, 335468).
cost(3, 18, 454738).
cost(3, 19, 203752).
cost(3, 20, 303243).
cost(3, 21, 286904).
cost(3, 22, 291842).
cost(4, 1, 159446).
cost(4, 2, 166028).
cost(4, 3, 56095).
cost(4, 5, 222768).
cost(4, 6, 306856).
cost(4, 7, 235019).
cost(4, 8, 150775).
cost(4, 9, 116198).
cost(4, 10, 187181).
cost(4, 11, 609656).
cost(4, 12, 223873).
cost(4, 13, 695829).
cost(4, 14, 382530).
cost(4, 15, 579441).
cost(4, 16, 418213).
cost(4, 17, 332099).
cost(4, 18, 407283).
cost(4, 19, 163019).
cost(4, 20, 267225).
cost(4, 21, 230810).
cost(4, 22, 323677).
cost(5, 1, 272954).
cost(5, 2, 345357).
cost(5, 3, 269917).
cost(5, 4, 222768).
cost(5, 6, 496645).
cost(5, 7, 83181).
cost(5, 8, 297678).
cost(5, 9, 169023).
cost(5, 10, 353943).
cost(5, 11, 386889).
cost(5, 12, 27489).
cost(5, 13, 473172).
cost(5, 14, 210671).
cost(5, 15, 624230).
cost(5, 16, 280003).
cost(5, 17, 273385).
cost(5, 18, 394732).
cost(5, 19, 74323).
cost(5, 20, 351011).
cost(5, 21, 142384).
cost(5, 22, 400063).
cost(6, 1, 236003).
cost(6, 2, 151379).
cost(6, 3, 299980).
cost(6, 4, 306856).
cost(6, 5, 496645).
cost(6, 7, 533394).
cost(6, 8, 202265).
cost(6, 9, 329406).
cost(6, 10, 391393).
cost(6, 11, 864363).
cost(6, 12, 507925).
cost(6, 13, 952286).
cost(6, 14, 684318).
cost(6, 15, 812197).
cost(6, 16, 724851).
cost(6, 17, 634431).
cost(6, 18, 407964).
cost(6, 19, 457353).
cost(6, 20, 235190).
cost(6, 21, 421341).
cost(6, 22, 569036).
cost(7, 1, 326540).
cost(7, 2, 383439).
cost(7, 3, 269532).
cost(7, 4, 235019).
cost(7, 5, 83181).
cost(7, 6, 533394).
cost(7, 8, 343989).
cost(7, 9, 221400).
cost(7, 10, 321196).
cost(7, 11, 398723).
cost(7, 12, 55696).
cost(7, 13, 480200).
cost(7, 14, 151371).
cost(7, 15, 546710).
cost(7, 16, 206878).
cost(7, 17, 190590).
cost(7, 18, 475559).
cost(7, 19, 76297).
cost(7, 20, 416185).
cost(7, 21, 223199).
cost(7, 22, 334383).
cost(8, 1, 39929).
cost(8, 2, 58783).
cost(8, 3, 179888).
cost(8, 4, 150775).
cost(8, 5, 297678).
cost(8, 6, 202265).
cost(8, 7, 343989).
cost(8, 9, 128764).
cost(8, 10, 314568).
cost(8, 11, 662357).
cost(8, 12, 311616).
cost(8, 13, 750296).
cost(8, 14, 495035).
cost(8, 15, 726153).
cost(8, 16, 545425).
cost(8, 17, 475842).
cost(8, 18, 293006).
cost(8, 19, 268089).
cost(8, 20, 124947).
cost(8, 21, 222111).
cost(8, 22, 470325).
cost(9, 1, 105576).
cost(9, 2, 179143).
cost(9, 3, 171518).
cost(9, 4, 116198).
cost(9, 5, 169023).
cost(9, 6, 329406).
cost(9, 7, 221400).
cost(9, 8, 128764).
cost(9, 10, 301610).
cost(9, 11, 538980).
cost(9, 12, 184145).
cost(9, 13, 626813).
cost(9, 14, 370566).
cost(9, 15, 671562).
cost(9, 16, 427112).
cost(9, 17, 375663).
cost(9, 18, 303388).
cost(9, 19, 148212).
cost(9, 20, 198586).
cost(9, 21, 119285).
cost(9, 22, 419766).
cost(10, 1, 335879).
cost(10, 2, 300048).
cost(10, 3, 138017).
cost(10, 4, 187181).
cost(10, 5, 353943).
cost(10, 6, 391393).
cost(10, 7, 321196).
cost(10, 8, 314568).
cost(10, 9, 301610).
cost(10, 11, 719767).
cost(10, 12, 341579).
cost(10, 13, 800081).
cost(10, 14, 431511).
cost(10, 15, 423793).
cost(10, 16, 429988).
cost(10, 17, 302309).
cost(10, 18, 592536).
cost(10, 19, 279736).
cost(10, 20, 439221).
cost(10, 21, 408715).
cost(10, 22, 178149).
cost(11, 1, 628824).
cost(11, 2, 717107).
cost(11, 3, 655614).
cost(11, 4, 609656).
cost(11, 5, 386889).
cost(11, 6, 864363).
cost(11, 7, 398723).
cost(11, 8, 662357).
cost(11, 9, 538980).
cost(11, 10, 719767).
cost(11, 12, 388493).
cost(11, 13, 87942).
cost(11, 14, 321573).
cost(11, 15, 848452).
cost(11, 16, 383395).
cost(11, 17, 499197).
cost(11, 18, 611337).
cost(11, 19, 452635).
cost(11, 20, 669862).
cost(11, 21, 445716).
cost(11, 22, 701660).
cost(12, 1, 289419).
cost(12, 2, 356594).
cost(12, 3, 267322).
cost(12, 4, 223873).
cost(12, 5, 27489).
cost(12, 6, 507925).
cost(12, 7, 55696).
cost(12, 8, 311616).
cost(12, 9, 184145).
cost(12, 10, 341579).
cost(12, 11, 388493).
cost(12, 13, 473509).
cost(12, 14, 188844).
cost(12, 15, 598582).
cost(12, 16, 254987).
cost(12, 17, 246032).
cost(12, 18, 421433).
cost(12, 19, 64340).
cost(12, 20, 371999).
cost(12, 21, 168931).
cost(12, 22, 377825).
cost(13, 1, 716699).
cost(13, 2, 805028).
cost(13, 3, 740831).
cost(13, 4, 695829).
cost(13, 5, 473172).
cost(13, 6, 952286).
cost(13, 7, 480200).
cost(13, 8, 750296).
cost(13, 9, 626813).
cost(13, 10, 800081).
cost(13, 11, 87942).
cost(13, 12, 473509).
cost(13, 14, 388467).
cost(13, 15, 901333).
cost(13, 16, 439811).
cost(13, 17, 564537).
cost(13, 18, 691054).
cost(13, 19, 537316).
cost(13, 20, 756322).
cost(13, 21, 533304).
cost(13, 22, 771322).
cost(14, 1, 476124).
cost(14, 2, 534718).
cost(14, 3, 410448).
cost(14, 4, 382530).
cost(14, 5, 210671).
cost(14, 6, 684318).
cost(14, 7, 151371).
cost(14, 8, 495035).
cost(14, 9, 370566).
cost(14, 10, 431511).
cost(14, 11, 321573).
cost(14, 12, 188844).
cost(14, 13, 388467).
cost(14, 15, 534756).
cost(14, 16, 85462).
cost(14, 17, 177624).
cost(14, 18, 596315).
cost(14, 19, 227665).
cost(14, 20, 560821).
cost(14, 21, 348548).
cost(14, 22, 382885).
cost(15, 1, 738882).
cost(15, 2, 720914).
cost(15, 3, 547123).
cost(15, 4, 579441).
cost(15, 5, 624230).
cost(15, 6, 812197).
cost(15, 7, 546710).
cost(15, 8, 726153).
cost(15, 9, 671562).
cost(15, 10, 423793).
cost(15, 11, 848452).
cost(15, 12, 598582).
cost(15, 13, 901333).
cost(15, 14, 534756).
cost(15, 16, 465074).
cost(15, 17, 367512).
cost(15, 18, 974614).
cost(15, 19, 567327).
cost(15, 20, 846554).
cost(15, 21, 742839).
cost(15, 22, 255951).
cost(16, 1, 531290).
cost(16, 2, 579038).
cost(16, 3, 436222).
cost(16, 4, 418213).
cost(16, 5, 280003).
cost(16, 6, 724851).
cost(16, 7, 206878).
cost(16, 8, 545425).
cost(16, 9, 427112).
cost(16, 10, 429988).
cost(16, 11, 383395).
cost(16, 12, 254987).
cost(16, 13, 439811).
cost(16, 14, 85462).
cost(16, 15, 465074).
cost(16, 17, 137332).
cost(16, 18, 672684).
cost(16, 19, 279158).
cost(16, 20, 623034).
cost(16, 21, 421708).
cost(16, 22, 346627).
cost(17, 1, 470998).
cost(17, 2, 498123).
cost(17, 3, 335468).
cost(17, 4, 332099).
cost(17, 5, 273385).
cost(17, 6, 634431).
cost(17, 7, 190590).
cost(17, 8, 475842).
cost(17, 9, 375663).
cost(17, 10, 302309).
cost(17, 11, 499197).
cost(17, 12, 246032).
cost(17, 13, 564537).
cost(17, 14, 177624).
cost(17, 15, 367512).
cost(17, 16, 137332).
cost(17, 18, 658658).
cost(17, 19, 236248).
cost(17, 20, 573300).
cost(17, 21, 409001).
cost(17, 22, 210373).
cost(18, 1, 261395).
cost(18, 2, 337220).
cost(18, 3, 454738).
cost(18, 4, 407283).
cost(18, 5, 394732).
cost(18, 6, 407964).
cost(18, 7, 475559).
cost(18, 8, 293006).
cost(18, 9, 303388).
cost(18, 10, 592536).
cost(18, 11, 611337).
cost(18, 12, 421433).
cost(18, 13, 691054).
cost(18, 14, 596315).
cost(18, 15, 974614).
cost(18, 16, 672684).
cost(18, 17, 658658).
cost(18, 19, 422894).
cost(18, 20, 181858).
cost(18, 21, 252512).
cost(18, 22, 723077).
cost(19, 1, 252165).
cost(19, 2, 307185).
cost(19, 3, 203752).
cost(19, 4, 163019).
cost(19, 5, 74323).
cost(19, 6, 457353).
cost(19, 7, 76297).
cost(19, 8, 268089).
cost(19, 9, 148212).
cost(19, 10, 279736).
cost(19, 11, 452635).
cost(19, 12, 64340).
cost(19, 13, 537316).
cost(19, 14, 227665).
cost(19, 15, 567327).
cost(19, 16, 279158).
cost(19, 17, 236248).
cost(19, 18, 422894).
cost(19, 20, 345835).
cost(19, 21, 177009).
cost(19, 22, 333282).
cost(20, 1, 107911).
cost(20, 2, 158392).
cost(20, 3, 303243).
cost(20, 4, 267225).
cost(20, 5, 351011).
cost(20, 6, 235190).
cost(20, 7, 416185).
cost(20, 8, 124947).
cost(20, 9, 198586).
cost(20, 10, 439221).
cost(20, 11, 669862).
cost(20, 12, 371999).
cost(20, 13, 756322).
cost(20, 14, 560821).
cost(20, 15, 846554).
cost(20, 16, 623034).
cost(20, 17, 573300).
cost(20, 18, 181858).
cost(20, 19, 345835).
cost(20, 21, 230364).
cost(20, 22, 590660).
cost(21, 1, 185543).
cost(21, 2, 279903).
cost(21, 3, 286904).
cost(21, 4, 230810).
cost(21, 5, 142384).
cost(21, 6, 421341).
cost(21, 7, 223199).
cost(21, 8, 222111).
cost(21, 9, 119285).
cost(21, 10, 408715).
cost(21, 11, 445716).
cost(21, 12, 168931).
cost(21, 13, 533304).
cost(21, 14, 348548).
cost(21, 15, 742839).
cost(21, 16, 421708).
cost(21, 17, 409001).
cost(21, 18, 252512).
cost(21, 19, 177009).
cost(21, 20, 230364).
cost(21, 22, 501630).
cost(22, 1, 483070).
cost(22, 2, 467181).
cost(22, 3, 291842).
cost(22, 4, 323677).
cost(22, 5, 400063).
cost(22, 6, 569036).
cost(22, 7, 334383).
cost(22, 8, 470325).
cost(22, 9, 419766).
cost(22, 10, 178149).
cost(22, 11, 701660).
cost(22, 12, 377825).
cost(22, 13, 771322).
cost(22, 14, 382885).
cost(22, 15, 255951).
cost(22, 16, 346627).
cost(22, 17, 210373).
cost(22, 18, 723077).
cost(22, 19, 333282).
cost(22, 20, 590660).
cost(22, 21, 501630).
