dimension(22).
point(1, -183818.0, 394319.0).
point(2, -289221.0, -339354.0).
point(3, -25530.0, -299868.0).
point(4, -211316.0, 10078.0).
point(5, 72823.0, -8154.0).
point(6, -17115.0, 113522.0).
point(7, -143938.0, -205923.0).
point(8, 114052.0, -97502.0).
point(9, 267265.0, 199857.0).
point(10, 60662.0, -96276.0).
point(11, 682307.0, 39683.0).
point(12, -360985.0, -358929.0).
point(13, 82756.0, 112077.0).
point(14, 20808.0, -115519.0).
point(15, -228242.0, -173276.0).
point(16, 127920.0, 231781.0).
point(17, 46302.0, -250346.0).
point(18, 2521.0, -127606.0).
point(19, -80003.0, -60149.0).
point(20, 57428.0, -21837.0).
point(21, -47346.0, -239941.0).
point(22, -328334.0, 82050.0).
cost(1, 2, 741206).
cost(1, 3, 712005).
cost(1, 4, 385224).
cost(1, 5, 477335).
cost(1, 6, 326553).
cost(1, 7, 601565).
cost(1, 8, 574991).
cost(1, 9, 491214).
cost(1, 10, 548137).
cost(1, 11, 935916).
cost(1, 12, 773803).
cost(1, 13, 388230).
cost(1, 14, 549369).
cost(1, 15, 569331).
cost(1, 16, 351567).
cost(1, 17, 684506).
cost(1, 18, 554191).
cost(1, 19, 466175).
cost(1, 20, 481025).
cost(1, 21, 648776).
cost(1, 22, 344088).
cost(2, 1, 741206).
cost(2, 3, 266631).
cost(2, 4, 358011).
cost(2, 5, 490682).
cost(2, 6, 528335).
cost(2, 7, 197259).
cost(2, 8, 470236).
cost(2, 9, 774871).
cost(2, 10, 426034).
cost(2, 11, 1042850).
cost(2, 12, 74386).
cost(2, 13, 584942).
cost(2, 14, 382387).
cost(2, 15, 176919).
cost(2, 16, 707249).
cost(2, 17, 347128).
cost(2, 18, 360487).
cost(2, 19, 348895).
cost(2, 20, 470088).
cost(2, 21, 261508).
cost(2, 22, 423215).
cost(3, 1, 712005).
cost(3, 2, 266631).
cost(3, 4, 361363).
cost(3, 5, 307848).
cost(3, 6, 413476).
cost(3, 7, 151149).
cost(3, 8, 245836).
cost(3, 9, 579184).
cost(3, 10, 221085).
cost(3, 11, 785066).
cost(3, 12, 340615).
cost(3, 13, 425940).
cost(3, 14, 190084).
cost(3, 15, 238993).
cost(3, 16, 553351).
cost(3, 17, 87248).
cost(3, 18, 174531).
cost(3, 19, 245830).
cost(3, 20, 290144).
cost(3, 21, 63774).
cost(3, 22, 487393).
cost(4, 1, 385224).
cost(4, 2, 358011).
cost(4, 3, 361363).
cost(4, 5, 284723).
cost(4, 6, 220033).
cost(4, 7, 226266).
cost(4, 8, 342692).
cost(4, 9, 514836).
cost(4, 10, 292033).
cost(4, 11, 894113).
cost(4, 12, 398205).
cost(4, 13, 311259).
cost(4, 14, 263925).
cost(4, 15, 184134).
cost(4, 16, 405257).
cost(4, 17, 366316).
cost(4, 18, 254329).
cost(4, 19, 148913).
cost(4, 20, 270632).
cost(4, 21, 298991).
cost(4, 22, 137380).
cost(5, 1, 477335).
cost(5, 2, 490682).
cost(5, 3, 307848).
cost(5, 4, 284723).
cost(5, 6, 151307).
cost(5, 7, 293424).
cost(5, 8, 98402).
cost(5, 9, 284739).
cost(5, 10, 88957).
cost(5, 11, 611358).
cost(5, 12, 557882).
cost(5, 13, 120641).
cost(5, 14, 119301).
cost(5, 15, 343374).
cost(5, 16, 246180).
cost(5, 17, 243640).
cost(5, 18, 138604).
cost(5, 19, 161429).
cost(5, 20, 20597).
cost(5, 21, 261086).
cost(5, 22, 411174).
cost(6, 1, 326553).
cost(6, 2, 528335).
cost(6, 3, 413476).
cost(6, 4, 220033).
cost(6, 5, 151307).
cost(6, 7, 343699).
cost(6, 8, 248467).
cost(6, 9, 297196).
cost(6, 10, 223751).
cost(6, 11, 703309).
cost(6, 12, 584343).
cost(6, 13, 99881).
cost(6, 14, 232159).
cost(6, 15, 356129).
cost(6, 16, 187137).
cost(6, 17, 369353).
cost(6, 18, 241926).
cost(6, 19, 184707).
cost(6, 20, 154527).
cost(6, 21, 354753).
cost(6, 22, 312806).
cost(7, 1, 601565).
cost(7, 2, 197259).
cost(7, 3, 151149).
cost(7, 4, 226266).
cost(7, 5, 293424).
cost(7, 6, 343699).
cost(7, 8, 279846).
cost(7, 9, 577707).
cost(7, 10, 232128).
cost(7, 11, 861976).
cost(7, 12, 265556).
cost(7, 13, 390531).
cost(7, 14, 187921).
cost(7, 15, 90405).
cost(7, 16, 515259).
cost(7, 17, 195358).
cost(7, 18, 166084).
cost(7, 19, 159178).
cost(7, 20, 272829).
cost(7, 21, 102407).
cost(7, 22, 341951).
cost(8, 1, 574991).
cost(8, 2, 470236).
cost(8, 3, 245836).
cost(8, 4, 342692).
cost(8, 5, 98402).
cost(8, 6, 248467).
cost(8, 7, 279846).
cost(8, 9, 334509).
cost(8, 10, 53404).
cost(8, 11, 584580).
cost(8, 12, 542222).
cost(8, 13, 211903).
cost(8, 14, 94969).
cost(8, 15, 350581).
cost(8, 16, 329575).
cost(8, 17, 167187).
cost(8, 18, 115522).
cost(8, 19, 197617).
cost(8, 20, 94506).
cost(8, 21, 215263).
cost(8, 22, 477435).
cost(9, 1, 491214).
cost(9, 2, 774871).
cost(9, 3, 579184).
cost(9, 4, 514836).
cost(9, 5, 284739).
cost(9, 6, 297196).
cost(9, 7, 577707).
cost(9, 8, 334509).
cost(9, 10, 361081).
cost(9, 11, 444877).
cost(9, 12, 840797).
cost(9, 13, 204325).
cost(9, 14, 400254).
cost(9, 15, 620287).
cost(9, 16, 142955).
cost(9, 17, 501505).
cost(9, 18, 421095).
cost(9, 19, 433818).
cost(9, 20, 305254).
cost(9, 21, 540742).
cost(9, 22, 607138).
cost(10, 1, 548137).
cost(10, 2, 426034).
cost(10, 3, 221085).
cost(10, 4, 292033).
cost(10, 5, 88957).
cost(10, 6, 223751).
cost(10, 7, 232128).
cost(10, 8, 53404).
cost(10, 9, 361081).
cost(10, 11, 636339).
cost(10, 12, 496762).
cost(10, 13, 209521).
cost(10, 14, 44256).
cost(10, 15, 298989).
cost(10, 16, 334881).
cost(10, 17, 154738).
cost(10, 18, 66045).
cost(10, 19, 145230).
cost(10, 20, 74509).
cost(10, 21, 179737).
cost(10, 22, 427923).
cost(11, 1, 935916).
cost(11, 2, 1042850).
cost(11, 3, 785066).
cost(11, 4, 894113).
cost(11, 5, 611358).
cost(11, 6, 703309).
cost(11, 7, 861976).
cost(11, 8, 584580).
cost(11, 9, 444877).
cost(11, 10, 636339).
cost(11, 12, 1116848).
cost(11, 13, 603906).
cost(11, 14, 679462).
cost(11, 15, 935121).
cost(11, 16, 586725).
cost(11, 17, 699013).
cost(11, 18, 700068).
cost(11, 19, 768819).
cost(11, 20, 627900).
cost(11, 21, 781398).
cost(11, 22, 1011529).
cost(12, 1, 773803).
cost(12, 2, 74386).
cost(12, 3, 340615).
cost(12, 4, 398205).
cost(12, 5, 557882).
cost(12, 6, 584343).
cost(12, 7, 265556).
cost(12, 8, 542222).
cost(12, 9, 840797).
cost(12, 10, 496762).
cost(12, 11, 1116848).
cost(12, 13, 647111).
cost(12, 14, 452785).
cost(12, 15, 228227).
cost(12, 16, 766790).
cost(12, 17, 421513).
cost(12, 18, 430868).
cost(12, 19, 410147).
cost(12, 20, 537309).
cost(12, 21, 335451).
cost(12, 22, 442186).
cost(13, 1, 388230).
cost(13, 2, 584942).
cost(13, 3, 425940).
cost(13, 4, 311259).
cost(13, 5, 120641).
cost(13, 6, 99881).
cost(13, 7, 390531).
cost(13, 8, 211903).
cost(13, 9, 204325).
cost(13, 10, 209521).
cost(13, 11, 603906).
cost(13, 12, 647111).
cost(13, 14, 235876).
cost(13, 15, 422074).
cost(13, 16, 127941).
cost(13, 17, 364252).
cost(13, 18, 252756).
cost(13, 19, 236965).
cost(13, 20, 136288).
cost(13, 21, 375291).
cost(13, 22, 412185).
cost(14, 1, 549369).
cost(14, 2, 382387).
cost(14, 3, 190084).
cost(14, 4, 263925).
cost(14, 5, 119301).
cost(14, 6, 232159).
cost(14, 7, 187921).
cost(14, 8, 94969).
cost(14, 9, 400254).
cost(14, 10, 44256).
cost(14, 11, 679462).
cost(14, 12, 452785).
cost(14, 13, 235876).
cost(14, 15, 255659).
cost(14, 16, 363442).
cost(14, 17, 137216).
cost(14, 18, 21921).
cost(14, 19, 115016).
cost(14, 20, 100585).
cost(14, 21, 141865).
cost(14, 22, 401165).
cost(15, 1, 569331).
cost(15, 2, 176919).
cost(15, 3, 238993).
cost(15, 4, 184134).
cost(15, 5, 343374).
cost(15, 6, 356129).
cost(15, 7, 90405).
cost(15, 8, 350581).
cost(15, 9, 620287).
cost(15, 10, 298989).
cost(15, 11, 935121).
cost(15, 12, 228227).
cost(15, 13, 422074).
cost(15, 14, 255659).
cost(15, 16, 539372).
cost(15, 17, 285156).
cost(15, 18, 235239).
cost(15, 19, 186474).
cost(15, 20, 323328).
cost(15, 21, 192789).
cost(15, 22, 274244).
cost(16, 1, 351567).
cost(16, 2, 707249).
cost(16, 3, 553351).
cost(16, 4, 405257).
cost(16, 5, 246180).
cost(16, 6, 187137).
cost(16, 7, 515259).
cost(16, 8, 329575).
cost(16, 9, 142955).
cost(16, 10, 334881).
cost(16, 11, 586725).
cost(16, 12, 766790).
cost(16, 13, 127941).
cost(16, 14, 363442).
cost(16, 15, 539372).
cost(16, 17, 488987).
cost(16, 18, 380636).
cost(16, 19, 358406).
cost(16, 20, 263232).
cost(16, 21, 503229).
cost(16, 22, 480195).
cost(17, 1, 684506).
cost(17, 2, 347128).
cost(17, 3, 87248).
cost(17, 4, 366316).
cost(17, 5, 243640).
cost(17, 6, 369353).
cost(17, 7, 195358).
cost(17, 8, 167187).
cost(17, 9, 501505).
cost(17, 10, 154738).
cost(17, 11, 699013).
cost(17, 12, 421513).
cost(17, 13, 364252).
cost(17, 14, 137216).
cost(17, 15, 285156).
cost(17, 16, 488987).
cost(17, 18, 130315).
cost(17, 19, 228315).
cost(17, 20, 228780).
cost(17, 21, 94224).
cost(17, 22, 500839).
cost(18, 1, 554191).
cost(18, 2, 360487).
cost(18, 3, 174531).
cost(18, 4, 254329).
cost(18, 5, 138604).
cost(18, 6, 241926).
cost(18, 7, 166084).
cost(18, 8, 115522).
cost(18, 9, 421095).
cost(18, 10, 66045).
cost(18, 11, 700068).
cost(18, 12, 430868).
cost(18, 13, 252756).
cost(18, 14, 21921).
cost(18, 15, 235239).
cost(18, 16, 380636).
cost(18, 17, 130315).
cost(18, 19, 106586).
cost(18, 20, 119172).
cost(18, 21, 122906).
cost(18, 22, 391690).
cost(19, 1, 466175).
cost(19, 2, 348895).
cost(19, 3, 245830).
cost(19, 4, 148913).
cost(19, 5, 161429).
cost(19, 6, 184707).
cost(19, 7, 159178).
cost(19, 8, 197617).
cost(19, 9, 433818).
cost(19, 10, 145230).
cost(19, 11, 768819).
cost(19, 12, 410147).
cost(19, 13, 236965).
cost(19, 14, 115016).
cost(19, 15, 186474).
cost(19, 16, 358406).
cost(19, 17, 228315).
cost(19, 18, 106586).
cost(19, 20, 142671).
cost(19, 21, 182734).
cost(19, 22, 286162).
cost(20, 1, 481025).
cost(20, 2, 470088).
cost(20, 3, 290144).
cost(20, 4, 270632).
cost(20, 5, 20597).
cost(20, 6, 154527).
cost(20, 7, 272829).
cost(20, 8, 94506).
cost(20, 9, 305254).
cost(20, 10, 74509).
cost(20, 11, 627900).
cost(20, 12, 537309).
cost(20, 13, 136288).
cost(20, 14, 100585).
cost(20, 15, 323328).
cost(20, 16, 263232).
cost(20, 17, 228780).
cost(20, 18, 119172).
cost(20, 19, 142671).
cost(20, 21, 241965).
cost(20, 22, 399506).
cost(21, 1, 648776).
cost(21, 2, 261508).
cost(21, 3, 63774).
cost(21, 4, 298991).
cost(21, 5, 261086).
cost(21, 6, 354753).
cost(21, 7, 102407).
cost(21, 8, 215263).
cost(21, 9, 540742).
cost(21, 10, 179737).
cost(21, 11, 781398).
cost(21, 12, 335451).
cost(21, 13, 375291).
cost(21, 14, 141865).
cost(21, 15, 192789).
cost(21, 16, 503229).
cost(21, 17, 94224).
cost(21, 18, 122906).
cost(21, 19, 182734).
cost(21, 20, 241965).
cost(21, 22, 427355).
cost(22, 1, 344088).
cost(22, 2, 423215).
cost(22, 3, 487393).
cost(22, 4, 137380).
cost(22, 5, 411174).
cost(22, 6, 312806).
cost(22, 7, 341951).
cost(22, 8, 477435).
cost(22, 9, 607138).
cost(22, 10, 427923).
cost(22, 11, 1011529).
cost(22, 12, 442186).
cost(22, 13, 412185).
cost(22, 14, 401165).
cost(22, 15, 274244).
cost(22, 16, 480195).
cost(22, 17, 500839).
cost(22, 18, 391690).
cost(22, 19, 286162).
cost(22, 20, 399506).
cost(22, 21, 427355).
