dimension(22).
point(1, 309698.0, -88018.0).
point(2, -122137.0, -23335.0).
point(3, -585815.0, 240749.0).
point(4, 176800.0, 39091.0).
point(5, 107331.0, 420107.0).
point(6, -99169.0, -257747.0).
point(7, 4287.0, 10063.0).
point(8, -60806.0, -821669.0).
point(9, 106935.0, 218343.0).
point(10, 134235.0, -120692.0).
point(11, -134933.0, 28753.0).
point(12, 87554.0, -153322.0).
point(13, -225244.0, -126665.0).
point(14, -156111.0, 87166.0).
point(15, 441218.0, -409801.0).
point(16, 121470.0, -178557.0).
point(17, 187461.0, 177814.0).
point(18, 73893.0, 151265.0).
point(19, -98932.0, -233585.0).
point(20, 135892.0, -198947.0).
point(21, -119721.0, 212230.0).
point(22, -152157.0, -458284.0).
cost(1, 2, 436652).
cost(1, 3, 953956).
cost(1, 4, 183898).
cost(1, 5, 546940).
cost(1, 6, 442696).
cost(1, 7, 320774).
cost(1, 8, 821898).
cost(1, 9, 367382).
cost(1, 10, 178479).
cost(1, 11, 459709).
cost(1, 12, 231544).
cost(1, 13, 536336).
cost(1, 14, 497662).
cost(1, 15, 347623).
cost(1, 16, 208871).
cost(1, 17, 292589).
cost(1, 18, 335947).
cost(1, 19, 433784).
cost(1, 20, 206189).
cost(1, 21, 523975).
cost(1, 22, 591952).
cost(2, 1, 436652).
cost(2, 3, 533608).
cost(2, 4, 305386).
cost(2, 5, 499296).
cost(2, 6, 235535).
cost(2, 7, 130761).
cost(2, 8, 800686).
cost(2, 9, 332990).
cost(2, 10, 274235).
cost(2, 11, 53637).
cost(2, 12, 246712).
cost(2, 13, 145973).
cost(2, 14, 115606).
cost(2, 15, 683173).
cost(2, 16, 288857).
cost(2, 17, 369204).
cost(2, 18, 262513).
cost(2, 19, 211527).
cost(2, 20, 312119).
cost(2, 21, 235577).
cost(2, 22, 435984).
cost(3, 1, 953956).
cost(3, 2, 533608).
cost(3, 4, 788827).
cost(3, 5, 715975).
cost(3, 6, 696651).
cost(3, 7, 633590).
cost(3, 8, 1185060).
cost(3, 9, 693112).
cost(3, 10, 805675).
cost(3, 11, 498234).
cost(3, 12, 780204).
cost(3, 13, 514786).
cost(3, 14, 456326).
cost(3, 15, 1215735).
cost(3, 16, 822235).
cost(3, 17, 775833).
cost(3, 18, 665749).
cost(3, 19, 679741).
cost(3, 20, 845100).
cost(3, 21, 466966).
cost(3, 22, 822622).
cost(4, 1, 183898).
cost(4, 2, 305386).
cost(4, 3, 788827).
cost(4, 5, 387297).
cost(4, 6, 405304).
cost(4, 7, 174938).
cost(4, 8, 892953).
cost(4, 9, 192386).
cost(4, 10, 165355).
cost(4, 11, 311904).
cost(4, 12, 212103).
cost(4, 13, 434873).
cost(4, 14, 336364).
cost(4, 15, 520981).
cost(4, 16, 224571).
cost(4, 17, 139132).
cost(4, 18, 152226).
cost(4, 19, 387789).
cost(4, 20, 241528).
cost(4, 21, 343368).
cost(4, 22, 596318).
cost(5, 1, 546940).
cost(5, 2, 499296).
cost(5, 3, 715975).
cost(5, 4, 387297).
cost(5, 6, 708610).
cost(5, 7, 422793).
cost(5, 8, 1253107).
cost(5, 9, 201764).
cost(5, 10, 541468).
cost(5, 11, 460271).
cost(5, 12, 573770).
cost(5, 13, 639973).
cost(5, 14, 424560).
cost(5, 15, 894555).
cost(5, 16, 598831).
cost(5, 17, 255199).
cost(5, 18, 270913).
cost(5, 19, 685462).
cost(5, 20, 619713).
cost(5, 21, 307840).
cost(5, 22, 915917).
cost(6, 1, 442696).
cost(6, 2, 235535).
cost(6, 3, 696651).
cost(6, 4, 405304).
cost(6, 5, 708610).
cost(6, 7, 287098).
cost(6, 8, 565225).
cost(6, 9, 518788).
cost(6, 10, 270669).
cost(6, 11, 288724).
cost(6, 12, 213939).
cost(6, 13, 181872).
cost(6, 14, 349582).
cost(6, 15, 561372).
cost(6, 16, 234420).
cost(6, 17, 521412).
cost(6, 18, 444119).
cost(6, 19, 24163).
cost(6, 20, 242304).
cost(6, 21, 470426).
cost(6, 22, 207419).
cost(7, 1, 320774).
cost(7, 2, 130761).
cost(7, 3, 633590).
cost(7, 4, 174938).
cost(7, 5, 422793).
cost(7, 6, 287098).
cost(7, 8, 834275).
cost(7, 9, 232201).
cost(7, 10, 184346).
cost(7, 11, 140469).
cost(7, 12, 183380).
cost(7, 13, 267169).
cost(7, 14, 177967).
cost(7, 15, 605966).
cost(7, 16, 222057).
cost(7, 17, 248381).
cost(7, 18, 157426).
cost(7, 19, 264610).
cost(7, 20, 246992).
cost(7, 21, 237170).
cost(7, 22, 493785).
cost(8, 1, 821898).
cost(8, 2, 800686).
cost(8, 3, 1185060).
cost(8, 4, 892953).
cost(8, 5, 1253107).
cost(8, 6, 565225).
cost(8, 7, 834275).
cost(8, 9, 1053452).
cost(8, 10, 727605).
cost(8, 11, 853647).
cost(8, 12, 684616).
cost(8, 13, 714192).
cost(8, 14, 913818).
cost(8, 15, 649356).
cost(8, 16, 668444).
cost(8, 17, 1029856).
cost(8, 18, 982214).
cost(8, 19, 589319).
cost(8, 20, 653049).
cost(8, 21, 1035576).
cost(8, 22, 374691).
cost(9, 1, 367382).
cost(9, 2, 332990).
cost(9, 3, 693112).
cost(9, 4, 192386).
cost(9, 5, 201764).
cost(9, 6, 518788).
cost(9, 7, 232201).
cost(9, 8, 1053452).
cost(9, 10, 340132).
cost(9, 11, 307318).
cost(9, 12, 372170).
cost(9, 13, 478929).
cost(9, 14, 293940).
cost(9, 15, 711555).
cost(9, 16, 397166).
cost(9, 17, 90150).
cost(9, 18, 74775).
cost(9, 19, 496609).
cost(9, 20, 418293).
cost(9, 21, 226738).
cost(9, 22, 724536).
cost(10, 1, 178479).
cost(10, 2, 274235).
cost(10, 3, 805675).
cost(10, 4, 165355).
cost(10, 5, 541468).
cost(10, 6, 270669).
cost(10, 7, 184346).
cost(10, 8, 727605).
cost(10, 9, 340132).
cost(10, 11, 307872).
cost(10, 12, 56955).
cost(10, 13, 359529).
cost(10, 14, 357079).
cost(10, 15, 421690).
cost(10, 16, 59256).
cost(10, 17, 303214).
cost(10, 18, 278571).
cost(10, 19, 259059).
cost(10, 20, 78273).
cost(10, 21, 418725).
cost(10, 22, 442706).
cost(11, 1, 459709).
cost(11, 2, 53637).
cost(11, 3, 498234).
cost(11, 4, 311904).
cost(11, 5, 460271).
cost(11, 6, 288724).
cost(11, 7, 140469).
cost(11, 8, 853647).
cost(11, 9, 307318).
cost(11, 10, 307872).
cost(11, 12, 287492).
cost(11, 13, 179752).
cost(11, 14, 62134).
cost(11, 15, 724072).
cost(11, 16, 329727).
cost(11, 17, 355186).
cost(11, 18, 242110).
cost(11, 19, 264797).
cost(11, 20, 353827).
cost(11, 21, 184107).
cost(11, 22, 487341).
cost(12, 1, 231544).
cost(12, 2, 246712).
cost(12, 3, 780204).
cost(12, 4, 212103).
cost(12, 5, 573770).
cost(12, 6, 213939).
cost(12, 7, 183380).
cost(12, 8, 684616).
cost(12, 9, 372170).
cost(12, 10, 56955).
cost(12, 11, 287492).
cost(12, 13, 313932).
cost(12, 14, 342355).
cost(12, 15, 436875).
cost(12, 16, 42274).
cost(12, 17, 345879).
cost(12, 18, 304893).
cost(12, 19, 203025).
cost(12, 20, 66470).
cost(12, 21, 420228).
cost(12, 22, 387896).
cost(13, 1, 536336).
cost(13, 2, 145973).
cost(13, 3, 514786).
cost(13, 4, 434873).
cost(13, 5, 639973).
cost(13, 6, 181872).
cost(13, 7, 267169).
cost(13, 8, 714192).
cost(13, 9, 478929).
cost(13, 10, 359529).
cost(13, 11, 179752).
cost(13, 12, 313932).
cost(13, 14, 224729).
cost(13, 15, 724112).
cost(13, 16, 350576).
cost(13, 17, 512867).
cost(13, 18, 408323).
cost(13, 19, 165489).
cost(13, 20, 368299).
cost(13, 21, 354944).
cost(13, 22, 339577).
cost(14, 1, 497662).
cost(14, 2, 115606).
cost(14, 3, 456326).
cost(14, 4, 336364).
cost(14, 5, 424560).
cost(14, 6, 349582).
cost(14, 7, 177967).
cost(14, 8, 913818).
cost(14, 9, 293940).
cost(14, 10, 357079).
cost(14, 11, 62134).
cost(14, 12, 342355).
cost(14, 13, 224729).
cost(14, 15, 777032).
cost(14, 16, 384265).
cost(14, 17, 355329).
cost(14, 18, 238769).
cost(14, 19, 325808).
cost(14, 20, 408811).
cost(14, 21, 130251).
cost(14, 22, 545464).
cost(15, 1, 347623).
cost(15, 2, 683173).
cost(15, 3, 1215735).
cost(15, 4, 520981).
cost(15, 5, 894555).
cost(15, 6, 561372).
cost(15, 7, 605966).
cost(15, 8, 649356).
cost(15, 9, 711555).
cost(15, 10, 421690).
cost(15, 11, 724072).
cost(15, 12, 436875).
cost(15, 13, 724112).
cost(15, 14, 777032).
cost(15, 16, 394604).
cost(15, 17, 640066).
cost(15, 18, 670614).
cost(15, 19, 568167).
cost(15, 20, 371057).
cost(15, 21, 837601).
cost(15, 22, 595352).
cost(16, 1, 208871).
cost(16, 2, 288857).
cost(16, 3, 822235).
cost(16, 4, 224571).
cost(16, 5, 598831).
cost(16, 6, 234420).
cost(16, 7, 222057).
cost(16, 8, 668444).
cost(16, 9, 397166).
cost(16, 10, 59256).
cost(16, 11, 329727).
cost(16, 12, 42274).
cost(16, 13, 350576).
cost(16, 14, 384265).
cost(16, 15, 394604).
cost(16, 17, 362429).
cost(16, 18, 333236).
cost(16, 19, 227168).
cost(16, 20, 24975).
cost(16, 21, 459225).
cost(16, 22, 391304).
cost(17, 1, 292589).
cost(17, 2, 369204).
cost(17, 3, 775833).
cost(17, 4, 139132).
cost(17, 5, 255199).
cost(17, 6, 521412).
cost(17, 7, 248381).
cost(17, 8, 1029856).
cost(17, 9, 90150).
cost(17, 10, 303214).
cost(17, 11, 355186).
cost(17, 12, 345879).
cost(17, 13, 512867).
cost(17, 14, 355329).
cost(17, 15, 640066).
cost(17, 16, 362429).
cost(17, 18, 116630).
cost(17, 19, 501268).
cost(17, 20, 380274).
cost(17, 21, 309104).
cost(17, 22, 721083).
cost(18, 1, 335947).
cost(18, 2, 262513).
cost(18, 3, 665749).
cost(18, 4, 152226).
cost(18, 5, 270913).
cost(18, 6, 444119).
cost(18, 7, 157426).
cost(18, 8, 982214).
cost(18, 9, 74775).
cost(18, 10, 278571).
cost(18, 11, 242110).
cost(18, 12, 304893).
cost(18, 13, 408323).
cost(18, 14, 238769).
cost(18, 15, 670614).
cost(18, 16, 333236).
cost(18, 17, 116630).
cost(18, 19, 421874).
cost(18, 20, 355658).
cost(18, 21, 202985).
cost(18, 22, 650114).
cost(19, 1, 433784).
cost(19, 2, 211527).
cost(19, 3, 679741).
cost(19, 4, 387789).
cost(19, 5, 685462).
cost(19, 6, 24163).
cost(19, 7, 264610).
cost(19, 8, 589319).
cost(19, 9, 496609).
cost(19, 10, 259059).
cost(19, 11, 264797).
cost(19, 12, 203025).
cost(19, 13, 165489).
cost(19, 14, 325808).
cost(19, 15, 568167).
cost(19, 16, 227168).
cost(19, 17, 501268).
cost(19, 18, 421874).
cost(19, 20, 237365).
cost(19, 21, 446299).
cost(19, 22, 230917).
cost(20, 1, 206189).
cost(20, 2, 312119).
cost(20, 3, 845100).
cost(20, 4, 241528).
cost(20, 5, 619713).
cost(20, 6, 242304).
cost(20, 7, 246992).
cost(20, 8, 653049).
cost(20, 9, 418293).
cost(20, 10, 78273).
cost(20, 11, 353827).
cost(20, 12, 66470).
cost(20, 13, 368299).
cost(20, 14, 408811).
cost(20, 15, 371057).
cost(20, 16, 24975).
cost(20, 17, 380274).
cost(20, 18, 355658).
cost(20, 19, 237365).
cost(20, 21, 484153).
cost(20, 22, 387592).
cost(21, 1, 523975).
cost(21, 2, 235577).
cost(21, 3, 466966).
cost(21, 4, 343368).
cost(21, 5, 307840).
cost(21, 6, 470426).
cost(21, 7, 237170).
cost(21, 8, 1035576).
cost(21, 9, 226738).
cost(21, 10, 418725).
cost(21, 11, 184107).
cost(21, 12, 420228).
cost(21, 13, 354944).
cost(21, 14, 130251).
cost(21, 15, 837601).
cost(21, 16, 459225).
cost(21, 17, 309104).
cost(21, 18, 202985).
cost(21, 19, 446299).
cost(21, 20, 484153).
cost(21, 22, 671298).
cost(22, 1, 591952).
cost(22, 2, 435984).
cost(22, 3, 822622).
cost(22, 4, 596318).
cost(22, 5, 915917).
cost(22, 6, 207419).
cost(22, 7, 493785).
cost(22, 8, 374691).
cost(22, 9, 724536).
cost(22, 10, 442706).
cost(22, 11, 487341).
cost(22, 12, 387896).
cost(22, 13, 339577).
cost(22, 14, 545464).
cost(22, 15, 595352).
cost(22, 16, 391304).
cost(22, 17, 721083).
cost(22, 18, 650114).
cost(22, 19, 230917).
cost(22, 20, 387592).
cost(22, 21, 671298).
