dimension(18).
point(1, -159289.0, 116381.0).
point(2, -159124.0, 225137.0).
point(3, 36274.0, 215482.0).
point(4, 11889.0, 158463.0).
point(5, 68847.0, -81139.0).
point(6, -264534.0, 355125.0).
point(7, 157507.0, -56719.0).
point(8, -154789.0, 160295.0).
point(9, -61335.0, 52913.0).
point(10, 164421.0, 298308.0).
point(11, 167114.0, -497419.0).
point(12, 98257.0, -73479.0).
point(13, 209157.0, -585082.0).
point(14, 286994.0, -162730.0).
point(15, 632571.0, 316946.0).
point(16, 374842.0, -127953.0).
point(17, 352845.0, 22271.0).
point(18, -367537.0, -83979.0).
cost(1, 2, 108756).
cost(1, 3, 219239).
cost(1, 4, 176275).
cost(1, 5, 301762).
cost(1, 6, 260912).
cost(1, 7, 361003).
cost(1, 8, 44144).
cost(1, 9, 116718).
cost(1, 10, 371329).
cost(1, 11, 695190).
cost(1, 12, 319964).
cost(1, 13, 792340).
cost(1, 14, 526376).
cost(1, 15, 816865).
cost(1, 16, 587363).
cost(1, 17, 520709).
cost(1, 18, 288983).
cost(2, 1, 108756).
cost(2, 3, 195636).
cost(2, 4, 183551).
cost(2, 5, 381806).
cost(2, 6, 167356).
cost(2, 7, 423908).
cost(2, 8, 64987).
cost(2, 9, 198050).
cost(2, 10, 331716).
cost(2, 11, 792792).
cost(2, 12, 394229).
cost(2, 13, 889992).
cost(2, 14, 591153).
cost(2, 15, 797001).
cost(2, 16, 640150).
cost(2, 17, 550697).
cost(2, 18, 372812).
cost(3, 1, 219239).
cost(3, 2, 195636).
cost(3, 4, 62014).
cost(3, 5, 298404).
cost(3, 6, 331641).
cost(3, 7, 297978).
cost(3, 8, 198874).
cost(3, 9, 189621).
cost(3, 10, 152584).
cost(3, 11, 724808).
cost(3, 12, 295534).
cost(3, 13, 819018).
cost(3, 14, 453767).
cost(3, 15, 604868).
cost(3, 16, 482261).
cost(3, 17, 370874).
cost(3, 18, 502733).
cost(4, 1, 176275).
cost(4, 2, 183551).
cost(4, 3, 62014).
cost(4, 5, 246279).
cost(4, 6, 339243).
cost(4, 7, 259823).
cost(4, 8, 166688).
cost(4, 9, 128462).
cost(4, 10, 206936).
cost(4, 11, 674000).
cost(4, 12, 247501).
cost(4, 13, 769268).
cost(4, 14, 422904).
cost(4, 15, 640596).
cost(4, 16, 462352).
cost(4, 17, 367150).
cost(4, 18, 450269).
cost(5, 1, 301762).
cost(5, 2, 381806).
cost(5, 3, 298404).
cost(5, 4, 246279).
cost(5, 6, 549062).
cost(5, 7, 91962).
cost(5, 8, 329095).
cost(5, 9, 186862).
cost(5, 10, 391298).
cost(5, 11, 427721).
cost(5, 12, 30391).
cost(5, 13, 523111).
cost(5, 14, 232906).
cost(5, 15, 690113).
cost(5, 16, 309555).
cost(5, 17, 302239).
cost(5, 18, 436393).
cost(6, 1, 260912).
cost(6, 2, 167356).
cost(6, 3, 331641).
cost(6, 4, 339243).
cost(6, 5, 549062).
cost(6, 7, 589690).
cost(6, 8, 223613).
cost(6, 9, 364173).
cost(6, 10, 432701).
cost(6, 11, 955589).
cost(6, 12, 561532).
cost(6, 13, 1052793).
cost(6, 14, 756543).
cost(6, 15, 897917).
cost(6, 16, 801353).
cost(6, 17, 701390).
cost(6, 18, 451023).
cost(7, 1, 361003).
cost(7, 2, 423908).
cost(7, 3, 297978).
cost(7, 4, 259823).
cost(7, 5, 91962).
cost(7, 6, 589690).
cost(7, 8, 380294).
cost(7, 9, 244767).
cost(7, 10, 355094).
cost(7, 11, 440805).
cost(7, 12, 61575).
cost(7, 13, 530882).
cost(7, 14, 167348).
cost(7, 15, 604410).
cost(7, 16, 228711).
cost(7, 17, 210704).
cost(7, 18, 525751).
cost(8, 1, 44144).
cost(8, 2, 64987).
cost(8, 3, 198874).
cost(8, 4, 166688).
cost(8, 5, 329095).
cost(8, 6, 223613).
cost(8, 7, 380294).
cost(8, 9, 142354).
cost(8, 10, 347768).
cost(8, 11, 732263).
cost(8, 12, 344503).
cost(8, 13, 829484).
cost(8, 14, 547282).
cost(8, 15, 802792).
cost(8, 16, 602989).
cost(8, 17, 526064).
cost(8, 18, 323931).
cost(9, 1, 116718).
cost(9, 2, 198050).
cost(9, 3, 189621).
cost(9, 4, 128462).
cost(9, 5, 186862).
cost(9, 6, 364173).
cost(9, 7, 244767).
cost(9, 8, 142354).
cost(9, 10, 333443).
cost(9, 11, 595864).
cost(9, 12, 203579).
cost(9, 13, 692967).
cost(9, 14, 409677).
cost(9, 15, 742441).
cost(9, 16, 472189).
cost(9, 17, 415312).
cost(9, 18, 335409).
cost(10, 1, 371329).
cost(10, 2, 331716).
cost(10, 3, 152584).
cost(10, 4, 206936).
cost(10, 5, 391298).
cost(10, 6, 432701).
cost(10, 7, 355094).
cost(10, 8, 347768).
cost(10, 9, 333443).
cost(10, 11, 795732).
cost(10, 12, 377628).
cost(10, 13, 884522).
cost(10, 14, 477054).
cost(10, 15, 468521).
cost(10, 16, 475369).
cost(10, 17, 334216).
cost(10, 18, 655075).
cost(11, 1, 695190).
cost(11, 2, 792792).
cost(11, 3, 724808).
cost(11, 4, 674000).
cost(11, 5, 427721).
cost(11, 6, 955589).
cost(11, 7, 440805).
cost(11, 8, 732263).
cost(11, 9, 595864).
cost(11, 10, 795732).
cost(11, 12, 429496).
cost(11, 13, 97224).
cost(11, 14, 355511).
cost(11, 15, 937998).
cost(11, 16, 423859).
cost(11, 17, 551882).
cost(11, 18, 675858).
cost(12, 1, 319964).
cost(12, 2, 394229).
cost(12, 3, 295534).
cost(12, 4, 247501).
cost(12, 5, 30391).
cost(12, 6, 561532).
cost(12, 7, 61575).
cost(12, 8, 344503).
cost(12, 9, 203579).
cost(12, 10, 377628).
cost(12, 11, 429496).
cost(12, 13, 523485).
cost(12, 14, 208776).
cost(12, 15, 661758).
cost(12, 16, 281898).
cost(12, 17, 271998).
cost(12, 18, 465912).
cost(13, 1, 792340).
cost(13, 2, 889992).
cost(13, 3, 819018).
cost(13, 4, 769268).
cost(13, 5, 523111).
cost(13, 6, 1052793).
cost(13, 7, 530882).
cost(13, 8, 829484).
cost(13, 9, 692967).
cost(13, 10, 884522).
cost(13, 11, 97224).
cost(13, 12, 523485).
cost(13, 14, 429465).
cost(13, 15, 996461).
cost(13, 16, 486229).
cost(13, 17, 624119).
cost(13, 18, 763990).
cost(14, 1, 526376).
cost(14, 2, 591153).
cost(14, 3, 453767).
cost(14, 4, 422904).
cost(14, 5, 232906).
cost(14, 6, 756543).
cost(14, 7, 167348).
cost(14, 8, 547282).
cost(14, 9, 409677).
cost(14, 10, 477054).
cost(14, 11, 355511).
cost(14, 12, 208776).
cost(14, 13, 429465).
cost(14, 15, 591196).
cost(14, 16, 94481).
cost(14, 17, 196371).
cost(14, 18, 659252).
cost(15, 1, 816865).
cost(15, 2, 797001).
cost(15, 3, 604868).
cost(15, 4, 640596).
cost(15, 5, 690113).
cost(15, 6, 897917).
cost(15, 7, 604410).
cost(15, 8, 802792).
cost(15, 9, 742441).
cost(15, 10, 468521).
cost(15, 11, 937998).
cost(15, 12, 661758).
cost(15, 13, 996461).
cost(15, 14, 591196).
cost(15, 16, 514159).
cost(15, 17, 406300).
cost(15, 18, 1077477).
cost(16, 1, 587363).
cost(16, 2, 640150).
cost(16, 3, 482261).
cost(16, 4, 462352).
cost(16, 5, 309555).
cost(16, 6, 801353).
cost(16, 7, 228711).
cost(16, 8, 602989).
cost(16, 9, 472189).
cost(16, 10, 475369).
cost(16, 11, 423859).
cost(16, 12, 281898).
cost(16, 13, 486229).
cost(16, 14, 94481).
cost(16, 15, 514159).
cost(16, 17, 151826).
cost(16, 18, 743680).
cost(17, 1, 520709).
cost(17, 2, 550697).
cost(17, 3, 370874).
cost(17, 4, 367150).
cost(17, 5, 302239).
cost(17, 6, 701390).
cost(17, 7, 210704).
cost(17, 8, 526064).
cost(17, 9, 415312).
cost(17, 10, 334216).
cost(17, 11, 551882).
cost(17, 12, 271998).
cost(17, 13, 624119).
cost(17, 14, 196371).
cost(17, 15, 406300).
cost(17, 16, 151826).
cost(17, 18, 728175).
cost(18, 1, 288983).
cost(18, 2, 372812).
cost(18, 3, 502733).
cost(18, 4, 450269).
cost(18, 5, 436393).
cost(18, 6, 451023).
cost(18, 7, 525751).
cost(18, 8, 323931).
cost(18, 9, 335409).
cost(18, 10, 655075).
cost(18, 11, 675858).
cost(18, 12, 465912).
cost(18, 13, 763990).
cost(18, 14, 659252).
cost(18, 15, 1077477).
cost(18, 16, 743680).
cost(18, 17, 728175).
