dimension(18).
point(1, -218773.0, 283764.0).
point(2, 284783.0, 115795.0).
point(3, -188893.0, 54903.0).
point(4, 758581.0, -53199.0).
point(5, -75434.0, 69052.0).
point(6, -82895.0, 282803.0).
point(7, 28158.0, 161476.0).
point(8, 159830.0, -64800.0).
point(9, 87919.0, 262241.0).
point(10, 27659.0, 266075.0).
point(11, -134069.0, -452782.0).
point(12, 189520.0, -353282.0).
point(13, -174690.0, -121571.0).
point(14, 193113.0, 275692.0).
point(15, -217669.0, -11693.0).
point(16, -14932.0, 120753.0).
point(17, 43831.0, 341145.0).
point(18, 101919.0, -509884.0).
cost(1, 2, 530832).
cost(1, 3, 230803).
cost(1, 4, 1033811).
cost(1, 5, 258161).
cost(1, 6, 135881).
cost(1, 7, 275553).
cost(1, 8, 514623).
cost(1, 9, 307446).
cost(1, 10, 247066).
cost(1, 11, 741401).
cost(1, 12, 756658).
cost(1, 13, 407725).
cost(1, 14, 411965).
cost(1, 15, 295459).
cost(1, 16, 261005).
cost(1, 17, 268800).
cost(1, 18, 855991).
cost(2, 1, 530832).
cost(2, 3, 477574).
cost(2, 4, 503034).
cost(2, 5, 363237).
cost(2, 6, 403830).
cost(2, 7, 260659).
cost(2, 8, 219608).
cost(2, 9, 245361).
cost(2, 10, 297820).
cost(2, 11, 706199).
cost(2, 12, 478653).
cost(2, 13, 517163).
cost(2, 14, 184311).
cost(2, 15, 518374).
cost(2, 16, 299756).
cost(2, 17, 329910).
cost(2, 18, 651854).
cost(3, 1, 230803).
cost(3, 2, 477574).
cost(3, 4, 953621).
cost(3, 5, 114338).
cost(3, 6, 251344).
cost(3, 7, 241804).
cost(3, 8, 368696).
cost(3, 9, 345852).
cost(3, 10, 302470).
cost(3, 11, 510637).
cost(3, 12, 556607).
cost(3, 13, 177045).
cost(3, 14, 441221).
cost(3, 15, 72547).
cost(3, 16, 186007).
cost(3, 17, 368910).
cost(3, 18, 635261).
cost(4, 1, 1033811).
cost(4, 2, 503034).
cost(4, 3, 953621).
cost(4, 5, 842927).
cost(4, 6, 906079).
cost(4, 7, 761317).
cost(4, 8, 598863).
cost(4, 9, 741141).
cost(4, 10, 797611).
cost(4, 11, 978003).
cost(4, 12, 643335).
cost(4, 13, 935772).
cost(4, 14, 654159).
cost(4, 15, 977132).
cost(4, 16, 792831).
cost(4, 17, 816318).
cost(4, 18, 799854).
cost(5, 1, 258161).
cost(5, 2, 363237).
cost(5, 3, 114338).
cost(5, 4, 842927).
cost(5, 6, 213881).
cost(5, 7, 138829).
cost(5, 8, 270676).
cost(5, 9, 252994).
cost(5, 10, 222365).
cost(5, 11, 525118).
cost(5, 12, 498565).
cost(5, 13, 214916).
cost(5, 14, 338847).
cost(5, 15, 163556).
cost(5, 16, 79583).
cost(5, 17, 297084).
cost(5, 18, 605492).
cost(6, 1, 135881).
cost(6, 2, 403830).
cost(6, 3, 251344).
cost(6, 4, 906079).
cost(6, 5, 213881).
cost(6, 7, 164478).
cost(6, 8, 423961).
cost(6, 9, 172047).
cost(6, 10, 111812).
cost(6, 11, 737363).
cost(6, 12, 691964).
cost(6, 13, 414662).
cost(6, 14, 276100).
cost(6, 15, 323870).
cost(6, 16, 175725).
cost(6, 17, 139511).
cost(6, 18, 813946).
cost(7, 1, 275553).
cost(7, 2, 260659).
cost(7, 3, 241804).
cost(7, 4, 761317).
cost(7, 5, 138829).
cost(7, 6, 164478).
cost(7, 8, 261798).
cost(7, 9, 117154).
cost(7, 10, 104600).
cost(7, 11, 635319).
cost(7, 12, 539457).
cost(7, 13, 348228).
cost(7, 14, 200638).
cost(7, 15, 300697).
cost(7, 16, 59288).
cost(7, 17, 180351).
cost(7, 18, 675400).
cost(8, 1, 514623).
cost(8, 2, 219608).
cost(8, 3, 368696).
cost(8, 4, 598863).
cost(8, 5, 270676).
cost(8, 6, 423961).
cost(8, 7, 261798).
cost(8, 9, 334854).
cost(8, 10, 356297).
cost(8, 11, 486731).
cost(8, 12, 290006).
cost(8, 13, 339303).
cost(8, 14, 342115).
cost(8, 15, 381216).
cost(8, 16, 254895).
cost(8, 17, 422193).
cost(8, 18, 448836).
cost(9, 1, 307446).
cost(9, 2, 245361).
cost(9, 3, 345852).
cost(9, 4, 741141).
cost(9, 5, 252994).
cost(9, 6, 172047).
cost(9, 7, 117154).
cost(9, 8, 334854).
cost(9, 10, 60382).
cost(9, 11, 748690).
cost(9, 12, 623852).
cost(9, 13, 465054).
cost(9, 14, 106050).
cost(9, 15, 410395).
cost(9, 16, 174921).
cost(9, 17, 90386).
cost(9, 18, 772252).
cost(10, 1, 247066).
cost(10, 2, 297820).
cost(10, 3, 302470).
cost(10, 4, 797611).
cost(10, 5, 222365).
cost(10, 6, 111812).
cost(10, 7, 104600).
cost(10, 8, 356297).
cost(10, 9, 60382).
cost(10, 11, 736825).
cost(10, 12, 640158).
cost(10, 13, 437281).
cost(10, 14, 165733).
cost(10, 15, 370595).
cost(10, 16, 151435).
cost(10, 17, 76792).
cost(10, 18, 779504).
cost(11, 1, 741401).
cost(11, 2, 706199).
cost(11, 3, 510637).
cost(11, 4, 978003).
cost(11, 5, 525118).
cost(11, 6, 737363).
cost(11, 7, 635319).
cost(11, 8, 486731).
cost(11, 9, 748690).
cost(11, 10, 736825).
cost(11, 12, 338541).
cost(11, 13, 333693).
cost(11, 14, 798575).
cost(11, 15, 448941).
cost(11, 16, 585778).
cost(11, 17, 813614).
cost(11, 18, 242798).
cost(12, 1, 756658).
cost(12, 2, 478653).
cost(12, 3, 556607).
cost(12, 4, 643335).
cost(12, 5, 498565).
cost(12, 6, 691964).
cost(12, 7, 539457).
cost(12, 8, 290006).
cost(12, 9, 623852).
cost(12, 10, 640158).
cost(12, 11, 338541).
cost(12, 13, 431670).
cost(12, 14, 628984).
cost(12, 15, 531494).
cost(12, 16, 516246).
cost(12, 17, 709545).
cost(12, 18, 179438).
cost(13, 1, 407725).
cost(13, 2, 517163).
cost(13, 3, 177045).
cost(13, 4, 935772).
cost(13, 5, 214916).
cost(13, 6, 414662).
cost(13, 7, 348228).
cost(13, 8, 339303).
cost(13, 9, 465054).
cost(13, 10, 437281).
cost(13, 11, 333693).
cost(13, 12, 431670).
cost(13, 14, 541384).
cost(13, 15, 117985).
cost(13, 16, 290247).
cost(13, 17, 511720).
cost(13, 18, 476759).
cost(14, 1, 411965).
cost(14, 2, 184311).
cost(14, 3, 441221).
cost(14, 4, 654159).
cost(14, 5, 338847).
cost(14, 6, 276100).
cost(14, 7, 200638).
cost(14, 8, 342115).
cost(14, 9, 106050).
cost(14, 10, 165733).
cost(14, 11, 798575).
cost(14, 12, 628984).
cost(14, 13, 541384).
cost(14, 15, 501330).
cost(14, 16, 259401).
cost(14, 17, 163001).
cost(14, 18, 790851).
cost(15, 1, 295459).
cost(15, 2, 518374).
cost(15, 3, 72547).
cost(15, 4, 977132).
cost(15, 5, 163556).
cost(15, 6, 323870).
cost(15, 7, 300697).
cost(15, 8, 381216).
cost(15, 9, 410395).
cost(15, 10, 370595).
cost(15, 11, 448941).
cost(15, 12, 531494).
cost(15, 13, 117985).
cost(15, 14, 501330).
cost(15, 16, 242166).
cost(15, 17, 439178).
cost(15, 18, 591887).
cost(16, 1, 261005).
cost(16, 2, 299756).
cost(16, 3, 186007).
cost(16, 4, 792831).
cost(16, 5, 79583).
cost(16, 6, 175725).
cost(16, 7, 59288).
cost(16, 8, 254895).
cost(16, 9, 174921).
cost(16, 10, 151435).
cost(16, 11, 585778).
cost(16, 12, 516246).
cost(16, 13, 290247).
cost(16, 14, 259401).
cost(16, 15, 242166).
cost(16, 17, 228091).
cost(16, 18, 641371).
cost(17, 1, 268800).
cost(17, 2, 329910).
cost(17, 3, 368910).
cost(17, 4, 816318).
cost(17, 5, 297084).
cost(17, 6, 139511).
cost(17, 7, 180351).
cost(17, 8, 422193).
cost(17, 9, 90386).
cost(17, 10, 76792).
cost(17, 11, 813614).
cost(17, 12, 709545).
cost(17, 13, 511720).
cost(17, 14, 163001).
cost(17, 15, 439178).
cost(17, 16, 228091).
cost(17, 18, 853009).
cost(18, 1, 855991).
cost(18, 2, 651854).
cost(18, 3, 635261).
cost(18, 4, 799854).
cost(18, 5, 605492).
cost(18, 6, 813946).
cost(18, 7, 675400).
cost(18, 8, 448836).
cost(18, 9, 772252).
cost(18, 10, 779504).
cost(18, 11, 242798).
cost(18, 12, 179438).
cost(18, 13, 476759).
cost(18, 14, 790851).
cost(18, 15, 591887).
cost(18, 16, 641371).
cost(18, 17, 853009).
