dimension(18).
point(1, 21317.0, -181130.0).
point(2, -172996.0, -25835.0).
point(3, 80847.0, 411175.0).
point(4, -51397.0, -82729.0).
point(5, 12914.0, 379092.0).
point(6, -164676.0, 53946.0).
point(7, 153194.0, -190674.0).
point(8, 139990.0, -121576.0).
point(9, -125082.0, 486463.0).
point(10, 375806.0, 19071.0).
point(11, -177658.0, 387807.0).
point(12, -70900.0, -254129.0).
point(13, 383512.0, 192637.0).
point(14, -251918.0, -126976.0).
point(15, 150484.0, 137016.0).
point(16, 137928.0, 35067.0).
point(17, 229860.0, 120658.0).
point(18, 265435.0, 72031.0).
cost(1, 2, 248745).
cost(1, 3, 595289).
cost(1, 4, 122352).
cost(1, 5, 560285).
cost(1, 6, 299757).
cost(1, 7, 132222).
cost(1, 8, 132778).
cost(1, 9, 683457).
cost(1, 10, 407115).
cost(1, 11, 602727).
cost(1, 12, 117613).
cost(1, 13, 520468).
cost(1, 14, 278550).
cost(1, 15, 343367).
cost(1, 16, 245641).
cost(1, 17, 366833).
cost(1, 18, 351687).
cost(2, 1, 248745).
cost(2, 3, 505385).
cost(2, 4, 134251).
cost(2, 5, 445565).
cost(2, 6, 80214).
cost(2, 7, 365475).
cost(2, 8, 327302).
cost(2, 9, 514534).
cost(2, 10, 550636).
cost(2, 11, 413668).
cost(2, 12, 250083).
cost(2, 13, 597855).
cost(2, 14, 128289).
cost(2, 15, 362160).
cost(2, 16, 316832).
cost(2, 17, 428664).
cost(2, 18, 449221).
cost(3, 1, 595289).
cost(3, 2, 505385).
cost(3, 4, 511302).
cost(3, 5, 75128).
cost(3, 6, 433468).
cost(3, 7, 606182).
cost(3, 8, 536024).
cost(3, 9, 219260).
cost(3, 10, 490659).
cost(3, 11, 259559).
cost(3, 12, 682390).
cost(3, 13, 373316).
cost(3, 14, 632724).
cost(3, 15, 282865).
cost(3, 16, 380415).
cost(3, 17, 326504).
cost(3, 18, 386124).
cost(4, 1, 122352).
cost(4, 2, 134251).
cost(4, 3, 511302).
cost(4, 5, 466277).
cost(4, 6, 177517).
cost(4, 7, 231321).
cost(4, 8, 195290).
cost(4, 9, 573942).
cost(4, 10, 439165).
cost(4, 11, 487182).
cost(4, 12, 172506).
cost(4, 13, 514755).
cost(4, 14, 205345).
cost(4, 15, 298402).
cost(4, 16, 222979).
cost(4, 17, 347090).
cost(4, 18, 352609).
cost(5, 1, 560285).
cost(5, 2, 445565).
cost(5, 3, 75128).
cost(5, 4, 466277).
cost(5, 6, 370484).
cost(5, 7, 586781).
cost(5, 8, 516543).
cost(5, 9, 174847).
cost(5, 10, 511181).
cost(5, 11, 190771).
cost(5, 12, 638744).
cost(5, 13, 414859).
cost(5, 14, 571175).
cost(5, 15, 278435).
cost(5, 16, 366035).
cost(5, 17, 337422).
cost(5, 18, 397559).
cost(6, 1, 299757).
cost(6, 2, 80214).
cost(6, 3, 433468).
cost(6, 4, 177517).
cost(6, 5, 370484).
cost(6, 7, 401099).
cost(6, 8, 351610).
cost(6, 9, 434326).
cost(6, 10, 541606).
cost(6, 11, 334113).
cost(6, 12, 322031).
cost(6, 13, 565460).
cost(6, 14, 200858).
cost(6, 15, 325924).
cost(6, 16, 303192).
cost(6, 17, 400136).
cost(6, 18, 430491).
cost(7, 1, 132222).
cost(7, 2, 365475).
cost(7, 3, 606182).
cost(7, 4, 231321).
cost(7, 5, 586781).
cost(7, 6, 401099).
cost(7, 8, 70348).
cost(7, 9, 732087).
cost(7, 10, 305858).
cost(7, 11, 666411).
cost(7, 12, 232905).
cost(7, 13, 447184).
cost(7, 14, 410089).
cost(7, 15, 327701).
cost(7, 16, 226257).
cost(7, 17, 320633).
cost(7, 18, 285678).
cost(8, 1, 132778).
cost(8, 2, 327302).
cost(8, 3, 536024).
cost(8, 4, 195290).
cost(8, 5, 516543).
cost(8, 6, 351610).
cost(8, 7, 70348).
cost(8, 9, 663306).
cost(8, 10, 274574).
cost(8, 11, 600309).
cost(8, 12, 249088).
cost(8, 13, 397533).
cost(8, 14, 391945).
cost(8, 15, 258805).
cost(8, 16, 156657).
cost(8, 17, 258368).
cost(8, 18, 230695).
cost(9, 1, 683457).
cost(9, 2, 514534).
cost(9, 3, 219260).
cost(9, 4, 573942).
cost(9, 5, 174847).
cost(9, 6, 434326).
cost(9, 7, 732087).
cost(9, 8, 663306).
cost(9, 10, 685087).
cost(9, 11, 111791).
cost(9, 12, 742571).
cost(9, 13, 587368).
cost(9, 14, 626414).
cost(9, 15, 445028).
cost(9, 16, 522430).
cost(9, 17, 509703).
cost(9, 18, 569436).
cost(10, 1, 407115).
cost(10, 2, 550636).
cost(10, 3, 490659).
cost(10, 4, 439165).
cost(10, 5, 511181).
cost(10, 6, 541606).
cost(10, 7, 305858).
cost(10, 8, 274574).
cost(10, 9, 685087).
cost(10, 11, 665048).
cost(10, 12, 523626).
cost(10, 13, 173737).
cost(10, 14, 644490).
cost(10, 15, 254325).
cost(10, 16, 238415).
cost(10, 17, 177821).
cost(10, 18, 122419).
cost(11, 1, 602727).
cost(11, 2, 413668).
cost(11, 3, 259559).
cost(11, 4, 487182).
cost(11, 5, 190771).
cost(11, 6, 334113).
cost(11, 7, 666411).
cost(11, 8, 600309).
cost(11, 9, 111791).
cost(11, 10, 665048).
cost(11, 12, 650753).
cost(11, 13, 594141).
cost(11, 14, 520112).
cost(11, 15, 413005).
cost(11, 16, 473308).
cost(11, 17, 487278).
cost(11, 18, 544101).
cost(12, 1, 117613).
cost(12, 2, 250083).
cost(12, 3, 682390).
cost(12, 4, 172506).
cost(12, 5, 638744).
cost(12, 6, 322031).
cost(12, 7, 232905).
cost(12, 8, 249088).
cost(12, 9, 742571).
cost(12, 10, 523626).
cost(12, 11, 650753).
cost(12, 13, 637252).
cost(12, 14, 221213).
cost(12, 15, 449450).
cost(12, 16, 356712).
cost(12, 17, 480543).
cost(12, 18, 468510).
cost(13, 1, 520468).
cost(13, 2, 597855).
cost(13, 3, 373316).
cost(13, 4, 514755).
cost(13, 5, 414859).
cost(13, 6, 565460).
cost(13, 7, 447184).
cost(13, 8, 397533).
cost(13, 9, 587368).
cost(13, 10, 173737).
cost(13, 11, 594141).
cost(13, 12, 637252).
cost(13, 14, 711283).
cost(13, 15, 239574).
cost(13, 16, 291787).
cost(13, 17, 169676).
cost(13, 18, 168784).
cost(14, 1, 278550).
cost(14, 2, 128289).
cost(14, 3, 632724).
cost(14, 4, 205345).
cost(14, 5, 571175).
cost(14, 6, 200858).
cost(14, 7, 410089).
cost(14, 8, 391945).
cost(14, 9, 626414).
cost(14, 10, 644490).
cost(14, 11, 520112).
cost(14, 12, 221213).
cost(14, 13, 711283).
cost(14, 15, 481268).
cost(14, 16, 422182).
cost(14, 17, 541694).
cost(14, 18, 554308).
cost(15, 1, 343367).
cost(15, 2, 362160).
cost(15, 3, 282865).
cost(15, 4, 298402).
cost(15, 5, 278435).
cost(15, 6, 325924).
cost(15, 7, 327701).
cost(15, 8, 258805).
cost(15, 9, 445028).
cost(15, 10, 254325).
cost(15, 11, 413005).
cost(15, 12, 449450).
cost(15, 13, 239574).
cost(15, 14, 481268).
cost(15, 16, 102719).
cost(15, 17, 81044).
cost(15, 18, 132048).
cost(16, 1, 245641).
cost(16, 2, 316832).
cost(16, 3, 380415).
cost(16, 4, 222979).
cost(16, 5, 366035).
cost(16, 6, 303192).
cost(16, 7, 226257).
cost(16, 8, 156657).
cost(16, 9, 522430).
cost(16, 10, 238415).
cost(16, 11, 473308).
cost(16, 12, 356712).
cost(16, 13, 291787).
cost(16, 14, 422182).
cost(16, 15, 102719).
cost(16, 17, 125608).
cost(16, 18, 132757).
cost(17, 1, 366833).
cost(17, 2, 428664).
cost(17, 3, 326504).
cost(17, 4, 347090).
cost(17, 5, 337422).
cost(17, 6, 400136).
cost(17, 7, 320633).
cost(17, 8, 258368).
cost(17, 9, 509703).
cost(17, 10, 177821).
cost(17, 11, 487278).
cost(17, 12, 480543).
cost(17, 13, 169676).
cost(17, 14, 541694).
cost(17, 15, 81044).
cost(17, 16, 125608).
cost(17, 18, 60251).
cost(18, 1, 351687).
cost(18, 2, 449221).
cost(18, 3, 386124).
cost(18, 4, 352609).
cost(18, 5, 397559).
cost(18, 6, 430491).
cost(18, 7, 285678).
cost(18, 8, 230695).
cost(18, 9, 569436).
cost(18, 10, 122419).
cost(18, 11, 544101).
cost(18, 12, 468510).
cost(18, 13, 168784).
cost(18, 14, 554308).
cost(18, 15, 132048).
cost(18, 16, 132757).
cost(18, 17, 60251).
