dimension(18).
point(1, -303470.0, -206533.0).
point(2, -20150.0, 539379.0).
point(3, 506487.0, -40073.0).
point(4, 270051.0, -98891.0).
point(5, -159484.0, -110690.0).
point(6, -279294.0, 100409.0).
point(7, -352247.0, -443145.0).
point(8, -47683.0, -50216.0).
point(9, 71267.0, -132316.0).
point(10, -322669.0, -322305.0).
point(11, -375828.0, 162827.0).
point(12, 254717.0, -75693.0).
point(13, 138803.0, 439077.0).
point(14, 157633.0, 109019.0).
point(15, 218457.0, 386564.0).
point(16, -26086.0, 200298.0).
point(17, -63863.0, -179581.0).
point(18, -134591.0, -11962.0).
cost(1, 2, 797907).
cost(1, 3, 826885).
cost(1, 4, 583535).
cost(1, 5, 172968).
cost(1, 6, 307893).
cost(1, 7, 241587).
cost(1, 8, 299770).
cost(1, 9, 382016).
cost(1, 10, 117353).
cost(1, 11, 376381).
cost(1, 12, 573317).
cost(1, 13, 782571).
cost(1, 14, 558739).
cost(1, 15, 790045).
cost(1, 16, 492396).
cost(1, 17, 241118).
cost(1, 18, 257639).
cost(2, 1, 797907).
cost(2, 3, 783014).
cost(2, 4, 701146).
cost(2, 5, 664834).
cost(2, 6, 509755).
cost(2, 7, 1037132).
cost(2, 8, 590238).
cost(2, 9, 677887).
cost(2, 10, 913245).
cost(2, 11, 517975).
cost(2, 12, 673695).
cost(2, 13, 187954).
cost(2, 14, 465636).
cost(2, 15, 283347).
cost(2, 16, 339133).
cost(2, 17, 720288).
cost(2, 18, 563093).
cost(3, 1, 826885).
cost(3, 2, 783014).
cost(3, 4, 243642).
cost(3, 5, 669705).
cost(3, 6, 798240).
cost(3, 7, 948626).
cost(3, 8, 554263).
cost(3, 9, 444888).
cost(3, 10, 875874).
cost(3, 11, 905344).
cost(3, 12, 254277).
cost(3, 13, 603967).
cost(3, 14, 379378).
cost(3, 15, 514762).
cost(3, 16, 584305).
cost(3, 17, 587164).
cost(3, 18, 641694).
cost(4, 1, 583535).
cost(4, 2, 701146).
cost(4, 3, 243642).
cost(4, 5, 429697).
cost(4, 6, 584380).
cost(4, 7, 711172).
cost(4, 8, 321441).
cost(4, 9, 201575).
cost(4, 10, 633428).
cost(4, 11, 696890).
cost(4, 12, 27808).
cost(4, 13, 553747).
cost(4, 14, 236356).
cost(4, 15, 488189).
cost(4, 16, 420965).
cost(4, 17, 343525).
cost(4, 18, 413874).
cost(5, 1, 172968).
cost(5, 2, 664834).
cost(5, 3, 669705).
cost(5, 4, 429697).
cost(5, 6, 242729).
cost(5, 7, 384297).
cost(5, 8, 127108).
cost(5, 9, 231762).
cost(5, 10, 267227).
cost(5, 11, 348735).
cost(5, 12, 415677).
cost(5, 13, 625475).
cost(5, 14, 385792).
cost(5, 15, 624581).
cost(5, 16, 338391).
cost(5, 17, 117853).
cost(5, 18, 101818).
cost(6, 1, 307893).
cost(6, 2, 509755).
cost(6, 3, 798240).
cost(6, 4, 584380).
cost(6, 5, 242729).
cost(6, 7, 548428).
cost(6, 8, 276282).
cost(6, 9, 420778).
cost(6, 10, 424934).
cost(6, 11, 114956).
cost(6, 12, 562299).
cost(6, 13, 538053).
cost(6, 14, 437012).
cost(6, 15, 574143).
cost(6, 16, 272199).
cost(6, 17, 353277).
cost(6, 18, 183211).
cost(7, 1, 241587).
cost(7, 2, 1037132).
cost(7, 3, 948626).
cost(7, 4, 711172).
cost(7, 5, 384297).
cost(7, 6, 548428).
cost(7, 8, 497144).
cost(7, 9, 525337).
cost(7, 10, 124407).
cost(7, 11, 606431).
cost(7, 12, 709525).
cost(7, 13, 1009676).
cost(7, 14, 751573).
cost(7, 15, 1007035).
cost(7, 16, 721387).
cost(7, 17, 390681).
cost(7, 18, 483004).
cost(8, 1, 299770).
cost(8, 2, 590238).
cost(8, 3, 554263).
cost(8, 4, 321441).
cost(8, 5, 127108).
cost(8, 6, 276282).
cost(8, 7, 497144).
cost(8, 9, 144532).
cost(8, 10, 386846).
cost(8, 11, 391237).
cost(8, 12, 303471).
cost(8, 13, 523626).
cost(8, 14, 259828).
cost(8, 15, 511476).
cost(8, 16, 251443).
cost(8, 17, 130373).
cost(8, 18, 94955).
cost(9, 1, 382016).
cost(9, 2, 677887).
cost(9, 3, 444888).
cost(9, 4, 201575).
cost(9, 5, 231762).
cost(9, 6, 420778).
cost(9, 7, 525337).
cost(9, 8, 144532).
cost(9, 10, 437357).
cost(9, 11, 535727).
cost(9, 12, 191990).
cost(9, 13, 575370).
cost(9, 14, 256323).
cost(9, 15, 539353).
cost(9, 16, 346568).
cost(9, 17, 143158).
cost(9, 18, 238459).
cost(10, 1, 117353).
cost(10, 2, 913245).
cost(10, 3, 875874).
cost(10, 4, 633428).
cost(10, 5, 267227).
cost(10, 6, 424934).
cost(10, 7, 124407).
cost(10, 8, 386846).
cost(10, 9, 437357).
cost(10, 11, 488036).
cost(10, 12, 627847).
cost(10, 13, 890314).
cost(10, 14, 645547).
cost(10, 15, 891803).
cost(10, 16, 600895).
cost(10, 17, 295551).
cost(10, 18, 362886).
cost(11, 1, 376381).
cost(11, 2, 517975).
cost(11, 3, 905344).
cost(11, 4, 696890).
cost(11, 5, 348735).
cost(11, 6, 114956).
cost(11, 7, 606431).
cost(11, 8, 391237).
cost(11, 9, 535727).
cost(11, 10, 488036).
cost(11, 12, 674150).
cost(11, 13, 584088).
cost(11, 14, 536168).
cost(11, 15, 635006).
cost(11, 16, 351744).
cost(11, 17, 463212).
cost(11, 18, 297903).
cost(12, 1, 573317).
cost(12, 2, 673695).
cost(12, 3, 254277).
cost(12, 4, 27808).
cost(12, 5, 415677).
cost(12, 6, 562299).
cost(12, 7, 709525).
cost(12, 8, 303471).
cost(12, 9, 191990).
cost(12, 10, 627847).
cost(12, 11, 674150).
cost(12, 13, 527659).
cost(12, 14, 208672).
cost(12, 15, 463677).
cost(12, 16, 393728).
cost(12, 17, 335091).
cost(12, 18, 394490).
cost(13, 1, 782571).
cost(13, 2, 187954).
cost(13, 3, 603967).
cost(13, 4, 553747).
cost(13, 5, 625475).
cost(13, 6, 538053).
cost(13, 7, 1009676).
cost(13, 8, 523626).
cost(13, 9, 575370).
cost(13, 10, 890314).
cost(13, 11, 584088).
cost(13, 12, 527659).
cost(13, 14, 330595).
cost(13, 15, 95406).
cost(13, 16, 290179).
cost(13, 17, 651008).
cost(13, 18, 527428).
cost(14, 1, 558739).
cost(14, 2, 465636).
cost(14, 3, 379378).
cost(14, 4, 236356).
cost(14, 5, 385792).
cost(14, 6, 437012).
cost(14, 7, 751573).
cost(14, 8, 259828).
cost(14, 9, 256323).
cost(14, 10, 645547).
cost(14, 11, 536168).
cost(14, 12, 208672).
cost(14, 13, 330595).
cost(14, 15, 284132).
cost(14, 16, 205145).
cost(14, 17, 363800).
cost(14, 18, 316277).
cost(15, 1, 790045).
cost(15, 2, 283347).
cost(15, 3, 514762).
cost(15, 4, 488189).
cost(15, 5, 624581).
cost(15, 6, 574143).
cost(15, 7, 1007035).
cost(15, 8, 511476).
cost(15, 9, 539353).
cost(15, 10, 891803).
cost(15, 11, 635006).
cost(15, 12, 463677).
cost(15, 13, 95406).
cost(15, 14, 284132).
cost(15, 16, 307403).
cost(15, 17, 632633).
cost(15, 18, 532415).
cost(16, 1, 492396).
cost(16, 2, 339133).
cost(16, 3, 584305).
cost(16, 4, 420965).
cost(16, 5, 338391).
cost(16, 6, 272199).
cost(16, 7, 721387).
cost(16, 8, 251443).
cost(16, 9, 346568).
cost(16, 10, 600895).
cost(16, 11, 351744).
cost(16, 12, 393728).
cost(16, 13, 290179).
cost(16, 14, 205145).
cost(16, 15, 307403).
cost(16, 17, 381753).
cost(16, 18, 238385).
cost(17, 1, 241118).
cost(17, 2, 720288).
cost(17, 3, 587164).
cost(17, 4, 343525).
cost(17, 5, 117853).
cost(17, 6, 353277).
cost(17, 7, 390681).
cost(17, 8, 130373).
cost(17, 9, 143158).
cost(17, 10, 295551).
cost(17, 11, 463212).
cost(17, 12, 335091).
cost(17, 13, 651008).
cost(17, 14, 363800).
cost(17, 15, 632633).
cost(17, 16, 381753).
cost(17, 18, 181930).
cost(18, 1, 257639).
cost(18, 2, 563093).
cost(18, 3, 641694).
cost(18, 4, 413874).
cost(18, 5, 101818).
cost(18, 6, 183211).
cost(18, 7, 483004).
cost(18, 8, 94955).
cost(18, 9, 238459).
cost(18, 10, 362886).
cost(18, 11, 297903).
cost(18, 12, 394490).
cost(18, 13, 527428).
cost(18, 14, 316277).
cost(18, 15, 532415).
cost(18, 16, 238385).
cost(18, 17, 181930).
