dimension(18).
point(1, 146899.0, -34314.0).
point(2, 60960.0, 53680.0).
point(3, -84618.0, 92103.0).
point(4, 246362.0, 13361.0).
point(5, 389206.0, 54537.0).
point(6, 281823.0, 315116.0).
point(7, 493556.0, -268650.0).
point(8, -124452.0, -35203.0).
point(9, 406193.0, -107385.0).
point(10, 84206.0, -171941.0).
point(11, 88870.0, 13556.0).
point(12, 91863.0, -3690.0).
point(13, -340528.0, -284711.0).
point(14, -162894.0, -94092.0).
point(15, -24216.0, -107481.0).
point(16, 7809.0, -268072.0).
point(17, -314165.0, -148023.0).
point(18, -193730.0, -56423.0).
cost(1, 2, 122998).
cost(1, 3, 263783).
cost(1, 4, 110299).
cost(1, 5, 258084).
cost(1, 6, 374574).
cost(1, 7, 418431).
cost(1, 8, 271352).
cost(1, 9, 269393).
cost(1, 10, 151234).
cost(1, 11, 75226).
cost(1, 12, 62982).
cost(1, 13, 547982).
cost(1, 14, 315508).
cost(1, 15, 186101).
cost(1, 16, 272009).
cost(1, 17, 474879).
cost(1, 18, 341346).
cost(2, 1, 122998).
cost(2, 3, 150563).
cost(2, 4, 189735).
cost(2, 5, 328247).
cost(2, 6, 342242).
cost(2, 7, 539477).
cost(2, 8, 205616).
cost(2, 9, 380956).
cost(2, 10, 226815).
cost(2, 11, 48876).
cost(2, 12, 65164).
cost(2, 13, 525072).
cost(2, 14, 268230).
cost(2, 15, 182285).
cost(2, 16, 326113).
cost(2, 17, 425914).
cost(2, 18, 277470).
cost(3, 1, 263783).
cost(3, 2, 150563).
cost(3, 4, 340218).
cost(3, 5, 475311).
cost(3, 6, 428968).
cost(3, 7, 681489).
cost(3, 8, 133393).
cost(3, 9, 529803).
cost(3, 10, 313402).
cost(3, 11, 190441).
cost(3, 12, 200803).
cost(3, 13, 455498).
cost(3, 14, 201979).
cost(3, 15, 208524).
cost(3, 16, 371845).
cost(3, 17, 332193).
cost(3, 18, 184297).
cost(4, 1, 110299).
cost(4, 2, 189735).
cost(4, 3, 340218).
cost(4, 5, 148660).
cost(4, 6, 303831).
cost(4, 7, 375013).
cost(4, 8, 373981).
cost(4, 9, 200314).
cost(4, 10, 246234).
cost(4, 11, 157492).
cost(4, 12, 155437).
cost(4, 13, 658245).
cost(4, 14, 423127).
cost(4, 15, 296336).
cost(4, 16, 368934).
cost(4, 17, 583297).
cost(4, 18, 445590).
cost(5, 1, 258084).
cost(5, 2, 328247).
cost(5, 3, 475311).
cost(5, 4, 148660).
cost(5, 6, 281838).
cost(5, 7, 339616).
cost(5, 8, 521438).
cost(5, 9, 162811).
cost(5, 10, 379891).
cost(5, 11, 303119).
cost(5, 12, 302991).
cost(5, 13, 804737).
cost(5, 14, 571756).
cost(5, 15, 444036).
cost(5, 16, 499540).
cost(5, 17, 731957).
cost(5, 18, 593402).
cost(6, 1, 374574).
cost(6, 2, 342242).
cost(6, 3, 428968).
cost(6, 4, 303831).
cost(6, 5, 281838).
cost(6, 7, 620978).
cost(6, 8, 536454).
cost(6, 9, 440426).
cost(6, 10, 525621).
cost(6, 11, 358007).
cost(6, 12, 371109).
cost(6, 13, 864357).
cost(6, 14, 604338).
cost(6, 15, 521774).
cost(6, 16, 644354).
cost(6, 17, 754784).
cost(6, 18, 603483).
cost(7, 1, 418431).
cost(7, 2, 539477).
cost(7, 3, 681489).
cost(7, 4, 375013).
cost(7, 5, 339616).
cost(7, 6, 620978).
cost(7, 8, 660630).
cost(7, 9, 183409).
cost(7, 10, 420619).
cost(7, 11, 493367).
cost(7, 12, 481208).
cost(7, 13, 834239).
cost(7, 14, 679262).
cost(7, 15, 542276).
cost(7, 16, 485747).
cost(7, 17, 816679).
cost(7, 18, 719307).
cost(8, 1, 271352).
cost(8, 2, 205616).
cost(8, 3, 133393).
cost(8, 4, 373981).
cost(8, 5, 521438).
cost(8, 6, 536454).
cost(8, 7, 660630).
cost(8, 9, 535532).
cost(8, 10, 249470).
cost(8, 11, 218823).
cost(8, 12, 218598).
cost(8, 13, 330065).
cost(8, 14, 70326).
cost(8, 15, 123577).
cost(8, 16, 267808).
cost(8, 17, 220725).
cost(8, 18, 72455).
cost(9, 1, 269393).
cost(9, 2, 380956).
cost(9, 3, 529803).
cost(9, 4, 200314).
cost(9, 5, 162811).
cost(9, 6, 440426).
cost(9, 7, 183409).
cost(9, 8, 535532).
cost(9, 10, 328395).
cost(9, 11, 339589).
cost(9, 12, 330992).
cost(9, 13, 767487).
cost(9, 14, 569242).
cost(9, 15, 430409).
cost(9, 16, 429570).
cost(9, 17, 721503).
cost(9, 18, 602084).
cost(10, 1, 151234).
cost(10, 2, 226815).
cost(10, 3, 313402).
cost(10, 4, 246234).
cost(10, 5, 379891).
cost(10, 6, 525621).
cost(10, 7, 420619).
cost(10, 8, 249470).
cost(10, 9, 328395).
cost(10, 11, 185556).
cost(10, 12, 168425).
cost(10, 13, 439450).
cost(10, 14, 259073).
cost(10, 15, 126137).
cost(10, 16, 122791).
cost(10, 17, 399088).
cost(10, 18, 300986).
cost(11, 1, 75226).
cost(11, 2, 48876).
cost(11, 3, 190441).
cost(11, 4, 157492).
cost(11, 5, 303119).
cost(11, 6, 358007).
cost(11, 7, 493367).
cost(11, 8, 218823).
cost(11, 9, 339589).
cost(11, 10, 185556).
cost(11, 12, 17504).
cost(11, 13, 522825).
cost(11, 14, 273812).
cost(11, 15, 165645).
cost(11, 16, 293062).
cost(11, 17, 434218).
cost(11, 18, 291135).
cost(12, 1, 62982).
cost(12, 2, 65164).
cost(12, 3, 200803).
cost(12, 4, 155437).
cost(12, 5, 302991).
cost(12, 6, 371109).
cost(12, 7, 481208).
cost(12, 8, 218598).
cost(12, 9, 330992).
cost(12, 10, 168425).
cost(12, 11, 17504).
cost(12, 13, 515689).
cost(12, 14, 270321).
cost(12, 15, 155714).
cost(12, 16, 277422).
cost(12, 17, 430918).
cost(12, 18, 290421).
cost(13, 1, 547982).
cost(13, 2, 525072).
cost(13, 3, 455498).
cost(13, 4, 658245).
cost(13, 5, 804737).
cost(13, 6, 864357).
cost(13, 7, 834239).
cost(13, 8, 330065).
cost(13, 9, 767487).
cost(13, 10, 439450).
cost(13, 11, 522825).
cost(13, 12, 515689).
cost(13, 14, 260556).
cost(13, 15, 362579).
cost(13, 16, 348734).
cost(13, 17, 139207).
cost(13, 18, 271413).
cost(14, 1, 315508).
cost(14, 2, 268230).
cost(14, 3, 201979).
cost(14, 4, 423127).
cost(14, 5, 571756).
cost(14, 6, 604338).
cost(14, 7, 679262).
cost(14, 8, 70326).
cost(14, 9, 569242).
cost(14, 10, 259073).
cost(14, 11, 273812).
cost(14, 12, 270321).
cost(14, 13, 260556).
cost(14, 15, 139323).
cost(14, 16, 243739).
cost(14, 17, 160597).
cost(14, 18, 48681).
cost(15, 1, 186101).
cost(15, 2, 182285).
cost(15, 3, 208524).
cost(15, 4, 296336).
cost(15, 5, 444036).
cost(15, 6, 521774).
cost(15, 7, 542276).
cost(15, 8, 123577).
cost(15, 9, 430409).
cost(15, 10, 126137).
cost(15, 11, 165645).
cost(15, 12, 155714).
cost(15, 13, 362579).
cost(15, 14, 139323).
cost(15, 16, 163753).
cost(15, 17, 292770).
cost(15, 18, 177036).
cost(16, 1, 272009).
cost(16, 2, 326113).
cost(16, 3, 371845).
cost(16, 4, 368934).
cost(16, 5, 499540).
cost(16, 6, 644354).
cost(16, 7, 485747).
cost(16, 8, 267808).
cost(16, 9, 429570).
cost(16, 10, 122791).
cost(16, 11, 293062).
cost(16, 12, 277422).
cost(16, 13, 348734).
cost(16, 14, 243739).
cost(16, 15, 163753).
cost(16, 17, 343626).
cost(16, 18, 292255).
cost(17, 1, 474879).
cost(17, 2, 425914).
cost(17, 3, 332193).
cost(17, 4, 583297).
cost(17, 5, 731957).
cost(17, 6, 754784).
cost(17, 7, 816679).
cost(17, 8, 220725).
cost(17, 9, 721503).
cost(17, 10, 399088).
cost(17, 11, 434218).
cost(17, 12, 430918).
cost(17, 13, 139207).
cost(17, 14, 160597).
cost(17, 15, 292770).
cost(17, 16, 343626).
cost(17, 18, 151311).
cost(18, 1, 341346).
cost(18, 2, 277470).
cost(18, 3, 184297).
cost(18, 4, 445590).
cost(18, 5, 593402).
cost(18, 6, 603483).
cost(18, 7, 719307).
cost(18, 8, 72455).
cost(18, 9, 602084).
cost(18, 10, 300986).
cost(18, 11, 291135).
cost(18, 12, 290421).
cost(18, 13, 271413).
cost(18, 14, 48681).
cost(18, 15, 177036).
cost(18, 16, 292255).
cost(18, 17, 151311).
