dimension(18).
point(1, -55494.0, -190384.0).
point(2, -207832.0, 59489.0).
point(3, 58541.0, 388499.0).
point(4, -332727.0, 151011.0).
point(5, -240449.0, -77592.0).
point(6, 24027.0, -88426.0).
point(7, 412467.0, -63040.0).
point(8, 509476.0, 90390.0).
point(9, 6168.0, -97897.0).
point(10, 203212.0, 147657.0).
point(11, -466788.0, 209045.0).
point(12, -211044.0, 60896.0).
point(13, -37852.0, -562309.0).
point(14, -170221.0, 170541.0).
point(15, -300331.0, -3612.0).
point(16, 129016.0, 26298.0).
point(17, -150736.0, -278658.0).
point(18, -223997.0, 40673.0).
cost(1, 2, 292649).
cost(1, 3, 590008).
cost(1, 4, 439783).
cost(1, 5, 216634).
cost(1, 6, 129302).
cost(1, 7, 484978).
cost(1, 8, 630892).
cost(1, 9, 111158).
cost(1, 10, 425677).
cost(1, 11, 573329).
cost(1, 12, 295529).
cost(1, 13, 372343).
cost(1, 14, 378720).
cost(1, 15, 307943).
cost(1, 16, 284596).
cost(1, 17, 129859).
cost(1, 18, 285973).
cost(2, 1, 292649).
cost(2, 3, 423323).
cost(2, 4, 154839).
cost(2, 5, 140908).
cost(2, 6, 275023).
cost(2, 7, 632285).
cost(2, 8, 717973).
cost(2, 9, 265643).
cost(2, 10, 420394).
cost(2, 11, 299040).
cost(2, 12, 3507).
cost(2, 13, 644613).
cost(2, 14, 117248).
cost(2, 15, 111972).
cost(2, 16, 338479).
cost(2, 17, 342933).
cost(2, 18, 24806).
cost(3, 1, 590008).
cost(3, 2, 423323).
cost(3, 4, 457702).
cost(3, 5, 553747).
cost(3, 6, 478172).
cost(3, 7, 573717).
cost(3, 8, 540566).
cost(3, 9, 489208).
cost(3, 10, 280953).
cost(3, 11, 555134).
cost(3, 12, 424264).
cost(3, 13, 955682).
cost(3, 14, 315971).
cost(3, 15, 531545).
cost(3, 16, 368994).
cost(3, 17, 699211).
cost(3, 18, 448119).
cost(4, 1, 439783).
cost(4, 2, 154839).
cost(4, 3, 457702).
cost(4, 5, 246525).
cost(4, 6, 429655).
cost(4, 7, 775327).
cost(4, 8, 844382).
cost(4, 9, 420482).
cost(4, 10, 535949).
cost(4, 11, 146083).
cost(4, 12, 151418).
cost(4, 13, 771866).
cost(4, 14, 163675).
cost(4, 15, 157980).
cost(4, 16, 478289).
cost(4, 17, 466622).
cost(4, 18, 154909).
cost(5, 1, 216634).
cost(5, 2, 140908).
cost(5, 3, 553747).
cost(5, 4, 246525).
cost(5, 6, 264698).
cost(5, 7, 653078).
cost(5, 8, 768509).
cost(5, 9, 247451).
cost(5, 10, 497566).
cost(5, 11, 365226).
cost(5, 12, 141575).
cost(5, 13, 525353).
cost(5, 14, 257880).
cost(5, 15, 95178).
cost(5, 16, 383794).
cost(5, 17, 220173).
cost(5, 18, 119404).
cost(6, 1, 129302).
cost(6, 2, 275023).
cost(6, 3, 478172).
cost(6, 4, 429655).
cost(6, 5, 264698).
cost(6, 7, 389269).
cost(6, 8, 517335).
cost(6, 9, 20215).
cost(6, 10, 296382).
cost(6, 11, 573924).
cost(6, 12, 278488).
cost(6, 13, 477906).
cost(6, 14, 323722).
cost(6, 15, 335263).
cost(6, 16, 155513).
cost(6, 17, 258322).
cost(6, 18, 279611).
cost(7, 1, 484978).
cost(7, 2, 632285).
cost(7, 3, 573717).
cost(7, 4, 775327).
cost(7, 5, 653078).
cost(7, 6, 389269).
cost(7, 8, 181526).
cost(7, 9, 407791).
cost(7, 10, 296953).
cost(7, 11, 920391).
cost(7, 12, 635709).
cost(7, 13, 672352).
cost(7, 14, 627762).
cost(7, 15, 715271).
cost(7, 16, 297196).
cost(7, 17, 603066).
cost(7, 18, 644859).
cost(8, 1, 630892).
cost(8, 2, 717973).
cost(8, 3, 540566).
cost(8, 4, 844382).
cost(8, 5, 768509).
cost(8, 6, 517335).
cost(8, 7, 181526).
cost(8, 9, 537374).
cost(8, 10, 311572).
cost(8, 11, 983448).
cost(8, 12, 721123).
cost(8, 13, 851812).
cost(8, 14, 684406).
cost(8, 15, 815245).
cost(8, 16, 385821).
cost(8, 17, 756357).
cost(8, 18, 735156).
cost(9, 1, 111158).
cost(9, 2, 265643).
cost(9, 3, 489208).
cost(9, 4, 420482).
cost(9, 5, 247451).
cost(9, 6, 20215).
cost(9, 7, 407791).
cost(9, 8, 537374).
cost(9, 10, 314838).
cost(9, 11, 563827).
cost(9, 12, 269066).
cost(9, 13, 466494).
cost(9, 14, 321204).
cost(9, 15, 320673).
cost(9, 16, 174688).
cost(9, 17, 239360).
cost(9, 18, 268659).
cost(10, 1, 425677).
cost(10, 2, 420394).
cost(10, 3, 280953).
cost(10, 4, 535949).
cost(10, 5, 497566).
cost(10, 6, 296382).
cost(10, 7, 296953).
cost(10, 8, 311572).
cost(10, 9, 314838).
cost(10, 11, 672806).
cost(10, 12, 423244).
cost(10, 13, 749776).
cost(10, 14, 374134).
cost(10, 15, 525774).
cost(10, 16, 142243).
cost(10, 17, 554097).
cost(10, 18, 440401).
cost(11, 1, 573329).
cost(11, 2, 299040).
cost(11, 3, 555134).
cost(11, 4, 146083).
cost(11, 5, 365226).
cost(11, 6, 573924).
cost(11, 7, 920391).
cost(11, 8, 983448).
cost(11, 9, 563827).
cost(11, 10, 672806).
cost(11, 12, 295556).
cost(11, 13, 882595).
cost(11, 14, 299056).
cost(11, 15, 270057).
cost(11, 16, 623201).
cost(11, 17, 581157).
cost(11, 18, 295460).
cost(12, 1, 295529).
cost(12, 2, 3507).
cost(12, 3, 424264).
cost(12, 4, 151418).
cost(12, 5, 141575).
cost(12, 6, 278488).
cost(12, 7, 635709).
cost(12, 8, 721123).
cost(12, 9, 269066).
cost(12, 10, 423244).
cost(12, 11, 295556).
cost(12, 13, 646823).
cost(12, 14, 116998).
cost(12, 15, 110152).
cost(12, 16, 341815).
cost(12, 17, 344868).
cost(12, 18, 24016).
cost(13, 1, 372343).
cost(13, 2, 644613).
cost(13, 3, 955682).
cost(13, 4, 771866).
cost(13, 5, 525353).
cost(13, 6, 477906).
cost(13, 7, 672352).
cost(13, 8, 851812).
cost(13, 9, 466494).
cost(13, 10, 749776).
cost(13, 11, 882595).
cost(13, 12, 646823).
cost(13, 14, 744708).
cost(13, 15, 617282).
cost(13, 16, 611803).
cost(13, 17, 305288).
cost(13, 18, 631060).
cost(14, 1, 378720).
cost(14, 2, 117248).
cost(14, 3, 315971).
cost(14, 4, 163675).
cost(14, 5, 257880).
cost(14, 6, 323722).
cost(14, 7, 627762).
cost(14, 8, 684406).
cost(14, 9, 321204).
cost(14, 10, 374134).
cost(14, 11, 299056).
cost(14, 12, 116998).
cost(14, 13, 744708).
cost(14, 15, 217389).
cost(14, 16, 332188).
cost(14, 17, 449621).
cost(14, 18, 140562).
cost(15, 1, 307943).
cost(15, 2, 111972).
cost(15, 3, 531545).
cost(15, 4, 157980).
cost(15, 5, 95178).
cost(15, 6, 335263).
cost(15, 7, 715271).
cost(15, 8, 815245).
cost(15, 9, 320673).
cost(15, 10, 525774).
cost(15, 11, 270057).
cost(15, 12, 110152).
cost(15, 13, 617282).
cost(15, 14, 217389).
cost(15, 16, 430388).
cost(15, 17, 313096).
cost(15, 18, 88250).
cost(16, 1, 284596).
cost(16, 2, 338479).
cost(16, 3, 368994).
cost(16, 4, 478289).
cost(16, 5, 383794).
cost(16, 6, 155513).
cost(16, 7, 297196).
cost(16, 8, 385821).
cost(16, 9, 174688).
cost(16, 10, 142243).
cost(16, 11, 623201).
cost(16, 12, 341815).
cost(16, 13, 611803).
cost(16, 14, 332188).
cost(16, 15, 430388).
cost(16, 17, 413835).
cost(16, 18, 353306).
cost(17, 1, 129859).
cost(17, 2, 342933).
cost(17, 3, 699211).
cost(17, 4, 466622).
cost(17, 5, 220173).
cost(17, 6, 258322).
cost(17, 7, 603066).
cost(17, 8, 756357).
cost(17, 9, 239360).
cost(17, 10, 554097).
cost(17, 11, 581157).
cost(17, 12, 344868).
cost(17, 13, 305288).
cost(17, 14, 449621).
cost(17, 15, 313096).
cost(17, 16, 413835).
cost(17, 18, 327627).
cost(18, 1, 285973).
cost(18, 2, 24806).
cost(18, 3, 448119).
cost(18, 4, 154909).
cost(18, 5, 119404).
cost(18, 6, 279611).
cost(18, 7, 644859).
cost(18, 8, 735156).
cost(18, 9, 268659).
cost(18, 10, 440401).
cost(18, 11, 295460).
cost(18, 12, 24016).
cost(18, 13, 631060).
cost(18, 14, 140562).
cost(18, 15, 88250).
cost(18, 16, 353306).
cost(18, 17, 327627).
