dimension(18).
point(1, 509288.0, -253249.0).
point(2, -141357.0, -137190.0).
point(3, 397747.0, 244572.0).
point(4, 283501.0, -106374.0).
point(5, 343191.0, 188701.0).
point(6, -74218.0, 502343.0).
point(7, 534564.0, 221477.0).
point(8, -305005.0, 430909.0).
point(9, 167765.0, 212591.0).
point(10, 1046.0, -291410.0).
point(11, -164881.0, 225043.0).
point(12, 277771.0, 273828.0).
point(13, -127174.0, 101311.0).
point(14, -69849.0, -244057.0).
point(15, -361284.0, -311785.0).
point(16, 91844.0, -406610.0).
point(17, -2300.0, 100831.0).
point(18, -387341.0, -85549.0).
cost(1, 2, 660915).
cost(1, 3, 510164).
cost(1, 4, 269355).
cost(1, 5, 472131).
cost(1, 6, 954672).
cost(1, 7, 475398).
cost(1, 8, 1063553).
cost(1, 9, 577620).
cost(1, 10, 509673).
cost(1, 11, 826600).
cost(1, 12, 575682).
cost(1, 13, 728558).
cost(1, 14, 579210).
cost(1, 15, 872538).
cost(1, 16, 444724).
cost(1, 17, 622170).
cost(1, 18, 912177).
cost(2, 1, 660915).
cost(2, 3, 660587).
cost(2, 4, 425974).
cost(2, 5, 583945).
cost(2, 6, 643048).
cost(2, 7, 765187).
cost(2, 8, 591200).
cost(2, 9, 466801).
cost(2, 10, 209911).
cost(2, 11, 362996).
cost(2, 12, 587030).
cost(2, 13, 238922).
cost(2, 14, 128584).
cost(2, 15, 280805).
cost(2, 16, 356328).
cost(2, 17, 275664).
cost(2, 18, 251346).
cost(3, 1, 510164).
cost(3, 2, 660587).
cost(3, 4, 369073).
cost(3, 5, 78089).
cost(3, 6, 537770).
cost(3, 7, 138753).
cost(3, 8, 727036).
cost(3, 9, 232195).
cost(3, 10, 666820).
cost(3, 11, 562967).
cost(3, 12, 123492).
cost(3, 13, 544119).
cost(3, 14, 676317).
cost(3, 15, 941096).
cost(3, 16, 719454).
cost(3, 17, 425087).
cost(3, 18, 851671).
cost(4, 1, 269355).
cost(4, 2, 425974).
cost(4, 3, 369073).
cost(4, 5, 301052).
cost(4, 6, 706045).
cost(4, 7, 412939).
cost(4, 8, 796877).
cost(4, 9, 339313).
cost(4, 10, 337667).
cost(4, 11, 557569).
cost(4, 12, 380245).
cost(4, 13, 460203).
cost(4, 14, 379227).
cost(4, 15, 676714).
cost(4, 16, 356194).
cost(4, 17, 353010).
cost(4, 18, 671165).
cost(5, 1, 472131).
cost(5, 2, 583945).
cost(5, 3, 78089).
cost(5, 4, 301052).
cost(5, 6, 522113).
cost(5, 7, 194159).
cost(5, 8, 691970).
cost(5, 9, 177045).
cost(5, 10, 589550).
cost(5, 11, 509370).
cost(5, 12, 107361).
cost(5, 13, 478414).
cost(5, 14, 598232).
cost(5, 15, 864159).
cost(5, 16, 646197).
cost(5, 17, 356490).
cost(5, 18, 780314).
cost(6, 1, 954672).
cost(6, 2, 643048).
cost(6, 3, 537770).
cost(6, 4, 706045).
cost(6, 5, 522113).
cost(6, 7, 670449).
cost(6, 8, 241589).
cost(6, 9, 377508).
cost(6, 10, 797313).
cost(6, 11, 291745).
cost(6, 12, 419661).
cost(6, 13, 404513).
cost(6, 14, 746413).
cost(6, 15, 863256).
cost(6, 16, 923998).
cost(6, 17, 407902).
cost(6, 18, 666080).
cost(7, 1, 475398).
cost(7, 2, 765187).
cost(7, 3, 138753).
cost(7, 4, 412939).
cost(7, 5, 194159).
cost(7, 6, 670449).
cost(7, 8, 865296).
cost(7, 9, 366907).
cost(7, 10, 740064).
cost(7, 11, 699454).
cost(7, 12, 262075).
cost(7, 13, 672560).
cost(7, 14, 762913).
cost(7, 15, 1042551).
cost(7, 16, 768436).
cost(7, 17, 550253).
cost(7, 18, 971686).
cost(8, 1, 1063553).
cost(8, 2, 591200).
cost(8, 3, 727036).
cost(8, 4, 796877).
cost(8, 5, 691970).
cost(8, 6, 241589).
cost(8, 7, 865296).
cost(8, 9, 520744).
cost(8, 10, 784482).
cost(8, 11, 249029).
cost(8, 12, 603575).
cost(8, 13, 374511).
cost(8, 14, 714757).
cost(8, 15, 744823).
cost(8, 16, 926783).
cost(8, 17, 447864).
cost(8, 18, 522980).
cost(9, 1, 577620).
cost(9, 2, 466801).
cost(9, 3, 232195).
cost(9, 4, 339313).
cost(9, 5, 177045).
cost(9, 6, 377508).
cost(9, 7, 366907).
cost(9, 8, 520744).
cost(9, 10, 530860).
cost(9, 11, 332879).
cost(9, 12, 125902).
cost(9, 13, 315234).
cost(9, 14, 514770).
cost(9, 15, 744891).
cost(9, 16, 623838).
cost(9, 17, 203500).
cost(9, 18, 630103).
cost(10, 1, 509673).
cost(10, 2, 209911).
cost(10, 3, 666820).
cost(10, 4, 337667).
cost(10, 5, 589550).
cost(10, 6, 797313).
cost(10, 7, 740064).
cost(10, 8, 784482).
cost(10, 9, 530860).
cost(10, 11, 542453).
cost(10, 12, 629341).
cost(10, 13, 413122).
cost(10, 14, 85255).
cost(10, 15, 362902).
cost(10, 16, 146681).
cost(10, 17, 392255).
cost(10, 18, 439572).
cost(11, 1, 826600).
cost(11, 2, 362996).
cost(11, 3, 562967).
cost(11, 4, 557569).
cost(11, 5, 509370).
cost(11, 6, 291745).
cost(11, 7, 699454).
cost(11, 8, 249029).
cost(11, 9, 332879).
cost(11, 10, 542453).
cost(11, 12, 445332).
cost(11, 13, 129350).
cost(11, 14, 478629).
cost(11, 15, 571628).
cost(11, 16, 681831).
cost(11, 17, 204600).
cost(11, 18, 382042).
cost(12, 1, 575682).
cost(12, 2, 587030).
cost(12, 3, 123492).
cost(12, 4, 380245).
cost(12, 5, 107361).
cost(12, 6, 419661).
cost(12, 7, 262075).
cost(12, 8, 603575).
cost(12, 9, 125902).
cost(12, 10, 629341).
cost(12, 11, 445332).
cost(12, 13, 440162).
cost(12, 14, 623734).
cost(12, 15, 866795).
cost(12, 16, 705383).
cost(12, 17, 329193).
cost(12, 18, 755993).
cost(13, 1, 728558).
cost(13, 2, 238922).
cost(13, 3, 544119).
cost(13, 4, 460203).
cost(13, 5, 478414).
cost(13, 6, 404513).
cost(13, 7, 672560).
cost(13, 8, 374511).
cost(13, 9, 315234).
cost(13, 10, 413122).
cost(13, 11, 129350).
cost(13, 12, 440162).
cost(13, 14, 350093).
cost(13, 15, 474822).
cost(13, 16, 553130).
cost(13, 17, 124875).
cost(13, 18, 320318).
cost(14, 1, 579210).
cost(14, 2, 128584).
cost(14, 3, 676317).
cost(14, 4, 379227).
cost(14, 5, 598232).
cost(14, 6, 746413).
cost(14, 7, 762913).
cost(14, 8, 714757).
cost(14, 9, 514770).
cost(14, 10, 85255).
cost(14, 11, 478629).
cost(14, 12, 623734).
cost(14, 13, 350093).
cost(14, 15, 299201).
cost(14, 16, 229277).
cost(14, 17, 351441).
cost(14, 18, 354860).
cost(15, 1, 872538).
cost(15, 2, 280805).
cost(15, 3, 941096).
cost(15, 4, 676714).
cost(15, 5, 864159).
cost(15, 6, 863256).
cost(15, 7, 1042551).
cost(15, 8, 744823).
cost(15, 9, 744891).
cost(15, 10, 362902).
cost(15, 11, 571628).
cost(15, 12, 866795).
cost(15, 13, 474822).
cost(15, 14, 299201).
cost(15, 16, 462944).
cost(15, 17, 546920).
cost(15, 18, 227732).
cost(16, 1, 444724).
cost(16, 2, 356328).
cost(16, 3, 719454).
cost(16, 4, 356194).
cost(16, 5, 646197).
cost(16, 6, 923998).
cost(16, 7, 768436).
cost(16, 8, 926783).
cost(16, 9, 623838).
cost(16, 10, 146681).
cost(16, 11, 681831).
cost(16, 12, 705383).
cost(16, 13, 553130).
cost(16, 14, 229277).
cost(16, 15, 462944).
cost(16, 17, 516100).
cost(16, 18, 576800).
cost(17, 1, 622170).
cost(17, 2, 275664).
cost(17, 3, 425087).
cost(17, 4, 353010).
cost(17, 5, 356490).
cost(17, 6, 407902).
cost(17, 7, 550253).
cost(17, 8, 447864).
cost(17, 9, 203500).
cost(17, 10, 392255).
cost(17, 11, 204600).
cost(17, 12, 329193).
cost(17, 13, 124875).
cost(17, 14, 351441).
cost(17, 15, 546920).
cost(17, 16, 516100).
cost(17, 18, 427778).
cost(18, 1, 912177).
cost(18, 2, 251346).
cost(18, 3, 851671).
cost(18, 4, 671165).
cost(18, 5, 780314).
cost(18, 6, 666080).
cost(18, 7, 971686).
cost(18, 8, 522980).
cost(18, 9, 630103).
cost(18, 10, 439572).
cost(18, 11, 382042).
cost(18, 12, 755993).
cost(18, 13, 320318).
cost(18, 14, 354860).
cost(18, 15, 227732).
cost(18, 16, 576800).
cost(18, 17, 427778).
