dimension(24).
point(1, -169402.0, -55195.0).
point(2, 146926.0, -222717.0).
point(3, -8331.0, -81324.0).
point(4, -216491.0, 337328.0).
point(5, -173920.0, 84186.0).
point(6, 171260.0, 6640.0).
point(7, -89958.0, 21086.0).
point(8, -337046.0, -101370.0).
point(9, 63518.0, 222626.0).
point(10, -47626.0, -345031.0).
point(11, -276959.0, 310966.0).
point(12, -148969.0, -64552.0).
point(13, -112344.0, 221717.0).
point(14, -158224.0, -269024.0).
point(15, 271909.0, -537807.0).
point(16, 40662.0, -203847.0).
point(17, 281767.0, 191446.0).
point(18, -174449.0, -311751.0).
point(19, 134438.0, 36760.0).
point(20, 284347.0, -86486.0).
point(21, -450367.0, 216695.0).
point(22, -115595.0, 181778.0).
point(23, 363666.0, -513301.0).
point(24, 406651.0, 223255.0).
cost(1, 2, 357948).
cost(1, 3, 163177).
cost(1, 4, 395337).
cost(1, 5, 139454).
cost(1, 6, 346228).
cost(1, 7, 110137).
cost(1, 8, 173887).
cost(1, 9, 362541).
cost(1, 10, 314379).
cost(1, 11, 381631).
cost(1, 12, 22474).
cost(1, 13, 282729).
cost(1, 14, 214121).
cost(1, 15, 653965).
cost(1, 16, 257341).
cost(1, 17, 514184).
cost(1, 18, 256606).
cost(1, 19, 317450).
cost(1, 20, 454827).
cost(1, 21, 390980).
cost(1, 22, 243005).
cost(1, 23, 702867).
cost(1, 24, 639821).
cost(2, 1, 357948).
cost(2, 3, 209992).
cost(2, 4, 667624).
cost(2, 5, 443995).
cost(2, 6, 230644).
cost(2, 7, 339932).
cost(2, 8, 498953).
cost(2, 9, 453086).
cost(2, 10, 229807).
cost(2, 11, 681539).
cost(2, 12, 335515).
cost(2, 13, 514531).
cost(2, 14, 308644).
cost(2, 15, 338973).
cost(2, 16, 107926).
cost(2, 17, 435561).
cost(2, 18, 333480).
cost(2, 19, 259777).
cost(2, 20, 193503).
cost(2, 21, 741513).
cost(2, 22, 482217).
cost(2, 23, 362512).
cost(2, 24, 516089).
cost(3, 1, 163177).
cost(3, 2, 209992).
cost(3, 4, 467547).
cost(3, 5, 234122).
cost(3, 6, 199976).
cost(3, 7, 130961).
cost(3, 8, 329326).
cost(3, 9, 312327).
cost(3, 10, 266619).
cost(3, 11, 475450).
cost(3, 12, 141635).
cost(3, 13, 320394).
cost(3, 14, 240207).
cost(3, 15, 535641).
cost(3, 16, 131955).
cost(3, 17, 398196).
cost(3, 18, 284063).
cost(3, 19, 185275).
cost(3, 20, 292724).
cost(3, 21, 533115).
cost(3, 22, 284127).
cost(3, 23, 570075).
cost(3, 24, 514761).
cost(4, 1, 395337).
cost(4, 2, 667624).
cost(4, 3, 467547).
cost(4, 5, 256697).
cost(4, 6, 509613).
cost(4, 7, 340617).
cost(4, 8, 454961).
cost(4, 9, 302591).
cost(4, 10, 702943).
cost(4, 11, 65965).
cost(4, 12, 407513).
cost(4, 13, 155604).
cost(4, 14, 609145).
cost(4, 15, 1002196).
cost(4, 16, 599164).
cost(4, 17, 519175).
cost(4, 18, 650439).
cost(4, 19, 462052).
cost(4, 20, 656092).
cost(4, 21, 263155).
cost(4, 22, 185407).
cost(4, 23, 1029637).
cost(4, 24, 633497).
cost(5, 1, 139454).
cost(5, 2, 443995).
cost(5, 3, 234122).
cost(5, 4, 256697).
cost(5, 6, 353783).
cost(5, 7, 105030).
cost(5, 8, 247065).
cost(5, 9, 274850).
cost(5, 10, 447412).
cost(5, 11, 249091).
cost(5, 12, 150816).
cost(5, 13, 150686).
cost(5, 14, 353559).
cost(5, 15, 765270).
cost(5, 16, 359177).
cost(5, 17, 468140).
cost(5, 18, 395937).
cost(5, 19, 311984).
cost(5, 20, 489017).
cost(5, 21, 306564).
cost(5, 22, 113693).
cost(5, 23, 803735).
cost(5, 24, 596995).
cost(6, 1, 346228).
cost(6, 2, 230644).
cost(6, 3, 199976).
cost(6, 4, 509613).
cost(6, 5, 353783).
cost(6, 7, 261617).
cost(6, 8, 519655).
cost(6, 9, 241368).
cost(6, 10, 414226).
cost(6, 11, 541770).
cost(6, 12, 328047).
cost(6, 13, 355934).
cost(6, 14, 429593).
cost(6, 15, 553672).
cost(6, 16, 247711).
cost(6, 17, 215325).
cost(6, 18, 469987).
cost(6, 19, 47572).
cost(6, 20, 146496).
cost(6, 21, 656158).
cost(6, 22, 336094).
cost(6, 23, 554399).
cost(6, 24, 319892).
cost(7, 1, 110137).
cost(7, 2, 339932).
cost(7, 3, 130961).
cost(7, 4, 340617).
cost(7, 5, 105030).
cost(7, 6, 261617).
cost(7, 8, 275768).
cost(7, 9, 253324).
cost(7, 10, 368556).
cost(7, 11, 344963).
cost(7, 12, 104001).
cost(7, 13, 201876).
cost(7, 14, 298034).
cost(7, 15, 665815).
cost(7, 16, 260109).
cost(7, 17, 408903).
cost(7, 18, 343394).
cost(7, 19, 224943).
cost(7, 20, 389456).
cost(7, 21, 410070).
cost(7, 22, 162724).
cost(7, 23, 700959).
cost(7, 24, 536184).
cost(8, 1, 173887).
cost(8, 2, 498953).
cost(8, 3, 329326).
cost(8, 4, 454961).
cost(8, 5, 247065).
cost(8, 6, 519655).
cost(8, 7, 275768).
cost(8, 9, 515194).
cost(8, 10, 378331).
cost(8, 11, 416691).
cost(8, 12, 191647).
cost(8, 13, 393543).
cost(8, 14, 245123).
cost(8, 15, 749202).
cost(8, 16, 391363).
cost(8, 17, 684595).
cost(8, 18, 265891).
cost(8, 19, 491301).
cost(8, 20, 621571).
cost(8, 21, 337649).
cost(8, 22, 359463).
cost(8, 23, 812825).
cost(8, 24, 811460).
cost(9, 1, 362541).
cost(9, 2, 453086).
cost(9, 3, 312327).
cost(9, 4, 302591).
cost(9, 5, 274850).
cost(9, 6, 241368).
cost(9, 7, 253324).
cost(9, 8, 515194).
cost(9, 10, 578435).
cost(9, 11, 351751).
cost(9, 12, 357242).
cost(9, 13, 175864).
cost(9, 14, 539341).
cost(9, 15, 788470).
cost(9, 16, 427085).
cost(9, 17, 220465).
cost(9, 18, 584968).
cost(9, 19, 198937).
cost(9, 20, 379889).
cost(9, 21, 513919).
cost(9, 22, 183712).
cost(9, 23, 794781).
cost(9, 24, 343134).
cost(10, 1, 314379).
cost(10, 2, 229807).
cost(10, 3, 266619).
cost(10, 4, 702943).
cost(10, 5, 447412).
cost(10, 6, 414226).
cost(10, 7, 368556).
cost(10, 8, 378331).
cost(10, 9, 578435).
cost(10, 11, 694929).
cost(10, 12, 298226).
cost(10, 13, 570431).
cost(10, 14, 134198).
cost(10, 15, 373183).
cost(10, 16, 166516).
cost(10, 17, 629529).
cost(10, 18, 131117).
cost(10, 19, 422980).
cost(10, 20, 420775).
cost(10, 21, 691185).
cost(10, 22, 531176).
cost(10, 23, 444383).
cost(10, 24, 727541).
cost(11, 1, 381631).
cost(11, 2, 681539).
cost(11, 3, 475450).
cost(11, 4, 65965).
cost(11, 5, 249091).
cost(11, 6, 541770).
cost(11, 7, 344963).
cost(11, 8, 416691).
cost(11, 9, 351751).
cost(11, 10, 694929).
cost(11, 12, 396731).
cost(11, 13, 187252).
cost(11, 14, 592019).
cost(11, 15, 1010778).
cost(11, 16, 604910).
cost(11, 17, 571367).
cost(11, 18, 631098).
cost(11, 19, 494405).
cost(11, 20, 687774).
cost(11, 21, 197376).
cost(11, 22, 206707).
cost(11, 23, 1043943).
cost(11, 24, 689214).
cost(12, 1, 22474).
cost(12, 2, 335515).
cost(12, 3, 141635).
cost(12, 4, 407513).
cost(12, 5, 150816).
cost(12, 6, 328047).
cost(12, 7, 104001).
cost(12, 8, 191647).
cost(12, 9, 357242).
cost(12, 10, 298226).
cost(12, 11, 396731).
cost(12, 13, 288602).
cost(12, 14, 204681).
cost(12, 15, 633331).
cost(12, 16, 235293).
cost(12, 17, 501067).
cost(12, 18, 248509).
cost(12, 19, 300971).
cost(12, 20, 433871).
cost(12, 21, 412239).
cost(12, 22, 248581).
cost(12, 23, 681300).
cost(12, 24, 625737).
cost(13, 1, 282729).
cost(13, 2, 514531).
cost(13, 3, 320394).
cost(13, 4, 155604).
cost(13, 5, 150686).
cost(13, 6, 355934).
cost(13, 7, 201876).
cost(13, 8, 393543).
cost(13, 9, 175864).
cost(13, 10, 570431).
cost(13, 11, 187252).
cost(13, 12, 288602).
cost(13, 14, 492881).
cost(13, 15, 851192).
cost(13, 16, 452234).
cost(13, 17, 395272).
cost(13, 18, 537071).
cost(13, 19, 308400).
cost(13, 20, 502347).
cost(13, 21, 338060).
cost(13, 22, 40071).
cost(13, 23, 875692).
cost(13, 24, 518997).
cost(14, 1, 214121).
cost(14, 2, 308644).
cost(14, 3, 240207).
cost(14, 4, 609145).
cost(14, 5, 353559).
cost(14, 6, 429593).
cost(14, 7, 298034).
cost(14, 8, 245123).
cost(14, 9, 539341).
cost(14, 10, 134198).
cost(14, 11, 592019).
cost(14, 12, 204681).
cost(14, 13, 492881).
cost(14, 15, 507207).
cost(14, 16, 209293).
cost(14, 17, 636887).
cost(14, 18, 45704).
cost(14, 19, 423267).
cost(14, 20, 478737).
cost(14, 21, 566807).
cost(14, 22, 452813).
cost(14, 23, 576229).
cost(14, 24, 749281).
cost(15, 1, 653965).
cost(15, 2, 338973).
cost(15, 3, 535641).
cost(15, 4, 1002196).
cost(15, 5, 765270).
cost(15, 6, 553672).
cost(15, 7, 665815).
cost(15, 8, 749202).
cost(15, 9, 788470).
cost(15, 10, 373183).
cost(15, 11, 1010778).
cost(15, 12, 633331).
cost(15, 13, 851192).
cost(15, 14, 507207).
cost(15, 16, 406207).
cost(15, 17, 729320).
cost(15, 18, 500337).
cost(15, 19, 590784).
cost(15, 20, 451492).
cost(15, 21, 1044488).
cost(15, 22, 817289).
cost(15, 23, 94973).
cost(15, 24, 772898).
cost(16, 1, 257341).
cost(16, 2, 107926).
cost(16, 3, 131955).
cost(16, 4, 599164).
cost(16, 5, 359177).
cost(16, 6, 247711).
cost(16, 7, 260109).
cost(16, 8, 391363).
cost(16, 9, 427085).
cost(16, 10, 166516).
cost(16, 11, 604910).
cost(16, 12, 235293).
cost(16, 13, 452234).
cost(16, 14, 209293).
cost(16, 15, 406207).
cost(16, 17, 463021).
cost(16, 18, 240657).
cost(16, 19, 258236).
cost(16, 20, 270474).
cost(16, 21, 646502).
cost(16, 22, 416080).
cost(16, 23, 447318).
cost(16, 24, 562463).
cost(17, 1, 514184).
cost(17, 2, 435561).
cost(17, 3, 398196).
cost(17, 4, 519175).
cost(17, 5, 468140).
cost(17, 6, 215325).
cost(17, 7, 408903).
cost(17, 8, 684595).
cost(17, 9, 220465).
cost(17, 10, 629529).
cost(17, 11, 571367).
cost(17, 12, 501067).
cost(17, 13, 395272).
cost(17, 14, 636887).
cost(17, 15, 729320).
cost(17, 16, 463021).
cost(17, 18, 679220).
cost(17, 19, 213620).
cost(17, 20, 277944).
cost(17, 21, 732569).
cost(17, 22, 397480).
cost(17, 23, 709490).
cost(17, 24, 128871).
cost(18, 1, 256606).
cost(18, 2, 333480).
cost(18, 3, 284063).
cost(18, 4, 650439).
cost(18, 5, 395937).
cost(18, 6, 469987).
cost(18, 7, 343394).
cost(18, 8, 265891).
cost(18, 9, 584968).
cost(18, 10, 131117).
cost(18, 11, 631098).
cost(18, 12, 248509).
cost(18, 13, 537071).
cost(18, 14, 45704).
cost(18, 15, 500337).
cost(18, 16, 240657).
cost(18, 17, 679220).
cost(18, 19, 465694).
cost(18, 20, 511115).
cost(18, 21, 596143).
cost(18, 22, 497026).
cost(18, 23, 574622).
cost(18, 24, 789879).
cost(19, 1, 317450).
cost(19, 2, 259777).
cost(19, 3, 185275).
cost(19, 4, 462052).
cost(19, 5, 311984).
cost(19, 6, 47572).
cost(19, 7, 224943).
cost(19, 8, 491301).
cost(19, 9, 198937).
cost(19, 10, 422980).
cost(19, 11, 494405).
cost(19, 12, 300971).
cost(19, 13, 308400).
cost(19, 14, 423267).
cost(19, 15, 590784).
cost(19, 16, 258236).
cost(19, 17, 213620).
cost(19, 18, 465694).
cost(19, 20, 194068).
cost(19, 21, 611861).
cost(19, 22, 289044).
cost(19, 23, 595913).
cost(19, 24, 329970).
cost(20, 1, 454827).
cost(20, 2, 193503).
cost(20, 3, 292724).
cost(20, 4, 656092).
cost(20, 5, 489017).
cost(20, 6, 146496).
cost(20, 7, 389456).
cost(20, 8, 621571).
cost(20, 9, 379889).
cost(20, 10, 420775).
cost(20, 11, 687774).
cost(20, 12, 433871).
cost(20, 13, 502347).
cost(20, 14, 478737).
cost(20, 15, 451492).
cost(20, 16, 270474).
cost(20, 17, 277944).
cost(20, 18, 511115).
cost(20, 19, 194068).
cost(20, 21, 794810).
cost(20, 22, 481580).
cost(20, 23, 434123).
cost(20, 24, 333013).
cost(21, 1, 390980).
cost(21, 2, 741513).
cost(21, 3, 533115).
cost(21, 4, 263155).
cost(21, 5, 306564).
cost(21, 6, 656158).
cost(21, 7, 410070).
cost(21, 8, 337649).
cost(21, 9, 513919).
cost(21, 10, 691185).
cost(21, 11, 197376).
cost(21, 12, 412239).
cost(21, 13, 338060).
cost(21, 14, 566807).
cost(21, 15, 1044488).
cost(21, 16, 646502).
cost(21, 17, 732569).
cost(21, 18, 596143).
cost(21, 19, 611861).
cost(21, 20, 794810).
cost(21, 22, 336588).
cost(21, 23, 1093409).
cost(21, 24, 857043).
cost(22, 1, 243005).
cost(22, 2, 482217).
cost(22, 3, 284127).
cost(22, 4, 185407).
cost(22, 5, 113693).
cost(22, 6, 336094).
cost(22, 7, 162724).
cost(22, 8, 359463).
cost(22, 9, 183712).
cost(22, 10, 531176).
cost(22, 11, 206707).
cost(22, 12, 248581).
cost(22, 13, 40071).
cost(22, 14, 452813).
cost(22, 15, 817289).
cost(22, 16, 416080).
cost(22, 17, 397480).
cost(22, 18, 497026).
cost(22, 19, 289044).
cost(22, 20, 481580).
cost(22, 21, 336588).
cost(22, 23, 844290).
cost(22, 24, 523890).
cost(23, 1, 702867).
cost(23, 2, 362512).
cost(23, 3, 570075).
cost(23, 4, 1029637).
cost(23, 5, 803735).
cost(23, 6, 554399).
cost(23, 7, 700959).
cost(23, 8, 812825).
cost(23, 9, 794781).
cost(23, 10, 444383).
cost(23, 11, 1043943).
cost(23, 12, 681300).
cost(23, 13, 875692).
cost(23, 14, 576229).
cost(23, 15, 94973).
cost(23, 16, 447318).
cost(23, 17, 709490).
cost(23, 18, 574622).
cost(23, 19, 595913).
cost(23, 20, 434123).
cost(23, 21, 1093409).
cost(23, 22, 844290).
cost(23, 24, 737809).
cost(24, 1, 639821).
cost(24, 2, 516089).
cost(24, 3, 514761).
cost(24, 4, 633497).
cost(24, 5, 596995).
cost(24, 6, 319892).
cost(24, 7, 536184).
cost(24, 8, 811460).
cost(24, 9, 343134).
cost(24, 10, 727541).
cost(24, 11, 689214).
cost(24, 12, 625737).
cost(24, 13, 518997).
cost(24, 14, 749281).
cost(24, 15, 772898).
cost(24, 16, 562463).
cost(24, 17, 128871).
cost(24, 18, 789879).
cost(24, 19, 329970).
cost(24, 20, 333013).
cost(24, 21, 857043).
cost(24, 22, 523890).
cost(24, 23, 737809).
