dimension(24).
point(1, -124367.0, -384237.0).
point(2, -13878.0, -33536.0).
point(3, -87394.0, 249954.0).
point(4, 205443.0, -130701.0).
point(5, -66674.0, -175641.0).
point(6, -20849.0, -174273.0).
point(7, -64554.0, 154125.0).
point(8, -6494.0, 65214.0).
point(9, 31013.0, 200066.0).
point(10, -338386.0, -52564.0).
point(11, -269962.0, 47271.0).
point(12, 482007.0, -202902.0).
point(13, -282356.0, 30895.0).
point(14, 82206.0, -116951.0).
point(15, -101269.0, -171622.0).
point(16, -221652.0, -156442.0).
point(17, -110954.0, -120871.0).
point(18, 227544.0, -114778.0).
point(19, 101414.0, 277150.0).
point(20, 9052.0, 42893.0).
point(21, 41673.0, -69695.0).
point(22, 152583.0, 32599.0).
point(23, -69696.0, 54389.0).
point(24, -53297.0, 10220.0).
cost(1, 2, 367694).
cost(1, 3, 635268).
cost(1, 4, 415999).
cost(1, 5, 216427).
cost(1, 6, 234096).
cost(1, 7, 541674).
cost(1, 8, 464651).
cost(1, 9, 604610).
cost(1, 10, 394729).
cost(1, 11, 455409).
cost(1, 12, 632907).
cost(1, 13, 444179).
cost(1, 14, 337808).
cost(1, 15, 213866).
cost(1, 16, 247699).
cost(1, 17, 263707).
cost(1, 18, 443226).
cost(1, 19, 698863).
cost(1, 20, 447483).
cost(1, 21, 355677).
cost(1, 22, 500453).
cost(1, 23, 442020).
cost(1, 24, 400808).
cost(2, 1, 367694).
cost(2, 3, 292867).
cost(2, 4, 239881).
cost(2, 5, 151596).
cost(2, 6, 140910).
cost(2, 7, 194383).
cost(2, 8, 99026).
cost(2, 9, 237876).
cost(2, 10, 325065).
cost(2, 11, 268531).
cost(2, 12, 524010).
cost(2, 13, 276101).
cost(2, 14, 127241).
cost(2, 15, 163416).
cost(2, 16, 241404).
cost(2, 17, 130580).
cost(2, 18, 254725).
cost(2, 19, 331388).
cost(2, 20, 79795).
cost(2, 21, 66283).
cost(2, 22, 179118).
cost(2, 23, 104146).
cost(2, 24, 58894).
cost(3, 1, 635268).
cost(3, 2, 292867).
cost(3, 4, 480262).
cost(3, 5, 426099).
cost(3, 6, 429414).
cost(3, 7, 98513).
cost(3, 8, 201677).
cost(3, 9, 128487).
cost(3, 10, 393083).
cost(3, 11, 272785).
cost(3, 12, 727527).
cost(3, 13, 293252).
cost(3, 14, 404207).
cost(3, 15, 421804).
cost(3, 16, 427999).
cost(3, 17, 371573).
cost(3, 18, 481887).
cost(3, 19, 190757).
cost(3, 20, 228421).
cost(3, 21, 344723).
cost(3, 22, 323778).
cost(3, 23, 196364).
cost(3, 24, 242147).
cost(4, 1, 415999).
cost(4, 2, 239881).
cost(4, 3, 480262).
cost(4, 5, 275803).
cost(4, 6, 230449).
cost(4, 7, 392459).
cost(4, 8, 288617).
cost(4, 9, 373942).
cost(4, 10, 549414).
cost(4, 11, 507626).
cost(4, 12, 285833).
cost(4, 13, 513869).
cost(4, 14, 124002).
cost(4, 15, 309430).
cost(4, 16, 427870).
cost(4, 17, 316550).
cost(4, 18, 27240).
cost(4, 19, 420909).
cost(4, 20, 262115).
cost(4, 21, 174764).
cost(4, 22, 171642).
cost(4, 23, 331602).
cost(4, 24, 294627).
cost(5, 1, 216427).
cost(5, 2, 151596).
cost(5, 3, 426099).
cost(5, 4, 275803).
cost(5, 6, 45845).
cost(5, 7, 329773).
cost(5, 8, 248259).
cost(5, 9, 388199).
cost(5, 10, 298287).
cost(5, 11, 301688).
cost(5, 12, 549358).
cost(5, 13, 298623).
cost(5, 14, 160031).
cost(5, 15, 34828).
cost(5, 16, 156163).
cost(5, 17, 70431).
cost(5, 18, 300447).
cost(5, 19, 482984).
cost(5, 20, 231282).
cost(5, 21, 151538).
cost(5, 22, 302386).
cost(5, 23, 230050).
cost(5, 24, 186342).
cost(6, 1, 234096).
cost(6, 2, 140910).
cost(6, 3, 429414).
cost(6, 4, 230449).
cost(6, 5, 45845).
cost(6, 7, 331293).
cost(6, 8, 239917).
cost(6, 9, 377914).
cost(6, 10, 340063).
cost(6, 11, 333375).
cost(6, 12, 503670).
cost(6, 13, 332385).
cost(6, 14, 117924).
cost(6, 15, 80464).
cost(6, 16, 201593).
cost(6, 17, 104741).
cost(6, 18, 255419).
cost(6, 19, 467687).
cost(6, 20, 219215).
cost(6, 21, 121842).
cost(6, 22, 269953).
cost(6, 23, 233821).
cost(6, 24, 187325).
cost(7, 1, 541674).
cost(7, 2, 194383).
cost(7, 3, 98513).
cost(7, 4, 392459).
cost(7, 5, 329773).
cost(7, 6, 331293).
cost(7, 8, 106189).
cost(7, 9, 106036).
cost(7, 10, 343081).
cost(7, 11, 231539).
cost(7, 12, 652838).
cost(7, 13, 250247).
cost(7, 14, 308254).
cost(7, 15, 327810).
cost(7, 16, 348040).
cost(7, 17, 278883).
cost(7, 18, 397027).
cost(7, 19, 206593).
cost(7, 20, 133381).
cost(7, 21, 247749).
cost(7, 22, 248831).
cost(7, 23, 99868).
cost(7, 24, 144345).
cost(8, 1, 464651).
cost(8, 2, 99026).
cost(8, 3, 201677).
cost(8, 4, 288617).
cost(8, 5, 248259).
cost(8, 6, 239917).
cost(8, 7, 106189).
cost(8, 9, 139971).
cost(8, 10, 352170).
cost(8, 11, 264078).
cost(8, 12, 557243).
cost(8, 13, 277989).
cost(8, 14, 202612).
cost(8, 15, 255095).
cost(8, 16, 308908).
cost(8, 17, 213400).
cost(8, 18, 295247).
cost(8, 19, 237826).
cost(8, 20, 27201).
cost(8, 21, 143250).
cost(8, 22, 162386).
cost(8, 23, 64122).
cost(8, 24, 72214).
cost(9, 1, 604610).
cost(9, 2, 237876).
cost(9, 3, 128487).
cost(9, 4, 373942).
cost(9, 5, 388199).
cost(9, 6, 377914).
cost(9, 7, 106036).
cost(9, 8, 139971).
cost(9, 10, 447524).
cost(9, 11, 337539).
cost(9, 12, 604796).
cost(9, 13, 356116).
cost(9, 14, 321124).
cost(9, 15, 394526).
cost(9, 16, 436964).
cost(9, 17, 350935).
cost(9, 18, 371148).
cost(9, 19, 104395).
cost(9, 20, 158700).
cost(9, 21, 269972).
cost(9, 22, 206941).
cost(9, 23, 177099).
cost(9, 24, 207725).
cost(10, 1, 394729).
cost(10, 2, 325065).
cost(10, 3, 393083).
cost(10, 4, 549414).
cost(10, 5, 298287).
cost(10, 6, 340063).
cost(10, 7, 343081).
cost(10, 8, 352170).
cost(10, 9, 447524).
cost(10, 11, 121033).
cost(10, 12, 834054).
cost(10, 13, 100522).
cost(10, 14, 425492).
cost(10, 15, 265329).
cost(10, 16, 156261).
cost(10, 17, 237468).
cost(10, 18, 569339).
cost(10, 19, 549668).
cost(10, 20, 360313).
cost(10, 21, 380445).
cost(10, 22, 498300).
cost(10, 23, 289194).
cost(10, 24, 291920).
cost(11, 1, 455409).
cost(11, 2, 268531).
cost(11, 3, 272785).
cost(11, 4, 507626).
cost(11, 5, 301688).
cost(11, 6, 333375).
cost(11, 7, 231539).
cost(11, 8, 264078).
cost(11, 9, 337539).
cost(11, 10, 121033).
cost(11, 12, 792492).
cost(11, 13, 20537).
cost(11, 14, 388576).
cost(11, 15, 276354).
cost(11, 16, 209363).
cost(11, 17, 231420).
cost(11, 18, 523232).
cost(11, 19, 436766).
cost(11, 20, 279048).
cost(11, 21, 332862).
cost(11, 22, 422800).
cost(11, 23, 200392).
cost(11, 24, 219810).
cost(12, 1, 632907).
cost(12, 2, 524010).
cost(12, 3, 727527).
cost(12, 4, 285833).
cost(12, 5, 549358).
cost(12, 6, 503670).
cost(12, 7, 652838).
cost(12, 8, 557243).
cost(12, 9, 604796).
cost(12, 10, 834054).
cost(12, 11, 792492).
cost(12, 13, 799320).
cost(12, 14, 408936).
cost(12, 15, 584114).
cost(12, 16, 705191).
cost(12, 17, 598608).
cost(12, 18, 269290).
cost(12, 19, 612618).
cost(12, 20, 533012).
cost(12, 21, 460041).
cost(12, 22, 404946).
cost(12, 23, 608749).
cost(12, 24, 576170).
cost(13, 1, 444179).
cost(13, 2, 276101).
cost(13, 3, 293252).
cost(13, 4, 513869).
cost(13, 5, 298623).
cost(13, 6, 332385).
cost(13, 7, 250247).
cost(13, 8, 277989).
cost(13, 9, 356116).
cost(13, 10, 100522).
cost(13, 11, 20537).
cost(13, 12, 799320).
cost(13, 14, 393400).
cost(13, 15, 271672).
cost(13, 16, 196927).
cost(13, 17, 228936).
cost(13, 18, 530301).
cost(13, 19, 455983).
cost(13, 20, 291655).
cost(13, 21, 339283).
cost(13, 22, 434942).
cost(13, 23, 213954).
cost(13, 24, 229990).
cost(14, 1, 337808).
cost(14, 2, 127241).
cost(14, 3, 404207).
cost(14, 4, 124002).
cost(14, 5, 160031).
cost(14, 6, 117924).
cost(14, 7, 308254).
cost(14, 8, 202612).
cost(14, 9, 321124).
cost(14, 10, 425492).
cost(14, 11, 388576).
cost(14, 12, 408936).
cost(14, 13, 393400).
cost(14, 15, 191447).
cost(14, 16, 306413).
cost(14, 17, 193200).
cost(14, 18, 145354).
cost(14, 19, 394569).
cost(14, 20, 175789).
cost(14, 21, 62258).
cost(14, 22, 165282).
cost(14, 23, 228980).
cost(14, 24, 185832).
cost(15, 1, 213866).
cost(15, 2, 163416).
cost(15, 3, 421804).
cost(15, 4, 309430).
cost(15, 5, 34828).
cost(15, 6, 80464).
cost(15, 7, 327810).
cost(15, 8, 255095).
cost(15, 9, 394526).
cost(15, 10, 265329).
cost(15, 11, 276354).
cost(15, 12, 584114).
cost(15, 13, 271672).
cost(15, 14, 191447).
cost(15, 16, 121336).
cost(15, 17, 51667).
cost(15, 18, 333690).
cost(15, 19, 492419).
cost(15, 20, 241221).
cost(15, 21, 175561).
cost(15, 22, 325802).
cost(15, 23, 228206).
cost(15, 24, 188063).
cost(16, 1, 247699).
cost(16, 2, 241404).
cost(16, 3, 427999).
cost(16, 4, 427870).
cost(16, 5, 156163).
cost(16, 6, 201593).
cost(16, 7, 348040).
cost(16, 8, 308908).
cost(16, 9, 436964).
cost(16, 10, 156261).
cost(16, 11, 209363).
cost(16, 12, 705191).
cost(16, 13, 196927).
cost(16, 14, 306413).
cost(16, 15, 121336).
cost(16, 17, 116273).
cost(16, 18, 451124).
cost(16, 19, 540716).
cost(16, 20, 304891).
cost(16, 21, 277246).
cost(16, 22, 419271).
cost(16, 23, 259885).
cost(16, 24, 236896).
cost(17, 1, 263707).
cost(17, 2, 130580).
cost(17, 3, 371573).
cost(17, 4, 316550).
cost(17, 5, 70431).
cost(17, 6, 104741).
cost(17, 7, 278883).
cost(17, 8, 213400).
cost(17, 9, 350935).
cost(17, 10, 237468).
cost(17, 11, 231420).
cost(17, 12, 598608).
cost(17, 13, 228936).
cost(17, 14, 193200).
cost(17, 15, 51667).
cost(17, 16, 116273).
cost(17, 18, 338553).
cost(17, 19, 451133).
cost(17, 20, 203027).
cost(17, 21, 160978).
cost(17, 22, 304967).
cost(17, 23, 180051).
cost(17, 24, 143210).
cost(18, 1, 443226).
cost(18, 2, 254725).
cost(18, 3, 481887).
cost(18, 4, 27240).
cost(18, 5, 300447).
cost(18, 6, 255419).
cost(18, 7, 397027).
cost(18, 8, 295247).
cost(18, 9, 371148).
cost(18, 10, 569339).
cost(18, 11, 523232).
cost(18, 12, 269290).
cost(18, 13, 530301).
cost(18, 14, 145354).
cost(18, 15, 333690).
cost(18, 16, 451124).
cost(18, 17, 338553).
cost(18, 19, 411724).
cost(18, 20, 269442).
cost(18, 21, 191260).
cost(18, 22, 165345).
cost(18, 23, 342007).
cost(18, 24, 307402).
cost(19, 1, 698863).
cost(19, 2, 331388).
cost(19, 3, 190757).
cost(19, 4, 420909).
cost(19, 5, 482984).
cost(19, 6, 467687).
cost(19, 7, 206593).
cost(19, 8, 237826).
cost(19, 9, 104395).
cost(19, 10, 549668).
cost(19, 11, 436766).
cost(19, 12, 612618).
cost(19, 13, 455983).
cost(19, 14, 394569).
cost(19, 15, 492419).
cost(19, 16, 540716).
cost(19, 17, 451133).
cost(19, 18, 411724).
cost(19, 20, 251808).
cost(19, 21, 351952).
cost(19, 22, 249847).
cost(19, 23, 280893).
cost(19, 24, 308524).
cost(20, 1, 447483).
cost(20, 2, 79795).
cost(20, 3, 228421).
cost(20, 4, 262115).
cost(20, 5, 231282).
cost(20, 6, 219215).
cost(20, 7, 133381).
cost(20, 8, 27201).
cost(20, 9, 158700).
cost(20, 10, 360313).
cost(20, 11, 279048).
cost(20, 12, 533012).
cost(20, 13, 291655).
cost(20, 14, 175789).
cost(20, 15, 241221).
cost(20, 16, 304891).
cost(20, 17, 203027).
cost(20, 18, 269442).
cost(20, 19, 251808).
cost(20, 21, 117219).
cost(20, 22, 143900).
cost(20, 23, 79583).
cost(20, 24, 70391).
cost(21, 1, 355677).
cost(21, 2, 66283).
cost(21, 3, 344723).
cost(21, 4, 174764).
cost(21, 5, 151538).
cost(21, 6, 121842).
cost(21, 7, 247749).
cost(21, 8, 143250).
cost(21, 9, 269972).
cost(21, 10, 380445).
cost(21, 11, 332862).
cost(21, 12, 460041).
cost(21, 13, 339283).
cost(21, 14, 62258).
cost(21, 15, 175561).
cost(21, 16, 277246).
cost(21, 17, 160978).
cost(21, 18, 191260).
cost(21, 19, 351952).
cost(21, 20, 117219).
cost(21, 22, 150881).
cost(21, 23, 166733).
cost(21, 24, 124120).
cost(22, 1, 500453).
cost(22, 2, 179118).
cost(22, 3, 323778).
cost(22, 4, 171642).
cost(22, 5, 302386).
cost(22, 6, 269953).
cost(22, 7, 248831).
cost(22, 8, 162386).
cost(22, 9, 206941).
cost(22, 10, 498300).
cost(22, 11, 422800).
cost(22, 12, 404946).
cost(22, 13, 434942).
cost(22, 14, 165282).
cost(22, 15, 325802).
cost(22, 16, 419271).
cost(22, 17, 304967).
cost(22, 18, 165345).
cost(22, 19, 249847).
cost(22, 20, 143900).
cost(22, 21, 150881).
cost(22, 23, 223344).
cost(22, 24, 207093).
cost(23, 1, 442020).
cost(23, 2, 104146).
cost(23, 3, 196364).
cost(23, 4, 331602).
cost(23, 5, 230050).
cost(23, 6, 233821).
cost(23, 7, 99868).
cost(23, 8, 64122).
cost(23, 9, 177099).
cost(23, 10, 289194).
cost(23, 11, 200392).
cost(23, 12, 608749).
cost(23, 13, 213954).
cost(23, 14, 228980).
cost(23, 15, 228206).
cost(23, 16, 259885).
cost(23, 17, 180051).
cost(23, 18, 342007).
cost(23, 19, 280893).
cost(23, 20, 79583).
cost(23, 21, 166733).
cost(23, 22, 223344).
cost(23, 24, 47115).
cost(24, 1, 400808).
cost(24, 2, 58894).
cost(24, 3, 242147).
cost(24, 4, 294627).
cost(24, 5, 186342).
cost(24, 6, 187325).
cost(24, 7, 144345).
cost(24, 8, 72214).
cost(24, 9, 207725).
cost(24, 10, 291920).
cost(24, 11, 219810).
cost(24, 12, 576170).
cost(24, 13, 229990).
cost(24, 14, 185832).
cost(24, 15, 188063).
cost(24, 16, 236896).
cost(24, 17, 143210).
cost(24, 18, 307402).
cost(24, 19, 308524).
cost(24, 20, 70391).
cost(24, 21, 124120).
cost(24, 22, 207093).
cost(24, 23, 47115).
