dimension(24).
point(1, 243555.0, 255003.0).
point(2, -386233.0, -365470.0).
point(3, 93739.0, -329011.0).
point(4, -60945.0, -452723.0).
point(5, 430880.0, 371365.0).
point(6, 293701.0, -120205.0).
point(7, -190658.0, 141303.0).
point(8, 179846.0, 32646.0).
point(9, 85609.0, -33678.0).
point(10, -1043.0, -341479.0).
point(11, -13384.0, 98552.0).
point(12, -238827.0, 592413.0).
point(13, -73742.0, -141875.0).
point(14, 200280.0, 155200.0).
point(15, -41343.0, -230395.0).
point(16, -327200.0, 221532.0).
point(17, -100320.0, -97820.0).
point(18, -20080.0, 248365.0).
point(19, -101430.0, -24170.0).
point(20, 177534.0, -263794.0).
point(21, -274629.0, 53794.0).
point(22, 115659.0, 2498.0).
point(23, -327400.0, -6835.0).
point(24, -57829.0, 392941.0).
cost(1, 2, 884093).
cost(1, 3, 602924).
cost(1, 4, 770452).
cost(1, 5, 220524).
cost(1, 6, 378544).
cost(1, 7, 448853).
cost(1, 8, 231304).
cost(1, 9, 329065).
cost(1, 10, 644685).
cost(1, 11, 300823).
cost(1, 12, 588675).
cost(1, 13, 508124).
cost(1, 14, 108781).
cost(1, 15, 562830).
cost(1, 16, 571736).
cost(1, 17, 492681).
cost(1, 18, 263719).
cost(1, 19, 443793).
cost(1, 20, 522981).
cost(1, 21, 555877).
cost(1, 22, 283048).
cost(1, 23, 628131).
cost(1, 24, 331450).
cost(2, 1, 884093).
cost(2, 3, 481355).
cost(2, 4, 336787).
cost(2, 5, 1100272).
cost(2, 6, 722818).
cost(2, 7, 543202).
cost(2, 8, 692056).
cost(2, 9, 576820).
cost(2, 10, 385936).
cost(2, 11, 595259).
cost(2, 12, 969159).
cost(2, 13, 384246).
cost(2, 14, 784280).
cost(2, 15, 370398).
cost(2, 16, 589963).
cost(2, 17, 391641).
cost(2, 18, 714746).
cost(2, 19, 444520).
cost(2, 20, 572862).
cost(2, 21, 433864).
cost(2, 22, 622331).
cost(2, 23, 363429).
cost(2, 24, 826460).
cost(3, 1, 602924).
cost(3, 2, 481355).
cost(3, 4, 198070).
cost(3, 5, 777297).
cost(3, 6, 289110).
cost(3, 7, 549615).
cost(3, 8, 371766).
cost(3, 9, 295445).
cost(3, 10, 95599).
cost(3, 11, 440778).
cost(3, 12, 979603).
cost(3, 13, 251137).
cost(3, 14, 495794).
cost(3, 15, 167249).
cost(3, 16, 693028).
cost(3, 17, 301841).
cost(3, 18, 588488).
cost(3, 19, 361965).
cost(3, 20, 106183).
cost(3, 21, 531258).
cost(3, 22, 332233).
cost(3, 23, 530241).
cost(3, 24, 737691).
cost(4, 1, 770452).
cost(4, 2, 336787).
cost(4, 3, 198070).
cost(4, 5, 959694).
cost(4, 6, 486150).
cost(4, 7, 608023).
cost(4, 8, 541815).
cost(4, 9, 443933).
cost(4, 10, 126347).
cost(4, 11, 553323).
cost(4, 12, 1060166).
cost(4, 13, 311111).
cost(4, 14, 661671).
cost(4, 15, 223190).
cost(4, 16, 724922).
cost(4, 17, 357081).
cost(4, 18, 702278).
cost(4, 19, 430461).
cost(4, 20, 304247).
cost(4, 21, 549746).
cost(4, 22, 488278).
cost(4, 23, 519437).
cost(4, 24, 845670).
cost(5, 1, 220524).
cost(5, 2, 1100272).
cost(5, 3, 777297).
cost(5, 4, 959694).
cost(5, 6, 510352).
cost(5, 7, 662750).
cost(5, 8, 421602).
cost(5, 9, 532233).
cost(5, 10, 833489).
cost(5, 11, 521342).
cost(5, 12, 705244).
cost(5, 13, 719763).
cost(5, 14, 316075).
cost(5, 15, 764925).
cost(5, 16, 772745).
cost(5, 17, 708737).
cost(5, 18, 467433).
cost(5, 19, 663176).
cost(5, 20, 683821).
cost(5, 21, 773689).
cost(5, 22, 485208).
cost(5, 23, 847363).
cost(5, 24, 489185).
cost(6, 1, 378544).
cost(6, 2, 722818).
cost(6, 3, 289110).
cost(6, 4, 486150).
cost(6, 5, 510352).
cost(6, 7, 550445).
cost(6, 8, 190595).
cost(6, 9, 225365).
cost(6, 10, 368560).
cost(6, 11, 377036).
cost(6, 12, 889613).
cost(6, 13, 368081).
cost(6, 14, 290818).
cost(6, 15, 352699).
cost(6, 16, 708733).
cost(6, 17, 394656).
cost(6, 18, 484048).
cost(6, 19, 406634).
cost(6, 20, 184696).
cost(6, 21, 594369).
cost(6, 22, 216229).
cost(6, 23, 631363).
cost(6, 24, 622007).
cost(7, 1, 448853).
cost(7, 2, 543202).
cost(7, 3, 549615).
cost(7, 4, 608023).
cost(7, 5, 662750).
cost(7, 6, 550445).
cost(7, 8, 386108).
cost(7, 9, 327020).
cost(7, 10, 518683).
cost(7, 11, 182356).
cost(7, 12, 453674).
cost(7, 13, 306364).
cost(7, 14, 391185).
cost(7, 15, 400568).
cost(7, 16, 158368).
cost(7, 17, 255618).
cost(7, 18, 201393).
cost(7, 19, 187997).
cost(7, 20, 547420).
cost(7, 21, 121280).
cost(7, 22, 336299).
cost(7, 23, 201602).
cost(7, 24, 284544).
cost(8, 1, 231304).
cost(8, 2, 692056).
cost(8, 3, 371766).
cost(8, 4, 541815).
cost(8, 5, 421602).
cost(8, 6, 190595).
cost(8, 7, 386108).
cost(8, 9, 115237).
cost(8, 10, 415560).
cost(8, 11, 204160).
cost(8, 12, 699018).
cost(8, 13, 307838).
cost(8, 14, 124246).
cost(8, 15, 343679).
cost(8, 16, 541086).
cost(8, 17, 309054).
cost(8, 18, 294117).
cost(8, 19, 286957).
cost(8, 20, 296449).
cost(8, 21, 454967).
cost(8, 22, 70915).
cost(8, 23, 508780).
cost(8, 24, 431627).
cost(9, 1, 329065).
cost(9, 2, 576820).
cost(9, 3, 295445).
cost(9, 4, 443933).
cost(9, 5, 532233).
cost(9, 6, 225365).
cost(9, 7, 327020).
cost(9, 8, 115237).
cost(9, 10, 319766).
cost(9, 11, 165180).
cost(9, 12, 705159).
cost(9, 13, 192612).
cost(9, 14, 220962).
cost(9, 15, 234125).
cost(9, 16, 485328).
cost(9, 17, 196682).
cost(9, 18, 301195).
cost(9, 19, 187281).
cost(9, 20, 247797).
cost(9, 21, 370706).
cost(9, 22, 47029).
cost(9, 23, 413880).
cost(9, 24, 450087).
cost(10, 1, 644685).
cost(10, 2, 385936).
cost(10, 3, 95599).
cost(10, 4, 126347).
cost(10, 5, 833489).
cost(10, 6, 368560).
cost(10, 7, 518683).
cost(10, 8, 415560).
cost(10, 9, 319766).
cost(10, 11, 440204).
cost(10, 12, 963688).
cost(10, 13, 212431).
cost(10, 14, 535930).
cost(10, 15, 118168).
cost(10, 16, 650661).
cost(10, 17, 263108).
cost(10, 18, 590151).
cost(10, 19, 332810).
cost(10, 20, 194743).
cost(10, 21, 480718).
cost(10, 22, 363235).
cost(10, 23, 467435).
cost(10, 24, 736612).
cost(11, 1, 300823).
cost(11, 2, 595259).
cost(11, 3, 440778).
cost(11, 4, 553323).
cost(11, 5, 521342).
cost(11, 6, 377036).
cost(11, 7, 182356).
cost(11, 8, 204160).
cost(11, 9, 165180).
cost(11, 10, 440204).
cost(11, 12, 542884).
cost(11, 13, 247888).
cost(11, 14, 221046).
cost(11, 15, 330133).
cost(11, 16, 337053).
cost(11, 17, 214755).
cost(11, 18, 149963).
cost(11, 19, 151039).
cost(11, 20, 409566).
cost(11, 21, 265051).
cost(11, 22, 160868).
cost(11, 23, 331229).
cost(11, 24, 297725).
cost(12, 1, 588675).
cost(12, 2, 969159).
cost(12, 3, 979603).
cost(12, 4, 1060166).
cost(12, 5, 705244).
cost(12, 6, 889613).
cost(12, 7, 453674).
cost(12, 8, 699018).
cost(12, 9, 705159).
cost(12, 10, 963688).
cost(12, 11, 542884).
cost(12, 13, 752617).
cost(12, 14, 619653).
cost(12, 15, 846175).
cost(12, 16, 381264).
cost(12, 17, 703993).
cost(12, 18, 407700).
cost(12, 19, 631706).
cost(12, 20, 952075).
cost(12, 21, 539808).
cost(12, 22, 688230).
cost(12, 23, 605758).
cost(12, 24, 269350).
cost(13, 1, 508124).
cost(13, 2, 384246).
cost(13, 3, 251137).
cost(13, 4, 311111).
cost(13, 5, 719763).
cost(13, 6, 368081).
cost(13, 7, 306364).
cost(13, 8, 307838).
cost(13, 9, 192612).
cost(13, 10, 212431).
cost(13, 11, 247888).
cost(13, 12, 752617).
cost(13, 14, 404155).
cost(13, 15, 94263).
cost(13, 16, 443064).
cost(13, 17, 51451).
cost(13, 18, 393912).
cost(13, 19, 120918).
cost(13, 20, 279292).
cost(13, 21, 280432).
cost(13, 22, 238152).
cost(13, 23, 287364).
cost(13, 24, 535053).
cost(14, 1, 108781).
cost(14, 2, 784280).
cost(14, 3, 495794).
cost(14, 4, 661671).
cost(14, 5, 316075).
cost(14, 6, 290818).
cost(14, 7, 391185).
cost(14, 8, 124246).
cost(14, 9, 220962).
cost(14, 10, 535930).
cost(14, 11, 221046).
cost(14, 12, 619653).
cost(14, 13, 404155).
cost(14, 15, 455044).
cost(14, 16, 531634).
cost(14, 17, 392912).
cost(14, 18, 239245).
cost(14, 19, 351002).
cost(14, 20, 419611).
cost(14, 21, 485615).
cost(14, 22, 174581).
cost(14, 23, 551998).
cost(14, 24, 350915).
cost(15, 1, 562830).
cost(15, 2, 370398).
cost(15, 3, 167249).
cost(15, 4, 223190).
cost(15, 5, 764925).
cost(15, 6, 352699).
cost(15, 7, 400568).
cost(15, 8, 343679).
cost(15, 9, 234125).
cost(15, 10, 118168).
cost(15, 11, 330133).
cost(15, 12, 846175).
cost(15, 13, 94263).
cost(15, 14, 455044).
cost(15, 16, 534745).
cost(15, 17, 145101).
cost(15, 18, 479232).
cost(15, 19, 214800).
cost(15, 20, 221411).
cost(15, 21, 367676).
cost(15, 22, 280871).
cost(15, 23, 363053).
cost(15, 24, 623554).
cost(16, 1, 571736).
cost(16, 2, 589963).
cost(16, 3, 693028).
cost(16, 4, 724922).
cost(16, 5, 772745).
cost(16, 6, 708733).
cost(16, 7, 158368).
cost(16, 8, 541086).
cost(16, 9, 485328).
cost(16, 10, 650661).
cost(16, 11, 337053).
cost(16, 12, 381264).
cost(16, 13, 443064).
cost(16, 14, 531634).
cost(16, 15, 534745).
cost(16, 17, 391740).
cost(16, 18, 308290).
cost(16, 19, 333679).
cost(16, 20, 700213).
cost(16, 21, 175783).
cost(16, 22, 494065).
cost(16, 23, 228367).
cost(16, 24, 319283).
cost(17, 1, 492681).
cost(17, 2, 391641).
cost(17, 3, 301841).
cost(17, 4, 357081).
cost(17, 5, 708737).
cost(17, 6, 394656).
cost(17, 7, 255618).
cost(17, 8, 309054).
cost(17, 9, 196682).
cost(17, 10, 263108).
cost(17, 11, 214755).
cost(17, 12, 703993).
cost(17, 13, 51451).
cost(17, 14, 392912).
cost(17, 15, 145101).
cost(17, 16, 391740).
cost(17, 18, 355363).
cost(17, 19, 73658).
cost(17, 20, 323651).
cost(17, 21, 231020).
cost(17, 22, 238140).
cost(17, 23, 244630).
cost(17, 24, 492597).
cost(18, 1, 263719).
cost(18, 2, 714746).
cost(18, 3, 588488).
cost(18, 4, 702278).
cost(18, 5, 467433).
cost(18, 6, 484048).
cost(18, 7, 201393).
cost(18, 8, 294117).
cost(18, 9, 301195).
cost(18, 10, 590151).
cost(18, 11, 149963).
cost(18, 12, 407700).
cost(18, 13, 393912).
cost(18, 14, 239245).
cost(18, 15, 479232).
cost(18, 16, 308290).
cost(18, 17, 355363).
cost(18, 19, 284417).
cost(18, 20, 548961).
cost(18, 21, 320395).
cost(18, 22, 280848).
cost(18, 23, 399465).
cost(18, 24, 149423).
cost(19, 1, 443793).
cost(19, 2, 444520).
cost(19, 3, 361965).
cost(19, 4, 430461).
cost(19, 5, 663176).
cost(19, 6, 406634).
cost(19, 7, 187997).
cost(19, 8, 286957).
cost(19, 9, 187281).
cost(19, 10, 332810).
cost(19, 11, 151039).
cost(19, 12, 631706).
cost(19, 13, 120918).
cost(19, 14, 351002).
cost(19, 15, 214800).
cost(19, 16, 333679).
cost(19, 17, 73658).
cost(19, 18, 284417).
cost(19, 20, 367751).
cost(19, 21, 189938).
cost(19, 22, 218721).
cost(19, 23, 226634).
cost(19, 24, 419384).
cost(20, 1, 522981).
cost(20, 2, 572862).
cost(20, 3, 106183).
cost(20, 4, 304247).
cost(20, 5, 683821).
cost(20, 6, 184696).
cost(20, 7, 547420).
cost(20, 8, 296449).
cost(20, 9, 247797).
cost(20, 10, 194743).
cost(20, 11, 409566).
cost(20, 12, 952075).
cost(20, 13, 279292).
cost(20, 14, 419611).
cost(20, 15, 221411).
cost(20, 16, 700213).
cost(20, 17, 323651).
cost(20, 18, 548961).
cost(20, 19, 367751).
cost(20, 21, 552552).
cost(20, 22, 273386).
cost(20, 23, 566557).
cost(20, 24, 697636).
cost(21, 1, 555877).
cost(21, 2, 433864).
cost(21, 3, 531258).
cost(21, 4, 549746).
cost(21, 5, 773689).
cost(21, 6, 594369).
cost(21, 7, 121280).
cost(21, 8, 454967).
cost(21, 9, 370706).
cost(21, 10, 480718).
cost(21, 11, 265051).
cost(21, 12, 539808).
cost(21, 13, 280432).
cost(21, 14, 485615).
cost(21, 15, 367676).
cost(21, 16, 175783).
cost(21, 17, 231020).
cost(21, 18, 320395).
cost(21, 19, 189938).
cost(21, 20, 552552).
cost(21, 22, 393645).
cost(21, 23, 80378).
cost(21, 24, 402521).
cost(22, 1, 283048).
cost(22, 2, 622331).
cost(22, 3, 332233).
cost(22, 4, 488278).
cost(22, 5, 485208).
cost(22, 6, 216229).
cost(22, 7, 336299).
cost(22, 8, 70915).
cost(22, 9, 47029).
cost(22, 10, 363235).
cost(22, 11, 160868).
cost(22, 12, 688230).
cost(22, 13, 238152).
cost(22, 14, 174581).
cost(22, 15, 280871).
cost(22, 16, 494065).
cost(22, 17, 238140).
cost(22, 18, 280848).
cost(22, 19, 218721).
cost(22, 20, 273386).
cost(22, 21, 393645).
cost(22, 23, 443157).
cost(22, 24, 427251).
cost(23, 1, 628131).
cost(23, 2, 363429).
cost(23, 3, 530241).
cost(23, 4, 519437).
cost(23, 5, 847363).
cost(23, 6, 631363).
cost(23, 7, 201602).
cost(23, 8, 508780).
cost(23, 9, 413880).
cost(23, 10, 467435).
cost(23, 11, 331229).
cost(23, 12, 605758).
cost(23, 13, 287364).
cost(23, 14, 551998).
cost(23, 15, 363053).
cost(23, 16, 228367).
cost(23, 17, 244630).
cost(23, 18, 399465).
cost(23, 19, 226634).
cost(23, 20, 566557).
cost(23, 21, 80378).
cost(23, 22, 443157).
cost(23, 24, 482172).
cost(24, 1, 331450).
cost(24, 2, 826460).
cost(24, 3, 737691).
cost(24, 4, 845670).
cost(24, 5, 489185).
cost(24, 6, 622007).
cost(24, 7, 284544).
cost(24, 8, 431627).
cost(24, 9, 450087).
cost(24, 10, 736612).
cost(24, 11, 297725).
cost(24, 12, 269350).
cost(24, 13, 535053).
cost(24, 14, 350915).
cost(24, 15, 623554).
cost(24, 16, 319283).
cost(24, 17, 492597).
cost(24, 18, 149423).
cost(24, 19, 419384).
cost(24, 20, 697636).
cost(24, 21, 402521).
cost(24, 22, 427251).
cost(24, 23, 482172).
