dimension(24).
point(1, 127218.0, -29717.0).
point(2, 52793.0, 46488.0).
point(3, -73281.0, 79764.0).
point(4, 213356.0, 11571.0).
point(5, 337063.0, 47230.0).
point(6, 244066.0, 272898.0).
point(7, 427432.0, -232658.0).
point(8, -107779.0, -30487.0).
point(9, 351773.0, -92998.0).
point(10, 72924.0, -148905.0).
point(11, 76964.0, 11740.0).
point(12, 79556.0, -3196.0).
point(13, -294906.0, -246567.0).
point(14, -141070.0, -81486.0).
point(15, -20972.0, -93082.0).
point(16, 6763.0, -232157.0).
point(17, -272075.0, -128191.0).
point(18, -167775.0, -48863.0).
point(19, -105782.0, 113841.0).
point(20, -180694.0, 42407.0).
point(21, 198572.0, 154656.0).
point(22, 162344.0, -138309.0).
point(23, -58026.0, -118203.0).
point(24, -85270.0, -90577.0).
cost(1, 2, 106519).
cost(1, 3, 228442).
cost(1, 4, 95522).
cost(1, 5, 223508).
cost(1, 6, 324391).
cost(1, 7, 362372).
cost(1, 8, 234998).
cost(1, 9, 233301).
cost(1, 10, 130972).
cost(1, 11, 65147).
cost(1, 12, 54544).
cost(1, 13, 474566).
cost(1, 14, 273237).
cost(1, 15, 161169).
cost(1, 16, 235566).
cost(1, 17, 411257).
cost(1, 18, 295614).
cost(1, 19, 273675).
cost(1, 20, 316246).
cost(1, 21, 197699).
cost(1, 22, 114132).
cost(1, 23, 205293).
cost(1, 24, 221032).
cost(2, 1, 106519).
cost(2, 3, 130392).
cost(2, 4, 164316).
cost(2, 5, 284271).
cost(2, 6, 296390).
cost(2, 7, 467201).
cost(2, 8, 178069).
cost(2, 9, 329917).
cost(2, 10, 196427).
cost(2, 11, 42328).
cost(2, 12, 56434).
cost(2, 13, 454726).
cost(2, 14, 232293).
cost(2, 15, 157864).
cost(2, 16, 282421).
cost(2, 17, 368852).
cost(2, 18, 240296).
cost(2, 19, 172286).
cost(2, 20, 233523).
cost(2, 21, 181526).
cost(2, 22, 214829).
cost(2, 23, 198504).
cost(2, 24, 194546).
cost(3, 1, 228442).
cost(3, 2, 130392).
cost(3, 4, 294637).
cost(3, 5, 411632).
cost(3, 6, 371497).
cost(3, 7, 590187).
cost(3, 8, 115522).
cost(3, 9, 458822).
cost(3, 10, 271414).
cost(3, 11, 164927).
cost(3, 12, 173901).
cost(3, 13, 394474).
cost(3, 14, 174920).
cost(3, 15, 180588).
cost(3, 16, 322028).
cost(3, 17, 287688).
cost(3, 18, 159606).
cost(3, 19, 47091).
cost(3, 20, 113724).
cost(3, 21, 281980).
cost(3, 22, 321053).
cost(3, 23, 198554).
cost(3, 24, 170762).
cost(4, 1, 95522).
cost(4, 2, 164316).
cost(4, 3, 294637).
cost(4, 5, 128744).
cost(4, 6, 263125).
cost(4, 7, 324771).
cost(4, 8, 323877).
cost(4, 9, 173476).
cost(4, 10, 213246).
cost(4, 11, 136392).
cost(4, 12, 134612).
cost(4, 13, 570057).
cost(4, 14, 366439).
cost(4, 15, 256636).
cost(4, 16, 319506).
cost(4, 17, 505150).
cost(4, 18, 385893).
cost(4, 19, 335124).
cost(4, 20, 395255).
cost(4, 21, 143847).
cost(4, 22, 158323).
cost(4, 23, 300815).
cost(4, 24, 315613).
cost(5, 1, 223508).
cost(5, 2, 284271).
cost(5, 3, 411632).
cost(5, 4, 128744).
cost(5, 6, 244079).
cost(5, 7, 294115).
cost(5, 8, 451580).
cost(5, 9, 140997).
cost(5, 10, 328996).
cost(5, 11, 262509).
cost(5, 12, 262398).
cost(5, 13, 696923).
cost(5, 14, 495156).
cost(5, 15, 384547).
cost(5, 16, 432614).
cost(5, 17, 633894).
cost(5, 18, 513902).
cost(5, 19, 447827).
cost(5, 20, 517779).
cost(5, 21, 175272).
cost(5, 22, 254856).
cost(5, 23, 428326).
cost(5, 24, 444248).
cost(6, 1, 324391).
cost(6, 2, 296390).
cost(6, 3, 371497).
cost(6, 4, 263125).
cost(6, 5, 244079).
cost(6, 7, 537782).
cost(6, 8, 464583).
cost(6, 9, 381419).
cost(6, 10, 455200).
cost(6, 11, 310043).
cost(6, 12, 321390).
cost(6, 13, 748555).
cost(6, 14, 523372).
cost(6, 15, 451870).
cost(6, 16, 558026).
cost(6, 17, 653662).
cost(6, 18, 522631).
cost(6, 19, 384308).
cost(6, 20, 483267).
cost(6, 21, 126692).
cost(6, 22, 419249).
cost(6, 23, 494186).
cost(6, 24, 490486).
cost(7, 1, 362372).
cost(7, 2, 467201).
cost(7, 3, 590187).
cost(7, 4, 324771).
cost(7, 5, 294115).
cost(7, 6, 537782).
cost(7, 8, 572122).
cost(7, 9, 158837).
cost(7, 10, 364267).
cost(7, 11, 427268).
cost(7, 12, 416738).
cost(7, 13, 722472).
cost(7, 14, 588258).
cost(7, 15, 469625).
cost(7, 16, 420669).
cost(7, 17, 707265).
cost(7, 18, 622938).
cost(7, 19, 635908).
cost(7, 20, 667441).
cost(7, 21, 449877).
cost(7, 22, 281378).
cost(7, 23, 498768).
cost(7, 24, 532025).
cost(8, 1, 234998).
cost(8, 2, 178069).
cost(8, 3, 115522).
cost(8, 4, 323877).
cost(8, 5, 451580).
cost(8, 6, 464583).
cost(8, 7, 572122).
cost(8, 9, 463784).
cost(8, 10, 216047).
cost(8, 11, 189508).
cost(8, 12, 189312).
cost(8, 13, 285845).
cost(8, 14, 60903).
cost(8, 15, 107021).
cost(8, 16, 231928).
cost(8, 17, 191152).
cost(8, 18, 62747).
cost(8, 19, 144342).
cost(8, 20, 103103).
cost(8, 21, 357951).
cost(8, 22, 290847).
cost(8, 23, 100844).
cost(8, 24, 64167).
cost(9, 1, 233301).
cost(9, 2, 329917).
cost(9, 3, 458822).
cost(9, 4, 173476).
cost(9, 5, 140997).
cost(9, 6, 381419).
cost(9, 7, 158837).
cost(9, 8, 463784).
cost(9, 10, 284398).
cost(9, 11, 294092).
cost(9, 12, 286647).
cost(9, 13, 664663).
cost(9, 14, 492977).
cost(9, 15, 372745).
cost(9, 16, 372018).
cost(9, 17, 624840).
cost(9, 18, 521419).
cost(9, 19, 502134).
cost(9, 20, 549414).
cost(9, 21, 291210).
cost(9, 22, 194773).
cost(9, 23, 410573).
cost(9, 24, 437050).
cost(10, 1, 130972).
cost(10, 2, 196427).
cost(10, 3, 271414).
cost(10, 4, 213246).
cost(10, 5, 328996).
cost(10, 6, 455200).
cost(10, 7, 364267).
cost(10, 8, 216047).
cost(10, 9, 284398).
cost(10, 11, 160696).
cost(10, 12, 145860).
cost(10, 13, 380574).
cost(10, 14, 224363).
cost(10, 15, 109237).
cost(10, 16, 106340).
cost(10, 17, 345620).
cost(10, 18, 260661).
cost(10, 19, 317760).
cost(10, 20, 317683).
cost(10, 21, 328537).
cost(10, 22, 90046).
cost(10, 23, 134501).
cost(10, 24, 168605).
cost(11, 1, 65147).
cost(11, 2, 42328).
cost(11, 3, 164927).
cost(11, 4, 136392).
cost(11, 5, 262509).
cost(11, 6, 310043).
cost(11, 7, 427268).
cost(11, 8, 189508).
cost(11, 9, 294092).
cost(11, 10, 160696).
cost(11, 12, 15159).
cost(11, 13, 452780).
cost(11, 14, 237128).
cost(11, 15, 143454).
cost(11, 16, 253799).
cost(11, 17, 376044).
cost(11, 18, 252131).
cost(11, 19, 209334).
cost(11, 20, 259477).
cost(11, 21, 187653).
cost(11, 22, 172640).
cost(11, 23, 187370).
cost(11, 24, 191804).
cost(12, 1, 54544).
cost(12, 2, 56434).
cost(12, 3, 173901).
cost(12, 4, 134612).
cost(12, 5, 262398).
cost(12, 6, 321390).
cost(12, 7, 416738).
cost(12, 8, 189312).
cost(12, 9, 286647).
cost(12, 10, 145860).
cost(12, 11, 15159).
cost(12, 13, 446600).
cost(12, 14, 234105).
cost(12, 15, 134853).
cost(12, 16, 240254).
cost(12, 17, 373186).
cost(12, 18, 251512).
cost(12, 19, 219198).
cost(12, 20, 264215).
cost(12, 21, 197692).
cost(12, 22, 158459).
cost(12, 23, 179319).
cost(12, 24, 186556).
cost(13, 1, 474566).
cost(13, 2, 454726).
cost(13, 3, 394474).
cost(13, 4, 570057).
cost(13, 5, 696923).
cost(13, 6, 748555).
cost(13, 7, 722472).
cost(13, 8, 285845).
cost(13, 9, 664663).
cost(13, 10, 380574).
cost(13, 11, 452780).
cost(13, 12, 446600).
cost(13, 14, 225649).
cost(13, 15, 314002).
cost(13, 16, 302013).
cost(13, 17, 120558).
cost(13, 18, 235051).
cost(13, 19, 407016).
cost(13, 20, 310726).
cost(13, 21, 636003).
cost(13, 22, 469891).
cost(13, 23, 269424).
cost(13, 24, 261305).
cost(14, 1, 273237).
cost(14, 2, 232293).
cost(14, 3, 174920).
cost(14, 4, 366439).
cost(14, 5, 495156).
cost(14, 6, 523372).
cost(14, 7, 588258).
cost(14, 8, 60903).
cost(14, 9, 492977).
cost(14, 10, 224363).
cost(14, 11, 237128).
cost(14, 12, 234105).
cost(14, 13, 225649).
cost(14, 15, 120657).
cost(14, 16, 211084).
cost(14, 17, 139082).
cost(14, 18, 42159).
cost(14, 19, 198489).
cost(14, 20, 130075).
cost(14, 21, 413666).
cost(14, 22, 308689).
cost(14, 23, 90799).
cost(14, 24, 56536).
cost(15, 1, 161169).
cost(15, 2, 157864).
cost(15, 3, 180588).
cost(15, 4, 256636).
cost(15, 5, 384547).
cost(15, 6, 451870).
cost(15, 7, 469625).
cost(15, 8, 107021).
cost(15, 9, 372745).
cost(15, 10, 109237).
cost(15, 11, 143454).
cost(15, 12, 134853).
cost(15, 13, 314002).
cost(15, 14, 120657).
cost(15, 16, 141814).
cost(15, 17, 253546).
cost(15, 18, 153318).
cost(15, 19, 223629).
cost(15, 20, 209448).
cost(15, 21, 331019).
cost(15, 22, 188813).
cost(15, 23, 44767).
cost(15, 24, 64347).
cost(16, 1, 235566).
cost(16, 2, 282421).
cost(16, 3, 322028).
cost(16, 4, 319506).
cost(16, 5, 432614).
cost(16, 6, 558026).
cost(16, 7, 420669).
cost(16, 8, 231928).
cost(16, 9, 372018).
cost(16, 10, 106340).
cost(16, 11, 253799).
cost(16, 12, 240254).
cost(16, 13, 302013).
cost(16, 14, 211084).
cost(16, 15, 141814).
cost(16, 17, 297590).
cost(16, 18, 253101).
cost(16, 19, 363842).
cost(16, 20, 332454).
cost(16, 21, 431758).
cost(16, 22, 181695).
cost(16, 23, 131084).
cost(16, 24, 168864).
cost(17, 1, 411257).
cost(17, 2, 368852).
cost(17, 3, 287688).
cost(17, 4, 505150).
cost(17, 5, 633894).
cost(17, 6, 653662).
cost(17, 7, 707265).
cost(17, 8, 191152).
cost(17, 9, 624840).
cost(17, 10, 345620).
cost(17, 11, 376044).
cost(17, 12, 373186).
cost(17, 13, 120558).
cost(17, 14, 139082).
cost(17, 15, 253546).
cost(17, 16, 297590).
cost(17, 18, 131040).
cost(17, 19, 293654).
cost(17, 20, 193531).
cost(17, 21, 549100).
cost(17, 22, 434537).
cost(17, 23, 214282).
cost(17, 24, 190554).
cost(18, 1, 295614).
cost(18, 2, 240296).
cost(18, 3, 159606).
cost(18, 4, 385893).
cost(18, 5, 513902).
cost(18, 6, 522631).
cost(18, 7, 622938).
cost(18, 8, 62747).
cost(18, 9, 521419).
cost(18, 10, 260661).
cost(18, 11, 252131).
cost(18, 12, 251512).
cost(18, 13, 235051).
cost(18, 14, 42159).
cost(18, 15, 153318).
cost(18, 16, 253101).
cost(18, 17, 131040).
cost(18, 19, 174114).
cost(18, 20, 92180).
cost(18, 21, 419082).
cost(18, 22, 342022).
cost(18, 23, 129819).
cost(18, 24, 92451).
cost(19, 1, 273675).
cost(19, 2, 172286).
cost(19, 3, 47091).
cost(19, 4, 335124).
cost(19, 5, 447827).
cost(19, 6, 384308).
cost(19, 7, 635908).
cost(19, 8, 144342).
cost(19, 9, 502134).
cost(19, 10, 317760).
cost(19, 11, 209334).
cost(19, 12, 219198).
cost(19, 13, 407016).
cost(19, 14, 198489).
cost(19, 15, 223629).
cost(19, 16, 363842).
cost(19, 17, 293654).
cost(19, 18, 174114).
cost(19, 20, 103511).
cost(19, 21, 307079).
cost(19, 22, 368064).
cost(19, 23, 236907).
cost(19, 24, 205445).
cost(20, 1, 316246).
cost(20, 2, 233523).
cost(20, 3, 113724).
cost(20, 4, 395255).
cost(20, 5, 517779).
cost(20, 6, 483267).
cost(20, 7, 667441).
cost(20, 8, 103103).
cost(20, 9, 549414).
cost(20, 10, 317683).
cost(20, 11, 259477).
cost(20, 12, 264215).
cost(20, 13, 310726).
cost(20, 14, 130075).
cost(20, 15, 209448).
cost(20, 16, 332454).
cost(20, 17, 193531).
cost(20, 18, 92180).
cost(20, 19, 103511).
cost(20, 21, 395528).
cost(20, 22, 387728).
cost(20, 23, 202097).
cost(20, 24, 163678).
cost(21, 1, 197699).
cost(21, 2, 181526).
cost(21, 3, 281980).
cost(21, 4, 143847).
cost(21, 5, 175272).
cost(21, 6, 126692).
cost(21, 7, 449877).
cost(21, 8, 357951).
cost(21, 9, 291210).
cost(21, 10, 328537).
cost(21, 11, 187653).
cost(21, 12, 197692).
cost(21, 13, 636003).
cost(21, 14, 413666).
cost(21, 15, 331019).
cost(21, 16, 431758).
cost(21, 17, 549100).
cost(21, 18, 419082).
cost(21, 19, 307079).
cost(21, 20, 395528).
cost(21, 22, 295196).
cost(21, 23, 374559).
cost(21, 24, 375107).
cost(22, 1, 114132).
cost(22, 2, 214829).
cost(22, 3, 321053).
cost(22, 4, 158323).
cost(22, 5, 254856).
cost(22, 6, 419249).
cost(22, 7, 281378).
cost(22, 8, 290847).
cost(22, 9, 194773).
cost(22, 10, 90046).
cost(22, 11, 172640).
cost(22, 12, 158459).
cost(22, 13, 469891).
cost(22, 14, 308689).
cost(22, 15, 188813).
cost(22, 16, 181695).
cost(22, 17, 434537).
cost(22, 18, 342022).
cost(22, 19, 368064).
cost(22, 20, 387728).
cost(22, 21, 295196).
cost(22, 23, 221285).
cost(22, 24, 252173).
cost(23, 1, 205293).
cost(23, 2, 198504).
cost(23, 3, 198554).
cost(23, 4, 300815).
cost(23, 5, 428326).
cost(23, 6, 494186).
cost(23, 7, 498768).
cost(23, 8, 100844).
cost(23, 9, 410573).
cost(23, 10, 134501).
cost(23, 11, 187370).
cost(23, 12, 179319).
cost(23, 13, 269424).
cost(23, 14, 90799).
cost(23, 15, 44767).
cost(23, 16, 131084).
cost(23, 17, 214282).
cost(23, 18, 129819).
cost(23, 19, 236907).
cost(23, 20, 202097).
cost(23, 21, 374559).
cost(23, 22, 221285).
cost(23, 24, 38800).
cost(24, 1, 221032).
cost(24, 2, 194546).
cost(24, 3, 170762).
cost(24, 4, 315613).
cost(24, 5, 444248).
cost(24, 6, 490486).
cost(24, 7, 532025).
cost(24, 8, 64167).
cost(24, 9, 437050).
cost(24, 10, 168605).
cost(24, 11, 191804).
cost(24, 12, 186556).
cost(24, 13, 261305).
cost(24, 14, 56536).
cost(24, 15, 64347).
cost(24, 16, 168864).
cost(24, 17, 190554).
cost(24, 18, 92451).
cost(24, 19, 205445).
cost(24, 20, 163678).
cost(24, 21, 375107).
cost(24, 22, 252173).
cost(24, 23, 38800).
