dimension(24).
point(1, 144144.0, -106035.0).
point(2, 227417.0, -203010.0).
point(3, -191263.0, 344975.0).
point(4, -112327.0, 76676.0).
point(5, -153969.0, -26125.0).
point(6, -410004.0, -108993.0).
point(7, 228699.0, -230979.0).
point(8, -16329.0, 402103.0).
point(9, 51729.0, 216573.0).
point(10, -216026.0, 336481.0).
point(11, -34685.0, 83350.0).
point(12, 273206.0, -336664.0).
point(13, 336679.0, -187038.0).
point(14, -198191.0, -162312.0).
point(15, -6013.0, -6884.0).
point(16, 197753.0, -209722.0).
point(17, 218843.0, -6475.0).
point(18, -160306.0, -163092.0).
point(19, -88516.0, -136250.0).
point(20, 405575.0, -28978.0).
point(21, 245844.0, 27836.0).
point(22, -136968.0, 8398.0).
point(23, -196189.0, -97860.0).
point(24, -42914.0, 54687.0).
cost(1, 2, 127822).
cost(1, 3, 562057).
cost(1, 4, 314898).
cost(1, 5, 308637).
cost(1, 6, 554156).
cost(1, 7, 150866).
cost(1, 8, 532875).
cost(1, 9, 335584).
cost(1, 10, 570564).
cost(1, 11, 260474).
cost(1, 12, 264285).
cost(1, 13, 208881).
cost(1, 14, 346930).
cost(1, 15, 179939).
cost(1, 16, 116726).
cost(1, 17, 124467).
cost(1, 18, 309750).
cost(1, 19, 234614).
cost(1, 20, 272551).
cost(1, 21, 168120).
cost(1, 22, 303511).
cost(1, 23, 340431).
cost(1, 24, 246622).
cost(2, 1, 127822).
cost(2, 3, 689623).
cost(2, 4, 440057).
cost(2, 5, 420409).
cost(2, 6, 644317).
cost(2, 7, 27998).
cost(2, 8, 652360).
cost(2, 9, 454880).
cost(2, 10, 698350).
cost(2, 11, 388200).
cost(2, 12, 141280).
cost(2, 13, 110423).
cost(2, 14, 427549).
cost(2, 15, 304885).
cost(2, 16, 30414).
cost(2, 17, 196722).
cost(2, 18, 389772).
cost(2, 19, 322910).
cost(2, 20, 249053).
cost(2, 21, 231580).
cost(2, 22, 421272).
cost(2, 23, 436461).
cost(2, 24, 373479).
cost(3, 1, 562057).
cost(3, 2, 689623).
cost(3, 4, 279670).
cost(3, 5, 372969).
cost(3, 6, 503919).
cost(3, 7, 712805).
cost(3, 8, 184026).
cost(3, 9, 274831).
cost(3, 10, 26179).
cost(3, 11, 304900).
cost(3, 12, 824841).
cost(3, 13, 749507).
cost(3, 14, 507334).
cost(3, 15, 397646).
cost(3, 16, 677512).
cost(3, 17, 540096).
cost(3, 18, 509009).
cost(3, 19, 492072).
cost(3, 20, 704313).
cost(3, 21, 540037).
cost(3, 22, 340928).
cost(3, 23, 442862).
cost(3, 24, 325998).
cost(4, 1, 314898).
cost(4, 2, 440057).
cost(4, 3, 279670).
cost(4, 5, 110915).
cost(4, 6, 350834).
cost(4, 7, 459293).
cost(4, 8, 339291).
cost(4, 9, 215605).
cost(4, 10, 279736).
cost(4, 11, 77928).
cost(4, 12, 565231).
cost(4, 13, 520722).
cost(4, 14, 253945).
cost(4, 15, 135222).
cost(4, 16, 422106).
cost(4, 17, 341449).
cost(4, 18, 244521).
cost(4, 19, 214253).
cost(4, 20, 528569).
cost(4, 21, 361486).
cost(4, 22, 72588).
cost(4, 23, 193638).
cost(4, 24, 72813).
cost(5, 1, 308637).
cost(5, 2, 420409).
cost(5, 3, 372969).
cost(5, 4, 110915).
cost(5, 6, 269112).
cost(5, 7, 434051).
cost(5, 8, 449804).
cost(5, 9, 318141).
cost(5, 10, 367878).
cost(5, 11, 161906).
cost(5, 12, 528122).
cost(5, 13, 516361).
cost(5, 14, 143187).
cost(5, 15, 149202).
cost(5, 16, 396757).
cost(5, 17, 373329).
cost(5, 18, 137114).
cost(5, 19, 128108).
cost(5, 20, 559551).
cost(5, 21, 403438).
cost(5, 22, 38482).
cost(5, 23, 83237).
cost(5, 24, 137346).
cost(6, 1, 554156).
cost(6, 2, 644317).
cost(6, 3, 503919).
cost(6, 4, 350834).
cost(6, 5, 269112).
cost(6, 7, 650248).
cost(6, 8, 645135).
cost(6, 9, 564970).
cost(6, 10, 485875).
cost(6, 11, 421735).
cost(6, 12, 720146).
cost(6, 13, 750751).
cost(6, 14, 218421).
cost(6, 15, 416695).
cost(6, 16, 616048).
cost(6, 17, 637149).
cost(6, 18, 255491).
cost(6, 19, 322641).
cost(6, 20, 819495).
cost(6, 21, 669969).
cost(6, 22, 297202).
cost(6, 23, 214105).
cost(6, 24, 401928).
cost(7, 1, 150866).
cost(7, 2, 27998).
cost(7, 3, 712805).
cost(7, 4, 459293).
cost(7, 5, 434051).
cost(7, 6, 650248).
cost(7, 8, 678846).
cost(7, 9, 481270).
cost(7, 10, 720965).
cost(7, 11, 410090).
cost(7, 12, 114674).
cost(7, 13, 116578).
cost(7, 14, 432377).
cost(7, 15, 324512).
cost(7, 16, 37544).
cost(7, 17, 224720).
cost(7, 18, 394884).
cost(7, 19, 331057).
cost(7, 20, 268495).
cost(7, 21, 259382).
cost(7, 22, 437051).
cost(7, 23, 445253).
cost(7, 24, 394181).
cost(8, 1, 532875).
cost(8, 2, 652360).
cost(8, 3, 184026).
cost(8, 4, 339291).
cost(8, 5, 449804).
cost(8, 6, 645135).
cost(8, 7, 678846).
cost(8, 9, 197619).
cost(8, 10, 210203).
cost(8, 11, 319281).
cost(8, 12, 793478).
cost(8, 13, 686805).
cost(8, 14, 592991).
cost(8, 15, 409117).
cost(8, 16, 648198).
cost(8, 17, 471425).
cost(8, 18, 583245).
cost(8, 19, 543171).
cost(8, 20, 603186).
cost(8, 21, 456958).
cost(8, 22, 411773).
cost(8, 23, 531331).
cost(8, 24, 348432).
cost(9, 1, 335584).
cost(9, 2, 454880).
cost(9, 3, 274831).
cost(9, 4, 215605).
cost(9, 5, 318141).
cost(9, 6, 564970).
cost(9, 7, 481270).
cost(9, 8, 197619).
cost(9, 10, 293378).
cost(9, 11, 158795).
cost(9, 12, 595922).
cost(9, 13, 494063).
cost(9, 14, 453887).
cost(9, 15, 230797).
cost(9, 16, 450611).
cost(9, 17, 278707).
cost(9, 18, 434861).
cost(9, 19, 379675).
cost(9, 20, 430700).
cost(9, 21, 270744).
cost(9, 22, 280969).
cost(9, 23, 400414).
cost(9, 24, 187522).
cost(10, 1, 570564).
cost(10, 2, 698350).
cost(10, 3, 26179).
cost(10, 4, 279736).
cost(10, 5, 367878).
cost(10, 6, 485875).
cost(10, 7, 720965).
cost(10, 8, 210203).
cost(10, 9, 293378).
cost(10, 11, 311384).
cost(10, 12, 832149).
cost(10, 13, 761285).
cost(10, 14, 499112).
cost(10, 15, 402498).
cost(10, 16, 685238).
cost(10, 17, 553832).
cost(10, 18, 502671).
cost(10, 19, 489626).
cost(10, 20, 721074).
cost(10, 21, 555505).
cost(10, 22, 337474).
cost(10, 23, 434794).
cost(10, 24, 330720).
cost(11, 1, 260474).
cost(11, 2, 388200).
cost(11, 3, 304900).
cost(11, 4, 77928).
cost(11, 5, 161906).
cost(11, 6, 421735).
cost(11, 7, 410090).
cost(11, 8, 319281).
cost(11, 9, 158795).
cost(11, 10, 311384).
cost(11, 12, 520777).
cost(11, 13, 459370).
cost(11, 14, 295100).
cost(11, 15, 94680).
cost(11, 16, 374057).
cost(11, 17, 268970).
cost(11, 18, 276612).
cost(11, 19, 226102).
cost(11, 20, 454364).
cost(11, 21, 285969).
cost(11, 22, 126805).
cost(11, 23, 242736).
cost(11, 24, 29821).
cost(12, 1, 264285).
cost(12, 2, 141280).
cost(12, 3, 824841).
cost(12, 4, 565231).
cost(12, 5, 528122).
cost(12, 6, 720146).
cost(12, 7, 114674).
cost(12, 8, 793478).
cost(12, 9, 595922).
cost(12, 10, 832149).
cost(12, 11, 520777).
cost(12, 13, 162532).
cost(12, 14, 502607).
cost(12, 15, 432109).
cost(12, 16, 147673).
cost(12, 17, 334634).
cost(12, 18, 466969).
cost(12, 19, 413532).
cost(12, 20, 334951).
cost(12, 21, 365526).
cost(12, 22, 536014).
cost(12, 23, 526649).
cost(12, 24, 503078).
cost(13, 1, 208881).
cost(13, 2, 110423).
cost(13, 3, 749507).
cost(13, 4, 520722).
cost(13, 5, 516361).
cost(13, 6, 750751).
cost(13, 7, 116578).
cost(13, 8, 686805).
cost(13, 9, 494063).
cost(13, 10, 761285).
cost(13, 11, 459370).
cost(13, 12, 162532).
cost(13, 14, 535441).
cost(13, 15, 387161).
cost(13, 16, 140766).
cost(13, 17, 215612).
cost(13, 18, 497562).
cost(13, 19, 428217).
cost(13, 20, 172423).
cost(13, 21, 233285).
cost(13, 22, 512383).
cost(13, 23, 540279).
cost(13, 24, 450024).
cost(14, 1, 346930).
cost(14, 2, 427549).
cost(14, 3, 507334).
cost(14, 4, 253945).
cost(14, 5, 143187).
cost(14, 6, 218421).
cost(14, 7, 432377).
cost(14, 8, 592991).
cost(14, 9, 453887).
cost(14, 10, 499112).
cost(14, 11, 295100).
cost(14, 12, 502607).
cost(14, 13, 535441).
cost(14, 15, 247164).
cost(14, 16, 398772).
cost(14, 17, 445199).
cost(14, 18, 37893).
cost(14, 19, 112729).
cost(14, 20, 618313).
cost(14, 21, 483036).
cost(14, 22, 181356).
cost(14, 23, 64483).
cost(14, 24, 266832).
cost(15, 1, 179939).
cost(15, 2, 304885).
cost(15, 3, 397646).
cost(15, 4, 135222).
cost(15, 5, 149202).
cost(15, 6, 416695).
cost(15, 7, 324512).
cost(15, 8, 409117).
cost(15, 9, 230797).
cost(15, 10, 402498).
cost(15, 11, 94680).
cost(15, 12, 432109).
cost(15, 13, 387161).
cost(15, 14, 247164).
cost(15, 16, 287513).
cost(15, 17, 224856).
cost(15, 18, 219562).
cost(15, 19, 153435).
cost(15, 20, 412181).
cost(15, 21, 254239).
cost(15, 22, 131844).
cost(15, 23, 210816).
cost(15, 24, 71782).
cost(16, 1, 116726).
cost(16, 2, 30414).
cost(16, 3, 677512).
cost(16, 4, 422106).
cost(16, 5, 396757).
cost(16, 6, 616048).
cost(16, 7, 37544).
cost(16, 8, 648198).
cost(16, 9, 450611).
cost(16, 10, 685238).
cost(16, 11, 374057).
cost(16, 12, 147673).
cost(16, 13, 140766).
cost(16, 14, 398772).
cost(16, 15, 287513).
cost(16, 17, 204338).
cost(16, 18, 361083).
cost(16, 19, 295547).
cost(16, 20, 275424).
cost(16, 21, 242377).
cost(16, 22, 399518).
cost(16, 23, 409516).
cost(16, 24, 357537).
cost(17, 1, 124467).
cost(17, 2, 196722).
cost(17, 3, 540096).
cost(17, 4, 341449).
cost(17, 5, 373329).
cost(17, 6, 637149).
cost(17, 7, 224720).
cost(17, 8, 471425).
cost(17, 9, 278707).
cost(17, 10, 553832).
cost(17, 11, 268970).
cost(17, 12, 334634).
cost(17, 13, 215612).
cost(17, 14, 445199).
cost(17, 15, 224856).
cost(17, 16, 204338).
cost(17, 18, 410223).
cost(17, 19, 333633).
cost(17, 20, 188083).
cost(17, 21, 43661).
cost(17, 22, 356122).
cost(17, 23, 424974).
cost(17, 24, 268808).
cost(18, 1, 309750).
cost(18, 2, 389772).
cost(18, 3, 509009).
cost(18, 4, 244521).
cost(18, 5, 137114).
cost(18, 6, 255491).
cost(18, 7, 394884).
cost(18, 8, 583245).
cost(18, 9, 434861).
cost(18, 10, 502671).
cost(18, 11, 276612).
cost(18, 12, 466969).
cost(18, 13, 497562).
cost(18, 14, 37893).
cost(18, 15, 219562).
cost(18, 16, 361083).
cost(18, 17, 410223).
cost(18, 19, 76644).
cost(18, 20, 581556).
cost(18, 21, 448789).
cost(18, 22, 173071).
cost(18, 23, 74450).
cost(18, 24, 247404).
cost(19, 1, 234614).
cost(19, 2, 322910).
cost(19, 3, 492072).
cost(19, 4, 214253).
cost(19, 5, 128108).
cost(19, 6, 322641).
cost(19, 7, 331057).
cost(19, 8, 543171).
cost(19, 9, 379675).
cost(19, 10, 489626).
cost(19, 11, 226102).
cost(19, 12, 413532).
cost(19, 13, 428217).
cost(19, 14, 112729).
cost(19, 15, 153435).
cost(19, 16, 295547).
cost(19, 17, 333633).
cost(19, 18, 76644).
cost(19, 20, 505602).
cost(19, 21, 372452).
cost(19, 22, 152547).
cost(19, 23, 114312).
cost(19, 24, 196307).
cost(20, 1, 272551).
cost(20, 2, 249053).
cost(20, 3, 704313).
cost(20, 4, 528569).
cost(20, 5, 559551).
cost(20, 6, 819495).
cost(20, 7, 268495).
cost(20, 8, 603186).
cost(20, 9, 430700).
cost(20, 10, 721074).
cost(20, 11, 454364).
cost(20, 12, 334951).
cost(20, 13, 172423).
cost(20, 14, 618313).
cost(20, 15, 412181).
cost(20, 16, 275424).
cost(20, 17, 188083).
cost(20, 18, 581556).
cost(20, 19, 505602).
cost(20, 21, 169534).
cost(20, 22, 543829).
cost(20, 23, 605694).
cost(20, 24, 456226).
cost(21, 1, 168120).
cost(21, 2, 231580).
cost(21, 3, 540037).
cost(21, 4, 361486).
cost(21, 5, 403438).
cost(21, 6, 669969).
cost(21, 7, 259382).
cost(21, 8, 456958).
cost(21, 9, 270744).
cost(21, 10, 555505).
cost(21, 11, 285969).
cost(21, 12, 365526).
cost(21, 13, 233285).
cost(21, 14, 483036).
cost(21, 15, 254239).
cost(21, 16, 242377).
cost(21, 17, 43661).
cost(21, 18, 448789).
cost(21, 19, 372452).
cost(21, 20, 169534).
cost(21, 22, 383305).
cost(21, 23, 459557).
cost(21, 24, 290004).
cost(22, 1, 303511).
cost(22, 2, 421272).
cost(22, 3, 340928).
cost(22, 4, 72588).
cost(22, 5, 38482).
cost(22, 6, 297202).
cost(22, 7, 437051).
cost(22, 8, 411773).
cost(22, 9, 280969).
cost(22, 10, 337474).
cost(22, 11, 126805).
cost(22, 12, 536014).
cost(22, 13, 512383).
cost(22, 14, 181356).
cost(22, 15, 131844).
cost(22, 16, 399518).
cost(22, 17, 356122).
cost(22, 18, 173071).
cost(22, 19, 152547).
cost(22, 20, 543829).
cost(22, 21, 383305).
cost(22, 23, 121647).
cost(22, 24, 104828).
cost(23, 1, 340431).
cost(23, 2, 436461).
cost(23, 3, 442862).
cost(23, 4, 193638).
cost(23, 5, 83237).
cost(23, 6, 214105).
cost(23, 7, 445253).
cost(23, 8, 531331).
cost(23, 9, 400414).
cost(23, 10, 434794).
cost(23, 11, 242736).
cost(23, 12, 526649).
cost(23, 13, 540279).
cost(23, 14, 64483).
cost(23, 15, 210816).
cost(23, 16, 409516).
cost(23, 17, 424974).
cost(23, 18, 74450).
cost(23, 19, 114312).
cost(23, 20, 605694).
cost(23, 21, 459557).
cost(23, 22, 121647).
cost(23, 24, 216249).
cost(24, 1, 246622).
cost(24, 2, 373479).
cost(24, 3, 325998).
cost(24, 4, 72813).
cost(24, 5, 137346).
cost(24, 6, 401928).
cost(24, 7, 394181).
cost(24, 8, 348432).
cost(24, 9, 187522).
cost(24, 10, 330720).
cost(24, 11, 29821).
cost(24, 12, 503078).
cost(24, 13, 450024).
cost(24, 14, 266832).
cost(24, 15, 71782).
cost(24, 16, 357537).
cost(24, 17, 268808).
cost(24, 18, 247404).
cost(24, 19, 196307).
cost(24, 20, 456226).
cost(24, 21, 290004).
cost(24, 22, 104828).
cost(24, 23, 216249).
