dimension(24).
point(1, 252952.0, 84969.0).
point(2, -236281.0, 384902.0).
point(3, 138953.0, 504920.0).
point(4, 135625.0, 94033.0).
point(5, 79948.0, 153400.0).
point(6, -165342.0, 169750.0).
point(7, -56692.0, 284434.0).
point(8, -334021.0, -305665.0).
point(9, 117534.0, 230274.0).
point(10, 249460.0, 159527.0).
point(11, 345253.0, -236412.0).
point(12, 104722.0, -343589.0).
point(13, -65711.0, -64147.0).
point(14, 78169.0, 254113.0).
point(15, 151293.0, -501962.0).
point(16, -7208.0, 273808.0).
point(17, 39194.0, -84819.0).
point(18, -12038.0, 5116.0).
point(19, 279028.0, 22529.0).
point(20, 96895.0, -12792.0).
point(21, -179023.0, -46785.0).
point(22, 228799.0, -101331.0).
point(23, 222598.0, 203873.0).
point(24, 16111.0, 509197.0).
cost(1, 2, 573854).
cost(1, 3, 435149).
cost(1, 4, 117677).
cost(1, 5, 186046).
cost(1, 6, 426799).
cost(1, 7, 368328).
cost(1, 8, 705076).
cost(1, 9, 198624).
cost(1, 10, 74640).
cost(1, 11, 334373).
cost(1, 12, 453469).
cost(1, 13, 351826).
cost(1, 14, 243226).
cost(1, 15, 595670).
cost(1, 16, 321471).
cost(1, 17, 272984).
cost(1, 18, 276760).
cost(1, 19, 67666).
cost(1, 20, 184149).
cost(1, 21, 451621).
cost(1, 22, 187859).
cost(1, 23, 122717).
cost(1, 24, 485863).
cost(2, 1, 573854).
cost(2, 3, 393960).
cost(2, 4, 472143).
cost(2, 5, 391911).
cost(2, 6, 226545).
cost(2, 7, 205782).
cost(2, 8, 697450).
cost(2, 9, 386128).
cost(2, 10, 535479).
cost(2, 11, 851007).
cost(2, 12, 804352).
cost(2, 13, 480353).
cost(2, 14, 340565).
cost(2, 15, 967854).
cost(2, 16, 254590).
cost(2, 17, 544540).
cost(2, 18, 441047).
cost(2, 19, 629966).
cost(2, 20, 518813).
cost(2, 21, 435468).
cost(2, 22, 672846).
cost(2, 23, 493296).
cost(2, 24, 281338).
cost(3, 1, 435149).
cost(3, 2, 393960).
cost(3, 4, 410900).
cost(3, 5, 356438).
cost(3, 6, 452697).
cost(3, 7, 294773).
cost(3, 8, 938484).
cost(3, 9, 275480).
cost(3, 10, 362640).
cost(3, 11, 769502).
cost(3, 12, 849199).
cost(3, 13, 604752).
cost(3, 14, 258068).
cost(3, 15, 1006958).
cost(3, 16, 273452).
cost(3, 17, 598117).
cost(3, 18, 522113).
cost(3, 19, 502317).
cost(3, 20, 519418).
cost(3, 21, 636779).
cost(3, 22, 612872).
cost(3, 23, 312451).
cost(3, 24, 122916).
cost(4, 1, 117677).
cost(4, 2, 472143).
cost(4, 3, 410900).
cost(4, 5, 81390).
cost(4, 6, 310345).
cost(4, 7, 270626).
cost(4, 8, 616706).
cost(4, 9, 137437).
cost(4, 10, 131331).
cost(4, 11, 391328).
cost(4, 12, 438712).
cost(4, 13, 256041).
cost(4, 14, 170079).
cost(4, 15, 596201).
cost(4, 16, 229609).
cost(4, 17, 203192).
cost(4, 18, 172368).
cost(4, 19, 160241).
cost(4, 20, 113629).
cost(4, 21, 344722).
cost(4, 22, 216445).
cost(4, 23, 140104).
cost(4, 24, 432024).
cost(5, 1, 186046).
cost(5, 2, 391911).
cost(5, 3, 356438).
cost(5, 4, 81390).
cost(5, 6, 245834).
cost(5, 7, 189316).
cost(5, 8, 618151).
cost(5, 9, 85571).
cost(5, 10, 169623).
cost(5, 11, 471530).
cost(5, 12, 497606).
cost(5, 13, 261808).
cost(5, 14, 100729).
cost(5, 15, 659234).
cost(5, 16, 148641).
cost(5, 17, 241680).
cost(5, 18, 174498).
cost(5, 19, 238244).
cost(5, 20, 167054).
cost(5, 21, 327322).
cost(5, 22, 295033).
cost(5, 23, 151316).
cost(5, 24, 361478).
cost(6, 1, 426799).
cost(6, 2, 226545).
cost(6, 3, 452697).
cost(6, 4, 310345).
cost(6, 5, 245834).
cost(6, 7, 157979).
cost(6, 8, 504452).
cost(6, 9, 289278).
cost(6, 10, 414928).
cost(6, 11, 652438).
cost(6, 12, 580044).
cost(6, 13, 254232).
cost(6, 14, 257711).
cost(6, 15, 742600).
cost(6, 16, 189300).
cost(6, 17, 326558).
cost(6, 18, 224959).
cost(6, 19, 468123).
cost(6, 20, 319515).
cost(6, 21, 216967).
cost(6, 22, 478364).
cost(6, 23, 389438).
cost(6, 24, 384902).
cost(7, 1, 368328).
cost(7, 2, 205782).
cost(7, 3, 294773).
cost(7, 4, 270626).
cost(7, 5, 189316).
cost(7, 6, 157979).
cost(7, 8, 652019).
cost(7, 9, 182450).
cost(7, 10, 330652).
cost(7, 11, 657906).
cost(7, 12, 648435).
cost(7, 13, 348698).
cost(7, 14, 138228).
cost(7, 15, 813435).
cost(7, 16, 50612).
cost(7, 17, 381500).
cost(7, 18, 282865).
cost(7, 19, 425796).
cost(7, 20, 334563).
cost(7, 21, 353088).
cost(7, 22, 479916).
cost(7, 23, 290677).
cost(7, 24, 236260).
cost(8, 1, 705076).
cost(8, 2, 697450).
cost(8, 3, 938484).
cost(8, 4, 616706).
cost(8, 5, 618151).
cost(8, 6, 504452).
cost(8, 7, 652019).
cost(8, 9, 700808).
cost(8, 10, 746226).
cost(8, 11, 682795).
cost(8, 12, 440379).
cost(8, 13, 361000).
cost(8, 14, 695163).
cost(8, 15, 523509).
cost(8, 16, 665279).
cost(8, 17, 433662).
cost(8, 18, 447502).
cost(8, 19, 695371).
cost(8, 20, 521021).
cost(8, 21, 301734).
cost(8, 22, 598764).
cost(8, 23, 754622).
cost(8, 24, 886900).
cost(9, 1, 198624).
cost(9, 2, 386128).
cost(9, 3, 275480).
cost(9, 4, 137437).
cost(9, 5, 85571).
cost(9, 6, 289278).
cost(9, 7, 182450).
cost(9, 8, 700808).
cost(9, 10, 149698).
cost(9, 11, 519280).
cost(9, 12, 574006).
cost(9, 13, 346789).
cost(9, 14, 46021).
cost(9, 15, 733014).
cost(9, 16, 132120).
cost(9, 17, 324686).
cost(9, 18, 259779).
cost(9, 19, 263132).
cost(9, 20, 243941).
cost(9, 21, 405842).
cost(9, 22, 349774).
cost(9, 23, 108330).
cost(9, 24, 296791).
cost(10, 1, 74640).
cost(10, 2, 535479).
cost(10, 3, 362640).
cost(10, 4, 131331).
cost(10, 5, 169623).
cost(10, 6, 414928).
cost(10, 7, 330652).
cost(10, 8, 746226).
cost(10, 9, 149698).
cost(10, 11, 407362).
cost(10, 12, 523522).
cost(10, 13, 386475).
cost(10, 14, 195671).
cost(10, 15, 668733).
cost(10, 16, 280960).
cost(10, 17, 322361).
cost(10, 18, 303684).
cost(10, 19, 140152).
cost(10, 20, 230152).
cost(10, 21, 475565).
cost(10, 22, 261675).
cost(10, 23, 51847).
cost(10, 24, 420382).
cost(11, 1, 334373).
cost(11, 2, 851007).
cost(11, 3, 769502).
cost(11, 4, 391328).
cost(11, 5, 471530).
cost(11, 6, 652438).
cost(11, 7, 657906).
cost(11, 8, 682795).
cost(11, 9, 519280).
cost(11, 10, 407362).
cost(11, 12, 263329).
cost(11, 13, 445608).
cost(11, 14, 558524).
cost(11, 15, 328842).
cost(11, 16, 620124).
cost(11, 17, 341544).
cost(11, 18, 431269).
cost(11, 19, 267275).
cost(11, 20, 334197).
cost(11, 21, 557516).
cost(11, 22, 178349).
cost(11, 23, 457050).
cost(11, 24, 815026).
cost(12, 1, 453469).
cost(12, 2, 804352).
cost(12, 3, 849199).
cost(12, 4, 438712).
cost(12, 5, 497606).
cost(12, 6, 580044).
cost(12, 7, 648435).
cost(12, 8, 440379).
cost(12, 9, 574006).
cost(12, 10, 523522).
cost(12, 11, 263329).
cost(12, 13, 327315).
cost(12, 14, 598292).
cost(12, 15, 165078).
cost(12, 16, 627461).
cost(12, 17, 266938).
cost(12, 18, 367734).
cost(12, 19, 405493).
cost(12, 20, 330890).
cost(12, 21, 410614).
cost(12, 22, 272184).
cost(12, 23, 560008).
cost(12, 24, 857377).
cost(13, 1, 351826).
cost(13, 2, 480353).
cost(13, 3, 604752).
cost(13, 4, 256041).
cost(13, 5, 261808).
cost(13, 6, 254232).
cost(13, 7, 348698).
cost(13, 8, 361000).
cost(13, 9, 346789).
cost(13, 10, 386475).
cost(13, 11, 445608).
cost(13, 12, 327315).
cost(13, 14, 349272).
cost(13, 15, 488644).
cost(13, 16, 342981).
cost(13, 17, 106922).
cost(13, 18, 87625).
cost(13, 19, 355468).
cost(13, 20, 170523).
cost(13, 21, 114634).
cost(13, 22, 296848).
cost(13, 23, 393646).
cost(13, 24, 579153).
cost(14, 1, 243226).
cost(14, 2, 340565).
cost(14, 3, 258068).
cost(14, 4, 170079).
cost(14, 5, 100729).
cost(14, 6, 257711).
cost(14, 7, 138228).
cost(14, 8, 695163).
cost(14, 9, 46021).
cost(14, 10, 195671).
cost(14, 11, 558524).
cost(14, 12, 598292).
cost(14, 13, 349272).
cost(14, 15, 759603).
cost(14, 16, 87619).
cost(14, 17, 341166).
cost(14, 18, 264834).
cost(14, 19, 306554).
cost(14, 20, 267561).
cost(14, 21, 395838).
cost(14, 22, 386044).
cost(14, 23, 152918).
cost(14, 24, 262524).
cost(15, 1, 595670).
cost(15, 2, 967854).
cost(15, 3, 1006958).
cost(15, 4, 596201).
cost(15, 5, 659234).
cost(15, 6, 742600).
cost(15, 7, 813435).
cost(15, 8, 523509).
cost(15, 9, 733014).
cost(15, 10, 668733).
cost(15, 11, 328842).
cost(15, 12, 165078).
cost(15, 13, 488644).
cost(15, 14, 759603).
cost(15, 16, 791796).
cost(15, 17, 431943).
cost(15, 18, 532734).
cost(15, 19, 539821).
cost(15, 20, 492185).
cost(15, 21, 562401).
cost(15, 22, 408059).
cost(15, 23, 709428).
cost(15, 24, 1020155).
cost(16, 1, 321471).
cost(16, 2, 254590).
cost(16, 3, 273452).
cost(16, 4, 229609).
cost(16, 5, 148641).
cost(16, 6, 189300).
cost(16, 7, 50612).
cost(16, 8, 665279).
cost(16, 9, 132120).
cost(16, 10, 280960).
cost(16, 11, 620124).
cost(16, 12, 627461).
cost(16, 13, 342981).
cost(16, 14, 87619).
cost(16, 15, 791796).
cost(16, 17, 361616).
cost(16, 18, 268735).
cost(16, 19, 380883).
cost(16, 20, 304921).
cost(16, 21, 363731).
cost(16, 22, 443203).
cost(16, 23, 240212).
cost(16, 24, 236541).
cost(17, 1, 272984).
cost(17, 2, 544540).
cost(17, 3, 598117).
cost(17, 4, 203192).
cost(17, 5, 241680).
cost(17, 6, 326558).
cost(17, 7, 381500).
cost(17, 8, 433662).
cost(17, 9, 324686).
cost(17, 10, 322361).
cost(17, 11, 341544).
cost(17, 12, 266938).
cost(17, 13, 106922).
cost(17, 14, 341166).
cost(17, 15, 431943).
cost(17, 16, 361616).
cost(17, 18, 103504).
cost(17, 19, 262762).
cost(17, 20, 92289).
cost(17, 21, 221507).
cost(17, 22, 190323).
cost(17, 23, 342024).
cost(17, 24, 594464).
cost(18, 1, 276760).
cost(18, 2, 441047).
cost(18, 3, 522113).
cost(18, 4, 172368).
cost(18, 5, 174498).
cost(18, 6, 224959).
cost(18, 7, 282865).
cost(18, 8, 447502).
cost(18, 9, 259779).
cost(18, 10, 303684).
cost(18, 11, 431269).
cost(18, 12, 367734).
cost(18, 13, 87625).
cost(18, 14, 264834).
cost(18, 15, 532734).
cost(18, 16, 268735).
cost(18, 17, 103504).
cost(18, 19, 291586).
cost(18, 20, 110395).
cost(18, 21, 174865).
cost(18, 22, 263312).
cost(18, 23, 307503).
cost(18, 24, 504866).
cost(19, 1, 67666).
cost(19, 2, 629966).
cost(19, 3, 502317).
cost(19, 4, 160241).
cost(19, 5, 238244).
cost(19, 6, 468123).
cost(19, 7, 425796).
cost(19, 8, 695371).
cost(19, 9, 263132).
cost(19, 10, 140152).
cost(19, 11, 267275).
cost(19, 12, 405493).
cost(19, 13, 355468).
cost(19, 14, 306554).
cost(19, 15, 539821).
cost(19, 16, 380883).
cost(19, 17, 262762).
cost(19, 18, 291586).
cost(19, 20, 185526).
cost(19, 21, 463266).
cost(19, 22, 133657).
cost(19, 23, 189921).
cost(19, 24, 553147).
cost(20, 1, 184149).
cost(20, 2, 518813).
cost(20, 3, 519418).
cost(20, 4, 113629).
cost(20, 5, 167054).
cost(20, 6, 319515).
cost(20, 7, 334563).
cost(20, 8, 521021).
cost(20, 9, 243941).
cost(20, 10, 230152).
cost(20, 11, 334197).
cost(20, 12, 330890).
cost(20, 13, 170523).
cost(20, 14, 267561).
cost(20, 15, 492185).
cost(20, 16, 304921).
cost(20, 17, 92289).
cost(20, 18, 110395).
cost(20, 19, 185526).
cost(20, 21, 278004).
cost(20, 22, 158864).
cost(20, 23, 250489).
cost(20, 24, 528203).
cost(21, 1, 451621).
cost(21, 2, 435468).
cost(21, 3, 636779).
cost(21, 4, 344722).
cost(21, 5, 327322).
cost(21, 6, 216967).
cost(21, 7, 353088).
cost(21, 8, 301734).
cost(21, 9, 405842).
cost(21, 10, 475565).
cost(21, 11, 557516).
cost(21, 12, 410614).
cost(21, 13, 114634).
cost(21, 14, 395838).
cost(21, 15, 562401).
cost(21, 16, 363731).
cost(21, 17, 221507).
cost(21, 18, 174865).
cost(21, 19, 463266).
cost(21, 20, 278004).
cost(21, 22, 411454).
cost(21, 23, 473422).
cost(21, 24, 589231).
cost(22, 1, 187859).
cost(22, 2, 672846).
cost(22, 3, 612872).
cost(22, 4, 216445).
cost(22, 5, 295033).
cost(22, 6, 478364).
cost(22, 7, 479916).
cost(22, 8, 598764).
cost(22, 9, 349774).
cost(22, 10, 261675).
cost(22, 11, 178349).
cost(22, 12, 272184).
cost(22, 13, 296848).
cost(22, 14, 386044).
cost(22, 15, 408059).
cost(22, 16, 443203).
cost(22, 17, 190323).
cost(22, 18, 263312).
cost(22, 19, 133657).
cost(22, 20, 158864).
cost(22, 21, 411454).
cost(22, 23, 305267).
cost(22, 24, 646514).
cost(23, 1, 122717).
cost(23, 2, 493296).
cost(23, 3, 312451).
cost(23, 4, 140104).
cost(23, 5, 151316).
cost(23, 6, 389438).
cost(23, 7, 290677).
cost(23, 8, 754622).
cost(23, 9, 108330).
cost(23, 10, 51847).
cost(23, 11, 457050).
cost(23, 12, 560008).
cost(23, 13, 393646).
cost(23, 14, 152918).
cost(23, 15, 709428).
cost(23, 16, 240212).
cost(23, 17, 342024).
cost(23, 18, 307503).
cost(23, 19, 189921).
cost(23, 20, 250489).
cost(23, 21, 473422).
cost(23, 22, 305267).
cost(23, 24, 368591).
cost(24, 1, 485863).
cost(24, 2, 281338).
cost(24, 3, 122916).
cost(24, 4, 432024).
cost(24, 5, 361478).
cost(24, 6, 384902).
cost(24, 7, 236260).
cost(24, 8, 886900).
cost(24, 9, 296791).
cost(24, 10, 420382).
cost(24, 11, 815026).
cost(24, 12, 857377).
cost(24, 13, 579153).
cost(24, 14, 262524).
cost(24, 15, 1020155).
cost(24, 16, 236541).
cost(24, 17, 594464).
cost(24, 18, 504866).
cost(24, 19, 553147).
cost(24, 20, 528203).
cost(24, 21, 589231).
cost(24, 22, 646514).
cost(24, 23, 368591).
