dimension(24).
point(1, -262813.0, -178863.0).
point(2, -17450.0, 467116.0).
point(3, 438631.0, -34704.0).
point(4, 233871.0, -85642.0).
point(5, -138117.0, -95860.0).
point(6, -241876.0, 86957.0).
point(7, -305055.0, -383775.0).
point(8, -41295.0, -43489.0).
point(9, 61719.0, -114589.0).
point(10, -279440.0, -279124.0).
point(11, -325476.0, 141013.0).
point(12, 220591.0, -65552.0).
point(13, 120207.0, 380252.0).
point(14, 136514.0, 94413.0).
point(15, 189189.0, 334774.0).
point(16, -22591.0, 173463.0).
point(17, -55307.0, -155521.0).
point(18, -116559.0, -10359.0).
point(19, -130050.0, 54929.0).
point(20, 74173.0, 142385.0).
point(21, 91490.0, 505307.0).
point(22, -350191.0, 149204.0).
point(23, -8246.0, 4427.0).
point(24, 281467.0, 232917.0).
cost(1, 2, 691008).
cost(1, 3, 716104).
cost(1, 4, 505356).
cost(1, 5, 149795).
cost(1, 6, 266643).
cost(1, 7, 209221).
cost(1, 8, 259608).
cost(1, 9, 330836).
cost(1, 10, 101630).
cost(1, 11, 325956).
cost(1, 12, 496507).
cost(1, 13, 677727).
cost(1, 14, 483882).
cost(1, 15, 684199).
cost(1, 16, 426427).
cost(1, 17, 208815).
cost(1, 18, 223123).
cost(1, 19, 268858).
cost(1, 20, 465575).
cost(1, 21, 770467).
cost(1, 22, 339504).
cost(1, 23, 313687).
cost(1, 24, 682498).
cost(2, 1, 691008).
cost(2, 3, 678110).
cost(2, 4, 607210).
cost(2, 5, 575763).
cost(2, 6, 441461).
cost(2, 7, 898183).
cost(2, 8, 511161).
cost(2, 9, 587068).
cost(2, 10, 790894).
cost(2, 11, 448579).
cost(2, 12, 583437).
cost(2, 13, 162772).
cost(2, 14, 403252).
cost(2, 15, 245386).
cost(2, 16, 293698).
cost(2, 17, 623787).
cost(2, 18, 487653).
cost(2, 19, 427290).
cost(2, 20, 337409).
cost(2, 21, 115440).
cost(2, 22, 460201).
cost(2, 23, 462781).
cost(2, 24, 379737).
cost(3, 1, 716104).
cost(3, 2, 678110).
cost(3, 4, 211001).
cost(3, 5, 579981).
cost(3, 6, 691297).
cost(3, 7, 821535).
cost(3, 8, 480006).
cost(3, 9, 385285).
cost(3, 10, 758530).
cost(3, 11, 784051).
cost(3, 12, 220211).
cost(3, 13, 523051).
cost(3, 14, 328551).
cost(3, 15, 445797).
cost(3, 16, 506023).
cost(3, 17, 508499).
cost(3, 18, 555724).
cost(3, 19, 575701).
cost(3, 20, 405204).
cost(3, 21, 641965).
cost(3, 22, 809977).
cost(3, 23, 448587).
cost(3, 24, 310357).
cost(4, 1, 505356).
cost(4, 2, 607210).
cost(4, 3, 211001).
cost(4, 5, 372128).
cost(4, 6, 506089).
cost(4, 7, 615893).
cost(4, 8, 278376).
cost(4, 9, 174569).
cost(4, 10, 548565).
cost(4, 11, 603524).
cost(4, 12, 24082).
cost(4, 13, 479559).
cost(4, 14, 204690).
cost(4, 15, 422784).
cost(4, 16, 364566).
cost(4, 17, 297501).
cost(4, 18, 358425).
cost(4, 19, 390127).
cost(4, 20, 278388).
cost(4, 21, 607859).
cost(4, 22, 629509).
cost(4, 23, 258327).
cost(4, 24, 322095).
cost(5, 1, 149795).
cost(5, 2, 575763).
cost(5, 3, 579981).
cost(5, 4, 372128).
cost(5, 6, 210209).
cost(5, 7, 332811).
cost(5, 8, 110078).
cost(5, 9, 200712).
cost(5, 10, 231426).
cost(5, 11, 302014).
cost(5, 12, 359986).
cost(5, 13, 541677).
cost(5, 14, 334105).
cost(5, 15, 540902).
cost(5, 16, 293055).
cost(5, 17, 102063).
cost(5, 18, 88177).
cost(5, 19, 151005).
cost(5, 20, 319105).
cost(5, 21, 643522).
cost(5, 22, 324086).
cost(5, 23, 164085).
cost(5, 24, 533053).
cost(6, 1, 266643).
cost(6, 2, 441461).
cost(6, 3, 691297).
cost(6, 4, 506089).
cost(6, 5, 210209).
cost(6, 7, 474953).
cost(6, 8, 239267).
cost(6, 9, 364405).
cost(6, 10, 368003).
cost(6, 11, 99554).
cost(6, 12, 486965).
cost(6, 13, 465968).
cost(6, 14, 378463).
cost(6, 15, 497223).
cost(6, 16, 235731).
cost(6, 17, 305947).
cost(6, 18, 158666).
cost(6, 19, 116322).
cost(6, 20, 320873).
cost(6, 21, 534930).
cost(6, 22, 124927).
cost(6, 23, 247778).
cost(6, 24, 543316).
cost(7, 1, 209221).
cost(7, 2, 898183).
cost(7, 3, 821535).
cost(7, 4, 615893).
cost(7, 5, 332811).
cost(7, 6, 474953).
cost(7, 8, 430539).
cost(7, 9, 454955).
cost(7, 10, 107740).
cost(7, 11, 525185).
cost(7, 12, 614467).
cost(7, 13, 874406).
cost(7, 14, 650882).
cost(7, 15, 872118).
cost(7, 16, 624740).
cost(7, 17, 338340).
cost(7, 18, 418294).
cost(7, 19, 472322).
cost(7, 20, 648582).
cost(7, 21, 973506).
cost(7, 22, 534887).
cost(7, 23, 488668).
cost(7, 24, 851068).
cost(8, 1, 259608).
cost(8, 2, 511161).
cost(8, 3, 480006).
cost(8, 4, 278376).
cost(8, 5, 110078).
cost(8, 6, 239267).
cost(8, 7, 430539).
cost(8, 9, 125168).
cost(8, 10, 335018).
cost(8, 11, 338821).
cost(8, 12, 262814).
cost(8, 13, 453475).
cost(8, 14, 225018).
cost(8, 15, 442951).
cost(8, 16, 217757).
cost(8, 17, 112905).
cost(8, 18, 82233).
cost(8, 19, 132528).
cost(8, 20, 218820).
cost(8, 21, 564632).
cost(8, 22, 364071).
cost(8, 23, 58208).
cost(8, 24, 424942).
cost(9, 1, 330836).
cost(9, 2, 587068).
cost(9, 3, 385285).
cost(9, 4, 174569).
cost(9, 5, 200712).
cost(9, 6, 364405).
cost(9, 7, 454955).
cost(9, 8, 125168).
cost(9, 10, 378763).
cost(9, 11, 463953).
cost(9, 12, 166268).
cost(9, 13, 498286).
cost(9, 14, 221982).
cost(9, 15, 467093).
cost(9, 16, 300137).
cost(9, 17, 123978).
cost(9, 18, 206511).
cost(9, 19, 255953).
cost(9, 20, 257276).
cost(9, 21, 620610).
cost(9, 22, 489139).
cost(9, 23, 138058).
cost(9, 24, 411156).
cost(10, 1, 101630).
cost(10, 2, 790894).
cost(10, 3, 758530).
cost(10, 4, 548565).
cost(10, 5, 231426).
cost(10, 6, 368003).
cost(10, 7, 107740).
cost(10, 8, 335018).
cost(10, 9, 378763).
cost(10, 11, 422652).
cost(10, 12, 543732).
cost(10, 13, 771035).
cost(10, 14, 559060).
cost(10, 15, 772324).
cost(10, 16, 520391).
cost(10, 17, 255956).
cost(10, 18, 314269).
cost(10, 19, 365935).
cost(10, 20, 550193).
cost(10, 21, 867710).
cost(10, 22, 434132).
cost(10, 23, 392361).
cost(10, 24, 759475).
cost(11, 1, 325956).
cost(11, 2, 448579).
cost(11, 3, 784051).
cost(11, 4, 603524).
cost(11, 5, 302014).
cost(11, 6, 99554).
cost(11, 7, 525185).
cost(11, 8, 338821).
cost(11, 9, 463953).
cost(11, 10, 422652).
cost(11, 12, 583831).
cost(11, 13, 505835).
cost(11, 14, 464334).
cost(11, 15, 549930).
cost(11, 16, 304618).
cost(11, 17, 401153).
cost(11, 18, 257992).
cost(11, 19, 213546).
cost(11, 20, 399651).
cost(11, 21, 553688).
cost(11, 22, 26037).
cost(11, 23, 345385).
cost(11, 24, 613862).
cost(12, 1, 496507).
cost(12, 2, 583437).
cost(12, 3, 220211).
cost(12, 4, 24082).
cost(12, 5, 359986).
cost(12, 6, 486965).
cost(12, 7, 614467).
cost(12, 8, 262814).
cost(12, 9, 166268).
cost(12, 10, 543732).
cost(12, 11, 583831).
cost(12, 13, 456966).
cost(12, 14, 180715).
cost(12, 15, 401556).
cost(12, 16, 340977).
cost(12, 17, 290197).
cost(12, 18, 341638).
cost(12, 19, 370762).
cost(12, 20, 254315).
cost(12, 21, 585275).
cost(12, 22, 609846).
cost(12, 23, 239298).
cost(12, 24, 304614).
cost(13, 1, 677727).
cost(13, 2, 162772).
cost(13, 3, 523051).
cost(13, 4, 479559).
cost(13, 5, 541677).
cost(13, 6, 465968).
cost(13, 7, 874406).
cost(13, 8, 453475).
cost(13, 9, 498286).
cost(13, 10, 771035).
cost(13, 11, 505835).
cost(13, 12, 456966).
cost(13, 14, 286304).
cost(13, 15, 82624).
cost(13, 16, 251303).
cost(13, 17, 563789).
cost(13, 18, 456766).
cost(13, 19, 410443).
cost(13, 20, 242280).
cost(13, 21, 128310).
cost(13, 22, 524078).
cost(13, 23, 397171).
cost(13, 24, 218432).
cost(14, 1, 483882).
cost(14, 2, 403252).
cost(14, 3, 328551).
cost(14, 4, 204690).
cost(14, 5, 334105).
cost(14, 6, 378463).
cost(14, 7, 650882).
cost(14, 8, 225018).
cost(14, 9, 221982).
cost(14, 10, 559060).
cost(14, 11, 464334).
cost(14, 12, 180715).
cost(14, 13, 286304).
cost(14, 15, 246065).
cost(14, 16, 177661).
cost(14, 17, 315059).
cost(14, 18, 273903).
cost(14, 19, 269472).
cost(14, 20, 78662).
cost(14, 21, 413353).
cost(14, 22, 489779).
cost(14, 23, 170449).
cost(14, 24, 200486).
cost(15, 1, 684199).
cost(15, 2, 245386).
cost(15, 3, 445797).
cost(15, 4, 422784).
cost(15, 5, 540902).
cost(15, 6, 497223).
cost(15, 7, 872118).
cost(15, 8, 442951).
cost(15, 9, 467093).
cost(15, 10, 772324).
cost(15, 11, 549930).
cost(15, 12, 401556).
cost(15, 13, 82624).
cost(15, 14, 246065).
cost(15, 16, 266218).
cost(15, 17, 547875).
cost(15, 18, 461084).
cost(15, 19, 424531).
cost(15, 20, 224148).
cost(15, 21, 196537).
cost(15, 22, 570410).
cost(15, 23, 384850).
cost(15, 24, 137441).
cost(16, 1, 426427).
cost(16, 2, 293698).
cost(16, 3, 506023).
cost(16, 4, 364566).
cost(16, 5, 293055).
cost(16, 6, 235731).
cost(16, 7, 624740).
cost(16, 8, 217757).
cost(16, 9, 300137).
cost(16, 10, 520391).
cost(16, 11, 304618).
cost(16, 12, 340977).
cost(16, 13, 251303).
cost(16, 14, 177661).
cost(16, 15, 266218).
cost(16, 17, 330607).
cost(16, 18, 206447).
cost(16, 19, 159993).
cost(16, 20, 101632).
cost(16, 21, 350906).
cost(16, 22, 328497).
cost(16, 23, 169644).
cost(16, 24, 309816).
cost(17, 1, 208815).
cost(17, 2, 623787).
cost(17, 3, 508499).
cost(17, 4, 297501).
cost(17, 5, 102063).
cost(17, 6, 305947).
cost(17, 7, 338340).
cost(17, 8, 112905).
cost(17, 9, 123978).
cost(17, 10, 255956).
cost(17, 11, 401153).
cost(17, 12, 290197).
cost(17, 13, 563789).
cost(17, 14, 315059).
cost(17, 15, 547875).
cost(17, 16, 330607).
cost(17, 18, 157556).
cost(17, 19, 223329).
cost(17, 20, 324828).
cost(17, 21, 676936).
cost(17, 22, 424045).
cost(17, 23, 166728).
cost(17, 24, 514102).
cost(18, 1, 223123).
cost(18, 2, 487653).
cost(18, 3, 555724).
cost(18, 4, 358425).
cost(18, 5, 88177).
cost(18, 6, 158666).
cost(18, 7, 418294).
cost(18, 8, 82233).
cost(18, 9, 206511).
cost(18, 10, 314269).
cost(18, 11, 257992).
cost(18, 12, 341638).
cost(18, 13, 456766).
cost(18, 14, 273903).
cost(18, 15, 461084).
cost(18, 16, 206447).
cost(18, 17, 157556).
cost(18, 19, 66667).
cost(18, 20, 244355).
cost(18, 21, 556054).
cost(18, 22, 282921).
cost(18, 23, 109318).
cost(18, 24, 466485).
cost(19, 1, 268858).
cost(19, 2, 427290).
cost(19, 3, 575701).
cost(19, 4, 390127).
cost(19, 5, 151005).
cost(19, 6, 116322).
cost(19, 7, 472322).
cost(19, 8, 132528).
cost(19, 9, 255953).
cost(19, 10, 365935).
cost(19, 11, 213546).
cost(19, 12, 370762).
cost(19, 13, 410443).
cost(19, 14, 269472).
cost(19, 15, 424531).
cost(19, 16, 159993).
cost(19, 17, 223329).
cost(19, 18, 66667).
cost(19, 20, 222161).
cost(19, 21, 501917).
cost(19, 22, 239478).
cost(19, 23, 131859).
cost(19, 24, 448359).
cost(20, 1, 465575).
cost(20, 2, 337409).
cost(20, 3, 405204).
cost(20, 4, 278388).
cost(20, 5, 319105).
cost(20, 6, 320873).
cost(20, 7, 648582).
cost(20, 8, 218820).
cost(20, 9, 257276).
cost(20, 10, 550193).
cost(20, 11, 399651).
cost(20, 12, 254315).
cost(20, 13, 242280).
cost(20, 14, 78662).
cost(20, 15, 224148).
cost(20, 16, 101632).
cost(20, 17, 324828).
cost(20, 18, 244355).
cost(20, 19, 222161).
cost(20, 21, 363335).
cost(20, 22, 424419).
cost(20, 23, 160703).
cost(20, 24, 226201).
cost(21, 1, 770467).
cost(21, 2, 115440).
cost(21, 3, 641965).
cost(21, 4, 607859).
cost(21, 5, 643522).
cost(21, 6, 534930).
cost(21, 7, 973506).
cost(21, 8, 564632).
cost(21, 9, 620610).
cost(21, 10, 867710).
cost(21, 11, 553688).
cost(21, 12, 585275).
cost(21, 13, 128310).
cost(21, 14, 413353).
cost(21, 15, 196537).
cost(21, 16, 350906).
cost(21, 17, 676936).
cost(21, 18, 556054).
cost(21, 19, 501917).
cost(21, 20, 363335).
cost(21, 22, 567355).
cost(21, 23, 510713).
cost(21, 24, 332096).
cost(22, 1, 339504).
cost(22, 2, 460201).
cost(22, 3, 809977).
cost(22, 4, 629509).
cost(22, 5, 324086).
cost(22, 6, 124927).
cost(22, 7, 534887).
cost(22, 8, 364071).
cost(22, 9, 489139).
cost(22, 10, 434132).
cost(22, 11, 26037).
cost(22, 12, 609846).
cost(22, 13, 524078).
cost(22, 14, 489779).
cost(22, 15, 570410).
cost(22, 16, 328497).
cost(22, 17, 424045).
cost(22, 18, 282921).
cost(22, 19, 239478).
cost(22, 20, 424419).
cost(22, 21, 567355).
cost(22, 23, 371331).
cost(22, 24, 637181).
cost(23, 1, 313687).
cost(23, 2, 462781).
cost(23, 3, 448587).
cost(23, 4, 258327).
cost(23, 5, 164085).
cost(23, 6, 247778).
cost(23, 7, 488668).
cost(23, 8, 58208).
cost(23, 9, 138058).
cost(23, 10, 392361).
cost(23, 11, 345385).
cost(23, 12, 239298).
cost(23, 13, 397171).
cost(23, 14, 170449).
cost(23, 15, 384850).
cost(23, 16, 169644).
cost(23, 17, 166728).
cost(23, 18, 109318).
cost(23, 19, 131859).
cost(23, 20, 160703).
cost(23, 21, 510713).
cost(23, 22, 371331).
cost(23, 24, 368973).
cost(24, 1, 682498).
cost(24, 2, 379737).
cost(24, 3, 310357).
cost(24, 4, 322095).
cost(24, 5, 533053).
cost(24, 6, 543316).
cost(24, 7, 851068).
cost(24, 8, 424942).
cost(24, 9, 411156).
cost(24, 10, 759475).
cost(24, 11, 613862).
cost(24, 12, 304614).
cost(24, 13, 218432).
cost(24, 14, 200486).
cost(24, 15, 137441).
cost(24, 16, 309816).
cost(24, 17, 514102).
cost(24, 18, 466485).
cost(24, 19, 448359).
cost(24, 20, 226201).
cost(24, 21, 332096).
cost(24, 22, 637181).
cost(24, 23, 368973).
