dimension(30).
point(1, 770676.0, 422708.0).
point(2, 771955.0, 334187.0).
point(3, 413816.0, 48922.0).
point(4, 144415.0, 520927.0).
point(5, 449077.0, 72842.0).
point(6, 590134.0, 907653.0).
point(7, 809315.0, 672247.0).
point(8, 544006.0, 305243.0).
point(9, 193227.0, 381968.0).
point(10, 769317.0, 959687.0).
point(11, 695852.0, 667910.0).
point(12, 488079.0, 499117.0).
point(13, 90124.0, 824410.0).
point(14, 658882.0, 612212.0).
point(15, 220552.0, 810805.0).
point(16, 639022.0, 593849.0).
point(17, 59584.0, 678431.0).
point(18, 134219.0, 708877.0).
point(19, 578844.0, 330255.0).
point(20, 198148.0, 627361.0).
point(21, 704453.0, 133831.0).
point(22, 651069.0, 453689.0).
point(23, 549861.0, 131251.0).
point(24, 180126.0, 717605.0).
point(25, 293262.0, 738350.0).
point(26, 751281.0, 542673.0).
point(27, 884415.0, 687788.0).
point(28, 649445.0, 176827.0).
point(29, 363123.0, 93524.0).
point(30, 199968.0, 704938.0).
cost(1, 2, 88530).
cost(1, 3, 516783).
cost(1, 4, 633916).
cost(1, 5, 475218).
cost(1, 6, 517462).
cost(1, 7, 252513).
cost(1, 8, 255298).
cost(1, 9, 578884).
cost(1, 10, 536981).
cost(1, 11, 256364).
cost(1, 12, 292745).
cost(1, 13, 790263).
cost(1, 14, 220022).
cost(1, 15, 673243).
cost(1, 16, 215921).
cost(1, 17, 755676).
cost(1, 18, 697833).
cost(1, 19, 212949).
cost(1, 20, 608006).
cost(1, 21, 296370).
cost(1, 22, 123554).
cost(1, 23, 365659).
cost(1, 24, 660086).
cost(1, 25, 572323).
cost(1, 26, 121523).
cost(1, 27, 288451).
cost(1, 28, 274143).
cost(1, 29, 523891).
cost(1, 30, 636680).
cost(2, 1, 88530).
cost(2, 3, 457864).
cost(2, 4, 654735).
cost(2, 5, 415393).
cost(2, 6, 601600).
cost(2, 7, 340118).
cost(2, 8, 229779).
cost(2, 9, 580697).
cost(2, 10, 625506).
cost(2, 11, 342290).
cost(2, 12, 328310).
cost(2, 13, 839769).
cost(2, 14, 300139).
cost(2, 15, 728842).
cost(2, 16, 291711).
cost(2, 17, 791187).
cost(2, 18, 739662).
cost(2, 19, 193151).
cost(2, 20, 644364).
cost(2, 21, 211421).
cost(2, 22, 169983).
cost(2, 23, 300847).
cost(2, 24, 705174).
cost(2, 25, 626494).
cost(2, 26, 209509).
cost(2, 27, 371054).
cost(2, 28, 199426).
cost(2, 29, 474407).
cost(2, 30, 681634).
cost(3, 1, 516783).
cost(3, 2, 457864).
cost(3, 4, 543475).
cost(3, 5, 42609).
cost(3, 6, 876645).
cost(3, 7, 738210).
cost(3, 8, 287489).
cost(3, 9, 399474).
cost(3, 10, 977688).
cost(3, 11, 680214).
cost(3, 12, 456279).
cost(3, 13, 840332).
cost(3, 14, 614291).
cost(3, 15, 786013).
cost(3, 16, 589630).
cost(3, 17, 722331).
cost(3, 18, 716739).
cost(3, 19, 326163).
cost(3, 20, 617337).
cost(3, 21, 302786).
cost(3, 22, 469175).
cost(3, 23, 159017).
cost(3, 24, 708342).
cost(3, 25, 699889).
cost(3, 26, 598057).
cost(3, 27, 793482).
cost(3, 28, 268106).
cost(3, 29, 67521).
cost(3, 30, 689991).
cost(4, 1, 633916).
cost(4, 2, 654735).
cost(4, 3, 543475).
cost(4, 5, 541848).
cost(4, 6, 590104).
cost(4, 7, 681902).
cost(4, 8, 454084).
cost(4, 9, 147283).
cost(4, 10, 763553).
cost(4, 11, 570690).
cost(4, 12, 344355).
cost(4, 13, 308301).
cost(4, 14, 522503).
cost(4, 15, 299710).
cost(4, 16, 499954).
cost(4, 17, 178896).
cost(4, 18, 188226).
cost(4, 19, 474431).
cost(4, 20, 119228).
cost(4, 21, 680798).
cost(4, 22, 511096).
cost(4, 23, 562347).
cost(4, 24, 199894).
cost(4, 25, 263492).
cost(4, 26, 607255).
cost(4, 27, 758579).
cost(4, 28, 611114).
cost(4, 29, 480111).
cost(4, 30, 192214).
cost(5, 1, 475218).
cost(5, 2, 415393).
cost(5, 3, 42609).
cost(5, 4, 541848).
cost(5, 6, 846644).
cost(5, 7, 699327).
cost(5, 8, 251041).
cost(5, 9, 401271).
cost(5, 10, 942893).
cost(5, 11, 644208).
cost(5, 12, 428056).
cost(5, 13, 832888).
cost(5, 14, 578738).
cost(5, 15, 772537).
cost(5, 16, 554552).
cost(5, 17, 720030).
cost(5, 18, 709701).
cost(5, 19, 288272).
cost(5, 20, 608652).
cost(5, 21, 262558).
cost(5, 22, 431098).
cost(5, 23, 116486).
cost(5, 24, 698609).
cost(5, 25, 683505).
cost(5, 26, 558631).
cost(5, 27, 753444).
cost(5, 28, 225744).
cost(5, 29, 88407).
cost(5, 30, 679412).
cost(6, 1, 517462).
cost(6, 2, 601600).
cost(6, 3, 876645).
cost(6, 4, 590104).
cost(6, 5, 846644).
cost(6, 7, 321646).
cost(6, 8, 604173).
cost(6, 9, 658696).
cost(6, 10, 186585).
cost(6, 11, 262017).
cost(6, 12, 421090).
cost(6, 13, 506892).
cost(6, 14, 303334).
cost(6, 15, 382061).
cost(6, 16, 317589).
cost(6, 17, 577950).
cost(6, 18, 497363).
cost(6, 19, 577508).
cost(6, 20, 481889).
cost(6, 21, 782221).
cost(6, 22, 458035).
cost(6, 23, 777446).
cost(6, 24, 451912).
cost(6, 25, 341755).
cost(6, 26, 398972).
cost(6, 27, 367344).
cost(6, 28, 733229).
cost(6, 29, 845186).
cost(6, 30, 439685).
cost(7, 1, 252513).
cost(7, 2, 340118).
cost(7, 3, 738210).
cost(7, 4, 681902).
cost(7, 5, 699327).
cost(7, 6, 321646).
cost(7, 8, 452858).
cost(7, 9, 681048).
cost(7, 10, 290210).
cost(7, 11, 113546).
cost(7, 12, 364920).
cost(7, 13, 735112).
cost(7, 14, 161970).
cost(7, 15, 604847).
cost(7, 16, 187473).
cost(7, 17, 749757).
cost(7, 18, 676089).
cost(7, 19, 412402).
cost(7, 20, 612813).
cost(7, 21, 548532).
cost(7, 22, 269832).
cost(7, 23, 599994).
cost(7, 24, 630822).
cost(7, 25, 520269).
cost(7, 26, 141977).
cost(7, 27, 76691).
cost(7, 28, 520576).
cost(7, 29, 730758).
cost(7, 30, 610223).
cost(8, 1, 255298).
cost(8, 2, 229779).
cost(8, 3, 287489).
cost(8, 4, 454084).
cost(8, 5, 251041).
cost(8, 6, 604173).
cost(8, 7, 452858).
cost(8, 9, 359072).
cost(8, 10, 692143).
cost(8, 11, 393172).
cost(8, 12, 201779).
cost(8, 13, 689596).
cost(8, 14, 327760).
cost(8, 15, 600179).
cost(8, 16, 303844).
cost(8, 17, 611501).
cost(8, 18, 575192).
cost(8, 19, 42887).
cost(8, 20, 472629).
cost(8, 21, 234788).
cost(8, 22, 183027).
cost(8, 23, 174090).
cost(8, 24, 549956).
cost(8, 25, 500454).
cost(8, 26, 315176).
cost(8, 27, 512073).
cost(8, 28, 166157).
cost(8, 29, 278467).
cost(8, 30, 527369).
cost(9, 1, 578884).
cost(9, 2, 580697).
cost(9, 3, 399474).
cost(9, 4, 147283).
cost(9, 5, 401271).
cost(9, 6, 658696).
cost(9, 7, 681048).
cost(9, 8, 359072).
cost(9, 10, 815867).
cost(9, 11, 578269).
cost(9, 12, 317272).
cost(9, 13, 454296).
cost(9, 14, 519468).
cost(9, 15, 429707).
cost(9, 16, 493586).
cost(9, 17, 325193).
cost(9, 18, 332192).
cost(9, 19, 389069).
cost(9, 20, 245442).
cost(9, 21, 568264).
cost(9, 22, 463426).
cost(9, 23, 435944).
cost(9, 24, 335893).
cost(9, 25, 370156).
cost(9, 26, 580733).
cost(9, 27, 755822).
cost(9, 28, 500218).
cost(9, 29, 334760).
cost(9, 30, 323040).
cost(10, 1, 536981).
cost(10, 2, 625506).
cost(10, 3, 977688).
cost(10, 4, 763553).
cost(10, 5, 942893).
cost(10, 6, 186585).
cost(10, 7, 290210).
cost(10, 8, 692143).
cost(10, 9, 815867).
cost(10, 11, 300884).
cost(10, 12, 539648).
cost(10, 13, 692534).
cost(10, 14, 364602).
cost(10, 15, 568603).
cost(10, 16, 388348).
cost(10, 17, 763430).
cost(10, 18, 682829).
cost(10, 19, 657620).
cost(10, 20, 660814).
cost(10, 21, 828399).
cost(10, 22, 519631).
cost(10, 23, 857011).
cost(10, 24, 636985).
cost(10, 25, 524994).
cost(10, 26, 417404).
cost(10, 27, 295257).
cost(10, 28, 791984).
cost(10, 29, 956678).
cost(10, 30, 623743).
cost(11, 1, 256364).
cost(11, 2, 342290).
cost(11, 3, 680214).
cost(11, 4, 570690).
cost(11, 5, 644208).
cost(11, 6, 262017).
cost(11, 7, 113546).
cost(11, 8, 393172).
cost(11, 9, 578269).
cost(11, 10, 300884).
cost(11, 12, 267695).
cost(11, 13, 625619).
cost(11, 14, 66851).
cost(11, 15, 496315).
cost(11, 16, 93352).
cost(11, 17, 636355).
cost(11, 18, 563125).
cost(11, 19, 357354).
cost(11, 20, 499353).
cost(11, 21, 534148).
cost(11, 22, 218852).
cost(11, 23, 556162).
cost(11, 24, 518115).
cost(11, 25, 408706).
cost(11, 26, 136955).
cost(11, 27, 189608).
cost(11, 28, 493271).
cost(11, 29, 663798).
cost(11, 30, 497265).
cost(12, 1, 292745).
cost(12, 2, 328310).
cost(12, 3, 456279).
cost(12, 4, 344355).
cost(12, 5, 428056).
cost(12, 6, 421090).
cost(12, 7, 364920).
cost(12, 8, 201779).
cost(12, 9, 317272).
cost(12, 10, 539648).
cost(12, 11, 267695).
cost(12, 13, 513988).
cost(12, 14, 204852).
cost(12, 15, 410756).
cost(12, 16, 178208).
cost(12, 17, 464501).
cost(12, 18, 411359).
cost(12, 19, 191710).
cost(12, 20, 317028).
cost(12, 21, 424560).
cost(12, 22, 169202).
cost(12, 23, 373018).
cost(12, 24, 377587).
cost(12, 25, 308522).
cost(12, 26, 266782).
cost(12, 27, 438952).
cost(12, 28, 360430).
cost(12, 29, 424405).
cost(12, 30, 354077).
cost(13, 1, 790263).
cost(13, 2, 839769).
cost(13, 3, 840332).
cost(13, 4, 308301).
cost(13, 5, 832888).
cost(13, 6, 506892).
cost(13, 7, 735112).
cost(13, 8, 689596).
cost(13, 9, 454296).
cost(13, 10, 692534).
cost(13, 11, 625619).
cost(13, 12, 513988).
cost(13, 14, 607053).
cost(13, 15, 131136).
cost(13, 16, 595355).
cost(13, 17, 149139).
cost(13, 18, 123662).
cost(13, 19, 695008).
cost(13, 20, 224716).
cost(13, 21, 924283).
cost(13, 22, 672379).
cost(13, 23, 831762).
cost(13, 24, 139670).
cost(13, 25, 220616).
cost(13, 26, 718682).
cost(13, 27, 805955).
cost(13, 28, 855689).
cost(13, 29, 780207).
cost(13, 30, 162294).
cost(14, 1, 220022).
cost(14, 2, 300139).
cost(14, 3, 614291).
cost(14, 4, 522503).
cost(14, 5, 578738).
cost(14, 6, 303334).
cost(14, 7, 161970).
cost(14, 8, 327760).
cost(14, 9, 519468).
cost(14, 10, 364602).
cost(14, 11, 66851).
cost(14, 12, 204852).
cost(14, 13, 607053).
cost(14, 15, 481220).
cost(14, 16, 27048).
cost(14, 17, 602945).
cost(14, 18, 533494).
cost(14, 19, 293097).
cost(14, 20, 460983).
cost(14, 21, 480547).
cost(14, 22, 158715).
cost(14, 23, 493162).
cost(14, 24, 490219).
cost(14, 25, 386767).
cost(14, 26, 115643).
cost(14, 27, 237859).
cost(14, 28, 435487).
cost(14, 29, 597085).
cost(14, 30, 468188).
cost(15, 1, 673243).
cost(15, 2, 728842).
cost(15, 3, 786013).
cost(15, 4, 299710).
cost(15, 5, 772537).
cost(15, 6, 382061).
cost(15, 7, 604847).
cost(15, 8, 600179).
cost(15, 9, 429707).
cost(15, 10, 568603).
cost(15, 11, 496315).
cost(15, 12, 410756).
cost(15, 13, 131136).
cost(15, 14, 481220).
cost(15, 16, 471367).
cost(15, 17, 208407).
cost(15, 18, 133577).
cost(15, 19, 599418).
cost(15, 20, 184807).
cost(15, 21, 832138).
cost(15, 22, 559354).
cost(15, 23, 755141).
cost(15, 24, 101590).
cost(15, 25, 102647).
cost(15, 26, 594616).
cost(15, 27, 675165).
cost(15, 28, 765426).
cost(15, 29, 731313).
cost(15, 30, 107850).
cost(16, 1, 215921).
cost(16, 2, 291711).
cost(16, 3, 589630).
cost(16, 4, 499954).
cost(16, 5, 554552).
cost(16, 6, 317589).
cost(16, 7, 187473).
cost(16, 8, 303844).
cost(16, 9, 493586).
cost(16, 10, 388348).
cost(16, 11, 93352).
cost(16, 12, 178208).
cost(16, 13, 595355).
cost(16, 14, 27048).
cost(16, 15, 471367).
cost(16, 17, 585579).
cost(16, 18, 517743).
cost(16, 19, 270376).
cost(16, 20, 442146).
cost(16, 21, 464648).
cost(16, 22, 140677).
cost(16, 23, 471112).
cost(16, 24, 475291).
cost(16, 25, 374741).
cost(16, 26, 123374).
cost(16, 27, 262759).
cost(16, 28, 417152).
cost(16, 29, 571354).
cost(16, 30, 452890).
cost(17, 1, 755676).
cost(17, 2, 791187).
cost(17, 3, 722331).
cost(17, 4, 178896).
cost(17, 5, 720030).
cost(17, 6, 577950).
cost(17, 7, 749757).
cost(17, 8, 611501).
cost(17, 9, 325193).
cost(17, 10, 763430).
cost(17, 11, 636355).
cost(17, 12, 464501).
cost(17, 13, 149139).
cost(17, 14, 602945).
cost(17, 15, 208407).
cost(17, 16, 585579).
cost(17, 18, 80606).
cost(17, 19, 625186).
cost(17, 20, 147676).
cost(17, 21, 844065).
cost(17, 22, 632743).
cost(17, 23, 734696).
cost(17, 24, 126748).
cost(17, 25, 241238).
cost(17, 26, 704894).
cost(17, 27, 824884).
cost(17, 28, 774301).
cost(17, 29, 658978).
cost(17, 30, 142865).
cost(18, 1, 697833).
cost(18, 2, 739662).
cost(18, 3, 716739).
cost(18, 4, 188226).
cost(18, 5, 709701).
cost(18, 6, 497363).
cost(18, 7, 676089).
cost(18, 8, 575192).
cost(18, 9, 332192).
cost(18, 10, 682829).
cost(18, 11, 563125).
cost(18, 12, 411359).
cost(18, 13, 123662).
cost(18, 14, 533494).
cost(18, 15, 133577).
cost(18, 16, 517743).
cost(18, 17, 80606).
cost(18, 19, 583991).
cost(18, 20, 103594).
cost(18, 21, 809842).
cost(18, 22, 576416).
cost(18, 23, 711625).
cost(18, 24, 46729).
cost(18, 25, 161751).
cost(18, 26, 639053).
cost(18, 27, 750492).
cost(18, 28, 740632).
cost(18, 29, 656549).
cost(18, 30, 65867).
cost(19, 1, 212949).
cost(19, 2, 193151).
cost(19, 3, 326163).
cost(19, 4, 474431).
cost(19, 5, 288272).
cost(19, 6, 577508).
cost(19, 7, 412402).
cost(19, 8, 42887).
cost(19, 9, 389069).
cost(19, 10, 657620).
cost(19, 11, 357354).
cost(19, 12, 191710).
cost(19, 13, 695008).
cost(19, 14, 293097).
cost(19, 15, 599418).
cost(19, 16, 270376).
cost(19, 17, 625186).
cost(19, 18, 583991).
cost(19, 20, 482909).
cost(19, 21, 233152).
cost(19, 22, 143012).
cost(19, 23, 201103).
cost(19, 24, 555892).
cost(19, 25, 498095).
cost(19, 26, 273598).
cost(19, 27, 470323).
cost(19, 28, 168892).
cost(19, 29, 320277).
cost(19, 30, 532855).
cost(20, 1, 608006).
cost(20, 2, 644364).
cost(20, 3, 617337).
cost(20, 4, 119228).
cost(20, 5, 608652).
cost(20, 6, 481889).
cost(20, 7, 612813).
cost(20, 8, 472629).
cost(20, 9, 245442).
cost(20, 10, 660814).
cost(20, 11, 499353).
cost(20, 12, 317028).
cost(20, 13, 224716).
cost(20, 14, 460983).
cost(20, 15, 184807).
cost(20, 16, 442146).
cost(20, 17, 147676).
cost(20, 18, 103594).
cost(20, 19, 482909).
cost(20, 21, 707048).
cost(20, 22, 485077).
cost(20, 23, 608134).
cost(20, 24, 92026).
cost(20, 25, 146169).
cost(20, 26, 559579).
cost(20, 27, 688922).
cost(20, 28, 637691).
cost(20, 29, 558747).
cost(20, 30, 77598).
cost(21, 1, 296370).
cost(21, 2, 211421).
cost(21, 3, 302786).
cost(21, 4, 680798).
cost(21, 5, 262558).
cost(21, 6, 782221).
cost(21, 7, 548532).
cost(21, 8, 234788).
cost(21, 9, 568264).
cost(21, 10, 828399).
cost(21, 11, 534148).
cost(21, 12, 424560).
cost(21, 13, 924283).
cost(21, 14, 480547).
cost(21, 15, 832138).
cost(21, 16, 464648).
cost(21, 17, 844065).
cost(21, 18, 809842).
cost(21, 19, 233152).
cost(21, 20, 707048).
cost(21, 22, 324282).
cost(21, 23, 154614).
cost(21, 24, 784672).
cost(21, 25, 731110).
cost(21, 26, 411515).
cost(21, 27, 582456).
cost(21, 28, 69818).
cost(21, 29, 343702).
cost(21, 30, 762016).
cost(22, 1, 123554).
cost(22, 2, 169983).
cost(22, 3, 469175).
cost(22, 4, 511096).
cost(22, 5, 431098).
cost(22, 6, 458035).
cost(22, 7, 269832).
cost(22, 8, 183027).
cost(22, 9, 463426).
cost(22, 10, 519631).
cost(22, 11, 218852).
cost(22, 12, 169202).
cost(22, 13, 672379).
cost(22, 14, 158715).
cost(22, 15, 559354).
cost(22, 16, 140677).
cost(22, 17, 632743).
cost(22, 18, 576416).
cost(22, 19, 143012).
cost(22, 20, 485077).
cost(22, 21, 324282).
cost(22, 23, 337949).
cost(22, 24, 539851).
cost(22, 25, 457228).
cost(22, 26, 134017).
cost(22, 27, 330534).
cost(22, 28, 276867).
cost(22, 29, 461120).
cost(22, 30, 516351).
cost(23, 1, 365659).
cost(23, 2, 300847).
cost(23, 3, 159017).
cost(23, 4, 562347).
cost(23, 5, 116486).
cost(23, 6, 777446).
cost(23, 7, 599994).
cost(23, 8, 174090).
cost(23, 9, 435944).
cost(23, 10, 857011).
cost(23, 11, 556162).
cost(23, 12, 373018).
cost(23, 13, 831762).
cost(23, 14, 493162).
cost(23, 15, 755141).
cost(23, 16, 471112).
cost(23, 17, 734696).
cost(23, 18, 711625).
cost(23, 19, 201103).
cost(23, 20, 608134).
cost(23, 21, 154614).
cost(23, 22, 337949).
cost(23, 24, 693192).
cost(23, 25, 659100).
cost(23, 26, 458081).
cost(23, 27, 649353).
cost(23, 28, 109518).
cost(23, 29, 190511).
cost(23, 30, 671969).
cost(24, 1, 660086).
cost(24, 2, 705174).
cost(24, 3, 708342).
cost(24, 4, 199894).
cost(24, 5, 698609).
cost(24, 6, 451912).
cost(24, 7, 630822).
cost(24, 8, 549956).
cost(24, 9, 335893).
cost(24, 10, 636985).
cost(24, 11, 518115).
cost(24, 12, 377587).
cost(24, 13, 139670).
cost(24, 14, 490219).
cost(24, 15, 101590).
cost(24, 16, 475291).
cost(24, 17, 126748).
cost(24, 18, 46729).
cost(24, 19, 555892).
cost(24, 20, 92026).
cost(24, 21, 784672).
cost(24, 22, 539851).
cost(24, 23, 693192).
cost(24, 25, 115022).
cost(24, 26, 597343).
cost(24, 27, 704920).
cost(24, 28, 716032).
cost(24, 29, 650358).
cost(24, 30, 23541).
cost(25, 1, 572323).
cost(25, 2, 626494).
cost(25, 3, 699889).
cost(25, 4, 263492).
cost(25, 5, 683505).
cost(25, 6, 341755).
cost(25, 7, 520269).
cost(25, 8, 500454).
cost(25, 9, 370156).
cost(25, 10, 524994).
cost(25, 11, 408706).
cost(25, 12, 308522).
cost(25, 13, 220616).
cost(25, 14, 386767).
cost(25, 15, 102647).
cost(25, 16, 374741).
cost(25, 17, 241238).
cost(25, 18, 161751).
cost(25, 19, 498095).
cost(25, 20, 146169).
cost(25, 21, 731110).
cost(25, 22, 457228).
cost(25, 23, 659100).
cost(25, 24, 115022).
cost(25, 26, 498067).
cost(25, 27, 593311).
cost(25, 28, 664962).
cost(25, 29, 648599).
cost(25, 30, 99097).
cost(26, 1, 121523).
cost(26, 2, 209509).
cost(26, 3, 598057).
cost(26, 4, 607255).
cost(26, 5, 558631).
cost(26, 6, 398972).
cost(26, 7, 141977).
cost(26, 8, 315176).
cost(26, 9, 580733).
cost(26, 10, 417404).
cost(26, 11, 136955).
cost(26, 12, 266782).
cost(26, 13, 718682).
cost(26, 14, 115643).
cost(26, 15, 594616).
cost(26, 16, 123374).
cost(26, 17, 704894).
cost(26, 18, 639053).
cost(26, 19, 273598).
cost(26, 20, 559579).
cost(26, 21, 411515).
cost(26, 22, 134017).
cost(26, 23, 458081).
cost(26, 24, 597343).
cost(26, 25, 498067).
cost(26, 27, 196934).
cost(26, 28, 379755).
cost(26, 29, 593634).
cost(26, 30, 574696).
cost(27, 1, 288451).
cost(27, 2, 371054).
cost(27, 3, 793482).
cost(27, 4, 758579).
cost(27, 5, 753444).
cost(27, 6, 367344).
cost(27, 7, 76691).
cost(27, 8, 512073).
cost(27, 9, 755822).
cost(27, 10, 295257).
cost(27, 11, 189608).
cost(27, 12, 438952).
cost(27, 13, 805955).
cost(27, 14, 237859).
cost(27, 15, 675165).
cost(27, 16, 262759).
cost(27, 17, 824884).
cost(27, 18, 750492).
cost(27, 19, 470323).
cost(27, 20, 688922).
cost(27, 21, 582456).
cost(27, 22, 330534).
cost(27, 23, 649353).
cost(27, 24, 704920).
cost(27, 25, 593311).
cost(27, 26, 196934).
cost(27, 28, 562398).
cost(27, 29, 790503).
cost(27, 30, 684662).
cost(28, 1, 274143).
cost(28, 2, 199426).
cost(28, 3, 268106).
cost(28, 4, 611114).
cost(28, 5, 225744).
cost(28, 6, 733229).
cost(28, 7, 520576).
cost(28, 8, 166157).
cost(28, 9, 500218).
cost(28, 10, 791984).
cost(28, 11, 493271).
cost(28, 12, 360430).
cost(28, 13, 855689).
cost(28, 14, 435487).
cost(28, 15, 765426).
cost(28, 16, 417152).
cost(28, 17, 774301).
cost(28, 18, 740632).
cost(28, 19, 168892).
cost(28, 20, 637691).
cost(28, 21, 69818).
cost(28, 22, 276867).
cost(28, 23, 109518).
cost(28, 24, 716032).
cost(28, 25, 664962).
cost(28, 26, 379755).
cost(28, 27, 562398).
cost(28, 29, 298194).
cost(28, 30, 693492).
cost(29, 1, 523891).
cost(29, 2, 474407).
cost(29, 3, 67521).
cost(29, 4, 480111).
cost(29, 5, 88407).
cost(29, 6, 845186).
cost(29, 7, 730758).
cost(29, 8, 278467).
cost(29, 9, 334760).
cost(29, 10, 956678).
cost(29, 11, 663798).
cost(29, 12, 424405).
cost(29, 13, 780207).
cost(29, 14, 597085).
cost(29, 15, 731313).
cost(29, 16, 571354).
cost(29, 17, 658978).
cost(29, 18, 656549).
cost(29, 19, 320277).
cost(29, 20, 558747).
cost(29, 21, 343702).
cost(29, 22, 461120).
cost(29, 23, 190511).
cost(29, 24, 650358).
cost(29, 25, 648599).
cost(29, 26, 593634).
cost(29, 27, 790503).
cost(29, 28, 298194).
cost(29, 30, 632809).
cost(30, 1, 636680).
cost(30, 2, 681634).
cost(30, 3, 689991).
cost(30, 4, 192214).
cost(30, 5, 679412).
cost(30, 6, 439685).
cost(30, 7, 610223).
cost(30, 8, 527369).
cost(30, 9, 323040).
cost(30, 10, 623743).
cost(30, 11, 497265).
cost(30, 12, 354077).
cost(30, 13, 162294).
cost(30, 14, 468188).
cost(30, 15, 107850).
cost(30, 16, 452890).
cost(30, 17, 142865).
cost(30, 18, 65867).
cost(30, 19, 532855).
cost(30, 20, 77598).
cost(30, 21, 762016).
cost(30, 22, 516351).
cost(30, 23, 671969).
cost(30, 24, 23541).
cost(30, 25, 99097).
cost(30, 26, 574696).
cost(30, 27, 684662).
cost(30, 28, 693492).
cost(30, 29, 632809).
nocross(1,2).
nocross(1,14).
nocross(1,16).
nocross(1,27).
nocross(1,28).
nocross(2,1).
nocross(2,14).
nocross(2,16).
nocross(2,19).
nocross(2,21).
nocross(2,28).
nocross(3,5).
nocross(3,8).
nocross(3,21).
nocross(3,28).
nocross(4,9).
nocross(4,18).
nocross(4,30).
nocross(5,8).
nocross(5,9).
nocross(6,8).
nocross(6,11).
nocross(6,14).
nocross(6,16).
nocross(6,27).
nocross(7,6).
nocross(7,10).
nocross(7,11).
nocross(7,14).
nocross(7,16).
nocross(9,4).
nocross(10,6).
nocross(10,7).
nocross(11,6).
nocross(11,7).
nocross(11,8).
nocross(11,14).
nocross(11,16).
nocross(12,8).
nocross(12,14).
nocross(12,16).
nocross(12,19).
nocross(13,8).
nocross(13,17).
nocross(13,18).
nocross(13,24).
nocross(14,6).
nocross(14,7).
nocross(14,11).
nocross(14,16).
nocross(15,8).
nocross(15,13).
nocross(15,25).
nocross(15,30).
nocross(16,6).
nocross(16,11).
nocross(16,12).
nocross(16,14).
nocross(17,4).
nocross(17,20).
nocross(17,30).
nocross(18,30).
nocross(19,1).
nocross(19,2).
nocross(19,9).
nocross(19,12).
nocross(19,14).
nocross(19,16).
nocross(19,21).
nocross(19,28).
nocross(20,30).
nocross(21,2).
nocross(21,8).
nocross(21,28).
nocross(22,8).
nocross(22,11).
nocross(22,14).
nocross(22,16).
nocross(22,28).
nocross(23,2).
nocross(23,8).
nocross(23,21).
nocross(23,28).
nocross(24,8).
nocross(24,18).
nocross(24,30).
nocross(25,6).
nocross(25,8).
nocross(25,24).
nocross(25,30).
nocross(26,1).
nocross(26,2).
nocross(26,7).
nocross(26,8).
nocross(26,11).
nocross(26,14).
nocross(27,7).
nocross(27,8).
nocross(27,14).
nocross(28,2).
nocross(28,8).
nocross(28,21).
nocross(29,8).
nocross(29,9).
nocross(30,8).
