dimension(28).
point(1, -115142.0, -355734.0).
point(2, -12848.0, -31048.0).
point(3, -80912.0, 231412.0).
point(4, 190203.0, -121005.0).
point(5, -61728.0, -162612.0).
point(6, -19302.0, -161345.0).
point(7, -59766.0, 142692.0).
point(8, -6012.0, 60376.0).
point(9, 28712.0, 185226.0).
point(10, -313284.0, -48665.0).
point(11, -249936.0, 43764.0).
point(12, 446251.0, -187851.0).
point(13, -261411.0, 28603.0).
point(14, 76108.0, -108275.0).
point(15, -93757.0, -158891.0).
point(16, -205210.0, -144837.0).
point(17, -102724.0, -111905.0).
point(18, 210665.0, -106263.0).
point(19, 93891.0, 256591.0).
point(20, 8381.0, 39711.0).
point(21, 38582.0, -64525.0).
point(22, 141265.0, 30181.0).
point(23, -64526.0, 50355.0).
point(24, -49344.0, 9462.0).
point(25, 174075.0, 149612.0).
point(26, 293671.0, 214904.0).
point(27, 88484.0, -102748.0).
point(28, -267666.0, 67556.0).
cost(1, 2, 340419).
cost(1, 3, 588143).
cost(1, 4, 385141).
cost(1, 5, 200373).
cost(1, 6, 216731).
cost(1, 7, 501493).
cost(1, 8, 430182).
cost(1, 9, 559760).
cost(1, 10, 365447).
cost(1, 11, 421626).
cost(1, 12, 585958).
cost(1, 13, 411229).
cost(1, 14, 312750).
cost(1, 15, 198001).
cost(1, 16, 229325).
cost(1, 17, 244145).
cost(1, 18, 410349).
cost(1, 19, 647021).
cost(1, 20, 414288).
cost(1, 21, 329293).
cost(1, 22, 463330).
cost(1, 23, 409231).
cost(1, 24, 371076).
cost(1, 25, 582255).
cost(1, 26, 701966).
cost(1, 27, 324754).
cost(1, 28, 449931).
cost(2, 1, 340419).
cost(2, 3, 271142).
cost(2, 4, 222086).
cost(2, 5, 140351).
cost(2, 6, 130457).
cost(2, 7, 179964).
cost(2, 8, 91679).
cost(2, 9, 220231).
cost(2, 10, 300952).
cost(2, 11, 248611).
cost(2, 12, 485138).
cost(2, 13, 255620).
cost(2, 14, 117801).
cost(2, 15, 151295).
cost(2, 16, 223497).
cost(2, 17, 120895).
cost(2, 18, 235829).
cost(2, 19, 306805).
cost(2, 20, 73875).
cost(2, 21, 61366).
cost(2, 22, 165831).
cost(2, 23, 96421).
cost(2, 24, 54525).
cost(2, 25, 259958).
cost(2, 26, 392997).
cost(2, 27, 124133).
cost(2, 28, 273231).
cost(3, 1, 588143).
cost(3, 2, 271142).
cost(3, 4, 444636).
cost(3, 5, 394491).
cost(3, 6, 397560).
cost(3, 7, 91205).
cost(3, 8, 186717).
cost(3, 9, 118956).
cost(3, 10, 363923).
cost(3, 11, 252549).
cost(3, 12, 673559).
cost(3, 13, 271498).
cost(3, 14, 374223).
cost(3, 15, 390514).
cost(3, 16, 396249).
cost(3, 17, 344009).
cost(3, 18, 446141).
cost(3, 19, 176607).
cost(3, 20, 211477).
cost(3, 21, 319151).
cost(3, 22, 299761).
cost(3, 23, 181797).
cost(3, 24, 224184).
cost(3, 25, 267787).
cost(3, 26, 374947).
cost(3, 27, 374644).
cost(3, 28, 248447).
cost(4, 1, 385141).
cost(4, 2, 222086).
cost(4, 3, 444636).
cost(4, 5, 255344).
cost(4, 6, 213353).
cost(4, 7, 363346).
cost(4, 8, 267207).
cost(4, 9, 346203).
cost(4, 10, 508657).
cost(4, 11, 469969).
cost(4, 12, 264630).
cost(4, 13, 475750).
cost(4, 14, 114803).
cost(4, 15, 286476).
cost(4, 16, 396131).
cost(4, 17, 293068).
cost(4, 18, 25219).
cost(4, 19, 389685).
cost(4, 20, 242670).
cost(4, 21, 161799).
cost(4, 22, 158909).
cost(4, 23, 307003).
cost(4, 24, 272772).
cost(4, 25, 271097).
cost(4, 26, 351483).
cost(4, 27, 103344).
cost(4, 28, 495176).
cost(5, 1, 200373).
cost(5, 2, 140351).
cost(5, 3, 394491).
cost(5, 4, 255344).
cost(5, 6, 42445).
cost(5, 7, 305310).
cost(5, 8, 229843).
cost(5, 9, 359403).
cost(5, 10, 276160).
cost(5, 11, 279309).
cost(5, 12, 508606).
cost(5, 13, 276471).
cost(5, 14, 148160).
cost(5, 15, 32244).
cost(5, 16, 144579).
cost(5, 17, 65206).
cost(5, 18, 278160).
cost(5, 19, 447156).
cost(5, 20, 214126).
cost(5, 21, 140297).
cost(5, 22, 279956).
cost(5, 23, 212985).
cost(5, 24, 172519).
cost(5, 25, 391263).
cost(5, 26, 518485).
cost(5, 27, 161701).
cost(5, 28, 308849).
cost(6, 1, 216731).
cost(6, 2, 130457).
cost(6, 3, 397560).
cost(6, 4, 213353).
cost(6, 5, 42445).
cost(6, 7, 306718).
cost(6, 8, 222119).
cost(6, 9, 349881).
cost(6, 10, 314837).
cost(6, 11, 308645).
cost(6, 12, 466307).
cost(6, 13, 307729).
cost(6, 14, 109176).
cost(6, 15, 74495).
cost(6, 16, 186639).
cost(6, 17, 96972).
cost(6, 18, 236472).
cost(6, 19, 432993).
cost(6, 20, 202953).
cost(6, 21, 112804).
cost(6, 22, 249928).
cost(6, 23, 216477).
cost(6, 24, 173429).
cost(6, 25, 366182).
cost(6, 26, 489403).
cost(6, 27, 122684).
cost(6, 28, 337758).
cost(7, 1, 501493).
cost(7, 2, 179964).
cost(7, 3, 91205).
cost(7, 4, 363346).
cost(7, 5, 305310).
cost(7, 6, 306718).
cost(7, 8, 98313).
cost(7, 9, 98171).
cost(7, 10, 317630).
cost(7, 11, 214363).
cost(7, 12, 604410).
cost(7, 13, 231683).
cost(7, 14, 285388).
cost(7, 15, 303492).
cost(7, 16, 322222).
cost(7, 17, 258196).
cost(7, 18, 367575).
cost(7, 19, 191268).
cost(7, 20, 123487).
cost(7, 21, 229371).
cost(7, 22, 230374).
cost(7, 23, 92460).
cost(7, 24, 133637).
cost(7, 25, 233943).
cost(7, 26, 360739).
cost(7, 27, 286738).
cost(7, 28, 221061).
cost(8, 1, 430182).
cost(8, 2, 91679).
cost(8, 3, 186717).
cost(8, 4, 267207).
cost(8, 5, 229843).
cost(8, 6, 222119).
cost(8, 7, 98313).
cost(8, 9, 129589).
cost(8, 10, 326046).
cost(8, 11, 244489).
cost(8, 12, 515905).
cost(8, 13, 257368).
cost(8, 14, 187582).
cost(8, 15, 236172).
cost(8, 16, 285993).
cost(8, 17, 197570).
cost(8, 18, 273345).
cost(8, 19, 220184).
cost(8, 20, 25183).
cost(8, 21, 132623).
cost(8, 22, 150340).
cost(8, 23, 59366).
cost(8, 24, 66857).
cost(8, 25, 200984).
cost(8, 26, 337178).
cost(8, 27, 188518).
cost(8, 28, 261752).
cost(9, 1, 559760).
cost(9, 2, 220231).
cost(9, 3, 118956).
cost(9, 4, 346203).
cost(9, 5, 359403).
cost(9, 6, 349881).
cost(9, 7, 98171).
cost(9, 8, 129589).
cost(9, 10, 414326).
cost(9, 11, 312500).
cost(9, 12, 559933).
cost(9, 13, 329700).
cost(9, 14, 297303).
cost(9, 15, 365260).
cost(9, 16, 404550).
cost(9, 17, 324903).
cost(9, 18, 343617).
cost(9, 19, 96650).
cost(9, 20, 146928).
cost(9, 21, 249946).
cost(9, 22, 191591).
cost(9, 23, 163962).
cost(9, 24, 192317).
cost(9, 25, 149662).
cost(9, 26, 266616).
cost(9, 27, 294112).
cost(9, 28, 318883).
cost(10, 1, 365447).
cost(10, 2, 300952).
cost(10, 3, 363923).
cost(10, 4, 508657).
cost(10, 5, 276160).
cost(10, 6, 314837).
cost(10, 7, 317630).
cost(10, 8, 326046).
cost(10, 9, 414326).
cost(10, 11, 112054).
cost(10, 12, 772183).
cost(10, 13, 93065).
cost(10, 14, 393928).
cost(10, 15, 245646).
cost(10, 16, 144669).
cost(10, 17, 219852).
cost(10, 18, 527105).
cost(10, 19, 508894).
cost(10, 20, 333585).
cost(10, 21, 352223).
cost(10, 22, 461337).
cost(10, 23, 267741).
cost(10, 24, 270265).
cost(10, 25, 526149).
cost(10, 26, 661712).
cost(10, 27, 405392).
cost(10, 28, 124853).
cost(11, 1, 421626).
cost(11, 2, 248611).
cost(11, 3, 252549).
cost(11, 4, 469969).
cost(11, 5, 279309).
cost(11, 6, 308645).
cost(11, 7, 214363).
cost(11, 8, 244489).
cost(11, 9, 312500).
cost(11, 10, 112054).
cost(11, 12, 733704).
cost(11, 13, 19014).
cost(11, 14, 359751).
cost(11, 15, 255853).
cost(11, 16, 193832).
cost(11, 17, 214253).
cost(11, 18, 484419).
cost(11, 19, 404367).
cost(11, 20, 258349).
cost(11, 21, 308171).
cost(11, 22, 391437).
cost(11, 23, 185527).
cost(11, 24, 203504).
cost(11, 25, 437023).
cost(11, 26, 569910).
cost(11, 27, 368773).
cost(11, 28, 29672).
cost(12, 1, 585958).
cost(12, 2, 485138).
cost(12, 3, 673559).
cost(12, 4, 264630).
cost(12, 5, 508606).
cost(12, 6, 466307).
cost(12, 7, 604410).
cost(12, 8, 515905).
cost(12, 9, 559933).
cost(12, 10, 772183).
cost(12, 11, 733704).
cost(12, 13, 740026).
cost(12, 14, 378600).
cost(12, 15, 540784).
cost(12, 16, 652879).
cost(12, 17, 554203).
cost(12, 18, 249314).
cost(12, 19, 567174).
cost(12, 20, 493472).
cost(12, 21, 425915).
cost(12, 22, 374906).
cost(12, 23, 563591).
cost(12, 24, 533429).
cost(12, 25, 433545).
cost(12, 26, 430688).
cost(12, 27, 367750).
cost(12, 28, 758228).
cost(13, 1, 411229).
cost(13, 2, 255620).
cost(13, 3, 271498).
cost(13, 4, 475750).
cost(13, 5, 276471).
cost(13, 6, 307729).
cost(13, 7, 231683).
cost(13, 8, 257368).
cost(13, 9, 329700).
cost(13, 10, 93065).
cost(13, 11, 19014).
cost(13, 12, 740026).
cost(13, 14, 364218).
cost(13, 15, 251519).
cost(13, 16, 182318).
cost(13, 17, 211953).
cost(13, 18, 490963).
cost(13, 19, 422159).
cost(13, 20, 270021).
cost(13, 21, 314116).
cost(13, 22, 402679).
cost(13, 23, 198083).
cost(13, 24, 212929).
cost(13, 25, 451986).
cost(13, 26, 585512).
cost(13, 27, 373737).
cost(13, 28, 39452).
cost(14, 1, 312750).
cost(14, 2, 117801).
cost(14, 3, 374223).
cost(14, 4, 114803).
cost(14, 5, 148160).
cost(14, 6, 109176).
cost(14, 7, 285388).
cost(14, 8, 187582).
cost(14, 9, 297303).
cost(14, 10, 393928).
cost(14, 11, 359751).
cost(14, 12, 378600).
cost(14, 13, 364218).
cost(14, 15, 177246).
cost(14, 16, 283684).
cost(14, 17, 178869).
cost(14, 18, 134572).
cost(14, 19, 365299).
cost(14, 20, 162748).
cost(14, 21, 57639).
cost(14, 22, 153021).
cost(14, 23, 211994).
cost(14, 24, 172047).
cost(14, 25, 275868).
cost(14, 26, 389587).
cost(14, 27, 13554).
cost(14, 28, 386131).
cost(15, 1, 198001).
cost(15, 2, 151295).
cost(15, 3, 390514).
cost(15, 4, 286476).
cost(15, 5, 32244).
cost(15, 6, 74495).
cost(15, 7, 303492).
cost(15, 8, 236172).
cost(15, 9, 365260).
cost(15, 10, 245646).
cost(15, 11, 255853).
cost(15, 12, 540784).
cost(15, 13, 251519).
cost(15, 14, 177246).
cost(15, 16, 112336).
cost(15, 17, 47834).
cost(15, 18, 308938).
cost(15, 19, 455892).
cost(15, 20, 223327).
cost(15, 21, 162538).
cost(15, 22, 301635).
cost(15, 23, 211278).
cost(15, 24, 174113).
cost(15, 25, 408544).
cost(15, 26, 538352).
cost(15, 27, 190693).
cost(15, 28, 285522).
cost(16, 1, 229325).
cost(16, 2, 223497).
cost(16, 3, 396249).
cost(16, 4, 396131).
cost(16, 5, 144579).
cost(16, 6, 186639).
cost(16, 7, 322222).
cost(16, 8, 285993).
cost(16, 9, 404550).
cost(16, 10, 144669).
cost(16, 11, 193832).
cost(16, 12, 652879).
cost(16, 13, 182318).
cost(16, 14, 283684).
cost(16, 15, 112336).
cost(16, 17, 107647).
cost(16, 18, 417660).
cost(16, 19, 500605).
cost(16, 20, 282275).
cost(16, 21, 256680).
cost(16, 22, 388170).
cost(16, 23, 240607).
cost(16, 24, 219323).
cost(16, 25, 480164).
cost(16, 26, 615058).
cost(16, 27, 296695).
cost(16, 28, 221385).
cost(17, 1, 244145).
cost(17, 2, 120895).
cost(17, 3, 344009).
cost(17, 4, 293068).
cost(17, 5, 65206).
cost(17, 6, 96972).
cost(17, 7, 258196).
cost(17, 8, 197570).
cost(17, 9, 324903).
cost(17, 10, 219852).
cost(17, 11, 214253).
cost(17, 12, 554203).
cost(17, 13, 211953).
cost(17, 14, 178869).
cost(17, 15, 47834).
cost(17, 16, 107647).
cost(17, 18, 313440).
cost(17, 19, 417668).
cost(17, 20, 187967).
cost(17, 21, 149038).
cost(17, 22, 282346).
cost(17, 23, 166696).
cost(17, 24, 132587).
cost(17, 25, 380800).
cost(17, 26, 513744).
cost(17, 27, 191427).
cost(17, 28, 243746).
cost(18, 1, 410349).
cost(18, 2, 235829).
cost(18, 3, 446141).
cost(18, 4, 25219).
cost(18, 5, 278160).
cost(18, 6, 236472).
cost(18, 7, 367575).
cost(18, 8, 273345).
cost(18, 9, 343617).
cost(18, 10, 527105).
cost(18, 11, 484419).
cost(18, 12, 249314).
cost(18, 13, 490963).
cost(18, 14, 134572).
cost(18, 15, 308938).
cost(18, 16, 417660).
cost(18, 17, 313440).
cost(18, 19, 381181).
cost(18, 20, 249454).
cost(18, 21, 177072).
cost(18, 22, 153079).
cost(18, 23, 316637).
cost(18, 24, 284600).
cost(18, 25, 258478).
cost(18, 26, 331720).
cost(18, 27, 122232).
cost(18, 28, 508934).
cost(19, 1, 647021).
cost(19, 2, 306805).
cost(19, 3, 176607).
cost(19, 4, 389685).
cost(19, 5, 447156).
cost(19, 6, 432993).
cost(19, 7, 191268).
cost(19, 8, 220184).
cost(19, 9, 96650).
cost(19, 10, 508894).
cost(19, 11, 404367).
cost(19, 12, 567174).
cost(19, 13, 422159).
cost(19, 14, 365299).
cost(19, 15, 455892).
cost(19, 16, 500605).
cost(19, 17, 417668).
cost(19, 18, 381181).
cost(19, 20, 233128).
cost(19, 21, 325844).
cost(19, 22, 231313).
cost(19, 23, 260056).
cost(19, 24, 285638).
cost(19, 25, 133694).
cost(19, 26, 204083).
cost(19, 27, 359380).
cost(19, 28, 407992).
cost(20, 1, 414288).
cost(20, 2, 73875).
cost(20, 3, 211477).
cost(20, 4, 242670).
cost(20, 5, 214126).
cost(20, 6, 202953).
cost(20, 7, 123487).
cost(20, 8, 25183).
cost(20, 9, 146928).
cost(20, 10, 333585).
cost(20, 11, 258349).
cost(20, 12, 493472).
cost(20, 13, 270021).
cost(20, 14, 162748).
cost(20, 15, 223327).
cost(20, 16, 282275).
cost(20, 17, 187967).
cost(20, 18, 249454).
cost(20, 19, 233128).
cost(20, 21, 108523).
cost(20, 22, 133225).
cost(20, 23, 73680).
cost(20, 24, 65170).
cost(20, 25, 198828).
cost(20, 26, 334788).
cost(20, 27, 163435).
cost(20, 28, 277448).
cost(21, 1, 329293).
cost(21, 2, 61366).
cost(21, 3, 319151).
cost(21, 4, 161799).
cost(21, 5, 140297).
cost(21, 6, 112804).
cost(21, 7, 229371).
cost(21, 8, 132623).
cost(21, 9, 249946).
cost(21, 10, 352223).
cost(21, 11, 308171).
cost(21, 12, 425915).
cost(21, 13, 314116).
cost(21, 14, 57639).
cost(21, 15, 162538).
cost(21, 16, 256680).
cost(21, 17, 149038).
cost(21, 18, 177072).
cost(21, 19, 325844).
cost(21, 20, 108523).
cost(21, 22, 139689).
cost(21, 23, 154365).
cost(21, 24, 114913).
cost(21, 25, 253403).
cost(21, 26, 378353).
cost(21, 27, 62859).
cost(21, 28, 333516).
cost(22, 1, 463330).
cost(22, 2, 165831).
cost(22, 3, 299761).
cost(22, 4, 158909).
cost(22, 5, 279956).
cost(22, 6, 249928).
cost(22, 7, 230374).
cost(22, 8, 150340).
cost(22, 9, 191591).
cost(22, 10, 461337).
cost(22, 11, 391437).
cost(22, 12, 374906).
cost(22, 13, 402679).
cost(22, 14, 153021).
cost(22, 15, 301635).
cost(22, 16, 388170).
cost(22, 17, 282346).
cost(22, 18, 153079).
cost(22, 19, 231313).
cost(22, 20, 133225).
cost(22, 21, 139689).
cost(22, 23, 206777).
cost(22, 24, 191732).
cost(22, 25, 123856).
cost(22, 26, 239479).
cost(22, 27, 143024).
cost(22, 28, 410635).
cost(23, 1, 409231).
cost(23, 2, 96421).
cost(23, 3, 181797).
cost(23, 4, 307003).
cost(23, 5, 212985).
cost(23, 6, 216477).
cost(23, 7, 92460).
cost(23, 8, 59366).
cost(23, 9, 163962).
cost(23, 10, 267741).
cost(23, 11, 185527).
cost(23, 12, 563591).
cost(23, 13, 198083).
cost(23, 14, 211994).
cost(23, 15, 211278).
cost(23, 16, 240607).
cost(23, 17, 166696).
cost(23, 18, 316637).
cost(23, 19, 260056).
cost(23, 20, 73680).
cost(23, 21, 154365).
cost(23, 22, 206777).
cost(23, 24, 43620).
cost(23, 25, 258423).
cost(23, 26, 394185).
cost(23, 27, 216455).
cost(23, 28, 203867).
cost(24, 1, 371076).
cost(24, 2, 54525).
cost(24, 3, 224184).
cost(24, 4, 272772).
cost(24, 5, 172519).
cost(24, 6, 173429).
cost(24, 7, 133637).
cost(24, 8, 66857).
cost(24, 9, 192317).
cost(24, 10, 270265).
cost(24, 11, 203504).
cost(24, 12, 533429).
cost(24, 13, 212929).
cost(24, 14, 172047).
cost(24, 15, 174113).
cost(24, 16, 219323).
cost(24, 17, 132587).
cost(24, 18, 284600).
cost(24, 19, 285638).
cost(24, 20, 65170).
cost(24, 21, 114913).
cost(24, 22, 191732).
cost(24, 23, 43620).
cost(24, 25, 263739).
cost(24, 26, 399832).
cost(24, 27, 177729).
cost(24, 28, 225919).
cost(25, 1, 582255).
cost(25, 2, 259958).
cost(25, 3, 267787).
cost(25, 4, 271097).
cost(25, 5, 391263).
cost(25, 6, 366182).
cost(25, 7, 233943).
cost(25, 8, 200984).
cost(25, 9, 149662).
cost(25, 10, 526149).
cost(25, 11, 437023).
cost(25, 12, 433545).
cost(25, 13, 451986).
cost(25, 14, 275868).
cost(25, 15, 408544).
cost(25, 16, 480164).
cost(25, 17, 380800).
cost(25, 18, 258478).
cost(25, 19, 133694).
cost(25, 20, 198828).
cost(25, 21, 253403).
cost(25, 22, 123856).
cost(25, 23, 258423).
cost(25, 24, 263739).
cost(25, 26, 136258).
cost(25, 27, 266480).
cost(25, 28, 449298).
cost(26, 1, 701966).
cost(26, 2, 392997).
cost(26, 3, 374947).
cost(26, 4, 351483).
cost(26, 5, 518485).
cost(26, 6, 489403).
cost(26, 7, 360739).
cost(26, 8, 337178).
cost(26, 9, 266616).
cost(26, 10, 661712).
cost(26, 11, 569910).
cost(26, 12, 430688).
cost(26, 13, 585512).
cost(26, 14, 389587).
cost(26, 15, 538352).
cost(26, 16, 615058).
cost(26, 17, 513744).
cost(26, 18, 331720).
cost(26, 19, 204083).
cost(26, 20, 334788).
cost(26, 21, 378353).
cost(26, 22, 239479).
cost(26, 23, 394185).
cost(26, 24, 399832).
cost(26, 25, 136258).
cost(26, 27, 378159).
cost(26, 28, 580354).
cost(27, 1, 324754).
cost(27, 2, 124133).
cost(27, 3, 374644).
cost(27, 4, 103344).
cost(27, 5, 161701).
cost(27, 6, 122684).
cost(27, 7, 286738).
cost(27, 8, 188518).
cost(27, 9, 294112).
cost(27, 10, 405392).
cost(27, 11, 368773).
cost(27, 12, 367750).
cost(27, 13, 373737).
cost(27, 14, 13554).
cost(27, 15, 190693).
cost(27, 16, 296695).
cost(27, 17, 191427).
cost(27, 18, 122232).
cost(27, 19, 359380).
cost(27, 20, 163435).
cost(27, 21, 62859).
cost(27, 22, 143024).
cost(27, 23, 216455).
cost(27, 24, 177729).
cost(27, 25, 266480).
cost(27, 26, 378159).
cost(27, 28, 394774).
cost(28, 1, 449931).
cost(28, 2, 273231).
cost(28, 3, 248447).
cost(28, 4, 495176).
cost(28, 5, 308849).
cost(28, 6, 337758).
cost(28, 7, 221061).
cost(28, 8, 261752).
cost(28, 9, 318883).
cost(28, 10, 124853).
cost(28, 11, 29672).
cost(28, 12, 758228).
cost(28, 13, 39452).
cost(28, 14, 386131).
cost(28, 15, 285522).
cost(28, 16, 221385).
cost(28, 17, 243746).
cost(28, 18, 508934).
cost(28, 19, 407992).
cost(28, 20, 277448).
cost(28, 21, 333516).
cost(28, 22, 410635).
cost(28, 23, 203867).
cost(28, 24, 225919).
cost(28, 25, 449298).
cost(28, 26, 580354).
cost(28, 27, 394774).
nocross(1,5).
nocross(1,6).
nocross(1,14).
nocross(1,15).
nocross(1,16).
nocross(1,17).
nocross(2,5).
nocross(2,6).
nocross(2,8).
nocross(2,15).
nocross(2,17).
nocross(2,18).
nocross(2,20).
nocross(2,21).
nocross(2,22).
nocross(2,23).
nocross(2,24).
nocross(3,19).
nocross(4,27).
nocross(5,2).
nocross(5,6).
nocross(5,15).
nocross(5,17).
nocross(5,24).
nocross(6,2).
nocross(6,5).
nocross(6,14).
nocross(6,15).
nocross(6,17).
nocross(6,20).
nocross(6,22).
nocross(6,23).
nocross(6,24).
nocross(7,2).
nocross(7,6).
nocross(7,8).
nocross(7,9).
nocross(7,17).
nocross(7,23).
nocross(7,24).
nocross(7,28).
nocross(8,2).
nocross(8,6).
nocross(8,7).
nocross(8,9).
nocross(8,15).
nocross(8,17).
nocross(8,20).
nocross(8,22).
nocross(8,23).
nocross(8,24).
nocross(9,3).
nocross(9,7).
nocross(9,8).
nocross(9,20).
nocross(9,22).
nocross(9,23).
nocross(10,6).
nocross(10,13).
nocross(10,15).
nocross(10,16).
nocross(10,17).
nocross(10,23).
nocross(10,24).
nocross(11,3).
nocross(11,13).
nocross(11,15).
nocross(11,16).
nocross(11,17).
nocross(11,18).
nocross(11,23).
nocross(11,24).
nocross(12,18).
nocross(13,3).
nocross(13,15).
nocross(13,16).
nocross(13,17).
nocross(13,18).
nocross(13,23).
nocross(13,24).
nocross(14,2).
nocross(14,5).
nocross(14,6).
nocross(14,15).
nocross(14,17).
nocross(14,20).
nocross(14,21).
nocross(14,22).
nocross(14,23).
nocross(14,24).
nocross(15,2).
nocross(15,5).
nocross(15,6).
nocross(15,16).
nocross(15,17).
nocross(15,24).
nocross(16,2).
nocross(16,6).
nocross(16,10).
nocross(16,13).
nocross(16,15).
nocross(16,17).
nocross(16,23).
nocross(16,24).
nocross(17,2).
nocross(17,5).
nocross(17,6).
nocross(17,8).
nocross(17,13).
nocross(17,15).
nocross(17,16).
nocross(17,24).
nocross(19,26).
nocross(20,2).
nocross(20,5).
nocross(20,6).
nocross(20,8).
nocross(20,14).
nocross(20,15).
nocross(20,17).
nocross(20,21).
nocross(20,22).
nocross(20,23).
nocross(20,24).
nocross(21,2).
nocross(21,5).
nocross(21,6).
nocross(21,8).
nocross(21,14).
nocross(21,15).
nocross(21,17).
nocross(21,18).
nocross(21,20).
nocross(21,22).
nocross(21,23).
nocross(21,24).
nocross(22,2).
nocross(22,6).
nocross(22,8).
nocross(22,9).
nocross(22,14).
nocross(22,20).
nocross(22,21).
nocross(22,23).
nocross(22,24).
nocross(23,5).
nocross(23,6).
nocross(23,7).
nocross(23,8).
nocross(23,15).
nocross(23,17).
nocross(23,24).
nocross(24,2).
nocross(24,5).
nocross(24,6).
nocross(24,8).
nocross(24,15).
nocross(24,17).
nocross(24,20).
nocross(24,23).
nocross(25,2).
nocross(25,6).
nocross(25,7).
nocross(25,8).
nocross(25,9).
nocross(25,19).
nocross(25,20).
nocross(25,22).
nocross(28,3).
nocross(28,11).
nocross(28,13).
nocross(28,17).
nocross(28,23).
nocross(28,24).
