dimension(28).
point(1, 408339.0, -203051.0).
point(2, -113338.0, -109996.0).
point(3, 318907.0, 196094.0).
point(4, 227306.0, -85289.0).
point(5, 275165.0, 151298.0).
point(6, -59507.0, 402770.0).
point(7, 428605.0, 177576.0).
point(8, -244548.0, 345495.0).
point(9, 134511.0, 170452.0).
point(10, 838.0, -233648.0).
point(11, -132199.0, 180436.0).
point(12, 222712.0, 219551.0).
point(13, -101966.0, 81230.0).
point(14, -56004.0, -195681.0).
point(15, -289671.0, -249984.0).
point(16, 73639.0, -326013.0).
point(17, -1844.0, 80845.0).
point(18, -310563.0, -68592.0).
point(19, -141561.0, 9148.0).
point(20, -427777.0, 107500.0).
point(21, 307040.0, 209407.0).
point(22, -381379.0, -41942.0).
point(23, -106733.0, -62807.0).
point(24, 413370.0, 92594.0).
point(25, -375573.0, -108741.0).
point(26, 121561.0, -245964.0).
point(27, -73422.0, -109239.0).
point(28, 284031.0, -108836.0).
cost(1, 2, 529911).
cost(1, 3, 409041).
cost(1, 4, 215965).
cost(1, 5, 378548).
cost(1, 6, 765440).
cost(1, 7, 381166).
cost(1, 8, 852739).
cost(1, 9, 463127).
cost(1, 10, 408648).
cost(1, 11, 662755).
cost(1, 12, 461573).
cost(1, 13, 584146).
cost(1, 14, 464401).
cost(1, 15, 699586).
cost(1, 16, 356572).
cost(1, 17, 498846).
cost(1, 18, 731368).
cost(1, 19, 589422).
cost(1, 20, 891926).
cost(1, 21, 424715).
cost(1, 22, 805984).
cost(1, 23, 533824).
cost(1, 24, 295688).
cost(1, 25, 789565).
cost(1, 26, 289971).
cost(1, 27, 490810).
cost(1, 28, 155977).
cost(2, 1, 529911).
cost(2, 3, 529648).
cost(2, 4, 341539).
cost(2, 5, 468198).
cost(2, 6, 515584).
cost(2, 7, 613514).
cost(2, 8, 474013).
cost(2, 9, 374273).
cost(2, 10, 168303).
cost(2, 11, 291044).
cost(2, 12, 470671).
cost(2, 13, 191564).
cost(2, 14, 103098).
cost(2, 15, 225144).
cost(2, 16, 285699).
cost(2, 17, 221023).
cost(2, 18, 201524).
cost(2, 19, 122441).
cost(2, 20, 382330).
cost(2, 21, 527954).
cost(2, 22, 276545).
cost(2, 23, 47649).
cost(2, 24, 564326).
cost(2, 25, 262238).
cost(2, 26, 271413).
cost(2, 27, 39923).
cost(2, 28, 397371).
cost(3, 1, 409041).
cost(3, 2, 529648).
cost(3, 4, 295917).
cost(3, 5, 62610).
cost(3, 6, 431175).
cost(3, 7, 111250).
cost(3, 8, 582926).
cost(3, 9, 186170).
cost(3, 10, 534646).
cost(3, 11, 451378).
cost(3, 12, 99014).
cost(3, 13, 436266).
cost(3, 14, 542260).
cost(3, 15, 754555).
cost(3, 16, 576847).
cost(3, 17, 340828).
cost(3, 18, 682855).
cost(3, 19, 496970).
cost(3, 20, 751921).
cost(3, 21, 17834).
cost(3, 22, 739636).
cost(3, 23, 498196).
cost(3, 24, 140127).
cost(3, 25, 758437).
cost(3, 26, 484108).
cost(3, 27, 497142).
cost(3, 28, 306918).
cost(4, 1, 215965).
cost(4, 2, 341539).
cost(4, 3, 295917).
cost(4, 5, 241379).
cost(4, 6, 566095).
cost(4, 7, 331088).
cost(4, 8, 638922).
cost(4, 9, 272056).
cost(4, 10, 270736).
cost(4, 11, 447050).
cost(4, 12, 304875).
cost(4, 13, 368983).
cost(4, 14, 304057).
cost(4, 15, 542577).
cost(4, 16, 285590).
cost(4, 17, 283038).
cost(4, 18, 538128).
cost(4, 19, 380764).
cost(4, 20, 682863).
cost(4, 21, 305292).
cost(4, 22, 610227).
cost(4, 23, 334795).
cost(4, 24, 257414).
cost(4, 25, 603335).
cost(4, 26, 192350).
cost(4, 27, 301680).
cost(4, 28, 61418).
cost(5, 1, 378548).
cost(5, 2, 468198).
cost(5, 3, 62610).
cost(5, 4, 241379).
cost(5, 6, 418621).
cost(5, 7, 155674).
cost(5, 8, 554810).
cost(5, 9, 141952).
cost(5, 10, 472693).
cost(5, 11, 408405).
cost(5, 12, 86080).
cost(5, 13, 383585).
cost(5, 14, 479653).
cost(5, 15, 692869).
cost(5, 16, 518111).
cost(5, 17, 285828).
cost(5, 18, 625643).
cost(5, 19, 440304).
cost(5, 20, 704305).
cost(5, 21, 66277).
cost(5, 22, 684391).
cost(5, 23, 437821).
cost(5, 24, 150156).
cost(5, 25, 700771).
cost(5, 26, 425924).
cost(5, 27, 435192).
cost(5, 28, 260285).
cost(6, 1, 765440).
cost(6, 2, 515584).
cost(6, 3, 431175).
cost(6, 4, 566095).
cost(6, 5, 418621).
cost(6, 7, 537555).
cost(6, 8, 193702).
cost(6, 9, 302679).
cost(6, 10, 639273).
cost(6, 11, 233916).
cost(6, 12, 336477).
cost(6, 13, 324331).
cost(6, 14, 598461).
cost(6, 15, 692144).
cost(6, 16, 740846).
cost(6, 17, 327049).
cost(6, 18, 534052).
cost(6, 19, 402083).
cost(6, 20, 472025).
cost(6, 21, 414422).
cost(6, 22, 548972).
cost(6, 23, 467966).
cost(6, 24, 565528).
cost(6, 25, 601283).
cost(6, 26, 673529).
cost(6, 27, 512198).
cost(6, 28, 616246).
cost(7, 1, 381166).
cost(7, 2, 613514).
cost(7, 3, 111250).
cost(7, 4, 331088).
cost(7, 5, 155674).
cost(7, 6, 537555).
cost(7, 8, 693781).
cost(7, 9, 294180).
cost(7, 10, 593372).
cost(7, 11, 560811).
cost(7, 12, 210128).
cost(7, 13, 539248).
cost(7, 14, 611692).
cost(7, 15, 835899).
cost(7, 16, 616119).
cost(7, 17, 441184).
cost(7, 18, 779082).
cost(7, 19, 594523).
cost(7, 20, 859244).
cost(7, 21, 125663).
cost(7, 22, 839203).
cost(7, 23, 586831).
cost(7, 24, 86337).
cost(7, 25, 853627).
cost(7, 26, 523127).
cost(7, 27, 578182).
cost(7, 28, 320832).
cost(8, 1, 852739).
cost(8, 2, 474013).
cost(8, 3, 582926).
cost(8, 4, 638922).
cost(8, 5, 554810).
cost(8, 6, 193702).
cost(8, 7, 693781).
cost(8, 9, 417523).
cost(8, 10, 628984).
cost(8, 11, 199667).
cost(8, 12, 483936).
cost(8, 13, 300276).
cost(8, 14, 573080).
cost(8, 15, 597186).
cost(8, 16, 743079).
cost(8, 17, 359089).
cost(8, 18, 419316).
cost(8, 19, 351761).
cost(8, 20, 300357).
cost(8, 21, 568128).
cost(8, 22, 410889).
cost(8, 23, 430933).
cost(8, 24, 704851).
cost(8, 25, 472756).
cost(8, 26, 695600).
cost(8, 27, 485867).
cost(8, 28, 697002).
cost(9, 1, 463127).
cost(9, 2, 374273).
cost(9, 3, 186170).
cost(9, 4, 272056).
cost(9, 5, 141952).
cost(9, 6, 302679).
cost(9, 7, 294180).
cost(9, 8, 417523).
cost(9, 10, 425635).
cost(9, 11, 266897).
cost(9, 12, 100946).
cost(9, 13, 252749).
cost(9, 14, 412734).
cost(9, 15, 597241).
cost(9, 16, 500183).
cost(9, 17, 163163).
cost(9, 18, 505206).
cost(9, 19, 319742).
cost(9, 20, 565801).
cost(9, 21, 176872).
cost(9, 22, 557901).
cost(9, 23, 335572).
cost(9, 24, 289524).
cost(9, 25, 581493).
cost(9, 26, 416617).
cost(9, 27, 348516).
cost(9, 28, 316793).
cost(10, 1, 408648).
cost(10, 2, 168303).
cost(10, 3, 534646).
cost(10, 4, 270736).
cost(10, 5, 472693).
cost(10, 6, 639273).
cost(10, 7, 593372).
cost(10, 8, 628984).
cost(10, 9, 425635).
cost(10, 11, 434930).
cost(10, 12, 504596).
cost(10, 13, 331235).
cost(10, 14, 68356).
cost(10, 15, 290968).
cost(10, 16, 117606).
cost(10, 17, 314504).
cost(10, 18, 352440).
cost(10, 19, 281474).
cost(10, 20, 547807).
cost(10, 21, 538570).
cost(10, 22, 427599).
cost(10, 23, 201887).
cost(10, 24, 525943).
cost(10, 25, 396594).
cost(10, 26, 121350).
cost(10, 27, 144887).
cost(10, 28, 309477).
cost(11, 1, 662755).
cost(11, 2, 291044).
cost(11, 3, 451378).
cost(11, 4, 447050).
cost(11, 5, 408405).
cost(11, 6, 233916).
cost(11, 7, 560811).
cost(11, 8, 199667).
cost(11, 9, 266897).
cost(11, 10, 434930).
cost(11, 12, 357060).
cost(11, 13, 103710).
cost(11, 14, 383757).
cost(11, 15, 458322).
cost(11, 16, 546681).
cost(11, 17, 164045).
cost(11, 18, 306315).
cost(11, 19, 171544).
cost(11, 20, 304444).
cost(11, 21, 440193).
cost(11, 22, 333980).
cost(11, 23, 244572).
cost(11, 24, 552595).
cost(11, 25, 377961).
cost(11, 26, 496197).
cost(11, 27, 295578).
cost(11, 28, 506878).
cost(12, 1, 461573).
cost(12, 2, 470671).
cost(12, 3, 99014).
cost(12, 4, 304875).
cost(12, 5, 86080).
cost(12, 6, 336477).
cost(12, 7, 210128).
cost(12, 8, 483936).
cost(12, 9, 100946).
cost(12, 10, 504596).
cost(12, 11, 357060).
cost(12, 13, 352914).
cost(12, 14, 500100).
cost(12, 15, 694982).
cost(12, 16, 565564).
cost(12, 17, 263941).
cost(12, 18, 606142).
cost(12, 19, 420671).
cost(12, 20, 660069).
cost(12, 21, 84936).
cost(12, 22, 658259).
cost(12, 23, 433889).
cost(12, 24, 229060).
cost(12, 25, 682437).
cost(12, 26, 476378).
cost(12, 27, 442491).
cost(12, 28, 334063).
cost(13, 1, 584146).
cost(13, 2, 191564).
cost(13, 3, 436266).
cost(13, 4, 368983).
cost(13, 5, 383585).
cost(13, 6, 324331).
cost(13, 7, 539248).
cost(13, 8, 300276).
cost(13, 9, 252749).
cost(13, 10, 331235).
cost(13, 11, 103710).
cost(13, 12, 352914).
cost(13, 14, 280699).
cost(13, 15, 380704).
cost(13, 16, 443491).
cost(13, 17, 100123).
cost(13, 18, 256826).
cost(13, 19, 82241).
cost(13, 20, 326868).
cost(13, 21, 428620).
cost(13, 22, 305357).
cost(13, 23, 144116).
cost(13, 24, 515461).
cost(13, 25, 333091).
cost(13, 26, 396258).
cost(13, 27, 192596).
cost(13, 28, 430254).
cost(14, 1, 464401).
cost(14, 2, 103098).
cost(14, 3, 542260).
cost(14, 4, 304057).
cost(14, 5, 479653).
cost(14, 6, 598461).
cost(14, 7, 611692).
cost(14, 8, 573080).
cost(14, 9, 412734).
cost(14, 10, 68356).
cost(14, 11, 383757).
cost(14, 12, 500100).
cost(14, 13, 280699).
cost(14, 15, 239894).
cost(14, 16, 183831).
cost(14, 17, 281780).
cost(14, 18, 284520).
cost(14, 19, 221980).
cost(14, 20, 479723).
cost(14, 21, 543964).
cost(14, 22, 359867).
cost(14, 23, 142228).
cost(14, 24, 550831).
cost(14, 25, 331184).
cost(14, 26, 184547).
cost(14, 27, 88179).
cost(14, 28, 350950).
cost(15, 1, 699586).
cost(15, 2, 225144).
cost(15, 3, 754555).
cost(15, 4, 542577).
cost(15, 5, 692869).
cost(15, 6, 692144).
cost(15, 7, 835899).
cost(15, 8, 597186).
cost(15, 9, 597241).
cost(15, 10, 290968).
cost(15, 11, 458322).
cost(15, 12, 694982).
cost(15, 13, 380704).
cost(15, 14, 239894).
cost(15, 16, 371180).
cost(15, 17, 438511).
cost(15, 18, 182591).
cost(15, 19, 298473).
cost(15, 20, 383234).
cost(15, 21, 753063).
cost(15, 22, 227358).
cost(15, 23, 261728).
cost(15, 24, 782065).
cost(15, 25, 165314).
cost(15, 26, 411252).
cost(15, 27, 258017).
cost(15, 28, 590810).
cost(16, 1, 356572).
cost(16, 2, 285699).
cost(16, 3, 576847).
cost(16, 4, 285590).
cost(16, 5, 518111).
cost(16, 6, 740846).
cost(16, 7, 616119).
cost(16, 8, 743079).
cost(16, 9, 500183).
cost(16, 10, 117606).
cost(16, 11, 546681).
cost(16, 12, 565564).
cost(16, 13, 443491).
cost(16, 14, 183831).
cost(16, 15, 371180).
cost(16, 17, 413801).
cost(16, 18, 462468).
cost(16, 19, 398301).
cost(16, 20, 662836).
cost(16, 21, 584081).
cost(16, 22, 536412).
cost(16, 23, 319079).
cost(16, 24, 539119).
cost(16, 25, 498998).
cost(16, 26, 93297).
cost(16, 27, 261950).
cost(16, 28, 302375).
cost(17, 1, 498846).
cost(17, 2, 221023).
cost(17, 3, 340828).
cost(17, 4, 283038).
cost(17, 5, 285828).
cost(17, 6, 327049).
cost(17, 7, 441184).
cost(17, 8, 359089).
cost(17, 9, 163163).
cost(17, 10, 314504).
cost(17, 11, 164045).
cost(17, 12, 263941).
cost(17, 13, 100123).
cost(17, 14, 281780).
cost(17, 15, 438511).
cost(17, 16, 413801).
cost(17, 18, 342985).
cost(17, 19, 157039).
cost(17, 20, 426766).
cost(17, 21, 334571).
cost(17, 22, 398903).
cost(17, 23, 177870).
cost(17, 24, 415380).
cost(17, 25, 419066).
cost(17, 26, 349332).
cost(17, 27, 203114).
cost(17, 28, 343079).
cost(18, 1, 731368).
cost(18, 2, 201524).
cost(18, 3, 682855).
cost(18, 4, 538128).
cost(18, 5, 625643).
cost(18, 6, 534052).
cost(18, 7, 779082).
cost(18, 8, 419316).
cost(18, 9, 505206).
cost(18, 10, 352440).
cost(18, 11, 306315).
cost(18, 12, 606142).
cost(18, 13, 256826).
cost(18, 14, 284520).
cost(18, 15, 182591).
cost(18, 16, 462468).
cost(18, 17, 342985).
cost(18, 19, 186025).
cost(18, 20, 211536).
cost(18, 21, 677286).
cost(18, 22, 75665).
cost(18, 23, 203912).
cost(18, 24, 741660).
cost(18, 25, 76408).
cost(18, 26, 467110).
cost(18, 27, 240599).
cost(18, 28, 595954).
cost(19, 1, 589422).
cost(19, 2, 122441).
cost(19, 3, 496970).
cost(19, 4, 380764).
cost(19, 5, 440304).
cost(19, 6, 402083).
cost(19, 7, 594523).
cost(19, 8, 351761).
cost(19, 9, 319742).
cost(19, 10, 281474).
cost(19, 11, 171544).
cost(19, 12, 420671).
cost(19, 13, 82241).
cost(19, 14, 221980).
cost(19, 15, 298473).
cost(19, 16, 398301).
cost(19, 17, 157039).
cost(19, 18, 186025).
cost(19, 20, 302643).
cost(19, 21, 491270).
cost(19, 22, 245200).
cost(19, 23, 79941).
cost(19, 24, 561170).
cost(19, 25, 262029).
cost(19, 26, 366491).
cost(19, 27, 136596).
cost(19, 28, 441643).
cost(20, 1, 891926).
cost(20, 2, 382330).
cost(20, 3, 751921).
cost(20, 4, 682863).
cost(20, 5, 704305).
cost(20, 6, 472025).
cost(20, 7, 859244).
cost(20, 8, 300357).
cost(20, 9, 565801).
cost(20, 10, 547807).
cost(20, 11, 304444).
cost(20, 12, 660069).
cost(20, 13, 326868).
cost(20, 14, 479723).
cost(20, 15, 383234).
cost(20, 16, 662836).
cost(20, 17, 426766).
cost(20, 18, 211536).
cost(20, 19, 302643).
cost(20, 21, 741850).
cost(20, 22, 156479).
cost(20, 23, 363419).
cost(20, 24, 841279).
cost(20, 25, 222453).
cost(20, 26, 653230).
cost(20, 27, 415383).
cost(20, 28, 743957).
cost(21, 1, 424715).
cost(21, 2, 527954).
cost(21, 3, 17834).
cost(21, 4, 305292).
cost(21, 5, 66277).
cost(21, 6, 414422).
cost(21, 7, 125663).
cost(21, 8, 568128).
cost(21, 9, 176872).
cost(21, 10, 538570).
cost(21, 11, 440193).
cost(21, 12, 84936).
cost(21, 13, 428620).
cost(21, 14, 543964).
cost(21, 15, 753063).
cost(21, 16, 584081).
cost(21, 17, 334571).
cost(21, 18, 677286).
cost(21, 19, 491270).
cost(21, 20, 741850).
cost(21, 22, 732869).
cost(21, 23, 495286).
cost(21, 24, 157960).
cost(21, 25, 753113).
cost(21, 26, 491696).
cost(21, 27, 496273).
cost(21, 28, 319074).
cost(22, 1, 805984).
cost(22, 2, 276545).
cost(22, 3, 739636).
cost(22, 4, 610227).
cost(22, 5, 684391).
cost(22, 6, 548972).
cost(22, 7, 839203).
cost(22, 8, 410889).
cost(22, 9, 557901).
cost(22, 10, 427599).
cost(22, 11, 333980).
cost(22, 12, 658259).
cost(22, 13, 305357).
cost(22, 14, 359867).
cost(22, 15, 227358).
cost(22, 16, 536412).
cost(22, 17, 398903).
cost(22, 18, 75665).
cost(22, 19, 245200).
cost(22, 20, 156479).
cost(22, 21, 732869).
cost(22, 23, 275437).
cost(22, 24, 806056).
cost(22, 25, 67051).
cost(22, 26, 542746).
cost(22, 27, 315224).
cost(22, 28, 668764).
cost(23, 1, 533824).
cost(23, 2, 47649).
cost(23, 3, 498196).
cost(23, 4, 334795).
cost(23, 5, 437821).
cost(23, 6, 467966).
cost(23, 7, 586831).
cost(23, 8, 430933).
cost(23, 9, 335572).
cost(23, 10, 201887).
cost(23, 11, 244572).
cost(23, 12, 433889).
cost(23, 13, 144116).
cost(23, 14, 142228).
cost(23, 15, 261728).
cost(23, 16, 319079).
cost(23, 17, 177870).
cost(23, 18, 203912).
cost(23, 19, 79941).
cost(23, 20, 363419).
cost(23, 21, 495286).
cost(23, 22, 275437).
cost(23, 24, 542823).
cost(23, 25, 272736).
cost(23, 26, 292685).
cost(23, 27, 57145).
cost(23, 28, 393466).
cost(24, 1, 295688).
cost(24, 2, 564326).
cost(24, 3, 140127).
cost(24, 4, 257414).
cost(24, 5, 150156).
cost(24, 6, 565528).
cost(24, 7, 86337).
cost(24, 8, 704851).
cost(24, 9, 289524).
cost(24, 10, 525943).
cost(24, 11, 552595).
cost(24, 12, 229060).
cost(24, 13, 515461).
cost(24, 14, 550831).
cost(24, 15, 782065).
cost(24, 16, 539119).
cost(24, 17, 415380).
cost(24, 18, 741660).
cost(24, 19, 561170).
cost(24, 20, 841279).
cost(24, 21, 157960).
cost(24, 22, 806056).
cost(24, 23, 542823).
cost(24, 25, 814228).
cost(24, 26, 446961).
cost(24, 27, 526975).
cost(24, 28, 239380).
cost(25, 1, 789565).
cost(25, 2, 262238).
cost(25, 3, 758437).
cost(25, 4, 603335).
cost(25, 5, 700771).
cost(25, 6, 601283).
cost(25, 7, 853627).
cost(25, 8, 472756).
cost(25, 9, 581493).
cost(25, 10, 396594).
cost(25, 11, 377961).
cost(25, 12, 682437).
cost(25, 13, 333091).
cost(25, 14, 331184).
cost(25, 15, 165314).
cost(25, 16, 498998).
cost(25, 17, 419066).
cost(25, 18, 76408).
cost(25, 19, 262029).
cost(25, 20, 222453).
cost(25, 21, 753113).
cost(25, 22, 67051).
cost(25, 23, 272736).
cost(25, 24, 814228).
cost(25, 26, 515725).
cost(25, 27, 302151).
cost(25, 28, 659604).
cost(26, 1, 289971).
cost(26, 2, 271413).
cost(26, 3, 484108).
cost(26, 4, 192350).
cost(26, 5, 425924).
cost(26, 6, 673529).
cost(26, 7, 523127).
cost(26, 8, 695600).
cost(26, 9, 416617).
cost(26, 10, 121350).
cost(26, 11, 496197).
cost(26, 12, 476378).
cost(26, 13, 396258).
cost(26, 14, 184547).
cost(26, 15, 411252).
cost(26, 16, 93297).
cost(26, 17, 349332).
cost(26, 18, 467110).
cost(26, 19, 366491).
cost(26, 20, 653230).
cost(26, 21, 491696).
cost(26, 22, 542746).
cost(26, 23, 292685).
cost(26, 24, 446961).
cost(26, 25, 515725).
cost(26, 27, 238143).
cost(26, 28, 212604).
cost(27, 1, 490810).
cost(27, 2, 39923).
cost(27, 3, 497142).
cost(27, 4, 301680).
cost(27, 5, 435192).
cost(27, 6, 512198).
cost(27, 7, 578182).
cost(27, 8, 485867).
cost(27, 9, 348516).
cost(27, 10, 144887).
cost(27, 11, 295578).
cost(27, 12, 442491).
cost(27, 13, 192596).
cost(27, 14, 88179).
cost(27, 15, 258017).
cost(27, 16, 261950).
cost(27, 17, 203114).
cost(27, 18, 240599).
cost(27, 19, 136596).
cost(27, 20, 415383).
cost(27, 21, 496273).
cost(27, 22, 315224).
cost(27, 23, 57145).
cost(27, 24, 526975).
cost(27, 25, 302151).
cost(27, 26, 238143).
cost(27, 28, 357453).
cost(28, 1, 155977).
cost(28, 2, 397371).
cost(28, 3, 306918).
cost(28, 4, 61418).
cost(28, 5, 260285).
cost(28, 6, 616246).
cost(28, 7, 320832).
cost(28, 8, 697002).
cost(28, 9, 316793).
cost(28, 10, 309477).
cost(28, 11, 506878).
cost(28, 12, 334063).
cost(28, 13, 430254).
cost(28, 14, 350950).
cost(28, 15, 590810).
cost(28, 16, 302375).
cost(28, 17, 343079).
cost(28, 18, 595954).
cost(28, 19, 441643).
cost(28, 20, 743957).
cost(28, 21, 319074).
cost(28, 22, 668764).
cost(28, 23, 393466).
cost(28, 24, 239380).
cost(28, 25, 659604).
cost(28, 26, 212604).
cost(28, 27, 357453).
nocross(1,3).
nocross(1,4).
nocross(1,10).
nocross(1,28).
nocross(2,10).
nocross(2,13).
nocross(2,14).
nocross(2,15).
nocross(2,19).
nocross(2,23).
nocross(2,26).
nocross(2,27).
nocross(3,5).
nocross(3,7).
nocross(3,9).
nocross(3,21).
nocross(4,3).
nocross(4,28).
nocross(5,3).
nocross(5,9).
nocross(5,21).
nocross(5,28).
nocross(6,9).
nocross(6,11).
nocross(6,19).
nocross(6,21).
nocross(7,3).
nocross(7,5).
nocross(7,21).
nocross(7,24).
nocross(8,9).
nocross(8,11).
nocross(8,13).
nocross(9,3).
nocross(9,4).
nocross(9,5).
nocross(9,6).
nocross(9,12).
nocross(9,13).
nocross(9,21).
nocross(9,24).
nocross(9,26).
nocross(9,28).
nocross(10,4).
nocross(10,14).
nocross(10,16).
nocross(10,26).
nocross(10,27).
nocross(11,6).
nocross(11,8).
nocross(11,9).
nocross(11,13).
nocross(11,19).
nocross(12,3).
nocross(12,5).
nocross(12,6).
nocross(12,9).
nocross(12,21).
nocross(12,28).
nocross(13,3).
nocross(13,9).
nocross(13,10).
nocross(13,11).
nocross(13,17).
nocross(13,19).
nocross(13,26).
nocross(14,2).
nocross(14,4).
nocross(14,10).
nocross(14,15).
nocross(14,16).
nocross(14,26).
nocross(14,27).
nocross(15,16).
nocross(15,19).
nocross(16,1).
nocross(16,10).
nocross(16,14).
nocross(16,26).
nocross(17,3).
nocross(17,4).
nocross(17,5).
nocross(17,6).
nocross(17,9).
nocross(17,10).
nocross(17,11).
nocross(17,13).
nocross(17,19).
nocross(17,21).
nocross(17,24).
nocross(17,26).
nocross(17,27).
nocross(17,28).
nocross(18,13).
nocross(18,15).
nocross(18,19).
nocross(18,22).
nocross(18,25).
nocross(19,2).
nocross(19,9).
nocross(19,11).
nocross(19,13).
nocross(19,17).
nocross(19,26).
nocross(20,8).
nocross(20,11).
nocross(21,3).
nocross(21,5).
nocross(21,7).
nocross(21,9).
nocross(21,12).
nocross(21,28).
nocross(22,15).
nocross(22,25).
nocross(23,2).
nocross(23,10).
nocross(23,13).
nocross(23,14).
nocross(23,27).
nocross(24,3).
nocross(24,4).
nocross(24,5).
nocross(24,7).
nocross(24,28).
nocross(25,15).
nocross(25,18).
nocross(26,3).
nocross(26,4).
nocross(26,10).
nocross(26,16).
nocross(26,27).
nocross(26,28).
nocross(27,2).
nocross(27,4).
nocross(27,10).
nocross(27,13).
nocross(27,14).
nocross(27,17).
nocross(27,23).
nocross(27,26).
nocross(28,3).
nocross(28,9).
nocross(28,24).
