dimension(28).
point(1, -44494.0, -152646.0).
point(2, -166636.0, 47697.0).
point(3, 46937.0, 311492.0).
point(4, -266775.0, 121078.0).
point(5, -192788.0, -62212.0).
point(6, 19264.0, -70898.0).
point(7, 330709.0, -50544.0).
point(8, 408490.0, 72474.0).
point(9, 4945.0, -78492.0).
point(10, 162932.0, 118389.0).
point(11, -374263.0, 167609.0).
point(12, -169212.0, 48826.0).
point(13, -30349.0, -450850.0).
point(14, -136481.0, 136737.0).
point(15, -240800.0, -2896.0).
point(16, 103443.0, 21085.0).
point(17, -120858.0, -223423.0).
point(18, -179597.0, 32611.0).
point(19, 201505.0, 294748.0).
point(20, -458780.0, -4379.0).
point(21, 88906.0, -119237.0).
point(22, -507890.0, -186171.0).
point(23, 131928.0, 47266.0).
point(24, 367672.0, 635809.0).
point(25, -91085.0, -145197.0).
point(26, -210505.0, -71220.0).
point(27, 29931.0, -158662.0).
point(28, 501536.0, -354359.0).
cost(1, 2, 234640).
cost(1, 3, 473058).
cost(1, 4, 352610).
cost(1, 5, 173693).
cost(1, 6, 103672).
cost(1, 7, 388847).
cost(1, 8, 505839).
cost(1, 9, 89124).
cost(1, 10, 341300).
cost(1, 11, 459686).
cost(1, 12, 236951).
cost(1, 13, 298539).
cost(1, 14, 303651).
cost(1, 15, 246903).
cost(1, 16, 228184).
cost(1, 17, 104119).
cost(1, 18, 229288).
cost(1, 19, 510565).
cost(1, 20, 440018).
cost(1, 21, 137520).
cost(1, 22, 464607).
cost(1, 23, 266626).
cost(1, 24, 889687).
cost(1, 25, 47183).
cost(1, 26, 184905).
cost(1, 27, 74668).
cost(1, 28, 582097).
cost(2, 1, 234640).
cost(2, 3, 339413).
cost(2, 4, 124147).
cost(2, 5, 112977).
cost(2, 6, 220508).
cost(2, 7, 506955).
cost(2, 8, 575659).
cost(2, 9, 212988).
cost(2, 10, 337064).
cost(2, 11, 239766).
cost(2, 12, 2813).
cost(2, 13, 516840).
cost(2, 14, 94008).
cost(2, 15, 89777).
cost(2, 16, 271387).
cost(2, 17, 274958).
cost(2, 18, 19889).
cost(2, 19, 443353).
cost(2, 20, 296749).
cost(2, 21, 305235).
cost(2, 22, 413701).
cost(2, 23, 298564).
cost(2, 24, 794582).
cost(2, 25, 207162).
cost(2, 26, 126751).
cost(2, 27, 284996).
cost(2, 28, 779809).
cost(3, 1, 473058).
cost(3, 2, 339413).
cost(3, 4, 366978).
cost(3, 5, 443985).
cost(3, 6, 383390).
cost(3, 7, 459996).
cost(3, 8, 433417).
cost(3, 9, 392238).
cost(3, 10, 225263).
cost(3, 11, 445097).
cost(3, 12, 340167).
cost(3, 13, 766250).
cost(3, 14, 253341).
cost(3, 15, 426184).
cost(3, 16, 295853).
cost(3, 17, 560615).
cost(3, 18, 359294).
cost(3, 19, 155472).
cost(3, 20, 596258).
cost(3, 21, 432769).
cost(3, 22, 745320).
cost(3, 23, 277559).
cost(3, 24, 456128).
cost(3, 25, 477090).
cost(3, 26, 461243).
cost(3, 27, 470461).
cost(3, 28, 806237).
cost(4, 1, 352610).
cost(4, 2, 124147).
cost(4, 3, 366978).
cost(4, 5, 197660).
cost(4, 6, 344490).
cost(4, 7, 621644).
cost(4, 8, 677012).
cost(4, 9, 337135).
cost(4, 10, 429715).
cost(4, 11, 117127).
cost(4, 12, 121404).
cost(4, 13, 618869).
cost(4, 14, 131232).
cost(4, 15, 126666).
cost(4, 16, 383484).
cost(4, 17, 374129).
cost(4, 18, 124203).
cost(4, 19, 499447).
cost(4, 20, 229359).
cost(4, 21, 429255).
cost(4, 22, 390562).
cost(4, 23, 405478).
cost(4, 24, 816989).
cost(4, 25, 319013).
cost(4, 26, 200362).
cost(4, 27, 407785).
cost(4, 28, 903517).
cost(5, 1, 173693).
cost(5, 2, 112977).
cost(5, 3, 443985).
cost(5, 4, 197660).
cost(5, 6, 212230).
cost(5, 7, 523627).
cost(5, 8, 616178).
cost(5, 9, 198402).
cost(5, 10, 398940).
cost(5, 11, 292832).
cost(5, 12, 113513).
cost(5, 13, 421220).
cost(5, 14, 206764).
cost(5, 15, 76312).
cost(5, 16, 307719).
cost(5, 17, 176530).
cost(5, 18, 95736).
cost(5, 19, 531872).
cost(5, 20, 272207).
cost(5, 21, 287408).
cost(5, 22, 338608).
cost(5, 23, 342675).
cost(5, 24, 895181).
cost(5, 25, 131263).
cost(5, 26, 19876).
cost(5, 27, 242706).
cost(5, 28, 753283).
cost(6, 1, 103672).
cost(6, 2, 220508).
cost(6, 3, 383390).
cost(6, 4, 344490).
cost(6, 5, 212230).
cost(6, 7, 312109).
cost(6, 8, 414792).
cost(6, 9, 16208).
cost(6, 10, 237634).
cost(6, 11, 460162).
cost(6, 12, 223287).
cost(6, 13, 383177).
cost(6, 14, 259555).
cost(6, 15, 268808).
cost(6, 16, 124688).
cost(6, 17, 207118).
cost(6, 18, 224187).
cost(6, 19, 408545).
cost(6, 20, 482650).
cost(6, 21, 84774).
cost(6, 22, 539610).
cost(6, 23, 163266).
cost(6, 24, 787923).
cost(6, 25, 133031).
cost(6, 26, 229769).
cost(6, 27, 88410).
cost(6, 28, 559407).
cost(7, 1, 388847).
cost(7, 2, 506955).
cost(7, 3, 459996).
cost(7, 4, 621644).
cost(7, 5, 523627).
cost(7, 6, 312109).
cost(7, 8, 145545).
cost(7, 9, 326961).
cost(7, 10, 238091).
cost(7, 11, 737954).
cost(7, 12, 509701).
cost(7, 13, 539080).
cost(7, 14, 503330).
cost(7, 15, 573492).
cost(7, 16, 238287).
cost(7, 17, 483529).
cost(7, 18, 517037).
cost(7, 19, 368674).
cost(7, 20, 790838).
cost(7, 21, 251371).
cost(7, 22, 849496).
cost(7, 23, 221542).
cost(7, 24, 687348).
cost(7, 25, 432284).
cost(7, 26, 541609).
cost(7, 27, 319620).
cost(7, 28, 348548).
cost(8, 1, 505839).
cost(8, 2, 575659).
cost(8, 3, 433417).
cost(8, 4, 677012).
cost(8, 5, 616178).
cost(8, 6, 414792).
cost(8, 7, 145545).
cost(8, 9, 430859).
cost(8, 10, 249814).
cost(8, 11, 788513).
cost(8, 12, 578186).
cost(8, 13, 682970).
cost(8, 14, 548747).
cost(8, 15, 653650).
cost(8, 16, 309345).
cost(8, 17, 606436).
cost(8, 18, 589436).
cost(8, 19, 303724).
cost(8, 20, 870668).
cost(8, 21, 372676).
cost(8, 22, 952181).
cost(8, 23, 277708).
cost(8, 24, 564812).
cost(8, 25, 544937).
cost(8, 26, 635455).
cost(8, 27, 443543).
cost(8, 28, 436857).
cost(9, 1, 89124).
cost(9, 2, 212988).
cost(9, 3, 392238).
cost(9, 4, 337135).
cost(9, 5, 198402).
cost(9, 6, 16208).
cost(9, 7, 326961).
cost(9, 8, 430859).
cost(9, 10, 252432).
cost(9, 11, 452067).
cost(9, 12, 215733).
cost(9, 13, 374027).
cost(9, 14, 257536).
cost(9, 15, 257110).
cost(9, 16, 140062).
cost(9, 17, 191915).
cost(9, 18, 215406).
cost(9, 19, 421834).
cost(9, 20, 469610).
cost(9, 21, 93325).
cost(9, 22, 524018).
cost(9, 23, 178717).
cost(9, 24, 801122).
cost(9, 25, 116924).
cost(9, 26, 215573).
cost(9, 27, 83973).
cost(9, 28, 568071).
cost(10, 1, 341300).
cost(10, 2, 337064).
cost(10, 3, 225263).
cost(10, 4, 429715).
cost(10, 5, 398940).
cost(10, 6, 237634).
cost(10, 7, 238091).
cost(10, 8, 249814).
cost(10, 9, 252432).
cost(10, 11, 539445).
cost(10, 12, 339350).
cost(10, 13, 601158).
cost(10, 14, 299975).
cost(10, 15, 421556).
cost(10, 16, 114048).
cost(10, 17, 444266).
cost(10, 18, 353106).
cost(10, 19, 180528).
cost(10, 20, 633717).
cost(10, 21, 248889).
cost(10, 22, 736722).
cost(10, 23, 77587).
cost(10, 24, 556455).
cost(10, 25, 366063).
cost(10, 26, 418816).
cost(10, 27, 307322).
cost(10, 28, 581501).
cost(11, 1, 459686).
cost(11, 2, 239766).
cost(11, 3, 445097).
cost(11, 4, 117127).
cost(11, 5, 292832).
cost(11, 6, 460162).
cost(11, 7, 737954).
cost(11, 8, 788513).
cost(11, 9, 452067).
cost(11, 10, 539445).
cost(11, 12, 236971).
cost(11, 13, 707650).
cost(11, 14, 239778).
cost(11, 15, 216528).
cost(11, 16, 499672).
cost(11, 17, 465961).
cost(11, 18, 236895).
cost(11, 19, 589638).
cost(11, 20, 191632).
cost(11, 21, 544799).
cost(11, 22, 378175).
cost(11, 23, 520300).
cost(11, 24, 877313).
cost(11, 25, 421945).
cost(11, 26, 289579).
cost(11, 27, 519447).
cost(11, 28, 1019546).
cost(12, 1, 236951).
cost(12, 2, 2813).
cost(12, 3, 340167).
cost(12, 4, 121404).
cost(12, 5, 113513).
cost(12, 6, 223287).
cost(12, 7, 509701).
cost(12, 8, 578186).
cost(12, 9, 215733).
cost(12, 10, 339350).
cost(12, 11, 236971).
cost(12, 13, 518613).
cost(12, 14, 93807).
cost(12, 15, 88318).
cost(12, 16, 274063).
cost(12, 17, 276510).
cost(12, 18, 19256).
cost(12, 19, 444869).
cost(12, 20, 294415).
cost(12, 21, 308010).
cost(12, 22, 412221).
cost(12, 23, 301144).
cost(12, 24, 795483).
cost(12, 25, 209162).
cost(12, 26, 126949).
cost(12, 27, 287592).
cost(12, 28, 782599).
cost(13, 1, 298539).
cost(13, 2, 516840).
cost(13, 3, 766250).
cost(13, 4, 618869).
cost(13, 5, 421220).
cost(13, 6, 383177).
cost(13, 7, 539080).
cost(13, 8, 682970).
cost(13, 9, 374027).
cost(13, 10, 601158).
cost(13, 11, 707650).
cost(13, 12, 518613).
cost(13, 14, 597095).
cost(13, 15, 494927).
cost(13, 16, 490533).
cost(13, 17, 244775).
cost(13, 18, 505974).
cost(13, 19, 780815).
cost(13, 20, 618781).
cost(13, 21, 352405).
cost(13, 22, 545986).
cost(13, 23, 523883).
cost(13, 24, 1157259).
cost(13, 25, 311629).
cost(13, 26, 420208).
cost(13, 27, 298341).
cost(13, 28, 540567).
cost(14, 1, 303651).
cost(14, 2, 94008).
cost(14, 3, 253341).
cost(14, 4, 131232).
cost(14, 5, 206764).
cost(14, 6, 259555).
cost(14, 7, 503330).
cost(14, 8, 548747).
cost(14, 9, 257536).
cost(14, 10, 299975).
cost(14, 11, 239778).
cost(14, 12, 93807).
cost(14, 13, 597095).
cost(14, 15, 174298).
cost(14, 16, 266344).
cost(14, 17, 360499).
cost(14, 18, 112700).
cost(14, 19, 373098).
cost(14, 20, 351839).
cost(14, 21, 341060).
cost(14, 22, 492153).
cost(14, 23, 282928).
cost(14, 24, 709396).
cost(14, 25, 285565).
cost(14, 26, 220739).
cost(14, 27, 339048).
cost(14, 28, 805134).
cost(15, 1, 246903).
cost(15, 2, 89777).
cost(15, 3, 426184).
cost(15, 4, 126666).
cost(15, 5, 76312).
cost(15, 6, 268808).
cost(15, 7, 573492).
cost(15, 8, 653650).
cost(15, 9, 257110).
cost(15, 10, 421556).
cost(15, 11, 216528).
cost(15, 12, 88318).
cost(15, 13, 494927).
cost(15, 14, 174298).
cost(15, 16, 345077).
cost(15, 17, 251034).
cost(15, 18, 70757).
cost(15, 19, 533128).
cost(15, 20, 217985).
cost(15, 21, 349630).
cost(15, 22, 323924).
cost(15, 23, 376088).
cost(15, 24, 882146).
cost(15, 25, 206553).
cost(15, 26, 74739).
cost(15, 27, 312343).
cost(15, 28, 821334).
cost(16, 1, 228184).
cost(16, 2, 271387).
cost(16, 3, 295853).
cost(16, 4, 383484).
cost(16, 5, 307719).
cost(16, 6, 124688).
cost(16, 7, 238287).
cost(16, 8, 309345).
cost(16, 9, 140062).
cost(16, 10, 114048).
cost(16, 11, 499672).
cost(16, 12, 274063).
cost(16, 13, 490533).
cost(16, 14, 266344).
cost(16, 15, 345077).
cost(16, 17, 331806).
cost(16, 18, 283275).
cost(16, 19, 290702).
cost(16, 20, 562799).
cost(16, 21, 141073).
cost(16, 22, 645510).
cost(16, 23, 38689).
cost(16, 24, 669106).
cost(16, 25, 255912).
cost(16, 26, 327236).
cost(16, 27, 194198).
cost(16, 28, 547208).
cost(17, 1, 104119).
cost(17, 2, 274958).
cost(17, 3, 560615).
cost(17, 4, 374129).
cost(17, 5, 176530).
cost(17, 6, 207118).
cost(17, 7, 483529).
cost(17, 8, 606436).
cost(17, 9, 191915).
cost(17, 10, 444266).
cost(17, 11, 465961).
cost(17, 12, 276510).
cost(17, 13, 244775).
cost(17, 14, 360499).
cost(17, 15, 251034).
cost(17, 16, 331806).
cost(17, 18, 262686).
cost(17, 19, 610261).
cost(17, 20, 402705).
cost(17, 21, 234213).
cost(17, 22, 388821).
cost(17, 23, 370369).
cost(17, 24, 988403).
cost(17, 25, 83700).
cost(17, 26, 176642).
cost(17, 27, 164108).
cost(17, 28, 636018).
cost(18, 1, 229288).
cost(18, 2, 19889).
cost(18, 3, 359294).
cost(18, 4, 124203).
cost(18, 5, 95736).
cost(18, 6, 224187).
cost(18, 7, 517037).
cost(18, 8, 589436).
cost(18, 9, 215406).
cost(18, 10, 353106).
cost(18, 11, 236895).
cost(18, 12, 19256).
cost(18, 13, 505974).
cost(18, 14, 112700).
cost(18, 15, 70757).
cost(18, 16, 283275).
cost(18, 17, 262686).
cost(18, 19, 462552).
cost(18, 20, 281623).
cost(18, 21, 308467).
cost(18, 22, 394515).
cost(18, 23, 311870).
cost(18, 24, 814464).
cost(18, 25, 198620).
cost(18, 26, 108334).
cost(18, 27, 283703).
cost(18, 28, 783382).
cost(19, 1, 510565).
cost(19, 2, 443353).
cost(19, 3, 155472).
cost(19, 4, 499447).
cost(19, 5, 531872).
cost(19, 6, 408545).
cost(19, 7, 368674).
cost(19, 8, 303724).
cost(19, 9, 421834).
cost(19, 10, 180528).
cost(19, 11, 589638).
cost(19, 12, 444869).
cost(19, 13, 780815).
cost(19, 14, 373098).
cost(19, 15, 533128).
cost(19, 16, 290702).
cost(19, 17, 610261).
cost(19, 18, 462552).
cost(19, 20, 724882).
cost(19, 21, 429025).
cost(19, 22, 857044).
cost(19, 23, 257076).
cost(19, 24, 379386).
cost(19, 25, 528356).
cost(19, 26, 551076).
cost(19, 27, 484787).
cost(19, 28, 715093).
cost(20, 1, 440018).
cost(20, 2, 296749).
cost(20, 3, 596258).
cost(20, 4, 229359).
cost(20, 5, 272207).
cost(20, 6, 482650).
cost(20, 7, 790838).
cost(20, 8, 870668).
cost(20, 9, 469610).
cost(20, 10, 633717).
cost(20, 11, 191632).
cost(20, 12, 294415).
cost(20, 13, 618781).
cost(20, 14, 351839).
cost(20, 15, 217985).
cost(20, 16, 562799).
cost(20, 17, 402705).
cost(20, 18, 281623).
cost(20, 19, 724882).
cost(20, 21, 559600).
cost(20, 22, 188309).
cost(20, 23, 592961).
cost(20, 24, 1045401).
cost(20, 25, 393738).
cost(20, 26, 257115).
cost(20, 27, 512486).
cost(20, 28, 1022102).
cost(21, 1, 137520).
cost(21, 2, 305235).
cost(21, 3, 432769).
cost(21, 4, 429255).
cost(21, 5, 287408).
cost(21, 6, 84774).
cost(21, 7, 251371).
cost(21, 8, 372676).
cost(21, 9, 93325).
cost(21, 10, 248889).
cost(21, 11, 544799).
cost(21, 12, 308010).
cost(21, 13, 352405).
cost(21, 14, 341060).
cost(21, 15, 349630).
cost(21, 16, 141073).
cost(21, 17, 234213).
cost(21, 18, 308467).
cost(21, 19, 429025).
cost(21, 20, 559600).
cost(21, 22, 600538).
cost(21, 23, 171971).
cost(21, 24, 804863).
cost(21, 25, 181853).
cost(21, 26, 303237).
cost(21, 27, 70939).
cost(21, 28, 474917).
cost(22, 1, 464607).
cost(22, 2, 413701).
cost(22, 3, 745320).
cost(22, 4, 390562).
cost(22, 5, 338608).
cost(22, 6, 539610).
cost(22, 7, 849496).
cost(22, 8, 952181).
cost(22, 9, 524018).
cost(22, 10, 736722).
cost(22, 11, 378175).
cost(22, 12, 412221).
cost(22, 13, 545986).
cost(22, 14, 492153).
cost(22, 15, 323924).
cost(22, 16, 645510).
cost(22, 17, 388821).
cost(22, 18, 394515).
cost(22, 19, 857044).
cost(22, 20, 188309).
cost(22, 21, 600538).
cost(22, 23, 681073).
cost(22, 24, 1200941).
cost(22, 25, 418814).
cost(22, 26, 318828).
cost(22, 27, 538524).
cost(22, 28, 1023342).
cost(23, 1, 266626).
cost(23, 2, 298564).
cost(23, 3, 277559).
cost(23, 4, 405478).
cost(23, 5, 342675).
cost(23, 6, 163266).
cost(23, 7, 221542).
cost(23, 8, 277708).
cost(23, 9, 178717).
cost(23, 10, 77587).
cost(23, 11, 520300).
cost(23, 12, 301144).
cost(23, 13, 523883).
cost(23, 14, 282928).
cost(23, 15, 376088).
cost(23, 16, 38689).
cost(23, 17, 370369).
cost(23, 18, 311870).
cost(23, 19, 257076).
cost(23, 20, 592961).
cost(23, 21, 171971).
cost(23, 22, 681073).
cost(23, 24, 634002).
cost(23, 25, 294579).
cost(23, 26, 362352).
cost(23, 27, 229804).
cost(23, 28, 545814).
cost(24, 1, 889687).
cost(24, 2, 794582).
cost(24, 3, 456128).
cost(24, 4, 816989).
cost(24, 5, 895181).
cost(24, 6, 787923).
cost(24, 7, 687348).
cost(24, 8, 564812).
cost(24, 9, 801122).
cost(24, 10, 556455).
cost(24, 11, 877313).
cost(24, 12, 795483).
cost(24, 13, 1157259).
cost(24, 14, 709396).
cost(24, 15, 882146).
cost(24, 16, 669106).
cost(24, 17, 988403).
cost(24, 18, 814464).
cost(24, 19, 379386).
cost(24, 20, 1045401).
cost(24, 21, 804863).
cost(24, 22, 1200941).
cost(24, 23, 634002).
cost(24, 25, 905775).
cost(24, 26, 913334).
cost(24, 27, 863280).
cost(24, 28, 999176).
cost(25, 1, 47183).
cost(25, 2, 207162).
cost(25, 3, 477090).
cost(25, 4, 319013).
cost(25, 5, 131263).
cost(25, 6, 133031).
cost(25, 7, 432284).
cost(25, 8, 544937).
cost(25, 9, 116924).
cost(25, 10, 366063).
cost(25, 11, 421945).
cost(25, 12, 209162).
cost(25, 13, 311629).
cost(25, 14, 285565).
cost(25, 15, 206553).
cost(25, 16, 255912).
cost(25, 17, 83700).
cost(25, 18, 198620).
cost(25, 19, 528356).
cost(25, 20, 393738).
cost(25, 21, 181853).
cost(25, 22, 418814).
cost(25, 23, 294579).
cost(25, 24, 905775).
cost(25, 26, 140477).
cost(25, 27, 121763).
cost(25, 28, 628449).
cost(26, 1, 184905).
cost(26, 2, 126751).
cost(26, 3, 461243).
cost(26, 4, 200362).
cost(26, 5, 19876).
cost(26, 6, 229769).
cost(26, 7, 541609).
cost(26, 8, 635455).
cost(26, 9, 215573).
cost(26, 10, 418816).
cost(26, 11, 289579).
cost(26, 12, 126949).
cost(26, 13, 420208).
cost(26, 14, 220739).
cost(26, 15, 74739).
cost(26, 16, 327236).
cost(26, 17, 176642).
cost(26, 18, 108334).
cost(26, 19, 551076).
cost(26, 20, 257115).
cost(26, 21, 303237).
cost(26, 22, 318828).
cost(26, 23, 362352).
cost(26, 24, 913334).
cost(26, 25, 140477).
cost(26, 27, 255843).
cost(26, 28, 766270).
cost(27, 1, 74668).
cost(27, 2, 284996).
cost(27, 3, 470461).
cost(27, 4, 407785).
cost(27, 5, 242706).
cost(27, 6, 88410).
cost(27, 7, 319620).
cost(27, 8, 443543).
cost(27, 9, 83973).
cost(27, 10, 307322).
cost(27, 11, 519447).
cost(27, 12, 287592).
cost(27, 13, 298341).
cost(27, 14, 339048).
cost(27, 15, 312343).
cost(27, 16, 194198).
cost(27, 17, 164108).
cost(27, 18, 283703).
cost(27, 19, 484787).
cost(27, 20, 512486).
cost(27, 21, 70939).
cost(27, 22, 538524).
cost(27, 23, 229804).
cost(27, 24, 863280).
cost(27, 25, 121763).
cost(27, 26, 255843).
cost(27, 28, 510596).
cost(28, 1, 582097).
cost(28, 2, 779809).
cost(28, 3, 806237).
cost(28, 4, 903517).
cost(28, 5, 753283).
cost(28, 6, 559407).
cost(28, 7, 348548).
cost(28, 8, 436857).
cost(28, 9, 568071).
cost(28, 10, 581501).
cost(28, 11, 1019546).
cost(28, 12, 782599).
cost(28, 13, 540567).
cost(28, 14, 805134).
cost(28, 15, 821334).
cost(28, 16, 547208).
cost(28, 17, 636018).
cost(28, 18, 783382).
cost(28, 19, 715093).
cost(28, 20, 1022102).
cost(28, 21, 474917).
cost(28, 22, 1023342).
cost(28, 23, 545814).
cost(28, 24, 999176).
cost(28, 25, 628449).
cost(28, 26, 766270).
cost(28, 27, 510596).
nocross(1,2).
nocross(1,5).
nocross(1,9).
nocross(1,17).
nocross(1,19).
nocross(1,21).
nocross(1,25).
nocross(1,26).
nocross(1,27).
nocross(1,28).
nocross(2,1).
nocross(2,5).
nocross(2,10).
nocross(2,12).
nocross(2,14).
nocross(2,15).
nocross(2,19).
nocross(3,2).
nocross(3,5).
nocross(3,14).
nocross(3,19).
nocross(3,28).
nocross(4,2).
nocross(4,5).
nocross(4,10).
nocross(4,12).
nocross(4,14).
nocross(4,15).
nocross(4,18).
nocross(4,20).
nocross(4,26).
nocross(5,2).
nocross(5,15).
nocross(5,26).
nocross(7,2).
nocross(7,3).
nocross(7,5).
nocross(7,6).
nocross(7,13).
nocross(7,14).
nocross(7,16).
nocross(7,19).
nocross(7,21).
nocross(7,23).
nocross(7,28).
nocross(9,1).
nocross(9,2).
nocross(9,5).
nocross(9,12).
nocross(9,17).
nocross(9,19).
nocross(9,21).
nocross(9,26).
nocross(9,27).
nocross(10,16).
nocross(12,2).
nocross(12,5).
nocross(12,10).
nocross(12,14).
nocross(12,18).
nocross(12,19).
nocross(12,20).
nocross(13,1).
nocross(13,17).
nocross(13,20).
nocross(13,21).
nocross(13,26).
nocross(13,27).
nocross(13,28).
nocross(14,1).
nocross(14,2).
nocross(14,3).
nocross(14,10).
nocross(14,12).
nocross(14,20).
nocross(15,5).
nocross(15,12).
nocross(15,14).
nocross(15,16).
nocross(15,18).
nocross(15,20).
nocross(15,26).
nocross(17,1).
nocross(17,2).
nocross(17,5).
nocross(17,13).
nocross(17,20).
nocross(17,25).
nocross(17,26).
nocross(17,27).
nocross(18,2).
nocross(18,5).
nocross(18,10).
nocross(18,12).
nocross(18,26).
nocross(19,2).
nocross(19,3).
nocross(19,5).
nocross(19,7).
nocross(19,8).
nocross(19,10).
nocross(19,16).
nocross(19,21).
nocross(20,1).
nocross(20,5).
nocross(20,12).
nocross(20,13).
nocross(20,14).
nocross(20,15).
nocross(20,17).
nocross(20,18).
nocross(20,26).
nocross(21,1).
nocross(21,3).
nocross(21,5).
nocross(21,6).
nocross(21,9).
nocross(21,23).
nocross(21,26).
nocross(21,27).
nocross(21,28).
nocross(23,3).
nocross(23,7).
nocross(23,10).
nocross(23,21).
nocross(23,27).
nocross(23,28).
nocross(25,1).
nocross(25,2).
nocross(25,5).
nocross(25,17).
nocross(25,26).
nocross(26,1).
nocross(26,2).
nocross(26,5).
nocross(26,15).
nocross(26,17).
nocross(26,18).
nocross(26,20).
nocross(27,1).
nocross(27,2).
nocross(27,5).
nocross(27,9).
nocross(27,13).
nocross(27,14).
nocross(27,16).
nocross(27,17).
nocross(27,21).
nocross(27,26).
nocross(27,28).
nocross(28,1).
nocross(28,2).
nocross(28,7).
nocross(28,8).
nocross(28,13).
nocross(28,19).
nocross(28,23).
