dimension(28).
point(1, 225488.0, 236087.0).
point(2, -357582.0, -338359.0).
point(3, 86786.0, -304605.0).
point(4, -56424.0, -419140.0).
point(5, 398917.0, 343817.0).
point(6, 271915.0, -111288.0).
point(7, -176515.0, 130821.0).
point(8, 166505.0, 30225.0).
point(9, 79258.0, -31180.0).
point(10, -965.0, -316148.0).
point(11, -12391.0, 91242.0).
point(12, -221110.0, 548468.0).
point(13, -68272.0, -131350.0).
point(14, 185423.0, 143687.0).
point(15, -38276.0, -213304.0).
point(16, -302928.0, 205099.0).
point(17, -92878.0, -90563.0).
point(18, -18590.0, 229941.0).
point(19, -93906.0, -22377.0).
point(20, 164365.0, -244226.0).
point(21, -254257.0, 49803.0).
point(22, 107079.0, 2313.0).
point(23, -303113.0, -6328.0).
point(24, -53539.0, 363792.0).
point(25, 221974.0, 59450.0).
point(26, 123590.0, -156667.0).
point(27, 199187.0, -94180.0).
point(28, 150457.0, -67967.0).
cost(1, 2, 818510).
cost(1, 3, 558199).
cost(1, 4, 713300).
cost(1, 5, 204165).
cost(1, 6, 350464).
cost(1, 7, 415557).
cost(1, 8, 214145).
cost(1, 9, 304655).
cost(1, 10, 596862).
cost(1, 11, 278508).
cost(1, 12, 545006).
cost(1, 13, 470431).
cost(1, 14, 100712).
cost(1, 15, 521079).
cost(1, 16, 529324).
cost(1, 17, 456133).
cost(1, 18, 244155).
cost(1, 19, 410872).
cost(1, 20, 484187).
cost(1, 21, 514643).
cost(1, 22, 262051).
cost(1, 23, 581536).
cost(1, 24, 306863).
cost(1, 25, 176672).
cost(1, 26, 405757).
cost(1, 27, 331313).
cost(1, 28, 313175).
cost(2, 1, 818510).
cost(2, 3, 445648).
cost(2, 4, 311804).
cost(2, 5, 1018653).
cost(2, 6, 669199).
cost(2, 7, 502907).
cost(2, 8, 640719).
cost(2, 9, 534030).
cost(2, 10, 357308).
cost(2, 11, 551102).
cost(2, 12, 897266).
cost(2, 13, 355743).
cost(2, 14, 726101).
cost(2, 15, 342921).
cost(2, 16, 546199).
cost(2, 17, 362589).
cost(2, 18, 661725).
cost(2, 19, 411545).
cost(2, 20, 530368).
cost(2, 21, 401679).
cost(2, 22, 576166).
cost(2, 23, 336469).
cost(2, 24, 765152).
cost(2, 25, 702949).
cost(2, 26, 514333).
cost(2, 27, 607960).
cost(2, 28, 575513).
cost(3, 1, 558199).
cost(3, 2, 445648).
cost(3, 4, 183378).
cost(3, 5, 719637).
cost(3, 6, 267664).
cost(3, 7, 508845).
cost(3, 8, 344189).
cost(3, 9, 273529).
cost(3, 10, 88507).
cost(3, 11, 408082).
cost(3, 12, 906936).
cost(3, 13, 232509).
cost(3, 14, 459015).
cost(3, 15, 154843).
cost(3, 16, 641619).
cost(3, 17, 279451).
cost(3, 18, 544833).
cost(3, 19, 335115).
cost(3, 20, 98306).
cost(3, 21, 491849).
cost(3, 22, 307588).
cost(3, 23, 490908).
cost(3, 24, 682968).
cost(3, 25, 388345).
cost(3, 26, 152447).
cost(3, 27, 238564).
cost(3, 28, 245054).
cost(4, 1, 713300).
cost(4, 2, 311804).
cost(4, 3, 183378).
cost(4, 5, 888504).
cost(4, 6, 450088).
cost(4, 7, 562920).
cost(4, 8, 501624).
cost(4, 9, 411002).
cost(4, 10, 116975).
cost(4, 11, 512278).
cost(4, 12, 981523).
cost(4, 13, 288034).
cost(4, 14, 612588).
cost(4, 15, 206634).
cost(4, 16, 671147).
cost(4, 17, 330593).
cost(4, 18, 650183).
cost(4, 19, 398530).
cost(4, 20, 281678).
cost(4, 21, 508965).
cost(4, 22, 452057).
cost(4, 23, 480905).
cost(4, 24, 782937).
cost(4, 25, 553673).
cost(4, 26, 318272).
cost(4, 27, 413444).
cost(4, 28, 407581).
cost(5, 1, 204165).
cost(5, 2, 1018653).
cost(5, 3, 719637).
cost(5, 4, 888504).
cost(5, 6, 472493).
cost(5, 7, 613587).
cost(5, 8, 390327).
cost(5, 9, 492752).
cost(5, 10, 771660).
cost(5, 11, 482668).
cost(5, 12, 652928).
cost(5, 13, 666370).
cost(5, 14, 292629).
cost(5, 15, 708182).
cost(5, 16, 715422).
cost(5, 17, 656162).
cost(5, 18, 432758).
cost(5, 19, 613981).
cost(5, 20, 633095).
cost(5, 21, 716296).
cost(5, 22, 449215).
cost(5, 23, 784505).
cost(5, 24, 452897).
cost(5, 25, 334923).
cost(5, 26, 571217).
cost(5, 27, 481387).
cost(5, 28, 480935).
cost(6, 1, 350464).
cost(6, 2, 669199).
cost(6, 3, 267664).
cost(6, 4, 450088).
cost(6, 5, 472493).
cost(6, 7, 509614).
cost(6, 8, 176457).
cost(6, 9, 208648).
cost(6, 10, 341220).
cost(6, 11, 349068).
cost(6, 12, 823621).
cost(6, 13, 340778).
cost(6, 14, 269245).
cost(6, 15, 326536).
cost(6, 16, 656159).
cost(6, 17, 365381).
cost(6, 18, 448141).
cost(6, 19, 376471).
cost(6, 20, 170996).
cost(6, 21, 550279).
cost(6, 22, 200190).
cost(6, 23, 584529).
cost(6, 24, 575866).
cost(6, 25, 177892).
cost(6, 26, 155111).
cost(6, 27, 74713).
cost(6, 28, 128953).
cost(7, 1, 415557).
cost(7, 2, 502907).
cost(7, 3, 508845).
cost(7, 4, 562920).
cost(7, 5, 613587).
cost(7, 6, 509614).
cost(7, 8, 357466).
cost(7, 9, 302761).
cost(7, 10, 480207).
cost(7, 11, 168829).
cost(7, 12, 420021).
cost(7, 13, 283637).
cost(7, 14, 362167).
cost(7, 15, 370853).
cost(7, 16, 146620).
cost(7, 17, 236656).
cost(7, 18, 186454).
cost(7, 19, 174051).
cost(7, 20, 506813).
cost(7, 21, 112284).
cost(7, 22, 311352).
cost(7, 23, 186646).
cost(7, 24, 263436).
cost(7, 25, 404830).
cost(7, 26, 415587).
cost(7, 27, 437924).
cost(7, 28, 382658).
cost(8, 1, 214145).
cost(8, 2, 640719).
cost(8, 3, 344189).
cost(8, 4, 501624).
cost(8, 5, 390327).
cost(8, 6, 176457).
cost(8, 7, 357466).
cost(8, 9, 106689).
cost(8, 10, 384734).
cost(8, 11, 189015).
cost(8, 12, 647164).
cost(8, 13, 285003).
cost(8, 14, 115028).
cost(8, 15, 318185).
cost(8, 16, 500947).
cost(8, 17, 286128).
cost(8, 18, 272299).
cost(8, 19, 265671).
cost(8, 20, 274459).
cost(8, 21, 421217).
cost(8, 22, 65655).
cost(8, 23, 471038).
cost(8, 24, 399608).
cost(8, 25, 62697).
cost(8, 26, 191756).
cost(8, 27, 128626).
cost(8, 28, 99495).
cost(9, 1, 304655).
cost(9, 2, 534030).
cost(9, 3, 273529).
cost(9, 4, 411002).
cost(9, 5, 492752).
cost(9, 6, 208648).
cost(9, 7, 302761).
cost(9, 8, 106689).
cost(9, 10, 296045).
cost(9, 11, 152927).
cost(9, 12, 652850).
cost(9, 13, 178323).
cost(9, 14, 204571).
cost(9, 15, 216757).
cost(9, 16, 449326).
cost(9, 17, 182091).
cost(9, 18, 278852).
cost(9, 19, 173388).
cost(9, 20, 229416).
cost(9, 21, 343206).
cost(9, 22, 43541).
cost(9, 23, 383178).
cost(9, 24, 416699).
cost(9, 25, 169061).
cost(9, 26, 133088).
cost(9, 27, 135469).
cost(9, 28, 80141).
cost(10, 1, 596862).
cost(10, 2, 357308).
cost(10, 3, 88507).
cost(10, 4, 116975).
cost(10, 5, 771660).
cost(10, 6, 341220).
cost(10, 7, 480207).
cost(10, 8, 384734).
cost(10, 9, 296045).
cost(10, 11, 407550).
cost(10, 12, 892202).
cost(10, 13, 196674).
cost(10, 14, 496174).
cost(10, 15, 109403).
cost(10, 16, 602395).
cost(10, 17, 243591).
cost(10, 18, 546373).
cost(10, 19, 308122).
cost(10, 20, 180296).
cost(10, 21, 445058).
cost(10, 22, 336290).
cost(10, 23, 432761).
cost(10, 24, 681970).
cost(10, 25, 436779).
cost(10, 26, 202356).
cost(10, 27, 298882).
cost(10, 28, 290727).
cost(11, 1, 278508).
cost(11, 2, 551102).
cost(11, 3, 408082).
cost(11, 4, 512278).
cost(11, 5, 482668).
cost(11, 6, 349068).
cost(11, 7, 168829).
cost(11, 8, 189015).
cost(11, 9, 152927).
cost(11, 10, 407550).
cost(11, 12, 502612).
cost(11, 13, 229499).
cost(11, 14, 204648).
cost(11, 15, 305644).
cost(11, 16, 312050).
cost(11, 17, 198825).
cost(11, 18, 138837).
cost(11, 19, 139836).
cost(11, 20, 379185).
cost(11, 21, 245390).
cost(11, 22, 148934).
cost(11, 23, 306658).
cost(11, 24, 275639).
cost(11, 25, 236511).
cost(11, 26, 282754).
cost(11, 27, 281330).
cost(11, 28, 227743).
cost(12, 1, 545006).
cost(12, 2, 897266).
cost(12, 3, 906936).
cost(12, 4, 981523).
cost(12, 5, 652928).
cost(12, 6, 823621).
cost(12, 7, 420021).
cost(12, 8, 647164).
cost(12, 9, 652850).
cost(12, 10, 892202).
cost(12, 11, 502612).
cost(12, 13, 696787).
cost(12, 14, 573687).
cost(12, 15, 783406).
cost(12, 16, 352982).
cost(12, 17, 651770).
cost(12, 18, 377457).
cost(12, 19, 584846).
cost(12, 20, 881450).
cost(12, 21, 499765).
cost(12, 22, 637176).
cost(12, 23, 560824).
cost(12, 24, 249370).
cost(12, 25, 659895).
cost(12, 26, 784878).
cost(12, 27, 767884).
cost(12, 28, 719760).
cost(13, 1, 470431).
cost(13, 2, 355743).
cost(13, 3, 232509).
cost(13, 4, 288034).
cost(13, 5, 666370).
cost(13, 6, 340778).
cost(13, 7, 283637).
cost(13, 8, 285003).
cost(13, 9, 178323).
cost(13, 10, 196674).
cost(13, 11, 229499).
cost(13, 12, 696787).
cost(13, 14, 374174).
cost(13, 15, 87271).
cost(13, 16, 410197).
cost(13, 17, 47634).
cost(13, 18, 364691).
cost(13, 19, 111947).
cost(13, 20, 258575).
cost(13, 21, 259628).
cost(13, 22, 220485).
cost(13, 23, 266047).
cost(13, 24, 495361).
cost(13, 25, 347343).
cost(13, 26, 193525).
cost(13, 27, 270029).
cost(13, 28, 227727).
cost(14, 1, 100712).
cost(14, 2, 726101).
cost(14, 3, 459015).
cost(14, 4, 612588).
cost(14, 5, 292629).
cost(14, 6, 269245).
cost(14, 7, 362167).
cost(14, 8, 115028).
cost(14, 9, 204571).
cost(14, 10, 496174).
cost(14, 11, 204648).
cost(14, 12, 573687).
cost(14, 13, 374174).
cost(14, 15, 421288).
cost(14, 16, 492197).
cost(14, 17, 363764).
cost(14, 18, 221497).
cost(14, 19, 324965).
cost(14, 20, 388484).
cost(14, 21, 449592).
cost(14, 22, 161630).
cost(14, 23, 511050).
cost(14, 24, 324883).
cost(14, 25, 91825).
cost(14, 26, 306653).
cost(14, 27, 238265).
cost(14, 28, 214523).
cost(15, 1, 521079).
cost(15, 2, 342921).
cost(15, 3, 154843).
cost(15, 4, 206634).
cost(15, 5, 708182).
cost(15, 6, 326536).
cost(15, 7, 370853).
cost(15, 8, 318185).
cost(15, 9, 216757).
cost(15, 10, 109403).
cost(15, 11, 305644).
cost(15, 12, 783406).
cost(15, 13, 87271).
cost(15, 14, 421288).
cost(15, 16, 495078).
cost(15, 17, 134338).
cost(15, 18, 443682).
cost(15, 19, 198866).
cost(15, 20, 204987).
cost(15, 21, 340401).
cost(15, 22, 260036).
cost(15, 23, 336122).
cost(15, 24, 577298).
cost(15, 25, 376994).
cost(15, 26, 171489).
cost(15, 27, 265667).
cost(15, 28, 238208).
cost(16, 1, 529324).
cost(16, 2, 546199).
cost(16, 3, 641619).
cost(16, 4, 671147).
cost(16, 5, 715422).
cost(16, 6, 656159).
cost(16, 7, 146620).
cost(16, 8, 500947).
cost(16, 9, 449326).
cost(16, 10, 602395).
cost(16, 11, 312050).
cost(16, 12, 352982).
cost(16, 13, 410197).
cost(16, 14, 492197).
cost(16, 15, 495078).
cost(16, 17, 362680).
cost(16, 18, 285421).
cost(16, 19, 308926).
cost(16, 20, 648271).
cost(16, 21, 162744).
cost(16, 22, 457414).
cost(16, 23, 211427).
cost(16, 24, 295598).
cost(16, 25, 544735).
cost(16, 26, 559278).
cost(16, 27, 584540).
cost(16, 28, 529266).
cost(17, 1, 456133).
cost(17, 2, 362589).
cost(17, 3, 279451).
cost(17, 4, 330593).
cost(17, 5, 656162).
cost(17, 6, 365381).
cost(17, 7, 236656).
cost(17, 8, 286128).
cost(17, 9, 182091).
cost(17, 10, 243591).
cost(17, 11, 198825).
cost(17, 12, 651770).
cost(17, 13, 47634).
cost(17, 14, 363764).
cost(17, 15, 134338).
cost(17, 16, 362680).
cost(17, 18, 329001).
cost(17, 19, 68194).
cost(17, 20, 299644).
cost(17, 21, 213883).
cost(17, 22, 220474).
cost(17, 23, 226482).
cost(17, 24, 456055).
cost(17, 25, 348763).
cost(17, 26, 226336).
cost(17, 27, 292087).
cost(17, 28, 244382).
cost(18, 1, 244155).
cost(18, 2, 661725).
cost(18, 3, 544833).
cost(18, 4, 650183).
cost(18, 5, 432758).
cost(18, 6, 448141).
cost(18, 7, 186454).
cost(18, 8, 272299).
cost(18, 9, 278852).
cost(18, 10, 546373).
cost(18, 11, 138837).
cost(18, 12, 377457).
cost(18, 13, 364691).
cost(18, 14, 221497).
cost(18, 15, 443682).
cost(18, 16, 285421).
cost(18, 17, 329001).
cost(18, 19, 263319).
cost(18, 20, 508239).
cost(18, 21, 296629).
cost(18, 22, 260014).
cost(18, 23, 369833).
cost(18, 24, 138338).
cost(18, 25, 294853).
cost(18, 26, 411923).
cost(18, 27, 390488).
cost(18, 28, 342529).
cost(19, 1, 410872).
cost(19, 2, 411545).
cost(19, 3, 335115).
cost(19, 4, 398530).
cost(19, 5, 613981).
cost(19, 6, 376471).
cost(19, 7, 174051).
cost(19, 8, 265671).
cost(19, 9, 173388).
cost(19, 10, 308122).
cost(19, 11, 139836).
cost(19, 12, 584846).
cost(19, 13, 111947).
cost(19, 14, 324965).
cost(19, 15, 198866).
cost(19, 16, 308926).
cost(19, 17, 68194).
cost(19, 18, 263319).
cost(19, 20, 340472).
cost(19, 21, 175848).
cost(19, 22, 202496).
cost(19, 23, 209822).
cost(19, 24, 388273).
cost(19, 25, 326306).
cost(19, 26, 255614).
cost(19, 27, 301760).
cost(19, 28, 248579).
cost(20, 1, 484187).
cost(20, 2, 530368).
cost(20, 3, 98306).
cost(20, 4, 281678).
cost(20, 5, 633095).
cost(20, 6, 170996).
cost(20, 7, 506813).
cost(20, 8, 274459).
cost(20, 9, 229416).
cost(20, 10, 180296).
cost(20, 11, 379185).
cost(20, 12, 881450).
cost(20, 13, 258575).
cost(20, 14, 388484).
cost(20, 15, 204987).
cost(20, 16, 648271).
cost(20, 17, 299644).
cost(20, 18, 508239).
cost(20, 19, 340472).
cost(20, 21, 511564).
cost(20, 22, 253107).
cost(20, 23, 524529).
cost(20, 24, 645885).
cost(20, 25, 309092).
cost(20, 26, 96588).
cost(20, 27, 154034).
cost(20, 28, 176807).
cost(21, 1, 514643).
cost(21, 2, 401679).
cost(21, 3, 491849).
cost(21, 4, 508965).
cost(21, 5, 716296).
cost(21, 6, 550279).
cost(21, 7, 112284).
cost(21, 8, 421217).
cost(21, 9, 343206).
cost(21, 10, 445058).
cost(21, 11, 245390).
cost(21, 12, 499765).
cost(21, 13, 259628).
cost(21, 14, 449592).
cost(21, 15, 340401).
cost(21, 16, 162744).
cost(21, 17, 213883).
cost(21, 18, 296629).
cost(21, 19, 175848).
cost(21, 20, 511564).
cost(21, 22, 364443).
cost(21, 23, 74415).
cost(21, 24, 372662).
cost(21, 25, 476329).
cost(21, 26, 430579).
cost(21, 27, 475755).
cost(21, 28, 421501).
cost(22, 1, 262051).
cost(22, 2, 576166).
cost(22, 3, 307588).
cost(22, 4, 452057).
cost(22, 5, 449215).
cost(22, 6, 200190).
cost(22, 7, 311352).
cost(22, 8, 65655).
cost(22, 9, 43541).
cost(22, 10, 336290).
cost(22, 11, 148934).
cost(22, 12, 637176).
cost(22, 13, 220485).
cost(22, 14, 161630).
cost(22, 15, 260036).
cost(22, 16, 457414).
cost(22, 17, 220474).
cost(22, 18, 260014).
cost(22, 19, 202496).
cost(22, 20, 253107).
cost(22, 21, 364443).
cost(22, 23, 410283).
cost(22, 24, 395557).
cost(22, 25, 128318).
cost(22, 26, 159835).
cost(22, 27, 133397).
cost(22, 28, 82589).
cost(23, 1, 581536).
cost(23, 2, 336469).
cost(23, 3, 490908).
cost(23, 4, 480905).
cost(23, 5, 784505).
cost(23, 6, 584529).
cost(23, 7, 186646).
cost(23, 8, 471038).
cost(23, 9, 383178).
cost(23, 10, 432761).
cost(23, 11, 306658).
cost(23, 12, 560824).
cost(23, 13, 266047).
cost(23, 14, 511050).
cost(23, 15, 336122).
cost(23, 16, 211427).
cost(23, 17, 226482).
cost(23, 18, 369833).
cost(23, 19, 209822).
cost(23, 20, 524529).
cost(23, 21, 74415).
cost(23, 22, 410283).
cost(23, 24, 446403).
cost(23, 25, 529191).
cost(23, 26, 452413).
cost(23, 27, 509925).
cost(23, 28, 457739).
cost(24, 1, 306863).
cost(24, 2, 765152).
cost(24, 3, 682968).
cost(24, 4, 782937).
cost(24, 5, 452897).
cost(24, 6, 575866).
cost(24, 7, 263436).
cost(24, 8, 399608).
cost(24, 9, 416699).
cost(24, 10, 681970).
cost(24, 11, 275639).
cost(24, 12, 249370).
cost(24, 13, 495361).
cost(24, 14, 324883).
cost(24, 15, 577298).
cost(24, 16, 295598).
cost(24, 17, 456055).
cost(24, 18, 138338).
cost(24, 19, 388273).
cost(24, 20, 645885).
cost(24, 21, 372662).
cost(24, 22, 395557).
cost(24, 23, 446403).
cost(24, 25, 410526).
cost(24, 26, 549775).
cost(24, 27, 523076).
cost(24, 28, 477525).
cost(25, 1, 176672).
cost(25, 2, 702949).
cost(25, 3, 388345).
cost(25, 4, 553673).
cost(25, 5, 334923).
cost(25, 6, 177892).
cost(25, 7, 404830).
cost(25, 8, 62697).
cost(25, 9, 169061).
cost(25, 10, 436779).
cost(25, 11, 236511).
cost(25, 12, 659895).
cost(25, 13, 347343).
cost(25, 14, 91825).
cost(25, 15, 376994).
cost(25, 16, 544735).
cost(25, 17, 348763).
cost(25, 18, 294853).
cost(25, 19, 326306).
cost(25, 20, 309092).
cost(25, 21, 476329).
cost(25, 22, 128318).
cost(25, 23, 529191).
cost(25, 24, 410526).
cost(25, 26, 237457).
cost(25, 27, 155311).
cost(25, 28, 146116).
cost(26, 1, 405757).
cost(26, 2, 514333).
cost(26, 3, 152447).
cost(26, 4, 318272).
cost(26, 5, 571217).
cost(26, 6, 155111).
cost(26, 7, 415587).
cost(26, 8, 191756).
cost(26, 9, 133088).
cost(26, 10, 202356).
cost(26, 11, 282754).
cost(26, 12, 784878).
cost(26, 13, 193525).
cost(26, 14, 306653).
cost(26, 15, 171489).
cost(26, 16, 559278).
cost(26, 17, 226336).
cost(26, 18, 411923).
cost(26, 19, 255614).
cost(26, 20, 96588).
cost(26, 21, 430579).
cost(26, 22, 159835).
cost(26, 23, 452413).
cost(26, 24, 549775).
cost(26, 25, 237457).
cost(26, 27, 98079).
cost(26, 28, 92680).
cost(27, 1, 331313).
cost(27, 2, 607960).
cost(27, 3, 238564).
cost(27, 4, 413444).
cost(27, 5, 481387).
cost(27, 6, 74713).
cost(27, 7, 437924).
cost(27, 8, 128626).
cost(27, 9, 135469).
cost(27, 10, 298882).
cost(27, 11, 281330).
cost(27, 12, 767884).
cost(27, 13, 270029).
cost(27, 14, 238265).
cost(27, 15, 265667).
cost(27, 16, 584540).
cost(27, 17, 292087).
cost(27, 18, 390488).
cost(27, 19, 301760).
cost(27, 20, 154034).
cost(27, 21, 475755).
cost(27, 22, 133397).
cost(27, 23, 509925).
cost(27, 24, 523076).
cost(27, 25, 155311).
cost(27, 26, 98079).
cost(27, 28, 55333).
cost(28, 1, 313175).
cost(28, 2, 575513).
cost(28, 3, 245054).
cost(28, 4, 407581).
cost(28, 5, 480935).
cost(28, 6, 128953).
cost(28, 7, 382658).
cost(28, 8, 99495).
cost(28, 9, 80141).
cost(28, 10, 290727).
cost(28, 11, 227743).
cost(28, 12, 719760).
cost(28, 13, 227727).
cost(28, 14, 214523).
cost(28, 15, 238208).
cost(28, 16, 529266).
cost(28, 17, 244382).
cost(28, 18, 342529).
cost(28, 19, 248579).
cost(28, 20, 176807).
cost(28, 21, 421501).
cost(28, 22, 82589).
cost(28, 23, 457739).
cost(28, 24, 477525).
cost(28, 25, 146116).
cost(28, 26, 92680).
cost(28, 27, 55333).
nocross(1,9).
nocross(1,11).
nocross(2,13).
nocross(2,15).
nocross(2,17).
nocross(2,21).
nocross(3,9).
nocross(3,10).
nocross(3,13).
nocross(3,15).
nocross(3,20).
nocross(3,27).
nocross(4,10).
nocross(5,1).
nocross(5,14).
nocross(5,16).
nocross(5,18).
nocross(5,24).
nocross(6,8).
nocross(6,22).
nocross(6,25).
nocross(6,26).
nocross(6,28).
nocross(7,5).
nocross(7,9).
nocross(7,14).
nocross(7,16).
nocross(7,18).
nocross(7,19).
nocross(7,21).
nocross(7,22).
nocross(8,6).
nocross(8,9).
nocross(8,14).
nocross(8,22).
nocross(8,24).
nocross(8,25).
nocross(9,19).
nocross(9,22).
nocross(10,3).
nocross(10,9).
nocross(10,15).
nocross(11,8).
nocross(11,9).
nocross(11,13).
nocross(11,14).
nocross(11,16).
nocross(11,19).
nocross(11,22).
nocross(11,25).
nocross(12,24).
nocross(13,3).
nocross(13,9).
nocross(13,15).
nocross(13,17).
nocross(13,19).
nocross(13,26).
nocross(14,5).
nocross(14,8).
nocross(14,19).
nocross(14,22).
nocross(14,25).
nocross(15,3).
nocross(15,9).
nocross(15,10).
nocross(15,13).
nocross(16,7).
nocross(16,18).
nocross(16,21).
nocross(16,24).
nocross(17,1).
nocross(17,13).
nocross(17,14).
nocross(17,16).
nocross(17,19).
nocross(18,8).
nocross(18,9).
nocross(18,14).
nocross(18,16).
nocross(18,19).
nocross(18,21).
nocross(18,25).
nocross(19,1).
nocross(19,11).
nocross(19,13).
nocross(19,14).
nocross(19,16).
nocross(19,17).
nocross(19,21).
nocross(20,3).
nocross(20,6).
nocross(20,9).
nocross(20,10).
nocross(20,13).
nocross(20,15).
nocross(20,19).
nocross(20,26).
nocross(20,27).
nocross(21,5).
nocross(21,14).
nocross(21,16).
nocross(21,17).
nocross(21,19).
nocross(22,9).
nocross(22,14).
nocross(22,19).
nocross(25,5).
nocross(25,6).
nocross(25,14).
nocross(25,22).
nocross(25,24).
nocross(26,9).
nocross(26,10).
nocross(26,13).
nocross(26,19).
nocross(27,6).
nocross(27,9).
nocross(27,13).
nocross(27,22).
nocross(27,24).
nocross(27,25).
nocross(27,26).
nocross(28,9).
nocross(28,13).
nocross(28,22).
nocross(28,25).
