dimension(28).
point(1, -127715.0, 93313.0).
point(2, -127583.0, 180511.0).
point(3, 29084.0, 172770.0).
point(4, 9532.0, 127053.0).
point(5, 55200.0, -65056.0).
point(6, -212099.0, 284733.0).
point(7, 126286.0, -45477.0).
point(8, -124108.0, 128522.0).
point(9, -49177.0, 42425.0).
point(10, 131830.0, 239179.0).
point(11, 133989.0, -398823.0).
point(12, 78781.0, -58915.0).
point(13, 167698.0, -469109.0).
point(14, 230107.0, -130474.0).
point(15, 507185.0, 254122.0).
point(16, 300542.0, -102590.0).
point(17, 282905.0, 17857.0).
point(18, -294685.0, -67333.0).
point(19, 74442.0, -2048.0).
point(20, -221877.0, 76489.0).
point(21, -70945.0, -61045.0).
point(22, 285845.0, 204309.0).
point(23, -84666.0, -313955.0).
point(24, 161552.0, -51485.0).
point(25, 167939.0, -234706.0).
point(26, -225677.0, -172647.0).
point(27, 8159.0, -109354.0).
point(28, -175004.0, -155827.0).
cost(1, 2, 87198).
cost(1, 3, 175782).
cost(1, 4, 141333).
cost(1, 5, 241948).
cost(1, 6, 209194).
cost(1, 7, 289446).
cost(1, 8, 35393).
cost(1, 9, 93583).
cost(1, 10, 297726).
cost(1, 11, 557393).
cost(1, 12, 256542).
cost(1, 13, 635285).
cost(1, 14, 422039).
cost(1, 15, 654949).
cost(1, 16, 470937).
cost(1, 17, 417495).
cost(1, 18, 231703).
cost(1, 19, 223520).
cost(1, 20, 95653).
cost(1, 21, 164466).
cost(1, 22, 428196).
cost(1, 23, 409537).
cost(1, 24, 323484).
cost(1, 25, 441597).
cost(1, 26, 283428).
cost(1, 27, 243999).
cost(1, 28, 253588).
cost(2, 1, 87198).
cost(2, 3, 156858).
cost(2, 4, 147168).
cost(2, 5, 306125).
cost(2, 6, 134183).
cost(2, 7, 339882).
cost(2, 8, 52105).
cost(2, 9, 158793).
cost(2, 10, 265964).
cost(2, 11, 635648).
cost(2, 12, 316087).
cost(2, 13, 713580).
cost(2, 14, 473977).
cost(2, 15, 639022).
cost(2, 16, 513261).
cost(2, 17, 441539).
cost(2, 18, 298914).
cost(2, 19, 272290).
cost(2, 20, 140399).
cost(2, 21, 248107).
cost(2, 22, 414112).
cost(2, 23, 496325).
cost(2, 24, 370704).
cost(2, 25, 509645).
cost(2, 26, 366528).
cost(2, 27, 320074).
cost(2, 28, 339665).
cost(3, 1, 175782).
cost(3, 2, 156858).
cost(3, 4, 49722).
cost(3, 5, 239256).
cost(3, 6, 265904).
cost(3, 7, 238914).
cost(3, 8, 159454).
cost(3, 9, 152035).
cost(3, 10, 122339).
cost(3, 11, 581140).
cost(3, 12, 236955).
cost(3, 13, 656675).
cost(3, 14, 363823).
cost(3, 15, 484973).
cost(3, 16, 386669).
cost(3, 17, 297360).
cost(3, 18, 403083).
cost(3, 19, 180606).
cost(3, 20, 268796).
cost(3, 21, 254313).
cost(3, 22, 258691).
cost(3, 23, 499840).
cost(3, 24, 260457).
cost(3, 25, 430485).
cost(3, 26, 429204).
cost(3, 27, 282899).
cost(3, 28, 386818).
cost(4, 1, 141333).
cost(4, 2, 147168).
cost(4, 3, 49722).
cost(4, 5, 197462).
cost(4, 6, 271999).
cost(4, 7, 208322).
cost(4, 8, 133648).
cost(4, 9, 102998).
cost(4, 10, 165919).
cost(4, 11, 540403).
cost(4, 12, 198443).
cost(4, 13, 616787).
cost(4, 14, 339077).
cost(4, 15, 513620).
cost(4, 16, 370706).
cost(4, 17, 294375).
cost(4, 18, 361018).
cost(4, 19, 144500).
cost(4, 20, 236869).
cost(4, 21, 204591).
cost(4, 22, 286910).
cost(4, 23, 450956).
cost(4, 24, 234491).
cost(4, 25, 394921).
cost(4, 26, 380977).
cost(4, 27, 236411).
cost(4, 28, 337749).
cost(5, 1, 241948).
cost(5, 2, 306125).
cost(5, 3, 239256).
cost(5, 4, 197462).
cost(5, 6, 440228).
cost(5, 7, 73733).
cost(5, 8, 263863).
cost(5, 9, 149822).
cost(5, 10, 313737).
cost(5, 11, 342940).
cost(5, 12, 24368).
cost(5, 13, 419422).
cost(5, 14, 186740).
cost(5, 15, 553322).
cost(5, 16, 248196).
cost(5, 17, 242331).
cost(5, 18, 349892).
cost(5, 19, 65881).
cost(5, 20, 311138).
cost(5, 21, 126209).
cost(5, 22, 354619).
cost(5, 23, 285505).
cost(5, 24, 107214).
cost(5, 25, 203694).
cost(5, 26, 300779).
cost(5, 27, 64616).
cost(5, 28, 247454).
cost(6, 1, 209194).
cost(6, 2, 134183).
cost(6, 3, 265904).
cost(6, 4, 271999).
cost(6, 5, 440228).
cost(6, 7, 472803).
cost(6, 8, 179288).
cost(6, 9, 291988).
cost(6, 10, 346933).
cost(6, 11, 766176).
cost(6, 12, 450228).
cost(6, 13, 844111).
cost(6, 14, 606583).
cost(6, 15, 719935).
cost(6, 16, 642511).
cost(6, 17, 562363).
cost(6, 18, 361623).
cost(6, 19, 405400).
cost(6, 20, 208473).
cost(6, 21, 373479).
cost(6, 22, 504397).
cost(6, 23, 612100).
cost(6, 24, 502651).
cost(6, 25, 643619).
cost(6, 26, 457581).
cost(6, 27, 451462).
cost(6, 28, 442119).
cost(7, 1, 289446).
cost(7, 2, 339882).
cost(7, 3, 238914).
cost(7, 4, 208322).
cost(7, 5, 73733).
cost(7, 6, 472803).
cost(7, 8, 304914).
cost(7, 9, 196250).
cost(7, 10, 284710).
cost(7, 11, 353430).
cost(7, 12, 49369).
cost(7, 13, 425651).
cost(7, 14, 134176).
cost(7, 15, 484607).
cost(7, 16, 183377).
cost(7, 17, 168940).
cost(7, 18, 421538).
cost(7, 19, 67630).
cost(7, 20, 368908).
cost(7, 21, 197844).
cost(7, 22, 296399).
cost(7, 23, 341440).
cost(7, 24, 35774).
cost(7, 25, 193759).
cost(7, 26, 374233).
cost(7, 27, 134292).
cost(7, 28, 320863).
cost(8, 1, 35393).
cost(8, 2, 52105).
cost(8, 3, 159454).
cost(8, 4, 133648).
cost(8, 5, 263863).
cost(8, 6, 179288).
cost(8, 7, 304914).
cost(8, 9, 114137).
cost(8, 10, 278835).
cost(8, 11, 587117).
cost(8, 12, 276218).
cost(8, 13, 665067).
cost(8, 14, 438802).
cost(8, 15, 643666).
cost(8, 16, 483467).
cost(8, 17, 421789).
cost(8, 18, 259722).
cost(8, 19, 237635).
cost(8, 20, 110753).
cost(8, 21, 196881).
cost(8, 22, 416899).
cost(8, 23, 444231).
cost(8, 24, 337645).
cost(8, 25, 466075).
cost(8, 26, 317835).
cost(8, 27, 272176).
cost(8, 28, 288868).
cost(9, 1, 93583).
cost(9, 2, 158793).
cost(9, 3, 152035).
cost(9, 4, 102998).
cost(9, 5, 149822).
cost(9, 6, 291988).
cost(9, 7, 196250).
cost(9, 8, 114137).
cost(9, 10, 267349).
cost(9, 11, 477755).
cost(9, 12, 163227).
cost(9, 13, 555609).
cost(9, 14, 328472).
cost(9, 15, 595277).
cost(9, 16, 378593).
cost(9, 17, 332990).
cost(9, 18, 268926).
cost(9, 19, 131375).
cost(9, 20, 176027).
cost(9, 21, 105735).
cost(9, 22, 372084).
cost(9, 23, 358143).
cost(9, 24, 230707).
cost(9, 25, 352052).
cost(9, 26, 278223).
cost(9, 27, 162248).
cost(9, 28, 234811).
cost(10, 1, 297726).
cost(10, 2, 265964).
cost(10, 3, 122339).
cost(10, 4, 165919).
cost(10, 5, 313737).
cost(10, 6, 346933).
cost(10, 7, 284710).
cost(10, 8, 278835).
cost(10, 9, 267349).
cost(10, 11, 638006).
cost(10, 12, 302778).
cost(10, 13, 709196).
cost(10, 14, 382494).
cost(10, 15, 375652).
cost(10, 16, 381143).
cost(10, 17, 267968).
cost(10, 18, 525228).
cost(10, 19, 247959).
cost(10, 20, 389328).
cost(10, 21, 362287).
cost(10, 22, 157913).
cost(10, 23, 593993).
cost(10, 24, 292180).
cost(10, 25, 475259).
cost(10, 26, 545355).
cost(10, 27, 369824).
cost(10, 28, 500177).
cost(11, 1, 557393).
cost(11, 2, 635648).
cost(11, 3, 581140).
cost(11, 4, 540403).
cost(11, 5, 342940).
cost(11, 6, 766176).
cost(11, 7, 353430).
cost(11, 8, 587117).
cost(11, 9, 477755).
cost(11, 10, 638006).
cost(11, 12, 344362).
cost(11, 13, 77951).
cost(11, 14, 285044).
cost(11, 15, 752072).
cost(11, 16, 339844).
cost(11, 17, 442491).
cost(11, 18, 541892).
cost(11, 19, 401218).
cost(11, 20, 593769).
cost(11, 21, 395085).
cost(11, 22, 621955).
cost(11, 23, 234548).
cost(11, 24, 348430).
cost(11, 25, 167592).
cost(11, 26, 424871).
cost(11, 27, 315635).
cost(11, 28, 393095).
cost(12, 1, 256542).
cost(12, 2, 316087).
cost(12, 3, 236955).
cost(12, 4, 198443).
cost(12, 5, 24368).
cost(12, 6, 450228).
cost(12, 7, 49369).
cost(12, 8, 276218).
cost(12, 9, 163227).
cost(12, 10, 302778).
cost(12, 11, 344362).
cost(12, 13, 419721).
cost(12, 14, 167392).
cost(12, 15, 530587).
cost(12, 16, 226021).
cost(12, 17, 218084).
cost(12, 18, 373561).
cost(12, 19, 57032).
cost(12, 20, 329742).
cost(12, 21, 149741).
cost(12, 22, 334907).
cost(12, 23, 302920).
cost(12, 24, 83104).
cost(12, 25, 197108).
cost(12, 26, 325007).
cost(12, 27, 86785).
cost(12, 28, 271659).
cost(13, 1, 635285).
cost(13, 2, 713580).
cost(13, 3, 656675).
cost(13, 4, 616787).
cost(13, 5, 419422).
cost(13, 6, 844111).
cost(13, 7, 425651).
cost(13, 8, 665067).
cost(13, 9, 555609).
cost(13, 10, 709196).
cost(13, 11, 77951).
cost(13, 12, 419721).
cost(13, 14, 344338).
cost(13, 15, 798946).
cost(13, 16, 389851).
cost(13, 17, 500408).
cost(13, 18, 612554).
cost(13, 19, 476280).
cost(13, 20, 670407).
cost(13, 21, 472723).
cost(13, 22, 683704).
cost(13, 23, 296244).
cost(13, 24, 417669).
cost(13, 25, 234403).
cost(13, 26, 492579).
cost(13, 27, 393543).
cost(13, 28, 464317).
cost(14, 1, 422039).
cost(14, 2, 473977).
cost(14, 3, 363823).
cost(14, 4, 339077).
cost(14, 5, 186740).
cost(14, 6, 606583).
cost(14, 7, 134176).
cost(14, 8, 438802).
cost(14, 9, 328472).
cost(14, 10, 382494).
cost(14, 11, 285044).
cost(14, 12, 167392).
cost(14, 13, 344338).
cost(14, 15, 474011).
cost(14, 16, 75754).
cost(14, 17, 157447).
cost(14, 18, 528577).
cost(14, 19, 201804).
cost(14, 20, 497115).
cost(14, 21, 308954).
cost(14, 22, 339391).
cost(14, 23, 364345).
cost(14, 24, 104590).
cost(14, 25, 121364).
cost(14, 26, 457731).
cost(14, 27, 222951).
cost(14, 28, 405904).
cost(15, 1, 654949).
cost(15, 2, 639022).
cost(15, 3, 484973).
cost(15, 4, 513620).
cost(15, 5, 553322).
cost(15, 6, 719935).
cost(15, 7, 484607).
cost(15, 8, 643666).
cost(15, 9, 595277).
cost(15, 10, 375652).
cost(15, 11, 752072).
cost(15, 12, 530587).
cost(15, 13, 798946).
cost(15, 14, 474011).
cost(15, 16, 412244).
cost(15, 17, 325765).
cost(15, 18, 863903).
cost(15, 19, 502881).
cost(15, 20, 750390).
cost(15, 21, 658456).
cost(15, 22, 226876).
cost(15, 23, 820365).
cost(15, 24, 461365).
cost(15, 25, 595013).
cost(15, 26, 848068).
cost(15, 27, 617367).
cost(15, 28, 795889).
cost(16, 1, 470937).
cost(16, 2, 513261).
cost(16, 3, 386669).
cost(16, 4, 370706).
cost(16, 5, 248196).
cost(16, 6, 642511).
cost(16, 7, 183377).
cost(16, 8, 483467).
cost(16, 9, 378593).
cost(16, 10, 381143).
cost(16, 11, 339844).
cost(16, 12, 226021).
cost(16, 13, 389851).
cost(16, 14, 75754).
cost(16, 15, 412244).
cost(16, 17, 121731).
cost(16, 18, 596270).
cost(16, 19, 247447).
cost(16, 20, 552260).
cost(16, 21, 373803).
cost(16, 22, 307251).
cost(16, 23, 439386).
cost(16, 24, 148088).
cost(16, 25, 187185).
cost(16, 26, 530862).
cost(16, 27, 292461).
cost(16, 28, 478517).
cost(17, 1, 417495).
cost(17, 2, 441539).
cost(17, 3, 297360).
cost(17, 4, 294375).
cost(17, 5, 242331).
cost(17, 6, 562363).
cost(17, 7, 168940).
cost(17, 8, 421789).
cost(17, 9, 332990).
cost(17, 10, 267968).
cost(17, 11, 442491).
cost(17, 12, 218084).
cost(17, 13, 500408).
cost(17, 14, 157447).
cost(17, 15, 325765).
cost(17, 16, 121731).
cost(17, 18, 583839).
cost(17, 19, 209411).
cost(17, 20, 508176).
cost(17, 21, 362540).
cost(17, 22, 186475).
cost(17, 23, 495184).
cost(17, 24, 139767).
cost(17, 25, 277498).
cost(17, 26, 543091).
cost(17, 27, 302767).
cost(17, 28, 489742).
cost(18, 1, 231703).
cost(18, 2, 298914).
cost(18, 3, 403083).
cost(18, 4, 361018).
cost(18, 5, 349892).
cost(18, 6, 361623).
cost(18, 7, 421538).
cost(18, 8, 259722).
cost(18, 9, 268926).
cost(18, 10, 525228).
cost(18, 11, 541892).
cost(18, 12, 373561).
cost(18, 13, 612554).
cost(18, 14, 528577).
cost(18, 15, 863903).
cost(18, 16, 596270).
cost(18, 17, 583839).
cost(18, 19, 374856).
cost(18, 20, 161201).
cost(18, 21, 223828).
cost(18, 22, 640940).
cost(18, 23, 323930).
cost(18, 24, 456512).
cost(18, 25, 491970).
cost(18, 26, 125909).
cost(18, 27, 305745).
cost(18, 28, 148845).
cost(19, 1, 223520).
cost(19, 2, 272290).
cost(19, 3, 180606).
cost(19, 4, 144500).
cost(19, 5, 65881).
cost(19, 6, 405400).
cost(19, 7, 67630).
cost(19, 8, 237635).
cost(19, 9, 131375).
cost(19, 10, 247959).
cost(19, 11, 401218).
cost(19, 12, 57032).
cost(19, 13, 476280).
cost(19, 14, 201804).
cost(19, 15, 502881).
cost(19, 16, 247447).
cost(19, 17, 209411).
cost(19, 18, 374856).
cost(19, 20, 306550).
cost(19, 21, 156901).
cost(19, 22, 295422).
cost(19, 23, 350145).
cost(19, 24, 100161).
cost(19, 25, 250742).
cost(19, 26, 345218).
cost(19, 27, 126127).
cost(19, 28, 293038).
cost(20, 1, 95653).
cost(20, 2, 140399).
cost(20, 3, 268796).
cost(20, 4, 236869).
cost(20, 5, 311138).
cost(20, 6, 208473).
cost(20, 7, 368908).
cost(20, 8, 110753).
cost(20, 9, 176027).
cost(20, 10, 389328).
cost(20, 11, 593769).
cost(20, 12, 329742).
cost(20, 13, 670407).
cost(20, 14, 497115).
cost(20, 15, 750390).
cost(20, 16, 552260).
cost(20, 17, 508176).
cost(20, 18, 161201).
cost(20, 19, 306550).
cost(20, 21, 204196).
cost(20, 22, 523564).
cost(20, 23, 413852).
cost(20, 24, 404222).
cost(20, 25, 498797).
cost(20, 26, 249165).
cost(20, 27, 295727).
cost(20, 28, 236997).
cost(21, 1, 164466).
cost(21, 2, 248107).
cost(21, 3, 254313).
cost(21, 4, 204591).
cost(21, 5, 126209).
cost(21, 6, 373479).
cost(21, 7, 197844).
cost(21, 8, 196881).
cost(21, 9, 105735).
cost(21, 10, 362287).
cost(21, 11, 395085).
cost(21, 12, 149741).
cost(21, 13, 472723).
cost(21, 14, 308954).
cost(21, 15, 658456).
cost(21, 16, 373803).
cost(21, 17, 362540).
cost(21, 18, 223828).
cost(21, 19, 156901).
cost(21, 20, 204196).
cost(21, 22, 444648).
cost(21, 23, 253282).
cost(21, 24, 232693).
cost(21, 25, 295337).
cost(21, 26, 190780).
cost(21, 27, 92689).
cost(21, 28, 140755).
cost(22, 1, 428196).
cost(22, 2, 414112).
cost(22, 3, 258691).
cost(22, 4, 286910).
cost(22, 5, 354619).
cost(22, 6, 504397).
cost(22, 7, 296399).
cost(22, 8, 416899).
cost(22, 9, 372084).
cost(22, 10, 157913).
cost(22, 11, 621955).
cost(22, 12, 334907).
cost(22, 13, 683704).
cost(22, 14, 339391).
cost(22, 15, 226876).
cost(22, 16, 307251).
cost(22, 17, 186475).
cost(22, 18, 640940).
cost(22, 19, 295422).
cost(22, 20, 523564).
cost(22, 21, 444648).
cost(22, 23, 637084).
cost(22, 24, 284393).
cost(22, 25, 454572).
cost(22, 26, 635414).
cost(22, 27, 418920).
cost(22, 28, 584876).
cost(23, 1, 409537).
cost(23, 2, 496325).
cost(23, 3, 499840).
cost(23, 4, 450956).
cost(23, 5, 285505).
cost(23, 6, 612100).
cost(23, 7, 341440).
cost(23, 8, 444231).
cost(23, 9, 358143).
cost(23, 10, 593993).
cost(23, 11, 234548).
cost(23, 12, 302920).
cost(23, 13, 296244).
cost(23, 14, 364345).
cost(23, 15, 820365).
cost(23, 16, 439386).
cost(23, 17, 495184).
cost(23, 18, 323930).
cost(23, 19, 350145).
cost(23, 20, 413852).
cost(23, 21, 253282).
cost(23, 22, 637084).
cost(23, 24, 359880).
cost(23, 25, 264745).
cost(23, 26, 199630).
cost(23, 27, 224673).
cost(23, 28, 182114).
cost(24, 1, 323484).
cost(24, 2, 370704).
cost(24, 3, 260457).
cost(24, 4, 234491).
cost(24, 5, 107214).
cost(24, 6, 502651).
cost(24, 7, 35774).
cost(24, 8, 337645).
cost(24, 9, 230707).
cost(24, 10, 292180).
cost(24, 11, 348430).
cost(24, 12, 83104).
cost(24, 13, 417669).
cost(24, 14, 104590).
cost(24, 15, 461365).
cost(24, 16, 148088).
cost(24, 17, 139767).
cost(24, 18, 456512).
cost(24, 19, 100161).
cost(24, 20, 404222).
cost(24, 21, 232693).
cost(24, 22, 284393).
cost(24, 23, 359880).
cost(24, 25, 183332).
cost(24, 26, 405742).
cost(24, 27, 163946).
cost(24, 28, 352359).
cost(25, 1, 441597).
cost(25, 2, 509645).
cost(25, 3, 430485).
cost(25, 4, 394921).
cost(25, 5, 203694).
cost(25, 6, 643619).
cost(25, 7, 193759).
cost(25, 8, 466075).
cost(25, 9, 352052).
cost(25, 10, 475259).
cost(25, 11, 167592).
cost(25, 12, 197108).
cost(25, 13, 234403).
cost(25, 14, 121364).
cost(25, 15, 595013).
cost(25, 16, 187185).
cost(25, 17, 277498).
cost(25, 18, 491970).
cost(25, 19, 250742).
cost(25, 20, 498797).
cost(25, 21, 295337).
cost(25, 22, 454572).
cost(25, 23, 264745).
cost(25, 24, 183332).
cost(25, 26, 398478).
cost(25, 27, 203083).
cost(25, 28, 351897).
cost(26, 1, 283428).
cost(26, 2, 366528).
cost(26, 3, 429204).
cost(26, 4, 380977).
cost(26, 5, 300779).
cost(26, 6, 457581).
cost(26, 7, 374233).
cost(26, 8, 317835).
cost(26, 9, 278223).
cost(26, 10, 545355).
cost(26, 11, 424871).
cost(26, 12, 325007).
cost(26, 13, 492579).
cost(26, 14, 457731).
cost(26, 15, 848068).
cost(26, 16, 530862).
cost(26, 17, 543091).
cost(26, 18, 125909).
cost(26, 19, 345218).
cost(26, 20, 249165).
cost(26, 21, 190780).
cost(26, 22, 635414).
cost(26, 23, 199630).
cost(26, 24, 405742).
cost(26, 25, 398478).
cost(26, 27, 242250).
cost(26, 28, 53392).
cost(27, 1, 243999).
cost(27, 2, 320074).
cost(27, 3, 282899).
cost(27, 4, 236411).
cost(27, 5, 64616).
cost(27, 6, 451462).
cost(27, 7, 134292).
cost(27, 8, 272176).
cost(27, 9, 162248).
cost(27, 10, 369824).
cost(27, 11, 315635).
cost(27, 12, 86785).
cost(27, 13, 393543).
cost(27, 14, 222951).
cost(27, 15, 617367).
cost(27, 16, 292461).
cost(27, 17, 302767).
cost(27, 18, 305745).
cost(27, 19, 126127).
cost(27, 20, 295727).
cost(27, 21, 92689).
cost(27, 22, 418920).
cost(27, 23, 224673).
cost(27, 24, 163946).
cost(27, 25, 203083).
cost(27, 26, 242250).
cost(27, 28, 188967).
cost(28, 1, 253588).
cost(28, 2, 339665).
cost(28, 3, 386818).
cost(28, 4, 337749).
cost(28, 5, 247454).
cost(28, 6, 442119).
cost(28, 7, 320863).
cost(28, 8, 288868).
cost(28, 9, 234811).
cost(28, 10, 500177).
cost(28, 11, 393095).
cost(28, 12, 271659).
cost(28, 13, 464317).
cost(28, 14, 405904).
cost(28, 15, 795889).
cost(28, 16, 478517).
cost(28, 17, 489742).
cost(28, 18, 148845).
cost(28, 19, 293038).
cost(28, 20, 236997).
cost(28, 21, 140755).
cost(28, 22, 584876).
cost(28, 23, 182114).
cost(28, 24, 352359).
cost(28, 25, 351897).
cost(28, 26, 53392).
cost(28, 27, 188967).
nocross(1,2).
nocross(1,3).
nocross(1,4).
nocross(1,6).
nocross(1,8).
nocross(1,9).
nocross(1,20).
nocross(2,1).
nocross(2,4).
nocross(2,6).
nocross(2,8).
nocross(2,20).
nocross(3,1).
nocross(3,4).
nocross(3,8).
nocross(4,1).
nocross(4,3).
nocross(4,6).
nocross(4,8).
nocross(5,3).
nocross(5,4).
nocross(5,7).
nocross(5,14).
nocross(5,21).
nocross(5,27).
nocross(6,1).
nocross(6,4).
nocross(6,8).
nocross(6,20).
nocross(7,4).
nocross(7,5).
nocross(7,12).
nocross(7,14).
nocross(7,19).
nocross(8,1).
nocross(8,2).
nocross(8,3).
nocross(8,4).
nocross(8,6).
nocross(8,18).
nocross(8,20).
nocross(9,1).
nocross(9,3).
nocross(9,4).
nocross(9,5).
nocross(9,18).
nocross(9,19).
nocross(9,21).
nocross(10,3).
nocross(10,4).
nocross(10,6).
nocross(11,13).
nocross(11,25).
nocross(12,4).
nocross(12,5).
nocross(12,7).
nocross(12,14).
nocross(12,19).
nocross(13,11).
nocross(14,7).
nocross(14,13).
nocross(14,24).
nocross(15,22).
nocross(16,11).
nocross(16,13).
nocross(16,14).
nocross(16,15).
nocross(16,17).
nocross(16,25).
nocross(17,4).
nocross(17,7).
nocross(17,10).
nocross(17,16).
nocross(17,19).
nocross(17,24).
nocross(18,20).
nocross(18,21).
nocross(18,26).
nocross(18,28).
nocross(19,4).
nocross(19,10).
nocross(19,21).
nocross(19,24).
nocross(20,1).
nocross(20,4).
nocross(20,6).
nocross(20,8).
nocross(20,9).
nocross(20,18).
nocross(20,26).
nocross(21,4).
nocross(21,5).
nocross(21,11).
nocross(21,18).
nocross(21,19).
nocross(21,20).
nocross(21,26).
nocross(22,3).
nocross(22,4).
nocross(22,10).
nocross(22,15).
nocross(23,25).
nocross(23,28).
nocross(24,4).
nocross(24,11).
nocross(24,14).
nocross(24,16).
nocross(24,17).
nocross(25,14).
nocross(25,23).
nocross(25,24).
nocross(25,26).
nocross(26,6).
nocross(26,21).
nocross(26,23).
nocross(26,28).
nocross(27,7).
nocross(27,11).
nocross(27,14).
nocross(27,24).
nocross(27,26).
nocross(27,28).
nocross(28,6).
nocross(28,18).
nocross(28,21).
nocross(28,26).
