dimension(28).
point(1, -175409.0, 227517.0).
point(2, 228334.0, 92842.0).
point(3, -151451.0, 44020.0).
point(4, 608218.0, -42654.0).
point(5, -60482.0, 55364.0).
point(6, -66464.0, 226747.0).
point(7, 22576.0, 129469.0).
point(8, 128149.0, -51956.0).
point(9, 70492.0, 210261.0).
point(10, 22177.0, 213334.0).
point(11, -107494.0, -363033.0).
point(12, 151954.0, -283256.0).
point(13, -140064.0, -97473.0).
point(14, 154835.0, 221045.0).
point(15, -174523.0, -9376.0).
point(16, -11972.0, 96818.0).
point(17, 35143.0, 273524.0).
point(18, 81717.0, -408817.0).
point(19, 253447.0, -14408.0).
point(20, -30261.0, -8094.0).
point(21, 65406.0, -3258.0).
point(22, -31055.0, -13034.0).
point(23, -33925.0, 318031.0).
point(24, -76339.0, -213761.0).
point(25, -7099.0, 158425.0).
point(26, -289536.0, -270815.0).
point(27, -189666.0, -36266.0).
point(28, -231039.0, 102974.0).
cost(1, 2, 425612).
cost(1, 3, 185054).
cost(1, 4, 828893).
cost(1, 5, 206990).
cost(1, 6, 108948).
cost(1, 7, 220933).
cost(1, 8, 412617).
cost(1, 9, 246506).
cost(1, 10, 198094).
cost(1, 11, 594442).
cost(1, 12, 606676).
cost(1, 13, 326906).
cost(1, 14, 330307).
cost(1, 15, 236895).
cost(1, 16, 209270).
cost(1, 17, 215520).
cost(1, 18, 686320).
cost(1, 19, 492387).
cost(1, 20, 276732).
cost(1, 21, 333540).
cost(1, 22, 280540).
cost(1, 23, 167960).
cost(1, 24, 452262).
cost(1, 25, 181939).
cost(1, 26, 511234).
cost(1, 27, 264168).
cost(1, 28, 136403).
cost(2, 1, 425612).
cost(2, 3, 382910).
cost(2, 4, 403325).
cost(2, 5, 291238).
cost(2, 6, 323785).
cost(2, 7, 208993).
cost(2, 8, 176078).
cost(2, 9, 196727).
cost(2, 10, 238787).
cost(2, 11, 566218).
cost(2, 12, 383775).
cost(2, 13, 414653).
cost(2, 14, 147777).
cost(2, 15, 415623).
cost(2, 16, 240339).
cost(2, 17, 264516).
cost(2, 18, 522645).
cost(2, 19, 110151).
cost(2, 20, 277596).
cost(2, 21, 189158).
cost(2, 22, 280165).
cost(2, 23, 345673).
cost(2, 24, 432240).
cost(2, 25, 244397).
cost(2, 26, 632800).
cost(2, 27, 437485).
cost(2, 28, 459485).
cost(3, 1, 185054).
cost(3, 2, 382910).
cost(3, 4, 764598).
cost(3, 5, 91674).
cost(3, 6, 201524).
cost(3, 7, 193873).
cost(3, 8, 295614).
cost(3, 9, 277299).
cost(3, 10, 242516).
cost(3, 11, 409420).
cost(3, 12, 446278).
cost(3, 13, 141950).
cost(3, 14, 353764).
cost(3, 15, 58167).
cost(3, 16, 149138).
cost(3, 17, 295786).
cost(3, 18, 509341).
cost(3, 19, 409092).
cost(3, 20, 131920).
cost(3, 21, 221951).
cost(3, 22, 133230).
cost(3, 23, 298152).
cost(3, 24, 268501).
cost(3, 25, 184190).
cost(3, 26, 343786).
cost(3, 27, 88917).
cost(3, 28, 99045).
cost(4, 1, 828893).
cost(4, 2, 403325).
cost(4, 3, 764598).
cost(4, 5, 675846).
cost(4, 6, 726480).
cost(4, 7, 610412).
cost(4, 8, 480159).
cost(4, 9, 594235).
cost(4, 10, 639511).
cost(4, 11, 784147).
cost(4, 12, 515816).
cost(4, 13, 750287).
cost(4, 14, 524493).
cost(4, 15, 783448).
cost(4, 16, 635679).
cost(4, 17, 654510).
cost(4, 18, 641310).
cost(4, 19, 355894).
cost(4, 20, 639414).
cost(4, 21, 544240).
cost(4, 22, 639959).
cost(4, 23, 736506).
cost(4, 24, 705617).
cost(4, 25, 647339).
cost(4, 26, 926294).
cost(4, 27, 797910).
cost(4, 28, 851798).
cost(5, 1, 206990).
cost(5, 2, 291238).
cost(5, 3, 91674).
cost(5, 4, 675846).
cost(5, 6, 171487).
cost(5, 7, 111311).
cost(5, 8, 217024).
cost(5, 9, 202848).
cost(5, 10, 178289).
cost(5, 11, 421030).
cost(5, 12, 399741).
cost(5, 13, 172315).
cost(5, 14, 271683).
cost(5, 15, 131136).
cost(5, 16, 63810).
cost(5, 17, 238197).
cost(5, 18, 485474).
cost(5, 19, 321589).
cost(5, 20, 70287).
cost(5, 21, 138868).
cost(5, 22, 74460).
cost(5, 23, 264006).
cost(5, 24, 269592).
cost(5, 25, 116066).
cost(5, 26, 398571).
cost(5, 27, 158381).
cost(5, 28, 177077).
cost(6, 1, 108948).
cost(6, 2, 323785).
cost(6, 3, 201524).
cost(6, 4, 726480).
cost(6, 5, 171487).
cost(6, 7, 131875).
cost(6, 8, 339926).
cost(6, 9, 137945).
cost(6, 10, 89650).
cost(6, 11, 591205).
cost(6, 12, 554806).
cost(6, 13, 332469).
cost(6, 14, 221372).
cost(6, 15, 259674).
cost(6, 16, 140893).
cost(6, 17, 111857).
cost(6, 18, 652610).
cost(6, 19, 400623).
cost(6, 20, 237615).
cost(6, 21, 265126).
cost(6, 22, 242381).
cost(6, 23, 96910).
cost(6, 24, 440619).
cost(6, 25, 90510).
cost(6, 26, 545279).
cost(6, 27, 290439).
cost(6, 28, 205924).
cost(7, 1, 220933).
cost(7, 2, 208993).
cost(7, 3, 193873).
cost(7, 4, 610412).
cost(7, 5, 111311).
cost(7, 6, 131875).
cost(7, 8, 209906).
cost(7, 9, 93932).
cost(7, 10, 83866).
cost(7, 11, 509388).
cost(7, 12, 432528).
cost(7, 13, 279203).
cost(7, 14, 160868).
cost(7, 15, 241093).
cost(7, 16, 47536).
cost(7, 17, 144602).
cost(7, 18, 541525).
cost(7, 19, 272033).
cost(7, 20, 147361).
cost(7, 21, 139466).
cost(7, 22, 152261).
cost(7, 23, 196845).
cost(7, 24, 357199).
cost(7, 25, 41461).
cost(7, 26, 507584).
cost(7, 27, 269286).
cost(7, 28, 254995).
cost(8, 1, 412617).
cost(8, 2, 176078).
cost(8, 3, 295614).
cost(8, 4, 480159).
cost(8, 5, 217024).
cost(8, 6, 339926).
cost(8, 7, 209906).
cost(8, 9, 268481).
cost(8, 10, 285673).
cost(8, 11, 390252).
cost(8, 12, 232522).
cost(8, 13, 272048).
cost(8, 14, 274302).
cost(8, 15, 305652).
cost(8, 16, 204371).
cost(8, 17, 338508).
cost(8, 18, 359869).
cost(8, 19, 130803).
cost(8, 20, 164370).
cost(8, 21, 79424).
cost(8, 22, 163893).
cost(8, 23, 403929).
cost(8, 24, 260761).
cost(8, 25, 250104).
cost(8, 26, 471551).
cost(8, 27, 318202).
cost(8, 28, 391177).
cost(9, 1, 246506).
cost(9, 2, 196727).
cost(9, 3, 277299).
cost(9, 4, 594235).
cost(9, 5, 202848).
cost(9, 6, 137945).
cost(9, 7, 93932).
cost(9, 8, 268481).
cost(9, 10, 48413).
cost(9, 11, 600287).
cost(9, 12, 500195).
cost(9, 13, 372873).
cost(9, 14, 85030).
cost(9, 15, 329048).
cost(9, 16, 140248).
cost(9, 17, 72469).
cost(9, 18, 619180).
cost(9, 19, 289739).
cost(9, 20, 240479).
cost(9, 21, 213580).
cost(9, 22, 245301).
cost(9, 23, 150058).
cost(9, 24, 448725).
cost(9, 25, 93313).
cost(9, 26, 600878).
cost(9, 27, 358410).
cost(9, 28, 320049).
cost(10, 1, 198094).
cost(10, 2, 238787).
cost(10, 3, 242516).
cost(10, 4, 639511).
cost(10, 5, 178289).
cost(10, 6, 89650).
cost(10, 7, 83866).
cost(10, 8, 285673).
cost(10, 9, 48413).
cost(10, 11, 590774).
cost(10, 12, 513268).
cost(10, 13, 350604).
cost(10, 14, 132882).
cost(10, 15, 297137).
cost(10, 16, 121417).
cost(10, 17, 61571).
cost(10, 18, 624994).
cost(10, 19, 324580).
cost(10, 20, 227552).
cost(10, 21, 220864).
cost(10, 22, 232543).
cost(10, 23, 118781).
cost(10, 24, 438310).
cost(10, 25, 62226).
cost(10, 26, 575817).
cost(10, 27, 327380).
cost(10, 28, 276220).
cost(11, 1, 594442).
cost(11, 2, 566218).
cost(11, 3, 409420).
cost(11, 4, 784147).
cost(11, 5, 421030).
cost(11, 6, 591205).
cost(11, 7, 509388).
cost(11, 8, 390252).
cost(11, 9, 600287).
cost(11, 10, 590774).
cost(11, 12, 271436).
cost(11, 13, 267550).
cost(11, 14, 640284).
cost(11, 15, 359953).
cost(11, 16, 469667).
cost(11, 17, 652342).
cost(11, 18, 194671).
cost(11, 19, 501815).
cost(11, 20, 363245).
cost(11, 21, 399165).
cost(11, 22, 358249).
cost(11, 23, 685026).
cost(11, 24, 152489).
cost(11, 25, 531034).
cost(11, 26, 204067).
cost(11, 27, 336941).
cost(11, 28, 482106).
cost(12, 1, 606676).
cost(12, 2, 383775).
cost(12, 3, 446278).
cost(12, 4, 515816).
cost(12, 5, 399741).
cost(12, 6, 554806).
cost(12, 7, 432528).
cost(12, 8, 232522).
cost(12, 9, 500195).
cost(12, 10, 513268).
cost(12, 11, 271436).
cost(12, 13, 346107).
cost(12, 14, 504309).
cost(12, 15, 426143).
cost(12, 16, 413918).
cost(12, 17, 568901).
cost(12, 18, 143871).
cost(12, 19, 287367).
cost(12, 20, 330025).
cost(12, 21, 293069).
cost(12, 22, 326362).
cost(12, 23, 629362).
cost(12, 24, 238636).
cost(12, 25, 469446).
cost(12, 26, 441665).
cost(12, 27, 421555).
cost(12, 28, 543928).
cost(13, 1, 326906).
cost(13, 2, 414653).
cost(13, 3, 141950).
cost(13, 4, 750287).
cost(13, 5, 172315).
cost(13, 6, 332469).
cost(13, 7, 279203).
cost(13, 8, 272048).
cost(13, 9, 372873).
cost(13, 10, 350604).
cost(13, 11, 267550).
cost(13, 12, 346107).
cost(13, 14, 434073).
cost(13, 15, 94597).
cost(13, 16, 232716).
cost(13, 17, 410288).
cost(13, 18, 382259).
cost(13, 19, 402182).
cost(13, 20, 141581).
cost(13, 21, 226041).
cost(13, 22, 137887).
cost(13, 23, 428846).
cost(13, 24, 132604).
cost(13, 25, 288381).
cost(13, 26, 228887).
cost(13, 27, 78782).
cost(13, 28, 220126).
cost(14, 1, 330307).
cost(14, 2, 147777).
cost(14, 3, 353764).
cost(14, 4, 524493).
cost(14, 5, 271683).
cost(14, 6, 221372).
cost(14, 7, 160868).
cost(14, 8, 274302).
cost(14, 9, 85030).
cost(14, 10, 132882).
cost(14, 11, 640284).
cost(14, 12, 504309).
cost(14, 13, 434073).
cost(14, 15, 401958).
cost(14, 16, 207983).
cost(14, 17, 130691).
cost(14, 18, 634092).
cost(14, 19, 255269).
cost(14, 20, 294559).
cost(14, 21, 241473).
cost(14, 22, 298911).
cost(14, 23, 212218).
cost(14, 24, 492441).
cost(14, 25, 173620).
cost(14, 26, 662866).
cost(14, 27, 429988).
cost(14, 28, 403534).
cost(15, 1, 236895).
cost(15, 2, 415623).
cost(15, 3, 58167).
cost(15, 4, 783448).
cost(15, 5, 131136).
cost(15, 6, 259674).
cost(15, 7, 241093).
cost(15, 8, 305652).
cost(15, 9, 329048).
cost(15, 10, 297137).
cost(15, 11, 359953).
cost(15, 12, 426143).
cost(15, 13, 94597).
cost(15, 14, 401958).
cost(15, 16, 194165).
cost(15, 17, 352125).
cost(15, 18, 474565).
cost(15, 19, 428000).
cost(15, 20, 144268).
cost(15, 21, 240007).
cost(15, 22, 143515).
cost(15, 23, 356319).
cost(15, 24, 226745).
cost(15, 25, 237040).
cost(15, 26, 285619).
cost(15, 27, 30861).
cost(15, 28, 125764).
cost(16, 1, 209270).
cost(16, 2, 240339).
cost(16, 3, 149138).
cost(16, 4, 635679).
cost(16, 5, 63810).
cost(16, 6, 140893).
cost(16, 7, 47536).
cost(16, 8, 204371).
cost(16, 9, 140248).
cost(16, 10, 121417).
cost(16, 11, 469667).
cost(16, 12, 413918).
cost(16, 13, 232716).
cost(16, 14, 207983).
cost(16, 15, 194165).
cost(16, 17, 182879).
cost(16, 18, 514242).
cost(16, 19, 287782).
cost(16, 20, 106494).
cost(16, 21, 126501).
cost(16, 22, 111497).
cost(16, 23, 222300).
cost(16, 24, 317179).
cost(16, 25, 61799).
cost(16, 26, 460647).
cost(16, 27, 222006).
cost(16, 28, 219153).
cost(17, 1, 215520).
cost(17, 2, 264516).
cost(17, 3, 295786).
cost(17, 4, 654510).
cost(17, 5, 238197).
cost(17, 6, 111857).
cost(17, 7, 144602).
cost(17, 8, 338508).
cost(17, 9, 72469).
cost(17, 10, 61571).
cost(17, 11, 652342).
cost(17, 12, 568901).
cost(17, 13, 410288).
cost(17, 14, 130691).
cost(17, 15, 352125).
cost(17, 16, 182879).
cost(17, 18, 683929).
cost(17, 19, 361333).
cost(17, 20, 289113).
cost(17, 21, 278432).
cost(17, 22, 294105).
cost(17, 23, 82166).
cost(17, 24, 499875).
cost(17, 25, 122606).
cost(17, 26, 633815).
cost(17, 27, 382765).
cost(17, 28, 316133).
cost(18, 1, 686320).
cost(18, 2, 522645).
cost(18, 3, 509341).
cost(18, 4, 641310).
cost(18, 5, 485474).
cost(18, 6, 652610).
cost(18, 7, 541525).
cost(18, 8, 359869).
cost(18, 9, 619180).
cost(18, 10, 624994).
cost(18, 11, 194671).
cost(18, 12, 143871).
cost(18, 13, 382259).
cost(18, 14, 634092).
cost(18, 15, 474565).
cost(18, 16, 514242).
cost(18, 17, 683929).
cost(18, 19, 430174).
cost(18, 20, 416075).
cost(18, 21, 405887).
cost(18, 22, 411536).
cost(18, 23, 735990).
cost(18, 24, 251055).
cost(18, 25, 574153).
cost(18, 26, 396072).
cost(18, 27, 460915).
cost(18, 28, 599789).
cost(19, 1, 492387).
cost(19, 2, 110151).
cost(19, 3, 409092).
cost(19, 4, 355894).
cost(19, 5, 321589).
cost(19, 6, 400623).
cost(19, 7, 272033).
cost(19, 8, 130803).
cost(19, 9, 289739).
cost(19, 10, 324580).
cost(19, 11, 501815).
cost(19, 12, 287367).
cost(19, 13, 402182).
cost(19, 14, 255269).
cost(19, 15, 428000).
cost(19, 16, 287782).
cost(19, 17, 361333).
cost(19, 18, 430174).
cost(19, 20, 283778).
cost(19, 21, 188371).
cost(19, 22, 284505).
cost(19, 23, 439430).
cost(19, 24, 385358).
cost(19, 25, 312659).
cost(19, 26, 600479).
cost(19, 27, 443652).
cost(19, 28, 498503).
cost(20, 1, 276732).
cost(20, 2, 277596).
cost(20, 3, 131920).
cost(20, 4, 639414).
cost(20, 5, 70287).
cost(20, 6, 237615).
cost(20, 7, 147361).
cost(20, 8, 164370).
cost(20, 9, 240479).
cost(20, 10, 227552).
cost(20, 11, 363245).
cost(20, 12, 330025).
cost(20, 13, 141581).
cost(20, 14, 294559).
cost(20, 15, 144268).
cost(20, 16, 106494).
cost(20, 17, 289113).
cost(20, 18, 416075).
cost(20, 19, 283778).
cost(20, 21, 95789).
cost(20, 22, 5003).
cost(20, 23, 326146).
cost(20, 24, 210766).
cost(20, 25, 168122).
cost(20, 26, 369115).
cost(20, 27, 161875).
cost(20, 28, 229451).
cost(21, 1, 333540).
cost(21, 2, 189158).
cost(21, 3, 221951).
cost(21, 4, 544240).
cost(21, 5, 138868).
cost(21, 6, 265126).
cost(21, 7, 139466).
cost(21, 8, 79424).
cost(21, 9, 213580).
cost(21, 10, 220864).
cost(21, 11, 399165).
cost(21, 12, 293069).
cost(21, 13, 226041).
cost(21, 14, 241473).
cost(21, 15, 240007).
cost(21, 16, 126501).
cost(21, 17, 278432).
cost(21, 18, 405887).
cost(21, 19, 188371).
cost(21, 20, 95789).
cost(21, 22, 96955).
cost(21, 23, 336293).
cost(21, 24, 253778).
cost(21, 25, 177196).
cost(21, 26, 444489).
cost(21, 27, 257199).
cost(21, 28, 314905).
cost(22, 1, 280540).
cost(22, 2, 280165).
cost(22, 3, 133230).
cost(22, 4, 639959).
cost(22, 5, 74460).
cost(22, 6, 242381).
cost(22, 7, 152261).
cost(22, 8, 163893).
cost(22, 9, 245301).
cost(22, 10, 232543).
cost(22, 11, 358249).
cost(22, 12, 326362).
cost(22, 13, 137887).
cost(22, 14, 298911).
cost(22, 15, 143515).
cost(22, 16, 111497).
cost(22, 17, 294105).
cost(22, 18, 411536).
cost(22, 19, 284505).
cost(22, 20, 5003).
cost(22, 21, 96955).
cost(22, 23, 331077).
cost(22, 24, 205772).
cost(22, 25, 173124).
cost(22, 26, 365053).
cost(22, 27, 160303).
cost(22, 28, 231196).
cost(23, 1, 167960).
cost(23, 2, 345673).
cost(23, 3, 298152).
cost(23, 4, 736506).
cost(23, 5, 264006).
cost(23, 6, 96910).
cost(23, 7, 196845).
cost(23, 8, 403929).
cost(23, 9, 150058).
cost(23, 10, 118781).
cost(23, 11, 685026).
cost(23, 12, 629362).
cost(23, 13, 428846).
cost(23, 14, 212218).
cost(23, 15, 356319).
cost(23, 16, 222300).
cost(23, 17, 82166).
cost(23, 18, 735990).
cost(23, 19, 439430).
cost(23, 20, 326146).
cost(23, 21, 336293).
cost(23, 22, 331077).
cost(23, 24, 533481).
cost(23, 25, 161845).
cost(23, 26, 641932).
cost(23, 27, 387016).
cost(23, 28, 291725).
cost(24, 1, 452262).
cost(24, 2, 432240).
cost(24, 3, 268501).
cost(24, 4, 705617).
cost(24, 5, 269592).
cost(24, 6, 440619).
cost(24, 7, 357199).
cost(24, 8, 260761).
cost(24, 9, 448725).
cost(24, 10, 438310).
cost(24, 11, 152489).
cost(24, 12, 238636).
cost(24, 13, 132604).
cost(24, 14, 492441).
cost(24, 15, 226745).
cost(24, 16, 317179).
cost(24, 17, 499875).
cost(24, 18, 251055).
cost(24, 19, 385358).
cost(24, 20, 210766).
cost(24, 21, 253778).
cost(24, 22, 205772).
cost(24, 23, 533481).
cost(24, 25, 378572).
cost(24, 26, 220699).
cost(24, 27, 210588).
cost(24, 28, 352496).
cost(25, 1, 181939).
cost(25, 2, 244397).
cost(25, 3, 184190).
cost(25, 4, 647339).
cost(25, 5, 116066).
cost(25, 6, 90510).
cost(25, 7, 41461).
cost(25, 8, 250104).
cost(25, 9, 93313).
cost(25, 10, 62226).
cost(25, 11, 531034).
cost(25, 12, 469446).
cost(25, 13, 288381).
cost(25, 14, 173620).
cost(25, 15, 237040).
cost(25, 16, 61799).
cost(25, 17, 122606).
cost(25, 18, 574153).
cost(25, 19, 312659).
cost(25, 20, 168122).
cost(25, 21, 177196).
cost(25, 22, 173124).
cost(25, 23, 161845).
cost(25, 24, 378572).
cost(25, 26, 513826).
cost(25, 27, 266899).
cost(25, 28, 230703).
cost(26, 1, 511234).
cost(26, 2, 632800).
cost(26, 3, 343786).
cost(26, 4, 926294).
cost(26, 5, 398571).
cost(26, 6, 545279).
cost(26, 7, 507584).
cost(26, 8, 471551).
cost(26, 9, 600878).
cost(26, 10, 575817).
cost(26, 11, 204067).
cost(26, 12, 441665).
cost(26, 13, 228887).
cost(26, 14, 662866).
cost(26, 15, 285619).
cost(26, 16, 460647).
cost(26, 17, 633815).
cost(26, 18, 396072).
cost(26, 19, 600479).
cost(26, 20, 369115).
cost(26, 21, 444489).
cost(26, 22, 365053).
cost(26, 23, 641932).
cost(26, 24, 220699).
cost(26, 25, 513826).
cost(26, 27, 254926).
cost(26, 28, 378339).
cost(27, 1, 264168).
cost(27, 2, 437485).
cost(27, 3, 88917).
cost(27, 4, 797910).
cost(27, 5, 158381).
cost(27, 6, 290439).
cost(27, 7, 269286).
cost(27, 8, 318202).
cost(27, 9, 358410).
cost(27, 10, 327380).
cost(27, 11, 336941).
cost(27, 12, 421555).
cost(27, 13, 78782).
cost(27, 14, 429988).
cost(27, 15, 30861).
cost(27, 16, 222006).
cost(27, 17, 382765).
cost(27, 18, 460915).
cost(27, 19, 443652).
cost(27, 20, 161875).
cost(27, 21, 257199).
cost(27, 22, 160303).
cost(27, 23, 387016).
cost(27, 24, 210588).
cost(27, 25, 266899).
cost(27, 26, 254926).
cost(27, 28, 145257).
cost(28, 1, 136403).
cost(28, 2, 459485).
cost(28, 3, 99045).
cost(28, 4, 851798).
cost(28, 5, 177077).
cost(28, 6, 205924).
cost(28, 7, 254995).
cost(28, 8, 391177).
cost(28, 9, 320049).
cost(28, 10, 276220).
cost(28, 11, 482106).
cost(28, 12, 543928).
cost(28, 13, 220126).
cost(28, 14, 403534).
cost(28, 15, 125764).
cost(28, 16, 219153).
cost(28, 17, 316133).
cost(28, 18, 599789).
cost(28, 19, 498503).
cost(28, 20, 229451).
cost(28, 21, 314905).
cost(28, 22, 231196).
cost(28, 23, 291725).
cost(28, 24, 352496).
cost(28, 25, 230703).
cost(28, 26, 378339).
cost(28, 27, 145257).
nocross(1,3).
nocross(1,5).
nocross(1,22).
nocross(1,28).
nocross(2,4).
nocross(2,8).
nocross(2,14).
nocross(2,19).
nocross(2,20).
nocross(2,21).
nocross(2,22).
nocross(3,5).
nocross(3,7).
nocross(3,15).
nocross(3,20).
nocross(3,22).
nocross(3,28).
nocross(4,2).
nocross(4,8).
nocross(4,14).
nocross(4,19).
nocross(4,20).
nocross(4,22).
nocross(5,3).
nocross(5,7).
nocross(5,15).
nocross(5,20).
nocross(5,21).
nocross(5,22).
nocross(5,23).
nocross(6,5).
nocross(6,10).
nocross(6,14).
nocross(6,16).
nocross(6,17).
nocross(6,20).
nocross(6,23).
nocross(6,25).
nocross(7,9).
nocross(7,10).
nocross(7,16).
nocross(7,20).
nocross(7,21).
nocross(7,22).
nocross(7,25).
nocross(8,4).
nocross(8,12).
nocross(8,19).
nocross(8,20).
nocross(8,21).
nocross(9,7).
nocross(9,10).
nocross(9,17).
nocross(9,22).
nocross(9,23).
nocross(9,25).
nocross(10,6).
nocross(10,7).
nocross(10,17).
nocross(10,22).
nocross(10,25).
nocross(11,8).
nocross(11,12).
nocross(11,18).
nocross(11,20).
nocross(11,22).
nocross(12,4).
nocross(12,8).
nocross(12,15).
nocross(12,18).
nocross(12,20).
nocross(12,21).
nocross(12,22).
nocross(13,3).
nocross(13,8).
nocross(13,15).
nocross(13,18).
nocross(13,20).
nocross(13,22).
nocross(13,27).
nocross(14,17).
nocross(14,20).
nocross(14,22).
nocross(15,3).
nocross(15,13).
nocross(15,20).
nocross(15,22).
nocross(15,27).
nocross(15,28).
nocross(16,7).
nocross(16,20).
nocross(16,21).
nocross(16,25).
nocross(17,9).
nocross(17,10).
nocross(17,14).
nocross(17,23).
nocross(18,3).
nocross(18,8).
nocross(18,11).
nocross(18,12).
nocross(18,21).
nocross(19,2).
nocross(19,8).
nocross(19,12).
nocross(19,14).
nocross(19,20).
nocross(19,22).
nocross(20,5).
nocross(20,8).
nocross(20,18).
nocross(20,21).
nocross(20,22).
nocross(21,5).
nocross(21,8).
nocross(21,20).
nocross(21,22).
nocross(22,5).
nocross(22,8).
nocross(22,12).
nocross(22,13).
nocross(22,18).
nocross(22,20).
nocross(22,21).
nocross(22,24).
nocross(23,6).
nocross(23,10).
nocross(23,20).
nocross(24,4).
nocross(24,8).
nocross(24,13).
nocross(24,15).
nocross(24,20).
nocross(24,21).
nocross(24,22).
nocross(25,5).
nocross(25,7).
nocross(25,10).
nocross(25,16).
nocross(25,20).
nocross(25,23).
nocross(26,11).
nocross(26,13).
nocross(26,15).
nocross(26,22).
nocross(26,24).
nocross(26,27).
nocross(26,28).
nocross(27,3).
nocross(27,13).
nocross(27,15).
nocross(27,22).
nocross(27,26).
nocross(27,28).
nocross(28,15).
nocross(28,20).
nocross(28,22).
nocross(28,23).
nocross(28,27).
