dimension(20).
point(1, -150632.0, -307350.0).
point(2, -109179.0, -128024.0).
point(3, -48910.0, 40695.0).
point(4, -16818.0, -96789.0).
point(5, -361486.0, 107438.0).
point(6, -147514.0, -235594.0).
point(7, -308611.0, 87054.0).
point(8, 200801.0, 245799.0).
point(9, 251934.0, -128076.0).
point(10, -132381.0, -136305.0).
point(11, 40736.0, 106721.0).
point(12, -126931.0, -38077.0).
point(13, 26186.0, -8020.0).
point(14, -262612.0, 400447.0).
point(15, -82510.0, 75792.0).
point(16, -110187.0, -1324.0).
point(17, -38316.0, 13846.0).
point(18, -204804.0, 216483.0).
point(19, 2414.0, 265203.0).
point(20, 7608.0, -283321.0).
cost(1, 2, 184055).
cost(1, 3, 362605).
cost(1, 4, 249484).
cost(1, 5, 465305).
cost(1, 6, 71824).
cost(1, 7, 424867).
cost(1, 8, 655346).
cost(1, 9, 440680).
cost(1, 10, 172016).
cost(1, 11, 456154).
cost(1, 12, 270314).
cost(1, 13, 347654).
cost(1, 14, 716600).
cost(1, 15, 389151).
cost(1, 16, 308687).
cost(1, 17, 340267).
cost(1, 18, 526627).
cost(1, 19, 592655).
cost(1, 20, 160054).
cost(2, 1, 184055).
cost(2, 3, 179160).
cost(2, 4, 97500).
cost(2, 5, 345110).
cost(2, 6, 114197).
cost(2, 7, 293312).
cost(2, 8, 485625).
cost(2, 9, 361113).
cost(2, 10, 24635).
cost(2, 11, 278531).
cost(2, 12, 91682).
cost(2, 13, 180900).
cost(2, 14, 550294).
cost(2, 15, 205553).
cost(2, 16, 126704).
cost(2, 17, 158583).
cost(2, 18, 357532).
cost(2, 19, 408755).
cost(2, 20, 194310).
cost(3, 1, 362605).
cost(3, 2, 179160).
cost(3, 4, 141180).
cost(3, 5, 319622).
cost(3, 6, 293357).
cost(3, 7, 263806).
cost(3, 8, 323146).
cost(3, 9, 344950).
cost(3, 10, 195695).
cost(3, 11, 111337).
cost(3, 12, 110871).
cost(3, 13, 89513).
cost(3, 14, 418438).
cost(3, 15, 48588).
cost(3, 16, 74300).
cost(3, 17, 28864).
cost(3, 18, 234956).
cost(3, 19, 230300).
cost(3, 20, 328908).
cost(4, 1, 249484).
cost(4, 2, 97500).
cost(4, 3, 141180).
cost(4, 5, 400630).
cost(4, 6, 190652).
cost(4, 7, 344879).
cost(4, 8, 405863).
cost(4, 9, 270567).
cost(4, 10, 122132).
cost(4, 11, 211492).
cost(4, 12, 124788).
cost(4, 13, 98637).
cost(4, 14, 554670).
cost(4, 15, 184661).
cost(4, 16, 133534).
cost(4, 17, 112704).
cost(4, 18, 365347).
cost(4, 19, 362503).
cost(4, 20, 188124).
cost(5, 1, 465305).
cost(5, 2, 345110).
cost(5, 3, 319622).
cost(5, 4, 400630).
cost(5, 6, 404296).
cost(5, 7, 56668).
cost(5, 8, 579060).
cost(5, 9, 657078).
cost(5, 10, 334514).
cost(5, 11, 402223).
cost(5, 12, 276027).
cost(5, 13, 404500).
cost(5, 14, 309242).
cost(5, 15, 280765).
cost(5, 16, 273825).
cost(5, 17, 336450).
cost(5, 18, 190893).
cost(5, 19, 396627).
cost(5, 20, 537516).
cost(6, 1, 71824).
cost(6, 2, 114197).
cost(6, 3, 293357).
cost(6, 4, 190652).
cost(6, 5, 404296).
cost(6, 7, 360630).
cost(6, 8, 594191).
cost(6, 9, 413665).
cost(6, 10, 100436).
cost(6, 11, 390663).
cost(6, 12, 198587).
cost(6, 13, 286289).
cost(6, 14, 646371).
cost(6, 15, 318099).
cost(6, 16, 237225).
cost(6, 17, 272295).
cost(6, 18, 455693).
cost(6, 19, 522758).
cost(6, 20, 162298).
cost(7, 1, 424867).
cost(7, 2, 293312).
cost(7, 3, 263806).
cost(7, 4, 344879).
cost(7, 5, 56668).
cost(7, 6, 360630).
cost(7, 8, 533573).
cost(7, 9, 600410).
cost(7, 10, 284511).
cost(7, 11, 349900).
cost(7, 12, 220602).
cost(7, 13, 348035).
cost(7, 14, 316751).
cost(7, 15, 226381).
cost(7, 16, 217216).
cost(7, 17, 280034).
cost(7, 18, 165915).
cost(7, 19, 358432).
cost(7, 20, 487003).
cost(8, 1, 655346).
cost(8, 2, 485625).
cost(8, 3, 323146).
cost(8, 4, 405863).
cost(8, 5, 579060).
cost(8, 6, 594191).
cost(8, 7, 533573).
cost(8, 9, 377355).
cost(8, 10, 506965).
cost(8, 11, 212046).
cost(8, 12, 433583).
cost(8, 13, 308082).
cost(8, 14, 488536).
cost(8, 15, 330405).
cost(8, 16, 397219).
cost(8, 17, 333135).
cost(8, 18, 406663).
cost(8, 19, 199334).
cost(8, 20, 563286).
cost(9, 1, 440680).
cost(9, 2, 361113).
cost(9, 3, 344950).
cost(9, 4, 270567).
cost(9, 5, 657078).
cost(9, 6, 413665).
cost(9, 7, 600410).
cost(9, 8, 377355).
cost(9, 10, 384403).
cost(9, 11, 315807).
cost(9, 12, 389408).
cost(9, 13, 255687).
cost(9, 14, 737627).
cost(9, 15, 391682).
cost(9, 16, 383664).
cost(9, 17, 323090).
cost(9, 18, 572128).
cost(9, 19, 465756).
cost(9, 20, 289476).
cost(10, 1, 172016).
cost(10, 2, 24635).
cost(10, 3, 195695).
cost(10, 4, 122132).
cost(10, 5, 334514).
cost(10, 6, 100436).
cost(10, 7, 284511).
cost(10, 8, 506965).
cost(10, 9, 384403).
cost(10, 11, 298381).
cost(10, 12, 98379).
cost(10, 13, 203962).
cost(10, 14, 552325).
cost(10, 15, 217881).
cost(10, 16, 136793).
cost(10, 17, 177182).
cost(10, 18, 360145).
cost(10, 19, 423531).
cost(10, 20, 203004).
cost(11, 1, 456154).
cost(11, 2, 278531).
cost(11, 3, 111337).
cost(11, 4, 211492).
cost(11, 5, 402223).
cost(11, 6, 390663).
cost(11, 7, 349900).
cost(11, 8, 212046).
cost(11, 9, 315807).
cost(11, 10, 298381).
cost(11, 12, 221537).
cost(11, 13, 115660).
cost(11, 14, 422250).
cost(11, 15, 127068).
cost(11, 16, 185611).
cost(11, 17, 121963).
cost(11, 18, 268956).
cost(11, 19, 163049).
cost(11, 20, 391446).
cost(12, 1, 270314).
cost(12, 2, 91682).
cost(12, 3, 110871).
cost(12, 4, 124788).
cost(12, 5, 276027).
cost(12, 6, 198587).
cost(12, 7, 220602).
cost(12, 8, 433583).
cost(12, 9, 389408).
cost(12, 10, 98379).
cost(12, 11, 221537).
cost(12, 13, 156039).
cost(12, 14, 459034).
cost(12, 15, 122227).
cost(12, 16, 40387).
cost(12, 17, 102706).
cost(12, 18, 266205).
cost(12, 19, 329710).
cost(12, 20, 279724).
cost(13, 1, 347654).
cost(13, 2, 180900).
cost(13, 3, 89513).
cost(13, 4, 98637).
cost(13, 5, 404500).
cost(13, 6, 286289).
cost(13, 7, 348035).
cost(13, 8, 308082).
cost(13, 9, 255687).
cost(13, 10, 203962).
cost(13, 11, 115660).
cost(13, 12, 156039).
cost(13, 14, 500250).
cost(13, 15, 137256).
cost(13, 16, 136537).
cost(13, 17, 68107).
cost(13, 18, 322115).
cost(13, 19, 274255).
cost(13, 20, 275927).
cost(14, 1, 716600).
cost(14, 2, 550294).
cost(14, 3, 418438).
cost(14, 4, 554670).
cost(14, 5, 309242).
cost(14, 6, 646371).
cost(14, 7, 316751).
cost(14, 8, 488536).
cost(14, 9, 737627).
cost(14, 10, 552325).
cost(14, 11, 422250).
cost(14, 12, 459034).
cost(14, 13, 500250).
cost(14, 15, 371265).
cost(14, 16, 429713).
cost(14, 17, 446955).
cost(14, 18, 192833).
cost(14, 19, 297539).
cost(14, 20, 735226).
cost(15, 1, 389151).
cost(15, 2, 205553).
cost(15, 3, 48588).
cost(15, 4, 184661).
cost(15, 5, 280765).
cost(15, 6, 318099).
cost(15, 7, 226381).
cost(15, 8, 330405).
cost(15, 9, 391682).
cost(15, 10, 217881).
cost(15, 11, 127068).
cost(15, 12, 122227).
cost(15, 13, 137256).
cost(15, 14, 371265).
cost(15, 16, 81932).
cost(15, 17, 76095).
cost(15, 18, 186413).
cost(15, 19, 207578).
cost(15, 20, 370248).
cost(16, 1, 308687).
cost(16, 2, 126704).
cost(16, 3, 74300).
cost(16, 4, 133534).
cost(16, 5, 273825).
cost(16, 6, 237225).
cost(16, 7, 217216).
cost(16, 8, 397219).
cost(16, 9, 383664).
cost(16, 10, 136793).
cost(16, 11, 185611).
cost(16, 12, 40387).
cost(16, 13, 136537).
cost(16, 14, 429713).
cost(16, 15, 81932).
cost(16, 17, 73455).
cost(16, 18, 237471).
cost(16, 19, 289337).
cost(16, 20, 305611).
cost(17, 1, 340267).
cost(17, 2, 158583).
cost(17, 3, 28864).
cost(17, 4, 112704).
cost(17, 5, 336450).
cost(17, 6, 272295).
cost(17, 7, 280034).
cost(17, 8, 333135).
cost(17, 9, 323090).
cost(17, 10, 177182).
cost(17, 11, 121963).
cost(17, 12, 102706).
cost(17, 13, 68107).
cost(17, 14, 446955).
cost(17, 15, 76095).
cost(17, 16, 73455).
cost(17, 18, 262259).
cost(17, 19, 254636).
cost(17, 20, 300695).
cost(18, 1, 526627).
cost(18, 2, 357532).
cost(18, 3, 234956).
cost(18, 4, 365347).
cost(18, 5, 190893).
cost(18, 6, 455693).
cost(18, 7, 165915).
cost(18, 8, 406663).
cost(18, 9, 572128).
cost(18, 10, 360145).
cost(18, 11, 268956).
cost(18, 12, 266205).
cost(18, 13, 322115).
cost(18, 14, 192833).
cost(18, 15, 186413).
cost(18, 16, 237471).
cost(18, 17, 262259).
cost(18, 19, 212868).
cost(18, 20, 543068).
cost(19, 1, 592655).
cost(19, 2, 408755).
cost(19, 3, 230300).
cost(19, 4, 362503).
cost(19, 5, 396627).
cost(19, 6, 522758).
cost(19, 7, 358432).
cost(19, 8, 199334).
cost(19, 9, 465756).
cost(19, 10, 423531).
cost(19, 11, 163049).
cost(19, 12, 329710).
cost(19, 13, 274255).
cost(19, 14, 297539).
cost(19, 15, 207578).
cost(19, 16, 289337).
cost(19, 17, 254636).
cost(19, 18, 212868).
cost(19, 20, 548549).
cost(20, 1, 160054).
cost(20, 2, 194310).
cost(20, 3, 328908).
cost(20, 4, 188124).
cost(20, 5, 537516).
cost(20, 6, 162298).
cost(20, 7, 487003).
cost(20, 8, 563286).
cost(20, 9, 289476).
cost(20, 10, 203004).
cost(20, 11, 391446).
cost(20, 12, 279724).
cost(20, 13, 275927).
cost(20, 14, 735226).
cost(20, 15, 370248).
cost(20, 16, 305611).
cost(20, 17, 300695).
cost(20, 18, 543068).
cost(20, 19, 548549).
nocross(1,2).
nocross(1,6).
nocross(2,1).
nocross(2,3).
nocross(2,4).
nocross(2,10).
nocross(2,12).
nocross(2,13).
nocross(2,17).
nocross(3,1).
nocross(3,2).
nocross(3,10).
nocross(3,13).
nocross(3,15).
nocross(3,16).
nocross(3,17).
nocross(4,1).
nocross(4,2).
nocross(4,3).
nocross(4,6).
nocross(4,9).
nocross(4,10).
nocross(4,12).
nocross(4,13).
nocross(4,17).
nocross(5,3).
nocross(5,7).
nocross(5,15).
nocross(5,16).
nocross(5,18).
nocross(6,1).
nocross(6,2).
nocross(6,10).
nocross(7,3).
nocross(7,10).
nocross(7,12).
nocross(7,15).
nocross(7,16).
nocross(8,9).
nocross(8,11).
nocross(8,13).
nocross(8,19).
nocross(9,1).
nocross(9,4).
nocross(9,8).
nocross(9,13).
nocross(9,20).
nocross(10,1).
nocross(10,2).
nocross(10,3).
nocross(10,4).
nocross(10,6).
nocross(10,12).
nocross(10,13).
nocross(10,15).
nocross(10,17).
nocross(11,3).
nocross(11,8).
nocross(11,13).
nocross(11,15).
nocross(11,17).
nocross(12,2).
nocross(12,3).
nocross(12,6).
nocross(12,10).
nocross(12,15).
nocross(12,17).
nocross(13,2).
nocross(13,3).
nocross(14,3).
nocross(14,5).
nocross(14,7).
nocross(14,18).
nocross(15,2).
nocross(15,3).
nocross(15,16).
nocross(15,19).
nocross(16,2).
nocross(16,3).
nocross(16,10).
nocross(16,12).
nocross(16,15).
nocross(16,17).
nocross(17,2).
nocross(17,3).
nocross(17,13).
nocross(17,15).
nocross(17,16).
nocross(18,5).
nocross(18,7).
nocross(18,10).
nocross(18,14).
nocross(18,15).
nocross(18,16).
nocross(18,19).
nocross(19,3).
nocross(19,11).
nocross(19,13).
nocross(19,14).
nocross(19,15).
nocross(20,1).
nocross(20,2).
nocross(20,6).
nocross(20,9).
nocross(20,10).
