dimension(20).
point(1, 112520.0, 229792.0).
point(2, 2888.0, 34618.0).
point(3, -203529.0, -101021.0).
point(4, 145442.0, 268946.0).
point(5, -331019.0, -256784.0).
point(6, -45558.0, 119732.0).
point(7, -15149.0, 443450.0).
point(8, 311262.0, 172600.0).
point(9, 175030.0, 237689.0).
point(10, 124733.0, -11391.0).
point(11, 275762.0, -17679.0).
point(12, 336700.0, 278805.0).
point(13, 135950.0, -221961.0).
point(14, 96959.0, -24019.0).
point(15, -292246.0, 316279.0).
point(16, 421918.0, 618320.0).
point(17, -342640.0, -204455.0).
point(18, 199431.0, -15013.0).
point(19, -157239.0, -357537.0).
point(20, 65495.0, 16663.0).
cost(1, 2, 223857).
cost(1, 3, 457520).
cost(1, 4, 51156).
cost(1, 5, 658394).
cost(1, 6, 192618).
cost(1, 7, 248896).
cost(1, 8, 206807).
cost(1, 9, 63007).
cost(1, 10, 241492).
cost(1, 11, 296462).
cost(1, 12, 229475).
cost(1, 13, 452360).
cost(1, 14, 254288).
cost(1, 15, 413903).
cost(1, 16, 496670).
cost(1, 17, 629080).
cost(1, 18, 259775).
cost(1, 19, 646317).
cost(1, 20, 218255).
cost(2, 1, 223857).
cost(2, 3, 246994).
cost(2, 4, 274283).
cost(2, 5, 443181).
cost(2, 6, 97936).
cost(2, 7, 409230).
cost(2, 8, 337837).
cost(2, 9, 266216).
cost(2, 10, 130242).
cost(2, 11, 277840).
cost(2, 12, 413591).
cost(2, 13, 289030).
cost(2, 14, 110850).
cost(2, 15, 407967).
cost(2, 16, 718536).
cost(2, 17, 420173).
cost(2, 18, 202713).
cost(2, 19, 423587).
cost(2, 20, 65131).
cost(3, 1, 457520).
cost(3, 2, 246994).
cost(3, 4, 508583).
cost(3, 5, 201285).
cost(3, 6, 271453).
cost(3, 7, 576139).
cost(3, 8, 582991).
cost(3, 9, 507968).
cost(3, 10, 340279).
cost(3, 11, 486483).
cost(3, 12, 660390).
cost(3, 13, 360378).
cost(3, 14, 310197).
cost(3, 15, 426626).
cost(3, 16, 953224).
cost(3, 17, 173351).
cost(3, 18, 412037).
cost(3, 19, 260659).
cost(3, 20, 293638).
cost(4, 1, 51156).
cost(4, 2, 274283).
cost(4, 3, 508583).
cost(4, 5, 709512).
cost(4, 6, 242375).
cost(4, 7, 237152).
cost(4, 8, 191778).
cost(4, 9, 43040).
cost(4, 10, 281101).
cost(4, 11, 314861).
cost(4, 12, 191512).
cost(4, 13, 490999).
cost(4, 14, 296950).
cost(4, 15, 440240).
cost(4, 16, 445535).
cost(4, 17, 679950).
cost(4, 18, 289046).
cost(4, 19, 695771).
cost(4, 20, 264647).
cost(5, 1, 658394).
cost(5, 2, 443181).
cost(5, 3, 201285).
cost(5, 4, 709512).
cost(5, 6, 472496).
cost(5, 7, 768181).
cost(5, 8, 772590).
cost(5, 9, 707523).
cost(5, 10, 517617).
cost(5, 11, 652192).
cost(5, 12, 855981).
cost(5, 13, 468266).
cost(5, 14, 487180).
cost(5, 15, 574373).
cost(5, 16, 1154435).
cost(5, 17, 53604).
cost(5, 18, 582950).
cost(5, 19, 200875).
cost(5, 20, 481660).
cost(6, 1, 192618).
cost(6, 2, 97936).
cost(6, 3, 271453).
cost(6, 4, 242375).
cost(6, 5, 472496).
cost(6, 7, 325143).
cost(6, 8, 360715).
cost(6, 9, 250146).
cost(6, 10, 214924).
cost(6, 11, 349469).
cost(6, 12, 414036).
cost(6, 13, 386910).
cost(6, 14, 202424).
cost(6, 15, 315414).
cost(6, 16, 683465).
cost(6, 17, 439721).
cost(6, 18, 279599).
cost(6, 19, 490162).
cost(6, 20, 151512).
cost(7, 1, 248896).
cost(7, 2, 409230).
cost(7, 3, 576139).
cost(7, 4, 237152).
cost(7, 5, 768181).
cost(7, 6, 325143).
cost(7, 8, 424151).
cost(7, 9, 280189).
cost(7, 10, 475865).
cost(7, 11, 545224).
cost(7, 12, 388466).
cost(7, 13, 682351).
cost(7, 14, 480724).
cost(7, 15, 304886).
cost(7, 16, 470752).
cost(7, 17, 725969).
cost(7, 18, 506195).
cost(7, 19, 813492).
cost(7, 20, 434339).
cost(8, 1, 206807).
cost(8, 2, 337837).
cost(8, 3, 582991).
cost(8, 4, 191778).
cost(8, 5, 772590).
cost(8, 6, 360715).
cost(8, 7, 424151).
cost(8, 9, 150983).
cost(8, 10, 262003).
cost(8, 11, 193562).
cost(8, 12, 109209).
cost(8, 13, 431755).
cost(8, 14, 290835).
cost(8, 15, 620375).
cost(8, 16, 459251).
cost(8, 17, 754823).
cost(8, 18, 218414).
cost(8, 19, 707487).
cost(8, 20, 291063).
cost(9, 1, 63007).
cost(9, 2, 266216).
cost(9, 3, 507968).
cost(9, 4, 43040).
cost(9, 5, 707523).
cost(9, 6, 250146).
cost(9, 7, 280189).
cost(9, 8, 150983).
cost(9, 10, 254108).
cost(9, 11, 274517).
cost(9, 12, 166816).
cost(9, 13, 461308).
cost(9, 14, 273105).
cost(9, 15, 473839).
cost(9, 16, 453689).
cost(9, 17, 680789).
cost(9, 18, 253877).
cost(9, 19, 681687).
cost(9, 20, 246679).
cost(10, 1, 241492).
cost(10, 2, 130242).
cost(10, 3, 340279).
cost(10, 4, 281101).
cost(10, 5, 517617).
cost(10, 6, 214924).
cost(10, 7, 475865).
cost(10, 8, 262003).
cost(10, 9, 254108).
cost(10, 11, 151160).
cost(10, 12, 359366).
cost(10, 13, 210869).
cost(10, 14, 30510).
cost(10, 15, 530320).
cost(10, 16, 696315).
cost(10, 17, 505679).
cost(10, 18, 74786).
cost(10, 19, 446459).
cost(10, 20, 65545).
cost(11, 1, 296462).
cost(11, 2, 277840).
cost(11, 3, 486483).
cost(11, 4, 314861).
cost(11, 5, 652192).
cost(11, 6, 349469).
cost(11, 7, 545224).
cost(11, 8, 193562).
cost(11, 9, 274517).
cost(11, 10, 151160).
cost(11, 12, 302682).
cost(11, 13, 247545).
cost(11, 14, 178915).
cost(11, 15, 658909).
cost(11, 16, 652577).
cost(11, 17, 645992).
cost(11, 18, 76378).
cost(11, 19, 550448).
cost(11, 20, 213053).
cost(12, 1, 229475).
cost(12, 2, 413591).
cost(12, 3, 660390).
cost(12, 4, 191512).
cost(12, 5, 855981).
cost(12, 6, 414036).
cost(12, 7, 388466).
cost(12, 8, 109209).
cost(12, 9, 166816).
cost(12, 10, 359366).
cost(12, 11, 302682).
cost(12, 13, 539506).
cost(12, 14, 386236).
cost(12, 15, 630061).
cost(12, 16, 350046).
cost(12, 17, 833692).
cost(12, 18, 324302).
cost(12, 19, 805548).
cost(12, 20, 377188).
cost(13, 1, 452360).
cost(13, 2, 289030).
cost(13, 3, 360378).
cost(13, 4, 490999).
cost(13, 5, 468266).
cost(13, 6, 386910).
cost(13, 7, 682351).
cost(13, 8, 431755).
cost(13, 9, 461308).
cost(13, 10, 210869).
cost(13, 11, 247545).
cost(13, 12, 539506).
cost(13, 14, 201746).
cost(13, 15, 687789).
cost(13, 16, 887609).
cost(13, 17, 478910).
cost(13, 18, 216465).
cost(13, 19, 323018).
cost(13, 20, 248808).
cost(14, 1, 254288).
cost(14, 2, 110850).
cost(14, 3, 310197).
cost(14, 4, 296950).
cost(14, 5, 487180).
cost(14, 6, 202424).
cost(14, 7, 480724).
cost(14, 8, 290835).
cost(14, 9, 273105).
cost(14, 10, 30510).
cost(14, 11, 178915).
cost(14, 12, 386236).
cost(14, 13, 201746).
cost(14, 15, 516994).
cost(14, 16, 719860).
cost(14, 17, 475189).
cost(14, 18, 102867).
cost(14, 19, 419346).
cost(14, 20, 51430).
cost(15, 1, 413903).
cost(15, 2, 407967).
cost(15, 3, 426626).
cost(15, 4, 440240).
cost(15, 5, 574373).
cost(15, 6, 315414).
cost(15, 7, 304886).
cost(15, 8, 620375).
cost(15, 9, 473839).
cost(15, 10, 530320).
cost(15, 11, 658909).
cost(15, 12, 630061).
cost(15, 13, 687789).
cost(15, 14, 516994).
cost(15, 16, 775409).
cost(15, 17, 523167).
cost(15, 18, 592875).
cost(15, 19, 687208).
cost(15, 20, 466635).
cost(16, 1, 496670).
cost(16, 2, 718536).
cost(16, 3, 953224).
cost(16, 4, 445535).
cost(16, 5, 1154435).
cost(16, 6, 683465).
cost(16, 7, 470752).
cost(16, 8, 459251).
cost(16, 9, 453689).
cost(16, 10, 696315).
cost(16, 11, 652577).
cost(16, 12, 350046).
cost(16, 13, 887609).
cost(16, 14, 719860).
cost(16, 15, 775409).
cost(16, 17, 1123169).
cost(16, 18, 671276).
cost(16, 19, 1134777).
cost(16, 20, 699306).
cost(17, 1, 629080).
cost(17, 2, 420173).
cost(17, 3, 173351).
cost(17, 4, 679950).
cost(17, 5, 53604).
cost(17, 6, 439721).
cost(17, 7, 725969).
cost(17, 8, 754823).
cost(17, 9, 680789).
cost(17, 10, 505679).
cost(17, 11, 645992).
cost(17, 12, 833692).
cost(17, 13, 478910).
cost(17, 14, 475189).
cost(17, 15, 523167).
cost(17, 16, 1123169).
cost(17, 18, 574221).
cost(17, 19, 240432).
cost(17, 20, 464185).
cost(18, 1, 259775).
cost(18, 2, 202713).
cost(18, 3, 412037).
cost(18, 4, 289046).
cost(18, 5, 582950).
cost(18, 6, 279599).
cost(18, 7, 506195).
cost(18, 8, 218414).
cost(18, 9, 253877).
cost(18, 10, 74786).
cost(18, 11, 76378).
cost(18, 12, 324302).
cost(18, 13, 216465).
cost(18, 14, 102867).
cost(18, 15, 592875).
cost(18, 16, 671276).
cost(18, 17, 574221).
cost(18, 19, 494506).
cost(18, 20, 137631).
cost(19, 1, 646317).
cost(19, 2, 423587).
cost(19, 3, 260659).
cost(19, 4, 695771).
cost(19, 5, 200875).
cost(19, 6, 490162).
cost(19, 7, 813492).
cost(19, 8, 707487).
cost(19, 9, 681687).
cost(19, 10, 446459).
cost(19, 11, 550448).
cost(19, 12, 805548).
cost(19, 13, 323018).
cost(19, 14, 419346).
cost(19, 15, 687208).
cost(19, 16, 1134777).
cost(19, 17, 240432).
cost(19, 18, 494506).
cost(19, 20, 435472).
cost(20, 1, 218255).
cost(20, 2, 65131).
cost(20, 3, 293638).
cost(20, 4, 264647).
cost(20, 5, 481660).
cost(20, 6, 151512).
cost(20, 7, 434339).
cost(20, 8, 291063).
cost(20, 9, 246679).
cost(20, 10, 65545).
cost(20, 11, 213053).
cost(20, 12, 377188).
cost(20, 13, 248808).
cost(20, 14, 51430).
cost(20, 15, 466635).
cost(20, 16, 699306).
cost(20, 17, 464185).
cost(20, 18, 137631).
cost(20, 19, 435472).
nocross(1,2).
nocross(1,6).
nocross(1,10).
nocross(1,11).
nocross(1,18).
nocross(1,20).
nocross(2,6).
nocross(2,11).
nocross(2,20).
nocross(3,2).
nocross(3,6).
nocross(3,13).
nocross(3,14).
nocross(3,17).
nocross(4,1).
nocross(4,6).
nocross(4,10).
nocross(4,11).
nocross(4,12).
nocross(4,18).
nocross(4,20).
nocross(5,6).
nocross(6,2).
nocross(6,3).
nocross(6,11).
nocross(7,1).
nocross(7,6).
nocross(7,12).
nocross(7,15).
nocross(8,6).
nocross(8,10).
nocross(8,11).
nocross(8,12).
nocross(8,18).
nocross(8,20).
nocross(9,6).
nocross(9,10).
nocross(9,11).
nocross(9,20).
nocross(10,11).
nocross(10,14).
nocross(10,18).
nocross(12,4).
nocross(12,6).
nocross(12,8).
nocross(12,9).
nocross(12,10).
nocross(12,11).
nocross(13,3).
nocross(13,10).
nocross(13,11).
nocross(13,14).
nocross(13,17).
nocross(13,18).
nocross(14,2).
nocross(14,6).
nocross(14,10).
nocross(14,20).
nocross(15,3).
nocross(15,6).
nocross(15,7).
nocross(15,11).
nocross(15,17).
nocross(16,7).
nocross(16,8).
nocross(16,12).
nocross(17,2).
nocross(17,3).
nocross(17,5).
nocross(17,6).
nocross(17,19).
nocross(18,6).
nocross(18,10).
nocross(18,11).
nocross(19,3).
nocross(19,5).
nocross(19,13).
nocross(19,17).
nocross(20,2).
nocross(20,6).
nocross(20,11).
