dimension(20).
point(1, 288322.0, 132787.0).
point(2, -99377.0, -237630.0).
point(3, -147701.0, 336448.0).
point(4, -118610.0, 366628.0).
point(5, -233252.0, 21385.0).
point(6, 115248.0, -275606.0).
point(7, -29048.0, -301838.0).
point(8, 204298.0, 233202.0).
point(9, -190623.0, -304130.0).
point(10, 80532.0, -205518.0).
point(11, -191942.0, -32332.0).
point(12, 179777.0, 331816.0).
point(13, 74212.0, -27455.0).
point(14, -316044.0, -350507.0).
point(15, -60353.0, 131085.0).
point(16, 122007.0, 78586.0).
point(17, 569706.0, 391620.0).
point(18, 24693.0, 67843.0).
point(19, 135341.0, 119149.0).
point(20, -395220.0, -48817.0).
cost(1, 2, 536208).
cost(1, 3, 481242).
cost(1, 4, 469335).
cost(1, 5, 533338).
cost(1, 6, 443553).
cost(1, 7, 538166).
cost(1, 8, 130932).
cost(1, 9, 648294).
cost(1, 10, 397023).
cost(1, 11, 507856).
cost(1, 12, 226704).
cost(1, 13, 267433).
cost(1, 14, 773842).
cost(1, 15, 348679).
cost(1, 16, 174924).
cost(1, 17, 382324).
cost(1, 18, 271511).
cost(1, 19, 153588).
cost(1, 20, 707255).
cost(2, 1, 536208).
cost(2, 3, 576108).
cost(2, 4, 604564).
cost(2, 5, 291567).
cost(2, 6, 217959).
cost(2, 7, 95230).
cost(2, 8, 560269).
cost(2, 9, 112907).
cost(2, 10, 182752).
cost(2, 11, 225201).
cost(2, 12, 634189).
cost(2, 13, 272593).
cost(2, 14, 244307).
cost(2, 15, 370774).
cost(2, 16, 386010).
cost(2, 17, 918492).
cost(2, 18, 329708).
cost(2, 19, 427064).
cost(2, 20, 350961).
cost(3, 1, 481242).
cost(3, 2, 576108).
cost(3, 4, 41918).
cost(3, 5, 326472).
cost(3, 6, 666147).
cost(3, 7, 649221).
cost(3, 8, 366828).
cost(3, 9, 642014).
cost(3, 10, 588062).
cost(3, 11, 371424).
cost(3, 12, 327511).
cost(3, 13, 426229).
cost(3, 14, 707281).
cost(3, 15, 223167).
cost(3, 16, 373142).
cost(3, 17, 719525).
cost(3, 18, 319168).
cost(3, 19, 356836).
cost(3, 20, 457924).
cost(4, 1, 469335).
cost(4, 2, 604564).
cost(4, 3, 41918).
cost(4, 5, 363779).
cost(4, 6, 683487).
cost(4, 7, 674439).
cost(4, 8, 349388).
cost(4, 9, 674613).
cost(4, 10, 605812).
cost(4, 11, 405644).
cost(4, 12, 300411).
cost(4, 13, 438727).
cost(4, 14, 743816).
cost(4, 15, 242640).
cost(4, 16, 375320).
cost(4, 17, 688770).
cost(4, 18, 331373).
cost(4, 19, 354594).
cost(4, 20, 499107).
cost(5, 1, 533338).
cost(5, 2, 291567).
cost(5, 3, 326472).
cost(5, 4, 363779).
cost(5, 6, 457882).
cost(5, 7, 382325).
cost(5, 8, 486124).
cost(5, 9, 328294).
cost(5, 10, 387228).
cost(5, 11, 67765).
cost(5, 12, 516682).
cost(5, 13, 311319).
cost(5, 14, 380996).
cost(5, 15, 204764).
cost(5, 16, 359835).
cost(5, 17, 884203).
cost(5, 18, 262095).
cost(5, 19, 381338).
cost(5, 20, 176527).
cost(6, 1, 443553).
cost(6, 2, 217959).
cost(6, 3, 666147).
cost(6, 4, 683487).
cost(6, 5, 457882).
cost(6, 7, 146661).
cost(6, 8, 516542).
cost(6, 9, 307198).
cost(6, 10, 78215).
cost(6, 11, 391852).
cost(6, 12, 610840).
cost(6, 13, 251521).
cost(6, 14, 437748).
cost(6, 15, 442982).
cost(6, 16, 354256).
cost(6, 17, 807293).
cost(6, 18, 355186).
cost(6, 19, 395266).
cost(6, 20, 558579).
cost(7, 1, 538166).
cost(7, 2, 95230).
cost(7, 3, 649221).
cost(7, 4, 674439).
cost(7, 5, 382325).
cost(7, 6, 146661).
cost(7, 8, 583711).
cost(7, 9, 161591).
cost(7, 10, 145895).
cost(7, 11, 314909).
cost(7, 12, 667177).
cost(7, 13, 293170).
cost(7, 14, 291093).
cost(7, 15, 434053).
cost(7, 16, 409317).
cost(7, 17, 916182).
cost(7, 18, 373567).
cost(7, 19, 451944).
cost(7, 20, 445086).
cost(8, 1, 130932).
cost(8, 2, 560269).
cost(8, 3, 366828).
cost(8, 4, 349388).
cost(8, 5, 486124).
cost(8, 6, 516542).
cost(8, 7, 583711).
cost(8, 9, 666850).
cost(8, 10, 455843).
cost(8, 11, 476985).
cost(8, 12, 101617).
cost(8, 13, 291315).
cost(8, 14, 781967).
cost(8, 15, 283669).
cost(8, 16, 175151).
cost(8, 17, 398270).
cost(8, 18, 244134).
cost(8, 19, 133278).
cost(8, 20, 662538).
cost(9, 1, 648294).
cost(9, 2, 112907).
cost(9, 3, 642014).
cost(9, 4, 674613).
cost(9, 5, 328294).
cost(9, 6, 307198).
cost(9, 7, 161591).
cost(9, 8, 666850).
cost(9, 10, 288530).
cost(9, 11, 271801).
cost(9, 12, 735951).
cost(9, 13, 382997).
cost(9, 14, 133721).
cost(9, 15, 454293).
cost(9, 16, 494175).
cost(9, 17, 1030615).
cost(9, 18, 429796).
cost(9, 19, 534245).
cost(9, 20, 327177).
cost(10, 1, 397023).
cost(10, 2, 182752).
cost(10, 3, 588062).
cost(10, 4, 605812).
cost(10, 5, 387228).
cost(10, 6, 78215).
cost(10, 7, 145895).
cost(10, 8, 455843).
cost(10, 9, 288530).
cost(10, 11, 322855).
cost(10, 12, 546422).
cost(10, 13, 178175).
cost(10, 14, 422249).
cost(10, 15, 364897).
cost(10, 16, 287115).
cost(10, 17, 771923).
cost(10, 18, 279006).
cost(10, 19, 329261).
cost(10, 20, 500894).
cost(11, 1, 507856).
cost(11, 2, 225201).
cost(11, 3, 371424).
cost(11, 4, 405644).
cost(11, 5, 67765).
cost(11, 6, 391852).
cost(11, 7, 314909).
cost(11, 8, 476985).
cost(11, 9, 271801).
cost(11, 10, 322855).
cost(11, 12, 520364).
cost(11, 13, 266199).
cost(11, 14, 341521).
cost(11, 15, 209811).
cost(11, 16, 332967).
cost(11, 17, 871690).
cost(11, 18, 238675).
cost(11, 19, 360639).
cost(11, 20, 203945).
cost(12, 1, 226704).
cost(12, 2, 634189).
cost(12, 3, 327511).
cost(12, 4, 300411).
cost(12, 5, 516682).
cost(12, 6, 610840).
cost(12, 7, 667177).
cost(12, 8, 101617).
cost(12, 9, 735951).
cost(12, 10, 546422).
cost(12, 11, 520364).
cost(12, 13, 374459).
cost(12, 14, 843447).
cost(12, 15, 312978).
cost(12, 16, 259736).
cost(12, 17, 394488).
cost(12, 18, 306158).
cost(12, 19, 217260).
cost(12, 20, 689567).
cost(13, 1, 267433).
cost(13, 2, 272593).
cost(13, 3, 426229).
cost(13, 4, 438727).
cost(13, 5, 311319).
cost(13, 6, 251521).
cost(13, 7, 293170).
cost(13, 8, 291315).
cost(13, 9, 382997).
cost(13, 10, 178175).
cost(13, 11, 266199).
cost(13, 12, 374459).
cost(13, 14, 506619).
cost(13, 15, 207949).
cost(13, 16, 116314).
cost(13, 17, 648952).
cost(13, 18, 107396).
cost(13, 19, 158838).
cost(13, 20, 469918).
cost(14, 1, 773842).
cost(14, 2, 244307).
cost(14, 3, 707281).
cost(14, 4, 743816).
cost(14, 5, 380996).
cost(14, 6, 437748).
cost(14, 7, 291093).
cost(14, 8, 781967).
cost(14, 9, 133721).
cost(14, 10, 422249).
cost(14, 11, 341521).
cost(14, 12, 843447).
cost(14, 13, 506619).
cost(14, 15, 545260).
cost(14, 16, 613196).
cost(14, 17, 1155554).
cost(14, 18, 539554).
cost(14, 19, 651402).
cost(14, 20, 311907).
cost(15, 1, 348679).
cost(15, 2, 370774).
cost(15, 3, 223167).
cost(15, 4, 242640).
cost(15, 5, 204764).
cost(15, 6, 442982).
cost(15, 7, 434053).
cost(15, 8, 283669).
cost(15, 9, 454293).
cost(15, 10, 364897).
cost(15, 11, 209811).
cost(15, 12, 312978).
cost(15, 13, 207949).
cost(15, 14, 545260).
cost(15, 16, 189766).
cost(15, 17, 681801).
cost(15, 18, 105983).
cost(15, 19, 196058).
cost(15, 20, 380132).
cost(16, 1, 174924).
cost(16, 2, 386010).
cost(16, 3, 373142).
cost(16, 4, 375320).
cost(16, 5, 359835).
cost(16, 6, 354256).
cost(16, 7, 409317).
cost(16, 8, 175151).
cost(16, 9, 494175).
cost(16, 10, 287115).
cost(16, 11, 332967).
cost(16, 12, 259736).
cost(16, 13, 116314).
cost(16, 14, 613196).
cost(16, 15, 189766).
cost(16, 17, 546283).
cost(16, 18, 97905).
cost(16, 19, 42698).
cost(16, 20, 532687).
cost(17, 1, 382324).
cost(17, 2, 918492).
cost(17, 3, 719525).
cost(17, 4, 688770).
cost(17, 5, 884203).
cost(17, 6, 807293).
cost(17, 7, 916182).
cost(17, 8, 398270).
cost(17, 9, 1030615).
cost(17, 10, 771923).
cost(17, 11, 871690).
cost(17, 12, 394488).
cost(17, 13, 648952).
cost(17, 14, 1155554).
cost(17, 15, 681801).
cost(17, 16, 546283).
cost(17, 18, 633933).
cost(17, 19, 512751).
cost(17, 20, 1060692).
cost(18, 1, 271511).
cost(18, 2, 329708).
cost(18, 3, 319168).
cost(18, 4, 331373).
cost(18, 5, 262095).
cost(18, 6, 355186).
cost(18, 7, 373567).
cost(18, 8, 244134).
cost(18, 9, 429796).
cost(18, 10, 279006).
cost(18, 11, 238675).
cost(18, 12, 306158).
cost(18, 13, 107396).
cost(18, 14, 539554).
cost(18, 15, 105983).
cost(18, 16, 97905).
cost(18, 17, 633933).
cost(18, 19, 121964).
cost(18, 20, 435817).
cost(19, 1, 153588).
cost(19, 2, 427064).
cost(19, 3, 356836).
cost(19, 4, 354594).
cost(19, 5, 381338).
cost(19, 6, 395266).
cost(19, 7, 451944).
cost(19, 8, 133278).
cost(19, 9, 534245).
cost(19, 10, 329261).
cost(19, 11, 360639).
cost(19, 12, 217260).
cost(19, 13, 158838).
cost(19, 14, 651402).
cost(19, 15, 196058).
cost(19, 16, 42698).
cost(19, 17, 512751).
cost(19, 18, 121964).
cost(19, 20, 556514).
cost(20, 1, 707255).
cost(20, 2, 350961).
cost(20, 3, 457924).
cost(20, 4, 499107).
cost(20, 5, 176527).
cost(20, 6, 558579).
cost(20, 7, 445086).
cost(20, 8, 662538).
cost(20, 9, 327177).
cost(20, 10, 500894).
cost(20, 11, 203945).
cost(20, 12, 689567).
cost(20, 13, 469918).
cost(20, 14, 311907).
cost(20, 15, 380132).
cost(20, 16, 532687).
cost(20, 17, 1060692).
cost(20, 18, 435817).
cost(20, 19, 556514).
nocross(1,4).
nocross(1,6).
nocross(1,13).
nocross(1,16).
nocross(1,19).
nocross(2,5).
nocross(2,13).
nocross(2,20).
nocross(3,5).
nocross(3,15).
nocross(4,3).
nocross(4,5).
nocross(4,15).
nocross(5,3).
nocross(5,4).
nocross(5,14).
nocross(5,15).
nocross(5,19).
nocross(5,20).
nocross(6,2).
nocross(6,5).
nocross(6,7).
nocross(6,10).
nocross(7,2).
nocross(7,5).
nocross(7,6).
nocross(7,9).
nocross(7,10).
nocross(8,1).
nocross(8,4).
nocross(8,15).
nocross(9,2).
nocross(9,5).
nocross(9,7).
nocross(9,20).
nocross(10,1).
nocross(10,5).
nocross(10,6).
nocross(10,7).
nocross(11,3).
nocross(11,13).
nocross(11,15).
nocross(12,3).
nocross(12,4).
nocross(12,15).
nocross(13,2).
nocross(13,5).
nocross(13,15).
nocross(13,16).
nocross(13,18).
nocross(14,7).
nocross(14,20).
nocross(15,5).
nocross(15,8).
nocross(16,1).
nocross(16,4).
nocross(16,5).
nocross(16,6).
nocross(16,13).
nocross(16,18).
nocross(17,1).
nocross(17,4).
nocross(17,8).
nocross(17,12).
nocross(17,15).
nocross(18,4).
nocross(18,5).
nocross(18,10).
nocross(18,13).
nocross(18,16).
nocross(18,19).
nocross(19,1).
nocross(19,4).
nocross(19,8).
nocross(19,13).
nocross(19,15).
nocross(19,16).
nocross(19,18).
nocross(20,3).
nocross(20,5).
nocross(20,11).
nocross(20,14).
