dimension(20).
point(1, 162986.0, 18605.0).
point(2, 69142.0, -17712.0).
point(3, 32950.0, 49840.0).
point(4, -241124.0, 313216.0).
point(5, -256077.0, 33706.0).
point(6, 20585.0, -40133.0).
point(7, 152184.0, 194353.0).
point(8, 206569.0, 220717.0).
point(9, 36539.0, -238669.0).
point(10, 228858.0, 10140.0).
point(11, 24344.0, -162945.0).
point(12, 129603.0, 201171.0).
point(13, -107162.0, 371905.0).
point(14, -52295.0, 180519.0).
point(15, -75832.0, 82632.0).
point(16, 425736.0, 282037.0).
point(17, -225975.0, 203775.0).
point(18, -94449.0, 373151.0).
point(19, 316436.0, 44147.0).
point(20, 78158.0, 69187.0).
cost(1, 2, 100626).
cost(1, 3, 133735).
cost(1, 4, 500101).
cost(1, 5, 419335).
cost(1, 6, 154040).
cost(1, 7, 176080).
cost(1, 8, 206758).
cost(1, 9, 286668).
cost(1, 10, 66414).
cost(1, 11, 228434).
cost(1, 12, 185593).
cost(1, 13, 444748).
cost(1, 14, 269373).
cost(1, 15, 247252).
cost(1, 16, 372067).
cost(1, 17, 430788).
cost(1, 18, 438150).
cost(1, 19, 155561).
cost(1, 20, 98764).
cost(2, 1, 100626).
cost(2, 3, 76636).
cost(2, 4, 453628).
cost(2, 5, 329259).
cost(2, 6, 53483).
cost(2, 7, 227744).
cost(2, 8, 275199).
cost(2, 9, 223349).
cost(2, 10, 162126).
cost(2, 11, 151985).
cost(2, 12, 227080).
cost(2, 13, 427650).
cost(2, 14, 232470).
cost(2, 15, 176313).
cost(2, 16, 465842).
cost(2, 17, 368986).
cost(2, 18, 423717).
cost(2, 19, 254913).
cost(2, 20, 87365).
cost(3, 1, 133735).
cost(3, 2, 76636).
cost(3, 4, 380110).
cost(3, 5, 289477).
cost(3, 6, 90819).
cost(3, 7, 187352).
cost(3, 8, 243603).
cost(3, 9, 288531).
cost(3, 10, 199890).
cost(3, 11, 212959).
cost(3, 12, 179563).
cost(3, 13, 351222).
cost(3, 14, 156025).
cost(3, 15, 113617).
cost(3, 16, 456285).
cost(3, 17, 301228).
cost(3, 18, 347506).
cost(3, 19, 283543).
cost(3, 20, 49174).
cost(4, 1, 500101).
cost(4, 2, 453628).
cost(4, 3, 380110).
cost(4, 5, 279910).
cost(4, 6, 439713).
cost(4, 7, 410877).
cost(4, 8, 457149).
cost(4, 9, 617798).
cost(4, 10, 559230).
cost(4, 11, 545163).
cost(4, 12, 387289).
cost(4, 13, 146254).
cost(4, 14, 230792).
cost(4, 15, 283708).
cost(4, 16, 667588).
cost(4, 17, 110484).
cost(4, 18, 158448).
cost(4, 19, 619089).
cost(4, 20, 401860).
cost(5, 1, 419335).
cost(5, 2, 329259).
cost(5, 3, 289477).
cost(5, 4, 279910).
cost(5, 6, 286346).
cost(5, 7, 438731).
cost(5, 8, 499013).
cost(5, 9, 399765).
cost(5, 10, 485507).
cost(5, 11, 342502).
cost(5, 12, 420468).
cost(5, 13, 369532).
cost(5, 14, 251160).
cost(5, 15, 186767).
cost(5, 16, 725629).
cost(5, 17, 172712).
cost(5, 18, 375961).
cost(5, 19, 572608).
cost(5, 20, 336113).
cost(6, 1, 154040).
cost(6, 2, 53483).
cost(6, 3, 90819).
cost(6, 4, 439713).
cost(6, 5, 286346).
cost(6, 7, 268890).
cost(6, 8, 320363).
cost(6, 9, 199176).
cost(6, 10, 214255).
cost(6, 11, 122870).
cost(6, 12, 264788).
cost(6, 13, 431387).
cost(6, 14, 232376).
cost(6, 15, 156101).
cost(6, 16, 517630).
cost(6, 17, 346818).
cost(6, 18, 428995).
cost(6, 19, 307621).
cost(6, 20, 123554).
cost(7, 1, 176080).
cost(7, 2, 227744).
cost(7, 3, 187352).
cost(7, 4, 410877).
cost(7, 5, 438731).
cost(7, 6, 268890).
cost(7, 8, 60438).
cost(7, 9, 448198).
cost(7, 10, 199533).
cost(7, 11, 379480).
cost(7, 12, 23588).
cost(7, 13, 314301).
cost(7, 14, 204946).
cost(7, 15, 253915).
cost(7, 16, 287262).
cost(7, 17, 378276).
cost(7, 18, 304625).
cost(7, 19, 222577).
cost(7, 20, 145418).
cost(8, 1, 206758).
cost(8, 2, 275199).
cost(8, 3, 243603).
cost(8, 4, 457149).
cost(8, 5, 499013).
cost(8, 6, 320363).
cost(8, 7, 60438).
cost(8, 9, 489843).
cost(8, 10, 211753).
cost(8, 11, 424738).
cost(8, 12, 79409).
cost(8, 13, 348260).
cost(8, 14, 261967).
cost(8, 15, 314353).
cost(8, 16, 227584).
cost(8, 17, 432876).
cost(8, 18, 337414).
cost(8, 19, 207961).
cost(8, 20, 198622).
cost(9, 1, 286668).
cost(9, 2, 223349).
cost(9, 3, 288531).
cost(9, 4, 617798).
cost(9, 5, 399765).
cost(9, 6, 199176).
cost(9, 7, 448198).
cost(9, 8, 489843).
cost(9, 10, 314472).
cost(9, 11, 76700).
cost(9, 12, 449578).
cost(9, 13, 627256).
cost(9, 14, 428497).
cost(9, 15, 340384).
cost(9, 16, 650084).
cost(9, 17, 514461).
cost(9, 18, 625685).
cost(9, 19, 397904).
cost(9, 20, 310656).
cost(10, 1, 66414).
cost(10, 2, 162126).
cost(10, 3, 199890).
cost(10, 4, 559230).
cost(10, 5, 485507).
cost(10, 6, 214255).
cost(10, 7, 199533).
cost(10, 8, 211753).
cost(10, 9, 314472).
cost(10, 11, 267926).
cost(10, 12, 215277).
cost(10, 13, 493744).
cost(10, 14, 328749).
cost(10, 15, 313195).
cost(10, 16, 335692).
cost(10, 17, 494335).
cost(10, 18, 486112).
cost(10, 19, 93949).
cost(10, 20, 161855).
cost(11, 1, 228434).
cost(11, 2, 151985).
cost(11, 3, 212959).
cost(11, 4, 545163).
cost(11, 5, 342502).
cost(11, 6, 122870).
cost(11, 7, 379480).
cost(11, 8, 424738).
cost(11, 9, 76700).
cost(11, 10, 267926).
cost(11, 12, 379025).
cost(11, 13, 550780).
cost(11, 14, 351911).
cost(11, 15, 265223).
cost(11, 16, 599270).
cost(11, 17, 444008).
cost(11, 18, 549100).
cost(11, 19, 358057).
cost(11, 20, 238288).
cost(12, 1, 185593).
cost(12, 2, 227080).
cost(12, 3, 179563).
cost(12, 4, 387289).
cost(12, 5, 420468).
cost(12, 6, 264788).
cost(12, 7, 23588).
cost(12, 8, 79409).
cost(12, 9, 449578).
cost(12, 10, 215277).
cost(12, 11, 379025).
cost(12, 13, 291904).
cost(12, 14, 183067).
cost(12, 15, 237181).
cost(12, 16, 306976).
cost(12, 17, 355588).
cost(12, 18, 282447).
cost(12, 19, 244056).
cost(12, 20, 141656).
cost(13, 1, 444748).
cost(13, 2, 427650).
cost(13, 3, 351222).
cost(13, 4, 146254).
cost(13, 5, 369532).
cost(13, 6, 431387).
cost(13, 7, 314301).
cost(13, 8, 348260).
cost(13, 9, 627256).
cost(13, 10, 493744).
cost(13, 11, 550780).
cost(13, 12, 291904).
cost(13, 14, 199095).
cost(13, 15, 290965).
cost(13, 16, 540423).
cost(13, 17, 205874).
cost(13, 18, 12774).
cost(13, 19, 535594).
cost(13, 20, 354939).
cost(14, 1, 269373).
cost(14, 2, 232470).
cost(14, 3, 156025).
cost(14, 4, 230792).
cost(14, 5, 251160).
cost(14, 6, 232376).
cost(14, 7, 204946).
cost(14, 8, 261967).
cost(14, 9, 428497).
cost(14, 10, 328749).
cost(14, 11, 351911).
cost(14, 12, 183067).
cost(14, 13, 199095).
cost(14, 15, 100677).
cost(14, 16, 488692).
cost(14, 17, 175230).
cost(14, 18, 197190).
cost(14, 19, 393141).
cost(14, 20, 171502).
cost(15, 1, 247252).
cost(15, 2, 176313).
cost(15, 3, 113617).
cost(15, 4, 283708).
cost(15, 5, 186767).
cost(15, 6, 156101).
cost(15, 7, 253915).
cost(15, 8, 314353).
cost(15, 9, 340384).
cost(15, 10, 313195).
cost(15, 11, 265223).
cost(15, 12, 237181).
cost(15, 13, 290965).
cost(15, 14, 100677).
cost(15, 16, 539753).
cost(15, 17, 192921).
cost(15, 18, 291115).
cost(15, 19, 394151).
cost(15, 20, 154576).
cost(16, 1, 372067).
cost(16, 2, 465842).
cost(16, 3, 456285).
cost(16, 4, 667588).
cost(16, 5, 725629).
cost(16, 6, 517630).
cost(16, 7, 287262).
cost(16, 8, 227584).
cost(16, 9, 650084).
cost(16, 10, 335692).
cost(16, 11, 599270).
cost(16, 12, 306976).
cost(16, 13, 540423).
cost(16, 14, 488692).
cost(16, 15, 539753).
cost(16, 17, 656393).
cost(16, 18, 528104).
cost(16, 19, 261798).
cost(16, 20, 407573).
cost(17, 1, 430788).
cost(17, 2, 368986).
cost(17, 3, 301228).
cost(17, 4, 110484).
cost(17, 5, 172712).
cost(17, 6, 346818).
cost(17, 7, 378276).
cost(17, 8, 432876).
cost(17, 9, 514461).
cost(17, 10, 494335).
cost(17, 11, 444008).
cost(17, 12, 355588).
cost(17, 13, 205874).
cost(17, 14, 175230).
cost(17, 15, 192921).
cost(17, 16, 656393).
cost(17, 18, 214447).
cost(17, 19, 565412).
cost(17, 20, 332582).
cost(18, 1, 438150).
cost(18, 2, 423717).
cost(18, 3, 347506).
cost(18, 4, 158448).
cost(18, 5, 375961).
cost(18, 6, 428995).
cost(18, 7, 304625).
cost(18, 8, 337414).
cost(18, 9, 625685).
cost(18, 10, 486112).
cost(18, 11, 549100).
cost(18, 12, 282447).
cost(18, 13, 12774).
cost(18, 14, 197190).
cost(18, 15, 291115).
cost(18, 16, 528104).
cost(18, 17, 214447).
cost(18, 19, 526375).
cost(18, 20, 349553).
cost(19, 1, 155561).
cost(19, 2, 254913).
cost(19, 3, 283543).
cost(19, 4, 619089).
cost(19, 5, 572608).
cost(19, 6, 307621).
cost(19, 7, 222577).
cost(19, 8, 207961).
cost(19, 9, 397904).
cost(19, 10, 93949).
cost(19, 11, 358057).
cost(19, 12, 244056).
cost(19, 13, 535594).
cost(19, 14, 393141).
cost(19, 15, 394151).
cost(19, 16, 261798).
cost(19, 17, 565412).
cost(19, 18, 526375).
cost(19, 20, 239590).
cost(20, 1, 98764).
cost(20, 2, 87365).
cost(20, 3, 49174).
cost(20, 4, 401860).
cost(20, 5, 336113).
cost(20, 6, 123554).
cost(20, 7, 145418).
cost(20, 8, 198622).
cost(20, 9, 310656).
cost(20, 10, 161855).
cost(20, 11, 238288).
cost(20, 12, 141656).
cost(20, 13, 354939).
cost(20, 14, 171502).
cost(20, 15, 154576).
cost(20, 16, 407573).
cost(20, 17, 332582).
cost(20, 18, 349553).
cost(20, 19, 239590).
nocross(1,7).
nocross(1,12).
nocross(1,14).
nocross(1,20).
nocross(2,9).
nocross(2,14).
nocross(2,15).
nocross(3,6).
nocross(3,12).
nocross(3,14).
nocross(3,19).
nocross(4,14).
nocross(5,12).
nocross(5,13).
nocross(5,14).
nocross(5,15).
nocross(5,18).
nocross(6,15).
nocross(6,20).
nocross(7,8).
nocross(7,12).
nocross(7,14).
nocross(7,18).
nocross(7,19).
nocross(8,7).
nocross(8,12).
nocross(8,16).
nocross(8,18).
nocross(8,19).
nocross(9,6).
nocross(10,12).
nocross(10,20).
nocross(11,6).
nocross(12,7).
nocross(12,13).
nocross(12,14).
nocross(12,18).
nocross(12,19).
nocross(12,20).
nocross(13,4).
nocross(13,12).
nocross(13,14).
nocross(13,20).
nocross(14,12).
nocross(14,13).
nocross(14,15).
nocross(14,18).
nocross(14,19).
nocross(15,4).
nocross(15,6).
nocross(15,12).
nocross(15,13).
nocross(15,18).
nocross(15,19).
nocross(15,20).
nocross(16,19).
nocross(17,4).
nocross(17,5).
nocross(17,12).
nocross(17,13).
nocross(17,14).
nocross(17,15).
nocross(17,18).
nocross(18,4).
nocross(18,12).
nocross(18,13).
nocross(18,14).
nocross(18,20).
nocross(19,1).
nocross(19,10).
nocross(19,12).
nocross(20,6).
nocross(20,14).
nocross(20,15).
nocross(20,19).
