dimension(20).
point(1, -212444.0, 354579.0).
point(2, 232704.0, 156390.0).
point(3, 94813.0, 95413.0).
point(4, 283310.0, -104030.0).
point(5, 14995.0, -62198.0).
point(6, -43467.0, -10069.0).
point(7, 230435.0, 51781.0).
point(8, 87374.0, 99781.0).
point(9, -347925.0, 15424.0).
point(10, -233585.0, 222786.0).
point(11, 60638.0, -260035.0).
point(12, -64707.0, 77995.0).
point(13, -256021.0, -218698.0).
point(14, -143195.0, 229546.0).
point(15, 113821.0, -84840.0).
point(16, -270841.0, -139027.0).
point(17, 314848.0, 28115.0).
point(18, 30208.0, -364239.0).
point(19, -135185.0, -157919.0).
point(20, 32550.0, 708361.0).
cost(1, 2, 487274).
cost(1, 3, 401963).
cost(1, 4, 675347).
cost(1, 5, 474796).
cost(1, 6, 401897).
cost(1, 7, 536496).
cost(1, 8, 393463).
cost(1, 9, 365214).
cost(1, 10, 133478).
cost(1, 11, 672550).
cost(1, 12, 313568).
cost(1, 13, 574931).
cost(1, 14, 142929).
cost(1, 15, 547301).
cost(1, 16, 497048).
cost(1, 17, 620174).
cost(1, 18, 758669).
cost(1, 19, 518289).
cost(1, 20, 430330).
cost(2, 1, 487274).
cost(2, 3, 150772).
cost(2, 4, 265291).
cost(2, 5, 308509).
cost(2, 6, 322458).
cost(2, 7, 104634).
cost(2, 8, 155966).
cost(2, 9, 597496).
cost(2, 10, 470992).
cost(2, 11, 450574).
cost(2, 12, 307570).
cost(2, 13, 616071).
cost(2, 14, 382952).
cost(2, 15, 268933).
cost(2, 16, 583805).
cost(2, 17, 152322).
cost(2, 18, 558623).
cost(2, 19, 483872).
cost(2, 20, 587140).
cost(3, 1, 401963).
cost(3, 2, 150772).
cost(3, 4, 274424).
cost(3, 5, 176670).
cost(3, 6, 173919).
cost(3, 7, 142468).
cost(3, 8, 8627).
cost(3, 9, 449906).
cost(3, 10, 352234).
cost(3, 11, 357087).
cost(3, 12, 160468).
cost(3, 13, 470904).
cost(3, 14, 273202).
cost(3, 15, 181252).
cost(3, 16, 434356).
cost(3, 17, 230097).
cost(3, 18, 464170).
cost(3, 19, 342164).
cost(3, 20, 616102).
cost(4, 1, 675347).
cost(4, 2, 265291).
cost(4, 3, 274424).
cost(4, 5, 271556).
cost(4, 6, 340017).
cost(4, 7, 164538).
cost(4, 8, 282719).
cost(4, 9, 642438).
cost(4, 10, 611547).
cost(4, 11, 271883).
cost(4, 12, 392745).
cost(4, 13, 551386).
cost(4, 14, 541460).
cost(4, 15, 170572).
cost(4, 16, 555255).
cost(4, 17, 135856).
cost(4, 18, 363000).
cost(4, 19, 421950).
cost(4, 20, 850212).
cost(5, 1, 474796).
cost(5, 2, 308509).
cost(5, 3, 176670).
cost(5, 4, 271556).
cost(5, 6, 78328).
cost(5, 7, 243733).
cost(5, 8, 177415).
cost(5, 9, 371128).
cost(5, 10, 378164).
cost(5, 11, 203034).
cost(5, 12, 161265).
cost(5, 13, 312957).
cost(5, 14, 331871).
cost(5, 15, 101387).
cost(5, 16, 295981).
cost(5, 17, 313159).
cost(5, 18, 302424).
cost(5, 19, 178091).
cost(5, 20, 770759).
cost(6, 1, 401897).
cost(6, 2, 322458).
cost(6, 3, 173919).
cost(6, 4, 340017).
cost(6, 5, 78328).
cost(6, 7, 280798).
cost(6, 8, 170840).
cost(6, 9, 305523).
cost(6, 10, 300610).
cost(6, 11, 270778).
cost(6, 12, 90589).
cost(6, 13, 297834).
cost(6, 14, 259540).
cost(6, 15, 174156).
cost(6, 16, 261398).
cost(6, 17, 360344).
cost(6, 18, 361752).
cost(6, 19, 173988).
cost(6, 20, 722440).
cost(7, 1, 536496).
cost(7, 2, 104634).
cost(7, 3, 142468).
cost(7, 4, 164538).
cost(7, 5, 243733).
cost(7, 6, 280798).
cost(7, 8, 150899).
cost(7, 9, 579502).
cost(7, 10, 494527).
cost(7, 11, 355050).
cost(7, 12, 296304).
cost(7, 13, 556595).
cost(7, 14, 413763).
cost(7, 15, 179622).
cost(7, 16, 536363).
cost(7, 17, 87668).
cost(7, 18, 461696).
cost(7, 19, 421488).
cost(7, 20, 685752).
cost(8, 1, 393463).
cost(8, 2, 155966).
cost(8, 3, 8627).
cost(8, 4, 282719).
cost(8, 5, 177415).
cost(8, 6, 170840).
cost(8, 7, 150899).
cost(8, 9, 443397).
cost(8, 10, 343722).
cost(8, 11, 360808).
cost(8, 12, 153634).
cost(8, 13, 468347).
cost(8, 14, 264577).
cost(8, 15, 186506).
cost(8, 16, 430520).
cost(8, 17, 238496).
cost(8, 18, 467528).
cost(8, 19, 340502).
cost(8, 20, 611044).
cost(9, 1, 365214).
cost(9, 2, 597496).
cost(9, 3, 449906).
cost(9, 4, 642438).
cost(9, 5, 371128).
cost(9, 6, 305523).
cost(9, 7, 579502).
cost(9, 8, 443397).
cost(9, 10, 236797).
cost(9, 11, 492749).
cost(9, 12, 290048).
cost(9, 13, 251514).
cost(9, 14, 296248).
cost(9, 15, 472506).
cost(9, 16, 172618).
cost(9, 17, 662894).
cost(9, 18, 535844).
cost(9, 19, 274420).
cost(9, 20, 790521).
cost(10, 1, 133478).
cost(10, 2, 470992).
cost(10, 3, 352234).
cost(10, 4, 611547).
cost(10, 5, 378164).
cost(10, 6, 300610).
cost(10, 7, 494527).
cost(10, 8, 343722).
cost(10, 9, 236797).
cost(10, 11, 565405).
cost(10, 12, 222450).
cost(10, 13, 442054).
cost(10, 14, 90642).
cost(10, 15, 464031).
cost(10, 16, 363726).
cost(10, 17, 581958).
cost(10, 18, 643572).
cost(10, 19, 393216).
cost(10, 20, 553725).
cost(11, 1, 672550).
cost(11, 2, 450574).
cost(11, 3, 357087).
cost(11, 4, 271883).
cost(11, 5, 203034).
cost(11, 6, 270778).
cost(11, 7, 355050).
cost(11, 8, 360808).
cost(11, 9, 492749).
cost(11, 10, 565405).
cost(11, 12, 360521).
cost(11, 13, 319346).
cost(11, 14, 530318).
cost(11, 15, 183089).
cost(11, 16, 352876).
cost(11, 17, 384257).
cost(11, 18, 108556).
cost(11, 19, 220849).
cost(11, 20, 968803).
cost(12, 1, 313568).
cost(12, 2, 307570).
cost(12, 3, 160468).
cost(12, 4, 392745).
cost(12, 5, 161265).
cost(12, 6, 90589).
cost(12, 7, 296304).
cost(12, 8, 153634).
cost(12, 9, 290048).
cost(12, 10, 222450).
cost(12, 11, 360521).
cost(12, 13, 353027).
cost(12, 14, 170669).
cost(12, 15, 241635).
cost(12, 16, 299316).
cost(12, 17, 382819).
cost(12, 18, 452305).
cost(12, 19, 246216).
cost(12, 20, 637825).
cost(13, 1, 574931).
cost(13, 2, 616071).
cost(13, 3, 470904).
cost(13, 4, 551386).
cost(13, 5, 312957).
cost(13, 6, 297834).
cost(13, 7, 556595).
cost(13, 8, 468347).
cost(13, 9, 251514).
cost(13, 10, 442054).
cost(13, 11, 319346).
cost(13, 12, 353027).
cost(13, 14, 462225).
cost(13, 15, 393321).
cost(13, 16, 81038).
cost(13, 17, 621939).
cost(13, 18, 321106).
cost(13, 19, 135261).
cost(13, 20, 970933).
cost(14, 1, 142929).
cost(14, 2, 382952).
cost(14, 3, 273202).
cost(14, 4, 541460).
cost(14, 5, 331871).
cost(14, 6, 259540).
cost(14, 7, 413763).
cost(14, 8, 264577).
cost(14, 9, 296248).
cost(14, 10, 90642).
cost(14, 11, 530318).
cost(14, 12, 170669).
cost(14, 13, 462225).
cost(14, 15, 406074).
cost(14, 16, 390051).
cost(14, 17, 500378).
cost(14, 18, 618586).
cost(14, 19, 387548).
cost(14, 20, 510049).
cost(15, 1, 547301).
cost(15, 2, 268933).
cost(15, 3, 181252).
cost(15, 4, 170572).
cost(15, 5, 101387).
cost(15, 6, 174156).
cost(15, 7, 179622).
cost(15, 8, 186506).
cost(15, 9, 472506).
cost(15, 10, 464031).
cost(15, 11, 183089).
cost(15, 12, 241635).
cost(15, 13, 393321).
cost(15, 14, 406074).
cost(15, 16, 388460).
cost(15, 17, 230588).
cost(15, 18, 291642).
cost(15, 19, 259508).
cost(15, 20, 797354).
cost(16, 1, 497048).
cost(16, 2, 583805).
cost(16, 3, 434356).
cost(16, 4, 555255).
cost(16, 5, 295981).
cost(16, 6, 261398).
cost(16, 7, 536363).
cost(16, 8, 430520).
cost(16, 9, 172618).
cost(16, 10, 363726).
cost(16, 11, 352876).
cost(16, 12, 299316).
cost(16, 13, 81038).
cost(16, 14, 390051).
cost(16, 15, 388460).
cost(16, 17, 609071).
cost(16, 18, 375967).
cost(16, 19, 136965).
cost(16, 20, 900063).
cost(17, 1, 620174).
cost(17, 2, 152322).
cost(17, 3, 230097).
cost(17, 4, 135856).
cost(17, 5, 313159).
cost(17, 6, 360344).
cost(17, 7, 87668).
cost(17, 8, 238496).
cost(17, 9, 662894).
cost(17, 10, 581958).
cost(17, 11, 384257).
cost(17, 12, 382819).
cost(17, 13, 621939).
cost(17, 14, 500378).
cost(17, 15, 230588).
cost(17, 16, 609071).
cost(17, 18, 484728).
cost(17, 19, 486969).
cost(17, 20, 736496).
cost(18, 1, 758669).
cost(18, 2, 558623).
cost(18, 3, 464170).
cost(18, 4, 363000).
cost(18, 5, 302424).
cost(18, 6, 361752).
cost(18, 7, 461696).
cost(18, 8, 467528).
cost(18, 9, 535844).
cost(18, 10, 643572).
cost(18, 11, 108556).
cost(18, 12, 452305).
cost(18, 13, 321106).
cost(18, 14, 618586).
cost(18, 15, 291642).
cost(18, 16, 375967).
cost(18, 17, 484728).
cost(18, 19, 264429).
cost(18, 20, 1072603).
cost(19, 1, 518289).
cost(19, 2, 483872).
cost(19, 3, 342164).
cost(19, 4, 421950).
cost(19, 5, 178091).
cost(19, 6, 173988).
cost(19, 7, 421488).
cost(19, 8, 340502).
cost(19, 9, 274420).
cost(19, 10, 393216).
cost(19, 11, 220849).
cost(19, 12, 246216).
cost(19, 13, 135261).
cost(19, 14, 387548).
cost(19, 15, 259508).
cost(19, 16, 136965).
cost(19, 17, 486969).
cost(19, 18, 264429).
cost(19, 20, 882370).
cost(20, 1, 430330).
cost(20, 2, 587140).
cost(20, 3, 616102).
cost(20, 4, 850212).
cost(20, 5, 770759).
cost(20, 6, 722440).
cost(20, 7, 685752).
cost(20, 8, 611044).
cost(20, 9, 790521).
cost(20, 10, 553725).
cost(20, 11, 968803).
cost(20, 12, 637825).
cost(20, 13, 970933).
cost(20, 14, 510049).
cost(20, 15, 797354).
cost(20, 16, 900063).
cost(20, 17, 736496).
cost(20, 18, 1072603).
cost(20, 19, 882370).
nocross(1,10).
nocross(1,14).
nocross(2,5).
nocross(2,6).
nocross(2,11).
nocross(2,14).
nocross(2,17).
nocross(2,18).
nocross(3,2).
nocross(3,5).
nocross(3,6).
nocross(3,12).
nocross(3,15).
nocross(4,5).
nocross(4,6).
nocross(4,11).
nocross(4,17).
nocross(4,18).
nocross(5,6).
nocross(5,12).
nocross(5,14).
nocross(6,5).
nocross(6,12).
nocross(6,14).
nocross(7,5).
nocross(7,6).
nocross(7,11).
nocross(7,12).
nocross(7,15).
nocross(7,18).
nocross(7,20).
nocross(8,5).
nocross(8,6).
nocross(8,12).
nocross(8,15).
nocross(9,5).
nocross(9,6).
nocross(9,12).
nocross(9,13).
nocross(9,16).
nocross(9,19).
nocross(10,6).
nocross(10,9).
nocross(10,12).
nocross(10,14).
nocross(11,5).
nocross(11,6).
nocross(11,13).
nocross(11,15).
nocross(11,18).
nocross(11,19).
nocross(12,5).
nocross(12,6).
nocross(12,14).
nocross(13,5).
nocross(13,6).
nocross(13,15).
nocross(13,16).
nocross(13,18).
nocross(13,19).
nocross(14,2).
nocross(14,5).
nocross(14,6).
nocross(14,12).
nocross(14,19).
nocross(15,5).
nocross(15,6).
nocross(15,11).
nocross(15,12).
nocross(16,5).
nocross(16,6).
nocross(16,12).
nocross(16,13).
nocross(17,2).
nocross(17,4).
nocross(17,5).
nocross(17,6).
nocross(17,11).
nocross(17,12).
nocross(17,15).
nocross(17,18).
nocross(18,5).
nocross(18,15).
nocross(19,5).
nocross(19,6).
nocross(19,11).
nocross(19,14).
nocross(19,15).
nocross(20,1).
nocross(20,14).
nocross(20,16).
