dimension(20).
point(1, 195598.0, -145895.0).
point(2, -181928.0, 57236.0).
point(3, 231191.0, -184430.0).
point(4, 118417.0, 234041.0).
point(5, -113234.0, 57273.0).
point(6, 123422.0, 1017912.0).
point(7, 223789.0, 183069.0).
point(8, -232439.0, -144970.0).
point(9, 283018.0, -198151.0).
point(10, -101418.0, -261124.0).
point(11, 58252.0, -69622.0).
point(12, -113292.0, -91788.0).
point(13, -129546.0, 57884.0).
point(14, -310337.0, -135910.0).
point(15, -155073.0, -91246.0).
point(16, 64917.0, -123079.0).
point(17, 276966.0, 266831.0).
point(18, 40868.0, -168069.0).
point(19, 30362.0, 66070.0).
point(20, -191238.0, 482272.0).
cost(1, 2, 428705).
cost(1, 3, 52458).
cost(1, 4, 387696).
cost(1, 5, 369668).
cost(1, 6, 1166043).
cost(1, 7, 330170).
cost(1, 8, 428038).
cost(1, 9, 101848).
cost(1, 10, 318585).
cost(1, 11, 157103).
cost(1, 12, 313593).
cost(1, 13, 383725).
cost(1, 14, 506034).
cost(1, 15, 354904).
cost(1, 16, 132658).
cost(1, 17, 420670).
cost(1, 18, 156311).
cost(1, 19, 268760).
cost(1, 20, 737723).
cost(2, 1, 428705).
cost(2, 3, 478612).
cost(2, 4, 348521).
cost(2, 5, 68694).
cost(2, 6, 1008036).
cost(2, 7, 424783).
cost(2, 8, 208419).
cost(2, 9, 530469).
cost(2, 10, 328382).
cost(2, 11, 271624).
cost(2, 12, 164070).
cost(2, 13, 52386).
cost(2, 14, 231936).
cost(2, 15, 150891).
cost(2, 16, 305689).
cost(2, 17, 504494).
cost(2, 18, 316860).
cost(2, 19, 212474).
cost(2, 20, 425138).
cost(3, 1, 52458).
cost(3, 2, 478612).
cost(3, 4, 433400).
cost(3, 5, 420772).
cost(3, 6, 1207162).
cost(3, 7, 367574).
cost(3, 8, 465306).
cost(3, 9, 53613).
cost(3, 10, 341337).
cost(3, 11, 207578).
cost(3, 12, 356723).
cost(3, 13, 434566).
cost(3, 14, 543697).
cost(3, 15, 397345).
cost(3, 16, 177231).
cost(3, 17, 453577).
cost(3, 18, 191025).
cost(3, 19, 321065).
cost(3, 20, 789264).
cost(4, 1, 387696).
cost(4, 2, 348521).
cost(4, 3, 433400).
cost(4, 5, 291392).
cost(4, 6, 783887).
cost(4, 7, 117053).
cost(4, 8, 516478).
cost(4, 9, 462475).
cost(4, 10, 541771).
cost(4, 11, 309566).
cost(4, 12, 399817).
cost(4, 13, 304166).
cost(4, 14, 566298).
cost(4, 15, 424980).
cost(4, 16, 361105).
cost(4, 17, 161904).
cost(4, 18, 409520).
cost(4, 19, 189652).
cost(4, 20, 396869).
cost(5, 1, 369668).
cost(5, 2, 68694).
cost(5, 3, 420772).
cost(5, 4, 291392).
cost(5, 6, 989360).
cost(5, 7, 359735).
cost(5, 8, 234760).
cost(5, 9, 471441).
cost(5, 10, 318616).
cost(5, 11, 213330).
cost(5, 12, 149061).
cost(5, 13, 16323).
cost(5, 14, 275988).
cost(5, 15, 154300).
cost(5, 16, 253505).
cost(5, 17, 442911).
cost(5, 18, 272995).
cost(5, 19, 143865).
cost(5, 20, 432098).
cost(6, 1, 1166043).
cost(6, 2, 1008036).
cost(6, 3, 1207162).
cost(6, 4, 783887).
cost(6, 5, 989360).
cost(6, 7, 840855).
cost(6, 8, 1216113).
cost(6, 9, 1226491).
cost(6, 10, 1298648).
cost(6, 11, 1089485).
cost(6, 12, 1134666).
cost(6, 13, 992797).
cost(6, 14, 1232661).
cost(6, 15, 1143587).
cost(6, 16, 1142490).
cost(6, 17, 766615).
cost(6, 18, 1188851).
cost(6, 19, 956380).
cost(6, 20, 621226).
cost(7, 1, 330170).
cost(7, 2, 424783).
cost(7, 3, 367574).
cost(7, 4, 117053).
cost(7, 5, 359735).
cost(7, 6, 840855).
cost(7, 8, 561920).
cost(7, 9, 385794).
cost(7, 10, 550515).
cost(7, 11, 302085).
cost(7, 12, 434937).
cost(7, 13, 374856).
cost(7, 14, 622124).
cost(7, 15, 467745).
cost(7, 16, 344916).
cost(7, 17, 99216).
cost(7, 18, 395927).
cost(7, 19, 226059).
cost(7, 20, 511634).
cost(8, 1, 428038).
cost(8, 2, 208419).
cost(8, 3, 465306).
cost(8, 4, 516478).
cost(8, 5, 234760).
cost(8, 6, 1216113).
cost(8, 7, 561920).
cost(8, 9, 518193).
cost(8, 10, 175095).
cost(8, 11, 300297).
cost(8, 12, 130477).
cost(8, 13, 227457).
cost(8, 14, 78423).
cost(8, 15, 94190).
cost(8, 16, 298161).
cost(8, 17, 655037).
cost(8, 18, 274281).
cost(8, 19, 337049).
cost(8, 20, 628594).
cost(9, 1, 101848).
cost(9, 2, 530469).
cost(9, 3, 53613).
cost(9, 4, 462475).
cost(9, 5, 471441).
cost(9, 6, 1226491).
cost(9, 7, 385794).
cost(9, 8, 518193).
cost(9, 10, 389560).
cost(9, 11, 258920).
cost(9, 12, 410335).
cost(9, 13, 485554).
cost(9, 14, 596611).
cost(9, 15, 450946).
cost(9, 16, 230660).
cost(9, 17, 465021).
cost(9, 18, 244011).
cost(9, 19, 365579).
cost(9, 20, 829394).
cost(10, 1, 318585).
cost(10, 2, 328382).
cost(10, 3, 341337).
cost(10, 4, 541771).
cost(10, 5, 318616).
cost(10, 6, 1298648).
cost(10, 7, 550515).
cost(10, 8, 175095).
cost(10, 9, 389560).
cost(10, 11, 249334).
cost(10, 12, 169752).
cost(10, 13, 320246).
cost(10, 14, 243569).
cost(10, 15, 178150).
cost(10, 16, 216157).
cost(10, 17, 649547).
cost(10, 18, 170013).
cost(10, 19, 352735).
cost(10, 20, 748803).
cost(11, 1, 157103).
cost(11, 2, 271624).
cost(11, 3, 207578).
cost(11, 4, 309566).
cost(11, 5, 213330).
cost(11, 6, 1089485).
cost(11, 7, 302085).
cost(11, 8, 300297).
cost(11, 9, 258920).
cost(11, 10, 249334).
cost(11, 12, 172970).
cost(11, 13, 226993).
cost(11, 14, 374502).
cost(11, 15, 214418).
cost(11, 16, 53871).
cost(11, 17, 401293).
cost(11, 18, 99970).
cost(11, 19, 138529).
cost(11, 20, 605667).
cost(12, 1, 313593).
cost(12, 2, 164070).
cost(12, 3, 356723).
cost(12, 4, 399817).
cost(12, 5, 149061).
cost(12, 6, 1134666).
cost(12, 7, 434937).
cost(12, 8, 130477).
cost(12, 9, 410335).
cost(12, 10, 169752).
cost(12, 11, 172970).
cost(12, 13, 150552).
cost(12, 14, 201924).
cost(12, 15, 41785).
cost(12, 16, 180935).
cost(12, 17, 530008).
cost(12, 18, 172000).
cost(12, 19, 213438).
cost(12, 20, 579328).
cost(13, 1, 383725).
cost(13, 2, 52386).
cost(13, 3, 434566).
cost(13, 4, 304166).
cost(13, 5, 16323).
cost(13, 6, 992797).
cost(13, 7, 374856).
cost(13, 8, 227457).
cost(13, 9, 485554).
cost(13, 10, 320246).
cost(13, 11, 226993).
cost(13, 12, 150552).
cost(13, 14, 265031).
cost(13, 15, 151299).
cost(13, 16, 265638).
cost(13, 17, 457068).
cost(13, 18, 283012).
cost(13, 19, 160117).
cost(13, 20, 428849).
cost(14, 1, 506034).
cost(14, 2, 231936).
cost(14, 3, 543697).
cost(14, 4, 566298).
cost(14, 5, 275988).
cost(14, 6, 1232661).
cost(14, 7, 622124).
cost(14, 8, 78423).
cost(14, 9, 596611).
cost(14, 10, 243569).
cost(14, 11, 374502).
cost(14, 12, 201924).
cost(14, 13, 265031).
cost(14, 15, 161560).
cost(14, 16, 375473).
cost(14, 17, 712127).
cost(14, 18, 352674).
cost(14, 19, 396070).
cost(14, 20, 629550).
cost(15, 1, 354904).
cost(15, 2, 150891).
cost(15, 3, 397345).
cost(15, 4, 424980).
cost(15, 5, 154300).
cost(15, 6, 1143587).
cost(15, 7, 467745).
cost(15, 8, 94190).
cost(15, 9, 450946).
cost(15, 10, 178150).
cost(15, 11, 214418).
cost(15, 12, 41785).
cost(15, 13, 151299).
cost(15, 14, 161560).
cost(15, 16, 222281).
cost(15, 17, 561139).
cost(15, 18, 210463).
cost(15, 19, 243176).
cost(15, 20, 574657).
cost(16, 1, 132658).
cost(16, 2, 305689).
cost(16, 3, 177231).
cost(16, 4, 361105).
cost(16, 5, 253505).
cost(16, 6, 1142490).
cost(16, 7, 344916).
cost(16, 8, 298161).
cost(16, 9, 230660).
cost(16, 10, 216157).
cost(16, 11, 53871).
cost(16, 12, 180935).
cost(16, 13, 265638).
cost(16, 14, 375473).
cost(16, 15, 222281).
cost(16, 17, 443841).
cost(16, 18, 51014).
cost(16, 19, 192279).
cost(16, 20, 657317).
cost(17, 1, 420670).
cost(17, 2, 504494).
cost(17, 3, 453577).
cost(17, 4, 161904).
cost(17, 5, 442911).
cost(17, 6, 766615).
cost(17, 7, 99216).
cost(17, 8, 655037).
cost(17, 9, 465021).
cost(17, 10, 649547).
cost(17, 11, 401293).
cost(17, 12, 530008).
cost(17, 13, 457068).
cost(17, 14, 712127).
cost(17, 15, 561139).
cost(17, 16, 443841).
cost(17, 18, 494854).
cost(17, 19, 317991).
cost(17, 20, 515393).
cost(18, 1, 156311).
cost(18, 2, 316860).
cost(18, 3, 191025).
cost(18, 4, 409520).
cost(18, 5, 272995).
cost(18, 6, 1188851).
cost(18, 7, 395927).
cost(18, 8, 274281).
cost(18, 9, 244011).
cost(18, 10, 170013).
cost(18, 11, 99970).
cost(18, 12, 172000).
cost(18, 13, 283012).
cost(18, 14, 352674).
cost(18, 15, 210463).
cost(18, 16, 51014).
cost(18, 17, 494854).
cost(18, 19, 234375).
cost(18, 20, 690519).
cost(19, 1, 268760).
cost(19, 2, 212474).
cost(19, 3, 321065).
cost(19, 4, 189652).
cost(19, 5, 143865).
cost(19, 6, 956380).
cost(19, 7, 226059).
cost(19, 8, 337049).
cost(19, 9, 365579).
cost(19, 10, 352735).
cost(19, 11, 138529).
cost(19, 12, 213438).
cost(19, 13, 160117).
cost(19, 14, 396070).
cost(19, 15, 243176).
cost(19, 16, 192279).
cost(19, 17, 317991).
cost(19, 18, 234375).
cost(19, 20, 471520).
cost(20, 1, 737723).
cost(20, 2, 425138).
cost(20, 3, 789264).
cost(20, 4, 396869).
cost(20, 5, 432098).
cost(20, 6, 621226).
cost(20, 7, 511634).
cost(20, 8, 628594).
cost(20, 9, 829394).
cost(20, 10, 748803).
cost(20, 11, 605667).
cost(20, 12, 579328).
cost(20, 13, 428849).
cost(20, 14, 629550).
cost(20, 15, 574657).
cost(20, 16, 657317).
cost(20, 17, 515393).
cost(20, 18, 690519).
cost(20, 19, 471520).
nocross(1,3).
nocross(1,5).
nocross(1,11).
nocross(1,16).
nocross(1,18).
nocross(2,5).
nocross(2,11).
nocross(2,13).
nocross(2,18).
nocross(3,1).
nocross(3,5).
nocross(3,9).
nocross(3,11).
nocross(3,16).
nocross(3,18).
nocross(4,5).
nocross(4,7).
nocross(4,11).
nocross(4,13).
nocross(4,16).
nocross(4,19).
nocross(5,4).
nocross(5,11).
nocross(5,14).
nocross(5,18).
nocross(6,20).
nocross(7,5).
nocross(7,11).
nocross(7,16).
nocross(7,19).
nocross(8,2).
nocross(8,5).
nocross(8,10).
nocross(8,14).
nocross(8,18).
nocross(9,1).
nocross(9,5).
nocross(9,18).
nocross(10,3).
nocross(10,11).
nocross(10,18).
nocross(10,19).
nocross(11,1).
nocross(11,5).
nocross(12,5).
nocross(12,11).
nocross(12,16).
nocross(12,18).
nocross(13,2).
nocross(13,5).
nocross(13,11).
nocross(13,18).
nocross(14,5).
nocross(14,15).
nocross(14,18).
nocross(15,2).
nocross(15,5).
nocross(15,8).
nocross(15,11).
nocross(15,16).
nocross(15,18).
nocross(16,1).
nocross(16,5).
nocross(16,11).
nocross(16,18).
nocross(17,4).
nocross(17,7).
nocross(17,19).
nocross(18,5).
nocross(18,11).
nocross(19,4).
nocross(19,5).
nocross(19,18).
nocross(20,2).
nocross(20,5).
nocross(20,13).
nocross(20,18).
