dimension(20).
point(1, -393332.0, -2003.0).
point(2, 93642.0, -279487.0).
point(3, -350289.0, 73628.0).
point(4, -191000.0, 14991.0).
point(5, 182630.0, -166167.0).
point(6, 98602.0, -608951.0).
point(7, 187405.0, -118083.0).
point(8, 225148.0, 366226.0).
point(9, 81720.0, -136098.0).
point(10, -137240.0, -224950.0).
point(11, 35376.0, 30731.0).
point(12, 87319.0, 303290.0).
point(13, -417073.0, -228892.0).
point(14, 394781.0, 255203.0).
point(15, 40205.0, -20448.0).
point(16, -196837.0, 209701.0).
point(17, 309754.0, -177283.0).
point(18, 273562.0, 44131.0).
point(19, -154550.0, -174700.0).
point(20, 36256.0, 395285.0).
cost(1, 2, 560483).
cost(1, 3, 87022).
cost(1, 4, 203044).
cost(1, 5, 598901).
cost(1, 6, 781271).
cost(1, 7, 592225).
cost(1, 8, 719799).
cost(1, 9, 493615).
cost(1, 10, 339542).
cost(1, 11, 429956).
cost(1, 12, 569411).
cost(1, 13, 228128).
cost(1, 14, 829022).
cost(1, 15, 433929).
cost(1, 16, 288841).
cost(1, 17, 724605).
cost(1, 18, 668488).
cost(1, 19, 294688).
cost(1, 20, 585136).
cost(2, 1, 560483).
cost(2, 3, 567243).
cost(2, 4, 409559).
cost(2, 5, 144084).
cost(2, 6, 329501).
cost(2, 7, 186662).
cost(2, 8, 658968).
cost(2, 9, 143884).
cost(2, 10, 237236).
cost(2, 11, 315642).
cost(2, 12, 582811).
cost(2, 13, 513215).
cost(2, 14, 613660).
cost(2, 15, 264493).
cost(2, 16, 568931).
cost(2, 17, 239061).
cost(2, 18, 370270).
cost(2, 19, 269406).
cost(2, 20, 677208).
cost(3, 1, 87022).
cost(3, 2, 567243).
cost(3, 4, 169739).
cost(3, 5, 584384).
cost(3, 6, 816956).
cost(3, 7, 570848).
cost(3, 8, 645555).
cost(3, 9, 480226).
cost(3, 10, 366795).
cost(3, 11, 388043).
cost(3, 12, 494212).
cost(3, 13, 309804).
cost(3, 14, 766876).
cost(3, 15, 401666).
cost(3, 16, 205094).
cost(3, 17, 706125).
cost(3, 18, 624548).
cost(3, 19, 316197).
cost(3, 20, 502872).
cost(4, 1, 203044).
cost(4, 2, 409559).
cost(4, 3, 169739).
cost(4, 5, 415232).
cost(4, 6, 687876).
cost(4, 7, 401122).
cost(4, 8, 544560).
cost(4, 9, 311776).
cost(4, 10, 245890).
cost(4, 11, 226923).
cost(4, 12, 400722).
cost(4, 13, 332548).
cost(4, 14, 633120).
cost(4, 15, 233905).
cost(4, 16, 194797).
cost(4, 17, 536399).
cost(4, 18, 465475).
cost(4, 19, 193161).
cost(4, 20, 443022).
cost(5, 1, 598901).
cost(5, 2, 144084).
cost(5, 3, 584384).
cost(5, 4, 415232).
cost(5, 6, 450687).
cost(5, 7, 48321).
cost(5, 8, 534088).
cost(5, 9, 105295).
cost(5, 10, 325226).
cost(5, 11, 245871).
cost(5, 12, 479035).
cost(5, 13, 602974).
cost(5, 14, 471763).
cost(5, 15, 203762).
cost(5, 16, 534109).
cost(5, 17, 127609).
cost(5, 18, 229115).
cost(5, 19, 337288).
cost(5, 20, 580219).
cost(6, 1, 781271).
cost(6, 2, 329501).
cost(6, 3, 816956).
cost(6, 4, 687876).
cost(6, 5, 450687).
cost(6, 7, 498836).
cost(6, 8, 983353).
cost(6, 9, 473154).
cost(6, 10, 450642).
cost(6, 11, 642799).
cost(6, 12, 912311).
cost(6, 13, 640598).
cost(6, 14, 913501).
cost(6, 15, 591393).
cost(6, 16, 870331).
cost(6, 17, 480544).
cost(6, 18, 676112).
cost(6, 19, 502653).
cost(6, 20, 1006169).
cost(7, 1, 592225).
cost(7, 2, 186662).
cost(7, 3, 570848).
cost(7, 4, 401122).
cost(7, 5, 48321).
cost(7, 6, 498836).
cost(7, 8, 485777).
cost(7, 9, 107209).
cost(7, 10, 341782).
cost(7, 11, 212740).
cost(7, 12, 433096).
cost(7, 13, 614550).
cost(7, 14, 427021).
cost(7, 15, 176636).
cost(7, 16, 505059).
cost(7, 17, 135919).
cost(7, 18, 183675).
cost(7, 19, 346610).
cost(7, 20, 535157).
cost(8, 1, 719799).
cost(8, 2, 658968).
cost(8, 3, 645555).
cost(8, 4, 544560).
cost(8, 5, 534088).
cost(8, 6, 983353).
cost(8, 7, 485777).
cost(8, 9, 522399).
cost(8, 10, 693408).
cost(8, 11, 385448).
cost(8, 12, 151518).
cost(8, 13, 875565).
cost(8, 14, 202735).
cost(8, 15, 428627).
cost(8, 16, 450079).
cost(8, 17, 550055).
cost(8, 18, 325713).
cost(8, 19, 660887).
cost(8, 20, 191114).
cost(9, 1, 493615).
cost(9, 2, 143884).
cost(9, 3, 480226).
cost(9, 4, 311776).
cost(9, 5, 105295).
cost(9, 6, 473154).
cost(9, 7, 107209).
cost(9, 8, 522399).
cost(9, 10, 236301).
cost(9, 11, 173146).
cost(9, 12, 439424).
cost(9, 13, 507351).
cost(9, 14, 501122).
cost(9, 15, 122876).
cost(9, 16, 444039).
cost(9, 17, 231723).
cost(9, 18, 263222).
cost(9, 19, 239403).
cost(9, 20, 533324).
cost(10, 1, 339542).
cost(10, 2, 237236).
cost(10, 3, 366795).
cost(10, 4, 245890).
cost(10, 5, 325226).
cost(10, 6, 450642).
cost(10, 7, 341782).
cost(10, 8, 693408).
cost(10, 9, 236301).
cost(10, 11, 308495).
cost(10, 12, 573990).
cost(10, 13, 279861).
cost(10, 14, 716654).
cost(10, 15, 270754).
cost(10, 16, 438718).
cost(10, 17, 449528).
cost(10, 18, 491083).
cost(10, 19, 53148).
cost(10, 20, 644044).
cost(11, 1, 429956).
cost(11, 2, 315642).
cost(11, 3, 388043).
cost(11, 4, 226923).
cost(11, 5, 245871).
cost(11, 6, 642799).
cost(11, 7, 212740).
cost(11, 8, 385448).
cost(11, 9, 173146).
cost(11, 10, 308495).
cost(11, 12, 277464).
cost(11, 13, 521646).
cost(11, 14, 423745).
cost(11, 15, 51406).
cost(11, 16, 293178).
cost(11, 17, 344315).
cost(11, 18, 238563).
cost(11, 19, 279775).
cost(11, 20, 364555).
cost(12, 1, 569411).
cost(12, 2, 582811).
cost(12, 3, 494212).
cost(12, 4, 400722).
cost(12, 5, 479035).
cost(12, 6, 912311).
cost(12, 7, 433096).
cost(12, 8, 151518).
cost(12, 9, 439424).
cost(12, 10, 573990).
cost(12, 11, 277464).
cost(12, 13, 733232).
cost(12, 14, 311200).
cost(12, 15, 327148).
cost(12, 16, 299171).
cost(12, 17, 529554).
cost(12, 18, 319139).
cost(12, 19, 535701).
cost(12, 20, 105216).
cost(13, 1, 228128).
cost(13, 2, 513215).
cost(13, 3, 309804).
cost(13, 4, 332548).
cost(13, 5, 602974).
cost(13, 6, 640598).
cost(13, 7, 614550).
cost(13, 8, 875565).
cost(13, 9, 507351).
cost(13, 10, 279861).
cost(13, 11, 521646).
cost(13, 12, 733232).
cost(13, 14, 945227).
cost(13, 15, 502546).
cost(13, 16, 490783).
cost(13, 17, 728657).
cost(13, 18, 742643).
cost(13, 19, 268058).
cost(13, 20, 771430).
cost(14, 1, 829022).
cost(14, 2, 613660).
cost(14, 3, 766876).
cost(14, 4, 633120).
cost(14, 5, 471763).
cost(14, 6, 913501).
cost(14, 7, 427021).
cost(14, 8, 202735).
cost(14, 9, 501122).
cost(14, 10, 716654).
cost(14, 11, 423745).
cost(14, 12, 311200).
cost(14, 13, 945227).
cost(14, 15, 449119).
cost(14, 16, 593365).
cost(14, 17, 440765).
cost(14, 18, 243404).
cost(14, 19, 697554).
cost(14, 20, 384920).
cost(15, 1, 433929).
cost(15, 2, 264493).
cost(15, 3, 401666).
cost(15, 4, 233905).
cost(15, 5, 203762).
cost(15, 6, 591393).
cost(15, 7, 176636).
cost(15, 8, 428627).
cost(15, 9, 122876).
cost(15, 10, 270754).
cost(15, 11, 51406).
cost(15, 12, 327148).
cost(15, 13, 502546).
cost(15, 14, 449119).
cost(15, 16, 330390).
cost(15, 17, 311856).
cost(15, 18, 242128).
cost(15, 19, 248442).
cost(15, 20, 415752).
cost(16, 1, 288841).
cost(16, 2, 568931).
cost(16, 3, 205094).
cost(16, 4, 194797).
cost(16, 5, 534109).
cost(16, 6, 870331).
cost(16, 7, 505059).
cost(16, 8, 450079).
cost(16, 9, 444039).
cost(16, 10, 438718).
cost(16, 11, 293178).
cost(16, 12, 299171).
cost(16, 13, 490783).
cost(16, 14, 593365).
cost(16, 15, 330390).
cost(16, 17, 637488).
cost(16, 18, 498687).
cost(16, 19, 386720).
cost(16, 20, 297949).
cost(17, 1, 724605).
cost(17, 2, 239061).
cost(17, 3, 706125).
cost(17, 4, 536399).
cost(17, 5, 127609).
cost(17, 6, 480544).
cost(17, 7, 135919).
cost(17, 8, 550055).
cost(17, 9, 231723).
cost(17, 10, 449528).
cost(17, 11, 344315).
cost(17, 12, 529554).
cost(17, 13, 728657).
cost(17, 14, 440765).
cost(17, 15, 311856).
cost(17, 16, 637488).
cost(17, 18, 224352).
cost(17, 19, 464311).
cost(17, 20, 634535).
cost(18, 1, 668488).
cost(18, 2, 370270).
cost(18, 3, 624548).
cost(18, 4, 465475).
cost(18, 5, 229115).
cost(18, 6, 676112).
cost(18, 7, 183675).
cost(18, 8, 325713).
cost(18, 9, 263222).
cost(18, 10, 491083).
cost(18, 11, 238563).
cost(18, 12, 319139).
cost(18, 13, 742643).
cost(18, 14, 243404).
cost(18, 15, 242128).
cost(18, 16, 498687).
cost(18, 17, 224352).
cost(18, 19, 480798).
cost(18, 20, 423820).
cost(19, 1, 294688).
cost(19, 2, 269406).
cost(19, 3, 316197).
cost(19, 4, 193161).
cost(19, 5, 337288).
cost(19, 6, 502653).
cost(19, 7, 346610).
cost(19, 8, 660887).
cost(19, 9, 239403).
cost(19, 10, 53148).
cost(19, 11, 279775).
cost(19, 12, 535701).
cost(19, 13, 268058).
cost(19, 14, 697554).
cost(19, 15, 248442).
cost(19, 16, 386720).
cost(19, 17, 464311).
cost(19, 18, 480798).
cost(19, 20, 601074).
cost(20, 1, 585136).
cost(20, 2, 677208).
cost(20, 3, 502872).
cost(20, 4, 443022).
cost(20, 5, 580219).
cost(20, 6, 1006169).
cost(20, 7, 535157).
cost(20, 8, 191114).
cost(20, 9, 533324).
cost(20, 10, 644044).
cost(20, 11, 364555).
cost(20, 12, 105216).
cost(20, 13, 771430).
cost(20, 14, 384920).
cost(20, 15, 415752).
cost(20, 16, 297949).
cost(20, 17, 634535).
cost(20, 18, 423820).
cost(20, 19, 601074).
nocross(2,10).
nocross(2,15).
nocross(3,1).
nocross(3,15).
nocross(4,1).
nocross(4,3).
nocross(4,5).
nocross(4,7).
nocross(4,15).
nocross(5,7).
nocross(5,9).
nocross(5,15).
nocross(5,17).
nocross(6,15).
nocross(6,17).
nocross(7,9).
nocross(7,11).
nocross(7,15).
nocross(8,12).
nocross(8,20).
nocross(9,5).
nocross(9,7).
nocross(11,18).
nocross(12,8).
nocross(12,16).
nocross(12,18).
nocross(13,10).
nocross(13,19).
nocross(14,8).
nocross(14,12).
nocross(14,17).
nocross(15,7).
nocross(15,17).
nocross(15,18).
nocross(15,19).
nocross(16,3).
nocross(16,4).
nocross(16,11).
nocross(16,12).
nocross(16,15).
nocross(16,20).
nocross(17,5).
nocross(17,7).
nocross(17,11).
nocross(17,18).
nocross(18,7).
nocross(18,8).
nocross(18,9).
nocross(18,11).
nocross(18,12).
nocross(18,14).
nocross(18,15).
nocross(18,17).
nocross(19,3).
nocross(19,4).
nocross(19,9).
nocross(19,15).
nocross(20,8).
nocross(20,16).
