dimension(20).
point(1, -64370.0, -85172.0).
point(2, -146343.0, -211045.0).
point(3, 299122.0, -74788.0).
point(4, -256745.0, 211810.0).
point(5, 159062.0, 8103.0).
point(6, -444503.0, 195135.0).
point(7, 98443.0, 233989.0).
point(8, 112144.0, 283862.0).
point(9, -112905.0, -133813.0).
point(10, -82401.0, 459671.0).
point(11, 61193.0, -118599.0).
point(12, 65536.0, -182473.0).
point(13, -457278.0, 159181.0).
point(14, 567527.0, -59970.0).
point(15, 189427.0, -194765.0).
point(16, 144251.0, -58024.0).
point(17, 228193.0, -65569.0).
point(18, -195199.0, 41597.0).
point(19, -186005.0, 94559.0).
point(20, -104172.0, -229587.0).
cost(1, 2, 150212).
cost(1, 3, 363640).
cost(1, 4, 353845).
cost(1, 5, 242120).
cost(1, 6, 472306).
cost(1, 7, 358290).
cost(1, 8, 409076).
cost(1, 9, 68714).
cost(1, 10, 545141).
cost(1, 11, 129936).
cost(1, 12, 162305).
cost(1, 13, 462693).
cost(1, 14, 632399).
cost(1, 15, 276448).
cost(1, 16, 210380).
cost(1, 17, 293219).
cost(1, 18, 182172).
cost(1, 19, 217021).
cost(1, 20, 149800).
cost(2, 1, 150212).
cost(2, 3, 465838).
cost(2, 4, 437030).
cost(2, 5, 375896).
cost(2, 6, 503867).
cost(2, 7, 507913).
cost(2, 8, 558344).
cost(2, 9, 84160).
cost(2, 10, 673757).
cost(2, 11, 227195).
cost(2, 12, 213797).
cost(2, 13, 483475).
cost(2, 14, 729681).
cost(2, 15, 336164).
cost(2, 16, 328421).
cost(2, 17, 401797).
cost(2, 18, 257323).
cost(2, 19, 308167).
cost(2, 20, 46067).
cost(3, 1, 363640).
cost(3, 2, 465838).
cost(3, 4, 625401).
cost(3, 5, 162750).
cost(3, 6, 791098).
cost(3, 7, 368260).
cost(3, 8, 404463).
cost(3, 9, 416233).
cost(3, 10, 656663).
cost(3, 11, 241929).
cost(3, 12, 257213).
cost(3, 13, 791759).
cost(3, 14, 268814).
cost(3, 15, 162565).
cost(3, 16, 155776).
cost(3, 17, 71526).
cost(3, 18, 507837).
cost(3, 19, 513835).
cost(3, 20, 431982).
cost(4, 1, 353845).
cost(4, 2, 437030).
cost(4, 3, 625401).
cost(4, 5, 463025).
cost(4, 6, 188497).
cost(4, 7, 355880).
cost(4, 8, 375860).
cost(4, 9, 374360).
cost(4, 10, 303036).
cost(4, 11, 458535).
cost(4, 12, 509239).
cost(4, 13, 207324).
cost(4, 14, 867922).
cost(4, 15, 603633).
cost(4, 16, 483330).
cost(4, 17, 558663).
cost(4, 18, 180998).
cost(4, 19, 136938).
cost(4, 20, 467022).
cost(5, 1, 242120).
cost(5, 2, 375896).
cost(5, 3, 162750).
cost(5, 4, 463025).
cost(5, 6, 631879).
cost(5, 7, 233878).
cost(5, 8, 279722).
cost(5, 9, 306767).
cost(5, 10, 512072).
cost(5, 11, 160099).
cost(5, 12, 212288).
cost(5, 13, 634586).
cost(5, 14, 414099).
cost(5, 15, 205128).
cost(5, 16, 67765).
cost(5, 17, 101028).
cost(5, 18, 355841).
cost(5, 19, 355733).
cost(5, 20, 354667).
cost(6, 1, 472306).
cost(6, 2, 503867).
cost(6, 3, 791098).
cost(6, 4, 188497).
cost(6, 5, 631879).
cost(6, 7, 544334).
cost(6, 8, 563674).
cost(6, 9, 467080).
cost(6, 10, 448439).
cost(6, 11, 595111).
cost(6, 12, 634608).
cost(6, 13, 38156).
cost(6, 14, 1043687).
cost(6, 15, 744237).
cost(6, 16, 640875).
cost(6, 17, 721447).
cost(6, 18, 292791).
cost(6, 19, 277375).
cost(6, 20, 544255).
cost(7, 1, 358290).
cost(7, 2, 507913).
cost(7, 3, 368260).
cost(7, 4, 355880).
cost(7, 5, 233878).
cost(7, 6, 544334).
cost(7, 8, 51721).
cost(7, 9, 424201).
cost(7, 10, 289200).
cost(7, 11, 354550).
cost(7, 12, 417760).
cost(7, 13, 560734).
cost(7, 14, 553581).
cost(7, 15, 438301).
cost(7, 16, 295584).
cost(7, 17, 326451).
cost(7, 18, 351056).
cost(7, 19, 316783).
cost(7, 20, 505920).
cost(8, 1, 409076).
cost(8, 2, 558344).
cost(8, 3, 404463).
cost(8, 4, 375860).
cost(8, 5, 279722).
cost(8, 6, 563674).
cost(8, 7, 51721).
cost(8, 9, 474446).
cost(8, 10, 262215).
cost(8, 11, 405673).
cost(8, 12, 468658).
cost(8, 13, 582912).
cost(8, 14, 570609).
cost(8, 15, 484826).
cost(8, 16, 343390).
cost(8, 17, 368197).
cost(8, 18, 391346).
cost(8, 19, 353169).
cost(8, 20, 557156).
cost(9, 1, 68714).
cost(9, 2, 84160).
cost(9, 3, 416233).
cost(9, 4, 374360).
cost(9, 5, 306767).
cost(9, 6, 467080).
cost(9, 7, 424201).
cost(9, 8, 474446).
cost(9, 10, 594267).
cost(9, 11, 174761).
cost(9, 12, 184957).
cost(9, 13, 452148).
cost(9, 14, 684427).
cost(9, 15, 308415).
cost(9, 16, 268092).
cost(9, 17, 347858).
cost(9, 18, 193755).
cost(9, 19, 239786).
cost(9, 20, 96171).
cost(10, 1, 545141).
cost(10, 2, 673757).
cost(10, 3, 656663).
cost(10, 4, 303036).
cost(10, 5, 512072).
cost(10, 6, 448439).
cost(10, 7, 289200).
cost(10, 8, 262215).
cost(10, 9, 594267).
cost(10, 11, 595832).
cost(10, 12, 658965).
cost(10, 13, 480445).
cost(10, 14, 832126).
cost(10, 15, 708644).
cost(10, 16, 565136).
cost(10, 17, 610201).
cost(10, 18, 433023).
cost(10, 19, 379527).
cost(10, 20, 689602).
cost(11, 1, 129936).
cost(11, 2, 227195).
cost(11, 3, 241929).
cost(11, 4, 458535).
cost(11, 5, 160099).
cost(11, 6, 595111).
cost(11, 7, 354550).
cost(11, 8, 405673).
cost(11, 9, 174761).
cost(11, 10, 595832).
cost(11, 12, 64021).
cost(11, 13, 588195).
cost(11, 14, 509717).
cost(11, 15, 149148).
cost(11, 16, 102801).
cost(11, 17, 175218).
cost(11, 18, 302324).
cost(11, 19, 326410).
cost(11, 20, 199158).
cost(12, 1, 162305).
cost(12, 2, 213797).
cost(12, 3, 257213).
cost(12, 4, 509239).
cost(12, 5, 212288).
cost(12, 6, 634608).
cost(12, 7, 417760).
cost(12, 8, 468658).
cost(12, 9, 184957).
cost(12, 10, 658965).
cost(12, 11, 64021).
cost(12, 13, 624549).
cost(12, 14, 516722).
cost(12, 15, 124499).
cost(12, 16, 147254).
cost(12, 17, 200309).
cost(12, 18, 343788).
cost(12, 19, 374192).
cost(12, 20, 176126).
cost(13, 1, 462693).
cost(13, 2, 483475).
cost(13, 3, 791759).
cost(13, 4, 207324).
cost(13, 5, 634586).
cost(13, 6, 38156).
cost(13, 7, 560734).
cost(13, 8, 582912).
cost(13, 9, 452148).
cost(13, 10, 480445).
cost(13, 11, 588195).
cost(13, 12, 624549).
cost(13, 14, 1047975).
cost(13, 15, 737228).
cost(13, 16, 639543).
cost(13, 17, 721376).
cost(13, 18, 287248).
cost(13, 19, 278864).
cost(13, 20, 525190).
cost(14, 1, 632399).
cost(14, 2, 729681).
cost(14, 3, 268814).
cost(14, 4, 867922).
cost(14, 5, 414099).
cost(14, 6, 1043687).
cost(14, 7, 553581).
cost(14, 8, 570609).
cost(14, 9, 684427).
cost(14, 10, 832126).
cost(14, 11, 509717).
cost(14, 12, 516722).
cost(14, 13, 1047975).
cost(14, 15, 401409).
cost(14, 16, 423280).
cost(14, 17, 339380).
cost(14, 18, 769459).
cost(14, 19, 769214).
cost(14, 20, 692784).
cost(15, 1, 276448).
cost(15, 2, 336164).
cost(15, 3, 162565).
cost(15, 4, 603633).
cost(15, 5, 205128).
cost(15, 6, 744237).
cost(15, 7, 438301).
cost(15, 8, 484826).
cost(15, 9, 308415).
cost(15, 10, 708644).
cost(15, 11, 149148).
cost(15, 12, 124499).
cost(15, 13, 737228).
cost(15, 14, 401409).
cost(15, 16, 144010).
cost(15, 17, 134887).
cost(15, 18, 451447).
cost(15, 19, 473981).
cost(15, 20, 295657).
cost(16, 1, 210380).
cost(16, 2, 328421).
cost(16, 3, 155776).
cost(16, 4, 483330).
cost(16, 5, 67765).
cost(16, 6, 640875).
cost(16, 7, 295584).
cost(16, 8, 343390).
cost(16, 9, 268092).
cost(16, 10, 565136).
cost(16, 11, 102801).
cost(16, 12, 147254).
cost(16, 13, 639543).
cost(16, 14, 423280).
cost(16, 15, 144010).
cost(16, 17, 84280).
cost(16, 18, 353766).
cost(16, 19, 363800).
cost(16, 20, 301907).
cost(17, 1, 293219).
cost(17, 2, 401797).
cost(17, 3, 71526).
cost(17, 4, 558663).
cost(17, 5, 101028).
cost(17, 6, 721447).
cost(17, 7, 326451).
cost(17, 8, 368197).
cost(17, 9, 347858).
cost(17, 10, 610201).
cost(17, 11, 175218).
cost(17, 12, 200309).
cost(17, 13, 721376).
cost(17, 14, 339380).
cost(17, 15, 134887).
cost(17, 16, 84280).
cost(17, 18, 436744).
cost(17, 19, 444073).
cost(17, 20, 370632).
cost(18, 1, 182172).
cost(18, 2, 257323).
cost(18, 3, 507837).
cost(18, 4, 180998).
cost(18, 5, 355841).
cost(18, 6, 292791).
cost(18, 7, 351056).
cost(18, 8, 391346).
cost(18, 9, 193755).
cost(18, 10, 433023).
cost(18, 11, 302324).
cost(18, 12, 343788).
cost(18, 13, 287248).
cost(18, 14, 769459).
cost(18, 15, 451447).
cost(18, 16, 353766).
cost(18, 17, 436744).
cost(18, 19, 53754).
cost(18, 20, 286054).
cost(19, 1, 217021).
cost(19, 2, 308167).
cost(19, 3, 513835).
cost(19, 4, 136938).
cost(19, 5, 355733).
cost(19, 6, 277375).
cost(19, 7, 316783).
cost(19, 8, 353169).
cost(19, 9, 239786).
cost(19, 10, 379527).
cost(19, 11, 326410).
cost(19, 12, 374192).
cost(19, 13, 278864).
cost(19, 14, 769214).
cost(19, 15, 473981).
cost(19, 16, 363800).
cost(19, 17, 444073).
cost(19, 18, 53754).
cost(19, 20, 334316).
cost(20, 1, 149800).
cost(20, 2, 46067).
cost(20, 3, 431982).
cost(20, 4, 467022).
cost(20, 5, 354667).
cost(20, 6, 544255).
cost(20, 7, 505920).
cost(20, 8, 557156).
cost(20, 9, 96171).
cost(20, 10, 689602).
cost(20, 11, 199158).
cost(20, 12, 176126).
cost(20, 13, 525190).
cost(20, 14, 692784).
cost(20, 15, 295657).
cost(20, 16, 301907).
cost(20, 17, 370632).
cost(20, 18, 286054).
cost(20, 19, 334316).
nocross(1,7).
nocross(1,11).
nocross(1,12).
nocross(1,13).
nocross(1,20).
nocross(2,9).
nocross(2,12).
nocross(2,13).
nocross(2,20).
nocross(3,11).
nocross(3,12).
nocross(3,14).
nocross(3,17).
nocross(4,6).
nocross(4,10).
nocross(4,13).
nocross(4,18).
nocross(4,19).
nocross(5,7).
nocross(5,8).
nocross(5,14).
nocross(5,16).
nocross(5,17).
nocross(5,19).
nocross(5,20).
nocross(6,1).
nocross(6,4).
nocross(6,13).
nocross(6,19).
nocross(7,1).
nocross(7,4).
nocross(7,5).
nocross(7,14).
nocross(7,16).
nocross(8,1).
nocross(8,5).
nocross(8,7).
nocross(8,10).
nocross(9,11).
nocross(9,12).
nocross(9,13).
nocross(10,1).
nocross(10,6).
nocross(10,7).
nocross(11,7).
nocross(11,19).
nocross(11,20).
nocross(12,3).
nocross(12,7).
nocross(12,20).
nocross(13,1).
nocross(13,4).
nocross(13,18).
nocross(13,19).
nocross(14,3).
nocross(15,5).
nocross(15,11).
nocross(15,12).
nocross(15,20).
nocross(16,5).
nocross(16,7).
nocross(16,20).
nocross(17,5).
nocross(17,11).
nocross(17,12).
nocross(18,6).
nocross(18,13).
nocross(18,19).
nocross(19,5).
nocross(19,6).
nocross(19,7).
nocross(19,13).
nocross(20,12).
nocross(20,13).
