dimension(20).
point(1, -82875.0, 175734.0).
point(2, 70550.0, -151320.0).
point(3, 192210.0, 11332.0).
point(4, 108636.0, 237577.0).
point(5, -138245.0, 157986.0).
point(6, 71450.0, -110511.0).
point(7, 300090.0, 502482.0).
point(8, 170360.0, -206247.0).
point(9, -111392.0, -154955.0).
point(10, 57925.0, -312114.0).
point(11, 139963.0, -74075.0).
point(12, -169933.0, 117314.0).
point(13, -207286.0, -312976.0).
point(14, 3602.0, 32353.0).
point(15, 145089.0, 319999.0).
point(16, -110744.0, -28698.0).
point(17, 143768.0, -309441.0).
point(18, 8219.0, -31325.0).
point(19, 120225.0, 127656.0).
point(20, 147000.0, 175420.0).
cost(1, 2, 361253).
cost(1, 3, 320468).
cost(1, 4, 201249).
cost(1, 5, 58145).
cost(1, 6, 325196).
cost(1, 7, 503415).
cost(1, 8, 458298).
cost(1, 9, 331916).
cost(1, 10, 507760).
cost(1, 11, 334756).
cost(1, 12, 104843).
cost(1, 13, 504297).
cost(1, 14, 167441).
cost(1, 15, 269778).
cost(1, 16, 206323).
cost(1, 17, 535501).
cost(1, 18, 226211).
cost(1, 19, 208713).
cost(1, 20, 229875).
cost(2, 1, 361253).
cost(2, 3, 203118).
cost(2, 4, 390757).
cost(2, 5, 373183).
cost(2, 6, 40819).
cost(2, 7, 692925).
cost(2, 8, 113925).
cost(2, 9, 181978).
cost(2, 10, 161289).
cost(2, 11, 103851).
cost(2, 12, 360550).
cost(2, 13, 321443).
cost(2, 14, 195494).
cost(2, 15, 477177).
cost(2, 16, 218869).
cost(2, 17, 174250).
cost(2, 18, 135218).
cost(2, 19, 283364).
cost(2, 20, 335565).
cost(3, 1, 320468).
cost(3, 2, 203118).
cost(3, 4, 241188).
cost(3, 5, 361535).
cost(3, 6, 171548).
cost(3, 7, 502858).
cost(3, 8, 218673).
cost(3, 9, 346158).
cost(3, 10, 350214).
cost(3, 11, 100120).
cost(3, 12, 377332).
cost(3, 13, 514561).
cost(3, 14, 189776).
cost(3, 15, 312243).
cost(3, 16, 305587).
cost(3, 17, 324410).
cost(3, 18, 188871).
cost(3, 19, 136796).
cost(3, 20, 170202).
cost(4, 1, 201249).
cost(4, 2, 390757).
cost(4, 3, 241188).
cost(4, 5, 259393).
cost(4, 6, 350069).
cost(4, 7, 326848).
cost(4, 8, 448096).
cost(4, 9, 449993).
cost(4, 10, 552025).
cost(4, 11, 313223).
cost(4, 12, 303420).
cost(4, 13, 634756).
cost(4, 14, 230541).
cost(4, 15, 90123).
cost(4, 16, 345007).
cost(4, 17, 548145).
cost(4, 18, 287040).
cost(4, 19, 110530).
cost(4, 20, 73043).
cost(5, 1, 58145).
cost(5, 2, 373183).
cost(5, 3, 361535).
cost(5, 4, 259393).
cost(5, 6, 340680).
cost(5, 7, 557508).
cost(5, 8, 477392).
cost(5, 9, 314091).
cost(5, 10, 509389).
cost(5, 11, 362287).
cost(5, 12, 51559).
cost(5, 13, 475996).
cost(5, 14, 189484).
cost(5, 15, 326384).
cost(5, 16, 188699).
cost(5, 17, 545911).
cost(5, 18, 239354).
cost(5, 19, 260243).
cost(5, 20, 285777).
cost(6, 1, 325196).
cost(6, 2, 40819).
cost(6, 3, 171548).
cost(6, 4, 350069).
cost(6, 5, 340680).
cost(6, 7, 654245).
cost(6, 8, 137654).
cost(6, 9, 188166).
cost(6, 10, 202056).
cost(6, 11, 77599).
cost(6, 12, 331919).
cost(6, 13, 344508).
cost(6, 14, 158156).
cost(6, 15, 436763).
cost(6, 16, 199720).
cost(6, 17, 211667).
cost(6, 18, 101334).
cost(6, 19, 243110).
cost(6, 20, 295744).
cost(7, 1, 503415).
cost(7, 2, 692925).
cost(7, 3, 502858).
cost(7, 4, 326848).
cost(7, 5, 557508).
cost(7, 6, 654245).
cost(7, 8, 720504).
cost(7, 9, 775591).
cost(7, 10, 849830).
cost(7, 11, 598380).
cost(7, 12, 607681).
cost(7, 13, 960418).
cost(7, 14, 555811).
cost(7, 15, 239427).
cost(7, 16, 671518).
cost(7, 17, 826835).
cost(7, 18, 608390).
cost(7, 19, 415747).
cost(7, 20, 361118).
cost(8, 1, 458298).
cost(8, 2, 113925).
cost(8, 3, 218673).
cost(8, 4, 448096).
cost(8, 5, 477392).
cost(8, 6, 137654).
cost(8, 7, 720504).
cost(8, 9, 286383).
cost(8, 10, 154433).
cost(8, 11, 135622).
cost(8, 12, 469565).
cost(8, 13, 392438).
cost(8, 14, 291098).
cost(8, 15, 526852).
cost(8, 16, 332480).
cost(8, 17, 106565).
cost(8, 18, 238511).
cost(8, 19, 337646).
cost(8, 20, 382381).
cost(9, 1, 331916).
cost(9, 2, 181978).
cost(9, 3, 346158).
cost(9, 4, 449993).
cost(9, 5, 314091).
cost(9, 6, 188166).
cost(9, 7, 775591).
cost(9, 8, 286383).
cost(9, 10, 231013).
cost(9, 11, 264047).
cost(9, 12, 278491).
cost(9, 13, 184841).
cost(9, 14, 219791).
cost(9, 15, 539781).
cost(9, 16, 126259).
cost(9, 17, 298283).
cost(9, 18, 172021).
cost(9, 19, 365398).
cost(9, 20, 419421).
cost(10, 1, 507760).
cost(10, 2, 161289).
cost(10, 3, 350214).
cost(10, 4, 552025).
cost(10, 5, 509389).
cost(10, 6, 202056).
cost(10, 7, 849830).
cost(10, 8, 154433).
cost(10, 9, 231013).
cost(10, 11, 251779).
cost(10, 12, 486135).
cost(10, 13, 265212).
cost(10, 14, 348724).
cost(10, 15, 638094).
cost(10, 16, 329809).
cost(10, 17, 85885).
cost(10, 18, 285155).
cost(10, 19, 444161).
cost(10, 20, 495604).
cost(11, 1, 334756).
cost(11, 2, 103851).
cost(11, 3, 100120).
cost(11, 4, 313223).
cost(11, 5, 362287).
cost(11, 6, 77599).
cost(11, 7, 598380).
cost(11, 8, 135622).
cost(11, 9, 264047).
cost(11, 10, 251779).
cost(11, 12, 364232).
cost(11, 13, 421492).
cost(11, 14, 172978).
cost(11, 15, 394107).
cost(11, 16, 254780).
cost(11, 17, 235397).
cost(11, 18, 138506).
cost(11, 19, 202694).
cost(11, 20, 249594).
cost(12, 1, 104843).
cost(12, 2, 360550).
cost(12, 3, 377332).
cost(12, 4, 303420).
cost(12, 5, 51559).
cost(12, 6, 331919).
cost(12, 7, 607681).
cost(12, 8, 469565).
cost(12, 9, 278491).
cost(12, 10, 486135).
cost(12, 11, 364232).
cost(12, 13, 431908).
cost(12, 14, 193217).
cost(12, 15, 374593).
cost(12, 16, 157553).
cost(12, 17, 529649).
cost(12, 18, 232017).
cost(12, 19, 290342).
cost(12, 20, 322216).
cost(13, 1, 504297).
cost(13, 2, 321443).
cost(13, 3, 514561).
cost(13, 4, 634756).
cost(13, 5, 475996).
cost(13, 6, 344508).
cost(13, 7, 960418).
cost(13, 8, 392438).
cost(13, 9, 184841).
cost(13, 10, 265212).
cost(13, 11, 421492).
cost(13, 12, 431908).
cost(13, 14, 404631).
cost(13, 15, 724448).
cost(13, 16, 300224).
cost(13, 17, 351072).
cost(13, 18, 354640).
cost(13, 19, 549017).
cost(13, 20, 603365).
cost(14, 1, 167441).
cost(14, 2, 195494).
cost(14, 3, 189776).
cost(14, 4, 230541).
cost(14, 5, 189484).
cost(14, 6, 158156).
cost(14, 7, 555811).
cost(14, 8, 291098).
cost(14, 9, 219791).
cost(14, 10, 348724).
cost(14, 11, 172978).
cost(14, 12, 193217).
cost(14, 13, 404631).
cost(14, 15, 320560).
cost(14, 16, 129623).
cost(14, 17, 369418).
cost(14, 18, 63845).
cost(14, 19, 150611).
cost(14, 20, 202561).
cost(15, 1, 269778).
cost(15, 2, 477177).
cost(15, 3, 312243).
cost(15, 4, 90123).
cost(15, 5, 326384).
cost(15, 6, 436763).
cost(15, 7, 239427).
cost(15, 8, 526852).
cost(15, 9, 539781).
cost(15, 10, 638094).
cost(15, 11, 394107).
cost(15, 12, 374593).
cost(15, 13, 724448).
cost(15, 14, 320560).
cost(15, 16, 432481).
cost(15, 17, 629441).
cost(15, 18, 377044).
cost(15, 19, 193943).
cost(15, 20, 144592).
cost(16, 1, 206323).
cost(16, 2, 218869).
cost(16, 3, 305587).
cost(16, 4, 345007).
cost(16, 5, 188699).
cost(16, 6, 199720).
cost(16, 7, 671518).
cost(16, 8, 332480).
cost(16, 9, 126259).
cost(16, 10, 329809).
cost(16, 11, 254780).
cost(16, 12, 157553).
cost(16, 13, 300224).
cost(16, 14, 129623).
cost(16, 15, 432481).
cost(16, 17, 378937).
cost(16, 18, 118992).
cost(16, 19, 278914).
cost(16, 20, 328780).
cost(17, 1, 535501).
cost(17, 2, 174250).
cost(17, 3, 324410).
cost(17, 4, 548145).
cost(17, 5, 545911).
cost(17, 6, 211667).
cost(17, 7, 826835).
cost(17, 8, 106565).
cost(17, 9, 298283).
cost(17, 10, 85885).
cost(17, 11, 235397).
cost(17, 12, 529649).
cost(17, 13, 351072).
cost(17, 14, 369418).
cost(17, 15, 629441).
cost(17, 16, 378937).
cost(17, 18, 309390).
cost(17, 19, 437731).
cost(17, 20, 484872).
cost(18, 1, 226211).
cost(18, 2, 135218).
cost(18, 3, 188871).
cost(18, 4, 287040).
cost(18, 5, 239354).
cost(18, 6, 101334).
cost(18, 7, 608390).
cost(18, 8, 238511).
cost(18, 9, 172021).
cost(18, 10, 285155).
cost(18, 11, 138506).
cost(18, 12, 232017).
cost(18, 13, 354640).
cost(18, 14, 63845).
cost(18, 15, 377044).
cost(18, 16, 118992).
cost(18, 17, 309390).
cost(18, 19, 194474).
cost(18, 20, 249005).
cost(19, 1, 208713).
cost(19, 2, 283364).
cost(19, 3, 136796).
cost(19, 4, 110530).
cost(19, 5, 260243).
cost(19, 6, 243110).
cost(19, 7, 415747).
cost(19, 8, 337646).
cost(19, 9, 365398).
cost(19, 10, 444161).
cost(19, 11, 202694).
cost(19, 12, 290342).
cost(19, 13, 549017).
cost(19, 14, 150611).
cost(19, 15, 193943).
cost(19, 16, 278914).
cost(19, 17, 437731).
cost(19, 18, 194474).
cost(19, 20, 54757).
cost(20, 1, 229875).
cost(20, 2, 335565).
cost(20, 3, 170202).
cost(20, 4, 73043).
cost(20, 5, 285777).
cost(20, 6, 295744).
cost(20, 7, 361118).
cost(20, 8, 382381).
cost(20, 9, 419421).
cost(20, 10, 495604).
cost(20, 11, 249594).
cost(20, 12, 322216).
cost(20, 13, 603365).
cost(20, 14, 202561).
cost(20, 15, 144592).
cost(20, 16, 328780).
cost(20, 17, 484872).
cost(20, 18, 249005).
cost(20, 19, 54757).
