dimension(20).
point(1, -581250.0, -244411.0).
point(2, -329602.0, 402685.0).
point(3, 82589.0, -135641.0).
point(4, 139796.0, -102069.0).
point(5, 365847.0, -140250.0).
point(6, 158891.0, -160160.0).
point(7, 237962.0, -60691.0).
point(8, 324722.0, -57483.0).
point(9, -50008.0, -250764.0).
point(10, -181100.0, -54374.0).
point(11, -147916.0, -66754.0).
point(12, 14673.0, 65449.0).
point(13, -274011.0, -73851.0).
point(14, 199422.0, 488463.0).
point(15, 112870.0, 247809.0).
point(16, 101303.0, 94890.0).
point(17, 153135.0, -373588.0).
point(18, 111805.0, -108335.0).
point(19, 115258.0, -146582.0).
point(20, -188211.0, 237384.0).
cost(1, 2, 694305).
cost(1, 3, 672691).
cost(1, 4, 734962).
cost(1, 5, 952808).
cost(1, 6, 744921).
cost(1, 7, 839560).
cost(1, 8, 925055).
cost(1, 9, 531280).
cost(1, 10, 442983).
cost(1, 11, 468338).
cost(1, 12, 671668).
cost(1, 13, 351406).
cost(1, 14, 1070772).
cost(1, 15, 850931).
cost(1, 16, 762236).
cost(1, 17, 745659).
cost(1, 18, 706287).
cost(1, 19, 703345).
cost(1, 20, 621777).
cost(2, 1, 694305).
cost(2, 3, 678009).
cost(2, 4, 689283).
cost(2, 5, 882286).
cost(2, 6, 745265).
cost(2, 7, 732698).
cost(2, 8, 799934).
cost(2, 9, 710752).
cost(2, 10, 480579).
cost(2, 11, 503371).
cost(2, 12, 481927).
cost(2, 13, 479768).
cost(2, 14, 535933).
cost(2, 15, 468794).
cost(2, 16, 529544).
cost(2, 17, 914131).
cost(2, 18, 675264).
cost(2, 19, 706820).
cost(2, 20, 217522).
cost(3, 1, 672691).
cost(3, 2, 678009).
cost(3, 4, 66330).
cost(3, 5, 283295).
cost(3, 6, 80145).
cost(3, 7, 172506).
cost(3, 8, 254435).
cost(3, 9, 175600).
cost(3, 10, 275928).
cost(3, 11, 240578).
cost(3, 12, 212249).
cost(3, 13, 361914).
cost(3, 14, 634945).
cost(3, 15, 384644).
cost(3, 16, 231289).
cost(3, 17, 248184).
cost(3, 18, 39990).
cost(3, 19, 34452).
cost(3, 20, 460956).
cost(4, 1, 734962).
cost(4, 2, 689283).
cost(4, 3, 66330).
cost(4, 5, 229253).
cost(4, 6, 61149).
cost(4, 7, 106530).
cost(4, 8, 190225).
cost(4, 9, 241114).
cost(4, 10, 324421).
cost(4, 11, 289871).
cost(4, 12, 209089).
cost(4, 13, 414768).
cost(4, 14, 593535).
cost(4, 15, 350913).
cost(4, 16, 200685).
cost(4, 17, 271846).
cost(4, 18, 28684).
cost(4, 19, 50828).
cost(4, 20, 472035).
cost(5, 1, 952808).
cost(5, 2, 882286).
cost(5, 3, 283295).
cost(5, 4, 229253).
cost(5, 6, 207912).
cost(5, 7, 150613).
cost(5, 8, 92421).
cost(5, 9, 430289).
cost(5, 10, 553648).
cost(5, 11, 518993).
cost(5, 12, 406983).
cost(5, 13, 643294).
cost(5, 14, 650367).
cost(5, 15, 463236).
cost(5, 16, 353941).
cost(5, 17, 315742).
cost(5, 18, 256039).
cost(5, 19, 250669).
cost(5, 20, 670513).
cost(6, 1, 744921).
cost(6, 2, 745265).
cost(6, 3, 80145).
cost(6, 4, 61149).
cost(6, 5, 207912).
cost(6, 7, 127068).
cost(6, 8, 195045).
cost(6, 9, 227701).
cost(6, 10, 356068).
cost(6, 11, 320710).
cost(6, 12, 267765).
cost(6, 13, 441422).
cost(6, 14, 649888).
cost(6, 15, 410556).
cost(6, 16, 261471).
cost(6, 17, 213506).
cost(6, 18, 70021).
cost(6, 19, 45697).
cost(6, 20, 527751).
cost(7, 1, 839560).
cost(7, 2, 732698).
cost(7, 3, 172506).
cost(7, 4, 106530).
cost(7, 5, 150613).
cost(7, 6, 127068).
cost(7, 8, 86819).
cost(7, 9, 345043).
cost(7, 10, 419110).
cost(7, 11, 385926).
cost(7, 12, 256455).
cost(7, 13, 512142).
cost(7, 14, 550505).
cost(7, 15, 332897).
cost(7, 16, 207078).
cost(7, 17, 324192).
cost(7, 18, 134854).
cost(7, 19, 149778).
cost(7, 20, 520069).
cost(8, 1, 925055).
cost(8, 2, 799934).
cost(8, 3, 254435).
cost(8, 4, 190225).
cost(8, 5, 92421).
cost(8, 6, 195045).
cost(8, 7, 86819).
cost(8, 9, 421640).
cost(8, 10, 505832).
cost(8, 11, 472729).
cost(8, 12, 333531).
cost(8, 13, 598957).
cost(8, 14, 560140).
cost(8, 15, 371597).
cost(8, 16, 270432).
cost(8, 17, 359673).
cost(8, 18, 218905).
cost(8, 19, 227626).
cost(8, 20, 591648).
cost(9, 1, 531280).
cost(9, 2, 710752).
cost(9, 3, 175600).
cost(9, 4, 241114).
cost(9, 5, 430289).
cost(9, 6, 227701).
cost(9, 7, 345043).
cost(9, 8, 421640).
cost(9, 10, 236123).
cost(9, 11, 208436).
cost(9, 12, 322760).
cost(9, 13, 285439).
cost(9, 14, 780174).
cost(9, 15, 524504).
cost(9, 16, 377322).
cost(9, 17, 237387).
cost(9, 18, 215568).
cost(9, 19, 195363).
cost(9, 20, 507335).
cost(10, 1, 442983).
cost(10, 2, 480579).
cost(10, 3, 275928).
cost(10, 4, 324421).
cost(10, 5, 553648).
cost(10, 6, 356068).
cost(10, 7, 419110).
cost(10, 8, 505832).
cost(10, 9, 236123).
cost(10, 11, 35418).
cost(10, 12, 229531).
cost(10, 13, 94931).
cost(10, 14, 662925).
cost(10, 15, 421584).
cost(10, 16, 319423).
cost(10, 17, 462180).
cost(10, 18, 297834).
cost(10, 19, 310371).
cost(10, 20, 291845).
cost(11, 1, 468338).
cost(11, 2, 503371).
cost(11, 3, 240578).
cost(11, 4, 289871).
cost(11, 5, 518993).
cost(11, 6, 320710).
cost(11, 7, 385926).
cost(11, 8, 472729).
cost(11, 9, 208436).
cost(11, 10, 35418).
cost(11, 12, 209554).
cost(11, 13, 126295).
cost(11, 14, 654912).
cost(11, 15, 408606).
cost(11, 16, 297050).
cost(11, 17, 429859).
cost(11, 18, 263028).
cost(11, 19, 275015).
cost(11, 20, 306796).
cost(12, 1, 671668).
cost(12, 2, 481927).
cost(12, 3, 212249).
cost(12, 4, 209089).
cost(12, 5, 406983).
cost(12, 6, 267765).
cost(12, 7, 256455).
cost(12, 8, 333531).
cost(12, 9, 322760).
cost(12, 10, 229531).
cost(12, 11, 209554).
cost(12, 13, 320535).
cost(12, 14, 461598).
cost(12, 15, 207118).
cost(12, 16, 91496).
cost(12, 17, 460353).
cost(12, 18, 199087).
cost(12, 19, 234680).
cost(12, 20, 265939).
cost(13, 1, 351406).
cost(13, 2, 479768).
cost(13, 3, 361914).
cost(13, 4, 414768).
cost(13, 5, 643294).
cost(13, 6, 441422).
cost(13, 7, 512142).
cost(13, 8, 598957).
cost(13, 9, 285439).
cost(13, 10, 94931).
cost(13, 11, 126295).
cost(13, 12, 320535).
cost(13, 14, 735075).
cost(13, 15, 503132).
cost(13, 16, 411502).
cost(13, 17, 521820).
cost(13, 18, 387354).
cost(13, 19, 396005).
cost(13, 20, 322845).
cost(14, 1, 1070772).
cost(14, 2, 535933).
cost(14, 3, 634945).
cost(14, 4, 593535).
cost(14, 5, 650367).
cost(14, 6, 649888).
cost(14, 7, 550505).
cost(14, 8, 560140).
cost(14, 9, 780174).
cost(14, 10, 662925).
cost(14, 11, 654912).
cost(14, 12, 461598).
cost(14, 13, 735075).
cost(14, 15, 255745).
cost(14, 16, 405619).
cost(14, 17, 863293).
cost(14, 18, 603195).
cost(14, 19, 640598).
cost(14, 20, 461844).
cost(15, 1, 850931).
cost(15, 2, 468794).
cost(15, 3, 384644).
cost(15, 4, 350913).
cost(15, 5, 463236).
cost(15, 6, 410556).
cost(15, 7, 332897).
cost(15, 8, 371597).
cost(15, 9, 524504).
cost(15, 10, 421584).
cost(15, 11, 408606).
cost(15, 12, 207118).
cost(15, 13, 503132).
cost(15, 14, 255745).
cost(15, 16, 153356).
cost(15, 17, 622700).
cost(15, 18, 356146).
cost(15, 19, 394398).
cost(15, 20, 301261).
cost(16, 1, 762236).
cost(16, 2, 529544).
cost(16, 3, 231289).
cost(16, 4, 200685).
cost(16, 5, 353941).
cost(16, 6, 261471).
cost(16, 7, 207078).
cost(16, 8, 270432).
cost(16, 9, 377322).
cost(16, 10, 319423).
cost(16, 11, 297050).
cost(16, 12, 91496).
cost(16, 13, 411502).
cost(16, 14, 405619).
cost(16, 15, 153356).
cost(16, 17, 471337).
cost(16, 18, 203496).
cost(16, 19, 241875).
cost(16, 20, 322681).
cost(17, 1, 745659).
cost(17, 2, 914131).
cost(17, 3, 248184).
cost(17, 4, 271846).
cost(17, 5, 315742).
cost(17, 6, 213506).
cost(17, 7, 324192).
cost(17, 8, 359673).
cost(17, 9, 237387).
cost(17, 10, 462180).
cost(17, 11, 429859).
cost(17, 12, 460353).
cost(17, 13, 521820).
cost(17, 14, 863293).
cost(17, 15, 622700).
cost(17, 16, 471337).
cost(17, 18, 268454).
cost(17, 19, 230144).
cost(17, 20, 699860).
cost(18, 1, 706287).
cost(18, 2, 675264).
cost(18, 3, 39990).
cost(18, 4, 28684).
cost(18, 5, 256039).
cost(18, 6, 70021).
cost(18, 7, 134854).
cost(18, 8, 218905).
cost(18, 9, 215568).
cost(18, 10, 297834).
cost(18, 11, 263028).
cost(18, 12, 199087).
cost(18, 13, 387354).
cost(18, 14, 603195).
cost(18, 15, 356146).
cost(18, 16, 203496).
cost(18, 17, 268454).
cost(18, 19, 38403).
cost(18, 20, 457746).
cost(19, 1, 703345).
cost(19, 2, 706820).
cost(19, 3, 34452).
cost(19, 4, 50828).
cost(19, 5, 250669).
cost(19, 6, 45697).
cost(19, 7, 149778).
cost(19, 8, 227626).
cost(19, 9, 195363).
cost(19, 10, 310371).
cost(19, 11, 275015).
cost(19, 12, 234680).
cost(19, 13, 396005).
cost(19, 14, 640598).
cost(19, 15, 394398).
cost(19, 16, 241875).
cost(19, 17, 230144).
cost(19, 18, 38403).
cost(19, 20, 489411).
cost(20, 1, 621777).
cost(20, 2, 217522).
cost(20, 3, 460956).
cost(20, 4, 472035).
cost(20, 5, 670513).
cost(20, 6, 527751).
cost(20, 7, 520069).
cost(20, 8, 591648).
cost(20, 9, 507335).
cost(20, 10, 291845).
cost(20, 11, 306796).
cost(20, 12, 265939).
cost(20, 13, 322845).
cost(20, 14, 461844).
cost(20, 15, 301261).
cost(20, 16, 322681).
cost(20, 17, 699860).
cost(20, 18, 457746).
cost(20, 19, 489411).
