dimension(20).
point(1, -212095.0, 12887.0).
point(2, 145083.0, 144311.0).
point(3, 8570.0, -352928.0).
point(4, -50770.0, -71966.0).
point(5, -392793.0, 131959.0).
point(6, -16686.0, 33855.0).
point(7, -47555.0, -37279.0).
point(8, 168872.0, -194516.0).
point(9, 148509.0, -261444.0).
point(10, 118479.0, 86402.0).
point(11, 56576.0, 29660.0).
point(12, 106642.0, -157353.0).
point(13, -92126.0, 1567.0).
point(14, -78431.0, 163086.0).
point(15, -117639.0, 439974.0).
point(16, -195264.0, 332388.0).
point(17, -273973.0, 230035.0).
point(18, -53680.0, 159571.0).
point(19, 56540.0, -335318.0).
point(20, -90733.0, 255074.0).
cost(1, 2, 380590).
cost(1, 3, 427216).
cost(1, 4, 182279).
cost(1, 5, 216402).
cost(1, 6, 196531).
cost(1, 7, 172018).
cost(1, 8, 433765).
cost(1, 9, 453092).
cost(1, 10, 338650).
cost(1, 11, 269194).
cost(1, 12, 361352).
cost(1, 13, 120502).
cost(1, 14, 201062).
cost(1, 15, 437407).
cost(1, 16, 319944).
cost(1, 17, 225792).
cost(1, 18, 215897).
cost(1, 19, 439786).
cost(1, 20, 270893).
cost(2, 1, 380590).
cost(2, 3, 515638).
cost(2, 4, 291778).
cost(2, 5, 538018).
cost(2, 6, 195882).
cost(2, 7, 264734).
cost(2, 8, 339661).
cost(2, 9, 405769).
cost(2, 10, 63728).
cost(2, 11, 144839).
cost(2, 12, 304103).
cost(2, 13, 276846).
cost(2, 14, 224301).
cost(2, 15, 395524).
cost(2, 16, 388856).
cost(2, 17, 427734).
cost(2, 18, 199348).
cost(2, 19, 487733).
cost(2, 20, 260533).
cost(3, 1, 427216).
cost(3, 2, 515638).
cost(3, 4, 287160).
cost(3, 5, 629450).
cost(3, 6, 387607).
cost(3, 7, 320600).
cost(3, 8, 225369).
cost(3, 9, 167189).
cost(3, 10, 452870).
cost(3, 11, 385588).
cost(3, 12, 218787).
cost(3, 13, 368519).
cost(3, 14, 523297).
cost(3, 15, 802884).
cost(3, 16, 714987).
cost(3, 17, 647824).
cost(3, 18, 516266).
cost(3, 19, 51100).
cost(3, 20, 616058).
cost(4, 1, 182279).
cost(4, 2, 291778).
cost(4, 3, 287160).
cost(4, 5, 398202).
cost(4, 6, 111175).
cost(4, 7, 34836).
cost(4, 8, 251518).
cost(4, 9, 274980).
cost(4, 10, 231788).
cost(4, 11, 147821).
cost(4, 12, 179080).
cost(4, 13, 84365).
cost(4, 14, 236674).
cost(4, 15, 516289).
cost(4, 16, 429396).
cost(4, 17, 375532).
cost(4, 18, 231555).
cost(4, 19, 284376).
cost(4, 20, 329473).
cost(5, 1, 216402).
cost(5, 2, 538018).
cost(5, 3, 629450).
cost(5, 4, 398202).
cost(5, 6, 388691).
cost(5, 7, 384488).
cost(5, 8, 649656).
cost(5, 9, 669159).
cost(5, 10, 513298).
cost(5, 11, 460866).
cost(5, 12, 577180).
cost(5, 13, 327724).
cost(5, 14, 315899).
cost(5, 15, 413017).
cost(5, 16, 281406).
cost(5, 17, 154068).
cost(5, 18, 340235).
cost(5, 19, 648265).
cost(5, 20, 326186).
cost(6, 1, 196531).
cost(6, 2, 195882).
cost(6, 3, 387607).
cost(6, 4, 111175).
cost(6, 5, 388691).
cost(6, 7, 77543).
cost(6, 8, 294253).
cost(6, 9, 338365).
cost(6, 10, 145020).
cost(6, 11, 73382).
cost(6, 12, 227531).
cost(6, 13, 82059).
cost(6, 14, 143224).
cost(6, 15, 418478).
cost(6, 16, 347868).
cost(6, 17, 323548).
cost(6, 18, 131046).
cost(6, 19, 376365).
cost(6, 20, 233283).
cost(7, 1, 172018).
cost(7, 2, 264734).
cost(7, 3, 320600).
cost(7, 4, 34836).
cost(7, 5, 384488).
cost(7, 6, 77543).
cost(7, 8, 267515).
cost(7, 9, 297810).
cost(7, 10, 207037).
cost(7, 11, 123791).
cost(7, 12, 195434).
cost(7, 13, 59123).
cost(7, 14, 202730).
cost(7, 15, 482371).
cost(7, 16, 398085).
cost(7, 17, 350317).
cost(7, 18, 196945).
cost(7, 19, 315694).
cost(7, 20, 295524).
cost(8, 1, 433765).
cost(8, 2, 339661).
cost(8, 3, 225369).
cost(8, 4, 251518).
cost(8, 5, 649656).
cost(8, 6, 294253).
cost(8, 7, 267515).
cost(8, 9, 69957).
cost(8, 10, 285402).
cost(8, 11, 250729).
cost(8, 12, 72482).
cost(8, 13, 326448).
cost(8, 14, 434785).
cost(8, 15, 696180).
cost(8, 16, 640486).
cost(8, 17, 613478).
cost(8, 18, 418219).
cost(8, 19, 180121).
cost(8, 20, 519159).
cost(9, 1, 453092).
cost(9, 2, 405769).
cost(9, 3, 167189).
cost(9, 4, 274980).
cost(9, 5, 669159).
cost(9, 6, 338365).
cost(9, 7, 297810).
cost(9, 8, 69957).
cost(9, 10, 349140).
cost(9, 11, 305276).
cost(9, 12, 112195).
cost(9, 13, 356483).
cost(9, 14, 481381).
cost(9, 15, 750215).
cost(9, 16, 686161).
cost(9, 17, 648107).
cost(9, 18, 467048).
cost(9, 19, 117965).
cost(9, 20, 569234).
cost(10, 1, 338650).
cost(10, 2, 63728).
cost(10, 3, 452870).
cost(10, 4, 231788).
cost(10, 5, 513298).
cost(10, 6, 145020).
cost(10, 7, 207037).
cost(10, 8, 285402).
cost(10, 9, 349140).
cost(10, 11, 83974).
cost(10, 12, 244042).
cost(10, 13, 227049).
cost(10, 14, 211315).
cost(10, 15, 425165).
cost(10, 16, 398678).
cost(10, 17, 417910).
cost(10, 18, 187063).
cost(10, 19, 426244).
cost(10, 20, 268738).
cost(11, 1, 269194).
cost(11, 2, 144839).
cost(11, 3, 385588).
cost(11, 4, 147821).
cost(11, 5, 460866).
cost(11, 6, 73382).
cost(11, 7, 123791).
cost(11, 8, 250729).
cost(11, 9, 305276).
cost(11, 10, 83974).
cost(11, 12, 193599).
cost(11, 13, 151332).
cost(11, 14, 189814).
cost(11, 15, 445767).
cost(11, 16, 393786).
cost(11, 17, 386539).
cost(11, 18, 170391).
cost(11, 19, 364978).
cost(11, 20, 269279).
cost(12, 1, 361352).
cost(12, 2, 304103).
cost(12, 3, 218787).
cost(12, 4, 179080).
cost(12, 5, 577180).
cost(12, 6, 227531).
cost(12, 7, 195434).
cost(12, 8, 72482).
cost(12, 9, 112195).
cost(12, 10, 244042).
cost(12, 11, 193599).
cost(12, 13, 254488).
cost(12, 14, 370045).
cost(12, 15, 638045).
cost(12, 16, 575320).
cost(12, 17, 543081).
cost(12, 18, 355168).
cost(12, 19, 184883).
cost(12, 20, 457223).
cost(13, 1, 120502).
cost(13, 2, 276846).
cost(13, 3, 368519).
cost(13, 4, 84365).
cost(13, 5, 327724).
cost(13, 6, 82059).
cost(13, 7, 59123).
cost(13, 8, 326448).
cost(13, 9, 356483).
cost(13, 10, 227049).
cost(13, 11, 151332).
cost(13, 12, 254488).
cost(13, 14, 162099).
cost(13, 15, 439149).
cost(13, 16, 346526).
cost(13, 17, 292003).
cost(13, 18, 162614).
cost(13, 19, 368230).
cost(13, 20, 253511).
cost(14, 1, 201062).
cost(14, 2, 224301).
cost(14, 3, 523297).
cost(14, 4, 236674).
cost(14, 5, 315899).
cost(14, 6, 143224).
cost(14, 7, 202730).
cost(14, 8, 434785).
cost(14, 9, 481381).
cost(14, 10, 211315).
cost(14, 11, 189814).
cost(14, 12, 370045).
cost(14, 13, 162099).
cost(14, 15, 279650).
cost(14, 16, 205702).
cost(14, 17, 206685).
cost(14, 18, 24999).
cost(14, 19, 516356).
cost(14, 20, 92807).
cost(15, 1, 437407).
cost(15, 2, 395524).
cost(15, 3, 802884).
cost(15, 4, 516289).
cost(15, 5, 413017).
cost(15, 6, 418478).
cost(15, 7, 482371).
cost(15, 8, 696180).
cost(15, 9, 750215).
cost(15, 10, 425165).
cost(15, 11, 445767).
cost(15, 12, 638045).
cost(15, 13, 439149).
cost(15, 14, 279650).
cost(15, 16, 132666).
cost(15, 17, 261753).
cost(15, 18, 287605).
cost(15, 19, 794617).
cost(15, 20, 186847).
cost(16, 1, 319944).
cost(16, 2, 388856).
cost(16, 3, 714987).
cost(16, 4, 429396).
cost(16, 5, 281406).
cost(16, 6, 347868).
cost(16, 7, 398085).
cost(16, 8, 640486).
cost(16, 9, 686161).
cost(16, 10, 398678).
cost(16, 11, 393786).
cost(16, 12, 575320).
cost(16, 13, 346526).
cost(16, 14, 205702).
cost(16, 15, 132666).
cost(16, 17, 129117).
cost(16, 18, 223409).
cost(16, 19, 713608).
cost(16, 20, 130016).
cost(17, 1, 225792).
cost(17, 2, 427734).
cost(17, 3, 647824).
cost(17, 4, 375532).
cost(17, 5, 154068).
cost(17, 6, 323548).
cost(17, 7, 350317).
cost(17, 8, 613478).
cost(17, 9, 648107).
cost(17, 10, 417910).
cost(17, 11, 386539).
cost(17, 12, 543081).
cost(17, 13, 292003).
cost(17, 14, 206685).
cost(17, 15, 261753).
cost(17, 16, 129117).
cost(17, 18, 231288).
cost(17, 19, 654876).
cost(17, 20, 184943).
cost(18, 1, 215897).
cost(18, 2, 199348).
cost(18, 3, 516266).
cost(18, 4, 231555).
cost(18, 5, 340235).
cost(18, 6, 131046).
cost(18, 7, 196945).
cost(18, 8, 418219).
cost(18, 9, 467048).
cost(18, 10, 187063).
cost(18, 11, 170391).
cost(18, 12, 355168).
cost(18, 13, 162614).
cost(18, 14, 24999).
cost(18, 15, 287605).
cost(18, 16, 223409).
cost(18, 17, 231288).
cost(18, 19, 507014).
cost(18, 20, 102439).
cost(19, 1, 439786).
cost(19, 2, 487733).
cost(19, 3, 51100).
cost(19, 4, 284376).
cost(19, 5, 648265).
cost(19, 6, 376365).
cost(19, 7, 315694).
cost(19, 8, 180121).
cost(19, 9, 117965).
cost(19, 10, 426244).
cost(19, 11, 364978).
cost(19, 12, 184883).
cost(19, 13, 368230).
cost(19, 14, 516356).
cost(19, 15, 794617).
cost(19, 16, 713608).
cost(19, 17, 654876).
cost(19, 18, 507014).
cost(19, 20, 608483).
cost(20, 1, 270893).
cost(20, 2, 260533).
cost(20, 3, 616058).
cost(20, 4, 329473).
cost(20, 5, 326186).
cost(20, 6, 233283).
cost(20, 7, 295524).
cost(20, 8, 519159).
cost(20, 9, 569234).
cost(20, 10, 268738).
cost(20, 11, 269279).
cost(20, 12, 457223).
cost(20, 13, 253511).
cost(20, 14, 92807).
cost(20, 15, 186847).
cost(20, 16, 130016).
cost(20, 17, 184943).
cost(20, 18, 102439).
cost(20, 19, 608483).
