dimension(20).
point(1, 330850.0, 92971.0).
point(2, 564893.0, 150635.0).
point(3, -32508.0, -56478.0).
point(4, -232654.0, -134783.0).
point(5, -118016.0, -153961.0).
point(6, 268463.0, -323497.0).
point(7, 233280.0, 178733.0).
point(8, -425481.0, -100165.0).
point(9, 299633.0, -73398.0).
point(10, -80651.0, 249817.0).
point(11, 75902.0, 33821.0).
point(12, 214562.0, 362513.0).
point(13, -197095.0, 177924.0).
point(14, -27627.0, -228373.0).
point(15, 28896.0, -40734.0).
point(16, 28668.0, -9370.0).
point(17, -87975.0, 189315.0).
point(18, 86419.0, -362827.0).
point(19, 502195.0, -79362.0).
point(20, -266247.0, 247006.0).
cost(1, 2, 241042).
cost(1, 3, 392892).
cost(1, 4, 607790).
cost(1, 5, 512305).
cost(1, 6, 421115).
cost(1, 7, 129904).
cost(1, 8, 780601).
cost(1, 9, 169272).
cost(1, 10, 440379).
cost(1, 11, 261720).
cost(1, 12, 293557).
cost(1, 13, 534736).
cost(1, 14, 481423).
cost(1, 15, 330232).
cost(1, 16, 319042).
cost(1, 17, 429763).
cost(1, 18, 517202).
cost(1, 19, 243018).
cost(1, 20, 616645).
cost(2, 1, 241042).
cost(2, 3, 632285).
cost(2, 4, 847080).
cost(2, 5, 747759).
cost(2, 6, 559171).
cost(2, 7, 332801).
cost(2, 8, 1021637).
cost(2, 9, 347208).
cost(2, 10, 653119).
cost(2, 11, 502750).
cost(2, 12, 409419).
cost(2, 13, 762476).
cost(2, 14, 703368).
cost(2, 15, 569135).
cost(2, 16, 559588).
cost(2, 17, 654013).
cost(2, 18, 701841).
cost(2, 19, 238390).
cost(2, 20, 836708).
cost(3, 1, 392892).
cost(3, 2, 632285).
cost(3, 4, 214919).
cost(3, 5, 129671).
cost(3, 6, 402346).
cost(3, 7, 354919).
cost(3, 8, 395394).
cost(3, 9, 332572).
cost(3, 10, 310055).
cost(3, 11, 141091).
cost(3, 12, 486412).
cost(3, 13, 286414).
cost(3, 14, 171964).
cost(3, 15, 63390).
cost(3, 16, 77212).
cost(3, 17, 251974).
cost(3, 18, 328623).
cost(3, 19, 535192).
cost(3, 20, 383062).
cost(4, 1, 607790).
cost(4, 2, 847080).
cost(4, 3, 214919).
cost(4, 5, 116231).
cost(4, 6, 535473).
cost(4, 7, 561593).
cost(4, 8, 195910).
cost(4, 9, 535815).
cost(4, 10, 413548).
cost(4, 11, 351616).
cost(4, 12, 668809).
cost(4, 13, 314722).
cost(4, 14, 225378).
cost(4, 15, 277945).
cost(4, 16, 289858).
cost(4, 17, 354925).
cost(4, 18, 392188).
cost(4, 19, 736936).
cost(4, 20, 383264).
cost(5, 1, 512305).
cost(5, 2, 747759).
cost(5, 3, 129671).
cost(5, 4, 116231).
cost(5, 6, 422029).
cost(5, 7, 483833).
cost(5, 8, 312136).
cost(5, 9, 425348).
cost(5, 10, 405503).
cost(5, 11, 269938).
cost(5, 12, 614291).
cost(5, 13, 341176).
cost(5, 14, 117078).
cost(5, 15, 185482).
cost(5, 16, 205968).
cost(5, 17, 344588).
cost(5, 18, 292265).
cost(5, 19, 624681).
cost(5, 20, 427489).
cost(6, 1, 421115).
cost(6, 2, 559171).
cost(6, 3, 402346).
cost(6, 4, 535473).
cost(6, 5, 422029).
cost(6, 7, 503461).
cost(6, 8, 728996).
cost(6, 9, 252034).
cost(6, 10, 671245).
cost(6, 11, 405901).
cost(6, 12, 688124).
cost(6, 13, 684227).
cost(6, 14, 310995).
cost(6, 15, 370604).
cost(6, 16, 395193).
cost(6, 17, 624519).
cost(6, 18, 186244).
cost(6, 19, 337983).
cost(6, 20, 781913).
cost(7, 1, 129904).
cost(7, 2, 332801).
cost(7, 3, 354919).
cost(7, 4, 561593).
cost(7, 5, 483833).
cost(7, 6, 503461).
cost(7, 8, 715367).
cost(7, 9, 260716).
cost(7, 10, 321878).
cost(7, 11, 213933).
cost(7, 12, 184731).
cost(7, 13, 430376).
cost(7, 14, 483537).
cost(7, 15, 299898).
cost(7, 16, 277937).
cost(7, 17, 321429).
cost(7, 18, 561120).
cost(7, 19, 372731).
cost(7, 20, 504171).
cost(8, 1, 780601).
cost(8, 2, 1021637).
cost(8, 3, 395394).
cost(8, 4, 195910).
cost(8, 5, 312136).
cost(8, 6, 728996).
cost(8, 7, 715367).
cost(8, 9, 725608).
cost(8, 10, 491320).
cost(8, 11, 518977).
cost(8, 12, 789763).
cost(8, 13, 359852).
cost(8, 14, 418001).
cost(8, 15, 458247).
cost(8, 16, 463136).
cost(8, 17, 444645).
cost(8, 18, 575355).
cost(8, 19, 927909).
cost(8, 20, 381947).
cost(9, 1, 169272).
cost(9, 2, 347208).
cost(9, 3, 332572).
cost(9, 4, 535815).
cost(9, 5, 425348).
cost(9, 6, 252034).
cost(9, 7, 260716).
cost(9, 8, 725608).
cost(9, 10, 499083).
cost(9, 11, 248096).
cost(9, 12, 444135).
cost(9, 13, 556688).
cost(9, 14, 362100).
cost(9, 15, 272700).
cost(9, 16, 278427).
cost(9, 17, 468250).
cost(9, 18, 359485).
cost(9, 19, 202650).
cost(9, 20, 650291).
cost(10, 1, 440379).
cost(10, 2, 653119).
cost(10, 3, 310055).
cost(10, 4, 413548).
cost(10, 5, 405503).
cost(10, 6, 671245).
cost(10, 7, 321878).
cost(10, 8, 491320).
cost(10, 9, 499083).
cost(10, 11, 266764).
cost(10, 12, 315992).
cost(10, 13, 136850).
cost(10, 14, 481121).
cost(10, 15, 310516).
cost(10, 16, 281298).
cost(10, 17, 60944).
cost(10, 18, 635016).
cost(10, 19, 669379).
cost(10, 20, 185617).
cost(11, 1, 261720).
cost(11, 2, 502750).
cost(11, 3, 141091).
cost(11, 4, 351616).
cost(11, 5, 269938).
cost(11, 6, 405901).
cost(11, 7, 213933).
cost(11, 8, 518977).
cost(11, 9, 248096).
cost(11, 10, 266764).
cost(11, 12, 356742).
cost(11, 13, 308696).
cost(11, 14, 281894).
cost(11, 15, 88136).
cost(11, 16, 64004).
cost(11, 17, 225907).
cost(11, 18, 396787).
cost(11, 19, 441062).
cost(11, 20, 403130).
cost(12, 1, 293557).
cost(12, 2, 409419).
cost(12, 3, 486412).
cost(12, 4, 668809).
cost(12, 5, 614291).
cost(12, 6, 688124).
cost(12, 7, 184731).
cost(12, 8, 789763).
cost(12, 9, 444135).
cost(12, 10, 315992).
cost(12, 11, 356742).
cost(12, 13, 451148).
cost(12, 14, 638594).
cost(12, 15, 443937).
cost(12, 16, 415757).
cost(12, 17, 348606).
cost(12, 18, 736572).
cost(12, 19, 527244).
cost(12, 20, 494489).
cost(13, 1, 534736).
cost(13, 2, 762476).
cost(13, 3, 286414).
cost(13, 4, 314722).
cost(13, 5, 341176).
cost(13, 6, 684227).
cost(13, 7, 430376).
cost(13, 8, 359852).
cost(13, 9, 556688).
cost(13, 10, 136850).
cost(13, 11, 308696).
cost(13, 12, 451148).
cost(13, 14, 440223).
cost(13, 15, 314457).
cost(13, 16, 293339).
cost(13, 17, 109713).
cost(13, 18, 610567).
cost(13, 19, 745119).
cost(13, 20, 97746).
cost(14, 1, 481423).
cost(14, 2, 703368).
cost(14, 3, 171964).
cost(14, 4, 225378).
cost(14, 5, 117078).
cost(14, 6, 310995).
cost(14, 7, 483537).
cost(14, 8, 418001).
cost(14, 9, 362100).
cost(14, 10, 481121).
cost(14, 11, 281894).
cost(14, 12, 638594).
cost(14, 13, 440223).
cost(14, 15, 195967).
cost(14, 16, 226123).
cost(14, 17, 422025).
cost(14, 18, 176308).
cost(14, 19, 550378).
cost(14, 20, 531907).
cost(15, 1, 330232).
cost(15, 2, 569135).
cost(15, 3, 63390).
cost(15, 4, 277945).
cost(15, 5, 185482).
cost(15, 6, 370604).
cost(15, 7, 299898).
cost(15, 8, 458247).
cost(15, 9, 272700).
cost(15, 10, 310516).
cost(15, 11, 88136).
cost(15, 12, 443937).
cost(15, 13, 314457).
cost(15, 14, 195967).
cost(15, 16, 31365).
cost(15, 17, 258034).
cost(15, 18, 327189).
cost(15, 19, 474873).
cost(15, 20, 412194).
cost(16, 1, 319042).
cost(16, 2, 559588).
cost(16, 3, 77212).
cost(16, 4, 289858).
cost(16, 5, 205968).
cost(16, 6, 395193).
cost(16, 7, 277937).
cost(16, 8, 463136).
cost(16, 9, 278427).
cost(16, 10, 281298).
cost(16, 11, 64004).
cost(16, 12, 415757).
cost(16, 13, 293339).
cost(16, 14, 226123).
cost(16, 15, 31365).
cost(16, 17, 230394).
cost(16, 18, 358144).
cost(16, 19, 478672).
cost(16, 20, 390773).
cost(17, 1, 429763).
cost(17, 2, 654013).
cost(17, 3, 251974).
cost(17, 4, 354925).
cost(17, 5, 344588).
cost(17, 6, 624519).
cost(17, 7, 321429).
cost(17, 8, 444645).
cost(17, 9, 468250).
cost(17, 10, 60944).
cost(17, 11, 225907).
cost(17, 12, 348606).
cost(17, 13, 109713).
cost(17, 14, 422025).
cost(17, 15, 258034).
cost(17, 16, 230394).
cost(17, 18, 579029).
cost(17, 19, 648450).
cost(17, 20, 187374).
cost(18, 1, 517202).
cost(18, 2, 701841).
cost(18, 3, 328623).
cost(18, 4, 392188).
cost(18, 5, 292265).
cost(18, 6, 186244).
cost(18, 7, 561120).
cost(18, 8, 575355).
cost(18, 9, 359485).
cost(18, 10, 635016).
cost(18, 11, 396787).
cost(18, 12, 736572).
cost(18, 13, 610567).
cost(18, 14, 176308).
cost(18, 15, 327189).
cost(18, 16, 358144).
cost(18, 17, 579029).
cost(18, 19, 503212).
cost(18, 20, 704464).
cost(19, 1, 243018).
cost(19, 2, 238390).
cost(19, 3, 535192).
cost(19, 4, 736936).
cost(19, 5, 624681).
cost(19, 6, 337983).
cost(19, 7, 372731).
cost(19, 8, 927909).
cost(19, 9, 202650).
cost(19, 10, 669379).
cost(19, 11, 441062).
cost(19, 12, 527244).
cost(19, 13, 745119).
cost(19, 14, 550378).
cost(19, 15, 474873).
cost(19, 16, 478672).
cost(19, 17, 648450).
cost(19, 18, 503212).
cost(19, 20, 834877).
cost(20, 1, 616645).
cost(20, 2, 836708).
cost(20, 3, 383062).
cost(20, 4, 383264).
cost(20, 5, 427489).
cost(20, 6, 781913).
cost(20, 7, 504171).
cost(20, 8, 381947).
cost(20, 9, 650291).
cost(20, 10, 185617).
cost(20, 11, 403130).
cost(20, 12, 494489).
cost(20, 13, 97746).
cost(20, 14, 531907).
cost(20, 15, 412194).
cost(20, 16, 390773).
cost(20, 17, 187374).
cost(20, 18, 704464).
cost(20, 19, 834877).
