dimension(20).
point(1, -6937.0, 267862.0).
point(2, 354200.0, 138429.0).
point(3, -255029.0, 179782.0).
point(4, 67864.0, -84334.0).
point(5, -44426.0, -127786.0).
point(6, 80778.0, -51757.0).
point(7, -182867.0, 153128.0).
point(8, -127770.0, -42005.0).
point(9, 161052.0, 6108.0).
point(10, -127174.0, 92940.0).
point(11, 49645.0, 223478.0).
point(12, -61955.0, 325415.0).
point(13, 326047.0, -90060.0).
point(14, -40542.0, 28982.0).
point(15, 515191.0, 23949.0).
point(16, -248929.0, 212929.0).
point(17, -104575.0, 590806.0).
point(18, -112267.0, 5995.0).
point(19, -197434.0, 290478.0).
point(20, 301172.0, 7263.0).
cost(1, 2, 383631).
cost(1, 3, 263264).
cost(1, 4, 360052).
cost(1, 5, 397420).
cost(1, 6, 331437).
cost(1, 7, 210036).
cost(1, 8, 332593).
cost(1, 9, 311023).
cost(1, 10, 212261).
cost(1, 11, 71913).
cost(1, 12, 79620).
cost(1, 13, 488862).
cost(1, 14, 241232).
cost(1, 15, 576291).
cost(1, 16, 248149).
cost(1, 17, 337381).
cost(1, 18, 282257).
cost(1, 19, 191835).
cost(1, 20, 403538).
cost(2, 1, 383631).
cost(2, 3, 610631).
cost(2, 4, 362783).
cost(2, 5, 479347).
cost(2, 6, 333062).
cost(2, 7, 537268).
cost(2, 8, 514637).
cost(2, 9, 234126).
cost(2, 10, 483519).
cost(2, 11, 316207).
cost(2, 12, 456233).
cost(2, 13, 230217).
cost(2, 14, 409634).
cost(2, 15, 197544).
cost(2, 16, 607713).
cost(2, 17, 644298).
cost(2, 18, 484902).
cost(2, 19, 572205).
cost(2, 20, 141480).
cost(3, 1, 263264).
cost(3, 2, 610631).
cost(3, 4, 417154).
cost(3, 5, 372762).
cost(3, 6, 407893).
cost(3, 7, 76927).
cost(3, 8, 255704).
cost(3, 9, 450873).
cost(3, 10, 154559).
cost(3, 11, 307791).
cost(3, 12, 241840).
cost(3, 13, 640675).
cost(3, 14, 262193).
cost(3, 15, 785826).
cost(3, 16, 33704).
cost(3, 17, 437695).
cost(3, 18, 224906).
cost(3, 19, 124783).
cost(3, 20, 582342).
cost(4, 1, 360052).
cost(4, 2, 362783).
cost(4, 3, 417154).
cost(4, 5, 120404).
cost(4, 6, 35043).
cost(4, 7, 345332).
cost(4, 8, 200161).
cost(4, 9, 129861).
cost(4, 10, 263564).
cost(4, 11, 308351).
cost(4, 12, 429822).
cost(4, 13, 258246).
cost(4, 14, 156820).
cost(4, 15, 460246).
cost(4, 16, 434423).
cost(4, 17, 696814).
cost(4, 18, 201511).
cost(4, 19, 459203).
cost(4, 20, 250644).
cost(5, 1, 397420).
cost(5, 2, 479347).
cost(5, 3, 372762).
cost(5, 4, 120404).
cost(5, 6, 146480).
cost(5, 7, 313175).
cost(5, 8, 119602).
cost(5, 9, 245253).
cost(5, 10, 235727).
cost(5, 11, 363642).
cost(5, 12, 453540).
cost(5, 13, 372389).
cost(5, 14, 156816).
cost(5, 15, 579823).
cost(5, 16, 397377).
cost(5, 17, 721105).
cost(5, 18, 149999).
cost(5, 19, 445372).
cost(5, 20, 371047).
cost(6, 1, 331437).
cost(6, 2, 333062).
cost(6, 3, 407893).
cost(6, 4, 35043).
cost(6, 5, 146480).
cost(6, 7, 333896).
cost(6, 8, 208776).
cost(6, 9, 98956).
cost(6, 10, 253340).
cost(6, 11, 276990).
cost(6, 12, 403276).
cost(6, 13, 248242).
cost(6, 14, 145730).
cost(6, 15, 440960).
cost(6, 16, 422807).
cost(6, 17, 668762).
cost(6, 18, 201499).
cost(6, 19, 441052).
cost(6, 20, 228160).
cost(7, 1, 210036).
cost(7, 2, 537268).
cost(7, 3, 76927).
cost(7, 4, 345332).
cost(7, 5, 313175).
cost(7, 6, 333896).
cost(7, 8, 202762).
cost(7, 9, 374026).
cost(7, 10, 82002).
cost(7, 11, 242922).
cost(7, 12, 210482).
cost(7, 13, 564034).
cost(7, 14, 188861).
cost(7, 15, 709910).
cost(7, 16, 89109).
cost(7, 17, 444625).
cost(7, 18, 163195).
cost(7, 19, 138120).
cost(7, 20, 505540).
cost(8, 1, 332593).
cost(8, 2, 514637).
cost(8, 3, 255704).
cost(8, 4, 200161).
cost(8, 5, 119602).
cost(8, 6, 208776).
cost(8, 7, 202762).
cost(8, 9, 292802).
cost(8, 10, 134946).
cost(8, 11, 319308).
cost(8, 12, 373268).
cost(8, 13, 456354).
cost(8, 14, 112463).
cost(8, 15, 646335).
cost(8, 16, 282260).
cost(8, 17, 633236).
cost(8, 18, 50441).
cost(8, 19, 339703).
cost(8, 20, 431762).
cost(9, 1, 311023).
cost(9, 2, 234126).
cost(9, 3, 450873).
cost(9, 4, 129861).
cost(9, 5, 245253).
cost(9, 6, 98956).
cost(9, 7, 374026).
cost(9, 8, 292802).
cost(9, 10, 301022).
cost(9, 11, 244256).
cost(9, 12, 389473).
cost(9, 13, 190975).
cost(9, 14, 202888).
cost(9, 15, 354588).
cost(9, 16, 459194).
cost(9, 17, 642207).
cost(9, 18, 273319).
cost(9, 19, 457579).
cost(9, 20, 140125).
cost(10, 1, 212261).
cost(10, 2, 483519).
cost(10, 3, 154559).
cost(10, 4, 263564).
cost(10, 5, 235727).
cost(10, 6, 253340).
cost(10, 7, 82002).
cost(10, 8, 134946).
cost(10, 9, 301022).
cost(10, 11, 219784).
cost(10, 12, 241450).
cost(10, 13, 488772).
cost(10, 14, 107683).
cost(10, 15, 646059).
cost(10, 16, 170943).
cost(10, 17, 498379).
cost(10, 18, 88214).
cost(10, 19, 209661).
cost(10, 20, 436830).
cost(11, 1, 71913).
cost(11, 2, 316207).
cost(11, 3, 307791).
cost(11, 4, 308351).
cost(11, 5, 363642).
cost(11, 6, 276990).
cost(11, 7, 242922).
cost(11, 8, 319308).
cost(11, 9, 244256).
cost(11, 10, 219784).
cost(11, 12, 151148).
cost(11, 13, 417976).
cost(11, 14, 214388).
cost(11, 15, 506503).
cost(11, 16, 298760).
cost(11, 17, 398389).
cost(11, 18, 271135).
cost(11, 19, 256002).
cost(11, 20, 331685).
cost(12, 1, 79620).
cost(12, 2, 456233).
cost(12, 3, 241840).
cost(12, 4, 429822).
cost(12, 5, 453540).
cost(12, 6, 403276).
cost(12, 7, 210482).
cost(12, 8, 373268).
cost(12, 9, 389473).
cost(12, 10, 241450).
cost(12, 11, 151148).
cost(12, 13, 568476).
cost(12, 14, 297205).
cost(12, 15, 651137).
cost(12, 16, 218203).
cost(12, 17, 268791).
cost(12, 18, 323358).
cost(12, 19, 139911).
cost(12, 20, 482786).
cost(13, 1, 488862).
cost(13, 2, 230217).
cost(13, 3, 640675).
cost(13, 4, 258246).
cost(13, 5, 372389).
cost(13, 6, 248242).
cost(13, 7, 564034).
cost(13, 8, 456354).
cost(13, 9, 190975).
cost(13, 10, 488772).
cost(13, 11, 417976).
cost(13, 12, 568476).
cost(13, 14, 385433).
cost(13, 15, 220847).
cost(13, 16, 649923).
cost(13, 17, 805614).
cost(13, 18, 448716).
cost(13, 19, 647180).
cost(13, 20, 100452).
cost(14, 1, 241232).
cost(14, 2, 409634).
cost(14, 3, 262193).
cost(14, 4, 156820).
cost(14, 5, 156816).
cost(14, 6, 145730).
cost(14, 7, 188861).
cost(14, 8, 112463).
cost(14, 9, 202888).
cost(14, 10, 107683).
cost(14, 11, 214388).
cost(14, 12, 297205).
cost(14, 13, 385433).
cost(14, 15, 555756).
cost(14, 16, 277960).
cost(14, 17, 565461).
cost(14, 18, 75319).
cost(14, 19, 304951).
cost(14, 20, 342404).
cost(15, 1, 576291).
cost(15, 2, 197544).
cost(15, 3, 785826).
cost(15, 4, 460246).
cost(15, 5, 579823).
cost(15, 6, 440960).
cost(15, 7, 709910).
cost(15, 8, 646335).
cost(15, 9, 354588).
cost(15, 10, 646059).
cost(15, 11, 506503).
cost(15, 12, 651137).
cost(15, 13, 220847).
cost(15, 14, 555756).
cost(15, 16, 787142).
cost(15, 17, 839903).
cost(15, 18, 627715).
cost(15, 19, 760836).
cost(15, 20, 214668).
cost(16, 1, 248149).
cost(16, 2, 607713).
cost(16, 3, 33704).
cost(16, 4, 434423).
cost(16, 5, 397377).
cost(16, 6, 422807).
cost(16, 7, 89109).
cost(16, 8, 282260).
cost(16, 9, 459194).
cost(16, 10, 170943).
cost(16, 11, 298760).
cost(16, 12, 218203).
cost(16, 13, 649923).
cost(16, 14, 277960).
cost(16, 15, 787142).
cost(16, 17, 404511).
cost(16, 18, 247988).
cost(16, 19, 93089).
cost(16, 20, 587290).
cost(17, 1, 337381).
cost(17, 2, 644298).
cost(17, 3, 437695).
cost(17, 4, 696814).
cost(17, 5, 721105).
cost(17, 6, 668762).
cost(17, 7, 444625).
cost(17, 8, 633236).
cost(17, 9, 642207).
cost(17, 10, 498379).
cost(17, 11, 398389).
cost(17, 12, 268791).
cost(17, 13, 805614).
cost(17, 14, 565461).
cost(17, 15, 839903).
cost(17, 16, 404511).
cost(17, 18, 584862).
cost(17, 19, 314356).
cost(17, 20, 710741).
cost(18, 1, 282257).
cost(18, 2, 484902).
cost(18, 3, 224906).
cost(18, 4, 201511).
cost(18, 5, 149999).
cost(18, 6, 201499).
cost(18, 7, 163195).
cost(18, 8, 50441).
cost(18, 9, 273319).
cost(18, 10, 88214).
cost(18, 11, 271135).
cost(18, 12, 323358).
cost(18, 13, 448716).
cost(18, 14, 75319).
cost(18, 15, 627715).
cost(18, 16, 247988).
cost(18, 17, 584862).
cost(18, 19, 296958).
cost(18, 20, 413441).
cost(19, 1, 191835).
cost(19, 2, 572205).
cost(19, 3, 124783).
cost(19, 4, 459203).
cost(19, 5, 445372).
cost(19, 6, 441052).
cost(19, 7, 138120).
cost(19, 8, 339703).
cost(19, 9, 457579).
cost(19, 10, 209661).
cost(19, 11, 256002).
cost(19, 12, 139911).
cost(19, 13, 647180).
cost(19, 14, 304951).
cost(19, 15, 760836).
cost(19, 16, 93089).
cost(19, 17, 314356).
cost(19, 18, 296958).
cost(19, 20, 573427).
cost(20, 1, 403538).
cost(20, 2, 141480).
cost(20, 3, 582342).
cost(20, 4, 250644).
cost(20, 5, 371047).
cost(20, 6, 228160).
cost(20, 7, 505540).
cost(20, 8, 431762).
cost(20, 9, 140125).
cost(20, 10, 436830).
cost(20, 11, 331685).
cost(20, 12, 482786).
cost(20, 13, 100452).
cost(20, 14, 342404).
cost(20, 15, 214668).
cost(20, 16, 587290).
cost(20, 17, 710741).
cost(20, 18, 413441).
cost(20, 19, 573427).
