dimension(20).
point(1, 115923.0, 106068.0).
point(2, -380077.0, -259283.0).
point(3, 176873.0, 68322.0).
point(4, 194613.0, 331349.0).
point(5, 51218.0, -349557.0).
point(6, 368657.0, -342331.0).
point(7, 271516.0, -8874.0).
point(8, -250746.0, 173147.0).
point(9, 377054.0, 104563.0).
point(10, -51632.0, -279821.0).
point(11, 99714.0, 153615.0).
point(12, -192267.0, 183355.0).
point(13, 363575.0, -273443.0).
point(14, -188363.0, -260459.0).
point(15, 330272.0, 19084.0).
point(16, -44558.0, -318937.0).
point(17, -103168.0, 136621.0).
point(18, 350605.0, 234774.0).
point(19, -435552.0, -7978.0).
point(20, 279228.0, -139503.0).
cost(1, 2, 616034).
cost(1, 3, 71691).
cost(1, 4, 238629).
cost(1, 5, 460197).
cost(1, 6, 514719).
cost(1, 7, 193445).
cost(1, 8, 372754).
cost(1, 9, 261135).
cost(1, 10, 420696).
cost(1, 11, 50234).
cost(1, 12, 317733).
cost(1, 13, 453167).
cost(1, 14, 476374).
cost(1, 15, 231326).
cost(1, 16, 454294).
cost(1, 17, 221211).
cost(1, 18, 267658).
cost(1, 19, 563144).
cost(1, 20, 294913).
cost(2, 1, 616034).
cost(2, 3, 646157).
cost(2, 4, 824084).
cost(2, 5, 440641).
cost(2, 6, 753326).
cost(2, 7, 698053).
cost(2, 8, 451356).
cost(2, 9, 840019).
cost(2, 10, 329087).
cost(2, 11, 632996).
cost(2, 12, 480834).
cost(2, 13, 743787).
cost(2, 14, 191718).
cost(2, 15, 762944).
cost(2, 16, 340781).
cost(2, 17, 483134).
cost(2, 18, 882037).
cost(2, 19, 257355).
cost(2, 20, 670097).
cost(3, 1, 71691).
cost(3, 2, 646157).
cost(3, 4, 263625).
cost(3, 5, 436362).
cost(3, 6, 453230).
cost(3, 7, 122133).
cost(3, 8, 440280).
cost(3, 9, 203435).
cost(3, 10, 416435).
cost(3, 11, 115015).
cost(3, 12, 386648).
cost(3, 13, 389437).
cost(3, 14, 491421).
cost(3, 15, 161108).
cost(3, 16, 446096).
cost(3, 17, 288249).
cost(3, 18, 240601).
cost(3, 19, 617160).
cost(3, 20, 231663).
cost(4, 1, 238629).
cost(4, 2, 824084).
cost(4, 3, 263625).
cost(4, 5, 695841).
cost(4, 6, 695799).
cost(4, 7, 348806).
cost(4, 8, 472623).
cost(4, 9, 291061).
cost(4, 10, 658912).
cost(4, 11, 201482).
cost(4, 12, 414220).
cost(4, 13, 627950).
cost(4, 14, 704917).
cost(4, 15, 340460).
cost(4, 16, 692874).
cost(4, 17, 355798).
cost(4, 18, 183467).
cost(4, 19, 715717).
cost(4, 20, 478395).
cost(5, 1, 460197).
cost(5, 2, 440641).
cost(5, 3, 436362).
cost(5, 4, 695841).
cost(5, 6, 317521).
cost(5, 7, 405704).
cost(5, 8, 603657).
cost(5, 9, 558922).
cost(5, 10, 124263).
cost(5, 11, 505504).
cost(5, 12, 585901).
cost(5, 13, 321497).
cost(5, 14, 255612).
cost(5, 15, 462350).
cost(5, 16, 100552).
cost(5, 17, 510102).
cost(5, 18, 656563).
cost(5, 19, 594661).
cost(5, 20, 310018).
cost(6, 1, 514719).
cost(6, 2, 753326).
cost(6, 3, 453230).
cost(6, 4, 695799).
cost(6, 5, 317521).
cost(6, 7, 347318).
cost(6, 8, 805840).
cost(6, 9, 446973).
cost(6, 10, 424912).
cost(6, 11, 564174).
cost(6, 12, 768753).
cost(6, 13, 69075).
cost(6, 14, 563005).
cost(6, 15, 363448).
cost(6, 16, 413877).
cost(6, 17, 672320).
cost(6, 18, 577387).
cost(6, 19, 870944).
cost(6, 20, 221668).
cost(7, 1, 193445).
cost(7, 2, 698053).
cost(7, 3, 122133).
cost(7, 4, 348806).
cost(7, 5, 405704).
cost(7, 6, 347318).
cost(7, 8, 553073).
cost(7, 9, 154939).
cost(7, 10, 421707).
cost(7, 11, 236471).
cost(7, 12, 502042).
cost(7, 13, 280128).
cost(7, 14, 524198).
cost(7, 15, 65069).
cost(7, 16, 442766).
cost(7, 17, 401941).
cost(7, 18, 256163).
cost(7, 19, 707069).
cost(7, 20, 130856).
cost(8, 1, 372754).
cost(8, 2, 451356).
cost(8, 3, 440280).
cost(8, 4, 472623).
cost(8, 5, 603657).
cost(8, 6, 805840).
cost(8, 7, 553073).
cost(8, 9, 631535).
cost(8, 10, 494799).
cost(8, 11, 351004).
cost(8, 12, 59363).
cost(8, 13, 759495).
cost(8, 14, 438071).
cost(8, 15, 601097).
cost(8, 16, 533536).
cost(8, 17, 152031).
cost(8, 18, 604501).
cost(8, 19, 258765).
cost(8, 20, 615323).
cost(9, 1, 261135).
cost(9, 2, 840019).
cost(9, 3, 203435).
cost(9, 4, 291061).
cost(9, 5, 558922).
cost(9, 6, 446973).
cost(9, 7, 154939).
cost(9, 8, 631535).
cost(9, 10, 575780).
cost(9, 11, 281644).
cost(9, 12, 574747).
cost(9, 13, 378246).
cost(9, 14, 673006).
cost(9, 15, 97443).
cost(9, 16, 597586).
cost(9, 17, 481291).
cost(9, 18, 132870).
cost(9, 19, 820362).
cost(9, 20, 262941).
cost(10, 1, 420696).
cost(10, 2, 329087).
cost(10, 3, 416435).
cost(10, 4, 658912).
cost(10, 5, 124263).
cost(10, 6, 424912).
cost(10, 7, 421707).
cost(10, 8, 494799).
cost(10, 9, 575780).
cost(10, 11, 459100).
cost(10, 12, 484056).
cost(10, 13, 415256).
cost(10, 14, 138095).
cost(10, 15, 484969).
cost(10, 16, 39751).
cost(10, 17, 419619).
cost(10, 18, 653148).
cost(10, 19, 470418).
cost(10, 20, 359385).
cost(11, 1, 50234).
cost(11, 2, 632996).
cost(11, 3, 115015).
cost(11, 4, 201482).
cost(11, 5, 505504).
cost(11, 6, 564174).
cost(11, 7, 236471).
cost(11, 8, 351004).
cost(11, 9, 281644).
cost(11, 10, 459100).
cost(11, 12, 293492).
cost(11, 13, 501997).
cost(11, 14, 504426).
cost(11, 15, 266937).
cost(11, 16, 494085).
cost(11, 17, 203592).
cost(11, 18, 263691).
cost(11, 19, 559126).
cost(11, 20, 343720).
cost(12, 1, 317733).
cost(12, 2, 480834).
cost(12, 3, 386648).
cost(12, 4, 414220).
cost(12, 5, 585901).
cost(12, 6, 768753).
cost(12, 7, 502042).
cost(12, 8, 59363).
cost(12, 9, 574747).
cost(12, 10, 484056).
cost(12, 11, 293492).
cost(12, 13, 719461).
cost(12, 14, 443831).
cost(12, 15, 547752).
cost(12, 16, 523560).
cost(12, 17, 100612).
cost(12, 18, 545302).
cost(12, 19, 309509).
cost(12, 20, 571441).
cost(13, 1, 453167).
cost(13, 2, 743787).
cost(13, 3, 389437).
cost(13, 4, 627950).
cost(13, 5, 321497).
cost(13, 6, 69075).
cost(13, 7, 280128).
cost(13, 8, 759495).
cost(13, 9, 378246).
cost(13, 10, 415256).
cost(13, 11, 501997).
cost(13, 12, 719461).
cost(13, 14, 552091).
cost(13, 15, 294417).
cost(13, 16, 410661).
cost(13, 17, 621290).
cost(13, 18, 508382).
cost(13, 19, 842066).
cost(13, 20, 158286).
cost(14, 1, 476374).
cost(14, 2, 191718).
cost(14, 3, 491421).
cost(14, 4, 704917).
cost(14, 5, 255612).
cost(14, 6, 563005).
cost(14, 7, 524198).
cost(14, 8, 438071).
cost(14, 9, 673006).
cost(14, 10, 138095).
cost(14, 11, 504426).
cost(14, 12, 443831).
cost(14, 13, 552091).
cost(14, 15, 589174).
cost(14, 16, 155240).
cost(14, 17, 406117).
cost(14, 18, 731944).
cost(14, 19, 353340).
cost(14, 20, 482982).
cost(15, 1, 231326).
cost(15, 2, 762944).
cost(15, 3, 161108).
cost(15, 4, 340460).
cost(15, 5, 462350).
cost(15, 6, 363448).
cost(15, 7, 65069).
cost(15, 8, 601097).
cost(15, 9, 97443).
cost(15, 10, 484969).
cost(15, 11, 266937).
cost(15, 12, 547752).
cost(15, 13, 294417).
cost(15, 14, 589174).
cost(15, 16, 504733).
cost(15, 17, 449094).
cost(15, 18, 216646).
cost(15, 19, 766302).
cost(15, 20, 166599).
cost(16, 1, 454294).
cost(16, 2, 340781).
cost(16, 3, 446096).
cost(16, 4, 692874).
cost(16, 5, 100552).
cost(16, 6, 413877).
cost(16, 7, 442766).
cost(16, 8, 533536).
cost(16, 9, 597586).
cost(16, 10, 39751).
cost(16, 11, 494085).
cost(16, 12, 523560).
cost(16, 13, 410661).
cost(16, 14, 155240).
cost(16, 15, 504733).
cost(16, 17, 459313).
cost(16, 18, 680257).
cost(16, 19, 499572).
cost(16, 20, 370181).
cost(17, 1, 221211).
cost(17, 2, 483134).
cost(17, 3, 288249).
cost(17, 4, 355798).
cost(17, 5, 510102).
cost(17, 6, 672320).
cost(17, 7, 401941).
cost(17, 8, 152031).
cost(17, 9, 481291).
cost(17, 10, 419619).
cost(17, 11, 203592).
cost(17, 12, 100612).
cost(17, 13, 621290).
cost(17, 14, 406117).
cost(17, 15, 449094).
cost(17, 16, 459313).
cost(17, 18, 464267).
cost(17, 19, 362475).
cost(17, 20, 471668).
cost(18, 1, 267658).
cost(18, 2, 882037).
cost(18, 3, 240601).
cost(18, 4, 183467).
cost(18, 5, 656563).
cost(18, 6, 577387).
cost(18, 7, 256163).
cost(18, 8, 604501).
cost(18, 9, 132870).
cost(18, 10, 653148).
cost(18, 11, 263691).
cost(18, 12, 545302).
cost(18, 13, 508382).
cost(18, 14, 731944).
cost(18, 15, 216646).
cost(18, 16, 680257).
cost(18, 17, 464267).
cost(18, 19, 822783).
cost(18, 20, 381022).
cost(19, 1, 563144).
cost(19, 2, 257355).
cost(19, 3, 617160).
cost(19, 4, 715717).
cost(19, 5, 594661).
cost(19, 6, 870944).
cost(19, 7, 707069).
cost(19, 8, 258765).
cost(19, 9, 820362).
cost(19, 10, 470418).
cost(19, 11, 559126).
cost(19, 12, 309509).
cost(19, 13, 842066).
cost(19, 14, 353340).
cost(19, 15, 766302).
cost(19, 16, 499572).
cost(19, 17, 362475).
cost(19, 18, 822783).
cost(19, 20, 726780).
cost(20, 1, 294913).
cost(20, 2, 670097).
cost(20, 3, 231663).
cost(20, 4, 478395).
cost(20, 5, 310018).
cost(20, 6, 221668).
cost(20, 7, 130856).
cost(20, 8, 615323).
cost(20, 9, 262941).
cost(20, 10, 359385).
cost(20, 11, 343720).
cost(20, 12, 571441).
cost(20, 13, 158286).
cost(20, 14, 482982).
cost(20, 15, 166599).
cost(20, 16, 370181).
cost(20, 17, 471668).
cost(20, 18, 381022).
cost(20, 19, 726780).
