dimension(20).
point(1, 142788.0, -201948.0).
point(2, -60661.0, 362021.0).
point(3, 174884.0, -67303.0).
point(4, -268510.0, -283172.0).
point(5, -378414.0, 96404.0).
point(6, -19412.0, -189334.0).
point(7, -433095.0, -238080.0).
point(8, 207673.0, 208406.0).
point(9, -11247.0, -251949.0).
point(10, 867.0, -40661.0).
point(11, 143587.0, -26445.0).
point(12, 25395.0, -349262.0).
point(13, -542012.0, 179874.0).
point(14, -330496.0, 223442.0).
point(15, 420107.0, 309296.0).
point(16, -103231.0, 137359.0).
point(17, -77273.0, -270106.0).
point(18, -35768.0, -241090.0).
point(19, -446203.0, -112270.0).
point(20, 309924.0, -158150.0).
cost(1, 2, 599544).
cost(1, 3, 138418).
cost(1, 4, 419241).
cost(1, 5, 600554).
cost(1, 6, 162690).
cost(1, 7, 577015).
cost(1, 8, 415452).
cost(1, 9, 161947).
cost(1, 10, 214837).
cost(1, 11, 175505).
cost(1, 12, 188368).
cost(1, 13, 784053).
cost(1, 14, 636360).
cost(1, 15, 581615).
cost(1, 16, 419112).
cost(1, 17, 230374).
cost(1, 18, 182796).
cost(1, 19, 595779).
cost(1, 20, 172779).
cost(2, 1, 599544).
cost(2, 3, 489694).
cost(2, 4, 677846).
cost(2, 5, 414149).
cost(2, 6, 552896).
cost(2, 7, 706278).
cost(2, 8, 309194).
cost(2, 9, 615955).
cost(2, 10, 407355).
cost(2, 11, 438888).
cost(2, 12, 716470).
cost(2, 13, 514661).
cost(2, 14, 303340).
cost(2, 15, 483650).
cost(2, 16, 228660).
cost(2, 17, 632345).
cost(2, 18, 603625).
cost(2, 19, 611224).
cost(2, 20, 638679).
cost(3, 1, 138418).
cost(3, 2, 489694).
cost(3, 4, 493151).
cost(3, 5, 577008).
cost(3, 6, 229440).
cost(3, 7, 631509).
cost(3, 8, 277652).
cost(3, 9, 262181).
cost(3, 10, 176045).
cost(3, 11, 51467).
cost(3, 12, 319136).
cost(3, 13, 758312).
cost(3, 14, 583045).
cost(3, 15, 449401).
cost(3, 16, 345303).
cost(3, 17, 323593).
cost(3, 18, 273086).
cost(3, 19, 622713).
cost(3, 20, 162754).
cost(4, 1, 419241).
cost(4, 2, 677846).
cost(4, 3, 493151).
cost(4, 5, 395167).
cost(4, 6, 266187).
cost(4, 7, 170650).
cost(4, 8, 684397).
cost(4, 9, 259151).
cost(4, 10, 362458).
cost(4, 11, 485523).
cost(4, 12, 301244).
cost(4, 13, 537787).
cost(4, 14, 510392).
cost(4, 15, 908412).
cost(4, 16, 451845).
cost(4, 17, 191683).
cost(4, 18, 236516).
cost(4, 19, 246541).
cost(4, 20, 591791).
cost(5, 1, 600554).
cost(5, 2, 414149).
cost(5, 3, 577008).
cost(5, 4, 395167).
cost(5, 6, 458834).
cost(5, 7, 338924).
cost(5, 8, 596693).
cost(5, 9, 506124).
cost(5, 10, 403288).
cost(5, 11, 536262).
cost(5, 12, 601398).
cost(5, 13, 183661).
cost(5, 14, 135775).
cost(5, 15, 826413).
cost(5, 16, 278214).
cost(5, 17, 474358).
cost(5, 18, 480945).
cost(5, 19, 219409).
cost(5, 20, 733898).
cost(6, 1, 162690).
cost(6, 2, 552896).
cost(6, 3, 229440).
cost(6, 4, 266187).
cost(6, 5, 458834).
cost(6, 7, 416545).
cost(6, 8, 458001).
cost(6, 9, 63145).
cost(6, 10, 150050).
cost(6, 11, 230438).
cost(6, 12, 166086).
cost(6, 13, 639864).
cost(6, 14, 516873).
cost(6, 15, 664687).
cost(6, 16, 337274).
cost(6, 17, 99358).
cost(6, 18, 54279).
cost(6, 19, 433693).
cost(6, 20, 330809).
cost(7, 1, 577015).
cost(7, 2, 706278).
cost(7, 3, 631509).
cost(7, 4, 170650).
cost(7, 5, 338924).
cost(7, 6, 416545).
cost(7, 8, 780982).
cost(7, 9, 422076).
cost(7, 10, 476757).
cost(7, 11, 614289).
cost(7, 12, 471778).
cost(7, 13, 431913).
cost(7, 14, 472789).
cost(7, 15, 1013693).
cost(7, 16, 499765).
cost(7, 17, 357260).
cost(7, 18, 397338).
cost(7, 19, 126491).
cost(7, 20, 747306).
cost(8, 1, 415452).
cost(8, 2, 309194).
cost(8, 3, 277652).
cost(8, 4, 684397).
cost(8, 5, 596693).
cost(8, 6, 458001).
cost(8, 7, 780982).
cost(8, 9, 509757).
cost(8, 10, 323733).
cost(8, 11, 243438).
cost(8, 12, 586702).
cost(8, 13, 750228).
cost(8, 14, 538379).
cost(8, 15, 235174).
cost(8, 16, 318918).
cost(8, 17, 556927).
cost(8, 18, 511185).
cost(8, 19, 728277).
cost(8, 20, 380550).
cost(9, 1, 161947).
cost(9, 2, 615955).
cost(9, 3, 262181).
cost(9, 4, 259151).
cost(9, 5, 506124).
cost(9, 6, 63145).
cost(9, 7, 422076).
cost(9, 8, 509757).
cost(9, 10, 211635).
cost(9, 11, 273543).
cost(9, 12, 103983).
cost(9, 13, 684239).
cost(9, 14, 572640).
cost(9, 15, 707857).
cost(9, 16, 400027).
cost(9, 17, 68477).
cost(9, 18, 26818).
cost(9, 19, 456834).
cost(9, 20, 334588).
cost(10, 1, 214837).
cost(10, 2, 407355).
cost(10, 3, 176045).
cost(10, 4, 362458).
cost(10, 5, 403288).
cost(10, 6, 150050).
cost(10, 7, 476757).
cost(10, 8, 323733).
cost(10, 9, 211635).
cost(10, 11, 143426).
cost(10, 12, 309574).
cost(10, 13, 585964).
cost(10, 14, 423736).
cost(10, 15, 546106).
cost(10, 16, 206222).
cost(10, 17, 242386).
cost(10, 18, 203750).
cost(10, 19, 452769).
cost(10, 20, 330636).
cost(11, 1, 175505).
cost(11, 2, 438888).
cost(11, 3, 51467).
cost(11, 4, 485523).
cost(11, 5, 536262).
cost(11, 6, 230438).
cost(11, 7, 614289).
cost(11, 8, 243438).
cost(11, 9, 273543).
cost(11, 10, 143426).
cost(11, 12, 343773).
cost(11, 13, 715970).
cost(11, 14, 535909).
cost(11, 15, 434954).
cost(11, 16, 296228).
cost(11, 17, 328861).
cost(11, 18, 279715).
cost(11, 19, 596002).
cost(11, 20, 212166).
cost(12, 1, 188368).
cost(12, 2, 716470).
cost(12, 3, 319136).
cost(12, 4, 301244).
cost(12, 5, 601398).
cost(12, 6, 166086).
cost(12, 7, 471778).
cost(12, 8, 586702).
cost(12, 9, 103983).
cost(12, 10, 309574).
cost(12, 11, 343773).
cost(12, 13, 775845).
cost(12, 14, 674276).
cost(12, 15, 767787).
cost(12, 16, 503334).
cost(12, 17, 129639).
cost(12, 18, 124266).
cost(12, 19, 527797).
cost(12, 20, 342754).
cost(13, 1, 784053).
cost(13, 2, 514661).
cost(13, 3, 758312).
cost(13, 4, 537787).
cost(13, 5, 183661).
cost(13, 6, 639864).
cost(13, 7, 431913).
cost(13, 8, 750228).
cost(13, 9, 684239).
cost(13, 10, 585964).
cost(13, 11, 715970).
cost(13, 12, 775845).
cost(13, 14, 215956).
cost(13, 15, 970785).
cost(13, 16, 440836).
cost(13, 17, 646888).
cost(13, 18, 658402).
cost(13, 19, 307453).
cost(13, 20, 916545).
cost(14, 1, 636360).
cost(14, 2, 303340).
cost(14, 3, 583045).
cost(14, 4, 510392).
cost(14, 5, 135775).
cost(14, 6, 516873).
cost(14, 7, 472789).
cost(14, 8, 538379).
cost(14, 9, 572640).
cost(14, 10, 423736).
cost(14, 11, 535909).
cost(14, 12, 674276).
cost(14, 13, 215956).
cost(14, 15, 755497).
cost(14, 16, 243022).
cost(14, 17, 554718).
cost(14, 18, 550141).
cost(14, 19, 355092).
cost(14, 20, 745487).
cost(15, 1, 581615).
cost(15, 2, 483650).
cost(15, 3, 449401).
cost(15, 4, 908412).
cost(15, 5, 826413).
cost(15, 6, 664687).
cost(15, 7, 1013693).
cost(15, 8, 235174).
cost(15, 9, 707857).
cost(15, 10, 546106).
cost(15, 11, 434954).
cost(15, 12, 767787).
cost(15, 13, 970785).
cost(15, 14, 755497).
cost(15, 16, 550858).
cost(15, 17, 763606).
cost(15, 18, 714665).
cost(15, 19, 963437).
cost(15, 20, 480256).
cost(16, 1, 419112).
cost(16, 2, 228660).
cost(16, 3, 345303).
cost(16, 4, 451845).
cost(16, 5, 278214).
cost(16, 6, 337274).
cost(16, 7, 499765).
cost(16, 8, 318918).
cost(16, 9, 400027).
cost(16, 10, 206222).
cost(16, 11, 296228).
cost(16, 12, 503334).
cost(16, 13, 440836).
cost(16, 14, 243022).
cost(16, 15, 550858).
cost(16, 17, 408291).
cost(16, 18, 384415).
cost(16, 19, 424199).
cost(16, 20, 507959).
cost(17, 1, 230374).
cost(17, 2, 632345).
cost(17, 3, 323593).
cost(17, 4, 191683).
cost(17, 5, 474358).
cost(17, 6, 99358).
cost(17, 7, 357260).
cost(17, 8, 556927).
cost(17, 9, 68477).
cost(17, 10, 242386).
cost(17, 11, 328861).
cost(17, 12, 129639).
cost(17, 13, 646888).
cost(17, 14, 554718).
cost(17, 15, 763606).
cost(17, 16, 408291).
cost(17, 18, 50642).
cost(17, 19, 401275).
cost(17, 20, 403058).
cost(18, 1, 182796).
cost(18, 2, 603625).
cost(18, 3, 273086).
cost(18, 4, 236516).
cost(18, 5, 480945).
cost(18, 6, 54279).
cost(18, 7, 397338).
cost(18, 8, 511185).
cost(18, 9, 26818).
cost(18, 10, 203750).
cost(18, 11, 279715).
cost(18, 12, 124266).
cost(18, 13, 658402).
cost(18, 14, 550141).
cost(18, 15, 714665).
cost(18, 16, 384415).
cost(18, 17, 50642).
cost(18, 19, 430176).
cost(18, 20, 355502).
cost(19, 1, 595779).
cost(19, 2, 611224).
cost(19, 3, 622713).
cost(19, 4, 246541).
cost(19, 5, 219409).
cost(19, 6, 433693).
cost(19, 7, 126491).
cost(19, 8, 728277).
cost(19, 9, 456834).
cost(19, 10, 452769).
cost(19, 11, 596002).
cost(19, 12, 527797).
cost(19, 13, 307453).
cost(19, 14, 355092).
cost(19, 15, 963437).
cost(19, 16, 424199).
cost(19, 17, 401275).
cost(19, 18, 430176).
cost(19, 20, 757518).
cost(20, 1, 172779).
cost(20, 2, 638679).
cost(20, 3, 162754).
cost(20, 4, 591791).
cost(20, 5, 733898).
cost(20, 6, 330809).
cost(20, 7, 747306).
cost(20, 8, 380550).
cost(20, 9, 334588).
cost(20, 10, 330636).
cost(20, 11, 212166).
cost(20, 12, 342754).
cost(20, 13, 916545).
cost(20, 14, 745487).
cost(20, 15, 480256).
cost(20, 16, 507959).
cost(20, 17, 403058).
cost(20, 18, 355502).
cost(20, 19, 757518).
