dimension(20).
point(1, 55168.0, -337132.0).
point(2, -104874.0, 17257.0).
point(3, 183177.0, -507734.0).
point(4, 79524.0, -191266.0).
point(5, -180183.0, -110952.0).
point(6, -114654.0, -221876.0).
point(7, 5805.0, 28753.0).
point(8, 170873.0, -218122.0).
point(9, 156770.0, -285786.0).
point(10, 102609.0, 199222.0).
point(11, 346230.0, 370791.0).
point(12, 5834.0, 15624.0).
point(13, -339354.0, -213916.0).
point(14, -201482.0, -57242.0).
point(15, 182092.0, -102566.0).
point(16, -193671.0, -127552.0).
point(17, 262995.0, -124203.0).
point(18, -193457.0, -109688.0).
point(19, -11531.0, -258555.0).
point(20, -333693.0, 195488.0).
cost(1, 2, 388851).
cost(1, 3, 213287).
cost(1, 4, 147885).
cost(1, 5, 326416).
cost(1, 6, 205240).
cost(1, 7, 369200).
cost(1, 8, 165985).
cost(1, 9, 113839).
cost(1, 10, 538448).
cost(1, 11, 765423).
cost(1, 12, 356189).
cost(1, 13, 413316).
cost(1, 14, 379747).
cost(1, 15, 266704).
cost(1, 16, 325338).
cost(1, 17, 297541).
cost(1, 18, 336965).
cost(1, 19, 103068).
cost(1, 20, 659467).
cost(2, 1, 388851).
cost(2, 3, 598823).
cost(2, 4, 278360).
cost(2, 5, 148691).
cost(2, 6, 239333).
cost(2, 7, 111274).
cost(2, 8, 362546).
cost(2, 9, 400366).
cost(2, 10, 275972).
cost(2, 11, 573133).
cost(2, 12, 110720).
cost(2, 13, 329275).
cost(2, 14, 121997).
cost(2, 15, 310978).
cost(2, 16, 169866).
cost(2, 17, 394130).
cost(2, 18, 154797).
cost(2, 19, 291179).
cost(2, 20, 290042).
cost(3, 1, 213287).
cost(3, 2, 598823).
cost(3, 4, 333010).
cost(3, 5, 538021).
cost(3, 6, 412817).
cost(3, 7, 565048).
cost(3, 8, 289873).
cost(3, 9, 223513).
cost(3, 10, 711532).
cost(3, 11, 893528).
cost(3, 12, 552589).
cost(3, 13, 599473).
cost(3, 14, 592373).
cost(3, 15, 405169).
cost(3, 16, 535306).
cost(3, 17, 391749).
cost(3, 18, 547991).
cost(3, 19, 316230).
cost(3, 20, 872740).
cost(4, 1, 147885).
cost(4, 2, 278360).
cost(4, 3, 333010).
cost(4, 5, 271842).
cost(4, 6, 196576).
cost(4, 7, 232041).
cost(4, 8, 95215).
cost(4, 9, 122070).
cost(4, 10, 391170).
cost(4, 11, 622126).
cost(4, 12, 219622).
cost(4, 13, 419490).
cost(4, 14, 311331).
cost(4, 15, 135602).
cost(4, 16, 280526).
cost(4, 17, 195343).
cost(4, 18, 284910).
cost(4, 19, 113220).
cost(4, 20, 565974).
cost(5, 1, 326416).
cost(5, 2, 148691).
cost(5, 3, 538021).
cost(5, 4, 271842).
cost(5, 6, 128834).
cost(5, 7, 232613).
cost(5, 8, 367050).
cost(5, 9, 379611).
cost(5, 10, 419737).
cost(5, 11, 713573).
cost(5, 12, 224997).
cost(5, 13, 189571).
cost(5, 14, 57779).
cost(5, 15, 362372).
cost(5, 16, 21389).
cost(5, 17, 443376).
cost(5, 18, 13334).
cost(5, 19, 224121).
cost(5, 20, 342740).
cost(6, 1, 205240).
cost(6, 2, 239333).
cost(6, 3, 412817).
cost(6, 4, 196576).
cost(6, 5, 128834).
cost(6, 7, 278074).
cost(6, 8, 285552).
cost(6, 9, 278847).
cost(6, 10, 473843).
cost(6, 11, 750778).
cost(6, 12, 266315).
cost(6, 13, 224841).
cost(6, 14, 186128).
cost(6, 15, 319833).
cost(6, 16, 123048).
cost(6, 17, 390075).
cost(6, 18, 137099).
cost(6, 19, 109452).
cost(6, 20, 471350).
cost(7, 1, 369200).
cost(7, 2, 111274).
cost(7, 3, 565048).
cost(7, 4, 232041).
cost(7, 5, 232613).
cost(7, 6, 278074).
cost(7, 8, 296976).
cost(7, 9, 348891).
cost(7, 10, 196037).
cost(7, 11, 482576).
cost(7, 12, 13129).
cost(7, 13, 421928).
cost(7, 14, 224417).
cost(7, 15, 219822).
cost(7, 16, 253420).
cost(7, 17, 299236).
cost(7, 18, 242634).
cost(7, 19, 287831).
cost(7, 20, 378232).
cost(8, 1, 165985).
cost(8, 2, 362546).
cost(8, 3, 289873).
cost(8, 4, 95215).
cost(8, 5, 367050).
cost(8, 6, 285552).
cost(8, 7, 296976).
cost(8, 9, 69118).
cost(8, 10, 422890).
cost(8, 11, 614466).
cost(8, 12, 286138).
cost(8, 13, 510244).
cost(8, 14, 405624).
cost(8, 15, 116099).
cost(8, 16, 375626).
cost(8, 17, 131557).
cost(8, 18, 380124).
cost(8, 19, 186832).
cost(8, 20, 652426).
cost(9, 1, 113839).
cost(9, 2, 400366).
cost(9, 3, 223513).
cost(9, 4, 122070).
cost(9, 5, 379611).
cost(9, 6, 278847).
cost(9, 7, 348891).
cost(9, 8, 69118).
cost(9, 10, 488023).
cost(9, 11, 683366).
cost(9, 12, 337090).
cost(9, 13, 501303).
cost(9, 14, 424943).
cost(9, 15, 184962).
cost(9, 16, 384509).
cost(9, 17, 193372).
cost(9, 18, 392007).
cost(9, 19, 170490).
cost(9, 20, 687153).
cost(10, 1, 538448).
cost(10, 2, 275972).
cost(10, 3, 711532).
cost(10, 4, 391170).
cost(10, 5, 419737).
cost(10, 6, 473843).
cost(10, 7, 196037).
cost(10, 8, 422890).
cost(10, 9, 488023).
cost(10, 11, 297972).
cost(10, 12, 207542).
cost(10, 13, 604991).
cost(10, 14, 397800).
cost(10, 15, 312079).
cost(10, 16, 441093).
cost(10, 17, 361009).
cost(10, 18, 427879).
cost(10, 19, 471792).
cost(10, 20, 436318).
cost(11, 1, 765423).
cost(11, 2, 573133).
cost(11, 3, 893528).
cost(11, 4, 622126).
cost(11, 5, 713573).
cost(11, 6, 750778).
cost(11, 7, 482576).
cost(11, 8, 614466).
cost(11, 9, 683366).
cost(11, 10, 297972).
cost(11, 12, 491948).
cost(11, 13, 901059).
cost(11, 14, 695126).
cost(11, 15, 501007).
cost(11, 16, 734737).
cost(11, 17, 501943).
cost(11, 18, 722580).
cost(11, 19, 723926).
cost(11, 20, 702158).
cost(12, 1, 356189).
cost(12, 2, 110720).
cost(12, 3, 552589).
cost(12, 4, 219622).
cost(12, 5, 224997).
cost(12, 6, 266315).
cost(12, 7, 13129).
cost(12, 8, 286138).
cost(12, 9, 337090).
cost(12, 10, 207542).
cost(12, 11, 491948).
cost(12, 13, 414540).
cost(12, 14, 219748).
cost(12, 15, 212216).
cost(12, 16, 245564).
cost(12, 17, 292717).
cost(12, 18, 235415).
cost(12, 19, 274728).
cost(12, 20, 384226).
cost(13, 1, 413316).
cost(13, 2, 329275).
cost(13, 3, 599473).
cost(13, 4, 419490).
cost(13, 5, 189571).
cost(13, 6, 224841).
cost(13, 7, 421928).
cost(13, 8, 510244).
cost(13, 9, 501303).
cost(13, 10, 604991).
cost(13, 11, 901059).
cost(13, 12, 414540).
cost(13, 14, 208699).
cost(13, 15, 533202).
cost(13, 16, 169358).
cost(13, 17, 608993).
cost(13, 18, 179303).
cost(13, 19, 330848).
cost(13, 20, 409443).
cost(14, 1, 379747).
cost(14, 2, 121997).
cost(14, 3, 592373).
cost(14, 4, 311331).
cost(14, 5, 57779).
cost(14, 6, 186128).
cost(14, 7, 224417).
cost(14, 8, 405624).
cost(14, 9, 424943).
cost(14, 10, 397800).
cost(14, 11, 695126).
cost(14, 12, 219748).
cost(14, 13, 208699).
cost(14, 15, 386243).
cost(14, 16, 70743).
cost(14, 17, 469279).
cost(14, 18, 53056).
cost(14, 19, 276782).
cost(14, 20, 285223).
cost(15, 1, 266704).
cost(15, 2, 310978).
cost(15, 3, 405169).
cost(15, 4, 135602).
cost(15, 5, 362372).
cost(15, 6, 319833).
cost(15, 7, 219822).
cost(15, 8, 116099).
cost(15, 9, 184962).
cost(15, 10, 312079).
cost(15, 11, 501007).
cost(15, 12, 212216).
cost(15, 13, 533202).
cost(15, 14, 386243).
cost(15, 16, 376593).
cost(15, 17, 83746).
cost(15, 18, 375617).
cost(15, 19, 248641).
cost(15, 20, 595710).
cost(16, 1, 325338).
cost(16, 2, 169866).
cost(16, 3, 535306).
cost(16, 4, 280526).
cost(16, 5, 21389).
cost(16, 6, 123048).
cost(16, 7, 253420).
cost(16, 8, 375626).
cost(16, 9, 384509).
cost(16, 10, 441093).
cost(16, 11, 734737).
cost(16, 12, 245564).
cost(16, 13, 169358).
cost(16, 14, 70743).
cost(16, 15, 376593).
cost(16, 17, 456678).
cost(16, 18, 17865).
cost(16, 19, 224359).
cost(16, 20, 352081).
cost(17, 1, 297541).
cost(17, 2, 394130).
cost(17, 3, 391749).
cost(17, 4, 195343).
cost(17, 5, 443376).
cost(17, 6, 390075).
cost(17, 7, 299236).
cost(17, 8, 131557).
cost(17, 9, 193372).
cost(17, 10, 361009).
cost(17, 11, 501943).
cost(17, 12, 292717).
cost(17, 13, 608993).
cost(17, 14, 469279).
cost(17, 15, 83746).
cost(17, 16, 456678).
cost(17, 18, 456683).
cost(17, 19, 305639).
cost(17, 20, 676933).
cost(18, 1, 336965).
cost(18, 2, 154797).
cost(18, 3, 547991).
cost(18, 4, 284910).
cost(18, 5, 13334).
cost(18, 6, 137099).
cost(18, 7, 242634).
cost(18, 8, 380124).
cost(18, 9, 392007).
cost(18, 10, 427879).
cost(18, 11, 722580).
cost(18, 12, 235415).
cost(18, 13, 179303).
cost(18, 14, 53056).
cost(18, 15, 375617).
cost(18, 16, 17865).
cost(18, 17, 456683).
cost(18, 19, 235071).
cost(18, 20, 335855).
cost(19, 1, 103068).
cost(19, 2, 291179).
cost(19, 3, 316230).
cost(19, 4, 113220).
cost(19, 5, 224121).
cost(19, 6, 109452).
cost(19, 7, 287831).
cost(19, 8, 186832).
cost(19, 9, 170490).
cost(19, 10, 471792).
cost(19, 11, 723926).
cost(19, 12, 274728).
cost(19, 13, 330848).
cost(19, 14, 276782).
cost(19, 15, 248641).
cost(19, 16, 224359).
cost(19, 17, 305639).
cost(19, 18, 235071).
cost(19, 20, 556726).
cost(20, 1, 659467).
cost(20, 2, 290042).
cost(20, 3, 872740).
cost(20, 4, 565974).
cost(20, 5, 342740).
cost(20, 6, 471350).
cost(20, 7, 378232).
cost(20, 8, 652426).
cost(20, 9, 687153).
cost(20, 10, 436318).
cost(20, 11, 702158).
cost(20, 12, 384226).
cost(20, 13, 409443).
cost(20, 14, 285223).
cost(20, 15, 595710).
cost(20, 16, 352081).
cost(20, 17, 676933).
cost(20, 18, 335855).
cost(20, 19, 556726).
