dimension(16).
point(1, 770676.0, 422708.0).
point(2, 771955.0, 334187.0).
point(3, 413816.0, 48922.0).
point(4, 144415.0, 520927.0).
point(5, 449077.0, 72842.0).
point(6, 590134.0, 907653.0).
point(7, 809315.0, 672247.0).
point(8, 544006.0, 305243.0).
point(9, 193227.0, 381968.0).
point(10, 769317.0, 959687.0).
point(11, 695852.0, 667910.0).
point(12, 488079.0, 499117.0).
point(13, 90124.0, 824410.0).
point(14, 658882.0, 612212.0).
point(15, 220552.0, 810805.0).
point(16, 639022.0, 593849.0).
cost(1, 2, 88530).
cost(1, 3, 516783).
cost(1, 4, 633916).
cost(1, 5, 475218).
cost(1, 6, 517462).
cost(1, 7, 252513).
cost(1, 8, 255298).
cost(1, 9, 578884).
cost(1, 10, 536981).
cost(1, 11, 256364).
cost(1, 12, 292745).
cost(1, 13, 790263).
cost(1, 14, 220022).
cost(1, 15, 673243).
cost(1, 16, 215921).
cost(2, 1, 88530).
cost(2, 3, 457864).
cost(2, 4, 654735).
cost(2, 5, 415393).
cost(2, 6, 601600).
cost(2, 7, 340118).
cost(2, 8, 229779).
cost(2, 9, 580697).
cost(2, 10, 625506).
cost(2, 11, 342290).
cost(2, 12, 328310).
cost(2, 13, 839769).
cost(2, 14, 300139).
cost(2, 15, 728842).
cost(2, 16, 291711).
cost(3, 1, 516783).
cost(3, 2, 457864).
cost(3, 4, 543475).
cost(3, 5, 42609).
cost(3, 6, 876645).
cost(3, 7, 738210).
cost(3, 8, 287489).
cost(3, 9, 399474).
cost(3, 10, 977688).
cost(3, 11, 680214).
cost(3, 12, 456279).
cost(3, 13, 840332).
cost(3, 14, 614291).
cost(3, 15, 786013).
cost(3, 16, 589630).
cost(4, 1, 633916).
cost(4, 2, 654735).
cost(4, 3, 543475).
cost(4, 5, 541848).
cost(4, 6, 590104).
cost(4, 7, 681902).
cost(4, 8, 454084).
cost(4, 9, 147283).
cost(4, 10, 763553).
cost(4, 11, 570690).
cost(4, 12, 344355).
cost(4, 13, 308301).
cost(4, 14, 522503).
cost(4, 15, 299710).
cost(4, 16, 499954).
cost(5, 1, 475218).
cost(5, 2, 415393).
cost(5, 3, 42609).
cost(5, 4, 541848).
cost(5, 6, 846644).
cost(5, 7, 699327).
cost(5, 8, 251041).
cost(5, 9, 401271).
cost(5, 10, 942893).
cost(5, 11, 644208).
cost(5, 12, 428056).
cost(5, 13, 832888).
cost(5, 14, 578738).
cost(5, 15, 772537).
cost(5, 16, 554552).
cost(6, 1, 517462).
cost(6, 2, 601600).
cost(6, 3, 876645).
cost(6, 4, 590104).
cost(6, 5, 846644).
cost(6, 7, 321646).
cost(6, 8, 604173).
cost(6, 9, 658696).
cost(6, 10, 186585).
cost(6, 11, 262017).
cost(6, 12, 421090).
cost(6, 13, 506892).
cost(6, 14, 303334).
cost(6, 15, 382061).
cost(6, 16, 317589).
cost(7, 1, 252513).
cost(7, 2, 340118).
cost(7, 3, 738210).
cost(7, 4, 681902).
cost(7, 5, 699327).
cost(7, 6, 321646).
cost(7, 8, 452858).
cost(7, 9, 681048).
cost(7, 10, 290210).
cost(7, 11, 113546).
cost(7, 12, 364920).
cost(7, 13, 735112).
cost(7, 14, 161970).
cost(7, 15, 604847).
cost(7, 16, 187473).
cost(8, 1, 255298).
cost(8, 2, 229779).
cost(8, 3, 287489).
cost(8, 4, 454084).
cost(8, 5, 251041).
cost(8, 6, 604173).
cost(8, 7, 452858).
cost(8, 9, 359072).
cost(8, 10, 692143).
cost(8, 11, 393172).
cost(8, 12, 201779).
cost(8, 13, 689596).
cost(8, 14, 327760).
cost(8, 15, 600179).
cost(8, 16, 303844).
cost(9, 1, 578884).
cost(9, 2, 580697).
cost(9, 3, 399474).
cost(9, 4, 147283).
cost(9, 5, 401271).
cost(9, 6, 658696).
cost(9, 7, 681048).
cost(9, 8, 359072).
cost(9, 10, 815867).
cost(9, 11, 578269).
cost(9, 12, 317272).
cost(9, 13, 454296).
cost(9, 14, 519468).
cost(9, 15, 429707).
cost(9, 16, 493586).
cost(10, 1, 536981).
cost(10, 2, 625506).
cost(10, 3, 977688).
cost(10, 4, 763553).
cost(10, 5, 942893).
cost(10, 6, 186585).
cost(10, 7, 290210).
cost(10, 8, 692143).
cost(10, 9, 815867).
cost(10, 11, 300884).
cost(10, 12, 539648).
cost(10, 13, 692534).
cost(10, 14, 364602).
cost(10, 15, 568603).
cost(10, 16, 388348).
cost(11, 1, 256364).
cost(11, 2, 342290).
cost(11, 3, 680214).
cost(11, 4, 570690).
cost(11, 5, 644208).
cost(11, 6, 262017).
cost(11, 7, 113546).
cost(11, 8, 393172).
cost(11, 9, 578269).
cost(11, 10, 300884).
cost(11, 12, 267695).
cost(11, 13, 625619).
cost(11, 14, 66851).
cost(11, 15, 496315).
cost(11, 16, 93352).
cost(12, 1, 292745).
cost(12, 2, 328310).
cost(12, 3, 456279).
cost(12, 4, 344355).
cost(12, 5, 428056).
cost(12, 6, 421090).
cost(12, 7, 364920).
cost(12, 8, 201779).
cost(12, 9, 317272).
cost(12, 10, 539648).
cost(12, 11, 267695).
cost(12, 13, 513988).
cost(12, 14, 204852).
cost(12, 15, 410756).
cost(12, 16, 178208).
cost(13, 1, 790263).
cost(13, 2, 839769).
cost(13, 3, 840332).
cost(13, 4, 308301).
cost(13, 5, 832888).
cost(13, 6, 506892).
cost(13, 7, 735112).
cost(13, 8, 689596).
cost(13, 9, 454296).
cost(13, 10, 692534).
cost(13, 11, 625619).
cost(13, 12, 513988).
cost(13, 14, 607053).
cost(13, 15, 131136).
cost(13, 16, 595355).
cost(14, 1, 220022).
cost(14, 2, 300139).
cost(14, 3, 614291).
cost(14, 4, 522503).
cost(14, 5, 578738).
cost(14, 6, 303334).
cost(14, 7, 161970).
cost(14, 8, 327760).
cost(14, 9, 519468).
cost(14, 10, 364602).
cost(14, 11, 66851).
cost(14, 12, 204852).
cost(14, 13, 607053).
cost(14, 15, 481220).
cost(14, 16, 27048).
cost(15, 1, 673243).
cost(15, 2, 728842).
cost(15, 3, 786013).
cost(15, 4, 299710).
cost(15, 5, 772537).
cost(15, 6, 382061).
cost(15, 7, 604847).
cost(15, 8, 600179).
cost(15, 9, 429707).
cost(15, 10, 568603).
cost(15, 11, 496315).
cost(15, 12, 410756).
cost(15, 13, 131136).
cost(15, 14, 481220).
cost(15, 16, 471367).
cost(16, 1, 215921).
cost(16, 2, 291711).
cost(16, 3, 589630).
cost(16, 4, 499954).
cost(16, 5, 554552).
cost(16, 6, 317589).
cost(16, 7, 187473).
cost(16, 8, 303844).
cost(16, 9, 493586).
cost(16, 10, 388348).
cost(16, 11, 93352).
cost(16, 12, 178208).
cost(16, 13, 595355).
cost(16, 14, 27048).
cost(16, 15, 471367).
