dimension(16).
point(1, 673360.0, 97832.0).
point(2, 382773.0, 469022.0).
point(3, 611497.0, 110472.0).
point(4, 498799.0, 746846.0).
point(5, 537196.0, 247957.0).
point(6, 613316.0, 250326.0).
point(7, 667454.0, 384788.0).
point(8, 142972.0, 77096.0).
point(9, 35386.0, 626246.0).
point(10, 731213.0, 465491.0).
point(11, 725787.0, 959413.0).
point(12, 526181.0, 647568.0).
point(13, 265561.0, 22134.0).
point(14, 530109.0, 2198.0).
point(15, 721260.0, 804508.0).
point(16, 145616.0, 562974.0).
cost(1, 2, 471405).
cost(1, 3, 63141).
cost(1, 4, 672079).
cost(1, 5, 202677).
cost(1, 6, 163889).
cost(1, 7, 287017).
cost(1, 8, 530793).
cost(1, 9, 828391).
cost(1, 10, 372183).
cost(1, 11, 863175).
cost(1, 12, 569097).
cost(1, 13, 414765).
cost(1, 14, 172240).
cost(1, 15, 708298).
cost(1, 16, 703471).
cost(2, 1, 471405).
cost(2, 3, 425291).
cost(2, 4, 301078).
cost(2, 5, 269659).
cost(2, 6, 317770).
cost(2, 7, 296882).
cost(2, 8, 459468).
cost(2, 9, 381310).
cost(2, 10, 348458).
cost(2, 11, 598450).
cost(2, 12, 229008).
cost(2, 13, 462004).
cost(2, 14, 489523).
cost(2, 15, 476576).
cost(2, 16, 255089).
cost(3, 1, 63141).
cost(3, 2, 425291).
cost(3, 4, 646276).
cost(3, 5, 156278).
cost(3, 6, 139866).
cost(3, 7, 279965).
cost(3, 8, 469712).
cost(3, 9, 773257).
cost(3, 10, 374660).
cost(3, 11, 856600).
cost(3, 12, 543830).
cost(3, 13, 357037).
cost(3, 14, 135452).
cost(3, 15, 702662).
cost(3, 16, 649464).
cost(4, 1, 672079).
cost(4, 2, 301078).
cost(4, 3, 646276).
cost(4, 5, 500364).
cost(4, 6, 509555).
cost(4, 7, 399413).
cost(4, 8, 758405).
cost(4, 9, 478849).
cost(4, 10, 364934).
cost(4, 11, 310980).
cost(4, 12, 102985).
cost(4, 13, 761320).
cost(4, 14, 745306).
cost(4, 15, 229813).
cost(4, 16, 398180).
cost(5, 1, 202677).
cost(5, 2, 269659).
cost(5, 3, 156278).
cost(5, 4, 500364).
cost(5, 6, 76157).
cost(5, 7, 188918).
cost(5, 8, 429658).
cost(5, 9, 628423).
cost(5, 10, 291485).
cost(5, 11, 736027).
cost(5, 12, 399763).
cost(5, 13, 353244).
cost(5, 14, 245861).
cost(5, 15, 586198).
cost(5, 16, 502564).
cost(6, 1, 163889).
cost(6, 2, 317770).
cost(6, 3, 139866).
cost(6, 4, 509555).
cost(6, 5, 76157).
cost(6, 7, 144952).
cost(6, 8, 501231).
cost(6, 9, 689434).
cost(6, 10, 245348).
cost(6, 11, 717951).
cost(6, 12, 406686).
cost(6, 13, 415939).
cost(6, 14, 261708).
cost(6, 15, 564597).
cost(6, 16, 562576).
cost(7, 1, 287017).
cost(7, 2, 296882).
cost(7, 3, 279965).
cost(7, 4, 399413).
cost(7, 5, 188918).
cost(7, 6, 144952).
cost(7, 8, 608075).
cost(7, 9, 676618).
cost(7, 10, 102850).
cost(7, 11, 577578).
cost(7, 12, 298348).
cost(7, 13, 541328).
cost(7, 14, 406496).
cost(7, 15, 423155).
cost(7, 16, 551421).
cost(8, 1, 530793).
cost(8, 2, 459468).
cost(8, 3, 469712).
cost(8, 4, 758405).
cost(8, 5, 429658).
cost(8, 6, 501231).
cost(8, 7, 608075).
cost(8, 9, 559590).
cost(8, 10, 704896).
cost(8, 11, 1057429).
cost(8, 12, 687232).
cost(8, 13, 134346).
cost(8, 14, 394316).
cost(8, 15, 929271).
cost(8, 16, 485885).
cost(9, 1, 828391).
cost(9, 2, 381310).
cost(9, 3, 773257).
cost(9, 4, 478849).
cost(9, 5, 628423).
cost(9, 6, 689434).
cost(9, 7, 676618).
cost(9, 8, 559590).
cost(9, 10, 714155).
cost(9, 11, 766586).
cost(9, 12, 491258).
cost(9, 13, 646476).
cost(9, 14, 796358).
cost(9, 15, 708661).
cost(9, 16, 127098).
cost(10, 1, 372183).
cost(10, 2, 348458).
cost(10, 3, 374660).
cost(10, 4, 364934).
cost(10, 5, 291485).
cost(10, 6, 245348).
cost(10, 7, 102850).
cost(10, 8, 704896).
cost(10, 9, 714155).
cost(10, 11, 493952).
cost(10, 12, 274208).
cost(10, 13, 642960).
cost(10, 14, 505058).
cost(10, 15, 339163).
cost(10, 16, 593655).
cost(11, 1, 863175).
cost(11, 2, 598450).
cost(11, 3, 856600).
cost(11, 4, 310980).
cost(11, 5, 736027).
cost(11, 6, 717951).
cost(11, 7, 577578).
cost(11, 8, 1057429).
cost(11, 9, 766586).
cost(11, 10, 493952).
cost(11, 12, 370256).
cost(11, 13, 1044174).
cost(11, 14, 977011).
cost(11, 15, 154971).
cost(11, 16, 702682).
cost(12, 1, 569097).
cost(12, 2, 229008).
cost(12, 3, 543830).
cost(12, 4, 102985).
cost(12, 5, 399763).
cost(12, 6, 406686).
cost(12, 7, 298348).
cost(12, 8, 687232).
cost(12, 9, 491258).
cost(12, 10, 274208).
cost(12, 11, 370256).
cost(12, 13, 677562).
cost(12, 14, 645382).
cost(12, 15, 250372).
cost(12, 16, 389854).
cost(13, 1, 414765).
cost(13, 2, 462004).
cost(13, 3, 357037).
cost(13, 4, 761320).
cost(13, 5, 353244).
cost(13, 6, 415939).
cost(13, 7, 541328).
cost(13, 8, 134346).
cost(13, 9, 646476).
cost(13, 10, 642960).
cost(13, 11, 1044174).
cost(13, 12, 677562).
cost(13, 14, 265298).
cost(13, 15, 905412).
cost(13, 16, 553981).
cost(14, 1, 172240).
cost(14, 2, 489523).
cost(14, 3, 135452).
cost(14, 4, 745306).
cost(14, 5, 245861).
cost(14, 6, 261708).
cost(14, 7, 406496).
cost(14, 8, 394316).
cost(14, 9, 796358).
cost(14, 10, 505058).
cost(14, 11, 977011).
cost(14, 12, 645382).
cost(14, 13, 265298).
cost(14, 15, 824767).
cost(14, 16, 679930).
cost(15, 1, 708298).
cost(15, 2, 476576).
cost(15, 3, 702662).
cost(15, 4, 229813).
cost(15, 5, 586198).
cost(15, 6, 564597).
cost(15, 7, 423155).
cost(15, 8, 929271).
cost(15, 9, 708661).
cost(15, 10, 339163).
cost(15, 11, 154971).
cost(15, 12, 250372).
cost(15, 13, 905412).
cost(15, 14, 824767).
cost(15, 16, 624263).
cost(16, 1, 703471).
cost(16, 2, 255089).
cost(16, 3, 649464).
cost(16, 4, 398180).
cost(16, 5, 502564).
cost(16, 6, 562576).
cost(16, 7, 551421).
cost(16, 8, 485885).
cost(16, 9, 127098).
cost(16, 10, 593655).
cost(16, 11, 702682).
cost(16, 12, 389854).
cost(16, 13, 553981).
cost(16, 14, 679930).
cost(16, 15, 624263).
