dimension(22).
point(1, 284097.0, 798328.0).
point(2, 826047.0, 8361.0).
point(3, 402225.0, 356674.0).
point(4, 916334.0, 650522.0).
point(5, 889673.0, 948416.0).
point(6, 706043.0, 621016.0).
point(7, 100009.0, 234950.0).
point(8, 538835.0, 164509.0).
point(9, 404021.0, 603359.0).
point(10, 578795.0, 488706.0).
point(11, 845528.0, 125426.0).
point(12, 678589.0, 241372.0).
point(13, 967309.0, 813034.0).
point(14, 15021.0, 562143.0).
point(15, 724089.0, 779318.0).
point(16, 171992.0, 439475.0).
point(17, 558567.0, 854638.0).
point(18, 730202.0, 439680.0).
point(19, 742454.0, 245762.0).
point(20, 88040.0, 393219.0).
point(21, 641977.0, 717296.0).
point(22, 258308.0, 325208.0).
cost(1, 2, 957997).
cost(1, 3, 457179).
cost(1, 4, 649284).
cost(1, 5, 623898).
cost(1, 6, 457688).
cost(1, 7, 592691).
cost(1, 8, 683094).
cost(1, 9, 228899).
cost(1, 10, 427449).
cost(1, 11, 876357).
cost(1, 12, 682513).
cost(1, 13, 683370).
cost(1, 14, 358030).
cost(1, 15, 440402).
cost(1, 16, 375956).
cost(1, 17, 280187).
cost(1, 18, 572397).
cost(1, 19, 717928).
cost(1, 20, 450057).
cost(1, 21, 366939).
cost(1, 22, 473822).
cost(2, 1, 957997).
cost(2, 3, 548586).
cost(2, 4, 648477).
cost(2, 5, 942206).
cost(2, 6, 624297).
cost(2, 7, 760575).
cost(2, 8, 326914).
cost(2, 9, 729471).
cost(2, 10, 540245).
cost(2, 11, 118675).
cost(2, 12, 275750).
cost(2, 13, 816978).
cost(2, 14, 982058).
cost(2, 15, 777670).
cost(2, 16, 783356).
cost(2, 17, 887542).
cost(2, 18, 441840).
cost(2, 19, 251688).
cost(2, 20, 832328).
cost(2, 21, 732442).
cost(2, 22, 650169).
cost(3, 1, 457179).
cost(3, 2, 548586).
cost(3, 4, 592161).
cost(3, 5, 766658).
cost(3, 6, 402718).
cost(3, 7, 325809).
cost(3, 8, 235775).
cost(3, 9, 246692).
cost(3, 10, 220475).
cost(3, 11, 499993).
cost(3, 12, 299452).
cost(3, 13, 726350).
cost(3, 14, 438343).
cost(3, 15, 531248).
cost(3, 16, 244670).
cost(3, 17, 521930).
cost(3, 18, 338318).
cost(3, 19, 357851).
cost(3, 20, 316303).
cost(3, 21, 433046).
cost(3, 22, 147317).
cost(4, 1, 649284).
cost(4, 2, 648477).
cost(4, 3, 592161).
cost(4, 5, 299085).
cost(4, 6, 212351).
cost(4, 7, 916017).
cost(4, 8, 615398).
cost(4, 9, 514479).
cost(4, 10, 374322).
cost(4, 11, 529848).
cost(4, 12, 473209).
cost(4, 13, 170319).
cost(4, 14, 905636).
cost(4, 15, 231401).
cost(4, 16, 773683).
cost(4, 17, 411899).
cost(4, 18, 281246).
cost(4, 19, 440528).
cost(4, 20, 867338).
cost(4, 21, 282366).
cost(4, 22, 734049).
cost(5, 1, 623898).
cost(5, 2, 942206).
cost(5, 3, 766658).
cost(5, 4, 299085).
cost(5, 6, 375381).
cost(5, 7, 1064238).
cost(5, 8, 858835).
cost(5, 9, 595753).
cost(5, 10, 554958).
cost(5, 11, 824173).
cost(5, 12, 737881).
cost(5, 13, 156063).
cost(5, 14, 956150).
cost(5, 15, 236669).
cost(5, 16, 879822).
cost(5, 17, 344130).
cost(5, 18, 533145).
cost(5, 19, 717911).
cost(5, 20, 975120).
cost(5, 21, 338777).
cost(5, 22, 887136).
cost(6, 1, 457688).
cost(6, 2, 624297).
cost(6, 3, 402718).
cost(6, 4, 212351).
cost(6, 5, 375381).
cost(6, 7, 718557).
cost(6, 8, 486166).
cost(6, 9, 302538).
cost(6, 10, 183570).
cost(6, 11, 514845).
cost(6, 12, 380635).
cost(6, 13, 324239).
cost(6, 14, 693525).
cost(6, 15, 159327).
cost(6, 16, 564063).
cost(6, 17, 276276).
cost(6, 18, 182938).
cost(6, 19, 377016).
cost(6, 20, 658650).
cost(6, 21, 115647).
cost(6, 22, 536627).
cost(7, 1, 592691).
cost(7, 2, 760575).
cost(7, 3, 325809).
cost(7, 4, 916017).
cost(7, 5, 1064238).
cost(7, 6, 718557).
cost(7, 8, 444444).
cost(7, 9, 477649).
cost(7, 10, 541875).
cost(7, 11, 753521).
cost(7, 12, 578616).
cost(7, 13, 1042301).
cost(7, 14, 338051).
cost(7, 15, 828138).
cost(7, 16, 216823).
cost(7, 17, 770901).
cost(7, 18, 662614).
cost(7, 19, 642536).
cost(7, 20, 158721).
cost(7, 21, 725525).
cost(7, 22, 182223).
cost(8, 1, 683094).
cost(8, 2, 326914).
cost(8, 3, 235775).
cost(8, 4, 615398).
cost(8, 5, 858835).
cost(8, 6, 486166).
cost(8, 7, 444444).
cost(8, 9, 459091).
cost(8, 10, 326650).
cost(8, 11, 309173).
cost(8, 12, 159496).
cost(8, 13, 777287).
cost(8, 14, 657643).
cost(8, 15, 642113).
cost(8, 16, 458454).
cost(8, 17, 690411).
cost(8, 18, 335172).
cost(8, 19, 219232).
cost(8, 20, 505494).
cost(8, 21, 562327).
cost(8, 22, 323295).
cost(9, 1, 228899).
cost(9, 2, 729471).
cost(9, 3, 246692).
cost(9, 4, 514479).
cost(9, 5, 595753).
cost(9, 6, 302538).
cost(9, 7, 477649).
cost(9, 8, 459091).
cost(9, 10, 209025).
cost(9, 11, 650652).
cost(9, 12, 454337).
cost(9, 13, 601047).
cost(9, 14, 391177).
cost(9, 15, 365247).
cost(9, 16, 284069).
cost(9, 17, 295001).
cost(9, 18, 364945).
cost(9, 19, 492354).
cost(9, 20, 379477).
cost(9, 21, 263827).
cost(9, 22, 314007).
cost(10, 1, 427449).
cost(10, 2, 540245).
cost(10, 3, 220475).
cost(10, 4, 374322).
cost(10, 5, 554958).
cost(10, 6, 183570).
cost(10, 7, 541875).
cost(10, 8, 326650).
cost(10, 9, 209025).
cost(10, 11, 450687).
cost(10, 12, 266708).
cost(10, 13, 506095).
cost(10, 14, 568537).
cost(10, 15, 324909).
cost(10, 16, 409771).
cost(10, 17, 366491).
cost(10, 18, 159147).
cost(10, 19, 292927).
cost(10, 20, 499958).
cost(10, 21, 237161).
cost(10, 22, 359783).
cost(11, 1, 876357).
cost(11, 2, 118675).
cost(11, 3, 499993).
cost(11, 4, 529848).
cost(11, 5, 824173).
cost(11, 6, 514845).
cost(11, 7, 753521).
cost(11, 8, 309173).
cost(11, 9, 650652).
cost(11, 10, 450687).
cost(11, 12, 203254).
cost(11, 13, 698309).
cost(11, 14, 938330).
cost(11, 15, 665073).
cost(11, 16, 743154).
cost(11, 17, 783643).
cost(11, 18, 334747).
cost(11, 19, 158446).
cost(11, 20, 803431).
cost(11, 21, 625894).
cost(11, 22, 620274).
cost(12, 1, 682513).
cost(12, 2, 275750).
cost(12, 3, 299452).
cost(12, 4, 473209).
cost(12, 5, 737881).
cost(12, 6, 380635).
cost(12, 7, 578616).
cost(12, 8, 159496).
cost(12, 9, 454337).
cost(12, 10, 266708).
cost(12, 11, 203254).
cost(12, 13, 640435).
cost(12, 14, 737032).
cost(12, 15, 539867).
cost(12, 16, 543953).
cost(12, 17, 624900).
cost(12, 18, 204915).
cost(12, 19, 64016).
cost(12, 20, 609759).
cost(12, 21, 477330).
cost(12, 22, 428561).
cost(13, 1, 683370).
cost(13, 2, 816978).
cost(13, 3, 726350).
cost(13, 4, 170319).
cost(13, 5, 156063).
cost(13, 6, 324239).
cost(13, 7, 1042301).
cost(13, 8, 777287).
cost(13, 9, 601047).
cost(13, 10, 506095).
cost(13, 11, 698309).
cost(13, 12, 640435).
cost(13, 14, 984784).
cost(13, 15, 245546).
cost(13, 16, 878678).
cost(13, 17, 410854).
cost(13, 18, 442282).
cost(13, 19, 610211).
cost(13, 20, 974350).
cost(13, 21, 339126).
cost(13, 22, 860614).
cost(14, 1, 358030).
cost(14, 2, 982058).
cost(14, 3, 438343).
cost(14, 4, 905636).
cost(14, 5, 956150).
cost(14, 6, 693525).
cost(14, 7, 338051).
cost(14, 8, 657643).
cost(14, 9, 391177).
cost(14, 10, 568537).
cost(14, 11, 938330).
cost(14, 12, 737032).
cost(14, 13, 984784).
cost(14, 15, 741581).
cost(14, 16, 199217).
cost(14, 17, 617248).
cost(14, 18, 725590).
cost(14, 19, 793256).
cost(14, 20, 184030).
cost(14, 21, 645869).
cost(14, 22, 339598).
cost(15, 1, 440402).
cost(15, 2, 777670).
cost(15, 3, 531248).
cost(15, 4, 231401).
cost(15, 5, 236669).
cost(15, 6, 159327).
cost(15, 7, 828138).
cost(15, 8, 642113).
cost(15, 9, 365247).
cost(15, 10, 324909).
cost(15, 11, 665073).
cost(15, 12, 539867).
cost(15, 13, 245546).
cost(15, 14, 741581).
cost(15, 16, 648309).
cost(15, 17, 181853).
cost(15, 18, 339693).
cost(15, 19, 533872).
cost(15, 20, 744064).
cost(15, 21, 102903).
cost(15, 22, 650514).
cost(16, 1, 375956).
cost(16, 2, 783356).
cost(16, 3, 244670).
cost(16, 4, 773683).
cost(16, 5, 879822).
cost(16, 6, 564063).
cost(16, 7, 216823).
cost(16, 8, 458454).
cost(16, 9, 284069).
cost(16, 10, 409771).
cost(16, 11, 743154).
cost(16, 12, 543953).
cost(16, 13, 878678).
cost(16, 14, 199217).
cost(16, 15, 648309).
cost(16, 17, 567275).
cost(16, 18, 558210).
cost(16, 19, 602455).
cost(16, 20, 95852).
cost(16, 21, 545958).
cost(16, 22, 143204).
cost(17, 1, 280187).
cost(17, 2, 887542).
cost(17, 3, 521930).
cost(17, 4, 411899).
cost(17, 5, 344130).
cost(17, 6, 276276).
cost(17, 7, 770901).
cost(17, 8, 690411).
cost(17, 9, 295001).
cost(17, 10, 366491).
cost(17, 11, 783643).
cost(17, 12, 624900).
cost(17, 13, 410854).
cost(17, 14, 617248).
cost(17, 15, 181853).
cost(17, 16, 567275).
cost(17, 18, 449053).
cost(17, 19, 636038).
cost(17, 20, 659017).
cost(17, 21, 160686).
cost(17, 22, 608647).
cost(18, 1, 572397).
cost(18, 2, 441840).
cost(18, 3, 338318).
cost(18, 4, 281246).
cost(18, 5, 533145).
cost(18, 6, 182938).
cost(18, 7, 662614).
cost(18, 8, 335172).
cost(18, 9, 364945).
cost(18, 10, 159147).
cost(18, 11, 334747).
cost(18, 12, 204915).
cost(18, 13, 442282).
cost(18, 14, 725590).
cost(18, 15, 339693).
cost(18, 16, 558210).
cost(18, 17, 449053).
cost(18, 19, 194305).
cost(18, 20, 643841).
cost(18, 21, 291298).
cost(18, 22, 485580).
cost(19, 1, 717928).
cost(19, 2, 251688).
cost(19, 3, 357851).
cost(19, 4, 440528).
cost(19, 5, 717911).
cost(19, 6, 377016).
cost(19, 7, 642536).
cost(19, 8, 219232).
cost(19, 9, 492354).
cost(19, 10, 292927).
cost(19, 11, 158446).
cost(19, 12, 64016).
cost(19, 13, 610211).
cost(19, 14, 793256).
cost(19, 15, 533872).
cost(19, 16, 602455).
cost(19, 17, 636038).
cost(19, 18, 194305).
cost(19, 20, 670821).
cost(19, 21, 482120).
cost(19, 22, 490621).
cost(20, 1, 450057).
cost(20, 2, 832328).
cost(20, 3, 316303).
cost(20, 4, 867338).
cost(20, 5, 975120).
cost(20, 6, 658650).
cost(20, 7, 158721).
cost(20, 8, 505494).
cost(20, 9, 379477).
cost(20, 10, 499958).
cost(20, 11, 803431).
cost(20, 12, 609759).
cost(20, 13, 974350).
cost(20, 14, 184030).
cost(20, 15, 744064).
cost(20, 16, 95852).
cost(20, 17, 659017).
cost(20, 18, 643841).
cost(20, 19, 670821).
cost(20, 21, 641773).
cost(20, 22, 183349).
cost(21, 1, 366939).
cost(21, 2, 732442).
cost(21, 3, 433046).
cost(21, 4, 282366).
cost(21, 5, 338777).
cost(21, 6, 115647).
cost(21, 7, 725525).
cost(21, 8, 562327).
cost(21, 9, 263827).
cost(21, 10, 237161).
cost(21, 11, 625894).
cost(21, 12, 477330).
cost(21, 13, 339126).
cost(21, 14, 645869).
cost(21, 15, 102903).
cost(21, 16, 545958).
cost(21, 17, 160686).
cost(21, 18, 291298).
cost(21, 19, 482120).
cost(21, 20, 641773).
cost(21, 22, 548575).
cost(22, 1, 473822).
cost(22, 2, 650169).
cost(22, 3, 147317).
cost(22, 4, 734049).
cost(22, 5, 887136).
cost(22, 6, 536627).
cost(22, 7, 182223).
cost(22, 8, 323295).
cost(22, 9, 314007).
cost(22, 10, 359783).
cost(22, 11, 620274).
cost(22, 12, 428561).
cost(22, 13, 860614).
cost(22, 14, 339598).
cost(22, 15, 650514).
cost(22, 16, 143204).
cost(22, 17, 608647).
cost(22, 18, 485580).
cost(22, 19, 490621).
cost(22, 20, 183349).
cost(22, 21, 548575).
nocross(1,5).
nocross(1,14).
nocross(1,16).
nocross(1,17).
nocross(1,20).
nocross(2,8).
nocross(2,11).
nocross(2,12).
nocross(2,19).
nocross(3,6).
nocross(3,8).
nocross(3,9).
nocross(3,10).
nocross(3,12).
nocross(3,16).
nocross(3,18).
nocross(3,21).
nocross(3,22).
nocross(4,13).
nocross(4,15).
nocross(5,15).
nocross(5,17).
nocross(6,9).
nocross(6,10).
nocross(6,15).
nocross(6,18).
nocross(6,21).
nocross(7,3).
nocross(7,9).
nocross(7,16).
nocross(7,20).
nocross(7,22).
nocross(8,2).
nocross(8,3).
nocross(8,12).
nocross(8,19).
nocross(9,3).
nocross(9,17).
nocross(9,21).
nocross(9,22).
nocross(10,3).
nocross(10,6).
nocross(10,12).
nocross(10,16).
nocross(10,18).
nocross(11,2).
nocross(11,8).
nocross(11,12).
nocross(11,19).
nocross(12,2).
nocross(12,3).
nocross(12,8).
nocross(12,10).
nocross(12,18).
nocross(13,4).
nocross(13,5).
nocross(14,1).
nocross(14,16).
nocross(15,6).
nocross(15,17).
nocross(15,21).
nocross(16,1).
nocross(16,3).
nocross(16,22).
nocross(17,1).
nocross(17,5).
nocross(17,15).
nocross(17,21).
nocross(18,4).
nocross(18,6).
nocross(18,10).
nocross(18,12).
nocross(18,19).
nocross(19,2).
nocross(19,11).
nocross(19,12).
nocross(20,7).
nocross(20,9).
nocross(20,14).
nocross(20,16).
nocross(20,22).
nocross(21,9).
nocross(21,10).
nocross(21,12).
nocross(21,17).
nocross(22,3).
nocross(22,7).
nocross(22,9).
nocross(22,10).
nocross(22,12).
nocross(22,16).
nocross(22,20).
