dimension(19).
point(1, -217605.0, 13222.0).
point(2, 148852.0, 148060.0).
point(3, 8793.0, -362096.0).
point(4, -52089.0, -73835.0).
point(5, -402997.0, 135387.0).
point(6, -17119.0, 34735.0).
point(7, -48790.0, -38247.0).
point(8, 173259.0, -199569.0).
point(9, 152367.0, -268236.0).
point(10, 121557.0, 88647.0).
point(11, 58045.0, 30431.0).
point(12, 109413.0, -161441.0).
point(13, -94519.0, 1608.0).
point(14, -80468.0, 167323.0).
point(15, -120695.0, 451404.0).
point(16, -200337.0, 341023.0).
point(17, -281090.0, 236011.0).
point(18, -55074.0, 163716.0).
point(19, 58009.0, -344029.0).
cost(1, 2, 390477).
cost(1, 3, 438315).
cost(1, 4, 187015).
cost(1, 5, 222024).
cost(1, 6, 201637).
cost(1, 7, 176487).
cost(1, 8, 445033).
cost(1, 9, 464863).
cost(1, 10, 347448).
cost(1, 11, 276187).
cost(1, 12, 370740).
cost(1, 13, 123633).
cost(1, 14, 206285).
cost(1, 15, 448771).
cost(1, 16, 328256).
cost(1, 17, 231658).
cost(1, 18, 221506).
cost(1, 19, 451211).
cost(2, 1, 390477).
cost(2, 3, 529033).
cost(2, 4, 299357).
cost(2, 5, 551994).
cost(2, 6, 200970).
cost(2, 7, 271611).
cost(2, 8, 348485).
cost(2, 9, 416311).
cost(2, 10, 65383).
cost(2, 11, 148602).
cost(2, 12, 312004).
cost(2, 13, 284038).
cost(2, 14, 230128).
cost(2, 15, 405799).
cost(2, 16, 398958).
cost(2, 17, 438846).
cost(2, 18, 204526).
cost(2, 19, 500404).
cost(3, 1, 438315).
cost(3, 2, 529033).
cost(3, 4, 294620).
cost(3, 5, 645802).
cost(3, 6, 397676).
cost(3, 7, 328929).
cost(3, 8, 231223).
cost(3, 9, 171532).
cost(3, 10, 464634).
cost(3, 11, 395605).
cost(3, 12, 224470).
cost(3, 13, 378093).
cost(3, 14, 536891).
cost(3, 15, 823741).
cost(3, 16, 733561).
cost(3, 17, 664653).
cost(3, 18, 529677).
cost(3, 19, 52427).
cost(4, 1, 187015).
cost(4, 2, 299357).
cost(4, 3, 294620).
cost(4, 5, 408547).
cost(4, 6, 114063).
cost(4, 7, 35741).
cost(4, 8, 258052).
cost(4, 9, 282124).
cost(4, 10, 237809).
cost(4, 11, 151660).
cost(4, 12, 183733).
cost(4, 13, 86556).
cost(4, 14, 242822).
cost(4, 15, 529701).
cost(4, 16, 440550).
cost(4, 17, 385287).
cost(4, 18, 237570).
cost(4, 19, 291764).
cost(5, 1, 222024).
cost(5, 2, 551994).
cost(5, 3, 645802).
cost(5, 4, 408547).
cost(5, 6, 398789).
cost(5, 7, 394476).
cost(5, 8, 666533).
cost(5, 9, 686543).
cost(5, 10, 526632).
cost(5, 11, 472838).
cost(5, 12, 592175).
cost(5, 13, 336237).
cost(5, 14, 324106).
cost(5, 15, 423747).
cost(5, 16, 288717).
cost(5, 17, 158071).
cost(5, 18, 349074).
cost(5, 19, 665106).
cost(6, 1, 201637).
cost(6, 2, 200970).
cost(6, 3, 397676).
cost(6, 4, 114063).
cost(6, 5, 398789).
cost(6, 7, 79558).
cost(6, 8, 301898).
cost(6, 9, 347155).
cost(6, 10, 148787).
cost(6, 11, 75287).
cost(6, 12, 233442).
cost(6, 13, 84191).
cost(6, 14, 146944).
cost(6, 15, 429350).
cost(6, 16, 356905).
cost(6, 17, 331953).
cost(6, 18, 134450).
cost(6, 19, 386143).
cost(7, 1, 176487).
cost(7, 2, 271611).
cost(7, 3, 328929).
cost(7, 4, 35741).
cost(7, 5, 394476).
cost(7, 6, 79558).
cost(7, 8, 274464).
cost(7, 9, 305547).
cost(7, 10, 212415).
cost(7, 11, 127005).
cost(7, 12, 200512).
cost(7, 13, 60659).
cost(7, 14, 207996).
cost(7, 15, 494902).
cost(7, 16, 408427).
cost(7, 17, 359417).
cost(7, 18, 202061).
cost(7, 19, 323896).
cost(8, 1, 445033).
cost(8, 2, 348485).
cost(8, 3, 231223).
cost(8, 4, 258052).
cost(8, 5, 666533).
cost(8, 6, 301898).
cost(8, 7, 274464).
cost(8, 9, 71775).
cost(8, 10, 292817).
cost(8, 11, 257244).
cost(8, 12, 74364).
cost(8, 13, 334929).
cost(8, 14, 446080).
cost(8, 15, 714265).
cost(8, 16, 657125).
cost(8, 17, 629415).
cost(8, 18, 429083).
cost(8, 19, 184801).
cost(9, 1, 464863).
cost(9, 2, 416311).
cost(9, 3, 171532).
cost(9, 4, 282124).
cost(9, 5, 686543).
cost(9, 6, 347155).
cost(9, 7, 305547).
cost(9, 8, 71775).
cost(9, 10, 358210).
cost(9, 11, 313207).
cost(9, 12, 115110).
cost(9, 13, 365744).
cost(9, 14, 493886).
cost(9, 15, 769704).
cost(9, 16, 703986).
cost(9, 17, 664944).
cost(9, 18, 479181).
cost(9, 19, 121029).
cost(10, 1, 347448).
cost(10, 2, 65383).
cost(10, 3, 464634).
cost(10, 4, 237809).
cost(10, 5, 526632).
cost(10, 6, 148787).
cost(10, 7, 212415).
cost(10, 8, 292817).
cost(10, 9, 358210).
cost(10, 11, 86156).
cost(10, 12, 250383).
cost(10, 13, 232948).
cost(10, 14, 216804).
cost(10, 15, 436209).
cost(10, 16, 409035).
cost(10, 17, 428767).
cost(10, 18, 191922).
cost(10, 19, 437318).
cost(11, 1, 276187).
cost(11, 2, 148602).
cost(11, 3, 395605).
cost(11, 4, 151660).
cost(11, 5, 472838).
cost(11, 6, 75287).
cost(11, 7, 127005).
cost(11, 8, 257244).
cost(11, 9, 313207).
cost(11, 10, 86156).
cost(11, 12, 198629).
cost(11, 13, 155263).
cost(11, 14, 194744).
cost(11, 15, 457347).
cost(11, 16, 404016).
cost(11, 17, 396580).
cost(11, 18, 174816).
cost(11, 19, 374460).
cost(12, 1, 370740).
cost(12, 2, 312004).
cost(12, 3, 224470).
cost(12, 4, 183733).
cost(12, 5, 592175).
cost(12, 6, 233442).
cost(12, 7, 200512).
cost(12, 8, 74364).
cost(12, 9, 115110).
cost(12, 10, 250383).
cost(12, 11, 198629).
cost(12, 13, 261100).
cost(12, 14, 379658).
cost(12, 15, 654621).
cost(12, 16, 590267).
cost(12, 17, 557190).
cost(12, 18, 364394).
cost(12, 19, 189686).
cost(13, 1, 123633).
cost(13, 2, 284038).
cost(13, 3, 378093).
cost(13, 4, 86556).
cost(13, 5, 336237).
cost(13, 6, 84191).
cost(13, 7, 60659).
cost(13, 8, 334929).
cost(13, 9, 365744).
cost(13, 10, 232948).
cost(13, 11, 155263).
cost(13, 12, 261100).
cost(13, 14, 166310).
cost(13, 15, 450557).
cost(13, 16, 355528).
cost(13, 17, 299589).
cost(13, 18, 166838).
cost(13, 19, 377796).
cost(14, 1, 206285).
cost(14, 2, 230128).
cost(14, 3, 536891).
cost(14, 4, 242822).
cost(14, 5, 324106).
cost(14, 6, 146944).
cost(14, 7, 207996).
cost(14, 8, 446080).
cost(14, 9, 493886).
cost(14, 10, 216804).
cost(14, 11, 194744).
cost(14, 12, 379658).
cost(14, 13, 166310).
cost(14, 15, 286915).
cost(14, 16, 211046).
cost(14, 17, 212055).
cost(14, 18, 25649).
cost(14, 19, 529770).
cost(15, 1, 448771).
cost(15, 2, 405799).
cost(15, 3, 823741).
cost(15, 4, 529701).
cost(15, 5, 423747).
cost(15, 6, 429350).
cost(15, 7, 494902).
cost(15, 8, 714265).
cost(15, 9, 769704).
cost(15, 10, 436209).
cost(15, 11, 457347).
cost(15, 12, 654621).
cost(15, 13, 450557).
cost(15, 14, 286915).
cost(15, 16, 136113).
cost(15, 17, 268553).
cost(15, 18, 295077).
cost(15, 19, 815260).
cost(16, 1, 328256).
cost(16, 2, 398958).
cost(16, 3, 733561).
cost(16, 4, 440550).
cost(16, 5, 288717).
cost(16, 6, 356905).
cost(16, 7, 408427).
cost(16, 8, 657125).
cost(16, 9, 703986).
cost(16, 10, 409035).
cost(16, 11, 404016).
cost(16, 12, 590267).
cost(16, 13, 355528).
cost(16, 14, 211046).
cost(16, 15, 136113).
cost(16, 17, 132471).
cost(16, 18, 229214).
cost(16, 19, 732147).
cost(17, 1, 231658).
cost(17, 2, 438846).
cost(17, 3, 664653).
cost(17, 4, 385287).
cost(17, 5, 158071).
cost(17, 6, 331953).
cost(17, 7, 359417).
cost(17, 8, 629415).
cost(17, 9, 664944).
cost(17, 10, 428767).
cost(17, 11, 396580).
cost(17, 12, 557190).
cost(17, 13, 299589).
cost(17, 14, 212055).
cost(17, 15, 268553).
cost(17, 16, 132471).
cost(17, 18, 237297).
cost(17, 19, 671889).
cost(18, 1, 221506).
cost(18, 2, 204526).
cost(18, 3, 529677).
cost(18, 4, 237570).
cost(18, 5, 349074).
cost(18, 6, 134450).
cost(18, 7, 202061).
cost(18, 8, 429083).
cost(18, 9, 479181).
cost(18, 10, 191922).
cost(18, 11, 174816).
cost(18, 12, 364394).
cost(18, 13, 166838).
cost(18, 14, 25649).
cost(18, 15, 295077).
cost(18, 16, 229214).
cost(18, 17, 237297).
cost(18, 19, 520185).
cost(19, 1, 451211).
cost(19, 2, 500404).
cost(19, 3, 52427).
cost(19, 4, 291764).
cost(19, 5, 665106).
cost(19, 6, 386143).
cost(19, 7, 323896).
cost(19, 8, 184801).
cost(19, 9, 121029).
cost(19, 10, 437318).
cost(19, 11, 374460).
cost(19, 12, 189686).
cost(19, 13, 377796).
cost(19, 14, 529770).
cost(19, 15, 815260).
cost(19, 16, 732147).
cost(19, 17, 671889).
cost(19, 18, 520185).
nocross(1,2).
nocross(1,4).
nocross(1,5).
nocross(1,16).
nocross(1,18).
nocross(4,1).
nocross(4,3).
nocross(4,9).
nocross(4,11).
nocross(4,12).
nocross(5,1).
nocross(5,2).
nocross(5,4).
nocross(6,2).
nocross(6,3).
nocross(6,7).
nocross(6,18).
nocross(7,1).
nocross(7,2).
nocross(7,3).
nocross(7,4).
nocross(7,11).
nocross(8,3).
nocross(8,9).
nocross(8,12).
nocross(9,4).
nocross(9,8).
nocross(9,12).
nocross(10,2).
nocross(10,3).
nocross(10,11).
nocross(10,18).
nocross(11,3).
nocross(11,10).
nocross(11,12).
nocross(11,18).
nocross(12,3).
nocross(12,4).
nocross(12,11).
nocross(13,3).
nocross(13,4).
nocross(13,7).
nocross(13,11).
nocross(13,18).
nocross(14,2).
nocross(14,3).
nocross(14,5).
nocross(14,10).
nocross(14,11).
nocross(14,15).
nocross(14,16).
nocross(15,2).
nocross(15,5).
nocross(15,16).
nocross(16,2).
nocross(16,5).
nocross(16,15).
nocross(16,17).
nocross(16,18).
nocross(17,1).
nocross(17,2).
nocross(17,5).
nocross(17,10).
nocross(17,16).
nocross(18,2).
nocross(18,3).
nocross(18,5).
nocross(18,10).
nocross(18,11).
