dimension(19).
point(1, 200680.0, -149685.0).
point(2, -186654.0, 58723.0).
point(3, 237197.0, -189221.0).
point(4, 121494.0, 240121.0).
point(5, -116175.0, 58761.0).
point(6, 126629.0, 1044356.0).
point(7, 229603.0, 187825.0).
point(8, -238478.0, -148736.0).
point(9, 290370.0, -203299.0).
point(10, -104053.0, -267907.0).
point(11, 59765.0, -71431.0).
point(12, -116235.0, -94172.0).
point(13, -132911.0, 59388.0).
point(14, -318399.0, -139441.0).
point(15, -159102.0, -93616.0).
point(16, 66604.0, -126277.0).
point(17, 284161.0, 273763.0).
point(18, 41929.0, -172435.0).
point(19, 31151.0, 67786.0).
cost(1, 2, 439843).
cost(1, 3, 53820).
cost(1, 4, 397768).
cost(1, 5, 379271).
cost(1, 6, 1196335).
cost(1, 7, 338747).
cost(1, 8, 439159).
cost(1, 9, 104493).
cost(1, 10, 326862).
cost(1, 11, 161185).
cost(1, 12, 321740).
cost(1, 13, 393693).
cost(1, 14, 519180).
cost(1, 15, 364125).
cost(1, 16, 136104).
cost(1, 17, 431599).
cost(1, 18, 160373).
cost(1, 19, 275742).
cost(2, 1, 439843).
cost(2, 3, 491046).
cost(2, 4, 357576).
cost(2, 5, 70479).
cost(2, 6, 1034224).
cost(2, 7, 435818).
cost(2, 8, 213834).
cost(2, 9, 544249).
cost(2, 10, 336913).
cost(2, 11, 278680).
cost(2, 12, 168332).
cost(2, 13, 53747).
cost(2, 14, 237962).
cost(2, 15, 154810).
cost(2, 16, 313631).
cost(2, 17, 517599).
cost(2, 18, 325091).
cost(2, 19, 217993).
cost(3, 1, 53820).
cost(3, 2, 491046).
cost(3, 4, 444659).
cost(3, 5, 431702).
cost(3, 6, 1238522).
cost(3, 7, 377122).
cost(3, 8, 477395).
cost(3, 9, 55005).
cost(3, 10, 350204).
cost(3, 11, 212971).
cost(3, 12, 365990).
cost(3, 13, 445855).
cost(3, 14, 557822).
cost(3, 15, 407668).
cost(3, 16, 181835).
cost(3, 17, 465360).
cost(3, 18, 195988).
cost(3, 19, 329405).
cost(4, 1, 397768).
cost(4, 2, 357576).
cost(4, 3, 444659).
cost(4, 5, 298962).
cost(4, 6, 804251).
cost(4, 7, 120093).
cost(4, 8, 529896).
cost(4, 9, 474490).
cost(4, 10, 555845).
cost(4, 11, 317608).
cost(4, 12, 410203).
cost(4, 13, 312068).
cost(4, 14, 581010).
cost(4, 15, 436021).
cost(4, 16, 370487).
cost(4, 17, 166109).
cost(4, 18, 420158).
cost(4, 19, 194580).
cost(5, 1, 379271).
cost(5, 2, 70479).
cost(5, 3, 431702).
cost(5, 4, 298962).
cost(5, 6, 1015062).
cost(5, 7, 369080).
cost(5, 8, 240859).
cost(5, 9, 483688).
cost(5, 10, 326893).
cost(5, 11, 218872).
cost(5, 12, 152933).
cost(5, 13, 16748).
cost(5, 14, 283158).
cost(5, 15, 158308).
cost(5, 16, 260091).
cost(5, 17, 454417).
cost(5, 18, 280087).
cost(5, 19, 147602).
cost(6, 1, 1196335).
cost(6, 2, 1034224).
cost(6, 3, 1238522).
cost(6, 4, 804251).
cost(6, 5, 1015062).
cost(6, 7, 862699).
cost(6, 8, 1247707).
cost(6, 9, 1258354).
cost(6, 10, 1332384).
cost(6, 11, 1117789).
cost(6, 12, 1164143).
cost(6, 13, 1018589).
cost(6, 14, 1264684).
cost(6, 15, 1173296).
cost(6, 16, 1172171).
cost(6, 17, 786530).
cost(6, 18, 1219735).
cost(6, 19, 981226).
cost(7, 1, 338747).
cost(7, 2, 435818).
cost(7, 3, 377122).
cost(7, 4, 120093).
cost(7, 5, 369080).
cost(7, 6, 862699).
cost(7, 8, 576518).
cost(7, 9, 395816).
cost(7, 10, 564817).
cost(7, 11, 309933).
cost(7, 12, 446236).
cost(7, 13, 384594).
cost(7, 14, 638286).
cost(7, 15, 479896).
cost(7, 16, 353877).
cost(7, 17, 101793).
cost(7, 18, 406213).
cost(7, 19, 231932).
cost(8, 1, 439159).
cost(8, 2, 213834).
cost(8, 3, 477395).
cost(8, 4, 529896).
cost(8, 5, 240859).
cost(8, 6, 1247707).
cost(8, 7, 576518).
cost(8, 9, 531655).
cost(8, 10, 179644).
cost(8, 11, 308099).
cost(8, 12, 133868).
cost(8, 13, 233367).
cost(8, 14, 80460).
cost(8, 15, 96637).
cost(8, 16, 305908).
cost(8, 17, 672054).
cost(8, 18, 281407).
cost(8, 19, 345806).
cost(9, 1, 104493).
cost(9, 2, 544249).
cost(9, 3, 55005).
cost(9, 4, 474490).
cost(9, 5, 483688).
cost(9, 6, 1258354).
cost(9, 7, 395816).
cost(9, 8, 531655).
cost(9, 10, 399679).
cost(9, 11, 265646).
cost(9, 12, 420994).
cost(9, 13, 498168).
cost(9, 14, 612109).
cost(9, 15, 462661).
cost(9, 16, 236651).
cost(9, 17, 477102).
cost(9, 18, 250351).
cost(9, 19, 375075).
cost(10, 1, 326862).
cost(10, 2, 336913).
cost(10, 3, 350204).
cost(10, 4, 555845).
cost(10, 5, 326893).
cost(10, 6, 1332384).
cost(10, 7, 564817).
cost(10, 8, 179644).
cost(10, 9, 399679).
cost(10, 11, 255811).
cost(10, 12, 174162).
cost(10, 13, 328565).
cost(10, 14, 249895).
cost(10, 15, 182778).
cost(10, 16, 221772).
cost(10, 17, 666421).
cost(10, 18, 174429).
cost(10, 19, 361898).
cost(11, 1, 161185).
cost(11, 2, 278680).
cost(11, 3, 212971).
cost(11, 4, 317608).
cost(11, 5, 218872).
cost(11, 6, 1117789).
cost(11, 7, 309933).
cost(11, 8, 308099).
cost(11, 9, 265646).
cost(11, 10, 255811).
cost(11, 12, 177463).
cost(11, 13, 232890).
cost(11, 14, 384231).
cost(11, 15, 219988).
cost(11, 16, 55271).
cost(11, 17, 411719).
cost(11, 18, 102567).
cost(11, 19, 142127).
cost(12, 1, 321740).
cost(12, 2, 168332).
cost(12, 3, 365990).
cost(12, 4, 410203).
cost(12, 5, 152933).
cost(12, 6, 1164143).
cost(12, 7, 446236).
cost(12, 8, 133868).
cost(12, 9, 420994).
cost(12, 10, 174162).
cost(12, 11, 177463).
cost(12, 13, 154463).
cost(12, 14, 207170).
cost(12, 15, 42871).
cost(12, 16, 185636).
cost(12, 17, 543777).
cost(12, 18, 176468).
cost(12, 19, 218982).
cost(13, 1, 393693).
cost(13, 2, 53747).
cost(13, 3, 445855).
cost(13, 4, 312068).
cost(13, 5, 16748).
cost(13, 6, 1018589).
cost(13, 7, 384594).
cost(13, 8, 233367).
cost(13, 9, 498168).
cost(13, 10, 328565).
cost(13, 11, 232890).
cost(13, 12, 154463).
cost(13, 14, 271917).
cost(13, 15, 155229).
cost(13, 16, 272539).
cost(13, 17, 468941).
cost(13, 18, 290363).
cost(13, 19, 164277).
cost(14, 1, 519180).
cost(14, 2, 237962).
cost(14, 3, 557822).
cost(14, 4, 581010).
cost(14, 5, 283158).
cost(14, 6, 1264684).
cost(14, 7, 638286).
cost(14, 8, 80460).
cost(14, 9, 612109).
cost(14, 10, 249895).
cost(14, 11, 384231).
cost(14, 12, 207170).
cost(14, 13, 271917).
cost(14, 15, 165757).
cost(14, 16, 385228).
cost(14, 17, 730627).
cost(14, 18, 361835).
cost(14, 19, 406360).
cost(15, 1, 364125).
cost(15, 2, 154810).
cost(15, 3, 407668).
cost(15, 4, 436021).
cost(15, 5, 158308).
cost(15, 6, 1173296).
cost(15, 7, 479896).
cost(15, 8, 96637).
cost(15, 9, 462661).
cost(15, 10, 182778).
cost(15, 11, 219988).
cost(15, 12, 42871).
cost(15, 13, 155229).
cost(15, 14, 165757).
cost(15, 16, 228057).
cost(15, 17, 575716).
cost(15, 18, 215930).
cost(15, 19, 249493).
cost(16, 1, 136104).
cost(16, 2, 313631).
cost(16, 3, 181835).
cost(16, 4, 370487).
cost(16, 5, 260091).
cost(16, 6, 1172171).
cost(16, 7, 353877).
cost(16, 8, 305908).
cost(16, 9, 236651).
cost(16, 10, 221772).
cost(16, 11, 55271).
cost(16, 12, 185636).
cost(16, 13, 272539).
cost(16, 14, 385228).
cost(16, 15, 228057).
cost(16, 17, 455371).
cost(16, 18, 52339).
cost(16, 19, 197275).
cost(17, 1, 431599).
cost(17, 2, 517599).
cost(17, 3, 465360).
cost(17, 4, 166109).
cost(17, 5, 454417).
cost(17, 6, 786530).
cost(17, 7, 101793).
cost(17, 8, 672054).
cost(17, 9, 477102).
cost(17, 10, 666421).
cost(17, 11, 411719).
cost(17, 12, 543777).
cost(17, 13, 468941).
cost(17, 14, 730627).
cost(17, 15, 575716).
cost(17, 16, 455371).
cost(17, 18, 507710).
cost(17, 19, 326252).
cost(18, 1, 160373).
cost(18, 2, 325091).
cost(18, 3, 195988).
cost(18, 4, 420158).
cost(18, 5, 280087).
cost(18, 6, 1219735).
cost(18, 7, 406213).
cost(18, 8, 281407).
cost(18, 9, 250351).
cost(18, 10, 174429).
cost(18, 11, 102567).
cost(18, 12, 176468).
cost(18, 13, 290363).
cost(18, 14, 361835).
cost(18, 15, 215930).
cost(18, 16, 52339).
cost(18, 17, 507710).
cost(18, 19, 240463).
cost(19, 1, 275742).
cost(19, 2, 217993).
cost(19, 3, 329405).
cost(19, 4, 194580).
cost(19, 5, 147602).
cost(19, 6, 981226).
cost(19, 7, 231932).
cost(19, 8, 345806).
cost(19, 9, 375075).
cost(19, 10, 361898).
cost(19, 11, 142127).
cost(19, 12, 218982).
cost(19, 13, 164277).
cost(19, 14, 406360).
cost(19, 15, 249493).
cost(19, 16, 197275).
cost(19, 17, 326252).
cost(19, 18, 240463).
nocross(1,3).
nocross(1,5).
nocross(1,11).
nocross(1,16).
nocross(1,18).
nocross(2,4).
nocross(2,5).
nocross(2,11).
nocross(2,16).
nocross(2,18).
nocross(3,1).
nocross(3,5).
nocross(3,9).
nocross(3,11).
nocross(3,16).
nocross(3,18).
nocross(4,1).
nocross(4,5).
nocross(4,7).
nocross(4,9).
nocross(4,11).
nocross(4,13).
nocross(4,16).
nocross(4,19).
nocross(5,4).
nocross(5,11).
nocross(6,5).
nocross(6,13).
nocross(6,17).
nocross(7,1).
nocross(7,5).
nocross(7,9).
nocross(7,11).
nocross(7,16).
nocross(7,19).
nocross(8,2).
nocross(8,5).
nocross(8,10).
nocross(8,11).
nocross(8,14).
nocross(8,18).
nocross(9,1).
nocross(9,5).
nocross(9,18).
nocross(10,3).
nocross(10,5).
nocross(10,11).
nocross(10,18).
nocross(10,19).
nocross(11,1).
nocross(11,5).
nocross(12,5).
nocross(12,11).
nocross(12,16).
nocross(12,18).
nocross(13,2).
nocross(13,4).
nocross(13,5).
nocross(13,11).
nocross(13,18).
nocross(14,2).
nocross(14,5).
nocross(14,15).
nocross(14,18).
nocross(15,2).
nocross(15,5).
nocross(15,8).
nocross(15,11).
nocross(15,14).
nocross(15,16).
nocross(15,18).
nocross(15,19).
nocross(16,1).
nocross(16,3).
nocross(16,5).
nocross(16,11).
nocross(16,18).
nocross(17,1).
nocross(17,4).
nocross(17,5).
nocross(17,7).
nocross(17,9).
nocross(17,11).
nocross(17,19).
nocross(18,3).
nocross(18,5).
nocross(18,11).
nocross(18,16).
nocross(19,1).
nocross(19,4).
nocross(19,5).
nocross(19,9).
nocross(19,11).
nocross(19,18).
