dimension(19).
point(1, 56601.0, -345890.0).
point(2, -107598.0, 17705.0).
point(3, 187936.0, -520924.0).
point(4, 81590.0, -196234.0).
point(5, -184864.0, -113834.0).
point(6, -117632.0, -227640.0).
point(7, 5956.0, 29500.0).
point(8, 175312.0, -223789.0).
point(9, 160842.0, -293210.0).
point(10, 105275.0, 204397.0).
point(11, 355225.0, 380424.0).
point(12, 5986.0, 16030.0).
point(13, -348170.0, -219473.0).
point(14, -206716.0, -58729.0).
point(15, 186823.0, -105230.0).
point(16, -198702.0, -130865.0).
point(17, 269828.0, -127429.0).
point(18, -198483.0, -112538.0).
point(19, -11830.0, -265272.0).
cost(1, 2, 398952).
cost(1, 3, 218828).
cost(1, 4, 151728).
cost(1, 5, 334896).
cost(1, 6, 210571).
cost(1, 7, 378791).
cost(1, 8, 170297).
cost(1, 9, 116796).
cost(1, 10, 552435).
cost(1, 11, 785308).
cost(1, 12, 365442).
cost(1, 13, 424053).
cost(1, 14, 389612).
cost(1, 15, 273633).
cost(1, 16, 333789).
cost(1, 17, 305272).
cost(1, 18, 345718).
cost(1, 19, 105745).
cost(2, 1, 398952).
cost(2, 3, 614379).
cost(2, 4, 285591).
cost(2, 5, 152553).
cost(2, 6, 245550).
cost(2, 7, 114165).
cost(2, 8, 371964).
cost(2, 9, 410765).
cost(2, 10, 283141).
cost(2, 11, 588022).
cost(2, 12, 113596).
cost(2, 13, 337829).
cost(2, 14, 125166).
cost(2, 15, 319056).
cost(2, 16, 174278).
cost(2, 17, 404369).
cost(2, 18, 158819).
cost(2, 19, 298743).
cost(3, 1, 218828).
cost(3, 2, 614379).
cost(3, 4, 341662).
cost(3, 5, 551998).
cost(3, 6, 423541).
cost(3, 7, 579727).
cost(3, 8, 297403).
cost(3, 9, 229320).
cost(3, 10, 730016).
cost(3, 11, 916741).
cost(3, 12, 566944).
cost(3, 13, 615047).
cost(3, 14, 607762).
cost(3, 15, 415695).
cost(3, 16, 549213).
cost(3, 17, 401926).
cost(3, 18, 562227).
cost(3, 19, 324445).
cost(4, 1, 151728).
cost(4, 2, 285591).
cost(4, 3, 341662).
cost(4, 5, 278904).
cost(4, 6, 201682).
cost(4, 7, 238068).
cost(4, 8, 97689).
cost(4, 9, 125241).
cost(4, 10, 401331).
cost(4, 11, 638287).
cost(4, 12, 225326).
cost(4, 13, 430388).
cost(4, 14, 319418).
cost(4, 15, 139125).
cost(4, 16, 287814).
cost(4, 17, 200419).
cost(4, 18, 292311).
cost(4, 19, 116162).
cost(5, 1, 334896).
cost(5, 2, 152553).
cost(5, 3, 551998).
cost(5, 4, 278904).
cost(5, 6, 132181).
cost(5, 7, 238656).
cost(5, 8, 376586).
cost(5, 9, 389472).
cost(5, 10, 430641).
cost(5, 11, 732111).
cost(5, 12, 230843).
cost(5, 13, 194495).
cost(5, 14, 59280).
cost(5, 15, 371787).
cost(5, 16, 21944).
cost(5, 17, 454895).
cost(5, 18, 13681).
cost(5, 19, 229944).
cost(6, 1, 210571).
cost(6, 2, 245550).
cost(6, 3, 423541).
cost(6, 4, 201682).
cost(6, 5, 132181).
cost(6, 7, 285298).
cost(6, 8, 292969).
cost(6, 9, 286089).
cost(6, 10, 486152).
cost(6, 11, 770283).
cost(6, 12, 273233).
cost(6, 13, 230683).
cost(6, 14, 190963).
cost(6, 15, 328142).
cost(6, 16, 126245).
cost(6, 17, 400209).
cost(6, 18, 140660).
cost(6, 19, 112295).
cost(7, 1, 378791).
cost(7, 2, 114165).
cost(7, 3, 579727).
cost(7, 4, 238068).
cost(7, 5, 238656).
cost(7, 6, 285298).
cost(7, 8, 304691).
cost(7, 9, 357954).
cost(7, 10, 201130).
cost(7, 11, 495113).
cost(7, 12, 13470).
cost(7, 13, 432889).
cost(7, 14, 230247).
cost(7, 15, 225533).
cost(7, 16, 260004).
cost(7, 17, 307010).
cost(7, 18, 248938).
cost(7, 19, 295308).
cost(8, 1, 170297).
cost(8, 2, 371964).
cost(8, 3, 297403).
cost(8, 4, 97689).
cost(8, 5, 376586).
cost(8, 6, 292969).
cost(8, 7, 304691).
cost(8, 9, 70913).
cost(8, 10, 433876).
cost(8, 11, 630430).
cost(8, 12, 293572).
cost(8, 13, 523500).
cost(8, 14, 416161).
cost(8, 15, 119116).
cost(8, 16, 385385).
cost(8, 17, 134976).
cost(8, 18, 389999).
cost(8, 19, 191685).
cost(9, 1, 116796).
cost(9, 2, 410765).
cost(9, 3, 229320).
cost(9, 4, 125241).
cost(9, 5, 389472).
cost(9, 6, 286089).
cost(9, 7, 357954).
cost(9, 8, 70913).
cost(9, 10, 500700).
cost(9, 11, 701119).
cost(9, 12, 345846).
cost(9, 13, 514325).
cost(9, 14, 435982).
cost(9, 15, 189767).
cost(9, 16, 394497).
cost(9, 17, 198397).
cost(9, 18, 402190).
cost(9, 19, 174918).
cost(10, 1, 552435).
cost(10, 2, 283141).
cost(10, 3, 730016).
cost(10, 4, 401331).
cost(10, 5, 430641).
cost(10, 6, 486152).
cost(10, 7, 201130).
cost(10, 8, 433876).
cost(10, 9, 500700).
cost(10, 11, 305713).
cost(10, 12, 212933).
cost(10, 13, 620708).
cost(10, 14, 408134).
cost(10, 15, 320186).
cost(10, 16, 452551).
cost(10, 17, 370387).
cost(10, 18, 438995).
cost(10, 19, 484048).
cost(11, 1, 785308).
cost(11, 2, 588022).
cost(11, 3, 916741).
cost(11, 4, 638287).
cost(11, 5, 732111).
cost(11, 6, 770283).
cost(11, 7, 495113).
cost(11, 8, 630430).
cost(11, 9, 701119).
cost(11, 10, 305713).
cost(11, 12, 504729).
cost(11, 13, 924468).
cost(11, 14, 713185).
cost(11, 15, 514022).
cost(11, 16, 753825).
cost(11, 17, 514983).
cost(11, 18, 741353).
cost(11, 19, 742733).
cost(12, 1, 365442).
cost(12, 2, 113596).
cost(12, 3, 566944).
cost(12, 4, 225326).
cost(12, 5, 230843).
cost(12, 6, 273233).
cost(12, 7, 13470).
cost(12, 8, 293572).
cost(12, 9, 345846).
cost(12, 10, 212933).
cost(12, 11, 504729).
cost(12, 13, 425309).
cost(12, 14, 225457).
cost(12, 15, 217729).
cost(12, 16, 251943).
cost(12, 17, 300322).
cost(12, 18, 241531).
cost(12, 19, 281866).
cost(13, 1, 424053).
cost(13, 2, 337829).
cost(13, 3, 615047).
cost(13, 4, 430388).
cost(13, 5, 194495).
cost(13, 6, 230683).
cost(13, 7, 432889).
cost(13, 8, 523500).
cost(13, 9, 514325).
cost(13, 10, 620708).
cost(13, 11, 924468).
cost(13, 12, 425309).
cost(13, 14, 214121).
cost(13, 15, 547055).
cost(13, 16, 173759).
cost(13, 17, 624815).
cost(13, 18, 183960).
cost(13, 19, 339444).
cost(14, 1, 389612).
cost(14, 2, 125166).
cost(14, 3, 607762).
cost(14, 4, 319418).
cost(14, 5, 59280).
cost(14, 6, 190963).
cost(14, 7, 230247).
cost(14, 8, 416161).
cost(14, 9, 435982).
cost(14, 10, 408134).
cost(14, 11, 713185).
cost(14, 12, 225457).
cost(14, 13, 214121).
cost(14, 15, 396277).
cost(14, 16, 72580).
cost(14, 17, 481471).
cost(14, 18, 54435).
cost(14, 19, 283973).
cost(15, 1, 273633).
cost(15, 2, 319056).
cost(15, 3, 415695).
cost(15, 4, 139125).
cost(15, 5, 371787).
cost(15, 6, 328142).
cost(15, 7, 225533).
cost(15, 8, 119116).
cost(15, 9, 189767).
cost(15, 10, 320186).
cost(15, 11, 514022).
cost(15, 12, 217729).
cost(15, 13, 547055).
cost(15, 14, 396277).
cost(15, 16, 386376).
cost(15, 17, 85922).
cost(15, 18, 385375).
cost(15, 19, 255101).
cost(16, 1, 333789).
cost(16, 2, 174278).
cost(16, 3, 549213).
cost(16, 4, 287814).
cost(16, 5, 21944).
cost(16, 6, 126245).
cost(16, 7, 260004).
cost(16, 8, 385385).
cost(16, 9, 394497).
cost(16, 10, 452551).
cost(16, 11, 753825).
cost(16, 12, 251943).
cost(16, 13, 173759).
cost(16, 14, 72580).
cost(16, 15, 386376).
cost(16, 17, 468543).
cost(16, 18, 18328).
cost(16, 19, 230188).
cost(17, 1, 305272).
cost(17, 2, 404369).
cost(17, 3, 401926).
cost(17, 4, 200419).
cost(17, 5, 454895).
cost(17, 6, 400209).
cost(17, 7, 307010).
cost(17, 8, 134976).
cost(17, 9, 198397).
cost(17, 10, 370387).
cost(17, 11, 514983).
cost(17, 12, 300322).
cost(17, 13, 624815).
cost(17, 14, 481471).
cost(17, 15, 85922).
cost(17, 16, 468543).
cost(17, 18, 468548).
cost(17, 19, 313579).
cost(18, 1, 345718).
cost(18, 2, 158819).
cost(18, 3, 562227).
cost(18, 4, 292311).
cost(18, 5, 13681).
cost(18, 6, 140660).
cost(18, 7, 248938).
cost(18, 8, 389999).
cost(18, 9, 402190).
cost(18, 10, 438995).
cost(18, 11, 741353).
cost(18, 12, 241531).
cost(18, 13, 183960).
cost(18, 14, 54435).
cost(18, 15, 385375).
cost(18, 16, 18328).
cost(18, 17, 468548).
cost(18, 19, 241178).
cost(19, 1, 105745).
cost(19, 2, 298743).
cost(19, 3, 324445).
cost(19, 4, 116162).
cost(19, 5, 229944).
cost(19, 6, 112295).
cost(19, 7, 295308).
cost(19, 8, 191685).
cost(19, 9, 174918).
cost(19, 10, 484048).
cost(19, 11, 742733).
cost(19, 12, 281866).
cost(19, 13, 339444).
cost(19, 14, 283973).
cost(19, 15, 255101).
cost(19, 16, 230188).
cost(19, 17, 313579).
cost(19, 18, 241178).
nocross(1,3).
nocross(1,4).
nocross(1,6).
nocross(1,8).
nocross(1,9).
nocross(2,1).
nocross(2,5).
nocross(2,15).
nocross(3,1).
nocross(3,9).
nocross(3,17).
nocross(4,1).
nocross(4,8).
nocross(4,15).
nocross(5,7).
nocross(5,12).
nocross(5,15).
nocross(6,3).
nocross(6,4).
nocross(6,5).
nocross(6,12).
nocross(6,15).
nocross(7,1).
nocross(7,8).
nocross(7,10).
nocross(7,11).
nocross(7,15).
nocross(8,1).
nocross(8,4).
nocross(8,15).
nocross(8,17).
nocross(9,1).
nocross(9,4).
nocross(9,8).
nocross(9,17).
nocross(10,7).
nocross(10,8).
nocross(10,15).
nocross(11,7).
nocross(11,10).
nocross(11,12).
nocross(11,15).
nocross(11,17).
nocross(12,1).
nocross(12,4).
nocross(12,8).
nocross(12,10).
nocross(12,15).
nocross(13,16).
nocross(14,12).
nocross(14,13).
nocross(15,8).
nocross(15,11).
nocross(15,17).
nocross(16,7).
nocross(16,12).
nocross(16,13).
nocross(17,3).
nocross(17,4).
nocross(17,8).
nocross(17,9).
nocross(17,10).
nocross(17,15).
nocross(18,5).
nocross(18,7).
nocross(18,12).
nocross(18,13).
nocross(19,4).
nocross(19,8).
nocross(19,9).
