dimension(19).
point(1, -403550.0, -2055.0).
point(2, 96074.0, -286748.0).
point(3, -359389.0, 75541.0).
point(4, -195962.0, 15380.0).
point(5, 187375.0, -170484.0).
point(6, 101164.0, -624771.0).
point(7, 192274.0, -121151.0).
point(8, 230997.0, 375740.0).
point(9, 83843.0, -139633.0).
point(10, -140805.0, -230794.0).
point(11, 36295.0, 31530.0).
point(12, 89588.0, 311169.0).
point(13, -427907.0, -234838.0).
point(14, 405037.0, 261832.0).
point(15, 41249.0, -20979.0).
point(16, -201950.0, 215148.0).
point(17, 317801.0, -181888.0).
point(18, 280669.0, 45278.0).
point(19, -158565.0, -179238.0).
cost(1, 2, 575043).
cost(1, 3, 89282).
cost(1, 4, 208319).
cost(1, 5, 614460).
cost(1, 6, 801568).
cost(1, 7, 607610).
cost(1, 8, 738498).
cost(1, 9, 506438).
cost(1, 10, 348363).
cost(1, 11, 441125).
cost(1, 12, 584204).
cost(1, 13, 234054).
cost(1, 14, 850558).
cost(1, 15, 445201).
cost(1, 16, 296344).
cost(1, 17, 743429).
cost(1, 18, 685854).
cost(1, 19, 302343).
cost(2, 1, 575043).
cost(2, 3, 581979).
cost(2, 4, 420198).
cost(2, 5, 147828).
cost(2, 6, 338061).
cost(2, 7, 191512).
cost(2, 8, 676088).
cost(2, 9, 147623).
cost(2, 10, 243398).
cost(2, 11, 323843).
cost(2, 12, 597952).
cost(2, 13, 526546).
cost(2, 14, 629602).
cost(2, 15, 271365).
cost(2, 16, 583710).
cost(2, 17, 245272).
cost(2, 18, 379890).
cost(2, 19, 276404).
cost(3, 1, 89282).
cost(3, 2, 581979).
cost(3, 4, 174149).
cost(3, 5, 599566).
cost(3, 6, 838180).
cost(3, 7, 585679).
cost(3, 8, 662326).
cost(3, 9, 492701).
cost(3, 10, 376324).
cost(3, 11, 398124).
cost(3, 12, 507051).
cost(3, 13, 317852).
cost(3, 14, 786798).
cost(3, 15, 412101).
cost(3, 16, 210421).
cost(3, 17, 724469).
cost(3, 18, 640773).
cost(3, 19, 324411).
cost(4, 1, 208319).
cost(4, 2, 420198).
cost(4, 3, 174149).
cost(4, 5, 426020).
cost(4, 6, 705746).
cost(4, 7, 411543).
cost(4, 8, 558707).
cost(4, 9, 319875).
cost(4, 10, 252277).
cost(4, 11, 232818).
cost(4, 12, 411133).
cost(4, 13, 341185).
cost(4, 14, 649568).
cost(4, 15, 239981).
cost(4, 16, 199858).
cost(4, 17, 550334).
cost(4, 18, 477568).
cost(4, 19, 198178).
cost(5, 1, 614460).
cost(5, 2, 147828).
cost(5, 3, 599566).
cost(5, 4, 426020).
cost(5, 6, 462395).
cost(5, 7, 49576).
cost(5, 8, 547963).
cost(5, 9, 108031).
cost(5, 10, 333676).
cost(5, 11, 252259).
cost(5, 12, 491479).
cost(5, 13, 618638).
cost(5, 14, 484018).
cost(5, 15, 209056).
cost(5, 16, 547984).
cost(5, 17, 130924).
cost(5, 18, 235068).
cost(5, 19, 346051).
cost(6, 1, 801568).
cost(6, 2, 338061).
cost(6, 3, 838180).
cost(6, 4, 705746).
cost(6, 5, 462395).
cost(6, 7, 511795).
cost(6, 8, 1008900).
cost(6, 9, 485447).
cost(6, 10, 462349).
cost(6, 11, 659499).
cost(6, 12, 936012).
cost(6, 13, 657240).
cost(6, 14, 937232).
cost(6, 15, 606757).
cost(6, 16, 892940).
cost(6, 17, 493028).
cost(6, 18, 693677).
cost(6, 19, 515712).
cost(7, 1, 607610).
cost(7, 2, 191512).
cost(7, 3, 585679).
cost(7, 4, 411543).
cost(7, 5, 49576).
cost(7, 6, 511795).
cost(7, 8, 498398).
cost(7, 9, 109995).
cost(7, 10, 350661).
cost(7, 11, 218268).
cost(7, 12, 444348).
cost(7, 13, 630515).
cost(7, 14, 438114).
cost(7, 15, 181226).
cost(7, 16, 518179).
cost(7, 17, 139449).
cost(7, 18, 188447).
cost(7, 19, 355615).
cost(8, 1, 738498).
cost(8, 2, 676088).
cost(8, 3, 662326).
cost(8, 4, 558707).
cost(8, 5, 547963).
cost(8, 6, 1008900).
cost(8, 7, 498398).
cost(8, 9, 535970).
cost(8, 10, 711421).
cost(8, 11, 395461).
cost(8, 12, 155454).
cost(8, 13, 898310).
cost(8, 14, 208002).
cost(8, 15, 439762).
cost(8, 16, 461771).
cost(8, 17, 564344).
cost(8, 18, 334174).
cost(8, 19, 678055).
cost(9, 1, 506438).
cost(9, 2, 147623).
cost(9, 3, 492701).
cost(9, 4, 319875).
cost(9, 5, 108031).
cost(9, 6, 485447).
cost(9, 7, 109995).
cost(9, 8, 535970).
cost(9, 10, 242440).
cost(9, 11, 177645).
cost(9, 12, 450839).
cost(9, 13, 520531).
cost(9, 14, 514140).
cost(9, 15, 126068).
cost(9, 16, 455573).
cost(9, 17, 237743).
cost(9, 18, 270060).
cost(9, 19, 245622).
cost(10, 1, 348363).
cost(10, 2, 243398).
cost(10, 3, 376324).
cost(10, 4, 252277).
cost(10, 5, 333676).
cost(10, 6, 462349).
cost(10, 7, 350661).
cost(10, 8, 711421).
cost(10, 9, 242440).
cost(10, 11, 316510).
cost(10, 12, 588901).
cost(10, 13, 287130).
cost(10, 14, 735271).
cost(10, 15, 277788).
cost(10, 16, 450114).
cost(10, 17, 461206).
cost(10, 18, 503841).
cost(10, 19, 54529).
cost(11, 1, 441125).
cost(11, 2, 323843).
cost(11, 3, 398124).
cost(11, 4, 232818).
cost(11, 5, 252259).
cost(11, 6, 659499).
cost(11, 7, 218268).
cost(11, 8, 395461).
cost(11, 9, 177645).
cost(11, 10, 316510).
cost(11, 12, 284672).
cost(11, 13, 535197).
cost(11, 14, 434752).
cost(11, 15, 52742).
cost(11, 16, 300793).
cost(11, 17, 353260).
cost(11, 18, 244760).
cost(11, 19, 287043).
cost(12, 1, 584204).
cost(12, 2, 597952).
cost(12, 3, 507051).
cost(12, 4, 411133).
cost(12, 5, 491479).
cost(12, 6, 936012).
cost(12, 7, 444348).
cost(12, 8, 155454).
cost(12, 9, 450839).
cost(12, 10, 588901).
cost(12, 11, 284672).
cost(12, 13, 752280).
cost(12, 14, 319284).
cost(12, 15, 335647).
cost(12, 16, 306944).
cost(12, 17, 543311).
cost(12, 18, 327429).
cost(12, 19, 549617).
cost(13, 1, 234054).
cost(13, 2, 526546).
cost(13, 3, 317852).
cost(13, 4, 341185).
cost(13, 5, 618638).
cost(13, 6, 657240).
cost(13, 7, 630515).
cost(13, 8, 898310).
cost(13, 9, 520531).
cost(13, 10, 287130).
cost(13, 11, 535197).
cost(13, 12, 752280).
cost(13, 14, 969782).
cost(13, 15, 515600).
cost(13, 16, 503531).
cost(13, 17, 747586).
cost(13, 18, 761935).
cost(13, 19, 275021).
cost(14, 1, 850558).
cost(14, 2, 629602).
cost(14, 3, 786798).
cost(14, 4, 649568).
cost(14, 5, 484018).
cost(14, 6, 937232).
cost(14, 7, 438114).
cost(14, 8, 208002).
cost(14, 9, 514140).
cost(14, 10, 735271).
cost(14, 11, 434752).
cost(14, 12, 319284).
cost(14, 13, 969782).
cost(14, 15, 460786).
cost(14, 16, 608780).
cost(14, 17, 452214).
cost(14, 18, 249726).
cost(14, 19, 715674).
cost(15, 1, 445201).
cost(15, 2, 271365).
cost(15, 3, 412101).
cost(15, 4, 239981).
cost(15, 5, 209056).
cost(15, 6, 606757).
cost(15, 7, 181226).
cost(15, 8, 439762).
cost(15, 9, 126068).
cost(15, 10, 277788).
cost(15, 11, 52742).
cost(15, 12, 335647).
cost(15, 13, 515600).
cost(15, 14, 460786).
cost(15, 16, 338972).
cost(15, 17, 319957).
cost(15, 18, 248419).
cost(15, 19, 254895).
cost(16, 1, 296344).
cost(16, 2, 583710).
cost(16, 3, 210421).
cost(16, 4, 199858).
cost(16, 5, 547984).
cost(16, 6, 892940).
cost(16, 7, 518179).
cost(16, 8, 461771).
cost(16, 9, 455573).
cost(16, 10, 450114).
cost(16, 11, 300793).
cost(16, 12, 306944).
cost(16, 13, 503531).
cost(16, 14, 608780).
cost(16, 15, 338972).
cost(16, 17, 654048).
cost(16, 18, 511641).
cost(16, 19, 396765).
cost(17, 1, 743429).
cost(17, 2, 245272).
cost(17, 3, 724469).
cost(17, 4, 550334).
cost(17, 5, 130924).
cost(17, 6, 493028).
cost(17, 7, 139449).
cost(17, 8, 564344).
cost(17, 9, 237743).
cost(17, 10, 461206).
cost(17, 11, 353260).
cost(17, 12, 543311).
cost(17, 13, 747586).
cost(17, 14, 452214).
cost(17, 15, 319957).
cost(17, 16, 654048).
cost(17, 18, 230181).
cost(17, 19, 476373).
cost(18, 1, 685854).
cost(18, 2, 379890).
cost(18, 3, 640773).
cost(18, 4, 477568).
cost(18, 5, 235068).
cost(18, 6, 693677).
cost(18, 7, 188447).
cost(18, 8, 334174).
cost(18, 9, 270060).
cost(18, 10, 503841).
cost(18, 11, 244760).
cost(18, 12, 327429).
cost(18, 13, 761935).
cost(18, 14, 249726).
cost(18, 15, 248419).
cost(18, 16, 511641).
cost(18, 17, 230181).
cost(18, 19, 493289).
cost(19, 1, 302343).
cost(19, 2, 276404).
cost(19, 3, 324411).
cost(19, 4, 198178).
cost(19, 5, 346051).
cost(19, 6, 515712).
cost(19, 7, 355615).
cost(19, 8, 678055).
cost(19, 9, 245622).
cost(19, 10, 54529).
cost(19, 11, 287043).
cost(19, 12, 549617).
cost(19, 13, 275021).
cost(19, 14, 715674).
cost(19, 15, 254895).
cost(19, 16, 396765).
cost(19, 17, 476373).
cost(19, 18, 493289).
nocross(1,19).
nocross(2,10).
nocross(2,15).
nocross(3,1).
nocross(4,3).
nocross(4,5).
nocross(4,7).
nocross(4,11).
nocross(4,15).
nocross(5,7).
nocross(5,9).
nocross(5,11).
nocross(5,15).
nocross(5,17).
nocross(6,15).
nocross(6,17).
nocross(7,9).
nocross(7,11).
nocross(7,15).
nocross(9,5).
nocross(9,7).
nocross(9,8).
nocross(11,4).
nocross(11,12).
nocross(11,16).
nocross(11,18).
nocross(12,11).
nocross(12,16).
nocross(12,18).
nocross(13,10).
nocross(13,19).
nocross(14,8).
nocross(14,17).
nocross(15,7).
nocross(15,8).
nocross(15,11).
nocross(15,18).
nocross(15,19).
nocross(16,3).
nocross(16,4).
nocross(16,8).
nocross(16,11).
nocross(16,15).
nocross(17,2).
nocross(17,5).
nocross(17,7).
nocross(17,11).
nocross(17,18).
nocross(18,7).
nocross(18,8).
nocross(18,9).
nocross(18,11).
nocross(18,15).
nocross(18,17).
nocross(19,4).
nocross(19,9).
nocross(19,15).
