dimension(19).
point(1, 167220.0, 19088.0).
point(2, 70939.0, -18172.0).
point(3, 33806.0, 51135.0).
point(4, -247388.0, 321353.0).
point(5, -262730.0, 34582.0).
point(6, 21119.0, -41176.0).
point(7, 156137.0, 199402.0).
point(8, 211936.0, 226451.0).
point(9, 37488.0, -244869.0).
point(10, 234804.0, 10404.0).
point(11, 24976.0, -167178.0).
point(12, 132970.0, 206397.0).
point(13, -109946.0, 381566.0).
point(14, -53654.0, 185209.0).
point(15, -77802.0, 84779.0).
point(16, 436796.0, 289364.0).
point(17, -231846.0, 209069.0).
point(18, -96903.0, 382845.0).
point(19, 324657.0, 45293.0).
cost(1, 2, 103239).
cost(1, 3, 137209).
cost(1, 4, 513093).
cost(1, 5, 430229).
cost(1, 6, 158042).
cost(1, 7, 180654).
cost(1, 8, 212130).
cost(1, 9, 294115).
cost(1, 10, 68140).
cost(1, 11, 234368).
cost(1, 12, 190415).
cost(1, 13, 456302).
cost(1, 14, 276372).
cost(1, 15, 253675).
cost(1, 16, 381733).
cost(1, 17, 441980).
cost(1, 18, 449533).
cost(1, 19, 159603).
cost(2, 1, 103239).
cost(2, 3, 78628).
cost(2, 4, 465413).
cost(2, 5, 337814).
cost(2, 6, 54875).
cost(2, 7, 233660).
cost(2, 8, 282348).
cost(2, 9, 229152).
cost(2, 10, 166338).
cost(2, 11, 155934).
cost(2, 12, 232979).
cost(2, 13, 438759).
cost(2, 14, 238510).
cost(2, 15, 180894).
cost(2, 16, 477943).
cost(2, 17, 378573).
cost(2, 18, 434725).
cost(2, 19, 261535).
cost(3, 1, 137209).
cost(3, 2, 78628).
cost(3, 4, 389984).
cost(3, 5, 296998).
cost(3, 6, 93179).
cost(3, 7, 192219).
cost(3, 8, 249932).
cost(3, 9, 296027).
cost(3, 10, 205083).
cost(3, 11, 218491).
cost(3, 12, 184228).
cost(3, 13, 360346).
cost(3, 14, 160078).
cost(3, 15, 116569).
cost(3, 16, 468139).
cost(3, 17, 309054).
cost(3, 18, 356534).
cost(3, 19, 290910).
cost(4, 1, 513093).
cost(4, 2, 465413).
cost(4, 3, 389984).
cost(4, 5, 287181).
cost(4, 6, 451136).
cost(4, 7, 421550).
cost(4, 8, 469026).
cost(4, 9, 633847).
cost(4, 10, 573758).
cost(4, 11, 559325).
cost(4, 12, 397350).
cost(4, 13, 150053).
cost(4, 14, 236787).
cost(4, 15, 291078).
cost(4, 16, 684931).
cost(4, 17, 113355).
cost(4, 18, 162564).
cost(4, 19, 635173).
cost(5, 1, 430229).
cost(5, 2, 337814).
cost(5, 3, 296998).
cost(5, 4, 287181).
cost(5, 6, 293785).
cost(5, 7, 450128).
cost(5, 8, 511978).
cost(5, 9, 410151).
cost(5, 10, 498121).
cost(5, 11, 351400).
cost(5, 12, 431392).
cost(5, 13, 379132).
cost(5, 14, 257684).
cost(5, 15, 191620).
cost(5, 16, 744480).
cost(5, 17, 177199).
cost(5, 18, 385728).
cost(5, 19, 587485).
cost(6, 1, 158042).
cost(6, 2, 54875).
cost(6, 3, 93179).
cost(6, 4, 451136).
cost(6, 5, 293785).
cost(6, 7, 275876).
cost(6, 8, 328687).
cost(6, 9, 204350).
cost(6, 10, 219822).
cost(6, 11, 126061).
cost(6, 12, 271667).
cost(6, 13, 442593).
cost(6, 14, 238414).
cost(6, 15, 160156).
cost(6, 16, 531078).
cost(6, 17, 355828).
cost(6, 18, 440140).
cost(6, 19, 315614).
cost(7, 1, 180654).
cost(7, 2, 233660).
cost(7, 3, 192219).
cost(7, 4, 421550).
cost(7, 5, 450128).
cost(7, 6, 275876).
cost(7, 8, 62009).
cost(7, 9, 459842).
cost(7, 10, 204716).
cost(7, 11, 389338).
cost(7, 12, 24200).
cost(7, 13, 322465).
cost(7, 14, 210271).
cost(7, 15, 260511).
cost(7, 16, 294725).
cost(7, 17, 388103).
cost(7, 18, 312539).
cost(7, 19, 228361).
cost(8, 1, 212130).
cost(8, 2, 282348).
cost(8, 3, 249932).
cost(8, 4, 469026).
cost(8, 5, 511978).
cost(8, 6, 328687).
cost(8, 7, 62009).
cost(8, 9, 502568).
cost(8, 10, 217254).
cost(8, 11, 435773).
cost(8, 12, 81473).
cost(8, 13, 357308).
cost(8, 14, 268773).
cost(8, 15, 322520).
cost(8, 16, 233495).
cost(8, 17, 444122).
cost(8, 18, 346180).
cost(8, 19, 213364).
cost(9, 1, 294115).
cost(9, 2, 229152).
cost(9, 3, 296027).
cost(9, 4, 633847).
cost(9, 5, 410151).
cost(9, 6, 204350).
cost(9, 7, 459842).
cost(9, 8, 502568).
cost(9, 10, 322642).
cost(9, 11, 78692).
cost(9, 12, 461257).
cost(9, 13, 643551).
cost(9, 14, 439629).
cost(9, 15, 349227).
cost(9, 16, 666972).
cost(9, 17, 527826).
cost(9, 18, 641939).
cost(9, 19, 408240).
cost(10, 1, 68140).
cost(10, 2, 166338).
cost(10, 3, 205083).
cost(10, 4, 573758).
cost(10, 5, 498121).
cost(10, 6, 219822).
cost(10, 7, 204716).
cost(10, 8, 217254).
cost(10, 9, 322642).
cost(10, 11, 274888).
cost(10, 12, 220870).
cost(10, 13, 506571).
cost(10, 14, 337290).
cost(10, 15, 321332).
cost(10, 16, 344412).
cost(10, 17, 507178).
cost(10, 18, 498740).
cost(10, 19, 96389).
cost(11, 1, 234368).
cost(11, 2, 155934).
cost(11, 3, 218491).
cost(11, 4, 559325).
cost(11, 5, 351400).
cost(11, 6, 126061).
cost(11, 7, 389338).
cost(11, 8, 435773).
cost(11, 9, 78692).
cost(11, 10, 274888).
cost(11, 12, 388871).
cost(11, 13, 565088).
cost(11, 14, 361053).
cost(11, 15, 272113).
cost(11, 16, 614838).
cost(11, 17, 455543).
cost(11, 18, 563365).
cost(11, 19, 367359).
cost(12, 1, 190415).
cost(12, 2, 232979).
cost(12, 3, 184228).
cost(12, 4, 397350).
cost(12, 5, 431392).
cost(12, 6, 271667).
cost(12, 7, 24200).
cost(12, 8, 81473).
cost(12, 9, 461257).
cost(12, 10, 220870).
cost(12, 11, 388871).
cost(12, 13, 299487).
cost(12, 14, 187823).
cost(12, 15, 243343).
cost(12, 16, 314950).
cost(12, 17, 364826).
cost(12, 18, 289785).
cost(12, 19, 250396).
cost(13, 1, 456302).
cost(13, 2, 438759).
cost(13, 3, 360346).
cost(13, 4, 150053).
cost(13, 5, 379132).
cost(13, 6, 442593).
cost(13, 7, 322465).
cost(13, 8, 357308).
cost(13, 9, 643551).
cost(13, 10, 506571).
cost(13, 11, 565088).
cost(13, 12, 299487).
cost(13, 14, 204267).
cost(13, 15, 298523).
cost(13, 16, 554462).
cost(13, 17, 211222).
cost(13, 18, 13106).
cost(13, 19, 549508).
cost(14, 1, 276372).
cost(14, 2, 238510).
cost(14, 3, 160078).
cost(14, 4, 236787).
cost(14, 5, 257684).
cost(14, 6, 238414).
cost(14, 7, 210271).
cost(14, 8, 268773).
cost(14, 9, 439629).
cost(14, 10, 337290).
cost(14, 11, 361053).
cost(14, 12, 187823).
cost(14, 13, 204267).
cost(14, 15, 103292).
cost(14, 16, 501388).
cost(14, 17, 179782).
cost(14, 18, 202313).
cost(14, 19, 403356).
cost(15, 1, 253675).
cost(15, 2, 180894).
cost(15, 3, 116569).
cost(15, 4, 291078).
cost(15, 5, 191620).
cost(15, 6, 160156).
cost(15, 7, 260511).
cost(15, 8, 322520).
cost(15, 9, 349227).
cost(15, 10, 321332).
cost(15, 11, 272113).
cost(15, 12, 243343).
cost(15, 13, 298523).
cost(15, 14, 103292).
cost(15, 16, 553774).
cost(15, 17, 197933).
cost(15, 18, 298677).
cost(15, 19, 404391).
cost(16, 1, 381733).
cost(16, 2, 477943).
cost(16, 3, 468139).
cost(16, 4, 684931).
cost(16, 5, 744480).
cost(16, 6, 531078).
cost(16, 7, 294725).
cost(16, 8, 233495).
cost(16, 9, 666972).
cost(16, 10, 344412).
cost(16, 11, 614838).
cost(16, 12, 314950).
cost(16, 13, 554462).
cost(16, 14, 501388).
cost(16, 15, 553774).
cost(16, 17, 673446).
cost(16, 18, 541824).
cost(16, 19, 268600).
cost(17, 1, 441980).
cost(17, 2, 378573).
cost(17, 3, 309054).
cost(17, 4, 113355).
cost(17, 5, 177199).
cost(17, 6, 355828).
cost(17, 7, 388103).
cost(17, 8, 444122).
cost(17, 9, 527826).
cost(17, 10, 507178).
cost(17, 11, 455543).
cost(17, 12, 364826).
cost(17, 13, 211222).
cost(17, 14, 179782).
cost(17, 15, 197933).
cost(17, 16, 673446).
cost(17, 18, 220018).
cost(17, 19, 580102).
cost(18, 1, 449533).
cost(18, 2, 434725).
cost(18, 3, 356534).
cost(18, 4, 162564).
cost(18, 5, 385728).
cost(18, 6, 440140).
cost(18, 7, 312539).
cost(18, 8, 346180).
cost(18, 9, 641939).
cost(18, 10, 498740).
cost(18, 11, 563365).
cost(18, 12, 289785).
cost(18, 13, 13106).
cost(18, 14, 202313).
cost(18, 15, 298677).
cost(18, 16, 541824).
cost(18, 17, 220018).
cost(18, 19, 540050).
cost(19, 1, 159603).
cost(19, 2, 261535).
cost(19, 3, 290910).
cost(19, 4, 635173).
cost(19, 5, 587485).
cost(19, 6, 315614).
cost(19, 7, 228361).
cost(19, 8, 213364).
cost(19, 9, 408240).
cost(19, 10, 96389).
cost(19, 11, 367359).
cost(19, 12, 250396).
cost(19, 13, 549508).
cost(19, 14, 403356).
cost(19, 15, 404391).
cost(19, 16, 268600).
cost(19, 17, 580102).
cost(19, 18, 540050).
nocross(1,14).
nocross(2,14).
nocross(2,15).
nocross(3,2).
nocross(3,6).
nocross(3,14).
nocross(3,18).
nocross(3,19).
nocross(4,12).
nocross(4,14).
nocross(5,6).
nocross(5,12).
nocross(5,13).
nocross(5,14).
nocross(5,18).
nocross(6,10).
nocross(6,14).
nocross(6,15).
nocross(7,8).
nocross(7,12).
nocross(7,14).
nocross(7,18).
nocross(7,19).
nocross(8,7).
nocross(8,12).
nocross(8,18).
nocross(8,19).
nocross(10,14).
nocross(10,19).
nocross(11,6).
nocross(11,15).
nocross(12,13).
nocross(12,14).
nocross(12,18).
nocross(12,19).
nocross(13,4).
nocross(13,12).
nocross(13,14).
nocross(13,15).
nocross(14,6).
nocross(14,12).
nocross(14,13).
nocross(14,15).
nocross(14,18).
nocross(14,19).
nocross(15,4).
nocross(15,6).
nocross(15,12).
nocross(15,13).
nocross(15,14).
nocross(15,18).
nocross(15,19).
nocross(16,19).
nocross(17,4).
nocross(17,5).
nocross(17,13).
nocross(17,14).
nocross(17,18).
nocross(18,4).
nocross(18,12).
nocross(18,13).
nocross(19,1).
nocross(19,10).
