dimension(19).
point(1, 339445.0, 95386.0).
point(2, 579568.0, 154548.0).
point(3, -33353.0, -57945.0).
point(4, -238698.0, -138284.0).
point(5, -121082.0, -157961.0).
point(6, 275437.0, -331901.0).
point(7, 239340.0, 183376.0).
point(8, -436534.0, -102767.0).
point(9, 307417.0, -75305.0).
point(10, -82746.0, 256307.0).
point(11, 77874.0, 34700.0).
point(12, 220136.0, 371931.0).
point(13, -202216.0, 182546.0).
point(14, -28344.0, -234306.0).
point(15, 29647.0, -41792.0).
point(16, 29413.0, -9613.0).
point(17, -90261.0, 194233.0).
point(18, 88664.0, -372252.0).
point(19, 515242.0, -81424.0).
cost(1, 2, 247304).
cost(1, 3, 403099).
cost(1, 4, 623579).
cost(1, 5, 525614).
cost(1, 6, 432055).
cost(1, 7, 133279).
cost(1, 8, 800880).
cost(1, 9, 173670).
cost(1, 10, 451819).
cost(1, 11, 268518).
cost(1, 12, 301184).
cost(1, 13, 548629).
cost(1, 14, 493929).
cost(1, 15, 338811).
cost(1, 16, 327330).
cost(1, 17, 440929).
cost(1, 18, 530638).
cost(1, 19, 249332).
cost(2, 1, 247304).
cost(2, 3, 648711).
cost(2, 4, 869086).
cost(2, 5, 767185).
cost(2, 6, 573697).
cost(2, 7, 341447).
cost(2, 8, 1048177).
cost(2, 9, 356228).
cost(2, 10, 670086).
cost(2, 11, 515810).
cost(2, 12, 420056).
cost(2, 13, 782285).
cost(2, 14, 721640).
cost(2, 15, 583920).
cost(2, 16, 574125).
cost(2, 17, 671004).
cost(2, 18, 720073).
cost(2, 19, 244583).
cost(3, 1, 403099).
cost(3, 2, 648711).
cost(3, 4, 220502).
cost(3, 5, 133040).
cost(3, 6, 412799).
cost(3, 7, 364139).
cost(3, 8, 405665).
cost(3, 9, 341212).
cost(3, 10, 318110).
cost(3, 11, 144757).
cost(3, 12, 499049).
cost(3, 13, 293855).
cost(3, 14, 176432).
cost(3, 15, 65038).
cost(3, 16, 79218).
cost(3, 17, 258519).
cost(3, 18, 337160).
cost(3, 19, 549097).
cost(4, 1, 623579).
cost(4, 2, 869086).
cost(4, 3, 220502).
cost(4, 5, 119251).
cost(4, 6, 549384).
cost(4, 7, 576182).
cost(4, 8, 200999).
cost(4, 9, 549734).
cost(4, 10, 424291).
cost(4, 11, 360751).
cost(4, 12, 686184).
cost(4, 13, 322898).
cost(4, 14, 231234).
cost(4, 15, 285166).
cost(4, 16, 297388).
cost(4, 17, 364144).
cost(4, 18, 402377).
cost(4, 19, 756081).
cost(5, 1, 525614).
cost(5, 2, 767185).
cost(5, 3, 133040).
cost(5, 4, 119251).
cost(5, 6, 432992).
cost(5, 7, 496402).
cost(5, 8, 320244).
cost(5, 9, 436398).
cost(5, 10, 416038).
cost(5, 11, 276951).
cost(5, 12, 630250).
cost(5, 13, 350040).
cost(5, 14, 120120).
cost(5, 15, 190301).
cost(5, 16, 211319).
cost(5, 17, 353540).
cost(5, 18, 299857).
cost(5, 19, 640910).
cost(6, 1, 432055).
cost(6, 2, 573697).
cost(6, 3, 412799).
cost(6, 4, 549384).
cost(6, 5, 432992).
cost(6, 7, 516540).
cost(6, 8, 747934).
cost(6, 9, 258581).
cost(6, 10, 688683).
cost(6, 11, 416446).
cost(6, 12, 706001).
cost(6, 13, 702003).
cost(6, 14, 319073).
cost(6, 15, 380231).
cost(6, 16, 405459).
cost(6, 17, 640743).
cost(6, 18, 191082).
cost(6, 19, 346764).
cost(7, 1, 133279).
cost(7, 2, 341447).
cost(7, 3, 364139).
cost(7, 4, 576182).
cost(7, 5, 496402).
cost(7, 6, 516540).
cost(7, 8, 733951).
cost(7, 9, 267489).
cost(7, 10, 330240).
cost(7, 11, 219490).
cost(7, 12, 189530).
cost(7, 13, 441557).
cost(7, 14, 496098).
cost(7, 15, 307688).
cost(7, 16, 285156).
cost(7, 17, 329780).
cost(7, 18, 575696).
cost(7, 19, 382415).
cost(8, 1, 800880).
cost(8, 2, 1048177).
cost(8, 3, 405665).
cost(8, 4, 200999).
cost(8, 5, 320244).
cost(8, 6, 747934).
cost(8, 7, 733951).
cost(8, 9, 744458).
cost(8, 10, 504083).
cost(8, 11, 532459).
cost(8, 12, 810280).
cost(8, 13, 369200).
cost(8, 14, 428861).
cost(8, 15, 470152).
cost(8, 16, 475168).
cost(8, 17, 456195).
cost(8, 18, 590301).
cost(8, 19, 952015).
cost(9, 1, 173670).
cost(9, 2, 356228).
cost(9, 3, 341212).
cost(9, 4, 549734).
cost(9, 5, 436398).
cost(9, 6, 258581).
cost(9, 7, 267489).
cost(9, 8, 744458).
cost(9, 10, 512049).
cost(9, 11, 254541).
cost(9, 12, 455673).
cost(9, 13, 571151).
cost(9, 14, 371506).
cost(9, 15, 279784).
cost(9, 16, 285660).
cost(9, 17, 480415).
cost(9, 18, 368823).
cost(9, 19, 207915).
cost(10, 1, 451819).
cost(10, 2, 670086).
cost(10, 3, 318110).
cost(10, 4, 424291).
cost(10, 5, 416038).
cost(10, 6, 688683).
cost(10, 7, 330240).
cost(10, 8, 504083).
cost(10, 9, 512049).
cost(10, 11, 273694).
cost(10, 12, 324201).
cost(10, 13, 140406).
cost(10, 14, 493620).
cost(10, 15, 318583).
cost(10, 16, 288605).
cost(10, 17, 62527).
cost(10, 18, 651512).
cost(10, 19, 686769).
cost(11, 1, 268518).
cost(11, 2, 515810).
cost(11, 3, 144757).
cost(11, 4, 360751).
cost(11, 5, 276951).
cost(11, 6, 416446).
cost(11, 7, 219490).
cost(11, 8, 532459).
cost(11, 9, 254541).
cost(11, 10, 273694).
cost(11, 12, 366010).
cost(11, 13, 316716).
cost(11, 14, 289217).
cost(11, 15, 90426).
cost(11, 16, 65667).
cost(11, 17, 231776).
cost(11, 18, 407095).
cost(11, 19, 452521).
cost(12, 1, 301184).
cost(12, 2, 420056).
cost(12, 3, 499049).
cost(12, 4, 686184).
cost(12, 5, 630250).
cost(12, 6, 706001).
cost(12, 7, 189530).
cost(12, 8, 810280).
cost(12, 9, 455673).
cost(12, 10, 324201).
cost(12, 11, 366010).
cost(12, 13, 462869).
cost(12, 14, 655184).
cost(12, 15, 455470).
cost(12, 16, 426557).
cost(12, 17, 357663).
cost(12, 18, 755707).
cost(12, 19, 540942).
cost(13, 1, 548629).
cost(13, 2, 782285).
cost(13, 3, 293855).
cost(13, 4, 322898).
cost(13, 5, 350040).
cost(13, 6, 702003).
cost(13, 7, 441557).
cost(13, 8, 369200).
cost(13, 9, 571151).
cost(13, 10, 140406).
cost(13, 11, 316716).
cost(13, 12, 462869).
cost(13, 14, 451660).
cost(13, 15, 322627).
cost(13, 16, 300960).
cost(13, 17, 112563).
cost(13, 18, 626428).
cost(13, 19, 764478).
cost(14, 1, 493929).
cost(14, 2, 721640).
cost(14, 3, 176432).
cost(14, 4, 231234).
cost(14, 5, 120120).
cost(14, 6, 319073).
cost(14, 7, 496098).
cost(14, 8, 428861).
cost(14, 9, 371506).
cost(14, 10, 493620).
cost(14, 11, 289217).
cost(14, 12, 655184).
cost(14, 13, 451660).
cost(14, 15, 201059).
cost(14, 16, 231997).
cost(14, 17, 432989).
cost(14, 18, 180887).
cost(14, 19, 564676).
cost(15, 1, 338811).
cost(15, 2, 583920).
cost(15, 3, 65038).
cost(15, 4, 285166).
cost(15, 5, 190301).
cost(15, 6, 380231).
cost(15, 7, 307688).
cost(15, 8, 470152).
cost(15, 9, 279784).
cost(15, 10, 318583).
cost(15, 11, 90426).
cost(15, 12, 455470).
cost(15, 13, 322627).
cost(15, 14, 201059).
cost(15, 16, 32180).
cost(15, 17, 264737).
cost(15, 18, 335689).
cost(15, 19, 487210).
cost(16, 1, 327330).
cost(16, 2, 574125).
cost(16, 3, 79218).
cost(16, 4, 297388).
cost(16, 5, 211319).
cost(16, 6, 405459).
cost(16, 7, 285156).
cost(16, 8, 475168).
cost(16, 9, 285660).
cost(16, 10, 288605).
cost(16, 11, 65667).
cost(16, 12, 426557).
cost(16, 13, 300960).
cost(16, 14, 231997).
cost(16, 15, 32180).
cost(16, 17, 236379).
cost(16, 18, 367448).
cost(16, 19, 491108).
cost(17, 1, 440929).
cost(17, 2, 671004).
cost(17, 3, 258519).
cost(17, 4, 364144).
cost(17, 5, 353540).
cost(17, 6, 640743).
cost(17, 7, 329780).
cost(17, 8, 456195).
cost(17, 9, 480415).
cost(17, 10, 62527).
cost(17, 11, 231776).
cost(17, 12, 357663).
cost(17, 13, 112563).
cost(17, 14, 432989).
cost(17, 15, 264737).
cost(17, 16, 236379).
cost(17, 18, 594070).
cost(17, 19, 665297).
cost(18, 1, 530638).
cost(18, 2, 720073).
cost(18, 3, 337160).
cost(18, 4, 402377).
cost(18, 5, 299857).
cost(18, 6, 191082).
cost(18, 7, 575696).
cost(18, 8, 590301).
cost(18, 9, 368823).
cost(18, 10, 651512).
cost(18, 11, 407095).
cost(18, 12, 755707).
cost(18, 13, 626428).
cost(18, 14, 180887).
cost(18, 15, 335689).
cost(18, 16, 367448).
cost(18, 17, 594070).
cost(18, 19, 516285).
cost(19, 1, 249332).
cost(19, 2, 244583).
cost(19, 3, 549097).
cost(19, 4, 756081).
cost(19, 5, 640910).
cost(19, 6, 346764).
cost(19, 7, 382415).
cost(19, 8, 952015).
cost(19, 9, 207915).
cost(19, 10, 686769).
cost(19, 11, 452521).
cost(19, 12, 540942).
cost(19, 13, 764478).
cost(19, 14, 564676).
cost(19, 15, 487210).
cost(19, 16, 491108).
cost(19, 17, 665297).
cost(19, 18, 516285).
nocross(1,2).
nocross(1,7).
nocross(1,9).
nocross(1,15).
nocross(1,19).
nocross(2,1).
nocross(2,7).
nocross(2,9).
nocross(2,12).
nocross(2,15).
nocross(2,19).
nocross(3,4).
nocross(3,6).
nocross(3,8).
nocross(3,15).
nocross(4,5).
nocross(4,8).
nocross(4,13).
nocross(4,14).
nocross(5,4).
nocross(5,15).
nocross(5,16).
nocross(6,19).
nocross(7,1).
nocross(7,2).
nocross(7,12).
nocross(8,13).
nocross(9,1).
nocross(9,6).
nocross(9,7).
nocross(9,15).
nocross(10,4).
nocross(10,7).
nocross(10,17).
nocross(11,1).
nocross(11,6).
nocross(11,8).
nocross(11,15).
nocross(12,1).
nocross(12,2).
nocross(12,4).
nocross(12,7).
nocross(12,10).
nocross(13,4).
nocross(13,7).
nocross(13,10).
nocross(13,17).
nocross(14,5).
nocross(15,6).
nocross(16,6).
nocross(16,8).
nocross(16,12).
nocross(16,15).
nocross(17,4).
nocross(17,7).
nocross(17,12).
nocross(19,1).
nocross(19,2).
nocross(19,6).
