dimension(19).
point(1, -85028.0, 180299.0).
point(2, 72382.0, -155251.0).
point(3, 197204.0, 11626.0).
point(4, 111458.0, 243749.0).
point(5, -141836.0, 162091.0).
point(6, 73306.0, -113382.0).
point(7, 307886.0, 515535.0).
point(8, 174785.0, -211605.0).
point(9, -114286.0, -158981.0).
point(10, 59430.0, -320222.0).
point(11, 143599.0, -75999.0).
point(12, -174347.0, 120362.0).
point(13, -212671.0, -321106.0).
point(14, 3695.0, 33193.0).
point(15, 148858.0, 328312.0).
point(16, -113621.0, -29443.0).
point(17, 147502.0, -317479.0).
point(18, 8433.0, -32139.0).
point(19, 123348.0, 130972.0).
cost(1, 2, 370637).
cost(1, 3, 328794).
cost(1, 4, 206477).
cost(1, 5, 59655).
cost(1, 6, 333644).
cost(1, 7, 516493).
cost(1, 8, 470204).
cost(1, 9, 340539).
cost(1, 10, 520950).
cost(1, 11, 343452).
cost(1, 12, 107565).
cost(1, 13, 517397).
cost(1, 14, 171790).
cost(1, 15, 276786).
cost(1, 16, 211682).
cost(1, 17, 549412).
cost(1, 18, 232088).
cost(1, 19, 214135).
cost(2, 1, 370637).
cost(2, 3, 208395).
cost(2, 4, 400909).
cost(2, 5, 382878).
cost(2, 6, 41879).
cost(2, 7, 710926).
cost(2, 8, 116885).
cost(2, 9, 186705).
cost(2, 10, 165479).
cost(2, 11, 106549).
cost(2, 12, 369916).
cost(2, 13, 329793).
cost(2, 14, 200572).
cost(2, 15, 489573).
cost(2, 16, 224555).
cost(2, 17, 178776).
cost(2, 18, 138730).
cost(2, 19, 290725).
cost(3, 1, 328794).
cost(3, 2, 208395).
cost(3, 4, 247454).
cost(3, 5, 370928).
cost(3, 6, 176005).
cost(3, 7, 515921).
cost(3, 8, 224354).
cost(3, 9, 355152).
cost(3, 10, 359312).
cost(3, 11, 102721).
cost(3, 12, 387135).
cost(3, 13, 527928).
cost(3, 14, 194707).
cost(3, 15, 320355).
cost(3, 16, 313526).
cost(3, 17, 332837).
cost(3, 18, 193778).
cost(3, 19, 140350).
cost(4, 1, 206477).
cost(4, 2, 400909).
cost(4, 3, 247454).
cost(4, 5, 266131).
cost(4, 6, 359163).
cost(4, 7, 335338).
cost(4, 8, 459736).
cost(4, 9, 461684).
cost(4, 10, 566366).
cost(4, 11, 321359).
cost(4, 12, 311302).
cost(4, 13, 651246).
cost(4, 14, 236531).
cost(4, 15, 92464).
cost(4, 16, 353970).
cost(4, 17, 562384).
cost(4, 18, 294497).
cost(4, 19, 113402).
cost(5, 1, 59655).
cost(5, 2, 382878).
cost(5, 3, 370928).
cost(5, 4, 266131).
cost(5, 6, 349530).
cost(5, 7, 571990).
cost(5, 8, 489793).
cost(5, 9, 322252).
cost(5, 10, 522622).
cost(5, 11, 371699).
cost(5, 12, 52899).
cost(5, 13, 488361).
cost(5, 14, 194407).
cost(5, 15, 334862).
cost(5, 16, 193601).
cost(5, 17, 560093).
cost(5, 18, 245573).
cost(5, 19, 267004).
cost(6, 1, 333644).
cost(6, 2, 41879).
cost(6, 3, 176005).
cost(6, 4, 359163).
cost(6, 5, 349530).
cost(6, 7, 671241).
cost(6, 8, 141229).
cost(6, 9, 193054).
cost(6, 10, 207305).
cost(6, 11, 79615).
cost(6, 12, 340541).
cost(6, 13, 353457).
cost(6, 14, 162265).
cost(6, 15, 448109).
cost(6, 16, 204908).
cost(6, 17, 217165).
cost(6, 18, 103966).
cost(6, 19, 249425).
cost(7, 1, 516493).
cost(7, 2, 710926).
cost(7, 3, 515921).
cost(7, 4, 335338).
cost(7, 5, 571990).
cost(7, 6, 671241).
cost(7, 8, 739222).
cost(7, 9, 795739).
cost(7, 10, 871906).
cost(7, 11, 613924).
cost(7, 12, 623466).
cost(7, 13, 985367).
cost(7, 14, 570251).
cost(7, 15, 245647).
cost(7, 16, 688962).
cost(7, 17, 848313).
cost(7, 18, 624195).
cost(7, 19, 426548).
cost(8, 1, 470204).
cost(8, 2, 116885).
cost(8, 3, 224354).
cost(8, 4, 459736).
cost(8, 5, 489793).
cost(8, 6, 141229).
cost(8, 7, 739222).
cost(8, 9, 293822).
cost(8, 10, 158444).
cost(8, 11, 139146).
cost(8, 12, 481763).
cost(8, 13, 402632).
cost(8, 14, 298660).
cost(8, 15, 540539).
cost(8, 16, 341117).
cost(8, 17, 109333).
cost(8, 18, 244706).
cost(8, 19, 346417).
cost(9, 1, 340539).
cost(9, 2, 186705).
cost(9, 3, 355152).
cost(9, 4, 461684).
cost(9, 5, 322252).
cost(9, 6, 193054).
cost(9, 7, 795739).
cost(9, 8, 293822).
cost(9, 10, 237015).
cost(9, 11, 270907).
cost(9, 12, 285727).
cost(9, 13, 189642).
cost(9, 14, 225500).
cost(9, 15, 553804).
cost(9, 16, 129540).
cost(9, 17, 306030).
cost(9, 18, 176490).
cost(9, 19, 374890).
cost(10, 1, 520950).
cost(10, 2, 165479).
cost(10, 3, 359312).
cost(10, 4, 566366).
cost(10, 5, 522622).
cost(10, 6, 207305).
cost(10, 7, 871906).
cost(10, 8, 158444).
cost(10, 9, 237015).
cost(10, 11, 258320).
cost(10, 12, 498764).
cost(10, 13, 272102).
cost(10, 14, 357783).
cost(10, 15, 654671).
cost(10, 16, 338377).
cost(10, 17, 88115).
cost(10, 18, 292562).
cost(10, 19, 455699).
cost(11, 1, 343452).
cost(11, 2, 106549).
cost(11, 3, 102721).
cost(11, 4, 321359).
cost(11, 5, 371699).
cost(11, 6, 79615).
cost(11, 7, 613924).
cost(11, 8, 139146).
cost(11, 9, 270907).
cost(11, 10, 258320).
cost(11, 12, 373694).
cost(11, 13, 432442).
cost(11, 14, 177471).
cost(11, 15, 404345).
cost(11, 16, 261399).
cost(11, 17, 241512).
cost(11, 18, 142104).
cost(11, 19, 207959).
cost(12, 1, 107565).
cost(12, 2, 369916).
cost(12, 3, 387135).
cost(12, 4, 311302).
cost(12, 5, 52899).
cost(12, 6, 340541).
cost(12, 7, 623466).
cost(12, 8, 481763).
cost(12, 9, 285727).
cost(12, 10, 498764).
cost(12, 11, 373694).
cost(12, 13, 443128).
cost(12, 14, 198236).
cost(12, 15, 384324).
cost(12, 16, 161645).
cost(12, 17, 543407).
cost(12, 18, 238044).
cost(12, 19, 297884).
cost(13, 1, 517397).
cost(13, 2, 329793).
cost(13, 3, 527928).
cost(13, 4, 651246).
cost(13, 5, 488361).
cost(13, 6, 353457).
cost(13, 7, 985367).
cost(13, 8, 402632).
cost(13, 9, 189642).
cost(13, 10, 272102).
cost(13, 11, 432442).
cost(13, 12, 443128).
cost(13, 14, 415141).
cost(13, 15, 743268).
cost(13, 16, 308023).
cost(13, 17, 360191).
cost(13, 18, 363853).
cost(13, 19, 563279).
cost(14, 1, 171790).
cost(14, 2, 200572).
cost(14, 3, 194707).
cost(14, 4, 236531).
cost(14, 5, 194407).
cost(14, 6, 162265).
cost(14, 7, 570251).
cost(14, 8, 298660).
cost(14, 9, 225500).
cost(14, 10, 357783).
cost(14, 11, 177471).
cost(14, 12, 198236).
cost(14, 13, 415141).
cost(14, 15, 328888).
cost(14, 16, 132990).
cost(14, 17, 379014).
cost(14, 18, 65504).
cost(14, 19, 154524).
cost(15, 1, 276786).
cost(15, 2, 489573).
cost(15, 3, 320355).
cost(15, 4, 92464).
cost(15, 5, 334862).
cost(15, 6, 448109).
cost(15, 7, 245647).
cost(15, 8, 540539).
cost(15, 9, 553804).
cost(15, 10, 654671).
cost(15, 11, 404345).
cost(15, 12, 384324).
cost(15, 13, 743268).
cost(15, 14, 328888).
cost(15, 16, 443716).
cost(15, 17, 645792).
cost(15, 18, 386839).
cost(15, 19, 198982).
cost(16, 1, 211682).
cost(16, 2, 224555).
cost(16, 3, 313526).
cost(16, 4, 353970).
cost(16, 5, 193601).
cost(16, 6, 204908).
cost(16, 7, 688962).
cost(16, 8, 341117).
cost(16, 9, 129540).
cost(16, 10, 338377).
cost(16, 11, 261399).
cost(16, 12, 161645).
cost(16, 13, 308023).
cost(16, 14, 132990).
cost(16, 15, 443716).
cost(16, 17, 388780).
cost(16, 18, 122084).
cost(16, 19, 286160).
cost(17, 1, 549412).
cost(17, 2, 178776).
cost(17, 3, 332837).
cost(17, 4, 562384).
cost(17, 5, 560093).
cost(17, 6, 217165).
cost(17, 7, 848313).
cost(17, 8, 109333).
cost(17, 9, 306030).
cost(17, 10, 88115).
cost(17, 11, 241512).
cost(17, 12, 543407).
cost(17, 13, 360191).
cost(17, 14, 379014).
cost(17, 15, 645792).
cost(17, 16, 388780).
cost(17, 18, 317426).
cost(17, 19, 449101).
cost(18, 1, 232088).
cost(18, 2, 138730).
cost(18, 3, 193778).
cost(18, 4, 294497).
cost(18, 5, 245573).
cost(18, 6, 103966).
cost(18, 7, 624195).
cost(18, 8, 244706).
cost(18, 9, 176490).
cost(18, 10, 292562).
cost(18, 11, 142104).
cost(18, 12, 238044).
cost(18, 13, 363853).
cost(18, 14, 65504).
cost(18, 15, 386839).
cost(18, 16, 122084).
cost(18, 17, 317426).
cost(18, 19, 199526).
cost(19, 1, 214135).
cost(19, 2, 290725).
cost(19, 3, 140350).
cost(19, 4, 113402).
cost(19, 5, 267004).
cost(19, 6, 249425).
cost(19, 7, 426548).
cost(19, 8, 346417).
cost(19, 9, 374890).
cost(19, 10, 455699).
cost(19, 11, 207959).
cost(19, 12, 297884).
cost(19, 13, 563279).
cost(19, 14, 154524).
cost(19, 15, 198982).
cost(19, 16, 286160).
cost(19, 17, 449101).
cost(19, 18, 199526).
nocross(1,12).
nocross(1,14).
nocross(1,18).
nocross(2,6).
nocross(2,10).
nocross(2,12).
nocross(3,1).
nocross(3,6).
nocross(3,7).
nocross(3,8).
nocross(3,10).
nocross(3,12).
nocross(3,14).
nocross(3,17).
nocross(3,18).
nocross(4,6).
nocross(5,1).
nocross(5,12).
nocross(5,14).
nocross(5,18).
nocross(6,14).
nocross(6,18).
nocross(7,15).
nocross(8,2).
nocross(8,6).
nocross(8,11).
nocross(8,14).
nocross(8,17).
nocross(8,18).
nocross(9,10).
nocross(9,12).
nocross(9,14).
nocross(9,16).
nocross(9,17).
nocross(9,18).
nocross(10,12).
nocross(10,17).
nocross(11,2).
nocross(11,6).
nocross(11,8).
nocross(11,10).
nocross(11,14).
nocross(11,17).
nocross(11,18).
nocross(12,1).
nocross(12,2).
nocross(12,14).
nocross(12,16).
nocross(12,18).
nocross(13,2).
nocross(13,9).
nocross(13,10).
nocross(13,12).
nocross(14,2).
nocross(14,6).
nocross(14,12).
nocross(15,7).
nocross(16,2).
nocross(16,6).
nocross(16,10).
nocross(16,12).
nocross(16,14).
nocross(16,18).
nocross(17,2).
nocross(17,6).
nocross(17,10).
nocross(18,10).
nocross(18,12).
nocross(18,16).
nocross(19,1).
nocross(19,6).
nocross(19,11).
nocross(19,12).
nocross(19,14).
nocross(19,18).
