dimension(19).
point(1, 118935.0, 108823.0).
point(2, -389951.0, -266018.0).
point(3, 181468.0, 70097.0).
point(4, 199669.0, 339957.0).
point(5, 52548.0, -358638.0).
point(6, 378234.0, -351224.0).
point(7, 278570.0, -9105.0).
point(8, -257260.0, 177645.0).
point(9, 386849.0, 107279.0).
point(10, -52974.0, -287090.0).
point(11, 102305.0, 157606.0).
point(12, -197261.0, 188119.0).
point(13, 373020.0, -280546.0).
point(14, -193257.0, -267225.0).
point(15, 338852.0, 19580.0).
point(16, -45715.0, -327222.0).
point(17, -105848.0, 140170.0).
point(18, 359713.0, 240873.0).
point(19, -446867.0, -8185.0).
cost(1, 2, 632037).
cost(1, 3, 73553).
cost(1, 4, 244828).
cost(1, 5, 472151).
cost(1, 6, 528090).
cost(1, 7, 198470).
cost(1, 8, 382438).
cost(1, 9, 267918).
cost(1, 10, 431625).
cost(1, 11, 51540).
cost(1, 12, 325987).
cost(1, 13, 464938).
cost(1, 14, 488749).
cost(1, 15, 237335).
cost(1, 16, 466095).
cost(1, 17, 226958).
cost(1, 18, 274611).
cost(1, 19, 577774).
cost(2, 1, 632037).
cost(2, 3, 662943).
cost(2, 4, 845492).
cost(2, 5, 452088).
cost(2, 6, 772896).
cost(2, 7, 716188).
cost(2, 8, 463081).
cost(2, 9, 861840).
cost(2, 10, 337635).
cost(2, 11, 649441).
cost(2, 12, 493325).
cost(2, 13, 763109).
cost(2, 14, 196698).
cost(2, 15, 782764).
cost(2, 16, 349635).
cost(2, 17, 495685).
cost(2, 18, 904950).
cost(2, 19, 264040).
cost(3, 1, 73553).
cost(3, 2, 662943).
cost(3, 4, 270473).
cost(3, 5, 447699).
cost(3, 6, 465003).
cost(3, 7, 125307).
cost(3, 8, 451718).
cost(3, 9, 208720).
cost(3, 10, 427254).
cost(3, 11, 118003).
cost(3, 12, 396692).
cost(3, 13, 399553).
cost(3, 14, 504187).
cost(3, 15, 165293).
cost(3, 16, 457684).
cost(3, 17, 295738).
cost(3, 18, 246852).
cost(3, 19, 633193).
cost(4, 1, 244828).
cost(4, 2, 845492).
cost(4, 3, 270473).
cost(4, 5, 713918).
cost(4, 6, 713874).
cost(4, 7, 357868).
cost(4, 8, 484901).
cost(4, 9, 298623).
cost(4, 10, 676030).
cost(4, 11, 206716).
cost(4, 12, 424980).
cost(4, 13, 644263).
cost(4, 14, 723229).
cost(4, 15, 349304).
cost(4, 16, 710873).
cost(4, 17, 365042).
cost(4, 18, 188233).
cost(4, 19, 734310).
cost(5, 1, 472151).
cost(5, 2, 452088).
cost(5, 3, 447699).
cost(5, 4, 713918).
cost(5, 6, 325770).
cost(5, 7, 416244).
cost(5, 8, 619339).
cost(5, 9, 573442).
cost(5, 10, 127491).
cost(5, 11, 518636).
cost(5, 12, 601122).
cost(5, 13, 329849).
cost(5, 14, 262253).
cost(5, 15, 474362).
cost(5, 16, 103163).
cost(5, 17, 523353).
cost(5, 18, 673620).
cost(5, 19, 610109).
cost(6, 1, 528090).
cost(6, 2, 772896).
cost(6, 3, 465003).
cost(6, 4, 713874).
cost(6, 5, 325770).
cost(6, 7, 356340).
cost(6, 8, 826774).
cost(6, 9, 458584).
cost(6, 10, 435951).
cost(6, 11, 578831).
cost(6, 12, 788724).
cost(6, 13, 70870).
cost(6, 14, 577631).
cost(6, 15, 372889).
cost(6, 16, 424628).
cost(6, 17, 689785).
cost(6, 18, 592387).
cost(6, 19, 893570).
cost(7, 1, 198470).
cost(7, 2, 716188).
cost(7, 3, 125307).
cost(7, 4, 357868).
cost(7, 5, 416244).
cost(7, 6, 356340).
cost(7, 8, 567441).
cost(7, 9, 158964).
cost(7, 10, 432663).
cost(7, 11, 242615).
cost(7, 12, 515085).
cost(7, 13, 287404).
cost(7, 14, 537817).
cost(7, 15, 66759).
cost(7, 16, 454268).
cost(7, 17, 412384).
cost(7, 18, 262818).
cost(7, 19, 725438).
cost(8, 1, 382438).
cost(8, 2, 463081).
cost(8, 3, 451718).
cost(8, 4, 484901).
cost(8, 5, 619339).
cost(8, 6, 826774).
cost(8, 7, 567441).
cost(8, 9, 647941).
cost(8, 10, 507653).
cost(8, 11, 360123).
cost(8, 12, 60906).
cost(8, 13, 779225).
cost(8, 14, 449450).
cost(8, 15, 616712).
cost(8, 16, 547396).
cost(8, 17, 155981).
cost(8, 18, 620204).
cost(8, 19, 265487).
cost(9, 1, 267918).
cost(9, 2, 861840).
cost(9, 3, 208720).
cost(9, 4, 298623).
cost(9, 5, 573442).
cost(9, 6, 458584).
cost(9, 7, 158964).
cost(9, 8, 647941).
cost(9, 10, 590738).
cost(9, 11, 288960).
cost(9, 12, 589678).
cost(9, 13, 388071).
cost(9, 14, 690490).
cost(9, 15, 99974).
cost(9, 16, 613109).
cost(9, 17, 493794).
cost(9, 18, 136322).
cost(9, 19, 841674).
cost(10, 1, 431625).
cost(10, 2, 337635).
cost(10, 3, 427254).
cost(10, 4, 676030).
cost(10, 5, 127491).
cost(10, 6, 435951).
cost(10, 7, 432663).
cost(10, 8, 507653).
cost(10, 9, 590738).
cost(10, 11, 471027).
cost(10, 12, 496631).
cost(10, 13, 426044).
cost(10, 14, 141683).
cost(10, 15, 497568).
cost(10, 16, 40783).
cost(10, 17, 430519).
cost(10, 18, 670116).
cost(10, 19, 482638).
cost(11, 1, 51540).
cost(11, 2, 649441).
cost(11, 3, 118003).
cost(11, 4, 206716).
cost(11, 5, 518636).
cost(11, 6, 578831).
cost(11, 7, 242615).
cost(11, 8, 360123).
cost(11, 9, 288960).
cost(11, 10, 471027).
cost(11, 12, 301116).
cost(11, 13, 515038).
cost(11, 14, 517531).
cost(11, 15, 273872).
cost(11, 16, 506920).
cost(11, 17, 208882).
cost(11, 18, 270541).
cost(11, 19, 573652).
cost(12, 1, 325987).
cost(12, 2, 493325).
cost(12, 3, 396692).
cost(12, 4, 424980).
cost(12, 5, 601122).
cost(12, 6, 788724).
cost(12, 7, 515085).
cost(12, 8, 60906).
cost(12, 9, 589678).
cost(12, 10, 496631).
cost(12, 11, 301116).
cost(12, 13, 738151).
cost(12, 14, 455362).
cost(12, 15, 561981).
cost(12, 16, 537162).
cost(12, 17, 103225).
cost(12, 18, 559467).
cost(12, 19, 317551).
cost(13, 1, 464938).
cost(13, 2, 763109).
cost(13, 3, 399553).
cost(13, 4, 644263).
cost(13, 5, 329849).
cost(13, 6, 70870).
cost(13, 7, 287404).
cost(13, 8, 779225).
cost(13, 9, 388071).
cost(13, 10, 426044).
cost(13, 11, 515038).
cost(13, 12, 738151).
cost(13, 14, 566434).
cost(13, 15, 302065).
cost(13, 16, 421328).
cost(13, 17, 637430).
cost(13, 18, 521589).
cost(13, 19, 863942).
cost(14, 1, 488749).
cost(14, 2, 196698).
cost(14, 3, 504187).
cost(14, 4, 723229).
cost(14, 5, 262253).
cost(14, 6, 577631).
cost(14, 7, 537817).
cost(14, 8, 449450).
cost(14, 9, 690490).
cost(14, 10, 141683).
cost(14, 11, 517531).
cost(14, 12, 455362).
cost(14, 13, 566434).
cost(14, 15, 604481).
cost(14, 16, 159274).
cost(14, 17, 416667).
cost(14, 18, 750959).
cost(14, 19, 362519).
cost(15, 1, 237335).
cost(15, 2, 782764).
cost(15, 3, 165293).
cost(15, 4, 349304).
cost(15, 5, 474362).
cost(15, 6, 372889).
cost(15, 7, 66759).
cost(15, 8, 616712).
cost(15, 9, 99974).
cost(15, 10, 497568).
cost(15, 11, 273872).
cost(15, 12, 561981).
cost(15, 13, 302065).
cost(15, 14, 604481).
cost(15, 16, 517845).
cost(15, 17, 460760).
cost(15, 18, 222274).
cost(15, 19, 786209).
cost(16, 1, 466095).
cost(16, 2, 349635).
cost(16, 3, 457684).
cost(16, 4, 710873).
cost(16, 5, 103163).
cost(16, 6, 424628).
cost(16, 7, 454268).
cost(16, 8, 547396).
cost(16, 9, 613109).
cost(16, 10, 40783).
cost(16, 11, 506920).
cost(16, 12, 537162).
cost(16, 13, 421328).
cost(16, 14, 159274).
cost(16, 15, 517845).
cost(16, 17, 471244).
cost(16, 18, 697928).
cost(16, 19, 512550).
cost(17, 1, 226958).
cost(17, 2, 495685).
cost(17, 3, 295738).
cost(17, 4, 365042).
cost(17, 5, 523353).
cost(17, 6, 689785).
cost(17, 7, 412384).
cost(17, 8, 155981).
cost(17, 9, 493794).
cost(17, 10, 430519).
cost(17, 11, 208882).
cost(17, 12, 103225).
cost(17, 13, 637430).
cost(17, 14, 416667).
cost(17, 15, 460760).
cost(17, 16, 471244).
cost(17, 18, 476328).
cost(17, 19, 371891).
cost(18, 1, 274611).
cost(18, 2, 904950).
cost(18, 3, 246852).
cost(18, 4, 188233).
cost(18, 5, 673620).
cost(18, 6, 592387).
cost(18, 7, 262818).
cost(18, 8, 620204).
cost(18, 9, 136322).
cost(18, 10, 670116).
cost(18, 11, 270541).
cost(18, 12, 559467).
cost(18, 13, 521589).
cost(18, 14, 750959).
cost(18, 15, 222274).
cost(18, 16, 697928).
cost(18, 17, 476328).
cost(18, 19, 844157).
cost(19, 1, 577774).
cost(19, 2, 264040).
cost(19, 3, 633193).
cost(19, 4, 734310).
cost(19, 5, 610109).
cost(19, 6, 893570).
cost(19, 7, 725438).
cost(19, 8, 265487).
cost(19, 9, 841674).
cost(19, 10, 482638).
cost(19, 11, 573652).
cost(19, 12, 317551).
cost(19, 13, 863942).
cost(19, 14, 362519).
cost(19, 15, 786209).
cost(19, 16, 512550).
cost(19, 17, 371891).
cost(19, 18, 844157).
nocross(1,10).
nocross(1,12).
nocross(2,8).
nocross(2,10).
nocross(3,7).
nocross(3,10).
nocross(4,3).
nocross(4,10).
nocross(4,11).
nocross(4,12).
nocross(4,17).
nocross(5,8).
nocross(5,10).
nocross(5,16).
nocross(6,8).
nocross(6,10).
nocross(7,10).
nocross(7,13).
nocross(8,11).
nocross(9,7).
nocross(9,10).
nocross(9,11).
nocross(10,8).
nocross(11,10).
nocross(11,12).
nocross(11,17).
nocross(12,1).
nocross(12,8).
nocross(12,17).
nocross(13,7).
nocross(13,8).
nocross(14,8).
nocross(14,10).
nocross(14,16).
nocross(15,7).
nocross(15,10).
nocross(15,11).
nocross(16,5).
nocross(16,8).
nocross(16,10).
nocross(17,1).
nocross(17,10).
nocross(17,11).
nocross(17,12).
nocross(18,7).
nocross(18,10).
nocross(18,11).
nocross(19,8).
