dimension(19).
point(1, -596350.0, -250761.0).
point(2, -338164.0, 413146.0).
point(3, 84735.0, -139164.0).
point(4, 143428.0, -104720.0).
point(5, 375351.0, -143894.0).
point(6, 163018.0, -164321.0).
point(7, 244144.0, -62267.0).
point(8, 333157.0, -58976.0).
point(9, -51307.0, -257278.0).
point(10, -185805.0, -55786.0).
point(11, -151759.0, -68488.0).
point(12, 15054.0, 67150.0).
point(13, -281129.0, -75770.0).
point(14, 204603.0, 501152.0).
point(15, 115802.0, 254247.0).
point(16, 103935.0, 97355.0).
point(17, 157113.0, -383293.0).
point(18, 114709.0, -111149.0).
point(19, 118252.0, -150390.0).
cost(1, 2, 712343).
cost(1, 3, 690167).
cost(1, 4, 754055).
cost(1, 5, 977560).
cost(1, 6, 764272).
cost(1, 7, 861371).
cost(1, 8, 949086).
cost(1, 9, 545082).
cost(1, 10, 454491).
cost(1, 11, 480505).
cost(1, 12, 689117).
cost(1, 13, 360536).
cost(1, 14, 1098589).
cost(1, 15, 873037).
cost(1, 16, 782038).
cost(1, 17, 765030).
cost(1, 18, 724635).
cost(1, 19, 721616).
cost(2, 1, 712343).
cost(2, 3, 695622).
cost(2, 4, 707189).
cost(2, 5, 905206).
cost(2, 6, 764625).
cost(2, 7, 751731).
cost(2, 8, 820714).
cost(2, 9, 729216).
cost(2, 10, 493062).
cost(2, 11, 516448).
cost(2, 12, 494445).
cost(2, 13, 492231).
cost(2, 14, 549856).
cost(2, 15, 480972).
cost(2, 16, 543301).
cost(2, 17, 937878).
cost(2, 18, 692805).
cost(2, 19, 725182).
cost(3, 1, 690167).
cost(3, 2, 695622).
cost(3, 4, 68053).
cost(3, 5, 290654).
cost(3, 6, 82226).
cost(3, 7, 176987).
cost(3, 8, 261043).
cost(3, 9, 180162).
cost(3, 10, 283097).
cost(3, 11, 246829).
cost(3, 12, 217763).
cost(3, 13, 371316).
cost(3, 14, 651439).
cost(3, 15, 394636).
cost(3, 16, 237297).
cost(3, 17, 254632).
cost(3, 18, 41028).
cost(3, 19, 35347).
cost(4, 1, 754055).
cost(4, 2, 707189).
cost(4, 3, 68053).
cost(4, 5, 235208).
cost(4, 6, 62738).
cost(4, 7, 109298).
cost(4, 8, 195166).
cost(4, 9, 247378).
cost(4, 10, 332850).
cost(4, 11, 297402).
cost(4, 12, 214521).
cost(4, 13, 425543).
cost(4, 14, 608953).
cost(4, 15, 360028).
cost(4, 16, 205898).
cost(4, 17, 278909).
cost(4, 18, 29430).
cost(4, 19, 52150).
cost(5, 1, 977560).
cost(5, 2, 905206).
cost(5, 3, 290654).
cost(5, 4, 235208).
cost(5, 6, 213313).
cost(5, 7, 154526).
cost(5, 8, 94823).
cost(5, 9, 441467).
cost(5, 10, 568031).
cost(5, 11, 532476).
cost(5, 12, 417557).
cost(5, 13, 660005).
cost(5, 14, 667262).
cost(5, 15, 475270).
cost(5, 16, 363136).
cost(5, 17, 323944).
cost(5, 18, 262691).
cost(5, 19, 257181).
cost(6, 1, 764272).
cost(6, 2, 764625).
cost(6, 3, 82226).
cost(6, 4, 62738).
cost(6, 5, 213313).
cost(6, 7, 130370).
cost(6, 8, 200112).
cost(6, 9, 233616).
cost(6, 10, 365318).
cost(6, 11, 329042).
cost(6, 12, 274722).
cost(6, 13, 452888).
cost(6, 14, 666771).
cost(6, 15, 421223).
cost(6, 16, 268263).
cost(6, 17, 219052).
cost(6, 18, 71840).
cost(6, 19, 46884).
cost(7, 1, 861371).
cost(7, 2, 751731).
cost(7, 3, 176987).
cost(7, 4, 109298).
cost(7, 5, 154526).
cost(7, 6, 130370).
cost(7, 8, 89074).
cost(7, 9, 354006).
cost(7, 10, 429998).
cost(7, 11, 395952).
cost(7, 12, 263118).
cost(7, 13, 525447).
cost(7, 14, 564805).
cost(7, 15, 341545).
cost(7, 16, 212456).
cost(7, 17, 332614).
cost(7, 18, 138358).
cost(7, 19, 153670).
cost(8, 1, 949086).
cost(8, 2, 820714).
cost(8, 3, 261043).
cost(8, 4, 195166).
cost(8, 5, 94823).
cost(8, 6, 200112).
cost(8, 7, 89074).
cost(8, 9, 432592).
cost(8, 10, 518972).
cost(8, 11, 485009).
cost(8, 12, 342195).
cost(8, 13, 614516).
cost(8, 14, 574691).
cost(8, 15, 381250).
cost(8, 16, 277456).
cost(8, 17, 369016).
cost(8, 18, 224592).
cost(8, 19, 233539).
cost(9, 1, 545082).
cost(9, 2, 729216).
cost(9, 3, 180162).
cost(9, 4, 247378).
cost(9, 5, 441467).
cost(9, 6, 233616).
cost(9, 7, 354006).
cost(9, 8, 432592).
cost(9, 10, 242258).
cost(9, 11, 213851).
cost(9, 12, 331145).
cost(9, 13, 292854).
cost(9, 14, 800441).
cost(9, 15, 538129).
cost(9, 16, 387124).
cost(9, 17, 243554).
cost(9, 18, 221167).
cost(9, 19, 200438).
cost(10, 1, 454491).
cost(10, 2, 493062).
cost(10, 3, 283097).
cost(10, 4, 332850).
cost(10, 5, 568031).
cost(10, 6, 365318).
cost(10, 7, 429998).
cost(10, 8, 518972).
cost(10, 9, 242258).
cost(10, 11, 36338).
cost(10, 12, 235494).
cost(10, 13, 97396).
cost(10, 14, 680146).
cost(10, 15, 432536).
cost(10, 16, 327722).
cost(10, 17, 474187).
cost(10, 18, 305571).
cost(10, 19, 318435).
cost(11, 1, 480505).
cost(11, 2, 516448).
cost(11, 3, 246829).
cost(11, 4, 297402).
cost(11, 5, 532476).
cost(11, 6, 329042).
cost(11, 7, 395952).
cost(11, 8, 485009).
cost(11, 9, 213851).
cost(11, 10, 36338).
cost(11, 12, 214998).
cost(11, 13, 129575).
cost(11, 14, 671925).
cost(11, 15, 419222).
cost(11, 16, 304768).
cost(11, 17, 441026).
cost(11, 18, 269861).
cost(11, 19, 282159).
cost(12, 1, 689117).
cost(12, 2, 494445).
cost(12, 3, 217763).
cost(12, 4, 214521).
cost(12, 5, 417557).
cost(12, 6, 274722).
cost(12, 7, 263118).
cost(12, 8, 342195).
cost(12, 9, 331145).
cost(12, 10, 235494).
cost(12, 11, 214998).
cost(12, 13, 328862).
cost(12, 14, 473589).
cost(12, 15, 212498).
cost(12, 16, 93873).
cost(12, 17, 472313).
cost(12, 18, 204259).
cost(12, 19, 240777).
cost(13, 1, 360536).
cost(13, 2, 492231).
cost(13, 3, 371316).
cost(13, 4, 425543).
cost(13, 5, 660005).
cost(13, 6, 452888).
cost(13, 7, 525447).
cost(13, 8, 614516).
cost(13, 9, 292854).
cost(13, 10, 97396).
cost(13, 11, 129575).
cost(13, 12, 328862).
cost(13, 14, 754171).
cost(13, 15, 516203).
cost(13, 16, 422193).
cost(13, 17, 535375).
cost(13, 18, 397416).
cost(13, 19, 406292).
cost(14, 1, 1098589).
cost(14, 2, 549856).
cost(14, 3, 651439).
cost(14, 4, 608953).
cost(14, 5, 667262).
cost(14, 6, 666771).
cost(14, 7, 564805).
cost(14, 8, 574691).
cost(14, 9, 800441).
cost(14, 10, 680146).
cost(14, 11, 671925).
cost(14, 12, 473589).
cost(14, 13, 754171).
cost(14, 15, 262388).
cost(14, 16, 416156).
cost(14, 17, 885719).
cost(14, 18, 618865).
cost(14, 19, 657239).
cost(15, 1, 873037).
cost(15, 2, 480972).
cost(15, 3, 394636).
cost(15, 4, 360028).
cost(15, 5, 475270).
cost(15, 6, 421223).
cost(15, 7, 341545).
cost(15, 8, 381250).
cost(15, 9, 538129).
cost(15, 10, 432536).
cost(15, 11, 419222).
cost(15, 12, 212498).
cost(15, 13, 516203).
cost(15, 14, 262388).
cost(15, 16, 157340).
cost(15, 17, 638877).
cost(15, 18, 365398).
cost(15, 19, 404644).
cost(16, 1, 782038).
cost(16, 2, 543301).
cost(16, 3, 237297).
cost(16, 4, 205898).
cost(16, 5, 363136).
cost(16, 6, 268263).
cost(16, 7, 212456).
cost(16, 8, 277456).
cost(16, 9, 387124).
cost(16, 10, 327722).
cost(16, 11, 304768).
cost(16, 12, 93873).
cost(16, 13, 422193).
cost(16, 14, 416156).
cost(16, 15, 157340).
cost(16, 17, 483581).
cost(16, 18, 208782).
cost(16, 19, 248158).
cost(17, 1, 765030).
cost(17, 2, 937878).
cost(17, 3, 254632).
cost(17, 4, 278909).
cost(17, 5, 323944).
cost(17, 6, 219052).
cost(17, 7, 332614).
cost(17, 8, 369016).
cost(17, 9, 243554).
cost(17, 10, 474187).
cost(17, 11, 441026).
cost(17, 12, 472313).
cost(17, 13, 535375).
cost(17, 14, 885719).
cost(17, 15, 638877).
cost(17, 16, 483581).
cost(17, 18, 275428).
cost(17, 19, 236123).
cost(18, 1, 724635).
cost(18, 2, 692805).
cost(18, 3, 41028).
cost(18, 4, 29430).
cost(18, 5, 262691).
cost(18, 6, 71840).
cost(18, 7, 138358).
cost(18, 8, 224592).
cost(18, 9, 221167).
cost(18, 10, 305571).
cost(18, 11, 269861).
cost(18, 12, 204259).
cost(18, 13, 397416).
cost(18, 14, 618865).
cost(18, 15, 365398).
cost(18, 16, 208782).
cost(18, 17, 275428).
cost(18, 19, 39401).
cost(19, 1, 721616).
cost(19, 2, 725182).
cost(19, 3, 35347).
cost(19, 4, 52150).
cost(19, 5, 257181).
cost(19, 6, 46884).
cost(19, 7, 153670).
cost(19, 8, 233539).
cost(19, 9, 200438).
cost(19, 10, 318435).
cost(19, 11, 282159).
cost(19, 12, 240777).
cost(19, 13, 406292).
cost(19, 14, 657239).
cost(19, 15, 404644).
cost(19, 16, 248158).
cost(19, 17, 236123).
cost(19, 18, 39401).
nocross(1,10).
nocross(1,11).
nocross(1,13).
nocross(2,10).
nocross(2,11).
nocross(2,14).
nocross(2,15).
nocross(3,4).
nocross(3,5).
nocross(3,9).
nocross(3,10).
nocross(3,11).
nocross(3,18).
nocross(4,5).
nocross(4,6).
nocross(4,12).
nocross(6,4).
nocross(6,5).
nocross(7,4).
nocross(7,5).
nocross(7,6).
nocross(8,4).
nocross(8,5).
nocross(8,6).
nocross(8,7).
nocross(9,1).
nocross(9,3).
nocross(9,6).
nocross(9,10).
nocross(9,11).
nocross(9,13).
nocross(9,17).
nocross(10,4).
nocross(10,9).
nocross(10,11).
nocross(10,12).
nocross(10,13).
nocross(11,4).
nocross(11,9).
nocross(11,10).
nocross(11,12).
nocross(12,4).
nocross(12,9).
nocross(12,10).
nocross(12,11).
nocross(13,1).
nocross(13,9).
nocross(13,10).
nocross(13,11).
nocross(15,2).
nocross(15,4).
nocross(15,14).
nocross(15,16).
nocross(16,4).
nocross(16,8).
nocross(16,13).
nocross(17,5).
nocross(17,6).
nocross(17,9).
nocross(17,10).
nocross(17,11).
nocross(18,4).
nocross(18,10).
nocross(18,11).
nocross(19,3).
nocross(19,4).
nocross(19,5).
nocross(19,9).
