dimension(19).
point(1, -217963.0, 363791.0).
point(2, 238750.0, 160453.0).
point(3, 97276.0, 97891.0).
point(4, 290670.0, -106733.0).
point(5, 15385.0, -63814.0).
point(6, -44596.0, -10331.0).
point(7, 236421.0, 53127.0).
point(8, 89643.0, 102373.0).
point(9, -356964.0, 15824.0).
point(10, -239653.0, 228573.0).
point(11, 62214.0, -266790.0).
point(12, -66388.0, 80021.0).
point(13, -262672.0, -224379.0).
point(14, -146915.0, 235510.0).
point(15, 116778.0, -87044.0).
point(16, -277877.0, -142639.0).
point(17, 323027.0, 28846.0).
point(18, 30993.0, -373701.0).
point(19, -138697.0, -162022.0).
cost(1, 2, 499933).
cost(1, 3, 412406).
cost(1, 4, 692893).
cost(1, 5, 487132).
cost(1, 6, 412339).
cost(1, 7, 550433).
cost(1, 8, 403684).
cost(1, 9, 374703).
cost(1, 10, 136947).
cost(1, 11, 690023).
cost(1, 12, 321715).
cost(1, 13, 589867).
cost(1, 14, 146642).
cost(1, 15, 561519).
cost(1, 16, 509962).
cost(1, 17, 636285).
cost(1, 18, 778379).
cost(1, 19, 531754).
cost(2, 1, 499933).
cost(2, 3, 154690).
cost(2, 4, 272184).
cost(2, 5, 316524).
cost(2, 6, 330836).
cost(2, 7, 107351).
cost(2, 8, 160019).
cost(2, 9, 613019).
cost(2, 10, 483228).
cost(2, 11, 462279).
cost(2, 12, 315561).
cost(2, 13, 632076).
cost(2, 14, 392901).
cost(2, 15, 275920).
cost(2, 16, 598973).
cost(2, 17, 156279).
cost(2, 18, 573135).
cost(2, 19, 496444).
cost(3, 1, 412406).
cost(3, 2, 154690).
cost(3, 4, 281553).
cost(3, 5, 181258).
cost(3, 6, 178437).
cost(3, 7, 146168).
cost(3, 8, 8852).
cost(3, 9, 461594).
cost(3, 10, 361385).
cost(3, 11, 366363).
cost(3, 12, 164637).
cost(3, 13, 483136).
cost(3, 14, 280300).
cost(3, 15, 185960).
cost(3, 16, 445639).
cost(3, 17, 236074).
cost(3, 18, 476227).
cost(3, 19, 351053).
cost(4, 1, 692893).
cost(4, 2, 272184).
cost(4, 3, 281553).
cost(4, 5, 278611).
cost(4, 6, 348850).
cost(4, 7, 168814).
cost(4, 8, 290064).
cost(4, 9, 659128).
cost(4, 10, 627433).
cost(4, 11, 278945).
cost(4, 12, 402948).
cost(4, 13, 565710).
cost(4, 14, 555528).
cost(4, 15, 175003).
cost(4, 16, 569680).
cost(4, 17, 139387).
cost(4, 18, 372430).
cost(4, 19, 432912).
cost(5, 1, 487132).
cost(5, 2, 316524).
cost(5, 3, 181258).
cost(5, 4, 278611).
cost(5, 6, 80363).
cost(5, 7, 250064).
cost(5, 8, 182023).
cost(5, 9, 380770).
cost(5, 10, 387988).
cost(5, 11, 208308).
cost(5, 12, 165455).
cost(5, 13, 321087).
cost(5, 14, 340494).
cost(5, 15, 104020).
cost(5, 16, 303671).
cost(5, 17, 321293).
cost(5, 18, 310280).
cost(5, 19, 182719).
cost(6, 1, 412339).
cost(6, 2, 330836).
cost(6, 3, 178437).
cost(6, 4, 348850).
cost(6, 5, 80363).
cost(6, 7, 288093).
cost(6, 8, 175278).
cost(6, 9, 313461).
cost(6, 10, 308419).
cost(6, 11, 277812).
cost(6, 12, 92943).
cost(6, 13, 305571).
cost(6, 14, 266284).
cost(6, 15, 178680).
cost(6, 16, 268189).
cost(6, 17, 369705).
cost(6, 18, 371149).
cost(6, 19, 178508).
cost(7, 1, 550433).
cost(7, 2, 107351).
cost(7, 3, 146168).
cost(7, 4, 168814).
cost(7, 5, 250064).
cost(7, 6, 288093).
cost(7, 8, 154819).
cost(7, 9, 594556).
cost(7, 10, 507373).
cost(7, 11, 364273).
cost(7, 12, 304001).
cost(7, 13, 571055).
cost(7, 14, 424512).
cost(7, 15, 184289).
cost(7, 16, 550297).
cost(7, 17, 89945).
cost(7, 18, 473691).
cost(7, 19, 432438).
cost(8, 1, 403684).
cost(8, 2, 160019).
cost(8, 3, 8852).
cost(8, 4, 290064).
cost(8, 5, 182023).
cost(8, 6, 175278).
cost(8, 7, 154819).
cost(8, 9, 454916).
cost(8, 10, 352650).
cost(8, 11, 370181).
cost(8, 12, 157624).
cost(8, 13, 480513).
cost(8, 14, 271450).
cost(8, 15, 191351).
cost(8, 16, 441703).
cost(8, 17, 244692).
cost(8, 18, 479673).
cost(8, 19, 349348).
cost(9, 1, 374703).
cost(9, 2, 613019).
cost(9, 3, 461594).
cost(9, 4, 659128).
cost(9, 5, 380770).
cost(9, 6, 313461).
cost(9, 7, 594556).
cost(9, 8, 454916).
cost(9, 10, 242949).
cost(9, 11, 505550).
cost(9, 12, 297583).
cost(9, 13, 258047).
cost(9, 14, 303945).
cost(9, 15, 484782).
cost(9, 16, 177102).
cost(9, 17, 680116).
cost(9, 18, 549764).
cost(9, 19, 281549).
cost(10, 1, 136947).
cost(10, 2, 483228).
cost(10, 3, 361385).
cost(10, 4, 627433).
cost(10, 5, 387988).
cost(10, 6, 308419).
cost(10, 7, 507373).
cost(10, 8, 352650).
cost(10, 9, 242949).
cost(10, 11, 580093).
cost(10, 12, 228229).
cost(10, 13, 453537).
cost(10, 14, 92997).
cost(10, 15, 476085).
cost(10, 16, 373175).
cost(10, 17, 597076).
cost(10, 18, 660290).
cost(10, 19, 403431).
cost(11, 1, 690023).
cost(11, 2, 462279).
cost(11, 3, 366363).
cost(11, 4, 278945).
cost(11, 5, 208308).
cost(11, 6, 277812).
cost(11, 7, 364273).
cost(11, 8, 370181).
cost(11, 9, 505550).
cost(11, 10, 580093).
cost(11, 12, 369887).
cost(11, 13, 327642).
cost(11, 14, 544096).
cost(11, 15, 187845).
cost(11, 16, 362043).
cost(11, 17, 394239).
cost(11, 18, 111376).
cost(11, 19, 226587).
cost(12, 1, 321715).
cost(12, 2, 315561).
cost(12, 3, 164637).
cost(12, 4, 402948).
cost(12, 5, 165455).
cost(12, 6, 92943).
cost(12, 7, 304001).
cost(12, 8, 157624).
cost(12, 9, 297583).
cost(12, 10, 228229).
cost(12, 11, 369887).
cost(12, 13, 362197).
cost(12, 14, 175104).
cost(12, 15, 247912).
cost(12, 16, 307091).
cost(12, 17, 392763).
cost(12, 18, 464055).
cost(12, 19, 252613).
cost(13, 1, 589867).
cost(13, 2, 632076).
cost(13, 3, 483136).
cost(13, 4, 565710).
cost(13, 5, 321087).
cost(13, 6, 305571).
cost(13, 7, 571055).
cost(13, 8, 480513).
cost(13, 9, 258047).
cost(13, 10, 453537).
cost(13, 11, 327642).
cost(13, 12, 362197).
cost(13, 14, 474234).
cost(13, 15, 403538).
cost(13, 16, 83142).
cost(13, 17, 638096).
cost(13, 18, 329448).
cost(13, 19, 138774).
cost(14, 1, 146642).
cost(14, 2, 392901).
cost(14, 3, 280300).
cost(14, 4, 555528).
cost(14, 5, 340494).
cost(14, 6, 266284).
cost(14, 7, 424512).
cost(14, 8, 271450).
cost(14, 9, 303945).
cost(14, 10, 92997).
cost(14, 11, 544096).
cost(14, 12, 175104).
cost(14, 13, 474234).
cost(14, 15, 416623).
cost(14, 16, 400185).
cost(14, 17, 513377).
cost(14, 18, 634657).
cost(14, 19, 397617).
cost(15, 1, 561519).
cost(15, 2, 275920).
cost(15, 3, 185960).
cost(15, 4, 175003).
cost(15, 5, 104020).
cost(15, 6, 178680).
cost(15, 7, 184289).
cost(15, 8, 191351).
cost(15, 9, 484782).
cost(15, 10, 476085).
cost(15, 11, 187845).
cost(15, 12, 247912).
cost(15, 13, 403538).
cost(15, 14, 416623).
cost(15, 16, 398552).
cost(15, 17, 236578).
cost(15, 18, 299218).
cost(15, 19, 266250).
cost(16, 1, 509962).
cost(16, 2, 598973).
cost(16, 3, 445639).
cost(16, 4, 569680).
cost(16, 5, 303671).
cost(16, 6, 268189).
cost(16, 7, 550297).
cost(16, 8, 441703).
cost(16, 9, 177102).
cost(16, 10, 373175).
cost(16, 11, 362043).
cost(16, 12, 307091).
cost(16, 13, 83142).
cost(16, 14, 400185).
cost(16, 15, 398552).
cost(16, 17, 624894).
cost(16, 18, 385733).
cost(16, 19, 140523).
cost(17, 1, 636285).
cost(17, 2, 156279).
cost(17, 3, 236074).
cost(17, 4, 139387).
cost(17, 5, 321293).
cost(17, 6, 369705).
cost(17, 7, 89945).
cost(17, 8, 244692).
cost(17, 9, 680116).
cost(17, 10, 597076).
cost(17, 11, 394239).
cost(17, 12, 392763).
cost(17, 13, 638096).
cost(17, 14, 513377).
cost(17, 15, 236578).
cost(17, 16, 624894).
cost(17, 18, 497321).
cost(17, 19, 499620).
cost(18, 1, 778379).
cost(18, 2, 573135).
cost(18, 3, 476227).
cost(18, 4, 372430).
cost(18, 5, 310280).
cost(18, 6, 371149).
cost(18, 7, 473691).
cost(18, 8, 479673).
cost(18, 9, 549764).
cost(18, 10, 660290).
cost(18, 11, 111376).
cost(18, 12, 464055).
cost(18, 13, 329448).
cost(18, 14, 634657).
cost(18, 15, 299218).
cost(18, 16, 385733).
cost(18, 17, 497321).
cost(18, 19, 271298).
cost(19, 1, 531754).
cost(19, 2, 496444).
cost(19, 3, 351053).
cost(19, 4, 432912).
cost(19, 5, 182719).
cost(19, 6, 178508).
cost(19, 7, 432438).
cost(19, 8, 349348).
cost(19, 9, 281549).
cost(19, 10, 403431).
cost(19, 11, 226587).
cost(19, 12, 252613).
cost(19, 13, 138774).
cost(19, 14, 397617).
cost(19, 15, 266250).
cost(19, 16, 140523).
cost(19, 17, 499620).
cost(19, 18, 271298).
nocross(1,14).
nocross(2,1).
nocross(2,5).
nocross(2,6).
nocross(2,17).
nocross(3,2).
nocross(3,5).
nocross(3,6).
nocross(3,12).
nocross(3,15).
nocross(4,17).
nocross(4,18).
nocross(5,6).
nocross(5,12).
nocross(7,3).
nocross(7,5).
nocross(7,6).
nocross(7,15).
nocross(7,17).
nocross(8,5).
nocross(8,6).
nocross(8,12).
nocross(8,15).
nocross(9,6).
nocross(9,12).
nocross(9,13).
nocross(9,16).
nocross(9,19).
nocross(10,6).
nocross(10,12).
nocross(11,5).
nocross(11,6).
nocross(11,12).
nocross(11,13).
nocross(11,15).
nocross(12,5).
nocross(12,6).
nocross(12,14).
nocross(13,5).
nocross(13,6).
nocross(13,16).
nocross(13,18).
nocross(13,19).
nocross(14,12).
nocross(15,5).
nocross(15,11).
nocross(15,12).
nocross(16,5).
nocross(16,6).
nocross(16,12).
nocross(16,13).
nocross(17,2).
nocross(17,3).
nocross(17,5).
nocross(17,15).
nocross(18,15).
nocross(19,5).
nocross(19,6).
nocross(19,11).
nocross(19,15).
