dimension(19).
point(1, -7118.0, 274820.0).
point(2, 363402.0, 142025.0).
point(3, -261655.0, 184452.0).
point(4, 69627.0, -86524.0).
point(5, -45580.0, -131106.0).
point(6, 82877.0, -53101.0).
point(7, -187617.0, 157106.0).
point(8, -131089.0, -43096.0).
point(9, 165236.0, 6267.0).
point(10, -130478.0, 95354.0).
point(11, 50934.0, 229284.0).
point(12, -63565.0, 333869.0).
point(13, 334517.0, -92400.0).
point(14, -41595.0, 29735.0).
point(15, 528575.0, 24571.0).
point(16, -255396.0, 218461.0).
point(17, -107292.0, 606155.0).
point(18, -115183.0, 6151.0).
point(19, -202563.0, 298024.0).
cost(1, 2, 393598).
cost(1, 3, 270103).
cost(1, 4, 369404).
cost(1, 5, 407744).
cost(1, 6, 340046).
cost(1, 7, 215491).
cost(1, 8, 341232).
cost(1, 9, 319103).
cost(1, 10, 217775).
cost(1, 11, 73780).
cost(1, 12, 81689).
cost(1, 13, 501563).
cost(1, 14, 247498).
cost(1, 15, 591263).
cost(1, 16, 254594).
cost(1, 17, 346147).
cost(1, 18, 289588).
cost(1, 19, 196818).
cost(2, 1, 393598).
cost(2, 3, 626495).
cost(2, 4, 372207).
cost(2, 5, 491800).
cost(2, 6, 341714).
cost(2, 7, 551225).
cost(2, 8, 528007).
cost(2, 9, 240208).
cost(2, 10, 496080).
cost(2, 11, 324423).
cost(2, 12, 468086).
cost(2, 13, 236198).
cost(2, 14, 420276).
cost(2, 15, 202676).
cost(2, 16, 623501).
cost(2, 17, 661037).
cost(2, 18, 497499).
cost(2, 19, 587071).
cost(3, 1, 270103).
cost(3, 2, 626495).
cost(3, 4, 427990).
cost(3, 5, 382446).
cost(3, 6, 418490).
cost(3, 7, 78927).
cost(3, 8, 262346).
cost(3, 9, 462586).
cost(3, 10, 158574).
cost(3, 11, 315788).
cost(3, 12, 248123).
cost(3, 13, 657319).
cost(3, 14, 269005).
cost(3, 15, 806242).
cost(3, 16, 34580).
cost(3, 17, 449067).
cost(3, 18, 230749).
cost(3, 19, 128025).
cost(4, 1, 369404).
cost(4, 2, 372207).
cost(4, 3, 427990).
cost(4, 5, 123532).
cost(4, 6, 35954).
cost(4, 7, 354302).
cost(4, 8, 205360).
cost(4, 9, 133234).
cost(4, 10, 270410).
cost(4, 11, 316361).
cost(4, 12, 440988).
cost(4, 13, 264955).
cost(4, 14, 160893).
cost(4, 15, 472203).
cost(4, 16, 445708).
cost(4, 17, 714916).
cost(4, 18, 206745).
cost(4, 19, 471131).
cost(5, 1, 407744).
cost(5, 2, 491800).
cost(5, 3, 382446).
cost(5, 4, 123532).
cost(5, 6, 150286).
cost(5, 7, 321311).
cost(5, 8, 122709).
cost(5, 9, 251624).
cost(5, 10, 241851).
cost(5, 11, 373090).
cost(5, 12, 465323).
cost(5, 13, 382063).
cost(5, 14, 160890).
cost(5, 15, 594886).
cost(5, 16, 407701).
cost(5, 17, 739839).
cost(5, 18, 153896).
cost(5, 19, 456942).
cost(6, 1, 340046).
cost(6, 2, 341714).
cost(6, 3, 418490).
cost(6, 4, 35954).
cost(6, 5, 150286).
cost(6, 7, 342570).
cost(6, 8, 214200).
cost(6, 9, 101526).
cost(6, 10, 259922).
cost(6, 11, 284186).
cost(6, 12, 413752).
cost(6, 13, 254690).
cost(6, 14, 149516).
cost(6, 15, 452415).
cost(6, 16, 433791).
cost(6, 17, 686136).
cost(6, 18, 206733).
cost(6, 19, 452509).
cost(7, 1, 215491).
cost(7, 2, 551225).
cost(7, 3, 78927).
cost(7, 4, 354302).
cost(7, 5, 321311).
cost(7, 6, 342570).
cost(7, 8, 208029).
cost(7, 9, 383742).
cost(7, 10, 84132).
cost(7, 11, 249231).
cost(7, 12, 215949).
cost(7, 13, 578686).
cost(7, 14, 193767).
cost(7, 15, 728352).
cost(7, 16, 91424).
cost(7, 17, 456177).
cost(7, 18, 167434).
cost(7, 19, 141708).
cost(8, 1, 341232).
cost(8, 2, 528007).
cost(8, 3, 262346).
cost(8, 4, 205360).
cost(8, 5, 122709).
cost(8, 6, 214200).
cost(8, 7, 208029).
cost(8, 9, 300408).
cost(8, 10, 138451).
cost(8, 11, 327602).
cost(8, 12, 382965).
cost(8, 13, 468209).
cost(8, 14, 115384).
cost(8, 15, 663125).
cost(8, 16, 289593).
cost(8, 17, 649687).
cost(8, 18, 51752).
cost(8, 19, 348527).
cost(9, 1, 319103).
cost(9, 2, 240208).
cost(9, 3, 462586).
cost(9, 4, 133234).
cost(9, 5, 251624).
cost(9, 6, 101526).
cost(9, 7, 383742).
cost(9, 8, 300408).
cost(9, 10, 308842).
cost(9, 11, 250602).
cost(9, 12, 399591).
cost(9, 13, 195937).
cost(9, 14, 208158).
cost(9, 15, 363800).
cost(9, 16, 471124).
cost(9, 17, 658891).
cost(9, 18, 280419).
cost(9, 19, 469466).
cost(10, 1, 217775).
cost(10, 2, 496080).
cost(10, 3, 158574).
cost(10, 4, 270410).
cost(10, 5, 241851).
cost(10, 6, 259922).
cost(10, 7, 84132).
cost(10, 8, 138451).
cost(10, 9, 308842).
cost(10, 11, 225494).
cost(10, 12, 247723).
cost(10, 13, 501470).
cost(10, 14, 110481).
cost(10, 15, 662843).
cost(10, 16, 175385).
cost(10, 17, 511327).
cost(10, 18, 90505).
cost(10, 19, 215108).
cost(11, 1, 73780).
cost(11, 2, 324423).
cost(11, 3, 315788).
cost(11, 4, 316361).
cost(11, 5, 373090).
cost(11, 6, 284186).
cost(11, 7, 249231).
cost(11, 8, 327602).
cost(11, 9, 250602).
cost(11, 10, 225494).
cost(11, 12, 155074).
cost(11, 13, 428836).
cost(11, 14, 219958).
cost(11, 15, 519662).
cost(11, 16, 306521).
cost(11, 17, 408739).
cost(11, 18, 278178).
cost(11, 19, 262652).
cost(12, 1, 81689).
cost(12, 2, 468086).
cost(12, 3, 248123).
cost(12, 4, 440988).
cost(12, 5, 465323).
cost(12, 6, 413752).
cost(12, 7, 215949).
cost(12, 8, 382965).
cost(12, 9, 399591).
cost(12, 10, 247723).
cost(12, 11, 155074).
cost(12, 13, 583245).
cost(12, 14, 304927).
cost(12, 15, 668053).
cost(12, 16, 223871).
cost(12, 17, 275775).
cost(12, 18, 331758).
cost(12, 19, 143545).
cost(13, 1, 501563).
cost(13, 2, 236198).
cost(13, 3, 657319).
cost(13, 4, 264955).
cost(13, 5, 382063).
cost(13, 6, 254690).
cost(13, 7, 578686).
cost(13, 8, 468209).
cost(13, 9, 195937).
cost(13, 10, 501470).
cost(13, 11, 428836).
cost(13, 12, 583245).
cost(13, 14, 395446).
cost(13, 15, 226585).
cost(13, 16, 666807).
cost(13, 17, 826544).
cost(13, 18, 460372).
cost(13, 19, 663992).
cost(14, 1, 247498).
cost(14, 2, 420276).
cost(14, 3, 269005).
cost(14, 4, 160893).
cost(14, 5, 160890).
cost(14, 6, 149516).
cost(14, 7, 193767).
cost(14, 8, 115384).
cost(14, 9, 208158).
cost(14, 10, 110481).
cost(14, 11, 219958).
cost(14, 12, 304927).
cost(14, 13, 395446).
cost(14, 15, 570193).
cost(14, 16, 285181).
cost(14, 17, 580152).
cost(14, 18, 77275).
cost(14, 19, 312873).
cost(15, 1, 591263).
cost(15, 2, 202676).
cost(15, 3, 806242).
cost(15, 4, 472203).
cost(15, 5, 594886).
cost(15, 6, 452415).
cost(15, 7, 728352).
cost(15, 8, 663125).
cost(15, 9, 363800).
cost(15, 10, 662843).
cost(15, 11, 519662).
cost(15, 12, 668053).
cost(15, 13, 226585).
cost(15, 14, 570193).
cost(15, 16, 807591).
cost(15, 17, 861723).
cost(15, 18, 644021).
cost(15, 19, 780602).
cost(16, 1, 254594).
cost(16, 2, 623501).
cost(16, 3, 34580).
cost(16, 4, 445708).
cost(16, 5, 407701).
cost(16, 6, 433791).
cost(16, 7, 91424).
cost(16, 8, 289593).
cost(16, 9, 471124).
cost(16, 10, 175385).
cost(16, 11, 306521).
cost(16, 12, 223871).
cost(16, 13, 666807).
cost(16, 14, 285181).
cost(16, 15, 807591).
cost(16, 17, 415020).
cost(16, 18, 254431).
cost(16, 19, 95507).
cost(17, 1, 346147).
cost(17, 2, 661037).
cost(17, 3, 449067).
cost(17, 4, 714916).
cost(17, 5, 739839).
cost(17, 6, 686136).
cost(17, 7, 456177).
cost(17, 8, 649687).
cost(17, 9, 658891).
cost(17, 10, 511327).
cost(17, 11, 408739).
cost(17, 12, 275775).
cost(17, 13, 826544).
cost(17, 14, 580152).
cost(17, 15, 861723).
cost(17, 16, 415020).
cost(17, 18, 600056).
cost(17, 19, 322523).
cost(18, 1, 289588).
cost(18, 2, 497499).
cost(18, 3, 230749).
cost(18, 4, 206745).
cost(18, 5, 153896).
cost(18, 6, 206733).
cost(18, 7, 167434).
cost(18, 8, 51752).
cost(18, 9, 280419).
cost(18, 10, 90505).
cost(18, 11, 278178).
cost(18, 12, 331758).
cost(18, 13, 460372).
cost(18, 14, 77275).
cost(18, 15, 644021).
cost(18, 16, 254431).
cost(18, 17, 600056).
cost(18, 19, 304672).
cost(19, 1, 196818).
cost(19, 2, 587071).
cost(19, 3, 128025).
cost(19, 4, 471131).
cost(19, 5, 456942).
cost(19, 6, 452509).
cost(19, 7, 141708).
cost(19, 8, 348527).
cost(19, 9, 469466).
cost(19, 10, 215108).
cost(19, 11, 262652).
cost(19, 12, 143545).
cost(19, 13, 663992).
cost(19, 14, 312873).
cost(19, 15, 780602).
cost(19, 16, 95507).
cost(19, 17, 322523).
cost(19, 18, 304672).
nocross(1,9).
nocross(1,11).
nocross(1,16).
nocross(1,19).
nocross(2,9).
nocross(3,7).
nocross(3,8).
nocross(4,5).
nocross(4,14).
nocross(5,3).
nocross(5,4).
nocross(5,8).
nocross(5,9).
nocross(5,14).
nocross(5,18).
nocross(6,1).
nocross(6,5).
nocross(6,9).
nocross(7,3).
nocross(7,16).
nocross(7,18).
nocross(7,19).
nocross(8,3).
nocross(8,4).
nocross(8,7).
nocross(8,14).
nocross(8,16).
nocross(9,1).
nocross(10,3).
nocross(10,9).
nocross(10,14).
nocross(10,18).
nocross(11,9).
nocross(11,14).
nocross(12,1).
nocross(12,16).
nocross(13,6).
nocross(13,9).
nocross(14,1).
nocross(14,9).
nocross(14,18).
nocross(16,3).
nocross(17,1).
nocross(17,11).
nocross(17,12).
nocross(17,19).
nocross(18,3).
nocross(18,4).
nocross(18,5).
nocross(18,7).
nocross(18,9).
nocross(18,10).
nocross(18,14).
nocross(18,16).
nocross(19,7).
nocross(19,16).
