dimension(25).
point(1, -135161.0, 98753.0).
point(2, -135021.0, 191035.0).
point(3, 30779.0, 182843.0).
point(4, 10088.0, 134461.0).
point(5, 58419.0, -68849.0).
point(6, -224464.0, 301333.0).
point(7, 133649.0, -48128.0).
point(8, -131343.0, 136015.0).
point(9, -52044.0, 44898.0).
point(10, 139516.0, 253123.0).
point(11, 141801.0, -422074.0).
point(12, 83374.0, -62349.0).
point(13, 177475.0, -496459.0).
point(14, 243522.0, -138081.0).
point(15, 536754.0, 268937.0).
point(16, 318064.0, -108572.0).
point(17, 299399.0, 18898.0).
point(18, -311865.0, -71258.0).
point(19, 78782.0, -2168.0).
point(20, -234812.0, 80948.0).
point(21, -75082.0, -64604.0).
point(22, 302510.0, 216221.0).
point(23, -89602.0, -332259.0).
point(24, 170971.0, -54487.0).
point(25, 177730.0, -248390.0).
cost(1, 2, 92282).
cost(1, 3, 186030).
cost(1, 4, 149574).
cost(1, 5, 256054).
cost(1, 6, 221390).
cost(1, 7, 306321).
cost(1, 8, 37457).
cost(1, 9, 99039).
cost(1, 10, 315083).
cost(1, 11, 589889).
cost(1, 12, 271498).
cost(1, 13, 672323).
cost(1, 14, 446644).
cost(1, 15, 693132).
cost(1, 16, 498394).
cost(1, 17, 441836).
cost(1, 18, 245210).
cost(1, 19, 236552).
cost(1, 20, 101229).
cost(1, 21, 174055).
cost(1, 22, 453161).
cost(1, 23, 433413).
cost(1, 24, 342344).
cost(1, 25, 467343).
cost(2, 1, 92282).
cost(2, 3, 166002).
cost(2, 4, 155747).
cost(2, 5, 323973).
cost(2, 6, 142006).
cost(2, 7, 359698).
cost(2, 8, 55143).
cost(2, 9, 168051).
cost(2, 10, 281470).
cost(2, 11, 672706).
cost(2, 12, 334514).
cost(2, 13, 755183).
cost(2, 14, 501610).
cost(2, 15, 676277).
cost(2, 16, 543185).
cost(2, 17, 467281).
cost(2, 18, 316341).
cost(2, 19, 288165).
cost(2, 20, 148585).
cost(2, 21, 262572).
cost(2, 22, 438255).
cost(2, 23, 525261).
cost(2, 24, 392316).
cost(2, 25, 539358).
cost(3, 1, 186030).
cost(3, 2, 166002).
cost(3, 4, 52621).
cost(3, 5, 253205).
cost(3, 6, 281405).
cost(3, 7, 252844).
cost(3, 8, 168750).
cost(3, 9, 160899).
cost(3, 10, 129472).
cost(3, 11, 615021).
cost(3, 12, 250770).
cost(3, 13, 694961).
cost(3, 14, 385035).
cost(3, 15, 513247).
cost(3, 16, 409213).
cost(3, 17, 314698).
cost(3, 18, 426582).
cost(3, 19, 191137).
cost(3, 20, 284466).
cost(3, 21, 269140).
cost(3, 22, 273773).
cost(3, 23, 528982).
cost(3, 24, 275643).
cost(3, 25, 455584).
cost(4, 1, 149574).
cost(4, 2, 155747).
cost(4, 3, 52621).
cost(4, 5, 208976).
cost(4, 6, 287856).
cost(4, 7, 220468).
cost(4, 8, 141440).
cost(4, 9, 109004).
cost(4, 10, 175591).
cost(4, 11, 571909).
cost(4, 12, 210012).
cost(4, 13, 652747).
cost(4, 14, 358846).
cost(4, 15, 543563).
cost(4, 16, 392319).
cost(4, 17, 311538).
cost(4, 18, 382065).
cost(4, 19, 152926).
cost(4, 20, 250678).
cost(4, 21, 216520).
cost(4, 22, 303637).
cost(4, 23, 477248).
cost(4, 24, 248163).
cost(4, 25, 417946).
cost(5, 1, 256054).
cost(5, 2, 323973).
cost(5, 3, 253205).
cost(5, 4, 208976).
cost(5, 6, 465894).
cost(5, 7, 78031).
cost(5, 8, 279247).
cost(5, 9, 158557).
cost(5, 10, 332028).
cost(5, 11, 362933).
cost(5, 12, 25788).
cost(5, 13, 443875).
cost(5, 14, 197626).
cost(5, 15, 585580).
cost(5, 16, 262666).
cost(5, 17, 256458).
cost(5, 18, 370292).
cost(5, 19, 69721).
cost(5, 20, 329277).
cost(5, 21, 133568).
cost(5, 22, 375294).
cost(5, 23, 302151).
cost(5, 24, 113465).
cost(5, 25, 215569).
cost(6, 1, 221390).
cost(6, 2, 142006).
cost(6, 3, 281405).
cost(6, 4, 287856).
cost(6, 5, 465894).
cost(6, 7, 500368).
cost(6, 8, 189741).
cost(6, 9, 309011).
cost(6, 10, 367159).
cost(6, 11, 810844).
cost(6, 12, 476475).
cost(6, 13, 893324).
cost(6, 14, 641947).
cost(6, 15, 761907).
cost(6, 16, 679970).
cost(6, 17, 595149).
cost(6, 18, 382705).
cost(6, 19, 429035).
cost(6, 20, 220628).
cost(6, 21, 395253).
cost(6, 22, 533803).
cost(6, 23, 647786).
cost(6, 24, 531956).
cost(6, 25, 681143).
cost(7, 1, 306321).
cost(7, 2, 359698).
cost(7, 3, 252844).
cost(7, 4, 220468).
cost(7, 5, 78031).
cost(7, 6, 500368).
cost(7, 8, 322691).
cost(7, 9, 207691).
cost(7, 10, 301308).
cost(7, 11, 374035).
cost(7, 12, 52248).
cost(7, 13, 450468).
cost(7, 14, 141999).
cost(7, 15, 512859).
cost(7, 16, 194068).
cost(7, 17, 178789).
cost(7, 18, 446114).
cost(7, 19, 71573).
cost(7, 20, 390415).
cost(7, 21, 209380).
cost(7, 22, 313679).
cost(7, 23, 361347).
cost(7, 24, 37860).
cost(7, 25, 205056).
cost(8, 1, 37457).
cost(8, 2, 55143).
cost(8, 3, 168750).
cost(8, 4, 141440).
cost(8, 5, 279247).
cost(8, 6, 189741).
cost(8, 7, 322691).
cost(8, 9, 120792).
cost(8, 10, 295091).
cost(8, 11, 621346).
cost(8, 12, 292321).
cost(8, 13, 703841).
cost(8, 14, 464384).
cost(8, 15, 681191).
cost(8, 16, 511654).
cost(8, 17, 446380).
cost(8, 18, 274864).
cost(8, 19, 251490).
cost(8, 20, 117210).
cost(8, 21, 208359).
cost(8, 22, 441205).
cost(8, 23, 470131).
cost(8, 24, 357330).
cost(8, 25, 493248).
cost(9, 1, 99039).
cost(9, 2, 168051).
cost(9, 3, 160899).
cost(9, 4, 109004).
cost(9, 5, 158557).
cost(9, 6, 309011).
cost(9, 7, 207691).
cost(9, 8, 120792).
cost(9, 10, 282936).
cost(9, 11, 505607).
cost(9, 12, 172742).
cost(9, 13, 588002).
cost(9, 14, 347621).
cost(9, 15, 629981).
cost(9, 16, 400666).
cost(9, 17, 352403).
cost(9, 18, 284604).
cost(9, 19, 139035).
cost(9, 20, 186289).
cost(9, 21, 111899).
cost(9, 22, 393777).
cost(9, 23, 379022).
cost(9, 24, 244158).
cost(9, 25, 372577).
cost(10, 1, 315083).
cost(10, 2, 281470).
cost(10, 3, 129472).
cost(10, 4, 175591).
cost(10, 5, 332028).
cost(10, 6, 367159).
cost(10, 7, 301308).
cost(10, 8, 295091).
cost(10, 9, 282936).
cost(10, 11, 675201).
cost(10, 12, 320429).
cost(10, 13, 750543).
cost(10, 14, 404794).
cost(10, 15, 397553).
cost(10, 16, 403364).
cost(10, 17, 283591).
cost(10, 18, 555849).
cost(10, 19, 262416).
cost(10, 20, 412026).
cost(10, 21, 383409).
cost(10, 22, 167119).
cost(10, 23, 628623).
cost(10, 24, 309214).
cost(10, 25, 502967).
cost(11, 1, 589889).
cost(11, 2, 672706).
cost(11, 3, 615021).
cost(11, 4, 571909).
cost(11, 5, 362933).
cost(11, 6, 810844).
cost(11, 7, 374035).
cost(11, 8, 621346).
cost(11, 9, 505607).
cost(11, 10, 675201).
cost(11, 12, 364439).
cost(11, 13, 82497).
cost(11, 14, 301661).
cost(11, 15, 795917).
cost(11, 16, 359656).
cost(11, 17, 468288).
cost(11, 18, 573485).
cost(11, 19, 424609).
cost(11, 20, 628386).
cost(11, 21, 418118).
cost(11, 22, 658216).
cost(11, 23, 248222).
cost(11, 24, 368743).
cost(11, 25, 177361).
cost(12, 1, 271498).
cost(12, 2, 334514).
cost(12, 3, 250770).
cost(12, 4, 210012).
cost(12, 5, 25788).
cost(12, 6, 476475).
cost(12, 7, 52248).
cost(12, 8, 292321).
cost(12, 9, 172742).
cost(12, 10, 320429).
cost(12, 11, 364439).
cost(12, 13, 444192).
cost(12, 14, 177152).
cost(12, 15, 561519).
cost(12, 16, 239199).
cost(12, 17, 230798).
cost(12, 18, 395339).
cost(12, 19, 60356).
cost(12, 20, 348965).
cost(12, 21, 158472).
cost(12, 22, 354432).
cost(12, 23, 320581).
cost(12, 24, 87949).
cost(12, 25, 208601).
cost(13, 1, 672323).
cost(13, 2, 755183).
cost(13, 3, 694961).
cost(13, 4, 652747).
cost(13, 5, 443875).
cost(13, 6, 893324).
cost(13, 7, 450468).
cost(13, 8, 703841).
cost(13, 9, 588002).
cost(13, 10, 750543).
cost(13, 11, 82497).
cost(13, 12, 444192).
cost(13, 14, 364413).
cost(13, 15, 845525).
cost(13, 16, 412579).
cost(13, 17, 529583).
cost(13, 18, 648267).
cost(13, 19, 504048).
cost(13, 20, 709492).
cost(13, 21, 500284).
cost(13, 22, 723565).
cost(13, 23, 313515).
cost(13, 24, 442020).
cost(13, 25, 248069).
cost(14, 1, 446644).
cost(14, 2, 501610).
cost(14, 3, 385035).
cost(14, 4, 358846).
cost(14, 5, 197626).
cost(14, 6, 641947).
cost(14, 7, 141999).
cost(14, 8, 464384).
cost(14, 9, 347621).
cost(14, 10, 404794).
cost(14, 11, 301661).
cost(14, 12, 177152).
cost(14, 13, 364413).
cost(14, 15, 501646).
cost(14, 16, 80170).
cost(14, 17, 166627).
cost(14, 18, 559393).
cost(14, 19, 213569).
cost(14, 20, 526096).
cost(14, 21, 326967).
cost(14, 22, 359179).
cost(14, 23, 385586).
cost(14, 24, 110687).
cost(14, 25, 128439).
cost(15, 1, 693132).
cost(15, 2, 676277).
cost(15, 3, 513247).
cost(15, 4, 543563).
cost(15, 5, 585580).
cost(15, 6, 761907).
cost(15, 7, 512859).
cost(15, 8, 681191).
cost(15, 9, 629981).
cost(15, 10, 397553).
cost(15, 11, 795917).
cost(15, 12, 561519).
cost(15, 13, 845525).
cost(15, 14, 501646).
cost(15, 16, 436278).
cost(15, 17, 344756).
cost(15, 18, 914268).
cost(15, 19, 532199).
cost(15, 20, 794137).
cost(15, 21, 696845).
cost(15, 22, 240103).
cost(15, 23, 868193).
cost(15, 24, 488263).
cost(15, 25, 629703).
cost(16, 1, 498394).
cost(16, 2, 543185).
cost(16, 3, 409213).
cost(16, 4, 392319).
cost(16, 5, 262666).
cost(16, 6, 679970).
cost(16, 7, 194068).
cost(16, 8, 511654).
cost(16, 9, 400666).
cost(16, 10, 403364).
cost(16, 11, 359656).
cost(16, 12, 239199).
cost(16, 13, 412579).
cost(16, 14, 80170).
cost(16, 15, 436278).
cost(16, 17, 128829).
cost(16, 18, 631033).
cost(16, 19, 261873).
cost(16, 20, 584457).
cost(16, 21, 395597).
cost(16, 22, 325165).
cost(16, 23, 465003).
cost(16, 24, 156721).
cost(16, 25, 198098).
cost(17, 1, 441836).
cost(17, 2, 467281).
cost(17, 3, 314698).
cost(17, 4, 311538).
cost(17, 5, 256458).
cost(17, 6, 595149).
cost(17, 7, 178789).
cost(17, 8, 446380).
cost(17, 9, 352403).
cost(17, 10, 283591).
cost(17, 11, 468288).
cost(17, 12, 230798).
cost(17, 13, 529583).
cost(17, 14, 166627).
cost(17, 15, 344756).
cost(17, 16, 128829).
cost(17, 18, 617877).
cost(17, 19, 221620).
cost(17, 20, 537803).
cost(17, 21, 383678).
cost(17, 22, 197348).
cost(17, 23, 524054).
cost(17, 24, 147916).
cost(17, 25, 293677).
cost(18, 1, 245210).
cost(18, 2, 316341).
cost(18, 3, 426582).
cost(18, 4, 382065).
cost(18, 5, 370292).
cost(18, 6, 382705).
cost(18, 7, 446114).
cost(18, 8, 274864).
cost(18, 9, 284604).
cost(18, 10, 555849).
cost(18, 11, 573485).
cost(18, 12, 395339).
cost(18, 13, 648267).
cost(18, 14, 559393).
cost(18, 15, 914268).
cost(18, 16, 631033).
cost(18, 17, 617877).
cost(18, 19, 396710).
cost(18, 20, 170598).
cost(18, 21, 236876).
cost(18, 22, 678307).
cost(18, 23, 342815).
cost(18, 24, 483127).
cost(18, 25, 520652).
cost(19, 1, 236552).
cost(19, 2, 288165).
cost(19, 3, 191137).
cost(19, 4, 152926).
cost(19, 5, 69721).
cost(19, 6, 429035).
cost(19, 7, 71573).
cost(19, 8, 251490).
cost(19, 9, 139035).
cost(19, 10, 262416).
cost(19, 11, 424609).
cost(19, 12, 60356).
cost(19, 13, 504048).
cost(19, 14, 213569).
cost(19, 15, 532199).
cost(19, 16, 261873).
cost(19, 17, 221620).
cost(19, 18, 396710).
cost(19, 20, 324422).
cost(19, 21, 166049).
cost(19, 22, 312647).
cost(19, 23, 370558).
cost(19, 24, 106000).
cost(19, 25, 265360).
cost(20, 1, 101229).
cost(20, 2, 148585).
cost(20, 3, 284466).
cost(20, 4, 250678).
cost(20, 5, 329277).
cost(20, 6, 220628).
cost(20, 7, 390415).
cost(20, 8, 117210).
cost(20, 9, 186289).
cost(20, 10, 412026).
cost(20, 11, 628386).
cost(20, 12, 348965).
cost(20, 13, 709492).
cost(20, 14, 526096).
cost(20, 15, 794137).
cost(20, 16, 584457).
cost(20, 17, 537803).
cost(20, 18, 170598).
cost(20, 19, 324422).
cost(20, 21, 216100).
cost(20, 22, 554088).
cost(20, 23, 437979).
cost(20, 24, 427788).
cost(20, 25, 527877).
cost(21, 1, 174055).
cost(21, 2, 262572).
cost(21, 3, 269140).
cost(21, 4, 216520).
cost(21, 5, 133568).
cost(21, 6, 395253).
cost(21, 7, 209380).
cost(21, 8, 208359).
cost(21, 9, 111899).
cost(21, 10, 383409).
cost(21, 11, 418118).
cost(21, 12, 158472).
cost(21, 13, 500284).
cost(21, 14, 326967).
cost(21, 15, 696845).
cost(21, 16, 395597).
cost(21, 17, 383678).
cost(21, 18, 236876).
cost(21, 19, 166049).
cost(21, 20, 216100).
cost(21, 22, 470572).
cost(21, 23, 268049).
cost(21, 24, 246261).
cost(21, 25, 312556).
cost(22, 1, 453161).
cost(22, 2, 438255).
cost(22, 3, 273773).
cost(22, 4, 303637).
cost(22, 5, 375294).
cost(22, 6, 533803).
cost(22, 7, 313679).
cost(22, 8, 441205).
cost(22, 9, 393777).
cost(22, 10, 167119).
cost(22, 11, 658216).
cost(22, 12, 354432).
cost(22, 13, 723565).
cost(22, 14, 359179).
cost(22, 15, 240103).
cost(22, 16, 325165).
cost(22, 17, 197348).
cost(22, 18, 678307).
cost(22, 19, 312647).
cost(22, 20, 554088).
cost(22, 21, 470572).
cost(22, 23, 674227).
cost(22, 24, 300974).
cost(22, 25, 481075).
cost(23, 1, 433413).
cost(23, 2, 525261).
cost(23, 3, 528982).
cost(23, 4, 477248).
cost(23, 5, 302151).
cost(23, 6, 647786).
cost(23, 7, 361347).
cost(23, 8, 470131).
cost(23, 9, 379022).
cost(23, 10, 628623).
cost(23, 11, 248222).
cost(23, 12, 320581).
cost(23, 13, 313515).
cost(23, 14, 385586).
cost(23, 15, 868193).
cost(23, 16, 465003).
cost(23, 17, 524054).
cost(23, 18, 342815).
cost(23, 19, 370558).
cost(23, 20, 437979).
cost(23, 21, 268049).
cost(23, 22, 674227).
cost(23, 24, 380862).
cost(23, 25, 280179).
cost(24, 1, 342344).
cost(24, 2, 392316).
cost(24, 3, 275643).
cost(24, 4, 248163).
cost(24, 5, 113465).
cost(24, 6, 531956).
cost(24, 7, 37860).
cost(24, 8, 357330).
cost(24, 9, 244158).
cost(24, 10, 309214).
cost(24, 11, 368743).
cost(24, 12, 87949).
cost(24, 13, 442020).
cost(24, 14, 110687).
cost(24, 15, 488263).
cost(24, 16, 156721).
cost(24, 17, 147916).
cost(24, 18, 483127).
cost(24, 19, 106000).
cost(24, 20, 427788).
cost(24, 21, 246261).
cost(24, 22, 300974).
cost(24, 23, 380862).
cost(24, 25, 194021).
cost(25, 1, 467343).
cost(25, 2, 539358).
cost(25, 3, 455584).
cost(25, 4, 417946).
cost(25, 5, 215569).
cost(25, 6, 681143).
cost(25, 7, 205056).
cost(25, 8, 493248).
cost(25, 9, 372577).
cost(25, 10, 502967).
cost(25, 11, 177361).
cost(25, 12, 208601).
cost(25, 13, 248069).
cost(25, 14, 128439).
cost(25, 15, 629703).
cost(25, 16, 198098).
cost(25, 17, 293677).
cost(25, 18, 520652).
cost(25, 19, 265360).
cost(25, 20, 527877).
cost(25, 21, 312556).
cost(25, 22, 481075).
cost(25, 23, 280179).
cost(25, 24, 194021).
nocross(1,2).
nocross(1,3).
nocross(1,4).
nocross(1,5).
nocross(1,6).
nocross(1,8).
nocross(1,9).
nocross(1,18).
nocross(1,20).
nocross(1,21).
nocross(2,1).
nocross(2,3).
nocross(2,4).
nocross(2,5).
nocross(2,6).
nocross(2,8).
nocross(2,18).
nocross(2,20).
nocross(3,1).
nocross(3,4).
nocross(3,5).
nocross(4,1).
nocross(4,3).
nocross(4,5).
nocross(4,8).
nocross(4,9).
nocross(5,4).
nocross(5,14).
nocross(5,21).
nocross(6,1).
nocross(6,4).
nocross(6,5).
nocross(6,8).
nocross(6,20).
nocross(7,4).
nocross(7,5).
nocross(7,12).
nocross(7,14).
nocross(7,19).
nocross(8,1).
nocross(8,2).
nocross(8,3).
nocross(8,4).
nocross(8,5).
nocross(8,6).
nocross(8,18).
nocross(9,1).
nocross(9,3).
nocross(9,4).
nocross(9,5).
nocross(9,19).
nocross(10,3).
nocross(10,4).
nocross(11,13).
nocross(12,4).
nocross(12,5).
nocross(12,7).
nocross(12,14).
nocross(12,19).
nocross(13,11).
nocross(14,5).
nocross(14,7).
nocross(14,13).
nocross(14,16).
nocross(14,24).
nocross(15,13).
nocross(15,22).
nocross(16,11).
nocross(16,13).
nocross(16,14).
nocross(16,15).
nocross(16,17).
nocross(17,4).
nocross(17,5).
nocross(17,10).
nocross(17,16).
nocross(17,19).
nocross(18,1).
nocross(18,5).
nocross(18,6).
nocross(18,20).
nocross(18,21).
nocross(18,23).
nocross(19,4).
nocross(19,21).
nocross(19,24).
nocross(20,1).
nocross(20,4).
nocross(20,5).
nocross(20,6).
nocross(20,8).
nocross(20,9).
nocross(20,18).
nocross(20,21).
nocross(21,4).
nocross(21,5).
nocross(21,11).
nocross(21,18).
nocross(21,19).
nocross(21,20).
nocross(22,3).
nocross(22,4).
nocross(22,10).
nocross(22,15).
nocross(22,19).
nocross(23,18).
nocross(23,21).
nocross(23,25).
nocross(24,14).
nocross(24,16).
nocross(24,17).
nocross(25,5).
nocross(25,14).
nocross(25,16).
nocross(25,24).
