dimension(25).
point(1, -7402.0, 386096.0).
point(2, 17260.0, -68703.0).
point(3, -47747.0, 229703.0).
point(4, 122334.0, 200512.0).
point(5, -58183.0, 115935.0).
point(6, -16815.0, -96391.0).
point(7, -254596.0, 116398.0).
point(8, -36175.0, 219529.0).
point(9, 70928.0, 125771.0).
point(10, -15539.0, 104949.0).
point(11, -184786.0, -263562.0).
point(12, -263100.0, -268297.0).
point(13, 39955.0, -50854.0).
point(14, 47851.0, -218827.0).
point(15, -115297.0, 114686.0).
point(16, 205319.0, -121933.0).
point(17, 264805.0, 159350.0).
point(18, 201552.0, -172847.0).
point(19, 69495.0, 251203.0).
point(20, -261513.0, 214499.0).
point(21, 47558.0, 308499.0).
point(22, -2792.0, 465260.0).
point(23, -138165.0, -164963.0).
point(24, -7760.0, 378085.0).
point(25, 14900.0, 81088.0).
cost(1, 2, 455467).
cost(1, 3, 161513).
cost(1, 4, 226435).
cost(1, 5, 274892).
cost(1, 6, 482579).
cost(1, 7, 365844).
cost(1, 8, 169034).
cost(1, 9, 271854).
cost(1, 10, 281265).
cost(1, 11, 673439).
cost(1, 12, 702575).
cost(1, 13, 439509).
cost(1, 14, 607441).
cost(1, 15, 292070).
cost(1, 16, 550766).
cost(1, 17, 354274).
cost(1, 18, 596724).
cost(1, 19, 155272).
cost(1, 20, 306623).
cost(1, 21, 95089).
cost(1, 22, 79298).
cost(1, 23, 566361).
cost(1, 24, 8019).
cost(1, 25, 305822).
cost(2, 1, 455467).
cost(2, 3, 305405).
cost(2, 4, 288994).
cost(2, 5, 199456).
cost(2, 6, 43906).
cost(2, 7, 328889).
cost(2, 8, 293143).
cost(2, 9, 201743).
cost(2, 10, 176722).
cost(2, 11, 280700).
cost(2, 12, 344150).
cost(2, 13, 28873).
cost(2, 14, 153209).
cost(2, 15, 226281).
cost(2, 16, 195447).
cost(2, 17, 336581).
cost(2, 18, 211683).
cost(2, 19, 324142).
cost(2, 20, 397389).
cost(2, 21, 378417).
cost(2, 22, 534339).
cost(2, 23, 182819).
cost(2, 24, 447488).
cost(2, 25, 149810).
cost(3, 1, 161513).
cost(3, 2, 305405).
cost(3, 4, 172568).
cost(3, 5, 114246).
cost(3, 6, 327558).
cost(3, 7, 235849).
cost(3, 8, 15408).
cost(3, 9, 157752).
cost(3, 10, 128845).
cost(3, 11, 511947).
cost(3, 12, 542569).
cost(3, 13, 293945).
cost(3, 14, 458605).
cost(3, 15, 133386).
cost(3, 16, 433232).
cost(3, 17, 320372).
cost(3, 18, 473494).
cost(3, 19, 119197).
cost(3, 20, 214306).
cost(3, 21, 123660).
cost(3, 22, 239808).
cost(3, 23, 404891).
cost(3, 24, 153676).
cost(3, 25, 161279).
cost(4, 1, 226435).
cost(4, 2, 288994).
cost(4, 3, 172568).
cost(4, 5, 199348).
cost(4, 6, 327893).
cost(4, 7, 386201).
cost(4, 8, 159646).
cost(4, 9, 90713).
cost(4, 10, 167754).
cost(4, 11, 556496).
cost(4, 12, 606911).
cost(4, 13, 264521).
cost(4, 14, 425902).
cost(4, 15, 252655).
cost(4, 16, 332952).
cost(4, 17, 148298).
cost(4, 18, 381671).
cost(4, 19, 73223).
cost(4, 20, 384102).
cost(4, 21, 131349).
cost(4, 22, 292828).
cost(4, 23, 448811).
cost(4, 24, 220129).
cost(4, 25, 160637).
cost(5, 1, 274892).
cost(5, 2, 199456).
cost(5, 3, 114246).
cost(5, 4, 199348).
cost(5, 6, 216318).
cost(5, 7, 196414).
cost(5, 8, 105906).
cost(5, 9, 129485).
cost(5, 10, 44036).
cost(5, 11, 400058).
cost(5, 12, 435460).
cost(5, 13, 193519).
cost(5, 14, 351154).
cost(5, 15, 57128).
cost(5, 16, 354985).
cost(5, 17, 325893).
cost(5, 18, 388404).
cost(5, 19, 186008).
cost(5, 20, 225960).
cost(5, 21, 219686).
cost(5, 22, 353689).
cost(5, 23, 292063).
cost(5, 24, 266955).
cost(5, 25, 80966).
cost(6, 1, 482579).
cost(6, 2, 43906).
cost(6, 3, 327558).
cost(6, 4, 327893).
cost(6, 5, 216318).
cost(6, 7, 319091).
cost(6, 8, 316513).
cost(6, 9, 238861).
cost(6, 10, 201344).
cost(6, 11, 236982).
cost(6, 12, 300346).
cost(6, 13, 72777).
cost(6, 14, 138464).
cost(6, 15, 232921).
cost(6, 16, 223598).
cost(6, 17, 380412).
cost(6, 18, 231365).
cost(6, 19, 358149).
cost(6, 20, 395638).
cost(6, 21, 409975).
cost(6, 22, 561826).
cost(6, 23, 139384).
cost(6, 24, 474562).
cost(6, 25, 180290).
cost(7, 1, 365844).
cost(7, 2, 328889).
cost(7, 3, 235849).
cost(7, 4, 386201).
cost(7, 5, 196414).
cost(7, 6, 319091).
cost(7, 8, 241544).
cost(7, 9, 325659).
cost(7, 10, 239331).
cost(7, 11, 386320).
cost(7, 12, 384789).
cost(7, 13, 338723).
cost(7, 14, 451497).
cost(7, 15, 139310).
cost(7, 16, 517999).
cost(7, 17, 521174).
cost(7, 18, 540124).
cost(7, 19, 351009).
cost(7, 20, 98345).
cost(7, 21, 358050).
cost(7, 22, 430244).
cost(7, 23, 304500).
cost(7, 24, 359733).
cost(7, 25, 271799).
cost(8, 1, 169034).
cost(8, 2, 293143).
cost(8, 3, 15408).
cost(8, 4, 159646).
cost(8, 5, 105906).
cost(8, 6, 316513).
cost(8, 7, 241544).
cost(8, 9, 142343).
cost(8, 10, 116423).
cost(8, 11, 505433).
cost(8, 12, 538023).
cost(8, 13, 280896).
cost(8, 14, 446337).
cost(8, 15, 131348).
cost(8, 16, 418229).
cost(8, 17, 306937).
cost(8, 18, 458773).
cost(8, 19, 110315).
cost(8, 20, 225394).
cost(8, 21, 122176).
cost(8, 22, 247988).
cost(8, 23, 397789).
cost(8, 24, 161082).
cost(8, 25, 147562).
cost(9, 1, 271854).
cost(9, 2, 201743).
cost(9, 3, 157752).
cost(9, 4, 90713).
cost(9, 5, 129485).
cost(9, 6, 238861).
cost(9, 7, 325659).
cost(9, 8, 142343).
cost(9, 10, 88939).
cost(9, 11, 465800).
cost(9, 12, 516589).
cost(9, 13, 179320).
cost(9, 14, 345370).
cost(9, 15, 186555).
cost(9, 16, 281812).
cost(9, 17, 196763).
cost(9, 18, 325938).
cost(9, 19, 125440).
cost(9, 20, 344078).
cost(9, 21, 184216).
cost(9, 22, 347401).
cost(9, 23, 358115).
cost(9, 24, 264299).
cost(9, 25, 71664).
cost(10, 1, 281265).
cost(10, 2, 176722).
cost(10, 3, 128845).
cost(10, 4, 167754).
cost(10, 5, 44036).
cost(10, 6, 201344).
cost(10, 7, 239331).
cost(10, 8, 116423).
cost(10, 9, 88939).
cost(10, 11, 405518).
cost(10, 12, 447883).
cost(10, 13, 165391).
cost(10, 14, 329923).
cost(10, 15, 100232).
cost(10, 16, 316629).
cost(10, 17, 285574).
cost(10, 18, 352561).
cost(10, 19, 169177).
cost(10, 20, 269266).
cost(10, 21, 213105).
cost(10, 22, 360536).
cost(10, 23, 296462).
cost(10, 24, 273247).
cost(10, 25, 38677).
cost(11, 1, 673439).
cost(11, 2, 280700).
cost(11, 3, 511947).
cost(11, 4, 556496).
cost(11, 5, 400058).
cost(11, 6, 236982).
cost(11, 7, 386320).
cost(11, 8, 505433).
cost(11, 9, 465800).
cost(11, 10, 405518).
cost(11, 12, 78457).
cost(11, 13, 309440).
cost(11, 14, 236899).
cost(11, 15, 384578).
cost(11, 16, 415019).
cost(11, 17, 617241).
cost(11, 18, 396845).
cost(11, 19, 574144).
cost(11, 20, 484179).
cost(11, 21, 617444).
cost(11, 22, 751201).
cost(11, 23, 109065).
cost(11, 24, 665619).
cost(11, 25, 398319).
cost(12, 1, 702575).
cost(12, 2, 344150).
cost(12, 3, 542569).
cost(12, 4, 606911).
cost(12, 5, 435460).
cost(12, 6, 300346).
cost(12, 7, 384789).
cost(12, 8, 538023).
cost(12, 9, 516589).
cost(12, 10, 447883).
cost(12, 11, 78457).
cost(12, 13, 372993).
cost(12, 14, 314862).
cost(12, 15, 410514).
cost(12, 16, 490753).
cost(12, 17, 679386).
cost(12, 18, 474354).
cost(12, 19, 616847).
cost(12, 20, 482799).
cost(12, 21, 655135).
cost(12, 22, 778374).
cost(12, 23, 162132).
cost(12, 24, 694988).
cost(12, 25, 446491).
cost(13, 1, 439509).
cost(13, 2, 28873).
cost(13, 3, 293945).
cost(13, 4, 264521).
cost(13, 5, 193519).
cost(13, 6, 72777).
cost(13, 7, 338723).
cost(13, 8, 280896).
cost(13, 9, 179320).
cost(13, 10, 165391).
cost(13, 11, 309440).
cost(13, 12, 372993).
cost(13, 14, 168158).
cost(13, 15, 226951).
cost(13, 16, 179993).
cost(13, 17, 307804).
cost(13, 18, 202474).
cost(13, 19, 303498).
cost(13, 20, 401616).
cost(13, 21, 359433).
cost(13, 22, 517881).
cost(13, 23, 211536).
cost(13, 24, 431585).
cost(13, 25, 134300).
cost(14, 1, 607441).
cost(14, 2, 153209).
cost(14, 3, 458605).
cost(14, 4, 425902).
cost(14, 5, 351154).
cost(14, 6, 138464).
cost(14, 7, 451497).
cost(14, 8, 446337).
cost(14, 9, 345370).
cost(14, 10, 329923).
cost(14, 11, 236899).
cost(14, 12, 314862).
cost(14, 13, 168158).
cost(14, 15, 371279).
cost(14, 16, 184891).
cost(14, 17, 435990).
cost(14, 18, 160431).
cost(14, 19, 470528).
cost(14, 20, 532426).
cost(14, 21, 527326).
cost(14, 22, 685959).
cost(14, 23, 193658).
cost(14, 24, 599497).
cost(14, 25, 301720).
cost(15, 1, 292070).
cost(15, 2, 226281).
cost(15, 3, 133386).
cost(15, 4, 252655).
cost(15, 5, 57128).
cost(15, 6, 232921).
cost(15, 7, 139310).
cost(15, 8, 131348).
cost(15, 9, 186555).
cost(15, 10, 100232).
cost(15, 11, 384578).
cost(15, 12, 410514).
cost(15, 13, 226951).
cost(15, 14, 371279).
cost(15, 16, 398476).
cost(15, 17, 382717).
cost(15, 18, 427865).
cost(15, 19, 229750).
cost(15, 20, 177036).
cost(15, 21, 253151).
cost(15, 22, 368184).
cost(15, 23, 280582).
cost(15, 24, 284505).
cost(15, 25, 134462).
cost(16, 1, 550766).
cost(16, 2, 195447).
cost(16, 3, 433232).
cost(16, 4, 332952).
cost(16, 5, 354985).
cost(16, 6, 223598).
cost(16, 7, 517999).
cost(16, 8, 418229).
cost(16, 9, 281812).
cost(16, 10, 316629).
cost(16, 11, 415019).
cost(16, 12, 490753).
cost(16, 13, 179993).
cost(16, 14, 184891).
cost(16, 15, 398476).
cost(16, 17, 287504).
cost(16, 18, 51053).
cost(16, 19, 397088).
cost(16, 20, 575429).
cost(16, 21, 458432).
cost(16, 22, 622981).
cost(16, 23, 346169).
cost(16, 24, 543526).
cost(16, 25, 278347).
cost(17, 1, 354274).
cost(17, 2, 336581).
cost(17, 3, 320372).
cost(17, 4, 148298).
cost(17, 5, 325893).
cost(17, 6, 380412).
cost(17, 7, 521174).
cost(17, 8, 306937).
cost(17, 9, 196763).
cost(17, 10, 285574).
cost(17, 11, 617241).
cost(17, 12, 679386).
cost(17, 13, 307804).
cost(17, 14, 435990).
cost(17, 15, 382717).
cost(17, 16, 287504).
cost(17, 18, 338165).
cost(17, 19, 215831).
cost(17, 20, 529199).
cost(17, 21, 263518).
cost(17, 22, 406435).
cost(17, 23, 517266).
cost(17, 24, 349481).
cost(17, 25, 261873).
cost(18, 1, 596724).
cost(18, 2, 211683).
cost(18, 3, 473494).
cost(18, 4, 381671).
cost(18, 5, 388404).
cost(18, 6, 231365).
cost(18, 7, 540124).
cost(18, 8, 458773).
cost(18, 9, 325938).
cost(18, 10, 352561).
cost(18, 11, 396845).
cost(18, 12, 474354).
cost(18, 13, 202474).
cost(18, 14, 160431).
cost(18, 15, 427865).
cost(18, 16, 51053).
cost(18, 17, 338165).
cost(18, 19, 444137).
cost(18, 20, 603710).
cost(18, 21, 505379).
cost(18, 22, 670028).
cost(18, 23, 339808).
cost(18, 24, 589354).
cost(18, 25, 315154).
cost(19, 1, 155272).
cost(19, 2, 324142).
cost(19, 3, 119197).
cost(19, 4, 73223).
cost(19, 5, 186008).
cost(19, 6, 358149).
cost(19, 7, 351009).
cost(19, 8, 110315).
cost(19, 9, 125440).
cost(19, 10, 169177).
cost(19, 11, 574144).
cost(19, 12, 616847).
cost(19, 13, 303498).
cost(19, 14, 470528).
cost(19, 15, 229750).
cost(19, 16, 397088).
cost(19, 17, 215831).
cost(19, 18, 444137).
cost(19, 20, 333037).
cost(19, 21, 61352).
cost(19, 22, 225933).
cost(19, 23, 465099).
cost(19, 24, 148551).
cost(19, 25, 178661).
cost(20, 1, 306623).
cost(20, 2, 397389).
cost(20, 3, 214306).
cost(20, 4, 384102).
cost(20, 5, 225960).
cost(20, 6, 395638).
cost(20, 7, 98345).
cost(20, 8, 225394).
cost(20, 9, 344078).
cost(20, 10, 269266).
cost(20, 11, 484179).
cost(20, 12, 482799).
cost(20, 13, 401616).
cost(20, 14, 532426).
cost(20, 15, 177036).
cost(20, 16, 575429).
cost(20, 17, 529199).
cost(20, 18, 603710).
cost(20, 19, 333037).
cost(20, 21, 323049).
cost(20, 22, 360302).
cost(20, 23, 399006).
cost(20, 24, 301912).
cost(20, 25, 306924).
cost(21, 1, 95089).
cost(21, 2, 378417).
cost(21, 3, 123660).
cost(21, 4, 131349).
cost(21, 5, 219686).
cost(21, 6, 409975).
cost(21, 7, 358050).
cost(21, 8, 122176).
cost(21, 9, 184216).
cost(21, 10, 213105).
cost(21, 11, 617444).
cost(21, 12, 655135).
cost(21, 13, 359433).
cost(21, 14, 527326).
cost(21, 15, 253151).
cost(21, 16, 458432).
cost(21, 17, 263518).
cost(21, 18, 505379).
cost(21, 19, 61352).
cost(21, 20, 323049).
cost(21, 22, 164649).
cost(21, 23, 508586).
cost(21, 24, 88895).
cost(21, 25, 229744).
cost(22, 1, 79298).
cost(22, 2, 534339).
cost(22, 3, 239808).
cost(22, 4, 292828).
cost(22, 5, 353689).
cost(22, 6, 561826).
cost(22, 7, 430244).
cost(22, 8, 247988).
cost(22, 9, 347401).
cost(22, 10, 360536).
cost(22, 11, 751201).
cost(22, 12, 778374).
cost(22, 13, 517881).
cost(22, 14, 685959).
cost(22, 15, 368184).
cost(22, 16, 622981).
cost(22, 17, 406435).
cost(22, 18, 670028).
cost(22, 19, 225933).
cost(22, 20, 360302).
cost(22, 21, 164649).
cost(22, 23, 644598).
cost(22, 24, 87316).
cost(22, 25, 384579).
cost(23, 1, 566361).
cost(23, 2, 182819).
cost(23, 3, 404891).
cost(23, 4, 448811).
cost(23, 5, 292063).
cost(23, 6, 139384).
cost(23, 7, 304500).
cost(23, 8, 397789).
cost(23, 9, 358115).
cost(23, 10, 296462).
cost(23, 11, 109065).
cost(23, 12, 162132).
cost(23, 13, 211536).
cost(23, 14, 193658).
cost(23, 15, 280582).
cost(23, 16, 346169).
cost(23, 17, 517266).
cost(23, 18, 339808).
cost(23, 19, 465099).
cost(23, 20, 399006).
cost(23, 21, 508586).
cost(23, 22, 644598).
cost(23, 24, 558486).
cost(23, 25, 289776).
cost(24, 1, 8019).
cost(24, 2, 447488).
cost(24, 3, 153676).
cost(24, 4, 220129).
cost(24, 5, 266955).
cost(24, 6, 474562).
cost(24, 7, 359733).
cost(24, 8, 161082).
cost(24, 9, 264299).
cost(24, 10, 273247).
cost(24, 11, 665619).
cost(24, 12, 694988).
cost(24, 13, 431585).
cost(24, 14, 599497).
cost(24, 15, 284505).
cost(24, 16, 543526).
cost(24, 17, 349481).
cost(24, 18, 589354).
cost(24, 19, 148551).
cost(24, 20, 301912).
cost(24, 21, 88895).
cost(24, 22, 87316).
cost(24, 23, 558486).
cost(24, 25, 297860).
cost(25, 1, 305822).
cost(25, 2, 149810).
cost(25, 3, 161279).
cost(25, 4, 160637).
cost(25, 5, 80966).
cost(25, 6, 180290).
cost(25, 7, 271799).
cost(25, 8, 147562).
cost(25, 9, 71664).
cost(25, 10, 38677).
cost(25, 11, 398319).
cost(25, 12, 446491).
cost(25, 13, 134300).
cost(25, 14, 301720).
cost(25, 15, 134462).
cost(25, 16, 278347).
cost(25, 17, 261873).
cost(25, 18, 315154).
cost(25, 19, 178661).
cost(25, 20, 306924).
cost(25, 21, 229744).
cost(25, 22, 384579).
cost(25, 23, 289776).
cost(25, 24, 297860).
nocross(1,7).
nocross(1,20).
nocross(1,21).
nocross(1,22).
nocross(1,24).
nocross(2,5).
nocross(2,6).
nocross(2,7).
nocross(2,10).
nocross(2,12).
nocross(2,13).
nocross(2,15).
nocross(2,23).
nocross(2,25).
nocross(3,5).
nocross(3,7).
nocross(3,10).
nocross(3,15).
nocross(3,20).
nocross(3,25).
nocross(4,5).
nocross(4,7).
nocross(4,10).
nocross(4,13).
nocross(4,17).
nocross(4,19).
nocross(4,20).
nocross(5,6).
nocross(5,10).
nocross(5,15).
nocross(5,20).
nocross(6,5).
nocross(6,7).
nocross(6,10).
nocross(6,12).
nocross(6,15).
nocross(6,23).
nocross(6,25).
nocross(7,12).
nocross(7,15).
nocross(7,20).
nocross(7,23).
nocross(8,5).
nocross(8,7).
nocross(8,9).
nocross(8,10).
nocross(8,15).
nocross(8,19).
nocross(8,20).
nocross(8,25).
nocross(9,7).
nocross(9,13).
nocross(9,16).
nocross(9,20).
nocross(10,5).
nocross(10,9).
nocross(10,13).
nocross(10,15).
nocross(10,25).
nocross(11,12).
nocross(11,13).
nocross(11,15).
nocross(11,23).
nocross(12,23).
nocross(13,5).
nocross(13,7).
nocross(13,9).
nocross(13,10).
nocross(13,15).
nocross(13,16).
nocross(13,23).
nocross(13,25).
nocross(14,2).
nocross(14,6).
nocross(14,11).
nocross(14,12).
nocross(14,13).
nocross(14,16).
nocross(14,18).
nocross(14,23).
nocross(15,5).
nocross(15,6).
nocross(15,7).
nocross(15,20).
nocross(15,25).
nocross(16,13).
nocross(17,4).
nocross(17,9).
nocross(17,13).
nocross(18,13).
nocross(18,14).
nocross(18,15).
nocross(18,16).
nocross(18,17).
nocross(18,25).
nocross(19,4).
nocross(19,5).
nocross(19,7).
nocross(19,9).
nocross(19,10).
nocross(19,21).
nocross(19,25).
nocross(20,7).
nocross(21,10).
nocross(21,20).
nocross(21,25).
nocross(22,1).
nocross(22,20).
nocross(22,21).
nocross(23,5).
nocross(23,6).
nocross(23,7).
nocross(23,10).
nocross(23,11).
nocross(23,12).
nocross(23,13).
nocross(23,15).
nocross(23,25).
nocross(24,1).
nocross(24,3).
nocross(24,19).
nocross(24,20).
nocross(24,21).
nocross(25,2).
nocross(25,5).
nocross(25,9).
nocross(25,10).
nocross(25,13).
nocross(25,15).
nocross(25,16).
