dimension(25).
point(1, -257503.0, -175249.0).
point(2, -17098.0, 457678.0).
point(3, 429768.0, -34003.0).
point(4, 229145.0, -83912.0).
point(5, -135326.0, -93923.0).
point(6, -236989.0, 85200.0).
point(7, -298891.0, -376021.0).
point(8, -40461.0, -42610.0).
point(9, 60472.0, -112274.0).
point(10, -273794.0, -273485.0).
point(11, -318900.0, 138164.0).
point(12, 216134.0, -64228.0).
point(13, 117778.0, 372569.0).
point(14, 133756.0, 92506.0).
point(15, 185367.0, 328010.0).
point(16, -22135.0, 169958.0).
point(17, -54190.0, -152379.0).
point(18, -114204.0, -10150.0).
point(19, -127422.0, 53820.0).
point(20, 72675.0, 139508.0).
point(21, 89641.0, 495098.0).
point(22, -343115.0, 146190.0).
point(23, -8079.0, 4338.0).
point(24, 275780.0, 228211.0).
point(25, 275435.0, -91294.0).
cost(1, 2, 677046).
cost(1, 3, 701635).
cost(1, 4, 495145).
cost(1, 5, 146769).
cost(1, 6, 261256).
cost(1, 7, 204994).
cost(1, 8, 254363).
cost(1, 9, 324151).
cost(1, 10, 99578).
cost(1, 11, 319370).
cost(1, 12, 486475).
cost(1, 13, 664033).
cost(1, 14, 474106).
cost(1, 15, 670376).
cost(1, 16, 417811).
cost(1, 17, 204595).
cost(1, 18, 218614).
cost(1, 19, 263427).
cost(1, 20, 456168).
cost(1, 21, 754900).
cost(1, 22, 332645).
cost(1, 23, 307350).
cost(1, 24, 668708).
cost(1, 25, 539510).
cost(2, 1, 677046).
cost(2, 3, 664409).
cost(2, 4, 594941).
cost(2, 5, 564129).
cost(2, 6, 432541).
cost(2, 7, 880035).
cost(2, 8, 500833).
cost(2, 9, 575206).
cost(2, 10, 774914).
cost(2, 11, 439515).
cost(2, 12, 571649).
cost(2, 13, 159484).
cost(2, 14, 395104).
cost(2, 15, 240429).
cost(2, 16, 287764).
cost(2, 17, 611184).
cost(2, 18, 477800).
cost(2, 19, 418656).
cost(2, 20, 330592).
cost(2, 21, 113108).
cost(2, 22, 450901).
cost(2, 23, 453430).
cost(2, 24, 372065).
cost(2, 25, 622050).
cost(3, 1, 701635).
cost(3, 2, 664409).
cost(3, 4, 206738).
cost(3, 5, 568262).
cost(3, 6, 677329).
cost(3, 7, 804935).
cost(3, 8, 470308).
cost(3, 9, 377500).
cost(3, 10, 743203).
cost(3, 11, 768209).
cost(3, 12, 215762).
cost(3, 13, 512483).
cost(3, 14, 321912).
cost(3, 15, 436790).
cost(3, 16, 495799).
cost(3, 17, 498225).
cost(3, 18, 544495).
cost(3, 19, 564069).
cost(3, 20, 397016).
cost(3, 21, 628995).
cost(3, 22, 793611).
cost(3, 23, 439522).
cost(3, 24, 304086).
cost(3, 25, 164624).
cost(4, 1, 495145).
cost(4, 2, 594941).
cost(4, 3, 206738).
cost(4, 5, 364608).
cost(4, 6, 495863).
cost(4, 7, 603448).
cost(4, 8, 272751).
cost(4, 9, 171041).
cost(4, 10, 537481).
cost(4, 11, 591330).
cost(4, 12, 23595).
cost(4, 13, 469870).
cost(4, 14, 200555).
cost(4, 15, 414242).
cost(4, 16, 357200).
cost(4, 17, 291490).
cost(4, 18, 351183).
cost(4, 19, 382244).
cost(4, 20, 272762).
cost(4, 21, 595579).
cost(4, 22, 616789).
cost(4, 23, 253107).
cost(4, 24, 315588).
cost(4, 25, 46875).
cost(5, 1, 146769).
cost(5, 2, 564129).
cost(5, 3, 568262).
cost(5, 4, 364608).
cost(5, 6, 205962).
cost(5, 7, 326087).
cost(5, 8, 107854).
cost(5, 9, 196656).
cost(5, 10, 226751).
cost(5, 11, 295912).
cost(5, 12, 352712).
cost(5, 13, 530732).
cost(5, 14, 327354).
cost(5, 15, 529973).
cost(5, 16, 287133).
cost(5, 17, 100001).
cost(5, 18, 86395).
cost(5, 19, 147954).
cost(5, 20, 312657).
cost(5, 21, 630520).
cost(5, 22, 317538).
cost(5, 23, 160770).
cost(5, 24, 522282).
cost(5, 25, 410769).
cost(6, 1, 261256).
cost(6, 2, 432541).
cost(6, 3, 677329).
cost(6, 4, 495863).
cost(6, 5, 205962).
cost(6, 7, 465356).
cost(6, 8, 234433).
cost(6, 9, 357042).
cost(6, 10, 360568).
cost(6, 11, 97543).
cost(6, 12, 477126).
cost(6, 13, 456553).
cost(6, 14, 370817).
cost(6, 15, 487177).
cost(6, 16, 230968).
cost(6, 17, 299765).
cost(6, 18, 155460).
cost(6, 19, 113972).
cost(6, 20, 314390).
cost(6, 21, 524122).
cost(6, 22, 122403).
cost(6, 23, 242772).
cost(6, 24, 532338).
cost(6, 25, 541967).
cost(7, 1, 204994).
cost(7, 2, 880035).
cost(7, 3, 804935).
cost(7, 4, 603448).
cost(7, 5, 326087).
cost(7, 6, 465356).
cost(7, 8, 421840).
cost(7, 9, 445763).
cost(7, 10, 105563).
cost(7, 11, 514574).
cost(7, 12, 602051).
cost(7, 13, 856738).
cost(7, 14, 637731).
cost(7, 15, 854497).
cost(7, 16, 612117).
cost(7, 17, 331503).
cost(7, 18, 409843).
cost(7, 19, 462780).
cost(7, 20, 635477).
cost(7, 21, 953837).
cost(7, 22, 524080).
cost(7, 23, 478795).
cost(7, 24, 833872).
cost(7, 25, 641030).
cost(8, 1, 254363).
cost(8, 2, 500833).
cost(8, 3, 470308).
cost(8, 4, 272751).
cost(8, 5, 107854).
cost(8, 6, 234433).
cost(8, 7, 421840).
cost(8, 9, 122640).
cost(8, 10, 328249).
cost(8, 11, 331975).
cost(8, 12, 257504).
cost(8, 13, 444312).
cost(8, 14, 220472).
cost(8, 15, 434002).
cost(8, 16, 213357).
cost(8, 17, 110624).
cost(8, 18, 80571).
cost(8, 19, 129850).
cost(8, 20, 214399).
cost(8, 21, 553224).
cost(8, 22, 356714).
cost(8, 23, 57033).
cost(8, 24, 416356).
cost(8, 25, 319625).
cost(9, 1, 324151).
cost(9, 2, 575206).
cost(9, 3, 377500).
cost(9, 4, 171041).
cost(9, 5, 196656).
cost(9, 6, 357042).
cost(9, 7, 445763).
cost(9, 8, 122640).
cost(9, 10, 371110).
cost(9, 11, 454579).
cost(9, 12, 162908).
cost(9, 13, 488218).
cost(9, 14, 217498).
cost(9, 15, 457656).
cost(9, 16, 294073).
cost(9, 17, 121473).
cost(9, 18, 202339).
cost(9, 19, 250782).
cost(9, 20, 252078).
cost(9, 21, 608072).
cost(9, 22, 479256).
cost(9, 23, 135269).
cost(9, 24, 402849).
cost(9, 25, 215984).
cost(10, 1, 99578).
cost(10, 2, 774914).
cost(10, 3, 743203).
cost(10, 4, 537481).
cost(10, 5, 226751).
cost(10, 6, 360568).
cost(10, 7, 105563).
cost(10, 8, 328249).
cost(10, 9, 371110).
cost(10, 11, 414113).
cost(10, 12, 532746).
cost(10, 13, 755456).
cost(10, 14, 547765).
cost(10, 15, 756720).
cost(10, 16, 509876).
cost(10, 17, 250784).
cost(10, 18, 307919).
cost(10, 19, 358543).
cost(10, 20, 539077).
cost(10, 21, 850179).
cost(10, 22, 425362).
cost(10, 23, 384435).
cost(10, 24, 744131).
cost(10, 25, 578659).
cost(11, 1, 319370).
cost(11, 2, 439515).
cost(11, 3, 768209).
cost(11, 4, 591330).
cost(11, 5, 295912).
cost(11, 6, 97543).
cost(11, 7, 514574).
cost(11, 8, 331975).
cost(11, 9, 454579).
cost(11, 10, 414113).
cost(11, 12, 572035).
cost(11, 13, 495614).
cost(11, 14, 454953).
cost(11, 15, 538820).
cost(11, 16, 298463).
cost(11, 17, 393048).
cost(11, 18, 252780).
cost(11, 19, 209231).
cost(11, 20, 391577).
cost(11, 21, 542501).
cost(11, 22, 25510).
cost(11, 23, 338407).
cost(11, 24, 601459).
cost(11, 25, 637091).
cost(12, 1, 486475).
cost(12, 2, 571649).
cost(12, 3, 215762).
cost(12, 4, 23595).
cost(12, 5, 352712).
cost(12, 6, 477126).
cost(12, 7, 602051).
cost(12, 8, 257504).
cost(12, 9, 162908).
cost(12, 10, 532746).
cost(12, 11, 572035).
cost(12, 13, 447734).
cost(12, 14, 177064).
cost(12, 15, 393443).
cost(12, 16, 334089).
cost(12, 17, 284334).
cost(12, 18, 334735).
cost(12, 19, 363271).
cost(12, 20, 249176).
cost(12, 21, 573451).
cost(12, 22, 597524).
cost(12, 23, 234463).
cost(12, 24, 298460).
cost(12, 25, 65186).
cost(13, 1, 664033).
cost(13, 2, 159484).
cost(13, 3, 512483).
cost(13, 4, 469870).
cost(13, 5, 530732).
cost(13, 6, 456553).
cost(13, 7, 856738).
cost(13, 8, 444312).
cost(13, 9, 488218).
cost(13, 10, 755456).
cost(13, 11, 495614).
cost(13, 12, 447734).
cost(13, 14, 280518).
cost(13, 15, 80955).
cost(13, 16, 246225).
cost(13, 17, 552398).
cost(13, 18, 447537).
cost(13, 19, 402149).
cost(13, 20, 237385).
cost(13, 21, 125718).
cost(13, 22, 513488).
cost(13, 23, 389145).
cost(13, 24, 214018).
cost(13, 25, 489923).
cost(14, 1, 474106).
cost(14, 2, 395104).
cost(14, 3, 321912).
cost(14, 4, 200555).
cost(14, 5, 327354).
cost(14, 6, 370817).
cost(14, 7, 637731).
cost(14, 8, 220472).
cost(14, 9, 217498).
cost(14, 10, 547765).
cost(14, 11, 454953).
cost(14, 12, 177064).
cost(14, 13, 280518).
cost(14, 15, 241093).
cost(14, 16, 174071).
cost(14, 17, 308695).
cost(14, 18, 268370).
cost(14, 19, 264028).
cost(14, 20, 77072).
cost(14, 21, 405002).
cost(14, 22, 479883).
cost(14, 23, 167005).
cost(14, 24, 196435).
cost(14, 25, 232068).
cost(15, 1, 670376).
cost(15, 2, 240429).
cost(15, 3, 436790).
cost(15, 4, 414242).
cost(15, 5, 529973).
cost(15, 6, 487177).
cost(15, 7, 854497).
cost(15, 8, 434002).
cost(15, 9, 457656).
cost(15, 10, 756720).
cost(15, 11, 538820).
cost(15, 12, 393443).
cost(15, 13, 80955).
cost(15, 14, 241093).
cost(15, 16, 260840).
cost(15, 17, 536806).
cost(15, 18, 451769).
cost(15, 19, 415953).
cost(15, 20, 219619).
cost(15, 21, 192567).
cost(15, 22, 558884).
cost(15, 23, 377074).
cost(15, 24, 134664).
cost(15, 25, 428868).
cost(16, 1, 417811).
cost(16, 2, 287764).
cost(16, 3, 495799).
cost(16, 4, 357200).
cost(16, 5, 287133).
cost(16, 6, 230968).
cost(16, 7, 612117).
cost(16, 8, 213357).
cost(16, 9, 294073).
cost(16, 10, 509876).
cost(16, 11, 298463).
cost(16, 12, 334089).
cost(16, 13, 246225).
cost(16, 14, 174071).
cost(16, 15, 260840).
cost(16, 17, 323927).
cost(16, 18, 202276).
cost(16, 19, 156759).
cost(16, 20, 99580).
cost(16, 21, 343817).
cost(16, 22, 321859).
cost(16, 23, 166215).
cost(16, 24, 303557).
cost(16, 25, 395980).
cost(17, 1, 204595).
cost(17, 2, 611184).
cost(17, 3, 498225).
cost(17, 4, 291490).
cost(17, 5, 100001).
cost(17, 6, 299765).
cost(17, 7, 331503).
cost(17, 8, 110624).
cost(17, 9, 121473).
cost(17, 10, 250784).
cost(17, 11, 393048).
cost(17, 12, 284334).
cost(17, 13, 552398).
cost(17, 14, 308695).
cost(17, 15, 536806).
cost(17, 16, 323927).
cost(17, 18, 154372).
cost(17, 19, 218817).
cost(17, 20, 318265).
cost(17, 21, 663260).
cost(17, 22, 415477).
cost(17, 23, 163360).
cost(17, 24, 503715).
cost(17, 25, 335237).
cost(18, 1, 218614).
cost(18, 2, 477800).
cost(18, 3, 544495).
cost(18, 4, 351183).
cost(18, 5, 86395).
cost(18, 6, 155460).
cost(18, 7, 409843).
cost(18, 8, 80571).
cost(18, 9, 202339).
cost(18, 10, 307919).
cost(18, 11, 252780).
cost(18, 12, 334735).
cost(18, 13, 447537).
cost(18, 14, 268370).
cost(18, 15, 451769).
cost(18, 16, 202276).
cost(18, 17, 154372).
cost(18, 19, 65321).
cost(18, 20, 239419).
cost(18, 21, 544820).
cost(18, 22, 277205).
cost(18, 23, 107109).
cost(18, 24, 457060).
cost(18, 25, 397999).
cost(19, 1, 263427).
cost(19, 2, 418656).
cost(19, 3, 564069).
cost(19, 4, 382244).
cost(19, 5, 147954).
cost(19, 6, 113972).
cost(19, 7, 462780).
cost(19, 8, 129850).
cost(19, 9, 250782).
cost(19, 10, 358543).
cost(19, 11, 209231).
cost(19, 12, 363271).
cost(19, 13, 402149).
cost(19, 14, 264028).
cost(19, 15, 415953).
cost(19, 16, 156759).
cost(19, 17, 218817).
cost(19, 18, 65321).
cost(19, 20, 217672).
cost(19, 21, 491775).
cost(19, 22, 234639).
cost(19, 23, 129195).
cost(19, 24, 439300).
cost(19, 25, 428196).
cost(20, 1, 456168).
cost(20, 2, 330592).
cost(20, 3, 397016).
cost(20, 4, 272762).
cost(20, 5, 312657).
cost(20, 6, 314390).
cost(20, 7, 635477).
cost(20, 8, 214399).
cost(20, 9, 252078).
cost(20, 10, 539077).
cost(20, 11, 391577).
cost(20, 12, 249176).
cost(20, 13, 237385).
cost(20, 14, 77072).
cost(20, 15, 219619).
cost(20, 16, 99580).
cost(20, 17, 318265).
cost(20, 18, 239419).
cost(20, 19, 217672).
cost(20, 21, 355995).
cost(20, 22, 415844).
cost(20, 23, 157455).
cost(20, 24, 221630).
cost(20, 25, 307215).
cost(21, 1, 754900).
cost(21, 2, 113108).
cost(21, 3, 628995).
cost(21, 4, 595579).
cost(21, 5, 630520).
cost(21, 6, 524122).
cost(21, 7, 953837).
cost(21, 8, 553224).
cost(21, 9, 608072).
cost(21, 10, 850179).
cost(21, 11, 542501).
cost(21, 12, 573451).
cost(21, 13, 125718).
cost(21, 14, 405002).
cost(21, 15, 192567).
cost(21, 16, 343817).
cost(21, 17, 663260).
cost(21, 18, 544820).
cost(21, 19, 491775).
cost(21, 20, 355995).
cost(21, 22, 555891).
cost(21, 23, 500394).
cost(21, 24, 325387).
cost(21, 25, 615122).
cost(22, 1, 332645).
cost(22, 2, 450901).
cost(22, 3, 793611).
cost(22, 4, 616789).
cost(22, 5, 317538).
cost(22, 6, 122403).
cost(22, 7, 524080).
cost(22, 8, 356714).
cost(22, 9, 479256).
cost(22, 10, 425362).
cost(22, 11, 25510).
cost(22, 12, 597524).
cost(22, 13, 513488).
cost(22, 14, 479883).
cost(22, 15, 558884).
cost(22, 16, 321859).
cost(22, 17, 415477).
cost(22, 18, 277205).
cost(22, 19, 234639).
cost(22, 20, 415844).
cost(22, 21, 555891).
cost(22, 23, 363828).
cost(22, 24, 624306).
cost(22, 25, 662573).
cost(23, 1, 307350).
cost(23, 2, 453430).
cost(23, 3, 439522).
cost(23, 4, 253107).
cost(23, 5, 160770).
cost(23, 6, 242772).
cost(23, 7, 478795).
cost(23, 8, 57033).
cost(23, 9, 135269).
cost(23, 10, 384435).
cost(23, 11, 338407).
cost(23, 12, 234463).
cost(23, 13, 389145).
cost(23, 14, 167005).
cost(23, 15, 377074).
cost(23, 16, 166215).
cost(23, 17, 163360).
cost(23, 18, 107109).
cost(23, 19, 129195).
cost(23, 20, 157455).
cost(23, 21, 500394).
cost(23, 22, 363828).
cost(23, 24, 361518).
cost(23, 25, 299208).
cost(24, 1, 668708).
cost(24, 2, 372065).
cost(24, 3, 304086).
cost(24, 4, 315588).
cost(24, 5, 522282).
cost(24, 6, 532338).
cost(24, 7, 833872).
cost(24, 8, 416356).
cost(24, 9, 402849).
cost(24, 10, 744131).
cost(24, 11, 601459).
cost(24, 12, 298460).
cost(24, 13, 214018).
cost(24, 14, 196435).
cost(24, 15, 134664).
cost(24, 16, 303557).
cost(24, 17, 503715).
cost(24, 18, 457060).
cost(24, 19, 439300).
cost(24, 20, 221630).
cost(24, 21, 325387).
cost(24, 22, 624306).
cost(24, 23, 361518).
cost(24, 25, 319505).
cost(25, 1, 539510).
cost(25, 2, 622050).
cost(25, 3, 164624).
cost(25, 4, 46875).
cost(25, 5, 410769).
cost(25, 6, 541967).
cost(25, 7, 641030).
cost(25, 8, 319625).
cost(25, 9, 215984).
cost(25, 10, 578659).
cost(25, 11, 637091).
cost(25, 12, 65186).
cost(25, 13, 489923).
cost(25, 14, 232068).
cost(25, 15, 428868).
cost(25, 16, 395980).
cost(25, 17, 335237).
cost(25, 18, 397999).
cost(25, 19, 428196).
cost(25, 20, 307215).
cost(25, 21, 615122).
cost(25, 22, 662573).
cost(25, 23, 299208).
cost(25, 24, 319505).
nocross(1,5).
nocross(1,11).
nocross(1,17).
nocross(1,19).
nocross(1,22).
nocross(2,11).
nocross(2,16).
nocross(2,20).
nocross(2,22).
nocross(2,24).
nocross(3,12).
nocross(3,24).
nocross(4,12).
nocross(4,23).
nocross(4,24).
nocross(5,6).
nocross(5,8).
nocross(5,10).
nocross(5,11).
nocross(5,18).
nocross(5,22).
nocross(5,23).
nocross(6,2).
nocross(6,11).
nocross(6,18).
nocross(6,19).
nocross(6,22).
nocross(6,23).
nocross(7,1).
nocross(7,11).
nocross(8,5).
nocross(8,11).
nocross(8,18).
nocross(8,19).
nocross(8,22).
nocross(8,23).
nocross(9,4).
nocross(9,5).
nocross(9,7).
nocross(9,8).
nocross(9,12).
nocross(9,18).
nocross(9,20).
nocross(9,23).
nocross(10,1).
nocross(10,7).
nocross(10,11).
nocross(10,22).
nocross(11,2).
nocross(11,6).
nocross(11,19).
nocross(11,22).
nocross(12,20).
nocross(12,23).
nocross(12,24).
nocross(13,2).
nocross(13,11).
nocross(13,15).
nocross(13,16).
nocross(13,20).
nocross(13,24).
nocross(14,2).
nocross(14,11).
nocross(14,12).
nocross(14,20).
nocross(14,22).
nocross(14,23).
nocross(14,24).
nocross(15,11).
nocross(15,20).
nocross(15,24).
nocross(16,2).
nocross(16,11).
nocross(16,18).
nocross(16,19).
nocross(16,20).
nocross(16,23).
nocross(17,1).
nocross(17,7).
nocross(17,8).
nocross(17,10).
nocross(17,11).
nocross(17,18).
nocross(17,22).
nocross(17,23).
nocross(18,1).
nocross(18,8).
nocross(18,16).
nocross(18,19).
nocross(18,20).
nocross(18,22).
nocross(18,23).
nocross(19,2).
nocross(19,6).
nocross(19,8).
nocross(19,11).
nocross(19,16).
nocross(19,18).
nocross(19,20).
nocross(19,22).
nocross(19,23).
nocross(20,2).
nocross(20,11).
nocross(20,16).
nocross(20,19).
nocross(20,22).
nocross(20,23).
nocross(20,24).
nocross(21,2).
nocross(21,13).
nocross(21,15).
nocross(22,11).
nocross(22,19).
nocross(23,11).
nocross(23,12).
nocross(23,16).
nocross(23,18).
nocross(23,19).
nocross(23,20).
nocross(24,2).
nocross(24,12).
nocross(24,15).
nocross(24,20).
nocross(25,4).
nocross(25,12).
