dimension(25).
point(1, -185635.0, 240782.0).
point(2, 241646.0, 98255.0).
point(3, -160281.0, 46587.0).
point(4, 643678.0, -45141.0).
point(5, -64008.0, 58592.0).
point(6, -70339.0, 239967.0).
point(7, 23893.0, 137017.0).
point(8, 135620.0, -54985.0).
point(9, 74602.0, 222519.0).
point(10, 23470.0, 225772.0).
point(11, -113761.0, -384198.0).
point(12, 160813.0, -299770.0).
point(13, -148230.0, -103156.0).
point(14, 163862.0, 233932.0).
point(15, -184698.0, -9922.0).
point(16, -12670.0, 102462.0).
point(17, 37192.0, 289471.0).
point(18, 86481.0, -432651.0).
point(19, 268223.0, -15248.0).
point(20, -32025.0, -8566.0).
point(21, 69219.0, -3448.0).
point(22, -32865.0, -13794.0).
point(23, -35903.0, 336572.0).
point(24, -80790.0, -226224.0).
point(25, -7513.0, 167662.0).
cost(1, 2, 450425).
cost(1, 3, 195843).
cost(1, 4, 877218).
cost(1, 5, 219058).
cost(1, 6, 115299).
cost(1, 7, 233814).
cost(1, 8, 436673).
cost(1, 9, 260877).
cost(1, 10, 209643).
cost(1, 11, 629099).
cost(1, 12, 642046).
cost(1, 13, 345966).
cost(1, 14, 349564).
cost(1, 15, 250706).
cost(1, 16, 221471).
cost(1, 17, 228084).
cost(1, 18, 726333).
cost(1, 19, 521094).
cost(1, 20, 292866).
cost(1, 21, 352986).
cost(1, 22, 296897).
cost(1, 23, 177751).
cost(1, 24, 478630).
cost(1, 25, 192546).
cost(2, 1, 450425).
cost(2, 3, 405234).
cost(2, 4, 426840).
cost(2, 5, 308217).
cost(2, 6, 342662).
cost(2, 7, 221176).
cost(2, 8, 186344).
cost(2, 9, 208195).
cost(2, 10, 252708).
cost(2, 11, 599229).
cost(2, 12, 406150).
cost(2, 13, 438828).
cost(2, 14, 156392).
cost(2, 15, 439854).
cost(2, 16, 254351).
cost(2, 17, 279937).
cost(2, 18, 553116).
cost(2, 19, 116573).
cost(2, 20, 293780).
cost(2, 21, 200186).
cost(2, 22, 296498).
cost(2, 23, 365826).
cost(2, 24, 457440).
cost(2, 25, 258646).
cost(3, 1, 195843).
cost(3, 2, 405234).
cost(3, 4, 809175).
cost(3, 5, 97019).
cost(3, 6, 213273).
cost(3, 7, 205177).
cost(3, 8, 312849).
cost(3, 9, 293466).
cost(3, 10, 256655).
cost(3, 11, 433290).
cost(3, 12, 472297).
cost(3, 13, 150227).
cost(3, 14, 374389).
cost(3, 15, 61559).
cost(3, 16, 157832).
cost(3, 17, 313031).
cost(3, 18, 539037).
cost(3, 19, 432943).
cost(3, 20, 139612).
cost(3, 21, 234891).
cost(3, 22, 140999).
cost(3, 23, 315533).
cost(3, 24, 284156).
cost(3, 25, 194929).
cost(4, 1, 877218).
cost(4, 2, 426840).
cost(4, 3, 809175).
cost(4, 5, 715248).
cost(4, 6, 768835).
cost(4, 7, 645999).
cost(4, 8, 508153).
cost(4, 9, 628879).
cost(4, 10, 676795).
cost(4, 11, 829864).
cost(4, 12, 545889).
cost(4, 13, 794030).
cost(4, 14, 555072).
cost(4, 15, 829124).
cost(4, 16, 672740).
cost(4, 17, 692669).
cost(4, 18, 678699).
cost(4, 19, 376643).
cost(4, 20, 676692).
cost(4, 21, 575970).
cost(4, 22, 677269).
cost(4, 23, 779445).
cost(4, 24, 746756).
cost(4, 25, 685080).
cost(5, 1, 219058).
cost(5, 2, 308217).
cost(5, 3, 97019).
cost(5, 4, 715248).
cost(5, 6, 181485).
cost(5, 7, 117801).
cost(5, 8, 229676).
cost(5, 9, 214674).
cost(5, 10, 188684).
cost(5, 11, 445576).
cost(5, 12, 423046).
cost(5, 13, 182362).
cost(5, 14, 287522).
cost(5, 15, 138781).
cost(5, 16, 67529).
cost(5, 17, 252084).
cost(5, 18, 513777).
cost(5, 19, 340338).
cost(5, 20, 74385).
cost(5, 21, 146964).
cost(5, 22, 78801).
cost(5, 23, 279397).
cost(5, 24, 285310).
cost(5, 25, 122833).
cost(6, 1, 115299).
cost(6, 2, 342662).
cost(6, 3, 213273).
cost(6, 4, 768835).
cost(6, 5, 181485).
cost(6, 7, 139565).
cost(6, 8, 359744).
cost(6, 9, 145987).
cost(6, 10, 94877).
cost(6, 11, 625674).
cost(6, 12, 587152).
cost(6, 13, 351853).
cost(6, 14, 234279).
cost(6, 15, 274814).
cost(6, 16, 149108).
cost(6, 17, 118379).
cost(6, 18, 690657).
cost(6, 19, 423980).
cost(6, 20, 251469).
cost(6, 21, 280584).
cost(6, 22, 256513).
cost(6, 23, 102559).
cost(6, 24, 466308).
cost(6, 25, 95787).
cost(7, 1, 233814).
cost(7, 2, 221176).
cost(7, 3, 205177).
cost(7, 4, 645999).
cost(7, 5, 117801).
cost(7, 6, 139565).
cost(7, 8, 222143).
cost(7, 9, 99408).
cost(7, 10, 88756).
cost(7, 11, 539086).
cost(7, 12, 457744).
cost(7, 13, 295482).
cost(7, 14, 170246).
cost(7, 15, 255150).
cost(7, 16, 50308).
cost(7, 17, 153033).
cost(7, 18, 573096).
cost(7, 19, 287892).
cost(7, 20, 155953).
cost(7, 21, 147597).
cost(7, 22, 161138).
cost(7, 23, 208321).
cost(7, 24, 378025).
cost(7, 25, 43880).
cost(8, 1, 436673).
cost(8, 2, 186344).
cost(8, 3, 312849).
cost(8, 4, 508153).
cost(8, 5, 229676).
cost(8, 6, 359744).
cost(8, 7, 222143).
cost(8, 9, 284133).
cost(8, 10, 302328).
cost(8, 11, 413004).
cost(8, 12, 246078).
cost(8, 13, 287908).
cost(8, 14, 290294).
cost(8, 15, 323472).
cost(8, 16, 216286).
cost(8, 17, 358243).
cost(8, 18, 380849).
cost(8, 19, 138429).
cost(8, 20, 173953).
cost(8, 21, 84054).
cost(8, 22, 173447).
cost(8, 23, 427478).
cost(8, 24, 275964).
cost(8, 25, 264686).
cost(9, 1, 260877).
cost(9, 2, 208195).
cost(9, 3, 293466).
cost(9, 4, 628879).
cost(9, 5, 214674).
cost(9, 6, 145987).
cost(9, 7, 99408).
cost(9, 8, 284133).
cost(9, 10, 51235).
cost(9, 11, 635284).
cost(9, 12, 529356).
cost(9, 13, 394612).
cost(9, 14, 89987).
cost(9, 15, 348232).
cost(9, 16, 148425).
cost(9, 17, 76695).
cost(9, 18, 655278).
cost(9, 19, 306630).
cost(9, 20, 254499).
cost(9, 21, 226031).
cost(9, 22, 259602).
cost(9, 23, 158806).
cost(9, 24, 474886).
cost(9, 25, 98753).
cost(10, 1, 209643).
cost(10, 2, 252708).
cost(10, 3, 256655).
cost(10, 4, 676795).
cost(10, 5, 188684).
cost(10, 6, 94877).
cost(10, 7, 88756).
cost(10, 8, 302328).
cost(10, 9, 51235).
cost(10, 11, 625217).
cost(10, 12, 543192).
cost(10, 13, 371045).
cost(10, 14, 140629).
cost(10, 15, 314461).
cost(10, 16, 128497).
cost(10, 17, 65160).
cost(10, 18, 661431).
cost(10, 19, 343504).
cost(10, 20, 240819).
cost(10, 21, 233741).
cost(10, 22, 246101).
cost(10, 23, 125705).
cost(10, 24, 463865).
cost(10, 25, 65854).
cost(11, 1, 629099).
cost(11, 2, 599229).
cost(11, 3, 433290).
cost(11, 4, 829864).
cost(11, 5, 445576).
cost(11, 6, 625674).
cost(11, 7, 539086).
cost(11, 8, 413004).
cost(11, 9, 635284).
cost(11, 10, 625217).
cost(11, 12, 287261).
cost(11, 13, 283148).
cost(11, 14, 677613).
cost(11, 15, 380939).
cost(11, 16, 497049).
cost(11, 17, 690374).
cost(11, 18, 206021).
cost(11, 19, 531071).
cost(11, 20, 384422).
cost(11, 21, 422436).
cost(11, 22, 379135).
cost(11, 23, 724963).
cost(11, 24, 161378).
cost(11, 25, 561995).
cost(12, 1, 642046).
cost(12, 2, 406150).
cost(12, 3, 472297).
cost(12, 4, 545889).
cost(12, 5, 423046).
cost(12, 6, 587152).
cost(12, 7, 457744).
cost(12, 8, 246078).
cost(12, 9, 529356).
cost(12, 10, 543192).
cost(12, 11, 287261).
cost(12, 13, 366285).
cost(12, 14, 533711).
cost(12, 15, 450987).
cost(12, 16, 438049).
cost(12, 17, 602069).
cost(12, 18, 152258).
cost(12, 19, 304121).
cost(12, 20, 349265).
cost(12, 21, 310155).
cost(12, 22, 345389).
cost(12, 23, 666054).
cost(12, 24, 252549).
cost(12, 25, 496816).
cost(13, 1, 345966).
cost(13, 2, 438828).
cost(13, 3, 150227).
cost(13, 4, 794030).
cost(13, 5, 182362).
cost(13, 6, 351853).
cost(13, 7, 295482).
cost(13, 8, 287908).
cost(13, 9, 394612).
cost(13, 10, 371045).
cost(13, 11, 283148).
cost(13, 12, 366285).
cost(13, 14, 459380).
cost(13, 15, 100112).
cost(13, 16, 246283).
cost(13, 17, 434209).
cost(13, 18, 404544).
cost(13, 19, 425630).
cost(13, 20, 149836).
cost(13, 21, 239219).
cost(13, 22, 145927).
cost(13, 23, 453848).
cost(13, 24, 140335).
cost(13, 25, 305194).
cost(14, 1, 349564).
cost(14, 2, 156392).
cost(14, 3, 374389).
cost(14, 4, 555072).
cost(14, 5, 287522).
cost(14, 6, 234279).
cost(14, 7, 170246).
cost(14, 8, 290294).
cost(14, 9, 89987).
cost(14, 10, 140629).
cost(14, 11, 677613).
cost(14, 12, 533711).
cost(14, 13, 459380).
cost(14, 15, 425393).
cost(14, 16, 220109).
cost(14, 17, 138311).
cost(14, 18, 671059).
cost(14, 19, 270152).
cost(14, 20, 311732).
cost(14, 21, 255551).
cost(14, 22, 316338).
cost(14, 23, 224591).
cost(14, 24, 521151).
cost(14, 25, 183742).
cost(15, 1, 250706).
cost(15, 2, 439854).
cost(15, 3, 61559).
cost(15, 4, 829124).
cost(15, 5, 138781).
cost(15, 6, 274814).
cost(15, 7, 255150).
cost(15, 8, 323472).
cost(15, 9, 348232).
cost(15, 10, 314461).
cost(15, 11, 380939).
cost(15, 12, 450987).
cost(15, 13, 100112).
cost(15, 14, 425393).
cost(15, 16, 205484).
cost(15, 17, 372654).
cost(15, 18, 502233).
cost(15, 19, 452952).
cost(15, 20, 152679).
cost(15, 21, 254000).
cost(15, 22, 151882).
cost(15, 23, 377092).
cost(15, 24, 239965).
cost(15, 25, 250860).
cost(16, 1, 221471).
cost(16, 2, 254351).
cost(16, 3, 157832).
cost(16, 4, 672740).
cost(16, 5, 67529).
cost(16, 6, 149108).
cost(16, 7, 50308).
cost(16, 8, 216286).
cost(16, 9, 148425).
cost(16, 10, 128497).
cost(16, 11, 497049).
cost(16, 12, 438049).
cost(16, 13, 246283).
cost(16, 14, 220109).
cost(16, 15, 205484).
cost(16, 17, 193542).
cost(16, 18, 544221).
cost(16, 19, 304560).
cost(16, 20, 112702).
cost(16, 21, 133876).
cost(16, 22, 117997).
cost(16, 23, 235260).
cost(16, 24, 335671).
cost(16, 25, 65404).
cost(17, 1, 228084).
cost(17, 2, 279937).
cost(17, 3, 313031).
cost(17, 4, 692669).
cost(17, 5, 252084).
cost(17, 6, 118379).
cost(17, 7, 153033).
cost(17, 8, 358243).
cost(17, 9, 76695).
cost(17, 10, 65160).
cost(17, 11, 690374).
cost(17, 12, 602069).
cost(17, 13, 434209).
cost(17, 14, 138311).
cost(17, 15, 372654).
cost(17, 16, 193542).
cost(17, 18, 723802).
cost(17, 19, 382399).
cost(17, 20, 305969).
cost(17, 21, 294665).
cost(17, 22, 311252).
cost(17, 23, 86956).
cost(17, 24, 529019).
cost(17, 25, 129753).
cost(18, 1, 726333).
cost(18, 2, 553116).
cost(18, 3, 539037).
cost(18, 4, 678699).
cost(18, 5, 513777).
cost(18, 6, 690657).
cost(18, 7, 573096).
cost(18, 8, 380849).
cost(18, 9, 655278).
cost(18, 10, 661431).
cost(18, 11, 206021).
cost(18, 12, 152258).
cost(18, 13, 404544).
cost(18, 14, 671059).
cost(18, 15, 502233).
cost(18, 16, 544221).
cost(18, 17, 723802).
cost(18, 19, 455253).
cost(18, 20, 440331).
cost(18, 21, 429550).
cost(18, 22, 435528).
cost(18, 23, 778898).
cost(18, 24, 265691).
cost(18, 25, 607627).
cost(19, 1, 521094).
cost(19, 2, 116573).
cost(19, 3, 432943).
cost(19, 4, 376643).
cost(19, 5, 340338).
cost(19, 6, 423980).
cost(19, 7, 287892).
cost(19, 8, 138429).
cost(19, 9, 306630).
cost(19, 10, 343504).
cost(19, 11, 531071).
cost(19, 12, 304121).
cost(19, 13, 425630).
cost(19, 14, 270152).
cost(19, 15, 452952).
cost(19, 16, 304560).
cost(19, 17, 382399).
cost(19, 18, 455253).
cost(19, 20, 300322).
cost(19, 21, 199354).
cost(19, 22, 301092).
cost(19, 23, 465048).
cost(19, 24, 407825).
cost(19, 25, 330887).
cost(20, 1, 292866).
cost(20, 2, 293780).
cost(20, 3, 139612).
cost(20, 4, 676692).
cost(20, 5, 74385).
cost(20, 6, 251469).
cost(20, 7, 155953).
cost(20, 8, 173953).
cost(20, 9, 254499).
cost(20, 10, 240819).
cost(20, 11, 384422).
cost(20, 12, 349265).
cost(20, 13, 149836).
cost(20, 14, 311732).
cost(20, 15, 152679).
cost(20, 16, 112702).
cost(20, 17, 305969).
cost(20, 18, 440331).
cost(20, 19, 300322).
cost(20, 21, 101373).
cost(20, 22, 5295).
cost(20, 23, 345160).
cost(20, 24, 223054).
cost(20, 25, 177925).
cost(21, 1, 352986).
cost(21, 2, 200186).
cost(21, 3, 234891).
cost(21, 4, 575970).
cost(21, 5, 146964).
cost(21, 6, 280584).
cost(21, 7, 147597).
cost(21, 8, 84054).
cost(21, 9, 226031).
cost(21, 10, 233741).
cost(21, 11, 422436).
cost(21, 12, 310155).
cost(21, 13, 239219).
cost(21, 14, 255551).
cost(21, 15, 254000).
cost(21, 16, 133876).
cost(21, 17, 294665).
cost(21, 18, 429550).
cost(21, 19, 199354).
cost(21, 20, 101373).
cost(21, 22, 102607).
cost(21, 23, 355899).
cost(21, 24, 268574).
cost(21, 25, 187527).
cost(22, 1, 296897).
cost(22, 2, 296498).
cost(22, 3, 140999).
cost(22, 4, 677269).
cost(22, 5, 78801).
cost(22, 6, 256513).
cost(22, 7, 161138).
cost(22, 8, 173447).
cost(22, 9, 259602).
cost(22, 10, 246101).
cost(22, 11, 379135).
cost(22, 12, 345389).
cost(22, 13, 145927).
cost(22, 14, 316338).
cost(22, 15, 151882).
cost(22, 16, 117997).
cost(22, 17, 311252).
cost(22, 18, 435528).
cost(22, 19, 301092).
cost(22, 20, 5295).
cost(22, 21, 102607).
cost(22, 23, 350379).
cost(22, 24, 217769).
cost(22, 25, 183218).
cost(23, 1, 177751).
cost(23, 2, 365826).
cost(23, 3, 315533).
cost(23, 4, 779445).
cost(23, 5, 279397).
cost(23, 6, 102559).
cost(23, 7, 208321).
cost(23, 8, 427478).
cost(23, 9, 158806).
cost(23, 10, 125705).
cost(23, 11, 724963).
cost(23, 12, 666054).
cost(23, 13, 453848).
cost(23, 14, 224591).
cost(23, 15, 377092).
cost(23, 16, 235260).
cost(23, 17, 86956).
cost(23, 18, 778898).
cost(23, 19, 465048).
cost(23, 20, 345160).
cost(23, 21, 355899).
cost(23, 22, 350379).
cost(23, 24, 564583).
cost(23, 25, 171279).
cost(24, 1, 478630).
cost(24, 2, 457440).
cost(24, 3, 284156).
cost(24, 4, 746756).
cost(24, 5, 285310).
cost(24, 6, 466308).
cost(24, 7, 378025).
cost(24, 8, 275964).
cost(24, 9, 474886).
cost(24, 10, 463865).
cost(24, 11, 161378).
cost(24, 12, 252549).
cost(24, 13, 140335).
cost(24, 14, 521151).
cost(24, 15, 239965).
cost(24, 16, 335671).
cost(24, 17, 529019).
cost(24, 18, 265691).
cost(24, 19, 407825).
cost(24, 20, 223054).
cost(24, 21, 268574).
cost(24, 22, 217769).
cost(24, 23, 564583).
cost(24, 25, 400644).
cost(25, 1, 192546).
cost(25, 2, 258646).
cost(25, 3, 194929).
cost(25, 4, 685080).
cost(25, 5, 122833).
cost(25, 6, 95787).
cost(25, 7, 43880).
cost(25, 8, 264686).
cost(25, 9, 98753).
cost(25, 10, 65854).
cost(25, 11, 561995).
cost(25, 12, 496816).
cost(25, 13, 305194).
cost(25, 14, 183742).
cost(25, 15, 250860).
cost(25, 16, 65404).
cost(25, 17, 129753).
cost(25, 18, 607627).
cost(25, 19, 330887).
cost(25, 20, 177925).
cost(25, 21, 187527).
cost(25, 22, 183218).
cost(25, 23, 171279).
cost(25, 24, 400644).
nocross(1,3).
nocross(1,5).
nocross(1,15).
nocross(1,23).
nocross(2,4).
nocross(2,8).
nocross(2,14).
nocross(2,19).
nocross(2,20).
nocross(2,21).
nocross(2,22).
nocross(3,5).
nocross(3,7).
nocross(3,13).
nocross(3,15).
nocross(3,20).
nocross(3,22).
nocross(3,23).
nocross(3,25).
nocross(4,2).
nocross(4,8).
nocross(4,14).
nocross(4,19).
nocross(5,3).
nocross(5,15).
nocross(5,20).
nocross(5,22).
nocross(5,25).
nocross(6,3).
nocross(6,7).
nocross(6,10).
nocross(6,14).
nocross(6,16).
nocross(6,17).
nocross(6,20).
nocross(6,23).
nocross(6,25).
nocross(7,3).
nocross(7,9).
nocross(7,10).
nocross(7,20).
nocross(7,22).
nocross(7,25).
nocross(8,4).
nocross(8,12).
nocross(8,19).
nocross(8,20).
nocross(8,21).
nocross(8,22).
nocross(9,7).
nocross(9,10).
nocross(9,14).
nocross(9,17).
nocross(9,22).
nocross(9,23).
nocross(9,25).
nocross(10,3).
nocross(10,7).
nocross(10,17).
nocross(10,22).
nocross(10,25).
nocross(11,13).
nocross(11,20).
nocross(11,22).
nocross(11,24).
nocross(12,8).
nocross(12,11).
nocross(12,15).
nocross(12,18).
nocross(12,20).
nocross(12,21).
nocross(13,3).
nocross(13,15).
nocross(13,18).
nocross(13,20).
nocross(13,22).
nocross(13,24).
nocross(14,9).
nocross(14,17).
nocross(14,22).
nocross(15,3).
nocross(15,13).
nocross(15,20).
nocross(15,22).
nocross(16,3).
nocross(16,7).
nocross(16,20).
nocross(16,21).
nocross(16,25).
nocross(17,9).
nocross(17,10).
nocross(17,14).
nocross(17,23).
nocross(17,25).
nocross(18,8).
nocross(18,12).
nocross(18,21).
nocross(19,2).
nocross(19,8).
nocross(19,12).
nocross(19,20).
nocross(19,22).
nocross(20,3).
nocross(20,5).
nocross(20,7).
nocross(20,15).
nocross(20,18).
nocross(20,21).
nocross(20,22).
nocross(21,5).
nocross(21,7).
nocross(21,8).
nocross(21,9).
nocross(21,10).
nocross(21,11).
nocross(21,18).
nocross(21,20).
nocross(21,22).
nocross(22,3).
nocross(22,8).
nocross(22,13).
nocross(22,15).
nocross(22,18).
nocross(22,20).
nocross(22,21).
nocross(22,24).
nocross(23,6).
nocross(23,10).
nocross(23,25).
nocross(24,3).
nocross(24,4).
nocross(24,8).
nocross(24,13).
nocross(24,15).
nocross(24,18).
nocross(24,20).
nocross(24,21).
nocross(24,22).
nocross(25,3).
nocross(25,7).
nocross(25,10).
nocross(25,16).
nocross(25,20).
nocross(25,23).
