dimension(25).
point(1, 124648.0, -29116.0).
point(2, 51726.0, 45549.0).
point(3, -71800.0, 78152.0).
point(4, 209045.0, 11337.0).
point(5, 330253.0, 46276.0).
point(6, 239134.0, 267385.0).
point(7, 418796.0, -227957.0).
point(8, -105601.0, -29871.0).
point(9, 344666.0, -91119.0).
point(10, 71451.0, -145897.0).
point(11, 75409.0, 11503.0).
point(12, 77948.0, -3131.0).
point(13, -288948.0, -241585.0).
point(14, -138220.0, -79840.0).
point(15, -20548.0, -91201.0).
point(16, 6626.0, -227466.0).
point(17, -266578.0, -125601.0).
point(18, -164385.0, -47876.0).
point(19, -103645.0, 111541.0).
point(20, -177043.0, 41550.0).
point(21, 194560.0, 151531.0).
point(22, 159064.0, -135514.0).
point(23, -56854.0, -115815.0).
point(24, -83548.0, -88747.0).
point(25, -24516.0, 404961.0).
cost(1, 2, 104367).
cost(1, 3, 223826).
cost(1, 4, 93591).
cost(1, 5, 218992).
cost(1, 6, 317836).
cost(1, 7, 355050).
cost(1, 8, 230250).
cost(1, 9, 228588).
cost(1, 10, 128327).
cost(1, 11, 63831).
cost(1, 12, 53443).
cost(1, 13, 464978).
cost(1, 14, 267717).
cost(1, 15, 157913).
cost(1, 16, 230807).
cost(1, 17, 402948).
cost(1, 18, 289641).
cost(1, 19, 268146).
cost(1, 20, 309857).
cost(1, 21, 193703).
cost(1, 22, 111826).
cost(1, 23, 201146).
cost(1, 24, 216567).
cost(1, 25, 458991).
cost(2, 1, 104367).
cost(2, 3, 127756).
cost(2, 4, 160996).
cost(2, 5, 278528).
cost(2, 6, 290401).
cost(2, 7, 457762).
cost(2, 8, 174471).
cost(2, 9, 323252).
cost(2, 10, 192459).
cost(2, 11, 41473).
cost(2, 12, 55293).
cost(2, 13, 445539).
cost(2, 14, 227600).
cost(2, 15, 154674).
cost(2, 16, 276715).
cost(2, 17, 361400).
cost(2, 18, 235440).
cost(2, 19, 168805).
cost(2, 20, 228804).
cost(2, 21, 177859).
cost(2, 22, 210488).
cost(2, 23, 194494).
cost(2, 24, 190616).
cost(2, 25, 367410).
cost(3, 1, 223826).
cost(3, 2, 127756).
cost(3, 4, 288683).
cost(3, 5, 403315).
cost(3, 6, 363990).
cost(3, 7, 578262).
cost(3, 8, 113188).
cost(3, 9, 449552).
cost(3, 10, 265930).
cost(3, 11, 161594).
cost(3, 12, 170386).
cost(3, 13, 386504).
cost(3, 14, 171386).
cost(3, 15, 176938).
cost(3, 16, 315520).
cost(3, 17, 281875).
cost(3, 18, 156381).
cost(3, 19, 46140).
cost(3, 20, 111426).
cost(3, 21, 276283).
cost(3, 22, 314565).
cost(3, 23, 194542).
cost(3, 24, 167312).
cost(3, 25, 330212).
cost(4, 1, 93591).
cost(4, 2, 160996).
cost(4, 3, 288683).
cost(4, 5, 126143).
cost(4, 6, 257810).
cost(4, 7, 318209).
cost(4, 8, 317333).
cost(4, 9, 169971).
cost(4, 10, 208937).
cost(4, 11, 133636).
cost(4, 12, 131893).
cost(4, 13, 558540).
cost(4, 14, 359035).
cost(4, 15, 251450).
cost(4, 16, 313050).
cost(4, 17, 494944).
cost(4, 18, 378095).
cost(4, 19, 328353).
cost(4, 20, 387268).
cost(4, 21, 140940).
cost(4, 22, 155124).
cost(4, 23, 294737).
cost(4, 24, 309237).
cost(4, 25, 457701).
cost(5, 1, 218992).
cost(5, 2, 278528).
cost(5, 3, 403315).
cost(5, 4, 126143).
cost(5, 6, 239148).
cost(5, 7, 288173).
cost(5, 8, 442456).
cost(5, 9, 138149).
cost(5, 10, 322349).
cost(5, 11, 257205).
cost(5, 12, 257097).
cost(5, 13, 682842).
cost(5, 14, 485152).
cost(5, 15, 376777).
cost(5, 16, 423874).
cost(5, 17, 621087).
cost(5, 18, 503519).
cost(5, 19, 438779).
cost(5, 20, 507318).
cost(5, 21, 171730).
cost(5, 22, 249706).
cost(5, 23, 419673).
cost(5, 24, 435273).
cost(5, 25, 504496).
cost(6, 1, 317836).
cost(6, 2, 290401).
cost(6, 3, 363990).
cost(6, 4, 257810).
cost(6, 5, 239148).
cost(6, 7, 526918).
cost(6, 8, 455196).
cost(6, 9, 373714).
cost(6, 10, 446004).
cost(6, 11, 303779).
cost(6, 12, 314897).
cost(6, 13, 733431).
cost(6, 14, 512797).
cost(6, 15, 442740).
cost(6, 16, 546752).
cost(6, 17, 640455).
cost(6, 18, 512071).
cost(6, 19, 376543).
cost(6, 20, 473503).
cost(6, 21, 124133).
cost(6, 22, 410778).
cost(6, 23, 484202).
cost(6, 24, 480576).
cost(6, 25, 297386).
cost(7, 1, 355050).
cost(7, 2, 457762).
cost(7, 3, 578262).
cost(7, 4, 318209).
cost(7, 5, 288173).
cost(7, 6, 526918).
cost(7, 8, 560562).
cost(7, 9, 155627).
cost(7, 10, 356907).
cost(7, 11, 418636).
cost(7, 12, 408319).
cost(7, 13, 707875).
cost(7, 14, 576373).
cost(7, 15, 460136).
cost(7, 16, 412170).
cost(7, 17, 692975).
cost(7, 18, 610352).
cost(7, 19, 623060).
cost(7, 20, 653956).
cost(7, 21, 440787).
cost(7, 22, 275693).
cost(7, 23, 488691).
cost(7, 24, 521276).
cost(7, 25, 772729).
cost(8, 1, 230250).
cost(8, 2, 174471).
cost(8, 3, 113188).
cost(8, 4, 317333).
cost(8, 5, 442456).
cost(8, 6, 455196).
cost(8, 7, 560562).
cost(8, 9, 454414).
cost(8, 10, 211682).
cost(8, 11, 185678).
cost(8, 12, 185487).
cost(8, 13, 280070).
cost(8, 14, 59673).
cost(8, 15, 104859).
cost(8, 16, 227241).
cost(8, 17, 187291).
cost(8, 18, 61480).
cost(8, 19, 141426).
cost(8, 20, 101019).
cost(8, 21, 350718).
cost(8, 22, 284970).
cost(8, 23, 98806).
cost(8, 24, 62871).
cost(8, 25, 442328).
cost(9, 1, 228588).
cost(9, 2, 323252).
cost(9, 3, 449552).
cost(9, 4, 169971).
cost(9, 5, 138149).
cost(9, 6, 373714).
cost(9, 7, 155627).
cost(9, 8, 454414).
cost(9, 10, 278652).
cost(9, 11, 288150).
cost(9, 12, 280857).
cost(9, 13, 651235).
cost(9, 14, 483018).
cost(9, 15, 365214).
cost(9, 16, 364502).
cost(9, 17, 612216).
cost(9, 18, 510884).
cost(9, 19, 491990).
cost(9, 20, 538313).
cost(9, 21, 285326).
cost(9, 22, 190838).
cost(9, 23, 402279).
cost(9, 24, 428221).
cost(9, 25, 618377).
cost(10, 1, 128327).
cost(10, 2, 192459).
cost(10, 3, 265930).
cost(10, 4, 208937).
cost(10, 5, 322349).
cost(10, 6, 446004).
cost(10, 7, 356907).
cost(10, 8, 211682).
cost(10, 9, 278652).
cost(10, 11, 157450).
cost(10, 12, 142914).
cost(10, 13, 372886).
cost(10, 14, 219831).
cost(10, 15, 107030).
cost(10, 16, 104191).
cost(10, 17, 338638).
cost(10, 18, 255395).
cost(10, 19, 311341).
cost(10, 20, 311265).
cost(10, 21, 321899).
cost(10, 22, 88226).
cost(10, 23, 131784).
cost(10, 24, 165199).
cost(10, 25, 559155).
cost(11, 1, 63831).
cost(11, 2, 41473).
cost(11, 3, 161594).
cost(11, 4, 133636).
cost(11, 5, 257205).
cost(11, 6, 303779).
cost(11, 7, 418636).
cost(11, 8, 185678).
cost(11, 9, 288150).
cost(11, 10, 157450).
cost(11, 12, 14853).
cost(11, 13, 443632).
cost(11, 14, 232338).
cost(11, 15, 140556).
cost(11, 16, 248671).
cost(11, 17, 368446).
cost(11, 18, 247036).
cost(11, 19, 205105).
cost(11, 20, 254234).
cost(11, 21, 183861).
cost(11, 22, 169151).
cost(11, 23, 183585).
cost(11, 24, 187929).
cost(11, 25, 405949).
cost(12, 1, 53443).
cost(12, 2, 55293).
cost(12, 3, 170386).
cost(12, 4, 131893).
cost(12, 5, 257097).
cost(12, 6, 314897).
cost(12, 7, 408319).
cost(12, 8, 185487).
cost(12, 9, 280857).
cost(12, 10, 142914).
cost(12, 11, 14853).
cost(12, 13, 437576).
cost(12, 14, 229375).
cost(12, 15, 132128).
cost(12, 16, 235400).
cost(12, 17, 365646).
cost(12, 18, 246429).
cost(12, 19, 214769).
cost(12, 20, 258876).
cost(12, 21, 193697).
cost(12, 22, 155258).
cost(12, 23, 175697).
cost(12, 24, 182787).
cost(12, 25, 420759).
cost(13, 1, 464978).
cost(13, 2, 445539).
cost(13, 3, 386504).
cost(13, 4, 558540).
cost(13, 5, 682842).
cost(13, 6, 733431).
cost(13, 7, 707875).
cost(13, 8, 280070).
cost(13, 9, 651235).
cost(13, 10, 372886).
cost(13, 11, 443632).
cost(13, 12, 437576).
cost(13, 14, 221089).
cost(13, 15, 307659).
cost(13, 16, 295911).
cost(13, 17, 118122).
cost(13, 18, 230302).
cost(13, 19, 398792).
cost(13, 20, 304447).
cost(13, 21, 623153).
cost(13, 22, 460397).
cost(13, 23, 263981).
cost(13, 24, 256025).
cost(13, 25, 698531).
cost(14, 1, 267717).
cost(14, 2, 227600).
cost(14, 3, 171386).
cost(14, 4, 359035).
cost(14, 5, 485152).
cost(14, 6, 512797).
cost(14, 7, 576373).
cost(14, 8, 59673).
cost(14, 9, 483018).
cost(14, 10, 219831).
cost(14, 11, 232338).
cost(14, 12, 229375).
cost(14, 13, 221089).
cost(14, 15, 118219).
cost(14, 16, 206818).
cost(14, 17, 136271).
cost(14, 18, 41307).
cost(14, 19, 194479).
cost(14, 20, 127447).
cost(14, 21, 405309).
cost(14, 22, 302452).
cost(14, 23, 88964).
cost(14, 24, 55393).
cost(14, 25, 497956).
cost(15, 1, 157913).
cost(15, 2, 154674).
cost(15, 3, 176938).
cost(15, 4, 251450).
cost(15, 5, 376777).
cost(15, 6, 442740).
cost(15, 7, 460136).
cost(15, 8, 104859).
cost(15, 9, 365214).
cost(15, 10, 107030).
cost(15, 11, 140556).
cost(15, 12, 132128).
cost(15, 13, 307659).
cost(15, 14, 118219).
cost(15, 16, 138948).
cost(15, 17, 248423).
cost(15, 18, 150220).
cost(15, 19, 219111).
cost(15, 20, 205216).
cost(15, 21, 324331).
cost(15, 22, 184998).
cost(15, 23, 43863).
cost(15, 24, 63048).
cost(15, 25, 496178).
cost(16, 1, 230807).
cost(16, 2, 276715).
cost(16, 3, 315520).
cost(16, 4, 313050).
cost(16, 5, 423874).
cost(16, 6, 546752).
cost(16, 7, 412170).
cost(16, 8, 227241).
cost(16, 9, 364502).
cost(16, 10, 104191).
cost(16, 11, 248671).
cost(16, 12, 235400).
cost(16, 13, 295911).
cost(16, 14, 206818).
cost(16, 15, 138948).
cost(16, 17, 291577).
cost(16, 18, 247987).
cost(16, 19, 356490).
cost(16, 20, 325736).
cost(16, 21, 423034).
cost(16, 22, 178024).
cost(16, 23, 128435).
cost(16, 24, 165452).
cost(16, 25, 633193).
cost(17, 1, 402948).
cost(17, 2, 361400).
cost(17, 3, 281875).
cost(17, 4, 494944).
cost(17, 5, 621087).
cost(17, 6, 640455).
cost(17, 7, 692975).
cost(17, 8, 187291).
cost(17, 9, 612216).
cost(17, 10, 338638).
cost(17, 11, 368446).
cost(17, 12, 365646).
cost(17, 13, 118122).
cost(17, 14, 136271).
cost(17, 15, 248423).
cost(17, 16, 291577).
cost(17, 18, 128392).
cost(17, 19, 287721).
cost(17, 20, 189621).
cost(17, 21, 538006).
cost(17, 22, 425757).
cost(17, 23, 209952).
cost(17, 24, 186704).
cost(17, 25, 583172).
cost(18, 1, 289641).
cost(18, 2, 235440).
cost(18, 3, 156381).
cost(18, 4, 378095).
cost(18, 5, 503519).
cost(18, 6, 512071).
cost(18, 7, 610352).
cost(18, 8, 61480).
cost(18, 9, 510884).
cost(18, 10, 255395).
cost(18, 11, 247036).
cost(18, 12, 246429).
cost(18, 13, 230302).
cost(18, 14, 41307).
cost(18, 15, 150220).
cost(18, 16, 247987).
cost(18, 17, 128392).
cost(18, 19, 170596).
cost(18, 20, 90317).
cost(18, 21, 410615).
cost(18, 22, 335111).
cost(18, 23, 127195).
cost(18, 24, 90582).
cost(18, 25, 473946).
cost(19, 1, 268146).
cost(19, 2, 168805).
cost(19, 3, 46140).
cost(19, 4, 328353).
cost(19, 5, 438779).
cost(19, 6, 376543).
cost(19, 7, 623060).
cost(19, 8, 141426).
cost(19, 9, 491990).
cost(19, 10, 311341).
cost(19, 11, 205105).
cost(19, 12, 214769).
cost(19, 13, 398792).
cost(19, 14, 194479).
cost(19, 15, 219111).
cost(19, 16, 356490).
cost(19, 17, 287721).
cost(19, 18, 170596).
cost(19, 20, 101420).
cost(19, 21, 300874).
cost(19, 22, 360627).
cost(19, 23, 232121).
cost(19, 24, 201294).
cost(19, 25, 303902).
cost(20, 1, 309857).
cost(20, 2, 228804).
cost(20, 3, 111426).
cost(20, 4, 387268).
cost(20, 5, 507318).
cost(20, 6, 473503).
cost(20, 7, 653956).
cost(20, 8, 101019).
cost(20, 9, 538313).
cost(20, 10, 311265).
cost(20, 11, 254234).
cost(20, 12, 258876).
cost(20, 13, 304447).
cost(20, 14, 127447).
cost(20, 15, 205216).
cost(20, 16, 325736).
cost(20, 17, 189621).
cost(20, 18, 90317).
cost(20, 19, 101420).
cost(20, 21, 387537).
cost(20, 22, 379894).
cost(20, 23, 198013).
cost(20, 24, 160370).
cost(20, 25, 394122).
cost(21, 1, 193703).
cost(21, 2, 177859).
cost(21, 3, 276283).
cost(21, 4, 140940).
cost(21, 5, 171730).
cost(21, 6, 124133).
cost(21, 7, 440787).
cost(21, 8, 350718).
cost(21, 9, 285326).
cost(21, 10, 321899).
cost(21, 11, 183861).
cost(21, 12, 193697).
cost(21, 13, 623153).
cost(21, 14, 405309).
cost(21, 15, 324331).
cost(21, 16, 423034).
cost(21, 17, 538006).
cost(21, 18, 410615).
cost(21, 19, 300874).
cost(21, 20, 387537).
cost(21, 22, 289231).
cost(21, 23, 366992).
cost(21, 24, 367529).
cost(21, 25, 334994).
cost(22, 1, 111826).
cost(22, 2, 210488).
cost(22, 3, 314565).
cost(22, 4, 155124).
cost(22, 5, 249706).
cost(22, 6, 410778).
cost(22, 7, 275693).
cost(22, 8, 284970).
cost(22, 9, 190838).
cost(22, 10, 88226).
cost(22, 11, 169151).
cost(22, 12, 155258).
cost(22, 13, 460397).
cost(22, 14, 302452).
cost(22, 15, 184998).
cost(22, 16, 178024).
cost(22, 17, 425757).
cost(22, 18, 335111).
cost(22, 19, 360627).
cost(22, 20, 379894).
cost(22, 21, 289231).
cost(22, 23, 216815).
cost(22, 24, 247078).
cost(22, 25, 570802).
cost(23, 1, 201146).
cost(23, 2, 194494).
cost(23, 3, 194542).
cost(23, 4, 294737).
cost(23, 5, 419673).
cost(23, 6, 484202).
cost(23, 7, 488691).
cost(23, 8, 98806).
cost(23, 9, 402279).
cost(23, 10, 131784).
cost(23, 11, 183585).
cost(23, 12, 175697).
cost(23, 13, 263981).
cost(23, 14, 88964).
cost(23, 15, 43863).
cost(23, 16, 128435).
cost(23, 17, 209952).
cost(23, 18, 127195).
cost(23, 19, 232121).
cost(23, 20, 198013).
cost(23, 21, 366992).
cost(23, 22, 216815).
cost(23, 24, 38016).
cost(23, 25, 521779).
cost(24, 1, 216567).
cost(24, 2, 190616).
cost(24, 3, 167312).
cost(24, 4, 309237).
cost(24, 5, 435273).
cost(24, 6, 480576).
cost(24, 7, 521276).
cost(24, 8, 62871).
cost(24, 9, 428221).
cost(24, 10, 165199).
cost(24, 11, 187929).
cost(24, 12, 182787).
cost(24, 13, 256025).
cost(24, 14, 55393).
cost(24, 15, 63048).
cost(24, 16, 165452).
cost(24, 17, 186704).
cost(24, 18, 90582).
cost(24, 19, 201294).
cost(24, 20, 160370).
cost(24, 21, 367529).
cost(24, 22, 247078).
cost(24, 23, 38016).
cost(24, 25, 497225).
cost(25, 1, 458991).
cost(25, 2, 367410).
cost(25, 3, 330212).
cost(25, 4, 457701).
cost(25, 5, 504496).
cost(25, 6, 297386).
cost(25, 7, 772729).
cost(25, 8, 442328).
cost(25, 9, 618377).
cost(25, 10, 559155).
cost(25, 11, 405949).
cost(25, 12, 420759).
cost(25, 13, 698531).
cost(25, 14, 497956).
cost(25, 15, 496178).
cost(25, 16, 633193).
cost(25, 17, 583172).
cost(25, 18, 473946).
cost(25, 19, 303902).
cost(25, 20, 394122).
cost(25, 21, 334994).
cost(25, 22, 570802).
cost(25, 23, 521779).
cost(25, 24, 497225).
nocross(1,4).
nocross(1,9).
nocross(1,10).
nocross(1,11).
nocross(1,12).
nocross(1,22).
nocross(2,1).
nocross(2,11).
nocross(2,12).
nocross(2,15).
nocross(3,2).
nocross(3,11).
nocross(3,12).
nocross(3,15).
nocross(3,18).
nocross(3,19).
nocross(4,1).
nocross(4,2).
nocross(4,9).
nocross(4,10).
nocross(4,11).
nocross(4,12).
nocross(4,21).
nocross(4,22).
nocross(5,1).
nocross(5,4).
nocross(5,9).
nocross(5,11).
nocross(5,21).
nocross(5,22).
nocross(6,11).
nocross(6,25).
nocross(7,9).
nocross(7,22).
nocross(8,2).
nocross(8,11).
nocross(8,12).
nocross(8,14).
nocross(8,15).
nocross(8,18).
nocross(8,20).
nocross(9,1).
nocross(9,2).
nocross(9,4).
nocross(9,5).
nocross(9,7).
nocross(9,11).
nocross(9,12).
nocross(9,22).
nocross(10,1).
nocross(10,2).
nocross(10,9).
nocross(10,11).
nocross(10,12).
nocross(10,15).
nocross(10,16).
nocross(10,23).
nocross(11,1).
nocross(11,2).
nocross(11,4).
nocross(11,9).
nocross(11,12).
nocross(11,15).
nocross(11,18).
nocross(11,24).
nocross(12,1).
nocross(12,2).
nocross(12,10).
nocross(12,11).
nocross(12,15).
nocross(12,18).
nocross(12,24).
nocross(14,8).
nocross(14,11).
nocross(14,17).
nocross(14,18).
nocross(14,20).
nocross(14,23).
nocross(14,24).
nocross(15,11).
nocross(15,12).
nocross(15,13).
nocross(15,18).
nocross(15,23).
nocross(15,24).
nocross(16,7).
nocross(16,10).
nocross(16,11).
nocross(16,12).
nocross(16,13).
nocross(16,14).
nocross(16,15).
nocross(16,22).
nocross(16,23).
nocross(17,13).
nocross(17,14).
nocross(17,16).
nocross(17,18).
nocross(17,19).
nocross(17,23).
nocross(17,24).
nocross(18,8).
nocross(18,11).
nocross(18,12).
nocross(18,14).
nocross(18,15).
nocross(18,19).
nocross(18,20).
nocross(19,2).
nocross(19,3).
nocross(19,11).
nocross(19,15).
nocross(19,18).
nocross(19,20).
nocross(20,2).
nocross(20,3).
nocross(20,8).
nocross(20,11).
nocross(20,12).
nocross(20,14).
nocross(20,17).
nocross(20,18).
nocross(20,19).
nocross(21,1).
nocross(21,2).
nocross(21,4).
nocross(21,5).
nocross(21,9).
nocross(21,11).
nocross(21,15).
nocross(21,19).
nocross(21,25).
nocross(22,1).
nocross(22,4).
nocross(22,5).
nocross(22,7).
nocross(22,9).
nocross(22,10).
nocross(22,11).
nocross(22,12).
nocross(22,15).
nocross(22,16).
nocross(22,23).
nocross(23,11).
nocross(23,13).
nocross(23,15).
nocross(23,16).
nocross(23,24).
nocross(24,11).
nocross(24,13).
nocross(24,14).
nocross(24,15).
nocross(24,18).
nocross(24,23).
nocross(25,2).
nocross(25,11).
nocross(25,19).
nocross(25,21).
