dimension(25).
point(1, -87358.0, 117626.0).
point(2, -234669.0, -13436.0).
point(3, -69441.0, -192919.0).
point(4, 39945.0, 88020.0).
point(5, -328156.0, -256147.0).
point(6, 87949.0, -199916.0).
point(7, 235845.0, -196899.0).
point(8, -157935.0, 197638.0).
point(9, -32952.0, 47020.0).
point(10, -390237.0, -147681.0).
point(11, -164098.0, -221741.0).
point(12, -160609.0, -67833.0).
point(13, 15383.0, -471272.0).
point(14, -127472.0, 115201.0).
point(15, -36113.0, 55456.0).
point(16, -295224.0, 233466.0).
point(17, 483940.0, 152402.0).
point(18, -52039.0, 252637.0).
point(19, -8432.0, 251595.0).
point(20, 189580.0, 116185.0).
point(21, 186238.0, -229397.0).
point(22, -253896.0, -152906.0).
point(23, 226676.0, -217800.0).
point(24, 55830.0, 348020.0).
point(25, -232919.0, 92403.0).
cost(1, 2, 197174).
cost(1, 3, 311061).
cost(1, 4, 130700).
cost(1, 5, 444623).
cost(1, 6, 362720).
cost(1, 7, 450984).
cost(1, 8, 106691).
cost(1, 9, 89136).
cost(1, 10, 402646).
cost(1, 11, 347935).
cost(1, 12, 199401).
cost(1, 13, 597793).
cost(1, 14, 40187).
cost(1, 15, 80568).
cost(1, 16, 237965).
cost(1, 17, 572355).
cost(1, 18, 139554).
cost(1, 19, 155490).
cost(1, 20, 276942).
cost(1, 21, 441905).
cost(1, 22, 317683).
cost(1, 23, 459487).
cost(1, 24, 271264).
cost(1, 25, 147730).
cost(2, 1, 197174).
cost(2, 3, 243956).
cost(2, 4, 292756).
cost(2, 5, 260093).
cost(2, 6, 372635).
cost(2, 7, 505017).
cost(2, 8, 224589).
cost(2, 9, 210582).
cost(2, 10, 205483).
cost(2, 11, 219935).
cost(2, 12, 91891).
cost(2, 13, 521670).
cost(2, 14, 167448).
cost(2, 15, 210168).
cost(2, 16, 254219).
cost(2, 17, 737497).
cost(2, 18, 322721).
cost(2, 19, 348460).
cost(2, 20, 443609).
cost(2, 21, 473077).
cost(2, 22, 140789).
cost(2, 23, 504583).
cost(2, 24, 463724).
cost(2, 25, 105853).
cost(3, 1, 311061).
cost(3, 2, 243956).
cost(3, 4, 301483).
cost(3, 5, 266329).
cost(3, 6, 157545).
cost(3, 7, 305312).
cost(3, 8, 400457).
cost(3, 9, 242698).
cost(3, 10, 323970).
cost(3, 11, 98948).
cost(3, 12, 154784).
cost(3, 13, 290991).
cost(3, 14, 313537).
cost(3, 15, 250601).
cost(3, 16, 482475).
cost(3, 17, 652286).
cost(3, 18, 445896).
cost(3, 19, 448681).
cost(3, 20, 403283).
cost(3, 21, 258268).
cost(3, 22, 188745).
cost(3, 23, 297160).
cost(3, 24, 555255).
cost(3, 25, 328837).
cost(4, 1, 130700).
cost(4, 2, 292756).
cost(4, 3, 301483).
cost(4, 5, 503934).
cost(4, 6, 291910).
cost(4, 7, 345768).
cost(4, 8, 226214).
cost(4, 9, 83636).
cost(4, 10, 490522).
cost(4, 11, 370925).
cost(4, 12, 253992).
cost(4, 13, 559831).
cost(4, 14, 169609).
cost(4, 15, 82736).
cost(4, 16, 365367).
cost(4, 17, 448639).
cost(4, 18, 188573).
cost(4, 19, 170579).
cost(4, 20, 152263).
cost(4, 21, 349507).
cost(4, 22, 379984).
cost(4, 23, 358322).
cost(4, 24, 260485).
cost(4, 25, 272899).
cost(5, 1, 444623).
cost(5, 2, 260093).
cost(5, 3, 266329).
cost(5, 4, 503934).
cost(5, 6, 419887).
cost(5, 7, 567104).
cost(5, 8, 484661).
cost(5, 9, 423150).
cost(5, 10, 124976).
cost(5, 11, 167627).
cost(5, 12, 252060).
cost(5, 13, 405337).
cost(5, 14, 422106).
cost(5, 15, 427066).
cost(5, 16, 490719).
cost(5, 17, 909072).
cost(5, 18, 578880).
cost(5, 19, 600021).
cost(5, 20, 637716).
cost(5, 21, 515089).
cost(5, 22, 127174).
cost(5, 23, 556156).
cost(5, 24, 715865).
cost(5, 25, 361327).
cost(6, 1, 362720).
cost(6, 2, 372635).
cost(6, 3, 157545).
cost(6, 4, 291910).
cost(6, 5, 419887).
cost(6, 7, 147927).
cost(6, 8, 467449).
cost(6, 9, 274944).
cost(6, 10, 481031).
cost(6, 11, 252990).
cost(6, 12, 281473).
cost(6, 13, 280891).
cost(6, 14, 381713).
cost(6, 15, 283912).
cost(6, 16, 578482).
cost(6, 17, 530035).
cost(6, 18, 473710).
cost(6, 19, 461683).
cost(6, 20, 332037).
cost(6, 21, 102615).
cost(6, 22, 345062).
cost(6, 23, 139875).
cost(6, 24, 548877).
cost(6, 25, 434058).
cost(7, 1, 450984).
cost(7, 2, 505017).
cost(7, 3, 305312).
cost(7, 4, 345768).
cost(7, 5, 567104).
cost(7, 6, 147927).
cost(7, 8, 557425).
cost(7, 9, 362971).
cost(7, 10, 628014).
cost(7, 11, 400714).
cost(7, 12, 416934).
cost(7, 13, 351972).
cost(7, 14, 478963).
cost(7, 15, 371004).
cost(7, 16, 683556).
cost(7, 17, 428442).
cost(7, 18, 533816).
cost(7, 19, 510704).
cost(7, 20, 316484).
cost(7, 21, 59304).
cost(7, 22, 491713).
cost(7, 23, 22824).
cost(7, 24, 573883).
cost(7, 25, 550850).
cost(8, 1, 106691).
cost(8, 2, 224589).
cost(8, 3, 400457).
cost(8, 4, 226214).
cost(8, 5, 484661).
cost(8, 6, 467449).
cost(8, 7, 557425).
cost(8, 9, 195721).
cost(8, 10, 416184).
cost(8, 11, 419424).
cost(8, 12, 265484).
cost(8, 13, 690999).
cost(8, 14, 87885).
cost(8, 15, 187233).
cost(8, 16, 141887).
cost(8, 17, 643467).
cost(8, 18, 119327).
cost(8, 19, 158942).
cost(8, 20, 356933).
cost(8, 21, 548465).
cost(8, 22, 363441).
cost(8, 23, 566140).
cost(8, 24, 261362).
cost(8, 25, 129217).
cost(9, 1, 89136).
cost(9, 2, 210582).
cost(9, 3, 242698).
cost(9, 4, 83636).
cost(9, 5, 423150).
cost(9, 6, 274944).
cost(9, 7, 362971).
cost(9, 8, 195721).
cost(9, 10, 406892).
cost(9, 11, 299051).
cost(9, 12, 171719).
cost(9, 13, 520541).
cost(9, 14, 116545).
cost(9, 15, 9009).
cost(9, 16, 321790).
cost(9, 17, 527525).
cost(9, 18, 206501).
cost(9, 19, 206039).
cost(9, 20, 233033).
cost(9, 21, 352776).
cost(9, 22, 297971).
cost(9, 23, 370859).
cost(9, 24, 313820).
cost(9, 25, 205052).
cost(10, 1, 402646).
cost(10, 2, 205483).
cost(10, 3, 323970).
cost(10, 4, 490522).
cost(10, 5, 124976).
cost(10, 6, 481031).
cost(10, 7, 628014).
cost(10, 8, 416184).
cost(10, 9, 406892).
cost(10, 11, 237957).
cost(10, 12, 243115).
cost(10, 13, 518882).
cost(10, 14, 371689).
cost(10, 15, 408250).
cost(10, 16, 392811).
cost(10, 17, 924248).
cost(10, 18, 524054).
cost(10, 19, 552446).
cost(10, 20, 637035).
cost(10, 21, 582238).
cost(10, 22, 136441).
cost(10, 23, 620885).
cost(10, 24, 666855).
cost(10, 25, 287035).
cost(11, 1, 347935).
cost(11, 2, 219935).
cost(11, 3, 98948).
cost(11, 4, 370925).
cost(11, 5, 167627).
cost(11, 6, 252990).
cost(11, 7, 400714).
cost(11, 8, 419424).
cost(11, 9, 299051).
cost(11, 10, 237957).
cost(11, 12, 153948).
cost(11, 13, 307375).
cost(11, 14, 338927).
cost(11, 15, 305317).
cost(11, 16, 473717).
cost(11, 17, 748289).
cost(11, 18, 487434).
cost(11, 19, 498276).
cost(11, 20, 489165).
cost(11, 21, 350420).
cost(11, 22, 113146).
cost(11, 23, 390794).
cost(11, 24, 610734).
cost(11, 25, 321594).
cost(12, 1, 199401).
cost(12, 2, 91891).
cost(12, 3, 154784).
cost(12, 4, 253992).
cost(12, 5, 252060).
cost(12, 6, 281473).
cost(12, 7, 416934).
cost(12, 8, 265484).
cost(12, 9, 171719).
cost(12, 10, 243115).
cost(12, 11, 153948).
cost(12, 13, 440155).
cost(12, 14, 186009).
cost(12, 15, 175213).
cost(12, 16, 330003).
cost(12, 17, 681136).
cost(12, 18, 338361).
cost(12, 19, 353825).
cost(12, 20, 395594).
cost(12, 21, 382630).
cost(12, 22, 126253).
cost(12, 23, 415307).
cost(12, 24, 468807).
cost(12, 25, 175796).
cost(13, 1, 597793).
cost(13, 2, 521670).
cost(13, 3, 290991).
cost(13, 4, 559831).
cost(13, 5, 405337).
cost(13, 6, 280891).
cost(13, 7, 351972).
cost(13, 8, 690999).
cost(13, 9, 520541).
cost(13, 10, 518882).
cost(13, 11, 307375).
cost(13, 12, 440155).
cost(13, 14, 603621).
cost(13, 15, 529239).
cost(13, 16, 770151).
cost(13, 17, 780074).
cost(13, 18, 727042).
cost(13, 19, 723259).
cost(13, 20, 612740).
cost(13, 21, 296133).
cost(13, 22, 416975).
cost(13, 23, 329989).
cost(13, 24, 820290).
cost(13, 25, 615941).
cost(14, 1, 40187).
cost(14, 2, 167448).
cost(14, 3, 313537).
cost(14, 4, 169609).
cost(14, 5, 422106).
cost(14, 6, 381713).
cost(14, 7, 478963).
cost(14, 8, 87885).
cost(14, 9, 116545).
cost(14, 10, 371689).
cost(14, 11, 338927).
cost(14, 12, 186009).
cost(14, 13, 603621).
cost(14, 15, 109160).
cost(14, 16, 205249).
cost(14, 17, 612543).
cost(14, 18, 156776).
cost(14, 19, 181035).
cost(14, 20, 317054).
cost(14, 21, 466006).
cost(14, 22, 296419).
cost(14, 23, 486118).
cost(14, 24, 296318).
cost(14, 25, 107883).
cost(15, 1, 80568).
cost(15, 2, 210168).
cost(15, 3, 250601).
cost(15, 4, 82736).
cost(15, 5, 427066).
cost(15, 6, 283912).
cost(15, 7, 371004).
cost(15, 8, 187233).
cost(15, 9, 9009).
cost(15, 10, 408250).
cost(15, 11, 305317).
cost(15, 12, 175213).
cost(15, 13, 529239).
cost(15, 14, 109160).
cost(15, 16, 314366).
cost(15, 17, 529012).
cost(15, 18, 197823).
cost(15, 19, 198083).
cost(15, 20, 233721).
cost(15, 21, 361360).
cost(15, 22, 301404).
cost(15, 23, 379113).
cost(15, 24, 306671).
cost(15, 25, 200244).
cost(16, 1, 237965).
cost(16, 2, 254219).
cost(16, 3, 482475).
cost(16, 4, 365367).
cost(16, 5, 490719).
cost(16, 6, 578482).
cost(16, 7, 683556).
cost(16, 8, 141887).
cost(16, 9, 321790).
cost(16, 10, 392811).
cost(16, 11, 473717).
cost(16, 12, 330003).
cost(16, 13, 770151).
cost(16, 14, 205249).
cost(16, 15, 314366).
cost(16, 17, 783370).
cost(16, 18, 243939).
cost(16, 19, 287364).
cost(16, 20, 498788).
cost(16, 21, 667868).
cost(16, 22, 388576).
cost(16, 23, 689942).
cost(16, 24, 369272).
cost(16, 25, 154210).
cost(17, 1, 572355).
cost(17, 2, 737497).
cost(17, 3, 652286).
cost(17, 4, 448639).
cost(17, 5, 909072).
cost(17, 6, 530035).
cost(17, 7, 428442).
cost(17, 8, 643467).
cost(17, 9, 527525).
cost(17, 10, 924248).
cost(17, 11, 748289).
cost(17, 12, 681136).
cost(17, 13, 780074).
cost(17, 14, 612543).
cost(17, 15, 529012).
cost(17, 16, 783370).
cost(17, 18, 545271).
cost(17, 19, 502264).
cost(17, 20, 296580).
cost(17, 21, 484146).
cost(17, 22, 798508).
cost(17, 23, 450815).
cost(17, 24, 470685).
cost(17, 25, 719365).
cost(18, 1, 139554).
cost(18, 2, 322721).
cost(18, 3, 445896).
cost(18, 4, 188573).
cost(18, 5, 578880).
cost(18, 6, 473710).
cost(18, 7, 533816).
cost(18, 8, 119327).
cost(18, 9, 206501).
cost(18, 10, 524054).
cost(18, 11, 487434).
cost(18, 12, 338361).
cost(18, 13, 727042).
cost(18, 14, 156776).
cost(18, 15, 197823).
cost(18, 16, 243939).
cost(18, 17, 545271).
cost(18, 19, 43619).
cost(18, 20, 277487).
cost(18, 21, 537711).
cost(18, 22, 453003).
cost(18, 23, 546803).
cost(18, 24, 143992).
cost(18, 25, 241645).
cost(19, 1, 155490).
cost(19, 2, 348460).
cost(19, 3, 448681).
cost(19, 4, 170579).
cost(19, 5, 600021).
cost(19, 6, 461683).
cost(19, 7, 510704).
cost(19, 8, 158942).
cost(19, 9, 206039).
cost(19, 10, 552446).
cost(19, 11, 498276).
cost(19, 12, 353825).
cost(19, 13, 723259).
cost(19, 14, 181035).
cost(19, 15, 198083).
cost(19, 16, 287364).
cost(19, 17, 502264).
cost(19, 18, 43619).
cost(19, 20, 239885).
cost(19, 21, 518893).
cost(19, 22, 473153).
cost(19, 23, 524983).
cost(19, 24, 115877).
cost(19, 25, 275203).
cost(20, 1, 276942).
cost(20, 2, 443609).
cost(20, 3, 403283).
cost(20, 4, 152263).
cost(20, 5, 637716).
cost(20, 6, 332037).
cost(20, 7, 316484).
cost(20, 8, 356933).
cost(20, 9, 233033).
cost(20, 10, 637035).
cost(20, 11, 489165).
cost(20, 12, 395594).
cost(20, 13, 612740).
cost(20, 14, 317054).
cost(20, 15, 233721).
cost(20, 16, 498788).
cost(20, 17, 296580).
cost(20, 18, 277487).
cost(20, 19, 239885).
cost(20, 21, 345598).
cost(20, 22, 518730).
cost(20, 23, 336039).
cost(20, 24, 267650).
cost(20, 25, 423168).
cost(21, 1, 441905).
cost(21, 2, 473077).
cost(21, 3, 258268).
cost(21, 4, 349507).
cost(21, 5, 515089).
cost(21, 6, 102615).
cost(21, 7, 59304).
cost(21, 8, 548465).
cost(21, 9, 352776).
cost(21, 10, 582238).
cost(21, 11, 350420).
cost(21, 12, 382630).
cost(21, 13, 296133).
cost(21, 14, 466006).
cost(21, 15, 361360).
cost(21, 16, 667868).
cost(21, 17, 484146).
cost(21, 18, 537711).
cost(21, 19, 518893).
cost(21, 20, 345598).
cost(21, 22, 446731).
cost(21, 23, 42068).
cost(21, 24, 591960).
cost(21, 25, 528439).
cost(22, 1, 317683).
cost(22, 2, 140789).
cost(22, 3, 188745).
cost(22, 4, 379984).
cost(22, 5, 127174).
cost(22, 6, 345062).
cost(22, 7, 491713).
cost(22, 8, 363441).
cost(22, 9, 297971).
cost(22, 10, 136441).
cost(22, 11, 113146).
cost(22, 12, 126253).
cost(22, 13, 416975).
cost(22, 14, 296419).
cost(22, 15, 301404).
cost(22, 16, 388576).
cost(22, 17, 798508).
cost(22, 18, 453003).
cost(22, 19, 473153).
cost(22, 20, 518730).
cost(22, 21, 446731).
cost(22, 23, 484934).
cost(22, 24, 588946).
cost(22, 25, 246204).
cost(23, 1, 459487).
cost(23, 2, 504583).
cost(23, 3, 297160).
cost(23, 4, 358322).
cost(23, 5, 556156).
cost(23, 6, 139875).
cost(23, 7, 22824).
cost(23, 8, 566140).
cost(23, 9, 370859).
cost(23, 10, 620885).
cost(23, 11, 390794).
cost(23, 12, 415307).
cost(23, 13, 329989).
cost(23, 14, 486118).
cost(23, 15, 379113).
cost(23, 16, 689942).
cost(23, 17, 450815).
cost(23, 18, 546803).
cost(23, 19, 524983).
cost(23, 20, 336039).
cost(23, 21, 42068).
cost(23, 22, 484934).
cost(23, 24, 591050).
cost(23, 25, 554485).
cost(24, 1, 271264).
cost(24, 2, 463724).
cost(24, 3, 555255).
cost(24, 4, 260485).
cost(24, 5, 715865).
cost(24, 6, 548877).
cost(24, 7, 573883).
cost(24, 8, 261362).
cost(24, 9, 313820).
cost(24, 10, 666855).
cost(24, 11, 610734).
cost(24, 12, 468807).
cost(24, 13, 820290).
cost(24, 14, 296318).
cost(24, 15, 306671).
cost(24, 16, 369272).
cost(24, 17, 470685).
cost(24, 18, 143992).
cost(24, 19, 115877).
cost(24, 20, 267650).
cost(24, 21, 591960).
cost(24, 22, 588946).
cost(24, 23, 591050).
cost(24, 25, 385637).
cost(25, 1, 147730).
cost(25, 2, 105853).
cost(25, 3, 328837).
cost(25, 4, 272899).
cost(25, 5, 361327).
cost(25, 6, 434058).
cost(25, 7, 550850).
cost(25, 8, 129217).
cost(25, 9, 205052).
cost(25, 10, 287035).
cost(25, 11, 321594).
cost(25, 12, 175796).
cost(25, 13, 615941).
cost(25, 14, 107883).
cost(25, 15, 200244).
cost(25, 16, 154210).
cost(25, 17, 719365).
cost(25, 18, 241645).
cost(25, 19, 275203).
cost(25, 20, 423168).
cost(25, 21, 528439).
cost(25, 22, 246204).
cost(25, 23, 554485).
cost(25, 24, 385637).
nocross(1,2).
nocross(1,3).
nocross(1,4).
nocross(1,9).
nocross(1,12).
nocross(1,14).
nocross(1,15).
nocross(2,1).
nocross(2,3).
nocross(2,7).
nocross(2,9).
nocross(2,12).
nocross(2,25).
nocross(3,6).
nocross(3,9).
nocross(3,11).
nocross(3,12).
nocross(4,1).
nocross(4,3).
nocross(4,7).
nocross(4,9).
nocross(4,15).
nocross(4,18).
nocross(4,19).
nocross(4,20).
nocross(5,3).
nocross(5,6).
nocross(5,11).
nocross(6,3).
nocross(6,7).
nocross(6,9).
nocross(7,6).
nocross(7,20).
nocross(7,21).
nocross(8,1).
nocross(8,2).
nocross(8,4).
nocross(8,12).
nocross(8,14).
nocross(8,15).
nocross(8,16).
nocross(8,18).
nocross(8,25).
nocross(9,1).
nocross(9,2).
nocross(9,3).
nocross(9,4).
nocross(9,7).
nocross(9,12).
nocross(9,15).
nocross(9,20).
nocross(10,2).
nocross(10,5).
nocross(10,11).
nocross(10,12).
nocross(11,2).
nocross(11,3).
nocross(11,6).
nocross(11,7).
nocross(11,9).
nocross(11,12).
nocross(12,1).
nocross(12,2).
nocross(12,3).
nocross(12,7).
nocross(12,9).
nocross(12,11).
nocross(12,14).
nocross(12,15).
nocross(13,3).
nocross(13,5).
nocross(13,6).
nocross(13,11).
nocross(13,23).
nocross(14,1).
nocross(14,2).
nocross(14,3).
nocross(14,7).
nocross(14,9).
nocross(14,12).
nocross(14,15).
nocross(14,25).
nocross(15,1).
nocross(15,2).
nocross(15,3).
nocross(15,4).
nocross(15,7).
nocross(15,9).
nocross(15,12).
nocross(15,14).
nocross(15,20).
nocross(16,8).
nocross(16,14).
nocross(16,18).
nocross(16,25).
nocross(17,7).
nocross(17,20).
nocross(18,1).
nocross(18,4).
nocross(18,8).
nocross(18,15).
nocross(18,19).
nocross(19,1).
nocross(19,3).
nocross(19,4).
nocross(19,8).
nocross(19,15).
nocross(20,1).
nocross(20,3).
nocross(20,4).
nocross(20,6).
nocross(20,7).
nocross(20,9).
nocross(20,18).
nocross(21,7).
nocross(21,23).
nocross(22,2).
nocross(22,3).
nocross(22,5).
nocross(22,7).
nocross(22,10).
nocross(22,12).
nocross(23,6).
nocross(23,7).
nocross(23,21).
nocross(24,4).
nocross(24,15).
nocross(24,18).
nocross(24,20).
nocross(25,1).
nocross(25,2).
nocross(25,8).
nocross(25,9).
nocross(25,12).
nocross(25,14).
nocross(25,15).
nocross(25,16).
