dimension(25).
point(1, -172437.0, 369904.0).
point(2, -271313.0, -318342.0).
point(3, -23949.0, -281301.0).
point(4, -198232.0, 9454.0).
point(5, 68314.0, -7649.0).
point(6, -16056.0, 106493.0).
point(7, -135026.0, -193173.0).
point(8, 106990.0, -91465.0).
point(9, 250717.0, 187482.0).
point(10, 56906.0, -90315.0).
point(11, 640061.0, 37226.0).
point(12, -338634.0, -336705.0).
point(13, 77632.0, 105137.0).
point(14, 19520.0, -108366.0).
point(15, -214110.0, -162547.0).
point(16, 119999.0, 217430.0).
point(17, 43435.0, -234846.0).
point(18, 2365.0, -119705.0).
point(19, -75050.0, -56425.0).
point(20, 53872.0, -20485.0).
point(21, -44415.0, -225085.0).
point(22, -308005.0, 76969.0).
point(23, -35921.0, -114215.0).
point(24, -169403.0, 310450.0).
point(25, 295210.0, -164490.0).
cost(1, 2, 695312).
cost(1, 3, 667920).
cost(1, 4, 361372).
cost(1, 5, 447780).
cost(1, 6, 306334).
cost(1, 7, 564318).
cost(1, 8, 539389).
cost(1, 9, 460800).
cost(1, 10, 514198).
cost(1, 11, 877968).
cost(1, 12, 725891).
cost(1, 13, 364192).
cost(1, 14, 515354).
cost(1, 15, 534079).
cost(1, 16, 329799).
cost(1, 17, 642124).
cost(1, 18, 519878).
cost(1, 19, 437311).
cost(1, 20, 451242).
cost(1, 21, 608606).
cost(1, 22, 322784).
cost(1, 23, 502999).
cost(1, 24, 59531).
cost(1, 25, 710120).
cost(2, 1, 695312).
cost(2, 3, 250122).
cost(2, 4, 335844).
cost(2, 5, 460301).
cost(2, 6, 495622).
cost(2, 7, 185044).
cost(2, 8, 441119).
cost(2, 9, 726893).
cost(2, 10, 399655).
cost(2, 11, 978280).
cost(2, 12, 69780).
cost(2, 13, 548723).
cost(2, 14, 358711).
cost(2, 15, 165965).
cost(2, 16, 663458).
cost(2, 17, 325635).
cost(2, 18, 338166).
cost(2, 19, 327291).
cost(2, 20, 440981).
cost(2, 21, 245315).
cost(2, 22, 397010).
cost(2, 23, 311572).
cost(2, 24, 636997).
cost(2, 25, 587042).
cost(3, 1, 667920).
cost(3, 2, 250122).
cost(3, 4, 338988).
cost(3, 5, 288787).
cost(3, 6, 387874).
cost(3, 7, 141791).
cost(3, 8, 230614).
cost(3, 9, 543322).
cost(3, 10, 207396).
cost(3, 11, 736457).
cost(3, 12, 319525).
cost(3, 13, 399566).
cost(3, 14, 178315).
cost(3, 15, 224196).
cost(3, 16, 519089).
cost(3, 17, 81845).
cost(3, 18, 163724).
cost(3, 19, 230609).
cost(3, 20, 272178).
cost(3, 21, 59826).
cost(3, 22, 457215).
cost(3, 23, 167514).
cost(3, 24, 609365).
cost(3, 25, 339864).
cost(4, 1, 361372).
cost(4, 2, 335844).
cost(4, 3, 338988).
cost(4, 5, 267094).
cost(4, 6, 206409).
cost(4, 7, 212256).
cost(4, 8, 321473).
cost(4, 9, 482959).
cost(4, 10, 273951).
cost(4, 11, 838753).
cost(4, 12, 373549).
cost(4, 13, 291987).
cost(4, 14, 247583).
cost(4, 15, 172732).
cost(4, 16, 380164).
cost(4, 17, 343636).
cost(4, 18, 238582).
cost(4, 19, 139692).
cost(4, 20, 253876).
cost(4, 21, 280479).
cost(4, 22, 128874).
cost(4, 23, 204056).
cost(4, 24, 302373).
cost(4, 25, 523203).
cost(5, 1, 447780).
cost(5, 2, 460301).
cost(5, 3, 288787).
cost(5, 4, 267094).
cost(5, 6, 141939).
cost(5, 7, 275257).
cost(5, 8, 92309).
cost(5, 9, 267109).
cost(5, 10, 83449).
cost(5, 11, 573505).
cost(5, 12, 523340).
cost(5, 13, 113170).
cost(5, 14, 111914).
cost(5, 15, 322113).
cost(5, 16, 230937).
cost(5, 17, 228555).
cost(5, 18, 130022).
cost(5, 19, 151434).
cost(5, 20, 19322).
cost(5, 21, 244921).
cost(5, 22, 385715).
cost(5, 23, 149068).
cost(5, 24, 397110).
cost(5, 25, 275828).
cost(6, 1, 306334).
cost(6, 2, 495622).
cost(6, 3, 387874).
cost(6, 4, 206409).
cost(6, 5, 141939).
cost(6, 7, 322418).
cost(6, 8, 233083).
cost(6, 9, 278796).
cost(6, 10, 209897).
cost(6, 11, 659763).
cost(6, 12, 548162).
cost(6, 13, 93698).
cost(6, 14, 217784).
cost(6, 15, 334078).
cost(6, 16, 175551).
cost(6, 17, 346484).
cost(6, 18, 226947).
cost(6, 19, 173270).
cost(6, 20, 144960).
cost(6, 21, 332789).
cost(6, 22, 293438).
cost(6, 23, 221600).
cost(6, 24, 255174).
cost(6, 25, 412696).
cost(7, 1, 564318).
cost(7, 2, 185044).
cost(7, 3, 141791).
cost(7, 4, 212256).
cost(7, 5, 275257).
cost(7, 6, 322418).
cost(7, 8, 262519).
cost(7, 9, 541937).
cost(7, 10, 217756).
cost(7, 11, 808606).
cost(7, 12, 249114).
cost(7, 13, 366350).
cost(7, 14, 176286).
cost(7, 15, 84807).
cost(7, 16, 483356).
cost(7, 17, 183262).
cost(7, 18, 155801).
cost(7, 19, 149322).
cost(7, 20, 255937).
cost(7, 21, 96066).
cost(7, 22, 320778).
cost(7, 23, 126713).
cost(7, 24, 504795).
cost(7, 25, 431191).
cost(8, 1, 539389).
cost(8, 2, 441119).
cost(8, 3, 230614).
cost(8, 4, 321473).
cost(8, 5, 92309).
cost(8, 6, 233083).
cost(8, 7, 262519).
cost(8, 9, 313798).
cost(8, 10, 50097).
cost(8, 11, 548385).
cost(8, 12, 508649).
cost(8, 13, 198782).
cost(8, 14, 89088).
cost(8, 15, 328874).
cost(8, 16, 309169).
cost(8, 17, 156835).
cost(8, 18, 108369).
cost(8, 19, 185382).
cost(8, 20, 88655).
cost(8, 21, 201935).
cost(8, 22, 447874).
cost(8, 23, 144710).
cost(8, 24, 487779).
cost(8, 25, 201890).
cost(9, 1, 460800).
cost(9, 2, 726893).
cost(9, 3, 543322).
cost(9, 4, 482959).
cost(9, 5, 267109).
cost(9, 6, 278796).
cost(9, 7, 541937).
cost(9, 8, 313798).
cost(9, 10, 338724).
cost(9, 11, 417332).
cost(9, 12, 788737).
cost(9, 13, 191675).
cost(9, 14, 375470).
cost(9, 15, 581880).
cost(9, 16, 134105).
cost(9, 17, 470454).
cost(9, 18, 395022).
cost(9, 19, 406958).
cost(9, 20, 286353).
cost(9, 21, 507262).
cost(9, 22, 569547).
cost(9, 23, 416152).
cost(9, 24, 437746).
cost(9, 25, 354773).
cost(10, 1, 514198).
cost(10, 2, 399655).
cost(10, 3, 207396).
cost(10, 4, 273951).
cost(10, 5, 83449).
cost(10, 6, 209897).
cost(10, 7, 217756).
cost(10, 8, 50097).
cost(10, 9, 338724).
cost(10, 11, 596939).
cost(10, 12, 466004).
cost(10, 13, 196548).
cost(10, 14, 41516).
cost(10, 15, 280477).
cost(10, 16, 314146).
cost(10, 17, 145157).
cost(10, 18, 61956).
cost(10, 19, 136238).
cost(10, 20, 69896).
cost(10, 21, 168609).
cost(10, 22, 401427).
cost(10, 23, 95854).
cost(10, 24, 460248).
cost(10, 25, 249581).
cost(11, 1, 877968).
cost(11, 2, 978280).
cost(11, 3, 736457).
cost(11, 4, 838753).
cost(11, 5, 573505).
cost(11, 6, 659763).
cost(11, 7, 808606).
cost(11, 8, 548385).
cost(11, 9, 417332).
cost(11, 10, 596939).
cost(11, 12, 1047697).
cost(11, 13, 566514).
cost(11, 14, 637392).
cost(11, 15, 877221).
cost(11, 16, 550398).
cost(11, 17, 655733).
cost(11, 18, 656722).
cost(11, 19, 721217).
cost(11, 20, 589023).
cost(11, 21, 733017).
cost(11, 22, 948899).
cost(11, 23, 692738).
cost(11, 24, 854332).
cost(11, 25, 399514).
cost(12, 1, 725891).
cost(12, 2, 69780).
cost(12, 3, 319525).
cost(12, 4, 373549).
cost(12, 5, 523340).
cost(12, 6, 548162).
cost(12, 7, 249114).
cost(12, 8, 508649).
cost(12, 9, 788737).
cost(12, 10, 466004).
cost(12, 11, 1047697).
cost(12, 13, 607043).
cost(12, 14, 424750).
cost(12, 15, 214096).
cost(12, 16, 719312).
cost(12, 17, 395414).
cost(12, 18, 404190).
cost(12, 19, 384751).
cost(12, 20, 504040).
cost(12, 21, 314681).
cost(12, 22, 414806).
cost(12, 23, 375682).
cost(12, 24, 668916).
cost(12, 25, 656823).
cost(13, 1, 364192).
cost(13, 2, 548723).
cost(13, 3, 399566).
cost(13, 4, 291987).
cost(13, 5, 113170).
cost(13, 6, 93698).
cost(13, 7, 366350).
cost(13, 8, 198782).
cost(13, 9, 191675).
cost(13, 10, 196548).
cost(13, 11, 566514).
cost(13, 12, 607043).
cost(13, 14, 221270).
cost(13, 15, 395940).
cost(13, 16, 120020).
cost(13, 17, 341699).
cost(13, 18, 237106).
cost(13, 19, 222293).
cost(13, 20, 127849).
cost(13, 21, 352054).
cost(13, 22, 386664).
cost(13, 23, 247001).
cost(13, 24, 321216).
cost(13, 25, 346466).
cost(14, 1, 515354).
cost(14, 2, 358711).
cost(14, 3, 178315).
cost(14, 4, 247583).
cost(14, 5, 111914).
cost(14, 6, 217784).
cost(14, 7, 176286).
cost(14, 8, 89088).
cost(14, 9, 375470).
cost(14, 10, 41516).
cost(14, 11, 637392).
cost(14, 12, 424750).
cost(14, 13, 221270).
cost(14, 15, 239830).
cost(14, 16, 340939).
cost(14, 17, 128721).
cost(14, 18, 20564).
cost(14, 19, 107895).
cost(14, 20, 94356).
cost(14, 21, 133083).
cost(14, 22, 376327).
cost(14, 23, 55749).
cost(14, 24, 459455).
cost(14, 25, 281345).
cost(15, 1, 534079).
cost(15, 2, 165965).
cost(15, 3, 224196).
cost(15, 4, 172732).
cost(15, 5, 322113).
cost(15, 6, 334078).
cost(15, 7, 84807).
cost(15, 8, 328874).
cost(15, 9, 581880).
cost(15, 10, 280477).
cost(15, 11, 877221).
cost(15, 12, 214096).
cost(15, 13, 395940).
cost(15, 14, 239830).
cost(15, 16, 505976).
cost(15, 17, 267501).
cost(15, 18, 220674).
cost(15, 19, 174927).
cost(15, 20, 303308).
cost(15, 21, 180852).
cost(15, 22, 257263).
cost(15, 23, 184627).
cost(15, 24, 475105).
cost(15, 25, 509324).
cost(16, 1, 329799).
cost(16, 2, 663458).
cost(16, 3, 519089).
cost(16, 4, 380164).
cost(16, 5, 230937).
cost(16, 6, 175551).
cost(16, 7, 483356).
cost(16, 8, 309169).
cost(16, 9, 134105).
cost(16, 10, 314146).
cost(16, 11, 550398).
cost(16, 12, 719312).
cost(16, 13, 120020).
cost(16, 14, 340939).
cost(16, 15, 505976).
cost(16, 17, 458711).
cost(16, 18, 357068).
cost(16, 19, 336215).
cost(16, 20, 246934).
cost(16, 21, 472071).
cost(16, 22, 450463).
cost(16, 23, 366469).
cost(16, 24, 303984).
cost(16, 25, 420193).
cost(17, 1, 642124).
cost(17, 2, 325635).
cost(17, 3, 81845).
cost(17, 4, 343636).
cost(17, 5, 228555).
cost(17, 6, 346484).
cost(17, 7, 183262).
cost(17, 8, 156835).
cost(17, 9, 470454).
cost(17, 10, 145157).
cost(17, 11, 655733).
cost(17, 12, 395414).
cost(17, 13, 341699).
cost(17, 14, 128721).
cost(17, 15, 267501).
cost(17, 16, 458711).
cost(17, 18, 122246).
cost(17, 19, 214179).
cost(17, 20, 214615).
cost(17, 21, 88391).
cost(17, 22, 469828).
cost(17, 23, 144393).
cost(17, 24, 585361).
cost(17, 25, 261420).
cost(18, 1, 519878).
cost(18, 2, 338166).
cost(18, 3, 163724).
cost(18, 4, 238582).
cost(18, 5, 130022).
cost(18, 6, 226947).
cost(18, 7, 155801).
cost(18, 8, 108369).
cost(18, 9, 395022).
cost(18, 10, 61956).
cost(18, 11, 656722).
cost(18, 12, 404190).
cost(18, 13, 237106).
cost(18, 14, 20564).
cost(18, 15, 220674).
cost(18, 16, 357068).
cost(18, 17, 122246).
cost(18, 19, 99987).
cost(18, 20, 111793).
cost(18, 21, 115297).
cost(18, 22, 367437).
cost(18, 23, 38678).
cost(18, 24, 463182).
cost(18, 25, 296250).
cost(19, 1, 437311).
cost(19, 2, 327291).
cost(19, 3, 230609).
cost(19, 4, 139692).
cost(19, 5, 151434).
cost(19, 6, 173270).
cost(19, 7, 149322).
cost(19, 8, 185382).
cost(19, 9, 406958).
cost(19, 10, 136238).
cost(19, 11, 721217).
cost(19, 12, 384751).
cost(19, 13, 222293).
cost(19, 14, 107895).
cost(19, 15, 174927).
cost(19, 16, 336215).
cost(19, 17, 214179).
cost(19, 18, 99987).
cost(19, 20, 133838).
cost(19, 21, 171420).
cost(19, 22, 268444).
cost(19, 23, 69791).
cost(19, 24, 378814).
cost(19, 25, 385708).
cost(20, 1, 451242).
cost(20, 2, 440981).
cost(20, 3, 272178).
cost(20, 4, 253876).
cost(20, 5, 19322).
cost(20, 6, 144960).
cost(20, 7, 255937).
cost(20, 8, 88655).
cost(20, 9, 286353).
cost(20, 10, 69896).
cost(20, 11, 589023).
cost(20, 12, 504040).
cost(20, 13, 127849).
cost(20, 14, 94356).
cost(20, 15, 303308).
cost(20, 16, 246934).
cost(20, 17, 214615).
cost(20, 18, 111793).
cost(20, 19, 133838).
cost(20, 21, 226983).
cost(20, 22, 374770).
cost(20, 23, 129800).
cost(20, 24, 399211).
cost(20, 25, 281036).
cost(21, 1, 608606).
cost(21, 2, 245315).
cost(21, 3, 59826).
cost(21, 4, 280479).
cost(21, 5, 244921).
cost(21, 6, 332789).
cost(21, 7, 96066).
cost(21, 8, 201935).
cost(21, 9, 507262).
cost(21, 10, 168609).
cost(21, 11, 733017).
cost(21, 12, 314681).
cost(21, 13, 352054).
cost(21, 14, 133083).
cost(21, 15, 180852).
cost(21, 16, 472071).
cost(21, 17, 88391).
cost(21, 18, 115297).
cost(21, 19, 171420).
cost(21, 20, 226983).
cost(21, 22, 400894).
cost(21, 23, 111195).
cost(21, 24, 549927).
cost(21, 25, 344988).
cost(22, 1, 322784).
cost(22, 2, 397010).
cost(22, 3, 457215).
cost(22, 4, 128874).
cost(22, 5, 385715).
cost(22, 6, 293438).
cost(22, 7, 320778).
cost(22, 8, 447874).
cost(22, 9, 569547).
cost(22, 10, 401427).
cost(22, 11, 948899).
cost(22, 12, 414806).
cost(22, 13, 386664).
cost(22, 14, 376327).
cost(22, 15, 257263).
cost(22, 16, 450463).
cost(22, 17, 469828).
cost(22, 18, 367437).
cost(22, 19, 268444).
cost(22, 20, 374770).
cost(22, 21, 400894).
cost(22, 23, 332537).
cost(22, 24, 271521).
cost(22, 25, 649747).
cost(23, 1, 502999).
cost(23, 2, 311572).
cost(23, 3, 167514).
cost(23, 4, 204056).
cost(23, 5, 149068).
cost(23, 6, 221600).
cost(23, 7, 126713).
cost(23, 8, 144710).
cost(23, 9, 416152).
cost(23, 10, 95854).
cost(23, 11, 692738).
cost(23, 12, 375682).
cost(23, 13, 247001).
cost(23, 14, 55749).
cost(23, 15, 184627).
cost(23, 16, 366469).
cost(23, 17, 144393).
cost(23, 18, 38678).
cost(23, 19, 69791).
cost(23, 20, 129800).
cost(23, 21, 111195).
cost(23, 22, 332537).
cost(23, 24, 445149).
cost(23, 25, 334926).
cost(24, 1, 59531).
cost(24, 2, 636997).
cost(24, 3, 609365).
cost(24, 4, 302373).
cost(24, 5, 397110).
cost(24, 6, 255174).
cost(24, 7, 504795).
cost(24, 8, 487779).
cost(24, 9, 437746).
cost(24, 10, 460248).
cost(24, 11, 854332).
cost(24, 12, 668916).
cost(24, 13, 321216).
cost(24, 14, 459455).
cost(24, 15, 475105).
cost(24, 16, 303984).
cost(24, 17, 585361).
cost(24, 18, 463182).
cost(24, 19, 378814).
cost(24, 20, 399211).
cost(24, 21, 549927).
cost(24, 22, 271521).
cost(24, 23, 445149).
cost(24, 25, 664404).
cost(25, 1, 710120).
cost(25, 2, 587042).
cost(25, 3, 339864).
cost(25, 4, 523203).
cost(25, 5, 275828).
cost(25, 6, 412696).
cost(25, 7, 431191).
cost(25, 8, 201890).
cost(25, 9, 354773).
cost(25, 10, 249581).
cost(25, 11, 399514).
cost(25, 12, 656823).
cost(25, 13, 346466).
cost(25, 14, 281345).
cost(25, 15, 509324).
cost(25, 16, 420193).
cost(25, 17, 261420).
cost(25, 18, 296250).
cost(25, 19, 385708).
cost(25, 20, 281036).
cost(25, 21, 344988).
cost(25, 22, 649747).
cost(25, 23, 334926).
cost(25, 24, 664404).
nocross(1,4).
nocross(1,6).
nocross(1,13).
nocross(1,14).
nocross(1,16).
nocross(1,19).
nocross(1,23).
nocross(2,3).
nocross(2,7).
nocross(2,8).
nocross(2,12).
nocross(2,15).
nocross(2,19).
nocross(3,7).
nocross(3,8).
nocross(3,10).
nocross(3,14).
nocross(3,17).
nocross(3,18).
nocross(3,21).
nocross(3,23).
nocross(4,6).
nocross(4,7).
nocross(4,12).
nocross(4,14).
nocross(4,15).
nocross(4,19).
nocross(4,20).
nocross(4,22).
nocross(4,23).
nocross(5,6).
nocross(5,8).
nocross(5,9).
nocross(5,10).
nocross(5,14).
nocross(5,18).
nocross(5,19).
nocross(5,20).
nocross(5,23).
nocross(6,4).
nocross(6,5).
nocross(6,9).
nocross(6,10).
nocross(6,13).
nocross(6,14).
nocross(6,18).
nocross(6,19).
nocross(6,20).
nocross(6,23).
nocross(7,2).
nocross(7,4).
nocross(7,14).
nocross(7,15).
nocross(7,18).
nocross(7,19).
nocross(7,20).
nocross(7,21).
nocross(7,23).
nocross(8,5).
nocross(8,9).
nocross(8,10).
nocross(8,14).
nocross(8,17).
nocross(8,18).
nocross(8,19).
nocross(8,20).
nocross(8,21).
nocross(8,25).
nocross(9,5).
nocross(9,6).
nocross(9,13).
nocross(9,16).
nocross(10,5).
nocross(10,8).
nocross(10,14).
nocross(10,19).
nocross(10,20).
nocross(10,21).
nocross(11,9).
nocross(11,25).
nocross(12,2).
nocross(13,5).
nocross(13,6).
nocross(13,9).
nocross(13,14).
nocross(13,19).
nocross(13,20).
nocross(13,23).
nocross(14,7).
nocross(14,8).
nocross(14,10).
nocross(14,18).
nocross(14,19).
nocross(14,20).
nocross(14,21).
nocross(14,23).
nocross(15,2).
nocross(15,4).
nocross(15,7).
nocross(15,12).
nocross(15,14).
nocross(15,18).
nocross(15,19).
nocross(15,22).
nocross(15,23).
nocross(16,1).
nocross(16,5).
nocross(16,6).
nocross(16,9).
nocross(16,13).
nocross(16,14).
nocross(17,2).
nocross(17,3).
nocross(17,7).
nocross(17,8).
nocross(17,10).
nocross(17,14).
nocross(17,18).
nocross(17,21).
nocross(18,7).
nocross(18,8).
nocross(18,14).
nocross(18,19).
nocross(18,20).
nocross(18,21).
nocross(18,23).
nocross(19,4).
nocross(19,6).
nocross(19,7).
nocross(19,10).
nocross(19,14).
nocross(19,15).
nocross(19,20).
nocross(19,21).
nocross(19,23).
nocross(20,5).
nocross(20,10).
nocross(20,14).
nocross(20,18).
nocross(20,19).
nocross(20,23).
nocross(21,2).
nocross(21,3).
nocross(21,7).
nocross(21,8).
nocross(21,14).
nocross(21,18).
nocross(21,23).
nocross(22,4).
nocross(22,6).
nocross(22,15).
nocross(23,7).
nocross(23,14).
nocross(23,19).
nocross(23,20).
nocross(23,21).
nocross(25,5).
nocross(25,8).
nocross(25,9).
nocross(25,11).
nocross(25,14).
nocross(25,17).
nocross(25,18).
