dimension(20).
point(1, 157902.0, -116155.0).
point(2, 249122.0, -222387.0).
point(3, -209518.0, 377901.0).
point(4, -123049.0, 83994.0).
point(5, -168665.0, -28619.0).
point(6, -449137.0, -119396.0).
point(7, 250527.0, -253024.0).
point(8, -17887.0, 440482.0).
point(9, 56666.0, 237244.0).
point(10, -236645.0, 368596.0).
point(11, -37996.0, 91306.0).
point(12, 299282.0, -368798.0).
point(13, 368813.0, -204890.0).
point(14, -217108.0, -177804.0).
point(15, -6587.0, -7541.0).
point(16, 216628.0, -229739.0).
point(17, 239731.0, -7093.0).
point(18, -175607.0, -178658.0).
point(19, -96964.0, -149255.0).
point(20, 444285.0, -31744.0).
cost(1, 2, 140023).
cost(1, 3, 615702).
cost(1, 4, 344954).
cost(1, 5, 338095).
cost(1, 6, 607048).
cost(1, 7, 165265).
cost(1, 8, 583735).
cost(1, 9, 367613).
cost(1, 10, 625021).
cost(1, 11, 285335).
cost(1, 12, 289511).
cost(1, 13, 228817).
cost(1, 14, 380044).
cost(1, 15, 197113).
cost(1, 16, 127867).
cost(1, 17, 136347).
cost(1, 18, 339315).
cost(1, 19, 257006).
cost(1, 20, 298564).
cost(2, 1, 140023).
cost(2, 3, 755444).
cost(2, 4, 482059).
cost(2, 5, 460534).
cost(2, 6, 705814).
cost(2, 7, 30669).
cost(2, 8, 714625).
cost(2, 9, 498297).
cost(2, 10, 765004).
cost(2, 11, 425253).
cost(2, 12, 154765).
cost(2, 13, 120963).
cost(2, 14, 468357).
cost(2, 15, 333985).
cost(2, 16, 33315).
cost(2, 17, 215499).
cost(2, 18, 426974).
cost(2, 19, 353728).
cost(2, 20, 272825).
cost(3, 1, 615702).
cost(3, 2, 755444).
cost(3, 4, 306363).
cost(3, 5, 408568).
cost(3, 6, 552016).
cost(3, 7, 780838).
cost(3, 8, 201591).
cost(3, 9, 301062).
cost(3, 10, 28679).
cost(3, 11, 334001).
cost(3, 12, 903569).
cost(3, 13, 821043).
cost(3, 14, 555757).
cost(3, 15, 435599).
cost(3, 16, 742177).
cost(3, 17, 591646).
cost(3, 18, 557591).
cost(3, 19, 539038).
cost(3, 20, 771536).
cost(4, 1, 344954).
cost(4, 2, 482059).
cost(4, 3, 306363).
cost(4, 5, 121501).
cost(4, 6, 384319).
cost(4, 7, 503130).
cost(4, 8, 371676).
cost(4, 9, 236184).
cost(4, 10, 306435).
cost(4, 11, 85367).
cost(4, 12, 619180).
cost(4, 13, 570423).
cost(4, 14, 278182).
cost(4, 15, 148129).
cost(4, 16, 462395).
cost(4, 17, 374040).
cost(4, 18, 267859).
cost(4, 19, 234703).
cost(4, 20, 579019).
cost(5, 1, 338095).
cost(5, 2, 460534).
cost(5, 3, 408568).
cost(5, 4, 121501).
cost(5, 6, 294797).
cost(5, 7, 475478).
cost(5, 8, 492737).
cost(5, 9, 348507).
cost(5, 10, 402990).
cost(5, 11, 177360).
cost(5, 12, 578529).
cost(5, 13, 565645).
cost(5, 14, 156853).
cost(5, 15, 163443).
cost(5, 16, 434626).
cost(5, 17, 408963).
cost(5, 18, 150200).
cost(5, 19, 140336).
cost(5, 20, 612958).
cost(6, 1, 607048).
cost(6, 2, 705814).
cost(6, 3, 552016).
cost(6, 4, 384319).
cost(6, 5, 294797).
cost(6, 7, 712310).
cost(6, 8, 706711).
cost(6, 9, 618893).
cost(6, 10, 532249).
cost(6, 11, 461987).
cost(6, 12, 788880).
cost(6, 13, 822406).
cost(6, 14, 239268).
cost(6, 15, 456467).
cost(6, 16, 674847).
cost(6, 17, 697962).
cost(6, 18, 279876).
cost(6, 19, 353437).
cost(6, 20, 897711).
cost(7, 1, 165265).
cost(7, 2, 30669).
cost(7, 3, 780838).
cost(7, 4, 503130).
cost(7, 5, 475478).
cost(7, 6, 712310).
cost(7, 8, 743637).
cost(7, 9, 527205).
cost(7, 10, 789777).
cost(7, 11, 449231).
cost(7, 12, 125621).
cost(7, 13, 127705).
cost(7, 14, 473646).
cost(7, 15, 355485).
cost(7, 16, 41126).
cost(7, 17, 246168).
cost(7, 18, 432574).
cost(7, 19, 362654).
cost(7, 20, 294121).
cost(8, 1, 583735).
cost(8, 2, 714625).
cost(8, 3, 201591).
cost(8, 4, 371676).
cost(8, 5, 492737).
cost(8, 6, 706711).
cost(8, 7, 743637).
cost(8, 9, 216481).
cost(8, 10, 230266).
cost(8, 11, 349755).
cost(8, 12, 869212).
cost(8, 13, 752358).
cost(8, 14, 649590).
cost(8, 15, 448165).
cost(8, 16, 710066).
cost(8, 17, 516421).
cost(8, 18, 638913).
cost(8, 19, 595015).
cost(8, 20, 660757).
cost(9, 1, 367613).
cost(9, 2, 498297).
cost(9, 3, 301062).
cost(9, 4, 236184).
cost(9, 5, 348507).
cost(9, 6, 618893).
cost(9, 7, 527205).
cost(9, 8, 216481).
cost(9, 10, 321379).
cost(9, 11, 173951).
cost(9, 12, 652801).
cost(9, 13, 541219).
cost(9, 14, 497209).
cost(9, 15, 252825).
cost(9, 16, 493620).
cost(9, 17, 305309).
cost(9, 18, 476367).
cost(9, 19, 415913).
cost(9, 20, 471808).
cost(10, 1, 625021).
cost(10, 2, 765004).
cost(10, 3, 28679).
cost(10, 4, 306435).
cost(10, 5, 402990).
cost(10, 6, 532249).
cost(10, 7, 789777).
cost(10, 8, 230266).
cost(10, 9, 321379).
cost(10, 11, 341103).
cost(10, 12, 911574).
cost(10, 13, 833946).
cost(10, 14, 546749).
cost(10, 15, 440915).
cost(10, 16, 750641).
cost(10, 17, 606693).
cost(10, 18, 550647).
cost(10, 19, 536358).
cost(10, 20, 789897).
cost(11, 1, 285335).
cost(11, 2, 425253).
cost(11, 3, 334001).
cost(11, 4, 85367).
cost(11, 5, 177360).
cost(11, 6, 461987).
cost(11, 7, 449231).
cost(11, 8, 349755).
cost(11, 9, 173951).
cost(11, 10, 341103).
cost(11, 12, 570484).
cost(11, 13, 503215).
cost(11, 14, 323267).
cost(11, 15, 103717).
cost(11, 16, 409760).
cost(11, 17, 294643).
cost(11, 18, 303014).
cost(11, 19, 247683).
cost(11, 20, 497731).
cost(12, 1, 289511).
cost(12, 2, 154765).
cost(12, 3, 903569).
cost(12, 4, 619180).
cost(12, 5, 578529).
cost(12, 6, 788880).
cost(12, 7, 125621).
cost(12, 8, 869212).
cost(12, 9, 652801).
cost(12, 10, 911574).
cost(12, 11, 570484).
cost(12, 13, 178046).
cost(12, 14, 550579).
cost(12, 15, 473352).
cost(12, 16, 161769).
cost(12, 17, 366574).
cost(12, 18, 511540).
cost(12, 19, 453001).
cost(12, 20, 366921).
cost(13, 1, 228817).
cost(13, 2, 120963).
cost(13, 3, 821043).
cost(13, 4, 570423).
cost(13, 5, 565645).
cost(13, 6, 822406).
cost(13, 7, 127705).
cost(13, 8, 752358).
cost(13, 9, 541219).
cost(13, 10, 833946).
cost(13, 11, 503215).
cost(13, 12, 178046).
cost(13, 14, 586547).
cost(13, 15, 424113).
cost(13, 16, 154200).
cost(13, 17, 236190).
cost(13, 18, 545052).
cost(13, 19, 469088).
cost(13, 20, 188880).
cost(14, 1, 380044).
cost(14, 2, 468357).
cost(14, 3, 555757).
cost(14, 4, 278182).
cost(14, 5, 156853).
cost(14, 6, 239268).
cost(14, 7, 473646).
cost(14, 8, 649590).
cost(14, 9, 497209).
cost(14, 10, 546749).
cost(14, 11, 323267).
cost(14, 12, 550579).
cost(14, 13, 586547).
cost(14, 15, 270756).
cost(14, 16, 436834).
cost(14, 17, 487693).
cost(14, 18, 41510).
cost(14, 19, 123489).
cost(14, 20, 677329).
cost(15, 1, 197113).
cost(15, 2, 333985).
cost(15, 3, 435599).
cost(15, 4, 148129).
cost(15, 5, 163443).
cost(15, 6, 456467).
cost(15, 7, 355485).
cost(15, 8, 448165).
cost(15, 9, 252825).
cost(15, 10, 440915).
cost(15, 11, 103717).
cost(15, 12, 473352).
cost(15, 13, 424113).
cost(15, 14, 270756).
cost(15, 16, 314955).
cost(15, 17, 246318).
cost(15, 18, 240518).
cost(15, 19, 168080).
cost(15, 20, 451521).
cost(16, 1, 127867).
cost(16, 2, 33315).
cost(16, 3, 742177).
cost(16, 4, 462395).
cost(16, 5, 434626).
cost(16, 6, 674847).
cost(16, 7, 41126).
cost(16, 8, 710066).
cost(16, 9, 493620).
cost(16, 10, 750641).
cost(16, 11, 409760).
cost(16, 12, 161769).
cost(16, 13, 154200).
cost(16, 14, 436834).
cost(16, 15, 314955).
cost(16, 17, 223841).
cost(16, 18, 395547).
cost(16, 19, 323755).
cost(16, 20, 301711).
cost(17, 1, 136347).
cost(17, 2, 215499).
cost(17, 3, 591646).
cost(17, 4, 374040).
cost(17, 5, 408963).
cost(17, 6, 697962).
cost(17, 7, 246168).
cost(17, 8, 516421).
cost(17, 9, 305309).
cost(17, 10, 606693).
cost(17, 11, 294643).
cost(17, 12, 366574).
cost(17, 13, 236190).
cost(17, 14, 487693).
cost(17, 15, 246318).
cost(17, 16, 223841).
cost(17, 18, 449378).
cost(17, 19, 365477).
cost(17, 20, 206034).
cost(18, 1, 339315).
cost(18, 2, 426974).
cost(18, 3, 557591).
cost(18, 4, 267859).
cost(18, 5, 150200).
cost(18, 6, 279876).
cost(18, 7, 432574).
cost(18, 8, 638913).
cost(18, 9, 476367).
cost(18, 10, 550647).
cost(18, 11, 303014).
cost(18, 12, 511540).
cost(18, 13, 545052).
cost(18, 14, 41510).
cost(18, 15, 240518).
cost(18, 16, 395547).
cost(18, 17, 449378).
cost(18, 19, 83960).
cost(18, 20, 637063).
cost(19, 1, 257006).
cost(19, 2, 353728).
cost(19, 3, 539038).
cost(19, 4, 234703).
cost(19, 5, 140336).
cost(19, 6, 353437).
cost(19, 7, 362654).
cost(19, 8, 595015).
cost(19, 9, 415913).
cost(19, 10, 536358).
cost(19, 11, 247683).
cost(19, 12, 453001).
cost(19, 13, 469088).
cost(19, 14, 123489).
cost(19, 15, 168080).
cost(19, 16, 323755).
cost(19, 17, 365477).
cost(19, 18, 83960).
cost(19, 20, 553859).
cost(20, 1, 298564).
cost(20, 2, 272825).
cost(20, 3, 771536).
cost(20, 4, 579019).
cost(20, 5, 612958).
cost(20, 6, 897711).
cost(20, 7, 294121).
cost(20, 8, 660757).
cost(20, 9, 471808).
cost(20, 10, 789897).
cost(20, 11, 497731).
cost(20, 12, 366921).
cost(20, 13, 188880).
cost(20, 14, 677329).
cost(20, 15, 451521).
cost(20, 16, 301711).
cost(20, 17, 206034).
cost(20, 18, 637063).
cost(20, 19, 553859).
