dimension(20).
point(1, 139361.0, -32553.0).
point(2, 57832.0, 50926.0).
point(3, -80275.0, 87377.0).
point(4, 233719.0, 12675.0).
point(5, 369234.0, 51738.0).
point(6, 267360.0, 298945.0).
point(7, 468228.0, -254864.0).
point(8, -118065.0, -33397.0).
point(9, 385348.0, -101874.0).
point(10, 79885.0, -163117.0).
point(11, 84310.0, 12860.0).
point(12, 87149.0, -3501.0).
point(13, -323054.0, -270101.0).
point(14, -154535.0, -89264.0).
point(15, -22973.0, -101966.0).
point(16, 7409.0, -254315.0).
point(17, -298044.0, -140427.0).
point(18, -183789.0, -53527.0).
point(19, -115879.0, 124707.0).
point(20, -197941.0, 46455.0).
cost(1, 2, 116686).
cost(1, 3, 250246).
cost(1, 4, 104637).
cost(1, 5, 244840).
cost(1, 6, 355351).
cost(1, 7, 396958).
cost(1, 8, 257427).
cost(1, 9, 255568).
cost(1, 10, 143472).
cost(1, 11, 71365).
cost(1, 12, 59750).
cost(1, 13, 519862).
cost(1, 14, 299318).
cost(1, 15, 176552).
cost(1, 16, 258050).
cost(1, 17, 450511).
cost(1, 18, 323830).
cost(1, 19, 299797).
cost(1, 20, 346432).
cost(2, 1, 116686).
cost(2, 3, 142836).
cost(2, 4, 179998).
cost(2, 5, 311403).
cost(2, 6, 324677).
cost(2, 7, 511793).
cost(2, 8, 195064).
cost(2, 9, 361406).
cost(2, 10, 215176).
cost(2, 11, 46369).
cost(2, 12, 61821).
cost(2, 13, 498129).
cost(2, 14, 254466).
cost(2, 15, 172932).
cost(2, 16, 309378).
cost(2, 17, 404059).
cost(2, 18, 263232).
cost(2, 19, 188730).
cost(2, 20, 255812).
cost(3, 1, 250246).
cost(3, 2, 142836).
cost(3, 4, 322758).
cost(3, 5, 450920).
cost(3, 6, 406953).
cost(3, 7, 646517).
cost(3, 8, 126548).
cost(3, 9, 502614).
cost(3, 10, 297319).
cost(3, 11, 180668).
cost(3, 12, 190498).
cost(3, 13, 432125).
cost(3, 14, 191616).
cost(3, 15, 197824).
cost(3, 16, 352763).
cost(3, 17, 315148).
cost(3, 18, 174840).
cost(3, 19, 51587).
cost(3, 20, 124579).
cost(4, 1, 104637).
cost(4, 2, 179998).
cost(4, 3, 322758).
cost(4, 5, 141033).
cost(4, 6, 288240).
cost(4, 7, 355769).
cost(4, 8, 354788).
cost(4, 9, 190034).
cost(4, 10, 233597).
cost(4, 11, 149409).
cost(4, 12, 147460).
cost(4, 13, 624467).
cost(4, 14, 401413).
cost(4, 15, 281129).
cost(4, 16, 350000).
cost(4, 17, 553364).
cost(4, 18, 422724).
cost(4, 19, 367110).
cost(4, 20, 432980).
cost(5, 1, 244840).
cost(5, 2, 311403).
cost(5, 3, 450920).
cost(5, 4, 141033).
cost(5, 6, 267375).
cost(5, 7, 322187).
cost(5, 8, 494680).
cost(5, 9, 154455).
cost(5, 10, 360396).
cost(5, 11, 287564).
cost(5, 12, 287443).
cost(5, 13, 763442).
cost(5, 14, 542416).
cost(5, 15, 421250).
cost(5, 16, 473905).
cost(5, 17, 694397).
cost(5, 18, 562952).
cost(5, 19, 490570).
cost(5, 20, 567200).
cost(6, 1, 355351).
cost(6, 2, 324677).
cost(6, 3, 406953).
cost(6, 4, 288240).
cost(6, 5, 267375).
cost(6, 7, 589112).
cost(6, 8, 508924).
cost(6, 9, 417824).
cost(6, 10, 498646).
cost(6, 11, 339635).
cost(6, 12, 352065).
cost(6, 13, 820001).
cost(6, 14, 573325).
cost(6, 15, 494998).
cost(6, 16, 611286).
cost(6, 17, 716051).
cost(6, 18, 572514).
cost(6, 19, 420988).
cost(6, 20, 529392).
cost(7, 1, 396958).
cost(7, 2, 511793).
cost(7, 3, 646517).
cost(7, 4, 355769).
cost(7, 5, 322187).
cost(7, 6, 589112).
cost(7, 8, 626727).
cost(7, 9, 173997).
cost(7, 10, 399034).
cost(7, 11, 468048).
cost(7, 12, 456513).
cost(7, 13, 791429).
cost(7, 14, 644404).
cost(7, 15, 514447).
cost(7, 16, 460819).
cost(7, 17, 774770).
cost(7, 18, 682395).
cost(7, 19, 696603).
cost(7, 20, 731146).
cost(8, 1, 257427).
cost(8, 2, 195064).
cost(8, 3, 126548).
cost(8, 4, 354788).
cost(8, 5, 494680).
cost(8, 6, 508924).
cost(8, 7, 626727).
cost(8, 9, 508049).
cost(8, 10, 236667).
cost(8, 11, 207594).
cost(8, 12, 207380).
cost(8, 13, 313128).
cost(8, 14, 66717).
cost(8, 15, 117236).
cost(8, 16, 254064).
cost(8, 17, 209399).
cost(8, 18, 68738).
cost(8, 19, 158119).
cost(8, 20, 112945).
cost(9, 1, 255568).
cost(9, 2, 361406).
cost(9, 3, 502614).
cost(9, 4, 190034).
cost(9, 5, 154455).
cost(9, 6, 417824).
cost(9, 7, 173997).
cost(9, 8, 508049).
cost(9, 10, 311542).
cost(9, 11, 322161).
cost(9, 12, 314006).
cost(9, 13, 728103).
cost(9, 14, 540030).
cost(9, 15, 408321).
cost(9, 16, 407524).
cost(9, 17, 684479).
cost(9, 18, 571187).
cost(9, 19, 550061).
cost(9, 20, 601853).
cost(10, 1, 143472).
cost(10, 2, 215176).
cost(10, 3, 297319).
cost(10, 4, 233597).
cost(10, 5, 360396).
cost(10, 6, 498646).
cost(10, 7, 399034).
cost(10, 8, 236667).
cost(10, 9, 311542).
cost(10, 11, 176033).
cost(10, 12, 159781).
cost(10, 13, 416900).
cost(10, 14, 245778).
cost(10, 15, 119663).
cost(10, 16, 116490).
cost(10, 17, 378610).
cost(10, 18, 285541).
cost(10, 19, 348089).
cost(10, 20, 348005).
cost(11, 1, 71365).
cost(11, 2, 46369).
cost(11, 3, 180668).
cost(11, 4, 149409).
cost(11, 5, 287564).
cost(11, 6, 339635).
cost(11, 7, 468048).
cost(11, 8, 207594).
cost(11, 9, 322161).
cost(11, 10, 176033).
cost(11, 12, 16605).
cost(11, 13, 495996).
cost(11, 14, 259762).
cost(11, 15, 157145).
cost(11, 16, 278022).
cost(11, 17, 411936).
cost(11, 18, 276196).
cost(11, 19, 229315).
cost(11, 20, 284243).
cost(12, 1, 59750).
cost(12, 2, 61821).
cost(12, 3, 190498).
cost(12, 4, 147460).
cost(12, 5, 287443).
cost(12, 6, 352065).
cost(12, 7, 456513).
cost(12, 8, 207380).
cost(12, 9, 314006).
cost(12, 10, 159781).
cost(12, 11, 16605).
cost(12, 13, 489226).
cost(12, 14, 256450).
cost(12, 15, 147723).
cost(12, 16, 263185).
cost(12, 17, 408806).
cost(12, 18, 275518).
cost(12, 19, 240120).
cost(12, 20, 289434).
cost(13, 1, 519862).
cost(13, 2, 498129).
cost(13, 3, 432125).
cost(13, 4, 624467).
cost(13, 5, 763442).
cost(13, 6, 820001).
cost(13, 7, 791429).
cost(13, 8, 313128).
cost(13, 9, 728103).
cost(13, 10, 416900).
cost(13, 11, 495996).
cost(13, 12, 489226).
cost(13, 14, 247186).
cost(13, 15, 343974).
cost(13, 16, 330840).
cost(13, 17, 132064).
cost(13, 18, 257486).
cost(13, 19, 445864).
cost(13, 20, 340384).
cost(14, 1, 299318).
cost(14, 2, 254466).
cost(14, 3, 191616).
cost(14, 4, 401413).
cost(14, 5, 542416).
cost(14, 6, 573325).
cost(14, 7, 644404).
cost(14, 8, 66717).
cost(14, 9, 540030).
cost(14, 10, 245778).
cost(14, 11, 259762).
cost(14, 12, 256450).
cost(14, 13, 247186).
cost(14, 15, 132174).
cost(14, 16, 231231).
cost(14, 17, 152356).
cost(14, 18, 46184).
cost(14, 19, 217435).
cost(14, 20, 142491).
cost(15, 1, 176552).
cost(15, 2, 172932).
cost(15, 3, 197824).
cost(15, 4, 281129).
cost(15, 5, 421250).
cost(15, 6, 494998).
cost(15, 7, 514447).
cost(15, 8, 117236).
cost(15, 9, 408321).
cost(15, 10, 119663).
cost(15, 11, 157145).
cost(15, 12, 147723).
cost(15, 13, 343974).
cost(15, 14, 132174).
cost(15, 16, 155349).
cost(15, 17, 277747).
cost(15, 18, 167953).
cost(15, 19, 244974).
cost(15, 20, 229440).
cost(16, 1, 258050).
cost(16, 2, 309378).
cost(16, 3, 352763).
cost(16, 4, 350000).
cost(16, 5, 473905).
cost(16, 6, 611286).
cost(16, 7, 460819).
cost(16, 8, 254064).
cost(16, 9, 407524).
cost(16, 10, 116490).
cost(16, 11, 278022).
cost(16, 12, 263185).
cost(16, 13, 330840).
cost(16, 14, 231231).
cost(16, 15, 155349).
cost(16, 17, 325994).
cost(16, 18, 277259).
cost(16, 19, 398569).
cost(16, 20, 364186).
cost(17, 1, 450511).
cost(17, 2, 404059).
cost(17, 3, 315148).
cost(17, 4, 553364).
cost(17, 5, 694397).
cost(17, 6, 716051).
cost(17, 7, 774770).
cost(17, 8, 209399).
cost(17, 9, 684479).
cost(17, 10, 378610).
cost(17, 11, 411936).
cost(17, 12, 408806).
cost(17, 13, 132064).
cost(17, 14, 152356).
cost(17, 15, 277747).
cost(17, 16, 325994).
cost(17, 18, 143547).
cost(17, 19, 321683).
cost(17, 20, 212004).
cost(18, 1, 323830).
cost(18, 2, 263232).
cost(18, 3, 174840).
cost(18, 4, 422724).
cost(18, 5, 562952).
cost(18, 6, 572514).
cost(18, 7, 682395).
cost(18, 8, 68738).
cost(18, 9, 571187).
cost(18, 10, 285541).
cost(18, 11, 276196).
cost(18, 12, 275518).
cost(18, 13, 257486).
cost(18, 14, 46184).
cost(18, 15, 167953).
cost(18, 16, 277259).
cost(18, 17, 143547).
cost(18, 19, 190733).
cost(18, 20, 100979).
cost(19, 1, 299797).
cost(19, 2, 188730).
cost(19, 3, 51587).
cost(19, 4, 367110).
cost(19, 5, 490570).
cost(19, 6, 420988).
cost(19, 7, 696603).
cost(19, 8, 158119).
cost(19, 9, 550061).
cost(19, 10, 348089).
cost(19, 11, 229315).
cost(19, 12, 240120).
cost(19, 13, 445864).
cost(19, 14, 217435).
cost(19, 15, 244974).
cost(19, 16, 398569).
cost(19, 17, 321683).
cost(19, 18, 190733).
cost(19, 20, 113391).
cost(20, 1, 346432).
cost(20, 2, 255812).
cost(20, 3, 124579).
cost(20, 4, 432980).
cost(20, 5, 567200).
cost(20, 6, 529392).
cost(20, 7, 731146).
cost(20, 8, 112945).
cost(20, 9, 601853).
cost(20, 10, 348005).
cost(20, 11, 284243).
cost(20, 12, 289434).
cost(20, 13, 340384).
cost(20, 14, 142491).
cost(20, 15, 229440).
cost(20, 16, 364186).
cost(20, 17, 212004).
cost(20, 18, 100979).
cost(20, 19, 113391).
