dimension(20).
point(1, 324814.0, -92314.0).
point(2, -128098.0, -24474.0).
point(3, -614408.0, 252500.0).
point(4, 185429.0, 40999.0).
point(5, 112570.0, 440612.0).
point(6, -104009.0, -270327.0).
point(7, 4497.0, 10555.0).
point(8, -63773.0, -861774.0).
point(9, 112154.0, 229000.0).
point(10, 140787.0, -126583.0).
point(11, -141519.0, 30156.0).
point(12, 91827.0, -160806.0).
point(13, -236238.0, -132847.0).
point(14, -163731.0, 91420.0).
point(15, 462754.0, -429803.0).
point(16, 127399.0, -187273.0).
point(17, 196611.0, 186493.0).
point(18, 77500.0, 158648.0).
point(19, -103761.0, -244986.0).
point(20, 142525.0, -208658.0).
cost(1, 2, 457965).
cost(1, 3, 1000517).
cost(1, 4, 192874).
cost(1, 5, 573635).
cost(1, 6, 464304).
cost(1, 7, 336430).
cost(1, 8, 862014).
cost(1, 9, 385314).
cost(1, 10, 187191).
cost(1, 11, 482147).
cost(1, 12, 242846).
cost(1, 13, 562514).
cost(1, 14, 521952).
cost(1, 15, 364591).
cost(1, 16, 219066).
cost(1, 17, 306870).
cost(1, 18, 352344).
cost(1, 19, 454956).
cost(1, 20, 216253).
cost(2, 1, 457965).
cost(2, 3, 559653).
cost(2, 4, 320290).
cost(2, 5, 523666).
cost(2, 6, 247030).
cost(2, 7, 137144).
cost(2, 8, 839767).
cost(2, 9, 349242).
cost(2, 10, 287620).
cost(2, 11, 56254).
cost(2, 12, 258754).
cost(2, 13, 153098).
cost(2, 14, 121248).
cost(2, 15, 716518).
cost(2, 16, 302956).
cost(2, 17, 387225).
cost(2, 18, 275326).
cost(2, 19, 221851).
cost(2, 20, 327354).
cost(3, 1, 1000517).
cost(3, 2, 559653).
cost(3, 4, 827328).
cost(3, 5, 750922).
cost(3, 6, 730654).
cost(3, 7, 664515).
cost(3, 8, 1242902).
cost(3, 9, 726942).
cost(3, 10, 844999).
cost(3, 11, 522552).
cost(3, 12, 818285).
cost(3, 13, 539912).
cost(3, 14, 478599).
cost(3, 15, 1275075).
cost(3, 16, 862368).
cost(3, 17, 813701).
cost(3, 18, 698244).
cost(3, 19, 712918).
cost(3, 20, 886349).
cost(4, 1, 192874).
cost(4, 2, 320290).
cost(4, 3, 827328).
cost(4, 5, 406201).
cost(4, 6, 425086).
cost(4, 7, 183475).
cost(4, 8, 936537).
cost(4, 9, 201776).
cost(4, 10, 173426).
cost(4, 11, 327128).
cost(4, 12, 222456).
cost(4, 13, 456098).
cost(4, 14, 352782).
cost(4, 15, 546410).
cost(4, 16, 235533).
cost(4, 17, 145923).
cost(4, 18, 159656).
cost(4, 19, 406716).
cost(4, 20, 253317).
cost(5, 1, 573635).
cost(5, 2, 523666).
cost(5, 3, 750922).
cost(5, 4, 406201).
cost(5, 6, 743196).
cost(5, 7, 443428).
cost(5, 8, 1314270).
cost(5, 9, 211612).
cost(5, 10, 567896).
cost(5, 11, 482737).
cost(5, 12, 601776).
cost(5, 13, 671210).
cost(5, 14, 445283).
cost(5, 15, 938217).
cost(5, 16, 628060).
cost(5, 17, 267655).
cost(5, 18, 284137).
cost(5, 19, 718918).
cost(5, 20, 649961).
cost(6, 1, 464304).
cost(6, 2, 247030).
cost(6, 3, 730654).
cost(6, 4, 425086).
cost(6, 5, 743196).
cost(6, 7, 301112).
cost(6, 8, 592814).
cost(6, 9, 544108).
cost(6, 10, 283879).
cost(6, 11, 302815).
cost(6, 12, 224380).
cost(6, 13, 190749).
cost(6, 14, 366644).
cost(6, 15, 588772).
cost(6, 16, 245861).
cost(6, 17, 546861).
cost(6, 18, 465795).
cost(6, 19, 25342).
cost(6, 20, 254130).
cost(7, 1, 336430).
cost(7, 2, 137144).
cost(7, 3, 664515).
cost(7, 4, 183475).
cost(7, 5, 443428).
cost(7, 6, 301112).
cost(7, 8, 874996).
cost(7, 9, 243533).
cost(7, 10, 193344).
cost(7, 11, 147326).
cost(7, 12, 192331).
cost(7, 13, 280210).
cost(7, 14, 186654).
cost(7, 15, 635543).
cost(7, 16, 232897).
cost(7, 17, 260503).
cost(7, 18, 165109).
cost(7, 19, 277527).
cost(7, 20, 259048).
cost(8, 1, 862014).
cost(8, 2, 839767).
cost(8, 3, 1242902).
cost(8, 4, 936537).
cost(8, 5, 1314270).
cost(8, 6, 592814).
cost(8, 7, 874996).
cost(8, 9, 1104870).
cost(8, 10, 763119).
cost(8, 11, 895312).
cost(8, 12, 718030).
cost(8, 13, 749052).
cost(8, 14, 958421).
cost(8, 15, 681050).
cost(8, 16, 701069).
cost(8, 17, 1080122).
cost(8, 18, 1030155).
cost(8, 19, 618083).
cost(8, 20, 684923).
cost(9, 1, 385314).
cost(9, 2, 349242).
cost(9, 3, 726942).
cost(9, 4, 201776).
cost(9, 5, 211612).
cost(9, 6, 544108).
cost(9, 7, 243533).
cost(9, 8, 1104870).
cost(9, 10, 356734).
cost(9, 11, 322318).
cost(9, 12, 390336).
cost(9, 13, 502305).
cost(9, 14, 308287).
cost(9, 15, 746285).
cost(9, 16, 416552).
cost(9, 17, 94551).
cost(9, 18, 78424).
cost(9, 19, 520847).
cost(9, 20, 438711).
cost(10, 1, 187191).
cost(10, 2, 287620).
cost(10, 3, 844999).
cost(10, 4, 173426).
cost(10, 5, 567896).
cost(10, 6, 283879).
cost(10, 7, 193344).
cost(10, 8, 763119).
cost(10, 9, 356734).
cost(10, 11, 322899).
cost(10, 12, 59735).
cost(10, 13, 377077).
cost(10, 14, 374508).
cost(10, 15, 442273).
cost(10, 16, 62149).
cost(10, 17, 318014).
cost(10, 18, 292168).
cost(10, 19, 271704).
cost(10, 20, 82093).
cost(11, 1, 482147).
cost(11, 2, 56254).
cost(11, 3, 522552).
cost(11, 4, 327128).
cost(11, 5, 482737).
cost(11, 6, 302815).
cost(11, 7, 147326).
cost(11, 8, 895312).
cost(11, 9, 322318).
cost(11, 10, 322899).
cost(11, 12, 301524).
cost(11, 13, 188525).
cost(11, 14, 65166).
cost(11, 15, 759413).
cost(11, 16, 345821).
cost(11, 17, 372523).
cost(11, 18, 253928).
cost(11, 19, 277721).
cost(11, 20, 371097).
cost(12, 1, 242846).
cost(12, 2, 258754).
cost(12, 3, 818285).
cost(12, 4, 222456).
cost(12, 5, 601776).
cost(12, 6, 224380).
cost(12, 7, 192331).
cost(12, 8, 718030).
cost(12, 9, 390336).
cost(12, 10, 59735).
cost(12, 11, 301524).
cost(12, 13, 329254).
cost(12, 14, 359065).
cost(12, 15, 458199).
cost(12, 16, 44338).
cost(12, 17, 362762).
cost(12, 18, 319775).
cost(12, 19, 212934).
cost(12, 20, 69714).
cost(13, 1, 562514).
cost(13, 2, 153098).
cost(13, 3, 539912).
cost(13, 4, 456098).
cost(13, 5, 671210).
cost(13, 6, 190749).
cost(13, 7, 280210).
cost(13, 8, 749052).
cost(13, 9, 502305).
cost(13, 10, 377077).
cost(13, 11, 188525).
cost(13, 12, 329254).
cost(13, 14, 235697).
cost(13, 15, 759456).
cost(13, 16, 367687).
cost(13, 17, 537900).
cost(13, 18, 428253).
cost(13, 19, 173566).
cost(13, 20, 386275).
cost(14, 1, 521952).
cost(14, 2, 121248).
cost(14, 3, 478599).
cost(14, 4, 352782).
cost(14, 5, 445283).
cost(14, 6, 366644).
cost(14, 7, 186654).
cost(14, 8, 958421).
cost(14, 9, 308287).
cost(14, 10, 374508).
cost(14, 11, 65166).
cost(14, 12, 359065).
cost(14, 13, 235697).
cost(14, 15, 814958).
cost(14, 16, 403022).
cost(14, 17, 372673).
cost(14, 18, 250424).
cost(14, 19, 341710).
cost(14, 20, 428765).
cost(15, 1, 364591).
cost(15, 2, 716518).
cost(15, 3, 1275075).
cost(15, 4, 546410).
cost(15, 5, 938217).
cost(15, 6, 588772).
cost(15, 7, 635543).
cost(15, 8, 681050).
cost(15, 9, 746285).
cost(15, 10, 442273).
cost(15, 11, 759413).
cost(15, 12, 458199).
cost(15, 13, 759456).
cost(15, 14, 814958).
cost(15, 16, 413864).
cost(15, 17, 671307).
cost(15, 18, 703346).
cost(15, 19, 595900).
cost(15, 20, 389168).
cost(16, 1, 219066).
cost(16, 2, 302956).
cost(16, 3, 862368).
cost(16, 4, 235533).
cost(16, 5, 628060).
cost(16, 6, 245861).
cost(16, 7, 232897).
cost(16, 8, 701069).
cost(16, 9, 416552).
cost(16, 10, 62149).
cost(16, 11, 345821).
cost(16, 12, 44338).
cost(16, 13, 367687).
cost(16, 14, 403022).
cost(16, 15, 413864).
cost(16, 17, 380120).
cost(16, 18, 349501).
cost(16, 19, 238256).
cost(16, 20, 26194).
cost(17, 1, 306870).
cost(17, 2, 387225).
cost(17, 3, 813701).
cost(17, 4, 145923).
cost(17, 5, 267655).
cost(17, 6, 546861).
cost(17, 7, 260503).
cost(17, 8, 1080122).
cost(17, 9, 94551).
cost(17, 10, 318014).
cost(17, 11, 372523).
cost(17, 12, 362762).
cost(17, 13, 537900).
cost(17, 14, 372673).
cost(17, 15, 671307).
cost(17, 16, 380120).
cost(17, 18, 122322).
cost(17, 19, 525735).
cost(17, 20, 398835).
cost(18, 1, 352344).
cost(18, 2, 275326).
cost(18, 3, 698244).
cost(18, 4, 159656).
cost(18, 5, 284137).
cost(18, 6, 465795).
cost(18, 7, 165109).
cost(18, 8, 1030155).
cost(18, 9, 78424).
cost(18, 10, 292168).
cost(18, 11, 253928).
cost(18, 12, 319775).
cost(18, 13, 428253).
cost(18, 14, 250424).
cost(18, 15, 703346).
cost(18, 16, 349501).
cost(18, 17, 122322).
cost(18, 19, 442466).
cost(18, 20, 373017).
cost(19, 1, 454956).
cost(19, 2, 221851).
cost(19, 3, 712918).
cost(19, 4, 406716).
cost(19, 5, 718918).
cost(19, 6, 25342).
cost(19, 7, 277527).
cost(19, 8, 618083).
cost(19, 9, 520847).
cost(19, 10, 271704).
cost(19, 11, 277721).
cost(19, 12, 212934).
cost(19, 13, 173566).
cost(19, 14, 341710).
cost(19, 15, 595900).
cost(19, 16, 238256).
cost(19, 17, 525735).
cost(19, 18, 442466).
cost(19, 20, 248951).
cost(20, 1, 216253).
cost(20, 2, 327354).
cost(20, 3, 886349).
cost(20, 4, 253317).
cost(20, 5, 649961).
cost(20, 6, 254130).
cost(20, 7, 259048).
cost(20, 8, 684923).
cost(20, 9, 438711).
cost(20, 10, 82093).
cost(20, 11, 371097).
cost(20, 12, 69714).
cost(20, 13, 386275).
cost(20, 14, 428765).
cost(20, 15, 389168).
cost(20, 16, 26194).
cost(20, 17, 398835).
cost(20, 18, 373017).
cost(20, 19, 248951).
