dimension(20).
point(1, -8276.0, 431668.0).
point(2, 19298.0, -76813.0).
point(3, -53383.0, 256815.0).
point(4, 136774.0, 224179.0).
point(5, -65051.0, 129619.0).
point(6, -18800.0, -107768.0).
point(7, -284647.0, 130137.0).
point(8, -40445.0, 245441.0).
point(9, 79300.0, 140617.0).
point(10, -17373.0, 117337.0).
point(11, -206597.0, -294672.0).
point(12, -294155.0, -299965.0).
point(13, 44671.0, -56856.0).
point(14, 53499.0, -244656.0).
point(15, -128906.0, 128223.0).
point(16, 229553.0, -136325.0).
point(17, 296061.0, 178159.0).
point(18, 225342.0, -193249.0).
point(19, 77697.0, 280854.0).
point(20, -292380.0, 239817.0).
cost(1, 2, 509228).
cost(1, 3, 180577).
cost(1, 4, 253162).
cost(1, 5, 307339).
cost(1, 6, 539539).
cost(1, 7, 409026).
cost(1, 8, 188985).
cost(1, 9, 303941).
cost(1, 10, 314463).
cost(1, 11, 752928).
cost(1, 12, 785502).
cost(1, 13, 491385).
cost(1, 14, 679139).
cost(1, 15, 326543).
cost(1, 16, 615775).
cost(1, 17, 396091).
cost(1, 18, 667157).
cost(1, 19, 173598).
cost(1, 20, 342815).
cost(2, 1, 509228).
cost(2, 3, 341453).
cost(2, 4, 323105).
cost(2, 5, 223000).
cost(2, 6, 49088).
cost(2, 7, 367710).
cost(2, 8, 327745).
cost(2, 9, 225557).
cost(2, 10, 197583).
cost(2, 11, 313833).
cost(2, 12, 384772).
cost(2, 13, 32281).
cost(2, 14, 171292).
cost(2, 15, 252990).
cost(2, 16, 218515).
cost(2, 17, 376309).
cost(2, 18, 236667).
cost(2, 19, 362403).
cost(2, 20, 444295).
cost(3, 1, 180577).
cost(3, 2, 341453).
cost(3, 4, 192937).
cost(3, 5, 127730).
cost(3, 6, 366220).
cost(3, 7, 263686).
cost(3, 8, 17227).
cost(3, 9, 176371).
cost(3, 10, 144051).
cost(3, 11, 572374).
cost(3, 12, 606610).
cost(3, 13, 328640).
cost(3, 14, 512735).
cost(3, 15, 149130).
cost(3, 16, 484367).
cost(3, 17, 358187).
cost(3, 18, 529382).
cost(3, 19, 133266).
cost(3, 20, 239601).
cost(4, 1, 253162).
cost(4, 2, 323105).
cost(4, 3, 192937).
cost(4, 5, 222879).
cost(4, 6, 366595).
cost(4, 7, 431786).
cost(4, 8, 178490).
cost(4, 9, 101419).
cost(4, 10, 187554).
cost(4, 11, 622182).
cost(4, 12, 678548).
cost(4, 13, 295743).
cost(4, 14, 476173).
cost(4, 15, 282477).
cost(4, 16, 372251).
cost(4, 17, 165802).
cost(4, 18, 426721).
cost(4, 19, 81867).
cost(4, 20, 429439).
cost(5, 1, 307339).
cost(5, 2, 223000).
cost(5, 3, 127730).
cost(5, 4, 222879).
cost(5, 6, 241851).
cost(5, 7, 219597).
cost(5, 8, 118407).
cost(5, 9, 144769).
cost(5, 10, 49235).
cost(5, 11, 447279).
cost(5, 12, 486858).
cost(5, 13, 216360).
cost(5, 14, 392601).
cost(5, 15, 63870).
cost(5, 16, 396885).
cost(5, 17, 364360).
cost(5, 18, 434249).
cost(5, 19, 207964).
cost(5, 20, 252630).
cost(6, 1, 539539).
cost(6, 2, 49088).
cost(6, 3, 366220).
cost(6, 4, 366595).
cost(6, 5, 241851).
cost(6, 7, 356754).
cost(6, 8, 353872).
cost(6, 9, 267056).
cost(6, 10, 225110).
cost(6, 11, 264954).
cost(6, 12, 335798).
cost(6, 13, 81367).
cost(6, 14, 154808).
cost(6, 15, 260413).
cost(6, 16, 249989).
cost(6, 17, 425314).
cost(6, 18, 258674).
cost(6, 19, 400423).
cost(6, 20, 442336).
cost(7, 1, 409026).
cost(7, 2, 367710).
cost(7, 3, 263686).
cost(7, 4, 431786).
cost(7, 5, 219597).
cost(7, 6, 356754).
cost(7, 8, 270055).
cost(7, 9, 364098).
cost(7, 10, 267580).
cost(7, 11, 431920).
cost(7, 12, 430207).
cost(7, 13, 378704).
cost(7, 14, 504790).
cost(7, 15, 155753).
cost(7, 16, 579140).
cost(7, 17, 582690).
cost(7, 18, 603877).
cost(7, 19, 392440).
cost(7, 20, 109952).
cost(8, 1, 188985).
cost(8, 2, 327745).
cost(8, 3, 17227).
cost(8, 4, 178490).
cost(8, 5, 118407).
cost(8, 6, 353872).
cost(8, 7, 270055).
cost(8, 9, 159144).
cost(8, 10, 130165).
cost(8, 11, 565092).
cost(8, 12, 601528).
cost(8, 13, 314051).
cost(8, 14, 499020).
cost(8, 15, 146852).
cost(8, 16, 467594).
cost(8, 17, 343166).
cost(8, 18, 512925).
cost(8, 19, 123335).
cost(8, 20, 251998).
cost(9, 1, 303941).
cost(9, 2, 225557).
cost(9, 3, 176371).
cost(9, 4, 101419).
cost(9, 5, 144769).
cost(9, 6, 267056).
cost(9, 7, 364098).
cost(9, 8, 159144).
cost(9, 10, 99437).
cost(9, 11, 520782).
cost(9, 12, 577565).
cost(9, 13, 200486).
cost(9, 14, 386136).
cost(9, 15, 208575).
cost(9, 16, 315076).
cost(9, 17, 219988).
cost(9, 18, 364410).
cost(9, 19, 140246).
cost(9, 20, 384690).
cost(10, 1, 314463).
cost(10, 2, 197583).
cost(10, 3, 144051).
cost(10, 4, 187554).
cost(10, 5, 49235).
cost(10, 6, 225110).
cost(10, 7, 267580).
cost(10, 8, 130165).
cost(10, 9, 99437).
cost(10, 11, 453384).
cost(10, 12, 500749).
cost(10, 13, 184913).
cost(10, 14, 368866).
cost(10, 15, 112063).
cost(10, 16, 354001).
cost(10, 17, 319281).
cost(10, 18, 394175).
cost(10, 19, 189146).
cost(10, 20, 301049).
cost(11, 1, 752928).
cost(11, 2, 313833).
cost(11, 3, 572374).
cost(11, 4, 622182).
cost(11, 5, 447279).
cost(11, 6, 264954).
cost(11, 7, 431920).
cost(11, 8, 565092).
cost(11, 9, 520782).
cost(11, 10, 453384).
cost(11, 12, 87718).
cost(11, 13, 345965).
cost(11, 14, 264861).
cost(11, 15, 429972).
cost(11, 16, 464005).
cost(11, 17, 690097).
cost(11, 18, 443687).
cost(11, 19, 641914).
cost(11, 20, 541329).
cost(12, 1, 785502).
cost(12, 2, 384772).
cost(12, 3, 606610).
cost(12, 4, 678548).
cost(12, 5, 486858).
cost(12, 6, 335798).
cost(12, 7, 430207).
cost(12, 8, 601528).
cost(12, 9, 577565).
cost(12, 10, 500749).
cost(12, 11, 87718).
cost(12, 13, 417019).
cost(12, 14, 352026).
cost(12, 15, 458969).
cost(12, 16, 548679).
cost(12, 17, 759577).
cost(12, 18, 530345).
cost(12, 19, 689655).
cost(12, 20, 539785).
cost(13, 1, 491385).
cost(13, 2, 32281).
cost(13, 3, 328640).
cost(13, 4, 295743).
cost(13, 5, 216360).
cost(13, 6, 81367).
cost(13, 7, 378704).
cost(13, 8, 314051).
cost(13, 9, 200486).
cost(13, 10, 184913).
cost(13, 11, 345965).
cost(13, 12, 417019).
cost(13, 14, 188007).
cost(13, 15, 253738).
cost(13, 16, 201238).
cost(13, 17, 344135).
cost(13, 18, 226374).
cost(13, 19, 339321).
cost(13, 20, 449019).
cost(14, 1, 679139).
cost(14, 2, 171292).
cost(14, 3, 512735).
cost(14, 4, 476173).
cost(14, 5, 392601).
cost(14, 6, 154808).
cost(14, 7, 504790).
cost(14, 8, 499020).
cost(14, 9, 386136).
cost(14, 10, 368866).
cost(14, 11, 264861).
cost(14, 12, 352026).
cost(14, 13, 188007).
cost(14, 15, 415103).
cost(14, 16, 206714).
cost(14, 17, 487451).
cost(14, 18, 179367).
cost(14, 19, 526067).
cost(14, 20, 595270).
cost(15, 1, 326543).
cost(15, 2, 252990).
cost(15, 3, 149130).
cost(15, 4, 282477).
cost(15, 5, 63870).
cost(15, 6, 260413).
cost(15, 7, 155753).
cost(15, 8, 146852).
cost(15, 9, 208575).
cost(15, 10, 112063).
cost(15, 11, 429972).
cost(15, 12, 458969).
cost(15, 13, 253738).
cost(15, 14, 415103).
cost(15, 16, 445509).
cost(15, 17, 427891).
cost(15, 18, 478368).
cost(15, 19, 256868).
cost(15, 20, 197932).
cost(16, 1, 615775).
cost(16, 2, 218515).
cost(16, 3, 484367).
cost(16, 4, 372251).
cost(16, 5, 396885).
cost(16, 6, 249989).
cost(16, 7, 579140).
cost(16, 8, 467594).
cost(16, 9, 315076).
cost(16, 10, 354001).
cost(16, 11, 464005).
cost(16, 12, 548679).
cost(16, 13, 201238).
cost(16, 14, 206714).
cost(16, 15, 445509).
cost(16, 17, 321440).
cost(16, 18, 57080).
cost(16, 19, 443958).
cost(16, 20, 643348).
cost(17, 1, 396091).
cost(17, 2, 376309).
cost(17, 3, 358187).
cost(17, 4, 165802).
cost(17, 5, 364360).
cost(17, 6, 425314).
cost(17, 7, 582690).
cost(17, 8, 343166).
cost(17, 9, 219988).
cost(17, 10, 319281).
cost(17, 11, 690097).
cost(17, 12, 759577).
cost(17, 13, 344135).
cost(17, 14, 487451).
cost(17, 15, 427891).
cost(17, 16, 321440).
cost(17, 18, 378081).
cost(17, 19, 241307).
cost(17, 20, 591663).
cost(18, 1, 667157).
cost(18, 2, 236667).
cost(18, 3, 529382).
cost(18, 4, 426721).
cost(18, 5, 434249).
cost(18, 6, 258674).
cost(18, 7, 603877).
cost(18, 8, 512925).
cost(18, 9, 364410).
cost(18, 10, 394175).
cost(18, 11, 443687).
cost(18, 12, 530345).
cost(18, 13, 226374).
cost(18, 14, 179367).
cost(18, 15, 478368).
cost(18, 16, 57080).
cost(18, 17, 378081).
cost(18, 19, 496561).
cost(18, 20, 674968).
cost(19, 1, 173598).
cost(19, 2, 362403).
cost(19, 3, 133266).
cost(19, 4, 81867).
cost(19, 5, 207964).
cost(19, 6, 400423).
cost(19, 7, 392440).
cost(19, 8, 123335).
cost(19, 9, 140246).
cost(19, 10, 189146).
cost(19, 11, 641914).
cost(19, 12, 689655).
cost(19, 13, 339321).
cost(19, 14, 526067).
cost(19, 15, 256868).
cost(19, 16, 443958).
cost(19, 17, 241307).
cost(19, 18, 496561).
cost(19, 20, 372345).
cost(20, 1, 342815).
cost(20, 2, 444295).
cost(20, 3, 239601).
cost(20, 4, 429439).
cost(20, 5, 252630).
cost(20, 6, 442336).
cost(20, 7, 109952).
cost(20, 8, 251998).
cost(20, 9, 384690).
cost(20, 10, 301049).
cost(20, 11, 541329).
cost(20, 12, 539785).
cost(20, 13, 449019).
cost(20, 14, 595270).
cost(20, 15, 197932).
cost(20, 16, 643348).
cost(20, 17, 591663).
cost(20, 18, 674968).
cost(20, 19, 372345).
