dimension(20).
point(1, 20223.0, -171835.0).
point(2, -164119.0, -24509.0).
point(3, 76698.0, 390075.0).
point(4, -48759.0, -78483.0).
point(5, 12252.0, 359639.0).
point(6, -156225.0, 51178.0).
point(7, 145333.0, -180889.0).
point(8, 132806.0, -115338.0).
point(9, -118664.0, 461500.0).
point(10, 356521.0, 18092.0).
point(11, -168542.0, 367906.0).
point(12, -67262.0, -241088.0).
point(13, 363831.0, 182752.0).
point(14, -238991.0, -120460.0).
point(15, 142762.0, 129985.0).
point(16, 130850.0, 33267.0).
point(17, 218064.0, 114466.0).
point(18, 251814.0, 68335.0).
point(19, 18220.0, 147556.0).
point(20, 38208.0, -313272.0).
cost(1, 2, 235981).
cost(1, 3, 564741).
cost(1, 4, 116074).
cost(1, 5, 531534).
cost(1, 6, 284374).
cost(1, 7, 125437).
cost(1, 8, 125964).
cost(1, 9, 648385).
cost(1, 10, 386224).
cost(1, 11, 571798).
cost(1, 12, 111578).
cost(1, 13, 493759).
cost(1, 14, 264256).
cost(1, 15, 325747).
cost(1, 16, 233035).
cost(1, 17, 348008).
cost(1, 18, 333641).
cost(1, 19, 319397).
cost(1, 20, 142576).
cost(2, 1, 235981).
cost(2, 3, 479450).
cost(2, 4, 127362).
cost(2, 5, 422701).
cost(2, 6, 76098).
cost(2, 7, 346721).
cost(2, 8, 310507).
cost(2, 9, 488130).
cost(2, 10, 522380).
cost(2, 11, 392440).
cost(2, 12, 237250).
cost(2, 13, 567176).
cost(2, 14, 121706).
cost(2, 15, 343576).
cost(2, 16, 300574).
cost(2, 17, 406667).
cost(2, 18, 426169).
cost(2, 19, 250707).
cost(2, 20, 352591).
cost(3, 1, 564741).
cost(3, 2, 479450).
cost(3, 4, 485063).
cost(3, 5, 71272).
cost(3, 6, 411223).
cost(3, 7, 575074).
cost(3, 8, 508518).
cost(3, 9, 208009).
cost(3, 10, 465481).
cost(3, 11, 246240).
cost(3, 12, 647373).
cost(3, 13, 354158).
cost(3, 14, 600255).
cost(3, 15, 268349).
cost(3, 16, 360894).
cost(3, 17, 309749).
cost(3, 18, 366309).
cost(3, 19, 249470).
cost(3, 20, 704399).
cost(4, 1, 116074).
cost(4, 2, 127362).
cost(4, 3, 485063).
cost(4, 5, 442350).
cost(4, 6, 168407).
cost(4, 7, 219451).
cost(4, 8, 185268).
cost(4, 9, 544489).
cost(4, 10, 416628).
cost(4, 11, 462181).
cost(4, 12, 163654).
cost(4, 13, 488338).
cost(4, 14, 194808).
cost(4, 15, 283089).
cost(4, 16, 211536).
cost(4, 17, 329278).
cost(4, 18, 334514).
cost(4, 19, 235754).
cost(4, 20, 250378).
cost(5, 1, 531534).
cost(5, 2, 422701).
cost(5, 3, 71272).
cost(5, 4, 442350).
cost(5, 6, 351472).
cost(5, 7, 556670).
cost(5, 8, 490037).
cost(5, 9, 165875).
cost(5, 10, 484949).
cost(5, 11, 180983).
cost(5, 12, 605967).
cost(5, 13, 393569).
cost(5, 14, 541865).
cost(5, 15, 264147).
cost(5, 16, 347252).
cost(5, 17, 320107).
cost(5, 18, 377158).
cost(5, 19, 212167).
cost(5, 20, 673411).
cost(6, 1, 284374).
cost(6, 2, 76098).
cost(6, 3, 411223).
cost(6, 4, 168407).
cost(6, 5, 351472).
cost(6, 7, 380516).
cost(6, 8, 333566).
cost(6, 9, 412038).
cost(6, 10, 513812).
cost(6, 11, 316967).
cost(6, 12, 305506).
cost(6, 13, 536442).
cost(6, 14, 190551).
cost(6, 15, 309199).
cost(6, 16, 287633).
cost(6, 17, 379602).
cost(6, 18, 408400).
cost(6, 19, 199298).
cost(6, 20, 413071).
cost(7, 1, 125437).
cost(7, 2, 346721).
cost(7, 3, 575074).
cost(7, 4, 219451).
cost(7, 5, 556670).
cost(7, 6, 380516).
cost(7, 8, 66737).
cost(7, 9, 694520).
cost(7, 10, 290162).
cost(7, 11, 632213).
cost(7, 12, 220954).
cost(7, 13, 424236).
cost(7, 14, 389046).
cost(7, 15, 310885).
cost(7, 16, 214645).
cost(7, 17, 304178).
cost(7, 18, 271018).
cost(7, 19, 352184).
cost(7, 20, 170297).
cost(8, 1, 125964).
cost(8, 2, 310507).
cost(8, 3, 508518).
cost(8, 4, 185268).
cost(8, 5, 490037).
cost(8, 6, 333566).
cost(8, 7, 66737).
cost(8, 9, 629269).
cost(8, 10, 260484).
cost(8, 11, 569505).
cost(8, 12, 236305).
cost(8, 13, 377134).
cost(8, 14, 371832).
cost(8, 15, 245525).
cost(8, 16, 148618).
cost(8, 17, 245110).
cost(8, 18, 218858).
cost(8, 19, 286781).
cost(8, 20, 219378).
cost(9, 1, 648385).
cost(9, 2, 488130).
cost(9, 3, 208009).
cost(9, 4, 544489).
cost(9, 5, 165875).
cost(9, 6, 412038).
cost(9, 7, 694520).
cost(9, 8, 629269).
cost(9, 10, 649932).
cost(9, 11, 106055).
cost(9, 12, 704466).
cost(9, 13, 557227).
cost(9, 14, 594269).
cost(9, 15, 422192).
cost(9, 16, 495622).
cost(9, 17, 483548).
cost(9, 18, 540215).
cost(9, 19, 342488).
cost(9, 20, 790494).
cost(10, 1, 386224).
cost(10, 2, 522380).
cost(10, 3, 465481).
cost(10, 4, 416628).
cost(10, 5, 484949).
cost(10, 6, 513812).
cost(10, 7, 290162).
cost(10, 8, 260484).
cost(10, 9, 649932).
cost(10, 11, 630921).
cost(10, 12, 496756).
cost(10, 13, 164822).
cost(10, 14, 611417).
cost(10, 15, 241274).
cost(10, 16, 226181).
cost(10, 17, 168696).
cost(10, 18, 116137).
cost(10, 19, 362227).
cost(10, 20, 459484).
cost(11, 1, 571798).
cost(11, 2, 392440).
cost(11, 3, 246240).
cost(11, 4, 462181).
cost(11, 5, 180983).
cost(11, 6, 316967).
cost(11, 7, 632213).
cost(11, 8, 569505).
cost(11, 9, 106055).
cost(11, 10, 630921).
cost(11, 12, 617358).
cost(11, 13, 563652).
cost(11, 14, 493421).
cost(11, 15, 391812).
cost(11, 16, 449020).
cost(11, 17, 462273).
cost(11, 18, 516180).
cost(11, 19, 288850).
cost(11, 20, 711863).
cost(12, 1, 111578).
cost(12, 2, 237250).
cost(12, 3, 647373).
cost(12, 4, 163654).
cost(12, 5, 605967).
cost(12, 6, 305506).
cost(12, 7, 220954).
cost(12, 8, 236305).
cost(12, 9, 704466).
cost(12, 10, 496756).
cost(12, 11, 617358).
cost(12, 13, 604551).
cost(12, 14, 209862).
cost(12, 15, 426386).
cost(12, 16, 338407).
cost(12, 17, 455883).
cost(12, 18, 444468).
cost(12, 19, 397934).
cost(12, 20, 127806).
cost(13, 1, 493759).
cost(13, 2, 567176).
cost(13, 3, 354158).
cost(13, 4, 488338).
cost(13, 5, 393569).
cost(13, 6, 536442).
cost(13, 7, 424236).
cost(13, 8, 377134).
cost(13, 9, 557227).
cost(13, 10, 164822).
cost(13, 11, 563652).
cost(13, 12, 604551).
cost(13, 14, 674783).
cost(13, 15, 227279).
cost(13, 16, 276814).
cost(13, 17, 160969).
cost(13, 18, 160122).
cost(13, 19, 347399).
cost(13, 20, 593355).
cost(14, 1, 264256).
cost(14, 2, 121706).
cost(14, 3, 600255).
cost(14, 4, 194808).
cost(14, 5, 541865).
cost(14, 6, 190551).
cost(14, 7, 389046).
cost(14, 8, 371832).
cost(14, 9, 594269).
cost(14, 10, 611417).
cost(14, 11, 493421).
cost(14, 12, 209862).
cost(14, 13, 674783).
cost(14, 15, 456572).
cost(14, 16, 400518).
cost(14, 17, 513896).
cost(14, 18, 525864).
cost(14, 19, 371470).
cost(14, 20, 337662).
cost(15, 1, 325747).
cost(15, 2, 343576).
cost(15, 3, 268349).
cost(15, 4, 283089).
cost(15, 5, 264147).
cost(15, 6, 309199).
cost(15, 7, 310885).
cost(15, 8, 245525).
cost(15, 9, 422192).
cost(15, 10, 241274).
cost(15, 11, 391812).
cost(15, 12, 426386).
cost(15, 13, 227279).
cost(15, 14, 456572).
cost(15, 16, 97449).
cost(15, 17, 76885).
cost(15, 18, 125272).
cost(15, 19, 125775).
cost(15, 20, 455421).
cost(16, 1, 233035).
cost(16, 2, 300574).
cost(16, 3, 360894).
cost(16, 4, 211536).
cost(16, 5, 347252).
cost(16, 6, 287633).
cost(16, 7, 214645).
cost(16, 8, 148618).
cost(16, 9, 495622).
cost(16, 10, 226181).
cost(16, 11, 449020).
cost(16, 12, 338407).
cost(16, 13, 276814).
cost(16, 14, 400518).
cost(16, 15, 97449).
cost(16, 17, 119162).
cost(16, 18, 125945).
cost(16, 19, 160460).
cost(16, 20, 358709).
cost(17, 1, 348008).
cost(17, 2, 406667).
cost(17, 3, 309749).
cost(17, 4, 329278).
cost(17, 5, 320107).
cost(17, 6, 379602).
cost(17, 7, 304178).
cost(17, 8, 245110).
cost(17, 9, 483548).
cost(17, 10, 168696).
cost(17, 11, 462273).
cost(17, 12, 455883).
cost(17, 13, 160969).
cost(17, 14, 513896).
cost(17, 15, 76885).
cost(17, 16, 119162).
cost(17, 18, 57159).
cost(17, 19, 202565).
cost(17, 20, 464013).
cost(18, 1, 333641).
cost(18, 2, 426169).
cost(18, 3, 366309).
cost(18, 4, 334514).
cost(18, 5, 377158).
cost(18, 6, 408400).
cost(18, 7, 271018).
cost(18, 8, 218858).
cost(18, 9, 540215).
cost(18, 10, 116137).
cost(18, 11, 516180).
cost(18, 12, 444468).
cost(18, 13, 160122).
cost(18, 14, 525864).
cost(18, 15, 125272).
cost(18, 16, 125945).
cost(18, 17, 57159).
cost(18, 19, 246662).
cost(18, 20, 437323).
cost(19, 1, 319397).
cost(19, 2, 250707).
cost(19, 3, 249470).
cost(19, 4, 235754).
cost(19, 5, 212167).
cost(19, 6, 199298).
cost(19, 7, 352184).
cost(19, 8, 286781).
cost(19, 9, 342488).
cost(19, 10, 362227).
cost(19, 11, 288850).
cost(19, 12, 397934).
cost(19, 13, 347399).
cost(19, 14, 371470).
cost(19, 15, 125775).
cost(19, 16, 160460).
cost(19, 17, 202565).
cost(19, 18, 246662).
cost(19, 20, 461261).
cost(20, 1, 142576).
cost(20, 2, 352591).
cost(20, 3, 704399).
cost(20, 4, 250378).
cost(20, 5, 673411).
cost(20, 6, 413071).
cost(20, 7, 170297).
cost(20, 8, 219378).
cost(20, 9, 790494).
cost(20, 10, 459484).
cost(20, 11, 711863).
cost(20, 12, 127806).
cost(20, 13, 593355).
cost(20, 14, 337662).
cost(20, 15, 455421).
cost(20, 16, 358709).
cost(20, 17, 464013).
cost(20, 18, 437323).
cost(20, 19, 461261).
