dimension(20).
point(1, 277095.0, 93079.0).
point(2, -258833.0, 421639.0).
point(3, 152216.0, 553113.0).
point(4, 148569.0, 103008.0).
point(5, 87579.0, 168041.0).
point(6, -181124.0, 185952.0).
point(7, -62103.0, 311582.0).
point(8, -365902.0, -334839.0).
point(9, 128752.0, 252253.0).
point(10, 273270.0, 174754.0).
point(11, 378206.0, -258976.0).
point(12, 114718.0, -376383.0).
point(13, -71983.0, -70269.0).
point(14, 85630.0, 278367.0).
point(15, 165734.0, -549872.0).
point(16, -7896.0, 299941.0).
point(17, 42935.0, -92915.0).
point(18, -13187.0, 5604.0).
point(19, 305660.0, 24679.0).
point(20, 106143.0, -14013.0).
cost(1, 2, 628626).
cost(1, 3, 476682).
cost(1, 4, 128909).
cost(1, 5, 203803).
cost(1, 6, 467536).
cost(1, 7, 403483).
cost(1, 8, 772372).
cost(1, 9, 217582).
cost(1, 10, 81765).
cost(1, 11, 366287).
cost(1, 12, 496750).
cost(1, 13, 385406).
cost(1, 14, 266440).
cost(1, 15, 652524).
cost(1, 16, 352153).
cost(1, 17, 299040).
cost(1, 18, 303176).
cost(1, 19, 74125).
cost(1, 20, 201726).
cost(2, 1, 628626).
cost(2, 3, 431563).
cost(2, 4, 517206).
cost(2, 5, 429317).
cost(2, 6, 248167).
cost(2, 7, 225422).
cost(2, 8, 764017).
cost(2, 9, 422982).
cost(2, 10, 586588).
cost(2, 11, 932231).
cost(2, 12, 881124).
cost(2, 13, 526200).
cost(2, 14, 373071).
cost(2, 15, 1060231).
cost(2, 16, 278890).
cost(2, 17, 596515).
cost(2, 18, 483143).
cost(2, 19, 690094).
cost(2, 20, 568331).
cost(3, 1, 476682).
cost(3, 2, 431563).
cost(3, 4, 450120).
cost(3, 5, 390459).
cost(3, 6, 495906).
cost(3, 7, 322908).
cost(3, 8, 1028059).
cost(3, 9, 301774).
cost(3, 10, 397253).
cost(3, 11, 842947).
cost(3, 12, 930252).
cost(3, 13, 662473).
cost(3, 14, 282700).
cost(3, 15, 1103068).
cost(3, 16, 299553).
cost(3, 17, 655206).
cost(3, 18, 571948).
cost(3, 19, 550261).
cost(3, 20, 568994).
cost(4, 1, 128909).
cost(4, 2, 517206).
cost(4, 3, 450120).
cost(4, 5, 89158).
cost(4, 6, 339966).
cost(4, 7, 296455).
cost(4, 8, 675567).
cost(4, 9, 150555).
cost(4, 10, 143867).
cost(4, 11, 428679).
cost(4, 12, 480585).
cost(4, 13, 280478).
cost(4, 14, 186312).
cost(4, 15, 653106).
cost(4, 16, 251523).
cost(4, 17, 222586).
cost(4, 18, 188819).
cost(4, 19, 175536).
cost(4, 20, 124474).
cost(5, 1, 203803).
cost(5, 2, 429317).
cost(5, 3, 390459).
cost(5, 4, 89158).
cost(5, 6, 269299).
cost(5, 7, 207385).
cost(5, 8, 677151).
cost(5, 9, 93738).
cost(5, 10, 185812).
cost(5, 11, 516534).
cost(5, 12, 545100).
cost(5, 13, 286796).
cost(5, 14, 110343).
cost(5, 15, 722155).
cost(5, 16, 162828).
cost(5, 17, 264747).
cost(5, 18, 191153).
cost(5, 19, 260983).
cost(5, 20, 182998).
cost(6, 1, 467536).
cost(6, 2, 248167).
cost(6, 3, 495906).
cost(6, 4, 339966).
cost(6, 5, 269299).
cost(6, 7, 173057).
cost(6, 8, 552599).
cost(6, 9, 316890).
cost(6, 10, 454532).
cost(6, 11, 714710).
cost(6, 12, 635408).
cost(6, 13, 278498).
cost(6, 14, 282309).
cost(6, 15, 813479).
cost(6, 16, 207368).
cost(6, 17, 357728).
cost(6, 18, 246431).
cost(6, 19, 512804).
cost(6, 20, 350012).
cost(7, 1, 403483).
cost(7, 2, 225422).
cost(7, 3, 322908).
cost(7, 4, 296455).
cost(7, 5, 207385).
cost(7, 6, 173057).
cost(7, 8, 714251).
cost(7, 9, 199864).
cost(7, 10, 362211).
cost(7, 11, 720700).
cost(7, 12, 710325).
cost(7, 13, 381979).
cost(7, 14, 151421).
cost(7, 15, 891074).
cost(7, 16, 55443).
cost(7, 17, 417912).
cost(7, 18, 309863).
cost(7, 19, 466436).
cost(7, 20, 366495).
cost(8, 1, 772372).
cost(8, 2, 764017).
cost(8, 3, 1028059).
cost(8, 4, 675567).
cost(8, 5, 677151).
cost(8, 6, 552599).
cost(8, 7, 714251).
cost(8, 9, 767698).
cost(8, 10, 817451).
cost(8, 11, 747965).
cost(8, 12, 482412).
cost(8, 13, 395456).
cost(8, 14, 761513).
cost(8, 15, 573477).
cost(8, 16, 728776).
cost(8, 17, 475053).
cost(8, 18, 490214).
cost(8, 19, 761741).
cost(8, 20, 570750).
cost(9, 1, 217582).
cost(9, 2, 422982).
cost(9, 3, 301774).
cost(9, 4, 150555).
cost(9, 5, 93738).
cost(9, 6, 316890).
cost(9, 7, 199864).
cost(9, 8, 767698).
cost(9, 10, 163986).
cost(9, 11, 568843).
cost(9, 12, 628793).
cost(9, 13, 379888).
cost(9, 14, 50413).
cost(9, 15, 802977).
cost(9, 16, 144730).
cost(9, 17, 355676).
cost(9, 18, 284574).
cost(9, 19, 288247).
cost(9, 20, 267224).
cost(10, 1, 81765).
cost(10, 2, 586588).
cost(10, 3, 397253).
cost(10, 4, 143867).
cost(10, 5, 185812).
cost(10, 6, 454532).
cost(10, 7, 362211).
cost(10, 8, 817451).
cost(10, 9, 163986).
cost(10, 11, 446244).
cost(10, 12, 573490).
cost(10, 13, 423363).
cost(10, 14, 214347).
cost(10, 15, 732562).
cost(10, 16, 307776).
cost(10, 17, 353130).
cost(10, 18, 332670).
cost(10, 19, 153531).
cost(10, 20, 252120).
cost(11, 1, 366287).
cost(11, 2, 932231).
cost(11, 3, 842947).
cost(11, 4, 428679).
cost(11, 5, 516534).
cost(11, 6, 714710).
cost(11, 7, 720700).
cost(11, 8, 747965).
cost(11, 9, 568843).
cost(11, 10, 446244).
cost(11, 12, 288462).
cost(11, 13, 488140).
cost(11, 14, 611832).
cost(11, 15, 360229).
cost(11, 16, 679311).
cost(11, 17, 374143).
cost(11, 18, 472431).
cost(11, 19, 292785).
cost(11, 20, 366094).
cost(12, 1, 496750).
cost(12, 2, 881124).
cost(12, 3, 930252).
cost(12, 4, 480585).
cost(12, 5, 545100).
cost(12, 6, 635408).
cost(12, 7, 710325).
cost(12, 8, 482412).
cost(12, 9, 628793).
cost(12, 10, 573490).
cost(12, 11, 288462).
cost(12, 13, 358557).
cost(12, 14, 655396).
cost(12, 15, 180834).
cost(12, 16, 687349).
cost(12, 17, 292416).
cost(12, 18, 402832).
cost(12, 19, 444195).
cost(12, 20, 362471).
cost(13, 1, 385406).
cost(13, 2, 526200).
cost(13, 3, 662473).
cost(13, 4, 280478).
cost(13, 5, 286796).
cost(13, 6, 278498).
cost(13, 7, 381979).
cost(13, 8, 395456).
cost(13, 9, 379888).
cost(13, 10, 423363).
cost(13, 11, 488140).
cost(13, 12, 358557).
cost(13, 14, 382608).
cost(13, 15, 535283).
cost(13, 16, 375716).
cost(13, 17, 117128).
cost(13, 18, 95988).
cost(13, 19, 389396).
cost(13, 20, 186798).
cost(14, 1, 266440).
cost(14, 2, 373071).
cost(14, 3, 282700).
cost(14, 4, 186312).
cost(14, 5, 110343).
cost(14, 6, 282309).
cost(14, 7, 151421).
cost(14, 8, 761513).
cost(14, 9, 50413).
cost(14, 10, 214347).
cost(14, 11, 611832).
cost(14, 12, 655396).
cost(14, 13, 382608).
cost(14, 15, 832104).
cost(14, 16, 95982).
cost(14, 17, 373729).
cost(14, 18, 290111).
cost(14, 19, 335814).
cost(14, 20, 293099).
cost(15, 1, 652524).
cost(15, 2, 1060231).
cost(15, 3, 1103068).
cost(15, 4, 653106).
cost(15, 5, 722155).
cost(15, 6, 813479).
cost(15, 7, 891074).
cost(15, 8, 573477).
cost(15, 9, 802977).
cost(15, 10, 732562).
cost(15, 11, 360229).
cost(15, 12, 180834).
cost(15, 13, 535283).
cost(15, 14, 832104).
cost(15, 16, 867369).
cost(15, 17, 473169).
cost(15, 18, 583581).
cost(15, 19, 591344).
cost(15, 20, 539162).
cost(16, 1, 352153).
cost(16, 2, 278890).
cost(16, 3, 299553).
cost(16, 4, 251523).
cost(16, 5, 162828).
cost(16, 6, 207368).
cost(16, 7, 55443).
cost(16, 8, 728776).
cost(16, 9, 144730).
cost(16, 10, 307776).
cost(16, 11, 679311).
cost(16, 12, 687349).
cost(16, 13, 375716).
cost(16, 14, 95982).
cost(16, 15, 867369).
cost(16, 17, 396131).
cost(16, 18, 294385).
cost(16, 19, 417237).
cost(16, 20, 334024).
cost(17, 1, 299040).
cost(17, 2, 596515).
cost(17, 3, 655206).
cost(17, 4, 222586).
cost(17, 5, 264747).
cost(17, 6, 357728).
cost(17, 7, 417912).
cost(17, 8, 475053).
cost(17, 9, 355676).
cost(17, 10, 353130).
cost(17, 11, 374143).
cost(17, 12, 292416).
cost(17, 13, 117128).
cost(17, 14, 373729).
cost(17, 15, 473169).
cost(17, 16, 396131).
cost(17, 18, 113383).
cost(17, 19, 287842).
cost(17, 20, 101098).
cost(18, 1, 303176).
cost(18, 2, 483143).
cost(18, 3, 571948).
cost(18, 4, 188819).
cost(18, 5, 191153).
cost(18, 6, 246431).
cost(18, 7, 309863).
cost(18, 8, 490214).
cost(18, 9, 284574).
cost(18, 10, 332670).
cost(18, 11, 472431).
cost(18, 12, 402832).
cost(18, 13, 95988).
cost(18, 14, 290111).
cost(18, 15, 583581).
cost(18, 16, 294385).
cost(18, 17, 113383).
cost(18, 19, 319417).
cost(18, 20, 120932).
cost(19, 1, 74125).
cost(19, 2, 690094).
cost(19, 3, 550261).
cost(19, 4, 175536).
cost(19, 5, 260983).
cost(19, 6, 512804).
cost(19, 7, 466436).
cost(19, 8, 761741).
cost(19, 9, 288247).
cost(19, 10, 153531).
cost(19, 11, 292785).
cost(19, 12, 444195).
cost(19, 13, 389396).
cost(19, 14, 335814).
cost(19, 15, 591344).
cost(19, 16, 417237).
cost(19, 17, 287842).
cost(19, 18, 319417).
cost(19, 20, 203234).
cost(20, 1, 201726).
cost(20, 2, 568331).
cost(20, 3, 568994).
cost(20, 4, 124474).
cost(20, 5, 182998).
cost(20, 6, 350012).
cost(20, 7, 366495).
cost(20, 8, 570750).
cost(20, 9, 267224).
cost(20, 10, 252120).
cost(20, 11, 366094).
cost(20, 12, 362471).
cost(20, 13, 186798).
cost(20, 14, 293099).
cost(20, 15, 539162).
cost(20, 16, 334024).
cost(20, 17, 101098).
cost(20, 18, 120932).
cost(20, 19, 203234).
