dimension(20).
point(1, -52646.0, -180614.0).
point(2, -197166.0, 56436.0).
point(3, 55537.0, 368562.0).
point(4, -315652.0, 143261.0).
point(5, -228110.0, -73610.0).
point(6, 22794.0, -83888.0).
point(7, 391301.0, -59805.0).
point(8, 483332.0, 85752.0).
point(9, 5851.0, -92873.0).
point(10, 192784.0, 140079.0).
point(11, -442834.0, 198318.0).
point(12, -200214.0, 57771.0).
point(13, -35909.0, -533453.0).
point(14, -161486.0, 161789.0).
point(15, -284919.0, -3426.0).
point(16, 122395.0, 24948.0).
point(17, -143001.0, -264358.0).
point(18, -212502.0, 38586.0).
point(19, 238425.0, 348751.0).
point(20, -542836.0, -5181.0).
cost(1, 2, 277631).
cost(1, 3, 559730).
cost(1, 4, 417214).
cost(1, 5, 205518).
cost(1, 6, 122667).
cost(1, 7, 460091).
cost(1, 8, 598518).
cost(1, 9, 105453).
cost(1, 10, 403832).
cost(1, 11, 543908).
cost(1, 12, 280364).
cost(1, 13, 353236).
cost(1, 14, 359285).
cost(1, 15, 292141).
cost(1, 16, 269991).
cost(1, 17, 123195).
cost(1, 18, 271298).
cost(1, 19, 604111).
cost(1, 20, 520637).
cost(2, 1, 277631).
cost(2, 3, 401599).
cost(2, 4, 146893).
cost(2, 5, 133677).
cost(2, 6, 260908).
cost(2, 7, 599838).
cost(2, 8, 681129).
cost(2, 9, 252010).
cost(2, 10, 398820).
cost(2, 11, 283696).
cost(2, 12, 3328).
cost(2, 13, 611533).
cost(2, 14, 111231).
cost(2, 15, 106226).
cost(2, 16, 321109).
cost(2, 17, 325335).
cost(2, 18, 23533).
cost(2, 19, 524583).
cost(2, 20, 351119).
cost(3, 1, 559730).
cost(3, 2, 401599).
cost(3, 4, 434214).
cost(3, 5, 525330).
cost(3, 6, 453633).
cost(3, 7, 544275).
cost(3, 8, 512826).
cost(3, 9, 464102).
cost(3, 10, 266536).
cost(3, 11, 526647).
cost(3, 12, 402492).
cost(3, 13, 906639).
cost(3, 14, 299757).
cost(3, 15, 504267).
cost(3, 16, 350058).
cost(3, 17, 663329).
cost(3, 18, 425122).
cost(3, 19, 183958).
cost(3, 20, 705503).
cost(4, 1, 417214).
cost(4, 2, 146893).
cost(4, 3, 434214).
cost(4, 5, 233873).
cost(4, 6, 407606).
cost(4, 7, 735539).
cost(4, 8, 801051).
cost(4, 9, 398903).
cost(4, 10, 508446).
cost(4, 11, 138588).
cost(4, 12, 143647).
cost(4, 13, 732255).
cost(4, 14, 155275).
cost(4, 15, 149872).
cost(4, 16, 453743).
cost(4, 17, 442676).
cost(4, 18, 146958).
cost(4, 19, 590955).
cost(4, 20, 271381).
cost(5, 1, 205518).
cost(5, 2, 133677).
cost(5, 3, 525330).
cost(5, 4, 233873).
cost(5, 6, 251114).
cost(5, 7, 619565).
cost(5, 8, 729072).
cost(5, 9, 234753).
cost(5, 10, 472033).
cost(5, 11, 346484).
cost(5, 12, 134310).
cost(5, 13, 498394).
cost(5, 14, 244646).
cost(5, 15, 90294).
cost(5, 16, 364098).
cost(5, 17, 208874).
cost(5, 18, 113276).
cost(5, 19, 629320).
cost(5, 20, 322079).
cost(6, 1, 122667).
cost(6, 2, 260908).
cost(6, 3, 453633).
cost(6, 4, 407606).
cost(6, 5, 251114).
cost(6, 7, 369293).
cost(6, 8, 490788).
cost(6, 9, 19178).
cost(6, 10, 281172).
cost(6, 11, 544472).
cost(6, 12, 264197).
cost(6, 13, 453381).
cost(6, 14, 307110).
cost(6, 15, 318059).
cost(6, 16, 147532).
cost(6, 17, 245066).
cost(6, 18, 265262).
cost(6, 19, 483398).
cost(6, 20, 571080).
cost(7, 1, 460091).
cost(7, 2, 599838).
cost(7, 3, 544275).
cost(7, 4, 735539).
cost(7, 5, 619565).
cost(7, 6, 369293).
cost(7, 8, 172211).
cost(7, 9, 386866).
cost(7, 10, 281714).
cost(7, 11, 873160).
cost(7, 12, 603087).
cost(7, 13, 637849).
cost(7, 14, 595548).
cost(7, 15, 678566).
cost(7, 16, 281946).
cost(7, 17, 572119).
cost(7, 18, 611767).
cost(7, 19, 436221).
cost(7, 20, 935733).
cost(8, 1, 598518).
cost(8, 2, 681129).
cost(8, 3, 512826).
cost(8, 4, 801051).
cost(8, 5, 729072).
cost(8, 6, 490788).
cost(8, 7, 172211).
cost(8, 9, 509799).
cost(8, 10, 295583).
cost(8, 11, 932982).
cost(8, 12, 684118).
cost(8, 13, 808100).
cost(8, 14, 649286).
cost(8, 15, 773410).
cost(8, 16, 366023).
cost(8, 17, 717544).
cost(8, 18, 697431).
cost(8, 19, 359372).
cost(8, 20, 1030189).
cost(9, 1, 105453).
cost(9, 2, 252010).
cost(9, 3, 464102).
cost(9, 4, 398903).
cost(9, 5, 234753).
cost(9, 6, 19178).
cost(9, 7, 386866).
cost(9, 8, 509799).
cost(9, 10, 298681).
cost(9, 11, 534893).
cost(9, 12, 255258).
cost(9, 13, 442555).
cost(9, 14, 304720).
cost(9, 15, 304217).
cost(9, 16, 165724).
cost(9, 17, 227077).
cost(9, 18, 254872).
cost(9, 19, 499122).
cost(9, 20, 555650).
cost(10, 1, 403832).
cost(10, 2, 398820).
cost(10, 3, 266536).
cost(10, 4, 508446).
cost(10, 5, 472033).
cost(10, 6, 281172).
cost(10, 7, 281714).
cost(10, 8, 295583).
cost(10, 9, 298681).
cost(10, 11, 638281).
cost(10, 12, 401525).
cost(10, 13, 711299).
cost(10, 14, 354935).
cost(10, 15, 498792).
cost(10, 16, 134944).
cost(10, 17, 525662).
cost(10, 18, 417801).
cost(10, 19, 213605).
cost(10, 20, 749825).
cost(11, 1, 543908).
cost(11, 2, 283696).
cost(11, 3, 526647).
cost(11, 4, 138588).
cost(11, 5, 346484).
cost(11, 6, 544472).
cost(11, 7, 873160).
cost(11, 8, 932982).
cost(11, 9, 534893).
cost(11, 10, 638281).
cost(11, 12, 280389).
cost(11, 13, 837303).
cost(11, 14, 283709).
cost(11, 15, 256199).
cost(11, 16, 591220).
cost(11, 17, 551334).
cost(11, 18, 280298).
cost(11, 19, 697670).
cost(11, 20, 226743).
cost(12, 1, 280364).
cost(12, 2, 3328).
cost(12, 3, 402492).
cost(12, 4, 143647).
cost(12, 5, 134310).
cost(12, 6, 264197).
cost(12, 7, 603087).
cost(12, 8, 684118).
cost(12, 9, 255258).
cost(12, 10, 401525).
cost(12, 11, 280389).
cost(12, 13, 613630).
cost(12, 14, 110994).
cost(12, 15, 104499).
cost(12, 16, 324274).
cost(12, 17, 327170).
cost(12, 18, 22783).
cost(12, 19, 526378).
cost(12, 20, 348357).
cost(13, 1, 353236).
cost(13, 2, 611533).
cost(13, 3, 906639).
cost(13, 4, 732255).
cost(13, 5, 498394).
cost(13, 6, 453381).
cost(13, 7, 637849).
cost(13, 8, 808100).
cost(13, 9, 442555).
cost(13, 10, 711299).
cost(13, 11, 837303).
cost(13, 12, 613630).
cost(13, 14, 706492).
cost(13, 15, 585606).
cost(13, 16, 580407).
cost(13, 17, 289622).
cost(13, 18, 598677).
cost(13, 19, 923874).
cost(13, 20, 732152).
cost(14, 1, 359285).
cost(14, 2, 111231).
cost(14, 3, 299757).
cost(14, 4, 155275).
cost(14, 5, 244646).
cost(14, 6, 307110).
cost(14, 7, 595548).
cost(14, 8, 649286).
cost(14, 9, 304720).
cost(14, 10, 354935).
cost(14, 11, 283709).
cost(14, 12, 110994).
cost(14, 13, 706492).
cost(14, 15, 206232).
cost(14, 16, 315141).
cost(14, 17, 426548).
cost(14, 18, 133348).
cost(14, 19, 441456).
cost(14, 20, 416301).
cost(15, 1, 292141).
cost(15, 2, 106226).
cost(15, 3, 504267).
cost(15, 4, 149872).
cost(15, 5, 90294).
cost(15, 6, 318059).
cost(15, 7, 678566).
cost(15, 8, 773410).
cost(15, 9, 304217).
cost(15, 10, 498792).
cost(15, 11, 256199).
cost(15, 12, 104499).
cost(15, 13, 585606).
cost(15, 14, 206232).
cost(15, 16, 408301).
cost(15, 17, 297029).
cost(15, 18, 83721).
cost(15, 19, 630807).
cost(15, 20, 257923).
cost(16, 1, 269991).
cost(16, 2, 321109).
cost(16, 3, 350058).
cost(16, 4, 453743).
cost(16, 5, 364098).
cost(16, 6, 147532).
cost(16, 7, 281946).
cost(16, 8, 366023).
cost(16, 9, 165724).
cost(16, 10, 134944).
cost(16, 11, 591220).
cost(16, 12, 324274).
cost(16, 13, 580407).
cost(16, 14, 315141).
cost(16, 15, 408301).
cost(16, 17, 392598).
cost(16, 18, 335175).
cost(16, 19, 343964).
cost(16, 20, 665913).
cost(17, 1, 123195).
cost(17, 2, 325335).
cost(17, 3, 663329).
cost(17, 4, 442676).
cost(17, 5, 208874).
cost(17, 6, 245066).
cost(17, 7, 572119).
cost(17, 8, 717544).
cost(17, 9, 227077).
cost(17, 10, 525662).
cost(17, 11, 551334).
cost(17, 12, 327170).
cost(17, 13, 289622).
cost(17, 14, 426548).
cost(17, 15, 297029).
cost(17, 16, 392598).
cost(17, 18, 310814).
cost(17, 19, 722072).
cost(17, 20, 476488).
cost(18, 1, 271298).
cost(18, 2, 23533).
cost(18, 3, 425122).
cost(18, 4, 146958).
cost(18, 5, 113276).
cost(18, 6, 265262).
cost(18, 7, 611767).
cost(18, 8, 697431).
cost(18, 9, 254872).
cost(18, 10, 417801).
cost(18, 11, 280298).
cost(18, 12, 22783).
cost(18, 13, 598677).
cost(18, 14, 133348).
cost(18, 15, 83721).
cost(18, 16, 335175).
cost(18, 17, 310814).
cost(18, 19, 547300).
cost(18, 20, 333221).
cost(19, 1, 604111).
cost(19, 2, 524583).
cost(19, 3, 183958).
cost(19, 4, 590955).
cost(19, 5, 629320).
cost(19, 6, 483398).
cost(19, 7, 436221).
cost(19, 8, 359372).
cost(19, 9, 499122).
cost(19, 10, 213605).
cost(19, 11, 697670).
cost(19, 12, 526378).
cost(19, 13, 923874).
cost(19, 14, 441456).
cost(19, 15, 630807).
cost(19, 16, 343964).
cost(19, 17, 722072).
cost(19, 18, 547300).
cost(19, 20, 857693).
cost(20, 1, 520637).
cost(20, 2, 351119).
cost(20, 3, 705503).
cost(20, 4, 271381).
cost(20, 5, 322079).
cost(20, 6, 571080).
cost(20, 7, 935733).
cost(20, 8, 1030189).
cost(20, 9, 555650).
cost(20, 10, 749825).
cost(20, 11, 226743).
cost(20, 12, 348357).
cost(20, 13, 732152).
cost(20, 14, 416301).
cost(20, 15, 257923).
cost(20, 16, 665913).
cost(20, 17, 476488).
cost(20, 18, 333221).
cost(20, 19, 857693).
