dimension(20).
point(1, -192790.0, 413565.0).
point(2, -303337.0, -355917.0).
point(3, -26776.0, -314504.0).
point(4, -221630.0, 10570.0).
point(5, 76378.0, -8552.0).
point(6, -17951.0, 119063.0).
point(7, -150963.0, -215974.0).
point(8, 119619.0, -102261.0).
point(9, 280310.0, 209611.0).
point(10, 63623.0, -100975.0).
point(11, 715610.0, 41620.0).
point(12, -378604.0, -376448.0).
point(13, 86795.0, 117547.0).
point(14, 21824.0, -121157.0).
point(15, -239383.0, -181733.0).
point(16, 134163.0, 243094.0).
point(17, 48561.0, -262565.0).
point(18, 2645.0, -133834.0).
point(19, -83908.0, -63085.0).
point(20, 60231.0, -22903.0).
cost(1, 2, 777382).
cost(1, 3, 746756).
cost(1, 4, 404026).
cost(1, 5, 500634).
cost(1, 6, 342491).
cost(1, 7, 630927).
cost(1, 8, 603055).
cost(1, 9, 515190).
cost(1, 10, 574890).
cost(1, 11, 981597).
cost(1, 12, 811571).
cost(1, 13, 407179).
cost(1, 14, 576183).
cost(1, 15, 597119).
cost(1, 16, 368726).
cost(1, 17, 717915).
cost(1, 18, 581240).
cost(1, 19, 488928).
cost(1, 20, 504504).
cost(2, 1, 777382).
cost(2, 3, 279644).
cost(2, 4, 375485).
cost(2, 5, 514632).
cost(2, 6, 554122).
cost(2, 7, 206886).
cost(2, 8, 493187).
cost(2, 9, 812690).
cost(2, 10, 446828).
cost(2, 11, 1093750).
cost(2, 12, 78017).
cost(2, 13, 613491).
cost(2, 14, 401051).
cost(2, 15, 185554).
cost(2, 16, 741768).
cost(2, 17, 364070).
cost(2, 18, 378082).
cost(2, 19, 365923).
cost(2, 20, 493031).
cost(3, 1, 746756).
cost(3, 2, 279644).
cost(3, 4, 379000).
cost(3, 5, 322874).
cost(3, 6, 433657).
cost(3, 7, 158526).
cost(3, 8, 257834).
cost(3, 9, 607452).
cost(3, 10, 231876).
cost(3, 11, 823384).
cost(3, 12, 357239).
cost(3, 13, 446729).
cost(3, 14, 199362).
cost(3, 15, 250659).
cost(3, 16, 580359).
cost(3, 17, 91506).
cost(3, 18, 183050).
cost(3, 19, 257829).
cost(3, 20, 304305).
cost(4, 1, 404026).
cost(4, 2, 375485).
cost(4, 3, 379000).
cost(4, 5, 298621).
cost(4, 6, 230772).
cost(4, 7, 237310).
cost(4, 8, 359419).
cost(4, 9, 539964).
cost(4, 10, 306287).
cost(4, 11, 937754).
cost(4, 12, 417641).
cost(4, 13, 326451).
cost(4, 14, 276807).
cost(4, 15, 193121).
cost(4, 16, 425037).
cost(4, 17, 384195).
cost(4, 18, 266743).
cost(4, 19, 156181).
cost(4, 20, 283842).
cost(5, 1, 500634).
cost(5, 2, 514632).
cost(5, 3, 322874).
cost(5, 4, 298621).
cost(5, 6, 158693).
cost(5, 7, 307746).
cost(5, 8, 103204).
cost(5, 9, 298636).
cost(5, 10, 93299).
cost(5, 11, 641198).
cost(5, 12, 585112).
cost(5, 13, 126529).
cost(5, 14, 125124).
cost(5, 15, 360134).
cost(5, 16, 258195).
cost(5, 17, 255532).
cost(5, 18, 145369).
cost(5, 19, 169309).
cost(5, 20, 21603).
cost(6, 1, 342491).
cost(6, 2, 554122).
cost(6, 3, 433657).
cost(6, 4, 230772).
cost(6, 5, 158693).
cost(6, 7, 360475).
cost(6, 8, 260595).
cost(6, 9, 311703).
cost(6, 10, 234672).
cost(6, 11, 737638).
cost(6, 12, 612864).
cost(6, 13, 104757).
cost(6, 14, 243491).
cost(6, 15, 373511).
cost(6, 16, 196271).
cost(6, 17, 387381).
cost(6, 18, 253734).
cost(6, 19, 193722).
cost(6, 20, 162070).
cost(7, 1, 630927).
cost(7, 2, 206886).
cost(7, 3, 158526).
cost(7, 4, 237310).
cost(7, 5, 307746).
cost(7, 6, 360475).
cost(7, 8, 293505).
cost(7, 9, 605903).
cost(7, 10, 243458).
cost(7, 11, 904048).
cost(7, 12, 278518).
cost(7, 13, 409591).
cost(7, 14, 197093).
cost(7, 15, 94818).
cost(7, 16, 540407).
cost(7, 17, 204892).
cost(7, 18, 174191).
cost(7, 19, 166947).
cost(7, 20, 286146).
cost(8, 1, 603055).
cost(8, 2, 493187).
cost(8, 3, 257834).
cost(8, 4, 359419).
cost(8, 5, 103204).
cost(8, 6, 260595).
cost(8, 7, 293505).
cost(8, 9, 350836).
cost(8, 10, 56011).
cost(8, 11, 613113).
cost(8, 12, 568687).
cost(8, 13, 222245).
cost(8, 14, 99604).
cost(8, 15, 367693).
cost(8, 16, 345661).
cost(8, 17, 175347).
cost(8, 18, 121160).
cost(8, 19, 207263).
cost(8, 20, 99119).
cost(9, 1, 515190).
cost(9, 2, 812690).
cost(9, 3, 607452).
cost(9, 4, 539964).
cost(9, 5, 298636).
cost(9, 6, 311703).
cost(9, 7, 605903).
cost(9, 8, 350836).
cost(9, 10, 378704).
cost(9, 11, 466591).
cost(9, 12, 881835).
cost(9, 13, 214298).
cost(9, 14, 419789).
cost(9, 15, 650562).
cost(9, 16, 149934).
cost(9, 17, 525983).
cost(9, 18, 441647).
cost(9, 19, 454992).
cost(9, 20, 320152).
cost(10, 1, 574890).
cost(10, 2, 446828).
cost(10, 3, 231876).
cost(10, 4, 306287).
cost(10, 5, 93299).
cost(10, 6, 234672).
cost(10, 7, 243458).
cost(10, 8, 56011).
cost(10, 9, 378704).
cost(10, 11, 667398).
cost(10, 12, 521009).
cost(10, 13, 219747).
cost(10, 14, 46416).
cost(10, 15, 313583).
cost(10, 16, 351226).
cost(10, 17, 162290).
cost(10, 18, 69268).
cost(10, 19, 152319).
cost(10, 20, 78146).
cost(11, 1, 981597).
cost(11, 2, 1093750).
cost(11, 3, 823384).
cost(11, 4, 937754).
cost(11, 5, 641198).
cost(11, 6, 737638).
cost(11, 7, 904048).
cost(11, 8, 613113).
cost(11, 9, 466591).
cost(11, 10, 667398).
cost(11, 12, 1171360).
cost(11, 13, 633382).
cost(11, 14, 712626).
cost(11, 15, 980764).
cost(11, 16, 615364).
cost(11, 17, 733132).
cost(11, 18, 734236).
cost(11, 19, 806345).
cost(11, 20, 658548).
cost(12, 1, 811571).
cost(12, 2, 78017).
cost(12, 3, 357239).
cost(12, 4, 417641).
cost(12, 5, 585112).
cost(12, 6, 612864).
cost(12, 7, 278518).
cost(12, 8, 568687).
cost(12, 9, 881835).
cost(12, 10, 521009).
cost(12, 11, 1171360).
cost(12, 13, 678695).
cost(12, 14, 474885).
cost(12, 15, 239367).
cost(12, 16, 804215).
cost(12, 17, 442085).
cost(12, 18, 451899).
cost(12, 19, 430165).
cost(12, 20, 563534).
cost(13, 1, 407179).
cost(13, 2, 613491).
cost(13, 3, 446729).
cost(13, 4, 326451).
cost(13, 5, 126529).
cost(13, 6, 104757).
cost(13, 7, 409591).
cost(13, 8, 222245).
cost(13, 9, 214298).
cost(13, 10, 219747).
cost(13, 11, 633382).
cost(13, 12, 678695).
cost(13, 14, 247388).
cost(13, 15, 442674).
cost(13, 16, 134186).
cost(13, 17, 382030).
cost(13, 18, 265092).
cost(13, 19, 248531).
cost(13, 20, 142940).
cost(14, 1, 576183).
cost(14, 2, 401051).
cost(14, 3, 199362).
cost(14, 4, 276807).
cost(14, 5, 125124).
cost(14, 6, 243491).
cost(14, 7, 197093).
cost(14, 8, 99604).
cost(14, 9, 419789).
cost(14, 10, 46416).
cost(14, 11, 712626).
cost(14, 12, 474885).
cost(14, 13, 247388).
cost(14, 15, 268139).
cost(14, 16, 381181).
cost(14, 17, 143913).
cost(14, 18, 22990).
cost(14, 19, 120630).
cost(14, 20, 105494).
cost(15, 1, 597119).
cost(15, 2, 185554).
cost(15, 3, 250659).
cost(15, 4, 193121).
cost(15, 5, 360134).
cost(15, 6, 373511).
cost(15, 7, 94818).
cost(15, 8, 367693).
cost(15, 9, 650562).
cost(15, 10, 313583).
cost(15, 11, 980764).
cost(15, 12, 239367).
cost(15, 13, 442674).
cost(15, 14, 268139).
cost(15, 16, 565698).
cost(15, 17, 299075).
cost(15, 18, 246722).
cost(15, 19, 195576).
cost(15, 20, 339110).
cost(16, 1, 368726).
cost(16, 2, 741768).
cost(16, 3, 580359).
cost(16, 4, 425037).
cost(16, 5, 258195).
cost(16, 6, 196271).
cost(16, 7, 540407).
cost(16, 8, 345661).
cost(16, 9, 149934).
cost(16, 10, 351226).
cost(16, 11, 615364).
cost(16, 12, 804215).
cost(16, 13, 134186).
cost(16, 14, 381181).
cost(16, 15, 565698).
cost(16, 17, 512854).
cost(16, 18, 399214).
cost(16, 19, 375900).
cost(16, 20, 276080).
cost(17, 1, 717915).
cost(17, 2, 364070).
cost(17, 3, 91506).
cost(17, 4, 384195).
cost(17, 5, 255532).
cost(17, 6, 387381).
cost(17, 7, 204892).
cost(17, 8, 175347).
cost(17, 9, 525983).
cost(17, 10, 162290).
cost(17, 11, 733132).
cost(17, 12, 442085).
cost(17, 13, 382030).
cost(17, 14, 143913).
cost(17, 15, 299075).
cost(17, 16, 512854).
cost(17, 18, 136675).
cost(17, 19, 239458).
cost(17, 20, 239946).
cost(18, 1, 581240).
cost(18, 2, 378082).
cost(18, 3, 183050).
cost(18, 4, 266743).
cost(18, 5, 145369).
cost(18, 6, 253734).
cost(18, 7, 174191).
cost(18, 8, 121160).
cost(18, 9, 441647).
cost(18, 10, 69268).
cost(18, 11, 734236).
cost(18, 12, 451899).
cost(18, 13, 265092).
cost(18, 14, 22990).
cost(18, 15, 246722).
cost(18, 16, 399214).
cost(18, 17, 136675).
cost(18, 19, 111789).
cost(18, 20, 124987).
cost(19, 1, 488928).
cost(19, 2, 365923).
cost(19, 3, 257829).
cost(19, 4, 156181).
cost(19, 5, 169309).
cost(19, 6, 193722).
cost(19, 7, 166947).
cost(19, 8, 207263).
cost(19, 9, 454992).
cost(19, 10, 152319).
cost(19, 11, 806345).
cost(19, 12, 430165).
cost(19, 13, 248531).
cost(19, 14, 120630).
cost(19, 15, 195576).
cost(19, 16, 375900).
cost(19, 17, 239458).
cost(19, 18, 111789).
cost(19, 20, 149635).
cost(20, 1, 504504).
cost(20, 2, 493031).
cost(20, 3, 304305).
cost(20, 4, 283842).
cost(20, 5, 21603).
cost(20, 6, 162070).
cost(20, 7, 286146).
cost(20, 8, 99119).
cost(20, 9, 320152).
cost(20, 10, 78146).
cost(20, 11, 658548).
cost(20, 12, 563534).
cost(20, 13, 142940).
cost(20, 14, 105494).
cost(20, 15, 339110).
cost(20, 16, 276080).
cost(20, 17, 239946).
cost(20, 18, 124987).
cost(20, 19, 149635).
