dimension(26).
point(1, 138489.0, -101875.0).
point(2, 218495.0, -195046.0).
point(3, -183759.0, 331441.0).
point(4, -107921.0, 73668.0).
point(5, -147929.0, -25100.0).
point(6, -393919.0, -104717.0).
point(7, 219727.0, -221917.0).
point(8, -15688.0, 386328.0).
point(9, 49699.0, 208076.0).
point(10, -207551.0, 323280.0).
point(11, -33324.0, 80080.0).
point(12, 262487.0, -323457.0).
point(13, 323471.0, -179700.0).
point(14, -190416.0, -155945.0).
point(15, -5777.0, -6614.0).
point(16, 189995.0, -201494.0).
point(17, 210258.0, -6221.0).
point(18, -154017.0, -156693.0).
point(19, -85043.0, -130905.0).
point(20, 389663.0, -27842.0).
point(21, 236199.0, 26744.0).
point(22, -131595.0, 8069.0).
point(23, -188492.0, -94021.0).
point(24, -41231.0, 52542.0).
point(25, 203205.0, -296921.0).
point(26, 706021.0, 58927.0).
cost(1, 2, 122808).
cost(1, 3, 540006).
cost(1, 4, 302545).
cost(1, 5, 296529).
cost(1, 6, 532416).
cost(1, 7, 144947).
cost(1, 8, 511969).
cost(1, 9, 322418).
cost(1, 10, 548179).
cost(1, 11, 250255).
cost(1, 12, 253917).
cost(1, 13, 200686).
cost(1, 14, 333320).
cost(1, 15, 172880).
cost(1, 16, 112146).
cost(1, 17, 119585).
cost(1, 18, 297598).
cost(1, 19, 225409).
cost(1, 20, 261857).
cost(1, 21, 161524).
cost(1, 22, 291604).
cost(1, 23, 327075).
cost(1, 24, 236947).
cost(1, 25, 205502).
cost(1, 26, 589873).
cost(2, 1, 122808).
cost(2, 3, 662568).
cost(2, 4, 422794).
cost(2, 5, 403916).
cost(2, 6, 619040).
cost(2, 7, 26899).
cost(2, 8, 626767).
cost(2, 9, 437035).
cost(2, 10, 670952).
cost(2, 11, 372971).
cost(2, 12, 135738).
cost(2, 13, 106092).
cost(2, 14, 410776).
cost(2, 15, 292924).
cost(2, 16, 29220).
cost(2, 17, 189005).
cost(2, 18, 374481).
cost(2, 19, 310241).
cost(2, 20, 239282).
cost(2, 21, 222495).
cost(2, 22, 404745).
cost(2, 23, 419338).
cost(2, 24, 358828).
cost(2, 25, 103016).
cost(2, 26, 549713).
cost(3, 1, 540006).
cost(3, 2, 662568).
cost(3, 4, 268697).
cost(3, 5, 358337).
cost(3, 6, 484150).
cost(3, 7, 684840).
cost(3, 8, 176806).
cost(3, 9, 264048).
cost(3, 10, 25153).
cost(3, 11, 292939).
cost(3, 12, 792481).
cost(3, 13, 720102).
cost(3, 14, 487431).
cost(3, 15, 382046).
cost(3, 16, 650931).
cost(3, 17, 518908).
cost(3, 18, 489039).
cost(3, 19, 472767).
cost(3, 20, 676681).
cost(3, 21, 518850).
cost(3, 22, 327552).
cost(3, 23, 425488).
cost(3, 24, 313207).
cost(3, 25, 737957).
cost(3, 26, 930576).
cost(4, 1, 302545).
cost(4, 2, 422794).
cost(4, 3, 268697).
cost(4, 5, 106563).
cost(4, 6, 337070).
cost(4, 7, 441275).
cost(4, 8, 325980).
cost(4, 9, 207146).
cost(4, 10, 268761).
cost(4, 11, 74872).
cost(4, 12, 543056).
cost(4, 13, 500294).
cost(4, 14, 243983).
cost(4, 15, 129918).
cost(4, 16, 405547).
cost(4, 17, 328055).
cost(4, 18, 234928).
cost(4, 19, 205848).
cost(4, 20, 507833).
cost(4, 21, 347305).
cost(4, 22, 69740).
cost(4, 23, 186041).
cost(4, 24, 69956).
cost(4, 25, 483876).
cost(4, 26, 814075).
cost(5, 1, 296529).
cost(5, 2, 403916).
cost(5, 3, 358337).
cost(5, 4, 106563).
cost(5, 6, 258554).
cost(5, 7, 417023).
cost(5, 8, 432158).
cost(5, 9, 305660).
cost(5, 10, 353445).
cost(5, 11, 155554).
cost(5, 12, 507403).
cost(5, 13, 496104).
cost(5, 14, 137570).
cost(5, 15, 143349).
cost(5, 16, 381192).
cost(5, 17, 358684).
cost(5, 18, 131734).
cost(5, 19, 123083).
cost(5, 20, 537599).
cost(5, 21, 387611).
cost(5, 22, 36973).
cost(5, 23, 79972).
cost(5, 24, 131957).
cost(5, 25, 444052).
cost(5, 26, 858074).
cost(6, 1, 532416).
cost(6, 2, 619040).
cost(6, 3, 484150).
cost(6, 4, 337070).
cost(6, 5, 258554).
cost(6, 7, 624738).
cost(6, 8, 619826).
cost(6, 9, 542804).
cost(6, 10, 466813).
cost(6, 11, 405190).
cost(6, 12, 691893).
cost(6, 13, 721298).
cost(6, 14, 209852).
cost(6, 15, 400348).
cost(6, 16, 591880).
cost(6, 17, 612153).
cost(6, 18, 245468).
cost(6, 19, 309984).
cost(6, 20, 787344).
cost(6, 21, 643685).
cost(6, 22, 285543).
cost(6, 23, 205705).
cost(6, 24, 386160).
cost(6, 25, 627295).
cost(6, 26, 1112046).
cost(7, 1, 144947).
cost(7, 2, 26899).
cost(7, 3, 684840).
cost(7, 4, 441275).
cost(7, 5, 417023).
cost(7, 6, 624738).
cost(7, 8, 652213).
cost(7, 9, 462389).
cost(7, 10, 692680).
cost(7, 11, 394001).
cost(7, 12, 110176).
cost(7, 13, 112005).
cost(7, 14, 415415).
cost(7, 15, 311781).
cost(7, 16, 36071).
cost(7, 17, 215904).
cost(7, 18, 379393).
cost(7, 19, 318069).
cost(7, 20, 257960).
cost(7, 21, 249206).
cost(7, 22, 419906).
cost(7, 23, 427785).
cost(7, 24, 378717).
cost(7, 25, 76802).
cost(7, 26, 561565).
cost(8, 1, 511969).
cost(8, 2, 626767).
cost(8, 3, 176806).
cost(8, 4, 325980).
cost(8, 5, 432158).
cost(8, 6, 619826).
cost(8, 7, 652213).
cost(8, 9, 189866).
cost(8, 10, 201957).
cost(8, 11, 306755).
cost(8, 12, 762349).
cost(8, 13, 659861).
cost(8, 14, 569728).
cost(8, 15, 393067).
cost(8, 16, 622768).
cost(8, 17, 452931).
cost(8, 18, 560363).
cost(8, 19, 521862).
cost(8, 20, 579522).
cost(8, 21, 439030).
cost(8, 22, 395619).
cost(8, 23, 510486).
cost(8, 24, 334762).
cost(8, 25, 717456).
cost(8, 26, 792499).
cost(9, 1, 322418).
cost(9, 2, 437035).
cost(9, 3, 264048).
cost(9, 4, 207146).
cost(9, 5, 305660).
cost(9, 6, 542804).
cost(9, 7, 462389).
cost(9, 8, 189866).
cost(9, 10, 281868).
cost(9, 11, 152564).
cost(9, 12, 572544).
cost(9, 13, 474680).
cost(9, 14, 436081).
cost(9, 15, 221742).
cost(9, 16, 432933).
cost(9, 17, 267773).
cost(9, 18, 417800).
cost(9, 19, 364779).
cost(9, 20, 413803).
cost(9, 21, 260122).
cost(9, 22, 269945).
cost(9, 23, 384704).
cost(9, 24, 180164).
cost(9, 25, 527813).
cost(9, 26, 673056).
cost(10, 1, 548179).
cost(10, 2, 670952).
cost(10, 3, 25153).
cost(10, 4, 268761).
cost(10, 5, 353445).
cost(10, 6, 466813).
cost(10, 7, 692680).
cost(10, 8, 201957).
cost(10, 9, 281868).
cost(10, 11, 299168).
cost(10, 12, 799503).
cost(10, 13, 731419).
cost(10, 14, 479531).
cost(10, 15, 386708).
cost(10, 16, 658354).
cost(10, 17, 532105).
cost(10, 18, 482949).
cost(10, 19, 470417).
cost(10, 20, 692785).
cost(10, 21, 533711).
cost(10, 22, 324233).
cost(10, 23, 417736).
cost(10, 24, 317744).
cost(10, 25, 743888).
cost(10, 26, 951050).
cost(11, 1, 250255).
cost(11, 2, 372971).
cost(11, 3, 292939).
cost(11, 4, 74872).
cost(11, 5, 155554).
cost(11, 6, 405190).
cost(11, 7, 394001).
cost(11, 8, 306755).
cost(11, 9, 152564).
cost(11, 10, 299168).
cost(11, 12, 500346).
cost(11, 13, 441348).
cost(11, 14, 283524).
cost(11, 15, 90965).
cost(11, 16, 359382).
cost(11, 17, 258418).
cost(11, 18, 265760).
cost(11, 19, 217232).
cost(11, 20, 436538).
cost(11, 21, 274750).
cost(11, 22, 121831).
cost(11, 23, 233213).
cost(11, 24, 28651).
cost(11, 25, 445057).
cost(11, 26, 739648).
cost(12, 1, 253917).
cost(12, 2, 135738).
cost(12, 3, 792481).
cost(12, 4, 543056).
cost(12, 5, 507403).
cost(12, 6, 691893).
cost(12, 7, 110176).
cost(12, 8, 762349).
cost(12, 9, 572544).
cost(12, 10, 799503).
cost(12, 11, 500346).
cost(12, 13, 156157).
cost(12, 14, 482889).
cost(12, 15, 415157).
cost(12, 16, 141880).
cost(12, 17, 321507).
cost(12, 18, 448649).
cost(12, 19, 397308).
cost(12, 20, 321810).
cost(12, 21, 351186).
cost(12, 22, 514986).
cost(12, 23, 505987).
cost(12, 24, 483342).
cost(12, 25, 64950).
cost(12, 26, 585611).
cost(13, 1, 200686).
cost(13, 2, 106092).
cost(13, 3, 720102).
cost(13, 4, 500294).
cost(13, 5, 496104).
cost(13, 6, 721298).
cost(13, 7, 112005).
cost(13, 8, 659861).
cost(13, 9, 474680).
cost(13, 10, 731419).
cost(13, 11, 441348).
cost(13, 12, 156157).
cost(13, 14, 514436).
cost(13, 15, 371972).
cost(13, 16, 135244).
cost(13, 17, 207152).
cost(13, 18, 478042).
cost(13, 19, 411418).
cost(13, 20, 165657).
cost(13, 21, 224133).
cost(13, 22, 492283).
cost(13, 23, 519083).
cost(13, 24, 432370).
cost(13, 25, 167942).
cost(13, 26, 450874).
cost(14, 1, 333320).
cost(14, 2, 410776).
cost(14, 3, 487431).
cost(14, 4, 243983).
cost(14, 5, 137570).
cost(14, 6, 209852).
cost(14, 7, 415415).
cost(14, 8, 569728).
cost(14, 9, 436081).
cost(14, 10, 479531).
cost(14, 11, 283524).
cost(14, 12, 482889).
cost(14, 13, 514436).
cost(14, 15, 237469).
cost(14, 16, 383128).
cost(14, 17, 427735).
cost(14, 18, 36407).
cost(14, 19, 108307).
cost(14, 20, 594056).
cost(14, 21, 464086).
cost(14, 22, 174243).
cost(14, 23, 61954).
cost(14, 24, 256365).
cost(14, 25, 418105).
cost(14, 26, 921829).
cost(15, 1, 172880).
cost(15, 2, 292924).
cost(15, 3, 382046).
cost(15, 4, 129918).
cost(15, 5, 143349).
cost(15, 6, 400348).
cost(15, 7, 311781).
cost(15, 8, 393067).
cost(15, 9, 221742).
cost(15, 10, 386708).
cost(15, 11, 90965).
cost(15, 12, 415157).
cost(15, 13, 371972).
cost(15, 14, 237469).
cost(15, 16, 276233).
cost(15, 17, 216035).
cost(15, 18, 210947).
cost(15, 19, 147416).
cost(15, 20, 396009).
cost(15, 21, 244264).
cost(15, 22, 126672).
cost(15, 23, 202546).
cost(15, 24, 68967).
cost(15, 25, 357703).
cost(15, 26, 714809).
cost(16, 1, 112146).
cost(16, 2, 29220).
cost(16, 3, 650931).
cost(16, 4, 405547).
cost(16, 5, 381192).
cost(16, 6, 591880).
cost(16, 7, 36071).
cost(16, 8, 622768).
cost(16, 9, 432933).
cost(16, 10, 658354).
cost(16, 11, 359382).
cost(16, 12, 141880).
cost(16, 13, 135244).
cost(16, 14, 383128).
cost(16, 15, 276233).
cost(16, 17, 196322).
cost(16, 18, 346917).
cost(16, 19, 283952).
cost(16, 20, 264617).
cost(16, 21, 232868).
cost(16, 22, 383845).
cost(16, 23, 393450).
cost(16, 24, 343511).
cost(16, 25, 96337).
cost(16, 26, 578016).
cost(17, 1, 119585).
cost(17, 2, 189005).
cost(17, 3, 518908).
cost(17, 4, 328055).
cost(17, 5, 358684).
cost(17, 6, 612153).
cost(17, 7, 215904).
cost(17, 8, 452931).
cost(17, 9, 267773).
cost(17, 10, 532105).
cost(17, 11, 258418).
cost(17, 12, 321507).
cost(17, 13, 207152).
cost(17, 14, 427735).
cost(17, 15, 216035).
cost(17, 16, 196322).
cost(17, 18, 394130).
cost(17, 19, 320545).
cost(17, 20, 180703).
cost(17, 21, 41948).
cost(17, 22, 342152).
cost(17, 23, 408302).
cost(17, 24, 258263).
cost(17, 25, 290786).
cost(17, 26, 500025).
cost(18, 1, 297598).
cost(18, 2, 374481).
cost(18, 3, 489039).
cost(18, 4, 234928).
cost(18, 5, 131734).
cost(18, 6, 245468).
cost(18, 7, 379393).
cost(18, 8, 560363).
cost(18, 9, 417800).
cost(18, 10, 482949).
cost(18, 11, 265760).
cost(18, 12, 448649).
cost(18, 13, 478042).
cost(18, 14, 36407).
cost(18, 15, 210947).
cost(18, 16, 346917).
cost(18, 17, 394130).
cost(18, 19, 73637).
cost(18, 20, 558740).
cost(18, 21, 431182).
cost(18, 22, 166281).
cost(18, 23, 71528).
cost(18, 24, 237697).
cost(18, 25, 383760).
cost(18, 26, 886655).
cost(19, 1, 225409).
cost(19, 2, 310241).
cost(19, 3, 472767).
cost(19, 4, 205848).
cost(19, 5, 123083).
cost(19, 6, 309984).
cost(19, 7, 318069).
cost(19, 8, 521862).
cost(19, 9, 364779).
cost(19, 10, 470417).
cost(19, 11, 217232).
cost(19, 12, 397308).
cost(19, 13, 411418).
cost(19, 14, 108307).
cost(19, 15, 147416).
cost(19, 16, 283952).
cost(19, 17, 320545).
cost(19, 18, 73637).
cost(19, 20, 485765).
cost(19, 21, 357840).
cost(19, 22, 146564).
cost(19, 23, 109828).
cost(19, 24, 188606).
cost(19, 25, 332638).
cost(19, 26, 813522).
cost(20, 1, 261857).
cost(20, 2, 239282).
cost(20, 3, 676681).
cost(20, 4, 507833).
cost(20, 5, 537599).
cost(20, 6, 787344).
cost(20, 7, 257960).
cost(20, 8, 579522).
cost(20, 9, 413803).
cost(20, 10, 692785).
cost(20, 11, 436538).
cost(20, 12, 321810).
cost(20, 13, 165657).
cost(20, 14, 594056).
cost(20, 15, 396009).
cost(20, 16, 264617).
cost(20, 17, 180703).
cost(20, 18, 558740).
cost(20, 19, 485765).
cost(20, 21, 162883).
cost(20, 22, 522494).
cost(20, 23, 581930).
cost(20, 24, 438328).
cost(20, 25, 327368).
cost(20, 26, 328042).
cost(21, 1, 161524).
cost(21, 2, 222495).
cost(21, 3, 518850).
cost(21, 4, 347305).
cost(21, 5, 387611).
cost(21, 6, 643685).
cost(21, 7, 249206).
cost(21, 8, 439030).
cost(21, 9, 260122).
cost(21, 10, 533711).
cost(21, 11, 274750).
cost(21, 12, 351186).
cost(21, 13, 224133).
cost(21, 14, 464086).
cost(21, 15, 244264).
cost(21, 16, 232868).
cost(21, 17, 41948).
cost(21, 18, 431182).
cost(21, 19, 357840).
cost(21, 20, 162883).
cost(21, 22, 368268).
cost(21, 23, 441528).
cost(21, 24, 278627).
cost(21, 25, 325342).
cost(21, 26, 470923).
cost(22, 1, 291604).
cost(22, 2, 404745).
cost(22, 3, 327552).
cost(22, 4, 69740).
cost(22, 5, 36973).
cost(22, 6, 285543).
cost(22, 7, 419906).
cost(22, 8, 395619).
cost(22, 9, 269945).
cost(22, 10, 324233).
cost(22, 11, 121831).
cost(22, 12, 514986).
cost(22, 13, 492283).
cost(22, 14, 174243).
cost(22, 15, 126672).
cost(22, 16, 383845).
cost(22, 17, 342152).
cost(22, 18, 166281).
cost(22, 19, 146564).
cost(22, 20, 522494).
cost(22, 21, 368268).
cost(22, 23, 116874).
cost(22, 24, 100715).
cost(22, 25, 452891).
cost(22, 26, 839159).
cost(23, 1, 327075).
cost(23, 2, 419338).
cost(23, 3, 425488).
cost(23, 4, 186041).
cost(23, 5, 79972).
cost(23, 6, 205705).
cost(23, 7, 427785).
cost(23, 8, 510486).
cost(23, 9, 384704).
cost(23, 10, 417736).
cost(23, 11, 233213).
cost(23, 12, 505987).
cost(23, 13, 519083).
cost(23, 14, 61954).
cost(23, 15, 202546).
cost(23, 16, 393450).
cost(23, 17, 408302).
cost(23, 18, 71528).
cost(23, 19, 109828).
cost(23, 20, 581930).
cost(23, 21, 441528).
cost(23, 22, 116874).
cost(23, 24, 207766).
cost(23, 25, 441129).
cost(23, 26, 907495).
cost(24, 1, 236947).
cost(24, 2, 358828).
cost(24, 3, 313207).
cost(24, 4, 69956).
cost(24, 5, 131957).
cost(24, 6, 386160).
cost(24, 7, 378717).
cost(24, 8, 334762).
cost(24, 9, 180164).
cost(24, 10, 317744).
cost(24, 11, 28651).
cost(24, 12, 483342).
cost(24, 13, 432370).
cost(24, 14, 256365).
cost(24, 15, 68967).
cost(24, 16, 343511).
cost(24, 17, 258263).
cost(24, 18, 237697).
cost(24, 19, 188606).
cost(24, 20, 438328).
cost(24, 21, 278627).
cost(24, 22, 100715).
cost(24, 23, 207766).
cost(24, 25, 426466).
cost(24, 26, 747279).
cost(25, 1, 205502).
cost(25, 2, 103016).
cost(25, 3, 737957).
cost(25, 4, 483876).
cost(25, 5, 444052).
cost(25, 6, 627295).
cost(25, 7, 76802).
cost(25, 8, 717456).
cost(25, 9, 527813).
cost(25, 10, 743888).
cost(25, 11, 445057).
cost(25, 12, 64950).
cost(25, 13, 167942).
cost(25, 14, 418105).
cost(25, 15, 357703).
cost(25, 16, 96337).
cost(25, 17, 290786).
cost(25, 18, 383760).
cost(25, 19, 332638).
cost(25, 20, 327368).
cost(25, 21, 325342).
cost(25, 22, 452891).
cost(25, 23, 441129).
cost(25, 24, 426466).
cost(25, 26, 615997).
cost(26, 1, 589873).
cost(26, 2, 549713).
cost(26, 3, 930576).
cost(26, 4, 814075).
cost(26, 5, 858074).
cost(26, 6, 1112046).
cost(26, 7, 561565).
cost(26, 8, 792499).
cost(26, 9, 673056).
cost(26, 10, 951050).
cost(26, 11, 739648).
cost(26, 12, 585611).
cost(26, 13, 450874).
cost(26, 14, 921829).
cost(26, 15, 714809).
cost(26, 16, 578016).
cost(26, 17, 500025).
cost(26, 18, 886655).
cost(26, 19, 813522).
cost(26, 20, 328042).
cost(26, 21, 470923).
cost(26, 22, 839159).
cost(26, 23, 907495).
cost(26, 24, 747279).
cost(26, 25, 615997).
