dimension(26).
point(1, 243028.0, 81636.0).
point(2, -227011.0, 369802.0).
point(3, 133502.0, 485112.0).
point(4, 130304.0, 90344.0).
point(5, 76812.0, 147382.0).
point(6, -158856.0, 163090.0).
point(7, -54468.0, 273276.0).
point(8, -320917.0, -293673.0).
point(9, 112923.0, 221240.0).
point(10, 239674.0, 153269.0).
point(11, 331708.0, -227137.0).
point(12, 100614.0, -330110.0).
point(13, -63133.0, -61630.0).
point(14, 75103.0, 244144.0).
point(15, 145358.0, -482270.0).
point(16, -6925.0, 263066.0).
point(17, 37657.0, -81491.0).
point(18, -11566.0, 4915.0).
point(19, 268082.0, 21645.0).
point(20, 93094.0, -12290.0).
point(21, -172000.0, -44950.0).
point(22, 219823.0, -97356.0).
point(23, 213866.0, 195875.0).
point(24, 15478.0, 489220.0).
point(25, 66843.0, -100956.0).
point(26, -301405.0, -71253.0).
cost(1, 2, 551340).
cost(1, 3, 418078).
cost(1, 4, 113060).
cost(1, 5, 178746).
cost(1, 6, 410055).
cost(1, 7, 353878).
cost(1, 8, 677415).
cost(1, 9, 190831).
cost(1, 10, 71711).
cost(1, 11, 321255).
cost(1, 12, 435679).
cost(1, 13, 338023).
cost(1, 14, 233683).
cost(1, 15, 572302).
cost(1, 16, 308858).
cost(1, 17, 262274).
cost(1, 18, 265903).
cost(1, 19, 65012).
cost(1, 20, 176925).
cost(1, 21, 433904).
cost(1, 22, 180490).
cost(1, 23, 117902).
cost(1, 24, 466802).
cost(1, 25, 253734).
cost(1, 26, 565493).
cost(2, 1, 551340).
cost(2, 3, 378505).
cost(2, 4, 453620).
cost(2, 5, 376536).
cost(2, 6, 217658).
cost(2, 7, 197708).
cost(2, 8, 670088).
cost(2, 9, 370980).
cost(2, 10, 514472).
cost(2, 11, 817620).
cost(2, 12, 772797).
cost(2, 13, 461508).
cost(2, 14, 327205).
cost(2, 15, 929885).
cost(2, 16, 244603).
cost(2, 17, 523177).
cost(2, 18, 423744).
cost(2, 19, 605252).
cost(2, 20, 498459).
cost(2, 21, 418384).
cost(2, 22, 646450).
cost(2, 23, 473944).
cost(2, 24, 270299).
cost(2, 25, 554944).
cost(2, 26, 447285).
cost(3, 1, 418078).
cost(3, 2, 378505).
cost(3, 4, 394781).
cost(3, 5, 342455).
cost(3, 6, 434938).
cost(3, 7, 283209).
cost(3, 8, 901667).
cost(3, 9, 264673).
cost(3, 10, 348414).
cost(3, 11, 739313).
cost(3, 12, 815885).
cost(3, 13, 581027).
cost(3, 14, 247944).
cost(3, 15, 967455).
cost(3, 16, 262725).
cost(3, 17, 574652).
cost(3, 18, 501631).
cost(3, 19, 482611).
cost(3, 20, 499041).
cost(3, 21, 611798).
cost(3, 22, 588830).
cost(3, 23, 300194).
cost(3, 24, 118095).
cost(3, 25, 589847).
cost(3, 26, 706177).
cost(4, 1, 113060).
cost(4, 2, 453620).
cost(4, 3, 394781).
cost(4, 5, 78197).
cost(4, 6, 298170).
cost(4, 7, 260009).
cost(4, 8, 592511).
cost(4, 9, 132045).
cost(4, 10, 126180).
cost(4, 11, 375976).
cost(4, 12, 421501).
cost(4, 13, 245996).
cost(4, 14, 163406).
cost(4, 15, 572812).
cost(4, 16, 220601).
cost(4, 17, 195220).
cost(4, 18, 165606).
cost(4, 19, 153956).
cost(4, 20, 109171).
cost(4, 21, 331198).
cost(4, 22, 207954).
cost(4, 23, 134608).
cost(4, 24, 415075).
cost(4, 25, 201551).
cost(4, 26, 460962).
cost(5, 1, 178746).
cost(5, 2, 376536).
cost(5, 3, 342455).
cost(5, 4, 78197).
cost(5, 6, 236191).
cost(5, 7, 181889).
cost(5, 8, 593901).
cost(5, 9, 82213).
cost(5, 10, 162968).
cost(5, 11, 453030).
cost(5, 12, 478085).
cost(5, 13, 251537).
cost(5, 14, 96777).
cost(5, 15, 633372).
cost(5, 16, 142810).
cost(5, 17, 232198).
cost(5, 18, 167653).
cost(5, 19, 228897).
cost(5, 20, 160500).
cost(5, 21, 314482).
cost(5, 22, 283459).
cost(5, 23, 145380).
cost(5, 24, 347297).
cost(5, 25, 248538).
cost(5, 26, 436863).
cost(6, 1, 410055).
cost(6, 2, 217658).
cost(6, 3, 434938).
cost(6, 4, 298170).
cost(6, 5, 236191).
cost(6, 7, 151782).
cost(6, 8, 484661).
cost(6, 9, 277930).
cost(6, 10, 398651).
cost(6, 11, 626841).
cost(6, 12, 557289).
cost(6, 13, 244258).
cost(6, 14, 247602).
cost(6, 15, 713467).
cost(6, 16, 181874).
cost(6, 17, 313747).
cost(6, 18, 216133).
cost(6, 19, 449759).
cost(6, 20, 306980).
cost(6, 21, 208455).
cost(6, 22, 459598).
cost(6, 23, 374161).
cost(6, 24, 369801).
cost(6, 25, 347362).
cost(6, 26, 274293).
cost(7, 1, 353878).
cost(7, 2, 197708).
cost(7, 3, 283209).
cost(7, 4, 260009).
cost(7, 5, 181889).
cost(7, 6, 151782).
cost(7, 8, 626439).
cost(7, 9, 175293).
cost(7, 10, 317681).
cost(7, 11, 632096).
cost(7, 12, 622997).
cost(7, 13, 335018).
cost(7, 14, 132806).
cost(7, 15, 781524).
cost(7, 16, 48627).
cost(7, 17, 366533).
cost(7, 18, 271769).
cost(7, 19, 409092).
cost(7, 20, 321438).
cost(7, 21, 339237).
cost(7, 22, 461090).
cost(7, 23, 279274).
cost(7, 24, 226990).
cost(7, 25, 393403).
cost(7, 26, 423885).
cost(8, 1, 677415).
cost(8, 2, 670088).
cost(8, 3, 901667).
cost(8, 4, 592511).
cost(8, 5, 593901).
cost(8, 6, 484661).
cost(8, 7, 626439).
cost(8, 9, 673315).
cost(8, 10, 716951).
cost(8, 11, 656008).
cost(8, 12, 423103).
cost(8, 13, 346838).
cost(8, 14, 667891).
cost(8, 15, 502972).
cost(8, 16, 639179).
cost(8, 17, 416649).
cost(8, 18, 429945).
cost(8, 19, 668091).
cost(8, 20, 500581).
cost(8, 21, 289896).
cost(8, 22, 575274).
cost(8, 23, 725017).
cost(8, 24, 852105).
cost(8, 25, 433010).
cost(8, 26, 223274).
cost(9, 1, 190831).
cost(9, 2, 370980).
cost(9, 3, 264673).
cost(9, 4, 132045).
cost(9, 5, 82213).
cost(9, 6, 277930).
cost(9, 7, 175293).
cost(9, 8, 673315).
cost(9, 10, 143826).
cost(9, 11, 498908).
cost(9, 12, 551487).
cost(9, 13, 333183).
cost(9, 14, 44215).
cost(9, 15, 704257).
cost(9, 16, 126937).
cost(9, 17, 311947).
cost(9, 18, 249588).
cost(9, 19, 252809).
cost(9, 20, 234370).
cost(9, 21, 389921).
cost(9, 22, 336052).
cost(9, 23, 104081).
cost(9, 24, 285147).
cost(9, 25, 325474).
cost(9, 26, 507168).
cost(10, 1, 71711).
cost(10, 2, 514472).
cost(10, 3, 348414).
cost(10, 4, 126180).
cost(10, 5, 162968).
cost(10, 6, 398651).
cost(10, 7, 317681).
cost(10, 8, 716951).
cost(10, 9, 143826).
cost(10, 11, 391381).
cost(10, 12, 502984).
cost(10, 13, 371313).
cost(10, 14, 187994).
cost(10, 15, 642499).
cost(10, 16, 269938).
cost(10, 17, 309715).
cost(10, 18, 291771).
cost(10, 19, 134655).
cost(10, 20, 221123).
cost(10, 21, 456909).
cost(10, 22, 251410).
cost(10, 23, 49813).
cost(10, 24, 403890).
cost(10, 25, 307410).
cost(10, 26, 585813).
cost(11, 1, 321255).
cost(11, 2, 817620).
cost(11, 3, 739313).
cost(11, 4, 375976).
cost(11, 5, 453030).
cost(11, 6, 626841).
cost(11, 7, 632096).
cost(11, 8, 656008).
cost(11, 9, 498908).
cost(11, 10, 391381).
cost(11, 12, 252998).
cost(11, 13, 428126).
cost(11, 14, 536612).
cost(11, 15, 315942).
cost(11, 16, 595795).
cost(11, 17, 328144).
cost(11, 18, 414349).
cost(11, 19, 256789).
cost(11, 20, 321085).
cost(11, 21, 535643).
cost(11, 22, 171352).
cost(11, 23, 439119).
cost(11, 24, 783051).
cost(11, 25, 293386).
cost(11, 26, 652021).
cost(12, 1, 435679).
cost(12, 2, 772797).
cost(12, 3, 815885).
cost(12, 4, 421501).
cost(12, 5, 478085).
cost(12, 6, 557289).
cost(12, 7, 622997).
cost(12, 8, 423103).
cost(12, 9, 551487).
cost(12, 10, 502984).
cost(12, 11, 252998).
cost(12, 13, 314475).
cost(12, 14, 574820).
cost(12, 15, 158602).
cost(12, 16, 602845).
cost(12, 17, 256466).
cost(12, 18, 353307).
cost(12, 19, 389586).
cost(12, 20, 317909).
cost(12, 21, 394506).
cost(12, 22, 261506).
cost(12, 23, 538039).
cost(12, 24, 823741).
cost(12, 25, 231629).
cost(12, 26, 478149).
cost(13, 1, 338023).
cost(13, 2, 461508).
cost(13, 3, 581027).
cost(13, 4, 245996).
cost(13, 5, 251537).
cost(13, 6, 244258).
cost(13, 7, 335018).
cost(13, 8, 346838).
cost(13, 9, 333183).
cost(13, 10, 371313).
cost(13, 11, 428126).
cost(13, 12, 314475).
cost(13, 14, 335570).
cost(13, 15, 469475).
cost(13, 16, 329525).
cost(13, 17, 102728).
cost(13, 18, 84187).
cost(13, 19, 341523).
cost(13, 20, 163833).
cost(13, 21, 110137).
cost(13, 22, 285202).
cost(13, 23, 378203).
cost(13, 24, 556431).
cost(13, 25, 135795).
cost(13, 26, 238466).
cost(14, 1, 233683).
cost(14, 2, 327205).
cost(14, 3, 247944).
cost(14, 4, 163406).
cost(14, 5, 96777).
cost(14, 6, 247602).
cost(14, 7, 132806).
cost(14, 8, 667891).
cost(14, 9, 44215).
cost(14, 10, 187994).
cost(14, 11, 536612).
cost(14, 12, 574820).
cost(14, 13, 335570).
cost(14, 15, 729803).
cost(14, 16, 84182).
cost(14, 17, 327781).
cost(14, 18, 254445).
cost(14, 19, 294528).
cost(14, 20, 257064).
cost(14, 21, 380309).
cost(14, 22, 370899).
cost(14, 23, 146919).
cost(14, 24, 252225).
cost(14, 25, 345199).
cost(14, 26, 491155).
cost(15, 1, 572302).
cost(15, 2, 929885).
cost(15, 3, 967455).
cost(15, 4, 572812).
cost(15, 5, 633372).
cost(15, 6, 713467).
cost(15, 7, 781524).
cost(15, 8, 502972).
cost(15, 9, 704257).
cost(15, 10, 642499).
cost(15, 11, 315942).
cost(15, 12, 158602).
cost(15, 13, 469475).
cost(15, 14, 729803).
cost(15, 16, 760734).
cost(15, 17, 414998).
cost(15, 18, 511834).
cost(15, 19, 518644).
cost(15, 20, 472877).
cost(15, 21, 540338).
cost(15, 22, 392051).
cost(15, 23, 681597).
cost(15, 24, 980133).
cost(15, 25, 389313).
cost(15, 26, 607068).
cost(16, 1, 308858).
cost(16, 2, 244603).
cost(16, 3, 262725).
cost(16, 4, 220601).
cost(16, 5, 142810).
cost(16, 6, 181874).
cost(16, 7, 48627).
cost(16, 8, 639179).
cost(16, 9, 126937).
cost(16, 10, 269938).
cost(16, 11, 595795).
cost(16, 12, 602845).
cost(16, 13, 329525).
cost(16, 14, 84182).
cost(16, 15, 760734).
cost(16, 17, 347429).
cost(16, 18, 258193).
cost(16, 19, 365941).
cost(16, 20, 292959).
cost(16, 21, 349462).
cost(16, 22, 425815).
cost(16, 23, 230788).
cost(16, 24, 227261).
cost(16, 25, 371421).
cost(16, 26, 445520).
cost(17, 1, 262274).
cost(17, 2, 523177).
cost(17, 3, 574652).
cost(17, 4, 195220).
cost(17, 5, 232198).
cost(17, 6, 313747).
cost(17, 7, 366533).
cost(17, 8, 416649).
cost(17, 9, 311947).
cost(17, 10, 309715).
cost(17, 11, 328144).
cost(17, 12, 256466).
cost(17, 13, 102728).
cost(17, 14, 327781).
cost(17, 15, 414998).
cost(17, 16, 347429).
cost(17, 18, 99443).
cost(17, 19, 252453).
cost(17, 20, 88668).
cost(17, 21, 212818).
cost(17, 22, 182856).
cost(17, 23, 328605).
cost(17, 24, 571142).
cost(17, 25, 35081).
cost(17, 26, 339217).
cost(18, 1, 265903).
cost(18, 2, 423744).
cost(18, 3, 501631).
cost(18, 4, 165606).
cost(18, 5, 167653).
cost(18, 6, 216133).
cost(18, 7, 271769).
cost(18, 8, 429945).
cost(18, 9, 249588).
cost(18, 10, 291771).
cost(18, 11, 414349).
cost(18, 12, 353307).
cost(18, 13, 84187).
cost(18, 14, 254445).
cost(18, 15, 511834).
cost(18, 16, 258193).
cost(18, 17, 99443).
cost(18, 19, 280148).
cost(18, 20, 106065).
cost(18, 21, 168005).
cost(18, 22, 252983).
cost(18, 23, 295441).
cost(18, 24, 485059).
cost(18, 25, 131745).
cost(18, 26, 299680).
cost(19, 1, 65012).
cost(19, 2, 605252).
cost(19, 3, 482611).
cost(19, 4, 153956).
cost(19, 5, 228897).
cost(19, 6, 449759).
cost(19, 7, 409092).
cost(19, 8, 668091).
cost(19, 9, 252809).
cost(19, 10, 134655).
cost(19, 11, 256789).
cost(19, 12, 389586).
cost(19, 13, 341523).
cost(19, 14, 294528).
cost(19, 15, 518644).
cost(19, 16, 365941).
cost(19, 17, 252453).
cost(19, 18, 280148).
cost(19, 20, 178248).
cost(19, 21, 445092).
cost(19, 22, 128414).
cost(19, 23, 182470).
cost(19, 24, 531446).
cost(19, 25, 235644).
cost(19, 26, 577014).
cost(20, 1, 176925).
cost(20, 2, 498459).
cost(20, 3, 499041).
cost(20, 4, 109171).
cost(20, 5, 160500).
cost(20, 6, 306980).
cost(20, 7, 321438).
cost(20, 8, 500581).
cost(20, 9, 234370).
cost(20, 10, 221123).
cost(20, 11, 321085).
cost(20, 12, 317909).
cost(20, 13, 163833).
cost(20, 14, 257064).
cost(20, 15, 472877).
cost(20, 16, 292959).
cost(20, 17, 88668).
cost(20, 18, 106065).
cost(20, 19, 178248).
cost(20, 21, 267098).
cost(20, 22, 152632).
cost(20, 23, 240663).
cost(20, 24, 507481).
cost(20, 25, 92470).
cost(20, 26, 398881).
cost(21, 1, 433904).
cost(21, 2, 418384).
cost(21, 3, 611798).
cost(21, 4, 331198).
cost(21, 5, 314482).
cost(21, 6, 208455).
cost(21, 7, 339237).
cost(21, 8, 289896).
cost(21, 9, 389921).
cost(21, 10, 456909).
cost(21, 11, 535643).
cost(21, 12, 394506).
cost(21, 13, 110137).
cost(21, 14, 380309).
cost(21, 15, 540338).
cost(21, 16, 349462).
cost(21, 17, 212818).
cost(21, 18, 168005).
cost(21, 19, 445092).
cost(21, 20, 267098).
cost(21, 22, 395312).
cost(21, 23, 454851).
cost(21, 24, 566114).
cost(21, 25, 245322).
cost(21, 26, 132051).
cost(22, 1, 180490).
cost(22, 2, 646450).
cost(22, 3, 588830).
cost(22, 4, 207954).
cost(22, 5, 283459).
cost(22, 6, 459598).
cost(22, 7, 461090).
cost(22, 8, 575274).
cost(22, 9, 336052).
cost(22, 10, 251410).
cost(22, 11, 171352).
cost(22, 12, 261506).
cost(22, 13, 285202).
cost(22, 14, 370899).
cost(22, 15, 392051).
cost(22, 16, 425815).
cost(22, 17, 182856).
cost(22, 18, 252983).
cost(22, 19, 128414).
cost(22, 20, 152632).
cost(22, 21, 395312).
cost(22, 23, 293292).
cost(22, 24, 621151).
cost(22, 25, 153022).
cost(22, 26, 521881).
cost(23, 1, 117902).
cost(23, 2, 473944).
cost(23, 3, 300194).
cost(23, 4, 134608).
cost(23, 5, 145380).
cost(23, 6, 374161).
cost(23, 7, 279274).
cost(23, 8, 725017).
cost(23, 9, 104081).
cost(23, 10, 49813).
cost(23, 11, 439119).
cost(23, 12, 538039).
cost(23, 13, 378203).
cost(23, 14, 146919).
cost(23, 15, 681597).
cost(23, 16, 230788).
cost(23, 17, 328605).
cost(23, 18, 295441).
cost(23, 19, 182470).
cost(23, 20, 240663).
cost(23, 21, 454851).
cost(23, 22, 293292).
cost(23, 24, 354131).
cost(23, 25, 331247).
cost(23, 26, 580398).
cost(24, 1, 466802).
cost(24, 2, 270299).
cost(24, 3, 118095).
cost(24, 4, 415075).
cost(24, 5, 347297).
cost(24, 6, 369801).
cost(24, 7, 226990).
cost(24, 8, 852105).
cost(24, 9, 285147).
cost(24, 10, 403890).
cost(24, 11, 783051).
cost(24, 12, 823741).
cost(24, 13, 556431).
cost(24, 14, 252225).
cost(24, 15, 980133).
cost(24, 16, 227261).
cost(24, 17, 571142).
cost(24, 18, 485059).
cost(24, 19, 531446).
cost(24, 20, 507481).
cost(24, 21, 566114).
cost(24, 22, 621151).
cost(24, 23, 354131).
cost(24, 25, 592407).
cost(24, 26, 643852).
cost(25, 1, 253734).
cost(25, 2, 554944).
cost(25, 3, 589847).
cost(25, 4, 201551).
cost(25, 5, 248538).
cost(25, 6, 347362).
cost(25, 7, 393403).
cost(25, 8, 433010).
cost(25, 9, 325474).
cost(25, 10, 307410).
cost(25, 11, 293386).
cost(25, 12, 231629).
cost(25, 13, 135795).
cost(25, 14, 345199).
cost(25, 15, 389313).
cost(25, 16, 371421).
cost(25, 17, 35081).
cost(25, 18, 131745).
cost(25, 19, 235644).
cost(25, 20, 92470).
cost(25, 21, 245322).
cost(25, 22, 153022).
cost(25, 23, 331247).
cost(25, 24, 592407).
cost(25, 26, 369444).
cost(26, 1, 565493).
cost(26, 2, 447285).
cost(26, 3, 706177).
cost(26, 4, 460962).
cost(26, 5, 436863).
cost(26, 6, 274293).
cost(26, 7, 423885).
cost(26, 8, 223274).
cost(26, 9, 507168).
cost(26, 10, 585813).
cost(26, 11, 652021).
cost(26, 12, 478149).
cost(26, 13, 238466).
cost(26, 14, 491155).
cost(26, 15, 607068).
cost(26, 16, 445520).
cost(26, 17, 339217).
cost(26, 18, 299680).
cost(26, 19, 577014).
cost(26, 20, 398881).
cost(26, 21, 132051).
cost(26, 22, 521881).
cost(26, 23, 580398).
cost(26, 24, 643852).
cost(26, 25, 369444).
