dimension(26).
point(1, 284881.0, -80965.0).
point(2, -112349.0, -21465.0).
point(3, -538871.0, 221457.0).
point(4, 162632.0, 35959.0).
point(5, 98731.0, 386443.0).
point(6, -91222.0, -237093.0).
point(7, 3944.0, 9257.0).
point(8, -55933.0, -755826.0).
point(9, 98366.0, 200846.0).
point(10, 123478.0, -111020.0).
point(11, -124120.0, 26449.0).
point(12, 80538.0, -141036.0).
point(13, -207195.0, -116515.0).
point(14, -143601.0, 80181.0).
point(15, 405862.0, -376962.0).
point(16, 111736.0, -164249.0).
point(17, 172439.0, 163565.0).
point(18, 67972.0, 139144.0).
point(19, -91004.0, -214867.0).
point(20, 125003.0, -183005.0).
point(21, -110127.0, 195223.0).
point(22, -139964.0, -421560.0).
point(23, -168895.0, -64574.0).
point(24, -13609.0, -209277.0).
point(25, 82308.0, -100693.0).
point(26, 463255.0, -274401.0).
cost(1, 2, 401661).
cost(1, 3, 877511).
cost(1, 4, 169163).
cost(1, 5, 503112).
cost(1, 6, 407222).
cost(1, 7, 295069).
cost(1, 8, 756037).
cost(1, 9, 337943).
cost(1, 10, 164177).
cost(1, 11, 422871).
cost(1, 12, 212990).
cost(1, 13, 493358).
cost(1, 14, 457783).
cost(1, 15, 319767).
cost(1, 16, 192134).
cost(1, 17, 269143).
cost(1, 18, 309027).
cost(1, 19, 399023).
cost(1, 20, 189666).
cost(1, 21, 481987).
cost(1, 22, 544517).
cost(1, 23, 454072).
cost(1, 24, 324900).
cost(1, 25, 203531).
cost(1, 26, 263125).
cost(2, 1, 401661).
cost(2, 3, 490848).
cost(2, 4, 280913).
cost(2, 5, 459286).
cost(2, 6, 216661).
cost(2, 7, 120283).
cost(2, 8, 736525).
cost(2, 9, 306305).
cost(2, 10, 252259).
cost(2, 11, 49339).
cost(2, 12, 226942).
cost(2, 13, 134277).
cost(2, 14, 106342).
cost(2, 15, 628427).
cost(2, 16, 265709).
cost(2, 17, 339618).
cost(2, 18, 241477).
cost(2, 19, 194576).
cost(2, 20, 287108).
cost(2, 21, 216699).
cost(2, 22, 401047).
cost(2, 23, 71104).
cost(2, 24, 212186).
cost(2, 25, 210163).
cost(2, 26, 628726).
cost(3, 1, 877511).
cost(3, 2, 490848).
cost(3, 4, 725614).
cost(3, 5, 658602).
cost(3, 6, 640826).
cost(3, 7, 582818).
cost(3, 8, 1090097).
cost(3, 9, 637570).
cost(3, 10, 741112).
cost(3, 11, 458308).
cost(3, 12, 717683).
cost(3, 13, 473534).
cost(3, 14, 419759).
cost(3, 15, 1118314).
cost(3, 16, 756346).
cost(3, 17, 713662).
cost(3, 18, 612400).
cost(3, 19, 625271).
cost(3, 20, 777379).
cost(3, 21, 429546).
cost(3, 22, 756702).
cost(3, 23, 467649).
cost(3, 24, 679288).
cost(3, 25, 699746).
cost(3, 26, 1118093).
cost(4, 1, 169163).
cost(4, 2, 280913).
cost(4, 3, 725614).
cost(4, 5, 356262).
cost(4, 6, 372826).
cost(4, 7, 160919).
cost(4, 8, 821398).
cost(4, 9, 176968).
cost(4, 10, 152105).
cost(4, 11, 286910).
cost(4, 12, 195107).
cost(4, 13, 400025).
cost(4, 14, 309409).
cost(4, 15, 479233).
cost(4, 16, 206576).
cost(4, 17, 127982).
cost(4, 18, 140027).
cost(4, 19, 356714).
cost(4, 20, 222174).
cost(4, 21, 315852).
cost(4, 22, 548533).
cost(4, 23, 346435).
cost(4, 24, 301996).
cost(4, 25, 158511).
cost(4, 26, 432085).
cost(5, 1, 503112).
cost(5, 2, 459286).
cost(5, 3, 658602).
cost(5, 4, 356262).
cost(5, 6, 651828).
cost(5, 7, 388914).
cost(5, 8, 1152692).
cost(5, 9, 185597).
cost(5, 10, 498078).
cost(5, 11, 423389).
cost(5, 12, 527793).
cost(5, 13, 588691).
cost(5, 14, 390540).
cost(5, 15, 822871).
cost(5, 16, 550846).
cost(5, 17, 234750).
cost(5, 18, 249205).
cost(5, 19, 630534).
cost(5, 20, 570054).
cost(5, 21, 283173).
cost(5, 22, 842522).
cost(5, 23, 524443).
cost(5, 24, 606220).
cost(5, 25, 487413).
cost(5, 26, 754714).
cost(6, 1, 407222).
cost(6, 2, 216661).
cost(6, 3, 640826).
cost(6, 4, 372826).
cost(6, 5, 651828).
cost(6, 7, 264093).
cost(6, 8, 519932).
cost(6, 9, 477215).
cost(6, 10, 248979).
cost(6, 11, 265587).
cost(6, 12, 196795).
cost(6, 13, 167299).
cost(6, 14, 321569).
cost(6, 15, 516387).
cost(6, 16, 215634).
cost(6, 17, 479629).
cost(6, 18, 408530).
cost(6, 19, 22227).
cost(6, 20, 222887).
cost(6, 21, 432729).
cost(6, 22, 190798).
cost(6, 23, 189198).
cost(6, 24, 82447).
cost(6, 25, 220721).
cost(6, 26, 555731).
cost(7, 1, 295069).
cost(7, 2, 120283).
cost(7, 3, 582818).
cost(7, 4, 160919).
cost(7, 5, 388914).
cost(7, 6, 264093).
cost(7, 8, 767422).
cost(7, 9, 213593).
cost(7, 10, 169573).
cost(7, 11, 129213).
cost(7, 12, 168685).
cost(7, 13, 245761).
cost(7, 14, 163706).
cost(7, 15, 557408).
cost(7, 16, 204263).
cost(7, 17, 228477).
cost(7, 18, 144811).
cost(7, 19, 243406).
cost(7, 20, 227200).
cost(7, 21, 218164).
cost(7, 22, 454217).
cost(7, 23, 187948).
cost(7, 24, 219238).
cost(7, 25, 135018).
cost(7, 26, 539841).
cost(8, 1, 756037).
cost(8, 2, 736525).
cost(8, 3, 1090097).
cost(8, 4, 821398).
cost(8, 5, 1152692).
cost(8, 6, 519932).
cost(8, 7, 767422).
cost(8, 9, 969035).
cost(8, 10, 669300).
cost(8, 11, 785241).
cost(8, 12, 629755).
cost(8, 13, 656962).
cost(8, 14, 840591).
cost(8, 15, 597321).
cost(8, 16, 614879).
cost(8, 17, 947330).
cost(8, 18, 903506).
cost(8, 19, 542095).
cost(8, 20, 600718).
cost(8, 21, 952592).
cost(8, 22, 344666).
cost(8, 23, 700421).
cost(8, 24, 548185).
cost(8, 25, 669559).
cost(8, 26, 708044).
cost(9, 1, 337943).
cost(9, 2, 306305).
cost(9, 3, 637570).
cost(9, 4, 176968).
cost(9, 5, 185597).
cost(9, 6, 477215).
cost(9, 7, 213593).
cost(9, 8, 969035).
cost(9, 10, 312875).
cost(9, 11, 282691).
cost(9, 12, 342347).
cost(9, 13, 440551).
cost(9, 14, 270385).
cost(9, 15, 654535).
cost(9, 16, 365340).
cost(9, 17, 82926).
cost(9, 18, 68782).
cost(9, 19, 456813).
cost(9, 20, 384774).
cost(9, 21, 208569).
cost(9, 22, 666476).
cost(9, 23, 376665).
cost(9, 24, 425134).
cost(9, 25, 301966).
cost(9, 26, 599169).
cost(10, 1, 164177).
cost(10, 2, 252259).
cost(10, 3, 741112).
cost(10, 4, 152105).
cost(10, 5, 498078).
cost(10, 6, 248979).
cost(10, 7, 169573).
cost(10, 8, 669300).
cost(10, 9, 312875).
cost(10, 11, 283200).
cost(10, 12, 52391).
cost(10, 13, 330719).
cost(10, 14, 328465).
cost(10, 15, 387899).
cost(10, 16, 54509).
cost(10, 17, 278916).
cost(10, 18, 256248).
cost(10, 19, 238300).
cost(10, 20, 72001).
cost(10, 21, 385170).
cost(10, 22, 407231).
cost(10, 23, 296039).
cost(10, 24, 168663).
cost(10, 25, 42445).
cost(10, 26, 377017).
cost(11, 1, 422871).
cost(11, 2, 49339).
cost(11, 3, 458308).
cost(11, 4, 286910).
cost(11, 5, 423389).
cost(11, 6, 265587).
cost(11, 7, 129213).
cost(11, 8, 785241).
cost(11, 9, 282691).
cost(11, 10, 283200).
cost(11, 12, 264454).
cost(11, 13, 165349).
cost(11, 14, 57155).
cost(11, 15, 666049).
cost(11, 16, 303305).
cost(11, 17, 326723).
cost(11, 18, 222709).
cost(11, 19, 243578).
cost(11, 20, 325474).
cost(11, 21, 169353).
cost(11, 22, 448289).
cost(11, 23, 101440).
cost(11, 24, 260345).
cost(11, 25, 242441).
cost(11, 26, 659939).
cost(12, 1, 212990).
cost(12, 2, 226942).
cost(12, 3, 717683).
cost(12, 4, 195107).
cost(12, 5, 527793).
cost(12, 6, 196795).
cost(12, 7, 168685).
cost(12, 8, 629755).
cost(12, 9, 342347).
cost(12, 10, 52391).
cost(12, 11, 264454).
cost(12, 13, 288776).
cost(12, 14, 314921).
cost(12, 15, 401867).
cost(12, 16, 38886).
cost(12, 17, 318163).
cost(12, 18, 280462).
cost(12, 19, 186756).
cost(12, 20, 61144).
cost(12, 21, 386553).
cost(12, 22, 356812).
cost(12, 23, 260889).
cost(12, 24, 116278).
cost(12, 25, 40382).
cost(12, 26, 405288).
cost(13, 1, 493358).
cost(13, 2, 134277).
cost(13, 3, 473534).
cost(13, 4, 400025).
cost(13, 5, 588691).
cost(13, 6, 167299).
cost(13, 7, 245761).
cost(13, 8, 656962).
cost(13, 9, 440551).
cost(13, 10, 330719).
cost(13, 11, 165349).
cost(13, 12, 288776).
cost(13, 14, 206721).
cost(13, 15, 666087).
cost(13, 16, 322483).
cost(13, 17, 471770).
cost(13, 18, 375604).
cost(13, 19, 152228).
cost(13, 20, 338787).
cost(13, 21, 326501).
cost(13, 22, 312366).
cost(13, 23, 64535).
cost(13, 24, 214663).
cost(13, 25, 289935).
cost(13, 26, 688790).
cost(14, 1, 457783).
cost(14, 2, 106342).
cost(14, 3, 419759).
cost(14, 4, 309409).
cost(14, 5, 390540).
cost(14, 6, 321569).
cost(14, 7, 163706).
cost(14, 8, 840591).
cost(14, 9, 270385).
cost(14, 10, 328465).
cost(14, 11, 57155).
cost(14, 12, 314921).
cost(14, 13, 206721).
cost(14, 15, 714765).
cost(14, 16, 353473).
cost(14, 17, 326855).
cost(14, 18, 219636).
cost(14, 19, 299699).
cost(14, 20, 376052).
cost(14, 21, 119813).
cost(14, 22, 501754).
cost(14, 23, 146948).
cost(14, 24, 317307).
cost(14, 25, 289396).
cost(14, 26, 702853).
cost(15, 1, 319767).
cost(15, 2, 628427).
cost(15, 3, 1118314).
cost(15, 4, 479233).
cost(15, 5, 822871).
cost(15, 6, 516387).
cost(15, 7, 557408).
cost(15, 8, 597321).
cost(15, 9, 654535).
cost(15, 10, 387899).
cost(15, 11, 666049).
cost(15, 12, 401867).
cost(15, 13, 666087).
cost(15, 14, 714765).
cost(15, 16, 362983).
cost(15, 17, 588775).
cost(15, 18, 616875).
cost(15, 19, 522638).
cost(15, 20, 341323).
cost(15, 21, 770481).
cost(15, 22, 547645).
cost(15, 23, 654165).
cost(15, 24, 451746).
cost(15, 25, 425455).
cost(15, 26, 117528).
cost(16, 1, 192134).
cost(16, 2, 265709).
cost(16, 3, 756346).
cost(16, 4, 206576).
cost(16, 5, 550846).
cost(16, 6, 215634).
cost(16, 7, 204263).
cost(16, 8, 614879).
cost(16, 9, 365340).
cost(16, 10, 54509).
cost(16, 11, 303305).
cost(16, 12, 38886).
cost(16, 13, 322483).
cost(16, 14, 353473).
cost(16, 15, 362983).
cost(16, 17, 333387).
cost(16, 18, 306533).
cost(16, 19, 208963).
cost(16, 20, 22974).
cost(16, 21, 422426).
cost(16, 22, 359947).
cost(16, 23, 297807).
cost(16, 24, 133187).
cost(16, 25, 70038).
cost(16, 26, 368374).
cost(17, 1, 269143).
cost(17, 2, 339618).
cost(17, 3, 713662).
cost(17, 4, 127982).
cost(17, 5, 234750).
cost(17, 6, 479629).
cost(17, 7, 228477).
cost(17, 8, 947330).
cost(17, 9, 82926).
cost(17, 10, 278916).
cost(17, 11, 326723).
cost(17, 12, 318163).
cost(17, 13, 471770).
cost(17, 14, 326855).
cost(17, 15, 588775).
cost(17, 16, 333387).
cost(17, 18, 107283).
cost(17, 19, 461100).
cost(17, 20, 349801).
cost(17, 21, 284334).
cost(17, 22, 663300).
cost(17, 23, 410556).
cost(17, 24, 416683).
cost(17, 25, 279206).
cost(17, 26, 525726).
cost(18, 1, 309027).
cost(18, 2, 241477).
cost(18, 3, 612400).
cost(18, 4, 140027).
cost(18, 5, 249205).
cost(18, 6, 408530).
cost(18, 7, 144811).
cost(18, 8, 903506).
cost(18, 9, 68782).
cost(18, 10, 256248).
cost(18, 11, 222709).
cost(18, 12, 280462).
cost(18, 13, 375604).
cost(18, 14, 219636).
cost(18, 15, 616875).
cost(18, 16, 306533).
cost(18, 17, 107283).
cost(18, 19, 388068).
cost(18, 20, 327158).
cost(18, 21, 186719).
cost(18, 22, 598019).
cost(18, 23, 312421).
cost(18, 24, 357844).
cost(18, 25, 240265).
cost(18, 26, 572074).
cost(19, 1, 399023).
cost(19, 2, 194576).
cost(19, 3, 625271).
cost(19, 4, 356714).
cost(19, 5, 630534).
cost(19, 6, 22227).
cost(19, 7, 243406).
cost(19, 8, 542095).
cost(19, 9, 456813).
cost(19, 10, 238300).
cost(19, 11, 243578).
cost(19, 12, 186756).
cost(19, 13, 152228).
cost(19, 14, 299699).
cost(19, 15, 522638).
cost(19, 16, 208963).
cost(19, 17, 461100).
cost(19, 18, 388068).
cost(19, 20, 218344).
cost(19, 21, 410536).
cost(19, 22, 212413).
cost(19, 23, 169278).
cost(19, 24, 77597).
cost(19, 25, 207540).
cost(19, 26, 557447).
cost(20, 1, 189666).
cost(20, 2, 287108).
cost(20, 3, 777379).
cost(20, 4, 222174).
cost(20, 5, 570054).
cost(20, 6, 222887).
cost(20, 7, 227200).
cost(20, 8, 600718).
cost(20, 9, 384774).
cost(20, 10, 72001).
cost(20, 11, 325474).
cost(20, 12, 61144).
cost(20, 13, 338787).
cost(20, 14, 376052).
cost(20, 15, 341323).
cost(20, 16, 22974).
cost(20, 17, 349801).
cost(20, 18, 327158).
cost(20, 19, 218344).
cost(20, 21, 445357).
cost(20, 22, 356533).
cost(20, 23, 316863).
cost(20, 24, 141080).
cost(20, 25, 92726).
cost(20, 26, 350382).
cost(21, 1, 481987).
cost(21, 2, 216699).
cost(21, 3, 429546).
cost(21, 4, 315852).
cost(21, 5, 283173).
cost(21, 6, 432729).
cost(21, 7, 218164).
cost(21, 8, 952592).
cost(21, 9, 208569).
cost(21, 10, 385170).
cost(21, 11, 169353).
cost(21, 12, 386553).
cost(21, 13, 326501).
cost(21, 14, 119813).
cost(21, 15, 770481).
cost(21, 16, 422426).
cost(21, 17, 284334).
cost(21, 18, 186719).
cost(21, 19, 410536).
cost(21, 20, 445357).
cost(21, 22, 617504).
cost(21, 23, 266361).
cost(21, 24, 415856).
cost(21, 25, 352984).
cost(21, 26, 741157).
cost(22, 1, 544517).
cost(22, 2, 401047).
cost(22, 3, 756702).
cost(22, 4, 548533).
cost(22, 5, 842522).
cost(22, 6, 190798).
cost(22, 7, 454217).
cost(22, 8, 344666).
cost(22, 9, 666476).
cost(22, 10, 407231).
cost(22, 11, 448289).
cost(22, 12, 356812).
cost(22, 13, 312366).
cost(22, 14, 501754).
cost(22, 15, 547645).
cost(22, 16, 359947).
cost(22, 17, 663300).
cost(22, 18, 598019).
cost(22, 19, 212413).
cost(22, 20, 356533).
cost(22, 21, 617504).
cost(22, 23, 358156).
cost(22, 24, 247042).
cost(22, 25, 390334).
cost(22, 26, 620910).
cost(23, 1, 454072).
cost(23, 2, 71104).
cost(23, 3, 467649).
cost(23, 4, 346435).
cost(23, 5, 524443).
cost(23, 6, 189198).
cost(23, 7, 187948).
cost(23, 8, 700421).
cost(23, 9, 376665).
cost(23, 10, 296039).
cost(23, 11, 101440).
cost(23, 12, 260889).
cost(23, 13, 64535).
cost(23, 14, 146948).
cost(23, 15, 654165).
cost(23, 16, 297807).
cost(23, 17, 410556).
cost(23, 18, 312421).
cost(23, 19, 169278).
cost(23, 20, 316863).
cost(23, 21, 266361).
cost(23, 22, 358156).
cost(23, 24, 212256).
cost(23, 25, 253786).
cost(23, 26, 666064).
cost(24, 1, 324900).
cost(24, 2, 212186).
cost(24, 3, 679288).
cost(24, 4, 301996).
cost(24, 5, 606220).
cost(24, 6, 82447).
cost(24, 7, 219238).
cost(24, 8, 548185).
cost(24, 9, 425134).
cost(24, 10, 168663).
cost(24, 11, 260345).
cost(24, 12, 116278).
cost(24, 13, 214663).
cost(24, 14, 317307).
cost(24, 15, 451746).
cost(24, 16, 133187).
cost(24, 17, 416683).
cost(24, 18, 357844).
cost(24, 19, 77597).
cost(24, 20, 141080).
cost(24, 21, 415856).
cost(24, 22, 247042).
cost(24, 23, 212256).
cost(24, 25, 144881).
cost(24, 26, 481290).
cost(25, 1, 203531).
cost(25, 2, 210163).
cost(25, 3, 699746).
cost(25, 4, 158511).
cost(25, 5, 487413).
cost(25, 6, 220721).
cost(25, 7, 135018).
cost(25, 8, 669559).
cost(25, 9, 301966).
cost(25, 10, 42445).
cost(25, 11, 242441).
cost(25, 12, 40382).
cost(25, 13, 289935).
cost(25, 14, 289396).
cost(25, 15, 425455).
cost(25, 16, 70038).
cost(25, 17, 279206).
cost(25, 18, 240265).
cost(25, 19, 207540).
cost(25, 20, 92726).
cost(25, 21, 352984).
cost(25, 22, 390334).
cost(25, 23, 253786).
cost(25, 24, 144881).
cost(25, 26, 418683).
cost(26, 1, 263125).
cost(26, 2, 628726).
cost(26, 3, 1118093).
cost(26, 4, 432085).
cost(26, 5, 754714).
cost(26, 6, 555731).
cost(26, 7, 539841).
cost(26, 8, 708044).
cost(26, 9, 599169).
cost(26, 10, 377017).
cost(26, 11, 659939).
cost(26, 12, 405288).
cost(26, 13, 688790).
cost(26, 14, 702853).
cost(26, 15, 117528).
cost(26, 16, 368374).
cost(26, 17, 525726).
cost(26, 18, 572074).
cost(26, 19, 557447).
cost(26, 20, 350382).
cost(26, 21, 741157).
cost(26, 22, 620910).
cost(26, 23, 666064).
cost(26, 24, 481290).
cost(26, 25, 418683).
