dimension(26).
point(1, -132536.0, 96835.0).
point(2, -132399.0, 187325.0).
point(3, 30181.0, 179292.0).
point(4, 9892.0, 131849.0).
point(5, 57284.0, -67512.0).
point(6, -220105.0, 295482.0).
point(7, 131053.0, -47193.0).
point(8, -128792.0, 133374.0).
point(9, -51034.0, 44026.0).
point(10, 136806.0, 248207.0).
point(11, 139047.0, -413878.0).
point(12, 81755.0, -61139.0).
point(13, 174029.0, -486818.0).
point(14, 238793.0, -135399.0).
point(15, 526330.0, 263715.0).
point(16, 311888.0, -106463.0).
point(17, 293585.0, 18531.0).
point(18, -305809.0, -69874.0).
point(19, 77252.0, -2126.0).
point(20, -230252.0, 79376.0).
point(21, -73623.0, -63349.0).
point(22, 296635.0, 212022.0).
point(23, -87862.0, -325806.0).
point(24, 167650.0, -53429.0).
point(25, 174279.0, -243566.0).
point(26, -234196.0, -179165.0).
cost(1, 2, 90490).
cost(1, 3, 182417).
cost(1, 4, 146669).
cost(1, 5, 251081).
cost(1, 6, 217092).
cost(1, 7, 300372).
cost(1, 8, 36730).
cost(1, 9, 97115).
cost(1, 10, 308964).
cost(1, 11, 578433).
cost(1, 12, 266226).
cost(1, 13, 659267).
cost(1, 14, 437970).
cost(1, 15, 679671).
cost(1, 16, 488715).
cost(1, 17, 433256).
cost(1, 18, 240448).
cost(1, 19, 231958).
cost(1, 20, 99263).
cost(1, 21, 170674).
cost(1, 22, 444360).
cost(1, 23, 424996).
cost(1, 24, 335695).
cost(1, 25, 458267).
cost(1, 26, 294127).
cost(2, 1, 90490).
cost(2, 3, 162778).
cost(2, 4, 152723).
cost(2, 5, 317682).
cost(2, 6, 139249).
cost(2, 7, 352712).
cost(2, 8, 54071).
cost(2, 9, 164787).
cost(2, 10, 276004).
cost(2, 11, 659642).
cost(2, 12, 328019).
cost(2, 13, 740518).
cost(2, 14, 491868).
cost(2, 15, 663144).
cost(2, 16, 532637).
cost(2, 17, 458207).
cost(2, 18, 310197).
cost(2, 19, 282569).
cost(2, 20, 145699).
cost(2, 21, 257472).
cost(2, 22, 429744).
cost(2, 23, 515060).
cost(2, 24, 384697).
cost(2, 25, 528884).
cost(2, 26, 380365).
cost(3, 1, 182417).
cost(3, 2, 162778).
cost(3, 4, 51599).
cost(3, 5, 248288).
cost(3, 6, 275941).
cost(3, 7, 247933).
cost(3, 8, 165472).
cost(3, 9, 157774).
cost(3, 10, 126957).
cost(3, 11, 603077).
cost(3, 12, 245900).
cost(3, 13, 681465).
cost(3, 14, 377557).
cost(3, 15, 503280).
cost(3, 16, 401266).
cost(3, 17, 308587).
cost(3, 18, 418298).
cost(3, 19, 187425).
cost(3, 20, 278942).
cost(3, 21, 263913).
cost(3, 22, 268457).
cost(3, 23, 518708).
cost(3, 24, 270290).
cost(3, 25, 446736).
cost(3, 26, 445406).
cost(4, 1, 146669).
cost(4, 2, 152723).
cost(4, 3, 51599).
cost(4, 5, 204917).
cost(4, 6, 282267).
cost(4, 7, 216185).
cost(4, 8, 138692).
cost(4, 9, 106887).
cost(4, 10, 172181).
cost(4, 11, 560802).
cost(4, 12, 205934).
cost(4, 13, 640070).
cost(4, 14, 351877).
cost(4, 15, 533007).
cost(4, 16, 384700).
cost(4, 17, 305488).
cost(4, 18, 374646).
cost(4, 19, 149956).
cost(4, 20, 245810).
cost(4, 21, 212313).
cost(4, 22, 297740).
cost(4, 23, 467979).
cost(4, 24, 243342).
cost(4, 25, 409829).
cost(4, 26, 395359).
cost(5, 1, 251081).
cost(5, 2, 317682).
cost(5, 3, 248288).
cost(5, 4, 204917).
cost(5, 6, 456847).
cost(5, 7, 76516).
cost(5, 8, 273824).
cost(5, 9, 155478).
cost(5, 10, 325580).
cost(5, 11, 355886).
cost(5, 12, 25287).
cost(5, 13, 435255).
cost(5, 14, 193789).
cost(5, 15, 574209).
cost(5, 16, 257566).
cost(5, 17, 251479).
cost(5, 18, 363101).
cost(5, 19, 68367).
cost(5, 20, 322882).
cost(5, 21, 130973).
cost(5, 22, 368006).
cost(5, 23, 296282).
cost(5, 24, 111261).
cost(5, 25, 211383).
cost(5, 26, 312133).
cost(6, 1, 217092).
cost(6, 2, 139249).
cost(6, 3, 275941).
cost(6, 4, 282267).
cost(6, 5, 456847).
cost(6, 7, 490651).
cost(6, 8, 186057).
cost(6, 9, 303010).
cost(6, 10, 360028).
cost(6, 11, 795099).
cost(6, 12, 467224).
cost(6, 13, 875977).
cost(6, 14, 629481).
cost(6, 15, 747111).
cost(6, 16, 666766).
cost(6, 17, 583592).
cost(6, 18, 375273).
cost(6, 19, 420704).
cost(6, 20, 216344).
cost(6, 21, 387578).
cost(6, 22, 523437).
cost(6, 23, 635206).
cost(6, 24, 521625).
cost(6, 25, 667916).
cost(6, 26, 474856).
cost(7, 1, 300372).
cost(7, 2, 352712).
cost(7, 3, 247933).
cost(7, 4, 216185).
cost(7, 5, 76516).
cost(7, 6, 490651).
cost(7, 8, 316424).
cost(7, 9, 203658).
cost(7, 10, 295456).
cost(7, 11, 366772).
cost(7, 12, 51233).
cost(7, 13, 441721).
cost(7, 14, 139242).
cost(7, 15, 502899).
cost(7, 16, 190300).
cost(7, 17, 175318).
cost(7, 18, 437450).
cost(7, 19, 70182).
cost(7, 20, 382833).
cost(7, 21, 205313).
cost(7, 22, 307587).
cost(7, 23, 354329).
cost(7, 24, 37124).
cost(7, 25, 201074).
cost(7, 26, 388360).
cost(8, 1, 36730).
cost(8, 2, 54071).
cost(8, 3, 165472).
cost(8, 4, 138692).
cost(8, 5, 273824).
cost(8, 6, 186057).
cost(8, 7, 316424).
cost(8, 9, 118446).
cost(8, 10, 289359).
cost(8, 11, 609280).
cost(8, 12, 286645).
cost(8, 13, 690173).
cost(8, 14, 455365).
cost(8, 15, 667962).
cost(8, 16, 501718).
cost(8, 17, 437711).
cost(8, 18, 269527).
cost(8, 19, 246606).
cost(8, 20, 114934).
cost(8, 21, 204312).
cost(8, 22, 432636).
cost(8, 23, 461001).
cost(8, 24, 350390).
cost(8, 25, 483669).
cost(8, 26, 329834).
cost(9, 1, 97115).
cost(9, 2, 164787).
cost(9, 3, 157774).
cost(9, 4, 106887).
cost(9, 5, 155478).
cost(9, 6, 303010).
cost(9, 7, 203658).
cost(9, 8, 118446).
cost(9, 10, 277441).
cost(9, 11, 495789).
cost(9, 12, 169389).
cost(9, 13, 576584).
cost(9, 14, 340871).
cost(9, 15, 617748).
cost(9, 16, 392886).
cost(9, 17, 345561).
cost(9, 18, 279076).
cost(9, 19, 136335).
cost(9, 20, 182671).
cost(9, 21, 109725).
cost(9, 22, 386130).
cost(9, 23, 371661).
cost(9, 24, 239416).
cost(9, 25, 365342).
cost(9, 26, 288726).
cost(10, 1, 308964).
cost(10, 2, 276004).
cost(10, 3, 126957).
cost(10, 4, 172181).
cost(10, 5, 325580).
cost(10, 6, 360028).
cost(10, 7, 295456).
cost(10, 8, 289359).
cost(10, 9, 277441).
cost(10, 11, 662089).
cost(10, 12, 314206).
cost(10, 13, 735967).
cost(10, 14, 396932).
cost(10, 15, 389833).
cost(10, 16, 395531).
cost(10, 17, 278084).
cost(10, 18, 545054).
cost(10, 19, 257319).
cost(10, 20, 404024).
cost(10, 21, 375962).
cost(10, 22, 163874).
cost(10, 23, 616414).
cost(10, 24, 303209).
cost(10, 25, 493199).
cost(10, 26, 565941).
cost(11, 1, 578433).
cost(11, 2, 659642).
cost(11, 3, 603077).
cost(11, 4, 560802).
cost(11, 5, 355886).
cost(11, 6, 795099).
cost(11, 7, 366772).
cost(11, 8, 609280).
cost(11, 9, 495789).
cost(11, 10, 662089).
cost(11, 12, 357361).
cost(11, 13, 80895).
cost(11, 14, 295804).
cost(11, 15, 780462).
cost(11, 16, 352673).
cost(11, 17, 459194).
cost(11, 18, 562348).
cost(11, 19, 416363).
cost(11, 20, 616183).
cost(11, 21, 409999).
cost(11, 22, 645434).
cost(11, 23, 243402).
cost(11, 24, 361582).
cost(11, 25, 173918).
cost(11, 26, 440909).
cost(12, 1, 266226).
cost(12, 2, 328019).
cost(12, 3, 245900).
cost(12, 4, 205934).
cost(12, 5, 25287).
cost(12, 6, 467224).
cost(12, 7, 51233).
cost(12, 8, 286645).
cost(12, 9, 169389).
cost(12, 10, 314206).
cost(12, 11, 357361).
cost(12, 13, 435565).
cost(12, 14, 173711).
cost(12, 15, 550615).
cost(12, 16, 234554).
cost(12, 17, 226317).
cost(12, 18, 387662).
cost(12, 19, 59185).
cost(12, 20, 342188).
cost(12, 21, 155394).
cost(12, 22, 347549).
cost(12, 23, 314354).
cost(12, 24, 86240).
cost(12, 25, 204549).
cost(12, 26, 337276).
cost(13, 1, 659267).
cost(13, 2, 740518).
cost(13, 3, 681465).
cost(13, 4, 640070).
cost(13, 5, 435255).
cost(13, 6, 875977).
cost(13, 7, 441721).
cost(13, 8, 690173).
cost(13, 9, 576584).
cost(13, 10, 735967).
cost(13, 11, 80895).
cost(13, 12, 435565).
cost(13, 14, 357337).
cost(13, 15, 829105).
cost(13, 16, 404568).
cost(13, 17, 519299).
cost(13, 18, 635678).
cost(13, 19, 494259).
cost(13, 20, 695715).
cost(13, 21, 490569).
cost(13, 22, 709514).
cost(13, 23, 307428).
cost(13, 24, 433436).
cost(13, 25, 243252).
cost(13, 26, 511173).
cost(14, 1, 437970).
cost(14, 2, 491868).
cost(14, 3, 377557).
cost(14, 4, 351877).
cost(14, 5, 193789).
cost(14, 6, 629481).
cost(14, 7, 139242).
cost(14, 8, 455365).
cost(14, 9, 340871).
cost(14, 10, 396932).
cost(14, 11, 295804).
cost(14, 12, 173711).
cost(14, 13, 357337).
cost(14, 15, 491904).
cost(14, 16, 78614).
cost(14, 17, 163391).
cost(14, 18, 548530).
cost(14, 19, 209421).
cost(14, 20, 515879).
cost(14, 21, 320617).
cost(14, 22, 352203).
cost(14, 23, 378098).
cost(14, 24, 108538).
cost(14, 25, 125945).
cost(14, 26, 475010).
cost(15, 1, 679671).
cost(15, 2, 663144).
cost(15, 3, 503280).
cost(15, 4, 533007).
cost(15, 5, 574209).
cost(15, 6, 747111).
cost(15, 7, 502899).
cost(15, 8, 667962).
cost(15, 9, 617748).
cost(15, 10, 389833).
cost(15, 11, 780462).
cost(15, 12, 550615).
cost(15, 13, 829105).
cost(15, 14, 491904).
cost(15, 16, 427805).
cost(15, 17, 338061).
cost(15, 18, 896514).
cost(15, 19, 521864).
cost(15, 20, 778715).
cost(15, 21, 683311).
cost(15, 22, 235440).
cost(15, 23, 851332).
cost(15, 24, 478781).
cost(15, 25, 617474).
cost(15, 26, 880081).
cost(16, 1, 488715).
cost(16, 2, 532637).
cost(16, 3, 401266).
cost(16, 4, 384700).
cost(16, 5, 257566).
cost(16, 6, 666766).
cost(16, 7, 190300).
cost(16, 8, 501718).
cost(16, 9, 392886).
cost(16, 10, 395531).
cost(16, 11, 352673).
cost(16, 12, 234554).
cost(16, 13, 404568).
cost(16, 14, 78614).
cost(16, 15, 427805).
cost(16, 17, 126327).
cost(16, 18, 618780).
cost(16, 19, 256788).
cost(16, 20, 573107).
cost(16, 21, 387914).
cost(16, 22, 318850).
cost(16, 23, 455973).
cost(16, 24, 153679).
cost(16, 25, 194251).
cost(16, 26, 550902).
cost(17, 1, 433256).
cost(17, 2, 458207).
cost(17, 3, 308587).
cost(17, 4, 305488).
cost(17, 5, 251479).
cost(17, 6, 583592).
cost(17, 7, 175318).
cost(17, 8, 437711).
cost(17, 9, 345561).
cost(17, 10, 278084).
cost(17, 11, 459194).
cost(17, 12, 226317).
cost(17, 13, 519299).
cost(17, 14, 163391).
cost(17, 15, 338061).
cost(17, 16, 126327).
cost(17, 18, 605878).
cost(17, 19, 217317).
cost(17, 20, 527359).
cost(17, 21, 376226).
cost(17, 22, 193515).
cost(17, 23, 513877).
cost(17, 24, 145044).
cost(17, 25, 287974).
cost(17, 26, 563592).
cost(18, 1, 240448).
cost(18, 2, 310197).
cost(18, 3, 418298).
cost(18, 4, 374646).
cost(18, 5, 363101).
cost(18, 6, 375273).
cost(18, 7, 437450).
cost(18, 8, 269527).
cost(18, 9, 279076).
cost(18, 10, 545054).
cost(18, 11, 562348).
cost(18, 12, 387662).
cost(18, 13, 635678).
cost(18, 14, 548530).
cost(18, 15, 896514).
cost(18, 16, 618780).
cost(18, 17, 605878).
cost(18, 19, 389006).
cost(18, 20, 167285).
cost(18, 21, 232278).
cost(18, 22, 665135).
cost(18, 23, 336158).
cost(18, 24, 473745).
cost(18, 25, 510542).
cost(18, 26, 130663).
cost(19, 1, 231958).
cost(19, 2, 282569).
cost(19, 3, 187425).
cost(19, 4, 149956).
cost(19, 5, 68367).
cost(19, 6, 420704).
cost(19, 7, 70182).
cost(19, 8, 246606).
cost(19, 9, 136335).
cost(19, 10, 257319).
cost(19, 11, 416363).
cost(19, 12, 59185).
cost(19, 13, 494259).
cost(19, 14, 209421).
cost(19, 15, 521864).
cost(19, 16, 256788).
cost(19, 17, 217317).
cost(19, 18, 389006).
cost(19, 20, 318121).
cost(19, 21, 162824).
cost(19, 22, 306575).
cost(19, 23, 363361).
cost(19, 24, 103941).
cost(19, 25, 260207).
cost(19, 26, 358249).
cost(20, 1, 99263).
cost(20, 2, 145699).
cost(20, 3, 278942).
cost(20, 4, 245810).
cost(20, 5, 322882).
cost(20, 6, 216344).
cost(20, 7, 382833).
cost(20, 8, 114934).
cost(20, 9, 182671).
cost(20, 10, 404024).
cost(20, 11, 616183).
cost(20, 12, 342188).
cost(20, 13, 695715).
cost(20, 14, 515879).
cost(20, 15, 778715).
cost(20, 16, 573107).
cost(20, 17, 527359).
cost(20, 18, 167285).
cost(20, 19, 318121).
cost(20, 21, 211903).
cost(20, 22, 543328).
cost(20, 23, 429473).
cost(20, 24, 419480).
cost(20, 25, 517626).
cost(20, 26, 258571).
cost(21, 1, 170674).
cost(21, 2, 257472).
cost(21, 3, 263913).
cost(21, 4, 212313).
cost(21, 5, 130973).
cost(21, 6, 387578).
cost(21, 7, 205313).
cost(21, 8, 204312).
cost(21, 9, 109725).
cost(21, 10, 375962).
cost(21, 11, 409999).
cost(21, 12, 155394).
cost(21, 13, 490569).
cost(21, 14, 320617).
cost(21, 15, 683311).
cost(21, 16, 387914).
cost(21, 17, 376226).
cost(21, 18, 232278).
cost(21, 19, 162824).
cost(21, 20, 211903).
cost(21, 22, 461433).
cost(21, 23, 262843).
cost(21, 24, 241477).
cost(21, 25, 306486).
cost(21, 26, 197982).
cost(22, 1, 444360).
cost(22, 2, 429744).
cost(22, 3, 268457).
cost(22, 4, 297740).
cost(22, 5, 368006).
cost(22, 6, 523437).
cost(22, 7, 307587).
cost(22, 8, 432636).
cost(22, 9, 386130).
cost(22, 10, 163874).
cost(22, 11, 645434).
cost(22, 12, 347549).
cost(22, 13, 709514).
cost(22, 14, 352203).
cost(22, 15, 235440).
cost(22, 16, 318850).
cost(22, 17, 193515).
cost(22, 18, 665135).
cost(22, 19, 306575).
cost(22, 20, 543328).
cost(22, 21, 461433).
cost(22, 23, 661133).
cost(22, 24, 295129).
cost(22, 25, 471732).
cost(22, 26, 659400).
cost(23, 1, 424996).
cost(23, 2, 515060).
cost(23, 3, 518708).
cost(23, 4, 467979).
cost(23, 5, 296282).
cost(23, 6, 635206).
cost(23, 7, 354329).
cost(23, 8, 461001).
cost(23, 9, 371661).
cost(23, 10, 616414).
cost(23, 11, 243402).
cost(23, 12, 314354).
cost(23, 13, 307428).
cost(23, 14, 378098).
cost(23, 15, 851332).
cost(23, 16, 455973).
cost(23, 17, 513877).
cost(23, 18, 336158).
cost(23, 19, 363361).
cost(23, 20, 429473).
cost(23, 21, 262843).
cost(23, 22, 661133).
cost(23, 24, 373464).
cost(23, 25, 274739).
cost(23, 26, 207165).
cost(24, 1, 335695).
cost(24, 2, 384697).
cost(24, 3, 270290).
cost(24, 4, 243342).
cost(24, 5, 111261).
cost(24, 6, 521625).
cost(24, 7, 37124).
cost(24, 8, 350390).
cost(24, 9, 239416).
cost(24, 10, 303209).
cost(24, 11, 361582).
cost(24, 12, 86240).
cost(24, 13, 433436).
cost(24, 14, 108538).
cost(24, 15, 478781).
cost(24, 16, 153679).
cost(24, 17, 145044).
cost(24, 18, 473745).
cost(24, 19, 103941).
cost(24, 20, 419480).
cost(24, 21, 241477).
cost(24, 22, 295129).
cost(24, 23, 373464).
cost(24, 25, 190253).
cost(24, 26, 421058).
cost(25, 1, 458267).
cost(25, 2, 528884).
cost(25, 3, 446736).
cost(25, 4, 409829).
cost(25, 5, 211383).
cost(25, 6, 667916).
cost(25, 7, 201074).
cost(25, 8, 483669).
cost(25, 9, 365342).
cost(25, 10, 493199).
cost(25, 11, 173918).
cost(25, 12, 204549).
cost(25, 13, 243252).
cost(25, 14, 125945).
cost(25, 15, 617474).
cost(25, 16, 194251).
cost(25, 17, 287974).
cost(25, 18, 510542).
cost(25, 19, 260207).
cost(25, 20, 517626).
cost(25, 21, 306486).
cost(25, 22, 471732).
cost(25, 23, 274739).
cost(25, 24, 190253).
cost(25, 26, 413521).
cost(26, 1, 294127).
cost(26, 2, 380365).
cost(26, 3, 445406).
cost(26, 4, 395359).
cost(26, 5, 312133).
cost(26, 6, 474856).
cost(26, 7, 388360).
cost(26, 8, 329834).
cost(26, 9, 288726).
cost(26, 10, 565941).
cost(26, 11, 440909).
cost(26, 12, 337276).
cost(26, 13, 511173).
cost(26, 14, 475010).
cost(26, 15, 880081).
cost(26, 16, 550902).
cost(26, 17, 563592).
cost(26, 18, 130663).
cost(26, 19, 358249).
cost(26, 20, 258571).
cost(26, 21, 197982).
cost(26, 22, 659400).
cost(26, 23, 207165).
cost(26, 24, 421058).
cost(26, 25, 413521).
