dimension(26).
point(1, 122227.0, -28551.0).
point(2, 50722.0, 44665.0).
point(3, -70406.0, 76634.0).
point(4, 204985.0, 11117.0).
point(5, 323839.0, 45377.0).
point(6, 234491.0, 262192.0).
point(7, 410663.0, -223530.0).
point(8, -103550.0, -29291.0).
point(9, 337973.0, -89349.0).
point(10, 70064.0, -143063.0).
point(11, 73944.0, 11279.0).
point(12, 76434.0, -3070.0).
point(13, -283337.0, -236894.0).
point(14, -135536.0, -78289.0).
point(15, -20149.0, -89430.0).
point(16, 6498.0, -223049.0).
point(17, -261401.0, -123162.0).
point(18, -161193.0, -46946.0).
point(19, -101632.0, 109375.0).
point(20, -173605.0, 40743.0).
point(21, 190782.0, 148589.0).
point(22, 155975.0, -132883.0).
point(23, -55750.0, -113566.0).
point(24, -81925.0, -87024.0).
point(25, -24040.0, 397097.0).
point(26, -70110.0, -7854.0).
cost(1, 2, 102340).
cost(1, 3, 219480).
cost(1, 4, 91774).
cost(1, 5, 214739).
cost(1, 6, 311664).
cost(1, 7, 348155).
cost(1, 8, 225778).
cost(1, 9, 224149).
cost(1, 10, 125833).
cost(1, 11, 62591).
cost(1, 12, 52405).
cost(1, 13, 455948).
cost(1, 14, 262518).
cost(1, 15, 154846).
cost(1, 16, 226324).
cost(1, 17, 395122).
cost(1, 18, 284016).
cost(1, 19, 262938).
cost(1, 20, 303839).
cost(1, 21, 189943).
cost(1, 22, 109654).
cost(1, 23, 197239).
cost(1, 24, 212361).
cost(1, 25, 450078).
cost(1, 26, 193447).
cost(2, 1, 102340).
cost(2, 3, 125276).
cost(2, 4, 157869).
cost(2, 5, 273118).
cost(2, 6, 284761).
cost(2, 7, 448872).
cost(2, 8, 171083).
cost(2, 9, 316975).
cost(2, 10, 188722).
cost(2, 11, 40668).
cost(2, 12, 54219).
cost(2, 13, 436888).
cost(2, 14, 223181).
cost(2, 15, 151671).
cost(2, 16, 271342).
cost(2, 17, 354382).
cost(2, 18, 230869).
cost(2, 19, 165527).
cost(2, 20, 224361).
cost(2, 21, 174405).
cost(2, 22, 206401).
cost(2, 23, 190718).
cost(2, 24, 186915).
cost(2, 25, 360274).
cost(2, 26, 131752).
cost(3, 1, 219480).
cost(3, 2, 125276).
cost(3, 4, 283077).
cost(3, 5, 395482).
cost(3, 6, 356923).
cost(3, 7, 567032).
cost(3, 8, 110989).
cost(3, 9, 440822).
cost(3, 10, 260765).
cost(3, 11, 158456).
cost(3, 12, 167077).
cost(3, 13, 378998).
cost(3, 14, 168057).
cost(3, 15, 173502).
cost(3, 16, 309393).
cost(3, 17, 276401).
cost(3, 18, 153344).
cost(3, 19, 45244).
cost(3, 20, 109262).
cost(3, 21, 270918).
cost(3, 22, 308457).
cost(3, 23, 190764).
cost(3, 24, 164063).
cost(3, 25, 323800).
cost(3, 26, 84489).
cost(4, 1, 91774).
cost(4, 2, 157869).
cost(4, 3, 283077).
cost(4, 5, 123693).
cost(4, 6, 252803).
cost(4, 7, 312030).
cost(4, 8, 311170).
cost(4, 9, 166671).
cost(4, 10, 204878).
cost(4, 11, 131041).
cost(4, 12, 129331).
cost(4, 13, 547693).
cost(4, 14, 352062).
cost(4, 15, 246566).
cost(4, 16, 306970).
cost(4, 17, 485332).
cost(4, 18, 370753).
cost(4, 19, 321976).
cost(4, 20, 379747).
cost(4, 21, 138204).
cost(4, 22, 152112).
cost(4, 23, 289013).
cost(4, 24, 303231).
cost(4, 25, 448813).
cost(4, 26, 275748).
cost(5, 1, 214739).
cost(5, 2, 273118).
cost(5, 3, 395482).
cost(5, 4, 123693).
cost(5, 6, 234503).
cost(5, 7, 282576).
cost(5, 8, 433862).
cost(5, 9, 135465).
cost(5, 10, 316088).
cost(5, 11, 252211).
cost(5, 12, 252104).
cost(5, 13, 669582).
cost(5, 14, 475730).
cost(5, 15, 369460).
cost(5, 16, 415641).
cost(5, 17, 609025).
cost(5, 18, 493740).
cost(5, 19, 430257).
cost(5, 20, 497466).
cost(5, 21, 168395).
cost(5, 22, 244857).
cost(5, 23, 411522).
cost(5, 24, 426819).
cost(5, 25, 494699).
cost(5, 26, 397529).
cost(6, 1, 311664).
cost(6, 2, 284761).
cost(6, 3, 356923).
cost(6, 4, 252803).
cost(6, 5, 234503).
cost(6, 7, 516684).
cost(6, 8, 446356).
cost(6, 9, 366455).
cost(6, 10, 437342).
cost(6, 11, 297880).
cost(6, 12, 308781).
cost(6, 13, 719189).
cost(6, 14, 502839).
cost(6, 15, 434142).
cost(6, 16, 536134).
cost(6, 17, 628018).
cost(6, 18, 502128).
cost(6, 19, 369231).
cost(6, 20, 464308).
cost(6, 21, 121721).
cost(6, 22, 402801).
cost(6, 23, 474799).
cost(6, 24, 471244).
cost(6, 25, 291612).
cost(6, 26, 407071).
cost(7, 1, 348155).
cost(7, 2, 448872).
cost(7, 3, 567032).
cost(7, 4, 312030).
cost(7, 5, 282576).
cost(7, 6, 516684).
cost(7, 8, 549676).
cost(7, 9, 152605).
cost(7, 10, 349975).
cost(7, 11, 410506).
cost(7, 12, 400389).
cost(7, 13, 694129).
cost(7, 14, 565180).
cost(7, 15, 451200).
cost(7, 16, 404165).
cost(7, 17, 679517).
cost(7, 18, 598499).
cost(7, 19, 610960).
cost(7, 20, 641256).
cost(7, 21, 432227).
cost(7, 22, 270338).
cost(7, 23, 479201).
cost(7, 24, 511152).
cost(7, 25, 757723).
cost(7, 26, 526933).
cost(8, 1, 225778).
cost(8, 2, 171083).
cost(8, 3, 110989).
cost(8, 4, 311170).
cost(8, 5, 433862).
cost(8, 6, 446356).
cost(8, 7, 549676).
cost(8, 9, 445589).
cost(8, 10, 207571).
cost(8, 11, 182072).
cost(8, 12, 181884).
cost(8, 13, 274631).
cost(8, 14, 58514).
cost(8, 15, 102822).
cost(8, 16, 222829).
cost(8, 17, 183654).
cost(8, 18, 60286).
cost(8, 19, 138679).
cost(8, 20, 99058).
cost(8, 21, 343908).
cost(8, 22, 279436).
cost(8, 23, 96887).
cost(8, 24, 61650).
cost(8, 25, 433738).
cost(8, 26, 39721).
cost(9, 1, 224149).
cost(9, 2, 316975).
cost(9, 3, 440822).
cost(9, 4, 166671).
cost(9, 5, 135465).
cost(9, 6, 366455).
cost(9, 7, 152605).
cost(9, 8, 445589).
cost(9, 10, 273241).
cost(9, 11, 282555).
cost(9, 12, 275403).
cost(9, 13, 638589).
cost(9, 14, 473638).
cost(9, 15, 358122).
cost(9, 16, 357423).
cost(9, 17, 600327).
cost(9, 18, 500964).
cost(9, 19, 482435).
cost(9, 20, 527860).
cost(9, 21, 279785).
cost(9, 22, 187132).
cost(9, 23, 394467).
cost(9, 24, 419904).
cost(9, 25, 606369).
cost(9, 26, 416141).
cost(10, 1, 125833).
cost(10, 2, 188722).
cost(10, 3, 260765).
cost(10, 4, 204878).
cost(10, 5, 316088).
cost(10, 6, 437342).
cost(10, 7, 349975).
cost(10, 8, 207571).
cost(10, 9, 273241).
cost(10, 11, 154391).
cost(10, 12, 140138).
cost(10, 13, 365645).
cost(10, 14, 215562).
cost(10, 15, 104952).
cost(10, 16, 102168).
cost(10, 17, 332062).
cost(10, 18, 250436).
cost(10, 19, 305294).
cost(10, 20, 305220).
cost(10, 21, 315648).
cost(10, 22, 86512).
cost(10, 23, 129226).
cost(10, 24, 161991).
cost(10, 25, 548296).
cost(10, 26, 194757).
cost(11, 1, 62591).
cost(11, 2, 40668).
cost(11, 3, 158456).
cost(11, 4, 131041).
cost(11, 5, 252211).
cost(11, 6, 297880).
cost(11, 7, 410506).
cost(11, 8, 182072).
cost(11, 9, 282555).
cost(11, 10, 154391).
cost(11, 12, 14563).
cost(11, 13, 435017).
cost(11, 14, 227825).
cost(11, 15, 137825).
cost(11, 16, 243841).
cost(11, 17, 361290).
cost(11, 18, 242239).
cost(11, 19, 201121).
cost(11, 20, 249296).
cost(11, 21, 180292).
cost(11, 22, 165867).
cost(11, 23, 180019).
cost(11, 24, 184279).
cost(11, 25, 398066).
cost(11, 26, 145319).
cost(12, 1, 52405).
cost(12, 2, 54219).
cost(12, 3, 167077).
cost(12, 4, 129331).
cost(12, 5, 252104).
cost(12, 6, 308781).
cost(12, 7, 400389).
cost(12, 8, 181884).
cost(12, 9, 275403).
cost(12, 10, 140138).
cost(12, 11, 14563).
cost(12, 13, 429079).
cost(12, 14, 224920).
cost(12, 15, 129562).
cost(12, 16, 230829).
cost(12, 17, 358545).
cost(12, 18, 241644).
cost(12, 19, 210598).
cost(12, 20, 253849).
cost(12, 21, 189937).
cost(12, 22, 152244).
cost(12, 23, 172285).
cost(12, 24, 179237).
cost(12, 25, 412588).
cost(12, 26, 146622).
cost(13, 1, 455948).
cost(13, 2, 436888).
cost(13, 3, 378998).
cost(13, 4, 547693).
cost(13, 5, 669582).
cost(13, 6, 719189).
cost(13, 7, 694129).
cost(13, 8, 274631).
cost(13, 9, 638589).
cost(13, 10, 365645).
cost(13, 11, 435017).
cost(13, 12, 429079).
cost(13, 14, 216796).
cost(13, 15, 301685).
cost(13, 16, 290165).
cost(13, 17, 115828).
cost(13, 18, 225830).
cost(13, 19, 391048).
cost(13, 20, 298535).
cost(13, 21, 611053).
cost(13, 22, 451457).
cost(13, 23, 258854).
cost(13, 24, 251053).
cost(13, 25, 684967).
cost(13, 26, 312930).
cost(14, 1, 262518).
cost(14, 2, 223181).
cost(14, 3, 168057).
cost(14, 4, 352062).
cost(14, 5, 475730).
cost(14, 6, 502839).
cost(14, 7, 565180).
cost(14, 8, 58514).
cost(14, 9, 473638).
cost(14, 10, 215562).
cost(14, 11, 227825).
cost(14, 12, 224920).
cost(14, 13, 216796).
cost(14, 15, 115924).
cost(14, 16, 202803).
cost(14, 17, 133625).
cost(14, 18, 40505).
cost(14, 19, 190702).
cost(14, 20, 124971).
cost(14, 21, 397438).
cost(14, 22, 296579).
cost(14, 23, 87237).
cost(14, 24, 54318).
cost(14, 25, 488286).
cost(14, 26, 96134).
cost(15, 1, 154846).
cost(15, 2, 151671).
cost(15, 3, 173502).
cost(15, 4, 246566).
cost(15, 5, 369460).
cost(15, 6, 434142).
cost(15, 7, 451200).
cost(15, 8, 102822).
cost(15, 9, 358122).
cost(15, 10, 104952).
cost(15, 11, 137825).
cost(15, 12, 129562).
cost(15, 13, 301685).
cost(15, 14, 115924).
cost(15, 16, 136250).
cost(15, 17, 243599).
cost(15, 18, 147303).
cost(15, 19, 214856).
cost(15, 20, 201231).
cost(15, 21, 318033).
cost(15, 22, 181405).
cost(15, 23, 43011).
cost(15, 24, 61823).
cost(15, 25, 486543).
cost(15, 26, 95660).
cost(16, 1, 226324).
cost(16, 2, 271342).
cost(16, 3, 309393).
cost(16, 4, 306970).
cost(16, 5, 415641).
cost(16, 6, 536134).
cost(16, 7, 404165).
cost(16, 8, 222829).
cost(16, 9, 357423).
cost(16, 10, 102168).
cost(16, 11, 243841).
cost(16, 12, 230829).
cost(16, 13, 290165).
cost(16, 14, 202803).
cost(16, 15, 136250).
cost(16, 17, 285915).
cost(16, 18, 243172).
cost(16, 19, 349568).
cost(16, 20, 319411).
cost(16, 21, 414820).
cost(16, 22, 174566).
cost(16, 23, 125942).
cost(16, 24, 162239).
cost(16, 25, 620897).
cost(16, 26, 228424).
cost(17, 1, 395122).
cost(17, 2, 354382).
cost(17, 3, 276401).
cost(17, 4, 485332).
cost(17, 5, 609025).
cost(17, 6, 628018).
cost(17, 7, 679517).
cost(17, 8, 183654).
cost(17, 9, 600327).
cost(17, 10, 332062).
cost(17, 11, 361290).
cost(17, 12, 358545).
cost(17, 13, 115828).
cost(17, 14, 133625).
cost(17, 15, 243599).
cost(17, 16, 285915).
cost(17, 18, 125899).
cost(17, 19, 282134).
cost(17, 20, 185938).
cost(17, 21, 527559).
cost(17, 22, 417489).
cost(17, 23, 205875).
cost(17, 24, 183078).
cost(17, 25, 571848).
cost(17, 26, 223357).
cost(18, 1, 284016).
cost(18, 2, 230869).
cost(18, 3, 153344).
cost(18, 4, 370753).
cost(18, 5, 493740).
cost(18, 6, 502128).
cost(18, 7, 598499).
cost(18, 8, 60286).
cost(18, 9, 500964).
cost(18, 10, 250436).
cost(18, 11, 242239).
cost(18, 12, 241644).
cost(18, 13, 225830).
cost(18, 14, 40505).
cost(18, 15, 147303).
cost(18, 16, 243172).
cost(18, 17, 125899).
cost(18, 19, 167283).
cost(18, 20, 88563).
cost(18, 21, 402642).
cost(18, 22, 328604).
cost(18, 23, 124726).
cost(18, 24, 88824).
cost(18, 25, 464742).
cost(18, 26, 99118).
cost(19, 1, 262938).
cost(19, 2, 165527).
cost(19, 3, 45244).
cost(19, 4, 321976).
cost(19, 5, 430257).
cost(19, 6, 369231).
cost(19, 7, 610960).
cost(19, 8, 138679).
cost(19, 9, 482435).
cost(19, 10, 305294).
cost(19, 11, 201121).
cost(19, 12, 210598).
cost(19, 13, 391048).
cost(19, 14, 190702).
cost(19, 15, 214856).
cost(19, 16, 349568).
cost(19, 17, 282134).
cost(19, 18, 167283).
cost(19, 20, 99451).
cost(19, 21, 295032).
cost(19, 22, 353625).
cost(19, 23, 227613).
cost(19, 24, 197385).
cost(19, 25, 298001).
cost(19, 26, 121393).
cost(20, 1, 303839).
cost(20, 2, 224361).
cost(20, 3, 109262).
cost(20, 4, 379747).
cost(20, 5, 497466).
cost(20, 6, 464308).
cost(20, 7, 641256).
cost(20, 8, 99058).
cost(20, 9, 527860).
cost(20, 10, 305220).
cost(20, 11, 249296).
cost(20, 12, 253849).
cost(20, 13, 298535).
cost(20, 14, 124971).
cost(20, 15, 201231).
cost(20, 16, 319411).
cost(20, 17, 185938).
cost(20, 18, 88563).
cost(20, 19, 99451).
cost(20, 21, 380011).
cost(20, 22, 372517).
cost(20, 23, 194168).
cost(20, 24, 157257).
cost(20, 25, 386468).
cost(20, 26, 114337).
cost(21, 1, 189943).
cost(21, 2, 174405).
cost(21, 3, 270918).
cost(21, 4, 138204).
cost(21, 5, 168395).
cost(21, 6, 121721).
cost(21, 7, 432227).
cost(21, 8, 343908).
cost(21, 9, 279785).
cost(21, 10, 315648).
cost(21, 11, 180292).
cost(21, 12, 189937).
cost(21, 13, 611053).
cost(21, 14, 397438).
cost(21, 15, 318033).
cost(21, 16, 414820).
cost(21, 17, 527559).
cost(21, 18, 402642).
cost(21, 19, 295032).
cost(21, 20, 380011).
cost(21, 22, 283616).
cost(21, 23, 359866).
cost(21, 24, 360392).
cost(21, 25, 328489).
cost(21, 26, 304202).
cost(22, 1, 109654).
cost(22, 2, 206401).
cost(22, 3, 308457).
cost(22, 4, 152112).
cost(22, 5, 244857).
cost(22, 6, 402801).
cost(22, 7, 270338).
cost(22, 8, 279436).
cost(22, 9, 187132).
cost(22, 10, 86512).
cost(22, 11, 165867).
cost(22, 12, 152244).
cost(22, 13, 451457).
cost(22, 14, 296579).
cost(22, 15, 181405).
cost(22, 16, 174566).
cost(22, 17, 417489).
cost(22, 18, 328604).
cost(22, 19, 353625).
cost(22, 20, 372517).
cost(22, 21, 283616).
cost(22, 23, 212604).
cost(22, 24, 242280).
cost(22, 25, 559718).
cost(22, 26, 258354).
cost(23, 1, 197239).
cost(23, 2, 190718).
cost(23, 3, 190764).
cost(23, 4, 289013).
cost(23, 5, 411522).
cost(23, 6, 474799).
cost(23, 7, 479201).
cost(23, 8, 96887).
cost(23, 9, 394467).
cost(23, 10, 129226).
cost(23, 11, 180019).
cost(23, 12, 172285).
cost(23, 13, 258854).
cost(23, 14, 87237).
cost(23, 15, 43011).
cost(23, 16, 125942).
cost(23, 17, 205875).
cost(23, 18, 124726).
cost(23, 19, 227613).
cost(23, 20, 194168).
cost(23, 21, 359866).
cost(23, 22, 212604).
cost(23, 24, 37277).
cost(23, 25, 511647).
cost(23, 26, 106683).
cost(24, 1, 212361).
cost(24, 2, 186915).
cost(24, 3, 164063).
cost(24, 4, 303231).
cost(24, 5, 426819).
cost(24, 6, 471244).
cost(24, 7, 511152).
cost(24, 8, 61650).
cost(24, 9, 419904).
cost(24, 10, 161991).
cost(24, 11, 184279).
cost(24, 12, 179237).
cost(24, 13, 251053).
cost(24, 14, 54318).
cost(24, 15, 61823).
cost(24, 16, 162239).
cost(24, 17, 183078).
cost(24, 18, 88824).
cost(24, 19, 197385).
cost(24, 20, 157257).
cost(24, 21, 360392).
cost(24, 22, 242280).
cost(24, 23, 37277).
cost(24, 25, 487569).
cost(24, 26, 80047).
cost(25, 1, 450078).
cost(25, 2, 360274).
cost(25, 3, 323800).
cost(25, 4, 448813).
cost(25, 5, 494699).
cost(25, 6, 291612).
cost(25, 7, 757723).
cost(25, 8, 433738).
cost(25, 9, 606369).
cost(25, 10, 548296).
cost(25, 11, 398066).
cost(25, 12, 412588).
cost(25, 13, 684967).
cost(25, 14, 488286).
cost(25, 15, 486543).
cost(25, 16, 620897).
cost(25, 17, 571848).
cost(25, 18, 464742).
cost(25, 19, 298001).
cost(25, 20, 386468).
cost(25, 21, 328489).
cost(25, 22, 559718).
cost(25, 23, 511647).
cost(25, 24, 487569).
cost(25, 26, 407563).
cost(26, 1, 193447).
cost(26, 2, 131752).
cost(26, 3, 84489).
cost(26, 4, 275748).
cost(26, 5, 397529).
cost(26, 6, 407071).
cost(26, 7, 526933).
cost(26, 8, 39721).
cost(26, 9, 416141).
cost(26, 10, 194757).
cost(26, 11, 145319).
cost(26, 12, 146622).
cost(26, 13, 312930).
cost(26, 14, 96134).
cost(26, 15, 95660).
cost(26, 16, 228424).
cost(26, 17, 223357).
cost(26, 18, 99118).
cost(26, 19, 121393).
cost(26, 20, 114337).
cost(26, 21, 304202).
cost(26, 22, 258354).
cost(26, 23, 106683).
cost(26, 24, 80047).
cost(26, 25, 407563).
