dimension(26).
point(1, -169088.0, 362721.0).
point(2, -266044.0, -312160.0).
point(3, -23484.0, -275838.0).
point(4, -194382.0, 9270.0).
point(5, 66988.0, -7501.0).
point(6, -15744.0, 104425.0).
point(7, -132404.0, -189422.0).
point(8, 104913.0, -89689.0).
point(9, 245848.0, 183841.0).
point(10, 55801.0, -88561.0).
point(11, 627631.0, 36503.0).
point(12, -332058.0, -330167.0).
point(13, 76124.0, 103096.0).
point(14, 19140.0, -106262.0).
point(15, -209952.0, -159391.0).
point(16, 117669.0, 213208.0).
point(17, 42591.0, -230285.0).
point(18, 2319.0, -117380.0).
point(19, -73592.0, -55329.0).
point(20, 52826.0, -20087.0).
point(21, -43552.0, -220714.0).
point(22, -302023.0, 75475.0).
point(23, -35223.0, -111997.0).
point(24, -166113.0, 304421.0).
point(25, 289477.0, -161295.0).
point(26, -132277.0, -48279.0).
cost(1, 2, 681810).
cost(1, 3, 654949).
cost(1, 4, 354355).
cost(1, 5, 439086).
cost(1, 6, 300385).
cost(1, 7, 553360).
cost(1, 8, 528915).
cost(1, 9, 451852).
cost(1, 10, 504213).
cost(1, 11, 860918).
cost(1, 12, 711796).
cost(1, 13, 357119).
cost(1, 14, 505346).
cost(1, 15, 523709).
cost(1, 16, 323394).
cost(1, 17, 629654).
cost(1, 18, 509782).
cost(1, 19, 428818).
cost(1, 20, 442479).
cost(1, 21, 596788).
cost(1, 22, 316515).
cost(1, 23, 493231).
cost(1, 24, 58376).
cost(1, 25, 696329).
cost(1, 26, 412645).
cost(2, 1, 681810).
cost(2, 3, 245264).
cost(2, 4, 329322).
cost(2, 5, 451362).
cost(2, 6, 485997).
cost(2, 7, 181450).
cost(2, 8, 432553).
cost(2, 9, 712777).
cost(2, 10, 391894).
cost(2, 11, 959281).
cost(2, 12, 68426).
cost(2, 13, 538067).
cost(2, 14, 351744).
cost(2, 15, 162741).
cost(2, 16, 650575).
cost(2, 17, 319310).
cost(2, 18, 331599).
cost(2, 19, 320936).
cost(2, 20, 432417).
cost(2, 21, 240552).
cost(2, 22, 389301).
cost(2, 23, 305522).
cost(2, 24, 624627).
cost(2, 25, 575642).
cost(2, 26, 295849).
cost(3, 1, 654949).
cost(3, 2, 245264).
cost(3, 4, 332404).
cost(3, 5, 283178).
cost(3, 6, 380342).
cost(3, 7, 139037).
cost(3, 8, 226135).
cost(3, 9, 532771).
cost(3, 10, 203369).
cost(3, 11, 722155).
cost(3, 12, 313320).
cost(3, 13, 391807).
cost(3, 14, 174851).
cost(3, 15, 219841).
cost(3, 16, 509009).
cost(3, 17, 80256).
cost(3, 18, 160545).
cost(3, 19, 226131).
cost(3, 20, 266893).
cost(3, 21, 58663).
cost(3, 22, 448336).
cost(3, 23, 164261).
cost(3, 24, 597531).
cost(3, 25, 333264).
cost(3, 26, 252228).
cost(4, 1, 354355).
cost(4, 2, 329322).
cost(4, 3, 332404).
cost(4, 5, 261908).
cost(4, 6, 202401).
cost(4, 7, 208134).
cost(4, 8, 315231).
cost(4, 9, 473579).
cost(4, 10, 268631).
cost(4, 11, 822464).
cost(4, 12, 366295).
cost(4, 13, 286316).
cost(4, 14, 242774).
cost(4, 15, 169378).
cost(4, 16, 372782).
cost(4, 17, 336961).
cost(4, 18, 233948).
cost(4, 19, 136979).
cost(4, 20, 248945).
cost(4, 21, 275032).
cost(4, 22, 126371).
cost(4, 23, 200093).
cost(4, 24, 296502).
cost(4, 25, 513042).
cost(4, 26, 84669).
cost(5, 1, 439086).
cost(5, 2, 451362).
cost(5, 3, 283178).
cost(5, 4, 261908).
cost(5, 6, 139183).
cost(5, 7, 269912).
cost(5, 8, 90516).
cost(5, 9, 261921).
cost(5, 10, 81828).
cost(5, 11, 562367).
cost(5, 12, 513177).
cost(5, 13, 110974).
cost(5, 14, 109741).
cost(5, 15, 315858).
cost(5, 16, 226453).
cost(5, 17, 224116).
cost(5, 18, 127497).
cost(5, 19, 148493).
cost(5, 20, 18946).
cost(5, 21, 240164).
cost(5, 22, 378225).
cost(5, 23, 146173).
cost(5, 24, 389399).
cost(5, 25, 270470).
cost(5, 26, 203395).
cost(6, 1, 300385).
cost(6, 2, 485997).
cost(6, 3, 380342).
cost(6, 4, 202401).
cost(6, 5, 139183).
cost(6, 7, 316158).
cost(6, 8, 228557).
cost(6, 9, 273381).
cost(6, 10, 205821).
cost(6, 11, 646950).
cost(6, 12, 537517).
cost(6, 13, 91878).
cost(6, 14, 213555).
cost(6, 15, 327591).
cost(6, 16, 172142).
cost(6, 17, 339755).
cost(6, 18, 222539).
cost(6, 19, 169905).
cost(6, 20, 142145).
cost(6, 21, 326326).
cost(6, 22, 287739).
cost(6, 23, 217297).
cost(6, 24, 250218).
cost(6, 25, 404681).
cost(6, 26, 192090).
cost(7, 1, 553360).
cost(7, 2, 181450).
cost(7, 3, 139037).
cost(7, 4, 208134).
cost(7, 5, 269912).
cost(7, 6, 316158).
cost(7, 8, 257422).
cost(7, 9, 531413).
cost(7, 10, 213528).
cost(7, 11, 792903).
cost(7, 12, 244276).
cost(7, 13, 359236).
cost(7, 14, 172862).
cost(7, 15, 83160).
cost(7, 16, 473970).
cost(7, 17, 179703).
cost(7, 18, 152775).
cost(7, 19, 146423).
cost(7, 20, 250967).
cost(7, 21, 94201).
cost(7, 22, 314549).
cost(7, 23, 124253).
cost(7, 24, 494992).
cost(7, 25, 422818).
cost(7, 26, 141143).
cost(8, 1, 528915).
cost(8, 2, 432553).
cost(8, 3, 226135).
cost(8, 4, 315231).
cost(8, 5, 90516).
cost(8, 6, 228557).
cost(8, 7, 257422).
cost(8, 9, 307703).
cost(8, 10, 49125).
cost(8, 11, 537735).
cost(8, 12, 498772).
cost(8, 13, 194923).
cost(8, 14, 87359).
cost(8, 15, 322488).
cost(8, 16, 303165).
cost(8, 17, 153790).
cost(8, 18, 106265).
cost(8, 19, 181782).
cost(8, 20, 86934).
cost(8, 21, 198014).
cost(8, 22, 439177).
cost(8, 23, 141900).
cost(8, 24, 478307).
cost(8, 25, 197968).
cost(8, 26, 240778).
cost(9, 1, 451852).
cost(9, 2, 712777).
cost(9, 3, 532771).
cost(9, 4, 473579).
cost(9, 5, 261921).
cost(9, 6, 273381).
cost(9, 7, 531413).
cost(9, 8, 307703).
cost(9, 10, 332146).
cost(9, 11, 409227).
cost(9, 12, 773421).
cost(9, 13, 187952).
cost(9, 14, 368180).
cost(9, 15, 570580).
cost(9, 16, 131500).
cost(9, 17, 461317).
cost(9, 18, 387351).
cost(9, 19, 399054).
cost(9, 20, 280792).
cost(9, 21, 497410).
cost(9, 22, 558485).
cost(9, 23, 408070).
cost(9, 24, 429245).
cost(9, 25, 347883).
cost(9, 26, 443687).
cost(10, 1, 504213).
cost(10, 2, 391894).
cost(10, 3, 203369).
cost(10, 4, 268631).
cost(10, 5, 81828).
cost(10, 6, 205821).
cost(10, 7, 213528).
cost(10, 8, 49125).
cost(10, 9, 332146).
cost(10, 11, 585347).
cost(10, 12, 456955).
cost(10, 13, 192731).
cost(10, 14, 40711).
cost(10, 15, 275030).
cost(10, 16, 308046).
cost(10, 17, 142338).
cost(10, 18, 60752).
cost(10, 19, 133592).
cost(10, 20, 68539).
cost(10, 21, 165334).
cost(10, 22, 393632).
cost(10, 23, 93993).
cost(10, 24, 451310).
cost(10, 25, 244734).
cost(10, 26, 192343).
cost(11, 1, 860918).
cost(11, 2, 959281).
cost(11, 3, 722155).
cost(11, 4, 822464).
cost(11, 5, 562367).
cost(11, 6, 646950).
cost(11, 7, 792903).
cost(11, 8, 537735).
cost(11, 9, 409227).
cost(11, 10, 585347).
cost(11, 12, 1027351).
cost(11, 13, 555513).
cost(11, 14, 625015).
cost(11, 15, 860186).
cost(11, 16, 539709).
cost(11, 17, 642999).
cost(11, 18, 643968).
cost(11, 19, 707211).
cost(11, 20, 577584).
cost(11, 21, 718782).
cost(11, 22, 930471).
cost(11, 23, 679285).
cost(11, 24, 837741).
cost(11, 25, 391755).
cost(11, 26, 764623).
cost(12, 1, 711796).
cost(12, 2, 68426).
cost(12, 3, 313320).
cost(12, 4, 366295).
cost(12, 5, 513177).
cost(12, 6, 537517).
cost(12, 7, 244276).
cost(12, 8, 498772).
cost(12, 9, 773421).
cost(12, 10, 456955).
cost(12, 11, 1027351).
cost(12, 13, 595256).
cost(12, 14, 416501).
cost(12, 15, 209939).
cost(12, 16, 705344).
cost(12, 17, 387735).
cost(12, 18, 396341).
cost(12, 19, 377281).
cost(12, 20, 494252).
cost(12, 21, 308570).
cost(12, 22, 406752).
cost(12, 23, 368387).
cost(12, 24, 655927).
cost(12, 25, 644068).
cost(12, 26, 345504).
cost(13, 1, 357119).
cost(13, 2, 538067).
cost(13, 3, 391807).
cost(13, 4, 286316).
cost(13, 5, 110974).
cost(13, 6, 91878).
cost(13, 7, 359236).
cost(13, 8, 194923).
cost(13, 9, 187952).
cost(13, 10, 192731).
cost(13, 11, 555513).
cost(13, 12, 595256).
cost(13, 14, 216975).
cost(13, 15, 388251).
cost(13, 16, 117689).
cost(13, 17, 335063).
cost(13, 18, 232501).
cost(13, 19, 217976).
cost(13, 20, 125367).
cost(13, 21, 345218).
cost(13, 22, 379154).
cost(13, 23, 242205).
cost(13, 24, 314977).
cost(13, 25, 339738).
cost(13, 26, 257576).
cost(14, 1, 505346).
cost(14, 2, 351744).
cost(14, 3, 174851).
cost(14, 4, 242774).
cost(14, 5, 109741).
cost(14, 6, 213555).
cost(14, 7, 172862).
cost(14, 8, 87359).
cost(14, 9, 368180).
cost(14, 10, 40711).
cost(14, 11, 625015).
cost(14, 12, 416501).
cost(14, 13, 216975).
cost(14, 15, 235172).
cost(14, 16, 334319).
cost(14, 17, 126221).
cost(14, 18, 20163).
cost(14, 19, 105799).
cost(14, 20, 92525).
cost(14, 21, 130497).
cost(14, 22, 369018).
cost(14, 23, 54665).
cost(14, 24, 450532).
cost(14, 25, 275882).
cost(14, 26, 162139).
cost(15, 1, 523709).
cost(15, 2, 162741).
cost(15, 3, 219841).
cost(15, 4, 169378).
cost(15, 5, 315858).
cost(15, 6, 327591).
cost(15, 7, 83160).
cost(15, 8, 322488).
cost(15, 9, 570580).
cost(15, 10, 275030).
cost(15, 11, 860186).
cost(15, 12, 209939).
cost(15, 13, 388251).
cost(15, 14, 235172).
cost(15, 16, 496151).
cost(15, 17, 262305).
cost(15, 18, 216388).
cost(15, 19, 171531).
cost(15, 20, 297419).
cost(15, 21, 177340).
cost(15, 22, 252268).
cost(15, 23, 181043).
cost(15, 24, 465879).
cost(15, 25, 499433).
cost(15, 26, 135570).
cost(16, 1, 323394).
cost(16, 2, 650575).
cost(16, 3, 509009).
cost(16, 4, 372782).
cost(16, 5, 226453).
cost(16, 6, 172142).
cost(16, 7, 473970).
cost(16, 8, 303165).
cost(16, 9, 131500).
cost(16, 10, 308046).
cost(16, 11, 539709).
cost(16, 12, 705344).
cost(16, 13, 117689).
cost(16, 14, 334319).
cost(16, 15, 496151).
cost(16, 17, 449803).
cost(16, 18, 350134).
cost(16, 19, 329686).
cost(16, 20, 242139).
cost(16, 21, 462904).
cost(16, 22, 441715).
cost(16, 23, 359353).
cost(16, 24, 298081).
cost(16, 25, 412032).
cost(16, 26, 361730).
cost(17, 1, 629654).
cost(17, 2, 319310).
cost(17, 3, 80256).
cost(17, 4, 336961).
cost(17, 5, 224116).
cost(17, 6, 339755).
cost(17, 7, 179703).
cost(17, 8, 153790).
cost(17, 9, 461317).
cost(17, 10, 142338).
cost(17, 11, 642999).
cost(17, 12, 387735).
cost(17, 13, 335063).
cost(17, 14, 126221).
cost(17, 15, 262305).
cost(17, 16, 449803).
cost(17, 18, 119872).
cost(17, 19, 210019).
cost(17, 20, 210447).
cost(17, 21, 86673).
cost(17, 22, 460704).
cost(17, 23, 141588).
cost(17, 24, 573993).
cost(17, 25, 256344).
cost(17, 26, 252398).
cost(18, 1, 509782).
cost(18, 2, 331599).
cost(18, 3, 160545).
cost(18, 4, 233948).
cost(18, 5, 127497).
cost(18, 6, 222539).
cost(18, 7, 152775).
cost(18, 8, 106265).
cost(18, 9, 387351).
cost(18, 10, 60752).
cost(18, 11, 643968).
cost(18, 12, 396341).
cost(18, 13, 232501).
cost(18, 14, 20163).
cost(18, 15, 216388).
cost(18, 16, 350134).
cost(18, 17, 119872).
cost(18, 19, 98045).
cost(18, 20, 109622).
cost(18, 21, 113058).
cost(18, 22, 360301).
cost(18, 23, 37926).
cost(18, 24, 454187).
cost(18, 25, 290497).
cost(18, 26, 151298).
cost(19, 1, 428818).
cost(19, 2, 320936).
cost(19, 3, 226131).
cost(19, 4, 136979).
cost(19, 5, 148493).
cost(19, 6, 169905).
cost(19, 7, 146423).
cost(19, 8, 181782).
cost(19, 9, 399054).
cost(19, 10, 133592).
cost(19, 11, 707211).
cost(19, 12, 377281).
cost(19, 13, 217976).
cost(19, 14, 105799).
cost(19, 15, 171531).
cost(19, 16, 329686).
cost(19, 17, 210019).
cost(19, 18, 98045).
cost(19, 20, 131238).
cost(19, 21, 168091).
cost(19, 22, 263231).
cost(19, 23, 68436).
cost(19, 24, 371457).
cost(19, 25, 378217).
cost(19, 26, 59107).
cost(20, 1, 442479).
cost(20, 2, 432417).
cost(20, 3, 266893).
cost(20, 4, 248945).
cost(20, 5, 18946).
cost(20, 6, 142145).
cost(20, 7, 250967).
cost(20, 8, 86934).
cost(20, 9, 280792).
cost(20, 10, 68539).
cost(20, 11, 577584).
cost(20, 12, 494252).
cost(20, 13, 125367).
cost(20, 14, 92525).
cost(20, 15, 297419).
cost(20, 16, 242139).
cost(20, 17, 210447).
cost(20, 18, 109622).
cost(20, 19, 131238).
cost(20, 21, 222576).
cost(20, 22, 367491).
cost(20, 23, 127280).
cost(20, 24, 391458).
cost(20, 25, 275578).
cost(20, 26, 187238).
cost(21, 1, 596788).
cost(21, 2, 240552).
cost(21, 3, 58663).
cost(21, 4, 275032).
cost(21, 5, 240164).
cost(21, 6, 326326).
cost(21, 7, 94201).
cost(21, 8, 198014).
cost(21, 9, 497410).
cost(21, 10, 165334).
cost(21, 11, 718782).
cost(21, 12, 308570).
cost(21, 13, 345218).
cost(21, 14, 130497).
cost(21, 15, 177340).
cost(21, 16, 462904).
cost(21, 17, 86673).
cost(21, 18, 113058).
cost(21, 19, 168091).
cost(21, 20, 222576).
cost(21, 22, 393110).
cost(21, 23, 109036).
cost(21, 24, 539248).
cost(21, 25, 338288).
cost(21, 26, 193923).
cost(22, 1, 316515).
cost(22, 2, 389301).
cost(22, 3, 448336).
cost(22, 4, 126371).
cost(22, 5, 378225).
cost(22, 6, 287739).
cost(22, 7, 314549).
cost(22, 8, 439177).
cost(22, 9, 558485).
cost(22, 10, 393632).
cost(22, 11, 930471).
cost(22, 12, 406752).
cost(22, 13, 379154).
cost(22, 14, 369018).
cost(22, 15, 252268).
cost(22, 16, 441715).
cost(22, 17, 460704).
cost(22, 18, 360301).
cost(22, 19, 263231).
cost(22, 20, 367491).
cost(22, 21, 393110).
cost(22, 23, 326080).
cost(22, 24, 266248).
cost(22, 25, 637128).
cost(22, 26, 210068).
cost(23, 1, 493231).
cost(23, 2, 305522).
cost(23, 3, 164261).
cost(23, 4, 200093).
cost(23, 5, 146173).
cost(23, 6, 217297).
cost(23, 7, 124253).
cost(23, 8, 141900).
cost(23, 9, 408070).
cost(23, 10, 93993).
cost(23, 11, 679285).
cost(23, 12, 368387).
cost(23, 13, 242205).
cost(23, 14, 54665).
cost(23, 15, 181043).
cost(23, 16, 359353).
cost(23, 17, 141588).
cost(23, 18, 37926).
cost(23, 19, 68436).
cost(23, 20, 127280).
cost(23, 21, 109036).
cost(23, 22, 326080).
cost(23, 24, 436504).
cost(23, 25, 328421).
cost(23, 26, 116101).
cost(24, 1, 58376).
cost(24, 2, 624627).
cost(24, 3, 597531).
cost(24, 4, 296502).
cost(24, 5, 389399).
cost(24, 6, 250218).
cost(24, 7, 494992).
cost(24, 8, 478307).
cost(24, 9, 429245).
cost(24, 10, 451310).
cost(24, 11, 837741).
cost(24, 12, 655927).
cost(24, 13, 314977).
cost(24, 14, 450532).
cost(24, 15, 465879).
cost(24, 16, 298081).
cost(24, 17, 573993).
cost(24, 18, 454187).
cost(24, 19, 371457).
cost(24, 20, 391458).
cost(24, 21, 539248).
cost(24, 22, 266248).
cost(24, 23, 436504).
cost(24, 25, 651501).
cost(24, 26, 354319).
cost(25, 1, 696329).
cost(25, 2, 575642).
cost(25, 3, 333264).
cost(25, 4, 513042).
cost(25, 5, 270470).
cost(25, 6, 404681).
cost(25, 7, 422818).
cost(25, 8, 197968).
cost(25, 9, 347883).
cost(25, 10, 244734).
cost(25, 11, 391755).
cost(25, 12, 644068).
cost(25, 13, 339738).
cost(25, 14, 275882).
cost(25, 15, 499433).
cost(25, 16, 412032).
cost(25, 17, 256344).
cost(25, 18, 290497).
cost(25, 19, 378217).
cost(25, 20, 275578).
cost(25, 21, 338288).
cost(25, 22, 637128).
cost(25, 23, 328421).
cost(25, 24, 651501).
cost(25, 26, 436634).
cost(26, 1, 412645).
cost(26, 2, 295849).
cost(26, 3, 252228).
cost(26, 4, 84669).
cost(26, 5, 203395).
cost(26, 6, 192090).
cost(26, 7, 141143).
cost(26, 8, 240778).
cost(26, 9, 443687).
cost(26, 10, 192343).
cost(26, 11, 764623).
cost(26, 12, 345504).
cost(26, 13, 257576).
cost(26, 14, 162139).
cost(26, 15, 135570).
cost(26, 16, 361730).
cost(26, 17, 252398).
cost(26, 18, 151298).
cost(26, 19, 59107).
cost(26, 20, 187238).
cost(26, 21, 193923).
cost(26, 22, 210068).
cost(26, 23, 116101).
cost(26, 24, 354319).
cost(26, 25, 436634).
