dimension(26).
point(1, -162756.0, -53030.0).
point(2, 141162.0, -213979.0).
point(3, -8004.0, -78133.0).
point(4, -207998.0, 324094.0).
point(5, -167097.0, 80883.0).
point(6, 164541.0, 6380.0).
point(7, -86428.0, 20259.0).
point(8, -323823.0, -97393.0).
point(9, 61026.0, 213892.0).
point(10, -45758.0, -331495.0).
point(11, -266094.0, 298767.0).
point(12, -143124.0, -62020.0).
point(13, -107937.0, 213019.0).
point(14, -152017.0, -258470.0).
point(15, 261241.0, -516708.0).
point(16, 39067.0, -195849.0).
point(17, 270713.0, 183935.0).
point(18, -167605.0, -299520.0).
point(19, 129164.0, 35318.0).
point(20, 273191.0, -83093.0).
point(21, -432698.0, 208194.0).
point(22, -111060.0, 174647.0).
point(23, 349398.0, -493164.0).
point(24, 390698.0, 214496.0).
point(25, -423497.0, -286391.0).
point(26, 54060.0, 366527.0).
cost(1, 2, 343905).
cost(1, 3, 156775).
cost(1, 4, 379828).
cost(1, 5, 133983).
cost(1, 6, 332645).
cost(1, 7, 105817).
cost(1, 8, 167065).
cost(1, 9, 348318).
cost(1, 10, 302045).
cost(1, 11, 366660).
cost(1, 12, 21592).
cost(1, 13, 271638).
cost(1, 14, 205720).
cost(1, 15, 628308).
cost(1, 16, 247244).
cost(1, 17, 494012).
cost(1, 18, 246538).
cost(1, 19, 304996).
cost(1, 20, 436982).
cost(1, 21, 375642).
cost(1, 22, 233472).
cost(1, 23, 675292).
cost(1, 24, 614721).
cost(1, 25, 349919).
cost(1, 26, 472268).
cost(2, 1, 343905).
cost(2, 3, 201754).
cost(2, 4, 641432).
cost(2, 5, 426576).
cost(2, 6, 221596).
cost(2, 7, 326596).
cost(2, 8, 479378).
cost(2, 9, 435311).
cost(2, 10, 220792).
cost(2, 11, 654802).
cost(2, 12, 322351).
cost(2, 13, 494346).
cost(2, 14, 296536).
cost(2, 15, 325674).
cost(2, 16, 103692).
cost(2, 17, 418472).
cost(2, 18, 320397).
cost(2, 19, 249586).
cost(2, 20, 185911).
cost(2, 21, 712422).
cost(2, 22, 463299).
cost(2, 23, 348291).
cost(2, 24, 495842).
cost(2, 25, 569283).
cost(2, 26, 587004).
cost(3, 1, 156775).
cost(3, 2, 201754).
cost(3, 4, 449204).
cost(3, 5, 224937).
cost(3, 6, 192131).
cost(3, 7, 125823).
cost(3, 8, 316406).
cost(3, 9, 300073).
cost(3, 10, 256159).
cost(3, 11, 456798).
cost(3, 12, 136077).
cost(3, 13, 307825).
cost(3, 14, 230784).
cost(3, 15, 514627).
cost(3, 16, 126778).
cost(3, 17, 382574).
cost(3, 18, 272919).
cost(3, 19, 178006).
cost(3, 20, 281239).
cost(3, 21, 512199).
cost(3, 22, 272980).
cost(3, 23, 547711).
cost(3, 24, 494565).
cost(3, 25, 464764).
cost(3, 26, 448970).
cost(4, 1, 379828).
cost(4, 2, 641432).
cost(4, 3, 449204).
cost(4, 5, 246626).
cost(4, 6, 489620).
cost(4, 7, 327254).
cost(4, 8, 437112).
cost(4, 9, 290720).
cost(4, 10, 675366).
cost(4, 11, 63377).
cost(4, 12, 391526).
cost(4, 13, 149499).
cost(4, 14, 585248).
cost(4, 15, 962878).
cost(4, 16, 575658).
cost(4, 17, 498807).
cost(4, 18, 624921).
cost(4, 19, 443925).
cost(4, 20, 630352).
cost(4, 21, 252830).
cost(4, 22, 178133).
cost(4, 23, 989243).
cost(4, 24, 608645).
cost(4, 25, 647404).
cost(4, 26, 265471).
cost(5, 1, 133983).
cost(5, 2, 426576).
cost(5, 3, 224937).
cost(5, 4, 246626).
cost(5, 6, 339904).
cost(5, 7, 100910).
cost(5, 8, 237372).
cost(5, 9, 264067).
cost(5, 10, 429859).
cost(5, 11, 239320).
cost(5, 12, 144900).
cost(5, 13, 144775).
cost(5, 14, 339688).
cost(5, 15, 735247).
cost(5, 16, 345086).
cost(5, 17, 449775).
cost(5, 18, 380403).
cost(5, 19, 299744).
cost(5, 20, 469832).
cost(5, 21, 294537).
cost(5, 22, 109233).
cost(5, 23, 772203).
cost(5, 24, 573574).
cost(5, 25, 447919).
cost(5, 26, 361252).
cost(6, 1, 332645).
cost(6, 2, 221596).
cost(6, 3, 192131).
cost(6, 4, 489620).
cost(6, 5, 339904).
cost(6, 7, 251352).
cost(6, 8, 499268).
cost(6, 9, 231898).
cost(6, 10, 397976).
cost(6, 11, 520516).
cost(6, 12, 315177).
cost(6, 13, 341971).
cost(6, 14, 412740).
cost(6, 15, 531951).
cost(6, 16, 237992).
cost(6, 17, 206877).
cost(6, 18, 451548).
cost(6, 19, 45705).
cost(6, 20, 140749).
cost(6, 21, 630415).
cost(6, 22, 322908).
cost(6, 23, 532650).
cost(6, 24, 307342).
cost(6, 25, 656889).
cost(6, 26, 376712).
cost(7, 1, 105817).
cost(7, 2, 326596).
cost(7, 3, 125823).
cost(7, 4, 327254).
cost(7, 5, 100910).
cost(7, 6, 251352).
cost(7, 8, 264950).
cost(7, 9, 243385).
cost(7, 10, 354097).
cost(7, 11, 331431).
cost(7, 12, 99921).
cost(7, 13, 193956).
cost(7, 14, 286342).
cost(7, 15, 639693).
cost(7, 16, 249903).
cost(7, 17, 392861).
cost(7, 18, 329922).
cost(7, 19, 216117).
cost(7, 20, 374176).
cost(7, 21, 393983).
cost(7, 22, 156341).
cost(7, 23, 673459).
cost(7, 24, 515148).
cost(7, 25, 455686).
cost(7, 26, 373682).
cost(8, 1, 167065).
cost(8, 2, 479378).
cost(8, 3, 316406).
cost(8, 4, 437112).
cost(8, 5, 237372).
cost(8, 6, 499268).
cost(8, 7, 264950).
cost(8, 9, 494982).
cost(8, 10, 363489).
cost(8, 11, 400344).
cost(8, 12, 184129).
cost(8, 13, 378104).
cost(8, 14, 235506).
cost(8, 15, 719809).
cost(8, 16, 376009).
cost(8, 17, 657737).
cost(8, 18, 255459).
cost(8, 19, 472027).
cost(8, 20, 597185).
cost(8, 21, 324403).
cost(8, 22, 345360).
cost(8, 23, 780936).
cost(8, 24, 779625).
cost(8, 25, 213671).
cost(8, 26, 598345).
cost(9, 1, 348318).
cost(9, 2, 435311).
cost(9, 3, 300073).
cost(9, 4, 290720).
cost(9, 5, 264067).
cost(9, 6, 231898).
cost(9, 7, 243385).
cost(9, 8, 494982).
cost(9, 10, 555743).
cost(9, 11, 337952).
cost(9, 12, 343227).
cost(9, 13, 168965).
cost(9, 14, 518183).
cost(9, 15, 757537).
cost(9, 16, 410329).
cost(9, 17, 211816).
cost(9, 18, 562018).
cost(9, 19, 191132).
cost(9, 20, 364985).
cost(9, 21, 493757).
cost(9, 22, 176504).
cost(9, 23, 763601).
cost(9, 24, 329673).
cost(9, 25, 696452).
cost(9, 26, 152794).
cost(10, 1, 302045).
cost(10, 2, 220792).
cost(10, 3, 256159).
cost(10, 4, 675366).
cost(10, 5, 429859).
cost(10, 6, 397976).
cost(10, 7, 354097).
cost(10, 8, 363489).
cost(10, 9, 555743).
cost(10, 11, 667666).
cost(10, 12, 286526).
cost(10, 13, 548053).
cost(10, 14, 128933).
cost(10, 15, 358542).
cost(10, 16, 159985).
cost(10, 17, 604832).
cost(10, 18, 125973).
cost(10, 19, 406386).
cost(10, 20, 404267).
cost(10, 21, 664068).
cost(10, 22, 510337).
cost(10, 23, 426949).
cost(10, 24, 698999).
cost(10, 25, 380422).
cost(10, 26, 705123).
cost(11, 1, 366660).
cost(11, 2, 654802).
cost(11, 3, 456798).
cost(11, 4, 63377).
cost(11, 5, 239320).
cost(11, 6, 520516).
cost(11, 7, 331431).
cost(11, 8, 400344).
cost(11, 9, 337952).
cost(11, 10, 667666).
cost(11, 12, 381168).
cost(11, 13, 179907).
cost(11, 14, 568794).
cost(11, 15, 971124).
cost(11, 16, 581178).
cost(11, 17, 548952).
cost(11, 18, 606339).
cost(11, 19, 475010).
cost(11, 20, 660791).
cost(11, 21, 189632).
cost(11, 22, 198598).
cost(11, 23, 1002988).
cost(11, 24, 662176).
cost(11, 25, 605958).
cost(11, 26, 327246).
cost(12, 1, 21592).
cost(12, 2, 322351).
cost(12, 3, 136077).
cost(12, 4, 391526).
cost(12, 5, 144900).
cost(12, 6, 315177).
cost(12, 7, 99921).
cost(12, 8, 184129).
cost(12, 9, 343227).
cost(12, 10, 286526).
cost(12, 11, 381168).
cost(12, 13, 277281).
cost(12, 14, 196651).
cost(12, 15, 608484).
cost(12, 16, 226061).
cost(12, 17, 481409).
cost(12, 18, 238758).
cost(12, 19, 289163).
cost(12, 20, 416848).
cost(12, 21, 396067).
cost(12, 22, 238829).
cost(12, 23, 654571).
cost(12, 24, 601188).
cost(12, 25, 359098).
cost(12, 26, 471735).
cost(13, 1, 271638).
cost(13, 2, 494346).
cost(13, 3, 307825).
cost(13, 4, 149499).
cost(13, 5, 144775).
cost(13, 6, 341971).
cost(13, 7, 193956).
cost(13, 8, 378104).
cost(13, 9, 168965).
cost(13, 10, 548053).
cost(13, 11, 179907).
cost(13, 12, 277281).
cost(13, 14, 473545).
cost(13, 15, 817798).
cost(13, 16, 434492).
cost(13, 17, 379765).
cost(13, 18, 516000).
cost(13, 19, 296301).
cost(13, 20, 482639).
cost(13, 21, 324797).
cost(13, 22, 38499).
cost(13, 23, 841338).
cost(13, 24, 498637).
cost(13, 25, 590752).
cost(13, 26, 223176).
cost(14, 1, 205720).
cost(14, 2, 296536).
cost(14, 3, 230784).
cost(14, 4, 585248).
cost(14, 5, 339688).
cost(14, 6, 412740).
cost(14, 7, 286342).
cost(14, 8, 235506).
cost(14, 9, 518183).
cost(14, 10, 128933).
cost(14, 11, 568794).
cost(14, 12, 196651).
cost(14, 13, 473545).
cost(14, 15, 487308).
cost(14, 16, 201083).
cost(14, 17, 611901).
cost(14, 18, 43910).
cost(14, 19, 406662).
cost(14, 20, 459955).
cost(14, 21, 544571).
cost(14, 22, 435049).
cost(14, 23, 553623).
cost(14, 24, 719886).
cost(14, 25, 272912).
cost(14, 26, 658095).
cost(15, 1, 628308).
cost(15, 2, 325674).
cost(15, 3, 514627).
cost(15, 4, 962878).
cost(15, 5, 735247).
cost(15, 6, 531951).
cost(15, 7, 639693).
cost(15, 8, 719809).
cost(15, 9, 757537).
cost(15, 10, 358542).
cost(15, 11, 971124).
cost(15, 12, 608484).
cost(15, 13, 817798).
cost(15, 14, 487308).
cost(15, 16, 390271).
cost(15, 17, 700707).
cost(15, 18, 480707).
cost(15, 19, 567606).
cost(15, 20, 433780).
cost(15, 21, 1003511).
cost(15, 22, 785226).
cost(15, 23, 91247).
cost(15, 24, 742576).
cost(15, 25, 722435).
cost(15, 26, 907209).
cost(16, 1, 247244).
cost(16, 2, 103692).
cost(16, 3, 126778).
cost(16, 4, 575658).
cost(16, 5, 345086).
cost(16, 6, 237992).
cost(16, 7, 249903).
cost(16, 8, 376009).
cost(16, 9, 410329).
cost(16, 10, 159985).
cost(16, 11, 581178).
cost(16, 12, 226061).
cost(16, 13, 434492).
cost(16, 14, 201083).
cost(16, 15, 390271).
cost(16, 17, 444855).
cost(16, 18, 231216).
cost(16, 19, 248104).
cost(16, 20, 259861).
cost(16, 21, 621138).
cost(16, 22, 399757).
cost(16, 23, 429769).
cost(16, 24, 540396).
cost(16, 25, 471342).
cost(16, 26, 562576).
cost(17, 1, 494012).
cost(17, 2, 418472).
cost(17, 3, 382574).
cost(17, 4, 498807).
cost(17, 5, 449775).
cost(17, 6, 206877).
cost(17, 7, 392861).
cost(17, 8, 657737).
cost(17, 9, 211816).
cost(17, 10, 604832).
cost(17, 11, 548952).
cost(17, 12, 481409).
cost(17, 13, 379765).
cost(17, 14, 611901).
cost(17, 15, 700707).
cost(17, 16, 444855).
cost(17, 18, 652573).
cost(17, 19, 205239).
cost(17, 20, 267039).
cost(17, 21, 703829).
cost(17, 22, 381886).
cost(17, 23, 681656).
cost(17, 24, 123816).
cost(17, 25, 838531).
cost(17, 26, 283334).
cost(18, 1, 246538).
cost(18, 2, 320397).
cost(18, 3, 272919).
cost(18, 4, 624921).
cost(18, 5, 380403).
cost(18, 6, 451548).
cost(18, 7, 329922).
cost(18, 8, 255459).
cost(18, 9, 562018).
cost(18, 10, 125973).
cost(18, 11, 606339).
cost(18, 12, 238758).
cost(18, 13, 516000).
cost(18, 14, 43910).
cost(18, 15, 480707).
cost(18, 16, 231216).
cost(18, 17, 652573).
cost(18, 19, 447424).
cost(18, 20, 491062).
cost(18, 21, 572755).
cost(18, 22, 477527).
cost(18, 23, 552078).
cost(18, 24, 758890).
cost(18, 25, 256229).
cost(18, 26, 701964).
cost(19, 1, 304996).
cost(19, 2, 249586).
cost(19, 3, 178006).
cost(19, 4, 443925).
cost(19, 5, 299744).
cost(19, 6, 45705).
cost(19, 7, 216117).
cost(19, 8, 472027).
cost(19, 9, 191132).
cost(19, 10, 406386).
cost(19, 11, 475010).
cost(19, 12, 289163).
cost(19, 13, 296301).
cost(19, 14, 406662).
cost(19, 15, 567606).
cost(19, 16, 248104).
cost(19, 17, 205239).
cost(19, 18, 447424).
cost(19, 20, 186454).
cost(19, 21, 587856).
cost(19, 22, 277705).
cost(19, 23, 572535).
cost(19, 24, 317025).
cost(19, 25, 639477).
cost(19, 26, 339617).
cost(20, 1, 436982).
cost(20, 2, 185911).
cost(20, 3, 281239).
cost(20, 4, 630352).
cost(20, 5, 469832).
cost(20, 6, 140749).
cost(20, 7, 374176).
cost(20, 8, 597185).
cost(20, 9, 364985).
cost(20, 10, 404267).
cost(20, 11, 660791).
cost(20, 12, 416848).
cost(20, 13, 482639).
cost(20, 14, 459955).
cost(20, 15, 433780).
cost(20, 16, 259861).
cost(20, 17, 267039).
cost(20, 18, 491062).
cost(20, 19, 186454).
cost(20, 21, 763628).
cost(20, 22, 462686).
cost(20, 23, 417092).
cost(20, 24, 319949).
cost(20, 25, 725744).
cost(20, 26, 500177).
cost(21, 1, 375642).
cost(21, 2, 712422).
cost(21, 3, 512199).
cost(21, 4, 252830).
cost(21, 5, 294537).
cost(21, 6, 630415).
cost(21, 7, 393983).
cost(21, 8, 324403).
cost(21, 9, 493757).
cost(21, 10, 664068).
cost(21, 11, 189632).
cost(21, 12, 396067).
cost(21, 13, 324797).
cost(21, 14, 544571).
cost(21, 15, 1003511).
cost(21, 16, 621138).
cost(21, 17, 703829).
cost(21, 18, 572755).
cost(21, 19, 587856).
cost(21, 20, 763628).
cost(21, 22, 323383).
cost(21, 23, 1050513).
cost(21, 24, 823420).
cost(21, 25, 494671).
cost(21, 26, 511862).
cost(22, 1, 233472).
cost(22, 2, 463299).
cost(22, 3, 272980).
cost(22, 4, 178133).
cost(22, 5, 109233).
cost(22, 6, 322908).
cost(22, 7, 156341).
cost(22, 8, 345360).
cost(22, 9, 176504).
cost(22, 10, 510337).
cost(22, 11, 198598).
cost(22, 12, 238829).
cost(22, 13, 38499).
cost(22, 14, 435049).
cost(22, 15, 785226).
cost(22, 16, 399757).
cost(22, 17, 381886).
cost(22, 18, 477527).
cost(22, 19, 277705).
cost(22, 20, 462686).
cost(22, 21, 323383).
cost(22, 23, 811168).
cost(22, 24, 503338).
cost(22, 25, 556932).
cost(22, 26, 253145).
cost(23, 1, 675292).
cost(23, 2, 348291).
cost(23, 3, 547711).
cost(23, 4, 989243).
cost(23, 5, 772203).
cost(23, 6, 532650).
cost(23, 7, 673459).
cost(23, 8, 780936).
cost(23, 9, 763601).
cost(23, 10, 426949).
cost(23, 11, 1002988).
cost(23, 12, 654571).
cost(23, 13, 841338).
cost(23, 14, 553623).
cost(23, 15, 91247).
cost(23, 16, 429769).
cost(23, 17, 681656).
cost(23, 18, 552078).
cost(23, 19, 572535).
cost(23, 20, 417092).
cost(23, 21, 1050513).
cost(23, 22, 811168).
cost(23, 24, 708864).
cost(23, 25, 800076).
cost(23, 26, 909007).
cost(24, 1, 614721).
cost(24, 2, 495842).
cost(24, 3, 494565).
cost(24, 4, 608645).
cost(24, 5, 573574).
cost(24, 6, 307342).
cost(24, 7, 515148).
cost(24, 8, 779625).
cost(24, 9, 329673).
cost(24, 10, 698999).
cost(24, 11, 662176).
cost(24, 12, 601188).
cost(24, 13, 498637).
cost(24, 14, 719886).
cost(24, 15, 742576).
cost(24, 16, 540396).
cost(24, 17, 123816).
cost(24, 18, 758890).
cost(24, 19, 317025).
cost(24, 20, 319949).
cost(24, 21, 823420).
cost(24, 22, 503338).
cost(24, 23, 708864).
cost(24, 25, 955930).
cost(24, 26, 369376).
cost(25, 1, 349919).
cost(25, 2, 569283).
cost(25, 3, 464764).
cost(25, 4, 647404).
cost(25, 5, 447919).
cost(25, 6, 656889).
cost(25, 7, 455686).
cost(25, 8, 213671).
cost(25, 9, 696452).
cost(25, 10, 380422).
cost(25, 11, 605958).
cost(25, 12, 359098).
cost(25, 13, 590752).
cost(25, 14, 272912).
cost(25, 15, 722435).
cost(25, 16, 471342).
cost(25, 17, 838531).
cost(25, 18, 256229).
cost(25, 19, 639477).
cost(25, 20, 725744).
cost(25, 21, 494671).
cost(25, 22, 556932).
cost(25, 23, 800076).
cost(25, 24, 955930).
cost(25, 26, 808927).
cost(26, 1, 472268).
cost(26, 2, 587004).
cost(26, 3, 448970).
cost(26, 4, 265471).
cost(26, 5, 361252).
cost(26, 6, 376712).
cost(26, 7, 373682).
cost(26, 8, 598345).
cost(26, 9, 152794).
cost(26, 10, 705123).
cost(26, 11, 327246).
cost(26, 12, 471735).
cost(26, 13, 223176).
cost(26, 14, 658095).
cost(26, 15, 907209).
cost(26, 16, 562576).
cost(26, 17, 283334).
cost(26, 18, 701964).
cost(26, 19, 339617).
cost(26, 20, 500177).
cost(26, 21, 511862).
cost(26, 22, 253145).
cost(26, 23, 909007).
cost(26, 24, 369376).
cost(26, 25, 808927).
