dimension(26).
point(1, -7259.0, 378598.0).
point(2, 16925.0, -67369.0).
point(3, -46820.0, 225242.0).
point(4, 119959.0, 196618.0).
point(5, -57053.0, 113684.0).
point(6, -16489.0, -94519.0).
point(7, -249652.0, 114137.0).
point(8, -35472.0, 215266.0).
point(9, 69551.0, 123329.0).
point(10, -15237.0, 102911.0).
point(11, -181198.0, -258444.0).
point(12, -257991.0, -263087.0).
point(13, 39179.0, -49866.0).
point(14, 46922.0, -214578.0).
point(15, -113058.0, 112459.0).
point(16, 201331.0, -119565.0).
point(17, 259663.0, 156256.0).
point(18, 197638.0, -169490.0).
point(19, 68145.0, 246325.0).
point(20, -256434.0, 210333.0).
point(21, 46635.0, 302508.0).
point(22, -2738.0, 456225.0).
point(23, -135482.0, -161759.0).
point(24, -7609.0, 370743.0).
point(25, 14611.0, 79513.0).
point(26, -17410.0, -300291.0).
cost(1, 2, 446622).
cost(1, 3, 158377).
cost(1, 4, 222039).
cost(1, 5, 269553).
cost(1, 6, 473207).
cost(1, 7, 358739).
cost(1, 8, 165751).
cost(1, 9, 266575).
cost(1, 10, 275802).
cost(1, 11, 660361).
cost(1, 12, 688931).
cost(1, 13, 430973).
cost(1, 14, 595645).
cost(1, 15, 286397).
cost(1, 16, 540071).
cost(1, 17, 347395).
cost(1, 18, 585135).
cost(1, 19, 152256).
cost(1, 20, 300668).
cost(1, 21, 93243).
cost(1, 22, 77759).
cost(1, 23, 555362).
cost(1, 24, 7863).
cost(1, 25, 299884).
cost(1, 26, 678965).
cost(2, 1, 446622).
cost(2, 3, 299474).
cost(2, 4, 283382).
cost(2, 5, 195584).
cost(2, 6, 43054).
cost(2, 7, 322502).
cost(2, 8, 287451).
cost(2, 9, 197826).
cost(2, 10, 173291).
cost(2, 11, 275250).
cost(2, 12, 337468).
cost(2, 13, 28312).
cost(2, 14, 150234).
cost(2, 15, 221887).
cost(2, 16, 191651).
cost(2, 17, 330045).
cost(2, 18, 207571).
cost(2, 19, 317848).
cost(2, 20, 389671).
cost(2, 21, 371068).
cost(2, 22, 523963).
cost(2, 23, 179269).
cost(2, 24, 438798).
cost(2, 25, 146900).
cost(2, 26, 235439).
cost(3, 1, 158377).
cost(3, 2, 299474).
cost(3, 4, 169218).
cost(3, 5, 112026).
cost(3, 6, 321196).
cost(3, 7, 231269).
cost(3, 8, 15110).
cost(3, 9, 154688).
cost(3, 10, 126342).
cost(3, 11, 502006).
cost(3, 12, 532032).
cost(3, 13, 288236).
cost(3, 14, 449699).
cost(3, 15, 130796).
cost(3, 16, 424819).
cost(3, 17, 314151).
cost(3, 18, 464298).
cost(3, 19, 116882).
cost(3, 20, 210144).
cost(3, 21, 121260).
cost(3, 22, 235152).
cost(3, 23, 397027).
cost(3, 24, 150692).
cost(3, 25, 158148).
cost(3, 26, 526355).
cost(4, 1, 222039).
cost(4, 2, 283382).
cost(4, 3, 169218).
cost(4, 5, 195477).
cost(4, 6, 321526).
cost(4, 7, 378702).
cost(4, 8, 156546).
cost(4, 9, 88951).
cost(4, 10, 164496).
cost(4, 11, 545689).
cost(4, 12, 595126).
cost(4, 13, 259383).
cost(4, 14, 417632).
cost(4, 15, 247749).
cost(4, 16, 326486).
cost(4, 17, 145418).
cost(4, 18, 374258).
cost(4, 19, 71802).
cost(4, 20, 376643).
cost(4, 21, 128799).
cost(4, 22, 287142).
cost(4, 23, 440096).
cost(4, 24, 215854).
cost(4, 25, 157518).
cost(4, 26, 515547).
cost(5, 1, 269553).
cost(5, 2, 195584).
cost(5, 3, 112026).
cost(5, 4, 195477).
cost(5, 6, 212118).
cost(5, 7, 192600).
cost(5, 8, 103849).
cost(5, 9, 126971).
cost(5, 10, 43181).
cost(5, 11, 392290).
cost(5, 12, 427004).
cost(5, 13, 189761).
cost(5, 14, 344335).
cost(5, 15, 56018).
cost(5, 16, 348091).
cost(5, 17, 319564).
cost(5, 18, 380861).
cost(5, 19, 182396).
cost(5, 20, 221571).
cost(5, 21, 215420).
cost(5, 22, 346820).
cost(5, 23, 286391).
cost(5, 24, 261771).
cost(5, 25, 79394).
cost(5, 26, 415869).
cost(6, 1, 473207).
cost(6, 2, 43054).
cost(6, 3, 321196).
cost(6, 4, 321526).
cost(6, 5, 212118).
cost(6, 7, 312893).
cost(6, 8, 310366).
cost(6, 9, 234223).
cost(6, 10, 197434).
cost(6, 11, 232380).
cost(6, 12, 294514).
cost(6, 13, 71364).
cost(6, 14, 135776).
cost(6, 15, 228398).
cost(6, 16, 219255).
cost(6, 17, 373026).
cost(6, 18, 226872).
cost(6, 19, 351194).
cost(6, 20, 387954).
cost(6, 21, 402014).
cost(6, 22, 550916).
cost(6, 23, 136677).
cost(6, 24, 465347).
cost(6, 25, 176789).
cost(6, 26, 205774).
cost(7, 1, 358739).
cost(7, 2, 322502).
cost(7, 3, 231269).
cost(7, 4, 378702).
cost(7, 5, 192600).
cost(7, 6, 312893).
cost(7, 8, 236855).
cost(7, 9, 319335).
cost(7, 10, 234684).
cost(7, 11, 378817).
cost(7, 12, 377316).
cost(7, 13, 332145).
cost(7, 14, 442730).
cost(7, 15, 136604).
cost(7, 16, 507939).
cost(7, 17, 511054).
cost(7, 18, 529634).
cost(7, 19, 344193).
cost(7, 20, 96435).
cost(7, 21, 351098).
cost(7, 22, 421889).
cost(7, 23, 298586).
cost(7, 24, 352748).
cost(7, 25, 266522).
cost(7, 26, 475065).
cost(8, 1, 165751).
cost(8, 2, 287451).
cost(8, 3, 15110).
cost(8, 4, 156546).
cost(8, 5, 103849).
cost(8, 6, 310366).
cost(8, 7, 236855).
cost(8, 9, 139579).
cost(8, 10, 114163).
cost(8, 11, 495618).
cost(8, 12, 527576).
cost(8, 13, 275441).
cost(8, 14, 437670).
cost(8, 15, 128798).
cost(8, 16, 410107).
cost(8, 17, 300976).
cost(8, 18, 449864).
cost(8, 19, 108172).
cost(8, 20, 221017).
cost(8, 21, 119803).
cost(8, 22, 243172).
cost(8, 23, 390064).
cost(8, 24, 157954).
cost(8, 25, 144697).
cost(8, 26, 515873).
cost(9, 1, 266575).
cost(9, 2, 197826).
cost(9, 3, 154688).
cost(9, 4, 88951).
cost(9, 5, 126971).
cost(9, 6, 234223).
cost(9, 7, 319335).
cost(9, 8, 139579).
cost(9, 10, 87212).
cost(9, 11, 456756).
cost(9, 12, 506558).
cost(9, 13, 175838).
cost(9, 14, 338664).
cost(9, 15, 182932).
cost(9, 16, 276339).
cost(9, 17, 192942).
cost(9, 18, 319608).
cost(9, 19, 123004).
cost(9, 20, 337396).
cost(9, 21, 180638).
cost(9, 22, 340654).
cost(9, 23, 351161).
cost(9, 24, 259167).
cost(9, 25, 70273).
cost(9, 26, 432454).
cost(10, 1, 275802).
cost(10, 2, 173291).
cost(10, 3, 126342).
cost(10, 4, 164496).
cost(10, 5, 43181).
cost(10, 6, 197434).
cost(10, 7, 234684).
cost(10, 8, 114163).
cost(10, 9, 87212).
cost(10, 11, 397644).
cost(10, 12, 439186).
cost(10, 13, 162179).
cost(10, 14, 323517).
cost(10, 15, 98286).
cost(10, 16, 310479).
cost(10, 17, 280028).
cost(10, 18, 345714).
cost(10, 19, 165892).
cost(10, 20, 264037).
cost(10, 21, 208967).
cost(10, 22, 353535).
cost(10, 23, 290704).
cost(10, 24, 267941).
cost(10, 25, 37926).
cost(10, 26, 403208).
cost(11, 1, 660361).
cost(11, 2, 275250).
cost(11, 3, 502006).
cost(11, 4, 545689).
cost(11, 5, 392290).
cost(11, 6, 232380).
cost(11, 7, 378817).
cost(11, 8, 495618).
cost(11, 9, 456756).
cost(11, 10, 397644).
cost(11, 12, 76933).
cost(11, 13, 303432).
cost(11, 14, 232299).
cost(11, 15, 377110).
cost(11, 16, 406959).
cost(11, 17, 605256).
cost(11, 18, 389139).
cost(11, 19, 562995).
cost(11, 20, 474776).
cost(11, 21, 605454).
cost(11, 22, 736614).
cost(11, 23, 106948).
cost(11, 24, 652694).
cost(11, 25, 390584).
cost(11, 26, 169049).
cost(12, 1, 688931).
cost(12, 2, 337468).
cost(12, 3, 532032).
cost(12, 4, 595126).
cost(12, 5, 427004).
cost(12, 6, 294514).
cost(12, 7, 377316).
cost(12, 8, 527576).
cost(12, 9, 506558).
cost(12, 10, 439186).
cost(12, 11, 76933).
cost(12, 13, 365750).
cost(12, 14, 308748).
cost(12, 15, 402542).
cost(12, 16, 481223).
cost(12, 17, 666194).
cost(12, 18, 465143).
cost(12, 19, 604868).
cost(12, 20, 473423).
cost(12, 21, 642413).
cost(12, 22, 763259).
cost(12, 23, 158984).
cost(12, 24, 681492).
cost(12, 25, 437820).
cost(12, 26, 243441).
cost(13, 1, 430973).
cost(13, 2, 28312).
cost(13, 3, 288236).
cost(13, 4, 259383).
cost(13, 5, 189761).
cost(13, 6, 71364).
cost(13, 7, 332145).
cost(13, 8, 275441).
cost(13, 9, 175838).
cost(13, 10, 162179).
cost(13, 11, 303432).
cost(13, 12, 365750).
cost(13, 14, 164894).
cost(13, 15, 222543).
cost(13, 16, 176497).
cost(13, 17, 301827).
cost(13, 18, 198543).
cost(13, 19, 297604).
cost(13, 20, 393815).
cost(13, 21, 352453).
cost(13, 22, 507824).
cost(13, 23, 207428).
cost(13, 24, 423203).
cost(13, 25, 131691).
cost(13, 26, 256739).
cost(14, 1, 595645).
cost(14, 2, 150234).
cost(14, 3, 449699).
cost(14, 4, 417632).
cost(14, 5, 344335).
cost(14, 6, 135776).
cost(14, 7, 442730).
cost(14, 8, 437670).
cost(14, 9, 338664).
cost(14, 10, 323517).
cost(14, 11, 232299).
cost(14, 12, 308748).
cost(14, 13, 164894).
cost(14, 15, 364070).
cost(14, 16, 181300).
cost(14, 17, 427524).
cost(14, 18, 157316).
cost(14, 19, 461391).
cost(14, 20, 522086).
cost(14, 21, 517086).
cost(14, 22, 672639).
cost(14, 23, 189898).
cost(14, 24, 587856).
cost(14, 25, 295861).
cost(14, 26, 107170).
cost(15, 1, 286397).
cost(15, 2, 221887).
cost(15, 3, 130796).
cost(15, 4, 247749).
cost(15, 5, 56018).
cost(15, 6, 228398).
cost(15, 7, 136604).
cost(15, 8, 128798).
cost(15, 9, 182932).
cost(15, 10, 98286).
cost(15, 11, 377110).
cost(15, 12, 402542).
cost(15, 13, 222543).
cost(15, 14, 364070).
cost(15, 16, 390737).
cost(15, 17, 375285).
cost(15, 18, 419556).
cost(15, 19, 225288).
cost(15, 20, 173597).
cost(15, 21, 248235).
cost(15, 22, 361034).
cost(15, 23, 275133).
cost(15, 24, 278980).
cost(15, 25, 131851).
cost(15, 26, 423688).
cost(16, 1, 540071).
cost(16, 2, 191651).
cost(16, 3, 424819).
cost(16, 4, 326486).
cost(16, 5, 348091).
cost(16, 6, 219255).
cost(16, 7, 507939).
cost(16, 8, 410107).
cost(16, 9, 276339).
cost(16, 10, 310479).
cost(16, 11, 406959).
cost(16, 12, 481223).
cost(16, 13, 176497).
cost(16, 14, 181300).
cost(16, 15, 390737).
cost(16, 17, 281922).
cost(16, 18, 50061).
cost(16, 19, 389376).
cost(16, 20, 564253).
cost(16, 21, 449529).
cost(16, 22, 610883).
cost(16, 23, 339446).
cost(16, 24, 532971).
cost(16, 25, 272940).
cost(16, 26, 283742).
cost(17, 1, 347395).
cost(17, 2, 330045).
cost(17, 3, 314151).
cost(17, 4, 145418).
cost(17, 5, 319564).
cost(17, 6, 373026).
cost(17, 7, 511054).
cost(17, 8, 300976).
cost(17, 9, 192942).
cost(17, 10, 280028).
cost(17, 11, 605256).
cost(17, 12, 666194).
cost(17, 13, 301827).
cost(17, 14, 427524).
cost(17, 15, 375285).
cost(17, 16, 281922).
cost(17, 18, 331598).
cost(17, 19, 211640).
cost(17, 20, 518922).
cost(17, 21, 258400).
cost(17, 22, 398542).
cost(17, 23, 507221).
cost(17, 24, 342694).
cost(17, 25, 256788).
cost(17, 26, 534046).
cost(18, 1, 585135).
cost(18, 2, 207571).
cost(18, 3, 464298).
cost(18, 4, 374258).
cost(18, 5, 380861).
cost(18, 6, 226872).
cost(18, 7, 529634).
cost(18, 8, 449864).
cost(18, 9, 319608).
cost(18, 10, 345714).
cost(18, 11, 389139).
cost(18, 12, 465143).
cost(18, 13, 198543).
cost(18, 14, 157316).
cost(18, 15, 419556).
cost(18, 16, 50061).
cost(18, 17, 331598).
cost(18, 19, 435512).
cost(18, 20, 591986).
cost(18, 21, 495564).
cost(18, 22, 657016).
cost(18, 23, 333210).
cost(18, 24, 577908).
cost(18, 25, 309033).
cost(18, 26, 251703).
cost(19, 1, 152256).
cost(19, 2, 317848).
cost(19, 3, 116882).
cost(19, 4, 71802).
cost(19, 5, 182396).
cost(19, 6, 351194).
cost(19, 7, 344193).
cost(19, 8, 108172).
cost(19, 9, 123004).
cost(19, 10, 165892).
cost(19, 11, 562995).
cost(19, 12, 604868).
cost(19, 13, 297604).
cost(19, 14, 461391).
cost(19, 15, 225288).
cost(19, 16, 389376).
cost(19, 17, 211640).
cost(19, 18, 435512).
cost(19, 20, 326568).
cost(19, 21, 60160).
cost(19, 22, 221546).
cost(19, 23, 456066).
cost(19, 24, 145666).
cost(19, 25, 175192).
cost(19, 26, 553271).
cost(20, 1, 300668).
cost(20, 2, 389671).
cost(20, 3, 210144).
cost(20, 4, 376643).
cost(20, 5, 221571).
cost(20, 6, 387954).
cost(20, 7, 96435).
cost(20, 8, 221017).
cost(20, 9, 337396).
cost(20, 10, 264037).
cost(20, 11, 474776).
cost(20, 12, 473423).
cost(20, 13, 393815).
cost(20, 14, 522086).
cost(20, 15, 173597).
cost(20, 16, 564253).
cost(20, 17, 518922).
cost(20, 18, 591986).
cost(20, 19, 326568).
cost(20, 21, 316776).
cost(20, 22, 353305).
cost(20, 23, 391257).
cost(20, 24, 296049).
cost(20, 25, 300964).
cost(20, 26, 563799).
cost(21, 1, 93243).
cost(21, 2, 371068).
cost(21, 3, 121260).
cost(21, 4, 128799).
cost(21, 5, 215420).
cost(21, 6, 402014).
cost(21, 7, 351098).
cost(21, 8, 119803).
cost(21, 9, 180638).
cost(21, 10, 208967).
cost(21, 11, 605454).
cost(21, 12, 642413).
cost(21, 13, 352453).
cost(21, 14, 517086).
cost(21, 15, 248235).
cost(21, 16, 449529).
cost(21, 17, 258400).
cost(21, 18, 495564).
cost(21, 19, 60160).
cost(21, 20, 316776).
cost(21, 22, 161452).
cost(21, 23, 498709).
cost(21, 24, 87169).
cost(21, 25, 225283).
cost(21, 26, 606192).
cost(22, 1, 77759).
cost(22, 2, 523963).
cost(22, 3, 235152).
cost(22, 4, 287142).
cost(22, 5, 346820).
cost(22, 6, 550916).
cost(22, 7, 421889).
cost(22, 8, 243172).
cost(22, 9, 340654).
cost(22, 10, 353535).
cost(22, 11, 736614).
cost(22, 12, 763259).
cost(22, 13, 507824).
cost(22, 14, 672639).
cost(22, 15, 361034).
cost(22, 16, 610883).
cost(22, 17, 398542).
cost(22, 18, 657016).
cost(22, 19, 221546).
cost(22, 20, 353305).
cost(22, 21, 161452).
cost(22, 23, 632080).
cost(22, 24, 85621).
cost(22, 25, 377111).
cost(22, 26, 756658).
cost(23, 1, 555362).
cost(23, 2, 179269).
cost(23, 3, 397027).
cost(23, 4, 440096).
cost(23, 5, 286391).
cost(23, 6, 136677).
cost(23, 7, 298586).
cost(23, 8, 390064).
cost(23, 9, 351161).
cost(23, 10, 290704).
cost(23, 11, 106948).
cost(23, 12, 158984).
cost(23, 13, 207428).
cost(23, 14, 189898).
cost(23, 15, 275133).
cost(23, 16, 339446).
cost(23, 17, 507221).
cost(23, 18, 333210).
cost(23, 19, 456066).
cost(23, 20, 391257).
cost(23, 21, 498709).
cost(23, 22, 632080).
cost(23, 24, 547640).
cost(23, 25, 284148).
cost(23, 26, 182022).
cost(24, 1, 7863).
cost(24, 2, 438798).
cost(24, 3, 150692).
cost(24, 4, 215854).
cost(24, 5, 261771).
cost(24, 6, 465347).
cost(24, 7, 352748).
cost(24, 8, 157954).
cost(24, 9, 259167).
cost(24, 10, 267941).
cost(24, 11, 652694).
cost(24, 12, 681492).
cost(24, 13, 423203).
cost(24, 14, 587856).
cost(24, 15, 278980).
cost(24, 16, 532971).
cost(24, 17, 342694).
cost(24, 18, 577908).
cost(24, 19, 145666).
cost(24, 20, 296049).
cost(24, 21, 87169).
cost(24, 22, 85621).
cost(24, 23, 547640).
cost(24, 25, 292076).
cost(24, 26, 671106).
cost(25, 1, 299884).
cost(25, 2, 146900).
cost(25, 3, 158148).
cost(25, 4, 157518).
cost(25, 5, 79394).
cost(25, 6, 176789).
cost(25, 7, 266522).
cost(25, 8, 144697).
cost(25, 9, 70273).
cost(25, 10, 37926).
cost(25, 11, 390584).
cost(25, 12, 437820).
cost(25, 13, 131691).
cost(25, 14, 295861).
cost(25, 15, 131851).
cost(25, 16, 272940).
cost(25, 17, 256788).
cost(25, 18, 309033).
cost(25, 19, 175192).
cost(25, 20, 300964).
cost(25, 21, 225283).
cost(25, 22, 377111).
cost(25, 23, 284148).
cost(25, 24, 292076).
cost(25, 26, 381151).
cost(26, 1, 678965).
cost(26, 2, 235439).
cost(26, 3, 526355).
cost(26, 4, 515547).
cost(26, 5, 415869).
cost(26, 6, 205774).
cost(26, 7, 475065).
cost(26, 8, 515873).
cost(26, 9, 432454).
cost(26, 10, 403208).
cost(26, 11, 169049).
cost(26, 12, 243441).
cost(26, 13, 256739).
cost(26, 14, 107170).
cost(26, 15, 423688).
cost(26, 16, 283742).
cost(26, 17, 534046).
cost(26, 18, 251703).
cost(26, 19, 553271).
cost(26, 20, 563799).
cost(26, 21, 606192).
cost(26, 22, 756658).
cost(26, 23, 182022).
cost(26, 24, 671106).
cost(26, 25, 381151).
