dimension(26).
point(1, -252503.0, -171846.0).
point(2, -16766.0, 448791.0).
point(3, 421423.0, -33343.0).
point(4, 224696.0, -82282.0).
point(5, -132698.0, -92099.0).
point(6, -232387.0, 83545.0).
point(7, -293087.0, -368719.0).
point(8, -39675.0, -41783.0).
point(9, 59297.0, -110093.0).
point(10, -268477.0, -268174.0).
point(11, -312707.0, 135481.0).
point(12, 211937.0, -62980.0).
point(13, 115491.0, 365334.0).
point(14, 131159.0, 90709.0).
point(15, 181767.0, 321640.0).
point(16, -21705.0, 166658.0).
point(17, -53137.0, -149420.0).
point(18, -111987.0, -9953.0).
point(19, -124948.0, 52774.0).
point(20, 71263.0, 136799.0).
point(21, 87900.0, 485483.0).
point(22, -336452.0, 143351.0).
point(23, -7922.0, 4253.0).
point(24, 270425.0, 223780.0).
point(25, 270086.0, -89521.0).
point(26, 107256.0, -4313.0).
cost(1, 2, 663899).
cost(1, 3, 688011).
cost(1, 4, 485531).
cost(1, 5, 143919).
cost(1, 6, 256182).
cost(1, 7, 201013).
cost(1, 8, 249424).
cost(1, 9, 317856).
cost(1, 10, 97643).
cost(1, 11, 313168).
cost(1, 12, 477029).
cost(1, 13, 651139).
cost(1, 14, 464900).
cost(1, 15, 657357).
cost(1, 16, 409698).
cost(1, 17, 200623).
cost(1, 18, 214369).
cost(1, 19, 258311).
cost(1, 20, 447310).
cost(1, 21, 740240).
cost(1, 22, 326185).
cost(1, 23, 301381).
cost(1, 24, 655724).
cost(1, 25, 529034).
cost(1, 26, 396855).
cost(2, 1, 663899).
cost(2, 3, 651508).
cost(2, 4, 583389).
cost(2, 5, 553175).
cost(2, 6, 424143).
cost(2, 7, 862946).
cost(2, 8, 491109).
cost(2, 9, 564036).
cost(2, 10, 759867).
cost(2, 11, 430981).
cost(2, 12, 560548).
cost(2, 13, 156387).
cost(2, 14, 387433).
cost(2, 15, 235760).
cost(2, 16, 282176).
cost(2, 17, 599316).
cost(2, 18, 468522).
cost(2, 19, 410527).
cost(2, 20, 324173).
cost(2, 21, 110911).
cost(2, 22, 442146).
cost(2, 23, 444626).
cost(2, 24, 364841).
cost(2, 25, 609970).
cost(2, 26, 469771).
cost(3, 1, 688011).
cost(3, 2, 651508).
cost(3, 4, 202723).
cost(3, 5, 557227).
cost(3, 6, 664176).
cost(3, 7, 789305).
cost(3, 8, 461175).
cost(3, 9, 370170).
cost(3, 10, 728771).
cost(3, 11, 753292).
cost(3, 12, 211572).
cost(3, 13, 502531).
cost(3, 14, 315661).
cost(3, 15, 428308).
cost(3, 16, 486172).
cost(3, 17, 488550).
cost(3, 18, 533923).
cost(3, 19, 553116).
cost(3, 20, 389307).
cost(3, 21, 616780).
cost(3, 22, 778200).
cost(3, 23, 430988).
cost(3, 24, 298182).
cost(3, 25, 161428).
cost(3, 26, 315505).
cost(4, 1, 485531).
cost(4, 2, 583389).
cost(4, 3, 202723).
cost(4, 5, 357529).
cost(4, 6, 486234).
cost(4, 7, 591731).
cost(4, 8, 267455).
cost(4, 9, 167721).
cost(4, 10, 527044).
cost(4, 11, 579847).
cost(4, 12, 23138).
cost(4, 13, 460745).
cost(4, 14, 196660).
cost(4, 15, 406197).
cost(4, 16, 350264).
cost(4, 17, 285830).
cost(4, 18, 344365).
cost(4, 19, 374821).
cost(4, 20, 267466).
cost(4, 21, 584012).
cost(4, 22, 604812).
cost(4, 23, 248192).
cost(4, 24, 309459).
cost(4, 25, 45964).
cost(4, 26, 140966).
cost(5, 1, 143919).
cost(5, 2, 553175).
cost(5, 3, 557227).
cost(5, 4, 357529).
cost(5, 6, 201962).
cost(5, 7, 319755).
cost(5, 8, 105759).
cost(5, 9, 192836).
cost(5, 10, 222347).
cost(5, 11, 290165).
cost(5, 12, 345863).
cost(5, 13, 520426).
cost(5, 14, 320997).
cost(5, 15, 519681).
cost(5, 16, 281558).
cost(5, 17, 98059).
cost(5, 18, 84717).
cost(5, 19, 145080).
cost(5, 20, 306585).
cost(5, 21, 618275).
cost(5, 22, 311372).
cost(5, 23, 157648).
cost(5, 24, 512140).
cost(5, 25, 402792).
cost(5, 26, 255508).
cost(6, 1, 256182).
cost(6, 2, 424143).
cost(6, 3, 664176).
cost(6, 4, 486234).
cost(6, 5, 201962).
cost(6, 7, 456319).
cost(6, 8, 229880).
cost(6, 9, 350107).
cost(6, 10, 353566).
cost(6, 11, 95649).
cost(6, 12, 467860).
cost(6, 13, 447688).
cost(6, 14, 363617).
cost(6, 15, 477716).
cost(6, 16, 226483).
cost(6, 17, 293944).
cost(6, 18, 152440).
cost(6, 19, 111759).
cost(6, 20, 308284).
cost(6, 21, 513943).
cost(6, 22, 120026).
cost(6, 23, 238058).
cost(6, 24, 522002).
cost(6, 25, 531442).
cost(6, 26, 350822).
cost(7, 1, 201013).
cost(7, 2, 862946).
cost(7, 3, 789305).
cost(7, 4, 591731).
cost(7, 5, 319755).
cost(7, 6, 456319).
cost(7, 8, 413648).
cost(7, 9, 437106).
cost(7, 10, 103513).
cost(7, 11, 504582).
cost(7, 12, 590361).
cost(7, 13, 840101).
cost(7, 14, 625347).
cost(7, 15, 837903).
cost(7, 16, 600231).
cost(7, 17, 325066).
cost(7, 18, 401883).
cost(7, 19, 453792).
cost(7, 20, 623137).
cost(7, 21, 935314).
cost(7, 22, 513903).
cost(7, 23, 469497).
cost(7, 24, 817680).
cost(7, 25, 628582).
cost(7, 26, 541356).
cost(8, 1, 249424).
cost(8, 2, 491109).
cost(8, 3, 461175).
cost(8, 4, 267455).
cost(8, 5, 105759).
cost(8, 6, 229880).
cost(8, 7, 413648).
cost(8, 9, 120257).
cost(8, 10, 321875).
cost(8, 11, 325529).
cost(8, 12, 252503).
cost(8, 13, 435684).
cost(8, 14, 216191).
cost(8, 15, 425574).
cost(8, 16, 209214).
cost(8, 17, 108476).
cost(8, 18, 79007).
cost(8, 19, 127328).
cost(8, 20, 210235).
cost(8, 21, 542480).
cost(8, 22, 349787).
cost(8, 23, 55925).
cost(8, 24, 408272).
cost(8, 25, 313418).
cost(8, 26, 151634).
cost(9, 1, 317856).
cost(9, 2, 564036).
cost(9, 3, 370170).
cost(9, 4, 167721).
cost(9, 5, 192836).
cost(9, 6, 350107).
cost(9, 7, 437106).
cost(9, 8, 120257).
cost(9, 10, 363903).
cost(9, 11, 445751).
cost(9, 12, 159745).
cost(9, 13, 478736).
cost(9, 14, 213274).
cost(9, 15, 448768).
cost(9, 16, 288362).
cost(9, 17, 119113).
cost(9, 18, 198409).
cost(9, 19, 245910).
cost(9, 20, 247182).
cost(9, 21, 596262).
cost(9, 22, 469948).
cost(9, 23, 132640).
cost(9, 24, 395027).
cost(9, 25, 211790).
cost(9, 26, 116144).
cost(10, 1, 97643).
cost(10, 2, 759867).
cost(10, 3, 728771).
cost(10, 4, 527044).
cost(10, 5, 222347).
cost(10, 6, 353566).
cost(10, 7, 103513).
cost(10, 8, 321875).
cost(10, 9, 363903).
cost(10, 11, 406071).
cost(10, 12, 522400).
cost(10, 13, 740786).
cost(10, 14, 537127).
cost(10, 15, 742024).
cost(10, 16, 499975).
cost(10, 17, 245914).
cost(10, 18, 301939).
cost(10, 19, 351580).
cost(10, 20, 528608).
cost(10, 21, 833669).
cost(10, 22, 417101).
cost(10, 23, 376969).
cost(10, 24, 729681).
cost(10, 25, 567421).
cost(10, 26, 459127).
cost(11, 1, 313168).
cost(11, 2, 430981).
cost(11, 3, 753292).
cost(11, 4, 579847).
cost(11, 5, 290165).
cost(11, 6, 95649).
cost(11, 7, 504582).
cost(11, 8, 325529).
cost(11, 9, 445751).
cost(11, 10, 406071).
cost(11, 12, 560926).
cost(11, 13, 485990).
cost(11, 14, 446118).
cost(11, 15, 528356).
cost(11, 16, 292667).
cost(11, 17, 385416).
cost(11, 18, 247870).
cost(11, 19, 205168).
cost(11, 20, 383972).
cost(11, 21, 531966).
cost(11, 22, 25015).
cost(11, 23, 331835).
cost(11, 24, 589779).
cost(11, 25, 624719).
cost(11, 26, 442619).
cost(12, 1, 477029).
cost(12, 2, 560548).
cost(12, 3, 211572).
cost(12, 4, 23138).
cost(12, 5, 345863).
cost(12, 6, 467860).
cost(12, 7, 590361).
cost(12, 8, 252503).
cost(12, 9, 159745).
cost(12, 10, 522400).
cost(12, 11, 560926).
cost(12, 13, 439038).
cost(12, 14, 173624).
cost(12, 15, 385801).
cost(12, 16, 327601).
cost(12, 17, 278812).
cost(12, 18, 328236).
cost(12, 19, 356217).
cost(12, 20, 244338).
cost(12, 21, 562314).
cost(12, 22, 585921).
cost(12, 23, 229909).
cost(12, 24, 292664).
cost(12, 25, 63920).
cost(12, 26, 120000).
cost(13, 1, 651139).
cost(13, 2, 156387).
cost(13, 3, 502531).
cost(13, 4, 460745).
cost(13, 5, 520426).
cost(13, 6, 447688).
cost(13, 7, 840101).
cost(13, 8, 435684).
cost(13, 9, 478736).
cost(13, 10, 740786).
cost(13, 11, 485990).
cost(13, 12, 439038).
cost(13, 14, 275072).
cost(13, 15, 79383).
cost(13, 16, 241443).
cost(13, 17, 541671).
cost(13, 18, 438847).
cost(13, 19, 394341).
cost(13, 20, 232775).
cost(13, 21, 123276).
cost(13, 22, 503517).
cost(13, 23, 381589).
cost(13, 24, 209862).
cost(13, 25, 480409).
cost(13, 26, 369739).
cost(14, 1, 464900).
cost(14, 2, 387433).
cost(14, 3, 315661).
cost(14, 4, 196660).
cost(14, 5, 320997).
cost(14, 6, 363617).
cost(14, 7, 625347).
cost(14, 8, 216191).
cost(14, 9, 213274).
cost(14, 10, 537127).
cost(14, 11, 446118).
cost(14, 12, 173624).
cost(14, 13, 275072).
cost(14, 15, 236411).
cost(14, 16, 170692).
cost(14, 17, 302699).
cost(14, 18, 263159).
cost(14, 19, 258901).
cost(14, 20, 75577).
cost(14, 21, 397137).
cost(14, 22, 470565).
cost(14, 23, 163763).
cost(14, 24, 192621).
cost(14, 25, 227560).
cost(14, 26, 97982).
cost(15, 1, 657357).
cost(15, 2, 235760).
cost(15, 3, 428308).
cost(15, 4, 406197).
cost(15, 5, 519681).
cost(15, 6, 477716).
cost(15, 7, 837903).
cost(15, 8, 425574).
cost(15, 9, 448768).
cost(15, 10, 742024).
cost(15, 11, 528356).
cost(15, 12, 385801).
cost(15, 13, 79383).
cost(15, 14, 236411).
cost(15, 16, 255774).
cost(15, 17, 526381).
cost(15, 18, 442996).
cost(15, 19, 407876).
cost(15, 20, 215354).
cost(15, 21, 188827).
cost(15, 22, 548031).
cost(15, 23, 369752).
cost(15, 24, 132049).
cost(15, 25, 420540).
cost(15, 26, 334361).
cost(16, 1, 409698).
cost(16, 2, 282176).
cost(16, 3, 486172).
cost(16, 4, 350264).
cost(16, 5, 281558).
cost(16, 6, 226483).
cost(16, 7, 600231).
cost(16, 8, 209214).
cost(16, 9, 288362).
cost(16, 10, 499975).
cost(16, 11, 292667).
cost(16, 12, 327601).
cost(16, 13, 241443).
cost(16, 14, 170692).
cost(16, 15, 255774).
cost(16, 17, 317637).
cost(16, 18, 198349).
cost(16, 19, 153716).
cost(16, 20, 97645).
cost(16, 21, 337139).
cost(16, 22, 315609).
cost(16, 23, 162989).
cost(16, 24, 297662).
cost(16, 25, 388291).
cost(16, 26, 214154).
cost(17, 1, 200623).
cost(17, 2, 599316).
cost(17, 3, 488550).
cost(17, 4, 285830).
cost(17, 5, 98059).
cost(17, 6, 293944).
cost(17, 7, 325066).
cost(17, 8, 108476).
cost(17, 9, 119113).
cost(17, 10, 245914).
cost(17, 11, 385416).
cost(17, 12, 278812).
cost(17, 13, 541671).
cost(17, 14, 302699).
cost(17, 15, 526381).
cost(17, 16, 317637).
cost(17, 18, 151375).
cost(17, 19, 214568).
cost(17, 20, 312084).
cost(17, 21, 650379).
cost(17, 22, 407409).
cost(17, 23, 160187).
cost(17, 24, 493934).
cost(17, 25, 328726).
cost(17, 26, 216291).
cost(18, 1, 214369).
cost(18, 2, 468522).
cost(18, 3, 533923).
cost(18, 4, 344365).
cost(18, 5, 84717).
cost(18, 6, 152440).
cost(18, 7, 401883).
cost(18, 8, 79007).
cost(18, 9, 198409).
cost(18, 10, 301939).
cost(18, 11, 247870).
cost(18, 12, 328236).
cost(18, 13, 438847).
cost(18, 14, 263159).
cost(18, 15, 442996).
cost(18, 16, 198349).
cost(18, 17, 151375).
cost(18, 19, 64052).
cost(18, 20, 234769).
cost(18, 21, 534239).
cost(18, 22, 271821).
cost(18, 23, 105030).
cost(18, 24, 448185).
cost(18, 25, 390270).
cost(18, 26, 219316).
cost(19, 1, 258311).
cost(19, 2, 410527).
cost(19, 3, 553116).
cost(19, 4, 374821).
cost(19, 5, 145080).
cost(19, 6, 111759).
cost(19, 7, 453792).
cost(19, 8, 127328).
cost(19, 9, 245910).
cost(19, 10, 351580).
cost(19, 11, 205168).
cost(19, 12, 356217).
cost(19, 13, 394341).
cost(19, 14, 258901).
cost(19, 15, 407876).
cost(19, 16, 153716).
cost(19, 17, 214568).
cost(19, 18, 64052).
cost(19, 20, 213445).
cost(19, 21, 482225).
cost(19, 22, 230083).
cost(19, 23, 126686).
cost(19, 24, 430770).
cost(19, 25, 419881).
cost(19, 26, 239118).
cost(20, 1, 447310).
cost(20, 2, 324173).
cost(20, 3, 389307).
cost(20, 4, 267466).
cost(20, 5, 306585).
cost(20, 6, 308284).
cost(20, 7, 623137).
cost(20, 8, 210235).
cost(20, 9, 247182).
cost(20, 10, 528608).
cost(20, 11, 383972).
cost(20, 12, 244338).
cost(20, 13, 232775).
cost(20, 14, 75577).
cost(20, 15, 215354).
cost(20, 16, 97645).
cost(20, 17, 312084).
cost(20, 18, 234769).
cost(20, 19, 213445).
cost(20, 21, 349081).
cost(20, 22, 407768).
cost(20, 23, 154398).
cost(20, 24, 217327).
cost(20, 25, 301250).
cost(20, 26, 145630).
cost(21, 1, 740240).
cost(21, 2, 110911).
cost(21, 3, 616780).
cost(21, 4, 584012).
cost(21, 5, 618275).
cost(21, 6, 513943).
cost(21, 7, 935314).
cost(21, 8, 542480).
cost(21, 9, 596262).
cost(21, 10, 833669).
cost(21, 11, 531966).
cost(21, 12, 562314).
cost(21, 13, 123276).
cost(21, 14, 397137).
cost(21, 15, 188827).
cost(21, 16, 337139).
cost(21, 17, 650379).
cost(21, 18, 534239).
cost(21, 19, 482225).
cost(21, 20, 349081).
cost(21, 22, 545095).
cost(21, 23, 490677).
cost(21, 24, 319067).
cost(21, 25, 603176).
cost(21, 26, 490178).
cost(22, 1, 326185).
cost(22, 2, 442146).
cost(22, 3, 778200).
cost(22, 4, 604812).
cost(22, 5, 311372).
cost(22, 6, 120026).
cost(22, 7, 513903).
cost(22, 8, 349787).
cost(22, 9, 469948).
cost(22, 10, 417101).
cost(22, 11, 25015).
cost(22, 12, 585921).
cost(22, 13, 503517).
cost(22, 14, 470565).
cost(22, 15, 548031).
cost(22, 16, 315609).
cost(22, 17, 407409).
cost(22, 18, 271821).
cost(22, 19, 230083).
cost(22, 20, 407768).
cost(22, 21, 545095).
cost(22, 23, 356764).
cost(22, 24, 612183).
cost(22, 25, 649706).
cost(22, 26, 467634).
cost(23, 1, 301381).
cost(23, 2, 444626).
cost(23, 3, 430988).
cost(23, 4, 248192).
cost(23, 5, 157648).
cost(23, 6, 238058).
cost(23, 7, 469497).
cost(23, 8, 55925).
cost(23, 9, 132640).
cost(23, 10, 376969).
cost(23, 11, 331835).
cost(23, 12, 229909).
cost(23, 13, 381589).
cost(23, 14, 163763).
cost(23, 15, 369752).
cost(23, 16, 162989).
cost(23, 17, 160187).
cost(23, 18, 105030).
cost(23, 19, 126686).
cost(23, 20, 154398).
cost(23, 21, 490677).
cost(23, 22, 356764).
cost(23, 24, 354498).
cost(23, 25, 293397).
cost(23, 26, 115496).
cost(24, 1, 655724).
cost(24, 2, 364841).
cost(24, 3, 298182).
cost(24, 4, 309459).
cost(24, 5, 512140).
cost(24, 6, 522002).
cost(24, 7, 817680).
cost(24, 8, 408272).
cost(24, 9, 395027).
cost(24, 10, 729681).
cost(24, 11, 589779).
cost(24, 12, 292664).
cost(24, 13, 209862).
cost(24, 14, 192621).
cost(24, 15, 132049).
cost(24, 16, 297662).
cost(24, 17, 493934).
cost(24, 18, 448185).
cost(24, 19, 430770).
cost(24, 20, 217327).
cost(24, 21, 319067).
cost(24, 22, 612183).
cost(24, 23, 354498).
cost(24, 25, 313301).
cost(24, 26, 280447).
cost(25, 1, 529034).
cost(25, 2, 609970).
cost(25, 3, 161428).
cost(25, 4, 45964).
cost(25, 5, 402792).
cost(25, 6, 531442).
cost(25, 7, 628582).
cost(25, 8, 313418).
cost(25, 9, 211790).
cost(25, 10, 567421).
cost(25, 11, 624719).
cost(25, 12, 63920).
cost(25, 13, 480409).
cost(25, 14, 227560).
cost(25, 15, 420540).
cost(25, 16, 388291).
cost(25, 17, 328726).
cost(25, 18, 390270).
cost(25, 19, 419881).
cost(25, 20, 301250).
cost(25, 21, 603176).
cost(25, 22, 649706).
cost(25, 23, 293397).
cost(25, 24, 313301).
cost(25, 26, 183777).
cost(26, 1, 396855).
cost(26, 2, 469771).
cost(26, 3, 315505).
cost(26, 4, 140966).
cost(26, 5, 255508).
cost(26, 6, 350822).
cost(26, 7, 541356).
cost(26, 8, 151634).
cost(26, 9, 116144).
cost(26, 10, 459127).
cost(26, 11, 442619).
cost(26, 12, 120000).
cost(26, 13, 369739).
cost(26, 14, 97982).
cost(26, 15, 334361).
cost(26, 16, 214154).
cost(26, 17, 216291).
cost(26, 18, 219316).
cost(26, 19, 239118).
cost(26, 20, 145630).
cost(26, 21, 490178).
cost(26, 22, 467634).
cost(26, 23, 115496).
cost(26, 24, 280447).
cost(26, 25, 183777).
