dimension(26).
point(1, -85662.0, 115342.0).
point(2, -230112.0, -13175.0).
point(3, -68092.0, -189173.0).
point(4, 39169.0, 86311.0).
point(5, -321784.0, -251173.0).
point(6, 86241.0, -196033.0).
point(7, 231265.0, -193076.0).
point(8, -154868.0, 193800.0).
point(9, -32312.0, 46107.0).
point(10, -382659.0, -144813.0).
point(11, -160911.0, -217435.0).
point(12, -157490.0, -66516.0).
point(13, 15084.0, -462120.0).
point(14, -124996.0, 112963.0).
point(15, -35411.0, 54379.0).
point(16, -289491.0, 228932.0).
point(17, 474542.0, 149442.0).
point(18, -51029.0, 247731.0).
point(19, -8269.0, 246709.0).
point(20, 185899.0, 113929.0).
point(21, 182621.0, -224942.0).
point(22, -248966.0, -149936.0).
point(23, 222274.0, -213570.0).
point(24, 54746.0, 341262.0).
point(25, -228396.0, 90608.0).
point(26, 98679.0, -264521.0).
cost(1, 2, 193345).
cost(1, 3, 305021).
cost(1, 4, 128162).
cost(1, 5, 435989).
cost(1, 6, 355675).
cost(1, 7, 442227).
cost(1, 8, 104619).
cost(1, 9, 87405).
cost(1, 10, 394826).
cost(1, 11, 341179).
cost(1, 12, 195529).
cost(1, 13, 586184).
cost(1, 14, 39406).
cost(1, 15, 79004).
cost(1, 16, 233343).
cost(1, 17, 561241).
cost(1, 18, 136844).
cost(1, 19, 152470).
cost(1, 20, 271565).
cost(1, 21, 433323).
cost(1, 22, 311513).
cost(1, 23, 450564).
cost(1, 24, 265997).
cost(1, 25, 144861).
cost(1, 26, 422229).
cost(2, 1, 193345).
cost(2, 3, 239219).
cost(2, 4, 287071).
cost(2, 5, 255043).
cost(2, 6, 365399).
cost(2, 7, 495210).
cost(2, 8, 220228).
cost(2, 9, 206493).
cost(2, 10, 201492).
cost(2, 11, 215664).
cost(2, 12, 90107).
cost(2, 13, 511540).
cost(2, 14, 164196).
cost(2, 15, 206087).
cost(2, 16, 249282).
cost(2, 17, 723175).
cost(2, 18, 316453).
cost(2, 19, 341693).
cost(2, 20, 434995).
cost(2, 21, 463890).
cost(2, 22, 138054).
cost(2, 23, 494784).
cost(2, 24, 454719).
cost(2, 25, 103797).
cost(2, 26, 413858).
cost(3, 1, 305021).
cost(3, 2, 239219).
cost(3, 4, 295629).
cost(3, 5, 261158).
cost(3, 6, 154485).
cost(3, 7, 299382).
cost(3, 8, 392681).
cost(3, 9, 237985).
cost(3, 10, 317679).
cost(3, 11, 97026).
cost(3, 12, 151779).
cost(3, 13, 285339).
cost(3, 14, 307448).
cost(3, 15, 245735).
cost(3, 16, 473106).
cost(3, 17, 639618).
cost(3, 18, 437237).
cost(3, 19, 439968).
cost(3, 20, 395452).
cost(3, 21, 253252).
cost(3, 22, 185081).
cost(3, 23, 291389).
cost(3, 24, 544473).
cost(3, 25, 322451).
cost(3, 26, 183002).
cost(4, 1, 128162).
cost(4, 2, 287071).
cost(4, 3, 295629).
cost(4, 5, 494148).
cost(4, 6, 286241).
cost(4, 7, 339055).
cost(4, 8, 221820).
cost(4, 9, 82012).
cost(4, 10, 480996).
cost(4, 11, 363722).
cost(4, 12, 249060).
cost(4, 13, 548960).
cost(4, 14, 166314).
cost(4, 15, 81128).
cost(4, 16, 358271).
cost(4, 17, 439926).
cost(4, 18, 184911).
cost(4, 19, 167266).
cost(4, 20, 149307).
cost(4, 21, 342720).
cost(4, 22, 372605).
cost(4, 23, 351363).
cost(4, 24, 255426).
cost(4, 25, 267600).
cost(4, 26, 355843).
cost(5, 1, 435989).
cost(5, 2, 255043).
cost(5, 3, 261158).
cost(5, 4, 494148).
cost(5, 6, 411734).
cost(5, 7, 556092).
cost(5, 8, 475249).
cost(5, 9, 414933).
cost(5, 10, 122549).
cost(5, 11, 164373).
cost(5, 12, 247165).
cost(5, 13, 397465).
cost(5, 14, 413909).
cost(5, 15, 418774).
cost(5, 16, 481190).
cost(5, 17, 891419).
cost(5, 18, 567639).
cost(5, 19, 588369).
cost(5, 20, 625333).
cost(5, 21, 505087).
cost(5, 22, 124705).
cost(5, 23, 545356).
cost(5, 24, 701964).
cost(5, 25, 354310).
cost(5, 26, 420675).
cost(6, 1, 355675).
cost(6, 2, 365399).
cost(6, 3, 154485).
cost(6, 4, 286241).
cost(6, 5, 411734).
cost(6, 7, 145054).
cost(6, 8, 458370).
cost(6, 9, 269605).
cost(6, 10, 471689).
cost(6, 11, 248077).
cost(6, 12, 276006).
cost(6, 13, 275437).
cost(6, 14, 374299).
cost(6, 15, 278398).
cost(6, 16, 567248).
cost(6, 17, 519741).
cost(6, 18, 464510).
cost(6, 19, 452717).
cost(6, 20, 325589).
cost(6, 21, 100622).
cost(6, 22, 338362).
cost(6, 23, 137159).
cost(6, 24, 538217).
cost(6, 25, 425628).
cost(6, 26, 69608).
cost(7, 1, 442227).
cost(7, 2, 495210).
cost(7, 3, 299382).
cost(7, 4, 339055).
cost(7, 5, 556092).
cost(7, 6, 145054).
cost(7, 8, 546600).
cost(7, 9, 355923).
cost(7, 10, 615818).
cost(7, 11, 392932).
cost(7, 12, 408837).
cost(7, 13, 345136).
cost(7, 14, 469661).
cost(7, 15, 363799).
cost(7, 16, 670282).
cost(7, 17, 420122).
cost(7, 18, 523451).
cost(7, 19, 500787).
cost(7, 20, 310339).
cost(7, 21, 58152).
cost(7, 22, 482165).
cost(7, 23, 22380).
cost(7, 24, 562740).
cost(7, 25, 540153).
cost(7, 26, 150610).
cost(8, 1, 104619).
cost(8, 2, 220228).
cost(8, 3, 392681).
cost(8, 4, 221820).
cost(8, 5, 475249).
cost(8, 6, 458370).
cost(8, 7, 546600).
cost(8, 9, 191920).
cost(8, 10, 408102).
cost(8, 11, 411279).
cost(8, 12, 260329).
cost(8, 13, 677580).
cost(8, 14, 86180).
cost(8, 15, 183598).
cost(8, 16, 139132).
cost(8, 17, 630971).
cost(8, 18, 117009).
cost(8, 19, 155855).
cost(8, 20, 350002).
cost(8, 21, 537814).
cost(8, 22, 356383).
cost(8, 23, 555145).
cost(8, 24, 256287).
cost(8, 25, 126708).
cost(8, 26, 523779).
cost(9, 1, 87405).
cost(9, 2, 206493).
cost(9, 3, 237985).
cost(9, 4, 82012).
cost(9, 5, 414933).
cost(9, 6, 269605).
cost(9, 7, 355923).
cost(9, 8, 191920).
cost(9, 10, 398991).
cost(9, 11, 293244).
cost(9, 12, 168385).
cost(9, 13, 510432).
cost(9, 14, 114281).
cost(9, 15, 8833).
cost(9, 16, 315541).
cost(9, 17, 517280).
cost(9, 18, 202491).
cost(9, 19, 202038).
cost(9, 20, 228508).
cost(9, 21, 345924).
cost(9, 22, 292185).
cost(9, 23, 363657).
cost(9, 24, 307726).
cost(9, 25, 201070).
cost(9, 26, 337118).
cost(10, 1, 394826).
cost(10, 2, 201492).
cost(10, 3, 317679).
cost(10, 4, 480996).
cost(10, 5, 122549).
cost(10, 6, 471689).
cost(10, 7, 615818).
cost(10, 8, 408102).
cost(10, 9, 398991).
cost(10, 11, 233337).
cost(10, 12, 238394).
cost(10, 13, 508806).
cost(10, 14, 364470).
cost(10, 15, 400323).
cost(10, 16, 385183).
cost(10, 17, 906300).
cost(10, 18, 513877).
cost(10, 19, 541717).
cost(10, 20, 624664).
cost(10, 21, 570931).
cost(10, 22, 133791).
cost(10, 23, 608828).
cost(10, 24, 653905).
cost(10, 25, 281461).
cost(10, 26, 496000).
cost(11, 1, 341179).
cost(11, 2, 215664).
cost(11, 3, 97026).
cost(11, 4, 363722).
cost(11, 5, 164373).
cost(11, 6, 248077).
cost(11, 7, 392932).
cost(11, 8, 411279).
cost(11, 9, 293244).
cost(11, 10, 233337).
cost(11, 12, 150958).
cost(11, 13, 301405).
cost(11, 14, 332344).
cost(11, 15, 299388).
cost(11, 16, 464517).
cost(11, 17, 733757).
cost(11, 18, 477968).
cost(11, 19, 488599).
cost(11, 20, 479666).
cost(11, 21, 343614).
cost(11, 22, 110950).
cost(11, 23, 383204).
cost(11, 24, 598874).
cost(11, 25, 315349).
cost(11, 26, 263826).
cost(12, 1, 195529).
cost(12, 2, 90107).
cost(12, 3, 151779).
cost(12, 4, 249060).
cost(12, 5, 247165).
cost(12, 6, 276006).
cost(12, 7, 408837).
cost(12, 8, 260329).
cost(12, 9, 168385).
cost(12, 10, 238394).
cost(12, 11, 150958).
cost(12, 13, 431607).
cost(12, 14, 182397).
cost(12, 15, 171811).
cost(12, 16, 323595).
cost(12, 17, 667909).
cost(12, 18, 331791).
cost(12, 19, 346954).
cost(12, 20, 387913).
cost(12, 21, 375199).
cost(12, 22, 123801).
cost(12, 23, 407241).
cost(12, 24, 459703).
cost(12, 25, 172382).
cost(12, 26, 323772).
cost(13, 1, 586184).
cost(13, 2, 511540).
cost(13, 3, 285339).
cost(13, 4, 548960).
cost(13, 5, 397465).
cost(13, 6, 275437).
cost(13, 7, 345136).
cost(13, 8, 677580).
cost(13, 9, 510432).
cost(13, 10, 508806).
cost(13, 11, 301405).
cost(13, 12, 431607).
cost(13, 14, 591898).
cost(13, 15, 518961).
cost(13, 16, 755195).
cost(13, 17, 764925).
cost(13, 18, 712923).
cost(13, 19, 709214).
cost(13, 20, 600841).
cost(13, 21, 290383).
cost(13, 22, 408878).
cost(13, 23, 323581).
cost(13, 24, 804360).
cost(13, 25, 603979).
cost(13, 26, 214554).
cost(14, 1, 39406).
cost(14, 2, 164196).
cost(14, 3, 307448).
cost(14, 4, 166314).
cost(14, 5, 413909).
cost(14, 6, 374299).
cost(14, 7, 469661).
cost(14, 8, 86180).
cost(14, 9, 114281).
cost(14, 10, 364470).
cost(14, 11, 332344).
cost(14, 12, 182397).
cost(14, 13, 591898).
cost(14, 15, 107040).
cost(14, 16, 201265).
cost(14, 17, 600647).
cost(14, 18, 153732).
cost(14, 19, 177520).
cost(14, 20, 310897).
cost(14, 21, 456955).
cost(14, 22, 290662).
cost(14, 23, 476676).
cost(14, 24, 290564).
cost(14, 25, 105789).
cost(14, 26, 438776).
cost(15, 1, 79004).
cost(15, 2, 206087).
cost(15, 3, 245735).
cost(15, 4, 81128).
cost(15, 5, 418774).
cost(15, 6, 278398).
cost(15, 7, 363799).
cost(15, 8, 183598).
cost(15, 9, 8833).
cost(15, 10, 400323).
cost(15, 11, 299388).
cost(15, 12, 171811).
cost(15, 13, 518961).
cost(15, 14, 107040).
cost(15, 16, 308262).
cost(15, 17, 518738).
cost(15, 18, 193982).
cost(15, 19, 194236).
cost(15, 20, 229182).
cost(15, 21, 354342).
cost(15, 22, 295551).
cost(15, 23, 371750).
cost(15, 24, 300716).
cost(15, 25, 196356).
cost(15, 26, 345944).
cost(16, 1, 233343).
cost(16, 2, 249282).
cost(16, 3, 473106).
cost(16, 4, 358271).
cost(16, 5, 481190).
cost(16, 6, 567248).
cost(16, 7, 670282).
cost(16, 8, 139132).
cost(16, 9, 315541).
cost(16, 10, 385183).
cost(16, 11, 464517).
cost(16, 12, 323595).
cost(16, 13, 755195).
cost(16, 14, 201265).
cost(16, 15, 308262).
cost(16, 17, 768157).
cost(16, 18, 239202).
cost(16, 19, 281783).
cost(16, 20, 489103).
cost(16, 21, 654898).
cost(16, 22, 381029).
cost(16, 23, 676544).
cost(16, 24, 362101).
cost(16, 25, 151216).
cost(16, 26, 627831).
cost(17, 1, 561241).
cost(17, 2, 723175).
cost(17, 3, 639618).
cost(17, 4, 439926).
cost(17, 5, 891419).
cost(17, 6, 519741).
cost(17, 7, 420122).
cost(17, 8, 630971).
cost(17, 9, 517280).
cost(17, 10, 906300).
cost(17, 11, 733757).
cost(17, 12, 667909).
cost(17, 13, 764925).
cost(17, 14, 600647).
cost(17, 15, 518738).
cost(17, 16, 768157).
cost(17, 18, 534683).
cost(17, 19, 492511).
cost(17, 20, 290819).
cost(17, 21, 474743).
cost(17, 22, 783001).
cost(17, 23, 442060).
cost(17, 24, 461545).
cost(17, 25, 705396).
cost(17, 26, 559141).
cost(18, 1, 136844).
cost(18, 2, 316453).
cost(18, 3, 437237).
cost(18, 4, 184911).
cost(18, 5, 567639).
cost(18, 6, 464510).
cost(18, 7, 523451).
cost(18, 8, 117009).
cost(18, 9, 202491).
cost(18, 10, 513877).
cost(18, 11, 477968).
cost(18, 12, 331791).
cost(18, 13, 712923).
cost(18, 14, 153732).
cost(18, 15, 193982).
cost(18, 16, 239202).
cost(18, 17, 534683).
cost(18, 19, 42772).
cost(18, 20, 272099).
cost(18, 21, 527269).
cost(18, 22, 444205).
cost(18, 23, 536184).
cost(18, 24, 141196).
cost(18, 25, 236953).
cost(18, 26, 533680).
cost(19, 1, 152470).
cost(19, 2, 341693).
cost(19, 3, 439968).
cost(19, 4, 167266).
cost(19, 5, 588369).
cost(19, 6, 452717).
cost(19, 7, 500787).
cost(19, 8, 155855).
cost(19, 9, 202038).
cost(19, 10, 541717).
cost(19, 11, 488599).
cost(19, 12, 346954).
cost(19, 13, 709214).
cost(19, 14, 177520).
cost(19, 15, 194236).
cost(19, 16, 281783).
cost(19, 17, 492511).
cost(19, 18, 42772).
cost(19, 20, 235227).
cost(19, 21, 508816).
cost(19, 22, 463964).
cost(19, 23, 514788).
cost(19, 24, 113627).
cost(19, 25, 269858).
cost(19, 26, 522297).
cost(20, 1, 271565).
cost(20, 2, 434995).
cost(20, 3, 395452).
cost(20, 4, 149307).
cost(20, 5, 625333).
cost(20, 6, 325589).
cost(20, 7, 310339).
cost(20, 8, 350002).
cost(20, 9, 228508).
cost(20, 10, 624664).
cost(20, 11, 479666).
cost(20, 12, 387913).
cost(20, 13, 600841).
cost(20, 14, 310897).
cost(20, 15, 229182).
cost(20, 16, 489103).
cost(20, 17, 290819).
cost(20, 18, 272099).
cost(20, 19, 235227).
cost(20, 21, 338887).
cost(20, 22, 508657).
cost(20, 23, 329513).
cost(20, 24, 262453).
cost(20, 25, 414951).
cost(20, 26, 388371).
cost(21, 1, 433323).
cost(21, 2, 463890).
cost(21, 3, 253252).
cost(21, 4, 342720).
cost(21, 5, 505087).
cost(21, 6, 100622).
cost(21, 7, 58152).
cost(21, 8, 537814).
cost(21, 9, 345924).
cost(21, 10, 570931).
cost(21, 11, 343614).
cost(21, 12, 375199).
cost(21, 13, 290383).
cost(21, 14, 456955).
cost(21, 15, 354342).
cost(21, 16, 654898).
cost(21, 17, 474743).
cost(21, 18, 527269).
cost(21, 19, 508816).
cost(21, 20, 338887).
cost(21, 22, 438056).
cost(21, 23, 41251).
cost(21, 24, 580464).
cost(21, 25, 518176).
cost(21, 26, 92805).
cost(22, 1, 311513).
cost(22, 2, 138054).
cost(22, 3, 185081).
cost(22, 4, 372605).
cost(22, 5, 124705).
cost(22, 6, 338362).
cost(22, 7, 482165).
cost(22, 8, 356383).
cost(22, 9, 292185).
cost(22, 10, 133791).
cost(22, 11, 110950).
cost(22, 12, 123801).
cost(22, 13, 408878).
cost(22, 14, 290662).
cost(22, 15, 295551).
cost(22, 16, 381029).
cost(22, 17, 783001).
cost(22, 18, 444205).
cost(22, 19, 463964).
cost(22, 20, 508657).
cost(22, 21, 438056).
cost(22, 23, 475517).
cost(22, 24, 577509).
cost(22, 25, 241422).
cost(22, 26, 366042).
cost(23, 1, 450564).
cost(23, 2, 494784).
cost(23, 3, 291389).
cost(23, 4, 351363).
cost(23, 5, 545356).
cost(23, 6, 137159).
cost(23, 7, 22380).
cost(23, 8, 555145).
cost(23, 9, 363657).
cost(23, 10, 608828).
cost(23, 11, 383204).
cost(23, 12, 407241).
cost(23, 13, 323581).
cost(23, 14, 476676).
cost(23, 15, 371750).
cost(23, 16, 676544).
cost(23, 17, 442060).
cost(23, 18, 536184).
cost(23, 19, 514788).
cost(23, 20, 329513).
cost(23, 21, 41251).
cost(23, 22, 475517).
cost(23, 24, 579572).
cost(23, 25, 543717).
cost(23, 26, 133685).
cost(24, 1, 265997).
cost(24, 2, 454719).
cost(24, 3, 544473).
cost(24, 4, 255426).
cost(24, 5, 701964).
cost(24, 6, 538217).
cost(24, 7, 562740).
cost(24, 8, 256287).
cost(24, 9, 307726).
cost(24, 10, 653905).
cost(24, 11, 598874).
cost(24, 12, 459703).
cost(24, 13, 804360).
cost(24, 14, 290564).
cost(24, 15, 300716).
cost(24, 16, 362101).
cost(24, 17, 461545).
cost(24, 18, 141196).
cost(24, 19, 113627).
cost(24, 20, 262453).
cost(24, 21, 580464).
cost(24, 22, 577509).
cost(24, 23, 579572).
cost(24, 25, 378149).
cost(24, 26, 607374).
cost(25, 1, 144861).
cost(25, 2, 103797).
cost(25, 3, 322451).
cost(25, 4, 267600).
cost(25, 5, 354310).
cost(25, 6, 425628).
cost(25, 7, 540153).
cost(25, 8, 126708).
cost(25, 9, 201070).
cost(25, 10, 281461).
cost(25, 11, 315349).
cost(25, 12, 172382).
cost(25, 13, 603979).
cost(25, 14, 105789).
cost(25, 15, 196356).
cost(25, 16, 151216).
cost(25, 17, 705396).
cost(25, 18, 236953).
cost(25, 19, 269858).
cost(25, 20, 414951).
cost(25, 21, 518176).
cost(25, 22, 241422).
cost(25, 23, 543717).
cost(25, 24, 378149).
cost(25, 26, 482799).
cost(26, 1, 422229).
cost(26, 2, 413858).
cost(26, 3, 183002).
cost(26, 4, 355843).
cost(26, 5, 420675).
cost(26, 6, 69608).
cost(26, 7, 150610).
cost(26, 8, 523779).
cost(26, 9, 337118).
cost(26, 10, 496000).
cost(26, 11, 263826).
cost(26, 12, 323772).
cost(26, 13, 214554).
cost(26, 14, 438776).
cost(26, 15, 345944).
cost(26, 16, 627831).
cost(26, 17, 559141).
cost(26, 18, 533680).
cost(26, 19, 522297).
cost(26, 20, 388371).
cost(26, 21, 92805).
cost(26, 22, 366042).
cost(26, 23, 133685).
cost(26, 24, 607374).
cost(26, 25, 482799).
nocross(1,2).
nocross(1,3).
nocross(1,4).
nocross(1,9).
nocross(1,12).
nocross(1,14).
nocross(1,15).
nocross(2,1).
nocross(2,3).
nocross(2,7).
nocross(2,9).
nocross(2,12).
nocross(3,1).
nocross(3,6).
nocross(3,9).
nocross(3,11).
nocross(3,12).
nocross(3,26).
nocross(4,1).
nocross(4,3).
nocross(4,7).
nocross(4,9).
nocross(4,15).
nocross(4,18).
nocross(4,19).
nocross(4,20).
nocross(5,2).
nocross(5,3).
nocross(5,6).
nocross(5,11).
nocross(6,3).
nocross(6,7).
nocross(6,9).
nocross(6,26).
nocross(7,6).
nocross(7,21).
nocross(8,1).
nocross(8,2).
nocross(8,4).
nocross(8,9).
nocross(8,12).
nocross(8,14).
nocross(8,16).
nocross(8,18).
nocross(8,25).
nocross(9,1).
nocross(9,2).
nocross(9,3).
nocross(9,4).
nocross(9,7).
nocross(9,12).
nocross(9,15).
nocross(9,20).
nocross(10,2).
nocross(10,5).
nocross(10,11).
nocross(10,12).
nocross(11,2).
nocross(11,3).
nocross(11,6).
nocross(11,7).
nocross(11,9).
nocross(11,12).
nocross(11,26).
nocross(12,1).
nocross(12,2).
nocross(12,3).
nocross(12,7).
nocross(12,9).
nocross(12,11).
nocross(12,14).
nocross(12,15).
nocross(13,3).
nocross(13,6).
nocross(13,23).
nocross(13,26).
nocross(14,1).
nocross(14,2).
nocross(14,3).
nocross(14,7).
nocross(14,9).
nocross(14,12).
nocross(14,15).
nocross(14,25).
nocross(15,1).
nocross(15,2).
nocross(15,3).
nocross(15,4).
nocross(15,7).
nocross(15,9).
nocross(15,12).
nocross(15,14).
nocross(15,20).
nocross(16,8).
nocross(16,14).
nocross(16,18).
nocross(16,25).
nocross(17,20).
nocross(18,1).
nocross(18,4).
nocross(18,8).
nocross(18,15).
nocross(18,19).
nocross(19,1).
nocross(19,3).
nocross(19,4).
nocross(19,9).
nocross(19,15).
nocross(20,1).
nocross(20,4).
nocross(20,6).
nocross(20,7).
nocross(20,9).
nocross(20,18).
nocross(21,6).
nocross(21,7).
nocross(21,23).
nocross(21,26).
nocross(22,2).
nocross(22,3).
nocross(22,5).
nocross(22,7).
nocross(22,10).
nocross(22,12).
nocross(23,6).
nocross(23,7).
nocross(23,21).
nocross(24,1).
nocross(24,4).
nocross(24,15).
nocross(24,18).
nocross(24,20).
nocross(25,1).
nocross(25,2).
nocross(25,9).
nocross(25,12).
nocross(25,14).
nocross(25,15).
nocross(25,16).
nocross(26,3).
nocross(26,6).
nocross(26,21).
