dimension(26).
point(1, -46174.0, -158409.0).
point(2, -172926.0, 49498.0).
point(3, 48709.0, 323251.0).
point(4, -276845.0, 125648.0).
point(5, -200066.0, -64560.0).
point(6, 19992.0, -73575.0).
point(7, 343193.0, -52452.0).
point(8, 423910.0, 75209.0).
point(9, 5132.0, -81455.0).
point(10, 169082.0, 122858.0).
point(11, -388391.0, 173936.0).
point(12, -175599.0, 50669.0).
point(13, -31495.0, -467869.0).
point(14, -141633.0, 141898.0).
point(15, -249890.0, -3005.0).
point(16, 107347.0, 21881.0).
point(17, -125420.0, -231857.0).
point(18, -186377.0, 33842.0).
point(19, 209112.0, 305875.0).
point(20, -476098.0, -4544.0).
point(21, 92262.0, -123738.0).
point(22, -527062.0, -193199.0).
point(23, 136908.0, 49050.0).
point(24, 381551.0, 659810.0).
point(25, -94523.0, -150678.0).
point(26, -218451.0, -73908.0).
cost(1, 2, 243498).
cost(1, 3, 490917).
cost(1, 4, 365920).
cost(1, 5, 180251).
cost(1, 6, 107586).
cost(1, 7, 403526).
cost(1, 8, 524935).
cost(1, 9, 92489).
cost(1, 10, 354184).
cost(1, 11, 477038).
cost(1, 12, 245895).
cost(1, 13, 309808).
cost(1, 14, 315114).
cost(1, 15, 256224).
cost(1, 16, 236798).
cost(1, 17, 108049).
cost(1, 18, 237944).
cost(1, 19, 529840).
cost(1, 20, 456628).
cost(1, 21, 142712).
cost(1, 22, 482145).
cost(1, 23, 276692).
cost(1, 24, 923272).
cost(1, 25, 48963).
cost(1, 26, 191885).
cost(2, 1, 243498).
cost(2, 3, 352225).
cost(2, 4, 128833).
cost(2, 5, 117243).
cost(2, 6, 228833).
cost(2, 7, 526092).
cost(2, 8, 597390).
cost(2, 9, 221028).
cost(2, 10, 349787).
cost(2, 11, 248817).
cost(2, 12, 2918).
cost(2, 13, 536350).
cost(2, 14, 97555).
cost(2, 15, 93167).
cost(2, 16, 281630).
cost(2, 17, 285337).
cost(2, 18, 20641).
cost(2, 19, 460089).
cost(2, 20, 307951).
cost(2, 21, 316758).
cost(2, 22, 429318).
cost(2, 23, 309834).
cost(2, 24, 824576).
cost(2, 25, 214982).
cost(2, 26, 131535).
cost(3, 1, 490917).
cost(3, 2, 352225).
cost(3, 4, 380831).
cost(3, 5, 460745).
cost(3, 6, 397864).
cost(3, 7, 477361).
cost(3, 8, 449778).
cost(3, 9, 407045).
cost(3, 10, 233767).
cost(3, 11, 461900).
cost(3, 12, 353009).
cost(3, 13, 795175).
cost(3, 14, 262905).
cost(3, 15, 442272).
cost(3, 16, 307022).
cost(3, 17, 581778).
cost(3, 18, 372858).
cost(3, 19, 161341).
cost(3, 20, 618766).
cost(3, 21, 449106).
cost(3, 22, 773455).
cost(3, 23, 288037).
cost(3, 24, 473345).
cost(3, 25, 495100).
cost(3, 26, 478654).
cost(4, 1, 365920).
cost(4, 2, 128833).
cost(4, 3, 380831).
cost(4, 5, 205120).
cost(4, 6, 357494).
cost(4, 7, 645110).
cost(4, 8, 702568).
cost(4, 9, 349861).
cost(4, 10, 445936).
cost(4, 11, 121549).
cost(4, 12, 125987).
cost(4, 13, 642230).
cost(4, 14, 136185).
cost(4, 15, 131446).
cost(4, 16, 397959).
cost(4, 17, 388252).
cost(4, 18, 128891).
cost(4, 19, 518301).
cost(4, 20, 238016).
cost(4, 21, 445459).
cost(4, 22, 405305).
cost(4, 23, 420784).
cost(4, 24, 847829).
cost(4, 25, 331055).
cost(4, 26, 207924).
cost(5, 1, 180251).
cost(5, 2, 117243).
cost(5, 3, 460745).
cost(5, 4, 205120).
cost(5, 6, 220243).
cost(5, 7, 543394).
cost(5, 8, 639438).
cost(5, 9, 205892).
cost(5, 10, 414000).
cost(5, 11, 303886).
cost(5, 12, 117798).
cost(5, 13, 437121).
cost(5, 14, 214568).
cost(5, 15, 79192).
cost(5, 16, 319335).
cost(5, 17, 183195).
cost(5, 18, 99350).
cost(5, 19, 551950).
cost(5, 20, 282481).
cost(5, 21, 298258).
cost(5, 22, 351389).
cost(5, 23, 355610).
cost(5, 24, 928973).
cost(5, 25, 136219).
cost(5, 26, 20625).
cost(6, 1, 107586).
cost(6, 2, 228833).
cost(6, 3, 397864).
cost(6, 4, 357494).
cost(6, 5, 220243).
cost(6, 7, 323891).
cost(6, 8, 430449).
cost(6, 9, 16820).
cost(6, 10, 246604).
cost(6, 11, 477534).
cost(6, 12, 231716).
cost(6, 13, 397641).
cost(6, 14, 269353).
cost(6, 15, 278956).
cost(6, 16, 129394).
cost(6, 17, 214937).
cost(6, 18, 232651).
cost(6, 19, 423968).
cost(6, 20, 500870).
cost(6, 21, 87973).
cost(6, 22, 559980).
cost(6, 23, 169429).
cost(6, 24, 817666).
cost(6, 25, 138053).
cost(6, 26, 238443).
cost(7, 1, 403526).
cost(7, 2, 526092).
cost(7, 3, 477361).
cost(7, 4, 645110).
cost(7, 5, 543394).
cost(7, 6, 323891).
cost(7, 8, 151038).
cost(7, 9, 339303).
cost(7, 10, 247079).
cost(7, 11, 765811).
cost(7, 12, 528941).
cost(7, 13, 559430).
cost(7, 14, 522330).
cost(7, 15, 595141).
cost(7, 16, 247283).
cost(7, 17, 501781).
cost(7, 18, 536555).
cost(7, 19, 382591).
cost(7, 20, 820691).
cost(7, 21, 260860).
cost(7, 22, 881563).
cost(7, 23, 229905).
cost(7, 24, 713294).
cost(7, 25, 448602).
cost(7, 26, 562054).
cost(8, 1, 524935).
cost(8, 2, 597390).
cost(8, 3, 449778).
cost(8, 4, 702568).
cost(8, 5, 639438).
cost(8, 6, 430449).
cost(8, 7, 151038).
cost(8, 9, 447123).
cost(8, 10, 259245).
cost(8, 11, 818279).
cost(8, 12, 600011).
cost(8, 13, 708751).
cost(8, 14, 569461).
cost(8, 15, 678324).
cost(8, 16, 321023).
cost(8, 17, 629327).
cost(8, 18, 611687).
cost(8, 19, 315190).
cost(8, 20, 903535).
cost(8, 21, 386743).
cost(8, 22, 988125).
cost(8, 23, 288192).
cost(8, 24, 586134).
cost(8, 25, 565507).
cost(8, 26, 659442).
cost(9, 1, 92489).
cost(9, 2, 221028).
cost(9, 3, 407045).
cost(9, 4, 349861).
cost(9, 5, 205892).
cost(9, 6, 16820).
cost(9, 7, 339303).
cost(9, 8, 447123).
cost(9, 10, 261961).
cost(9, 11, 469132).
cost(9, 12, 223876).
cost(9, 13, 388146).
cost(9, 14, 267257).
cost(9, 15, 266816).
cost(9, 16, 145349).
cost(9, 17, 199160).
cost(9, 18, 223538).
cost(9, 19, 437758).
cost(9, 20, 487337).
cost(9, 21, 96848).
cost(9, 22, 543799).
cost(9, 23, 185463).
cost(9, 24, 831363).
cost(9, 25, 121338).
cost(9, 26, 223710).
cost(10, 1, 354184).
cost(10, 2, 349787).
cost(10, 3, 233767).
cost(10, 4, 445936).
cost(10, 5, 414000).
cost(10, 6, 246604).
cost(10, 7, 247079).
cost(10, 8, 259245).
cost(10, 9, 261961).
cost(10, 11, 559808).
cost(10, 12, 352159).
cost(10, 13, 623851).
cost(10, 14, 311298).
cost(10, 15, 437469).
cost(10, 16, 118354).
cost(10, 17, 461036).
cost(10, 18, 366435).
cost(10, 19, 187344).
cost(10, 20, 657639).
cost(10, 21, 258285).
cost(10, 22, 764532).
cost(10, 23, 80516).
cost(10, 24, 577460).
cost(10, 25, 379881).
cost(10, 26, 434625).
cost(11, 1, 477038).
cost(11, 2, 248817).
cost(11, 3, 461900).
cost(11, 4, 121549).
cost(11, 5, 303886).
cost(11, 6, 477534).
cost(11, 7, 765811).
cost(11, 8, 818279).
cost(11, 9, 469132).
cost(11, 10, 559808).
cost(11, 12, 245917).
cost(11, 13, 734363).
cost(11, 14, 248829).
cost(11, 15, 224701).
cost(11, 16, 518533).
cost(11, 17, 483551).
cost(11, 18, 245837).
cost(11, 19, 611897).
cost(11, 20, 198866).
cost(11, 21, 565365).
cost(11, 22, 392451).
cost(11, 23, 539940).
cost(11, 24, 910431).
cost(11, 25, 437873).
cost(11, 26, 300510).
cost(12, 1, 245895).
cost(12, 2, 2918).
cost(12, 3, 353009).
cost(12, 4, 125987).
cost(12, 5, 117798).
cost(12, 6, 231716).
cost(12, 7, 528941).
cost(12, 8, 600011).
cost(12, 9, 223876).
cost(12, 10, 352159).
cost(12, 11, 245917).
cost(12, 13, 538189).
cost(12, 14, 97347).
cost(12, 15, 91652).
cost(12, 16, 284407).
cost(12, 17, 286948).
cost(12, 18, 19983).
cost(12, 19, 461663).
cost(12, 20, 305529).
cost(12, 21, 319636).
cost(12, 22, 427782).
cost(12, 23, 312511).
cost(12, 24, 825511).
cost(12, 25, 217057).
cost(12, 26, 131741).
cost(13, 1, 309808).
cost(13, 2, 536350).
cost(13, 3, 795175).
cost(13, 4, 642230).
cost(13, 5, 437121).
cost(13, 6, 397641).
cost(13, 7, 559430).
cost(13, 8, 708751).
cost(13, 9, 388146).
cost(13, 10, 623851).
cost(13, 11, 734363).
cost(13, 12, 538189).
cost(13, 14, 619634).
cost(13, 15, 513610).
cost(13, 16, 509050).
cost(13, 17, 254015).
cost(13, 18, 525074).
cost(13, 19, 810291).
cost(13, 20, 642139).
cost(13, 21, 365707).
cost(13, 22, 566595).
cost(13, 23, 543659).
cost(13, 24, 1200944).
cost(13, 25, 323392).
cost(13, 26, 436071).
cost(14, 1, 315114).
cost(14, 2, 97555).
cost(14, 3, 262905).
cost(14, 4, 136185).
cost(14, 5, 214568).
cost(14, 6, 269353).
cost(14, 7, 522330).
cost(14, 8, 569461).
cost(14, 9, 267257).
cost(14, 10, 311298).
cost(14, 11, 248829).
cost(14, 12, 97347).
cost(14, 13, 619634).
cost(14, 15, 180877).
cost(14, 16, 276397).
cost(14, 17, 374106).
cost(14, 18, 116954).
cost(14, 19, 387183).
cost(14, 20, 365119).
cost(14, 21, 353934).
cost(14, 22, 510730).
cost(14, 23, 293608).
cost(14, 24, 736175).
cost(14, 25, 296345).
cost(14, 26, 229070).
cost(15, 1, 256224).
cost(15, 2, 93167).
cost(15, 3, 442272).
cost(15, 4, 131446).
cost(15, 5, 79192).
cost(15, 6, 278956).
cost(15, 7, 595141).
cost(15, 8, 678324).
cost(15, 9, 266816).
cost(15, 10, 437469).
cost(15, 11, 224701).
cost(15, 12, 91652).
cost(15, 13, 513610).
cost(15, 14, 180877).
cost(15, 16, 358103).
cost(15, 17, 260511).
cost(15, 18, 73428).
cost(15, 19, 553254).
cost(15, 20, 226213).
cost(15, 21, 362828).
cost(15, 22, 336152).
cost(15, 23, 390285).
cost(15, 24, 915446).
cost(15, 25, 214351).
cost(15, 26, 77561).
cost(16, 1, 236798).
cost(16, 2, 281630).
cost(16, 3, 307022).
cost(16, 4, 397959).
cost(16, 5, 319335).
cost(16, 6, 129394).
cost(16, 7, 247283).
cost(16, 8, 321023).
cost(16, 9, 145349).
cost(16, 10, 118354).
cost(16, 11, 518533).
cost(16, 12, 284407).
cost(16, 13, 509050).
cost(16, 14, 276397).
cost(16, 15, 358103).
cost(16, 17, 344330).
cost(16, 18, 293967).
cost(16, 19, 301676).
cost(16, 20, 584043).
cost(16, 21, 146398).
cost(16, 22, 669876).
cost(16, 23, 40150).
cost(16, 24, 694364).
cost(16, 25, 265571).
cost(16, 26, 339588).
cost(17, 1, 108049).
cost(17, 2, 285337).
cost(17, 3, 581778).
cost(17, 4, 388252).
cost(17, 5, 183195).
cost(17, 6, 214937).
cost(17, 7, 501781).
cost(17, 8, 629327).
cost(17, 9, 199160).
cost(17, 10, 461036).
cost(17, 11, 483551).
cost(17, 12, 286948).
cost(17, 13, 254015).
cost(17, 14, 374106).
cost(17, 15, 260511).
cost(17, 16, 344330).
cost(17, 18, 272602).
cost(17, 19, 633299).
cost(17, 20, 417907).
cost(17, 21, 243054).
cost(17, 22, 403498).
cost(17, 23, 384350).
cost(17, 24, 1025714).
cost(17, 25, 86860).
cost(17, 26, 183310).
cost(18, 1, 237944).
cost(18, 2, 20641).
cost(18, 3, 372858).
cost(18, 4, 128891).
cost(18, 5, 99350).
cost(18, 6, 232651).
cost(18, 7, 536555).
cost(18, 8, 611687).
cost(18, 9, 223538).
cost(18, 10, 366435).
cost(18, 11, 245837).
cost(18, 12, 19983).
cost(18, 13, 525074).
cost(18, 14, 116954).
cost(18, 15, 73428).
cost(18, 16, 293967).
cost(18, 17, 272602).
cost(18, 19, 480014).
cost(18, 20, 292253).
cost(18, 21, 320111).
cost(18, 22, 409407).
cost(18, 23, 323643).
cost(18, 24, 845209).
cost(18, 25, 206118).
cost(18, 26, 112422).
cost(19, 1, 529840).
cost(19, 2, 460089).
cost(19, 3, 161341).
cost(19, 4, 518301).
cost(19, 5, 551950).
cost(19, 6, 423968).
cost(19, 7, 382591).
cost(19, 8, 315190).
cost(19, 9, 437758).
cost(19, 10, 187344).
cost(19, 11, 611897).
cost(19, 12, 461663).
cost(19, 13, 810291).
cost(19, 14, 387183).
cost(19, 15, 553254).
cost(19, 16, 301676).
cost(19, 17, 633299).
cost(19, 18, 480014).
cost(19, 20, 752245).
cost(19, 21, 445220).
cost(19, 22, 889397).
cost(19, 23, 266782).
cost(19, 24, 393707).
cost(19, 25, 548302).
cost(19, 26, 571879).
cost(20, 1, 456628).
cost(20, 2, 307951).
cost(20, 3, 618766).
cost(20, 4, 238016).
cost(20, 5, 282481).
cost(20, 6, 500870).
cost(20, 7, 820691).
cost(20, 8, 903535).
cost(20, 9, 487337).
cost(20, 10, 657639).
cost(20, 11, 198866).
cost(20, 12, 305529).
cost(20, 13, 642139).
cost(20, 14, 365119).
cost(20, 15, 226213).
cost(20, 16, 584043).
cost(20, 17, 417907).
cost(20, 18, 292253).
cost(20, 19, 752245).
cost(20, 21, 580724).
cost(20, 22, 195418).
cost(20, 23, 615344).
cost(20, 24, 1084863).
cost(20, 25, 408601).
cost(20, 26, 266821).
cost(21, 1, 142712).
cost(21, 2, 316758).
cost(21, 3, 449106).
cost(21, 4, 445459).
cost(21, 5, 298258).
cost(21, 6, 87973).
cost(21, 7, 260860).
cost(21, 8, 386743).
cost(21, 9, 96848).
cost(21, 10, 258285).
cost(21, 11, 565365).
cost(21, 12, 319636).
cost(21, 13, 365707).
cost(21, 14, 353934).
cost(21, 15, 362828).
cost(21, 16, 146398).
cost(21, 17, 243054).
cost(21, 18, 320111).
cost(21, 19, 445220).
cost(21, 20, 580724).
cost(21, 22, 623207).
cost(21, 23, 178463).
cost(21, 24, 835246).
cost(21, 25, 188718).
cost(21, 26, 314683).
cost(22, 1, 482145).
cost(22, 2, 429318).
cost(22, 3, 773455).
cost(22, 4, 405305).
cost(22, 5, 351389).
cost(22, 6, 559980).
cost(22, 7, 881563).
cost(22, 8, 988125).
cost(22, 9, 543799).
cost(22, 10, 764532).
cost(22, 11, 392451).
cost(22, 12, 427782).
cost(22, 13, 566595).
cost(22, 14, 510730).
cost(22, 15, 336152).
cost(22, 16, 669876).
cost(22, 17, 403498).
cost(22, 18, 409407).
cost(22, 19, 889397).
cost(22, 20, 195418).
cost(22, 21, 623207).
cost(22, 23, 706782).
cost(22, 24, 1246275).
cost(22, 25, 434624).
cost(22, 26, 330864).
cost(23, 1, 276692).
cost(23, 2, 309834).
cost(23, 3, 288037).
cost(23, 4, 420784).
cost(23, 5, 355610).
cost(23, 6, 169429).
cost(23, 7, 229905).
cost(23, 8, 288192).
cost(23, 9, 185463).
cost(23, 10, 80516).
cost(23, 11, 539940).
cost(23, 12, 312511).
cost(23, 13, 543659).
cost(23, 14, 293608).
cost(23, 15, 390285).
cost(23, 16, 40150).
cost(23, 17, 384350).
cost(23, 18, 323643).
cost(23, 19, 266782).
cost(23, 20, 615344).
cost(23, 21, 178463).
cost(23, 22, 706782).
cost(23, 24, 657935).
cost(23, 25, 305699).
cost(23, 26, 376030).
cost(24, 1, 923272).
cost(24, 2, 824576).
cost(24, 3, 473345).
cost(24, 4, 847829).
cost(24, 5, 928973).
cost(24, 6, 817666).
cost(24, 7, 713294).
cost(24, 8, 586134).
cost(24, 9, 831363).
cost(24, 10, 577460).
cost(24, 11, 910431).
cost(24, 12, 825511).
cost(24, 13, 1200944).
cost(24, 14, 736175).
cost(24, 15, 915446).
cost(24, 16, 694364).
cost(24, 17, 1025714).
cost(24, 18, 845209).
cost(24, 19, 393707).
cost(24, 20, 1084863).
cost(24, 21, 835246).
cost(24, 22, 1246275).
cost(24, 23, 657935).
cost(24, 25, 939967).
cost(24, 26, 947810).
cost(25, 1, 48963).
cost(25, 2, 214982).
cost(25, 3, 495100).
cost(25, 4, 331055).
cost(25, 5, 136219).
cost(25, 6, 138053).
cost(25, 7, 448602).
cost(25, 8, 565507).
cost(25, 9, 121338).
cost(25, 10, 379881).
cost(25, 11, 437873).
cost(25, 12, 217057).
cost(25, 13, 323392).
cost(25, 14, 296345).
cost(25, 15, 214351).
cost(25, 16, 265571).
cost(25, 17, 86860).
cost(25, 18, 206118).
cost(25, 19, 548302).
cost(25, 20, 408601).
cost(25, 21, 188718).
cost(25, 22, 434624).
cost(25, 23, 305699).
cost(25, 24, 939967).
cost(25, 26, 145780).
cost(26, 1, 191885).
cost(26, 2, 131535).
cost(26, 3, 478654).
cost(26, 4, 207924).
cost(26, 5, 20625).
cost(26, 6, 238443).
cost(26, 7, 562054).
cost(26, 8, 659442).
cost(26, 9, 223710).
cost(26, 10, 434625).
cost(26, 11, 300510).
cost(26, 12, 131741).
cost(26, 13, 436071).
cost(26, 14, 229070).
cost(26, 15, 77561).
cost(26, 16, 339588).
cost(26, 17, 183310).
cost(26, 18, 112422).
cost(26, 19, 571879).
cost(26, 20, 266821).
cost(26, 21, 314683).
cost(26, 22, 330864).
cost(26, 23, 376030).
cost(26, 24, 947810).
cost(26, 25, 145780).
nocross(1,2).
nocross(1,5).
nocross(1,6).
nocross(1,9).
nocross(1,17).
nocross(1,21).
nocross(1,25).
nocross(1,26).
nocross(2,1).
nocross(2,5).
nocross(2,12).
nocross(2,15).
nocross(2,16).
nocross(3,2).
nocross(3,5).
nocross(3,9).
nocross(3,10).
nocross(3,19).
nocross(4,2).
nocross(4,5).
nocross(4,14).
nocross(4,15).
nocross(4,16).
nocross(4,26).
nocross(5,2).
nocross(5,9).
nocross(5,25).
nocross(5,26).
nocross(6,1).
nocross(6,2).
nocross(6,5).
nocross(6,9).
nocross(6,16).
nocross(6,21).
nocross(6,23).
nocross(6,26).
nocross(7,1).
nocross(7,5).
nocross(7,6).
nocross(7,9).
nocross(7,13).
nocross(7,16).
nocross(7,19).
nocross(7,21).
nocross(7,23).
nocross(9,1).
nocross(9,2).
nocross(9,5).
nocross(9,6).
nocross(9,21).
nocross(9,26).
nocross(10,3).
nocross(10,5).
nocross(10,6).
nocross(10,9).
nocross(10,21).
nocross(12,2).
nocross(12,5).
nocross(12,20).
nocross(13,1).
nocross(13,6).
nocross(13,7).
nocross(13,9).
nocross(13,17).
nocross(13,21).
nocross(13,25).
nocross(14,2).
nocross(14,9).
nocross(14,12).
nocross(14,16).
nocross(15,5).
nocross(15,9).
nocross(15,26).
nocross(16,10).
nocross(17,1).
nocross(17,2).
nocross(17,6).
nocross(17,9).
nocross(17,13).
nocross(17,20).
nocross(17,21).
nocross(17,25).
nocross(17,26).
nocross(18,2).
nocross(18,5).
nocross(18,26).
nocross(19,3).
nocross(19,5).
nocross(19,7).
nocross(19,9).
nocross(19,10).
nocross(19,16).
nocross(20,5).
nocross(20,9).
nocross(20,13).
nocross(20,15).
nocross(20,16).
nocross(20,17).
nocross(20,26).
nocross(21,1).
nocross(21,2).
nocross(21,6).
nocross(21,7).
nocross(21,9).
nocross(21,13).
nocross(21,16).
nocross(21,23).
nocross(23,3).
nocross(23,5).
nocross(23,6).
nocross(23,7).
nocross(23,16).
nocross(23,19).
nocross(23,21).
nocross(25,1).
nocross(25,2).
nocross(25,5).
nocross(25,6).
nocross(25,9).
nocross(25,21).
nocross(25,26).
nocross(26,1).
nocross(26,2).
nocross(26,5).
nocross(26,9).
nocross(26,16).
nocross(26,17).
nocross(26,20).
nocross(26,25).
