dimension(26).
point(1, 234000.0, 244999.0).
point(2, -371080.0, -351132.0).
point(3, 90062.0, -316103.0).
point(4, -58554.0, -434962.0).
point(5, 413976.0, 356796.0).
point(6, 282179.0, -115489.0).
point(7, -183178.0, 135759.0).
point(8, 172790.0, 31366.0).
point(9, 82250.0, -32357.0).
point(10, -1002.0, -328083.0).
point(11, -12859.0, 94686.0).
point(12, -229457.0, 569172.0).
point(13, -70849.0, -136309.0).
point(14, 192423.0, 149111.0).
point(15, -39721.0, -221356.0).
point(16, -314363.0, 212841.0).
point(17, -96384.0, -93982.0).
point(18, -19292.0, 238621.0).
point(19, -97451.0, -23222.0).
point(20, 170569.0, -253445.0).
point(21, -263855.0, 51683.0).
point(22, 111121.0, 2400.0).
point(23, -314556.0, -6567.0).
point(24, -55560.0, 377525.0).
point(25, 230353.0, 61694.0).
point(26, 128255.0, -162581.0).
cost(1, 2, 849408).
cost(1, 3, 579270).
cost(1, 4, 740226).
cost(1, 5, 211872).
cost(1, 6, 363693).
cost(1, 7, 431243).
cost(1, 8, 222229).
cost(1, 9, 316156).
cost(1, 10, 619394).
cost(1, 11, 289021).
cost(1, 12, 565580).
cost(1, 13, 488189).
cost(1, 14, 104514).
cost(1, 15, 540750).
cost(1, 16, 549305).
cost(1, 17, 473352).
cost(1, 18, 253372).
cost(1, 19, 426383).
cost(1, 20, 502464).
cost(1, 21, 534070).
cost(1, 22, 271944).
cost(1, 23, 603489).
cost(1, 24, 318446).
cost(1, 25, 183341).
cost(1, 26, 421074).
cost(2, 1, 849408).
cost(2, 3, 462471).
cost(2, 4, 323574).
cost(2, 5, 1057107).
cost(2, 6, 694460).
cost(2, 7, 521891).
cost(2, 8, 664905).
cost(2, 9, 554189).
cost(2, 10, 370795).
cost(2, 11, 571906).
cost(2, 12, 931137).
cost(2, 13, 369171).
cost(2, 14, 753511).
cost(2, 15, 355866).
cost(2, 16, 566818).
cost(2, 17, 376277).
cost(2, 18, 686705).
cost(2, 19, 427081).
cost(2, 20, 550387).
cost(2, 21, 416842).
cost(2, 22, 597915).
cost(2, 23, 349170).
cost(2, 24, 794036).
cost(2, 25, 729484).
cost(2, 26, 533748).
cost(3, 1, 579270).
cost(3, 2, 462471).
cost(3, 4, 190300).
cost(3, 5, 746802).
cost(3, 6, 277768).
cost(3, 7, 528052).
cost(3, 8, 357182).
cost(3, 9, 283854).
cost(3, 10, 91849).
cost(3, 11, 423486).
cost(3, 12, 941172).
cost(3, 13, 241285).
cost(3, 14, 476342).
cost(3, 15, 160688).
cost(3, 16, 665839).
cost(3, 17, 290000).
cost(3, 18, 565400).
cost(3, 19, 347765).
cost(3, 20, 102017).
cost(3, 21, 510415).
cost(3, 22, 319198).
cost(3, 23, 509439).
cost(3, 24, 708749).
cost(3, 25, 403004).
cost(3, 26, 158201).
cost(4, 1, 740226).
cost(4, 2, 323574).
cost(4, 3, 190300).
cost(4, 5, 922044).
cost(4, 6, 467078).
cost(4, 7, 584169).
cost(4, 8, 520559).
cost(4, 9, 426517).
cost(4, 10, 121389).
cost(4, 11, 531615).
cost(4, 12, 1018574).
cost(4, 13, 298906).
cost(4, 14, 635713).
cost(4, 15, 214435).
cost(4, 16, 696482).
cost(4, 17, 343072).
cost(4, 18, 674726).
cost(4, 19, 413573).
cost(4, 20, 292311).
cost(4, 21, 528178).
cost(4, 22, 469122).
cost(4, 23, 499058).
cost(4, 24, 812493).
cost(4, 25, 574573).
cost(4, 26, 330286).
cost(5, 1, 211872).
cost(5, 2, 1057107).
cost(5, 3, 746802).
cost(5, 4, 922044).
cost(5, 6, 490330).
cost(5, 7, 636750).
cost(5, 8, 405062).
cost(5, 9, 511353).
cost(5, 10, 800791).
cost(5, 11, 500889).
cost(5, 12, 677576).
cost(5, 13, 691526).
cost(5, 14, 303675).
cost(5, 15, 734915).
cost(5, 16, 742429).
cost(5, 17, 680932).
cost(5, 18, 449095).
cost(5, 19, 637159).
cost(5, 20, 656994).
cost(5, 21, 743336).
cost(5, 22, 466173).
cost(5, 23, 814120).
cost(5, 24, 469993).
cost(5, 25, 347567).
cost(5, 26, 592781).
cost(6, 1, 363693).
cost(6, 2, 694460).
cost(6, 3, 277768).
cost(6, 4, 467078).
cost(6, 5, 490330).
cost(6, 7, 528850).
cost(6, 8, 183118).
cost(6, 9, 216524).
cost(6, 10, 354101).
cost(6, 11, 362244).
cost(6, 12, 854712).
cost(6, 13, 353641).
cost(6, 14, 279409).
cost(6, 15, 338862).
cost(6, 16, 680928).
cost(6, 17, 379173).
cost(6, 18, 465058).
cost(6, 19, 390682).
cost(6, 20, 177450).
cost(6, 21, 571051).
cost(6, 22, 207747).
cost(6, 23, 606594).
cost(6, 24, 597604).
cost(6, 25, 184607).
cost(6, 26, 160967).
cost(7, 1, 431243).
cost(7, 2, 521891).
cost(7, 3, 528052).
cost(7, 4, 584169).
cost(7, 5, 636750).
cost(7, 6, 528850).
cost(7, 8, 370960).
cost(7, 9, 314189).
cost(7, 10, 498335).
cost(7, 11, 175201).
cost(7, 12, 435877).
cost(7, 13, 294345).
cost(7, 14, 375838).
cost(7, 15, 384852).
cost(7, 16, 152155).
cost(7, 17, 245589).
cost(7, 18, 193492).
cost(7, 19, 180621).
cost(7, 20, 525944).
cost(7, 21, 116523).
cost(7, 22, 323105).
cost(7, 23, 193693).
cost(7, 24, 273381).
cost(7, 25, 420111).
cost(7, 26, 431274).
cost(8, 1, 222229).
cost(8, 2, 664905).
cost(8, 3, 357182).
cost(8, 4, 520559).
cost(8, 5, 405062).
cost(8, 6, 183118).
cost(8, 7, 370960).
cost(8, 9, 110716).
cost(8, 10, 399258).
cost(8, 11, 196150).
cost(8, 12, 671594).
cost(8, 13, 295762).
cost(8, 14, 119371).
cost(8, 15, 330196).
cost(8, 16, 519857).
cost(8, 17, 296929).
cost(8, 18, 282578).
cost(8, 19, 275699).
cost(8, 20, 284820).
cost(8, 21, 437117).
cost(8, 22, 68133).
cost(8, 23, 488820).
cost(8, 24, 414692).
cost(8, 25, 65064).
cost(8, 26, 198994).
cost(9, 1, 316156).
cost(9, 2, 554189).
cost(9, 3, 283854).
cost(9, 4, 426517).
cost(9, 5, 511353).
cost(9, 6, 216524).
cost(9, 7, 314189).
cost(9, 8, 110716).
cost(9, 10, 307221).
cost(9, 11, 158700).
cost(9, 12, 677494).
cost(9, 13, 185055).
cost(9, 14, 212294).
cost(9, 15, 224939).
cost(9, 16, 466287).
cost(9, 17, 188965).
cost(9, 18, 289378).
cost(9, 19, 179933).
cost(9, 20, 238076).
cost(9, 21, 356162).
cost(9, 22, 45184).
cost(9, 23, 397643).
cost(9, 24, 432429).
cost(9, 25, 175443).
cost(9, 26, 138111).
cost(10, 1, 619394).
cost(10, 2, 370795).
cost(10, 3, 91849).
cost(10, 4, 121389).
cost(10, 5, 800791).
cost(10, 6, 354101).
cost(10, 7, 498335).
cost(10, 8, 399258).
cost(10, 9, 307221).
cost(10, 11, 422935).
cost(10, 12, 925882).
cost(10, 13, 204098).
cost(10, 14, 514905).
cost(10, 15, 113533).
cost(10, 16, 625135).
cost(10, 17, 252786).
cost(10, 18, 566999).
cost(10, 19, 319754).
cost(10, 20, 187103).
cost(10, 21, 461859).
cost(10, 22, 348985).
cost(10, 23, 449098).
cost(10, 24, 707714).
cost(10, 25, 453267).
cost(10, 26, 209996).
cost(11, 1, 289021).
cost(11, 2, 571906).
cost(11, 3, 423486).
cost(11, 4, 531615).
cost(11, 5, 500889).
cost(11, 6, 362244).
cost(11, 7, 175201).
cost(11, 8, 196150).
cost(11, 9, 158700).
cost(11, 10, 422935).
cost(11, 12, 521586).
cost(11, 13, 238163).
cost(11, 14, 212374).
cost(11, 15, 317182).
cost(11, 16, 323829).
cost(11, 17, 206330).
cost(11, 18, 144079).
cost(11, 19, 145114).
cost(11, 20, 393498).
cost(11, 21, 254653).
cost(11, 22, 154557).
cost(11, 23, 318235).
cost(11, 24, 286044).
cost(11, 25, 245440).
cost(11, 26, 293427).
cost(12, 1, 565580).
cost(12, 2, 931137).
cost(12, 3, 941172).
cost(12, 4, 1018574).
cost(12, 5, 677576).
cost(12, 6, 854712).
cost(12, 7, 435877).
cost(12, 8, 671594).
cost(12, 9, 677494).
cost(12, 10, 925882).
cost(12, 11, 521586).
cost(12, 13, 723091).
cost(12, 14, 595344).
cost(12, 15, 812979).
cost(12, 16, 366307).
cost(12, 17, 676374).
cost(12, 18, 391706).
cost(12, 19, 606924).
cost(12, 20, 914724).
cost(12, 21, 518631).
cost(12, 22, 661229).
cost(12, 23, 581994).
cost(12, 24, 258783).
cost(12, 25, 684806).
cost(12, 26, 814506).
cost(13, 1, 488189).
cost(13, 2, 369171).
cost(13, 3, 241285).
cost(13, 4, 298906).
cost(13, 5, 691526).
cost(13, 6, 353641).
cost(13, 7, 294345).
cost(13, 8, 295762).
cost(13, 9, 185055).
cost(13, 10, 204098).
cost(13, 11, 238163).
cost(13, 12, 723091).
cost(13, 14, 388300).
cost(13, 15, 90565).
cost(13, 16, 425682).
cost(13, 17, 49433).
cost(13, 18, 378458).
cost(13, 19, 116174).
cost(13, 20, 268335).
cost(13, 21, 269430).
cost(13, 22, 228808).
cost(13, 23, 276091).
cost(13, 24, 514061).
cost(13, 25, 360455).
cost(13, 26, 200830).
cost(14, 1, 104514).
cost(14, 2, 753511).
cost(14, 3, 476342).
cost(14, 4, 635713).
cost(14, 5, 303675).
cost(14, 6, 279409).
cost(14, 7, 375838).
cost(14, 8, 119371).
cost(14, 9, 212294).
cost(14, 10, 514905).
cost(14, 11, 212374).
cost(14, 12, 595344).
cost(14, 13, 388300).
cost(14, 15, 437192).
cost(14, 16, 510777).
cost(14, 17, 377497).
cost(14, 18, 229859).
cost(14, 19, 337232).
cost(14, 20, 403149).
cost(14, 21, 466564).
cost(14, 22, 167732).
cost(14, 23, 530343).
cost(14, 24, 337148).
cost(14, 25, 95291).
cost(14, 26, 318229).
cost(15, 1, 540750).
cost(15, 2, 355866).
cost(15, 3, 160688).
cost(15, 4, 214435).
cost(15, 5, 734915).
cost(15, 6, 338862).
cost(15, 7, 384852).
cost(15, 8, 330196).
cost(15, 9, 224939).
cost(15, 10, 113533).
cost(15, 11, 317182).
cost(15, 12, 812979).
cost(15, 13, 90565).
cost(15, 14, 437192).
cost(15, 16, 513766).
cost(15, 17, 139409).
cost(15, 18, 460430).
cost(15, 19, 206373).
cost(15, 20, 212724).
cost(15, 21, 353251).
cost(15, 22, 269852).
cost(15, 23, 348810).
cost(15, 24, 599090).
cost(15, 25, 391225).
cost(15, 26, 177962).
cost(16, 1, 549305).
cost(16, 2, 566818).
cost(16, 3, 665839).
cost(16, 4, 696482).
cost(16, 5, 742429).
cost(16, 6, 680928).
cost(16, 7, 152155).
cost(16, 8, 519857).
cost(16, 9, 466287).
cost(16, 10, 625135).
cost(16, 11, 323829).
cost(16, 12, 366307).
cost(16, 13, 425682).
cost(16, 14, 510777).
cost(16, 15, 513766).
cost(16, 17, 376371).
cost(16, 18, 296195).
cost(16, 19, 320588).
cost(16, 20, 672742).
cost(16, 21, 168887).
cost(16, 22, 474681).
cost(16, 23, 219408).
cost(16, 24, 306757).
cost(16, 25, 565297).
cost(16, 26, 580390).
cost(17, 1, 473352).
cost(17, 2, 376277).
cost(17, 3, 290000).
cost(17, 4, 343072).
cost(17, 5, 680932).
cost(17, 6, 379173).
cost(17, 7, 245589).
cost(17, 8, 296929).
cost(17, 9, 188965).
cost(17, 10, 252786).
cost(17, 11, 206330).
cost(17, 12, 676374).
cost(17, 13, 49433).
cost(17, 14, 377497).
cost(17, 15, 139409).
cost(17, 16, 376371).
cost(17, 18, 341420).
cost(17, 19, 70768).
cost(17, 20, 310954).
cost(17, 21, 221957).
cost(17, 22, 228796).
cost(17, 23, 235033).
cost(17, 24, 473271).
cost(17, 25, 361928).
cost(17, 26, 234880).
cost(18, 1, 253372).
cost(18, 2, 686705).
cost(18, 3, 565400).
cost(18, 4, 674726).
cost(18, 5, 449095).
cost(18, 6, 465058).
cost(18, 7, 193492).
cost(18, 8, 282578).
cost(18, 9, 289378).
cost(18, 10, 566999).
cost(18, 11, 144079).
cost(18, 12, 391706).
cost(18, 13, 378458).
cost(18, 14, 229859).
cost(18, 15, 460430).
cost(18, 16, 296195).
cost(18, 17, 341420).
cost(18, 19, 273259).
cost(18, 20, 527424).
cost(18, 21, 307826).
cost(18, 22, 269829).
cost(18, 23, 383794).
cost(18, 24, 143561).
cost(18, 25, 305983).
cost(18, 26, 427473).
cost(19, 1, 426383).
cost(19, 2, 427081).
cost(19, 3, 347765).
cost(19, 4, 413573).
cost(19, 5, 637159).
cost(19, 6, 390682).
cost(19, 7, 180621).
cost(19, 8, 275699).
cost(19, 9, 179933).
cost(19, 10, 319754).
cost(19, 11, 145114).
cost(19, 12, 606924).
cost(19, 13, 116174).
cost(19, 14, 337232).
cost(19, 15, 206373).
cost(19, 16, 320588).
cost(19, 17, 70768).
cost(19, 18, 273259).
cost(19, 20, 353323).
cost(19, 21, 182486).
cost(19, 22, 210140).
cost(19, 23, 217743).
cost(19, 24, 402931).
cost(19, 25, 338624).
cost(19, 26, 265262).
cost(20, 1, 502464).
cost(20, 2, 550387).
cost(20, 3, 102017).
cost(20, 4, 292311).
cost(20, 5, 656994).
cost(20, 6, 177450).
cost(20, 7, 525944).
cost(20, 8, 284820).
cost(20, 9, 238076).
cost(20, 10, 187103).
cost(20, 11, 393498).
cost(20, 12, 914724).
cost(20, 13, 268335).
cost(20, 14, 403149).
cost(20, 15, 212724).
cost(20, 16, 672742).
cost(20, 17, 310954).
cost(20, 18, 527424).
cost(20, 19, 353323).
cost(20, 21, 530874).
cost(20, 22, 262661).
cost(20, 23, 544330).
cost(20, 24, 670267).
cost(20, 25, 320760).
cost(20, 26, 100233).
cost(21, 1, 534070).
cost(21, 2, 416842).
cost(21, 3, 510415).
cost(21, 4, 528178).
cost(21, 5, 743336).
cost(21, 6, 571051).
cost(21, 7, 116523).
cost(21, 8, 437117).
cost(21, 9, 356162).
cost(21, 10, 461859).
cost(21, 11, 254653).
cost(21, 12, 518631).
cost(21, 13, 269430).
cost(21, 14, 466564).
cost(21, 15, 353251).
cost(21, 16, 168887).
cost(21, 17, 221957).
cost(21, 18, 307826).
cost(21, 19, 182486).
cost(21, 20, 530874).
cost(21, 22, 378201).
cost(21, 23, 77225).
cost(21, 24, 386730).
cost(21, 25, 494309).
cost(21, 26, 446833).
cost(22, 1, 271944).
cost(22, 2, 597915).
cost(22, 3, 319198).
cost(22, 4, 469122).
cost(22, 5, 466173).
cost(22, 6, 207747).
cost(22, 7, 323105).
cost(22, 8, 68133).
cost(22, 9, 45184).
cost(22, 10, 348985).
cost(22, 11, 154557).
cost(22, 12, 661229).
cost(22, 13, 228808).
cost(22, 14, 167732).
cost(22, 15, 269852).
cost(22, 16, 474681).
cost(22, 17, 228796).
cost(22, 18, 269829).
cost(22, 19, 210140).
cost(22, 20, 262661).
cost(22, 21, 378201).
cost(22, 23, 425771).
cost(22, 24, 410489).
cost(22, 25, 133162).
cost(22, 26, 165868).
cost(23, 1, 603489).
cost(23, 2, 349170).
cost(23, 3, 509439).
cost(23, 4, 499058).
cost(23, 5, 814120).
cost(23, 6, 606594).
cost(23, 7, 193693).
cost(23, 8, 488820).
cost(23, 9, 397643).
cost(23, 10, 449098).
cost(23, 11, 318235).
cost(23, 12, 581994).
cost(23, 13, 276091).
cost(23, 14, 530343).
cost(23, 15, 348810).
cost(23, 16, 219408).
cost(23, 17, 235033).
cost(23, 18, 383794).
cost(23, 19, 217743).
cost(23, 20, 544330).
cost(23, 21, 77225).
cost(23, 22, 425771).
cost(23, 24, 463255).
cost(23, 25, 549168).
cost(23, 26, 469491).
cost(24, 1, 318446).
cost(24, 2, 794036).
cost(24, 3, 708749).
cost(24, 4, 812493).
cost(24, 5, 469993).
cost(24, 6, 597604).
cost(24, 7, 273381).
cost(24, 8, 414692).
cost(24, 9, 432429).
cost(24, 10, 707714).
cost(24, 11, 286044).
cost(24, 12, 258783).
cost(24, 13, 514061).
cost(24, 14, 337148).
cost(24, 15, 599090).
cost(24, 16, 306757).
cost(24, 17, 473271).
cost(24, 18, 143561).
cost(24, 19, 402931).
cost(24, 20, 670267).
cost(24, 21, 386730).
cost(24, 22, 410489).
cost(24, 23, 463255).
cost(24, 25, 426023).
cost(24, 26, 570528).
cost(25, 1, 183341).
cost(25, 2, 729484).
cost(25, 3, 403004).
cost(25, 4, 574573).
cost(25, 5, 347567).
cost(25, 6, 184607).
cost(25, 7, 420111).
cost(25, 8, 65064).
cost(25, 9, 175443).
cost(25, 10, 453267).
cost(25, 11, 245440).
cost(25, 12, 684806).
cost(25, 13, 360455).
cost(25, 14, 95291).
cost(25, 15, 391225).
cost(25, 16, 565297).
cost(25, 17, 361928).
cost(25, 18, 305983).
cost(25, 19, 338624).
cost(25, 20, 320760).
cost(25, 21, 494309).
cost(25, 22, 133162).
cost(25, 23, 549168).
cost(25, 24, 426023).
cost(25, 26, 246421).
cost(26, 1, 421074).
cost(26, 2, 533748).
cost(26, 3, 158201).
cost(26, 4, 330286).
cost(26, 5, 592781).
cost(26, 6, 160967).
cost(26, 7, 431274).
cost(26, 8, 198994).
cost(26, 9, 138111).
cost(26, 10, 209996).
cost(26, 11, 293427).
cost(26, 12, 814506).
cost(26, 13, 200830).
cost(26, 14, 318229).
cost(26, 15, 177962).
cost(26, 16, 580390).
cost(26, 17, 234880).
cost(26, 18, 427473).
cost(26, 19, 265262).
cost(26, 20, 100233).
cost(26, 21, 446833).
cost(26, 22, 165868).
cost(26, 23, 469491).
cost(26, 24, 570528).
cost(26, 25, 246421).
nocross(1,5).
nocross(1,18).
nocross(1,25).
nocross(2,4).
nocross(2,13).
nocross(2,15).
nocross(2,17).
nocross(2,21).
nocross(2,23).
nocross(3,9).
nocross(3,10).
nocross(3,13).
nocross(3,15).
nocross(3,19).
nocross(3,20).
nocross(3,26).
nocross(4,3).
nocross(4,10).
nocross(4,13).
nocross(4,15).
nocross(4,17).
nocross(4,26).
nocross(5,1).
nocross(5,14).
nocross(5,18).
nocross(5,25).
nocross(6,5).
nocross(6,8).
nocross(6,9).
nocross(6,19).
nocross(6,20).
nocross(6,22).
nocross(6,25).
nocross(6,26).
nocross(7,11).
nocross(7,12).
nocross(7,13).
nocross(7,16).
nocross(7,17).
nocross(7,18).
nocross(7,19).
nocross(7,21).
nocross(8,5).
nocross(8,9).
nocross(8,14).
nocross(8,19).
nocross(8,22).
nocross(8,25).
nocross(9,11).
nocross(9,13).
nocross(9,15).
nocross(9,19).
nocross(10,3).
nocross(10,4).
nocross(10,9).
nocross(10,15).
nocross(10,17).
nocross(10,20).
nocross(10,26).
nocross(11,1).
nocross(11,8).
nocross(11,13).
nocross(11,14).
nocross(11,15).
nocross(11,17).
nocross(11,18).
nocross(11,19).
nocross(11,22).
nocross(11,25).
nocross(12,18).
nocross(12,24).
nocross(13,4).
nocross(13,9).
nocross(13,15).
nocross(13,17).
nocross(13,19).
nocross(13,21).
nocross(14,5).
nocross(14,8).
nocross(14,18).
nocross(14,19).
nocross(14,22).
nocross(14,25).
nocross(15,3).
nocross(15,9).
nocross(15,13).
nocross(15,17).
nocross(15,19).
nocross(15,20).
nocross(15,26).
nocross(16,7).
nocross(16,18).
nocross(16,21).
nocross(17,4).
nocross(17,13).
nocross(17,19).
nocross(17,21).
nocross(18,1).
nocross(18,7).
nocross(18,8).
nocross(18,11).
nocross(18,12).
nocross(18,13).
nocross(18,14).
nocross(18,16).
nocross(18,19).
nocross(18,21).
nocross(18,22).
nocross(18,25).
nocross(19,11).
nocross(19,13).
nocross(19,14).
nocross(19,17).
nocross(19,21).
nocross(19,25).
nocross(20,3).
nocross(20,9).
nocross(20,19).
nocross(20,25).
nocross(21,4).
nocross(21,13).
nocross(21,15).
nocross(21,16).
nocross(21,17).
nocross(21,18).
nocross(21,19).
nocross(22,8).
nocross(22,9).
nocross(22,13).
nocross(22,14).
nocross(22,19).
nocross(23,17).
nocross(23,19).
nocross(24,16).
nocross(24,18).
nocross(24,25).
nocross(25,5).
nocross(25,8).
nocross(25,9).
nocross(25,14).
nocross(25,19).
nocross(25,26).
nocross(26,8).
nocross(26,9).
nocross(26,10).
nocross(26,13).
nocross(26,15).
nocross(26,17).
nocross(26,19).
nocross(26,20).
nocross(26,25).
