dimension(26).
point(1, 423753.0, -210716.0).
point(2, -117616.0, -114149.0).
point(3, 330945.0, 203496.0).
point(4, 235887.0, -88508.0).
point(5, 285552.0, 157009.0).
point(6, -61753.0, 417974.0).
point(7, 444784.0, 184280.0).
point(8, -253779.0, 358538.0).
point(9, 139589.0, 176886.0).
point(10, 870.0, -242468.0).
point(11, -137189.0, 187247.0).
point(12, 231120.0, 227839.0).
point(13, -105815.0, 84296.0).
point(14, -58118.0, -203067.0).
point(15, -300606.0, -259421.0).
point(16, 76419.0, -338320.0).
point(17, -1914.0, 83897.0).
point(18, -322287.0, -71181.0).
point(19, -146905.0, 9493.0).
point(20, -443926.0, 111558.0).
point(21, 318631.0, 217312.0).
point(22, -395776.0, -43525.0).
point(23, -110763.0, -65178.0).
point(24, 428975.0, 96090.0).
point(25, -389750.0, -112846.0).
point(26, 126150.0, -255249.0).
cost(1, 2, 549914).
cost(1, 3, 424482).
cost(1, 4, 224117).
cost(1, 5, 392837).
cost(1, 6, 794334).
cost(1, 7, 395555).
cost(1, 8, 884929).
cost(1, 9, 480608).
cost(1, 10, 424073).
cost(1, 11, 687772).
cost(1, 12, 478997).
cost(1, 13, 606197).
cost(1, 14, 481932).
cost(1, 15, 725995).
cost(1, 16, 370032).
cost(1, 17, 517677).
cost(1, 18, 758977).
cost(1, 19, 611672).
cost(1, 20, 925596).
cost(1, 21, 440748).
cost(1, 22, 836409).
cost(1, 23, 553975).
cost(1, 24, 306850).
cost(1, 25, 819369).
cost(1, 26, 300916).
cost(2, 1, 549914).
cost(2, 3, 549641).
cost(2, 4, 354432).
cost(2, 5, 485871).
cost(2, 6, 535047).
cost(2, 7, 636674).
cost(2, 8, 491908).
cost(2, 9, 388402).
cost(2, 10, 174656).
cost(2, 11, 302031).
cost(2, 12, 488439).
cost(2, 13, 198796).
cost(2, 14, 106988).
cost(2, 15, 233644).
cost(2, 16, 296483).
cost(2, 17, 229367).
cost(2, 18, 209133).
cost(2, 19, 127064).
cost(2, 20, 396764).
cost(2, 21, 547885).
cost(2, 22, 286986).
cost(2, 23, 49448).
cost(2, 24, 585630).
cost(2, 25, 272137).
cost(2, 26, 281658).
cost(3, 1, 424482).
cost(3, 2, 549641).
cost(3, 4, 307087).
cost(3, 5, 64974).
cost(3, 6, 447451).
cost(3, 7, 115449).
cost(3, 8, 604930).
cost(3, 9, 193197).
cost(3, 10, 554827).
cost(3, 11, 468416).
cost(3, 12, 102750).
cost(3, 13, 452734).
cost(3, 14, 562729).
cost(3, 15, 783038).
cost(3, 16, 598622).
cost(3, 17, 353693).
cost(3, 18, 708632).
cost(3, 19, 515730).
cost(3, 20, 780306).
cost(3, 21, 18507).
cost(3, 22, 767556).
cost(3, 23, 517003).
cost(3, 24, 145416).
cost(3, 25, 787066).
cost(3, 26, 502382).
cost(4, 1, 224117).
cost(4, 2, 354432).
cost(4, 3, 307087).
cost(4, 5, 250490).
cost(4, 6, 587464).
cost(4, 7, 343586).
cost(4, 8, 663041).
cost(4, 9, 282325).
cost(4, 10, 280957).
cost(4, 11, 463925).
cost(4, 12, 316383).
cost(4, 13, 382912).
cost(4, 14, 315536).
cost(4, 15, 563059).
cost(4, 16, 296372).
cost(4, 17, 293722).
cost(4, 18, 558443).
cost(4, 19, 395138).
cost(4, 20, 708641).
cost(4, 21, 316816).
cost(4, 22, 633263).
cost(4, 23, 347434).
cost(4, 24, 267132).
cost(4, 25, 626110).
cost(4, 26, 199612).
cost(5, 1, 392837).
cost(5, 2, 485871).
cost(5, 3, 64974).
cost(5, 4, 250490).
cost(5, 6, 434423).
cost(5, 7, 161550).
cost(5, 8, 575753).
cost(5, 9, 147310).
cost(5, 10, 490536).
cost(5, 11, 423821).
cost(5, 12, 89329).
cost(5, 13, 398064).
cost(5, 14, 497759).
cost(5, 15, 719024).
cost(5, 16, 537669).
cost(5, 17, 296618).
cost(5, 18, 649260).
cost(5, 19, 456925).
cost(5, 20, 730893).
cost(5, 21, 68780).
cost(5, 22, 710227).
cost(5, 23, 454349).
cost(5, 24, 155825).
cost(5, 25, 727224).
cost(5, 26, 442002).
cost(6, 1, 794334).
cost(6, 2, 535047).
cost(6, 3, 447451).
cost(6, 4, 587464).
cost(6, 5, 434423).
cost(6, 7, 557846).
cost(6, 8, 201014).
cost(6, 9, 314105).
cost(6, 10, 663404).
cost(6, 11, 242746).
cost(6, 12, 349179).
cost(6, 13, 336575).
cost(6, 14, 621052).
cost(6, 15, 718272).
cost(6, 16, 768812).
cost(6, 17, 339394).
cost(6, 18, 554212).
cost(6, 19, 417262).
cost(6, 20, 489844).
cost(6, 21, 430067).
cost(6, 22, 569695).
cost(6, 23, 485631).
cost(6, 24, 586876).
cost(6, 25, 623981).
cost(6, 26, 698954).
cost(7, 1, 395555).
cost(7, 2, 636674).
cost(7, 3, 115449).
cost(7, 4, 343586).
cost(7, 5, 161550).
cost(7, 6, 557846).
cost(7, 8, 719970).
cost(7, 9, 305285).
cost(7, 10, 615771).
cost(7, 11, 581981).
cost(7, 12, 218059).
cost(7, 13, 559603).
cost(7, 14, 634782).
cost(7, 15, 867454).
cost(7, 16, 639377).
cost(7, 17, 457838).
cost(7, 18, 808491).
cost(7, 19, 616965).
cost(7, 20, 891680).
cost(7, 21, 130406).
cost(7, 22, 870882).
cost(7, 23, 608984).
cost(7, 24, 89596).
cost(7, 25, 885850).
cost(7, 26, 542875).
cost(8, 1, 884929).
cost(8, 2, 491908).
cost(8, 3, 604930).
cost(8, 4, 663041).
cost(8, 5, 575753).
cost(8, 6, 201014).
cost(8, 7, 719970).
cost(8, 9, 433285).
cost(8, 10, 652728).
cost(8, 11, 207205).
cost(8, 12, 502204).
cost(8, 13, 311612).
cost(8, 14, 594713).
cost(8, 15, 619731).
cost(8, 16, 771130).
cost(8, 17, 372644).
cost(8, 18, 435146).
cost(8, 19, 365040).
cost(8, 20, 311697).
cost(8, 21, 589574).
cost(8, 22, 426401).
cost(8, 23, 447201).
cost(8, 24, 731459).
cost(8, 25, 490603).
cost(8, 26, 721859).
cost(9, 1, 480608).
cost(9, 2, 388402).
cost(9, 3, 193197).
cost(9, 4, 282325).
cost(9, 5, 147310).
cost(9, 6, 314105).
cost(9, 7, 305285).
cost(9, 8, 433285).
cost(9, 10, 441702).
cost(9, 11, 276972).
cost(9, 12, 104757).
cost(9, 13, 262290).
cost(9, 14, 428313).
cost(9, 15, 619787).
cost(9, 16, 519064).
cost(9, 17, 169322).
cost(9, 18, 524277).
cost(9, 19, 331812).
cost(9, 20, 587161).
cost(9, 21, 183549).
cost(9, 22, 578962).
cost(9, 23, 348240).
cost(9, 24, 300453).
cost(9, 25, 603444).
cost(9, 26, 432344).
cost(10, 1, 424073).
cost(10, 2, 174656).
cost(10, 3, 554827).
cost(10, 4, 280957).
cost(10, 5, 490536).
cost(10, 6, 663404).
cost(10, 7, 615771).
cost(10, 8, 652728).
cost(10, 9, 441702).
cost(10, 11, 451348).
cost(10, 12, 523645).
cost(10, 13, 343739).
cost(10, 14, 70937).
cost(10, 15, 301952).
cost(10, 16, 122046).
cost(10, 17, 326377).
cost(10, 18, 365745).
cost(10, 19, 292099).
cost(10, 20, 568487).
cost(10, 21, 558900).
cost(10, 22, 443741).
cost(10, 23, 209508).
cost(10, 24, 545798).
cost(10, 25, 411565).
cost(10, 26, 125930).
cost(11, 1, 687772).
cost(11, 2, 302031).
cost(11, 3, 468416).
cost(11, 4, 463925).
cost(11, 5, 423821).
cost(11, 6, 242746).
cost(11, 7, 581981).
cost(11, 8, 207205).
cost(11, 9, 276972).
cost(11, 10, 451348).
cost(11, 12, 370539).
cost(11, 13, 107625).
cost(11, 14, 398243).
cost(11, 15, 475623).
cost(11, 16, 567317).
cost(11, 17, 170237).
cost(11, 18, 317878).
cost(11, 19, 178019).
cost(11, 20, 315937).
cost(11, 21, 456810).
cost(11, 22, 346588).
cost(11, 23, 253804).
cost(11, 24, 573456).
cost(11, 25, 392228).
cost(11, 26, 514927).
cost(12, 1, 478997).
cost(12, 2, 488439).
cost(12, 3, 102750).
cost(12, 4, 316383).
cost(12, 5, 89329).
cost(12, 6, 349179).
cost(12, 7, 218059).
cost(12, 8, 502204).
cost(12, 9, 104757).
cost(12, 10, 523645).
cost(12, 11, 370539).
cost(12, 13, 366237).
cost(12, 14, 518978).
cost(12, 15, 721218).
cost(12, 16, 586914).
cost(12, 17, 273905).
cost(12, 18, 629025).
cost(12, 19, 436552).
cost(12, 20, 684988).
cost(12, 21, 88142).
cost(12, 22, 683108).
cost(12, 23, 450270).
cost(12, 24, 237707).
cost(12, 25, 708199).
cost(12, 26, 494361).
cost(13, 1, 606197).
cost(13, 2, 198796).
cost(13, 3, 452734).
cost(13, 4, 382912).
cost(13, 5, 398064).
cost(13, 6, 336575).
cost(13, 7, 559603).
cost(13, 8, 311612).
cost(13, 9, 262290).
cost(13, 10, 343739).
cost(13, 11, 107625).
cost(13, 12, 366237).
cost(13, 14, 291295).
cost(13, 15, 395076).
cost(13, 16, 460232).
cost(13, 17, 103902).
cost(13, 18, 266521).
cost(13, 19, 85346).
cost(13, 20, 339208).
cost(13, 21, 444801).
cost(13, 22, 316884).
cost(13, 23, 149556).
cost(13, 24, 534920).
cost(13, 25, 345665).
cost(13, 26, 411216).
cost(14, 1, 481932).
cost(14, 2, 106988).
cost(14, 3, 562729).
cost(14, 4, 315536).
cost(14, 5, 497759).
cost(14, 6, 621052).
cost(14, 7, 634782).
cost(14, 8, 594713).
cost(14, 9, 428313).
cost(14, 10, 70937).
cost(14, 11, 398243).
cost(14, 12, 518978).
cost(14, 13, 291295).
cost(14, 15, 248950).
cost(14, 16, 190771).
cost(14, 17, 292416).
cost(14, 18, 295261).
cost(14, 19, 230358).
cost(14, 20, 497832).
cost(14, 21, 564498).
cost(14, 22, 373452).
cost(14, 23, 147597).
cost(14, 24, 571624).
cost(14, 25, 343685).
cost(14, 26, 191514).
cost(15, 1, 725995).
cost(15, 2, 233644).
cost(15, 3, 783038).
cost(15, 4, 563059).
cost(15, 5, 719024).
cost(15, 6, 718272).
cost(15, 7, 867454).
cost(15, 8, 619731).
cost(15, 9, 619787).
cost(15, 10, 301952).
cost(15, 11, 475623).
cost(15, 12, 721218).
cost(15, 13, 395076).
cost(15, 14, 248950).
cost(15, 16, 385192).
cost(15, 17, 455065).
cost(15, 18, 189484).
cost(15, 19, 309740).
cost(15, 20, 397701).
cost(15, 21, 781491).
cost(15, 22, 235942).
cost(15, 23, 271608).
cost(15, 24, 811589).
cost(15, 25, 171554).
cost(15, 26, 426776).
cost(16, 1, 370032).
cost(16, 2, 296483).
cost(16, 3, 598622).
cost(16, 4, 296372).
cost(16, 5, 537669).
cost(16, 6, 768812).
cost(16, 7, 639377).
cost(16, 8, 771130).
cost(16, 9, 519064).
cost(16, 10, 122046).
cost(16, 11, 567317).
cost(16, 12, 586914).
cost(16, 13, 460232).
cost(16, 14, 190771).
cost(16, 15, 385192).
cost(16, 17, 429422).
cost(16, 18, 479927).
cost(16, 19, 413337).
cost(16, 20, 687858).
cost(16, 21, 606130).
cost(16, 22, 556662).
cost(16, 23, 331125).
cost(16, 24, 559471).
cost(16, 25, 517834).
cost(16, 26, 96819).
cost(17, 1, 517677).
cost(17, 2, 229367).
cost(17, 3, 353693).
cost(17, 4, 293722).
cost(17, 5, 296618).
cost(17, 6, 339394).
cost(17, 7, 457838).
cost(17, 8, 372644).
cost(17, 9, 169322).
cost(17, 10, 326377).
cost(17, 11, 170237).
cost(17, 12, 273905).
cost(17, 13, 103902).
cost(17, 14, 292416).
cost(17, 15, 455065).
cost(17, 16, 429422).
cost(17, 18, 355933).
cost(17, 19, 162967).
cost(17, 20, 442877).
cost(17, 21, 347201).
cost(17, 22, 413961).
cost(17, 23, 184585).
cost(17, 24, 431061).
cost(17, 25, 434885).
cost(17, 26, 362520).
cost(18, 1, 758977).
cost(18, 2, 209133).
cost(18, 3, 708632).
cost(18, 4, 558443).
cost(18, 5, 649260).
cost(18, 6, 554212).
cost(18, 7, 808491).
cost(18, 8, 435146).
cost(18, 9, 524277).
cost(18, 10, 365745).
cost(18, 11, 317878).
cost(18, 12, 629025).
cost(18, 13, 266521).
cost(18, 14, 295261).
cost(18, 15, 189484).
cost(18, 16, 479927).
cost(18, 17, 355933).
cost(18, 19, 193047).
cost(18, 20, 219521).
cost(18, 21, 702854).
cost(18, 22, 78521).
cost(18, 23, 211609).
cost(18, 24, 769658).
cost(18, 25, 79292).
cost(18, 26, 484744).
cost(19, 1, 611672).
cost(19, 2, 127064).
cost(19, 3, 515730).
cost(19, 4, 395138).
cost(19, 5, 456925).
cost(19, 6, 417262).
cost(19, 7, 616965).
cost(19, 8, 365040).
cost(19, 9, 331812).
cost(19, 10, 292099).
cost(19, 11, 178019).
cost(19, 12, 436552).
cost(19, 13, 85346).
cost(19, 14, 230358).
cost(19, 15, 309740).
cost(19, 16, 413337).
cost(19, 17, 162967).
cost(19, 18, 193047).
cost(19, 20, 314068).
cost(19, 21, 509816).
cost(19, 22, 254456).
cost(19, 23, 82958).
cost(19, 24, 582355).
cost(19, 25, 271920).
cost(19, 26, 380325).
cost(20, 1, 925596).
cost(20, 2, 396764).
cost(20, 3, 780306).
cost(20, 4, 708641).
cost(20, 5, 730893).
cost(20, 6, 489844).
cost(20, 7, 891680).
cost(20, 8, 311697).
cost(20, 9, 587161).
cost(20, 10, 568487).
cost(20, 11, 315937).
cost(20, 12, 684988).
cost(20, 13, 339208).
cost(20, 14, 497832).
cost(20, 15, 397701).
cost(20, 16, 687858).
cost(20, 17, 442877).
cost(20, 18, 219521).
cost(20, 19, 314068).
cost(20, 21, 769855).
cost(20, 22, 162386).
cost(20, 23, 377138).
cost(20, 24, 873038).
cost(20, 25, 230851).
cost(20, 26, 677889).
cost(21, 1, 440748).
cost(21, 2, 547885).
cost(21, 3, 18507).
cost(21, 4, 316816).
cost(21, 5, 68780).
cost(21, 6, 430067).
cost(21, 7, 130406).
cost(21, 8, 589574).
cost(21, 9, 183549).
cost(21, 10, 558900).
cost(21, 11, 456810).
cost(21, 12, 88142).
cost(21, 13, 444801).
cost(21, 14, 564498).
cost(21, 15, 781491).
cost(21, 16, 606130).
cost(21, 17, 347201).
cost(21, 18, 702854).
cost(21, 19, 509816).
cost(21, 20, 769855).
cost(21, 22, 760535).
cost(21, 23, 513984).
cost(21, 24, 163922).
cost(21, 25, 781542).
cost(21, 26, 510258).
cost(22, 1, 836409).
cost(22, 2, 286986).
cost(22, 3, 767556).
cost(22, 4, 633263).
cost(22, 5, 710227).
cost(22, 6, 569695).
cost(22, 7, 870882).
cost(22, 8, 426401).
cost(22, 9, 578962).
cost(22, 10, 443741).
cost(22, 11, 346588).
cost(22, 12, 683108).
cost(22, 13, 316884).
cost(22, 14, 373452).
cost(22, 15, 235942).
cost(22, 16, 556662).
cost(22, 17, 413961).
cost(22, 18, 78521).
cost(22, 19, 254456).
cost(22, 20, 162386).
cost(22, 21, 760535).
cost(22, 23, 285834).
cost(22, 24, 836485).
cost(22, 25, 69582).
cost(22, 26, 563235).
cost(23, 1, 553975).
cost(23, 2, 49448).
cost(23, 3, 517003).
cost(23, 4, 347434).
cost(23, 5, 454349).
cost(23, 6, 485631).
cost(23, 7, 608984).
cost(23, 8, 447201).
cost(23, 9, 348240).
cost(23, 10, 209508).
cost(23, 11, 253804).
cost(23, 12, 450270).
cost(23, 13, 149556).
cost(23, 14, 147597).
cost(23, 15, 271608).
cost(23, 16, 331125).
cost(23, 17, 184585).
cost(23, 18, 211609).
cost(23, 19, 82958).
cost(23, 20, 377138).
cost(23, 21, 513984).
cost(23, 22, 285834).
cost(23, 24, 563316).
cost(23, 25, 283030).
cost(23, 26, 303735).
cost(24, 1, 306850).
cost(24, 2, 585630).
cost(24, 3, 145416).
cost(24, 4, 267132).
cost(24, 5, 155825).
cost(24, 6, 586876).
cost(24, 7, 89596).
cost(24, 8, 731459).
cost(24, 9, 300453).
cost(24, 10, 545798).
cost(24, 11, 573456).
cost(24, 12, 237707).
cost(24, 13, 534920).
cost(24, 14, 571624).
cost(24, 15, 811589).
cost(24, 16, 559471).
cost(24, 17, 431061).
cost(24, 18, 769658).
cost(24, 19, 582355).
cost(24, 20, 873038).
cost(24, 21, 163922).
cost(24, 22, 836485).
cost(24, 23, 563316).
cost(24, 25, 844964).
cost(24, 26, 463834).
cost(25, 1, 819369).
cost(25, 2, 272137).
cost(25, 3, 787066).
cost(25, 4, 626110).
cost(25, 5, 727224).
cost(25, 6, 623981).
cost(25, 7, 885850).
cost(25, 8, 490603).
cost(25, 9, 603444).
cost(25, 10, 411565).
cost(25, 11, 392228).
cost(25, 12, 708199).
cost(25, 13, 345665).
cost(25, 14, 343685).
cost(25, 15, 171554).
cost(25, 16, 517834).
cost(25, 17, 434885).
cost(25, 18, 79292).
cost(25, 19, 271920).
cost(25, 20, 230851).
cost(25, 21, 781542).
cost(25, 22, 69582).
cost(25, 23, 283030).
cost(25, 24, 844964).
cost(25, 26, 535193).
cost(26, 1, 300916).
cost(26, 2, 281658).
cost(26, 3, 502382).
cost(26, 4, 199612).
cost(26, 5, 442002).
cost(26, 6, 698954).
cost(26, 7, 542875).
cost(26, 8, 721859).
cost(26, 9, 432344).
cost(26, 10, 125930).
cost(26, 11, 514927).
cost(26, 12, 494361).
cost(26, 13, 411216).
cost(26, 14, 191514).
cost(26, 15, 426776).
cost(26, 16, 96819).
cost(26, 17, 362520).
cost(26, 18, 484744).
cost(26, 19, 380325).
cost(26, 20, 677889).
cost(26, 21, 510258).
cost(26, 22, 563235).
cost(26, 23, 303735).
cost(26, 24, 463834).
cost(26, 25, 535193).
nocross(1,3).
nocross(1,4).
nocross(1,14).
nocross(1,23).
nocross(2,10).
nocross(2,14).
nocross(2,19).
nocross(2,23).
nocross(3,5).
nocross(3,9).
nocross(3,21).
nocross(4,1).
nocross(4,2).
nocross(4,3).
nocross(4,9).
nocross(4,14).
nocross(4,23).
nocross(4,24).
nocross(5,1).
nocross(5,3).
nocross(5,9).
nocross(6,9).
nocross(6,11).
nocross(6,21).
nocross(7,3).
nocross(7,5).
nocross(7,21).
nocross(8,9).
nocross(9,3).
nocross(9,5).
nocross(9,6).
nocross(9,11).
nocross(9,23).
nocross(10,4).
nocross(10,14).
nocross(10,16).
nocross(10,23).
nocross(10,26).
nocross(11,8).
nocross(11,9).
nocross(11,13).
nocross(11,17).
nocross(11,19).
nocross(12,3).
nocross(12,5).
nocross(12,9).
nocross(12,21).
nocross(13,11).
nocross(13,17).
nocross(13,19).
nocross(13,23).
nocross(14,2).
nocross(14,4).
nocross(14,15).
nocross(14,23).
nocross(15,2).
nocross(15,14).
nocross(15,18).
nocross(15,19).
nocross(15,25).
nocross(16,10).
nocross(16,14).
nocross(16,15).
nocross(16,26).
nocross(17,3).
nocross(17,5).
nocross(17,6).
nocross(17,9).
nocross(17,11).
nocross(17,13).
nocross(17,14).
nocross(17,19).
nocross(17,21).
nocross(17,23).
nocross(18,2).
nocross(18,13).
nocross(18,15).
nocross(18,19).
nocross(18,25).
nocross(19,11).
nocross(19,13).
nocross(19,17).
nocross(19,23).
nocross(20,8).
nocross(20,11).
nocross(20,19).
nocross(21,3).
nocross(21,5).
nocross(21,7).
nocross(21,9).
nocross(21,12).
nocross(22,2).
nocross(22,15).
nocross(22,18).
nocross(22,19).
nocross(22,25).
nocross(23,2).
nocross(23,13).
nocross(23,19).
nocross(24,3).
nocross(25,2).
nocross(25,15).
nocross(25,19).
nocross(26,2).
nocross(26,10).
nocross(26,14).
nocross(26,16).
nocross(26,23).
