dimension(26).
point(1, -119488.0, -369163.0).
point(2, -13333.0, -32220.0).
point(3, -83966.0, 240148.0).
point(4, 197383.0, -125573.0).
point(5, -64059.0, -168750.0).
point(6, -20031.0, -167436.0).
point(7, -62022.0, 148079.0).
point(8, -6239.0, 62656.0).
point(9, 29796.0, 192218.0).
point(10, -325110.0, -50502.0).
point(11, -259371.0, 45416.0).
point(12, 463097.0, -194942.0).
point(13, -271279.0, 29683.0).
point(14, 78981.0, -112362.0).
point(15, -97296.0, -164889.0).
point(16, -212957.0, -150304.0).
point(17, -106602.0, -116129.0).
point(18, 218617.0, -110275.0).
point(19, 97436.0, 266277.0).
point(20, 8697.0, 41210.0).
point(21, 40038.0, -66960.0).
point(22, 146597.0, 31320.0).
point(23, -66962.0, 52256.0).
point(24, -51207.0, 9819.0).
point(25, 180647.0, 155259.0).
point(26, 304757.0, 223017.0).
cost(1, 2, 353270).
cost(1, 3, 610346).
cost(1, 4, 399679).
cost(1, 5, 207937).
cost(1, 6, 224912).
cost(1, 7, 520424).
cost(1, 8, 446422).
cost(1, 9, 580891).
cost(1, 10, 379243).
cost(1, 11, 437542).
cost(1, 12, 608077).
cost(1, 13, 426754).
cost(1, 14, 324556).
cost(1, 15, 205476).
cost(1, 16, 237983).
cost(1, 17, 253362).
cost(1, 18, 425838).
cost(1, 19, 671446).
cost(1, 20, 429927).
cost(1, 21, 341724).
cost(1, 22, 480820).
cost(1, 23, 424680).
cost(1, 24, 385084).
cost(1, 25, 604235).
cost(1, 26, 728465).
cost(2, 1, 353270).
cost(2, 3, 281378).
cost(2, 4, 230469).
cost(2, 5, 145649).
cost(2, 6, 135382).
cost(2, 7, 186757).
cost(2, 8, 95141).
cost(2, 9, 228544).
cost(2, 10, 312313).
cost(2, 11, 257996).
cost(2, 12, 503452).
cost(2, 13, 265270).
cost(2, 14, 122248).
cost(2, 15, 157006).
cost(2, 16, 231934).
cost(2, 17, 125458).
cost(2, 18, 244731).
cost(2, 19, 318387).
cost(2, 20, 76663).
cost(2, 21, 63681).
cost(2, 22, 172090).
cost(2, 23, 100061).
cost(2, 24, 56584).
cost(2, 25, 269771).
cost(2, 26, 407832).
cost(3, 1, 610346).
cost(3, 2, 281378).
cost(3, 4, 461421).
cost(3, 5, 409382).
cost(3, 6, 412568).
cost(3, 7, 94648).
cost(3, 8, 193765).
cost(3, 9, 123447).
cost(3, 10, 377661).
cost(3, 11, 262083).
cost(3, 12, 698986).
cost(3, 13, 281748).
cost(3, 14, 388349).
cost(3, 15, 405256).
cost(3, 16, 411207).
cost(3, 17, 356995).
cost(3, 18, 462982).
cost(3, 19, 183274).
cost(3, 20, 219460).
cost(3, 21, 331198).
cost(3, 22, 311076).
cost(3, 23, 188660).
cost(3, 24, 232647).
cost(3, 25, 277896).
cost(3, 26, 389100).
cost(4, 1, 399679).
cost(4, 2, 230469).
cost(4, 3, 461421).
cost(4, 5, 264983).
cost(4, 6, 221408).
cost(4, 7, 377063).
cost(4, 8, 277294).
cost(4, 9, 359272).
cost(4, 10, 527858).
cost(4, 11, 487710).
cost(4, 12, 274620).
cost(4, 13, 493709).
cost(4, 14, 119137).
cost(4, 15, 297290).
cost(4, 16, 411085).
cost(4, 17, 304132).
cost(4, 18, 26171).
cost(4, 19, 404396).
cost(4, 20, 251831).
cost(4, 21, 167908).
cost(4, 22, 164908).
cost(4, 23, 318593).
cost(4, 24, 283069).
cost(4, 25, 281330).
cost(4, 26, 364752).
cost(5, 1, 207937).
cost(5, 2, 145649).
cost(5, 3, 409382).
cost(5, 4, 264983).
cost(5, 6, 44048).
cost(5, 7, 316836).
cost(5, 8, 238520).
cost(5, 9, 372970).
cost(5, 10, 286584).
cost(5, 11, 289851).
cost(5, 12, 527806).
cost(5, 13, 286907).
cost(5, 14, 153753).
cost(5, 15, 33461).
cost(5, 16, 150036).
cost(5, 17, 67667).
cost(5, 18, 288661).
cost(5, 19, 464036).
cost(5, 20, 222209).
cost(5, 21, 145593).
cost(5, 22, 290524).
cost(5, 23, 221025).
cost(5, 24, 179031).
cost(5, 25, 406033).
cost(5, 26, 538058).
cost(6, 1, 224912).
cost(6, 2, 135382).
cost(6, 3, 412568).
cost(6, 4, 221408).
cost(6, 5, 44048).
cost(6, 7, 318297).
cost(6, 8, 230505).
cost(6, 9, 363089).
cost(6, 10, 326721).
cost(6, 11, 320296).
cost(6, 12, 483910).
cost(6, 13, 319345).
cost(6, 14, 113298).
cost(6, 15, 77307).
cost(6, 16, 193685).
cost(6, 17, 100633).
cost(6, 18, 245398).
cost(6, 19, 449339).
cost(6, 20, 210614).
cost(6, 21, 117063).
cost(6, 22, 259362).
cost(6, 23, 224649).
cost(6, 24, 179976).
cost(6, 25, 380005).
cost(6, 26, 507879).
cost(7, 1, 520424).
cost(7, 2, 186757).
cost(7, 3, 94648).
cost(7, 4, 377063).
cost(7, 5, 316836).
cost(7, 6, 318297).
cost(7, 8, 102024).
cost(7, 9, 101876).
cost(7, 10, 329621).
cost(7, 11, 222455).
cost(7, 12, 627227).
cost(7, 13, 240429).
cost(7, 14, 296161).
cost(7, 15, 314950).
cost(7, 16, 334386).
cost(7, 17, 267943).
cost(7, 18, 381451).
cost(7, 19, 198488).
cost(7, 20, 128149).
cost(7, 21, 238029).
cost(7, 22, 239070).
cost(7, 23, 95950).
cost(7, 24, 138682).
cost(7, 25, 242775).
cost(7, 26, 374356).
cost(8, 1, 446422).
cost(8, 2, 95141).
cost(8, 3, 193765).
cost(8, 4, 277294).
cost(8, 5, 238520).
cost(8, 6, 230505).
cost(8, 7, 102024).
cost(8, 9, 134480).
cost(8, 10, 338354).
cost(8, 11, 253718).
cost(8, 12, 535381).
cost(8, 13, 267083).
cost(8, 14, 194663).
cost(8, 15, 245088).
cost(8, 16, 296790).
cost(8, 17, 205029).
cost(8, 18, 283664).
cost(8, 19, 228495).
cost(8, 20, 26135).
cost(8, 21, 137629).
cost(8, 22, 156015).
cost(8, 23, 61607).
cost(8, 24, 69382).
cost(8, 25, 208571).
cost(8, 26, 349906).
cost(9, 1, 580891).
cost(9, 2, 228544).
cost(9, 3, 123447).
cost(9, 4, 359272).
cost(9, 5, 372970).
cost(9, 6, 363089).
cost(9, 7, 101876).
cost(9, 8, 134480).
cost(9, 10, 429967).
cost(9, 11, 324297).
cost(9, 12, 581070).
cost(9, 13, 342146).
cost(9, 14, 308526).
cost(9, 15, 379049).
cost(9, 16, 419822).
cost(9, 17, 337168).
cost(9, 18, 356589).
cost(9, 19, 100299).
cost(9, 20, 152475).
cost(9, 21, 259380).
cost(9, 22, 198823).
cost(9, 23, 170151).
cost(9, 24, 199577).
cost(9, 25, 155313).
cost(9, 26, 276681).
cost(10, 1, 379243).
cost(10, 2, 312313).
cost(10, 3, 377661).
cost(10, 4, 527858).
cost(10, 5, 286584).
cost(10, 6, 326721).
cost(10, 7, 329621).
cost(10, 8, 338354).
cost(10, 9, 429967).
cost(10, 11, 116284).
cost(10, 12, 801332).
cost(10, 13, 96579).
cost(10, 14, 408798).
cost(10, 15, 254919).
cost(10, 16, 150129).
cost(10, 17, 228150).
cost(10, 18, 547003).
cost(10, 19, 528104).
cost(10, 20, 346177).
cost(10, 21, 365519).
cost(10, 22, 478751).
cost(10, 23, 277848).
cost(10, 24, 280467).
cost(10, 25, 546011).
cost(10, 26, 686691).
cost(11, 1, 437542).
cost(11, 2, 257996).
cost(11, 3, 262083).
cost(11, 4, 487710).
cost(11, 5, 289851).
cost(11, 6, 320296).
cost(11, 7, 222455).
cost(11, 8, 253718).
cost(11, 9, 324297).
cost(11, 10, 116284).
cost(11, 12, 761401).
cost(11, 13, 19731).
cost(11, 14, 373331).
cost(11, 15, 265512).
cost(11, 16, 201148).
cost(11, 17, 222340).
cost(11, 18, 502705).
cost(11, 19, 419632).
cost(11, 20, 268101).
cost(11, 21, 319803).
cost(11, 22, 406213).
cost(11, 23, 192531).
cost(11, 24, 211186).
cost(11, 25, 453521).
cost(11, 26, 591424).
cost(12, 1, 608077).
cost(12, 2, 503452).
cost(12, 3, 698986).
cost(12, 4, 274620).
cost(12, 5, 527806).
cost(12, 6, 483910).
cost(12, 7, 627227).
cost(12, 8, 535381).
cost(12, 9, 581070).
cost(12, 10, 801332).
cost(12, 11, 761401).
cost(12, 13, 767961).
cost(12, 14, 392893).
cost(12, 15, 561198).
cost(12, 16, 677526).
cost(12, 17, 575125).
cost(12, 18, 258726).
cost(12, 19, 588584).
cost(12, 20, 512101).
cost(12, 21, 441994).
cost(12, 22, 389059).
cost(12, 23, 584867).
cost(12, 24, 553566).
cost(12, 25, 449910).
cost(12, 26, 446947).
cost(13, 1, 426754).
cost(13, 2, 265270).
cost(13, 3, 281748).
cost(13, 4, 493709).
cost(13, 5, 286907).
cost(13, 6, 319345).
cost(13, 7, 240429).
cost(13, 8, 267083).
cost(13, 9, 342146).
cost(13, 10, 96579).
cost(13, 11, 19731).
cost(13, 12, 767961).
cost(13, 14, 377967).
cost(13, 15, 261014).
cost(13, 16, 189200).
cost(13, 17, 219954).
cost(13, 18, 509496).
cost(13, 19, 438095).
cost(13, 20, 280213).
cost(13, 21, 325973).
cost(13, 22, 417879).
cost(13, 23, 205560).
cost(13, 24, 220967).
cost(13, 25, 469048).
cost(13, 26, 607615).
cost(14, 1, 324556).
cost(14, 2, 122248).
cost(14, 3, 388349).
cost(14, 4, 119137).
cost(14, 5, 153753).
cost(14, 6, 113298).
cost(14, 7, 296161).
cost(14, 8, 194663).
cost(14, 9, 308526).
cost(14, 10, 408798).
cost(14, 11, 373331).
cost(14, 12, 392893).
cost(14, 13, 377967).
cost(14, 15, 183937).
cost(14, 16, 294393).
cost(14, 17, 185621).
cost(14, 18, 139652).
cost(14, 19, 379088).
cost(14, 20, 168891).
cost(14, 21, 59816).
cost(14, 22, 158797).
cost(14, 23, 219996).
cost(14, 24, 178542).
cost(14, 25, 286281).
cost(14, 26, 404294).
cost(15, 1, 205476).
cost(15, 2, 157006).
cost(15, 3, 405256).
cost(15, 4, 297290).
cost(15, 5, 33461).
cost(15, 6, 77307).
cost(15, 7, 314950).
cost(15, 8, 245088).
cost(15, 9, 379049).
cost(15, 10, 254919).
cost(15, 11, 265512).
cost(15, 12, 561198).
cost(15, 13, 261014).
cost(15, 14, 183937).
cost(15, 16, 116577).
cost(15, 17, 49640).
cost(15, 18, 320599).
cost(15, 19, 473101).
cost(15, 20, 231757).
cost(15, 21, 168673).
cost(15, 22, 313020).
cost(15, 23, 219254).
cost(15, 24, 180685).
cost(15, 25, 423966).
cost(15, 26, 558675).
cost(16, 1, 237983).
cost(16, 2, 231934).
cost(16, 3, 411207).
cost(16, 4, 411085).
cost(16, 5, 150036).
cost(16, 6, 193685).
cost(16, 7, 334386).
cost(16, 8, 296790).
cost(16, 9, 419822).
cost(16, 10, 150129).
cost(16, 11, 201148).
cost(16, 12, 677526).
cost(16, 13, 189200).
cost(16, 14, 294393).
cost(16, 15, 116577).
cost(16, 17, 111711).
cost(16, 18, 433426).
cost(16, 19, 519503).
cost(16, 20, 292930).
cost(16, 21, 266369).
cost(16, 22, 402823).
cost(16, 23, 249690).
cost(16, 24, 227601).
cost(16, 25, 498290).
cost(16, 26, 638276).
cost(17, 1, 253362).
cost(17, 2, 125458).
cost(17, 3, 356995).
cost(17, 4, 304132).
cost(17, 5, 67667).
cost(17, 6, 100633).
cost(17, 7, 267943).
cost(17, 8, 205029).
cost(17, 9, 337168).
cost(17, 10, 228150).
cost(17, 11, 222340).
cost(17, 12, 575125).
cost(17, 13, 219954).
cost(17, 14, 185621).
cost(17, 15, 49640).
cost(17, 16, 111711).
cost(17, 18, 325272).
cost(17, 19, 433435).
cost(17, 20, 195063).
cost(17, 21, 154664).
cost(17, 22, 293003).
cost(17, 23, 172988).
cost(17, 24, 137592).
cost(17, 25, 395175).
cost(17, 26, 533138).
cost(18, 1, 425838).
cost(18, 2, 244731).
cost(18, 3, 462982).
cost(18, 4, 26171).
cost(18, 5, 288661).
cost(18, 6, 245398).
cost(18, 7, 381451).
cost(18, 8, 283664).
cost(18, 9, 356589).
cost(18, 10, 547003).
cost(18, 11, 502705).
cost(18, 12, 258726).
cost(18, 13, 509496).
cost(18, 14, 139652).
cost(18, 15, 320599).
cost(18, 16, 433426).
cost(18, 17, 325272).
cost(18, 19, 395571).
cost(18, 20, 258871).
cost(18, 21, 183757).
cost(18, 22, 158859).
cost(18, 23, 328590).
cost(18, 24, 295343).
cost(18, 25, 268235).
cost(18, 26, 344244).
cost(19, 1, 671446).
cost(19, 2, 318387).
cost(19, 3, 183274).
cost(19, 4, 404396).
cost(19, 5, 464036).
cost(19, 6, 449339).
cost(19, 7, 198488).
cost(19, 8, 228495).
cost(19, 9, 100299).
cost(19, 10, 528104).
cost(19, 11, 419632).
cost(19, 12, 588584).
cost(19, 13, 438095).
cost(19, 14, 379088).
cost(19, 15, 473101).
cost(19, 16, 519503).
cost(19, 17, 433435).
cost(19, 18, 395571).
cost(19, 20, 241929).
cost(19, 21, 338144).
cost(19, 22, 240045).
cost(19, 23, 269873).
cost(19, 24, 296421).
cost(19, 25, 138741).
cost(19, 26, 211786).
cost(20, 1, 429927).
cost(20, 2, 76663).
cost(20, 3, 219460).
cost(20, 4, 251831).
cost(20, 5, 222209).
cost(20, 6, 210614).
cost(20, 7, 128149).
cost(20, 8, 26135).
cost(20, 9, 152475).
cost(20, 10, 346177).
cost(20, 11, 268101).
cost(20, 12, 512101).
cost(20, 13, 280213).
cost(20, 14, 168891).
cost(20, 15, 231757).
cost(20, 16, 292930).
cost(20, 17, 195063).
cost(20, 18, 258871).
cost(20, 19, 241929).
cost(20, 21, 112619).
cost(20, 22, 138254).
cost(20, 23, 76461).
cost(20, 24, 67630).
cost(20, 25, 206335).
cost(20, 26, 347427).
cost(21, 1, 341724).
cost(21, 2, 63681).
cost(21, 3, 331198).
cost(21, 4, 167908).
cost(21, 5, 145593).
cost(21, 6, 117063).
cost(21, 7, 238029).
cost(21, 8, 137629).
cost(21, 9, 259380).
cost(21, 10, 365519).
cost(21, 11, 319803).
cost(21, 12, 441994).
cost(21, 13, 325973).
cost(21, 14, 59816).
cost(21, 15, 168673).
cost(21, 16, 266369).
cost(21, 17, 154664).
cost(21, 18, 183757).
cost(21, 19, 338144).
cost(21, 20, 112619).
cost(21, 22, 144961).
cost(21, 23, 160192).
cost(21, 24, 119250).
cost(21, 25, 262968).
cost(21, 26, 392636).
cost(22, 1, 480820).
cost(22, 2, 172090).
cost(22, 3, 311076).
cost(22, 4, 164908).
cost(22, 5, 290524).
cost(22, 6, 259362).
cost(22, 7, 239070).
cost(22, 8, 156015).
cost(22, 9, 198823).
cost(22, 10, 478751).
cost(22, 11, 406213).
cost(22, 12, 389059).
cost(22, 13, 417879).
cost(22, 14, 158797).
cost(22, 15, 313020).
cost(22, 16, 402823).
cost(22, 17, 293003).
cost(22, 18, 158859).
cost(22, 19, 240045).
cost(22, 20, 138254).
cost(22, 21, 144961).
cost(22, 23, 214583).
cost(22, 24, 198969).
cost(22, 25, 128531).
cost(22, 26, 248520).
cost(23, 1, 424680).
cost(23, 2, 100061).
cost(23, 3, 188660).
cost(23, 4, 318593).
cost(23, 5, 221025).
cost(23, 6, 224649).
cost(23, 7, 95950).
cost(23, 8, 61607).
cost(23, 9, 170151).
cost(23, 10, 277848).
cost(23, 11, 192531).
cost(23, 12, 584867).
cost(23, 13, 205560).
cost(23, 14, 219996).
cost(23, 15, 219254).
cost(23, 16, 249690).
cost(23, 17, 172988).
cost(23, 18, 328590).
cost(23, 19, 269873).
cost(23, 20, 76461).
cost(23, 21, 160192).
cost(23, 22, 214583).
cost(23, 24, 45267).
cost(23, 25, 268179).
cost(23, 26, 409065).
cost(24, 1, 385084).
cost(24, 2, 56584).
cost(24, 3, 232647).
cost(24, 4, 283069).
cost(24, 5, 179031).
cost(24, 6, 179976).
cost(24, 7, 138682).
cost(24, 8, 69382).
cost(24, 9, 199577).
cost(24, 10, 280467).
cost(24, 11, 211186).
cost(24, 12, 553566).
cost(24, 13, 220967).
cost(24, 14, 178542).
cost(24, 15, 180685).
cost(24, 16, 227601).
cost(24, 17, 137592).
cost(24, 18, 295343).
cost(24, 19, 296421).
cost(24, 20, 67630).
cost(24, 21, 119250).
cost(24, 22, 198969).
cost(24, 23, 45267).
cost(24, 25, 273695).
cost(24, 26, 414926).
cost(25, 1, 604235).
cost(25, 2, 269771).
cost(25, 3, 277896).
cost(25, 4, 281330).
cost(25, 5, 406033).
cost(25, 6, 380005).
cost(25, 7, 242775).
cost(25, 8, 208571).
cost(25, 9, 155313).
cost(25, 10, 546011).
cost(25, 11, 453521).
cost(25, 12, 449910).
cost(25, 13, 469048).
cost(25, 14, 286281).
cost(25, 15, 423966).
cost(25, 16, 498290).
cost(25, 17, 395175).
cost(25, 18, 268235).
cost(25, 19, 138741).
cost(25, 20, 206335).
cost(25, 21, 262968).
cost(25, 22, 128531).
cost(25, 23, 268179).
cost(25, 24, 273695).
cost(25, 26, 141402).
cost(26, 1, 728465).
cost(26, 2, 407832).
cost(26, 3, 389100).
cost(26, 4, 364752).
cost(26, 5, 538058).
cost(26, 6, 507879).
cost(26, 7, 374356).
cost(26, 8, 349906).
cost(26, 9, 276681).
cost(26, 10, 686691).
cost(26, 11, 591424).
cost(26, 12, 446947).
cost(26, 13, 607615).
cost(26, 14, 404294).
cost(26, 15, 558675).
cost(26, 16, 638276).
cost(26, 17, 533138).
cost(26, 18, 344244).
cost(26, 19, 211786).
cost(26, 20, 347427).
cost(26, 21, 392636).
cost(26, 22, 248520).
cost(26, 23, 409065).
cost(26, 24, 414926).
cost(26, 25, 141402).
nocross(1,5).
nocross(1,6).
nocross(1,14).
nocross(1,15).
nocross(1,16).
nocross(2,6).
nocross(2,8).
nocross(2,10).
nocross(2,13).
nocross(2,17).
nocross(2,18).
nocross(2,20).
nocross(2,23).
nocross(2,24).
nocross(3,8).
nocross(3,9).
nocross(3,10).
nocross(3,13).
nocross(3,23).
nocross(4,6).
nocross(4,9).
nocross(4,14).
nocross(4,15).
nocross(4,17).
nocross(4,21).
nocross(4,23).
nocross(4,26).
nocross(5,2).
nocross(5,6).
nocross(5,10).
nocross(5,13).
nocross(5,15).
nocross(5,17).
nocross(6,5).
nocross(6,17).
nocross(6,24).
nocross(7,3).
nocross(7,8).
nocross(7,9).
nocross(7,10).
nocross(7,13).
nocross(7,17).
nocross(7,23).
nocross(7,24).
nocross(8,2).
nocross(8,6).
nocross(8,7).
nocross(8,9).
nocross(8,10).
nocross(8,17).
nocross(8,20).
nocross(8,23).
nocross(8,24).
nocross(9,3).
nocross(9,7).
nocross(9,8).
nocross(9,10).
nocross(9,20).
nocross(9,23).
nocross(10,16).
nocross(10,17).
nocross(10,23).
nocross(10,24).
nocross(11,18).
nocross(12,18).
nocross(13,3).
nocross(13,10).
nocross(13,15).
nocross(13,16).
nocross(13,17).
nocross(13,18).
nocross(13,23).
nocross(13,24).
nocross(14,4).
nocross(14,6).
nocross(14,8).
nocross(14,13).
nocross(14,17).
nocross(14,20).
nocross(14,21).
nocross(14,23).
nocross(15,2).
nocross(15,5).
nocross(15,6).
nocross(15,10).
nocross(15,13).
nocross(15,17).
nocross(16,6).
nocross(16,10).
nocross(16,13).
nocross(16,15).
nocross(16,17).
nocross(16,23).
nocross(16,24).
nocross(17,2).
nocross(17,6).
nocross(17,10).
nocross(17,13).
nocross(17,15).
nocross(19,3).
nocross(19,8).
nocross(19,25).
nocross(20,2).
nocross(20,6).
nocross(20,8).
nocross(20,17).
nocross(20,22).
nocross(20,23).
nocross(20,24).
nocross(21,2).
nocross(21,4).
nocross(21,6).
nocross(21,8).
nocross(21,10).
nocross(21,13).
nocross(21,14).
nocross(21,17).
nocross(21,18).
nocross(21,20).
nocross(21,22).
nocross(21,23).
nocross(21,24).
nocross(22,2).
nocross(22,4).
nocross(22,6).
nocross(22,9).
nocross(22,14).
nocross(22,20).
nocross(22,21).
nocross(22,24).
nocross(22,26).
nocross(23,6).
nocross(23,8).
nocross(23,10).
nocross(23,13).
nocross(23,17).
nocross(23,24).
nocross(24,2).
nocross(24,5).
nocross(24,6).
nocross(24,8).
nocross(24,10).
nocross(24,13).
nocross(24,17).
nocross(24,20).
nocross(24,23).
nocross(25,2).
nocross(25,6).
nocross(25,8).
nocross(25,9).
nocross(25,20).
nocross(25,22).
nocross(25,26).
nocross(26,22).
nocross(26,25).
