dimension(26).
point(1, 17737.0, -150709.0).
point(2, -143942.0, -21496.0).
point(3, 67269.0, 342118.0).
point(4, -42765.0, -68834.0).
point(5, 10745.0, 315424.0).
point(6, -137018.0, 44886.0).
point(7, 127465.0, -158650.0).
point(8, 116479.0, -101158.0).
point(9, -104075.0, 404762.0).
point(10, 312690.0, 15868.0).
point(11, -147821.0, 322675.0).
point(12, -58993.0, -211448.0).
point(13, 319101.0, 160284.0).
point(14, -209609.0, -105651.0).
point(15, 125210.0, 114004.0).
point(16, 114763.0, 29177.0).
point(17, 191255.0, 100394.0).
point(18, 220855.0, 59934.0).
point(19, 15980.0, 129415.0).
point(20, 33511.0, -274757.0).
point(21, -208516.0, -29170.0).
point(22, -257116.0, -381799.0).
point(23, -6746.0, 87739.0).
point(24, 106906.0, -20951.0).
point(25, -71801.0, 85053.0).
point(26, -245259.0, 199972.0).
cost(1, 2, 206969).
cost(1, 3, 495310).
cost(1, 4, 101804).
cost(1, 5, 466185).
cost(1, 6, 249412).
cost(1, 7, 110015).
cost(1, 8, 110478).
cost(1, 9, 568671).
cost(1, 10, 338741).
cost(1, 11, 501500).
cost(1, 12, 97861).
cost(1, 13, 433055).
cost(1, 14, 231768).
cost(1, 15, 285698).
cost(1, 16, 204384).
cost(1, 17, 305223).
cost(1, 18, 292622).
cost(1, 19, 280130).
cost(1, 20, 125047).
cost(1, 21, 256831).
cost(1, 22, 359092).
cost(1, 23, 239702).
cost(1, 24, 157443).
cost(1, 25, 252192).
cost(1, 26, 438342).
cost(2, 1, 206969).
cost(2, 3, 420506).
cost(2, 4, 111703).
cost(2, 5, 370733).
cost(2, 6, 66742).
cost(2, 7, 304094).
cost(2, 8, 272333).
cost(2, 9, 428118).
cost(2, 10, 458158).
cost(2, 11, 344193).
cost(2, 12, 208082).
cost(2, 13, 497446).
cost(2, 14, 106744).
cost(2, 15, 301335).
cost(2, 16, 263621).
cost(2, 17, 356671).
cost(2, 18, 373775).
cost(2, 19, 219884).
cost(2, 20, 309242).
cost(2, 21, 65028).
cost(2, 22, 377659).
cost(2, 23, 175371).
cost(2, 24, 250849).
cost(2, 25, 128674).
cost(2, 26, 243543).
cost(3, 1, 495310).
cost(3, 2, 420506).
cost(3, 4, 425428).
cost(3, 5, 62510).
cost(3, 6, 360666).
cost(3, 7, 504373).
cost(3, 8, 445999).
cost(3, 9, 182436).
cost(3, 10, 408253).
cost(3, 11, 215967).
cost(3, 12, 567783).
cost(3, 13, 310617).
cost(3, 14, 526458).
cost(3, 15, 235358).
cost(3, 16, 316524).
cost(3, 17, 271667).
cost(3, 18, 321273).
cost(3, 19, 218799).
cost(3, 20, 617798).
cost(3, 21, 462506).
cost(3, 22, 793273).
cost(3, 23, 264928).
cost(3, 24, 365226).
cost(3, 25, 292272).
cost(3, 26, 343335).
cost(4, 1, 101804).
cost(4, 2, 111703).
cost(4, 3, 425428).
cost(4, 5, 387966).
cost(4, 6, 147702).
cost(4, 7, 192471).
cost(4, 8, 162492).
cost(4, 9, 477548).
cost(4, 10, 365408).
cost(4, 11, 405359).
cost(4, 12, 143534).
cost(4, 13, 428301).
cost(4, 14, 170858).
cost(4, 15, 248285).
cost(4, 16, 185530).
cost(4, 17, 288797).
cost(4, 18, 293388).
cost(4, 19, 206770).
cost(4, 20, 219596).
cost(4, 21, 170431).
cost(4, 22, 379333).
cost(4, 23, 160663).
cost(4, 24, 157144).
cost(4, 25, 156602).
cost(4, 26, 336542).
cost(5, 1, 466185).
cost(5, 2, 370733).
cost(5, 3, 62510).
cost(5, 4, 387966).
cost(5, 6, 308261).
cost(5, 7, 488231).
cost(5, 8, 429791).
cost(5, 9, 145482).
cost(5, 10, 425329).
cost(5, 11, 158732).
cost(5, 12, 531467).
cost(5, 13, 345184).
cost(5, 14, 475247).
cost(5, 15, 231673).
cost(5, 16, 304560).
cost(5, 17, 280752).
cost(5, 18, 330789).
cost(5, 19, 186083).
cost(5, 20, 590620).
cost(5, 21, 408437).
cost(5, 22, 746907).
cost(5, 23, 228356).
cost(5, 24, 349850).
cost(5, 25, 244713).
cost(5, 26, 280833).
cost(6, 1, 249412).
cost(6, 2, 66742).
cost(6, 3, 360666).
cost(6, 4, 147702).
cost(6, 5, 308261).
cost(6, 7, 333734).
cost(6, 8, 292557).
cost(6, 9, 361381).
cost(6, 10, 450643).
cost(6, 11, 277999).
cost(6, 12, 267946).
cost(6, 13, 470490).
cost(6, 14, 167125).
cost(6, 15, 271184).
cost(6, 16, 252271).
cost(6, 17, 332933).
cost(6, 18, 358189).
cost(6, 19, 174796).
cost(6, 20, 362287).
cost(6, 21, 102938).
cost(6, 22, 443265).
cost(6, 23, 137139).
cost(6, 24, 252653).
cost(6, 25, 76594).
cost(6, 26, 189124).
cost(7, 1, 110015).
cost(7, 2, 304094).
cost(7, 3, 504373).
cost(7, 4, 192471).
cost(7, 5, 488231).
cost(7, 6, 333734).
cost(7, 8, 58532).
cost(7, 9, 609134).
cost(7, 10, 254489).
cost(7, 11, 554487).
cost(7, 12, 193789).
cost(7, 13, 372080).
cost(7, 14, 341215).
cost(7, 15, 272663).
cost(7, 16, 188256).
cost(7, 17, 266783).
cost(7, 18, 237699).
cost(7, 19, 308886).
cost(7, 20, 149359).
cost(7, 21, 360067).
cost(7, 22, 444632).
cost(7, 23, 280571).
cost(7, 24, 139225).
cost(7, 25, 314798).
cost(7, 26, 517236).
cost(8, 1, 110478).
cost(8, 2, 272333).
cost(8, 3, 445999).
cost(8, 4, 162492).
cost(8, 5, 429791).
cost(8, 6, 292557).
cost(8, 7, 58532).
cost(8, 9, 551905).
cost(8, 10, 228460).
cost(8, 11, 499489).
cost(8, 12, 207254).
cost(8, 13, 330768).
cost(8, 14, 326119).
cost(8, 15, 215339).
cost(8, 16, 130346).
cost(8, 17, 214976).
cost(8, 18, 191950).
cost(8, 19, 251523).
cost(8, 20, 192407).
cost(8, 21, 332872).
cost(8, 22, 467261).
cost(8, 23, 225536).
cost(8, 24, 80776).
cost(8, 25, 264809).
cost(8, 26, 470674).
cost(9, 1, 568671).
cost(9, 2, 428118).
cost(9, 3, 182436).
cost(9, 4, 477548).
cost(9, 5, 145482).
cost(9, 6, 361381).
cost(9, 7, 609134).
cost(9, 8, 551905).
cost(9, 10, 570028).
cost(9, 11, 93016).
cost(9, 12, 617857).
cost(9, 13, 488720).
cost(9, 14, 521209).
cost(9, 15, 370286).
cost(9, 16, 434689).
cost(9, 17, 424099).
cost(9, 18, 473799).
cost(9, 19, 300382).
cost(9, 20, 693308).
cost(9, 21, 446324).
cost(9, 22, 801311).
cost(9, 23, 331627).
cost(9, 24, 475126).
cost(9, 25, 321334).
cost(9, 26, 248741).
cost(10, 1, 338741).
cost(10, 2, 458158).
cost(10, 3, 408253).
cost(10, 4, 365408).
cost(10, 5, 425329).
cost(10, 6, 450643).
cost(10, 7, 254489).
cost(10, 8, 228460).
cost(10, 9, 570028).
cost(10, 11, 553354).
cost(10, 12, 435684).
cost(10, 13, 144558).
cost(10, 14, 536249).
cost(10, 15, 211611).
cost(10, 16, 198374).
cost(10, 17, 147956).
cost(10, 18, 101860).
cost(10, 19, 317694).
cost(10, 20, 402994).
cost(10, 21, 523148).
cost(10, 22, 694851).
cost(10, 23, 327421).
cost(10, 24, 209052).
cost(10, 25, 390666).
cost(10, 26, 587538).
cost(11, 1, 501500).
cost(11, 2, 344193).
cost(11, 3, 215967).
cost(11, 4, 405359).
cost(11, 5, 158732).
cost(11, 6, 277999).
cost(11, 7, 554487).
cost(11, 8, 499489).
cost(11, 9, 93016).
cost(11, 10, 553354).
cost(11, 12, 541459).
cost(11, 13, 494355).
cost(11, 14, 432760).
cost(11, 15, 343642).
cost(11, 16, 393816).
cost(11, 17, 405440).
cost(11, 18, 452719).
cost(11, 19, 253338).
cost(11, 20, 624345).
cost(11, 21, 357042).
cost(11, 22, 712902).
cost(11, 23, 274038).
cost(11, 24, 427744).
cost(11, 25, 249486).
cost(11, 26, 156685).
cost(12, 1, 97861).
cost(12, 2, 208082).
cost(12, 3, 567783).
cost(12, 4, 143534).
cost(12, 5, 531467).
cost(12, 6, 267946).
cost(12, 7, 193789).
cost(12, 8, 207254).
cost(12, 9, 617857).
cost(12, 10, 435684).
cost(12, 11, 541459).
cost(12, 13, 530226).
cost(12, 14, 184060).
cost(12, 15, 373965).
cost(12, 16, 296802).
cost(12, 17, 399837).
cost(12, 18, 389824).
cost(12, 19, 349011).
cost(12, 20, 112094).
cost(12, 21, 235759).
cost(12, 22, 261289).
cost(12, 23, 303715).
cost(12, 24, 252610).
cost(12, 25, 296778).
cost(12, 26, 451621).
cost(13, 1, 433055).
cost(13, 2, 497446).
cost(13, 3, 310617).
cost(13, 4, 428301).
cost(13, 5, 345184).
cost(13, 6, 470490).
cost(13, 7, 372080).
cost(13, 8, 330768).
cost(13, 9, 488720).
cost(13, 10, 144558).
cost(13, 11, 494355).
cost(13, 12, 530226).
cost(13, 14, 591824).
cost(13, 15, 199338).
cost(13, 16, 242782).
cost(13, 17, 141179).
cost(13, 18, 140436).
cost(13, 19, 304689).
cost(13, 20, 520406).
cost(13, 21, 560600).
cost(13, 22, 791126).
cost(13, 23, 333825).
cost(13, 24, 279057).
cost(13, 25, 398075).
cost(13, 26, 565754).
cost(14, 1, 231768).
cost(14, 2, 106744).
cost(14, 3, 526458).
cost(14, 4, 170858).
cost(14, 5, 475247).
cost(14, 6, 167125).
cost(14, 7, 341215).
cost(14, 8, 326119).
cost(14, 9, 521209).
cost(14, 10, 536249).
cost(14, 11, 432760).
cost(14, 12, 184060).
cost(14, 13, 591824).
cost(14, 15, 400440).
cost(14, 16, 351277).
cost(14, 17, 450718).
cost(14, 18, 461213).
cost(14, 19, 325801).
cost(14, 20, 296149).
cost(14, 21, 76489).
cost(14, 22, 280205).
cost(14, 23, 280273).
cost(14, 24, 327652).
cost(14, 25, 235285).
cost(14, 26, 307695).
cost(15, 1, 285698).
cost(15, 2, 301335).
cost(15, 3, 235358).
cost(15, 4, 248285).
cost(15, 5, 231673).
cost(15, 6, 271184).
cost(15, 7, 272663).
cost(15, 8, 215339).
cost(15, 9, 370286).
cost(15, 10, 211611).
cost(15, 11, 343642).
cost(15, 12, 373965).
cost(15, 13, 199338).
cost(15, 14, 400440).
cost(15, 16, 85468).
cost(15, 17, 67433).
cost(15, 18, 109871).
cost(15, 19, 110312).
cost(15, 20, 399429).
cost(15, 21, 363142).
cost(15, 22, 626094).
cost(15, 23, 134545).
cost(15, 24, 136191).
cost(15, 25, 199127).
cost(15, 26, 380313).
cost(16, 1, 204384).
cost(16, 2, 263621).
cost(16, 3, 316524).
cost(16, 4, 185530).
cost(16, 5, 304560).
cost(16, 6, 252271).
cost(16, 7, 188256).
cost(16, 8, 130346).
cost(16, 9, 434689).
cost(16, 10, 198374).
cost(16, 11, 393816).
cost(16, 12, 296802).
cost(16, 13, 242782).
cost(16, 14, 351277).
cost(16, 15, 85468).
cost(16, 17, 104513).
cost(16, 18, 110460).
cost(16, 19, 140733).
cost(16, 20, 314607).
cost(16, 21, 328502).
cost(16, 22, 554252).
cost(16, 23, 134885).
cost(16, 24, 50740).
cost(16, 25, 194752).
cost(16, 26, 398481).
cost(17, 1, 305223).
cost(17, 2, 356671).
cost(17, 3, 271667).
cost(17, 4, 288797).
cost(17, 5, 280752).
cost(17, 6, 332933).
cost(17, 7, 266783).
cost(17, 8, 214976).
cost(17, 9, 424099).
cost(17, 10, 147956).
cost(17, 11, 405440).
cost(17, 12, 399837).
cost(17, 13, 141179).
cost(17, 14, 450718).
cost(17, 15, 67433).
cost(17, 16, 104513).
cost(17, 18, 50132).
cost(17, 19, 177661).
cost(17, 20, 406966).
cost(17, 21, 420242).
cost(17, 22, 658443).
cost(17, 23, 198405).
cost(17, 24, 147781).
cost(17, 25, 263503).
cost(17, 26, 447728).
cost(18, 1, 292622).
cost(18, 2, 373775).
cost(18, 3, 321273).
cost(18, 4, 293388).
cost(18, 5, 330789).
cost(18, 6, 358189).
cost(18, 7, 237699).
cost(18, 8, 191950).
cost(18, 9, 473799).
cost(18, 10, 101860).
cost(18, 11, 452719).
cost(18, 12, 389824).
cost(18, 13, 140436).
cost(18, 14, 461213).
cost(18, 15, 109871).
cost(18, 16, 110460).
cost(18, 17, 50132).
cost(18, 19, 216336).
cost(18, 20, 383557).
cost(18, 21, 438519).
cost(18, 22, 650834).
cost(18, 23, 229293).
cost(18, 24, 139738).
cost(18, 25, 293732).
cost(18, 26, 486696).
cost(19, 1, 280130).
cost(19, 2, 219884).
cost(19, 3, 218799).
cost(19, 4, 206770).
cost(19, 5, 186083).
cost(19, 6, 174796).
cost(19, 7, 308886).
cost(19, 8, 251523).
cost(19, 9, 300382).
cost(19, 10, 317694).
cost(19, 11, 253338).
cost(19, 12, 349011).
cost(19, 13, 304689).
cost(19, 14, 325801).
cost(19, 15, 110312).
cost(19, 16, 140733).
cost(19, 17, 177661).
cost(19, 18, 216336).
cost(19, 20, 404552).
cost(19, 21, 274859).
cost(19, 22, 579587).
cost(19, 23, 47470).
cost(19, 24, 175720).
cost(19, 25, 98354).
cost(19, 26, 270600).
cost(20, 1, 125047).
cost(20, 2, 309242).
cost(20, 3, 617798).
cost(20, 4, 219596).
cost(20, 5, 590620).
cost(20, 6, 362287).
cost(20, 7, 149359).
cost(20, 8, 192407).
cost(20, 9, 693308).
cost(20, 10, 402994).
cost(20, 11, 624345).
cost(20, 12, 112094).
cost(20, 13, 520406).
cost(20, 14, 296149).
cost(20, 15, 399429).
cost(20, 16, 314607).
cost(20, 17, 406966).
cost(20, 18, 383557).
cost(20, 19, 404552).
cost(20, 21, 344804).
cost(20, 22, 309713).
cost(20, 23, 364725).
cost(20, 24, 264205).
cost(20, 25, 374905).
cost(20, 26, 550527).
cost(21, 1, 256831).
cost(21, 2, 65028).
cost(21, 3, 462506).
cost(21, 4, 170431).
cost(21, 5, 408437).
cost(21, 6, 102938).
cost(21, 7, 360067).
cost(21, 8, 332872).
cost(21, 9, 446324).
cost(21, 10, 523148).
cost(21, 11, 357042).
cost(21, 12, 235759).
cost(21, 13, 560600).
cost(21, 14, 76489).
cost(21, 15, 363142).
cost(21, 16, 328502).
cost(21, 17, 420242).
cost(21, 18, 438519).
cost(21, 19, 274859).
cost(21, 20, 344804).
cost(21, 22, 355962).
cost(21, 23, 233193).
cost(21, 24, 315529).
cost(21, 25, 178151).
cost(21, 26, 232069).
cost(22, 1, 359092).
cost(22, 2, 377659).
cost(22, 3, 793273).
cost(22, 4, 379333).
cost(22, 5, 746907).
cost(22, 6, 443265).
cost(22, 7, 444632).
cost(22, 8, 467261).
cost(22, 9, 801311).
cost(22, 10, 694851).
cost(22, 11, 712902).
cost(22, 12, 261289).
cost(22, 13, 791126).
cost(22, 14, 280205).
cost(22, 15, 626094).
cost(22, 16, 554252).
cost(22, 17, 658443).
cost(22, 18, 650834).
cost(22, 19, 579587).
cost(22, 20, 309713).
cost(22, 21, 355962).
cost(22, 23, 532119).
cost(22, 24, 512565).
cost(22, 25, 502287).
cost(22, 26, 581892).
cost(23, 1, 239702).
cost(23, 2, 175371).
cost(23, 3, 264928).
cost(23, 4, 160663).
cost(23, 5, 228356).
cost(23, 6, 137139).
cost(23, 7, 280571).
cost(23, 8, 225536).
cost(23, 9, 331627).
cost(23, 10, 327421).
cost(23, 11, 274038).
cost(23, 12, 303715).
cost(23, 13, 333825).
cost(23, 14, 280273).
cost(23, 15, 134545).
cost(23, 16, 134885).
cost(23, 17, 198405).
cost(23, 18, 229293).
cost(23, 19, 47470).
cost(23, 20, 364725).
cost(23, 21, 233193).
cost(23, 22, 532119).
cost(23, 24, 157259).
cost(23, 25, 65110).
cost(23, 26, 263600).
cost(24, 1, 157443).
cost(24, 2, 250849).
cost(24, 3, 365226).
cost(24, 4, 157144).
cost(24, 5, 349850).
cost(24, 6, 252653).
cost(24, 7, 139225).
cost(24, 8, 80776).
cost(24, 9, 475126).
cost(24, 10, 209052).
cost(24, 11, 427744).
cost(24, 12, 252610).
cost(24, 13, 279057).
cost(24, 14, 327652).
cost(24, 15, 136191).
cost(24, 16, 50740).
cost(24, 17, 147781).
cost(24, 18, 139738).
cost(24, 19, 175720).
cost(24, 20, 264205).
cost(24, 21, 315529).
cost(24, 22, 512565).
cost(24, 23, 157259).
cost(24, 25, 207781).
cost(24, 26, 415725).
cost(25, 1, 252192).
cost(25, 2, 128674).
cost(25, 3, 292272).
cost(25, 4, 156602).
cost(25, 5, 244713).
cost(25, 6, 76594).
cost(25, 7, 314798).
cost(25, 8, 264809).
cost(25, 9, 321334).
cost(25, 10, 390666).
cost(25, 11, 249486).
cost(25, 12, 296778).
cost(25, 13, 398075).
cost(25, 14, 235285).
cost(25, 15, 199127).
cost(25, 16, 194752).
cost(25, 17, 263503).
cost(25, 18, 293732).
cost(25, 19, 98354).
cost(25, 20, 374905).
cost(25, 21, 178151).
cost(25, 22, 502287).
cost(25, 23, 65110).
cost(25, 24, 207781).
cost(25, 26, 208072).
cost(26, 1, 438342).
cost(26, 2, 243543).
cost(26, 3, 343335).
cost(26, 4, 336542).
cost(26, 5, 280833).
cost(26, 6, 189124).
cost(26, 7, 517236).
cost(26, 8, 470674).
cost(26, 9, 248741).
cost(26, 10, 587538).
cost(26, 11, 156685).
cost(26, 12, 451621).
cost(26, 13, 565754).
cost(26, 14, 307695).
cost(26, 15, 380313).
cost(26, 16, 398481).
cost(26, 17, 447728).
cost(26, 18, 486696).
cost(26, 19, 270600).
cost(26, 20, 550527).
cost(26, 21, 232069).
cost(26, 22, 581892).
cost(26, 23, 263600).
cost(26, 24, 415725).
cost(26, 25, 208072).
nocross(1,8).
nocross(1,12).
nocross(1,14).
nocross(1,24).
nocross(2,1).
nocross(2,6).
nocross(2,25).
nocross(3,5).
nocross(3,9).
nocross(3,16).
nocross(3,19).
nocross(4,8).
nocross(4,14).
nocross(4,16).
nocross(4,19).
nocross(4,24).
nocross(5,3).
nocross(5,9).
nocross(5,19).
nocross(5,25).
nocross(6,2).
nocross(6,21).
nocross(6,25).
nocross(7,8).
nocross(7,10).
nocross(7,16).
nocross(7,17).
nocross(8,7).
nocross(8,10).
nocross(8,17).
nocross(9,5).
nocross(9,11).
nocross(9,19).
nocross(10,8).
nocross(10,16).
nocross(10,17).
nocross(10,18).
nocross(10,24).
nocross(11,5).
nocross(11,9).
nocross(11,19).
nocross(11,26).
nocross(12,7).
nocross(12,8).
nocross(12,14).
nocross(13,3).
nocross(13,10).
nocross(13,17).
nocross(13,18).
nocross(14,2).
nocross(14,4).
nocross(14,12).
nocross(14,21).
nocross(15,3).
nocross(15,5).
nocross(15,10).
nocross(15,16).
nocross(15,17).
nocross(15,19).
nocross(16,7).
nocross(16,8).
nocross(16,10).
nocross(16,15).
nocross(16,17).
nocross(16,18).
nocross(16,19).
nocross(17,8).
nocross(17,10).
nocross(17,13).
nocross(17,15).
nocross(17,16).
nocross(17,18).
nocross(17,19).
nocross(17,24).
nocross(18,8).
nocross(18,15).
nocross(18,16).
nocross(18,17).
nocross(18,19).
nocross(18,24).
nocross(19,8).
nocross(19,11).
nocross(19,15).
nocross(19,16).
nocross(19,17).
nocross(19,23).
nocross(19,25).
nocross(20,7).
nocross(20,8).
nocross(20,12).
nocross(21,2).
nocross(21,6).
nocross(21,14).
nocross(22,12).
nocross(22,14).
nocross(23,5).
nocross(23,6).
nocross(23,8).
nocross(23,15).
nocross(23,16).
nocross(23,17).
nocross(23,19).
nocross(23,25).
nocross(24,7).
nocross(24,8).
nocross(24,16).
nocross(24,17).
nocross(24,19).
nocross(25,2).
nocross(25,5).
nocross(25,6).
nocross(25,9).
nocross(25,19).
nocross(25,21).
nocross(25,23).
nocross(26,5).
nocross(26,6).
nocross(26,9).
nocross(26,11).
nocross(26,19).
nocross(26,21).
nocross(26,25).
