dimension(26).
point(1, -182030.0, 236106.0).
point(2, 236954.0, 96347.0).
point(3, -157168.0, 45682.0).
point(4, 631178.0, -44264.0).
point(5, -62765.0, 57454.0).
point(6, -68973.0, 235307.0).
point(7, 23429.0, 134356.0).
point(8, 132986.0, -53917.0).
point(9, 73153.0, 218198.0).
point(10, 23014.0, 221387.0).
point(11, -111552.0, -376737.0).
point(12, 157690.0, -293948.0).
point(13, -145351.0, -101153.0).
point(14, 160680.0, 229389.0).
point(15, -181111.0, -9729.0).
point(16, -12424.0, 100473.0).
point(17, 36470.0, 283850.0).
point(18, 84802.0, -424249.0).
point(19, 263014.0, -14952.0).
point(20, -31403.0, -8400.0).
point(21, 67875.0, -3381.0).
point(22, -32227.0, -13526.0).
point(23, -35206.0, 330036.0).
point(24, -79221.0, -221830.0).
point(25, -7367.0, 164406.0).
point(26, -300466.0, -281038.0).
cost(1, 2, 441679).
cost(1, 3, 192040).
cost(1, 4, 860183).
cost(1, 5, 214804).
cost(1, 6, 113060).
cost(1, 7, 229274).
cost(1, 8, 428192).
cost(1, 9, 255811).
cost(1, 10, 205572).
cost(1, 11, 616882).
cost(1, 12, 629577).
cost(1, 13, 339248).
cost(1, 14, 342776).
cost(1, 15, 245837).
cost(1, 16, 217169).
cost(1, 17, 223655).
cost(1, 18, 712228).
cost(1, 19, 510974).
cost(1, 20, 287179).
cost(1, 21, 346131).
cost(1, 22, 291131).
cost(1, 23, 174299).
cost(1, 24, 469335).
cost(1, 25, 188807).
cost(1, 26, 530533).
cost(2, 1, 441679).
cost(2, 3, 397365).
cost(2, 4, 418550).
cost(2, 5, 302232).
cost(2, 6, 336008).
cost(2, 7, 216882).
cost(2, 8, 182726).
cost(2, 9, 204153).
cost(2, 10, 247801).
cost(2, 11, 587592).
cost(2, 12, 398262).
cost(2, 13, 430306).
cost(2, 14, 153355).
cost(2, 15, 431312).
cost(2, 16, 249412).
cost(2, 17, 274502).
cost(2, 18, 542375).
cost(2, 19, 114309).
cost(2, 20, 288075).
cost(2, 21, 196299).
cost(2, 22, 290741).
cost(2, 23, 358722).
cost(2, 24, 448557).
cost(2, 25, 253623).
cost(2, 26, 656688).
cost(3, 1, 192040).
cost(3, 2, 397365).
cost(3, 4, 793461).
cost(3, 5, 95134).
cost(3, 6, 209132).
cost(3, 7, 201192).
cost(3, 8, 306772).
cost(3, 9, 287766).
cost(3, 10, 251670).
cost(3, 11, 424875).
cost(3, 12, 463124).
cost(3, 13, 147310).
cost(3, 14, 367118).
cost(3, 15, 60363).
cost(3, 16, 154767).
cost(3, 17, 306952).
cost(3, 18, 528568).
cost(3, 19, 424534).
cost(3, 20, 136900).
cost(3, 21, 230329).
cost(3, 22, 138260).
cost(3, 23, 309406).
cost(3, 24, 278637).
cost(3, 25, 191143).
cost(3, 26, 356764).
cost(4, 1, 860183).
cost(4, 2, 418550).
cost(4, 3, 793461).
cost(4, 5, 701358).
cost(4, 6, 753904).
cost(4, 7, 633454).
cost(4, 8, 498286).
cost(4, 9, 616667).
cost(4, 10, 663652).
cost(4, 11, 813748).
cost(4, 12, 535288).
cost(4, 13, 778610).
cost(4, 14, 544293).
cost(4, 15, 813023).
cost(4, 16, 659676).
cost(4, 17, 679217).
cost(4, 18, 665519).
cost(4, 19, 369329).
cost(4, 20, 663551).
cost(4, 21, 564785).
cost(4, 22, 664117).
cost(4, 23, 764309).
cost(4, 24, 732254).
cost(4, 25, 671776).
cost(4, 26, 961261).
cost(5, 1, 214804).
cost(5, 2, 302232).
cost(5, 3, 95134).
cost(5, 4, 701358).
cost(5, 6, 177961).
cost(5, 7, 115513).
cost(5, 8, 225215).
cost(5, 9, 210505).
cost(5, 10, 185019).
cost(5, 11, 436923).
cost(5, 12, 414830).
cost(5, 13, 178820).
cost(5, 14, 281938).
cost(5, 15, 136086).
cost(5, 16, 66218).
cost(5, 17, 247190).
cost(5, 18, 503799).
cost(5, 19, 333728).
cost(5, 20, 72941).
cost(5, 21, 144110).
cost(5, 22, 77270).
cost(5, 23, 273972).
cost(5, 24, 279768).
cost(5, 25, 120448).
cost(5, 26, 413616).
cost(6, 1, 113060).
cost(6, 2, 336008).
cost(6, 3, 209132).
cost(6, 4, 753904).
cost(6, 5, 177961).
cost(6, 7, 136855).
cost(6, 8, 352758).
cost(6, 9, 143152).
cost(6, 10, 93034).
cost(6, 11, 613523).
cost(6, 12, 575749).
cost(6, 13, 345020).
cost(6, 14, 229729).
cost(6, 15, 269476).
cost(6, 16, 146212).
cost(6, 17, 116080).
cost(6, 18, 677245).
cost(6, 19, 415746).
cost(6, 20, 246586).
cost(6, 21, 275135).
cost(6, 22, 251532).
cost(6, 23, 100567).
cost(6, 24, 457252).
cost(6, 25, 93927).
cost(6, 26, 565863).
cost(7, 1, 229274).
cost(7, 2, 216882).
cost(7, 3, 201192).
cost(7, 4, 633454).
cost(7, 5, 115513).
cost(7, 6, 136855).
cost(7, 8, 217829).
cost(7, 9, 97478).
cost(7, 10, 87032).
cost(7, 11, 528617).
cost(7, 12, 448854).
cost(7, 13, 289743).
cost(7, 14, 166940).
cost(7, 15, 250194).
cost(7, 16, 49330).
cost(7, 17, 150062).
cost(7, 18, 561966).
cost(7, 19, 282301).
cost(7, 20, 152924).
cost(7, 21, 144731).
cost(7, 22, 158008).
cost(7, 23, 204276).
cost(7, 24, 370682).
cost(7, 25, 43028).
cost(7, 26, 526745).
cost(8, 1, 428192).
cost(8, 2, 182726).
cost(8, 3, 306772).
cost(8, 4, 498286).
cost(8, 5, 225215).
cost(8, 6, 352758).
cost(8, 7, 217829).
cost(8, 9, 278615).
cost(8, 10, 296456).
cost(8, 11, 404983).
cost(8, 12, 241299).
cost(8, 13, 282317).
cost(8, 14, 284656).
cost(8, 15, 317190).
cost(8, 16, 212086).
cost(8, 17, 351286).
cost(8, 18, 373453).
cost(8, 19, 135741).
cost(8, 20, 170574).
cost(8, 21, 82422).
cost(8, 22, 170079).
cost(8, 23, 419176).
cost(8, 24, 270604).
cost(8, 25, 259546).
cost(8, 26, 489351).
cost(9, 1, 255811).
cost(9, 2, 204153).
cost(9, 3, 287766).
cost(9, 4, 616667).
cost(9, 5, 210505).
cost(9, 6, 143152).
cost(9, 7, 97478).
cost(9, 8, 278615).
cost(9, 10, 50240).
cost(9, 11, 622948).
cost(9, 12, 519076).
cost(9, 13, 386948).
cost(9, 14, 88240).
cost(9, 15, 341469).
cost(9, 16, 145542).
cost(9, 17, 75205).
cost(9, 18, 642553).
cost(9, 19, 300676).
cost(9, 20, 249557).
cost(9, 21, 221642).
cost(9, 22, 254560).
cost(9, 23, 155722).
cost(9, 24, 465663).
cost(9, 25, 96835).
cost(9, 26, 623561).
cost(10, 1, 205572).
cost(10, 2, 247801).
cost(10, 3, 251670).
cost(10, 4, 663652).
cost(10, 5, 185019).
cost(10, 6, 93034).
cost(10, 7, 87032).
cost(10, 8, 296456).
cost(10, 9, 50240).
cost(10, 11, 613074).
cost(10, 12, 532642).
cost(10, 13, 363839).
cost(10, 14, 137898).
cost(10, 15, 308353).
cost(10, 16, 126000).
cost(10, 17, 63896).
cost(10, 18, 648586).
cost(10, 19, 336832).
cost(10, 20, 236142).
cost(10, 21, 229201).
cost(10, 22, 241321).
cost(10, 23, 123265).
cost(10, 24, 454855).
cost(10, 25, 64574).
cost(10, 26, 597554).
cost(11, 1, 616882).
cost(11, 2, 587592).
cost(11, 3, 424875).
cost(11, 4, 813748).
cost(11, 5, 436923).
cost(11, 6, 613523).
cost(11, 7, 528617).
cost(11, 8, 404983).
cost(11, 9, 622948).
cost(11, 10, 613074).
cost(11, 12, 281683).
cost(11, 13, 277649).
cost(11, 14, 664454).
cost(11, 15, 373542).
cost(11, 16, 487397).
cost(11, 17, 676968).
cost(11, 18, 202021).
cost(11, 19, 520757).
cost(11, 20, 376956).
cost(11, 21, 414233).
cost(11, 22, 371772).
cost(11, 23, 710885).
cost(11, 24, 158245).
cost(11, 25, 551081).
cost(11, 26, 211771).
cost(12, 1, 629577).
cost(12, 2, 398262).
cost(12, 3, 463124).
cost(12, 4, 535288).
cost(12, 5, 414830).
cost(12, 6, 575749).
cost(12, 7, 448854).
cost(12, 8, 241299).
cost(12, 9, 519076).
cost(12, 10, 532642).
cost(12, 11, 281683).
cost(12, 13, 359171).
cost(12, 14, 523346).
cost(12, 15, 442229).
cost(12, 16, 429542).
cost(12, 17, 590377).
cost(12, 18, 149302).
cost(12, 19, 298215).
cost(12, 20, 342482).
cost(12, 21, 304131).
cost(12, 22, 338681).
cost(12, 23, 653119).
cost(12, 24, 247645).
cost(12, 25, 487168).
cost(12, 26, 458338).
cost(13, 1, 339248).
cost(13, 2, 430306).
cost(13, 3, 147310).
cost(13, 4, 778610).
cost(13, 5, 178820).
cost(13, 6, 345020).
cost(13, 7, 289743).
cost(13, 8, 282317).
cost(13, 9, 386948).
cost(13, 10, 363839).
cost(13, 11, 277649).
cost(13, 12, 359171).
cost(13, 14, 450459).
cost(13, 15, 98169).
cost(13, 16, 241501).
cost(13, 17, 425777).
cost(13, 18, 396688).
cost(13, 19, 417364).
cost(13, 20, 146926).
cost(13, 21, 234573).
cost(13, 22, 143093).
cost(13, 23, 445035).
cost(13, 24, 137609).
cost(13, 25, 299268).
cost(13, 26, 237527).
cost(14, 1, 342776).
cost(14, 2, 153355).
cost(14, 3, 367118).
cost(14, 4, 544293).
cost(14, 5, 281938).
cost(14, 6, 229729).
cost(14, 7, 166940).
cost(14, 8, 284656).
cost(14, 9, 88240).
cost(14, 10, 137898).
cost(14, 11, 664454).
cost(14, 12, 523346).
cost(14, 13, 450459).
cost(14, 15, 417131).
cost(14, 16, 215834).
cost(14, 17, 135625).
cost(14, 18, 658027).
cost(14, 19, 264905).
cost(14, 20, 305679).
cost(14, 21, 250589).
cost(14, 22, 310195).
cost(14, 23, 220230).
cost(14, 24, 511029).
cost(14, 25, 180174).
cost(14, 26, 687889).
cost(15, 1, 245837).
cost(15, 2, 431312).
cost(15, 3, 60363).
cost(15, 4, 813023).
cost(15, 5, 136086).
cost(15, 6, 269476).
cost(15, 7, 250194).
cost(15, 8, 317190).
cost(15, 9, 341469).
cost(15, 10, 308353).
cost(15, 11, 373542).
cost(15, 12, 442229).
cost(15, 13, 98169).
cost(15, 14, 417131).
cost(15, 16, 201494).
cost(15, 17, 365418).
cost(15, 18, 492480).
cost(15, 19, 444156).
cost(15, 20, 149714).
cost(15, 21, 249067).
cost(15, 22, 148932).
cost(15, 23, 369768).
cost(15, 24, 235305).
cost(15, 25, 245988).
cost(15, 26, 296402).
cost(16, 1, 217169).
cost(16, 2, 249412).
cost(16, 3, 154767).
cost(16, 4, 659676).
cost(16, 5, 66218).
cost(16, 6, 146212).
cost(16, 7, 49330).
cost(16, 8, 212086).
cost(16, 9, 145542).
cost(16, 10, 126000).
cost(16, 11, 487397).
cost(16, 12, 429542).
cost(16, 13, 241501).
cost(16, 14, 215834).
cost(16, 15, 201494).
cost(16, 17, 189783).
cost(16, 18, 533654).
cost(16, 19, 298645).
cost(16, 20, 110515).
cost(16, 21, 131277).
cost(16, 22, 115706).
cost(16, 23, 230691).
cost(16, 24, 329152).
cost(16, 25, 64133).
cost(16, 26, 478036).
cost(17, 1, 223655).
cost(17, 2, 274502).
cost(17, 3, 306952).
cost(17, 4, 679217).
cost(17, 5, 247190).
cost(17, 6, 116080).
cost(17, 7, 150062).
cost(17, 8, 351286).
cost(17, 9, 75205).
cost(17, 10, 63896).
cost(17, 11, 676968).
cost(17, 12, 590377).
cost(17, 13, 425777).
cost(17, 14, 135625).
cost(17, 15, 365418).
cost(17, 16, 189783).
cost(17, 18, 709747).
cost(17, 19, 374973).
cost(17, 20, 300028).
cost(17, 21, 288943).
cost(17, 22, 305208).
cost(17, 23, 85268).
cost(17, 24, 518745).
cost(17, 25, 127234).
cost(17, 26, 657742).
cost(18, 1, 712228).
cost(18, 2, 542375).
cost(18, 3, 528568).
cost(18, 4, 665519).
cost(18, 5, 503799).
cost(18, 6, 677245).
cost(18, 7, 561966).
cost(18, 8, 373453).
cost(18, 9, 642553).
cost(18, 10, 648586).
cost(18, 11, 202021).
cost(18, 12, 149302).
cost(18, 13, 396688).
cost(18, 14, 658027).
cost(18, 15, 492480).
cost(18, 16, 533654).
cost(18, 17, 709747).
cost(18, 19, 446412).
cost(18, 20, 431780).
cost(18, 21, 421208).
cost(18, 22, 427070).
cost(18, 23, 763772).
cost(18, 24, 260532).
cost(18, 25, 595827).
cost(18, 26, 411024).
cost(19, 1, 510974).
cost(19, 2, 114309).
cost(19, 3, 424534).
cost(19, 4, 369329).
cost(19, 5, 333728).
cost(19, 6, 415746).
cost(19, 7, 282301).
cost(19, 8, 135741).
cost(19, 9, 300676).
cost(19, 10, 336832).
cost(19, 11, 520757).
cost(19, 12, 298215).
cost(19, 13, 417364).
cost(19, 14, 264905).
cost(19, 15, 444156).
cost(19, 16, 298645).
cost(19, 17, 374973).
cost(19, 18, 446412).
cost(19, 20, 294490).
cost(19, 21, 195482).
cost(19, 22, 295244).
cost(19, 23, 456017).
cost(19, 24, 399904).
cost(19, 25, 324461).
cost(19, 26, 623146).
cost(20, 1, 287179).
cost(20, 2, 288075).
cost(20, 3, 136900).
cost(20, 4, 663551).
cost(20, 5, 72941).
cost(20, 6, 246586).
cost(20, 7, 152924).
cost(20, 8, 170574).
cost(20, 9, 249557).
cost(20, 10, 236142).
cost(20, 11, 376956).
cost(20, 12, 342482).
cost(20, 13, 146926).
cost(20, 14, 305679).
cost(20, 15, 149714).
cost(20, 16, 110515).
cost(20, 17, 300028).
cost(20, 18, 431780).
cost(20, 19, 294490).
cost(20, 21, 99405).
cost(20, 22, 5192).
cost(20, 23, 338457).
cost(20, 24, 218721).
cost(20, 25, 174470).
cost(20, 26, 383049).
cost(21, 1, 346131).
cost(21, 2, 196299).
cost(21, 3, 230329).
cost(21, 4, 564785).
cost(21, 5, 144110).
cost(21, 6, 275135).
cost(21, 7, 144731).
cost(21, 8, 82422).
cost(21, 9, 221642).
cost(21, 10, 229201).
cost(21, 11, 414233).
cost(21, 12, 304131).
cost(21, 13, 234573).
cost(21, 14, 250589).
cost(21, 15, 249067).
cost(21, 16, 131277).
cost(21, 17, 288943).
cost(21, 18, 421208).
cost(21, 19, 195482).
cost(21, 20, 99405).
cost(21, 22, 100615).
cost(21, 23, 348988).
cost(21, 24, 263358).
cost(21, 25, 183885).
cost(21, 26, 461268).
cost(22, 1, 291131).
cost(22, 2, 290741).
cost(22, 3, 138260).
cost(22, 4, 664117).
cost(22, 5, 77270).
cost(22, 6, 251532).
cost(22, 7, 158008).
cost(22, 8, 170079).
cost(22, 9, 254560).
cost(22, 10, 241321).
cost(22, 11, 371772).
cost(22, 12, 338681).
cost(22, 13, 143093).
cost(22, 14, 310195).
cost(22, 15, 148932).
cost(22, 16, 115706).
cost(22, 17, 305208).
cost(22, 18, 427070).
cost(22, 19, 295244).
cost(22, 20, 5192).
cost(22, 21, 100615).
cost(22, 23, 343575).
cost(22, 24, 213539).
cost(22, 25, 179660).
cost(22, 26, 378834).
cost(23, 1, 174299).
cost(23, 2, 358722).
cost(23, 3, 309406).
cost(23, 4, 764309).
cost(23, 5, 273972).
cost(23, 6, 100567).
cost(23, 7, 204276).
cost(23, 8, 419176).
cost(23, 9, 155722).
cost(23, 10, 123265).
cost(23, 11, 710885).
cost(23, 12, 653119).
cost(23, 13, 445035).
cost(23, 14, 220230).
cost(23, 15, 369768).
cost(23, 16, 230691).
cost(23, 17, 85268).
cost(23, 18, 763772).
cost(23, 19, 456017).
cost(23, 20, 338457).
cost(23, 21, 348988).
cost(23, 22, 343575).
cost(23, 24, 553618).
cost(23, 25, 167953).
cost(23, 26, 666164).
cost(24, 1, 469335).
cost(24, 2, 448557).
cost(24, 3, 278637).
cost(24, 4, 732254).
cost(24, 5, 279768).
cost(24, 6, 457252).
cost(24, 7, 370682).
cost(24, 8, 270604).
cost(24, 9, 465663).
cost(24, 10, 454855).
cost(24, 11, 158245).
cost(24, 12, 247645).
cost(24, 13, 137609).
cost(24, 14, 511029).
cost(24, 15, 235305).
cost(24, 16, 329152).
cost(24, 17, 518745).
cost(24, 18, 260532).
cost(24, 19, 399904).
cost(24, 20, 218721).
cost(24, 21, 263358).
cost(24, 22, 213539).
cost(24, 23, 553618).
cost(24, 25, 392863).
cost(24, 26, 229030).
cost(25, 1, 188807).
cost(25, 2, 253623).
cost(25, 3, 191143).
cost(25, 4, 671776).
cost(25, 5, 120448).
cost(25, 6, 93927).
cost(25, 7, 43028).
cost(25, 8, 259546).
cost(25, 9, 96835).
cost(25, 10, 64574).
cost(25, 11, 551081).
cost(25, 12, 487168).
cost(25, 13, 299268).
cost(25, 14, 180174).
cost(25, 15, 245988).
cost(25, 16, 64133).
cost(25, 17, 127234).
cost(25, 18, 595827).
cost(25, 19, 324461).
cost(25, 20, 174470).
cost(25, 21, 183885).
cost(25, 22, 179660).
cost(25, 23, 167953).
cost(25, 24, 392863).
cost(25, 26, 533224).
cost(26, 1, 530533).
cost(26, 2, 656688).
cost(26, 3, 356764).
cost(26, 4, 961261).
cost(26, 5, 413616).
cost(26, 6, 565863).
cost(26, 7, 526745).
cost(26, 8, 489351).
cost(26, 9, 623561).
cost(26, 10, 597554).
cost(26, 11, 211771).
cost(26, 12, 458338).
cost(26, 13, 237527).
cost(26, 14, 687889).
cost(26, 15, 296402).
cost(26, 16, 478036).
cost(26, 17, 657742).
cost(26, 18, 411024).
cost(26, 19, 623146).
cost(26, 20, 383049).
cost(26, 21, 461268).
cost(26, 22, 378834).
cost(26, 23, 666164).
cost(26, 24, 229030).
cost(26, 25, 533224).
nocross(1,3).
nocross(1,5).
nocross(1,15).
nocross(1,23).
nocross(2,4).
nocross(2,8).
nocross(2,14).
nocross(2,19).
nocross(2,20).
nocross(2,21).
nocross(2,22).
nocross(3,5).
nocross(3,7).
nocross(3,13).
nocross(3,15).
nocross(3,20).
nocross(3,22).
nocross(3,23).
nocross(3,25).
nocross(4,2).
nocross(4,8).
nocross(4,14).
nocross(4,19).
nocross(5,3).
nocross(5,15).
nocross(5,20).
nocross(5,21).
nocross(5,22).
nocross(5,25).
nocross(6,3).
nocross(6,7).
nocross(6,10).
nocross(6,14).
nocross(6,15).
nocross(6,16).
nocross(6,17).
nocross(6,20).
nocross(6,23).
nocross(6,25).
nocross(7,3).
nocross(7,9).
nocross(7,10).
nocross(7,20).
nocross(7,21).
nocross(7,22).
nocross(7,25).
nocross(8,4).
nocross(8,12).
nocross(8,19).
nocross(8,21).
nocross(9,7).
nocross(9,10).
nocross(9,14).
nocross(9,17).
nocross(9,22).
nocross(9,23).
nocross(9,25).
nocross(10,3).
nocross(10,7).
nocross(10,17).
nocross(10,22).
nocross(10,25).
nocross(11,8).
nocross(11,12).
nocross(11,13).
nocross(11,18).
nocross(11,20).
nocross(11,22).
nocross(11,24).
nocross(12,4).
nocross(12,8).
nocross(12,15).
nocross(12,18).
nocross(12,21).
nocross(13,3).
nocross(13,8).
nocross(13,12).
nocross(13,15).
nocross(13,18).
nocross(13,20).
nocross(13,22).
nocross(13,24).
nocross(13,26).
nocross(14,9).
nocross(14,17).
nocross(14,20).
nocross(14,22).
nocross(15,3).
nocross(15,13).
nocross(15,20).
nocross(15,22).
nocross(16,7).
nocross(16,20).
nocross(16,21).
nocross(16,25).
nocross(17,3).
nocross(17,9).
nocross(17,10).
nocross(17,14).
nocross(17,23).
nocross(17,25).
nocross(18,4).
nocross(18,8).
nocross(18,12).
nocross(18,15).
nocross(18,21).
nocross(18,22).
nocross(19,2).
nocross(19,8).
nocross(19,12).
nocross(19,20).
nocross(19,22).
nocross(20,3).
nocross(20,5).
nocross(20,7).
nocross(20,13).
nocross(20,15).
nocross(20,21).
nocross(20,22).
nocross(21,5).
nocross(21,7).
nocross(21,8).
nocross(21,9).
nocross(21,10).
nocross(21,12).
nocross(21,15).
nocross(21,18).
nocross(21,20).
nocross(21,22).
nocross(22,3).
nocross(22,8).
nocross(22,13).
nocross(22,15).
nocross(22,18).
nocross(22,20).
nocross(22,21).
nocross(22,24).
nocross(23,6).
nocross(23,10).
nocross(24,3).
nocross(24,4).
nocross(24,8).
nocross(24,13).
nocross(24,15).
nocross(24,18).
nocross(24,20).
nocross(24,21).
nocross(24,22).
nocross(25,3).
nocross(25,7).
nocross(25,10).
nocross(25,16).
nocross(25,20).
nocross(25,23).
nocross(26,11).
nocross(26,13).
nocross(26,15).
nocross(26,22).
nocross(26,24).
