dimension(26).
point(1, -132113.0, -269564.0).
point(2, -95756.0, -112284.0).
point(3, -42897.0, 35691.0).
point(4, -14750.0, -84889.0).
point(5, -317044.0, 94229.0).
point(6, -129378.0, -206630.0).
point(7, -270669.0, 76351.0).
point(8, 176114.0, 215579.0).
point(9, 220960.0, -112330.0).
point(10, -116106.0, -119547.0).
point(11, 35728.0, 93600.0).
point(12, -111326.0, -33396.0).
point(13, 22966.0, -7034.0).
point(14, -230326.0, 351215.0).
point(15, -72366.0, 66474.0).
point(16, -96640.0, -1161.0).
point(17, -33605.0, 12144.0).
point(18, -179625.0, 189868.0).
point(19, 2117.0, 232598.0).
point(20, 6672.0, -248489.0).
point(21, 86423.0, 174578.0).
point(22, 11958.0, 80908.0).
point(23, 255473.0, 15173.0).
point(24, 136651.0, -43589.0).
point(25, 105978.0, 169807.0).
point(26, 18741.0, -305313.0).
cost(1, 2, 161427).
cost(1, 3, 318025).
cost(1, 4, 218813).
cost(1, 5, 408099).
cost(1, 6, 62993).
cost(1, 7, 372632).
cost(1, 8, 574776).
cost(1, 9, 386501).
cost(1, 10, 150869).
cost(1, 11, 400073).
cost(1, 12, 237081).
cost(1, 13, 304912).
cost(1, 14, 628500).
cost(1, 15, 341308).
cost(1, 16, 270737).
cost(1, 17, 298435).
cost(1, 18, 461882).
cost(1, 19, 519793).
cost(1, 20, 140376).
cost(1, 21, 494995).
cost(1, 22, 378929).
cost(1, 23, 480935).
cost(1, 24, 351139).
cost(1, 25, 499734).
cost(1, 26, 155032).
cost(2, 1, 161427).
cost(2, 3, 157133).
cost(2, 4, 85513).
cost(2, 5, 302681).
cost(2, 6, 100158).
cost(2, 7, 257250).
cost(2, 8, 425920).
cost(2, 9, 316716).
cost(2, 10, 21607).
cost(2, 11, 244287).
cost(2, 12, 80410).
cost(2, 13, 158658).
cost(2, 14, 482639).
cost(2, 15, 180282).
cost(2, 16, 111127).
cost(2, 17, 139087).
cost(2, 18, 313576).
cost(2, 19, 358501).
cost(2, 20, 170421).
cost(2, 21, 339822).
cost(2, 22, 221191).
cost(2, 23, 373640).
cost(2, 24, 242347).
cost(2, 25, 346802).
cost(2, 26, 224432).
cost(3, 1, 318025).
cost(3, 2, 157133).
cost(3, 4, 123822).
cost(3, 5, 280327).
cost(3, 6, 257291).
cost(3, 7, 231373).
cost(3, 8, 283418).
cost(3, 9, 302540).
cost(3, 10, 171634).
cost(3, 11, 97649).
cost(3, 12, 97240).
cost(3, 13, 78507).
cost(3, 14, 366995).
cost(3, 15, 42615).
cost(3, 16, 65164).
cost(3, 17, 25314).
cost(3, 18, 206071).
cost(3, 19, 201987).
cost(3, 20, 288471).
cost(3, 21, 189772).
cost(3, 22, 71089).
cost(3, 23, 299075).
cost(3, 24, 196272).
cost(3, 25, 200377).
cost(3, 26, 346530).
cost(4, 1, 218813).
cost(4, 2, 85513).
cost(4, 3, 123822).
cost(4, 5, 351376).
cost(4, 6, 167214).
cost(4, 7, 302478).
cost(4, 8, 355964).
cost(4, 9, 237302).
cost(4, 10, 107118).
cost(4, 11, 185489).
cost(4, 12, 109446).
cost(4, 13, 86510).
cost(4, 14, 486477).
cost(4, 15, 161958).
cost(4, 16, 117117).
cost(4, 17, 98848).
cost(4, 18, 320430).
cost(4, 19, 317935).
cost(4, 20, 164997).
cost(4, 21, 278494).
cost(4, 22, 167934).
cost(4, 23, 288154).
cost(4, 24, 156933).
cost(4, 25, 281860).
cost(4, 26, 222954).
cost(5, 1, 408099).
cost(5, 2, 302681).
cost(5, 3, 280327).
cost(5, 4, 351376).
cost(5, 6, 354591).
cost(5, 7, 49702).
cost(5, 8, 507869).
cost(5, 9, 576294).
cost(5, 10, 293388).
cost(5, 11, 352773).
cost(5, 12, 242091).
cost(5, 13, 354769).
cost(5, 14, 271223).
cost(5, 15, 246247).
cost(5, 16, 240161).
cost(5, 17, 295086).
cost(5, 18, 167424).
cost(5, 19, 347865).
cost(5, 20, 471432).
cost(5, 21, 411390).
cost(5, 22, 329272).
cost(5, 23, 577949).
cost(5, 24, 474166).
cost(5, 25, 429720).
cost(5, 26, 521906).
cost(6, 1, 62993).
cost(6, 2, 100158).
cost(6, 3, 257291).
cost(6, 4, 167214).
cost(6, 5, 354591).
cost(6, 7, 316293).
cost(6, 8, 521139).
cost(6, 9, 362807).
cost(6, 10, 88089).
cost(6, 11, 342634).
cost(6, 12, 174172).
cost(6, 13, 251092).
cost(6, 14, 566905).
cost(6, 15, 278991).
cost(6, 16, 208061).
cost(6, 17, 238819).
cost(6, 18, 399669).
cost(6, 19, 458489).
cost(6, 20, 142344).
cost(6, 21, 438052).
cost(6, 22, 320397).
cost(6, 23, 444192).
cost(6, 24, 312016).
cost(6, 25, 443956).
cost(6, 26, 177982).
cost(7, 1, 372632).
cost(7, 2, 257250).
cost(7, 3, 231373).
cost(7, 4, 302478).
cost(7, 5, 49702).
cost(7, 6, 316293).
cost(7, 8, 467974).
cost(7, 9, 526592).
cost(7, 10, 249531).
cost(7, 11, 306882).
cost(7, 12, 193480).
cost(7, 13, 305245).
cost(7, 14, 277809).
cost(7, 15, 198549).
cost(7, 16, 190510).
cost(7, 17, 245605).
cost(7, 18, 145517).
cost(7, 19, 314365).
cost(7, 20, 427129).
cost(7, 21, 370356).
cost(7, 22, 282664).
cost(7, 23, 529687).
cost(7, 24, 424612).
cost(7, 25, 388068).
cost(7, 26, 478984).
cost(8, 1, 574776).
cost(8, 2, 425920).
cost(8, 3, 283418).
cost(8, 4, 355964).
cost(8, 5, 507869).
cost(8, 6, 521139).
cost(8, 7, 467974).
cost(8, 9, 330961).
cost(8, 10, 444637).
cost(8, 11, 185976).
cost(8, 12, 380277).
cost(8, 13, 270205).
cost(8, 14, 428475).
cost(8, 15, 289784).
cost(8, 16, 348383).
cost(8, 17, 292178).
cost(8, 18, 356667).
cost(8, 19, 174827).
cost(8, 20, 494034).
cost(8, 21, 98618).
cost(8, 22, 212329).
cost(8, 23, 215547).
cost(8, 24, 262155).
cost(8, 25, 83750).
cost(8, 26, 544146).
cost(9, 1, 386501).
cost(9, 2, 316716).
cost(9, 3, 302540).
cost(9, 4, 237302).
cost(9, 5, 576294).
cost(9, 6, 362807).
cost(9, 7, 526592).
cost(9, 8, 330961).
cost(9, 10, 337143).
cost(9, 11, 276980).
cost(9, 12, 341533).
cost(9, 13, 224252).
cost(9, 14, 646941).
cost(9, 15, 343527).
cost(9, 16, 336494).
cost(9, 17, 283367).
cost(9, 18, 501789).
cost(9, 19, 408494).
cost(9, 20, 253887).
cost(9, 21, 316885).
cost(9, 22, 284645).
cost(9, 23, 132091).
cost(9, 24, 108781).
cost(9, 25, 304667).
cost(9, 26, 279526).
cost(10, 1, 150869).
cost(10, 2, 21607).
cost(10, 3, 171634).
cost(10, 4, 107118).
cost(10, 5, 293388).
cost(10, 6, 88089).
cost(10, 7, 249531).
cost(10, 8, 444637).
cost(10, 9, 337143).
cost(10, 11, 261697).
cost(10, 12, 86284).
cost(10, 13, 178886).
cost(10, 14, 484420).
cost(10, 15, 191094).
cost(10, 16, 119976).
cost(10, 17, 155399).
cost(10, 18, 315868).
cost(10, 19, 371460).
cost(10, 20, 178046).
cost(10, 21, 357110).
cost(10, 22, 237871).
cost(10, 23, 395247).
cost(10, 24, 263924).
cost(10, 25, 364756).
cost(10, 26, 229549).
cost(11, 1, 400073).
cost(11, 2, 244287).
cost(11, 3, 97649).
cost(11, 4, 185489).
cost(11, 5, 352773).
cost(11, 6, 342634).
cost(11, 7, 306882).
cost(11, 8, 185976).
cost(11, 9, 276980).
cost(11, 10, 261697).
cost(11, 12, 194301).
cost(11, 13, 101440).
cost(11, 14, 370338).
cost(11, 15, 111446).
cost(11, 16, 162791).
cost(11, 17, 106968).
cost(11, 18, 235891).
cost(11, 19, 143004).
cost(11, 20, 343321).
cost(11, 21, 95538).
cost(11, 22, 26946).
cost(11, 23, 233321).
cost(11, 24, 170312).
cost(11, 25, 103646).
cost(11, 26, 399275).
cost(12, 1, 237081).
cost(12, 2, 80410).
cost(12, 3, 97240).
cost(12, 4, 109446).
cost(12, 5, 242091).
cost(12, 6, 174172).
cost(12, 7, 193480).
cost(12, 8, 380277).
cost(12, 9, 341533).
cost(12, 10, 86284).
cost(12, 11, 194301).
cost(12, 13, 136855).
cost(12, 14, 402600).
cost(12, 15, 107200).
cost(12, 16, 35423).
cost(12, 17, 90080).
cost(12, 18, 233477).
cost(12, 19, 289175).
cost(12, 20, 245334).
cost(12, 21, 286981).
cost(12, 22, 168120).
cost(12, 23, 370001).
cost(12, 24, 248186).
cost(12, 25, 297510).
cost(12, 26, 301424).
cost(13, 1, 304912).
cost(13, 2, 158658).
cost(13, 3, 78507).
cost(13, 4, 86510).
cost(13, 5, 354769).
cost(13, 6, 251092).
cost(13, 7, 305245).
cost(13, 8, 270205).
cost(13, 9, 224252).
cost(13, 10, 178886).
cost(13, 11, 101440).
cost(13, 12, 136855).
cost(13, 14, 438747).
cost(13, 15, 120381).
cost(13, 16, 119750).
cost(13, 17, 59733).
cost(13, 18, 282513).
cost(13, 19, 240537).
cost(13, 20, 242004).
cost(13, 21, 192379).
cost(13, 22, 88628).
cost(13, 23, 233565).
cost(13, 24, 119418).
cost(13, 25, 195355).
cost(13, 26, 298309).
cost(14, 1, 628500).
cost(14, 2, 482639).
cost(14, 3, 366995).
cost(14, 4, 486477).
cost(14, 5, 271223).
cost(14, 6, 566905).
cost(14, 7, 277809).
cost(14, 8, 428475).
cost(14, 9, 646941).
cost(14, 10, 484420).
cost(14, 11, 370338).
cost(14, 12, 402600).
cost(14, 13, 438747).
cost(14, 15, 325621).
cost(14, 16, 376883).
cost(14, 17, 392005).
cost(14, 18, 169126).
cost(14, 19, 260959).
cost(14, 20, 644836).
cost(14, 21, 362671).
cost(14, 22, 362998).
cost(14, 23, 590699).
cost(14, 24, 539020).
cost(14, 25, 382112).
cost(14, 26, 702185).
cost(15, 1, 341308).
cost(15, 2, 180282).
cost(15, 3, 42615).
cost(15, 4, 161958).
cost(15, 5, 246247).
cost(15, 6, 278991).
cost(15, 7, 198549).
cost(15, 8, 289784).
cost(15, 9, 343527).
cost(15, 10, 191094).
cost(15, 11, 111446).
cost(15, 12, 107200).
cost(15, 13, 120381).
cost(15, 14, 325621).
cost(15, 16, 71859).
cost(15, 17, 66740).
cost(15, 18, 163495).
cost(15, 19, 182057).
cost(15, 20, 324729).
cost(15, 21, 192095).
cost(15, 22, 85550).
cost(15, 23, 331829).
cost(15, 24, 236224).
cost(15, 25, 206117).
cost(15, 26, 382787).
cost(16, 1, 270737).
cost(16, 2, 111127).
cost(16, 3, 65164).
cost(16, 4, 117117).
cost(16, 5, 240161).
cost(16, 6, 208061).
cost(16, 7, 190510).
cost(16, 8, 348383).
cost(16, 9, 336494).
cost(16, 10, 119976).
cost(16, 11, 162791).
cost(16, 12, 35423).
cost(16, 13, 119750).
cost(16, 14, 376883).
cost(16, 15, 71859).
cost(16, 17, 64424).
cost(16, 18, 208275).
cost(16, 19, 253764).
cost(16, 20, 268038).
cost(16, 21, 253764).
cost(16, 22, 136121).
cost(16, 23, 352492).
cost(16, 24, 237118).
cost(16, 25, 265112).
cost(16, 26, 325302).
cost(17, 1, 298435).
cost(17, 2, 139087).
cost(17, 3, 25314).
cost(17, 4, 98848).
cost(17, 5, 295086).
cost(17, 6, 238819).
cost(17, 7, 245605).
cost(17, 8, 292178).
cost(17, 9, 283367).
cost(17, 10, 155399).
cost(17, 11, 106968).
cost(17, 12, 90080).
cost(17, 13, 59733).
cost(17, 14, 392005).
cost(17, 15, 66740).
cost(17, 16, 64424).
cost(17, 18, 230017).
cost(17, 19, 223329).
cost(17, 20, 263727).
cost(17, 21, 201969).
cost(17, 22, 82489).
cost(17, 23, 289094).
cost(17, 24, 179146).
cost(17, 25, 210573).
cost(17, 26, 321744).
cost(18, 1, 461882).
cost(18, 2, 313576).
cost(18, 3, 206071).
cost(18, 4, 320430).
cost(18, 5, 167424).
cost(18, 6, 399669).
cost(18, 7, 145517).
cost(18, 8, 356667).
cost(18, 9, 501789).
cost(18, 10, 315868).
cost(18, 11, 235891).
cost(18, 12, 233477).
cost(18, 13, 282513).
cost(18, 14, 169126).
cost(18, 15, 163495).
cost(18, 16, 208275).
cost(18, 17, 230017).
cost(18, 19, 186698).
cost(18, 20, 476302).
cost(18, 21, 266487).
cost(18, 22, 220400).
cost(18, 23, 468859).
cost(18, 24, 393106).
cost(18, 25, 286307).
cost(18, 26, 533435).
cost(19, 1, 519793).
cost(19, 2, 358501).
cost(19, 3, 201987).
cost(19, 4, 317935).
cost(19, 5, 347865).
cost(19, 6, 458489).
cost(19, 7, 314365).
cost(19, 8, 174827).
cost(19, 9, 408494).
cost(19, 10, 371460).
cost(19, 11, 143004).
cost(19, 12, 289175).
cost(19, 13, 240537).
cost(19, 14, 260959).
cost(19, 15, 182057).
cost(19, 16, 253764).
cost(19, 17, 223329).
cost(19, 18, 186698).
cost(19, 20, 481109).
cost(19, 21, 102342).
cost(19, 22, 152009).
cost(19, 23, 333861).
cost(19, 24, 307211).
cost(19, 25, 121366).
cost(19, 26, 538168).
cost(20, 1, 140376).
cost(20, 2, 170421).
cost(20, 3, 288471).
cost(20, 4, 164997).
cost(20, 5, 471432).
cost(20, 6, 142344).
cost(20, 7, 427129).
cost(20, 8, 494034).
cost(20, 9, 253887).
cost(20, 10, 178046).
cost(20, 11, 343321).
cost(20, 12, 245334).
cost(20, 13, 242004).
cost(20, 14, 644836).
cost(20, 15, 324729).
cost(20, 16, 268038).
cost(20, 17, 263727).
cost(20, 18, 476302).
cost(20, 19, 481109).
cost(20, 21, 430518).
cost(20, 22, 329439).
cost(20, 23, 362518).
cost(20, 24, 242649).
cost(20, 25, 429922).
cost(20, 26, 58092).
cost(21, 1, 494995).
cost(21, 2, 339822).
cost(21, 3, 189772).
cost(21, 4, 278494).
cost(21, 5, 411390).
cost(21, 6, 438052).
cost(21, 7, 370356).
cost(21, 8, 98618).
cost(21, 9, 316885).
cost(21, 10, 357110).
cost(21, 11, 95538).
cost(21, 12, 286981).
cost(21, 13, 192379).
cost(21, 14, 362671).
cost(21, 15, 192095).
cost(21, 16, 253764).
cost(21, 17, 201969).
cost(21, 18, 266487).
cost(21, 19, 102342).
cost(21, 20, 430518).
cost(21, 22, 119662).
cost(21, 23, 232353).
cost(21, 24, 223874).
cost(21, 25, 20129).
cost(21, 26, 484640).
cost(22, 1, 378929).
cost(22, 2, 221191).
cost(22, 3, 71089).
cost(22, 4, 167934).
cost(22, 5, 329272).
cost(22, 6, 320397).
cost(22, 7, 282664).
cost(22, 8, 212329).
cost(22, 9, 284645).
cost(22, 10, 237871).
cost(22, 11, 26946).
cost(22, 12, 168120).
cost(22, 13, 88628).
cost(22, 14, 362998).
cost(22, 15, 85550).
cost(22, 16, 136121).
cost(22, 17, 82489).
cost(22, 18, 220400).
cost(22, 19, 152009).
cost(22, 20, 329439).
cost(22, 21, 119662).
cost(22, 23, 252231).
cost(22, 24, 176204).
cost(22, 25, 129394).
cost(22, 26, 386281).
cost(23, 1, 480935).
cost(23, 2, 373640).
cost(23, 3, 299075).
cost(23, 4, 288154).
cost(23, 5, 577949).
cost(23, 6, 444192).
cost(23, 7, 529687).
cost(23, 8, 215547).
cost(23, 9, 132091).
cost(23, 10, 395247).
cost(23, 11, 233321).
cost(23, 12, 370001).
cost(23, 13, 233565).
cost(23, 14, 590699).
cost(23, 15, 331829).
cost(23, 16, 352492).
cost(23, 17, 289094).
cost(23, 18, 468859).
cost(23, 19, 333861).
cost(23, 20, 362518).
cost(23, 21, 232353).
cost(23, 22, 252231).
cost(23, 24, 132558).
cost(23, 25, 215082).
cost(23, 26, 398439).
cost(24, 1, 351139).
cost(24, 2, 242347).
cost(24, 3, 196272).
cost(24, 4, 156933).
cost(24, 5, 474166).
cost(24, 6, 312016).
cost(24, 7, 424612).
cost(24, 8, 262155).
cost(24, 9, 108781).
cost(24, 10, 263924).
cost(24, 11, 170312).
cost(24, 12, 248186).
cost(24, 13, 119418).
cost(24, 14, 539020).
cost(24, 15, 236224).
cost(24, 16, 237118).
cost(24, 17, 179146).
cost(24, 18, 393106).
cost(24, 19, 307211).
cost(24, 20, 242649).
cost(24, 21, 223874).
cost(24, 22, 176204).
cost(24, 23, 132558).
cost(24, 25, 215589).
cost(24, 26, 287058).
cost(25, 1, 499734).
cost(25, 2, 346802).
cost(25, 3, 200377).
cost(25, 4, 281860).
cost(25, 5, 429720).
cost(25, 6, 443956).
cost(25, 7, 388068).
cost(25, 8, 83750).
cost(25, 9, 304667).
cost(25, 10, 364756).
cost(25, 11, 103646).
cost(25, 12, 297510).
cost(25, 13, 195355).
cost(25, 14, 382112).
cost(25, 15, 206117).
cost(25, 16, 265112).
cost(25, 17, 210573).
cost(25, 18, 286307).
cost(25, 19, 121366).
cost(25, 20, 429922).
cost(25, 21, 20129).
cost(25, 22, 129394).
cost(25, 23, 215082).
cost(25, 24, 215589).
cost(25, 26, 483062).
cost(26, 1, 155032).
cost(26, 2, 224432).
cost(26, 3, 346530).
cost(26, 4, 222954).
cost(26, 5, 521906).
cost(26, 6, 177982).
cost(26, 7, 478984).
cost(26, 8, 544146).
cost(26, 9, 279526).
cost(26, 10, 229549).
cost(26, 11, 399275).
cost(26, 12, 301424).
cost(26, 13, 298309).
cost(26, 14, 702185).
cost(26, 15, 382787).
cost(26, 16, 325302).
cost(26, 17, 321744).
cost(26, 18, 533435).
cost(26, 19, 538168).
cost(26, 20, 58092).
cost(26, 21, 484640).
cost(26, 22, 386281).
cost(26, 23, 398439).
cost(26, 24, 287058).
cost(26, 25, 483062).
nocross(1,2).
nocross(1,6).
nocross(1,26).
nocross(2,1).
nocross(2,3).
nocross(2,4).
nocross(2,6).
nocross(2,10).
nocross(2,12).
nocross(2,13).
nocross(2,15).
nocross(2,17).
nocross(2,20).
nocross(3,2).
nocross(3,11).
nocross(3,12).
nocross(3,15).
nocross(3,16).
nocross(3,17).
nocross(3,19).
nocross(3,22).
nocross(4,1).
nocross(4,2).
nocross(4,3).
nocross(4,6).
nocross(4,10).
nocross(4,12).
nocross(4,13).
nocross(4,15).
nocross(4,16).
nocross(4,17).
nocross(4,24).
nocross(5,7).
nocross(5,16).
nocross(5,18).
nocross(6,1).
nocross(6,2).
nocross(6,10).
nocross(6,13).
nocross(6,17).
nocross(6,20).
nocross(7,3).
nocross(7,10).
nocross(7,12).
nocross(7,15).
nocross(7,16).
nocross(7,19).
nocross(8,19).
nocross(8,21).
nocross(8,23).
nocross(8,25).
nocross(9,13).
nocross(9,24).
nocross(10,1).
nocross(10,2).
nocross(10,3).
nocross(10,4).
nocross(10,6).
nocross(10,12).
nocross(10,13).
nocross(10,15).
nocross(10,17).
nocross(10,20).
nocross(11,3).
nocross(11,13).
nocross(11,15).
nocross(11,17).
nocross(11,19).
nocross(11,21).
nocross(11,22).
nocross(11,23).
nocross(11,24).
nocross(11,25).
nocross(12,2).
nocross(12,3).
nocross(12,4).
nocross(12,10).
nocross(12,15).
nocross(12,17).
nocross(12,20).
nocross(13,2).
nocross(13,3).
nocross(13,12).
nocross(13,22).
nocross(13,24).
nocross(14,3).
nocross(14,7).
nocross(14,15).
nocross(14,18).
nocross(14,19).
nocross(15,2).
nocross(15,3).
nocross(15,16).
nocross(15,19).
nocross(15,22).
nocross(16,2).
nocross(16,3).
nocross(16,10).
nocross(16,12).
nocross(16,13).
nocross(16,15).
nocross(16,17).
nocross(16,19).
nocross(17,2).
nocross(17,3).
nocross(17,11).
nocross(17,15).
nocross(17,16).
nocross(17,22).
nocross(18,5).
nocross(18,7).
nocross(18,10).
nocross(18,14).
nocross(18,15).
nocross(18,16).
nocross(18,19).
nocross(19,3).
nocross(19,8).
nocross(19,11).
nocross(19,14).
nocross(19,15).
nocross(19,21).
nocross(19,22).
nocross(19,25).
nocross(20,1).
nocross(20,2).
nocross(20,6).
nocross(20,10).
nocross(20,24).
nocross(20,26).
nocross(21,3).
nocross(21,11).
nocross(21,13).
nocross(21,15).
nocross(21,19).
nocross(21,22).
nocross(21,23).
nocross(21,25).
nocross(22,2).
nocross(22,3).
nocross(22,11).
nocross(22,13).
nocross(22,15).
nocross(22,17).
nocross(22,19).
nocross(22,23).
nocross(22,25).
nocross(23,9).
nocross(23,13).
nocross(23,25).
nocross(24,4).
nocross(24,8).
nocross(24,9).
nocross(24,11).
nocross(24,13).
nocross(24,20).
nocross(24,21).
nocross(24,23).
nocross(24,25).
nocross(25,3).
nocross(25,11).
nocross(25,13).
nocross(25,15).
nocross(25,19).
nocross(25,21).
nocross(25,23).
nocross(26,1).
nocross(26,2).
nocross(26,6).
