dimension(26).
point(1, -186020.0, 11303.0).
point(2, 127246.0, 126569.0).
point(3, 7516.0, -309538.0).
point(4, -44528.0, -63118.0).
point(5, -344502.0, 115736.0).
point(6, -14634.0, 29693.0).
point(7, -41708.0, -32695.0).
point(8, 148111.0, -170602.0).
point(9, 130251.0, -229302.0).
point(10, 103913.0, 75780.0).
point(11, 49620.0, 26014.0).
point(12, 93531.0, -138008.0).
point(13, -80800.0, 1374.0).
point(14, -68788.0, 143036.0).
point(15, -103176.0, 385883.0).
point(16, -171258.0, 291523.0).
point(17, -240290.0, 201754.0).
point(18, -47080.0, 139953.0).
point(19, 49589.0, -294094.0).
point(20, -79578.0, 223715.0).
point(21, 63367.0, 257838.0).
point(22, -147354.0, -64736.0).
point(23, 100070.0, -46345.0).
point(24, 42383.0, -135974.0).
point(25, -139428.0, 454730.0).
point(26, -70511.0, -128475.0).
cost(1, 2, 333799).
cost(1, 3, 374693).
cost(1, 4, 159870).
cost(1, 5, 189797).
cost(1, 6, 172370).
cost(1, 7, 150870).
cost(1, 8, 380438).
cost(1, 9, 397389).
cost(1, 10, 297016).
cost(1, 11, 236099).
cost(1, 12, 316927).
cost(1, 13, 105687).
cost(1, 14, 176343).
cost(1, 15, 383632).
cost(1, 16, 280609).
cost(1, 17, 198032).
cost(1, 18, 189355).
cost(1, 19, 385719).
cost(1, 20, 237589).
cost(1, 21, 350676).
cost(1, 22, 85305).
cost(1, 23, 291840).
cost(1, 24, 271769).
cost(1, 25, 445868).
cost(1, 26, 181329).
cost(2, 1, 333799).
cost(2, 3, 452244).
cost(2, 4, 255905).
cost(2, 5, 471872).
cost(2, 6, 171799).
cost(2, 7, 232186).
cost(2, 8, 297903).
cost(2, 9, 355884).
cost(2, 10, 55892).
cost(2, 11, 127032).
cost(2, 12, 266716).
cost(2, 13, 242810).
cost(2, 14, 196724).
cost(2, 15, 346898).
cost(2, 16, 341049).
cost(2, 17, 375147).
cost(2, 18, 174839).
cost(2, 19, 427771).
cost(2, 20, 228503).
cost(2, 21, 145987).
cost(2, 22, 334668).
cost(2, 23, 175037).
cost(2, 24, 275918).
cost(2, 25, 422853).
cost(2, 26, 322731).
cost(3, 1, 374693).
cost(3, 2, 452244).
cost(3, 4, 251856).
cost(3, 5, 552064).
cost(3, 6, 339953).
cost(3, 7, 281185).
cost(3, 8, 197662).
cost(3, 9, 146635).
cost(3, 10, 397193).
cost(3, 11, 338183).
cost(3, 12, 191888).
cost(3, 13, 323212).
cost(3, 14, 458961).
cost(3, 15, 704175).
cost(3, 16, 627084).
cost(3, 17, 568179).
cost(3, 18, 452795).
cost(3, 19, 44818).
cost(3, 20, 540319).
cost(3, 21, 570118).
cost(3, 22, 289677).
cost(3, 23, 278992).
cost(3, 24, 177032).
cost(3, 25, 778266).
cost(3, 26, 197160).
cost(4, 1, 159870).
cost(4, 2, 255905).
cost(4, 3, 251856).
cost(4, 5, 349247).
cost(4, 6, 97507).
cost(4, 7, 30553).
cost(4, 8, 220596).
cost(4, 9, 241174).
cost(4, 10, 203291).
cost(4, 11, 129647).
cost(4, 12, 157063).
cost(4, 13, 73992).
cost(4, 14, 207577).
cost(4, 15, 452815).
cost(4, 16, 376604).
cost(4, 17, 329363).
cost(4, 18, 203087).
cost(4, 19, 249415).
cost(4, 20, 288967).
cost(4, 21, 338606).
cost(4, 22, 102839).
cost(4, 23, 145568).
cost(4, 24, 113409).
cost(4, 25, 526472).
cost(4, 26, 70332).
cost(5, 1, 189797).
cost(5, 2, 471872).
cost(5, 3, 552064).
cost(5, 4, 349247).
cost(5, 6, 340905).
cost(5, 7, 337218).
cost(5, 8, 569787).
cost(5, 9, 586891).
cost(5, 10, 450192).
cost(5, 11, 404206).
cost(5, 12, 506220).
cost(5, 13, 287432).
cost(5, 14, 277062).
cost(5, 15, 362240).
cost(5, 16, 246809).
cost(5, 17, 135127).
cost(5, 18, 298406).
cost(5, 19, 568567).
cost(5, 20, 286084).
cost(5, 21, 431914).
cost(5, 22, 267278).
cost(5, 23, 473196).
cost(5, 24, 461560).
cost(5, 25, 396197).
cost(5, 26, 367029).
cost(6, 1, 172370).
cost(6, 2, 171799).
cost(6, 3, 339953).
cost(6, 4, 97507).
cost(6, 5, 340905).
cost(6, 7, 68009).
cost(6, 8, 258078).
cost(6, 9, 296766).
cost(6, 10, 127190).
cost(6, 11, 64359).
cost(6, 12, 199558).
cost(6, 13, 71972).
cost(6, 14, 125616).
cost(6, 15, 367030).
cost(6, 16, 305100).
cost(6, 17, 283770).
cost(6, 18, 114935).
cost(6, 19, 330095).
cost(6, 20, 204603).
cost(6, 21, 241111).
cost(6, 22, 162885).
cost(6, 23, 137618).
cost(6, 24, 175204).
cost(6, 25, 442979).
cost(6, 26, 167748).
cost(7, 1, 150870).
cost(7, 2, 232186).
cost(7, 3, 281185).
cost(7, 4, 30553).
cost(7, 5, 337218).
cost(7, 6, 68009).
cost(7, 8, 234626).
cost(7, 9, 261198).
cost(7, 10, 181583).
cost(7, 11, 108570).
cost(7, 12, 171407).
cost(7, 13, 51854).
cost(7, 14, 177805).
cost(7, 15, 423067).
cost(7, 16, 349143).
cost(7, 17, 307248).
cost(7, 18, 172732).
cost(7, 19, 276884).
cost(7, 20, 259191).
cost(7, 21, 308950).
cost(7, 22, 110398).
cost(7, 23, 142434).
cost(7, 24, 133184).
cost(7, 25, 497124).
cost(7, 26, 100017).
cost(8, 1, 380438).
cost(8, 2, 297903).
cost(8, 3, 197662).
cost(8, 4, 220596).
cost(8, 5, 569787).
cost(8, 6, 258078).
cost(8, 7, 234626).
cost(8, 9, 61357).
cost(8, 10, 250315).
cost(8, 11, 219905).
cost(8, 12, 63572).
cost(8, 13, 286314).
cost(8, 14, 381332).
cost(8, 15, 610590).
cost(8, 16, 561744).
cost(8, 17, 538056).
cost(8, 18, 366802).
cost(8, 19, 157977).
cost(8, 20, 455333).
cost(8, 21, 436741).
cost(8, 22, 313859).
cost(8, 23, 133221).
cost(8, 24, 111254).
cost(8, 25, 688272).
cost(8, 26, 222644).
cost(9, 1, 397389).
cost(9, 2, 355884).
cost(9, 3, 146635).
cost(9, 4, 241174).
cost(9, 5, 586891).
cost(9, 6, 296766).
cost(9, 7, 261198).
cost(9, 8, 61357).
cost(9, 10, 306217).
cost(9, 11, 267745).
cost(9, 12, 98402).
cost(9, 13, 312656).
cost(9, 14, 422199).
cost(9, 15, 657982).
cost(9, 16, 601803).
cost(9, 17, 568428).
cost(9, 18, 409629).
cost(9, 19, 103462).
cost(9, 20, 499252).
cost(9, 21, 491710).
cost(9, 22, 322717).
cost(9, 23, 185430).
cost(9, 24, 128183).
cost(9, 25, 735273).
cost(9, 26, 224659).
cost(10, 1, 297016).
cost(10, 2, 55892).
cost(10, 3, 397193).
cost(10, 4, 203291).
cost(10, 5, 450192).
cost(10, 6, 127190).
cost(10, 7, 181583).
cost(10, 8, 250315).
cost(10, 9, 306217).
cost(10, 11, 73650).
cost(10, 12, 214040).
cost(10, 13, 199136).
cost(10, 14, 185335).
cost(10, 15, 372894).
cost(10, 16, 349663).
cost(10, 17, 366531).
cost(10, 18, 164064).
cost(10, 19, 373842).
cost(10, 20, 235698).
cost(10, 21, 186518).
cost(10, 22, 287889).
cost(10, 23, 122185).
cost(10, 24, 220512).
cost(10, 25, 450353).
cost(10, 26, 268596).
cost(11, 1, 236099).
cost(11, 2, 127032).
cost(11, 3, 338183).
cost(11, 4, 129647).
cost(11, 5, 404206).
cost(11, 6, 64359).
cost(11, 7, 108570).
cost(11, 8, 219905).
cost(11, 9, 267745).
cost(11, 10, 73650).
cost(11, 12, 169798).
cost(11, 13, 132727).
cost(11, 14, 166477).
cost(11, 15, 390963).
cost(11, 16, 345372).
cost(11, 17, 339017).
cost(11, 18, 149442).
cost(11, 19, 320108).
cost(11, 20, 236173).
cost(11, 21, 232231).
cost(11, 22, 216874).
cost(11, 23, 88210).
cost(11, 24, 162150).
cost(11, 25, 468547).
cost(11, 26, 195700).
cost(12, 1, 316927).
cost(12, 2, 266716).
cost(12, 3, 191888).
cost(12, 4, 157063).
cost(12, 5, 506220).
cost(12, 6, 199558).
cost(12, 7, 171407).
cost(12, 8, 63572).
cost(12, 9, 98402).
cost(12, 10, 214040).
cost(12, 11, 169798).
cost(12, 13, 223201).
cost(12, 14, 324551).
cost(12, 15, 559603).
cost(12, 16, 504589).
cost(12, 17, 476314).
cost(12, 18, 311502).
cost(12, 19, 162153).
cost(12, 20, 401012).
cost(12, 21, 396994).
cost(12, 22, 251782).
cost(12, 23, 91896).
cost(12, 24, 51188).
cost(12, 25, 636874).
cost(12, 26, 164319).
cost(13, 1, 105687).
cost(13, 2, 242810).
cost(13, 3, 323212).
cost(13, 4, 73992).
cost(13, 5, 287432).
cost(13, 6, 71972).
cost(13, 7, 51854).
cost(13, 8, 286314).
cost(13, 9, 312656).
cost(13, 10, 199136).
cost(13, 11, 132727).
cost(13, 12, 223201).
cost(13, 14, 142170).
cost(13, 15, 385160).
cost(13, 16, 303923).
cost(13, 17, 256104).
cost(13, 18, 142623).
cost(13, 19, 322959).
cost(13, 20, 222344).
cost(13, 21, 294207).
cost(13, 22, 93808).
cost(13, 23, 187059).
cost(13, 24, 184495).
cost(13, 25, 457131).
cost(13, 26, 130256).
cost(14, 1, 176343).
cost(14, 2, 196724).
cost(14, 3, 458961).
cost(14, 4, 207577).
cost(14, 5, 277062).
cost(14, 6, 125616).
cost(14, 7, 177805).
cost(14, 8, 381332).
cost(14, 9, 422199).
cost(14, 10, 185335).
cost(14, 11, 166477).
cost(14, 12, 324551).
cost(14, 13, 142170).
cost(14, 15, 245270).
cost(14, 16, 180412).
cost(14, 17, 181275).
cost(14, 18, 21926).
cost(14, 19, 452875).
cost(14, 20, 81397).
cost(14, 21, 175056).
cost(14, 22, 222130).
cost(14, 23, 253729).
cost(14, 24, 300342).
cost(14, 25, 319598).
cost(14, 26, 271516).
cost(15, 1, 383632).
cost(15, 2, 346898).
cost(15, 3, 704175).
cost(15, 4, 452815).
cost(15, 5, 362240).
cost(15, 6, 367030).
cost(15, 7, 423067).
cost(15, 8, 610590).
cost(15, 9, 657982).
cost(15, 10, 372894).
cost(15, 11, 390963).
cost(15, 12, 559603).
cost(15, 13, 385160).
cost(15, 14, 245270).
cost(15, 16, 116357).
cost(15, 17, 229573).
cost(15, 18, 252247).
cost(15, 19, 696926).
cost(15, 20, 163876).
cost(15, 21, 210076).
cost(15, 22, 452779).
cost(15, 23, 477630).
cost(15, 24, 541777).
cost(15, 25, 77808).
cost(15, 26, 515394).
cost(16, 1, 280609).
cost(16, 2, 341049).
cost(16, 3, 627084).
cost(16, 4, 376604).
cost(16, 5, 246809).
cost(16, 6, 305100).
cost(16, 7, 349143).
cost(16, 8, 561744).
cost(16, 9, 601803).
cost(16, 10, 349663).
cost(16, 11, 345372).
cost(16, 12, 504589).
cost(16, 13, 303923).
cost(16, 14, 180412).
cost(16, 15, 116357).
cost(16, 17, 113243).
cost(16, 18, 195943).
cost(16, 19, 625876).
cost(16, 20, 114031).
cost(16, 21, 237031).
cost(16, 22, 357060).
cost(16, 23, 433329).
cost(16, 24, 477908).
cost(16, 25, 166282).
cost(16, 26, 431912).
cost(17, 1, 198032).
cost(17, 2, 375147).
cost(17, 3, 568179).
cost(17, 4, 329363).
cost(17, 5, 135127).
cost(17, 6, 283770).
cost(17, 7, 307248).
cost(17, 8, 538056).
cost(17, 9, 568428).
cost(17, 10, 366531).
cost(17, 11, 339017).
cost(17, 12, 476314).
cost(17, 13, 256104).
cost(17, 14, 181275).
cost(17, 15, 229573).
cost(17, 16, 113243).
cost(17, 18, 202853).
cost(17, 19, 574365).
cost(17, 20, 162206).
cost(17, 21, 308793).
cost(17, 22, 282230).
cost(17, 23, 421186).
cost(17, 24, 440414).
cost(17, 25, 272342).
cost(17, 26, 371317).
cost(18, 1, 189355).
cost(18, 2, 174839).
cost(18, 3, 452795).
cost(18, 4, 203087).
cost(18, 5, 298406).
cost(18, 6, 114935).
cost(18, 7, 172732).
cost(18, 8, 366802).
cost(18, 9, 409629).
cost(18, 10, 164064).
cost(18, 11, 149442).
cost(18, 12, 311502).
cost(18, 13, 142623).
cost(18, 14, 21926).
cost(18, 15, 252247).
cost(18, 16, 195943).
cost(18, 17, 202853).
cost(18, 19, 444682).
cost(18, 20, 89845).
cost(18, 21, 161541).
cost(18, 22, 227931).
cost(18, 23, 237403).
cost(18, 24, 290068).
cost(18, 25, 328044).
cost(18, 26, 269449).
cost(19, 1, 385719).
cost(19, 2, 427771).
cost(19, 3, 44818).
cost(19, 4, 249415).
cost(19, 5, 568567).
cost(19, 6, 330095).
cost(19, 7, 276884).
cost(19, 8, 157977).
cost(19, 9, 103462).
cost(19, 10, 373842).
cost(19, 11, 320108).
cost(19, 12, 162153).
cost(19, 13, 322959).
cost(19, 14, 452875).
cost(19, 15, 696926).
cost(19, 16, 625876).
cost(19, 17, 574365).
cost(19, 18, 444682).
cost(19, 20, 533676).
cost(19, 21, 552104).
cost(19, 22, 302310).
cost(19, 23, 252840).
cost(19, 24, 158284).
cost(19, 25, 772311).
cost(19, 26, 204582).
cost(20, 1, 237589).
cost(20, 2, 228503).
cost(20, 3, 540319).
cost(20, 4, 288967).
cost(20, 5, 286084).
cost(20, 6, 204603).
cost(20, 7, 259191).
cost(20, 8, 455333).
cost(20, 9, 499252).
cost(20, 10, 235698).
cost(20, 11, 236173).
cost(20, 12, 401012).
cost(20, 13, 222344).
cost(20, 14, 81397).
cost(20, 15, 163876).
cost(20, 16, 114031).
cost(20, 17, 162206).
cost(20, 18, 89845).
cost(20, 19, 533676).
cost(20, 21, 146961).
cost(20, 22, 296307).
cost(20, 23, 324354).
cost(20, 24, 379803).
cost(20, 25, 238642).
cost(20, 26, 352307).
cost(21, 1, 350676).
cost(21, 2, 145987).
cost(21, 3, 570118).
cost(21, 4, 338606).
cost(21, 5, 431914).
cost(21, 6, 241111).
cost(21, 7, 308950).
cost(21, 8, 436741).
cost(21, 9, 491710).
cost(21, 10, 186518).
cost(21, 11, 232231).
cost(21, 12, 396994).
cost(21, 13, 294207).
cost(21, 14, 175056).
cost(21, 15, 210076).
cost(21, 16, 237031).
cost(21, 17, 308793).
cost(21, 18, 161541).
cost(21, 19, 552104).
cost(21, 20, 146961).
cost(21, 22, 385302).
cost(21, 23, 306389).
cost(21, 24, 394371).
cost(21, 25, 282652).
cost(21, 26, 408853).
cost(22, 1, 85305).
cost(22, 2, 334668).
cost(22, 3, 289677).
cost(22, 4, 102839).
cost(22, 5, 267278).
cost(22, 6, 162885).
cost(22, 7, 110398).
cost(22, 8, 313859).
cost(22, 9, 322717).
cost(22, 10, 287889).
cost(22, 11, 216874).
cost(22, 12, 251782).
cost(22, 13, 93808).
cost(22, 14, 222130).
cost(22, 15, 452779).
cost(22, 16, 357060).
cost(22, 17, 282230).
cost(22, 18, 227931).
cost(22, 19, 302310).
cost(22, 20, 296307).
cost(22, 21, 385302).
cost(22, 23, 248107).
cost(22, 24, 202670).
cost(22, 25, 519526).
cost(22, 26, 99837).
cost(23, 1, 291840).
cost(23, 2, 175037).
cost(23, 3, 278992).
cost(23, 4, 145568).
cost(23, 5, 473196).
cost(23, 6, 137618).
cost(23, 7, 142434).
cost(23, 8, 133221).
cost(23, 9, 185430).
cost(23, 10, 122185).
cost(23, 11, 88210).
cost(23, 12, 91896).
cost(23, 13, 187059).
cost(23, 14, 253729).
cost(23, 15, 477630).
cost(23, 16, 433329).
cost(23, 17, 421186).
cost(23, 18, 237403).
cost(23, 19, 252840).
cost(23, 20, 324354).
cost(23, 21, 306389).
cost(23, 22, 248107).
cost(23, 24, 106589).
cost(23, 25, 555370).
cost(23, 26, 189323).
cost(24, 1, 271769).
cost(24, 2, 275918).
cost(24, 3, 177032).
cost(24, 4, 113409).
cost(24, 5, 461560).
cost(24, 6, 175204).
cost(24, 7, 133184).
cost(24, 8, 111254).
cost(24, 9, 128183).
cost(24, 10, 220512).
cost(24, 11, 162150).
cost(24, 12, 51188).
cost(24, 13, 184495).
cost(24, 14, 300342).
cost(24, 15, 541777).
cost(24, 16, 477908).
cost(24, 17, 440414).
cost(24, 18, 290068).
cost(24, 19, 158284).
cost(24, 20, 379803).
cost(24, 21, 394371).
cost(24, 22, 202670).
cost(24, 23, 106589).
cost(24, 25, 618051).
cost(24, 26, 113143).
cost(25, 1, 445868).
cost(25, 2, 422853).
cost(25, 3, 778266).
cost(25, 4, 526472).
cost(25, 5, 396197).
cost(25, 6, 442979).
cost(25, 7, 497124).
cost(25, 8, 688272).
cost(25, 9, 735273).
cost(25, 10, 450353).
cost(25, 11, 468547).
cost(25, 12, 636874).
cost(25, 13, 457131).
cost(25, 14, 319598).
cost(25, 15, 77808).
cost(25, 16, 166282).
cost(25, 17, 272342).
cost(25, 18, 328044).
cost(25, 19, 772311).
cost(25, 20, 238642).
cost(25, 21, 282652).
cost(25, 22, 519526).
cost(25, 23, 555370).
cost(25, 24, 618051).
cost(25, 26, 587263).
cost(26, 1, 181329).
cost(26, 2, 322731).
cost(26, 3, 197160).
cost(26, 4, 70332).
cost(26, 5, 367029).
cost(26, 6, 167748).
cost(26, 7, 100017).
cost(26, 8, 222644).
cost(26, 9, 224659).
cost(26, 10, 268596).
cost(26, 11, 195700).
cost(26, 12, 164319).
cost(26, 13, 130256).
cost(26, 14, 271516).
cost(26, 15, 515394).
cost(26, 16, 431912).
cost(26, 17, 371317).
cost(26, 18, 269449).
cost(26, 19, 204582).
cost(26, 20, 352307).
cost(26, 21, 408853).
cost(26, 22, 99837).
cost(26, 23, 189323).
cost(26, 24, 113143).
cost(26, 25, 587263).
nocross(1,14).
nocross(1,26).
nocross(2,10).
nocross(2,18).
nocross(3,24).
nocross(4,11).
nocross(4,19).
nocross(5,1).
nocross(5,14).
nocross(6,2).
nocross(6,4).
nocross(6,7).
nocross(6,11).
nocross(6,13).
nocross(6,14).
nocross(6,18).
nocross(7,2).
nocross(7,6).
nocross(7,11).
nocross(8,3).
nocross(8,9).
nocross(8,12).
nocross(8,19).
nocross(8,23).
nocross(8,24).
nocross(9,8).
nocross(9,12).
nocross(9,24).
nocross(10,2).
nocross(10,11).
nocross(10,18).
nocross(10,23).
nocross(11,6).
nocross(11,10).
nocross(11,18).
nocross(12,3).
nocross(12,8).
nocross(12,19).
nocross(12,23).
nocross(12,26).
nocross(13,4).
nocross(13,7).
nocross(14,1).
nocross(14,2).
nocross(14,6).
nocross(14,7).
nocross(14,11).
nocross(14,13).
nocross(14,15).
nocross(14,16).
nocross(14,17).
nocross(14,18).
nocross(14,20).
nocross(14,25).
nocross(15,16).
nocross(15,20).
nocross(15,25).
nocross(16,14).
nocross(16,15).
nocross(16,17).
nocross(16,20).
nocross(16,25).
nocross(17,14).
nocross(17,15).
nocross(17,16).
nocross(17,20).
nocross(17,25).
nocross(18,2).
nocross(18,14).
nocross(18,15).
nocross(18,20).
nocross(19,12).
nocross(19,24).
nocross(20,2).
nocross(20,10).
nocross(20,14).
nocross(20,15).
nocross(20,16).
nocross(20,18).
nocross(20,25).
nocross(21,10).
nocross(21,15).
nocross(21,18).
nocross(21,20).
nocross(22,1).
nocross(22,4).
nocross(22,7).
nocross(22,13).
nocross(22,14).
nocross(22,26).
nocross(23,4).
nocross(23,7).
nocross(23,8).
nocross(23,10).
nocross(23,11).
nocross(23,12).
nocross(24,3).
nocross(24,4).
nocross(24,7).
nocross(24,9).
nocross(24,19).
nocross(24,23).
nocross(24,26).
nocross(25,15).
nocross(25,16).
nocross(26,3).
nocross(26,4).
nocross(26,7).
nocross(26,9).
nocross(26,19).
