dimension(26).
point(1, 98686.0, 201541.0).
point(2, 2533.0, 30362.0).
point(3, -178506.0, -88601.0).
point(4, 127561.0, 235881.0).
point(5, -290323.0, -225214.0).
point(6, -39957.0, 105012.0).
point(7, -13287.0, 388931.0).
point(8, 272995.0, 151380.0).
point(9, 153512.0, 208467.0).
point(10, 109398.0, -9990.0).
point(11, 241859.0, -15506.0).
point(12, 295305.0, 244528.0).
point(13, 119236.0, -194673.0).
point(14, 85039.0, -21066.0).
point(15, -256316.0, 277395.0).
point(16, 370046.0, 542302.0).
point(17, -300515.0, -179319.0).
point(18, 174913.0, -13167.0).
point(19, -137908.0, -313581.0).
point(20, 57443.0, 14614.0).
point(21, 402349.0, -68781.0).
point(22, 130634.0, -183029.0).
point(23, -21693.0, -9095.0).
point(24, 79915.0, -1484.0).
point(25, -87969.0, 230735.0).
point(26, -162335.0, -178947.0).
cost(1, 2, 196336).
cost(1, 3, 401270).
cost(1, 4, 44866).
cost(1, 5, 577449).
cost(1, 6, 168937).
cost(1, 7, 218296).
cost(1, 8, 181383).
cost(1, 9, 55262).
cost(1, 10, 211802).
cost(1, 11, 260015).
cost(1, 12, 201263).
cost(1, 13, 396747).
cost(1, 14, 223025).
cost(1, 15, 363015).
cost(1, 16, 435608).
cost(1, 17, 551739).
cost(1, 18, 227838).
cost(1, 19, 566857).
cost(1, 20, 191423).
cost(1, 21, 406553).
cost(1, 22, 385895).
cost(1, 23, 242608).
cost(1, 24, 203891).
cost(1, 25, 188924).
cost(1, 26, 461414).
cost(2, 1, 196336).
cost(2, 3, 216627).
cost(2, 4, 240562).
cost(2, 5, 388695).
cost(2, 6, 85895).
cost(2, 7, 358918).
cost(2, 8, 296302).
cost(2, 9, 233487).
cost(2, 10, 114230).
cost(2, 11, 243682).
cost(2, 12, 362743).
cost(2, 13, 253496).
cost(2, 14, 97222).
cost(2, 15, 357810).
cost(2, 16, 630197).
cost(2, 17, 368516).
cost(2, 18, 177791).
cost(2, 19, 371511).
cost(2, 20, 57124).
cost(2, 21, 411925).
cost(2, 22, 248889).
cost(2, 23, 46301).
cost(2, 24, 83679).
cost(2, 25, 219863).
cost(2, 26, 266443).
cost(3, 1, 401270).
cost(3, 2, 216627).
cost(3, 4, 446056).
cost(3, 5, 176539).
cost(3, 6, 238079).
cost(3, 7, 505306).
cost(3, 8, 511316).
cost(3, 9, 445517).
cost(3, 10, 298443).
cost(3, 11, 426673).
cost(3, 12, 579199).
cost(3, 13, 316072).
cost(3, 14, 272061).
cost(3, 15, 374176).
cost(3, 16, 836031).
cost(3, 17, 152039).
cost(3, 18, 361380).
cost(3, 19, 228614).
cost(3, 20, 257537).
cost(3, 21, 581193).
cost(3, 22, 323240).
cost(3, 23, 175817).
cost(3, 24, 272710).
cost(3, 25, 331922).
cost(3, 26, 91782).
cost(4, 1, 44866).
cost(4, 2, 240562).
cost(4, 3, 446056).
cost(4, 5, 622283).
cost(4, 6, 212577).
cost(4, 7, 207996).
cost(4, 8, 168201).
cost(4, 9, 37749).
cost(4, 10, 246541).
cost(4, 11, 276151).
cost(4, 12, 167967).
cost(4, 13, 430634).
cost(4, 14, 260442).
cost(4, 15, 386115).
cost(4, 16, 390759).
cost(4, 17, 596356).
cost(4, 18, 253510).
cost(4, 19, 610231).
cost(4, 20, 232111).
cost(4, 21, 410277).
cost(4, 22, 418921).
cost(4, 23, 286862).
cost(4, 24, 242100).
cost(4, 25, 215591).
cost(4, 26, 506085).
cost(5, 1, 577449).
cost(5, 2, 388695).
cost(5, 3, 176539).
cost(5, 4, 622283).
cost(5, 6, 414406).
cost(5, 7, 673738).
cost(5, 8, 677606).
cost(5, 9, 620539).
cost(5, 10, 453980).
cost(5, 11, 572010).
cost(5, 12, 750745).
cost(5, 13, 410696).
cost(5, 14, 427286).
cost(5, 15, 503758).
cost(5, 16, 1012506).
cost(5, 17, 47013).
cost(5, 18, 511281).
cost(5, 19, 176179).
cost(5, 20, 422444).
cost(5, 21, 710117).
cost(5, 22, 423065).
cost(5, 23, 344775).
cost(5, 24, 432587).
cost(5, 25, 498835).
cost(5, 26, 136094).
cost(6, 1, 168937).
cost(6, 2, 85895).
cost(6, 3, 238079).
cost(6, 4, 212577).
cost(6, 5, 414406).
cost(6, 7, 285169).
cost(6, 8, 316368).
cost(6, 9, 219393).
cost(6, 10, 188500).
cost(6, 11, 306504).
cost(6, 12, 363133).
cost(6, 13, 339343).
cost(6, 14, 177538).
cost(6, 15, 276635).
cost(6, 16, 599437).
cost(6, 17, 385661).
cost(6, 18, 245225).
cost(6, 19, 429901).
cost(6, 20, 132886).
cost(6, 21, 475225).
cost(6, 22, 334767).
cost(6, 23, 115559).
cost(6, 24, 160346).
cost(6, 25, 134579).
cost(6, 26, 309207).
cost(7, 1, 218296).
cost(7, 2, 358918).
cost(7, 3, 505306).
cost(7, 4, 207996).
cost(7, 5, 673738).
cost(7, 6, 285169).
cost(7, 8, 372005).
cost(7, 9, 245742).
cost(7, 10, 417360).
cost(7, 11, 478193).
cost(7, 12, 340707).
cost(7, 13, 598461).
cost(7, 14, 421623).
cost(7, 15, 267401).
cost(7, 16, 412876).
cost(7, 17, 636717).
cost(7, 18, 443962).
cost(7, 19, 713480).
cost(7, 20, 380941).
cost(7, 21, 618267).
cost(7, 22, 589789).
cost(7, 23, 398115).
cost(7, 24, 401386).
cost(7, 25, 174938).
cost(7, 26, 587112).
cost(8, 1, 181383).
cost(8, 2, 296302).
cost(8, 3, 511316).
cost(8, 4, 168201).
cost(8, 5, 677606).
cost(8, 6, 316368).
cost(8, 7, 372005).
cost(8, 9, 132420).
cost(8, 10, 229792).
cost(8, 11, 169766).
cost(8, 12, 95782).
cost(8, 13, 378675).
cost(8, 14, 255079).
cost(8, 15, 544105).
cost(8, 16, 402789).
cost(8, 17, 662024).
cost(8, 18, 191561).
cost(8, 19, 620508).
cost(8, 20, 255279).
cost(8, 21, 255349).
cost(8, 22, 363450).
cost(8, 23, 335549).
cost(8, 24, 246267).
cost(8, 25, 369584).
cost(8, 26, 546469).
cost(9, 1, 55262).
cost(9, 2, 233487).
cost(9, 3, 445517).
cost(9, 4, 37749).
cost(9, 5, 620539).
cost(9, 6, 219393).
cost(9, 7, 245742).
cost(9, 8, 132420).
cost(9, 10, 222867).
cost(9, 11, 240768).
cost(9, 12, 146307).
cost(9, 13, 404594).
cost(9, 14, 239529).
cost(9, 15, 415584).
cost(9, 16, 397911).
cost(9, 17, 597092).
cost(9, 18, 222665).
cost(9, 19, 597879).
cost(9, 20, 216352).
cost(9, 21, 372540).
cost(9, 22, 392164).
cost(9, 23, 279339).
cost(9, 24, 222477).
cost(9, 25, 242506).
cost(9, 26, 499849).
cost(10, 1, 211802).
cost(10, 2, 114230).
cost(10, 3, 298443).
cost(10, 4, 246541).
cost(10, 5, 453980).
cost(10, 6, 188500).
cost(10, 7, 417360).
cost(10, 8, 229792).
cost(10, 9, 222867).
cost(10, 11, 132576).
cost(10, 12, 315184).
cost(10, 13, 184945).
cost(10, 14, 26759).
cost(10, 15, 465120).
cost(10, 16, 610708).
cost(10, 17, 443510).
cost(10, 18, 65592).
cost(10, 19, 391571).
cost(10, 20, 57486).
cost(10, 21, 298792).
cost(10, 22, 174337).
cost(10, 23, 131094).
cost(10, 24, 30685).
cost(10, 25, 311291).
cost(10, 26, 319977).
cost(11, 1, 260015).
cost(11, 2, 243682).
cost(11, 3, 426673).
cost(11, 4, 276151).
cost(11, 5, 572010).
cost(11, 6, 306504).
cost(11, 7, 478193).
cost(11, 8, 169766).
cost(11, 9, 240768).
cost(11, 10, 132576).
cost(11, 12, 265470).
cost(11, 13, 217111).
cost(11, 14, 156919).
cost(11, 15, 577901).
cost(11, 16, 572348).
cost(11, 17, 566572).
cost(11, 18, 66987).
cost(11, 19, 482775).
cost(11, 20, 186860).
cost(11, 21, 169101).
cost(11, 22, 201084).
cost(11, 23, 263630).
cost(11, 24, 162550).
cost(11, 25, 411608).
cost(11, 26, 435988).
cost(12, 1, 201263).
cost(12, 2, 362743).
cost(12, 3, 579199).
cost(12, 4, 167967).
cost(12, 5, 750745).
cost(12, 6, 363133).
cost(12, 7, 340707).
cost(12, 8, 95782).
cost(12, 9, 146307).
cost(12, 10, 315184).
cost(12, 11, 265470).
cost(12, 13, 473178).
cost(12, 14, 338751).
cost(12, 15, 552599).
cost(12, 16, 307011).
cost(12, 17, 731196).
cost(12, 18, 284431).
cost(12, 19, 706512).
cost(12, 20, 330815).
cost(12, 21, 331091).
cost(12, 22, 458172).
cost(12, 23, 405971).
cost(12, 24, 326978).
cost(12, 25, 383522).
cost(12, 26, 623511).
cost(13, 1, 396747).
cost(13, 2, 253496).
cost(13, 3, 316072).
cost(13, 4, 430634).
cost(13, 5, 410696).
cost(13, 6, 339343).
cost(13, 7, 598461).
cost(13, 8, 378675).
cost(13, 9, 404594).
cost(13, 10, 184945).
cost(13, 11, 217111).
cost(13, 12, 473178).
cost(13, 14, 176943).
cost(13, 15, 603231).
cost(13, 16, 778484).
cost(13, 17, 420032).
cost(13, 18, 189854).
cost(13, 19, 283306).
cost(13, 20, 218219).
cost(13, 21, 309842).
cost(13, 22, 16294).
cost(13, 23, 233024).
cost(13, 24, 197150).
cost(13, 25, 473187).
cost(13, 26, 282010).
cost(14, 1, 223025).
cost(14, 2, 97222).
cost(14, 3, 272061).
cost(14, 4, 260442).
cost(14, 5, 427286).
cost(14, 6, 177538).
cost(14, 7, 421623).
cost(14, 8, 255079).
cost(14, 9, 239529).
cost(14, 10, 26759).
cost(14, 11, 156919).
cost(14, 12, 338751).
cost(14, 13, 176943).
cost(14, 15, 453434).
cost(14, 16, 631358).
cost(14, 17, 416768).
cost(14, 18, 90220).
cost(14, 19, 367791).
cost(14, 20, 45107).
cost(14, 21, 320877).
cost(14, 22, 168258).
cost(14, 23, 107401).
cost(14, 24, 20241).
cost(14, 25, 305509).
cost(14, 26, 293463).
cost(15, 1, 363015).
cost(15, 2, 357810).
cost(15, 3, 374176).
cost(15, 4, 386115).
cost(15, 5, 503758).
cost(15, 6, 276635).
cost(15, 7, 267401).
cost(15, 8, 544105).
cost(15, 9, 415584).
cost(15, 10, 465120).
cost(15, 11, 577901).
cost(15, 12, 552599).
cost(15, 13, 603231).
cost(15, 14, 453434).
cost(15, 16, 680077).
cost(15, 17, 458848).
cost(15, 18, 519985).
cost(15, 19, 602721).
cost(15, 20, 409266).
cost(15, 21, 744095).
cost(15, 22, 601432).
cost(15, 23, 370303).
cost(15, 24, 436835).
cost(15, 25, 174694).
cost(15, 26, 465919).
cost(16, 1, 435608).
cost(16, 2, 630197).
cost(16, 3, 836031).
cost(16, 4, 390759).
cost(16, 5, 1012506).
cost(16, 6, 599437).
cost(16, 7, 412876).
cost(16, 8, 402789).
cost(16, 9, 397911).
cost(16, 10, 610708).
cost(16, 11, 572348).
cost(16, 12, 307011).
cost(16, 13, 778484).
cost(16, 14, 631358).
cost(16, 15, 680077).
cost(16, 17, 985083).
cost(16, 18, 588747).
cost(16, 19, 995265).
cost(16, 20, 613331).
cost(16, 21, 611936).
cost(16, 22, 763821).
cost(16, 23, 676386).
cost(16, 24, 616343).
cost(16, 25, 553942).
cost(16, 26, 896454).
cost(17, 1, 551739).
cost(17, 2, 368516).
cost(17, 3, 152039).
cost(17, 4, 596356).
cost(17, 5, 47013).
cost(17, 6, 385661).
cost(17, 7, 636717).
cost(17, 8, 662024).
cost(17, 9, 597092).
cost(17, 10, 443510).
cost(17, 11, 566572).
cost(17, 12, 731196).
cost(17, 13, 420032).
cost(17, 14, 416768).
cost(17, 15, 458848).
cost(17, 16, 985083).
cost(17, 18, 503625).
cost(17, 19, 210873).
cost(17, 20, 407117).
cost(17, 21, 711503).
cost(17, 22, 431165).
cost(17, 23, 326677).
cost(17, 24, 419943).
cost(17, 25, 461866).
cost(17, 26, 138181).
cost(18, 1, 227838).
cost(18, 2, 177791).
cost(18, 3, 361380).
cost(18, 4, 253510).
cost(18, 5, 511281).
cost(18, 6, 245225).
cost(18, 7, 443962).
cost(18, 8, 191561).
cost(18, 9, 222665).
cost(18, 10, 65592).
cost(18, 11, 66987).
cost(18, 12, 284431).
cost(18, 13, 189854).
cost(18, 14, 90220).
cost(18, 15, 519985).
cost(18, 16, 588747).
cost(18, 17, 503625).
cost(18, 19, 433711).
cost(18, 20, 120710).
cost(18, 21, 234137).
cost(18, 22, 175538).
cost(18, 23, 196648).
cost(18, 24, 95714).
cost(18, 25, 358602).
cost(18, 26, 375791).
cost(19, 1, 566857).
cost(19, 2, 371511).
cost(19, 3, 228614).
cost(19, 4, 610231).
cost(19, 5, 176179).
cost(19, 6, 429901).
cost(19, 7, 713480).
cost(19, 8, 620508).
cost(19, 9, 597879).
cost(19, 10, 391571).
cost(19, 11, 482775).
cost(19, 12, 706512).
cost(19, 13, 283306).
cost(19, 14, 367791).
cost(19, 15, 602721).
cost(19, 16, 995265).
cost(19, 17, 210873).
cost(19, 18, 433711).
cost(19, 20, 381935).
cost(19, 21, 593131).
cost(19, 22, 298594).
cost(19, 23, 325910).
cost(19, 24, 380593).
cost(19, 25, 546602).
cost(19, 26, 136832).
cost(20, 1, 191423).
cost(20, 2, 57124).
cost(20, 3, 257537).
cost(20, 4, 232111).
cost(20, 5, 422444).
cost(20, 6, 132886).
cost(20, 7, 380941).
cost(20, 8, 255279).
cost(20, 9, 216352).
cost(20, 10, 57486).
cost(20, 11, 186860).
cost(20, 12, 330815).
cost(20, 13, 218219).
cost(20, 14, 45107).
cost(20, 15, 409266).
cost(20, 16, 613331).
cost(20, 17, 407117).
cost(20, 18, 120710).
cost(20, 19, 381935).
cost(20, 21, 354845).
cost(20, 22, 210760).
cost(20, 23, 82611).
cost(20, 24, 27643).
cost(20, 25, 260486).
cost(20, 26, 292862).
cost(21, 1, 406553).
cost(21, 2, 411925).
cost(21, 3, 581193).
cost(21, 4, 410277).
cost(21, 5, 710117).
cost(21, 6, 475225).
cost(21, 7, 618267).
cost(21, 8, 255349).
cost(21, 9, 372540).
cost(21, 10, 298792).
cost(21, 11, 169101).
cost(21, 12, 331091).
cost(21, 13, 309842).
cost(21, 14, 320877).
cost(21, 15, 744095).
cost(21, 16, 611936).
cost(21, 17, 711503).
cost(21, 18, 234137).
cost(21, 19, 593131).
cost(21, 20, 354845).
cost(21, 22, 294757).
cost(21, 23, 428222).
cost(21, 24, 329382).
cost(21, 25, 574562).
cost(21, 26, 575330).
cost(22, 1, 385895).
cost(22, 2, 248889).
cost(22, 3, 323240).
cost(22, 4, 418921).
cost(22, 5, 423065).
cost(22, 6, 334767).
cost(22, 7, 589789).
cost(22, 8, 363450).
cost(22, 9, 392164).
cost(22, 10, 174337).
cost(22, 11, 201084).
cost(22, 12, 458172).
cost(22, 13, 16294).
cost(22, 14, 168258).
cost(22, 15, 601432).
cost(22, 16, 763821).
cost(22, 17, 431165).
cost(22, 18, 175538).
cost(22, 19, 298594).
cost(22, 20, 210760).
cost(22, 21, 294757).
cost(22, 23, 231207).
cost(22, 24, 188497).
cost(22, 25, 467961).
cost(22, 26, 292997).
cost(23, 1, 242608).
cost(23, 2, 46301).
cost(23, 3, 175817).
cost(23, 4, 286862).
cost(23, 5, 344775).
cost(23, 6, 115559).
cost(23, 7, 398115).
cost(23, 8, 335549).
cost(23, 9, 279339).
cost(23, 10, 131094).
cost(23, 11, 263630).
cost(23, 12, 405971).
cost(23, 13, 233024).
cost(23, 14, 107401).
cost(23, 15, 370303).
cost(23, 16, 676386).
cost(23, 17, 326677).
cost(23, 18, 196648).
cost(23, 19, 325910).
cost(23, 20, 82611).
cost(23, 21, 428222).
cost(23, 22, 231207).
cost(23, 24, 101893).
cost(23, 25, 248819).
cost(23, 26, 220522).
cost(24, 1, 203891).
cost(24, 2, 83679).
cost(24, 3, 272710).
cost(24, 4, 242100).
cost(24, 5, 432587).
cost(24, 6, 160346).
cost(24, 7, 401386).
cost(24, 8, 246267).
cost(24, 9, 222477).
cost(24, 10, 30685).
cost(24, 11, 162550).
cost(24, 12, 326978).
cost(24, 13, 197150).
cost(24, 14, 20241).
cost(24, 15, 436835).
cost(24, 16, 616343).
cost(24, 17, 419943).
cost(24, 18, 95714).
cost(24, 19, 380593).
cost(24, 20, 27643).
cost(24, 21, 329382).
cost(24, 22, 188497).
cost(24, 23, 101893).
cost(24, 25, 286550).
cost(24, 26, 300297).
cost(25, 1, 188924).
cost(25, 2, 219863).
cost(25, 3, 331922).
cost(25, 4, 215591).
cost(25, 5, 498835).
cost(25, 6, 134579).
cost(25, 7, 174938).
cost(25, 8, 369584).
cost(25, 9, 242506).
cost(25, 10, 311291).
cost(25, 11, 411608).
cost(25, 12, 383522).
cost(25, 13, 473187).
cost(25, 14, 305509).
cost(25, 15, 174694).
cost(25, 16, 553942).
cost(25, 17, 461866).
cost(25, 18, 358602).
cost(25, 19, 546602).
cost(25, 20, 260486).
cost(25, 21, 574562).
cost(25, 22, 467961).
cost(25, 23, 248819).
cost(25, 24, 286550).
cost(25, 26, 416377).
cost(26, 1, 461414).
cost(26, 2, 266443).
cost(26, 3, 91782).
cost(26, 4, 506085).
cost(26, 5, 136094).
cost(26, 6, 309207).
cost(26, 7, 587112).
cost(26, 8, 546469).
cost(26, 9, 499849).
cost(26, 10, 319977).
cost(26, 11, 435988).
cost(26, 12, 623511).
cost(26, 13, 282010).
cost(26, 14, 293463).
cost(26, 15, 465919).
cost(26, 16, 896454).
cost(26, 17, 138181).
cost(26, 18, 375791).
cost(26, 19, 136832).
cost(26, 20, 292862).
cost(26, 21, 575330).
cost(26, 22, 292997).
cost(26, 23, 220522).
cost(26, 24, 300297).
cost(26, 25, 416377).
nocross(1,2).
nocross(1,6).
nocross(1,8).
nocross(1,11).
nocross(1,18).
nocross(1,20).
nocross(1,25).
nocross(2,1).
nocross(2,3).
nocross(2,6).
nocross(2,14).
nocross(2,20).
nocross(2,23).
nocross(2,25).
nocross(3,2).
nocross(3,6).
nocross(3,14).
nocross(3,19).
nocross(3,20).
nocross(3,22).
nocross(3,23).
nocross(3,26).
nocross(4,1).
nocross(4,6).
nocross(4,7).
nocross(4,8).
nocross(4,11).
nocross(4,12).
nocross(4,18).
nocross(4,20).
nocross(4,25).
nocross(5,3).
nocross(5,19).
nocross(6,1).
nocross(6,2).
nocross(6,3).
nocross(6,8).
nocross(6,20).
nocross(6,23).
nocross(6,25).
nocross(7,1).
nocross(7,4).
nocross(7,6).
nocross(7,12).
nocross(7,15).
nocross(7,20).
nocross(7,25).
nocross(8,2).
nocross(8,6).
nocross(8,11).
nocross(8,12).
nocross(8,18).
nocross(8,20).
nocross(8,25).
nocross(9,2).
nocross(9,6).
nocross(9,8).
nocross(9,11).
nocross(9,12).
nocross(9,18).
nocross(9,20).
nocross(9,25).
nocross(10,8).
nocross(10,9).
nocross(10,11).
nocross(10,14).
nocross(10,18).
nocross(10,20).
nocross(10,22).
nocross(10,24).
nocross(10,25).
nocross(11,6).
nocross(11,8).
nocross(11,12).
nocross(11,21).
nocross(11,22).
nocross(12,2).
nocross(12,4).
nocross(12,6).
nocross(12,8).
nocross(12,9).
nocross(12,11).
nocross(12,20).
nocross(14,2).
nocross(14,3).
nocross(14,9).
nocross(14,10).
nocross(14,19).
nocross(14,21).
nocross(14,23).
nocross(14,24).
nocross(17,15).
nocross(18,6).
nocross(18,8).
nocross(18,11).
nocross(18,12).
nocross(18,21).
nocross(18,25).
nocross(19,3).
nocross(19,5).
nocross(19,22).
nocross(19,23).
nocross(20,2).
nocross(20,6).
nocross(20,8).
nocross(20,11).
nocross(20,25).
nocross(21,8).
nocross(21,11).
nocross(21,12).
nocross(21,18).
nocross(21,22).
nocross(22,2).
nocross(22,3).
nocross(22,8).
nocross(22,11).
nocross(22,18).
nocross(22,19).
nocross(22,21).
nocross(22,23).
nocross(23,2).
nocross(23,3).
nocross(23,6).
nocross(23,14).
nocross(23,20).
nocross(23,24).
nocross(24,2).
nocross(24,8).
nocross(24,9).
nocross(24,10).
nocross(24,11).
nocross(24,14).
nocross(24,18).
nocross(24,19).
nocross(24,20).
nocross(25,1).
nocross(25,2).
nocross(25,3).
nocross(25,6).
nocross(25,7).
nocross(25,8).
nocross(25,11).
nocross(25,20).
nocross(26,2).
nocross(26,3).
nocross(26,6).
nocross(26,14).
nocross(26,19).
nocross(26,20).
nocross(26,22).
nocross(26,23).
