dimension(26).
point(1, 252875.0, 116462.0).
point(2, -87160.0, -208415.0).
point(3, -129542.0, 295085.0).
point(4, -104028.0, 321554.0).
point(5, -204575.0, 18756.0).
point(6, 101080.0, -241722.0).
point(7, -25477.0, -264729.0).
point(8, 179181.0, 204532.0).
point(9, -167187.0, -266739.0).
point(10, 70631.0, -180251.0).
point(11, -168344.0, -28357.0).
point(12, 157675.0, 291022.0).
point(13, 65088.0, -24079.0).
point(14, -277189.0, -307415.0).
point(15, -52933.0, 114969.0).
point(16, 107007.0, 68924.0).
point(17, 499665.0, 343473.0).
point(18, 21657.0, 59502.0).
point(19, 118702.0, 104500.0).
point(20, -346631.0, -42815.0).
point(21, -171420.0, 239180.0).
point(22, -84261.0, 107387.0).
point(23, -10011.0, -82014.0).
point(24, 8789.0, 80830.0).
point(25, 47816.0, 344946.0).
point(26, 229108.0, -212892.0).
cost(1, 2, 470286).
cost(1, 3, 422077).
cost(1, 4, 411634).
cost(1, 5, 467768).
cost(1, 6, 389021).
cost(1, 7, 472003).
cost(1, 8, 114835).
cost(1, 9, 568590).
cost(1, 10, 348212).
cost(1, 11, 445419).
cost(1, 12, 198832).
cost(1, 13, 234554).
cost(1, 14, 678704).
cost(1, 15, 305812).
cost(1, 16, 153419).
cost(1, 17, 335320).
cost(1, 18, 238131).
cost(1, 19, 134705).
cost(1, 20, 620304).
cost(1, 21, 441685).
cost(1, 22, 337258).
cost(1, 23, 329396).
cost(1, 24, 246673).
cost(1, 25, 307008).
cost(1, 26, 330210).
cost(2, 1, 470286).
cost(2, 3, 505281).
cost(2, 4, 530237).
cost(2, 5, 255720).
cost(2, 6, 191164).
cost(2, 7, 83523).
cost(2, 8, 491389).
cost(2, 9, 99025).
cost(2, 10, 160285).
cost(2, 11, 197514).
cost(2, 12, 556221).
cost(2, 13, 239080).
cost(2, 14, 214271).
cost(2, 15, 325190).
cost(2, 16, 338552).
cost(2, 17, 805571).
cost(2, 18, 289172).
cost(2, 19, 374560).
cost(2, 20, 307813).
cost(2, 21, 455457).
cost(2, 22, 315815).
cost(2, 23, 148085).
cost(2, 24, 304744).
cost(2, 25, 569585).
cost(2, 26, 316300).
cost(3, 1, 422077).
cost(3, 2, 505281).
cost(3, 4, 36764).
cost(3, 5, 286335).
cost(3, 6, 584250).
cost(3, 7, 569404).
cost(3, 8, 321729).
cost(3, 9, 563084).
cost(3, 10, 515765).
cost(3, 11, 325761).
cost(3, 12, 287246).
cost(3, 13, 373827).
cost(3, 14, 620327).
cost(3, 15, 195731).
cost(3, 16, 327268).
cost(3, 17, 631065).
cost(3, 18, 279929).
cost(3, 19, 312966).
cost(3, 20, 401627).
cost(3, 21, 69851).
cost(3, 22, 193083).
cost(3, 23, 395590).
cost(3, 24, 255031).
cost(3, 25, 184233).
cost(3, 26, 621828).
cost(4, 1, 411634).
cost(4, 2, 530237).
cost(4, 3, 36764).
cost(4, 5, 319055).
cost(4, 6, 599457).
cost(4, 7, 591522).
cost(4, 8, 306433).
cost(4, 9, 591674).
cost(4, 10, 531332).
cost(4, 11, 355773).
cost(4, 12, 263478).
cost(4, 13, 384789).
cost(4, 14, 652370).
cost(4, 15, 212810).
cost(4, 16, 329177).
cost(4, 17, 604091).
cost(4, 18, 290634).
cost(4, 19, 311000).
cost(4, 20, 437745).
cost(4, 21, 106429).
cost(4, 22, 215077).
cost(4, 23, 414375).
cost(4, 24, 265849).
cost(4, 25, 153635).
cost(4, 26, 629771).
cost(5, 1, 467768).
cost(5, 2, 255720).
cost(5, 3, 286335).
cost(5, 4, 319055).
cost(5, 6, 401589).
cost(5, 7, 335321).
cost(5, 8, 426358).
cost(5, 9, 287933).
cost(5, 10, 339621).
cost(5, 11, 59433).
cost(5, 12, 453160).
cost(5, 13, 273044).
cost(5, 14, 334156).
cost(5, 15, 179589).
cost(5, 16, 315595).
cost(5, 17, 775497).
cost(5, 18, 229872).
cost(5, 19, 334455).
cost(5, 20, 154825).
cost(5, 21, 222904).
cost(5, 22, 149435).
cost(5, 23, 219111).
cost(5, 24, 222210).
cost(5, 25, 412433).
cost(5, 26, 491672).
cost(6, 1, 389021).
cost(6, 2, 191164).
cost(6, 3, 584250).
cost(6, 4, 599457).
cost(6, 5, 401589).
cost(6, 7, 128631).
cost(6, 8, 453037).
cost(6, 9, 269431).
cost(6, 10, 68599).
cost(6, 11, 343677).
cost(6, 12, 535742).
cost(6, 13, 220599).
cost(6, 14, 383931).
cost(6, 15, 388521).
cost(6, 16, 310703).
cost(6, 17, 708042).
cost(6, 18, 311519).
cost(6, 19, 346670).
cost(6, 20, 489907).
cost(6, 21, 552741).
cost(6, 22, 395257).
cost(6, 23, 194545).
cost(6, 24, 335496).
cost(6, 25, 589081).
cost(6, 26, 131234).
cost(7, 1, 472003).
cost(7, 2, 83523).
cost(7, 3, 569404).
cost(7, 4, 591522).
cost(7, 5, 335321).
cost(7, 6, 128631).
cost(7, 8, 511948).
cost(7, 9, 141724).
cost(7, 10, 127958).
cost(7, 11, 276193).
cost(7, 12, 585153).
cost(7, 13, 257127).
cost(7, 14, 255306).
cost(7, 15, 380689).
cost(7, 16, 358994).
cost(7, 17, 803545).
cost(7, 18, 327639).
cost(7, 19, 396381).
cost(7, 20, 390366).
cost(7, 21, 524618).
cost(7, 22, 376731).
cost(7, 23, 183368).
cost(7, 24, 347254).
cost(7, 25, 614065).
cost(7, 26, 259809).
cost(8, 1, 114835).
cost(8, 2, 491389).
cost(8, 3, 321729).
cost(8, 4, 306433).
cost(8, 5, 426358).
cost(8, 6, 453037).
cost(8, 7, 511948).
cost(8, 9, 584865).
cost(8, 10, 399801).
cost(8, 11, 418343).
cost(8, 12, 89124).
cost(8, 13, 255500).
cost(8, 14, 685830).
cost(8, 15, 248794).
cost(8, 16, 153618).
cost(8, 17, 349306).
cost(8, 18, 214120).
cost(8, 19, 116894).
cost(8, 20, 581084).
cost(8, 21, 352309).
cost(8, 22, 280783).
cost(8, 23, 343369).
cost(8, 24, 210560).
cost(8, 25, 192283).
cost(8, 26, 420399).
cost(9, 1, 568590).
cost(9, 2, 99025).
cost(9, 3, 563084).
cost(9, 4, 591674).
cost(9, 5, 287933).
cost(9, 6, 269431).
cost(9, 7, 141724).
cost(9, 8, 584865).
cost(9, 10, 253056).
cost(9, 11, 238385).
cost(9, 12, 645471).
cost(9, 13, 335910).
cost(9, 14, 117282).
cost(9, 15, 398441).
cost(9, 16, 433419).
cost(9, 17, 903908).
cost(9, 18, 376955).
cost(9, 19, 468563).
cost(9, 20, 286953).
cost(9, 21, 505937).
cost(9, 22, 383206).
cost(9, 23, 242544).
cost(9, 24, 389579).
cost(9, 25, 648371).
cost(9, 26, 399937).
cost(10, 1, 348212).
cost(10, 2, 160285).
cost(10, 3, 515765).
cost(10, 4, 531332).
cost(10, 5, 339621).
cost(10, 6, 68599).
cost(10, 7, 127958).
cost(10, 8, 399801).
cost(10, 9, 253056).
cost(10, 11, 283162).
cost(10, 12, 479244).
cost(10, 13, 156270).
cost(10, 14, 370337).
cost(10, 15, 320036).
cost(10, 16, 251816).
cost(10, 17, 677021).
cost(10, 18, 244704).
cost(10, 19, 288780).
cost(10, 20, 439313).
cost(10, 21, 484263).
cost(10, 22, 326691).
cost(10, 23, 127097).
cost(10, 24, 268305).
cost(10, 25, 525692).
cost(10, 26, 161804).
cost(11, 1, 445419).
cost(11, 2, 197514).
cost(11, 3, 325761).
cost(11, 4, 355773).
cost(11, 5, 59433).
cost(11, 6, 343677).
cost(11, 7, 276193).
cost(11, 8, 418343).
cost(11, 9, 238385).
cost(11, 10, 283162).
cost(11, 12, 456389).
cost(11, 13, 233471).
cost(11, 14, 299534).
cost(11, 15, 184016).
cost(11, 16, 292030).
cost(11, 17, 764522).
cost(11, 18, 209331).
cost(11, 19, 316301).
cost(11, 20, 178872).
cost(11, 21, 267555).
cost(11, 22, 159676).
cost(11, 23, 167178).
cost(11, 24, 208081).
cost(11, 25, 431370).
cost(11, 26, 438202).
cost(12, 1, 198832).
cost(12, 2, 556221).
cost(12, 3, 287246).
cost(12, 4, 263478).
cost(12, 5, 453160).
cost(12, 6, 535742).
cost(12, 7, 585153).
cost(12, 8, 89124).
cost(12, 9, 645471).
cost(12, 10, 479244).
cost(12, 11, 456389).
cost(12, 13, 328422).
cost(12, 14, 739752).
cost(12, 15, 274500).
cost(12, 16, 227804).
cost(12, 17, 345989).
cost(12, 18, 268519).
cost(12, 19, 190550).
cost(12, 20, 604791).
cost(12, 21, 333153).
cost(12, 22, 303735).
cost(12, 23, 408992).
cost(12, 24, 257581).
cost(12, 25, 122380).
cost(12, 26, 508952).
cost(13, 1, 234554).
cost(13, 2, 239080).
cost(13, 3, 373827).
cost(13, 4, 384789).
cost(13, 5, 273044).
cost(13, 6, 220599).
cost(13, 7, 257127).
cost(13, 8, 255500).
cost(13, 9, 335910).
cost(13, 10, 156270).
cost(13, 11, 233471).
cost(13, 12, 328422).
cost(13, 14, 444334).
cost(13, 15, 182382).
cost(13, 16, 102014).
cost(13, 17, 569167).
cost(13, 18, 94191).
cost(13, 19, 139309).
cost(13, 20, 412145).
cost(13, 21, 353895).
cost(13, 22, 198968).
cost(13, 23, 94849).
cost(13, 24, 119061).
cost(13, 25, 369429).
cost(13, 26, 250106).
cost(14, 1, 678704).
cost(14, 2, 214271).
cost(14, 3, 620327).
cost(14, 4, 652370).
cost(14, 5, 334156).
cost(14, 6, 383931).
cost(14, 7, 255306).
cost(14, 8, 685830).
cost(14, 9, 117282).
cost(14, 10, 370337).
cost(14, 11, 299534).
cost(14, 12, 739752).
cost(14, 13, 444334).
cost(14, 15, 478225).
cost(14, 16, 537808).
cost(14, 17, 1013488).
cost(14, 18, 473220).
cost(14, 19, 571317).
cost(14, 20, 273561).
cost(14, 21, 556734).
cost(14, 22, 457473).
cost(14, 23, 349556).
cost(14, 24, 482201).
cost(14, 25, 728837).
cost(14, 26, 515045).
cost(15, 1, 305812).
cost(15, 2, 325190).
cost(15, 3, 195731).
cost(15, 4, 212810).
cost(15, 5, 179589).
cost(15, 6, 388521).
cost(15, 7, 380689).
cost(15, 8, 248794).
cost(15, 9, 398441).
cost(15, 10, 320036).
cost(15, 11, 184016).
cost(15, 12, 274500).
cost(15, 13, 182382).
cost(15, 14, 478225).
cost(15, 16, 166436).
cost(15, 17, 597979).
cost(15, 18, 92953).
cost(15, 19, 171954).
cost(15, 20, 333398).
cost(15, 21, 171661).
cost(15, 22, 32232).
cost(15, 23, 201605).
cost(15, 24, 70534).
cost(15, 25, 251077).
cost(15, 26, 432481).
cost(16, 1, 153419).
cost(16, 2, 338552).
cost(16, 3, 327268).
cost(16, 4, 329177).
cost(16, 5, 315595).
cost(16, 6, 310703).
cost(16, 7, 358994).
cost(16, 8, 153618).
cost(16, 9, 433419).
cost(16, 10, 251816).
cost(16, 11, 292030).
cost(16, 12, 227804).
cost(16, 13, 102014).
cost(16, 14, 537808).
cost(16, 15, 166436).
cost(16, 17, 479122).
cost(16, 18, 85868).
cost(16, 19, 37449).
cost(16, 20, 467197).
cost(16, 21, 326357).
cost(16, 22, 195097).
cost(16, 23, 190986).
cost(16, 24, 98937).
cost(16, 25, 282297).
cost(16, 26, 307130).
cost(17, 1, 335320).
cost(17, 2, 805571).
cost(17, 3, 631065).
cost(17, 4, 604091).
cost(17, 5, 775497).
cost(17, 6, 708042).
cost(17, 7, 803545).
cost(17, 8, 349306).
cost(17, 9, 903908).
cost(17, 10, 677021).
cost(17, 11, 764522).
cost(17, 12, 345989).
cost(17, 13, 569167).
cost(17, 14, 1013488).
cost(17, 15, 597979).
cost(17, 16, 479122).
cost(17, 18, 555996).
cost(17, 19, 449712).
cost(17, 20, 930288).
cost(17, 21, 679141).
cost(17, 22, 629846).
cost(17, 23, 663934).
cost(17, 24, 556723).
cost(17, 25, 451851).
cost(17, 26, 618662).
cost(18, 1, 238131).
cost(18, 2, 289172).
cost(18, 3, 279929).
cost(18, 4, 290634).
cost(18, 5, 229872).
cost(18, 6, 311519).
cost(18, 7, 327639).
cost(18, 8, 214120).
cost(18, 9, 376955).
cost(18, 10, 244704).
cost(18, 11, 209331).
cost(18, 12, 268519).
cost(18, 13, 94191).
cost(18, 14, 473220).
cost(18, 15, 92953).
cost(18, 16, 85868).
cost(18, 17, 555996).
cost(18, 19, 106970).
cost(18, 20, 382237).
cost(18, 21, 263748).
cost(18, 22, 116239).
cost(18, 23, 145016).
cost(18, 24, 24909).
cost(18, 25, 286640).
cost(18, 26, 342395).
cost(19, 1, 134705).
cost(19, 2, 374560).
cost(19, 3, 312966).
cost(19, 4, 311000).
cost(19, 5, 334455).
cost(19, 6, 346670).
cost(19, 7, 396381).
cost(19, 8, 116894).
cost(19, 9, 468563).
cost(19, 10, 288780).
cost(19, 11, 316301).
cost(19, 12, 190550).
cost(19, 13, 139309).
cost(19, 14, 571317).
cost(19, 15, 171954).
cost(19, 16, 37449).
cost(19, 17, 449712).
cost(19, 18, 106970).
cost(19, 20, 488095).
cost(19, 21, 319859).
cost(19, 22, 202984).
cost(19, 23, 226615).
cost(19, 24, 112433).
cost(19, 25, 250677).
cost(19, 26, 336046).
cost(20, 1, 620304).
cost(20, 2, 307813).
cost(20, 3, 401627).
cost(20, 4, 437745).
cost(20, 5, 154825).
cost(20, 6, 489907).
cost(20, 7, 390366).
cost(20, 8, 581084).
cost(20, 9, 286953).
cost(20, 10, 439313).
cost(20, 11, 178872).
cost(20, 12, 604791).
cost(20, 13, 412145).
cost(20, 14, 273561).
cost(20, 15, 333398).
cost(20, 16, 467197).
cost(20, 17, 930288).
cost(20, 18, 382237).
cost(20, 19, 488095).
cost(20, 21, 331994).
cost(20, 22, 302322).
cost(20, 23, 338895).
cost(20, 24, 376313).
cost(20, 25, 553125).
cost(20, 26, 600335).
cost(21, 1, 441685).
cost(21, 2, 455457).
cost(21, 3, 69851).
cost(21, 4, 106429).
cost(21, 5, 222904).
cost(21, 6, 552741).
cost(21, 7, 524618).
cost(21, 8, 352309).
cost(21, 9, 505937).
cost(21, 10, 484263).
cost(21, 11, 267555).
cost(21, 12, 333153).
cost(21, 13, 353895).
cost(21, 14, 556734).
cost(21, 15, 171661).
cost(21, 16, 326357).
cost(21, 17, 679141).
cost(21, 18, 263748).
cost(21, 19, 319859).
cost(21, 20, 331994).
cost(21, 22, 158007).
cost(21, 23, 359470).
cost(21, 24, 239896).
cost(21, 25, 243415).
cost(21, 26, 603980).
cost(22, 1, 337258).
cost(22, 2, 315815).
cost(22, 3, 193083).
cost(22, 4, 215077).
cost(22, 5, 149435).
cost(22, 6, 395257).
cost(22, 7, 376731).
cost(22, 8, 280783).
cost(22, 9, 383206).
cost(22, 10, 326691).
cost(22, 11, 159676).
cost(22, 12, 303735).
cost(22, 13, 198968).
cost(22, 14, 457473).
cost(22, 15, 32232).
cost(22, 16, 195097).
cost(22, 17, 629846).
cost(22, 18, 116239).
cost(22, 19, 202984).
cost(22, 20, 302322).
cost(22, 21, 158007).
cost(22, 23, 203435).
cost(22, 24, 96766).
cost(22, 25, 271806).
cost(22, 26, 448083).
cost(23, 1, 329396).
cost(23, 2, 148085).
cost(23, 3, 395590).
cost(23, 4, 414375).
cost(23, 5, 219111).
cost(23, 6, 194545).
cost(23, 7, 183368).
cost(23, 8, 343369).
cost(23, 9, 242544).
cost(23, 10, 127097).
cost(23, 11, 167178).
cost(23, 12, 408992).
cost(23, 13, 94849).
cost(23, 14, 349556).
cost(23, 15, 201605).
cost(23, 16, 190986).
cost(23, 17, 663934).
cost(23, 18, 145016).
cost(23, 19, 226615).
cost(23, 20, 338895).
cost(23, 21, 359470).
cost(23, 22, 203435).
cost(23, 24, 163926).
cost(23, 25, 430858).
cost(23, 26, 272593).
cost(24, 1, 246673).
cost(24, 2, 304744).
cost(24, 3, 255031).
cost(24, 4, 265849).
cost(24, 5, 222210).
cost(24, 6, 335496).
cost(24, 7, 347254).
cost(24, 8, 210560).
cost(24, 9, 389579).
cost(24, 10, 268305).
cost(24, 11, 208081).
cost(24, 12, 257581).
cost(24, 13, 119061).
cost(24, 14, 482201).
cost(24, 15, 70534).
cost(24, 16, 98937).
cost(24, 17, 556723).
cost(24, 18, 24909).
cost(24, 19, 112433).
cost(24, 20, 376313).
cost(24, 21, 239896).
cost(24, 22, 96766).
cost(24, 23, 163926).
cost(24, 25, 266984).
cost(24, 26, 367169).
cost(25, 1, 307008).
cost(25, 2, 569585).
cost(25, 3, 184233).
cost(25, 4, 153635).
cost(25, 5, 412433).
cost(25, 6, 589081).
cost(25, 7, 614065).
cost(25, 8, 192283).
cost(25, 9, 648371).
cost(25, 10, 525692).
cost(25, 11, 431370).
cost(25, 12, 122380).
cost(25, 13, 369429).
cost(25, 14, 728837).
cost(25, 15, 251077).
cost(25, 16, 282297).
cost(25, 17, 451851).
cost(25, 18, 286640).
cost(25, 19, 250677).
cost(25, 20, 553125).
cost(25, 21, 243415).
cost(25, 22, 271806).
cost(25, 23, 430858).
cost(25, 24, 266984).
cost(25, 26, 586558).
cost(26, 1, 330210).
cost(26, 2, 316300).
cost(26, 3, 621828).
cost(26, 4, 629771).
cost(26, 5, 491672).
cost(26, 6, 131234).
cost(26, 7, 259809).
cost(26, 8, 420399).
cost(26, 9, 399937).
cost(26, 10, 161804).
cost(26, 11, 438202).
cost(26, 12, 508952).
cost(26, 13, 250106).
cost(26, 14, 515045).
cost(26, 15, 432481).
cost(26, 16, 307130).
cost(26, 17, 618662).
cost(26, 18, 342395).
cost(26, 19, 336046).
cost(26, 20, 600335).
cost(26, 21, 603980).
cost(26, 22, 448083).
cost(26, 23, 272593).
cost(26, 24, 367169).
cost(26, 25, 586558).
nocross(1,4).
nocross(1,8).
nocross(1,16).
nocross(1,26).
nocross(2,4).
nocross(2,5).
nocross(2,6).
nocross(2,7).
nocross(2,9).
nocross(2,10).
nocross(2,14).
nocross(2,22).
nocross(2,23).
nocross(3,15).
nocross(3,21).
nocross(3,22).
nocross(5,2).
nocross(5,4).
nocross(5,7).
nocross(5,9).
nocross(5,14).
nocross(5,15).
nocross(5,21).
nocross(5,22).
nocross(5,24).
nocross(6,7).
nocross(6,9).
nocross(6,23).
nocross(6,26).
nocross(7,2).
nocross(7,6).
nocross(7,9).
nocross(7,10).
nocross(7,23).
nocross(8,1).
nocross(8,4).
nocross(8,24).
nocross(9,2).
nocross(9,4).
nocross(9,5).
nocross(9,6).
nocross(9,7).
nocross(9,20).
nocross(9,22).
nocross(10,2).
nocross(10,6).
nocross(10,7).
nocross(10,9).
nocross(10,22).
nocross(10,23).
nocross(10,26).
nocross(11,2).
nocross(11,4).
nocross(11,7).
nocross(11,15).
nocross(11,21).
nocross(11,22).
nocross(11,24).
nocross(12,4).
nocross(12,8).
nocross(12,24).
nocross(12,25).
nocross(13,7).
nocross(13,10).
nocross(13,16).
nocross(13,18).
nocross(13,22).
nocross(13,23).
nocross(13,24).
nocross(13,26).
nocross(14,7).
nocross(14,20).
nocross(15,4).
nocross(15,5).
nocross(15,8).
nocross(15,21).
nocross(15,22).
nocross(15,23).
nocross(15,25).
nocross(16,4).
nocross(16,13).
nocross(16,18).
nocross(16,23).
nocross(16,24).
nocross(16,25).
nocross(16,26).
nocross(17,1).
nocross(17,4).
nocross(17,8).
nocross(17,12).
nocross(18,4).
nocross(18,5).
nocross(18,13).
nocross(18,16).
nocross(18,22).
nocross(18,23).
nocross(18,24).
nocross(18,25).
nocross(19,1).
nocross(19,4).
nocross(19,8).
nocross(19,16).
nocross(20,14).
nocross(21,4).
nocross(21,5).
nocross(21,15).
nocross(21,22).
nocross(21,24).
nocross(22,2).
nocross(22,4).
nocross(22,5).
nocross(22,8).
nocross(22,15).
nocross(22,21).
nocross(22,23).
nocross(22,24).
nocross(22,25).
nocross(23,2).
nocross(23,4).
nocross(23,5).
nocross(23,9).
nocross(23,10).
nocross(23,13).
nocross(23,14).
nocross(23,15).
nocross(23,16).
nocross(23,18).
nocross(23,22).
nocross(23,24).
nocross(24,4).
nocross(24,15).
nocross(24,16).
nocross(24,22).
nocross(24,23).
nocross(24,25).
nocross(25,4).
nocross(25,8).
nocross(25,24).
nocross(26,1).
nocross(26,4).
nocross(26,6).
nocross(26,7).
nocross(26,10).
nocross(26,13).
nocross(26,23).
