dimension(26).
point(1, -344975.0, -1757.0).
point(2, 82129.0, -245126.0).
point(3, -307223.0, 64576.0).
point(4, -167518.0, 13148.0).
point(5, 160177.0, -145738.0).
point(6, 86480.0, -534085.0).
point(7, 164365.0, -103566.0).
point(8, 197468.0, 321201.0).
point(9, 71673.0, -119365.0).
point(10, -120368.0, -197294.0).
point(11, 31027.0, 26953.0).
point(12, 76584.0, 266003.0).
point(13, -365797.0, -200751.0).
point(14, 346246.0, 223828.0).
point(15, 35262.0, -17934.0).
point(16, -172637.0, 183920.0).
point(17, 271672.0, -155487.0).
point(18, 239930.0, 38705.0).
point(19, -135550.0, -153222.0).
point(20, 31798.0, 346688.0).
point(21, 9265.0, -47013.0).
point(22, -45119.0, 109542.0).
point(23, 185642.0, 26088.0).
point(24, -72918.0, 96643.0).
point(25, -33367.0, -9946.0).
point(26, 29259.0, 18168.0).
cost(1, 2, 491575).
cost(1, 3, 76324).
cost(1, 4, 178082).
cost(1, 5, 525270).
cost(1, 6, 685220).
cost(1, 7, 519415).
cost(1, 8, 631305).
cost(1, 9, 432929).
cost(1, 10, 297797).
cost(1, 11, 377096).
cost(1, 12, 499407).
cost(1, 13, 200080).
cost(1, 14, 727100).
cost(1, 15, 380581).
cost(1, 16, 253330).
cost(1, 17, 635521).
cost(1, 18, 586303).
cost(1, 19, 258458).
cost(1, 20, 513198).
cost(1, 21, 357119).
cost(1, 22, 319845).
cost(1, 23, 531347).
cost(1, 24, 289305).
cost(1, 25, 311716).
cost(1, 26, 374764).
cost(2, 1, 491575).
cost(2, 3, 497504).
cost(2, 4, 359206).
cost(2, 5, 126370).
cost(2, 6, 288992).
cost(2, 7, 163713).
cost(2, 8, 577953).
cost(2, 9, 126195).
cost(2, 10, 208070).
cost(2, 11, 276836).
cost(2, 12, 511159).
cost(2, 13, 450119).
cost(2, 14, 538215).
cost(2, 15, 231976).
cost(2, 16, 498985).
cost(2, 17, 209670).
cost(2, 18, 324748).
cost(2, 19, 236285).
cost(2, 20, 593950).
cost(2, 21, 211087).
cost(2, 22, 376804).
cost(2, 23, 290296).
cost(2, 24, 375294).
cost(2, 25, 262009).
cost(2, 26, 268550).
cost(3, 1, 76324).
cost(3, 2, 497504).
cost(3, 4, 148870).
cost(3, 5, 512538).
cost(3, 6, 716517).
cost(3, 7, 500667).
cost(3, 8, 566188).
cost(3, 9, 421185).
cost(3, 10, 321700).
cost(3, 11, 340336).
cost(3, 12, 433452).
cost(3, 13, 271716).
cost(3, 14, 672594).
cost(3, 15, 352284).
cost(3, 16, 179879).
cost(3, 17, 619312).
cost(3, 18, 547764).
cost(3, 19, 277322).
cost(3, 20, 441047).
cost(3, 21, 335584).
cost(3, 22, 265933).
cost(3, 23, 494365).
cost(3, 24, 236489).
cost(3, 25, 283814).
cost(3, 26, 339667).
cost(4, 1, 178082).
cost(4, 2, 359206).
cost(4, 3, 148870).
cost(4, 5, 364182).
cost(4, 6, 603307).
cost(4, 7, 351807).
cost(4, 8, 477610).
cost(4, 9, 273445).
cost(4, 10, 215659).
cost(4, 11, 199024).
cost(4, 12, 351456).
cost(4, 13, 291663).
cost(4, 14, 555283).
cost(4, 15, 205148).
cost(4, 16, 170849).
cost(4, 17, 470453).
cost(4, 18, 408249).
cost(4, 19, 169413).
cost(4, 20, 388556).
cost(4, 21, 186739).
cost(4, 22, 155799).
cost(4, 23, 353397).
cost(4, 24, 126177).
cost(4, 25, 136124).
cost(4, 26, 196841).
cost(5, 1, 525270).
cost(5, 2, 126370).
cost(5, 3, 512538).
cost(5, 4, 364182).
cost(5, 6, 395278).
cost(5, 7, 42379).
cost(5, 8, 468426).
cost(5, 9, 92350).
cost(5, 10, 285243).
cost(5, 11, 215643).
cost(5, 12, 420141).
cost(5, 13, 528843).
cost(5, 14, 413764).
cost(5, 15, 178711).
cost(5, 16, 468444).
cost(5, 17, 111920).
cost(5, 18, 200947).
cost(5, 19, 295822).
cost(5, 20, 508886).
cost(5, 21, 180336).
cost(5, 22, 327589).
cost(5, 23, 173703).
cost(5, 24, 336276).
cost(5, 25, 236429).
cost(5, 26, 209773).
cost(6, 1, 685220).
cost(6, 2, 288992).
cost(6, 3, 716517).
cost(6, 4, 603307).
cost(6, 5, 395278).
cost(6, 7, 437507).
cost(6, 8, 862457).
cost(6, 9, 414984).
cost(6, 10, 395240).
cost(6, 11, 563772).
cost(6, 12, 800149).
cost(6, 13, 561842).
cost(6, 14, 801193).
cost(6, 15, 518686).
cost(6, 16, 763330).
cost(6, 17, 421465).
cost(6, 18, 592988).
cost(6, 19, 440856).
cost(6, 20, 882469).
cost(6, 21, 493154).
cost(6, 22, 656943).
cost(6, 23, 568882).
cost(6, 24, 650558).
cost(6, 25, 537666).
cost(6, 26, 555210).
cost(7, 1, 519415).
cost(7, 2, 163713).
cost(7, 3, 500667).
cost(7, 4, 351807).
cost(7, 5, 42379).
cost(7, 6, 437507).
cost(7, 8, 426055).
cost(7, 9, 94029).
cost(7, 10, 299763).
cost(7, 11, 186586).
cost(7, 12, 379851).
cost(7, 13, 538996).
cost(7, 14, 374523).
cost(7, 15, 154921).
cost(7, 16, 442966).
cost(7, 17, 119208).
cost(7, 18, 161093).
cost(7, 19, 303998).
cost(7, 20, 469364).
cost(7, 21, 165089).
cost(7, 22, 298829).
cost(7, 23, 131388).
cost(7, 24, 310462).
cost(7, 25, 218775).
cost(7, 26, 181859).
cost(8, 1, 631305).
cost(8, 2, 577953).
cost(8, 3, 566188).
cost(8, 4, 477610).
cost(8, 5, 468426).
cost(8, 6, 862457).
cost(8, 7, 426055).
cost(8, 9, 458173).
cost(8, 10, 608159).
cost(8, 11, 338060).
cost(8, 12, 132890).
cost(8, 13, 767920).
cost(8, 14, 177810).
cost(8, 15, 375930).
cost(8, 16, 394745).
cost(8, 17, 482429).
cost(8, 18, 285669).
cost(8, 19, 579636).
cost(8, 20, 167619).
cost(8, 21, 413524).
cost(8, 22, 321944).
cost(8, 23, 295350).
cost(8, 24, 351475).
cost(8, 25, 403662).
cost(8, 26, 346588).
cost(9, 1, 432929).
cost(9, 2, 126195).
cost(9, 3, 421185).
cost(9, 4, 273445).
cost(9, 5, 92350).
cost(9, 6, 414984).
cost(9, 7, 94029).
cost(9, 8, 458173).
cost(9, 10, 207250).
cost(9, 11, 151859).
cost(9, 12, 385399).
cost(9, 13, 444976).
cost(9, 14, 439513).
cost(9, 15, 107768).
cost(9, 16, 389447).
cost(9, 17, 203235).
cost(9, 18, 230860).
cost(9, 19, 209971).
cost(9, 20, 467756).
cost(9, 21, 95549).
cost(9, 22, 256980).
cost(9, 23, 184785).
cost(9, 24, 259935).
cost(9, 25, 151677).
cost(9, 26, 143925).
cost(10, 1, 297797).
cost(10, 2, 208070).
cost(10, 3, 321700).
cost(10, 4, 215659).
cost(10, 5, 285243).
cost(10, 6, 395240).
cost(10, 7, 299763).
cost(10, 8, 608159).
cost(10, 9, 207250).
cost(10, 11, 270568).
cost(10, 12, 503422).
cost(10, 13, 245453).
cost(10, 14, 628548).
cost(10, 15, 237467).
cost(10, 16, 384781).
cost(10, 17, 394263).
cost(10, 18, 430709).
cost(10, 19, 46614).
cost(10, 20, 564864).
cost(10, 21, 198467).
cost(10, 22, 315928).
cost(10, 23, 378869).
cost(10, 24, 297742).
cost(10, 25, 206563).
cost(10, 26, 262321).
cost(11, 1, 377096).
cost(11, 2, 276836).
cost(11, 3, 340336).
cost(11, 4, 199024).
cost(11, 5, 215643).
cost(11, 6, 563772).
cost(11, 7, 186586).
cost(11, 8, 338060).
cost(11, 9, 151859).
cost(11, 10, 270568).
cost(11, 12, 243352).
cost(11, 13, 457513).
cost(11, 14, 371649).
cost(11, 15, 45086).
cost(11, 16, 257134).
cost(11, 17, 301984).
cost(11, 18, 209233).
cost(11, 19, 245379).
cost(11, 20, 319736).
cost(11, 21, 77101).
cost(11, 22, 112335).
cost(11, 23, 154617).
cost(11, 24, 125145).
cost(11, 25, 74217).
cost(11, 26, 8961).
cost(12, 1, 499407).
cost(12, 2, 511159).
cost(12, 3, 433452).
cost(12, 4, 351456).
cost(12, 5, 420141).
cost(12, 6, 800149).
cost(12, 7, 379851).
cost(12, 8, 132890).
cost(12, 9, 385399).
cost(12, 10, 503422).
cost(12, 11, 243352).
cost(12, 13, 643086).
cost(12, 14, 272940).
cost(12, 15, 286928).
cost(12, 16, 262390).
cost(12, 17, 464449).
cost(12, 18, 279904).
cost(12, 19, 469841).
cost(12, 20, 92281).
cost(12, 21, 320173).
cost(12, 22, 198221).
cost(12, 23, 263539).
cost(12, 24, 225906).
cost(12, 25, 297047).
cost(12, 26, 252313).
cost(13, 1, 200080).
cost(13, 2, 450119).
cost(13, 3, 271716).
cost(13, 4, 291663).
cost(13, 5, 528843).
cost(13, 6, 561842).
cost(13, 7, 538996).
cost(13, 8, 767920).
cost(13, 9, 444976).
cost(13, 10, 245453).
cost(13, 11, 457513).
cost(13, 12, 643086).
cost(13, 14, 829019).
cost(13, 15, 440761).
cost(13, 16, 430445).
cost(13, 17, 639074).
cost(13, 18, 651340).
cost(13, 19, 235101).
cost(13, 20, 676588).
cost(13, 21, 405348).
cost(13, 22, 446224).
cost(13, 23, 596273).
cost(13, 24, 417398).
cost(13, 25, 383297).
cost(13, 26, 451658).
cost(14, 1, 727100).
cost(14, 2, 538215).
cost(14, 3, 672594).
cost(14, 4, 555283).
cost(14, 5, 413764).
cost(14, 6, 801193).
cost(14, 7, 374523).
cost(14, 8, 177810).
cost(14, 9, 439513).
cost(14, 10, 628548).
cost(14, 11, 371649).
cost(14, 12, 272940).
cost(14, 13, 829019).
cost(14, 15, 393903).
cost(14, 16, 520415).
cost(14, 17, 386576).
cost(14, 18, 213480).
cost(14, 19, 611796).
cost(14, 20, 337598).
cost(14, 21, 432332).
cost(14, 22, 407711).
cost(14, 23, 254744).
cost(14, 24, 438035).
cost(14, 25, 445821).
cost(14, 26, 377858).
cost(15, 1, 380581).
cost(15, 2, 231976).
cost(15, 3, 352284).
cost(15, 4, 205148).
cost(15, 5, 178711).
cost(15, 6, 518686).
cost(15, 7, 154921).
cost(15, 8, 375930).
cost(15, 9, 107768).
cost(15, 10, 237467).
cost(15, 11, 45086).
cost(15, 12, 286928).
cost(15, 13, 440761).
cost(15, 14, 393903).
cost(15, 16, 289771).
cost(15, 17, 273515).
cost(15, 18, 212360).
cost(15, 19, 217898).
cost(15, 20, 364638).
cost(15, 21, 39006).
cost(15, 22, 150702).
cost(15, 23, 156691).
cost(15, 24, 157578).
cost(15, 25, 69092).
cost(15, 26, 36598).
cost(16, 1, 253330).
cost(16, 2, 498985).
cost(16, 3, 179879).
cost(16, 4, 170849).
cost(16, 5, 468444).
cost(16, 6, 763330).
cost(16, 7, 442966).
cost(16, 8, 394745).
cost(16, 9, 389447).
cost(16, 10, 384781).
cost(16, 11, 257134).
cost(16, 12, 262390).
cost(16, 13, 430445).
cost(16, 14, 520415).
cost(16, 15, 289771).
cost(16, 17, 559113).
cost(16, 18, 437377).
cost(16, 19, 339176).
cost(16, 20, 261318).
cost(16, 21, 293970).
cost(16, 22, 147624).
cost(16, 23, 391503).
cost(16, 24, 132519).
cost(16, 25, 238705).
cost(16, 26, 261220).
cost(17, 1, 635521).
cost(17, 2, 209670).
cost(17, 3, 619312).
cost(17, 4, 470453).
cost(17, 5, 111920).
cost(17, 6, 421465).
cost(17, 7, 119208).
cost(17, 8, 482429).
cost(17, 9, 203235).
cost(17, 10, 394263).
cost(17, 11, 301984).
cost(17, 12, 464449).
cost(17, 13, 639074).
cost(17, 14, 386576).
cost(17, 15, 273515).
cost(17, 16, 559113).
cost(17, 18, 196769).
cost(17, 19, 407228).
cost(17, 20, 556524).
cost(17, 21, 283944).
cost(17, 22, 413034).
cost(17, 23, 200924).
cost(17, 24, 426980).
cost(17, 25, 337981).
cost(17, 26, 298195).
cost(18, 1, 586303).
cost(18, 2, 324748).
cost(18, 3, 547764).
cost(18, 4, 408249).
cost(18, 5, 200947).
cost(18, 6, 592988).
cost(18, 7, 161093).
cost(18, 8, 285669).
cost(18, 9, 230860).
cost(18, 10, 430709).
cost(18, 11, 209233).
cost(18, 12, 279904).
cost(18, 13, 651340).
cost(18, 14, 213480).
cost(18, 15, 212360).
cost(18, 16, 437377).
cost(18, 17, 196769).
cost(18, 19, 421689).
cost(18, 20, 371716).
cost(18, 21, 246077).
cost(18, 22, 293719).
cost(18, 23, 55735).
cost(18, 24, 318168).
cost(18, 25, 277594).
cost(18, 26, 211670).
cost(19, 1, 258458).
cost(19, 2, 236285).
cost(19, 3, 277322).
cost(19, 4, 169413).
cost(19, 5, 295822).
cost(19, 6, 440856).
cost(19, 7, 303998).
cost(19, 8, 579636).
cost(19, 9, 209971).
cost(19, 10, 46614).
cost(19, 11, 245379).
cost(19, 12, 469841).
cost(19, 13, 235101).
cost(19, 14, 611796).
cost(19, 15, 217898).
cost(19, 16, 339176).
cost(19, 17, 407228).
cost(19, 18, 421689).
cost(19, 20, 527177).
cost(19, 21, 179588).
cost(19, 22, 277890).
cost(19, 23, 367854).
cost(19, 24, 257595).
cost(19, 25, 175981).
cost(19, 26, 237774).
cost(20, 1, 513198).
cost(20, 2, 593950).
cost(20, 3, 441047).
cost(20, 4, 388556).
cost(20, 5, 508886).
cost(20, 6, 882469).
cost(20, 7, 469364).
cost(20, 8, 167619).
cost(20, 9, 467756).
cost(20, 10, 564864).
cost(20, 11, 319736).
cost(20, 12, 92281).
cost(20, 13, 676588).
cost(20, 14, 337598).
cost(20, 15, 364638).
cost(20, 16, 261318).
cost(20, 17, 556524).
cost(20, 18, 371716).
cost(20, 19, 527177).
cost(20, 21, 394345).
cost(20, 22, 249308).
cost(20, 23, 355601).
cost(20, 24, 271087).
cost(20, 25, 362539).
cost(20, 26, 328530).
cost(21, 1, 357119).
cost(21, 2, 211087).
cost(21, 3, 335584).
cost(21, 4, 186739).
cost(21, 5, 180336).
cost(21, 6, 493154).
cost(21, 7, 165089).
cost(21, 8, 413524).
cost(21, 9, 95549).
cost(21, 10, 198467).
cost(21, 11, 77101).
cost(21, 12, 320173).
cost(21, 13, 405348).
cost(21, 14, 432332).
cost(21, 15, 39006).
cost(21, 16, 293970).
cost(21, 17, 283944).
cost(21, 18, 246077).
cost(21, 19, 179588).
cost(21, 20, 394345).
cost(21, 22, 165732).
cost(21, 23, 190926).
cost(21, 24, 165503).
cost(21, 25, 56493).
cost(21, 26, 68179).
cost(22, 1, 319845).
cost(22, 2, 376804).
cost(22, 3, 265933).
cost(22, 4, 155799).
cost(22, 5, 327589).
cost(22, 6, 656943).
cost(22, 7, 298829).
cost(22, 8, 321944).
cost(22, 9, 256980).
cost(22, 10, 315928).
cost(22, 11, 112335).
cost(22, 12, 198221).
cost(22, 13, 446224).
cost(22, 14, 407711).
cost(22, 15, 150702).
cost(22, 16, 147624).
cost(22, 17, 413034).
cost(22, 18, 293719).
cost(22, 19, 277890).
cost(22, 20, 249308).
cost(22, 21, 165732).
cost(22, 23, 245388).
cost(22, 24, 30646).
cost(22, 25, 120065).
cost(22, 26, 117819).
cost(23, 1, 531347).
cost(23, 2, 290296).
cost(23, 3, 494365).
cost(23, 4, 353397).
cost(23, 5, 173703).
cost(23, 6, 568882).
cost(23, 7, 131388).
cost(23, 8, 295350).
cost(23, 9, 184785).
cost(23, 10, 378869).
cost(23, 11, 154617).
cost(23, 12, 263539).
cost(23, 13, 596273).
cost(23, 14, 254744).
cost(23, 15, 156691).
cost(23, 16, 391503).
cost(23, 17, 200924).
cost(23, 18, 55735).
cost(23, 19, 367854).
cost(23, 20, 355601).
cost(23, 21, 190926).
cost(23, 22, 245388).
cost(23, 24, 268014).
cost(23, 25, 221954).
cost(23, 26, 156583).
cost(24, 1, 289305).
cost(24, 2, 375294).
cost(24, 3, 236489).
cost(24, 4, 126177).
cost(24, 5, 336276).
cost(24, 6, 650558).
cost(24, 7, 310462).
cost(24, 8, 351475).
cost(24, 9, 259935).
cost(24, 10, 297742).
cost(24, 11, 125145).
cost(24, 12, 225906).
cost(24, 13, 417398).
cost(24, 14, 438035).
cost(24, 15, 157578).
cost(24, 16, 132519).
cost(24, 17, 426980).
cost(24, 18, 318168).
cost(24, 19, 257595).
cost(24, 20, 271087).
cost(24, 21, 165503).
cost(24, 22, 30646).
cost(24, 23, 268014).
cost(24, 25, 113690).
cost(24, 26, 128835).
cost(25, 1, 311716).
cost(25, 2, 262009).
cost(25, 3, 283814).
cost(25, 4, 136124).
cost(25, 5, 236429).
cost(25, 6, 537666).
cost(25, 7, 218775).
cost(25, 8, 403662).
cost(25, 9, 151677).
cost(25, 10, 206563).
cost(25, 11, 74217).
cost(25, 12, 297047).
cost(25, 13, 383297).
cost(25, 14, 445821).
cost(25, 15, 69092).
cost(25, 16, 238705).
cost(25, 17, 337981).
cost(25, 18, 277594).
cost(25, 19, 175981).
cost(25, 20, 362539).
cost(25, 21, 56493).
cost(25, 22, 120065).
cost(25, 23, 221954).
cost(25, 24, 113690).
cost(25, 26, 68647).
cost(26, 1, 374764).
cost(26, 2, 268550).
cost(26, 3, 339667).
cost(26, 4, 196841).
cost(26, 5, 209773).
cost(26, 6, 555210).
cost(26, 7, 181859).
cost(26, 8, 346588).
cost(26, 9, 143925).
cost(26, 10, 262321).
cost(26, 11, 8961).
cost(26, 12, 252313).
cost(26, 13, 451658).
cost(26, 14, 377858).
cost(26, 15, 36598).
cost(26, 16, 261220).
cost(26, 17, 298195).
cost(26, 18, 211670).
cost(26, 19, 237774).
cost(26, 20, 328530).
cost(26, 21, 68179).
cost(26, 22, 117819).
cost(26, 23, 156583).
cost(26, 24, 128835).
cost(26, 25, 68647).
nocross(2,1).
nocross(2,5).
nocross(2,7).
nocross(2,9).
nocross(2,11).
nocross(2,21).
nocross(3,1).
nocross(3,4).
nocross(3,11).
nocross(3,13).
nocross(3,16).
nocross(4,1).
nocross(4,3).
nocross(4,7).
nocross(4,11).
nocross(4,16).
nocross(4,24).
nocross(5,2).
nocross(5,7).
nocross(5,9).
nocross(5,11).
nocross(5,15).
nocross(5,17).
nocross(5,18).
nocross(5,21).
nocross(5,26).
nocross(6,2).
nocross(7,5).
nocross(7,9).
nocross(7,11).
nocross(7,15).
nocross(7,17).
nocross(7,21).
nocross(7,26).
nocross(8,11).
nocross(8,12).
nocross(8,20).
nocross(9,11).
nocross(9,15).
nocross(9,21).
nocross(10,2).
nocross(10,4).
nocross(10,6).
nocross(10,13).
nocross(11,7).
nocross(11,12).
nocross(11,14).
nocross(11,20).
nocross(11,23).
nocross(11,24).
nocross(11,25).
nocross(12,4).
nocross(12,7).
nocross(12,16).
nocross(12,20).
nocross(13,1).
nocross(13,3).
nocross(13,19).
nocross(14,8).
nocross(14,12).
nocross(15,7).
nocross(15,9).
nocross(15,18).
nocross(15,21).
nocross(15,23).
nocross(15,26).
nocross(16,3).
nocross(16,12).
nocross(17,2).
nocross(17,5).
nocross(17,6).
nocross(17,7).
nocross(17,11).
nocross(17,14).
nocross(17,18).
nocross(17,23).
nocross(18,5).
nocross(18,7).
nocross(18,8).
nocross(18,11).
nocross(18,12).
nocross(18,14).
nocross(18,17).
nocross(18,23).
nocross(18,26).
nocross(19,1).
nocross(19,2).
nocross(19,4).
nocross(19,9).
nocross(19,11).
nocross(19,21).
nocross(19,25).
nocross(20,8).
nocross(20,12).
nocross(20,16).
nocross(21,7).
nocross(21,15).
nocross(22,3).
nocross(22,4).
nocross(22,8).
nocross(22,11).
nocross(22,12).
nocross(22,15).
nocross(22,16).
nocross(22,20).
nocross(22,21).
nocross(22,23).
nocross(22,24).
nocross(22,26).
nocross(23,5).
nocross(23,7).
nocross(23,8).
nocross(23,9).
nocross(23,11).
nocross(23,12).
nocross(23,14).
nocross(23,15).
nocross(23,17).
nocross(23,18).
nocross(23,20).
nocross(23,26).
nocross(24,3).
nocross(24,4).
nocross(24,7).
nocross(24,11).
nocross(24,12).
nocross(24,15).
nocross(24,16).
nocross(24,20).
nocross(24,21).
nocross(24,26).
nocross(25,7).
nocross(25,11).
nocross(25,12).
nocross(25,13).
nocross(25,15).
nocross(25,21).
nocross(25,26).
nocross(26,7).
nocross(26,11).
nocross(26,15).
nocross(26,21).
