dimension(26).
point(1, -56456.0, -74701.0).
point(2, -128351.0, -185099.0).
point(3, 262347.0, -65593.0).
point(4, -225180.0, 185769.0).
point(5, 139507.0, 7107.0).
point(6, -389855.0, 171144.0).
point(7, 86340.0, 205222.0).
point(8, 98357.0, 248964.0).
point(9, -99024.0, -117361.0).
point(10, -72271.0, 403158.0).
point(11, 53670.0, -104018.0).
point(12, 57479.0, -160040.0).
point(13, -401059.0, 139611.0).
point(14, 497754.0, -52597.0).
point(15, 166138.0, -170820.0).
point(16, 126516.0, -50890.0).
point(17, 200139.0, -57508.0).
point(18, -171200.0, 36483.0).
point(19, -163137.0, 82934.0).
point(20, -91364.0, -201361.0).
point(21, 193819.0, 55089.0).
point(22, 290444.0, -391900.0).
point(23, 76403.0, -107716.0).
point(24, 162860.0, 164775.0).
point(25, -34050.0, -44030.0).
point(26, -57235.0, 133876.0).
cost(1, 2, 131744).
cost(1, 3, 318933).
cost(1, 4, 310342).
cost(1, 5, 212354).
cost(1, 6, 414240).
cost(1, 7, 314241).
cost(1, 8, 358784).
cost(1, 9, 60265).
cost(1, 10, 478121).
cost(1, 11, 113961).
cost(1, 12, 142351).
cost(1, 13, 405809).
cost(1, 14, 554651).
cost(1, 15, 242460).
cost(1, 16, 184515).
cost(1, 17, 257170).
cost(1, 18, 159775).
cost(1, 19, 190341).
cost(1, 20, 131382).
cost(1, 21, 281927).
cost(1, 22, 470058).
cost(1, 23, 136900).
cost(1, 24, 324728).
cost(1, 25, 37983).
cost(1, 26, 208578).
cost(2, 1, 131744).
cost(2, 3, 408567).
cost(2, 4, 383300).
cost(2, 5, 329683).
cost(2, 6, 441920).
cost(2, 7, 445469).
cost(2, 8, 489701).
cost(2, 9, 73814).
cost(2, 10, 590924).
cost(2, 11, 199263).
cost(2, 12, 187512).
cost(2, 13, 424036).
cost(2, 14, 639972).
cost(2, 15, 294835).
cost(2, 16, 288044).
cost(2, 17, 352399).
cost(2, 18, 225687).
cost(2, 19, 270281).
cost(2, 20, 40404).
cost(2, 21, 401850).
cost(2, 22, 467072).
cost(2, 23, 218889).
cost(2, 24, 455209).
cost(2, 25, 169685).
cost(2, 26, 326807).
cost(3, 1, 318933).
cost(3, 2, 408567).
cost(3, 4, 548512).
cost(3, 5, 142741).
cost(3, 6, 693838).
cost(3, 7, 322985).
cost(3, 8, 354738).
cost(3, 9, 365060).
cost(3, 10, 575931).
cost(3, 11, 212185).
cost(3, 12, 225591).
cost(3, 13, 694418).
cost(3, 14, 235765).
cost(3, 15, 142579).
cost(3, 16, 136624).
cost(3, 17, 62731).
cost(3, 18, 445402).
cost(3, 19, 450663).
cost(3, 20, 378873).
cost(3, 21, 138781).
cost(3, 22, 327514).
cost(3, 23, 190655).
cost(3, 24, 250932).
cost(3, 25, 297180).
cost(3, 26, 376723).
cost(4, 1, 310342).
cost(4, 2, 383300).
cost(4, 3, 548512).
cost(4, 5, 406099).
cost(4, 6, 165323).
cost(4, 7, 312127).
cost(4, 8, 329651).
cost(4, 9, 328334).
cost(4, 10, 265780).
cost(4, 11, 402161).
cost(4, 12, 446632).
cost(4, 13, 181835).
cost(4, 14, 761217).
cost(4, 15, 529420).
cost(4, 16, 423907).
cost(4, 17, 489980).
cost(4, 18, 158746).
cost(4, 19, 120102).
cost(4, 20, 409605).
cost(4, 21, 438905).
cost(4, 22, 774319).
cost(4, 23, 420816).
cost(4, 24, 388608).
cost(4, 25, 298895).
cost(4, 26, 175779).
cost(5, 1, 212354).
cost(5, 2, 329683).
cost(5, 3, 142741).
cost(5, 4, 406099).
cost(5, 6, 554195).
cost(5, 7, 205125).
cost(5, 8, 245333).
cost(5, 9, 269053).
cost(5, 10, 449117).
cost(5, 11, 140416).
cost(5, 12, 186190).
cost(5, 13, 556569).
cost(5, 14, 363188).
cost(5, 15, 179909).
cost(5, 16, 59434).
cost(5, 17, 88608).
cost(5, 18, 312093).
cost(5, 19, 311999).
cost(5, 20, 311063).
cost(5, 21, 72471).
cost(5, 22, 426601).
cost(5, 23, 131021).
cost(5, 24, 159388).
cost(5, 25, 180934).
cost(5, 26, 234047).
cost(6, 1, 414240).
cost(6, 2, 441920).
cost(6, 3, 693838).
cost(6, 4, 165323).
cost(6, 5, 554195).
cost(6, 7, 477413).
cost(6, 8, 494375).
cost(6, 9, 409656).
cost(6, 10, 393307).
cost(6, 11, 521947).
cost(6, 12, 556588).
cost(6, 13, 33464).
cost(6, 14, 915374).
cost(6, 15, 652739).
cost(6, 16, 562084).
cost(6, 17, 632752).
cost(6, 18, 256795).
cost(6, 19, 243274).
cost(6, 20, 477344).
cost(6, 21, 595100).
cost(6, 22, 883077).
cost(6, 23, 543286).
cost(6, 24, 552752).
cost(6, 25, 415809).
cost(6, 26, 334701).
cost(7, 1, 314241).
cost(7, 2, 445469).
cost(7, 3, 322985).
cost(7, 4, 312127).
cost(7, 5, 205125).
cost(7, 6, 477413).
cost(7, 8, 45363).
cost(7, 9, 372048).
cost(7, 10, 253646).
cost(7, 11, 310961).
cost(7, 12, 366400).
cost(7, 13, 491795).
cost(7, 14, 485523).
cost(7, 15, 384416).
cost(7, 16, 259244).
cost(7, 17, 286317).
cost(7, 18, 307896).
cost(7, 19, 277837).
cost(7, 20, 443721).
cost(7, 21, 184639).
cost(7, 22, 631041).
cost(7, 23, 313096).
cost(7, 24, 86552).
cost(7, 25, 276804).
cost(7, 26, 160325).
cost(8, 1, 358784).
cost(8, 2, 489701).
cost(8, 3, 354738).
cost(8, 4, 329651).
cost(8, 5, 245333).
cost(8, 6, 494375).
cost(8, 7, 45363).
cost(8, 9, 416117).
cost(8, 10, 229978).
cost(8, 11, 355799).
cost(8, 12, 411042).
cost(8, 13, 511248).
cost(8, 14, 500457).
cost(8, 15, 425221).
cost(8, 16, 301173).
cost(8, 17, 322931).
cost(8, 18, 343233).
cost(8, 19, 309750).
cost(8, 20, 488658).
cost(8, 21, 216103).
cost(8, 22, 669032).
cost(8, 23, 357355).
cost(8, 24, 106059).
cost(8, 25, 321523).
cost(8, 26, 193531).
cost(9, 1, 60265).
cost(9, 2, 73814).
cost(9, 3, 365060).
cost(9, 4, 328334).
cost(9, 5, 269053).
cost(9, 6, 409656).
cost(9, 7, 372048).
cost(9, 8, 416117).
cost(9, 10, 521206).
cost(9, 11, 153276).
cost(9, 12, 162218).
cost(9, 13, 396560).
cost(9, 14, 600282).
cost(9, 15, 270497).
cost(9, 16, 235131).
cost(9, 17, 305092).
cost(9, 18, 169933).
cost(9, 19, 210306).
cost(9, 20, 84349).
cost(9, 21, 339847).
cost(9, 22, 476505).
cost(9, 23, 175692).
cost(9, 24, 384947).
cost(9, 25, 97975).
cost(9, 26, 254689).
cost(10, 1, 478121).
cost(10, 2, 590924).
cost(10, 3, 575931).
cost(10, 4, 265780).
cost(10, 5, 449117).
cost(10, 6, 393307).
cost(10, 7, 253646).
cost(10, 8, 229978).
cost(10, 9, 521206).
cost(10, 11, 522579).
cost(10, 12, 577951).
cost(10, 13, 421377).
cost(10, 14, 729823).
cost(10, 15, 621522).
cost(10, 16, 495657).
cost(10, 17, 535183).
cost(10, 18, 379786).
cost(10, 19, 332866).
cost(10, 20, 604820).
cost(10, 21, 438128).
cost(10, 22, 873888).
cost(10, 23, 532068).
cost(10, 24, 334833).
cost(10, 25, 448818).
cost(10, 26, 269701).
cost(11, 1, 113961).
cost(11, 2, 199263).
cost(11, 3, 212185).
cost(11, 4, 402161).
cost(11, 5, 140416).
cost(11, 6, 521947).
cost(11, 7, 310961).
cost(11, 8, 355799).
cost(11, 9, 153276).
cost(11, 10, 522579).
cost(11, 12, 56151).
cost(11, 13, 515881).
cost(11, 14, 447051).
cost(11, 15, 130811).
cost(11, 16, 90162).
cost(11, 17, 153676).
cost(11, 18, 265155).
cost(11, 19, 286280).
cost(11, 20, 174673).
cost(11, 21, 212030).
cost(11, 22, 372744).
cost(11, 23, 23032).
cost(11, 24, 290124).
cost(11, 25, 106270).
cost(11, 26, 262476).
cost(12, 1, 142351).
cost(12, 2, 187512).
cost(12, 3, 225591).
cost(12, 4, 446632).
cost(12, 5, 186190).
cost(12, 6, 556588).
cost(12, 7, 366400).
cost(12, 8, 411042).
cost(12, 9, 162218).
cost(12, 10, 577951).
cost(12, 11, 56151).
cost(12, 13, 547766).
cost(12, 14, 453195).
cost(12, 15, 109192).
cost(12, 16, 129150).
cost(12, 17, 175683).
cost(12, 18, 301522).
cost(12, 19, 328189).
cost(12, 20, 154472).
cost(12, 21, 254694).
cost(12, 22, 328682).
cost(12, 23, 55641).
cost(12, 24, 341482).
cost(12, 25, 147770).
cost(12, 26, 315509).
cost(13, 1, 405809).
cost(13, 2, 424036).
cost(13, 3, 694418).
cost(13, 4, 181835).
cost(13, 5, 556569).
cost(13, 6, 33464).
cost(13, 7, 491795).
cost(13, 8, 511248).
cost(13, 9, 396560).
cost(13, 10, 421377).
cost(13, 11, 515881).
cost(13, 12, 547766).
cost(13, 14, 919135).
cost(13, 15, 646591).
cost(13, 16, 560915).
cost(13, 17, 632689).
cost(13, 18, 251934).
cost(13, 19, 244580).
cost(13, 20, 460622).
cost(13, 21, 600853).
cost(13, 22, 872170).
cost(13, 23, 537718).
cost(13, 24, 564480).
cost(13, 25, 410390).
cost(13, 26, 343872).
cost(14, 1, 554651).
cost(14, 2, 639972).
cost(14, 3, 235765).
cost(14, 4, 761217).
cost(14, 5, 363188).
cost(14, 6, 915374).
cost(14, 7, 485523).
cost(14, 8, 500457).
cost(14, 9, 600282).
cost(14, 10, 729823).
cost(14, 11, 447051).
cost(14, 12, 453195).
cost(14, 13, 919135).
cost(14, 15, 352059).
cost(14, 16, 371242).
cost(14, 17, 297656).
cost(14, 18, 674859).
cost(14, 19, 674645).
cost(14, 20, 607611).
cost(14, 21, 322448).
cost(14, 22, 397623).
cost(14, 23, 424941).
cost(14, 24, 399255).
cost(14, 25, 531873).
cost(14, 26, 585478).
cost(15, 1, 242460).
cost(15, 2, 294835).
cost(15, 3, 142579).
cost(15, 4, 529420).
cost(15, 5, 179909).
cost(15, 6, 652739).
cost(15, 7, 384416).
cost(15, 8, 425221).
cost(15, 9, 270497).
cost(15, 10, 621522).
cost(15, 11, 130811).
cost(15, 12, 109192).
cost(15, 13, 646591).
cost(15, 14, 352059).
cost(15, 16, 126306).
cost(15, 17, 118303).
cost(15, 18, 395944).
cost(15, 19, 415708).
cost(15, 20, 259307).
cost(15, 21, 227599).
cost(15, 22, 253630).
cost(15, 23, 109702).
cost(15, 24, 335611).
cost(15, 25, 236962).
cost(15, 26, 377803).
cost(16, 1, 184515).
cost(16, 2, 288044).
cost(16, 3, 136624).
cost(16, 4, 423907).
cost(16, 5, 59434).
cost(16, 6, 562084).
cost(16, 7, 259244).
cost(16, 8, 301173).
cost(16, 9, 235131).
cost(16, 10, 495657).
cost(16, 11, 90162).
cost(16, 12, 129150).
cost(16, 13, 560915).
cost(16, 14, 371242).
cost(16, 15, 126306).
cost(16, 17, 73920).
cost(16, 18, 310272).
cost(16, 19, 319073).
cost(16, 20, 264789).
cost(16, 21, 125544).
cost(16, 22, 378365).
cost(16, 23, 75766).
cost(16, 24, 218706).
cost(16, 25, 160712).
cost(16, 26, 260582).
cost(17, 1, 257170).
cost(17, 2, 352399).
cost(17, 3, 62731).
cost(17, 4, 489980).
cost(17, 5, 88608).
cost(17, 6, 632752).
cost(17, 7, 286317).
cost(17, 8, 322931).
cost(17, 9, 305092).
cost(17, 10, 535183).
cost(17, 11, 153676).
cost(17, 12, 175683).
cost(17, 13, 632689).
cost(17, 14, 297656).
cost(17, 15, 118303).
cost(17, 16, 73920).
cost(17, 18, 383050).
cost(17, 19, 389478).
cost(17, 20, 325066).
cost(17, 21, 112774).
cost(17, 22, 346371).
cost(17, 23, 133534).
cost(17, 24, 225387).
cost(17, 25, 234577).
cost(17, 26, 320732).
cost(18, 1, 159775).
cost(18, 2, 225687).
cost(18, 3, 445402).
cost(18, 4, 158746).
cost(18, 5, 312093).
cost(18, 6, 256795).
cost(18, 7, 307896).
cost(18, 8, 343233).
cost(18, 9, 169933).
cost(18, 10, 379786).
cost(18, 11, 265155).
cost(18, 12, 301522).
cost(18, 13, 251934).
cost(18, 14, 674859).
cost(18, 15, 395944).
cost(18, 16, 310272).
cost(18, 17, 383050).
cost(18, 19, 47146).
cost(18, 20, 250886).
cost(18, 21, 365493).
cost(18, 22, 629783).
cost(18, 23, 286532).
cost(18, 24, 357848).
cost(18, 25, 159036).
cost(18, 26, 149911).
cost(19, 1, 190341).
cost(19, 2, 270281).
cost(19, 3, 450663).
cost(19, 4, 120102).
cost(19, 5, 311999).
cost(19, 6, 243274).
cost(19, 7, 277837).
cost(19, 8, 309750).
cost(19, 9, 210306).
cost(19, 10, 332866).
cost(19, 11, 286280).
cost(19, 12, 328189).
cost(19, 13, 244580).
cost(19, 14, 674645).
cost(19, 15, 415708).
cost(19, 16, 319073).
cost(19, 17, 389478).
cost(19, 18, 47146).
cost(19, 20, 293215).
cost(19, 21, 358040).
cost(19, 22, 656661).
cost(19, 23, 306148).
cost(19, 24, 336113).
cost(19, 25, 181062).
cost(19, 26, 117517).
cost(20, 1, 131382).
cost(20, 2, 40404).
cost(20, 3, 378873).
cost(20, 4, 409605).
cost(20, 5, 311063).
cost(20, 6, 477344).
cost(20, 7, 443721).
cost(20, 8, 488658).
cost(20, 9, 84349).
cost(20, 10, 604820).
cost(20, 11, 174673).
cost(20, 12, 154472).
cost(20, 13, 460622).
cost(20, 14, 607611).
cost(20, 15, 259307).
cost(20, 16, 264789).
cost(20, 17, 325066).
cost(20, 18, 250886).
cost(20, 19, 293215).
cost(20, 21, 383531).
cost(20, 22, 426711).
cost(20, 23, 192133).
cost(20, 24, 445741).
cost(20, 25, 167445).
cost(20, 26, 336970).
cost(21, 1, 281927).
cost(21, 2, 401850).
cost(21, 3, 138781).
cost(21, 4, 438905).
cost(21, 5, 72471).
cost(21, 6, 595100).
cost(21, 7, 184639).
cost(21, 8, 216103).
cost(21, 9, 339847).
cost(21, 10, 438128).
cost(21, 11, 212030).
cost(21, 12, 254694).
cost(21, 13, 600853).
cost(21, 14, 322448).
cost(21, 15, 227599).
cost(21, 16, 125544).
cost(21, 17, 112774).
cost(21, 18, 365493).
cost(21, 19, 358040).
cost(21, 20, 383531).
cost(21, 22, 457313).
cost(21, 23, 200729).
cost(21, 24, 113971).
cost(21, 25, 248493).
cost(21, 26, 263126).
cost(22, 1, 470058).
cost(22, 2, 467072).
cost(22, 3, 327514).
cost(22, 4, 774319).
cost(22, 5, 426601).
cost(22, 6, 883077).
cost(22, 7, 631041).
cost(22, 8, 669032).
cost(22, 9, 476505).
cost(22, 10, 873888).
cost(22, 11, 372744).
cost(22, 12, 328682).
cost(22, 13, 872170).
cost(22, 14, 397623).
cost(22, 15, 253630).
cost(22, 16, 378365).
cost(22, 17, 346371).
cost(22, 18, 629783).
cost(22, 19, 656661).
cost(22, 20, 426711).
cost(22, 21, 457313).
cost(22, 23, 355773).
cost(22, 24, 571108).
cost(22, 25, 475720).
cost(22, 26, 630334).
cost(23, 1, 136900).
cost(23, 2, 218889).
cost(23, 3, 190655).
cost(23, 4, 420816).
cost(23, 5, 131021).
cost(23, 6, 543286).
cost(23, 7, 313096).
cost(23, 8, 357355).
cost(23, 9, 175692).
cost(23, 10, 532068).
cost(23, 11, 23032).
cost(23, 12, 55641).
cost(23, 13, 537718).
cost(23, 14, 424941).
cost(23, 15, 109702).
cost(23, 16, 75766).
cost(23, 17, 133534).
cost(23, 18, 286532).
cost(23, 19, 306148).
cost(23, 20, 192133).
cost(23, 21, 200729).
cost(23, 22, 355773).
cost(23, 24, 285878).
cost(23, 25, 127498).
cost(23, 26, 276090).
cost(24, 1, 324728).
cost(24, 2, 455209).
cost(24, 3, 250932).
cost(24, 4, 388608).
cost(24, 5, 159388).
cost(24, 6, 552752).
cost(24, 7, 86552).
cost(24, 8, 106059).
cost(24, 9, 384947).
cost(24, 10, 334833).
cost(24, 11, 290124).
cost(24, 12, 341482).
cost(24, 13, 564480).
cost(24, 14, 399255).
cost(24, 15, 335611).
cost(24, 16, 218706).
cost(24, 17, 225387).
cost(24, 18, 357848).
cost(24, 19, 336113).
cost(24, 20, 445741).
cost(24, 21, 113971).
cost(24, 22, 571108).
cost(24, 23, 285878).
cost(24, 25, 287007).
cost(24, 26, 222253).
cost(25, 1, 37983).
cost(25, 2, 169685).
cost(25, 3, 297180).
cost(25, 4, 298895).
cost(25, 5, 180934).
cost(25, 6, 415809).
cost(25, 7, 276804).
cost(25, 8, 321523).
cost(25, 9, 97975).
cost(25, 10, 448818).
cost(25, 11, 106270).
cost(25, 12, 147770).
cost(25, 13, 410390).
cost(25, 14, 531873).
cost(25, 15, 236962).
cost(25, 16, 160712).
cost(25, 17, 234577).
cost(25, 18, 159036).
cost(25, 19, 181062).
cost(25, 20, 167445).
cost(25, 21, 248493).
cost(25, 22, 475720).
cost(25, 23, 127498).
cost(25, 24, 287007).
cost(25, 26, 179410).
cost(26, 1, 208578).
cost(26, 2, 326807).
cost(26, 3, 376723).
cost(26, 4, 175779).
cost(26, 5, 234047).
cost(26, 6, 334701).
cost(26, 7, 160325).
cost(26, 8, 193531).
cost(26, 9, 254689).
cost(26, 10, 269701).
cost(26, 11, 262476).
cost(26, 12, 315509).
cost(26, 13, 343872).
cost(26, 14, 585478).
cost(26, 15, 377803).
cost(26, 16, 260582).
cost(26, 17, 320732).
cost(26, 18, 149911).
cost(26, 19, 117517).
cost(26, 20, 336970).
cost(26, 21, 263126).
cost(26, 22, 630334).
cost(26, 23, 276090).
cost(26, 24, 222253).
cost(26, 25, 179410).
nocross(1,2).
nocross(1,7).
nocross(1,9).
nocross(1,11).
nocross(1,18).
nocross(1,19).
nocross(1,20).
nocross(1,25).
nocross(2,1).
nocross(2,9).
nocross(2,11).
nocross(2,19).
nocross(2,20).
nocross(2,25).
nocross(3,12).
nocross(3,14).
nocross(3,17).
nocross(3,21).
nocross(3,23).
nocross(4,2).
nocross(4,6).
nocross(4,7).
nocross(4,8).
nocross(4,18).
nocross(4,19).
nocross(4,25).
nocross(4,26).
nocross(5,7).
nocross(5,8).
nocross(5,11).
nocross(5,16).
nocross(5,17).
nocross(5,20).
nocross(5,21).
nocross(5,23).
nocross(5,24).
nocross(5,25).
nocross(6,1).
nocross(6,2).
nocross(6,4).
nocross(6,8).
nocross(6,9).
nocross(7,8).
nocross(7,11).
nocross(7,21).
nocross(7,24).
nocross(7,25).
nocross(7,26).
nocross(8,7).
nocross(8,10).
nocross(8,11).
nocross(8,24).
nocross(8,25).
nocross(8,26).
nocross(9,2).
nocross(9,11).
nocross(9,12).
nocross(9,18).
nocross(9,19).
nocross(9,25).
nocross(10,4).
nocross(10,6).
nocross(10,7).
nocross(10,8).
nocross(10,19).
nocross(10,26).
nocross(11,1).
nocross(11,5).
nocross(11,7).
nocross(11,12).
nocross(11,20).
nocross(11,23).
nocross(11,25).
nocross(12,1).
nocross(12,7).
nocross(12,11).
nocross(12,17).
nocross(12,20).
nocross(12,23).
nocross(12,25).
nocross(14,3).
nocross(14,21).
nocross(14,22).
nocross(15,3).
nocross(15,11).
nocross(15,12).
nocross(15,16).
nocross(15,17).
nocross(15,20).
nocross(15,21).
nocross(15,22).
nocross(15,23).
nocross(16,5).
nocross(16,7).
nocross(16,11).
nocross(16,17).
nocross(16,20).
nocross(16,21).
nocross(16,23).
nocross(16,25).
nocross(17,3).
nocross(17,5).
nocross(17,7).
nocross(17,11).
nocross(17,12).
nocross(17,15).
nocross(17,16).
nocross(17,21).
nocross(17,23).
nocross(17,25).
nocross(18,1).
nocross(18,2).
nocross(18,9).
nocross(18,19).
nocross(18,25).
nocross(18,26).
nocross(19,1).
nocross(19,2).
nocross(19,6).
nocross(19,8).
nocross(19,9).
nocross(19,10).
nocross(19,18).
nocross(19,25).
nocross(19,26).
nocross(20,1).
nocross(20,2).
nocross(20,11).
nocross(20,12).
nocross(20,22).
nocross(20,25).
nocross(21,5).
nocross(21,7).
nocross(21,14).
nocross(21,16).
nocross(21,17).
nocross(21,24).
nocross(21,25).
nocross(21,26).
nocross(22,11).
nocross(22,12).
nocross(22,14).
nocross(23,5).
nocross(23,7).
nocross(23,11).
nocross(23,12).
nocross(23,16).
nocross(23,20).
nocross(23,25).
nocross(24,7).
nocross(24,8).
nocross(24,11).
nocross(24,14).
nocross(24,21).
nocross(24,23).
nocross(24,25).
nocross(24,26).
nocross(25,7).
nocross(25,11).
nocross(25,20).
nocross(25,23).
nocross(26,4).
nocross(26,5).
nocross(26,7).
nocross(26,8).
nocross(26,9).
nocross(26,11).
nocross(26,18).
nocross(26,19).
nocross(26,21).
nocross(26,24).
nocross(26,25).
