dimension(26).
point(1, 142948.0, 16318.0).
point(2, 60642.0, -15534.0).
point(3, 28899.0, 43713.0).
point(4, -211479.0, 274709.0).
point(5, -224595.0, 29562.0).
point(6, 18054.0, -35199.0).
point(7, 133474.0, 170458.0).
point(8, 181173.0, 193582.0).
point(9, 32047.0, -209327.0).
point(10, 200722.0, 8894.0).
point(11, 21351.0, -142912.0).
point(12, 113669.0, 176439.0).
point(13, -93987.0, 326182.0).
point(14, -45866.0, 158326.0).
point(15, -66509.0, 72473.0).
point(16, 373395.0, 247363.0).
point(17, -198193.0, 178723.0).
point(18, -82838.0, 327275.0).
point(19, 277533.0, 38719.0).
point(20, 68549.0, 60681.0).
point(21, -75667.0, 160567.0).
point(22, 41565.0, -20615.0).
point(23, 91462.0, 237497.0).
point(24, -159751.0, -68995.0).
point(25, -123548.0, -95966.0).
point(26, 176310.0, 332535.0).
cost(1, 2, 88254).
cost(1, 3, 117293).
cost(1, 4, 438616).
cost(1, 5, 367782).
cost(1, 6, 135102).
cost(1, 7, 154431).
cost(1, 8, 181339).
cost(1, 9, 251425).
cost(1, 10, 58249).
cost(1, 11, 200350).
cost(1, 12, 162776).
cost(1, 13, 390069).
cost(1, 14, 236256).
cost(1, 15, 216854).
cost(1, 16, 326324).
cost(1, 17, 377826).
cost(1, 18, 384283).
cost(1, 19, 136437).
cost(1, 20, 86622).
cost(1, 21, 261917).
cost(1, 22, 107901).
cost(1, 23, 227092).
cost(1, 24, 314492).
cost(1, 25, 289185).
cost(1, 26, 317972).
cost(2, 1, 88254).
cost(2, 3, 67215).
cost(2, 4, 397858).
cost(2, 5, 288780).
cost(2, 6, 46909).
cost(2, 7, 199744).
cost(2, 8, 241365).
cost(2, 9, 195891).
cost(2, 10, 142194).
cost(2, 11, 133300).
cost(2, 12, 199162).
cost(2, 13, 375073).
cost(2, 14, 203890).
cost(2, 15, 154637).
cost(2, 16, 408570).
cost(2, 17, 323622).
cost(2, 18, 371624).
cost(2, 19, 223573).
cost(2, 20, 76624).
cost(2, 21, 222692).
cost(2, 22, 19742).
cost(2, 23, 254901).
cost(2, 24, 226784).
cost(2, 25, 200986).
cost(2, 26, 366785).
cost(3, 1, 117293).
cost(3, 2, 67215).
cost(3, 4, 333378).
cost(3, 5, 253889).
cost(3, 6, 79654).
cost(3, 7, 164317).
cost(3, 8, 213654).
cost(3, 9, 253060).
cost(3, 10, 175315).
cost(3, 11, 186778).
cost(3, 12, 157487).
cost(3, 13, 308042).
cost(3, 14, 136843).
cost(3, 15, 99649).
cost(3, 16, 400188).
cost(3, 17, 264194).
cost(3, 18, 304783).
cost(3, 19, 248684).
cost(3, 20, 43128).
cost(3, 21, 156808).
cost(3, 22, 65563).
cost(3, 23, 203633).
cost(3, 24, 219754).
cost(3, 25, 206761).
cost(3, 26, 324266).
cost(4, 1, 438616).
cost(4, 2, 397858).
cost(4, 3, 333378).
cost(4, 5, 245498).
cost(4, 6, 385653).
cost(4, 7, 360362).
cost(4, 8, 400945).
cost(4, 9, 541845).
cost(4, 10, 490477).
cost(4, 11, 478139).
cost(4, 12, 339674).
cost(4, 13, 128273).
cost(4, 14, 202417).
cost(4, 15, 248829).
cost(4, 16, 585513).
cost(4, 17, 96901).
cost(4, 18, 138967).
cost(4, 19, 542977).
cost(4, 20, 352454).
cost(4, 21, 177407).
cost(4, 22, 388906).
cost(4, 23, 305218).
cost(4, 24, 347575).
cost(4, 25, 380962).
cost(4, 26, 392077).
cost(5, 1, 367782).
cost(5, 2, 288780).
cost(5, 3, 253889).
cost(5, 4, 245498).
cost(5, 6, 251142).
cost(5, 7, 384792).
cost(5, 8, 437665).
cost(5, 9, 350618).
cost(5, 10, 425819).
cost(5, 11, 300394).
cost(5, 12, 368776).
cost(5, 13, 324102).
cost(5, 14, 220282).
cost(5, 15, 163806).
cost(5, 16, 636419).
cost(5, 17, 151480).
cost(5, 18, 329739).
cost(5, 19, 502211).
cost(5, 20, 294791).
cost(5, 21, 198348).
cost(5, 22, 270848).
cost(5, 23, 378324).
cost(5, 24, 117976).
cost(5, 25, 161145).
cost(5, 26, 502511).
cost(6, 1, 135102).
cost(6, 2, 46909).
cost(6, 3, 79654).
cost(6, 4, 385653).
cost(6, 5, 251142).
cost(6, 7, 235832).
cost(6, 8, 280978).
cost(6, 9, 174689).
cost(6, 10, 187914).
cost(6, 11, 107763).
cost(6, 12, 232235).
cost(6, 13, 378351).
cost(6, 14, 203808).
cost(6, 15, 136909).
cost(6, 16, 453992).
cost(6, 17, 304180).
cost(6, 18, 376253).
cost(6, 19, 269802).
cost(6, 20, 108364).
cost(6, 21, 217044).
cost(6, 22, 27667).
cost(6, 23, 282404).
cost(6, 24, 180988).
cost(6, 25, 154090).
cost(6, 26, 400341).
cost(7, 1, 154431).
cost(7, 2, 199744).
cost(7, 3, 164317).
cost(7, 4, 360362).
cost(7, 5, 384792).
cost(7, 6, 235832).
cost(7, 8, 53009).
cost(7, 9, 393096).
cost(7, 10, 175001).
cost(7, 11, 332825).
cost(7, 12, 20688).
cost(7, 13, 275660).
cost(7, 14, 179750).
cost(7, 15, 222698).
cost(7, 16, 251945).
cost(7, 17, 331770).
cost(7, 18, 267175).
cost(7, 19, 195213).
cost(7, 20, 127539).
cost(7, 21, 209375).
cost(7, 22, 212029).
cost(7, 23, 79115).
cost(7, 24, 378574).
cost(7, 25, 370192).
cost(7, 26, 167642).
cost(8, 1, 181339).
cost(8, 2, 241365).
cost(8, 3, 213654).
cost(8, 4, 400945).
cost(8, 5, 437665).
cost(8, 6, 280978).
cost(8, 7, 53009).
cost(8, 9, 429621).
cost(8, 10, 185720).
cost(8, 11, 372520).
cost(8, 12, 69647).
cost(8, 13, 305444).
cost(8, 14, 229760).
cost(8, 15, 275706).
cost(8, 16, 199604).
cost(8, 17, 379657).
cost(8, 18, 295932).
cost(8, 19, 182395).
cost(8, 20, 174203).
cost(8, 21, 258953).
cost(8, 22, 255677).
cost(8, 23, 99883).
cost(8, 24, 430321).
cost(8, 25, 420349).
cost(8, 26, 139038).
cost(9, 1, 251425).
cost(9, 2, 195891).
cost(9, 3, 253060).
cost(9, 4, 541845).
cost(9, 5, 350618).
cost(9, 6, 174689).
cost(9, 7, 393096).
cost(9, 8, 429621).
cost(9, 10, 275811).
cost(9, 11, 67271).
cost(9, 12, 394306).
cost(9, 13, 550140).
cost(9, 14, 375818).
cost(9, 15, 298537).
cost(9, 16, 570162).
cost(9, 17, 451213).
cost(9, 18, 548762).
cost(9, 19, 348985).
cost(9, 20, 272464).
cost(9, 21, 385258).
cost(9, 22, 188952).
cost(9, 23, 450757).
cost(9, 24, 237654).
cost(9, 25, 192511).
cost(9, 26, 560737).
cost(10, 1, 58249).
cost(10, 2, 142194).
cost(10, 3, 175315).
cost(10, 4, 490477).
cost(10, 5, 425819).
cost(10, 6, 187914).
cost(10, 7, 175001).
cost(10, 8, 185720).
cost(10, 9, 275811).
cost(10, 11, 234987).
cost(10, 12, 188811).
cost(10, 13, 433042).
cost(10, 14, 288332).
cost(10, 15, 274690).
cost(10, 16, 294420).
cost(10, 17, 433561).
cost(10, 18, 426348).
cost(10, 19, 82398).
cost(10, 20, 141956).
cost(10, 21, 315271).
cost(10, 22, 161869).
cost(10, 23, 253371).
cost(10, 24, 368792).
cost(10, 25, 340803).
cost(10, 26, 324560).
cost(11, 1, 200350).
cost(11, 2, 133300).
cost(11, 3, 186778).
cost(11, 4, 478139).
cost(11, 5, 300394).
cost(11, 6, 107763).
cost(11, 7, 332825).
cost(11, 8, 372520).
cost(11, 9, 67271).
cost(11, 10, 234987).
cost(11, 12, 332427).
cost(11, 13, 483065).
cost(11, 14, 308646).
cost(11, 15, 232616).
cost(11, 16, 525594).
cost(11, 17, 389421).
cost(11, 18, 481592).
cost(11, 19, 314037).
cost(11, 20, 208992).
cost(11, 21, 318609).
cost(11, 22, 123956).
cost(11, 23, 386816).
cost(11, 24, 195606).
cost(11, 25, 152314).
cost(11, 26, 500062).
cost(12, 1, 162776).
cost(12, 2, 199162).
cost(12, 3, 157487).
cost(12, 4, 339674).
cost(12, 5, 368776).
cost(12, 6, 232235).
cost(12, 7, 20688).
cost(12, 8, 69647).
cost(12, 9, 394306).
cost(12, 10, 188811).
cost(12, 11, 332427).
cost(12, 13, 256016).
cost(12, 14, 160560).
cost(12, 15, 208022).
cost(12, 16, 269236).
cost(12, 17, 311870).
cost(12, 18, 247723).
cost(12, 19, 214052).
cost(12, 20, 124241).
cost(12, 21, 190000).
cost(12, 22, 209832).
cost(12, 23, 64971).
cost(12, 24, 367418).
cost(12, 25, 361215).
cost(12, 26, 168196).
cost(13, 1, 390069).
cost(13, 2, 375073).
cost(13, 3, 308042).
cost(13, 4, 128273).
cost(13, 5, 324102).
cost(13, 6, 378351).
cost(13, 7, 275660).
cost(13, 8, 305444).
cost(13, 9, 550140).
cost(13, 10, 433042).
cost(13, 11, 483065).
cost(13, 12, 256016).
cost(13, 14, 174617).
cost(13, 15, 255193).
cost(13, 16, 473981).
cost(13, 17, 180563).
cost(13, 18, 11202).
cost(13, 19, 469747).
cost(13, 20, 311302).
cost(13, 21, 166625).
cost(13, 22, 372347).
cost(13, 23, 205564).
cost(13, 24, 400612).
cost(13, 25, 423182).
cost(13, 26, 270372).
cost(14, 1, 236256).
cost(14, 2, 203890).
cost(14, 3, 136843).
cost(14, 4, 202417).
cost(14, 5, 220282).
cost(14, 6, 203808).
cost(14, 7, 179750).
cost(14, 8, 229760).
cost(14, 9, 375818).
cost(14, 10, 288332).
cost(14, 11, 308646).
cost(14, 12, 160560).
cost(14, 13, 174617).
cost(14, 15, 88300).
cost(14, 16, 428611).
cost(14, 17, 153687).
cost(14, 18, 172947).
cost(14, 19, 344808).
cost(14, 20, 150417).
cost(14, 21, 29885).
cost(14, 22, 199158).
cost(14, 23, 158515).
cost(14, 24, 254253).
cost(14, 25, 265893).
cost(14, 26, 282331).
cost(15, 1, 216854).
cost(15, 2, 154637).
cost(15, 3, 99649).
cost(15, 4, 248829).
cost(15, 5, 163806).
cost(15, 6, 136909).
cost(15, 7, 222698).
cost(15, 8, 275706).
cost(15, 9, 298537).
cost(15, 10, 274690).
cost(15, 11, 232616).
cost(15, 12, 208022).
cost(15, 13, 255193).
cost(15, 14, 88300).
cost(15, 16, 473394).
cost(15, 17, 169203).
cost(15, 18, 255325).
cost(15, 19, 345694).
cost(15, 20, 135572).
cost(15, 21, 88569).
cost(15, 22, 142637).
cost(15, 23, 228446).
cost(15, 24, 169432).
cost(15, 25, 177835).
cost(15, 26, 355800).
cost(16, 1, 326324).
cost(16, 2, 408570).
cost(16, 3, 400188).
cost(16, 4, 585513).
cost(16, 5, 636419).
cost(16, 6, 453992).
cost(16, 7, 251945).
cost(16, 8, 199604).
cost(16, 9, 570162).
cost(16, 10, 294420).
cost(16, 11, 525594).
cost(16, 12, 269236).
cost(16, 13, 473981).
cost(16, 14, 428611).
cost(16, 15, 473394).
cost(16, 17, 575695).
cost(16, 18, 463179).
cost(16, 19, 229612).
cost(16, 20, 357465).
cost(16, 21, 457373).
cost(16, 22, 426525).
cost(16, 23, 282106).
cost(16, 24, 619941).
cost(16, 25, 604009).
cost(16, 26, 214702).
cost(17, 1, 377826).
cost(17, 2, 323622).
cost(17, 3, 264194).
cost(17, 4, 96901).
cost(17, 5, 151480).
cost(17, 6, 304180).
cost(17, 7, 331770).
cost(17, 8, 379657).
cost(17, 9, 451213).
cost(17, 10, 433561).
cost(17, 11, 389421).
cost(17, 12, 311870).
cost(17, 13, 180563).
cost(17, 14, 153687).
cost(17, 15, 169203).
cost(17, 16, 575695).
cost(17, 18, 188081).
cost(17, 19, 495900).
cost(17, 20, 291694).
cost(17, 21, 123864).
cost(17, 22, 311800).
cost(17, 23, 295558).
cost(17, 24, 250683).
cost(17, 25, 284651).
cost(17, 26, 404859).
cost(18, 1, 384283).
cost(18, 2, 371624).
cost(18, 3, 304783).
cost(18, 4, 138967).
cost(18, 5, 329739).
cost(18, 6, 376253).
cost(18, 7, 267175).
cost(18, 8, 295932).
cost(18, 9, 548762).
cost(18, 10, 426348).
cost(18, 11, 481592).
cost(18, 12, 247723).
cost(18, 13, 11202).
cost(18, 14, 172947).
cost(18, 15, 255325).
cost(18, 16, 463179).
cost(18, 17, 188081).
cost(18, 19, 461662).
cost(18, 20, 306579).
cost(18, 21, 166862).
cost(18, 22, 369464).
cost(18, 23, 196063).
cost(18, 24, 403665).
cost(18, 25, 425194).
cost(18, 26, 259201).
cost(19, 1, 136437).
cost(19, 2, 223573).
cost(19, 3, 248684).
cost(19, 4, 542977).
cost(19, 5, 502211).
cost(19, 6, 269802).
cost(19, 7, 195213).
cost(19, 8, 182395).
cost(19, 9, 348985).
cost(19, 10, 82398).
cost(19, 11, 314037).
cost(19, 12, 214052).
cost(19, 13, 469747).
cost(19, 14, 344808).
cost(19, 15, 345694).
cost(19, 16, 229612).
cost(19, 17, 495900).
cost(19, 18, 461662).
cost(19, 20, 210135).
cost(19, 21, 373627).
cost(19, 22, 243313).
cost(19, 23, 272278).
cost(19, 24, 450355).
cost(19, 25, 423091).
cost(19, 26, 310763).
cost(20, 1, 86622).
cost(20, 2, 76624).
cost(20, 3, 43128).
cost(20, 4, 352454).
cost(20, 5, 294791).
cost(20, 6, 108364).
cost(20, 7, 127539).
cost(20, 8, 174203).
cost(20, 9, 272464).
cost(20, 10, 141956).
cost(20, 11, 208992).
cost(20, 12, 124241).
cost(20, 13, 311302).
cost(20, 14, 150417).
cost(20, 15, 135572).
cost(20, 16, 357465).
cost(20, 17, 291694).
cost(20, 18, 306579).
cost(20, 19, 210135).
cost(20, 21, 175429).
cost(20, 22, 85657).
cost(20, 23, 178294).
cost(20, 24, 262558).
cost(20, 25, 247870).
cost(20, 26, 292433).
cost(21, 1, 261917).
cost(21, 2, 222692).
cost(21, 3, 156808).
cost(21, 4, 177407).
cost(21, 5, 198348).
cost(21, 6, 217044).
cost(21, 7, 209375).
cost(21, 8, 258953).
cost(21, 9, 385258).
cost(21, 10, 315271).
cost(21, 11, 318609).
cost(21, 12, 190000).
cost(21, 13, 166625).
cost(21, 14, 29885).
cost(21, 15, 88569).
cost(21, 16, 457373).
cost(21, 17, 123864).
cost(21, 18, 166862).
cost(21, 19, 373627).
cost(21, 20, 175429).
cost(21, 22, 215801).
cost(21, 23, 183985).
cost(21, 24, 244477).
cost(21, 25, 260963).
cost(21, 26, 305066).
cost(22, 1, 107901).
cost(22, 2, 19742).
cost(22, 3, 65563).
cost(22, 4, 388906).
cost(22, 5, 270848).
cost(22, 6, 27667).
cost(22, 7, 212029).
cost(22, 8, 255677).
cost(22, 9, 188952).
cost(22, 10, 161869).
cost(22, 11, 123956).
cost(22, 12, 209832).
cost(22, 13, 372347).
cost(22, 14, 199158).
cost(22, 15, 142637).
cost(22, 16, 426525).
cost(22, 17, 311800).
cost(22, 18, 369464).
cost(22, 19, 243313).
cost(22, 20, 85657).
cost(22, 21, 215801).
cost(22, 23, 262891).
cost(22, 24, 207048).
cost(22, 25, 181494).
cost(22, 26, 377983).
cost(23, 1, 227092).
cost(23, 2, 254901).
cost(23, 3, 203633).
cost(23, 4, 305218).
cost(23, 5, 378324).
cost(23, 6, 282404).
cost(23, 7, 79115).
cost(23, 8, 99883).
cost(23, 9, 450757).
cost(23, 10, 253371).
cost(23, 11, 386816).
cost(23, 12, 64971).
cost(23, 13, 205564).
cost(23, 14, 158515).
cost(23, 15, 228446).
cost(23, 16, 282106).
cost(23, 17, 295558).
cost(23, 18, 196063).
cost(23, 19, 272278).
cost(23, 20, 178294).
cost(23, 21, 183985).
cost(23, 22, 262891).
cost(23, 24, 396289).
cost(23, 25, 396771).
cost(23, 26, 127403).
cost(24, 1, 314492).
cost(24, 2, 226784).
cost(24, 3, 219754).
cost(24, 4, 347575).
cost(24, 5, 117976).
cost(24, 6, 180988).
cost(24, 7, 378574).
cost(24, 8, 430321).
cost(24, 9, 237654).
cost(24, 10, 368792).
cost(24, 11, 195606).
cost(24, 12, 367418).
cost(24, 13, 400612).
cost(24, 14, 254253).
cost(24, 15, 169432).
cost(24, 16, 619941).
cost(24, 17, 250683).
cost(24, 18, 403665).
cost(24, 19, 450355).
cost(24, 20, 262558).
cost(24, 21, 244477).
cost(24, 22, 207048).
cost(24, 23, 396289).
cost(24, 25, 45145).
cost(24, 26, 523606).
cost(25, 1, 289185).
cost(25, 2, 200986).
cost(25, 3, 206761).
cost(25, 4, 380962).
cost(25, 5, 161145).
cost(25, 6, 154090).
cost(25, 7, 370192).
cost(25, 8, 420349).
cost(25, 9, 192511).
cost(25, 10, 340803).
cost(25, 11, 152314).
cost(25, 12, 361215).
cost(25, 13, 423182).
cost(25, 14, 265893).
cost(25, 15, 177835).
cost(25, 16, 604009).
cost(25, 17, 284651).
cost(25, 18, 425194).
cost(25, 19, 423091).
cost(25, 20, 247870).
cost(25, 21, 260963).
cost(25, 22, 181494).
cost(25, 23, 396771).
cost(25, 24, 45145).
cost(25, 26, 522999).
cost(26, 1, 317972).
cost(26, 2, 366785).
cost(26, 3, 324266).
cost(26, 4, 392077).
cost(26, 5, 502511).
cost(26, 6, 400341).
cost(26, 7, 167642).
cost(26, 8, 139038).
cost(26, 9, 560737).
cost(26, 10, 324560).
cost(26, 11, 500062).
cost(26, 12, 168196).
cost(26, 13, 270372).
cost(26, 14, 282331).
cost(26, 15, 355800).
cost(26, 16, 214702).
cost(26, 17, 404859).
cost(26, 18, 259201).
cost(26, 19, 310763).
cost(26, 20, 292433).
cost(26, 21, 305066).
cost(26, 22, 377983).
cost(26, 23, 127403).
cost(26, 24, 523606).
cost(26, 25, 522999).
nocross(1,20).
nocross(2,1).
nocross(2,6).
nocross(2,14).
nocross(2,15).
nocross(3,6).
nocross(3,12).
nocross(3,14).
nocross(3,15).
nocross(3,21).
nocross(4,14).
nocross(4,15).
nocross(4,17).
nocross(4,19).
nocross(4,21).
nocross(5,14).
nocross(5,15).
nocross(5,17).
nocross(5,21).
nocross(5,24).
nocross(6,14).
nocross(6,15).
nocross(6,20).
nocross(6,22).
nocross(7,8).
nocross(7,19).
nocross(7,23).
nocross(8,7).
nocross(8,19).
nocross(8,23).
nocross(10,7).
nocross(10,8).
nocross(10,20).
nocross(11,2).
nocross(11,22).
nocross(11,25).
nocross(12,7).
nocross(12,8).
nocross(12,13).
nocross(12,18).
nocross(12,19).
nocross(12,20).
nocross(13,4).
nocross(13,12).
nocross(13,20).
nocross(13,21).
nocross(13,23).
nocross(14,4).
nocross(14,5).
nocross(14,12).
nocross(14,13).
nocross(14,15).
nocross(14,18).
nocross(14,21).
nocross(14,23).
nocross(15,5).
nocross(15,17).
nocross(15,20).
nocross(15,21).
nocross(16,8).
nocross(16,19).
nocross(17,4).
nocross(17,5).
nocross(17,13).
nocross(17,14).
nocross(17,15).
nocross(17,18).
nocross(17,21).
nocross(18,4).
nocross(18,13).
nocross(18,20).
nocross(18,21).
nocross(19,1).
nocross(19,8).
nocross(19,10).
nocross(20,2).
nocross(20,7).
nocross(20,12).
nocross(20,14).
nocross(20,15).
nocross(20,19).
nocross(20,21).
nocross(21,4).
nocross(21,5).
nocross(21,13).
nocross(21,14).
nocross(21,15).
nocross(21,17).
nocross(21,18).
nocross(21,23).
nocross(22,2).
nocross(22,6).
nocross(22,14).
nocross(22,15).
nocross(22,20).
nocross(23,7).
nocross(23,8).
nocross(23,12).
nocross(23,13).
nocross(23,18).
nocross(23,20).
nocross(24,15).
nocross(24,21).
nocross(25,5).
nocross(25,15).
nocross(25,21).
nocross(26,7).
nocross(26,8).
nocross(26,12).
nocross(26,13).
nocross(26,18).
nocross(26,23).
