dimension(26).
point(1, -186326.0, 310987.0).
point(2, 204095.0, 137163.0).
point(3, 83156.0, 83682.0).
point(4, 248480.0, -91241.0).
point(5, 13152.0, -54551.0).
point(6, -38123.0, -8831.0).
point(7, 202105.0, 45415.0).
point(8, 76632.0, 87514.0).
point(9, -305151.0, 13527.0).
point(10, -204868.0, 195396.0).
point(11, 53183.0, -228065.0).
point(12, -56752.0, 68406.0).
point(13, -224545.0, -191811.0).
point(14, -125590.0, 201325.0).
point(15, 99828.0, -74409.0).
point(16, -237543.0, -121935.0).
point(17, 276140.0, 24659.0).
point(18, 26494.0, -319458.0).
point(19, -118565.0, -138504.0).
point(20, 28548.0, 621274.0).
point(21, -77740.0, 31367.0).
point(22, -68884.0, -155404.0).
point(23, -238477.0, 15146.0).
point(24, 198597.0, -8780.0).
point(25, 121022.0, 183045.0).
point(26, -113613.0, -164202.0).
cost(1, 2, 427368).
cost(1, 3, 352545).
cost(1, 4, 592321).
cost(1, 5, 416425).
cost(1, 6, 352488).
cost(1, 7, 470539).
cost(1, 8, 345090).
cost(1, 9, 320315).
cost(1, 10, 117069).
cost(1, 11, 589866).
cost(1, 12, 275018).
cost(1, 13, 504248).
cost(1, 14, 125358).
cost(1, 15, 480015).
cost(1, 16, 435941).
cost(1, 17, 543929).
cost(1, 18, 665397).
cost(1, 19, 454570).
cost(1, 20, 377424).
cost(1, 21, 299964).
cost(1, 22, 480950).
cost(1, 23, 300402).
cost(1, 24, 500416).
cost(1, 25, 332914).
cost(1, 26, 480720).
cost(2, 1, 427368).
cost(2, 3, 132236).
cost(2, 4, 232677).
cost(2, 5, 270580).
cost(2, 6, 282814).
cost(2, 7, 91770).
cost(2, 8, 136791).
cost(2, 9, 524039).
cost(2, 10, 413088).
cost(2, 11, 395178).
cost(2, 12, 269757).
cost(2, 13, 540330).
cost(2, 14, 335870).
cost(2, 15, 235869).
cost(2, 16, 512031).
cost(2, 17, 133595).
cost(2, 18, 489944).
cost(2, 19, 424384).
cost(2, 20, 514957).
cost(2, 21, 301038).
cost(2, 22, 400141).
cost(2, 23, 459084).
cost(2, 24, 146047).
cost(2, 25, 94901).
cost(2, 26, 437903).
cost(3, 1, 352545).
cost(3, 2, 132236).
cost(3, 4, 240687).
cost(3, 5, 154948).
cost(3, 6, 152536).
cost(3, 7, 124953).
cost(3, 8, 7566).
cost(3, 9, 394594).
cost(3, 10, 308930).
cost(3, 11, 313185).
cost(3, 12, 140739).
cost(3, 13, 413009).
cost(3, 14, 239614).
cost(3, 15, 158968).
cost(3, 16, 380954).
cost(3, 17, 201808).
cost(3, 18, 407102).
cost(3, 19, 300097).
cost(3, 20, 540358).
cost(3, 21, 169187).
cost(3, 22, 283334).
cost(3, 23, 328854).
cost(3, 24, 147905).
cost(3, 25, 106334).
cost(3, 26, 316488).
cost(4, 1, 592321).
cost(4, 2, 232677).
cost(4, 3, 240687).
cost(4, 5, 238171).
cost(4, 6, 298216).
cost(4, 7, 144310).
cost(4, 8, 247962).
cost(4, 9, 563457).
cost(4, 10, 536363).
cost(4, 11, 238457).
cost(4, 12, 344462).
cost(4, 13, 483598).
cost(4, 14, 474893).
cost(4, 15, 149602).
cost(4, 16, 486991).
cost(4, 17, 119155).
cost(4, 18, 318372).
cost(4, 19, 370075).
cost(4, 20, 745686).
cost(4, 21, 348500).
cost(4, 22, 323785).
cost(4, 23, 498443).
cost(4, 24, 96375).
cost(4, 25, 302454).
cost(4, 26, 369371).
cost(5, 1, 416425).
cost(5, 2, 270580).
cost(5, 3, 154948).
cost(5, 4, 238171).
cost(5, 6, 68698).
cost(5, 7, 213767).
cost(5, 8, 155603).
cost(5, 9, 325502).
cost(5, 10, 331672).
cost(5, 11, 178072).
cost(5, 12, 141439).
cost(5, 13, 274482).
cost(5, 14, 291070).
cost(5, 15, 88922).
cost(5, 16, 259593).
cost(5, 17, 274658).
cost(5, 18, 265243).
cost(5, 19, 156197).
cost(5, 20, 676000).
cost(5, 21, 125073).
cost(5, 22, 130005).
cost(5, 23, 261103).
cost(5, 24, 191010).
cost(5, 25, 260936).
cost(5, 26, 167609).
cost(6, 1, 352488).
cost(6, 2, 282814).
cost(6, 3, 152536).
cost(6, 4, 298216).
cost(6, 5, 68698).
cost(6, 7, 246277).
cost(6, 8, 149837).
cost(6, 9, 267962).
cost(6, 10, 263652).
cost(6, 11, 237488).
cost(6, 12, 79452).
cost(6, 13, 261218).
cost(6, 14, 227631).
cost(6, 15, 152745).
cost(6, 16, 229262).
cost(6, 17, 316042).
cost(6, 18, 317277).
cost(6, 19, 152598).
cost(6, 20, 633622).
cost(6, 21, 56439).
cost(6, 22, 149766).
cost(6, 23, 201784).
cost(6, 24, 236720).
cost(6, 25, 249286).
cost(6, 26, 172739).
cost(7, 1, 470539).
cost(7, 2, 91770).
cost(7, 3, 124953).
cost(7, 4, 144310).
cost(7, 5, 213767).
cost(7, 6, 246277).
cost(7, 8, 132347).
cost(7, 9, 508257).
cost(7, 10, 433730).
cost(7, 11, 311399).
cost(7, 12, 259876).
cost(7, 13, 488166).
cost(7, 14, 362894).
cost(7, 15, 157538).
cost(7, 16, 470421).
cost(7, 17, 76889).
cost(7, 18, 404934).
cost(7, 19, 369669).
cost(7, 20, 601445).
cost(7, 21, 280197).
cost(7, 22, 337288).
cost(7, 23, 441621).
cost(7, 24, 54308).
cost(7, 25, 159739).
cost(7, 26, 378969).
cost(8, 1, 345090).
cost(8, 2, 136791).
cost(8, 3, 7566).
cost(8, 4, 247962).
cost(8, 5, 155603).
cost(8, 6, 149837).
cost(8, 7, 132347).
cost(8, 9, 388886).
cost(8, 10, 301464).
cost(8, 11, 316449).
cost(8, 12, 134746).
cost(8, 13, 410768).
cost(8, 14, 232049).
cost(8, 15, 163576).
cost(8, 16, 377591).
cost(8, 17, 209175).
cost(8, 18, 410049).
cost(8, 19, 298640).
cost(8, 20, 535921).
cost(8, 21, 164266).
cost(8, 22, 283168).
cost(8, 23, 323312).
cost(8, 24, 155396).
cost(8, 25, 105341).
cost(8, 26, 315522).
cost(9, 1, 320315).
cost(9, 2, 524039).
cost(9, 3, 394594).
cost(9, 4, 563457).
cost(9, 5, 325502).
cost(9, 6, 267962).
cost(9, 7, 508257).
cost(9, 8, 388886).
cost(9, 10, 207685).
cost(9, 11, 432169).
cost(9, 12, 254389).
cost(9, 13, 220592).
cost(9, 14, 259827).
cost(9, 15, 414416).
cost(9, 16, 151396).
cost(9, 17, 581398).
cost(9, 18, 469965).
cost(9, 19, 240682).
cost(9, 20, 693334).
cost(9, 21, 228110).
cost(9, 22, 290448).
cost(9, 23, 66694).
cost(9, 24, 504242).
cost(9, 25, 458650).
cost(9, 26, 261294).
cost(10, 1, 117069).
cost(10, 2, 413088).
cost(10, 3, 308930).
cost(10, 4, 536363).
cost(10, 5, 331672).
cost(10, 6, 263652).
cost(10, 7, 433730).
cost(10, 8, 301464).
cost(10, 9, 207685).
cost(10, 11, 495893).
cost(10, 12, 195102).
cost(10, 13, 387707).
cost(10, 14, 79499).
cost(10, 15, 406982).
cost(10, 16, 319009).
cost(10, 17, 510411).
cost(10, 18, 564449).
cost(10, 19, 344873).
cost(10, 20, 485649).
cost(10, 21, 207526).
cost(10, 22, 376234).
cost(10, 23, 183357).
cost(10, 24, 452186).
cost(10, 25, 326124).
cost(10, 26, 370996).
cost(11, 1, 589866).
cost(11, 2, 395178).
cost(11, 3, 313185).
cost(11, 4, 238457).
cost(11, 5, 178072).
cost(11, 6, 237488).
cost(11, 7, 311399).
cost(11, 8, 316449).
cost(11, 9, 432169).
cost(11, 10, 495893).
cost(11, 12, 316197).
cost(11, 13, 280084).
cost(11, 14, 465119).
cost(11, 15, 160580).
cost(11, 16, 309492).
cost(11, 17, 337015).
cost(11, 18, 95210).
cost(11, 19, 193697).
cost(11, 20, 849696).
cost(11, 21, 290596).
cost(11, 22, 142056).
cost(11, 23, 379759).
cost(11, 24, 263118).
cost(11, 25, 416670).
cost(11, 26, 178604).
cost(12, 1, 275018).
cost(12, 2, 269757).
cost(12, 3, 140739).
cost(12, 4, 344462).
cost(12, 5, 141439).
cost(12, 6, 79452).
cost(12, 7, 259876).
cost(12, 8, 134746).
cost(12, 9, 254389).
cost(12, 10, 195102).
cost(12, 11, 316197).
cost(12, 13, 309625).
cost(12, 14, 149687).
cost(12, 15, 211928).
cost(12, 16, 262517).
cost(12, 17, 335754).
cost(12, 18, 396697).
cost(12, 19, 215946).
cost(12, 20, 559410).
cost(12, 21, 42572).
cost(12, 22, 224139).
cost(12, 23, 189369).
cost(12, 24, 266760).
cost(12, 25, 211532).
cost(12, 26, 239457).
cost(13, 1, 504248).
cost(13, 2, 540330).
cost(13, 3, 413009).
cost(13, 4, 483598).
cost(13, 5, 274482).
cost(13, 6, 261218).
cost(13, 7, 488166).
cost(13, 8, 410768).
cost(13, 9, 220592).
cost(13, 10, 387707).
cost(13, 11, 280084).
cost(13, 12, 309625).
cost(13, 14, 405399).
cost(13, 15, 344965).
cost(13, 16, 71075).
cost(13, 17, 545477).
cost(13, 18, 281628).
cost(13, 19, 118631).
cost(13, 20, 851565).
cost(13, 21, 267133).
cost(13, 22, 159862).
cost(13, 23, 207425).
cost(13, 24, 461031).
cost(13, 25, 509837).
cost(13, 26, 114316).
cost(14, 1, 125358).
cost(14, 2, 335870).
cost(14, 3, 239614).
cost(14, 4, 474893).
cost(14, 5, 291070).
cost(14, 6, 227631).
cost(14, 7, 362894).
cost(14, 8, 232049).
cost(14, 9, 259827).
cost(14, 10, 79499).
cost(14, 11, 465119).
cost(14, 12, 149687).
cost(14, 13, 405399).
cost(14, 15, 356150).
cost(14, 16, 342097).
cost(14, 17, 438860).
cost(14, 18, 542535).
cost(14, 19, 339902).
cost(14, 20, 447343).
cost(14, 21, 176565).
cost(14, 22, 361208).
cost(14, 23, 217729).
cost(14, 24, 386318).
cost(14, 25, 247289).
cost(14, 26, 365723).
cost(15, 1, 480015).
cost(15, 2, 235869).
cost(15, 3, 158968).
cost(15, 4, 149602).
cost(15, 5, 88922).
cost(15, 6, 152745).
cost(15, 7, 157538).
cost(15, 8, 163576).
cost(15, 9, 414416).
cost(15, 10, 406982).
cost(15, 11, 160580).
cost(15, 12, 211928).
cost(15, 13, 344965).
cost(15, 14, 356150).
cost(15, 16, 340702).
cost(15, 17, 202238).
cost(15, 18, 255787).
cost(15, 19, 227604).
cost(15, 20, 699325).
cost(15, 21, 206686).
cost(15, 22, 187147).
cost(15, 23, 349958).
cost(15, 24, 118585).
cost(15, 25, 258325).
cost(15, 26, 231560).
cost(16, 1, 435941).
cost(16, 2, 512031).
cost(16, 3, 380954).
cost(16, 4, 486991).
cost(16, 5, 259593).
cost(16, 6, 229262).
cost(16, 7, 470421).
cost(16, 8, 377591).
cost(16, 9, 151396).
cost(16, 10, 319009).
cost(16, 11, 309492).
cost(16, 12, 262517).
cost(16, 13, 71075).
cost(16, 14, 342097).
cost(16, 15, 340702).
cost(16, 17, 534191).
cost(16, 18, 329744).
cost(16, 19, 120126).
cost(16, 20, 789407).
cost(16, 21, 221446).
cost(16, 22, 171948).
cost(16, 23, 137084).
cost(16, 24, 450580).
cost(16, 25, 470725).
cost(16, 26, 130939).
cost(17, 1, 543929).
cost(17, 2, 133595).
cost(17, 3, 201808).
cost(17, 4, 119155).
cost(17, 5, 274658).
cost(17, 6, 316042).
cost(17, 7, 76889).
cost(17, 8, 209175).
cost(17, 9, 581398).
cost(17, 10, 510411).
cost(17, 11, 337015).
cost(17, 12, 335754).
cost(17, 13, 545477).
cost(17, 14, 438860).
cost(17, 15, 202238).
cost(17, 16, 534191).
cost(17, 18, 425135).
cost(17, 19, 427100).
cost(17, 20, 645950).
cost(17, 21, 353944).
cost(17, 22, 389184).
cost(17, 23, 514705).
cost(17, 24, 84446).
cost(17, 25, 221693).
cost(17, 26, 433100).
cost(18, 1, 665397).
cost(18, 2, 489944).
cost(18, 3, 407102).
cost(18, 4, 318372).
cost(18, 5, 265243).
cost(18, 6, 317277).
cost(18, 7, 404934).
cost(18, 8, 410049).
cost(18, 9, 469965).
cost(18, 10, 564449).
cost(18, 11, 95210).
cost(18, 12, 396697).
cost(18, 13, 281628).
cost(18, 14, 542535).
cost(18, 15, 255787).
cost(18, 16, 329744).
cost(18, 17, 425135).
cost(18, 19, 231919).
cost(18, 20, 940734).
cost(18, 21, 365982).
cost(18, 22, 189765).
cost(18, 23, 426813).
cost(18, 24, 355162).
cost(18, 25, 511317).
cost(18, 26, 209128).
cost(19, 1, 454570).
cost(19, 2, 424384).
cost(19, 3, 300097).
cost(19, 4, 370075).
cost(19, 5, 156197).
cost(19, 6, 152598).
cost(19, 7, 369669).
cost(19, 8, 298640).
cost(19, 9, 240682).
cost(19, 10, 344873).
cost(19, 11, 193697).
cost(19, 12, 215946).
cost(19, 13, 118631).
cost(19, 14, 339902).
cost(19, 15, 227604).
cost(19, 16, 120126).
cost(19, 17, 427100).
cost(19, 18, 231919).
cost(19, 20, 773889).
cost(19, 21, 174708).
cost(19, 22, 52477).
cost(19, 23, 194903).
cost(19, 24, 342666).
cost(19, 25, 400993).
cost(19, 26, 26171).
cost(20, 1, 377424).
cost(20, 2, 514957).
cost(20, 3, 540358).
cost(20, 4, 745686).
cost(20, 5, 676000).
cost(20, 6, 633622).
cost(20, 7, 601445).
cost(20, 8, 535921).
cost(20, 9, 693334).
cost(20, 10, 485649).
cost(20, 11, 849696).
cost(20, 12, 559410).
cost(20, 13, 851565).
cost(20, 14, 447343).
cost(20, 15, 699325).
cost(20, 16, 789407).
cost(20, 17, 645950).
cost(20, 18, 940734).
cost(20, 19, 773889).
cost(20, 21, 599406).
cost(20, 22, 782765).
cost(20, 23, 662339).
cost(20, 24, 652598).
cost(20, 25, 447880).
cost(20, 26, 798237).
cost(21, 1, 299964).
cost(21, 2, 301038).
cost(21, 3, 169187).
cost(21, 4, 348500).
cost(21, 5, 125073).
cost(21, 6, 56439).
cost(21, 7, 280197).
cost(21, 8, 164266).
cost(21, 9, 228110).
cost(21, 10, 207526).
cost(21, 11, 290596).
cost(21, 12, 42572).
cost(21, 13, 267133).
cost(21, 14, 176565).
cost(21, 15, 206686).
cost(21, 16, 221446).
cost(21, 17, 353944).
cost(21, 18, 365982).
cost(21, 19, 174708).
cost(21, 20, 599406).
cost(21, 22, 186981).
cost(21, 23, 161553).
cost(21, 24, 279238).
cost(21, 25, 250025).
cost(21, 26, 198832).
cost(22, 1, 480950).
cost(22, 2, 400141).
cost(22, 3, 283334).
cost(22, 4, 323785).
cost(22, 5, 130005).
cost(22, 6, 149766).
cost(22, 7, 337288).
cost(22, 8, 283168).
cost(22, 9, 290448).
cost(22, 10, 376234).
cost(22, 11, 142056).
cost(22, 12, 224139).
cost(22, 13, 159862).
cost(22, 14, 361208).
cost(22, 15, 187147).
cost(22, 16, 171948).
cost(22, 17, 389184).
cost(22, 18, 189765).
cost(22, 19, 52477).
cost(22, 20, 782765).
cost(22, 21, 186981).
cost(22, 23, 240518).
cost(22, 24, 305032).
cost(22, 25, 388088).
cost(22, 26, 45586).
cost(23, 1, 300402).
cost(23, 2, 459084).
cost(23, 3, 328854).
cost(23, 4, 498443).
cost(23, 5, 261103).
cost(23, 6, 201784).
cost(23, 7, 441621).
cost(23, 8, 323312).
cost(23, 9, 66694).
cost(23, 10, 183357).
cost(23, 11, 379759).
cost(23, 12, 189369).
cost(23, 13, 207425).
cost(23, 14, 217729).
cost(23, 15, 349958).
cost(23, 16, 137084).
cost(23, 17, 514705).
cost(23, 18, 426813).
cost(23, 19, 194903).
cost(23, 20, 662339).
cost(23, 21, 161553).
cost(23, 22, 240518).
cost(23, 24, 437728).
cost(23, 25, 396774).
cost(23, 26, 218533).
cost(24, 1, 500416).
cost(24, 2, 146047).
cost(24, 3, 147905).
cost(24, 4, 96375).
cost(24, 5, 191010).
cost(24, 6, 236720).
cost(24, 7, 54308).
cost(24, 8, 155396).
cost(24, 9, 504242).
cost(24, 10, 452186).
cost(24, 11, 263118).
cost(24, 12, 266760).
cost(24, 13, 461031).
cost(24, 14, 386318).
cost(24, 15, 118585).
cost(24, 16, 450580).
cost(24, 17, 84446).
cost(24, 18, 355162).
cost(24, 19, 342666).
cost(24, 20, 652598).
cost(24, 21, 279238).
cost(24, 22, 305032).
cost(24, 23, 437728).
cost(24, 25, 206917).
cost(24, 26, 348756).
cost(25, 1, 332914).
cost(25, 2, 94901).
cost(25, 3, 106334).
cost(25, 4, 302454).
cost(25, 5, 260936).
cost(25, 6, 249286).
cost(25, 7, 159739).
cost(25, 8, 105341).
cost(25, 9, 458650).
cost(25, 10, 326124).
cost(25, 11, 416670).
cost(25, 12, 211532).
cost(25, 13, 509837).
cost(25, 14, 247289).
cost(25, 15, 258325).
cost(25, 16, 470725).
cost(25, 17, 221693).
cost(25, 18, 511317).
cost(25, 19, 400993).
cost(25, 20, 447880).
cost(25, 21, 250025).
cost(25, 22, 388088).
cost(25, 23, 396774).
cost(25, 24, 206917).
cost(25, 26, 419087).
cost(26, 1, 480720).
cost(26, 2, 437903).
cost(26, 3, 316488).
cost(26, 4, 369371).
cost(26, 5, 167609).
cost(26, 6, 172739).
cost(26, 7, 378969).
cost(26, 8, 315522).
cost(26, 9, 261294).
cost(26, 10, 370996).
cost(26, 11, 178604).
cost(26, 12, 239457).
cost(26, 13, 114316).
cost(26, 14, 365723).
cost(26, 15, 231560).
cost(26, 16, 130939).
cost(26, 17, 433100).
cost(26, 18, 209128).
cost(26, 19, 26171).
cost(26, 20, 798237).
cost(26, 21, 198832).
cost(26, 22, 45586).
cost(26, 23, 218533).
cost(26, 24, 348756).
cost(26, 25, 419087).
nocross(1,8).
nocross(1,12).
nocross(1,14).
nocross(2,5).
nocross(2,6).
nocross(2,7).
nocross(2,8).
nocross(2,12).
nocross(2,15).
nocross(2,17).
nocross(2,25).
nocross(3,5).
nocross(3,6).
nocross(3,8).
nocross(3,12).
nocross(3,15).
nocross(3,21).
nocross(4,7).
nocross(4,12).
nocross(4,15).
nocross(4,17).
nocross(4,19).
nocross(4,24).
nocross(5,12).
nocross(5,15).
nocross(5,19).
nocross(5,23).
nocross(5,24).
nocross(6,11).
nocross(6,12).
nocross(6,15).
nocross(6,19).
nocross(6,21).
nocross(6,24).
nocross(7,5).
nocross(7,8).
nocross(7,12).
nocross(7,15).
nocross(7,17).
nocross(8,5).
nocross(8,6).
nocross(8,12).
nocross(8,14).
nocross(8,15).
nocross(8,21).
nocross(9,6).
nocross(9,12).
nocross(9,14).
nocross(9,21).
nocross(9,23).
nocross(10,1).
nocross(10,8).
nocross(10,12).
nocross(10,14).
nocross(10,21).
nocross(10,23).
nocross(11,4).
nocross(11,5).
nocross(11,15).
nocross(12,5).
nocross(12,6).
nocross(12,8).
nocross(12,14).
nocross(12,19).
nocross(12,21).
nocross(13,5).
nocross(13,6).
nocross(13,11).
nocross(13,14).
nocross(13,15).
nocross(13,19).
nocross(14,8).
nocross(14,12).
nocross(14,15).
nocross(14,20).
nocross(14,21).
nocross(14,23).
nocross(14,25).
nocross(15,12).
nocross(15,19).
nocross(16,5).
nocross(16,6).
nocross(16,15).
nocross(16,19).
nocross(16,21).
nocross(16,23).
nocross(17,2).
nocross(17,4).
nocross(17,5).
nocross(17,7).
nocross(17,8).
nocross(17,12).
nocross(17,15).
nocross(17,24).
nocross(18,5).
nocross(18,11).
nocross(18,15).
nocross(19,5).
nocross(19,6).
nocross(19,15).
nocross(19,21).
nocross(19,23).
nocross(20,1).
nocross(20,8).
nocross(20,14).
nocross(21,6).
nocross(21,8).
nocross(21,12).
nocross(21,15).
nocross(21,19).
nocross(21,24).
nocross(22,5).
nocross(22,6).
nocross(22,15).
nocross(22,19).
nocross(22,23).
nocross(23,5).
nocross(23,6).
nocross(23,12).
nocross(23,14).
nocross(23,19).
nocross(23,21).
nocross(24,5).
nocross(24,12).
nocross(24,15).
nocross(24,21).
nocross(25,2).
nocross(25,5).
nocross(25,6).
nocross(25,7).
nocross(25,12).
nocross(25,14).
nocross(25,15).
nocross(25,20).
nocross(25,21).
nocross(25,24).
nocross(26,5).
nocross(26,6).
nocross(26,15).
nocross(26,19).
nocross(26,22).
nocross(26,23).
