dimension(26).
point(1, -72686.0, 154129.0).
point(2, 61876.0, -132716.0).
point(3, 168579.0, 9939.0).
point(4, 95280.0, 208368.0).
point(5, -121249.0, 138563.0).
point(6, 62665.0, -96925.0).
point(7, 263196.0, 440705.0).
point(8, 149415.0, -180891.0).
point(9, -97697.0, -135905.0).
point(10, 50804.0, -273742.0).
point(11, 122755.0, -64968.0).
point(12, -149041.0, 102891.0).
point(13, -181802.0, -274498.0).
point(14, 3159.0, 28375.0).
point(15, 127251.0, 280658.0).
point(16, -97129.0, -25170.0).
point(17, 126092.0, -271397.0).
point(18, 7209.0, -27474.0).
point(19, 105444.0, 111962.0).
point(20, 128927.0, 153854.0).
point(21, -354408.0, 48160.0).
point(22, -35956.0, -192437.0).
point(23, -542559.0, -75384.0).
point(24, 43896.0, -12346.0).
point(25, -46877.0, 21448.0).
point(26, 263673.0, -141993.0).
cost(1, 2, 316839).
cost(1, 3, 281069).
cost(1, 4, 176506).
cost(1, 5, 50997).
cost(1, 6, 285216).
cost(1, 7, 441523).
cost(1, 8, 401954).
cost(1, 9, 291110).
cost(1, 10, 445335).
cost(1, 11, 293600).
cost(1, 12, 91953).
cost(1, 13, 442298).
cost(1, 14, 146855).
cost(1, 15, 236610).
cost(1, 16, 180957).
cost(1, 17, 469665).
cost(1, 18, 198401).
cost(1, 19, 183053).
cost(1, 20, 201613).
cost(1, 21, 300993).
cost(1, 22, 348507).
cost(1, 23, 522931).
cost(1, 24, 203237).
cost(1, 25, 135168).
cost(1, 26, 448136).
cost(2, 1, 316839).
cost(2, 3, 178146).
cost(2, 4, 342716).
cost(2, 5, 327303).
cost(2, 6, 35800).
cost(2, 7, 607735).
cost(2, 8, 99920).
cost(2, 9, 159605).
cost(2, 10, 141460).
cost(2, 11, 91083).
cost(2, 12, 316222).
cost(2, 13, 281924).
cost(2, 14, 171458).
cost(2, 15, 418512).
cost(2, 16, 191960).
cost(2, 17, 152827).
cost(2, 18, 118593).
cost(2, 19, 248527).
cost(2, 20, 294310).
cost(2, 21, 453882).
cost(2, 22, 114620).
cost(2, 23, 607148).
cost(2, 24, 121705).
cost(2, 25, 188663).
cost(2, 26, 202010).
cost(3, 1, 281069).
cost(3, 2, 178146).
cost(3, 4, 211534).
cost(3, 5, 317087).
cost(3, 6, 150458).
cost(3, 7, 441035).
cost(3, 8, 191790).
cost(3, 9, 303601).
cost(3, 10, 307158).
cost(3, 11, 87812).
cost(3, 12, 330942).
cost(3, 13, 451300).
cost(3, 14, 166444).
cost(3, 15, 273855).
cost(3, 16, 268018).
cost(3, 17, 284526).
cost(3, 18, 165650).
cost(3, 19, 119978).
cost(3, 20, 149278).
cost(3, 21, 524382).
cost(3, 22, 287734).
cost(3, 23, 716238).
cost(3, 24, 126659).
cost(3, 25, 215763).
cost(3, 26, 179238).
cost(4, 1, 176506).
cost(4, 2, 342716).
cost(4, 3, 211534).
cost(4, 5, 227503).
cost(4, 6, 307030).
cost(4, 7, 286664).
cost(4, 8, 393005).
cost(4, 9, 394670).
cost(4, 10, 484157).
cost(4, 11, 274713).
cost(4, 12, 266117).
cost(4, 13, 556717).
cost(4, 14, 202197).
cost(4, 15, 79044).
cost(4, 16, 302591).
cost(4, 17, 480753).
cost(4, 18, 251750).
cost(4, 19, 96940).
cost(4, 20, 64062).
cost(4, 21, 477374).
cost(4, 22, 421743).
cost(4, 23, 698107).
cost(4, 24, 226616).
cost(4, 25, 234835).
cost(4, 26, 388727).
cost(5, 1, 50997).
cost(5, 2, 327303).
cost(5, 3, 317087).
cost(5, 4, 227503).
cost(5, 6, 298796).
cost(5, 7, 488966).
cost(5, 8, 418700).
cost(5, 9, 275477).
cost(5, 10, 446764).
cost(5, 11, 317746).
cost(5, 12, 45220).
cost(5, 13, 417476).
cost(5, 14, 166189).
cost(5, 15, 286257).
cost(5, 16, 165500).
cost(5, 17, 478795).
cost(5, 18, 209928).
cost(5, 19, 228248).
cost(5, 20, 250643).
cost(5, 21, 250072).
cost(5, 22, 341813).
cost(5, 23, 472520).
cost(5, 24, 223711).
cost(5, 25, 138734).
cost(5, 26, 476316).
cost(6, 1, 285216).
cost(6, 2, 35800).
cost(6, 3, 150458).
cost(6, 4, 307030).
cost(6, 5, 298796).
cost(6, 7, 573811).
cost(6, 8, 120730).
cost(6, 9, 165032).
cost(6, 10, 177214).
cost(6, 11, 68059).
cost(6, 12, 291111).
cost(6, 13, 302153).
cost(6, 14, 138712).
cost(6, 15, 383067).
cost(6, 16, 175165).
cost(6, 17, 185643).
cost(6, 18, 88875).
cost(6, 19, 213222).
cost(6, 20, 259385).
cost(6, 21, 441588).
cost(6, 22, 137290).
cost(6, 23, 605607).
cost(6, 24, 86636).
cost(6, 25, 161281).
cost(6, 26, 205998).
cost(7, 1, 441523).
cost(7, 2, 607735).
cost(7, 3, 441035).
cost(7, 4, 286664).
cost(7, 5, 488966).
cost(7, 6, 573811).
cost(7, 8, 631924).
cost(7, 9, 680237).
cost(7, 10, 745349).
cost(7, 11, 524813).
cost(7, 12, 532971).
cost(7, 13, 842341).
cost(7, 14, 487478).
cost(7, 15, 209991).
cost(7, 16, 588960).
cost(7, 17, 725181).
cost(7, 18, 533592).
cost(7, 19, 364634).
cost(7, 20, 316720).
cost(7, 21, 731797).
cost(7, 22, 700258).
cost(7, 23, 956864).
cost(7, 24, 503337).
cost(7, 25, 521461).
cost(7, 26, 582698).
cost(8, 1, 401954).
cost(8, 2, 99920).
cost(8, 3, 191790).
cost(8, 4, 393005).
cost(8, 5, 418700).
cost(8, 6, 120730).
cost(8, 7, 631924).
cost(8, 9, 251173).
cost(8, 10, 135445).
cost(8, 11, 118949).
cost(8, 12, 411835).
cost(8, 13, 344190).
cost(8, 14, 255310).
cost(8, 15, 462081).
cost(8, 16, 291604).
cost(8, 17, 93463).
cost(8, 18, 209187).
cost(8, 19, 296136).
cost(8, 20, 335371).
cost(8, 21, 553446).
cost(8, 22, 185730).
cost(8, 23, 699971).
cost(8, 24, 198851).
cost(8, 25, 281907).
cost(8, 26, 120698).
cost(9, 1, 291110).
cost(9, 2, 159605).
cost(9, 3, 303601).
cost(9, 4, 394670).
cost(9, 5, 275477).
cost(9, 6, 165032).
cost(9, 7, 680237).
cost(9, 8, 251173).
cost(9, 10, 202612).
cost(9, 11, 231584).
cost(9, 12, 244253).
cost(9, 13, 162116).
cost(9, 14, 192769).
cost(9, 15, 473420).
cost(9, 16, 110736).
cost(9, 17, 261610).
cost(9, 18, 150873).
cost(9, 19, 320475).
cost(9, 20, 367857).
cost(9, 21, 315880).
cost(9, 22, 83713).
cost(9, 23, 448960).
cost(9, 24, 187924).
cost(9, 25, 165356).
cost(9, 26, 361421).
cost(10, 1, 445335).
cost(10, 2, 141460).
cost(10, 3, 307158).
cost(10, 4, 484157).
cost(10, 5, 446764).
cost(10, 6, 177214).
cost(10, 7, 745349).
cost(10, 8, 135445).
cost(10, 9, 202612).
cost(10, 11, 220825).
cost(10, 12, 426369).
cost(10, 13, 232607).
cost(10, 14, 305851).
cost(10, 15, 559646).
cost(10, 16, 289261).
cost(10, 17, 75325).
cost(10, 18, 250097).
cost(10, 19, 389555).
cost(10, 20, 434674).
cost(10, 21, 517511).
cost(10, 22, 118902).
cost(10, 23, 625640).
cost(10, 24, 261487).
cost(10, 25, 310932).
cost(10, 26, 250342).
cost(11, 1, 293600).
cost(11, 2, 91083).
cost(11, 3, 87812).
cost(11, 4, 274713).
cost(11, 5, 317746).
cost(11, 6, 68059).
cost(11, 7, 524813).
cost(11, 8, 118949).
cost(11, 9, 231584).
cost(11, 10, 220825).
cost(11, 12, 319452).
cost(11, 13, 369673).
cost(11, 14, 151711).
cost(11, 15, 345655).
cost(11, 16, 223457).
cost(11, 17, 206456).
cost(11, 18, 121477).
cost(11, 19, 177775).
cost(11, 20, 218909).
cost(11, 21, 490390).
cost(11, 22, 203562).
cost(11, 23, 665396).
cost(11, 24, 94804).
cost(11, 25, 190375).
cost(11, 26, 160595).
cost(12, 1, 91953).
cost(12, 2, 316222).
cost(12, 3, 330942).
cost(12, 4, 266117).
cost(12, 5, 45220).
cost(12, 6, 291111).
cost(12, 7, 532971).
cost(12, 8, 411835).
cost(12, 9, 244253).
cost(12, 10, 426369).
cost(12, 11, 319452).
cost(12, 13, 378808).
cost(12, 14, 169462).
cost(12, 15, 328540).
cost(12, 16, 138183).
cost(12, 17, 464532).
cost(12, 18, 203492).
cost(12, 19, 254647).
cost(12, 20, 282601).
cost(12, 21, 212535).
cost(12, 22, 316239).
cost(12, 23, 432017).
cost(12, 24, 224732).
cost(12, 25, 130654).
cost(12, 26, 479897).
cost(13, 1, 442298).
cost(13, 2, 281924).
cost(13, 3, 451300).
cost(13, 4, 556717).
cost(13, 5, 417476).
cost(13, 6, 302153).
cost(13, 7, 842341).
cost(13, 8, 344190).
cost(13, 9, 162116).
cost(13, 10, 232607).
cost(13, 11, 369673).
cost(13, 12, 378808).
cost(13, 14, 354884).
cost(13, 15, 635383).
cost(13, 16, 263313).
cost(13, 17, 307910).
cost(13, 18, 311040).
cost(13, 19, 481520).
cost(13, 20, 529186).
cost(13, 21, 365925).
cost(13, 22, 167347).
cost(13, 23, 412058).
cost(13, 24, 345924).
cost(13, 25, 325252).
cost(13, 26, 464764).
cost(14, 1, 146855).
cost(14, 2, 171458).
cost(14, 3, 166444).
cost(14, 4, 202197).
cost(14, 5, 166189).
cost(14, 6, 138712).
cost(14, 7, 487478).
cost(14, 8, 255310).
cost(14, 9, 192769).
cost(14, 10, 305851).
cost(14, 11, 151711).
cost(14, 12, 169462).
cost(14, 13, 354884).
cost(14, 15, 281150).
cost(14, 16, 113687).
cost(14, 17, 324000).
cost(14, 18, 55996).
cost(14, 19, 132095).
cost(14, 20, 177659).
cost(14, 21, 358114).
cost(14, 22, 224250).
cost(14, 23, 555494).
cost(14, 24, 57600).
cost(14, 25, 50513).
cost(14, 26, 311276).
cost(15, 1, 236610).
cost(15, 2, 418512).
cost(15, 3, 273855).
cost(15, 4, 79044).
cost(15, 5, 286257).
cost(15, 6, 383067).
cost(15, 7, 209991).
cost(15, 8, 462081).
cost(15, 9, 473420).
cost(15, 10, 559646).
cost(15, 11, 345655).
cost(15, 12, 328540).
cost(15, 13, 635383).
cost(15, 14, 281150).
cost(15, 16, 379311).
cost(15, 17, 552056).
cost(15, 18, 330689).
cost(15, 19, 170100).
cost(15, 20, 126815).
cost(15, 21, 534837).
cost(15, 22, 500455).
cost(15, 23, 758559).
cost(15, 24, 304630).
cost(15, 25, 312267).
cost(15, 26, 444123).
cost(16, 1, 180957).
cost(16, 2, 191960).
cost(16, 3, 268018).
cost(16, 4, 302591).
cost(16, 5, 165500).
cost(16, 6, 175165).
cost(16, 7, 588960).
cost(16, 8, 291604).
cost(16, 9, 110736).
cost(16, 10, 289261).
cost(16, 11, 223457).
cost(16, 12, 138183).
cost(16, 13, 263313).
cost(16, 14, 113687).
cost(16, 15, 379311).
cost(16, 17, 332348).
cost(16, 18, 104363).
cost(16, 19, 244624).
cost(16, 20, 288359).
cost(16, 21, 267525).
cost(16, 22, 178102).
cost(16, 23, 448251).
cost(16, 24, 141607).
cost(16, 25, 68546).
cost(16, 26, 379244).
cost(17, 1, 469665).
cost(17, 2, 152827).
cost(17, 3, 284526).
cost(17, 4, 480753).
cost(17, 5, 478795).
cost(17, 6, 185643).
cost(17, 7, 725181).
cost(17, 8, 93463).
cost(17, 9, 261610).
cost(17, 10, 75325).
cost(17, 11, 206456).
cost(17, 12, 464532).
cost(17, 13, 307910).
cost(17, 14, 324000).
cost(17, 15, 552056).
cost(17, 16, 332348).
cost(17, 18, 271351).
cost(17, 19, 383915).
cost(17, 20, 425260).
cost(17, 21, 577059).
cost(17, 22, 180262).
cost(17, 23, 696789).
cost(17, 24, 271779).
cost(17, 25, 340112).
cost(17, 26, 188875).
cost(18, 1, 198401).
cost(18, 2, 118593).
cost(18, 3, 165650).
cost(18, 4, 251750).
cost(18, 5, 209928).
cost(18, 6, 88875).
cost(18, 7, 533592).
cost(18, 8, 209187).
cost(18, 9, 150873).
cost(18, 10, 250097).
cost(18, 11, 121477).
cost(18, 12, 203492).
cost(18, 13, 311040).
cost(18, 14, 55996).
cost(18, 15, 330689).
cost(18, 16, 104363).
cost(18, 17, 271351).
cost(18, 19, 170565).
cost(18, 20, 218392).
cost(18, 21, 369442).
cost(18, 22, 170517).
cost(18, 23, 551852).
cost(18, 24, 39684).
cost(18, 25, 72929).
cost(18, 26, 280871).
cost(19, 1, 183053).
cost(19, 2, 248527).
cost(19, 3, 119978).
cost(19, 4, 96940).
cost(19, 5, 228248).
cost(19, 6, 213222).
cost(19, 7, 364634).
cost(19, 8, 296136).
cost(19, 9, 320475).
cost(19, 10, 389555).
cost(19, 11, 177775).
cost(19, 12, 254647).
cost(19, 13, 481520).
cost(19, 14, 132095).
cost(19, 15, 170100).
cost(19, 16, 244624).
cost(19, 17, 383915).
cost(19, 18, 170565).
cost(19, 20, 48025).
cost(19, 21, 464257).
cost(19, 22, 335638).
cost(19, 23, 674542).
cost(19, 24, 138711).
cost(19, 25, 177185).
cost(19, 26, 299215).
cost(20, 1, 201613).
cost(20, 2, 294310).
cost(20, 3, 149278).
cost(20, 4, 64062).
cost(20, 5, 250643).
cost(20, 6, 259385).
cost(20, 7, 316720).
cost(20, 8, 335371).
cost(20, 9, 367857).
cost(20, 10, 434674).
cost(20, 11, 218909).
cost(20, 12, 282601).
cost(20, 13, 529186).
cost(20, 14, 177659).
cost(20, 15, 126815).
cost(20, 16, 288359).
cost(20, 17, 425260).
cost(20, 18, 218392).
cost(20, 19, 48025).
cost(20, 21, 494756).
cost(20, 22, 383541).
cost(20, 23, 709538).
cost(20, 24, 186689).
cost(20, 25, 220087).
cost(20, 26, 325088).
cost(21, 1, 300993).
cost(21, 2, 453882).
cost(21, 3, 524382).
cost(21, 4, 477374).
cost(21, 5, 250072).
cost(21, 6, 441588).
cost(21, 7, 731797).
cost(21, 8, 553446).
cost(21, 9, 315880).
cost(21, 10, 517511).
cost(21, 11, 490390).
cost(21, 12, 212535).
cost(21, 13, 365925).
cost(21, 14, 358114).
cost(21, 15, 534837).
cost(21, 16, 267525).
cost(21, 17, 577059).
cost(21, 18, 369442).
cost(21, 19, 464257).
cost(21, 20, 494756).
cost(21, 22, 399122).
cost(21, 23, 225086).
cost(21, 24, 402873).
cost(21, 25, 308689).
cost(21, 26, 646670).
cost(22, 1, 348507).
cost(22, 2, 114620).
cost(22, 3, 287734).
cost(22, 4, 421743).
cost(22, 5, 341813).
cost(22, 6, 137290).
cost(22, 7, 700258).
cost(22, 8, 185730).
cost(22, 9, 83713).
cost(22, 10, 118902).
cost(22, 11, 203562).
cost(22, 12, 316239).
cost(22, 13, 167347).
cost(22, 14, 224250).
cost(22, 15, 500455).
cost(22, 16, 178102).
cost(22, 17, 180262).
cost(22, 18, 170517).
cost(22, 19, 335638).
cost(22, 20, 383541).
cost(22, 21, 399122).
cost(22, 23, 519950).
cost(22, 24, 197000).
cost(22, 25, 214164).
cost(22, 26, 303846).
cost(23, 1, 522931).
cost(23, 2, 607148).
cost(23, 3, 716238).
cost(23, 4, 698107).
cost(23, 5, 472520).
cost(23, 6, 605607).
cost(23, 7, 956864).
cost(23, 8, 699971).
cost(23, 9, 448960).
cost(23, 10, 625640).
cost(23, 11, 665396).
cost(23, 12, 432017).
cost(23, 13, 412058).
cost(23, 14, 555494).
cost(23, 15, 758559).
cost(23, 16, 448251).
cost(23, 17, 696789).
cost(23, 18, 551852).
cost(23, 19, 674542).
cost(23, 20, 709538).
cost(23, 21, 225086).
cost(23, 22, 519950).
cost(23, 24, 589833).
cost(23, 25, 505052).
cost(23, 26, 808979).
cost(24, 1, 203237).
cost(24, 2, 121705).
cost(24, 3, 126659).
cost(24, 4, 226616).
cost(24, 5, 223711).
cost(24, 6, 86636).
cost(24, 7, 503337).
cost(24, 8, 198851).
cost(24, 9, 187924).
cost(24, 10, 261487).
cost(24, 11, 94804).
cost(24, 12, 224732).
cost(24, 13, 345924).
cost(24, 14, 57600).
cost(24, 15, 304630).
cost(24, 16, 141607).
cost(24, 17, 271779).
cost(24, 18, 39684).
cost(24, 19, 138711).
cost(24, 20, 186689).
cost(24, 21, 402873).
cost(24, 22, 197000).
cost(24, 23, 589833).
cost(24, 25, 96860).
cost(24, 26, 255167).
cost(25, 1, 135168).
cost(25, 2, 188663).
cost(25, 3, 215763).
cost(25, 4, 234835).
cost(25, 5, 138734).
cost(25, 6, 161281).
cost(25, 7, 521461).
cost(25, 8, 281907).
cost(25, 9, 165356).
cost(25, 10, 310932).
cost(25, 11, 190375).
cost(25, 12, 130654).
cost(25, 13, 325252).
cost(25, 14, 50513).
cost(25, 15, 312267).
cost(25, 16, 68546).
cost(25, 17, 340112).
cost(25, 18, 72929).
cost(25, 19, 177185).
cost(25, 20, 220087).
cost(25, 21, 308689).
cost(25, 22, 214164).
cost(25, 23, 505052).
cost(25, 24, 96860).
cost(25, 26, 350933).
cost(26, 1, 448136).
cost(26, 2, 202010).
cost(26, 3, 179238).
cost(26, 4, 388727).
cost(26, 5, 476316).
cost(26, 6, 205998).
cost(26, 7, 582698).
cost(26, 8, 120698).
cost(26, 9, 361421).
cost(26, 10, 250342).
cost(26, 11, 160595).
cost(26, 12, 479897).
cost(26, 13, 464764).
cost(26, 14, 311276).
cost(26, 15, 444123).
cost(26, 16, 379244).
cost(26, 17, 188875).
cost(26, 18, 280871).
cost(26, 19, 299215).
cost(26, 20, 325088).
cost(26, 21, 646670).
cost(26, 22, 303846).
cost(26, 23, 808979).
cost(26, 24, 255167).
cost(26, 25, 350933).
nocross(1,4).
nocross(1,5).
nocross(1,12).
nocross(1,14).
nocross(1,15).
nocross(1,24).
nocross(1,25).
nocross(3,1).
nocross(3,4).
nocross(3,6).
nocross(3,11).
nocross(3,20).
nocross(3,24).
nocross(3,26).
nocross(4,1).
nocross(4,3).
nocross(4,5).
nocross(4,9).
nocross(4,12).
nocross(4,24).
nocross(4,25).
nocross(5,1).
nocross(5,4).
nocross(5,12).
nocross(5,15).
nocross(5,16).
nocross(5,21).
nocross(5,24).
nocross(5,25).
nocross(6,9).
nocross(6,11).
nocross(6,16).
nocross(6,18).
nocross(6,24).
nocross(6,26).
nocross(8,2).
nocross(8,6).
nocross(8,10).
nocross(8,11).
nocross(8,17).
nocross(8,24).
nocross(8,26).
nocross(9,6).
nocross(9,10).
nocross(9,12).
nocross(9,13).
nocross(9,16).
nocross(9,17).
nocross(9,25).
nocross(10,17).
nocross(10,22).
nocross(11,2).
nocross(11,3).
nocross(11,4).
nocross(11,6).
nocross(11,18).
nocross(11,24).
nocross(11,26).
nocross(12,1).
nocross(12,2).
nocross(12,4).
nocross(12,5).
nocross(12,9).
nocross(12,15).
nocross(12,16).
nocross(12,21).
nocross(12,25).
nocross(13,2).
nocross(13,9).
nocross(13,10).
nocross(13,12).
nocross(13,17).
nocross(13,21).
nocross(13,22).
nocross(14,2).
nocross(14,4).
nocross(14,18).
nocross(14,24).
nocross(14,25).
nocross(15,1).
nocross(15,5).
nocross(15,19).
nocross(16,2).
nocross(16,4).
nocross(16,5).
nocross(16,6).
nocross(16,12).
nocross(16,18).
nocross(16,24).
nocross(16,25).
nocross(17,2).
nocross(17,8).
nocross(17,10).
nocross(17,22).
nocross(17,26).
nocross(18,6).
nocross(18,24).
nocross(18,25).
nocross(19,1).
nocross(19,3).
nocross(19,4).
nocross(19,5).
nocross(19,6).
nocross(19,11).
nocross(19,14).
nocross(19,20).
nocross(19,24).
nocross(19,25).
nocross(20,1).
nocross(20,3).
nocross(20,4).
nocross(20,5).
nocross(20,6).
nocross(20,11).
nocross(20,24).
nocross(20,25).
nocross(20,26).
nocross(21,1).
nocross(21,4).
nocross(21,5).
nocross(21,6).
nocross(21,9).
nocross(21,10).
nocross(21,12).
nocross(21,13).
nocross(21,16).
nocross(21,25).
nocross(22,2).
nocross(22,10).
nocross(22,11).
nocross(22,13).
nocross(22,16).
nocross(22,17).
nocross(22,25).
nocross(24,4).
nocross(24,6).
nocross(24,11).
nocross(24,25).
nocross(25,1).
nocross(25,4).
nocross(25,9).
nocross(25,12).
nocross(25,14).
nocross(25,16).
nocross(25,18).
nocross(25,24).
nocross(26,2).
nocross(26,3).
nocross(26,6).
nocross(26,8).
nocross(26,10).
nocross(26,17).
