dimension(26).
point(1, 125233.0, -177120.0).
point(2, -53203.0, 317513.0).
point(3, 153383.0, -59028.0).
point(4, -235499.0, -248358.0).
point(5, -331891.0, 84551.0).
point(6, -17025.0, -166057.0).
point(7, -379849.0, -208810.0).
point(8, 182141.0, 182784.0).
point(9, -9864.0, -220974.0).
point(10, 760.0, -35662.0).
point(11, 125934.0, -23193.0).
point(12, 22273.0, -306323.0).
point(13, -475376.0, 157760.0).
point(14, -289864.0, 195972.0).
point(15, 368458.0, 271271.0).
point(16, -90540.0, 120472.0).
point(17, -67773.0, -236898.0).
point(18, -31370.0, -211450.0).
point(19, -391346.0, -98468.0).
point(20, 271821.0, -138706.0).
point(21, 54872.0, 331900.0).
point(22, -57216.0, -218083.0).
point(23, 140589.0, 172265.0).
point(24, 21314.0, -153658.0).
point(25, -167520.0, -18569.0).
point(26, -4909.0, -157699.0).
cost(1, 2, 525834).
cost(1, 3, 121401).
cost(1, 4, 367699).
cost(1, 5, 526720).
cost(1, 6, 142688).
cost(1, 7, 506075).
cost(1, 8, 364375).
cost(1, 9, 142037).
cost(1, 10, 188425).
cost(1, 11, 153929).
cost(1, 12, 165209).
cost(1, 13, 687660).
cost(1, 14, 558125).
cost(1, 15, 510111).
cost(1, 16, 367585).
cost(1, 17, 202051).
cost(1, 18, 160322).
cost(1, 19, 522532).
cost(1, 20, 151538).
cost(1, 21, 513860).
cost(1, 22, 186991).
cost(1, 23, 349722).
cost(1, 24, 106535).
cost(1, 25, 332931).
cost(1, 26, 131583).
cost(2, 1, 525834).
cost(2, 3, 429489).
cost(2, 4, 594510).
cost(2, 5, 363233).
cost(2, 6, 484921).
cost(2, 7, 619446).
cost(2, 8, 271180).
cost(2, 9, 540228).
cost(2, 10, 357274).
cost(2, 11, 384929).
cost(2, 12, 628385).
cost(2, 13, 451388).
cost(2, 14, 266046).
cost(2, 15, 424189).
cost(2, 16, 200547).
cost(2, 17, 554602).
cost(2, 18, 529413).
cost(2, 19, 536079).
cost(2, 20, 560157).
cost(2, 21, 109028).
cost(2, 22, 535611).
cost(2, 23, 242182).
cost(2, 24, 477027).
cost(2, 25, 354992).
cost(2, 26, 477660).
cost(3, 1, 121401).
cost(3, 2, 429489).
cost(3, 4, 432522).
cost(3, 5, 506069).
cost(3, 6, 201231).
cost(3, 7, 553869).
cost(3, 8, 243516).
cost(3, 9, 229948).
cost(3, 10, 154401).
cost(3, 11, 45140).
cost(3, 12, 279901).
cost(3, 13, 665083).
cost(3, 14, 511364).
cost(3, 15, 394151).
cost(3, 16, 302851).
cost(3, 17, 283809).
cost(3, 18, 239512).
cost(3, 19, 546155).
cost(3, 20, 142745).
cost(3, 21, 403149).
cost(3, 22, 263914).
cost(3, 23, 231647).
cost(3, 24, 162472).
cost(3, 25, 323443).
cost(3, 26, 186527).
cost(4, 1, 367699).
cost(4, 2, 594510).
cost(4, 3, 432522).
cost(4, 5, 346583).
cost(4, 6, 233462).
cost(4, 7, 149670).
cost(4, 8, 600255).
cost(4, 9, 227291).
cost(4, 10, 317896).
cost(4, 11, 425832).
cost(4, 12, 264209).
cost(4, 13, 471670).
cost(4, 14, 447643).
cost(4, 15, 796730).
cost(4, 16, 396294).
cost(4, 17, 168117).
cost(4, 18, 207439).
cost(4, 19, 216230).
cost(4, 20, 519035).
cost(4, 21, 648856).
cost(4, 22, 180835).
cost(4, 23, 564239).
cost(4, 24, 273717).
cost(4, 25, 239633).
cost(4, 26, 247772).
cost(5, 1, 526720).
cost(5, 2, 363233).
cost(5, 3, 506069).
cost(5, 4, 346583).
cost(5, 6, 402424).
cost(5, 7, 297255).
cost(5, 8, 523334).
cost(5, 9, 443900).
cost(5, 10, 353706).
cost(5, 11, 470332).
cost(5, 12, 527461).
cost(5, 13, 161082).
cost(5, 14, 119084).
cost(5, 15, 724812).
cost(5, 16, 244009).
cost(5, 17, 416038).
cost(5, 18, 421817).
cost(5, 19, 192434).
cost(5, 20, 643671).
cost(5, 21, 459094).
cost(5, 22, 408698).
cost(5, 23, 480553).
cost(5, 24, 426025).
cost(5, 25, 194040).
cost(5, 26, 406943).
cost(6, 1, 142688).
cost(6, 2, 484921).
cost(6, 3, 201231).
cost(6, 4, 233462).
cost(6, 5, 402424).
cost(6, 7, 365334).
cost(6, 8, 401693).
cost(6, 9, 55382).
cost(6, 10, 131602).
cost(6, 11, 202107).
cost(6, 12, 145667).
cost(6, 13, 561198).
cost(6, 14, 453328).
cost(6, 15, 582969).
cost(6, 16, 295810).
cost(6, 17, 87142).
cost(6, 18, 47606).
cost(6, 19, 380374).
cost(6, 20, 290138).
cost(6, 21, 503121).
cost(6, 22, 65742).
cost(6, 23, 373234).
cost(6, 24, 40294).
cost(6, 25, 210717).
cost(6, 26, 14719).
cost(7, 1, 506075).
cost(7, 2, 619446).
cost(7, 3, 553869).
cost(7, 4, 149670).
cost(7, 5, 297255).
cost(7, 6, 365334).
cost(7, 8, 684966).
cost(7, 9, 370185).
cost(7, 10, 418143).
cost(7, 11, 538767).
cost(7, 12, 413776).
cost(7, 13, 378813).
cost(7, 14, 414663).
cost(7, 15, 889068).
cost(7, 16, 438322).
cost(7, 17, 313337).
cost(7, 18, 348489).
cost(7, 19, 110939).
cost(7, 20, 655430).
cost(7, 21, 693794).
cost(7, 22, 322766).
cost(7, 23, 645038).
cost(7, 24, 404936).
cost(7, 25, 285088).
cost(7, 26, 378408).
cost(8, 1, 364375).
cost(8, 2, 271180).
cost(8, 3, 243516).
cost(8, 4, 600255).
cost(8, 5, 523334).
cost(8, 6, 401693).
cost(8, 7, 684966).
cost(8, 9, 447087).
cost(8, 10, 283933).
cost(8, 11, 213508).
cost(8, 12, 514571).
cost(8, 13, 657993).
cost(8, 14, 472189).
cost(8, 15, 206262).
cost(8, 16, 279710).
cost(8, 17, 488457).
cost(8, 18, 448338).
cost(8, 19, 638741).
cost(8, 20, 333764).
cost(8, 21, 196043).
cost(8, 22, 466890).
cost(8, 23, 42863).
cost(8, 24, 372906).
cost(8, 25, 403492).
cost(8, 26, 388480).
cost(9, 1, 142037).
cost(9, 2, 540228).
cost(9, 3, 229948).
cost(9, 4, 227291).
cost(9, 5, 443900).
cost(9, 6, 55382).
cost(9, 7, 370185).
cost(9, 8, 447087).
cost(9, 10, 185616).
cost(9, 11, 239913).
cost(9, 12, 91199).
cost(9, 13, 600117).
cost(9, 14, 502239).
cost(9, 15, 620832).
cost(9, 16, 350848).
cost(9, 17, 60059).
cost(9, 18, 23521).
cost(9, 19, 400670).
cost(9, 20, 293453).
cost(9, 21, 556651).
cost(9, 22, 47440).
cost(9, 23, 421038).
cost(9, 24, 74186).
cost(9, 25, 256560).
cost(9, 26, 63469).
cost(10, 1, 188425).
cost(10, 2, 357274).
cost(10, 3, 154401).
cost(10, 4, 317896).
cost(10, 5, 353706).
cost(10, 6, 131602).
cost(10, 7, 418143).
cost(10, 8, 283933).
cost(10, 9, 185616).
cost(10, 11, 125794).
cost(10, 12, 271515).
cost(10, 13, 513924).
cost(10, 14, 371640).
cost(10, 15, 478967).
cost(10, 16, 180869).
cost(10, 17, 212586).
cost(10, 18, 178700).
cost(10, 19, 397104).
cost(10, 20, 289986).
cost(10, 21, 371524).
cost(10, 22, 191412).
cost(10, 23, 250571).
cost(10, 24, 119773).
cost(10, 25, 169146).
cost(10, 26, 122169).
cost(11, 1, 153929).
cost(11, 2, 384929).
cost(11, 3, 45140).
cost(11, 4, 425832).
cost(11, 5, 470332).
cost(11, 6, 202107).
cost(11, 7, 538767).
cost(11, 8, 213508).
cost(11, 9, 239913).
cost(11, 10, 125794).
cost(11, 12, 301510).
cost(11, 13, 627947).
cost(11, 14, 470023).
cost(11, 15, 381480).
cost(11, 16, 259809).
cost(11, 17, 288431).
cost(11, 18, 245327).
cost(11, 19, 522728).
cost(11, 20, 186081).
cost(11, 21, 362134).
cost(11, 22, 267444).
cost(11, 23, 196007).
cost(11, 24, 167232).
cost(11, 25, 293490).
cost(11, 26, 187648).
cost(12, 1, 165209).
cost(12, 2, 628385).
cost(12, 3, 279901).
cost(12, 4, 264209).
cost(12, 5, 527461).
cost(12, 6, 145667).
cost(12, 7, 413776).
cost(12, 8, 514571).
cost(12, 9, 91199).
cost(12, 10, 271515).
cost(12, 11, 301510).
cost(12, 13, 680461).
cost(12, 14, 591380).
cost(12, 15, 673394).
cost(12, 16, 441453).
cost(12, 17, 113702).
cost(12, 18, 108988).
cost(12, 19, 462909).
cost(12, 20, 300615).
cost(12, 21, 639055).
cost(12, 22, 118764).
cost(12, 23, 492996).
cost(12, 24, 152668).
cost(12, 25, 344708).
cost(12, 26, 151089).
cost(13, 1, 687660).
cost(13, 2, 451388).
cost(13, 3, 665083).
cost(13, 4, 471670).
cost(13, 5, 161082).
cost(13, 6, 561198).
cost(13, 7, 378813).
cost(13, 8, 657993).
cost(13, 9, 600117).
cost(13, 10, 513924).
cost(13, 11, 627947).
cost(13, 12, 680461).
cost(13, 14, 189407).
cost(13, 15, 851434).
cost(13, 16, 386638).
cost(13, 17, 567358).
cost(13, 18, 577458).
cost(13, 19, 269655).
cost(13, 20, 803863).
cost(13, 21, 558111).
cost(13, 22, 562242).
cost(13, 23, 616136).
cost(13, 24, 586244).
cost(13, 25, 354778).
cost(13, 26, 566439).
cost(14, 1, 558125).
cost(14, 2, 266046).
cost(14, 3, 511364).
cost(14, 4, 447643).
cost(14, 5, 119084).
cost(14, 6, 453328).
cost(14, 7, 414663).
cost(14, 8, 472189).
cost(14, 9, 502239).
cost(14, 10, 371640).
cost(14, 11, 470023).
cost(14, 12, 591380).
cost(14, 13, 189407).
cost(14, 15, 662614).
cost(14, 16, 213144).
cost(14, 17, 486519).
cost(14, 18, 482506).
cost(14, 19, 311438).
cost(14, 20, 653834).
cost(14, 21, 370566).
cost(14, 22, 474939).
cost(14, 23, 431105).
cost(14, 24, 468052).
cost(14, 25, 246973).
cost(14, 26, 454183).
cost(15, 1, 510111).
cost(15, 2, 424189).
cost(15, 3, 394151).
cost(15, 4, 796730).
cost(15, 5, 724812).
cost(15, 6, 582969).
cost(15, 7, 889068).
cost(15, 8, 206262).
cost(15, 9, 620832).
cost(15, 10, 478967).
cost(15, 11, 381480).
cost(15, 12, 673394).
cost(15, 13, 851434).
cost(15, 14, 662614).
cost(15, 16, 483135).
cost(15, 17, 669726).
cost(15, 18, 626803).
cost(15, 19, 844991).
cost(15, 20, 421212).
cost(15, 21, 319393).
cost(15, 22, 648587).
cost(15, 23, 248448).
cost(15, 24, 548702).
cost(15, 25, 609327).
cost(15, 26, 568699).
cost(16, 1, 367585).
cost(16, 2, 200547).
cost(16, 3, 302851).
cost(16, 4, 396294).
cost(16, 5, 244009).
cost(16, 6, 295810).
cost(16, 7, 438322).
cost(16, 8, 279710).
cost(16, 9, 350848).
cost(16, 10, 180869).
cost(16, 11, 259809).
cost(16, 12, 441453).
cost(16, 13, 386638).
cost(16, 14, 213144).
cost(16, 15, 483135).
cost(16, 17, 358094).
cost(16, 18, 337155).
cost(16, 19, 372047).
cost(16, 20, 445510).
cost(16, 21, 256606).
cost(16, 22, 340191).
cost(16, 23, 236861).
cost(16, 24, 296072).
cost(16, 25, 158929).
cost(16, 26, 291053).
cost(17, 1, 202051).
cost(17, 2, 554602).
cost(17, 3, 283809).
cost(17, 4, 168117).
cost(17, 5, 416038).
cost(17, 6, 87142).
cost(17, 7, 313337).
cost(17, 8, 488457).
cost(17, 9, 60059).
cost(17, 10, 212586).
cost(17, 11, 288431).
cost(17, 12, 113702).
cost(17, 13, 567358).
cost(17, 14, 486519).
cost(17, 15, 669726).
cost(17, 16, 358094).
cost(17, 18, 44416).
cost(17, 19, 351941).
cost(17, 20, 353505).
cost(17, 21, 581870).
cost(17, 22, 21574).
cost(17, 23, 459161).
cost(17, 24, 121924).
cost(17, 25, 240035).
cost(17, 26, 101116).
cost(18, 1, 160322).
cost(18, 2, 529413).
cost(18, 3, 239512).
cost(18, 4, 207439).
cost(18, 5, 421817).
cost(18, 6, 47606).
cost(18, 7, 348489).
cost(18, 8, 448338).
cost(18, 9, 23521).
cost(18, 10, 178700).
cost(18, 11, 245327).
cost(18, 12, 108988).
cost(18, 13, 577458).
cost(18, 14, 482506).
cost(18, 15, 626803).
cost(18, 16, 337155).
cost(18, 17, 44416).
cost(18, 19, 377290).
cost(18, 20, 311796).
cost(18, 21, 550152).
cost(18, 22, 26684).
cost(18, 23, 420484).
cost(18, 24, 78202).
cost(18, 25, 236093).
cost(18, 26, 59911).
cost(19, 1, 522532).
cost(19, 2, 536079).
cost(19, 3, 546155).
cost(19, 4, 216230).
cost(19, 5, 192434).
cost(19, 6, 380374).
cost(19, 7, 110939).
cost(19, 8, 638741).
cost(19, 9, 400670).
cost(19, 10, 397104).
cost(19, 11, 522728).
cost(19, 12, 462909).
cost(19, 13, 269655).
cost(19, 14, 311438).
cost(19, 15, 844991).
cost(19, 16, 372047).
cost(19, 17, 351941).
cost(19, 18, 377290).
cost(19, 20, 664387).
cost(19, 21, 619941).
cost(19, 22, 354895).
cost(19, 23, 596868).
cost(19, 24, 416334).
cost(19, 25, 237659).
cost(19, 26, 390950).
cost(20, 1, 151538).
cost(20, 2, 560157).
cost(20, 3, 142745).
cost(20, 4, 519035).
cost(20, 5, 643671).
cost(20, 6, 290138).
cost(20, 7, 655430).
cost(20, 8, 333764).
cost(20, 9, 293453).
cost(20, 10, 289986).
cost(20, 11, 186081).
cost(20, 12, 300615).
cost(20, 13, 803863).
cost(20, 14, 653834).
cost(20, 15, 421212).
cost(20, 16, 445510).
cost(20, 17, 353505).
cost(20, 18, 311796).
cost(20, 19, 664387).
cost(20, 21, 518205).
cost(20, 22, 338476).
cost(20, 23, 337527).
cost(20, 24, 250953).
cost(20, 25, 455471).
cost(20, 26, 277381).
cost(21, 1, 513860).
cost(21, 2, 109028).
cost(21, 3, 403149).
cost(21, 4, 648856).
cost(21, 5, 459094).
cost(21, 6, 503121).
cost(21, 7, 693794).
cost(21, 8, 196043).
cost(21, 9, 556651).
cost(21, 10, 371524).
cost(21, 11, 362134).
cost(21, 12, 639055).
cost(21, 13, 558111).
cost(21, 14, 370566).
cost(21, 15, 319393).
cost(21, 16, 256606).
cost(21, 17, 581870).
cost(21, 18, 550152).
cost(21, 19, 619941).
cost(21, 20, 518205).
cost(21, 22, 561289).
cost(21, 23, 181193).
cost(21, 24, 486716).
cost(21, 25, 415074).
cost(21, 26, 493235).
cost(22, 1, 186991).
cost(22, 2, 535611).
cost(22, 3, 263914).
cost(22, 4, 180835).
cost(22, 5, 408698).
cost(22, 6, 65742).
cost(22, 7, 322766).
cost(22, 8, 466890).
cost(22, 9, 47440).
cost(22, 10, 191412).
cost(22, 11, 267444).
cost(22, 12, 118764).
cost(22, 13, 562242).
cost(22, 14, 474939).
cost(22, 15, 648587).
cost(22, 16, 340191).
cost(22, 17, 21574).
cost(22, 18, 26684).
cost(22, 19, 354895).
cost(22, 20, 338476).
cost(22, 21, 561289).
cost(22, 23, 437605).
cost(22, 24, 101575).
cost(22, 25, 227975).
cost(22, 26, 79889).
cost(23, 1, 349722).
cost(23, 2, 242182).
cost(23, 3, 231647).
cost(23, 4, 564239).
cost(23, 5, 480553).
cost(23, 6, 373234).
cost(23, 7, 645038).
cost(23, 8, 42863).
cost(23, 9, 421038).
cost(23, 10, 250571).
cost(23, 11, 196007).
cost(23, 12, 492996).
cost(23, 13, 616136).
cost(23, 14, 431105).
cost(23, 15, 248448).
cost(23, 16, 236861).
cost(23, 17, 459161).
cost(23, 18, 420484).
cost(23, 19, 596868).
cost(23, 20, 337527).
cost(23, 21, 181193).
cost(23, 22, 437605).
cost(23, 24, 347062).
cost(23, 25, 362421).
cost(23, 26, 360619).
cost(24, 1, 106535).
cost(24, 2, 477027).
cost(24, 3, 162472).
cost(24, 4, 273717).
cost(24, 5, 426025).
cost(24, 6, 40294).
cost(24, 7, 404936).
cost(24, 8, 372906).
cost(24, 9, 74186).
cost(24, 10, 119773).
cost(24, 11, 167232).
cost(24, 12, 152668).
cost(24, 13, 586244).
cost(24, 14, 468052).
cost(24, 15, 548702).
cost(24, 16, 296072).
cost(24, 17, 121924).
cost(24, 18, 78202).
cost(24, 19, 416334).
cost(24, 20, 250953).
cost(24, 21, 486716).
cost(24, 22, 101575).
cost(24, 23, 347062).
cost(24, 25, 232179).
cost(24, 26, 26533).
cost(25, 1, 332931).
cost(25, 2, 354992).
cost(25, 3, 323443).
cost(25, 4, 239633).
cost(25, 5, 194040).
cost(25, 6, 210717).
cost(25, 7, 285088).
cost(25, 8, 403492).
cost(25, 9, 256560).
cost(25, 10, 169146).
cost(25, 11, 293490).
cost(25, 12, 344708).
cost(25, 13, 354778).
cost(25, 14, 246973).
cost(25, 15, 609327).
cost(25, 16, 158929).
cost(25, 17, 240035).
cost(25, 18, 236093).
cost(25, 19, 237659).
cost(25, 20, 455471).
cost(25, 21, 415074).
cost(25, 22, 227975).
cost(25, 23, 362421).
cost(25, 24, 232179).
cost(25, 26, 214008).
cost(26, 1, 131583).
cost(26, 2, 477660).
cost(26, 3, 186527).
cost(26, 4, 247772).
cost(26, 5, 406943).
cost(26, 6, 14719).
cost(26, 7, 378408).
cost(26, 8, 388480).
cost(26, 9, 63469).
cost(26, 10, 122169).
cost(26, 11, 187648).
cost(26, 12, 151089).
cost(26, 13, 566439).
cost(26, 14, 454183).
cost(26, 15, 568699).
cost(26, 16, 291053).
cost(26, 17, 101116).
cost(26, 18, 59911).
cost(26, 19, 390950).
cost(26, 20, 277381).
cost(26, 21, 493235).
cost(26, 22, 79889).
cost(26, 23, 360619).
cost(26, 24, 26533).
cost(26, 25, 214008).
nocross(1,3).
nocross(1,9).
nocross(1,11).
nocross(1,17).
nocross(1,20).
nocross(1,24).
nocross(2,8).
nocross(2,11).
nocross(2,14).
nocross(2,15).
nocross(2,16).
nocross(2,23).
nocross(2,25).
nocross(3,1).
nocross(3,11).
nocross(3,15).
nocross(3,20).
nocross(3,21).
nocross(4,6).
nocross(4,17).
nocross(4,19).
nocross(4,22).
nocross(5,2).
nocross(5,4).
nocross(5,6).
nocross(5,7).
nocross(5,13).
nocross(5,14).
nocross(5,16).
nocross(5,17).
nocross(5,19).
nocross(5,22).
nocross(5,25).
nocross(6,1).
nocross(6,17).
nocross(6,18).
nocross(6,22).
nocross(6,24).
nocross(6,26).
nocross(7,4).
nocross(7,17).
nocross(7,19).
nocross(7,25).
nocross(8,2).
nocross(8,11).
nocross(8,15).
nocross(8,21).
nocross(8,23).
nocross(9,1).
nocross(9,6).
nocross(9,17).
nocross(9,18).
nocross(9,22).
nocross(9,24).
nocross(9,26).
nocross(10,4).
nocross(10,6).
nocross(10,11).
nocross(10,16).
nocross(10,21).
nocross(10,24).
nocross(10,26).
nocross(11,1).
nocross(11,3).
nocross(11,8).
nocross(11,10).
nocross(11,15).
nocross(11,16).
nocross(11,21).
nocross(11,24).
nocross(11,26).
nocross(12,1).
nocross(12,4).
nocross(12,6).
nocross(12,9).
nocross(12,17).
nocross(12,22).
nocross(12,24).
nocross(13,5).
nocross(13,14).
nocross(13,19).
nocross(14,2).
nocross(14,5).
nocross(14,16).
nocross(14,25).
nocross(15,8).
nocross(15,11).
nocross(15,21).
nocross(15,23).
nocross(16,2).
nocross(16,6).
nocross(16,8).
nocross(16,11).
nocross(16,14).
nocross(16,21).
nocross(16,25).
nocross(17,4).
nocross(17,6).
nocross(17,9).
nocross(17,18).
nocross(17,22).
nocross(18,1).
nocross(18,6).
nocross(18,9).
nocross(18,17).
nocross(18,22).
nocross(18,24).
nocross(18,26).
nocross(19,5).
nocross(19,7).
nocross(20,1).
nocross(20,6).
nocross(20,9).
nocross(20,11).
nocross(20,15).
nocross(20,24).
nocross(21,2).
nocross(21,8).
nocross(21,11).
nocross(21,15).
nocross(22,1).
nocross(22,4).
nocross(22,6).
nocross(22,9).
nocross(22,17).
nocross(22,18).
nocross(22,26).
nocross(23,2).
nocross(23,8).
nocross(23,11).
nocross(23,15).
nocross(23,16).
nocross(23,21).
nocross(24,22).
nocross(25,4).
nocross(25,5).
nocross(25,10).
nocross(25,14).
nocross(25,16).
nocross(25,22).
nocross(26,1).
nocross(26,6).
nocross(26,18).
nocross(26,22).
nocross(26,24).
