dimension(26).
point(1, -509790.0, -214363.0).
point(2, -289080.0, 353178.0).
point(3, 72435.0, -118965.0).
point(4, 122609.0, -89520.0).
point(5, 320869.0, -123008.0).
point(6, 139356.0, -140470.0).
point(7, 208706.0, -53229.0).
point(8, 284800.0, -50416.0).
point(9, -43860.0, -219934.0).
point(10, -158835.0, -47689.0).
point(11, -129731.0, -58547.0).
point(12, 12869.0, 57403.0).
point(13, -240323.0, -64772.0).
point(14, 174905.0, 428410.0).
point(15, 98993.0, 217343.0).
point(16, 88849.0, 83224.0).
point(17, 134308.0, -327658.0).
point(18, 98059.0, -95016.0).
point(19, 101088.0, -128561.0).
point(20, -165072.0, 208199.0).
point(21, -247968.0, -321896.0).
point(22, -110672.0, -299609.0).
point(23, 397581.0, -256211.0).
point(24, -84416.0, -74245.0).
point(25, -160001.0, -212858.0).
point(26, 162020.0, 77085.0).
cost(1, 2, 608946).
cost(1, 3, 589989).
cost(1, 4, 644604).
cost(1, 5, 835667).
cost(1, 6, 653338).
cost(1, 7, 736343).
cost(1, 8, 811327).
cost(1, 9, 465963).
cost(1, 10, 388522).
cost(1, 11, 410760).
cost(1, 12, 589092).
cost(1, 13, 308204).
cost(1, 14, 939130).
cost(1, 15, 746315).
cost(1, 16, 668526).
cost(1, 17, 653986).
cost(1, 18, 619455).
cost(1, 19, 616874).
cost(1, 20, 545334).
cost(1, 21, 283044).
cost(1, 22, 408120).
cost(1, 23, 908336).
cost(1, 24, 447857).
cost(1, 25, 349792).
cost(1, 26, 732305).
cost(2, 1, 608946).
cost(2, 3, 594653).
cost(2, 4, 604541).
cost(2, 5, 773816).
cost(2, 6, 653640).
cost(2, 7, 642618).
cost(2, 8, 701588).
cost(2, 9, 623370).
cost(2, 10, 421495).
cost(2, 11, 441486).
cost(2, 12, 422677).
cost(2, 13, 420784).
cost(2, 14, 470045).
cost(2, 15, 411159).
cost(2, 16, 464441).
cost(2, 17, 801745).
cost(2, 18, 592245).
cost(2, 19, 619922).
cost(2, 20, 190780).
cost(2, 21, 676325).
cost(2, 22, 676728).
cost(2, 23, 918073).
cost(2, 24, 473896).
cost(2, 25, 580567).
cost(2, 26, 528884).
cost(3, 1, 589989).
cost(3, 2, 594653).
cost(3, 4, 58176).
cost(3, 5, 248467).
cost(3, 6, 70291).
cost(3, 7, 151298).
cost(3, 8, 223154).
cost(3, 9, 154011).
cost(3, 10, 242004).
cost(3, 11, 211001).
cost(3, 12, 186155).
cost(3, 13, 317418).
cost(3, 14, 556884).
cost(3, 15, 337355).
cost(3, 16, 202854).
cost(3, 17, 217672).
cost(3, 18, 35073).
cost(3, 19, 30217).
cost(3, 20, 404284).
cost(3, 21, 379261).
cost(3, 22, 257217).
cost(3, 23, 352925).
cost(3, 24, 163102).
cost(3, 25, 250684).
cost(3, 26, 215548).
cost(4, 1, 644604).
cost(4, 2, 604541).
cost(4, 3, 58176).
cost(4, 5, 201068).
cost(4, 6, 53632).
cost(4, 7, 93433).
cost(4, 8, 166838).
cost(4, 9, 211470).
cost(4, 10, 284536).
cost(4, 11, 254234).
cost(4, 12, 183383).
cost(4, 13, 363775).
cost(4, 14, 520563).
cost(4, 15, 307770).
cost(4, 16, 176012).
cost(4, 17, 238425).
cost(4, 18, 25158).
cost(4, 19, 44580).
cost(4, 20, 414001).
cost(4, 21, 437408).
cost(4, 22, 313939).
cost(4, 23, 321552).
cost(4, 24, 207588).
cost(4, 25, 308352).
cost(4, 26, 171203).
cost(5, 1, 835667).
cost(5, 2, 773816).
cost(5, 3, 248467).
cost(5, 4, 201068).
cost(5, 6, 182351).
cost(5, 7, 132097).
cost(5, 8, 81059).
cost(5, 9, 377388).
cost(5, 10, 485581).
cost(5, 11, 455187).
cost(5, 12, 356948).
cost(5, 13, 564206).
cost(5, 14, 570410).
cost(5, 15, 406285).
cost(5, 16, 310427).
cost(5, 17, 276924).
cost(5, 18, 224561).
cost(5, 19, 219851).
cost(5, 20, 588079).
cost(5, 21, 602604).
cost(5, 22, 466278).
cost(5, 23, 153713).
cost(5, 24, 408208).
cost(5, 25, 489192).
cost(5, 26, 255480).
cost(6, 1, 653338).
cost(6, 2, 653640).
cost(6, 3, 70291).
cost(6, 4, 53632).
cost(6, 5, 182351).
cost(6, 7, 111447).
cost(6, 8, 171066).
cost(6, 9, 199706).
cost(6, 10, 312292).
cost(6, 11, 281281).
cost(6, 12, 234846).
cost(6, 13, 387152).
cost(6, 14, 569990).
cost(6, 15, 360082).
cost(6, 16, 229325).
cost(6, 17, 187256).
cost(6, 18, 61413).
cost(6, 19, 40078).
cost(6, 20, 462868).
cost(6, 21, 427709).
cost(6, 22, 296377).
cost(6, 23, 282977).
cost(6, 24, 233366).
cost(6, 25, 307985).
cost(6, 26, 218732).
cost(7, 1, 736343).
cost(7, 2, 642618).
cost(7, 3, 151298).
cost(7, 4, 93433).
cost(7, 5, 132097).
cost(7, 6, 111447).
cost(7, 8, 76146).
cost(7, 9, 302622).
cost(7, 10, 367583).
cost(7, 11, 338479).
cost(7, 12, 224926).
cost(7, 13, 449177).
cost(7, 14, 482824).
cost(7, 15, 291969).
cost(7, 16, 181618).
cost(7, 17, 284335).
cost(7, 18, 118275).
cost(7, 19, 131364).
cost(7, 20, 456130).
cost(7, 21, 529843).
cost(7, 22, 403368).
cost(7, 23, 277264).
cost(7, 24, 293874).
cost(7, 25, 401779).
cost(7, 26, 138424).
cost(8, 1, 811327).
cost(8, 2, 701588).
cost(8, 3, 223154).
cost(8, 4, 166838).
cost(8, 5, 81059).
cost(8, 6, 171066).
cost(8, 7, 76146).
cost(8, 9, 369802).
cost(8, 10, 443643).
cost(8, 11, 414611).
cost(8, 12, 292526).
cost(8, 13, 525319).
cost(8, 14, 491275).
cost(8, 15, 325913).
cost(8, 16, 237184).
cost(8, 17, 315454).
cost(8, 18, 191993).
cost(8, 19, 199642).
cost(8, 20, 518909).
cost(8, 21, 597949).
cost(8, 22, 467435).
cost(8, 23, 234672).
cost(8, 24, 369984).
cost(8, 25, 473535).
cost(8, 26, 177007).
cost(9, 1, 465963).
cost(9, 2, 623370).
cost(9, 3, 154011).
cost(9, 4, 211470).
cost(9, 5, 377388).
cost(9, 6, 199706).
cost(9, 7, 302622).
cost(9, 8, 369802).
cost(9, 10, 207093).
cost(9, 11, 182810).
cost(9, 12, 283079).
cost(9, 13, 250346).
cost(9, 14, 684257).
cost(9, 15, 460020).
cost(9, 16, 330933).
cost(9, 17, 208203).
cost(9, 18, 189065).
cost(9, 19, 171345).
cost(9, 20, 444961).
cost(9, 21, 228159).
cost(9, 22, 103981).
cost(9, 23, 442929).
cost(9, 24, 151229).
cost(9, 25, 116356).
cost(9, 26, 361396).
cost(10, 1, 388522).
cost(10, 2, 421495).
cost(10, 3, 242004).
cost(10, 4, 284536).
cost(10, 5, 485581).
cost(10, 6, 312292).
cost(10, 7, 367583).
cost(10, 8, 443643).
cost(10, 9, 207093).
cost(10, 11, 31063).
cost(10, 12, 201312).
cost(10, 13, 83259).
cost(10, 14, 581423).
cost(10, 15, 369753).
cost(10, 16, 280153).
cost(10, 17, 405358).
cost(10, 18, 261217).
cost(10, 19, 272214).
cost(10, 20, 255964).
cost(10, 21, 288330).
cost(10, 22, 256483).
cost(10, 23, 594206).
cost(10, 24, 79015).
cost(10, 25, 165173).
cost(10, 26, 344262).
cost(11, 1, 410760).
cost(11, 2, 441486).
cost(11, 3, 211001).
cost(11, 4, 254234).
cost(11, 5, 455187).
cost(11, 6, 281281).
cost(11, 7, 338479).
cost(11, 8, 414611).
cost(11, 9, 182810).
cost(11, 10, 31063).
cost(11, 12, 183791).
cost(11, 13, 110767).
cost(11, 14, 574396).
cost(11, 15, 358371).
cost(11, 16, 260531).
cost(11, 17, 377011).
cost(11, 18, 230691).
cost(11, 19, 241204).
cost(11, 20, 269077).
cost(11, 21, 288674).
cost(11, 22, 241814).
cost(11, 23, 563142).
cost(11, 24, 47957).
cost(11, 25, 157252).
cost(11, 26, 321737).
cost(12, 1, 589092).
cost(12, 2, 422677).
cost(12, 3, 186155).
cost(12, 4, 183383).
cost(12, 5, 356948).
cost(12, 6, 234846).
cost(12, 7, 224926).
cost(12, 8, 292526).
cost(12, 9, 283079).
cost(12, 10, 201312).
cost(12, 11, 183791).
cost(12, 13, 281128).
cost(12, 14, 404848).
cost(12, 15, 181654).
cost(12, 16, 80248).
cost(12, 17, 403757).
cost(12, 18, 174611).
cost(12, 19, 205828).
cost(12, 20, 233243).
cost(12, 21, 460330).
cost(12, 22, 377783).
cost(12, 23, 496344).
cost(12, 24, 163694).
cost(12, 25, 320819).
cost(12, 26, 150444).
cost(13, 1, 308204).
cost(13, 2, 420784).
cost(13, 3, 317418).
cost(13, 4, 363775).
cost(13, 5, 564206).
cost(13, 6, 387152).
cost(13, 7, 449177).
cost(13, 8, 525319).
cost(13, 9, 250346).
cost(13, 10, 83259).
cost(13, 11, 110767).
cost(13, 12, 281128).
cost(13, 14, 644704).
cost(13, 15, 441276).
cost(13, 16, 360911).
cost(13, 17, 457665).
cost(13, 18, 339731).
cost(13, 19, 347319).
cost(13, 20, 283153).
cost(13, 21, 257238).
cost(13, 22, 268250).
cost(13, 23, 666011).
cost(13, 24, 156195).
cost(13, 25, 168467).
cost(13, 26, 426618).
cost(14, 1, 939130).
cost(14, 2, 470045).
cost(14, 3, 556884).
cost(14, 4, 520563).
cost(14, 5, 570410).
cost(14, 6, 569990).
cost(14, 7, 482824).
cost(14, 8, 491275).
cost(14, 9, 684257).
cost(14, 10, 581423).
cost(14, 11, 574396).
cost(14, 12, 404848).
cost(14, 13, 644704).
cost(14, 15, 224303).
cost(14, 16, 355751).
cost(14, 17, 757157).
cost(14, 18, 529037).
cost(14, 19, 561841).
cost(14, 20, 405064).
cost(14, 21, 861267).
cost(14, 22, 782027).
cost(14, 23, 719924).
cost(14, 24, 565605).
cost(14, 25, 723455).
cost(14, 26, 351561).
cost(15, 1, 746315).
cost(15, 2, 411159).
cost(15, 3, 337355).
cost(15, 4, 307770).
cost(15, 5, 406285).
cost(15, 6, 360082).
cost(15, 7, 291969).
cost(15, 8, 325913).
cost(15, 9, 460020).
cost(15, 10, 369753).
cost(15, 11, 358371).
cost(15, 12, 181654).
cost(15, 13, 441276).
cost(15, 14, 224303).
cost(15, 16, 134502).
cost(15, 17, 546144).
cost(15, 18, 312360).
cost(15, 19, 345910).
cost(15, 20, 264223).
cost(15, 21, 641218).
cost(15, 22, 557852).
cost(15, 23, 559829).
cost(15, 24, 344474).
cost(15, 25, 502146).
cost(15, 26, 153768).
cost(16, 1, 668526).
cost(16, 2, 464441).
cost(16, 3, 202854).
cost(16, 4, 176012).
cost(16, 5, 310427).
cost(16, 6, 229325).
cost(16, 7, 181618).
cost(16, 8, 237184).
cost(16, 9, 330933).
cost(16, 10, 280153).
cost(16, 11, 260531).
cost(16, 12, 80248).
cost(16, 13, 360911).
cost(16, 14, 355751).
cost(16, 15, 134502).
cost(16, 17, 413389).
cost(16, 18, 178478).
cost(16, 19, 212138).
cost(16, 20, 283010).
cost(16, 21, 526847).
cost(16, 22, 431706).
cost(16, 23, 458837).
cost(16, 24, 234131).
cost(16, 25, 386770).
cost(16, 26, 73428).
cost(17, 1, 653986).
cost(17, 2, 801745).
cost(17, 3, 217672).
cost(17, 4, 238425).
cost(17, 5, 276924).
cost(17, 6, 187256).
cost(17, 7, 284335).
cost(17, 8, 315454).
cost(17, 9, 208203).
cost(17, 10, 405358).
cost(17, 11, 377011).
cost(17, 12, 403757).
cost(17, 13, 457665).
cost(17, 14, 757157).
cost(17, 15, 546144).
cost(17, 16, 413389).
cost(17, 18, 235449).
cost(17, 19, 201849).
cost(17, 20, 613817).
cost(17, 21, 382319).
cost(17, 22, 246581).
cost(17, 23, 272795).
cost(17, 24, 334751).
cost(17, 25, 315906).
cost(17, 26, 405691).
cost(18, 1, 619455).
cost(18, 2, 592245).
cost(18, 3, 35073).
cost(18, 4, 25158).
cost(18, 5, 224561).
cost(18, 6, 61413).
cost(18, 7, 118275).
cost(18, 8, 191993).
cost(18, 9, 189065).
cost(18, 10, 261217).
cost(18, 11, 230691).
cost(18, 12, 174611).
cost(18, 13, 339731).
cost(18, 14, 529037).
cost(18, 15, 312360).
cost(18, 16, 178478).
cost(18, 17, 235449).
cost(18, 19, 33681).
cost(18, 20, 401469).
cost(18, 21, 413774).
cost(18, 22, 292279).
cost(18, 23, 340143).
cost(18, 24, 183653).
cost(18, 25, 283693).
cost(18, 26, 183602).
cost(19, 1, 616874).
cost(19, 2, 619922).
cost(19, 3, 30217).
cost(19, 4, 44580).
cost(19, 5, 219851).
cost(19, 6, 40078).
cost(19, 7, 131364).
cost(19, 8, 199642).
cost(19, 9, 171345).
cost(19, 10, 272214).
cost(19, 11, 241204).
cost(19, 12, 205828).
cost(19, 13, 347319).
cost(19, 14, 561841).
cost(19, 15, 345910).
cost(19, 16, 212138).
cost(19, 17, 201849).
cost(19, 18, 33681).
cost(19, 20, 429242).
cost(19, 21, 399022).
cost(19, 22, 272213).
cost(19, 23, 322804).
cost(19, 24, 193292).
cost(19, 25, 274360).
cost(19, 26, 214483).
cost(20, 1, 545334).
cost(20, 2, 190780).
cost(20, 3, 404284).
cost(20, 4, 414001).
cost(20, 5, 588079).
cost(20, 6, 462868).
cost(20, 7, 456130).
cost(20, 8, 518909).
cost(20, 9, 444961).
cost(20, 10, 255964).
cost(20, 11, 269077).
cost(20, 12, 233243).
cost(20, 13, 283153).
cost(20, 14, 405064).
cost(20, 15, 264223).
cost(20, 16, 283010).
cost(20, 17, 613817).
cost(20, 18, 401469).
cost(20, 19, 429242).
cost(20, 21, 536537).
cost(20, 22, 510714).
cost(20, 23, 729558).
cost(20, 24, 293735).
cost(20, 25, 421088).
cost(20, 26, 352392).
cost(21, 1, 283044).
cost(21, 2, 676325).
cost(21, 3, 379261).
cost(21, 4, 437408).
cost(21, 5, 602604).
cost(21, 6, 427709).
cost(21, 7, 529843).
cost(21, 8, 597949).
cost(21, 9, 228159).
cost(21, 10, 288330).
cost(21, 11, 288674).
cost(21, 12, 460330).
cost(21, 13, 257238).
cost(21, 14, 861267).
cost(21, 15, 641218).
cost(21, 16, 526847).
cost(21, 17, 382319).
cost(21, 18, 413774).
cost(21, 19, 399022).
cost(21, 20, 536537).
cost(21, 22, 139093).
cost(21, 23, 648882).
cost(21, 24, 296783).
cost(21, 25, 140098).
cost(21, 26, 572080).
cost(22, 1, 408120).
cost(22, 2, 676728).
cost(22, 3, 257217).
cost(22, 4, 313939).
cost(22, 5, 466278).
cost(22, 6, 296377).
cost(22, 7, 403368).
cost(22, 8, 467435).
cost(22, 9, 103981).
cost(22, 10, 256483).
cost(22, 11, 241814).
cost(22, 12, 377783).
cost(22, 13, 268250).
cost(22, 14, 782027).
cost(22, 15, 557852).
cost(22, 16, 431706).
cost(22, 17, 246581).
cost(22, 18, 292279).
cost(22, 19, 272213).
cost(22, 20, 510714).
cost(22, 21, 139093).
cost(22, 23, 510102).
cost(22, 24, 226888).
cost(22, 25, 99795).
cost(22, 26, 465037).
cost(23, 1, 908336).
cost(23, 2, 918073).
cost(23, 3, 352925).
cost(23, 4, 321552).
cost(23, 5, 153713).
cost(23, 6, 282977).
cost(23, 7, 277264).
cost(23, 8, 234672).
cost(23, 9, 442929).
cost(23, 10, 594206).
cost(23, 11, 563142).
cost(23, 12, 496344).
cost(23, 13, 666011).
cost(23, 14, 719924).
cost(23, 15, 559829).
cost(23, 16, 458837).
cost(23, 17, 272795).
cost(23, 18, 340143).
cost(23, 19, 322804).
cost(23, 20, 729558).
cost(23, 21, 648882).
cost(23, 22, 510102).
cost(23, 24, 515202).
cost(23, 25, 559265).
cost(23, 26, 408136).
cost(24, 1, 447857).
cost(24, 2, 473896).
cost(24, 3, 163102).
cost(24, 4, 207588).
cost(24, 5, 408208).
cost(24, 6, 233366).
cost(24, 7, 293874).
cost(24, 8, 369984).
cost(24, 9, 151229).
cost(24, 10, 79015).
cost(24, 11, 47957).
cost(24, 12, 163694).
cost(24, 13, 156195).
cost(24, 14, 565605).
cost(24, 15, 344474).
cost(24, 16, 234131).
cost(24, 17, 334751).
cost(24, 18, 183653).
cost(24, 19, 193292).
cost(24, 20, 293735).
cost(24, 21, 296783).
cost(24, 22, 226888).
cost(24, 23, 515202).
cost(24, 25, 157882).
cost(24, 26, 289191).
cost(25, 1, 349792).
cost(25, 2, 580567).
cost(25, 3, 250684).
cost(25, 4, 308352).
cost(25, 5, 489192).
cost(25, 6, 307985).
cost(25, 7, 401779).
cost(25, 8, 473535).
cost(25, 9, 116356).
cost(25, 10, 165173).
cost(25, 11, 157252).
cost(25, 12, 320819).
cost(25, 13, 168467).
cost(25, 14, 723455).
cost(25, 15, 502146).
cost(25, 16, 386770).
cost(25, 17, 315906).
cost(25, 18, 283693).
cost(25, 19, 274360).
cost(25, 20, 421088).
cost(25, 21, 140098).
cost(25, 22, 99795).
cost(25, 23, 559265).
cost(25, 24, 157882).
cost(25, 26, 433318).
cost(26, 1, 732305).
cost(26, 2, 528884).
cost(26, 3, 215548).
cost(26, 4, 171203).
cost(26, 5, 255480).
cost(26, 6, 218732).
cost(26, 7, 138424).
cost(26, 8, 177007).
cost(26, 9, 361396).
cost(26, 10, 344262).
cost(26, 11, 321737).
cost(26, 12, 150444).
cost(26, 13, 426618).
cost(26, 14, 351561).
cost(26, 15, 153768).
cost(26, 16, 73428).
cost(26, 17, 405691).
cost(26, 18, 183602).
cost(26, 19, 214483).
cost(26, 20, 352392).
cost(26, 21, 572080).
cost(26, 22, 465037).
cost(26, 23, 408136).
cost(26, 24, 289191).
cost(26, 25, 433318).
nocross(1,9).
nocross(1,10).
nocross(1,11).
nocross(1,13).
nocross(1,21).
nocross(1,25).
nocross(3,9).
nocross(3,11).
nocross(3,17).
nocross(3,25).
nocross(4,3).
nocross(4,6).
nocross(4,7).
nocross(4,9).
nocross(4,10).
nocross(4,11).
nocross(4,12).
nocross(4,15).
nocross(4,16).
nocross(4,26).
nocross(5,8).
nocross(6,4).
nocross(6,7).
nocross(6,9).
nocross(6,17).
nocross(6,26).
nocross(7,3).
nocross(7,4).
nocross(7,6).
nocross(7,11).
nocross(7,16).
nocross(7,26).
nocross(9,11).
nocross(9,13).
nocross(9,17).
nocross(9,22).
nocross(9,25).
nocross(10,1).
nocross(10,9).
nocross(10,11).
nocross(10,12).
nocross(10,13).
nocross(10,15).
nocross(10,16).
nocross(10,20).
nocross(10,25).
nocross(10,26).
nocross(11,1).
nocross(11,9).
nocross(11,10).
nocross(11,12).
nocross(11,13).
nocross(11,15).
nocross(11,16).
nocross(11,17).
nocross(11,20).
nocross(11,25).
nocross(11,26).
nocross(12,4).
nocross(12,7).
nocross(12,9).
nocross(12,10).
nocross(12,11).
nocross(12,15).
nocross(12,16).
nocross(12,20).
nocross(12,24).
nocross(12,25).
nocross(12,26).
nocross(13,1).
nocross(13,9).
nocross(13,10).
nocross(13,11).
nocross(13,20).
nocross(13,24).
nocross(13,25).
nocross(15,4).
nocross(15,7).
nocross(15,8).
nocross(15,10).
nocross(15,11).
nocross(15,12).
nocross(15,16).
nocross(15,20).
nocross(15,26).
nocross(16,4).
nocross(16,7).
nocross(16,8).
nocross(16,9).
nocross(16,10).
nocross(16,11).
nocross(16,12).
nocross(16,15).
nocross(16,25).
nocross(16,26).
nocross(17,4).
nocross(17,6).
nocross(17,7).
nocross(17,9).
nocross(17,11).
nocross(17,19).
nocross(17,22).
nocross(18,4).
nocross(18,6).
nocross(18,7).
nocross(18,10).
nocross(18,11).
nocross(18,12).
nocross(18,13).
nocross(18,16).
nocross(19,9).
nocross(19,17).
nocross(20,4).
nocross(20,9).
nocross(20,10).
nocross(20,11).
nocross(20,12).
nocross(20,13).
nocross(20,15).
nocross(20,16).
nocross(20,26).
nocross(21,9).
nocross(21,11).
nocross(21,13).
nocross(21,22).
nocross(21,25).
nocross(22,1).
nocross(22,3).
nocross(22,9).
nocross(22,11).
nocross(22,13).
nocross(22,17).
nocross(22,21).
nocross(22,25).
nocross(24,1).
nocross(24,9).
nocross(24,10).
nocross(24,11).
nocross(24,13).
nocross(24,17).
nocross(24,25).
nocross(24,26).
nocross(25,1).
nocross(25,9).
nocross(25,10).
nocross(25,11).
nocross(25,13).
nocross(25,16).
nocross(25,17).
nocross(25,22).
nocross(26,4).
nocross(26,7).
nocross(26,8).
nocross(26,10).
nocross(26,11).
nocross(26,12).
nocross(26,15).
nocross(26,16).
nocross(26,25).
