dimension(24).
point(1, -193616.0, 11764.0).
point(2, 132442.0, 131738.0).
point(3, 7823.0, -322177.0).
point(4, -46346.0, -65695.0).
point(5, -358569.0, 120461.0).
point(6, -15232.0, 30906.0).
point(7, -43411.0, -34031.0).
point(8, 154159.0, -177568.0).
point(9, 135569.0, -238665.0).
point(10, 108156.0, 78874.0).
point(11, 51646.0, 27076.0).
point(12, 97351.0, -143643.0).
point(13, -84099.0, 1430.0).
point(14, -71597.0, 148876.0).
point(15, -107389.0, 401640.0).
point(16, -178251.0, 303427.0).
point(17, -250102.0, 209992.0).
point(18, -49003.0, 145668.0).
point(19, 51613.0, -306102.0).
point(20, -82827.0, 232850.0).
point(21, 65954.0, 268366.0).
point(22, -153371.0, -67379.0).
point(23, 104156.0, -48237.0).
point(24, 44114.0, -141526.0).
cost(1, 2, 347430).
cost(1, 3, 389993).
cost(1, 4, 166398).
cost(1, 5, 197546).
cost(1, 6, 179408).
cost(1, 7, 157031).
cost(1, 8, 395972).
cost(1, 9, 413615).
cost(1, 10, 309144).
cost(1, 11, 245740).
cost(1, 12, 329868).
cost(1, 13, 110003).
cost(1, 14, 183544).
cost(1, 15, 399297).
cost(1, 16, 292067).
cost(1, 17, 206119).
cost(1, 18, 197087).
cost(1, 19, 401467).
cost(1, 20, 247292).
cost(1, 21, 364995).
cost(1, 22, 88788).
cost(1, 23, 303757).
cost(1, 24, 282866).
cost(2, 1, 347430).
cost(2, 3, 470711).
cost(2, 4, 266355).
cost(2, 5, 491140).
cost(2, 6, 178815).
cost(2, 7, 241668).
cost(2, 8, 310067).
cost(2, 9, 370416).
cost(2, 10, 58176).
cost(2, 11, 132220).
cost(2, 12, 277608).
cost(2, 13, 252726).
cost(2, 14, 204757).
cost(2, 15, 361062).
cost(2, 16, 354975).
cost(2, 17, 390466).
cost(2, 18, 181979).
cost(2, 19, 445238).
cost(2, 20, 237833).
cost(2, 21, 151947).
cost(2, 22, 348334).
cost(2, 23, 182184).
cost(2, 24, 287185).
cost(3, 1, 389993).
cost(3, 2, 470711).
cost(3, 4, 262140).
cost(3, 5, 574606).
cost(3, 6, 353835).
cost(3, 7, 292665).
cost(3, 8, 205733).
cost(3, 9, 152621).
cost(3, 10, 413411).
cost(3, 11, 351992).
cost(3, 12, 199724).
cost(3, 13, 336409).
cost(3, 14, 477701).
cost(3, 15, 732929).
cost(3, 16, 652690).
cost(3, 17, 591379).
cost(3, 18, 471284).
cost(3, 19, 46647).
cost(3, 20, 562381).
cost(3, 21, 593397).
cost(3, 22, 301505).
cost(3, 23, 290385).
cost(3, 24, 184260).
cost(4, 1, 166398).
cost(4, 2, 266355).
cost(4, 3, 262140).
cost(4, 5, 363507).
cost(4, 6, 101488).
cost(4, 7, 31800).
cost(4, 8, 229604).
cost(4, 9, 251021).
cost(4, 10, 211592).
cost(4, 11, 134940).
cost(4, 12, 163477).
cost(4, 13, 77013).
cost(4, 14, 216052).
cost(4, 15, 471305).
cost(4, 16, 391982).
cost(4, 17, 342812).
cost(4, 18, 211380).
cost(4, 19, 259599).
cost(4, 20, 300766).
cost(4, 21, 352432).
cost(4, 22, 107038).
cost(4, 23, 151511).
cost(4, 24, 118040).
cost(5, 1, 197546).
cost(5, 2, 491140).
cost(5, 3, 574606).
cost(5, 4, 363507).
cost(5, 6, 354824).
cost(5, 7, 350988).
cost(5, 8, 593053).
cost(5, 9, 610855).
cost(5, 10, 468574).
cost(5, 11, 420710).
cost(5, 12, 526891).
cost(5, 13, 299169).
cost(5, 14, 288375).
cost(5, 15, 377032).
cost(5, 16, 256887).
cost(5, 17, 140645).
cost(5, 18, 310591).
cost(5, 19, 591781).
cost(5, 20, 297767).
cost(5, 21, 449551).
cost(5, 22, 278191).
cost(5, 23, 492517).
cost(5, 24, 480407).
cost(6, 1, 179408).
cost(6, 2, 178815).
cost(6, 3, 353835).
cost(6, 4, 101488).
cost(6, 5, 354824).
cost(6, 7, 70787).
cost(6, 8, 268616).
cost(6, 9, 308884).
cost(6, 10, 132384).
cost(6, 11, 66988).
cost(6, 12, 207707).
cost(6, 13, 74910).
cost(6, 14, 130744).
cost(6, 15, 382017).
cost(6, 16, 317558).
cost(6, 17, 295357).
cost(6, 18, 119628).
cost(6, 19, 343573).
cost(6, 20, 212956).
cost(6, 21, 250955).
cost(6, 22, 169536).
cost(6, 23, 143238).
cost(6, 24, 182359).
cost(7, 1, 157031).
cost(7, 2, 241668).
cost(7, 3, 292665).
cost(7, 4, 31800).
cost(7, 5, 350988).
cost(7, 6, 70787).
cost(7, 8, 244206).
cost(7, 9, 271862).
cost(7, 10, 188998).
cost(7, 11, 113004).
cost(7, 12, 178406).
cost(7, 13, 53972).
cost(7, 14, 185066).
cost(7, 15, 440344).
cost(7, 16, 363400).
cost(7, 17, 319794).
cost(7, 18, 179786).
cost(7, 19, 288188).
cost(7, 20, 269776).
cost(7, 21, 321566).
cost(7, 22, 114906).
cost(7, 23, 148249).
cost(7, 24, 138621).
cost(8, 1, 395972).
cost(8, 2, 310067).
cost(8, 3, 205733).
cost(8, 4, 229604).
cost(8, 5, 593053).
cost(8, 6, 268616).
cost(8, 7, 244206).
cost(8, 9, 63863).
cost(8, 10, 260536).
cost(8, 11, 228884).
cost(8, 12, 66167).
cost(8, 13, 298005).
cost(8, 14, 396902).
cost(8, 15, 635523).
cost(8, 16, 584682).
cost(8, 17, 560027).
cost(8, 18, 381780).
cost(8, 19, 164428).
cost(8, 20, 473925).
cost(8, 21, 454574).
cost(8, 22, 326675).
cost(8, 23, 138661).
cost(8, 24, 115797).
cost(9, 1, 413615).
cost(9, 2, 370416).
cost(9, 3, 152621).
cost(9, 4, 251021).
cost(9, 5, 610855).
cost(9, 6, 308884).
cost(9, 7, 271862).
cost(9, 8, 63863).
cost(9, 10, 318720).
cost(9, 11, 278678).
cost(9, 12, 102420).
cost(9, 13, 325422).
cost(9, 14, 439438).
cost(9, 15, 684850).
cost(9, 16, 626376).
cost(9, 17, 591638).
cost(9, 18, 426355).
cost(9, 19, 107686).
cost(9, 20, 519638).
cost(9, 21, 511788).
cost(9, 22, 335895).
cost(9, 23, 193002).
cost(9, 24, 133417).
cost(10, 1, 309144).
cost(10, 2, 58176).
cost(10, 3, 413411).
cost(10, 4, 211592).
cost(10, 5, 468574).
cost(10, 6, 132384).
cost(10, 7, 188998).
cost(10, 8, 260536).
cost(10, 9, 318720).
cost(10, 11, 76658).
cost(10, 12, 222779).
cost(10, 13, 207267).
cost(10, 14, 192903).
cost(10, 15, 388121).
cost(10, 16, 363941).
cost(10, 17, 381498).
cost(10, 18, 170764).
cost(10, 19, 389106).
cost(10, 20, 245322).
cost(10, 21, 194135).
cost(10, 22, 299644).
cost(10, 23, 127174).
cost(10, 24, 229516).
cost(11, 1, 245740).
cost(11, 2, 132220).
cost(11, 3, 351992).
cost(11, 4, 134940).
cost(11, 5, 420710).
cost(11, 6, 66988).
cost(11, 7, 113004).
cost(11, 8, 228884).
cost(11, 9, 278678).
cost(11, 10, 76658).
cost(11, 12, 176731).
cost(11, 13, 138146).
cost(11, 14, 173275).
cost(11, 15, 406928).
cost(11, 16, 359475).
cost(11, 17, 352860).
cost(11, 18, 155545).
cost(11, 19, 333178).
cost(11, 20, 245817).
cost(11, 21, 241714).
cost(11, 22, 225729).
cost(11, 23, 91811).
cost(11, 24, 168770).
cost(12, 1, 329868).
cost(12, 2, 277608).
cost(12, 3, 199724).
cost(12, 4, 163477).
cost(12, 5, 526891).
cost(12, 6, 207707).
cost(12, 7, 178406).
cost(12, 8, 66167).
cost(12, 9, 102420).
cost(12, 10, 222779).
cost(12, 11, 176731).
cost(12, 13, 232315).
cost(12, 14, 337803).
cost(12, 15, 582453).
cost(12, 16, 525193).
cost(12, 17, 495763).
cost(12, 18, 324223).
cost(12, 19, 168775).
cost(12, 20, 417386).
cost(12, 21, 413204).
cost(12, 22, 262064).
cost(12, 23, 95648).
cost(12, 24, 53279).
cost(13, 1, 110003).
cost(13, 2, 252726).
cost(13, 3, 336409).
cost(13, 4, 77013).
cost(13, 5, 299169).
cost(13, 6, 74910).
cost(13, 7, 53972).
cost(13, 8, 298005).
cost(13, 9, 325422).
cost(13, 10, 207267).
cost(13, 11, 138146).
cost(13, 12, 232315).
cost(13, 14, 147975).
cost(13, 15, 400887).
cost(13, 16, 316333).
cost(13, 17, 266562).
cost(13, 18, 148446).
cost(13, 19, 336145).
cost(13, 20, 231423).
cost(13, 21, 306220).
cost(13, 22, 97639).
cost(13, 23, 194697).
cost(13, 24, 192029).
cost(14, 1, 183544).
cost(14, 2, 204757).
cost(14, 3, 477701).
cost(14, 4, 216052).
cost(14, 5, 288375).
cost(14, 6, 130744).
cost(14, 7, 185066).
cost(14, 8, 396902).
cost(14, 9, 439438).
cost(14, 10, 192903).
cost(14, 11, 173275).
cost(14, 12, 337803).
cost(14, 13, 147975).
cost(14, 15, 255286).
cost(14, 16, 187779).
cost(14, 17, 188678).
cost(14, 18, 22821).
cost(14, 19, 471366).
cost(14, 20, 84722).
cost(14, 21, 182204).
cost(14, 22, 231200).
cost(14, 23, 264088).
cost(14, 24, 312606).
cost(15, 1, 399297).
cost(15, 2, 361062).
cost(15, 3, 732929).
cost(15, 4, 471305).
cost(15, 5, 377032).
cost(15, 6, 382017).
cost(15, 7, 440344).
cost(15, 8, 635523).
cost(15, 9, 684850).
cost(15, 10, 388121).
cost(15, 11, 406928).
cost(15, 12, 582453).
cost(15, 13, 400887).
cost(15, 14, 255286).
cost(15, 16, 121108).
cost(15, 17, 238948).
cost(15, 18, 262546).
cost(15, 19, 725383).
cost(15, 20, 170568).
cost(15, 21, 218654).
cost(15, 22, 471268).
cost(15, 23, 497132).
cost(15, 24, 563899).
cost(16, 1, 292067).
cost(16, 2, 354975).
cost(16, 3, 652690).
cost(16, 4, 391982).
cost(16, 5, 256887).
cost(16, 6, 317558).
cost(16, 7, 363400).
cost(16, 8, 584682).
cost(16, 9, 626376).
cost(16, 10, 363941).
cost(16, 11, 359475).
cost(16, 12, 525193).
cost(16, 13, 316333).
cost(16, 14, 187779).
cost(16, 15, 121108).
cost(16, 17, 117867).
cost(16, 18, 203943).
cost(16, 19, 651432).
cost(16, 20, 118688).
cost(16, 21, 246709).
cost(16, 22, 371640).
cost(16, 23, 451022).
cost(16, 24, 497423).
cost(17, 1, 206119).
cost(17, 2, 390466).
cost(17, 3, 591379).
cost(17, 4, 342812).
cost(17, 5, 140645).
cost(17, 6, 295357).
cost(17, 7, 319794).
cost(17, 8, 560027).
cost(17, 9, 591638).
cost(17, 10, 381498).
cost(17, 11, 352860).
cost(17, 12, 495763).
cost(17, 13, 266562).
cost(17, 14, 188678).
cost(17, 15, 238948).
cost(17, 16, 117867).
cost(17, 18, 211136).
cost(17, 19, 597817).
cost(17, 20, 168830).
cost(17, 21, 321401).
cost(17, 22, 293754).
cost(17, 23, 438384).
cost(17, 24, 458397).
cost(18, 1, 197087).
cost(18, 2, 181979).
cost(18, 3, 471284).
cost(18, 4, 211380).
cost(18, 5, 310591).
cost(18, 6, 119628).
cost(18, 7, 179786).
cost(18, 8, 381780).
cost(18, 9, 426355).
cost(18, 10, 170764).
cost(18, 11, 155545).
cost(18, 12, 324223).
cost(18, 13, 148446).
cost(18, 14, 22821).
cost(18, 15, 262546).
cost(18, 16, 203943).
cost(18, 17, 211136).
cost(18, 19, 462839).
cost(18, 20, 93513).
cost(18, 21, 168137).
cost(18, 22, 237238).
cost(18, 23, 247097).
cost(18, 24, 301913).
cost(19, 1, 401467).
cost(19, 2, 445238).
cost(19, 3, 46647).
cost(19, 4, 259599).
cost(19, 5, 591781).
cost(19, 6, 343573).
cost(19, 7, 288188).
cost(19, 8, 164428).
cost(19, 9, 107686).
cost(19, 10, 389106).
cost(19, 11, 333178).
cost(19, 12, 168775).
cost(19, 13, 336145).
cost(19, 14, 471366).
cost(19, 15, 725383).
cost(19, 16, 651432).
cost(19, 17, 597817).
cost(19, 18, 462839).
cost(19, 20, 555467).
cost(19, 21, 574647).
cost(19, 22, 314654).
cost(19, 23, 263164).
cost(19, 24, 164747).
cost(20, 1, 247292).
cost(20, 2, 237833).
cost(20, 3, 562381).
cost(20, 4, 300766).
cost(20, 5, 297767).
cost(20, 6, 212956).
cost(20, 7, 269776).
cost(20, 8, 473925).
cost(20, 9, 519638).
cost(20, 10, 245322).
cost(20, 11, 245817).
cost(20, 12, 417386).
cost(20, 13, 231423).
cost(20, 14, 84722).
cost(20, 15, 170568).
cost(20, 16, 118688).
cost(20, 17, 168830).
cost(20, 18, 93513).
cost(20, 19, 555467).
cost(20, 21, 152961).
cost(20, 22, 308405).
cost(20, 23, 337598).
cost(20, 24, 395312).
cost(21, 1, 364995).
cost(21, 2, 151947).
cost(21, 3, 593397).
cost(21, 4, 352432).
cost(21, 5, 449551).
cost(21, 6, 250955).
cost(21, 7, 321566).
cost(21, 8, 454574).
cost(21, 9, 511788).
cost(21, 10, 194135).
cost(21, 11, 241714).
cost(21, 12, 413204).
cost(21, 13, 306220).
cost(21, 14, 182204).
cost(21, 15, 218654).
cost(21, 16, 246709).
cost(21, 17, 321401).
cost(21, 18, 168137).
cost(21, 19, 574647).
cost(21, 20, 152961).
cost(21, 22, 401034).
cost(21, 23, 318899).
cost(21, 24, 410473).
cost(22, 1, 88788).
cost(22, 2, 348334).
cost(22, 3, 301505).
cost(22, 4, 107038).
cost(22, 5, 278191).
cost(22, 6, 169536).
cost(22, 7, 114906).
cost(22, 8, 326675).
cost(22, 9, 335895).
cost(22, 10, 299644).
cost(22, 11, 225729).
cost(22, 12, 262064).
cost(22, 13, 97639).
cost(22, 14, 231200).
cost(22, 15, 471268).
cost(22, 16, 371640).
cost(22, 17, 293754).
cost(22, 18, 237238).
cost(22, 19, 314654).
cost(22, 20, 308405).
cost(22, 21, 401034).
cost(22, 23, 258237).
cost(22, 24, 210946).
cost(23, 1, 303757).
cost(23, 2, 182184).
cost(23, 3, 290385).
cost(23, 4, 151511).
cost(23, 5, 492517).
cost(23, 6, 143238).
cost(23, 7, 148249).
cost(23, 8, 138661).
cost(23, 9, 193002).
cost(23, 10, 127174).
cost(23, 11, 91811).
cost(23, 12, 95648).
cost(23, 13, 194697).
cost(23, 14, 264088).
cost(23, 15, 497132).
cost(23, 16, 451022).
cost(23, 17, 438384).
cost(23, 18, 247097).
cost(23, 19, 263164).
cost(23, 20, 337598).
cost(23, 21, 318899).
cost(23, 22, 258237).
cost(23, 24, 110941).
cost(24, 1, 282866).
cost(24, 2, 287185).
cost(24, 3, 184260).
cost(24, 4, 118040).
cost(24, 5, 480407).
cost(24, 6, 182359).
cost(24, 7, 138621).
cost(24, 8, 115797).
cost(24, 9, 133417).
cost(24, 10, 229516).
cost(24, 11, 168770).
cost(24, 12, 53279).
cost(24, 13, 192029).
cost(24, 14, 312606).
cost(24, 15, 563899).
cost(24, 16, 497423).
cost(24, 17, 458397).
cost(24, 18, 301913).
cost(24, 19, 164747).
cost(24, 20, 395312).
cost(24, 21, 410473).
cost(24, 22, 210946).
cost(24, 23, 110941).
