dimension(24).
point(1, 178556.0, -133183.0).
point(2, -166077.0, 52249.0).
point(3, 211048.0, -168360.0).
point(4, 108100.0, 213649.0).
point(5, -103368.0, 52283.0).
point(6, 112669.0, 929222.0).
point(7, 204291.0, 167119.0).
point(8, -212187.0, -132339.0).
point(9, 258359.0, -180886.0).
point(10, -92582.0, -238372.0).
point(11, 53176.0, -63556.0).
point(12, -103421.0, -83790.0).
point(13, -118259.0, 52841.0).
point(14, -283297.0, -124068.0).
point(15, -141562.0, -83295.0).
point(16, 59261.0, -112355.0).
point(17, 252834.0, 243583.0).
point(18, 37307.0, -153425.0).
point(19, 27717.0, 60313.0).
point(20, -174575.0, 440252.0).
point(21, -175895.0, -232639.0).
point(22, -388521.0, 259071.0).
point(23, -271766.0, 102606.0).
point(24, -49608.0, -157076.0).
cost(1, 2, 391353).
cost(1, 3, 47887).
cost(1, 4, 353916).
cost(1, 5, 337459).
cost(1, 6, 1064446).
cost(1, 7, 301403).
cost(1, 8, 390744).
cost(1, 9, 92974).
cost(1, 10, 290827).
cost(1, 11, 143416).
cost(1, 12, 286270).
cost(1, 13, 350291).
cost(1, 14, 461943).
cost(1, 15, 323982).
cost(1, 16, 121100).
cost(1, 17, 384018).
cost(1, 18, 142692).
cost(1, 19, 245343).
cost(1, 20, 673446).
cost(1, 21, 368140).
cost(1, 22, 689521).
cost(1, 23, 508317).
cost(1, 24, 229412).
cost(2, 1, 391353).
cost(2, 3, 436911).
cost(2, 4, 318156).
cost(2, 5, 62709).
cost(2, 6, 920207).
cost(2, 7, 387773).
cost(2, 8, 190260).
cost(2, 9, 484250).
cost(2, 10, 299770).
cost(2, 11, 247957).
cost(2, 12, 149774).
cost(2, 13, 47822).
cost(2, 14, 211727).
cost(2, 15, 137743).
cost(2, 16, 279055).
cost(2, 17, 460538).
cost(2, 18, 289252).
cost(2, 19, 193962).
cost(2, 20, 388096).
cost(2, 21, 285057).
cost(2, 22, 303738).
cost(2, 23, 117073).
cost(2, 24, 239545).
cost(3, 1, 47887).
cost(3, 2, 436911).
cost(3, 4, 395638).
cost(3, 5, 384110).
cost(3, 6, 1101982).
cost(3, 7, 335547).
cost(3, 8, 424765).
cost(3, 9, 48941).
cost(3, 10, 311597).
cost(3, 11, 189493).
cost(3, 12, 325642).
cost(3, 13, 396703).
cost(3, 14, 496325).
cost(3, 15, 362726).
cost(3, 16, 161790).
cost(3, 17, 414057).
cost(3, 18, 174382).
cost(3, 19, 293090).
cost(3, 20, 720495).
cost(3, 21, 392246).
cost(3, 22, 736329).
cost(3, 23, 553653).
cost(3, 24, 260900).
cost(4, 1, 353916).
cost(4, 2, 318156).
cost(4, 3, 395638).
cost(4, 5, 266003).
cost(4, 6, 715588).
cost(4, 7, 106854).
cost(4, 8, 471478).
cost(4, 9, 422180).
cost(4, 10, 494567).
cost(4, 11, 282594).
cost(4, 12, 364981).
cost(4, 13, 277665).
cost(4, 14, 516957).
cost(4, 15, 387952).
cost(4, 16, 329642).
cost(4, 17, 147797).
cost(4, 18, 373838).
cost(4, 19, 173128).
cost(4, 20, 362290).
cost(4, 21, 528986).
cost(4, 22, 498694).
cost(4, 23, 395763).
cost(4, 24, 402876).
cost(5, 1, 337459).
cost(5, 2, 62709).
cost(5, 3, 384110).
cost(5, 4, 266003).
cost(5, 6, 903158).
cost(5, 7, 328392).
cost(5, 8, 214306).
cost(5, 9, 430365).
cost(5, 10, 290855).
cost(5, 11, 194743).
cost(5, 12, 136073).
cost(5, 13, 14901).
cost(5, 14, 251941).
cost(5, 15, 140855).
cost(5, 16, 231417).
cost(5, 17, 404321).
cost(5, 18, 249209).
cost(5, 19, 131331).
cost(5, 20, 394449).
cost(5, 21, 294008).
cost(5, 22, 352241).
cost(5, 23, 175756).
cost(5, 24, 216151).
cost(6, 1, 1064446).
cost(6, 2, 920207).
cost(6, 3, 1101982).
cost(6, 4, 715588).
cost(6, 5, 903158).
cost(6, 7, 767591).
cost(6, 8, 1110155).
cost(6, 9, 1119627).
cost(6, 10, 1185497).
cost(6, 11, 994559).
cost(6, 12, 1035803).
cost(6, 13, 906295).
cost(6, 14, 1125259).
cost(6, 15, 1043946).
cost(6, 16, 1042945).
cost(6, 17, 699819).
cost(6, 18, 1085267).
cost(6, 19, 873052).
cost(6, 20, 567099).
cost(6, 21, 1197159).
cost(6, 22, 836836).
cost(6, 23, 911638).
cost(6, 24, 1098352).
cost(7, 1, 301403).
cost(7, 2, 387773).
cost(7, 3, 335547).
cost(7, 4, 106854).
cost(7, 5, 328392).
cost(7, 6, 767591).
cost(7, 8, 512961).
cost(7, 9, 352180).
cost(7, 10, 502550).
cost(7, 11, 275766).
cost(7, 12, 397042).
cost(7, 13, 342196).
cost(7, 14, 567919).
cost(7, 15, 426991).
cost(7, 16, 314864).
cost(7, 17, 90571).
cost(7, 18, 361431).
cost(7, 19, 206364).
cost(7, 20, 467056).
cost(7, 21, 551677).
cost(7, 22, 599901).
cost(7, 23, 480408).
cost(7, 24, 411785).
cost(8, 1, 390744).
cost(8, 2, 190260).
cost(8, 3, 424765).
cost(8, 4, 471478).
cost(8, 5, 214306).
cost(8, 6, 1110155).
cost(8, 7, 512961).
cost(8, 9, 473044).
cost(8, 10, 159839).
cost(8, 11, 274132).
cost(8, 12, 119109).
cost(8, 13, 207639).
cost(8, 14, 71589).
cost(8, 15, 85984).
cost(8, 16, 272183).
cost(8, 17, 597965).
cost(8, 18, 250383).
cost(8, 19, 307683).
cost(8, 20, 573825).
cost(8, 21, 106664).
cost(8, 22, 429296).
cost(8, 23, 242382).
cost(8, 24, 164450).
cost(9, 1, 92974).
cost(9, 2, 484250).
cost(9, 3, 48941).
cost(9, 4, 422180).
cost(9, 5, 430365).
cost(9, 6, 1119627).
cost(9, 7, 352180).
cost(9, 8, 473044).
cost(9, 10, 355618).
cost(9, 11, 236361).
cost(9, 12, 374583).
cost(9, 13, 443249).
cost(9, 14, 544628).
cost(9, 15, 411656).
cost(9, 16, 210562).
cost(9, 17, 424505).
cost(9, 18, 222751).
cost(9, 19, 333725).
cost(9, 20, 757129).
cost(9, 21, 437327).
cost(9, 22, 782314).
cost(9, 23, 601166).
cost(9, 24, 308886).
cost(10, 1, 290827).
cost(10, 2, 299770).
cost(10, 3, 311597).
cost(10, 4, 494567).
cost(10, 5, 290855).
cost(10, 6, 1185497).
cost(10, 7, 502550).
cost(10, 8, 159839).
cost(10, 9, 355618).
cost(10, 11, 227609).
cost(10, 12, 154962).
cost(10, 13, 292343).
cost(10, 14, 222346).
cost(10, 15, 162628).
cost(10, 16, 197324).
cost(10, 17, 592953).
cost(10, 18, 155200).
cost(10, 19, 322001).
cost(10, 20, 683559).
cost(10, 21, 83510).
cost(10, 22, 578817).
cost(10, 23, 385192).
cost(10, 24, 91955).
cost(11, 1, 143416).
cost(11, 2, 247957).
cost(11, 3, 189493).
cost(11, 4, 282594).
cost(11, 5, 194743).
cost(11, 6, 994559).
cost(11, 7, 275766).
cost(11, 8, 274132).
cost(11, 9, 236361).
cost(11, 10, 227609).
cost(11, 12, 157899).
cost(11, 13, 207215).
cost(11, 14, 341871).
cost(11, 15, 195736).
cost(11, 16, 49177).
cost(11, 17, 366330).
cost(11, 18, 91259).
cost(11, 19, 126458).
cost(11, 20, 552895).
cost(11, 21, 284715).
cost(11, 22, 546978).
cost(11, 23, 364962).
cost(11, 24, 138962).
cost(12, 1, 286270).
cost(12, 2, 149774).
cost(12, 3, 325642).
cost(12, 4, 364981).
cost(12, 5, 136073).
cost(12, 6, 1035803).
cost(12, 7, 397042).
cost(12, 8, 119109).
cost(12, 9, 374583).
cost(12, 10, 154962).
cost(12, 11, 157899).
cost(12, 13, 137434).
cost(12, 14, 184330).
cost(12, 15, 38144).
cost(12, 16, 165171).
cost(12, 17, 483829).
cost(12, 18, 157014).
cost(12, 19, 194841).
cost(12, 20, 528851).
cost(12, 21, 165555).
cost(12, 22, 445910).
cost(12, 23, 251164).
cost(12, 24, 90921).
cost(13, 1, 350291).
cost(13, 2, 47822).
cost(13, 3, 396703).
cost(13, 4, 277665).
cost(13, 5, 14901).
cost(13, 6, 906295).
cost(13, 7, 342196).
cost(13, 8, 207639).
cost(13, 9, 443249).
cost(13, 10, 292343).
cost(13, 11, 207215).
cost(13, 12, 137434).
cost(13, 14, 241939).
cost(13, 15, 138116).
cost(13, 16, 242493).
cost(13, 17, 417244).
cost(13, 18, 258353).
cost(13, 19, 146167).
cost(13, 20, 391483).
cost(13, 21, 291240).
cost(13, 22, 339959).
cost(13, 23, 161372).
cost(13, 24, 220858).
cost(14, 1, 461943).
cost(14, 2, 211727).
cost(14, 3, 496325).
cost(14, 4, 516957).
cost(14, 5, 251941).
cost(14, 6, 1125259).
cost(14, 7, 567919).
cost(14, 8, 71589).
cost(14, 9, 544628).
cost(14, 10, 222346).
cost(14, 11, 341871).
cost(14, 12, 184330).
cost(14, 13, 241939).
cost(14, 15, 147483).
cost(14, 16, 342758).
cost(14, 17, 650080).
cost(14, 18, 321945).
cost(14, 19, 361561).
cost(14, 20, 574698).
cost(14, 21, 152718).
cost(14, 22, 397326).
cost(14, 23, 226967).
cost(14, 24, 236009).
cost(15, 1, 323982).
cost(15, 2, 137743).
cost(15, 3, 362726).
cost(15, 4, 387952).
cost(15, 5, 140855).
cost(15, 6, 1043946).
cost(15, 7, 426991).
cost(15, 8, 85984).
cost(15, 9, 411656).
cost(15, 10, 162628).
cost(15, 11, 195736).
cost(15, 12, 38144).
cost(15, 13, 138116).
cost(15, 14, 147483).
cost(15, 16, 202915).
cost(15, 17, 512247).
cost(15, 18, 192126).
cost(15, 19, 221988).
cost(15, 20, 524587).
cost(15, 21, 153240).
cost(15, 22, 422141).
cost(15, 23, 226963).
cost(15, 24, 117895).
cost(16, 1, 121100).
cost(16, 2, 279055).
cost(16, 3, 161790).
cost(16, 4, 329642).
cost(16, 5, 231417).
cost(16, 6, 1042945).
cost(16, 7, 314864).
cost(16, 8, 272183).
cost(16, 9, 210562).
cost(16, 10, 197324).
cost(16, 11, 49177).
cost(16, 12, 165171).
cost(16, 13, 242493).
cost(16, 14, 342758).
cost(16, 15, 202915).
cost(16, 17, 405170).
cost(16, 18, 46570).
cost(16, 19, 175526).
cost(16, 20, 600045).
cost(16, 21, 264134).
cost(16, 22, 581778).
cost(16, 23, 394699).
cost(16, 24, 117696).
cost(17, 1, 384018).
cost(17, 2, 460538).
cost(17, 3, 414057).
cost(17, 4, 147797).
cost(17, 5, 404321).
cost(17, 6, 699819).
cost(17, 7, 90571).
cost(17, 8, 597965).
cost(17, 9, 424505).
cost(17, 10, 592953).
cost(17, 11, 366330).
cost(17, 12, 483829).
cost(17, 13, 417244).
cost(17, 14, 650080).
cost(17, 15, 512247).
cost(17, 16, 405170).
cost(17, 18, 451738).
cost(17, 19, 290285).
cost(17, 20, 470486).
cost(17, 21, 640778).
cost(17, 22, 641542).
cost(17, 23, 543212).
cost(17, 24, 501995).
cost(18, 1, 142692).
cost(18, 2, 289252).
cost(18, 3, 174382).
cost(18, 4, 373838).
cost(18, 5, 249209).
cost(18, 6, 1085267).
cost(18, 7, 361431).
cost(18, 8, 250383).
cost(18, 9, 222751).
cost(18, 10, 155200).
cost(18, 11, 91259).
cost(18, 12, 157014).
cost(18, 13, 258353).
cost(18, 14, 321945).
cost(18, 15, 192126).
cost(18, 16, 46570).
cost(18, 17, 451738).
cost(18, 19, 213953).
cost(18, 20, 630354).
cost(18, 21, 227442).
cost(18, 22, 592860).
cost(18, 23, 401345).
cost(18, 24, 86992).
cost(19, 1, 245343).
cost(19, 2, 193962).
cost(19, 3, 293090).
cost(19, 4, 173128).
cost(19, 5, 131331).
cost(19, 6, 873052).
cost(19, 7, 206364).
cost(19, 8, 307683).
cost(19, 9, 333725).
cost(19, 10, 322001).
cost(19, 11, 126458).
cost(19, 12, 194841).
cost(19, 13, 146167).
cost(19, 14, 361561).
cost(19, 15, 221988).
cost(19, 16, 175526).
cost(19, 17, 290285).
cost(19, 18, 213953).
cost(19, 20, 430437).
cost(19, 21, 356761).
cost(19, 22, 461258).
cost(19, 23, 302455).
cost(19, 24, 230732).
cost(20, 1, 673446).
cost(20, 2, 388096).
cost(20, 3, 720495).
cost(20, 4, 362290).
cost(20, 5, 394449).
cost(20, 6, 567099).
cost(20, 7, 467056).
cost(20, 8, 573825).
cost(20, 9, 757129).
cost(20, 10, 683559).
cost(20, 11, 552895).
cost(20, 12, 528851).
cost(20, 13, 391483).
cost(20, 14, 574698).
cost(20, 15, 524587).
cost(20, 16, 600045).
cost(20, 17, 470486).
cost(20, 18, 630354).
cost(20, 19, 430437).
cost(20, 21, 672892).
cost(20, 22, 280356).
cost(20, 23, 351356).
cost(20, 24, 610260).
cost(21, 1, 368140).
cost(21, 2, 285057).
cost(21, 3, 392246).
cost(21, 4, 528986).
cost(21, 5, 294008).
cost(21, 6, 1197159).
cost(21, 7, 551677).
cost(21, 8, 106664).
cost(21, 9, 437327).
cost(21, 10, 83510).
cost(21, 11, 284715).
cost(21, 12, 165555).
cost(21, 13, 291240).
cost(21, 14, 152718).
cost(21, 15, 153240).
cost(21, 16, 264134).
cost(21, 17, 640778).
cost(21, 18, 227442).
cost(21, 19, 356761).
cost(21, 20, 672892).
cost(21, 22, 535713).
cost(21, 23, 348684).
cost(21, 24, 147167).
cost(22, 1, 689521).
cost(22, 2, 303738).
cost(22, 3, 736329).
cost(22, 4, 498694).
cost(22, 5, 352241).
cost(22, 6, 836836).
cost(22, 7, 599901).
cost(22, 8, 429296).
cost(22, 9, 782314).
cost(22, 10, 578817).
cost(22, 11, 546978).
cost(22, 12, 445910).
cost(22, 13, 339959).
cost(22, 14, 397326).
cost(22, 15, 422141).
cost(22, 16, 581778).
cost(22, 17, 641542).
cost(22, 18, 592860).
cost(22, 19, 461258).
cost(22, 20, 280356).
cost(22, 21, 535713).
cost(22, 23, 195226).
cost(22, 24, 536694).
cost(23, 1, 508317).
cost(23, 2, 117073).
cost(23, 3, 553653).
cost(23, 4, 395763).
cost(23, 5, 175756).
cost(23, 6, 911638).
cost(23, 7, 480408).
cost(23, 8, 242382).
cost(23, 9, 601166).
cost(23, 10, 385192).
cost(23, 11, 364962).
cost(23, 12, 251164).
cost(23, 13, 161372).
cost(23, 14, 226967).
cost(23, 15, 226963).
cost(23, 16, 394699).
cost(23, 17, 543212).
cost(23, 18, 401345).
cost(23, 19, 302455).
cost(23, 20, 351356).
cost(23, 21, 348684).
cost(23, 22, 195226).
cost(23, 24, 341744).
cost(24, 1, 229412).
cost(24, 2, 239545).
cost(24, 3, 260900).
cost(24, 4, 402876).
cost(24, 5, 216151).
cost(24, 6, 1098352).
cost(24, 7, 411785).
cost(24, 8, 164450).
cost(24, 9, 308886).
cost(24, 10, 91955).
cost(24, 11, 138962).
cost(24, 12, 90921).
cost(24, 13, 220858).
cost(24, 14, 236009).
cost(24, 15, 117895).
cost(24, 16, 117696).
cost(24, 17, 501995).
cost(24, 18, 86992).
cost(24, 19, 230732).
cost(24, 20, 610260).
cost(24, 21, 147167).
cost(24, 22, 536694).
cost(24, 23, 341744).
