dimension(24).
point(1, 302023.0, 84870.0).
point(2, 515675.0, 137510.0).
point(3, -29676.0, -51557.0).
point(4, -212383.0, -123039.0).
point(5, -107733.0, -140546.0).
point(6, 245072.0, -295311.0).
point(7, 212955.0, 163160.0).
point(8, -388409.0, -91438.0).
point(9, 273526.0, -67003.0).
point(10, -73624.0, 228050.0).
point(11, 69289.0, 30875.0).
point(12, 195868.0, 330928.0).
point(13, -179923.0, 162422.0).
point(14, -25219.0, -208475.0).
point(15, 26378.0, -37185.0).
point(16, 26170.0, -8553.0).
point(17, -80310.0, 172820.0).
point(18, 78890.0, -331214.0).
point(19, 458440.0, -72448.0).
point(20, -243049.0, 225484.0).
point(21, -186280.0, -184173.0).
point(22, 199555.0, 259240.0).
point(23, 82322.0, 18519.0).
point(24, -216470.0, 221226.0).
cost(1, 2, 220041).
cost(1, 3, 358659).
cost(1, 4, 554833).
cost(1, 5, 467667).
cost(1, 6, 384423).
cost(1, 7, 118585).
cost(1, 8, 712587).
cost(1, 9, 154523).
cost(1, 10, 402009).
cost(1, 11, 238915).
cost(1, 12, 267980).
cost(1, 13, 488146).
cost(1, 14, 439475).
cost(1, 15, 301459).
cost(1, 16, 291243).
cost(1, 17, 392318).
cost(1, 18, 472138).
cost(1, 19, 221845).
cost(1, 20, 562917).
cost(1, 21, 557516).
cost(1, 22, 202249).
cost(1, 23, 229502).
cost(1, 24, 536123).
cost(2, 1, 220041).
cost(2, 3, 577195).
cost(2, 4, 773275).
cost(2, 5, 682607).
cost(2, 6, 510451).
cost(2, 7, 303805).
cost(2, 8, 932623).
cost(2, 9, 316957).
cost(2, 10, 596214).
cost(2, 11, 458946).
cost(2, 12, 373747).
cost(2, 13, 696044).
cost(2, 14, 642084).
cost(2, 15, 519548).
cost(2, 16, 510832).
cost(2, 17, 597030).
cost(2, 18, 640690).
cost(2, 19, 217619).
cost(2, 20, 763807).
cost(2, 21, 772153).
cost(2, 22, 338748).
cost(2, 23, 449393).
cost(2, 24, 736916).
cost(3, 1, 358659).
cost(3, 2, 577195).
cost(3, 4, 196193).
cost(3, 5, 118372).
cost(3, 6, 367291).
cost(3, 7, 323996).
cost(3, 8, 360943).
cost(3, 9, 303595).
cost(3, 10, 283040).
cost(3, 11, 128799).
cost(3, 12, 444033).
cost(3, 13, 261460).
cost(3, 14, 156981).
cost(3, 15, 57867).
cost(3, 16, 70485).
cost(3, 17, 230019).
cost(3, 18, 299991).
cost(3, 19, 488563).
cost(3, 20, 349685).
cost(3, 21, 205212).
cost(3, 22, 386189).
cost(3, 23, 132114).
cost(3, 24, 330609).
cost(4, 1, 554833).
cost(4, 2, 773275).
cost(4, 3, 196193).
cost(4, 5, 106104).
cost(4, 6, 488818).
cost(4, 7, 512662).
cost(4, 8, 178840).
cost(4, 9, 489129).
cost(4, 10, 377515).
cost(4, 11, 320981).
cost(4, 12, 610537).
cost(4, 13, 287301).
cost(4, 14, 205742).
cost(4, 15, 253728).
cost(4, 16, 264603).
cost(4, 17, 324000).
cost(4, 18, 358018).
cost(4, 19, 672728).
cost(4, 20, 349870).
cost(4, 21, 66474).
cost(4, 22, 561988).
cost(4, 23, 326940).
cost(4, 24, 344289).
cost(5, 1, 467667).
cost(5, 2, 682607).
cost(5, 3, 118372).
cost(5, 4, 106104).
cost(5, 6, 385258).
cost(5, 7, 441676).
cost(5, 8, 284940).
cost(5, 9, 388287).
cost(5, 10, 370171).
cost(5, 11, 246418).
cost(5, 12, 560768).
cost(5, 13, 311450).
cost(5, 14, 106878).
cost(5, 15, 169320).
cost(5, 16, 188022).
cost(5, 17, 314564).
cost(5, 18, 266800).
cost(5, 19, 570254).
cost(5, 20, 390241).
cost(5, 21, 89850).
cost(5, 22, 504237).
cost(5, 23, 247836).
cost(5, 24, 377760).
cost(6, 1, 384423).
cost(6, 2, 510451).
cost(6, 3, 367291).
cost(6, 4, 488818).
cost(6, 5, 385258).
cost(6, 7, 459595).
cost(6, 8, 665479).
cost(6, 9, 230074).
cost(6, 10, 612759).
cost(6, 11, 370536).
cost(6, 12, 628169).
cost(6, 13, 624612).
cost(6, 14, 283897).
cost(6, 15, 338314).
cost(6, 16, 360761).
cost(6, 17, 570105).
cost(6, 18, 170016).
cost(6, 19, 308535).
cost(6, 20, 713785).
cost(6, 21, 445439).
cost(6, 22, 556416).
cost(6, 23, 353521).
cost(6, 24, 692699).
cost(7, 1, 118585).
cost(7, 2, 303805).
cost(7, 3, 323996).
cost(7, 4, 512662).
cost(7, 5, 441676).
cost(7, 6, 459595).
cost(7, 8, 653038).
cost(7, 9, 238000).
cost(7, 10, 293834).
cost(7, 11, 195293).
cost(7, 12, 168636).
cost(7, 13, 392879).
cost(7, 14, 441406).
cost(7, 15, 273768).
cost(7, 16, 253720).
cost(7, 17, 293424).
cost(7, 18, 512230).
cost(7, 19, 340256).
cost(7, 20, 460243).
cost(7, 21, 529177).
cost(7, 22, 97010).
cost(7, 23, 194900).
cost(7, 24, 433333).
cost(8, 1, 712587).
cost(8, 2, 932623).
cost(8, 3, 360943).
cost(8, 4, 178840).
cost(8, 5, 284940).
cost(8, 6, 665479).
cost(8, 7, 653038).
cost(8, 9, 662386).
cost(8, 10, 448511).
cost(8, 11, 473759).
cost(8, 12, 720953).
cost(8, 13, 328499).
cost(8, 14, 381582).
cost(8, 15, 418320).
cost(8, 16, 422783).
cost(8, 17, 405903).
cost(8, 18, 525225).
cost(8, 19, 847062).
cost(8, 20, 348668).
cost(8, 21, 222387).
cost(8, 22, 684600).
cost(8, 23, 483403).
cost(8, 24, 356822).
cost(9, 1, 154523).
cost(9, 2, 316957).
cost(9, 3, 303595).
cost(9, 4, 489129).
cost(9, 5, 388287).
cost(9, 6, 230074).
cost(9, 7, 238000).
cost(9, 8, 662386).
cost(9, 10, 455598).
cost(9, 11, 226479).
cost(9, 12, 405438).
cost(9, 13, 508185).
cost(9, 14, 330549).
cost(9, 15, 248940).
cost(9, 16, 254168).
cost(9, 17, 427452).
cost(9, 18, 328162).
cost(9, 19, 184994).
cost(9, 20, 593632).
cost(9, 21, 474500).
cost(9, 22, 334524).
cost(9, 23, 209459).
cost(9, 24, 568482).
cost(10, 1, 402009).
cost(10, 2, 596214).
cost(10, 3, 283040).
cost(10, 4, 377515).
cost(10, 5, 370171).
cost(10, 6, 612759).
cost(10, 7, 293834).
cost(10, 8, 448511).
cost(10, 9, 455598).
cost(10, 11, 243520).
cost(10, 12, 288461).
cost(10, 13, 124926).
cost(10, 14, 439201).
cost(10, 15, 283461).
cost(10, 16, 256788).
cost(10, 17, 55633).
cost(10, 18, 579687).
cost(10, 19, 611057).
cost(10, 20, 169444).
cost(10, 21, 427340).
cost(10, 22, 274954).
cost(10, 23, 261194).
cost(10, 24, 143009).
cost(11, 1, 238915).
cost(11, 2, 458946).
cost(11, 3, 128799).
cost(11, 4, 320981).
cost(11, 5, 246418).
cost(11, 6, 370536).
cost(11, 7, 195293).
cost(11, 8, 473759).
cost(11, 9, 226479).
cost(11, 10, 243520).
cost(11, 12, 325659).
cost(11, 13, 281800).
cost(11, 14, 257333).
cost(11, 15, 80458).
cost(11, 16, 58428).
cost(11, 17, 206224).
cost(11, 18, 362216).
cost(11, 19, 402634).
cost(11, 20, 368005).
cost(11, 21, 334008).
cost(11, 22, 262906).
cost(11, 23, 17959).
cost(11, 24, 343354).
cost(12, 1, 267980).
cost(12, 2, 373747).
cost(12, 3, 444033).
cost(12, 4, 610537).
cost(12, 5, 560768).
cost(12, 6, 628169).
cost(12, 7, 168636).
cost(12, 8, 720953).
cost(12, 9, 405438).
cost(12, 10, 288461).
cost(12, 11, 325659).
cost(12, 13, 411841).
cost(12, 14, 582954).
cost(12, 15, 405258).
cost(12, 16, 379532).
cost(12, 17, 318233).
cost(12, 18, 672396).
cost(12, 19, 481307).
cost(12, 20, 451405).
cost(12, 21, 641378).
cost(12, 22, 71783).
cost(12, 23, 332403).
cost(12, 24, 426682).
cost(13, 1, 488146).
cost(13, 2, 696044).
cost(13, 3, 261460).
cost(13, 4, 287301).
cost(13, 5, 311450).
cost(13, 6, 624612).
cost(13, 7, 392879).
cost(13, 8, 328499).
cost(13, 9, 508185).
cost(13, 10, 124926).
cost(13, 11, 281800).
cost(13, 12, 411841).
cost(13, 14, 401868).
cost(13, 15, 287059).
cost(13, 16, 267781).
cost(13, 17, 100154).
cost(13, 18, 557369).
cost(13, 19, 680199).
cost(13, 20, 89228).
cost(13, 21, 346653).
cost(13, 22, 391634).
cost(13, 23, 299133).
cost(13, 24, 69236).
cost(14, 1, 439475).
cost(14, 2, 642084).
cost(14, 3, 156981).
cost(14, 4, 205742).
cost(14, 5, 106878).
cost(14, 6, 283897).
cost(14, 7, 441406).
cost(14, 8, 381582).
cost(14, 9, 330549).
cost(14, 10, 439201).
cost(14, 11, 257333).
cost(14, 12, 582954).
cost(14, 13, 401868).
cost(14, 15, 178892).
cost(14, 16, 206421).
cost(14, 17, 385254).
cost(14, 18, 160946).
cost(14, 19, 502423).
cost(14, 20, 485562).
cost(14, 21, 162884).
cost(14, 22, 518923).
cost(14, 23, 251180).
cost(14, 24, 470340).
cost(15, 1, 301459).
cost(15, 2, 519548).
cost(15, 3, 57867).
cost(15, 4, 253728).
cost(15, 5, 169320).
cost(15, 6, 338314).
cost(15, 7, 273768).
cost(15, 8, 418320).
cost(15, 9, 248940).
cost(15, 10, 283461).
cost(15, 11, 80458).
cost(15, 12, 405258).
cost(15, 13, 287059).
cost(15, 14, 178892).
cost(15, 16, 28633).
cost(15, 17, 235551).
cost(15, 18, 298681).
cost(15, 19, 433499).
cost(15, 20, 376279).
cost(15, 21, 258513).
cost(15, 22, 343305).
cost(15, 23, 78947).
cost(15, 24, 354614).
cost(16, 1, 291243).
cost(16, 2, 510832).
cost(16, 3, 70485).
cost(16, 4, 264603).
cost(16, 5, 188022).
cost(16, 6, 360761).
cost(16, 7, 253720).
cost(16, 8, 422783).
cost(16, 9, 254168).
cost(16, 10, 256788).
cost(16, 11, 58428).
cost(16, 12, 379532).
cost(16, 13, 267781).
cost(16, 14, 206421).
cost(16, 15, 28633).
cost(16, 17, 210319).
cost(16, 18, 326940).
cost(16, 19, 436967).
cost(16, 20, 356724).
cost(16, 21, 275640).
cost(16, 22, 319023).
cost(16, 23, 62337).
cost(16, 24, 334174).
cost(17, 1, 392318).
cost(17, 2, 597030).
cost(17, 3, 230019).
cost(17, 4, 324000).
cost(17, 5, 314564).
cost(17, 6, 570105).
cost(17, 7, 293424).
cost(17, 8, 405903).
cost(17, 9, 427452).
cost(17, 10, 55633).
cost(17, 11, 206224).
cost(17, 12, 318233).
cost(17, 13, 100154).
cost(17, 14, 385254).
cost(17, 15, 235551).
cost(17, 16, 210319).
cost(17, 18, 528578).
cost(17, 19, 591953).
cost(17, 20, 171048).
cost(17, 21, 372389).
cost(17, 22, 292904).
cost(17, 23, 224183).
cost(17, 24, 144508).
cost(18, 1, 472138).
cost(18, 2, 640690).
cost(18, 3, 299991).
cost(18, 4, 358018).
cost(18, 5, 266800).
cost(18, 6, 170016).
cost(18, 7, 512230).
cost(18, 8, 525225).
cost(18, 9, 328162).
cost(18, 10, 579687).
cost(18, 11, 362216).
cost(18, 12, 672396).
cost(18, 13, 557369).
cost(18, 14, 160946).
cost(18, 15, 298681).
cost(18, 16, 326940).
cost(18, 17, 528578).
cost(18, 19, 459367).
cost(18, 20, 643084).
cost(18, 21, 303210).
cost(18, 22, 602657).
cost(18, 23, 349750).
cost(18, 24, 626440).
cost(19, 1, 221845).
cost(19, 2, 217619).
cost(19, 3, 488563).
cost(19, 4, 672728).
cost(19, 5, 570254).
cost(19, 6, 308535).
cost(19, 7, 340256).
cost(19, 8, 847062).
cost(19, 9, 184994).
cost(19, 10, 611057).
cost(19, 11, 402634).
cost(19, 12, 481307).
cost(19, 13, 680199).
cost(19, 14, 502423).
cost(19, 15, 433499).
cost(19, 16, 436967).
cost(19, 17, 591953).
cost(19, 18, 459367).
cost(19, 20, 762135).
cost(19, 21, 654329).
cost(19, 22, 420759).
cost(19, 23, 386962).
cost(19, 24, 736035).
cost(20, 1, 562917).
cost(20, 2, 763807).
cost(20, 3, 349685).
cost(20, 4, 349870).
cost(20, 5, 390241).
cost(20, 6, 713785).
cost(20, 7, 460243).
cost(20, 8, 348668).
cost(20, 9, 593632).
cost(20, 10, 169444).
cost(20, 11, 368005).
cost(20, 12, 451405).
cost(20, 13, 89228).
cost(20, 14, 485562).
cost(20, 15, 376279).
cost(20, 16, 356724).
cost(20, 17, 171048).
cost(20, 18, 643084).
cost(20, 19, 762135).
cost(20, 21, 413572).
cost(20, 22, 443889).
cost(20, 23, 385617).
cost(20, 24, 26918).
cost(21, 1, 557516).
cost(21, 2, 772153).
cost(21, 3, 205212).
cost(21, 4, 66474).
cost(21, 5, 89850).
cost(21, 6, 445439).
cost(21, 7, 529177).
cost(21, 8, 222387).
cost(21, 9, 474500).
cost(21, 10, 427340).
cost(21, 11, 334008).
cost(21, 12, 641378).
cost(21, 13, 346653).
cost(21, 14, 162884).
cost(21, 15, 258513).
cost(21, 16, 275640).
cost(21, 17, 372389).
cost(21, 18, 303210).
cost(21, 19, 654329).
cost(21, 20, 413572).
cost(21, 22, 587779).
cost(21, 23, 336498).
cost(21, 24, 406522).
cost(22, 1, 202249).
cost(22, 2, 338748).
cost(22, 3, 386189).
cost(22, 4, 561988).
cost(22, 5, 504237).
cost(22, 6, 556416).
cost(22, 7, 97010).
cost(22, 8, 684600).
cost(22, 9, 334524).
cost(22, 10, 274954).
cost(22, 11, 262906).
cost(22, 12, 71783).
cost(22, 13, 391634).
cost(22, 14, 518923).
cost(22, 15, 343305).
cost(22, 16, 319023).
cost(22, 17, 292904).
cost(22, 18, 602657).
cost(22, 19, 420759).
cost(22, 20, 443889).
cost(22, 21, 587779).
cost(22, 23, 267750).
cost(22, 24, 417758).
cost(23, 1, 229502).
cost(23, 2, 449393).
cost(23, 3, 132114).
cost(23, 4, 326940).
cost(23, 5, 247836).
cost(23, 6, 353521).
cost(23, 7, 194900).
cost(23, 8, 483403).
cost(23, 9, 209459).
cost(23, 10, 261194).
cost(23, 11, 17959).
cost(23, 12, 332403).
cost(23, 13, 299133).
cost(23, 14, 251180).
cost(23, 15, 78947).
cost(23, 16, 62337).
cost(23, 17, 224183).
cost(23, 18, 349750).
cost(23, 19, 386962).
cost(23, 20, 385617).
cost(23, 21, 336498).
cost(23, 22, 267750).
cost(23, 24, 361063).
cost(24, 1, 536123).
cost(24, 2, 736916).
cost(24, 3, 330609).
cost(24, 4, 344289).
cost(24, 5, 377760).
cost(24, 6, 692699).
cost(24, 7, 433333).
cost(24, 8, 356822).
cost(24, 9, 568482).
cost(24, 10, 143009).
cost(24, 11, 343354).
cost(24, 12, 426682).
cost(24, 13, 69236).
cost(24, 14, 470340).
cost(24, 15, 354614).
cost(24, 16, 334174).
cost(24, 17, 144508).
cost(24, 18, 626440).
cost(24, 19, 736035).
cost(24, 20, 26918).
cost(24, 21, 406522).
cost(24, 22, 417758).
cost(24, 23, 361063).
