dimension(24).
point(1, -75654.0, 160422.0).
point(2, 64403.0, -138135.0).
point(3, 175463.0, 10345.0).
point(4, 99170.0, 216877.0).
point(5, -126200.0, 144221.0).
point(6, 65224.0, -100882.0).
point(7, 273943.0, 458701.0).
point(8, 155516.0, -188277.0).
point(9, -101686.0, -141454.0).
point(10, 52878.0, -284919.0).
point(11, 127768.0, -67621.0).
point(12, -155126.0, 107092.0).
point(13, -189225.0, -285706.0).
point(14, 3288.0, 29534.0).
point(15, 132447.0, 292118.0).
point(16, -101095.0, -26197.0).
point(17, 131241.0, -282479.0).
point(18, 7503.0, -28596.0).
point(19, 109750.0, 116534.0).
point(20, 134192.0, 160136.0).
point(21, -368879.0, 50127.0).
point(22, -37424.0, -200295.0).
point(23, -564713.0, -78463.0).
point(24, 45689.0, -12850.0).
cost(1, 2, 329776).
cost(1, 3, 292545).
cost(1, 4, 183713).
cost(1, 5, 53079).
cost(1, 6, 296861).
cost(1, 7, 459552).
cost(1, 8, 418367).
cost(1, 9, 302996).
cost(1, 10, 463518).
cost(1, 11, 305588).
cost(1, 12, 95707).
cost(1, 13, 460357).
cost(1, 14, 152851).
cost(1, 15, 246272).
cost(1, 16, 188345).
cost(1, 17, 488842).
cost(1, 18, 206502).
cost(1, 19, 190528).
cost(1, 20, 209846).
cost(1, 21, 313282).
cost(1, 22, 362737).
cost(1, 23, 544284).
cost(1, 24, 211536).
cost(2, 1, 329776).
cost(2, 3, 185420).
cost(2, 4, 356710).
cost(2, 5, 340668).
cost(2, 6, 37262).
cost(2, 7, 632551).
cost(2, 8, 103999).
cost(2, 9, 166122).
cost(2, 10, 147236).
cost(2, 11, 94802).
cost(2, 12, 329134).
cost(2, 13, 293435).
cost(2, 14, 178460).
cost(2, 15, 435600).
cost(2, 16, 199799).
cost(2, 17, 159068).
cost(2, 18, 123436).
cost(2, 19, 258675).
cost(2, 20, 306327).
cost(2, 21, 472415).
cost(2, 22, 119300).
cost(2, 23, 631940).
cost(2, 24, 126675).
cost(3, 1, 292545).
cost(3, 2, 185420).
cost(3, 4, 220173).
cost(3, 5, 330035).
cost(3, 6, 156602).
cost(3, 7, 459044).
cost(3, 8, 199621).
cost(3, 9, 315998).
cost(3, 10, 319700).
cost(3, 11, 91398).
cost(3, 12, 344455).
cost(3, 13, 469727).
cost(3, 14, 173241).
cost(3, 15, 285038).
cost(3, 16, 278962).
cost(3, 17, 296144).
cost(3, 18, 172415).
cost(3, 19, 124877).
cost(3, 20, 155373).
cost(3, 21, 545794).
cost(3, 22, 299483).
cost(3, 23, 745485).
cost(3, 24, 131831).
cost(4, 1, 183713).
cost(4, 2, 356710).
cost(4, 3, 220173).
cost(4, 5, 236792).
cost(4, 6, 319567).
cost(4, 7, 298370).
cost(4, 8, 409053).
cost(4, 9, 410785).
cost(4, 10, 503927).
cost(4, 11, 285932).
cost(4, 12, 276982).
cost(4, 13, 579449).
cost(4, 14, 210454).
cost(4, 15, 82271).
cost(4, 16, 314946).
cost(4, 17, 500385).
cost(4, 18, 262030).
cost(4, 19, 100899).
cost(4, 20, 66679).
cost(4, 21, 496866).
cost(4, 22, 438965).
cost(4, 23, 726613).
cost(4, 24, 235870).
cost(5, 1, 53079).
cost(5, 2, 340668).
cost(5, 3, 330035).
cost(5, 4, 236792).
cost(5, 6, 310996).
cost(5, 7, 508932).
cost(5, 8, 435797).
cost(5, 9, 286725).
cost(5, 10, 465005).
cost(5, 11, 330722).
cost(5, 12, 47067).
cost(5, 13, 434522).
cost(5, 14, 172975).
cost(5, 15, 297946).
cost(5, 16, 172257).
cost(5, 17, 498346).
cost(5, 18, 218500).
cost(5, 19, 237569).
cost(5, 20, 260878).
cost(5, 21, 260282).
cost(5, 22, 355770).
cost(5, 23, 491815).
cost(5, 24, 232846).
cost(6, 1, 296861).
cost(6, 2, 37262).
cost(6, 3, 156602).
cost(6, 4, 319567).
cost(6, 5, 310996).
cost(6, 7, 597241).
cost(6, 8, 125660).
cost(6, 9, 171770).
cost(6, 10, 184451).
cost(6, 11, 70838).
cost(6, 12, 302997).
cost(6, 13, 314490).
cost(6, 14, 144376).
cost(6, 15, 398708).
cost(6, 16, 182318).
cost(6, 17, 193225).
cost(6, 18, 92504).
cost(6, 19, 221929).
cost(6, 20, 269976).
cost(6, 21, 459618).
cost(6, 22, 142897).
cost(6, 23, 630336).
cost(6, 24, 90173).
cost(7, 1, 459552).
cost(7, 2, 632551).
cost(7, 3, 459044).
cost(7, 4, 298370).
cost(7, 5, 508932).
cost(7, 6, 597241).
cost(7, 8, 657728).
cost(7, 9, 708014).
cost(7, 10, 775784).
cost(7, 11, 546244).
cost(7, 12, 554733).
cost(7, 13, 876736).
cost(7, 14, 507384).
cost(7, 15, 218566).
cost(7, 16, 613009).
cost(7, 17, 754792).
cost(7, 18, 555382).
cost(7, 19, 379523).
cost(7, 20, 329653).
cost(7, 21, 761678).
cost(7, 22, 728852).
cost(7, 23, 995936).
cost(7, 24, 523890).
cost(8, 1, 418367).
cost(8, 2, 103999).
cost(8, 3, 199621).
cost(8, 4, 409053).
cost(8, 5, 435797).
cost(8, 6, 125660).
cost(8, 7, 657728).
cost(8, 9, 261429).
cost(8, 10, 140976).
cost(8, 11, 123806).
cost(8, 12, 428651).
cost(8, 13, 358244).
cost(8, 14, 265735).
cost(8, 15, 480949).
cost(8, 16, 303511).
cost(8, 17, 97279).
cost(8, 18, 217729).
cost(8, 19, 308228).
cost(8, 20, 349065).
cost(8, 21, 576044).
cost(8, 22, 193314).
cost(8, 23, 728553).
cost(8, 24, 206970).
cost(9, 1, 302996).
cost(9, 2, 166122).
cost(9, 3, 315998).
cost(9, 4, 410785).
cost(9, 5, 286725).
cost(9, 6, 171770).
cost(9, 7, 708014).
cost(9, 8, 261429).
cost(9, 10, 210884).
cost(9, 11, 241040).
cost(9, 12, 254226).
cost(9, 13, 168736).
cost(9, 14, 200640).
cost(9, 15, 492750).
cost(9, 16, 115259).
cost(9, 17, 272292).
cost(9, 18, 157032).
cost(9, 19, 333561).
cost(9, 20, 382877).
cost(9, 21, 328779).
cost(9, 22, 87131).
cost(9, 23, 467292).
cost(9, 24, 195597).
cost(10, 1, 463518).
cost(10, 2, 147236).
cost(10, 3, 319700).
cost(10, 4, 503927).
cost(10, 5, 465005).
cost(10, 6, 184451).
cost(10, 7, 775784).
cost(10, 8, 140976).
cost(10, 9, 210884).
cost(10, 11, 229841).
cost(10, 12, 443777).
cost(10, 13, 242104).
cost(10, 14, 318339).
cost(10, 15, 582497).
cost(10, 16, 301073).
cost(10, 17, 78401).
cost(10, 18, 260308).
cost(10, 19, 405461).
cost(10, 20, 452422).
cost(10, 21, 538642).
cost(10, 22, 123757).
cost(10, 23, 651186).
cost(10, 24, 272164).
cost(11, 1, 305588).
cost(11, 2, 94802).
cost(11, 3, 91398).
cost(11, 4, 285932).
cost(11, 5, 330722).
cost(11, 6, 70838).
cost(11, 7, 546244).
cost(11, 8, 123806).
cost(11, 9, 241040).
cost(11, 10, 229841).
cost(11, 12, 332496).
cost(11, 13, 384767).
cost(11, 14, 157906).
cost(11, 15, 359769).
cost(11, 16, 232582).
cost(11, 17, 214886).
cost(11, 18, 126438).
cost(11, 19, 185034).
cost(11, 20, 227848).
cost(11, 21, 510414).
cost(11, 22, 211874).
cost(11, 23, 692566).
cost(11, 24, 98675).
cost(12, 1, 95707).
cost(12, 2, 329134).
cost(12, 3, 344455).
cost(12, 4, 276982).
cost(12, 5, 47067).
cost(12, 6, 302997).
cost(12, 7, 554733).
cost(12, 8, 428651).
cost(12, 9, 254226).
cost(12, 10, 443777).
cost(12, 11, 332496).
cost(12, 13, 394275).
cost(12, 14, 176381).
cost(12, 15, 341954).
cost(12, 16, 143824).
cost(12, 17, 483499).
cost(12, 18, 211800).
cost(12, 19, 265044).
cost(12, 20, 294140).
cost(12, 21, 221213).
cost(12, 22, 329151).
cost(12, 23, 449658).
cost(12, 24, 233908).
cost(13, 1, 460357).
cost(13, 2, 293435).
cost(13, 3, 469727).
cost(13, 4, 579449).
cost(13, 5, 434522).
cost(13, 6, 314490).
cost(13, 7, 876736).
cost(13, 8, 358244).
cost(13, 9, 168736).
cost(13, 10, 242104).
cost(13, 11, 384767).
cost(13, 12, 394275).
cost(13, 14, 369374).
cost(13, 15, 661327).
cost(13, 16, 274065).
cost(13, 17, 320482).
cost(13, 18, 323740).
cost(13, 19, 501182).
cost(13, 20, 550794).
cost(13, 21, 380867).
cost(13, 22, 174180).
cost(13, 23, 428883).
cost(13, 24, 360049).
cost(14, 1, 152851).
cost(14, 2, 178460).
cost(14, 3, 173241).
cost(14, 4, 210454).
cost(14, 5, 172975).
cost(14, 6, 144376).
cost(14, 7, 507384).
cost(14, 8, 265735).
cost(14, 9, 200640).
cost(14, 10, 318339).
cost(14, 11, 157906).
cost(14, 12, 176381).
cost(14, 13, 369374).
cost(14, 15, 292630).
cost(14, 16, 118329).
cost(14, 17, 337230).
cost(14, 18, 58283).
cost(14, 19, 137489).
cost(14, 20, 184913).
cost(14, 21, 372736).
cost(14, 22, 233407).
cost(14, 23, 578177).
cost(14, 24, 59952).
cost(15, 1, 246272).
cost(15, 2, 435600).
cost(15, 3, 285038).
cost(15, 4, 82271).
cost(15, 5, 297946).
cost(15, 6, 398708).
cost(15, 7, 218566).
cost(15, 8, 480949).
cost(15, 9, 492750).
cost(15, 10, 582497).
cost(15, 11, 359769).
cost(15, 12, 341954).
cost(15, 13, 661327).
cost(15, 14, 292630).
cost(15, 16, 394799).
cost(15, 17, 574598).
cost(15, 18, 344192).
cost(15, 19, 177045).
cost(15, 20, 131994).
cost(15, 21, 556675).
cost(15, 22, 520890).
cost(15, 23, 789533).
cost(15, 24, 317068).
cost(16, 1, 188345).
cost(16, 2, 199799).
cost(16, 3, 278962).
cost(16, 4, 314946).
cost(16, 5, 172257).
cost(16, 6, 182318).
cost(16, 7, 613009).
cost(16, 8, 303511).
cost(16, 9, 115259).
cost(16, 10, 301073).
cost(16, 11, 232582).
cost(16, 12, 143824).
cost(16, 13, 274065).
cost(16, 14, 118329).
cost(16, 15, 394799).
cost(16, 17, 345920).
cost(16, 18, 108624).
cost(16, 19, 254613).
cost(16, 20, 300133).
cost(16, 21, 278449).
cost(16, 22, 185376).
cost(16, 23, 466555).
cost(16, 24, 147390).
cost(17, 1, 488842).
cost(17, 2, 159068).
cost(17, 3, 296144).
cost(17, 4, 500385).
cost(17, 5, 498346).
cost(17, 6, 193225).
cost(17, 7, 754792).
cost(17, 8, 97279).
cost(17, 9, 272292).
cost(17, 10, 78401).
cost(17, 11, 214886).
cost(17, 12, 483499).
cost(17, 13, 320482).
cost(17, 14, 337230).
cost(17, 15, 574598).
cost(17, 16, 345920).
cost(17, 18, 282432).
cost(17, 19, 399591).
cost(17, 20, 442625).
cost(17, 21, 600622).
cost(17, 22, 187622).
cost(17, 23, 725241).
cost(17, 24, 282876).
cost(18, 1, 206502).
cost(18, 2, 123436).
cost(18, 3, 172415).
cost(18, 4, 262030).
cost(18, 5, 218500).
cost(18, 6, 92504).
cost(18, 7, 555382).
cost(18, 8, 217729).
cost(18, 9, 157032).
cost(18, 10, 260308).
cost(18, 11, 126438).
cost(18, 12, 211800).
cost(18, 13, 323740).
cost(18, 14, 58283).
cost(18, 15, 344192).
cost(18, 16, 108624).
cost(18, 17, 282432).
cost(18, 19, 177531).
cost(18, 20, 227310).
cost(18, 21, 384527).
cost(18, 22, 177480).
cost(18, 23, 574385).
cost(18, 24, 41305).
cost(19, 1, 190528).
cost(19, 2, 258675).
cost(19, 3, 124877).
cost(19, 4, 100899).
cost(19, 5, 237569).
cost(19, 6, 221929).
cost(19, 7, 379523).
cost(19, 8, 308228).
cost(19, 9, 333561).
cost(19, 10, 405461).
cost(19, 11, 185034).
cost(19, 12, 265044).
cost(19, 13, 501182).
cost(19, 14, 137489).
cost(19, 15, 177045).
cost(19, 16, 254613).
cost(19, 17, 399591).
cost(19, 18, 177531).
cost(19, 20, 49985).
cost(19, 21, 483214).
cost(19, 22, 349343).
cost(19, 23, 702086).
cost(19, 24, 144375).
cost(20, 1, 209846).
cost(20, 2, 306327).
cost(20, 3, 155373).
cost(20, 4, 66679).
cost(20, 5, 260878).
cost(20, 6, 269976).
cost(20, 7, 329653).
cost(20, 8, 349065).
cost(20, 9, 382877).
cost(20, 10, 452422).
cost(20, 11, 227848).
cost(20, 12, 294140).
cost(20, 13, 550794).
cost(20, 14, 184913).
cost(20, 15, 131994).
cost(20, 16, 300133).
cost(20, 17, 442625).
cost(20, 18, 227310).
cost(20, 19, 49985).
cost(20, 21, 514959).
cost(20, 22, 399202).
cost(20, 23, 738510).
cost(20, 24, 194311).
cost(21, 1, 313282).
cost(21, 2, 472415).
cost(21, 3, 545794).
cost(21, 4, 496866).
cost(21, 5, 260282).
cost(21, 6, 459618).
cost(21, 7, 761678).
cost(21, 8, 576044).
cost(21, 9, 328779).
cost(21, 10, 538642).
cost(21, 11, 510414).
cost(21, 12, 221213).
cost(21, 13, 380867).
cost(21, 14, 372736).
cost(21, 15, 556675).
cost(21, 16, 278449).
cost(21, 17, 600622).
cost(21, 18, 384527).
cost(21, 19, 483214).
cost(21, 20, 514959).
cost(21, 22, 415420).
cost(21, 23, 234278).
cost(21, 24, 419324).
cost(22, 1, 362737).
cost(22, 2, 119300).
cost(22, 3, 299483).
cost(22, 4, 438965).
cost(22, 5, 355770).
cost(22, 6, 142897).
cost(22, 7, 728852).
cost(22, 8, 193314).
cost(22, 9, 87131).
cost(22, 10, 123757).
cost(22, 11, 211874).
cost(22, 12, 329151).
cost(22, 13, 174180).
cost(22, 14, 233407).
cost(22, 15, 520890).
cost(22, 16, 185376).
cost(22, 17, 187622).
cost(22, 18, 177480).
cost(22, 19, 349343).
cost(22, 20, 399202).
cost(22, 21, 415420).
cost(22, 23, 541181).
cost(22, 24, 205045).
cost(23, 1, 544284).
cost(23, 2, 631940).
cost(23, 3, 745485).
cost(23, 4, 726613).
cost(23, 5, 491815).
cost(23, 6, 630336).
cost(23, 7, 995936).
cost(23, 8, 728553).
cost(23, 9, 467292).
cost(23, 10, 651186).
cost(23, 11, 692566).
cost(23, 12, 449658).
cost(23, 13, 428883).
cost(23, 14, 578177).
cost(23, 15, 789533).
cost(23, 16, 466555).
cost(23, 17, 725241).
cost(23, 18, 574385).
cost(23, 19, 702086).
cost(23, 20, 738510).
cost(23, 21, 234278).
cost(23, 22, 541181).
cost(23, 24, 613918).
cost(24, 1, 211536).
cost(24, 2, 126675).
cost(24, 3, 131831).
cost(24, 4, 235870).
cost(24, 5, 232846).
cost(24, 6, 90173).
cost(24, 7, 523890).
cost(24, 8, 206970).
cost(24, 9, 195597).
cost(24, 10, 272164).
cost(24, 11, 98675).
cost(24, 12, 233908).
cost(24, 13, 360049).
cost(24, 14, 59952).
cost(24, 15, 317068).
cost(24, 16, 147390).
cost(24, 17, 282876).
cost(24, 18, 41305).
cost(24, 19, 144375).
cost(24, 20, 194311).
cost(24, 21, 419324).
cost(24, 22, 205045).
cost(24, 23, 613918).
