dimension(24).
point(1, -137508.0, -280571.0).
point(2, -99666.0, -116869.0).
point(3, -44649.0, 37149.0).
point(4, -15352.0, -88356.0).
point(5, -329990.0, 98077.0).
point(6, -134661.0, -215067.0).
point(7, -281722.0, 79469.0).
point(8, 183305.0, 224382.0).
point(9, 229983.0, -116917.0).
point(10, -120847.0, -124428.0).
point(11, 37187.0, 97422.0).
point(12, -115871.0, -34760.0).
point(13, 23904.0, -7321.0).
point(14, -239731.0, 365557.0).
point(15, -75321.0, 69188.0).
point(16, -100586.0, -1209.0).
point(17, -34977.0, 12639.0).
point(18, -186960.0, 197621.0).
point(19, 2203.0, 242096.0).
point(20, 6945.0, -258635.0).
point(21, 89952.0, 181706.0).
point(22, 12447.0, 84212.0).
point(23, 265905.0, 15792.0).
point(24, 142231.0, -45368.0).
cost(1, 2, 168019).
cost(1, 3, 331012).
cost(1, 4, 227747).
cost(1, 5, 424763).
cost(1, 6, 65566).
cost(1, 7, 387849).
cost(1, 8, 598246).
cost(1, 9, 402284).
cost(1, 10, 157029).
cost(1, 11, 416410).
cost(1, 12, 246761).
cost(1, 13, 317363).
cost(1, 14, 654164).
cost(1, 15, 355244).
cost(1, 16, 281791).
cost(1, 17, 310620).
cost(1, 18, 480742).
cost(1, 19, 541018).
cost(1, 20, 146109).
cost(1, 21, 515207).
cost(1, 22, 394402).
cost(1, 23, 500573).
cost(1, 24, 365478).
cost(2, 1, 168019).
cost(2, 3, 163549).
cost(2, 4, 89005).
cost(2, 5, 315041).
cost(2, 6, 104247).
cost(2, 7, 267755).
cost(2, 8, 443311).
cost(2, 9, 329649).
cost(2, 10, 22489).
cost(2, 11, 254262).
cost(2, 12, 83693).
cost(2, 13, 165137).
cost(2, 14, 502348).
cost(2, 15, 187643).
cost(2, 16, 115664).
cost(2, 17, 144765).
cost(2, 18, 326380).
cost(2, 19, 373140).
cost(2, 20, 177380).
cost(2, 21, 353698).
cost(2, 22, 230224).
cost(2, 23, 388897).
cost(2, 24, 252243).
cost(3, 1, 331012).
cost(3, 2, 163549).
cost(3, 4, 128879).
cost(3, 5, 291773).
cost(3, 6, 267797).
cost(3, 7, 240821).
cost(3, 8, 294990).
cost(3, 9, 314895).
cost(3, 10, 178643).
cost(3, 11, 101636).
cost(3, 12, 101210).
cost(3, 13, 81713).
cost(3, 14, 381980).
cost(3, 15, 44354).
cost(3, 16, 67825).
cost(3, 17, 26349).
cost(3, 18, 214485).
cost(3, 19, 210234).
cost(3, 20, 300250).
cost(3, 21, 197520).
cost(3, 22, 73992).
cost(3, 23, 311288).
cost(3, 24, 204287).
cost(4, 1, 227747).
cost(4, 2, 89005).
cost(4, 3, 128879).
cost(4, 5, 365724).
cost(4, 6, 174041).
cost(4, 7, 314830).
cost(4, 8, 370499).
cost(4, 9, 246992).
cost(4, 10, 111492).
cost(4, 11, 193064).
cost(4, 12, 113915).
cost(4, 13, 90043).
cost(4, 14, 506343).
cost(4, 15, 168572).
cost(4, 16, 121899).
cost(4, 17, 102884).
cost(4, 18, 333515).
cost(4, 19, 330918).
cost(4, 20, 171733).
cost(4, 21, 289866).
cost(4, 22, 174793).
cost(4, 23, 299920).
cost(4, 24, 163341).
cost(5, 1, 424763).
cost(5, 2, 315041).
cost(5, 3, 291773).
cost(5, 4, 365724).
cost(5, 6, 369070).
cost(5, 7, 51731).
cost(5, 8, 528606).
cost(5, 9, 599827).
cost(5, 10, 305367).
cost(5, 11, 367178).
cost(5, 12, 251977).
cost(5, 13, 369256).
cost(5, 14, 282298).
cost(5, 15, 256302).
cost(5, 16, 249968).
cost(5, 17, 307136).
cost(5, 18, 174260).
cost(5, 19, 362069).
cost(5, 20, 490682).
cost(5, 21, 428188).
cost(5, 22, 342718).
cost(5, 23, 601549).
cost(5, 24, 493527).
cost(6, 1, 65566).
cost(6, 2, 104247).
cost(6, 3, 267797).
cost(6, 4, 174041).
cost(6, 5, 369070).
cost(6, 7, 329209).
cost(6, 8, 542418).
cost(6, 9, 377622).
cost(6, 10, 91686).
cost(6, 11, 356625).
cost(6, 12, 181283).
cost(6, 13, 261345).
cost(6, 14, 590054).
cost(6, 15, 290383).
cost(6, 16, 216556).
cost(6, 17, 248570).
cost(6, 18, 415989).
cost(6, 19, 477210).
cost(6, 20, 148157).
cost(6, 21, 455938).
cost(6, 22, 333480).
cost(6, 23, 462330).
cost(6, 24, 324757).
cost(7, 1, 387849).
cost(7, 2, 267755).
cost(7, 3, 240821).
cost(7, 4, 314830).
cost(7, 5, 51731).
cost(7, 6, 329209).
cost(7, 8, 487083).
cost(7, 9, 548096).
cost(7, 10, 259721).
cost(7, 11, 319414).
cost(7, 12, 201382).
cost(7, 13, 317710).
cost(7, 14, 289153).
cost(7, 15, 206657).
cost(7, 16, 198291).
cost(7, 17, 255635).
cost(7, 18, 151459).
cost(7, 19, 327202).
cost(7, 20, 444571).
cost(7, 21, 385479).
cost(7, 22, 294207).
cost(7, 23, 551317).
cost(7, 24, 441951).
cost(8, 1, 598246).
cost(8, 2, 443311).
cost(8, 3, 294990).
cost(8, 4, 370499).
cost(8, 5, 528606).
cost(8, 6, 542418).
cost(8, 7, 487083).
cost(8, 9, 344476).
cost(8, 10, 462792).
cost(8, 11, 193570).
cost(8, 12, 395804).
cost(8, 13, 281238).
cost(8, 14, 445971).
cost(8, 15, 301617).
cost(8, 16, 362609).
cost(8, 17, 304109).
cost(8, 18, 371231).
cost(8, 19, 181966).
cost(8, 20, 514206).
cost(8, 21, 102645).
cost(8, 22, 220998).
cost(8, 23, 224349).
cost(8, 24, 272859).
cost(9, 1, 402284).
cost(9, 2, 329649).
cost(9, 3, 314895).
cost(9, 4, 246992).
cost(9, 5, 599827).
cost(9, 6, 377622).
cost(9, 7, 548096).
cost(9, 8, 344476).
cost(9, 10, 350910).
cost(9, 11, 288291).
cost(9, 12, 355478).
cost(9, 13, 233409).
cost(9, 14, 673359).
cost(9, 15, 357555).
cost(9, 16, 350235).
cost(9, 17, 294938).
cost(9, 18, 522279).
cost(9, 19, 425175).
cost(9, 20, 264254).
cost(9, 21, 329825).
cost(9, 22, 296268).
cost(9, 23, 137485).
cost(9, 24, 113224).
cost(10, 1, 157029).
cost(10, 2, 22489).
cost(10, 3, 178643).
cost(10, 4, 111492).
cost(10, 5, 305367).
cost(10, 6, 91686).
cost(10, 7, 259721).
cost(10, 8, 462792).
cost(10, 9, 350910).
cost(10, 11, 272382).
cost(10, 12, 89806).
cost(10, 13, 186190).
cost(10, 14, 504201).
cost(10, 15, 198896).
cost(10, 16, 124874).
cost(10, 17, 161744).
cost(10, 18, 328765).
cost(10, 19, 386628).
cost(10, 20, 185317).
cost(10, 21, 371691).
cost(10, 22, 247584).
cost(10, 23, 411386).
cost(10, 24, 274701).
cost(11, 1, 416410).
cost(11, 2, 254262).
cost(11, 3, 101636).
cost(11, 4, 193064).
cost(11, 5, 367178).
cost(11, 6, 356625).
cost(11, 7, 319414).
cost(11, 8, 193570).
cost(11, 9, 288291).
cost(11, 10, 272382).
cost(11, 12, 202235).
cost(11, 13, 105582).
cost(11, 14, 385461).
cost(11, 15, 115997).
cost(11, 16, 169439).
cost(11, 17, 111336).
cost(11, 18, 245523).
cost(11, 19, 148844).
cost(11, 20, 357339).
cost(11, 21, 99438).
cost(11, 22, 28046).
cost(11, 23, 242848).
cost(11, 24, 177266).
cost(12, 1, 246761).
cost(12, 2, 83693).
cost(12, 3, 101210).
cost(12, 4, 113915).
cost(12, 5, 251977).
cost(12, 6, 181283).
cost(12, 7, 201382).
cost(12, 8, 395804).
cost(12, 9, 355478).
cost(12, 10, 89806).
cost(12, 11, 202235).
cost(12, 13, 142443).
cost(12, 14, 419041).
cost(12, 15, 111577).
cost(12, 16, 36869).
cost(12, 17, 93758).
cost(12, 18, 243011).
cost(12, 19, 300983).
cost(12, 20, 255350).
cost(12, 21, 298698).
cost(12, 22, 174985).
cost(12, 23, 385108).
cost(12, 24, 258320).
cost(13, 1, 317363).
cost(13, 2, 165137).
cost(13, 3, 81713).
cost(13, 4, 90043).
cost(13, 5, 369256).
cost(13, 6, 261345).
cost(13, 7, 317710).
cost(13, 8, 281238).
cost(13, 9, 233409).
cost(13, 10, 186190).
cost(13, 11, 105582).
cost(13, 12, 142443).
cost(13, 14, 456663).
cost(13, 15, 125297).
cost(13, 16, 124640).
cost(13, 17, 62172).
cost(13, 18, 294049).
cost(13, 19, 250359).
cost(13, 20, 251886).
cost(13, 21, 200234).
cost(13, 22, 92247).
cost(13, 23, 243102).
cost(13, 24, 124293).
cost(14, 1, 654164).
cost(14, 2, 502348).
cost(14, 3, 381980).
cost(14, 4, 506343).
cost(14, 5, 282298).
cost(14, 6, 590054).
cost(14, 7, 289153).
cost(14, 8, 445971).
cost(14, 9, 673359).
cost(14, 10, 504201).
cost(14, 11, 385461).
cost(14, 12, 419041).
cost(14, 13, 456663).
cost(14, 15, 338918).
cost(14, 16, 392274).
cost(14, 17, 408014).
cost(14, 18, 176032).
cost(14, 19, 271615).
cost(14, 20, 671167).
cost(14, 21, 377481).
cost(14, 22, 377821).
cost(14, 23, 614820).
cost(14, 24, 561030).
cost(15, 1, 355244).
cost(15, 2, 187643).
cost(15, 3, 44354).
cost(15, 4, 168572).
cost(15, 5, 256302).
cost(15, 6, 290383).
cost(15, 7, 206657).
cost(15, 8, 301617).
cost(15, 9, 357555).
cost(15, 10, 198896).
cost(15, 11, 115997).
cost(15, 12, 111577).
cost(15, 13, 125297).
cost(15, 14, 338918).
cost(15, 16, 74793).
cost(15, 17, 69465).
cost(15, 18, 170171).
cost(15, 19, 189492).
cost(15, 20, 337988).
cost(15, 21, 199939).
cost(15, 22, 89045).
cost(15, 23, 345379).
cost(15, 24, 245870).
cost(16, 1, 281791).
cost(16, 2, 115664).
cost(16, 3, 67825).
cost(16, 4, 121899).
cost(16, 5, 249968).
cost(16, 6, 216556).
cost(16, 7, 198291).
cost(16, 8, 362609).
cost(16, 9, 350235).
cost(16, 10, 124874).
cost(16, 11, 169439).
cost(16, 12, 36869).
cost(16, 13, 124640).
cost(16, 14, 392274).
cost(16, 15, 74793).
cost(16, 17, 67055).
cost(16, 18, 216781).
cost(16, 19, 264127).
cost(16, 20, 278982).
cost(16, 21, 264126).
cost(16, 22, 141680).
cost(16, 23, 366885).
cost(16, 24, 246800).
cost(17, 1, 310620).
cost(17, 2, 144765).
cost(17, 3, 26349).
cost(17, 4, 102884).
cost(17, 5, 307136).
cost(17, 6, 248570).
cost(17, 7, 255635).
cost(17, 8, 304109).
cost(17, 9, 294938).
cost(17, 10, 161744).
cost(17, 11, 111336).
cost(17, 12, 93758).
cost(17, 13, 62172).
cost(17, 14, 408014).
cost(17, 15, 69465).
cost(17, 16, 67055).
cost(17, 18, 239410).
cost(17, 19, 232450).
cost(17, 20, 274494).
cost(17, 21, 210216).
cost(17, 22, 85859).
cost(17, 23, 300899).
cost(17, 24, 186460).
cost(18, 1, 480742).
cost(18, 2, 326380).
cost(18, 3, 214485).
cost(18, 4, 333515).
cost(18, 5, 174260).
cost(18, 6, 415989).
cost(18, 7, 151459).
cost(18, 8, 371231).
cost(18, 9, 522279).
cost(18, 10, 328765).
cost(18, 11, 245523).
cost(18, 12, 243011).
cost(18, 13, 294049).
cost(18, 14, 176032).
cost(18, 15, 170171).
cost(18, 16, 216781).
cost(18, 17, 239410).
cost(18, 19, 194321).
cost(18, 20, 495751).
cost(18, 21, 277369).
cost(18, 22, 229401).
cost(18, 23, 488005).
cost(18, 24, 409158).
cost(19, 1, 541018).
cost(19, 2, 373140).
cost(19, 3, 210234).
cost(19, 4, 330918).
cost(19, 5, 362069).
cost(19, 6, 477210).
cost(19, 7, 327202).
cost(19, 8, 181966).
cost(19, 9, 425175).
cost(19, 10, 386628).
cost(19, 11, 148844).
cost(19, 12, 300983).
cost(19, 13, 250359).
cost(19, 14, 271615).
cost(19, 15, 189492).
cost(19, 16, 264127).
cost(19, 17, 232450).
cost(19, 18, 194321).
cost(19, 20, 500753).
cost(19, 21, 106522).
cost(19, 22, 158216).
cost(19, 23, 347494).
cost(19, 24, 319755).
cost(20, 1, 146109).
cost(20, 2, 177380).
cost(20, 3, 300250).
cost(20, 4, 171733).
cost(20, 5, 490682).
cost(20, 6, 148157).
cost(20, 7, 444571).
cost(20, 8, 514206).
cost(20, 9, 264254).
cost(20, 10, 185317).
cost(20, 11, 357339).
cost(20, 12, 255350).
cost(20, 13, 251886).
cost(20, 14, 671167).
cost(20, 15, 337988).
cost(20, 16, 278982).
cost(20, 17, 274494).
cost(20, 18, 495751).
cost(20, 19, 500753).
cost(20, 21, 448096).
cost(20, 22, 342891).
cost(20, 23, 377320).
cost(20, 24, 252557).
cost(21, 1, 515207).
cost(21, 2, 353698).
cost(21, 3, 197520).
cost(21, 4, 289866).
cost(21, 5, 428188).
cost(21, 6, 455938).
cost(21, 7, 385479).
cost(21, 8, 102645).
cost(21, 9, 329825).
cost(21, 10, 371691).
cost(21, 11, 99438).
cost(21, 12, 298698).
cost(21, 13, 200234).
cost(21, 14, 377481).
cost(21, 15, 199939).
cost(21, 16, 264126).
cost(21, 17, 210216).
cost(21, 18, 277369).
cost(21, 19, 106522).
cost(21, 20, 448096).
cost(21, 22, 124548).
cost(21, 23, 241841).
cost(21, 24, 233014).
cost(22, 1, 394402).
cost(22, 2, 230224).
cost(22, 3, 73992).
cost(22, 4, 174793).
cost(22, 5, 342718).
cost(22, 6, 333480).
cost(22, 7, 294207).
cost(22, 8, 220998).
cost(22, 9, 296268).
cost(22, 10, 247584).
cost(22, 11, 28046).
cost(22, 12, 174985).
cost(22, 13, 92247).
cost(22, 14, 377821).
cost(22, 15, 89045).
cost(22, 16, 141680).
cost(22, 17, 85859).
cost(22, 18, 229401).
cost(22, 19, 158216).
cost(22, 20, 342891).
cost(22, 21, 124548).
cost(22, 23, 262530).
cost(22, 24, 183398).
cost(23, 1, 500573).
cost(23, 2, 388897).
cost(23, 3, 311288).
cost(23, 4, 299920).
cost(23, 5, 601549).
cost(23, 6, 462330).
cost(23, 7, 551317).
cost(23, 8, 224349).
cost(23, 9, 137485).
cost(23, 10, 411386).
cost(23, 11, 242848).
cost(23, 12, 385108).
cost(23, 13, 243102).
cost(23, 14, 614820).
cost(23, 15, 345379).
cost(23, 16, 366885).
cost(23, 17, 300899).
cost(23, 18, 488005).
cost(23, 19, 347494).
cost(23, 20, 377320).
cost(23, 21, 241841).
cost(23, 22, 262530).
cost(23, 24, 137970).
cost(24, 1, 365478).
cost(24, 2, 252243).
cost(24, 3, 204287).
cost(24, 4, 163341).
cost(24, 5, 493527).
cost(24, 6, 324757).
cost(24, 7, 441951).
cost(24, 8, 272859).
cost(24, 9, 113224).
cost(24, 10, 274701).
cost(24, 11, 177266).
cost(24, 12, 258320).
cost(24, 13, 124293).
cost(24, 14, 561030).
cost(24, 15, 245870).
cost(24, 16, 246800).
cost(24, 17, 186460).
cost(24, 18, 409158).
cost(24, 19, 319755).
cost(24, 20, 252557).
cost(24, 21, 233014).
cost(24, 22, 183398).
cost(24, 23, 137970).
