dimension(24).
point(1, 50361.0, -307758.0).
point(2, -95736.0, 15753.0).
point(3, 167217.0, -463496.0).
point(4, 72595.0, -174601.0).
point(5, -164484.0, -101284.0).
point(6, -104664.0, -202544.0).
point(7, 5299.0, 26248.0).
point(8, 155985.0, -199117.0).
point(9, 143111.0, -260886.0).
point(10, 93669.0, 181864.0).
point(11, 316063.0, 338484.0).
point(12, 5326.0, 14263.0).
point(13, -309786.0, -195277.0).
point(14, -183927.0, -52254.0).
point(15, 166227.0, -93629.0).
point(16, -176797.0, -116438.0).
point(17, 240081.0, -113381.0).
point(18, -176601.0, -100131.0).
point(19, -10526.0, -236027.0).
point(20, -304618.0, 178455.0).
point(21, 33599.0, 48532.0).
point(22, 117077.0, 206877.0).
point(23, -79522.0, -356950.0).
point(24, 383544.0, 108492.0).
cost(1, 2, 354970).
cost(1, 3, 194704).
cost(1, 4, 135001).
cost(1, 5, 297976).
cost(1, 6, 187357).
cost(1, 7, 337032).
cost(1, 8, 151523).
cost(1, 9, 103921).
cost(1, 10, 491534).
cost(1, 11, 698732).
cost(1, 12, 325155).
cost(1, 13, 377303).
cost(1, 14, 346660).
cost(1, 15, 243467).
cost(1, 16, 296992).
cost(1, 17, 271618).
cost(1, 18, 307605).
cost(1, 19, 94088).
cost(1, 20, 602008).
cost(1, 21, 356684).
cost(1, 22, 518941).
cost(1, 23, 138886).
cost(1, 24, 533174).
cost(2, 1, 354970).
cost(2, 3, 546648).
cost(2, 4, 254106).
cost(2, 5, 135735).
cost(2, 6, 218479).
cost(2, 7, 101579).
cost(2, 8, 330957).
cost(2, 9, 365482).
cost(2, 10, 251927).
cost(2, 11, 523196).
cost(2, 12, 101073).
cost(2, 13, 300585).
cost(2, 14, 111367).
cost(2, 15, 283882).
cost(2, 16, 155066).
cost(2, 17, 359790).
cost(2, 18, 141309).
cost(2, 19, 265808).
cost(2, 20, 264771).
cost(2, 21, 133424).
cost(2, 22, 286038).
cost(2, 23, 373056).
cost(2, 24, 488170).
cost(3, 1, 194704).
cost(3, 2, 546648).
cost(3, 4, 303996).
cost(3, 5, 491145).
cost(3, 6, 376849).
cost(3, 7, 515816).
cost(3, 8, 264617).
cost(3, 9, 204039).
cost(3, 10, 649537).
cost(3, 11, 815676).
cost(3, 12, 504443).
cost(3, 13, 547242).
cost(3, 14, 540761).
cost(3, 15, 369868).
cost(3, 16, 488666).
cost(3, 17, 357617).
cost(3, 18, 500245).
cost(3, 19, 288678).
cost(3, 20, 796699).
cost(3, 21, 529175).
cost(3, 22, 672245).
cost(3, 23, 268760).
cost(3, 24, 611529).
cost(4, 1, 135001).
cost(4, 2, 254106).
cost(4, 3, 303996).
cost(4, 5, 248157).
cost(4, 6, 179448).
cost(4, 7, 211823).
cost(4, 8, 86919).
cost(4, 9, 111434).
cost(4, 10, 357087).
cost(4, 11, 567920).
cost(4, 12, 200486).
cost(4, 13, 382940).
cost(4, 14, 284205).
cost(4, 15, 123788).
cost(4, 16, 256085).
cost(4, 17, 178324).
cost(4, 18, 260085).
cost(4, 19, 103355).
cost(4, 20, 516661).
cost(4, 21, 226515).
cost(4, 22, 384063).
cost(4, 23, 237467).
cost(4, 24, 420513).
cost(5, 1, 297976).
cost(5, 2, 135735).
cost(5, 3, 491145).
cost(5, 4, 248157).
cost(5, 6, 117610).
cost(5, 7, 212346).
cost(5, 8, 335070).
cost(5, 9, 346536).
cost(5, 10, 383165).
cost(5, 11, 651400).
cost(5, 12, 205394).
cost(5, 13, 173053).
cost(5, 14, 52744).
cost(5, 15, 330800).
cost(5, 16, 19526).
cost(5, 17, 404746).
cost(5, 18, 12172).
cost(5, 19, 204594).
cost(5, 20, 312876).
cost(5, 21, 248358).
cost(5, 22, 417420).
cost(5, 23, 269414).
cost(5, 24, 586805).
cost(6, 1, 187357).
cost(6, 2, 218479).
cost(6, 3, 376849).
cost(6, 4, 179448).
cost(6, 5, 117610).
cost(6, 7, 253846).
cost(6, 8, 260672).
cost(6, 9, 254551).
cost(6, 10, 432557).
cost(6, 11, 685363).
cost(6, 12, 243111).
cost(6, 13, 205251).
cost(6, 14, 169911).
cost(6, 15, 291966).
cost(6, 16, 112327).
cost(6, 17, 356089).
cost(6, 18, 125153).
cost(6, 19, 99915).
cost(6, 20, 430281).
cost(6, 21, 286628).
cost(6, 22, 465612).
cost(6, 23, 156440).
cost(6, 24, 578870).
cost(7, 1, 337032).
cost(7, 2, 101579).
cost(7, 3, 515816).
cost(7, 4, 211823).
cost(7, 5, 212346).
cost(7, 6, 253846).
cost(7, 8, 271101).
cost(7, 9, 318493).
cost(7, 10, 178957).
cost(7, 11, 440529).
cost(7, 12, 11985).
cost(7, 13, 385165).
cost(7, 14, 204863).
cost(7, 15, 200670).
cost(7, 16, 231340).
cost(7, 17, 273165).
cost(7, 18, 221493).
cost(7, 19, 262752).
cost(7, 20, 345276).
cost(7, 21, 36020).
cost(7, 22, 212417).
cost(7, 23, 392473).
cost(7, 24, 387083).
cost(8, 1, 151523).
cost(8, 2, 330957).
cost(8, 3, 264617).
cost(8, 4, 86919).
cost(8, 5, 335070).
cost(8, 6, 260672).
cost(8, 7, 271101).
cost(8, 9, 63096).
cost(8, 10, 386044).
cost(8, 11, 560928).
cost(8, 12, 261207).
cost(8, 13, 465787).
cost(8, 14, 370282).
cost(8, 15, 105984).
cost(8, 16, 342899).
cost(8, 17, 120095).
cost(8, 18, 347004).
cost(8, 19, 170553).
cost(8, 20, 595580).
cost(8, 21, 276240).
cost(8, 22, 407854).
cost(8, 23, 283505).
cost(8, 24, 382631).
cost(9, 1, 103921).
cost(9, 2, 365482).
cost(9, 3, 204039).
cost(9, 4, 111434).
cost(9, 5, 346536).
cost(9, 6, 254551).
cost(9, 7, 318493).
cost(9, 8, 63096).
cost(9, 10, 445502).
cost(9, 11, 623824).
cost(9, 12, 307720).
cost(9, 13, 457625).
cost(9, 14, 387919).
cost(9, 15, 168847).
cost(9, 16, 351008).
cost(9, 17, 176525).
cost(9, 18, 357852).
cost(9, 19, 155635).
cost(9, 20, 627281).
cost(9, 21, 328226).
cost(9, 22, 468487).
cost(9, 23, 242474).
cost(9, 24, 440736).
cost(10, 1, 491534).
cost(10, 2, 251927).
cost(10, 3, 649537).
cost(10, 4, 357087).
cost(10, 5, 383165).
cost(10, 6, 432557).
cost(10, 7, 178957).
cost(10, 8, 386044).
cost(10, 9, 445502).
cost(10, 11, 272009).
cost(10, 12, 189459).
cost(10, 13, 552278).
cost(10, 14, 363140).
cost(10, 15, 284888).
cost(10, 16, 402661).
cost(10, 17, 329554).
cost(10, 18, 390598).
cost(10, 19, 430685).
cost(10, 20, 398302).
cost(10, 21, 146239).
cost(10, 22, 34258).
cost(10, 23, 565964).
cost(10, 24, 299017).
cost(11, 1, 698732).
cost(11, 2, 523196).
cost(11, 3, 815676).
cost(11, 4, 567920).
cost(11, 5, 651400).
cost(11, 6, 685363).
cost(11, 7, 440529).
cost(11, 8, 560928).
cost(11, 9, 623824).
cost(11, 10, 272009).
cost(11, 12, 449084).
cost(11, 13, 822550).
cost(11, 14, 634560).
cost(11, 15, 457354).
cost(11, 16, 670720).
cost(11, 17, 458209).
cost(11, 18, 659622).
cost(11, 19, 660850).
cost(11, 20, 640979).
cost(11, 21, 404794).
cost(11, 22, 238570).
cost(11, 23, 800072).
cost(11, 24, 239687).
cost(12, 1, 325155).
cost(12, 2, 101073).
cost(12, 3, 504443).
cost(12, 4, 200486).
cost(12, 5, 205394).
cost(12, 6, 243111).
cost(12, 7, 11985).
cost(12, 8, 261207).
cost(12, 9, 307720).
cost(12, 10, 189459).
cost(12, 11, 449084).
cost(12, 13, 378421).
cost(12, 14, 200602).
cost(12, 15, 193726).
cost(12, 16, 224169).
cost(12, 17, 267213).
cost(12, 18, 214903).
cost(12, 19, 250791).
cost(12, 20, 350748).
cost(12, 21, 44427).
cost(12, 22, 222685).
cost(12, 23, 380786).
cost(12, 24, 389779).
cost(13, 1, 377303).
cost(13, 2, 300585).
cost(13, 3, 547242).
cost(13, 4, 382940).
cost(13, 5, 173053).
cost(13, 6, 205251).
cost(13, 7, 385165).
cost(13, 8, 465787).
cost(13, 9, 457625).
cost(13, 10, 552278).
cost(13, 11, 822550).
cost(13, 12, 378421).
cost(13, 14, 190515).
cost(13, 15, 486745).
cost(13, 16, 154602).
cost(13, 17, 555932).
cost(13, 18, 163680).
cost(13, 19, 302022).
cost(13, 20, 373768).
cost(13, 21, 421137).
cost(13, 22, 586464).
cost(13, 23, 281353).
cost(13, 24, 756956).
cost(14, 1, 346660).
cost(14, 2, 111367).
cost(14, 3, 540761).
cost(14, 4, 284205).
cost(14, 5, 52744).
cost(14, 6, 169911).
cost(14, 7, 204863).
cost(14, 8, 370282).
cost(14, 9, 387919).
cost(14, 10, 363140).
cost(14, 11, 634560).
cost(14, 12, 200602).
cost(14, 13, 190515).
cost(14, 15, 352590).
cost(14, 16, 64579).
cost(14, 17, 428392).
cost(14, 18, 48434).
cost(14, 19, 252667).
cost(14, 20, 260371).
cost(14, 21, 239740).
cost(14, 22, 397180).
cost(14, 23, 322087).
cost(14, 24, 589799).
cost(15, 1, 243467).
cost(15, 2, 283882).
cost(15, 3, 369868).
cost(15, 4, 123788).
cost(15, 5, 330800).
cost(15, 6, 291966).
cost(15, 7, 200670).
cost(15, 8, 105984).
cost(15, 9, 168847).
cost(15, 10, 284888).
cost(15, 11, 457354).
cost(15, 12, 193726).
cost(15, 13, 486745).
cost(15, 14, 352590).
cost(15, 16, 343781).
cost(15, 17, 76450).
cost(15, 18, 342890).
cost(15, 19, 226978).
cost(15, 20, 543806).
cost(15, 21, 194422).
cost(15, 22, 304499).
cost(15, 23, 360181).
cost(15, 24, 296782).
cost(16, 1, 296992).
cost(16, 2, 155066).
cost(16, 3, 488666).
cost(16, 4, 256085).
cost(16, 5, 19526).
cost(16, 6, 112327).
cost(16, 7, 231340).
cost(16, 8, 342899).
cost(16, 9, 351008).
cost(16, 10, 402661).
cost(16, 11, 670720).
cost(16, 12, 224169).
cost(16, 13, 154602).
cost(16, 14, 64579).
cost(16, 15, 343781).
cost(16, 17, 416889).
cost(16, 18, 16308).
cost(16, 19, 204811).
cost(16, 20, 321403).
cost(16, 21, 267360).
cost(16, 22, 436915).
cost(16, 23, 259439).
cost(16, 24, 603801).
cost(17, 1, 271618).
cost(17, 2, 359790).
cost(17, 3, 357617).
cost(17, 4, 178324).
cost(17, 5, 404746).
cost(17, 6, 356089).
cost(17, 7, 273165).
cost(17, 8, 120095).
cost(17, 9, 176525).
cost(17, 10, 329554).
cost(17, 11, 458209).
cost(17, 12, 267213).
cost(17, 13, 555932).
cost(17, 14, 428392).
cost(17, 15, 76450).
cost(17, 16, 416889).
cost(17, 18, 416893).
cost(17, 19, 279009).
cost(17, 20, 617952).
cost(17, 21, 262394).
cost(17, 22, 343067).
cost(17, 23, 401836).
cost(17, 24, 264214).
cost(18, 1, 307605).
cost(18, 2, 141309).
cost(18, 3, 500245).
cost(18, 4, 260085).
cost(18, 5, 12172).
cost(18, 6, 125153).
cost(18, 7, 221493).
cost(18, 8, 347004).
cost(18, 9, 357852).
cost(18, 10, 390598).
cost(18, 11, 659622).
cost(18, 12, 214903).
cost(18, 13, 163680).
cost(18, 14, 48434).
cost(18, 15, 342890).
cost(18, 16, 16308).
cost(18, 17, 416893).
cost(18, 19, 214589).
cost(18, 20, 306592).
cost(18, 21, 257458).
cost(18, 22, 424854).
cost(18, 23, 274555).
cost(18, 24, 597734).
cost(19, 1, 94088).
cost(19, 2, 265808).
cost(19, 3, 288678).
cost(19, 4, 103355).
cost(19, 5, 204594).
cost(19, 6, 99915).
cost(19, 7, 262752).
cost(19, 8, 170553).
cost(19, 9, 155635).
cost(19, 10, 430685).
cost(19, 11, 660850).
cost(19, 12, 250791).
cost(19, 13, 302022).
cost(19, 14, 252667).
cost(19, 15, 226978).
cost(19, 16, 204811).
cost(19, 17, 279009).
cost(19, 18, 214589).
cost(19, 20, 508218).
cost(19, 21, 287960).
cost(19, 22, 460919).
cost(19, 23, 139222).
cost(19, 24, 523435).
cost(20, 1, 602008).
cost(20, 2, 264771).
cost(20, 3, 796699).
cost(20, 4, 516661).
cost(20, 5, 312876).
cost(20, 6, 430281).
cost(20, 7, 345276).
cost(20, 8, 595580).
cost(20, 9, 627281).
cost(20, 10, 398302).
cost(20, 11, 640979).
cost(20, 12, 350748).
cost(20, 13, 373768).
cost(20, 14, 260371).
cost(20, 15, 543806).
cost(20, 16, 321403).
cost(20, 17, 617952).
cost(20, 18, 306592).
cost(20, 19, 508218).
cost(20, 21, 362313).
cost(20, 22, 422652).
cost(20, 23, 580798).
cost(20, 24, 691709).
cost(21, 1, 356684).
cost(21, 2, 133424).
cost(21, 3, 529175).
cost(21, 4, 226515).
cost(21, 5, 248358).
cost(21, 6, 286628).
cost(21, 7, 36020).
cost(21, 8, 276240).
cost(21, 9, 328226).
cost(21, 10, 146239).
cost(21, 11, 404794).
cost(21, 12, 44427).
cost(21, 13, 421137).
cost(21, 14, 239740).
cost(21, 15, 194422).
cost(21, 16, 267360).
cost(21, 17, 262394).
cost(21, 18, 257458).
cost(21, 19, 287960).
cost(21, 20, 362313).
cost(21, 22, 179002).
cost(21, 23, 420966).
cost(21, 24, 355045).
cost(22, 1, 518941).
cost(22, 2, 286038).
cost(22, 3, 672245).
cost(22, 4, 384063).
cost(22, 5, 417420).
cost(22, 6, 465612).
cost(22, 7, 212417).
cost(22, 8, 407854).
cost(22, 9, 468487).
cost(22, 10, 34258).
cost(22, 11, 238570).
cost(22, 12, 222685).
cost(22, 13, 586464).
cost(22, 14, 397180).
cost(22, 15, 304499).
cost(22, 16, 436915).
cost(22, 17, 343067).
cost(22, 18, 424854).
cost(22, 19, 460919).
cost(22, 20, 422652).
cost(22, 21, 179002).
cost(22, 23, 597120).
cost(22, 24, 284050).
cost(23, 1, 138886).
cost(23, 2, 373056).
cost(23, 3, 268760).
cost(23, 4, 237467).
cost(23, 5, 269414).
cost(23, 6, 156440).
cost(23, 7, 392473).
cost(23, 8, 283505).
cost(23, 9, 242474).
cost(23, 10, 565964).
cost(23, 11, 800072).
cost(23, 12, 380786).
cost(23, 13, 281353).
cost(23, 14, 322087).
cost(23, 15, 360181).
cost(23, 16, 259439).
cost(23, 17, 401836).
cost(23, 18, 274555).
cost(23, 19, 139222).
cost(23, 20, 580798).
cost(23, 21, 420966).
cost(23, 22, 597120).
cost(23, 24, 656556).
cost(24, 1, 533174).
cost(24, 2, 488170).
cost(24, 3, 611529).
cost(24, 4, 420513).
cost(24, 5, 586805).
cost(24, 6, 578870).
cost(24, 7, 387083).
cost(24, 8, 382631).
cost(24, 9, 440736).
cost(24, 10, 299017).
cost(24, 11, 239687).
cost(24, 12, 389779).
cost(24, 13, 756956).
cost(24, 14, 589799).
cost(24, 15, 296782).
cost(24, 16, 603801).
cost(24, 17, 264214).
cost(24, 18, 597734).
cost(24, 19, 523435).
cost(24, 20, 691709).
cost(24, 21, 355045).
cost(24, 22, 284050).
cost(24, 23, 656556).
