dimension(24).
point(1, -6333.0, 244523.0).
point(2, 323339.0, 126368.0).
point(3, -232809.0, 164117.0).
point(4, 61951.0, -76986.0).
point(5, -40555.0, -116652.0).
point(6, 73740.0, -47247.0).
point(7, -166934.0, 139786.0).
point(8, -116637.0, -38345.0).
point(9, 147019.0, 5576.0).
point(10, -116093.0, 84842.0).
point(11, 45319.0, 204007.0).
point(12, -56557.0, 297062.0).
point(13, 297639.0, -82213.0).
point(14, -37009.0, 26457.0).
point(15, 470303.0, 21862.0).
point(16, -227240.0, 194377.0).
point(17, -95464.0, 539330.0).
point(18, -102485.0, 5473.0).
point(19, -180232.0, 265169.0).
point(20, 274931.0, 6630.0).
point(21, 76786.0, 26476.0).
point(22, 91042.0, -76704.0).
point(23, 118384.0, -102329.0).
point(24, 82845.0, -101304.0).
cost(1, 2, 350206).
cost(1, 3, 240326).
cost(1, 4, 328680).
cost(1, 5, 362793).
cost(1, 6, 302558).
cost(1, 7, 191736).
cost(1, 8, 303614).
cost(1, 9, 283923).
cost(1, 10, 193766).
cost(1, 11, 65647).
cost(1, 12, 72683).
cost(1, 13, 446268).
cost(1, 14, 220213).
cost(1, 15, 526080).
cost(1, 16, 226527).
cost(1, 17, 307986).
cost(1, 18, 257663).
cost(1, 19, 175120).
cost(1, 20, 368378).
cost(1, 21, 233352).
cost(1, 22, 335662).
cost(1, 23, 368593).
cost(1, 24, 357140).
cost(2, 1, 350206).
cost(2, 3, 557428).
cost(2, 4, 331174).
cost(2, 5, 437581).
cost(2, 6, 304042).
cost(2, 7, 490457).
cost(2, 8, 469797).
cost(2, 9, 213728).
cost(2, 10, 441390).
cost(2, 11, 288657).
cost(2, 12, 416482).
cost(2, 13, 210158).
cost(2, 14, 373942).
cost(2, 15, 180333).
cost(2, 16, 554763).
cost(2, 17, 588161).
cost(2, 18, 442653).
cost(2, 19, 522350).
cost(2, 20, 129153).
cost(2, 21, 266020).
cost(2, 22, 308545).
cost(2, 23, 307097).
cost(2, 24, 331167).
cost(3, 1, 240326).
cost(3, 2, 557428).
cost(3, 4, 380807).
cost(3, 5, 340283).
cost(3, 6, 372353).
cost(3, 7, 70225).
cost(3, 8, 233424).
cost(3, 9, 411588).
cost(3, 10, 141093).
cost(3, 11, 280974).
cost(3, 12, 220769).
cost(3, 13, 584853).
cost(3, 14, 239349).
cost(3, 15, 717358).
cost(3, 16, 30768).
cost(3, 17, 399560).
cost(3, 18, 205310).
cost(3, 19, 113912).
cost(3, 20, 531603).
cost(3, 21, 338813).
cost(3, 22, 403577).
cost(3, 23, 440829).
cost(3, 24, 412415).
cost(4, 1, 328680).
cost(4, 2, 331174).
cost(4, 3, 380807).
cost(4, 5, 109913).
cost(4, 6, 31990).
cost(4, 7, 315243).
cost(4, 8, 182721).
cost(4, 9, 118546).
cost(4, 10, 240599).
cost(4, 11, 281485).
cost(4, 12, 392372).
cost(4, 13, 235746).
cost(4, 14, 143156).
cost(4, 15, 420146).
cost(4, 16, 396572).
cost(4, 17, 636101).
cost(4, 18, 183953).
cost(4, 19, 419193).
cost(4, 20, 228806).
cost(4, 21, 104520).
cost(4, 22, 29092).
cost(4, 23, 61862).
cost(4, 24, 32061).
cost(5, 1, 362793).
cost(5, 2, 437581).
cost(5, 3, 340283).
cost(5, 4, 109913).
cost(5, 6, 133718).
cost(5, 7, 285888).
cost(5, 8, 109181).
cost(5, 9, 223883).
cost(5, 10, 215188).
cost(5, 11, 331959).
cost(5, 12, 414023).
cost(5, 13, 339943).
cost(5, 14, 143153).
cost(5, 15, 529303).
cost(5, 16, 362754).
cost(5, 17, 658276).
cost(5, 18, 136930).
cost(5, 19, 406567).
cost(5, 20, 338718).
cost(5, 21, 185080).
cost(5, 22, 137527).
cost(5, 23, 159583).
cost(5, 24, 124351).
cost(6, 1, 302558).
cost(6, 2, 304042).
cost(6, 3, 372353).
cost(6, 4, 31990).
cost(6, 5, 133718).
cost(6, 7, 304804).
cost(6, 8, 190585).
cost(6, 9, 90333).
cost(6, 10, 231266).
cost(6, 11, 252856).
cost(6, 12, 368139).
cost(6, 13, 226613).
cost(6, 14, 133032).
cost(6, 15, 402540).
cost(6, 16, 385968).
cost(6, 17, 610494).
cost(6, 18, 183942).
cost(6, 19, 402623).
cost(6, 20, 208280).
cost(6, 21, 73786).
cost(6, 22, 34162).
cost(6, 23, 70902).
cost(6, 24, 54818).
cost(7, 1, 191736).
cost(7, 2, 490457).
cost(7, 3, 70225).
cost(7, 4, 315243).
cost(7, 5, 285888).
cost(7, 6, 304804).
cost(7, 8, 185096).
cost(7, 9, 341436).
cost(7, 10, 74858).
cost(7, 11, 221756).
cost(7, 12, 192143).
cost(7, 13, 514890).
cost(7, 14, 172406).
cost(7, 15, 648056).
cost(7, 16, 81345).
cost(7, 17, 405886).
cost(7, 18, 148975).
cost(7, 19, 126086).
cost(7, 20, 461492).
cost(7, 21, 268772).
cost(7, 22, 336778).
cost(7, 23, 374201).
cost(7, 24, 347151).
cost(8, 1, 303614).
cost(8, 2, 469797).
cost(8, 3, 233424).
cost(8, 4, 182721).
cost(8, 5, 109181).
cost(8, 6, 190585).
cost(8, 7, 185096).
cost(8, 9, 267289).
cost(8, 10, 123188).
cost(8, 11, 291486).
cost(8, 12, 340745).
cost(8, 13, 416592).
cost(8, 14, 102664).
cost(8, 15, 590020).
cost(8, 16, 257668).
cost(8, 17, 578063).
cost(8, 18, 46047).
cost(8, 19, 310105).
cost(8, 20, 394142).
cost(8, 21, 203996).
cost(8, 22, 211192).
cost(8, 23, 243575).
cost(8, 24, 209182).
cost(9, 1, 283923).
cost(9, 2, 213728).
cost(9, 3, 411588).
cost(9, 4, 118546).
cost(9, 5, 223883).
cost(9, 6, 90333).
cost(9, 7, 341436).
cost(9, 8, 267289).
cost(9, 10, 274793).
cost(9, 11, 222975).
cost(9, 12, 355538).
cost(9, 13, 174337).
cost(9, 14, 185209).
cost(9, 15, 323694).
cost(9, 16, 419184).
cost(9, 17, 586252).
cost(9, 18, 249504).
cost(9, 19, 417710).
cost(9, 20, 127916).
cost(9, 21, 73277).
cost(9, 22, 99516).
cost(9, 23, 111640).
cost(9, 24, 124666).
cost(10, 1, 193766).
cost(10, 2, 441390).
cost(10, 3, 141093).
cost(10, 4, 240599).
cost(10, 5, 215188).
cost(10, 6, 231266).
cost(10, 7, 74858).
cost(10, 8, 123188).
cost(10, 9, 274793).
cost(10, 11, 200634).
cost(10, 12, 220413).
cost(10, 13, 446186).
cost(10, 14, 98301).
cost(10, 15, 589768).
cost(10, 16, 156050).
cost(10, 17, 454956).
cost(10, 18, 80527).
cost(10, 19, 191394).
cost(10, 20, 398769).
cost(10, 21, 201516).
cost(10, 22, 262682).
cost(10, 23, 300021).
cost(10, 24, 272446).
cost(11, 1, 65647).
cost(11, 2, 288657).
cost(11, 3, 280974).
cost(11, 4, 281485).
cost(11, 5, 331959).
cost(11, 6, 252856).
cost(11, 7, 221756).
cost(11, 8, 291486).
cost(11, 9, 222975).
cost(11, 10, 200634).
cost(11, 12, 137978).
cost(11, 13, 381559).
cost(11, 14, 195709).
cost(11, 15, 462372).
cost(11, 16, 272729).
cost(11, 17, 363678).
cost(11, 18, 247511).
cost(11, 19, 233696).
cost(11, 20, 302786).
cost(11, 21, 180298).
cost(11, 22, 284410).
cost(11, 23, 314929).
cost(11, 24, 307609).
cost(12, 1, 72683).
cost(12, 2, 416482).
cost(12, 3, 220769).
cost(12, 4, 392372).
cost(12, 5, 414023).
cost(12, 6, 368139).
cost(12, 7, 192143).
cost(12, 8, 340745).
cost(12, 9, 355538).
cost(12, 10, 220413).
cost(12, 11, 137978).
cost(12, 13, 518945).
cost(12, 14, 271310).
cost(12, 15, 594404).
cost(12, 16, 199191).
cost(12, 17, 245372).
cost(12, 18, 295184).
cost(12, 19, 127721).
cost(12, 20, 440721).
cost(12, 21, 301657).
cost(12, 22, 401854).
cost(12, 23, 436025).
cost(12, 24, 422053).
cost(13, 1, 446268).
cost(13, 2, 210158).
cost(13, 3, 584853).
cost(13, 4, 235746).
cost(13, 5, 339943).
cost(13, 6, 226613).
cost(13, 7, 514890).
cost(13, 8, 416592).
cost(13, 9, 174337).
cost(13, 10, 446186).
cost(13, 11, 381559).
cost(13, 12, 518945).
cost(13, 14, 351850).
cost(13, 15, 201605).
cost(13, 16, 593296).
cost(13, 17, 735422).
cost(13, 18, 409619).
cost(13, 19, 590792).
cost(13, 20, 91699).
cost(13, 21, 246149).
cost(13, 22, 206670).
cost(13, 23, 180380).
cost(13, 24, 215641).
cost(14, 1, 220213).
cost(14, 2, 373942).
cost(14, 3, 239349).
cost(14, 4, 143156).
cost(14, 5, 143153).
cost(14, 6, 133032).
cost(14, 7, 172406).
cost(14, 8, 102664).
cost(14, 9, 185209).
cost(14, 10, 98301).
cost(14, 11, 195709).
cost(14, 12, 271310).
cost(14, 13, 351850).
cost(14, 15, 507333).
cost(14, 16, 253742).
cost(14, 17, 516193).
cost(14, 18, 68756).
cost(14, 19, 278381).
cost(14, 20, 312569).
cost(14, 21, 113795).
cost(14, 22, 164436).
cost(14, 23, 201824).
cost(14, 24, 175179).
cost(15, 1, 526080).
cost(15, 2, 180333).
cost(15, 3, 717358).
cost(15, 4, 420146).
cost(15, 5, 529303).
cost(15, 6, 402540).
cost(15, 7, 648056).
cost(15, 8, 590020).
cost(15, 9, 323694).
cost(15, 10, 589768).
cost(15, 11, 462372).
cost(15, 12, 594404).
cost(15, 13, 201605).
cost(15, 14, 507333).
cost(15, 16, 718559).
cost(15, 17, 766724).
cost(15, 18, 573022).
cost(15, 19, 694546).
cost(15, 20, 195965).
cost(15, 21, 393544).
cost(15, 22, 391860).
cost(15, 23, 373189).
cost(15, 24, 406563).
cost(16, 1, 226527).
cost(16, 2, 554763).
cost(16, 3, 30768).
cost(16, 4, 396572).
cost(16, 5, 362754).
cost(16, 6, 385968).
cost(16, 7, 81345).
cost(16, 8, 257668).
cost(16, 9, 419184).
cost(16, 10, 156050).
cost(16, 11, 272729).
cost(16, 12, 199191).
cost(16, 13, 593296).
cost(16, 14, 253742).
cost(16, 15, 718559).
cost(16, 17, 369266).
cost(16, 18, 226381).
cost(16, 19, 84978).
cost(16, 20, 536120).
cost(16, 21, 347308).
cost(16, 22, 418077).
cost(16, 23, 455511).
cost(16, 24, 428462).
cost(17, 1, 307986).
cost(17, 2, 588161).
cost(17, 3, 399560).
cost(17, 4, 636101).
cost(17, 5, 658276).
cost(17, 6, 610494).
cost(17, 7, 405886).
cost(17, 8, 578063).
cost(17, 9, 586252).
cost(17, 10, 454956).
cost(17, 11, 363678).
cost(17, 12, 245372).
cost(17, 13, 735422).
cost(17, 14, 516193).
cost(17, 15, 766724).
cost(17, 16, 369266).
cost(17, 18, 533903).
cost(17, 19, 286967).
cost(17, 20, 648816).
cost(17, 21, 541008).
cost(17, 22, 643648).
cost(17, 23, 676356).
cost(17, 24, 664986).
cost(18, 1, 257663).
cost(18, 2, 442653).
cost(18, 3, 205310).
cost(18, 4, 183953).
cost(18, 5, 136930).
cost(18, 6, 183942).
cost(18, 7, 148975).
cost(18, 8, 46047).
cost(18, 9, 249504).
cost(18, 10, 80527).
cost(18, 11, 247511).
cost(18, 12, 295184).
cost(18, 13, 409619).
cost(18, 14, 68756).
cost(18, 15, 573022).
cost(18, 16, 226381).
cost(18, 17, 533903).
cost(18, 19, 271084).
cost(18, 20, 377418).
cost(18, 21, 180497).
cost(18, 22, 210252).
cost(18, 23, 245773).
cost(18, 24, 213889).
cost(19, 1, 175120).
cost(19, 2, 522350).
cost(19, 3, 113912).
cost(19, 4, 419193).
cost(19, 5, 406567).
cost(19, 6, 402623).
cost(19, 7, 126086).
cost(19, 8, 310105).
cost(19, 9, 417710).
cost(19, 10, 191394).
cost(19, 11, 233696).
cost(19, 12, 127721).
cost(19, 13, 590792).
cost(19, 14, 278381).
cost(19, 15, 694546).
cost(19, 16, 84978).
cost(19, 17, 286967).
cost(19, 18, 271084).
cost(19, 20, 523465).
cost(19, 21, 350760).
cost(19, 22, 436425).
cost(19, 23, 473525).
cost(19, 24, 451123).
cost(20, 1, 368378).
cost(20, 2, 129153).
cost(20, 3, 531603).
cost(20, 4, 228806).
cost(20, 5, 338718).
cost(20, 6, 208280).
cost(20, 7, 461492).
cost(20, 8, 394142).
cost(20, 9, 127916).
cost(20, 10, 398769).
cost(20, 11, 302786).
cost(20, 12, 440721).
cost(20, 13, 91699).
cost(20, 14, 312569).
cost(20, 15, 195965).
cost(20, 16, 536120).
cost(20, 17, 648816).
cost(20, 18, 377418).
cost(20, 19, 523465).
cost(20, 21, 199136).
cost(20, 22, 201890).
cost(20, 23, 190733).
cost(20, 24, 220333).
cost(21, 1, 233352).
cost(21, 2, 266020).
cost(21, 3, 338813).
cost(21, 4, 104520).
cost(21, 5, 185080).
cost(21, 6, 73786).
cost(21, 7, 268772).
cost(21, 8, 203996).
cost(21, 9, 73277).
cost(21, 10, 201516).
cost(21, 11, 180298).
cost(21, 12, 301657).
cost(21, 13, 246149).
cost(21, 14, 113795).
cost(21, 15, 393544).
cost(21, 16, 347308).
cost(21, 17, 541008).
cost(21, 18, 180497).
cost(21, 19, 350760).
cost(21, 20, 199136).
cost(21, 22, 104160).
cost(21, 23, 135356).
cost(21, 24, 127924).
cost(22, 1, 335662).
cost(22, 2, 308545).
cost(22, 3, 403577).
cost(22, 4, 29092).
cost(22, 5, 137527).
cost(22, 6, 34162).
cost(22, 7, 336778).
cost(22, 8, 211192).
cost(22, 9, 99516).
cost(22, 10, 262682).
cost(22, 11, 284410).
cost(22, 12, 401854).
cost(22, 13, 206670).
cost(22, 14, 164436).
cost(22, 15, 391860).
cost(22, 16, 418077).
cost(22, 17, 643648).
cost(22, 18, 210252).
cost(22, 19, 436425).
cost(22, 20, 201890).
cost(22, 21, 104160).
cost(22, 23, 37473).
cost(22, 24, 25930).
cost(23, 1, 368593).
cost(23, 2, 307097).
cost(23, 3, 440829).
cost(23, 4, 61862).
cost(23, 5, 159583).
cost(23, 6, 70902).
cost(23, 7, 374201).
cost(23, 8, 243575).
cost(23, 9, 111640).
cost(23, 10, 300021).
cost(23, 11, 314929).
cost(23, 12, 436025).
cost(23, 13, 180380).
cost(23, 14, 201824).
cost(23, 15, 373189).
cost(23, 16, 455511).
cost(23, 17, 676356).
cost(23, 18, 245773).
cost(23, 19, 473525).
cost(23, 20, 190733).
cost(23, 21, 135356).
cost(23, 22, 37473).
cost(23, 24, 35554).
cost(24, 1, 357140).
cost(24, 2, 331167).
cost(24, 3, 412415).
cost(24, 4, 32061).
cost(24, 5, 124351).
cost(24, 6, 54818).
cost(24, 7, 347151).
cost(24, 8, 209182).
cost(24, 9, 124666).
cost(24, 10, 272446).
cost(24, 11, 307609).
cost(24, 12, 422053).
cost(24, 13, 215641).
cost(24, 14, 175179).
cost(24, 15, 406563).
cost(24, 16, 428462).
cost(24, 17, 664986).
cost(24, 18, 213889).
cost(24, 19, 451123).
cost(24, 20, 220333).
cost(24, 21, 127924).
cost(24, 22, 25930).
cost(24, 23, 35554).
