dimension(24).
point(1, -58762.0, -77751.0).
point(2, -133592.0, -192657.0).
point(3, 273060.0, -68272.0).
point(4, -234375.0, 193355.0).
point(5, 145203.0, 7397.0).
point(6, -405774.0, 178133.0).
point(7, 89866.0, 213602.0).
point(8, 102373.0, 259130.0).
point(9, -103067.0, -122154.0).
point(10, -75222.0, 419620.0).
point(11, 55862.0, -108265.0).
point(12, 59826.0, -166575.0).
point(13, -417435.0, 145311.0).
point(14, 518079.0, -54745.0).
point(15, 172922.0, -177795.0).
point(16, 131682.0, -52968.0).
point(17, 208311.0, -59856.0).
point(18, -178191.0, 37972.0).
point(19, -169799.0, 86320.0).
point(20, -95095.0, -209583.0).
point(21, 201733.0, 57338.0).
point(22, 302304.0, -407903.0).
point(23, 79523.0, -112114.0).
point(24, 169511.0, 171503.0).
cost(1, 2, 137124).
cost(1, 3, 331957).
cost(1, 4, 323015).
cost(1, 5, 221025).
cost(1, 6, 431154).
cost(1, 7, 327073).
cost(1, 8, 373434).
cost(1, 9, 62726).
cost(1, 10, 497643).
cost(1, 11, 118616).
cost(1, 12, 148165).
cost(1, 13, 422378).
cost(1, 14, 577300).
cost(1, 15, 252361).
cost(1, 16, 192050).
cost(1, 17, 267672).
cost(1, 18, 166298).
cost(1, 19, 198112).
cost(1, 20, 136747).
cost(1, 21, 293439).
cost(1, 22, 489254).
cost(1, 23, 142491).
cost(1, 24, 337988).
cost(2, 1, 137124).
cost(2, 3, 425250).
cost(2, 4, 398952).
cost(2, 5, 343145).
cost(2, 6, 459966).
cost(2, 7, 463659).
cost(2, 8, 509697).
cost(2, 9, 76827).
cost(2, 10, 615053).
cost(2, 11, 207400).
cost(2, 12, 195169).
cost(2, 13, 441349).
cost(2, 14, 666104).
cost(2, 15, 306874).
cost(2, 16, 299805).
cost(2, 17, 366788).
cost(2, 18, 234902).
cost(2, 19, 281317).
cost(2, 20, 42054).
cost(2, 21, 418259).
cost(2, 22, 486144).
cost(2, 23, 227827).
cost(2, 24, 473797).
cost(3, 1, 331957).
cost(3, 2, 425250).
cost(3, 4, 570911).
cost(3, 5, 148571).
cost(3, 6, 722171).
cost(3, 7, 336174).
cost(3, 8, 369224).
cost(3, 9, 379967).
cost(3, 10, 599449).
cost(3, 11, 220849).
cost(3, 12, 234803).
cost(3, 13, 722773).
cost(3, 14, 245392).
cost(3, 15, 148401).
cost(3, 16, 142204).
cost(3, 17, 65294).
cost(3, 18, 463590).
cost(3, 19, 469066).
cost(3, 20, 394344).
cost(3, 21, 144449).
cost(3, 22, 340888).
cost(3, 23, 198441).
cost(3, 24, 261179).
cost(4, 1, 323015).
cost(4, 2, 398952).
cost(4, 3, 570911).
cost(4, 5, 422682).
cost(4, 6, 172074).
cost(4, 7, 324873).
cost(4, 8, 343112).
cost(4, 9, 341742).
cost(4, 10, 276632).
cost(4, 11, 418583).
cost(4, 12, 464870).
cost(4, 13, 189260).
cost(4, 14, 792301).
cost(4, 15, 551038).
cost(4, 16, 441217).
cost(4, 17, 509987).
cost(4, 18, 165229).
cost(4, 19, 125006).
cost(4, 20, 426331).
cost(4, 21, 456827).
cost(4, 22, 805938).
cost(4, 23, 437999).
cost(4, 24, 404477).
cost(5, 1, 221025).
cost(5, 2, 343145).
cost(5, 3, 148571).
cost(5, 4, 422682).
cost(5, 6, 576824).
cost(5, 7, 213501).
cost(5, 8, 255351).
cost(5, 9, 280038).
cost(5, 10, 467456).
cost(5, 11, 146149).
cost(5, 12, 193792).
cost(5, 13, 579294).
cost(5, 14, 378019).
cost(5, 15, 187255).
cost(5, 16, 61861).
cost(5, 17, 92226).
cost(5, 18, 324836).
cost(5, 19, 324739).
cost(5, 20, 323764).
cost(5, 21, 75430).
cost(5, 22, 444021).
cost(5, 23, 136370).
cost(5, 24, 165897).
cost(6, 1, 431154).
cost(6, 2, 459966).
cost(6, 3, 722171).
cost(6, 4, 172074).
cost(6, 5, 576824).
cost(6, 7, 496907).
cost(6, 8, 514562).
cost(6, 9, 426385).
cost(6, 10, 409366).
cost(6, 11, 543260).
cost(6, 12, 579316).
cost(6, 13, 34832).
cost(6, 14, 952752).
cost(6, 15, 679392).
cost(6, 16, 585036).
cost(6, 17, 658589).
cost(6, 18, 267281).
cost(6, 19, 253207).
cost(6, 20, 496835).
cost(6, 21, 619400).
cost(6, 22, 919137).
cost(6, 23, 565470).
cost(6, 24, 575323).
cost(7, 1, 327073).
cost(7, 2, 463659).
cost(7, 3, 336174).
cost(7, 4, 324873).
cost(7, 5, 213501).
cost(7, 6, 496907).
cost(7, 8, 47215).
cost(7, 9, 387241).
cost(7, 10, 264003).
cost(7, 11, 323658).
cost(7, 12, 381362).
cost(7, 13, 511877).
cost(7, 14, 505348).
cost(7, 15, 400112).
cost(7, 16, 269830).
cost(7, 17, 298008).
cost(7, 18, 320469).
cost(7, 19, 289183).
cost(7, 20, 461840).
cost(7, 21, 192179).
cost(7, 22, 656809).
cost(7, 23, 325880).
cost(7, 24, 90087).
cost(8, 1, 373434).
cost(8, 2, 509697).
cost(8, 3, 369224).
cost(8, 4, 343112).
cost(8, 5, 255351).
cost(8, 6, 514562).
cost(8, 7, 47215).
cost(8, 9, 433109).
cost(8, 10, 239368).
cost(8, 11, 370327).
cost(8, 12, 427826).
cost(8, 13, 532123).
cost(8, 14, 520892).
cost(8, 15, 442584).
cost(8, 16, 313471).
cost(8, 17, 336117).
cost(8, 18, 357249).
cost(8, 19, 322399).
cost(8, 20, 508611).
cost(8, 21, 224928).
cost(8, 22, 696352).
cost(8, 23, 371947).
cost(8, 24, 110390).
cost(9, 1, 62726).
cost(9, 2, 76827).
cost(9, 3, 379967).
cost(9, 4, 341742).
cost(9, 5, 280038).
cost(9, 6, 426385).
cost(9, 7, 387241).
cost(9, 8, 433109).
cost(9, 10, 542489).
cost(9, 11, 159535).
cost(9, 12, 168841).
cost(9, 13, 412753).
cost(9, 14, 624793).
cost(9, 15, 281542).
cost(9, 16, 244732).
cost(9, 17, 317549).
cost(9, 18, 176873).
cost(9, 19, 218894).
cost(9, 20, 87792).
cost(9, 21, 353724).
cost(9, 22, 495962).
cost(9, 23, 182866).
cost(9, 24, 400666).
cost(10, 1, 497643).
cost(10, 2, 615053).
cost(10, 3, 599449).
cost(10, 4, 276632).
cost(10, 5, 467456).
cost(10, 6, 409366).
cost(10, 7, 264003).
cost(10, 8, 239368).
cost(10, 9, 542489).
cost(10, 11, 543917).
cost(10, 12, 601550).
cost(10, 13, 438583).
cost(10, 14, 759624).
cost(10, 15, 646900).
cost(10, 16, 515896).
cost(10, 17, 557035).
cost(10, 18, 395295).
cost(10, 19, 346459).
cost(10, 20, 629517).
cost(10, 21, 456018).
cost(10, 22, 909571).
cost(10, 23, 553793).
cost(10, 24, 348506).
cost(11, 1, 118616).
cost(11, 2, 207400).
cost(11, 3, 220849).
cost(11, 4, 418583).
cost(11, 5, 146149).
cost(11, 6, 543260).
cost(11, 7, 323658).
cost(11, 8, 370327).
cost(11, 9, 159535).
cost(11, 10, 543917).
cost(11, 12, 58445).
cost(11, 13, 536946).
cost(11, 14, 465305).
cost(11, 15, 136152).
cost(11, 16, 93843).
cost(11, 17, 159950).
cost(11, 18, 275982).
cost(11, 19, 297970).
cost(11, 20, 181806).
cost(11, 21, 220687).
cost(11, 22, 387965).
cost(11, 23, 23972).
cost(11, 24, 301971).
cost(12, 1, 148165).
cost(12, 2, 195169).
cost(12, 3, 234803).
cost(12, 4, 464870).
cost(12, 5, 193792).
cost(12, 6, 579316).
cost(12, 7, 381362).
cost(12, 8, 427826).
cost(12, 9, 168841).
cost(12, 10, 601550).
cost(12, 11, 58445).
cost(12, 13, 570132).
cost(12, 14, 471701).
cost(12, 15, 113651).
cost(12, 16, 134424).
cost(12, 17, 182857).
cost(12, 18, 313834).
cost(12, 19, 341590).
cost(12, 20, 160780).
cost(12, 21, 265094).
cost(12, 22, 342103).
cost(12, 23, 57913).
cost(12, 24, 355426).
cost(13, 1, 422378).
cost(13, 2, 441349).
cost(13, 3, 722773).
cost(13, 4, 189260).
cost(13, 5, 579294).
cost(13, 6, 34832).
cost(13, 7, 511877).
cost(13, 8, 532123).
cost(13, 9, 412753).
cost(13, 10, 438583).
cost(13, 11, 536946).
cost(13, 12, 570132).
cost(13, 14, 956665).
cost(13, 15, 672992).
cost(13, 16, 583819).
cost(13, 17, 658522).
cost(13, 18, 262220).
cost(13, 19, 254565).
cost(13, 20, 479430).
cost(13, 21, 625386).
cost(13, 22, 907783).
cost(13, 23, 559674).
cost(13, 24, 587530).
cost(14, 1, 577300).
cost(14, 2, 666104).
cost(14, 3, 245392).
cost(14, 4, 792301).
cost(14, 5, 378019).
cost(14, 6, 952752).
cost(14, 7, 505348).
cost(14, 8, 520892).
cost(14, 9, 624793).
cost(14, 10, 759624).
cost(14, 11, 465305).
cost(14, 12, 471701).
cost(14, 13, 956665).
cost(14, 15, 366435).
cost(14, 16, 386401).
cost(14, 17, 309810).
cost(14, 18, 702416).
cost(14, 19, 702193).
cost(14, 20, 632422).
cost(14, 21, 335615).
cost(14, 22, 413859).
cost(14, 23, 442292).
cost(14, 24, 415557).
cost(15, 1, 252361).
cost(15, 2, 306874).
cost(15, 3, 148401).
cost(15, 4, 551038).
cost(15, 5, 187255).
cost(15, 6, 679392).
cost(15, 7, 400112).
cost(15, 8, 442584).
cost(15, 9, 281542).
cost(15, 10, 646900).
cost(15, 11, 136152).
cost(15, 12, 113651).
cost(15, 13, 672992).
cost(15, 14, 366435).
cost(15, 16, 131463).
cost(15, 17, 123134).
cost(15, 18, 412111).
cost(15, 19, 432683).
cost(15, 20, 269896).
cost(15, 21, 236892).
cost(15, 22, 263987).
cost(15, 23, 114181).
cost(15, 24, 349315).
cost(16, 1, 192050).
cost(16, 2, 299805).
cost(16, 3, 142204).
cost(16, 4, 441217).
cost(16, 5, 61861).
cost(16, 6, 585036).
cost(16, 7, 269830).
cost(16, 8, 313471).
cost(16, 9, 244732).
cost(16, 10, 515896).
cost(16, 11, 93843).
cost(16, 12, 134424).
cost(16, 13, 583819).
cost(16, 14, 386401).
cost(16, 15, 131463).
cost(16, 17, 76938).
cost(16, 18, 322942).
cost(16, 19, 332102).
cost(16, 20, 275601).
cost(16, 21, 130670).
cost(16, 22, 393816).
cost(16, 23, 78859).
cost(16, 24, 227636).
cost(17, 1, 267672).
cost(17, 2, 366788).
cost(17, 3, 65294).
cost(17, 4, 509987).
cost(17, 5, 92226).
cost(17, 6, 658589).
cost(17, 7, 298008).
cost(17, 8, 336117).
cost(17, 9, 317549).
cost(17, 10, 557035).
cost(17, 11, 159950).
cost(17, 12, 182857).
cost(17, 13, 658522).
cost(17, 14, 309810).
cost(17, 15, 123134).
cost(17, 16, 76938).
cost(17, 18, 398690).
cost(17, 19, 405382).
cost(17, 20, 338339).
cost(17, 21, 117378).
cost(17, 22, 360515).
cost(17, 23, 138987).
cost(17, 24, 234590).
cost(18, 1, 166298).
cost(18, 2, 234902).
cost(18, 3, 463590).
cost(18, 4, 165229).
cost(18, 5, 324836).
cost(18, 6, 267281).
cost(18, 7, 320469).
cost(18, 8, 357249).
cost(18, 9, 176873).
cost(18, 10, 395295).
cost(18, 11, 275982).
cost(18, 12, 313834).
cost(18, 13, 262220).
cost(18, 14, 702416).
cost(18, 15, 412111).
cost(18, 16, 322942).
cost(18, 17, 398690).
cost(18, 19, 49071).
cost(18, 20, 261129).
cost(18, 21, 380417).
cost(18, 22, 655500).
cost(18, 23, 298232).
cost(18, 24, 372461).
cost(19, 1, 198112).
cost(19, 2, 281317).
cost(19, 3, 469066).
cost(19, 4, 125006).
cost(19, 5, 324739).
cost(19, 6, 253207).
cost(19, 7, 289183).
cost(19, 8, 322399).
cost(19, 9, 218894).
cost(19, 10, 346459).
cost(19, 11, 297970).
cost(19, 12, 341590).
cost(19, 13, 254565).
cost(19, 14, 702193).
cost(19, 15, 432683).
cost(19, 16, 332102).
cost(19, 17, 405382).
cost(19, 18, 49071).
cost(19, 20, 305187).
cost(19, 21, 372661).
cost(19, 22, 683475).
cost(19, 23, 318650).
cost(19, 24, 349839).
cost(20, 1, 136747).
cost(20, 2, 42054).
cost(20, 3, 394344).
cost(20, 4, 426331).
cost(20, 5, 323764).
cost(20, 6, 496835).
cost(20, 7, 461840).
cost(20, 8, 508611).
cost(20, 9, 87792).
cost(20, 10, 629517).
cost(20, 11, 181806).
cost(20, 12, 160780).
cost(20, 13, 479430).
cost(20, 14, 632422).
cost(20, 15, 269896).
cost(20, 16, 275601).
cost(20, 17, 338339).
cost(20, 18, 261129).
cost(20, 19, 305187).
cost(20, 21, 399191).
cost(20, 22, 444136).
cost(20, 23, 199979).
cost(20, 24, 463943).
cost(21, 1, 293439).
cost(21, 2, 418259).
cost(21, 3, 144449).
cost(21, 4, 456827).
cost(21, 5, 75430).
cost(21, 6, 619400).
cost(21, 7, 192179).
cost(21, 8, 224928).
cost(21, 9, 353724).
cost(21, 10, 456018).
cost(21, 11, 220687).
cost(21, 12, 265094).
cost(21, 13, 625386).
cost(21, 14, 335615).
cost(21, 15, 236892).
cost(21, 16, 130670).
cost(21, 17, 117378).
cost(21, 18, 380417).
cost(21, 19, 372661).
cost(21, 20, 399191).
cost(21, 22, 475987).
cost(21, 23, 208924).
cost(21, 24, 118625).
cost(22, 1, 489254).
cost(22, 2, 486144).
cost(22, 3, 340888).
cost(22, 4, 805938).
cost(22, 5, 444021).
cost(22, 6, 919137).
cost(22, 7, 656809).
cost(22, 8, 696352).
cost(22, 9, 495962).
cost(22, 10, 909571).
cost(22, 11, 387965).
cost(22, 12, 342103).
cost(22, 13, 907783).
cost(22, 14, 413859).
cost(22, 15, 263987).
cost(22, 16, 393816).
cost(22, 17, 360515).
cost(22, 18, 655500).
cost(22, 19, 683475).
cost(22, 20, 444136).
cost(22, 21, 475987).
cost(22, 23, 370301).
cost(22, 24, 594429).
cost(23, 1, 142491).
cost(23, 2, 227827).
cost(23, 3, 198441).
cost(23, 4, 437999).
cost(23, 5, 136370).
cost(23, 6, 565470).
cost(23, 7, 325880).
cost(23, 8, 371947).
cost(23, 9, 182866).
cost(23, 10, 553793).
cost(23, 11, 23972).
cost(23, 12, 57913).
cost(23, 13, 559674).
cost(23, 14, 442292).
cost(23, 15, 114181).
cost(23, 16, 78859).
cost(23, 17, 138987).
cost(23, 18, 298232).
cost(23, 19, 318650).
cost(23, 20, 199979).
cost(23, 21, 208924).
cost(23, 22, 370301).
cost(23, 24, 297551).
cost(24, 1, 337988).
cost(24, 2, 473797).
cost(24, 3, 261179).
cost(24, 4, 404477).
cost(24, 5, 165897).
cost(24, 6, 575323).
cost(24, 7, 90087).
cost(24, 8, 110390).
cost(24, 9, 400666).
cost(24, 10, 348506).
cost(24, 11, 301971).
cost(24, 12, 355426).
cost(24, 13, 587530).
cost(24, 14, 415557).
cost(24, 15, 349315).
cost(24, 16, 227636).
cost(24, 17, 234590).
cost(24, 18, 372461).
cost(24, 19, 349839).
cost(24, 20, 463943).
cost(24, 21, 118625).
cost(24, 22, 594429).
cost(24, 23, 297551).
