dimension(24).
point(1, -359061.0, -1829.0).
point(2, 85483.0, -255136.0).
point(3, -319768.0, 67213.0).
point(4, -174358.0, 13685.0).
point(5, 166718.0, -151689.0).
point(6, 90011.0, -555894.0).
point(7, 171077.0, -107795.0).
point(8, 205531.0, 334317.0).
point(9, 74600.0, -124239.0).
point(10, -125283.0, -205350.0).
point(11, 32294.0, 28054.0).
point(12, 79711.0, 276864.0).
point(13, -380733.0, -208948.0).
point(14, 360384.0, 232967.0).
point(15, 36702.0, -18666.0).
point(16, -179687.0, 191430.0).
point(17, 282765.0, -161836.0).
point(18, 249727.0, 40286.0).
point(19, -141085.0, -159478.0).
point(20, 33097.0, 360844.0).
point(21, 9644.0, -48933.0).
point(22, -46962.0, 114015.0).
point(23, 193223.0, 27154.0).
point(24, -75896.0, 100589.0).
cost(1, 2, 511648).
cost(1, 3, 79440).
cost(1, 4, 185353).
cost(1, 5, 546719).
cost(1, 6, 713200).
cost(1, 7, 540625).
cost(1, 8, 657083).
cost(1, 9, 450606).
cost(1, 10, 309956).
cost(1, 11, 392494).
cost(1, 12, 519799).
cost(1, 13, 208250).
cost(1, 14, 756789).
cost(1, 15, 396121).
cost(1, 16, 263674).
cost(1, 17, 661470).
cost(1, 18, 610243).
cost(1, 19, 269011).
cost(1, 20, 534153).
cost(1, 21, 371702).
cost(1, 22, 332905).
cost(1, 23, 553044).
cost(1, 24, 301118).
cost(2, 1, 511648).
cost(2, 3, 517820).
cost(2, 4, 373874).
cost(2, 5, 131531).
cost(2, 6, 300792).
cost(2, 7, 170399).
cost(2, 8, 601553).
cost(2, 9, 131349).
cost(2, 10, 216566).
cost(2, 11, 288142).
cost(2, 12, 532031).
cost(2, 13, 468498).
cost(2, 14, 560192).
cost(2, 15, 241449).
cost(2, 16, 519361).
cost(2, 17, 218232).
cost(2, 18, 338009).
cost(2, 19, 245934).
cost(2, 20, 618204).
cost(2, 21, 219707).
cost(2, 22, 392191).
cost(2, 23, 302152).
cost(2, 24, 390619).
cost(3, 1, 79440).
cost(3, 2, 517820).
cost(3, 4, 154949).
cost(3, 5, 533467).
cost(3, 6, 745776).
cost(3, 7, 521111).
cost(3, 8, 589308).
cost(3, 9, 438383).
cost(3, 10, 334836).
cost(3, 11, 354233).
cost(3, 12, 451151).
cost(3, 13, 282810).
cost(3, 14, 700058).
cost(3, 15, 366669).
cost(3, 16, 187223).
cost(3, 17, 644600).
cost(3, 18, 570131).
cost(3, 19, 288646).
cost(3, 20, 459057).
cost(3, 21, 349288).
cost(3, 22, 276792).
cost(3, 23, 514553).
cost(3, 24, 246145).
cost(4, 1, 185353).
cost(4, 2, 373874).
cost(4, 3, 154949).
cost(4, 5, 379053).
cost(4, 6, 627942).
cost(4, 7, 366173).
cost(4, 8, 497112).
cost(4, 9, 284610).
cost(4, 10, 224465).
cost(4, 11, 207151).
cost(4, 12, 365806).
cost(4, 13, 303572).
cost(4, 14, 577956).
cost(4, 15, 213525).
cost(4, 16, 177825).
cost(4, 17, 489662).
cost(4, 18, 424918).
cost(4, 19, 176331).
cost(4, 20, 404422).
cost(4, 21, 194365).
cost(4, 22, 162160).
cost(4, 23, 367828).
cost(4, 24, 131328).
cost(5, 1, 546719).
cost(5, 2, 131531).
cost(5, 3, 533467).
cost(5, 4, 379053).
cost(5, 6, 411419).
cost(5, 7, 44110).
cost(5, 8, 487553).
cost(5, 9, 96121).
cost(5, 10, 296891).
cost(5, 11, 224449).
cost(5, 12, 437296).
cost(5, 13, 550437).
cost(5, 14, 430659).
cost(5, 15, 186009).
cost(5, 16, 487573).
cost(5, 17, 116490).
cost(5, 18, 209153).
cost(5, 19, 307902).
cost(5, 20, 529665).
cost(5, 21, 187699).
cost(5, 22, 340966).
cost(5, 23, 180796).
cost(5, 24, 350008).
cost(6, 1, 713200).
cost(6, 2, 300792).
cost(6, 3, 745776).
cost(6, 4, 627942).
cost(6, 5, 411419).
cost(6, 7, 455373).
cost(6, 8, 897675).
cost(6, 9, 431930).
cost(6, 10, 411379).
cost(6, 11, 586793).
cost(6, 12, 832822).
cost(6, 13, 584783).
cost(6, 14, 833908).
cost(6, 15, 539866).
cost(6, 16, 794500).
cost(6, 17, 438675).
cost(6, 18, 617203).
cost(6, 19, 458858).
cost(6, 20, 918503).
cost(6, 21, 513292).
cost(6, 22, 683769).
cost(6, 23, 592113).
cost(6, 24, 677123).
cost(7, 1, 540625).
cost(7, 2, 170399).
cost(7, 3, 521111).
cost(7, 4, 366173).
cost(7, 5, 44110).
cost(7, 6, 455373).
cost(7, 8, 443452).
cost(7, 9, 97868).
cost(7, 10, 312004).
cost(7, 11, 194205).
cost(7, 12, 395361).
cost(7, 13, 561005).
cost(7, 14, 389815).
cost(7, 15, 161247).
cost(7, 16, 461054).
cost(7, 17, 124075).
cost(7, 18, 167672).
cost(7, 19, 316412).
cost(7, 20, 488529).
cost(7, 21, 171829).
cost(7, 22, 311032).
cost(7, 23, 136754).
cost(7, 24, 323140).
cost(8, 1, 657083).
cost(8, 2, 601553).
cost(8, 3, 589308).
cost(8, 4, 497112).
cost(8, 5, 487553).
cost(8, 6, 897675).
cost(8, 7, 443452).
cost(8, 9, 476882).
cost(8, 10, 632992).
cost(8, 11, 351864).
cost(8, 12, 138317).
cost(8, 13, 799276).
cost(8, 14, 185071).
cost(8, 15, 391280).
cost(8, 16, 410864).
cost(8, 17, 502128).
cost(8, 18, 297334).
cost(8, 19, 603304).
cost(8, 20, 174463).
cost(8, 21, 430409).
cost(8, 22, 335091).
cost(8, 23, 307409).
cost(8, 24, 365828).
cost(9, 1, 450606).
cost(9, 2, 131349).
cost(9, 3, 438383).
cost(9, 4, 284610).
cost(9, 5, 96121).
cost(9, 6, 431930).
cost(9, 7, 97868).
cost(9, 8, 476882).
cost(9, 10, 215713).
cost(9, 11, 158060).
cost(9, 12, 401136).
cost(9, 13, 463146).
cost(9, 14, 457459).
cost(9, 15, 112169).
cost(9, 16, 405350).
cost(9, 17, 211533).
cost(9, 18, 240287).
cost(9, 19, 218545).
cost(9, 20, 486855).
cost(9, 21, 99450).
cost(9, 22, 267474).
cost(9, 23, 192331).
cost(9, 24, 270549).
cost(10, 1, 309956).
cost(10, 2, 216566).
cost(10, 3, 334836).
cost(10, 4, 224465).
cost(10, 5, 296891).
cost(10, 6, 411379).
cost(10, 7, 312004).
cost(10, 8, 632992).
cost(10, 9, 215713).
cost(10, 11, 281617).
cost(10, 12, 523978).
cost(10, 13, 255475).
cost(10, 14, 654213).
cost(10, 15, 247164).
cost(10, 16, 400492).
cost(10, 17, 410362).
cost(10, 18, 448296).
cost(10, 19, 48517).
cost(10, 20, 587928).
cost(10, 21, 206571).
cost(10, 22, 328828).
cost(10, 23, 394340).
cost(10, 24, 309900).
cost(11, 1, 392494).
cost(11, 2, 288142).
cost(11, 3, 354233).
cost(11, 4, 207151).
cost(11, 5, 224449).
cost(11, 6, 586793).
cost(11, 7, 194205).
cost(11, 8, 351864).
cost(11, 9, 158060).
cost(11, 10, 281617).
cost(11, 12, 253288).
cost(11, 13, 476195).
cost(11, 14, 386823).
cost(11, 15, 46927).
cost(11, 16, 267633).
cost(11, 17, 314315).
cost(11, 18, 217777).
cost(11, 19, 255399).
cost(11, 20, 332791).
cost(11, 21, 80250).
cost(11, 22, 116922).
cost(11, 23, 160932).
cost(11, 24, 130255).
cost(12, 1, 519799).
cost(12, 2, 532031).
cost(12, 3, 451151).
cost(12, 4, 365806).
cost(12, 5, 437296).
cost(12, 6, 832822).
cost(12, 7, 395361).
cost(12, 8, 138317).
cost(12, 9, 401136).
cost(12, 10, 523978).
cost(12, 11, 253288).
cost(12, 13, 669344).
cost(12, 14, 284085).
cost(12, 15, 298643).
cost(12, 16, 273105).
cost(12, 17, 483414).
cost(12, 18, 291332).
cost(12, 19, 489025).
cost(12, 20, 96049).
cost(12, 21, 333246).
cost(12, 22, 206315).
cost(12, 23, 274299).
cost(12, 24, 235131).
cost(13, 1, 208250).
cost(13, 2, 468498).
cost(13, 3, 282810).
cost(13, 4, 303572).
cost(13, 5, 550437).
cost(13, 6, 584783).
cost(13, 7, 561005).
cost(13, 8, 799276).
cost(13, 9, 463146).
cost(13, 10, 255475).
cost(13, 11, 476195).
cost(13, 12, 669344).
cost(13, 14, 862869).
cost(13, 15, 458758).
cost(13, 16, 448020).
cost(13, 17, 665169).
cost(13, 18, 677936).
cost(13, 19, 244701).
cost(13, 20, 704215).
cost(13, 21, 421899).
cost(13, 22, 464444).
cost(13, 23, 620620).
cost(13, 24, 434441).
cost(14, 1, 756789).
cost(14, 2, 560192).
cost(14, 3, 700058).
cost(14, 4, 577956).
cost(14, 5, 430659).
cost(14, 6, 833908).
cost(14, 7, 389815).
cost(14, 8, 185071).
cost(14, 9, 457459).
cost(14, 10, 654213).
cost(14, 11, 386823).
cost(14, 12, 284085).
cost(14, 13, 862869).
cost(14, 15, 409987).
cost(14, 16, 541666).
cost(14, 17, 402361).
cost(14, 18, 222196).
cost(14, 19, 636776).
cost(14, 20, 351382).
cost(14, 21, 449985).
cost(14, 22, 424359).
cost(14, 23, 265145).
cost(14, 24, 455921).
cost(15, 1, 396121).
cost(15, 2, 241449).
cost(15, 3, 366669).
cost(15, 4, 213525).
cost(15, 5, 186009).
cost(15, 6, 539866).
cost(15, 7, 161247).
cost(15, 8, 391280).
cost(15, 9, 112169).
cost(15, 10, 247164).
cost(15, 11, 46927).
cost(15, 12, 298643).
cost(15, 13, 458758).
cost(15, 14, 409987).
cost(15, 16, 301603).
cost(15, 17, 284683).
cost(15, 18, 221032).
cost(15, 19, 226796).
cost(15, 20, 379527).
cost(15, 21, 40598).
cost(15, 22, 156856).
cost(15, 23, 163090).
cost(15, 24, 164012).
cost(16, 1, 263674).
cost(16, 2, 519361).
cost(16, 3, 187223).
cost(16, 4, 177825).
cost(16, 5, 487573).
cost(16, 6, 794500).
cost(16, 7, 461054).
cost(16, 8, 410864).
cost(16, 9, 405350).
cost(16, 10, 400492).
cost(16, 11, 267633).
cost(16, 12, 273105).
cost(16, 13, 448020).
cost(16, 14, 541666).
cost(16, 15, 301603).
cost(16, 17, 581944).
cost(16, 18, 455237).
cost(16, 19, 353025).
cost(16, 20, 271989).
cost(16, 21, 305975).
cost(16, 22, 153652).
cost(16, 23, 407490).
cost(16, 24, 137930).
cost(17, 1, 661470).
cost(17, 2, 218232).
cost(17, 3, 644600).
cost(17, 4, 489662).
cost(17, 5, 116490).
cost(17, 6, 438675).
cost(17, 7, 124075).
cost(17, 8, 502128).
cost(17, 9, 211533).
cost(17, 10, 410362).
cost(17, 11, 314315).
cost(17, 12, 483414).
cost(17, 13, 665169).
cost(17, 14, 402361).
cost(17, 15, 284683).
cost(17, 16, 581944).
cost(17, 18, 204804).
cost(17, 19, 423857).
cost(17, 20, 579248).
cost(17, 21, 295537).
cost(17, 22, 429900).
cost(17, 23, 209129).
cost(17, 24, 444415).
cost(18, 1, 610243).
cost(18, 2, 338009).
cost(18, 3, 570131).
cost(18, 4, 424918).
cost(18, 5, 209153).
cost(18, 6, 617203).
cost(18, 7, 167672).
cost(18, 8, 297334).
cost(18, 9, 240287).
cost(18, 10, 448296).
cost(18, 11, 217777).
cost(18, 12, 291332).
cost(18, 13, 677936).
cost(18, 14, 222196).
cost(18, 15, 221032).
cost(18, 16, 455237).
cost(18, 17, 204804).
cost(18, 19, 438907).
cost(18, 20, 386893).
cost(18, 21, 256125).
cost(18, 22, 305713).
cost(18, 23, 58010).
cost(18, 24, 331160).
cost(19, 1, 269011).
cost(19, 2, 245934).
cost(19, 3, 288646).
cost(19, 4, 176331).
cost(19, 5, 307902).
cost(19, 6, 458858).
cost(19, 7, 316412).
cost(19, 8, 603304).
cost(19, 9, 218545).
cost(19, 10, 48517).
cost(19, 11, 255399).
cost(19, 12, 489025).
cost(19, 13, 244701).
cost(19, 14, 636776).
cost(19, 15, 226796).
cost(19, 16, 353025).
cost(19, 17, 423857).
cost(19, 18, 438907).
cost(19, 20, 548702).
cost(19, 21, 186921).
cost(19, 22, 289236).
cost(19, 23, 382875).
cost(19, 24, 268113).
cost(20, 1, 534153).
cost(20, 2, 618204).
cost(20, 3, 459057).
cost(20, 4, 404422).
cost(20, 5, 529665).
cost(20, 6, 918503).
cost(20, 7, 488529).
cost(20, 8, 174463).
cost(20, 9, 486855).
cost(20, 10, 587928).
cost(20, 11, 332791).
cost(20, 12, 96049).
cost(20, 13, 704215).
cost(20, 14, 351382).
cost(20, 15, 379527).
cost(20, 16, 271989).
cost(20, 17, 579248).
cost(20, 18, 386893).
cost(20, 19, 548702).
cost(20, 21, 410448).
cost(20, 22, 259488).
cost(20, 23, 370121).
cost(20, 24, 282156).
cost(21, 1, 371702).
cost(21, 2, 219707).
cost(21, 3, 349288).
cost(21, 4, 194365).
cost(21, 5, 187699).
cost(21, 6, 513292).
cost(21, 7, 171829).
cost(21, 8, 430409).
cost(21, 9, 99450).
cost(21, 10, 206571).
cost(21, 11, 80250).
cost(21, 12, 333246).
cost(21, 13, 421899).
cost(21, 14, 449985).
cost(21, 15, 40598).
cost(21, 16, 305975).
cost(21, 17, 295537).
cost(21, 18, 256125).
cost(21, 19, 186921).
cost(21, 20, 410448).
cost(21, 22, 172500).
cost(21, 23, 198722).
cost(21, 24, 172261).
cost(22, 1, 332905).
cost(22, 2, 392191).
cost(22, 3, 276792).
cost(22, 4, 162160).
cost(22, 5, 340966).
cost(22, 6, 683769).
cost(22, 7, 311032).
cost(22, 8, 335091).
cost(22, 9, 267474).
cost(22, 10, 328828).
cost(22, 11, 116922).
cost(22, 12, 206315).
cost(22, 13, 464444).
cost(22, 14, 424359).
cost(22, 15, 156856).
cost(22, 16, 153652).
cost(22, 17, 429900).
cost(22, 18, 305713).
cost(22, 19, 289236).
cost(22, 20, 259488).
cost(22, 21, 172500).
cost(22, 23, 255409).
cost(22, 24, 31897).
cost(23, 1, 553044).
cost(23, 2, 302152).
cost(23, 3, 514553).
cost(23, 4, 367828).
cost(23, 5, 180796).
cost(23, 6, 592113).
cost(23, 7, 136754).
cost(23, 8, 307409).
cost(23, 9, 192331).
cost(23, 10, 394340).
cost(23, 11, 160932).
cost(23, 12, 274299).
cost(23, 13, 620620).
cost(23, 14, 265145).
cost(23, 15, 163090).
cost(23, 16, 407490).
cost(23, 17, 209129).
cost(23, 18, 58010).
cost(23, 19, 382875).
cost(23, 20, 370121).
cost(23, 21, 198722).
cost(23, 22, 255409).
cost(23, 24, 278958).
cost(24, 1, 301118).
cost(24, 2, 390619).
cost(24, 3, 246145).
cost(24, 4, 131328).
cost(24, 5, 350008).
cost(24, 6, 677123).
cost(24, 7, 323140).
cost(24, 8, 365828).
cost(24, 9, 270549).
cost(24, 10, 309900).
cost(24, 11, 130255).
cost(24, 12, 235131).
cost(24, 13, 434441).
cost(24, 14, 455921).
cost(24, 15, 164012).
cost(24, 16, 137930).
cost(24, 17, 444415).
cost(24, 18, 331160).
cost(24, 19, 268113).
cost(24, 20, 282156).
cost(24, 21, 172261).
cost(24, 22, 31897).
cost(24, 23, 278958).
