dimension(24).
point(1, 102716.0, 209770.0).
point(2, 2636.0, 31602.0).
point(3, -185795.0, -92219.0).
point(4, 132770.0, 245513.0).
point(5, -302177.0, -234411.0).
point(6, -41589.0, 109300.0).
point(7, -13829.0, 404812.0).
point(8, 284142.0, 157561.0).
point(9, 159780.0, 216979.0).
point(10, 113865.0, -10398.0).
point(11, 251735.0, -16139.0).
point(12, 307363.0, 254513.0).
point(13, 124105.0, -202622.0).
point(14, 88511.0, -21927.0).
point(15, -266782.0, 288722.0).
point(16, 385156.0, 564446.0).
point(17, -312786.0, -186641.0).
point(18, 182055.0, -13705.0).
point(19, -143539.0, -326385.0).
point(20, 59789.0, 15211.0).
point(21, 418778.0, -71589.0).
point(22, 135968.0, -190503.0).
point(23, -22579.0, -9467.0).
point(24, 83178.0, -1544.0).
cost(1, 2, 204352).
cost(1, 3, 417655).
cost(1, 4, 46699).
cost(1, 5, 601028).
cost(1, 6, 175836).
cost(1, 7, 227209).
cost(1, 8, 188789).
cost(1, 9, 57518).
cost(1, 10, 220450).
cost(1, 11, 270632).
cost(1, 12, 209481).
cost(1, 13, 412946).
cost(1, 14, 232132).
cost(1, 15, 377839).
cost(1, 16, 453395).
cost(1, 17, 574268).
cost(1, 18, 237141).
cost(1, 19, 590003).
cost(1, 20, 199238).
cost(1, 21, 423153).
cost(1, 22, 401652).
cost(1, 23, 252515).
cost(1, 24, 212215).
cost(2, 1, 204352).
cost(2, 3, 225473).
cost(2, 4, 250385).
cost(2, 5, 404566).
cost(2, 6, 89403).
cost(2, 7, 373573).
cost(2, 8, 308401).
cost(2, 9, 243020).
cost(2, 10, 118894).
cost(2, 11, 253633).
cost(2, 12, 377555).
cost(2, 13, 263848).
cost(2, 14, 101192).
cost(2, 15, 372420).
cost(2, 16, 655930).
cost(2, 17, 383564).
cost(2, 18, 185051).
cost(2, 19, 386681).
cost(2, 20, 59457).
cost(2, 21, 428745).
cost(2, 22, 259052).
cost(2, 23, 48192).
cost(2, 24, 87096).
cost(3, 1, 417655).
cost(3, 2, 225473).
cost(3, 4, 464270).
cost(3, 5, 183748).
cost(3, 6, 247801).
cost(3, 7, 525939).
cost(3, 8, 532194).
cost(3, 9, 463708).
cost(3, 10, 310630).
cost(3, 11, 444095).
cost(3, 12, 602850).
cost(3, 13, 328978).
cost(3, 14, 283169).
cost(3, 15, 389455).
cost(3, 16, 870169).
cost(3, 17, 158247).
cost(3, 18, 376136).
cost(3, 19, 237948).
cost(3, 20, 268054).
cost(3, 21, 604925).
cost(3, 22, 336439).
cost(3, 23, 182996).
cost(3, 24, 283846).
cost(4, 1, 46699).
cost(4, 2, 250385).
cost(4, 3, 464270).
cost(4, 5, 647693).
cost(4, 6, 221258).
cost(4, 7, 216489).
cost(4, 8, 175069).
cost(4, 9, 39290).
cost(4, 10, 256608).
cost(4, 11, 287427).
cost(4, 12, 174825).
cost(4, 13, 448219).
cost(4, 14, 271078).
cost(4, 15, 401882).
cost(4, 16, 406715).
cost(4, 17, 620707).
cost(4, 18, 263862).
cost(4, 19, 635149).
cost(4, 20, 241589).
cost(4, 21, 427030).
cost(4, 22, 436028).
cost(4, 23, 298577).
cost(4, 24, 251985).
cost(5, 1, 601028).
cost(5, 2, 404566).
cost(5, 3, 183748).
cost(5, 4, 647693).
cost(5, 6, 431327).
cost(5, 7, 701249).
cost(5, 8, 705274).
cost(5, 9, 645877).
cost(5, 10, 472517).
cost(5, 11, 595366).
cost(5, 12, 781400).
cost(5, 13, 427466).
cost(5, 14, 444732).
cost(5, 15, 524329).
cost(5, 16, 1053850).
cost(5, 17, 48934).
cost(5, 18, 532158).
cost(5, 19, 183372).
cost(5, 20, 439694).
cost(5, 21, 739112).
cost(5, 22, 440340).
cost(5, 23, 358852).
cost(5, 24, 450251).
cost(6, 1, 175836).
cost(6, 2, 89403).
cost(6, 3, 247801).
cost(6, 4, 221258).
cost(6, 5, 431327).
cost(6, 7, 296813).
cost(6, 8, 329287).
cost(6, 9, 228351).
cost(6, 10, 196198).
cost(6, 11, 319020).
cost(6, 12, 377961).
cost(6, 13, 353199).
cost(6, 14, 184788).
cost(6, 15, 287931).
cost(6, 16, 623914).
cost(6, 17, 401409).
cost(6, 18, 255239).
cost(6, 19, 447454).
cost(6, 20, 138312).
cost(6, 21, 494630).
cost(6, 22, 348437).
cost(6, 23, 120279).
cost(6, 24, 166893).
cost(7, 1, 227209).
cost(7, 2, 373573).
cost(7, 3, 525939).
cost(7, 4, 216489).
cost(7, 5, 701249).
cost(7, 6, 296813).
cost(7, 8, 387195).
cost(7, 9, 255776).
cost(7, 10, 434402).
cost(7, 11, 497719).
cost(7, 12, 354618).
cost(7, 13, 622898).
cost(7, 14, 438839).
cost(7, 15, 278320).
cost(7, 16, 429735).
cost(7, 17, 662716).
cost(7, 18, 462090).
cost(7, 19, 742613).
cost(7, 20, 396495).
cost(7, 21, 643511).
cost(7, 22, 613872).
cost(7, 23, 414371).
cost(7, 24, 417775).
cost(8, 1, 188789).
cost(8, 2, 308401).
cost(8, 3, 532194).
cost(8, 4, 175069).
cost(8, 5, 705274).
cost(8, 6, 329287).
cost(8, 7, 387195).
cost(8, 9, 137827).
cost(8, 10, 239175).
cost(8, 11, 176697).
cost(8, 12, 99694).
cost(8, 13, 394137).
cost(8, 14, 265495).
cost(8, 15, 566322).
cost(8, 16, 419236).
cost(8, 17, 689056).
cost(8, 18, 199384).
cost(8, 19, 645844).
cost(8, 20, 265702).
cost(8, 21, 265775).
cost(8, 22, 378291).
cost(8, 23, 349251).
cost(8, 24, 256322).
cost(9, 1, 57518).
cost(9, 2, 243020).
cost(9, 3, 463708).
cost(9, 4, 39290).
cost(9, 5, 645877).
cost(9, 6, 228351).
cost(9, 7, 255776).
cost(9, 8, 137827).
cost(9, 10, 231967).
cost(9, 11, 250599).
cost(9, 12, 152281).
cost(9, 13, 421115).
cost(9, 14, 249310).
cost(9, 15, 432553).
cost(9, 16, 414159).
cost(9, 17, 621472).
cost(9, 18, 231757).
cost(9, 19, 622292).
cost(9, 20, 225186).
cost(9, 21, 387752).
cost(9, 22, 408177).
cost(9, 23, 290745).
cost(9, 24, 231560).
cost(10, 1, 220450).
cost(10, 2, 118894).
cost(10, 3, 310630).
cost(10, 4, 256608).
cost(10, 5, 472517).
cost(10, 6, 196198).
cost(10, 7, 434402).
cost(10, 8, 239175).
cost(10, 9, 231967).
cost(10, 11, 137989).
cost(10, 12, 328054).
cost(10, 13, 192497).
cost(10, 14, 27852).
cost(10, 15, 484113).
cost(10, 16, 635645).
cost(10, 17, 461620).
cost(10, 18, 68270).
cost(10, 19, 407559).
cost(10, 20, 59833).
cost(10, 21, 310992).
cost(10, 22, 181456).
cost(10, 23, 136447).
cost(10, 24, 31939).
cost(11, 1, 270632).
cost(11, 2, 253633).
cost(11, 3, 444095).
cost(11, 4, 287427).
cost(11, 5, 595366).
cost(11, 6, 319020).
cost(11, 7, 497719).
cost(11, 8, 176697).
cost(11, 9, 250599).
cost(11, 10, 137989).
cost(11, 12, 276310).
cost(11, 13, 225976).
cost(11, 14, 163327).
cost(11, 15, 601498).
cost(11, 16, 595718).
cost(11, 17, 589707).
cost(11, 18, 69722).
cost(11, 19, 502488).
cost(11, 20, 194489).
cost(11, 21, 176006).
cost(11, 22, 209296).
cost(11, 23, 274395).
cost(11, 24, 169188).
cost(12, 1, 209481).
cost(12, 2, 377555).
cost(12, 3, 602850).
cost(12, 4, 174825).
cost(12, 5, 781400).
cost(12, 6, 377961).
cost(12, 7, 354618).
cost(12, 8, 99694).
cost(12, 9, 152281).
cost(12, 10, 328054).
cost(12, 11, 276310).
cost(12, 13, 492500).
cost(12, 14, 352584).
cost(12, 15, 575163).
cost(12, 16, 319547).
cost(12, 17, 761053).
cost(12, 18, 296046).
cost(12, 19, 735361).
cost(12, 20, 344323).
cost(12, 21, 344610).
cost(12, 22, 476881).
cost(12, 23, 422548).
cost(12, 24, 340329).
cost(13, 1, 412946).
cost(13, 2, 263848).
cost(13, 3, 328978).
cost(13, 4, 448219).
cost(13, 5, 427466).
cost(13, 6, 353199).
cost(13, 7, 622898).
cost(13, 8, 394137).
cost(13, 9, 421115).
cost(13, 10, 192497).
cost(13, 11, 225976).
cost(13, 12, 492500).
cost(13, 14, 184167).
cost(13, 15, 627863).
cost(13, 16, 810272).
cost(13, 17, 437183).
cost(13, 18, 197605).
cost(13, 19, 294874).
cost(13, 20, 227129).
cost(13, 21, 322493).
cost(13, 22, 16959).
cost(13, 23, 242539).
cost(13, 24, 205201).
cost(14, 1, 232132).
cost(14, 2, 101192).
cost(14, 3, 283169).
cost(14, 4, 271078).
cost(14, 5, 444732).
cost(14, 6, 184788).
cost(14, 7, 438839).
cost(14, 8, 265495).
cost(14, 9, 249310).
cost(14, 10, 27852).
cost(14, 11, 163327).
cost(14, 12, 352584).
cost(14, 13, 184167).
cost(14, 15, 471949).
cost(14, 16, 657139).
cost(14, 17, 433786).
cost(14, 18, 93905).
cost(14, 19, 382808).
cost(14, 20, 46949).
cost(14, 21, 333980).
cost(14, 22, 175129).
cost(14, 23, 111787).
cost(14, 24, 21069).
cost(15, 1, 377839).
cost(15, 2, 372420).
cost(15, 3, 389455).
cost(15, 4, 401882).
cost(15, 5, 524329).
cost(15, 6, 287931).
cost(15, 7, 278320).
cost(15, 8, 566322).
cost(15, 9, 432553).
cost(15, 10, 484113).
cost(15, 11, 601498).
cost(15, 12, 575163).
cost(15, 13, 627863).
cost(15, 14, 471949).
cost(15, 16, 707847).
cost(15, 17, 477584).
cost(15, 18, 541218).
cost(15, 19, 627332).
cost(15, 20, 425978).
cost(15, 21, 774478).
cost(15, 22, 625991).
cost(15, 23, 385424).
cost(15, 24, 454672).
cost(16, 1, 453395).
cost(16, 2, 655930).
cost(16, 3, 870169).
cost(16, 4, 406715).
cost(16, 5, 1053850).
cost(16, 6, 623914).
cost(16, 7, 429735).
cost(16, 8, 419236).
cost(16, 9, 414159).
cost(16, 10, 635645).
cost(16, 11, 595718).
cost(16, 12, 319547).
cost(16, 13, 810272).
cost(16, 14, 657139).
cost(16, 15, 707847).
cost(16, 17, 1025307).
cost(16, 18, 612788).
cost(16, 19, 1035905).
cost(16, 20, 638375).
cost(16, 21, 636923).
cost(16, 22, 795011).
cost(16, 23, 704006).
cost(16, 24, 641510).
cost(17, 1, 574268).
cost(17, 2, 383564).
cost(17, 3, 158247).
cost(17, 4, 620707).
cost(17, 5, 48934).
cost(17, 6, 401409).
cost(17, 7, 662716).
cost(17, 8, 689056).
cost(17, 9, 621472).
cost(17, 10, 461620).
cost(17, 11, 589707).
cost(17, 12, 761053).
cost(17, 13, 437183).
cost(17, 14, 433786).
cost(17, 15, 477584).
cost(17, 16, 1025307).
cost(17, 18, 524189).
cost(17, 19, 219483).
cost(17, 20, 423741).
cost(17, 21, 740556).
cost(17, 22, 448771).
cost(17, 23, 340016).
cost(17, 24, 437091).
cost(18, 1, 237141).
cost(18, 2, 185051).
cost(18, 3, 376136).
cost(18, 4, 263862).
cost(18, 5, 532158).
cost(18, 6, 255239).
cost(18, 7, 462090).
cost(18, 8, 199384).
cost(18, 9, 231757).
cost(18, 10, 68270).
cost(18, 11, 69722).
cost(18, 12, 296046).
cost(18, 13, 197605).
cost(18, 14, 93905).
cost(18, 15, 541218).
cost(18, 16, 612788).
cost(18, 17, 524189).
cost(18, 19, 451420).
cost(18, 20, 125639).
cost(18, 21, 243697).
cost(18, 22, 182706).
cost(18, 23, 204678).
cost(18, 24, 99622).
cost(19, 1, 590003).
cost(19, 2, 386681).
cost(19, 3, 237948).
cost(19, 4, 635149).
cost(19, 5, 183372).
cost(19, 6, 447454).
cost(19, 7, 742613).
cost(19, 8, 645844).
cost(19, 9, 622292).
cost(19, 10, 407559).
cost(19, 11, 502488).
cost(19, 12, 735361).
cost(19, 13, 294874).
cost(19, 14, 382808).
cost(19, 15, 627332).
cost(19, 16, 1035905).
cost(19, 17, 219483).
cost(19, 18, 451420).
cost(19, 20, 397530).
cost(19, 21, 617350).
cost(19, 22, 310786).
cost(19, 23, 339217).
cost(19, 24, 396134).
cost(20, 1, 199238).
cost(20, 2, 59457).
cost(20, 3, 268054).
cost(20, 4, 241589).
cost(20, 5, 439694).
cost(20, 6, 138312).
cost(20, 7, 396495).
cost(20, 8, 265702).
cost(20, 9, 225186).
cost(20, 10, 59833).
cost(20, 11, 194489).
cost(20, 12, 344323).
cost(20, 13, 227129).
cost(20, 14, 46949).
cost(20, 15, 425978).
cost(20, 16, 638375).
cost(20, 17, 423741).
cost(20, 18, 125639).
cost(20, 19, 397530).
cost(20, 21, 369334).
cost(20, 22, 219366).
cost(20, 23, 85985).
cost(20, 24, 28771).
cost(21, 1, 423153).
cost(21, 2, 428745).
cost(21, 3, 604925).
cost(21, 4, 427030).
cost(21, 5, 739112).
cost(21, 6, 494630).
cost(21, 7, 643511).
cost(21, 8, 265775).
cost(21, 9, 387752).
cost(21, 10, 310992).
cost(21, 11, 176006).
cost(21, 12, 344610).
cost(21, 13, 322493).
cost(21, 14, 333980).
cost(21, 15, 774478).
cost(21, 16, 636923).
cost(21, 17, 740556).
cost(21, 18, 243697).
cost(21, 19, 617350).
cost(21, 20, 369334).
cost(21, 22, 306793).
cost(21, 23, 445707).
cost(21, 24, 342832).
cost(22, 1, 401652).
cost(22, 2, 259052).
cost(22, 3, 336439).
cost(22, 4, 436028).
cost(22, 5, 440340).
cost(22, 6, 348437).
cost(22, 7, 613872).
cost(22, 8, 378291).
cost(22, 9, 408177).
cost(22, 10, 181456).
cost(22, 11, 209296).
cost(22, 12, 476881).
cost(22, 13, 16959).
cost(22, 14, 175129).
cost(22, 15, 625991).
cost(22, 16, 795011).
cost(22, 17, 448771).
cost(22, 18, 182706).
cost(22, 19, 310786).
cost(22, 20, 219366).
cost(22, 21, 306793).
cost(22, 23, 240647).
cost(22, 24, 196195).
cost(23, 1, 252515).
cost(23, 2, 48192).
cost(23, 3, 182996).
cost(23, 4, 298577).
cost(23, 5, 358852).
cost(23, 6, 120279).
cost(23, 7, 414371).
cost(23, 8, 349251).
cost(23, 9, 290745).
cost(23, 10, 136447).
cost(23, 11, 274395).
cost(23, 12, 422548).
cost(23, 13, 242539).
cost(23, 14, 111787).
cost(23, 15, 385424).
cost(23, 16, 704006).
cost(23, 17, 340016).
cost(23, 18, 204678).
cost(23, 19, 339217).
cost(23, 20, 85985).
cost(23, 21, 445707).
cost(23, 22, 240647).
cost(23, 24, 106053).
cost(24, 1, 212215).
cost(24, 2, 87096).
cost(24, 3, 283846).
cost(24, 4, 251985).
cost(24, 5, 450251).
cost(24, 6, 166893).
cost(24, 7, 417775).
cost(24, 8, 256322).
cost(24, 9, 231560).
cost(24, 10, 31939).
cost(24, 11, 169188).
cost(24, 12, 340329).
cost(24, 13, 205201).
cost(24, 14, 21069).
cost(24, 15, 454672).
cost(24, 16, 641510).
cost(24, 17, 437091).
cost(24, 18, 99622).
cost(24, 19, 396134).
cost(24, 20, 28771).
cost(24, 21, 342832).
cost(24, 22, 196195).
cost(24, 23, 106053).
