dimension(18).
point(1, 186781.0, 473452.0).
point(2, 436866.0, 143196.0).
point(3, 599907.0, 418224.0).
point(4, 270718.0, 876441.0).
point(5, 977793.0, 123530.0).
point(6, 729225.0, 963689.0).
point(7, 958147.0, 947490.0).
point(8, 137801.0, 936362.0).
point(9, 246180.0, 847637.0).
point(10, 540691.0, 994509.0).
point(11, 875463.0, 416929.0).
point(12, 716691.0, 389823.0).
point(13, 142746.0, 10758.0).
point(14, 886248.0, 952129.0).
point(15, 224797.0, 773021.0).
point(16, 678586.0, 408600.0).
point(17, 858364.0, 889879.0).
point(18, 449399.0, 785841.0).
cost(1, 2, 414260).
cost(1, 3, 416801).
cost(1, 4, 411638).
cost(1, 5, 864954).
cost(1, 6, 731148).
cost(1, 7, 905383).
cost(1, 8, 465494).
cost(1, 9, 378870).
cost(1, 10, 629883).
cost(1, 11, 690998).
cost(1, 12, 536468).
cost(1, 13, 464785).
cost(1, 14, 847576).
cost(1, 15, 301972).
cost(1, 16, 496062).
cost(1, 17, 790212).
cost(1, 18, 408112).
cost(2, 1, 414260).
cost(2, 3, 319723).
cost(2, 4, 751833).
cost(2, 5, 541284).
cost(2, 6, 871024).
cost(2, 7, 958448).
cost(2, 8, 847675).
cost(2, 9, 729793).
cost(2, 10, 857621).
cost(2, 11, 517008).
cost(2, 12, 372997).
cost(2, 13, 322562).
cost(2, 14, 925374).
cost(2, 15, 664570).
cost(2, 16, 358982).
cost(2, 17, 857436).
cost(2, 18, 642767).
cost(3, 1, 416801).
cost(3, 2, 319723).
cost(3, 4, 564206).
cost(3, 5, 479210).
cost(3, 6, 560585).
cost(3, 7, 639107).
cost(3, 8, 694269).
cost(3, 9, 556344).
cost(3, 10, 579319).
cost(3, 11, 275559).
cost(3, 12, 120188).
cost(3, 13, 612393).
cost(3, 14, 605843).
cost(3, 15, 516322).
cost(3, 16, 79265).
cost(3, 17, 537828).
cost(3, 18, 397234).
cost(4, 1, 411638).
cost(4, 2, 751833).
cost(4, 3, 564206).
cost(4, 5, 1032875).
cost(4, 6, 466734).
cost(4, 7, 691091).
cost(4, 8, 145799).
cost(4, 9, 37839).
cost(4, 10, 294662).
cost(4, 11, 759518).
cost(4, 12, 660067).
cost(4, 13, 875091).
cost(4, 14, 620166).
cost(4, 15, 113157).
cost(4, 16, 620670).
cost(4, 17, 587800).
cost(4, 18, 200338).
cost(5, 1, 864954).
cost(5, 2, 541284).
cost(5, 3, 479210).
cost(5, 4, 1032875).
cost(5, 6, 876158).
cost(5, 7, 824194).
cost(5, 8, 1168881).
cost(5, 9, 1029363).
cost(5, 10, 974506).
cost(5, 11, 310732).
cost(5, 12, 372943).
cost(5, 13, 842627).
cost(5, 14, 833641).
cost(5, 15, 994405).
cost(5, 16, 413267).
cost(5, 17, 775599).
cost(5, 18, 847264).
cost(6, 1, 731148).
cost(6, 2, 871024).
cost(6, 3, 560585).
cost(6, 4, 466734).
cost(6, 5, 876158).
cost(6, 7, 229494).
cost(6, 8, 592055).
cost(6, 9, 496790).
cost(6, 10, 191036).
cost(6, 11, 565979).
cost(6, 12, 574003).
cost(6, 13, 1118944).
cost(6, 14, 157448).
cost(6, 15, 539261).
cost(6, 16, 557394).
cost(6, 17, 148744).
cost(6, 18, 331561).
cost(7, 1, 905383).
cost(7, 2, 958448).
cost(7, 3, 639107).
cost(7, 4, 691091).
cost(7, 5, 824194).
cost(7, 6, 229494).
cost(7, 8, 820421).
cost(7, 9, 718935).
cost(7, 10, 420096).
cost(7, 11, 536965).
cost(7, 12, 607695).
cost(7, 13, 1241912).
cost(7, 14, 72049).
cost(7, 15, 753818).
cost(7, 16, 607089).
cost(7, 17, 115220).
cost(7, 18, 533812).
cost(8, 1, 465494).
cost(8, 2, 847675).
cost(8, 3, 694269).
cost(8, 4, 145799).
cost(8, 5, 1168881).
cost(8, 6, 592055).
cost(8, 7, 820421).
cost(8, 9, 140065).
cost(8, 10, 407064).
cost(8, 11, 902195).
cost(8, 12, 796127).
cost(8, 13, 925617).
cost(8, 14, 748613).
cost(8, 15, 185064).
cost(8, 16, 755633).
cost(8, 17, 722061).
cost(8, 18, 346049).
cost(9, 1, 378870).
cost(9, 2, 729793).
cost(9, 3, 556344).
cost(9, 4, 37839).
cost(9, 5, 1029363).
cost(9, 6, 496790).
cost(9, 7, 718935).
cost(9, 8, 140065).
cost(9, 10, 329102).
cost(9, 11, 762566).
cost(9, 12, 656486).
cost(9, 13, 843247).
cost(9, 14, 648541).
cost(9, 15, 77619).
cost(9, 16, 616221).
cost(9, 17, 613640).
cost(9, 18, 212407).
cost(10, 1, 629883).
cost(10, 2, 857621).
cost(10, 3, 579319).
cost(10, 4, 294662).
cost(10, 5, 974506).
cost(10, 6, 191036).
cost(10, 7, 420096).
cost(10, 8, 407064).
cost(10, 9, 329102).
cost(10, 11, 667586).
cost(10, 12, 629779).
cost(10, 13, 1061191).
cost(10, 14, 348146).
cost(10, 15, 385806).
cost(10, 16, 601917).
cost(10, 17, 334460).
cost(10, 18, 227764).
cost(11, 1, 690998).
cost(11, 2, 517008).
cost(11, 3, 275559).
cost(11, 4, 759518).
cost(11, 5, 310732).
cost(11, 6, 565979).
cost(11, 7, 536965).
cost(11, 8, 902195).
cost(11, 9, 762566).
cost(11, 10, 667586).
cost(11, 12, 161069).
cost(11, 13, 837764).
cost(11, 14, 535309).
cost(11, 15, 741733).
cost(11, 16, 197053).
cost(11, 17, 473259).
cost(11, 18, 563584).
cost(12, 1, 536468).
cost(12, 2, 372997).
cost(12, 3, 120188).
cost(12, 4, 660067).
cost(12, 5, 372943).
cost(12, 6, 574003).
cost(12, 7, 607695).
cost(12, 8, 796127).
cost(12, 9, 656486).
cost(12, 10, 629779).
cost(12, 11, 161069).
cost(12, 13, 687825).
cost(12, 14, 587314).
cost(12, 15, 623539).
cost(12, 16, 42480).
cost(12, 17, 519738).
cost(12, 18, 477782).
cost(13, 1, 464785).
cost(13, 2, 322562).
cost(13, 3, 612393).
cost(13, 4, 875091).
cost(13, 5, 842627).
cost(13, 6, 1118944).
cost(13, 7, 1241912).
cost(13, 8, 925617).
cost(13, 9, 843247).
cost(13, 10, 1061191).
cost(13, 11, 837764).
cost(13, 12, 687825).
cost(13, 14, 1199573).
cost(13, 15, 766666).
cost(13, 16, 667385).
cost(13, 17, 1133562).
cost(13, 18, 833540).
cost(14, 1, 847576).
cost(14, 2, 925374).
cost(14, 3, 605843).
cost(14, 4, 620166).
cost(14, 5, 833641).
cost(14, 6, 157448).
cost(14, 7, 72049).
cost(14, 8, 748613).
cost(14, 9, 648541).
cost(14, 10, 348146).
cost(14, 11, 535309).
cost(14, 12, 587314).
cost(14, 13, 1199573).
cost(14, 15, 685272).
cost(14, 16, 581848).
cost(14, 17, 68210).
cost(14, 18, 467428).
cost(15, 1, 301972).
cost(15, 2, 664570).
cost(15, 3, 516322).
cost(15, 4, 113157).
cost(15, 5, 994405).
cost(15, 6, 539261).
cost(15, 7, 753818).
cost(15, 8, 185064).
cost(15, 9, 77619).
cost(15, 10, 385806).
cost(15, 11, 741733).
cost(15, 12, 623539).
cost(15, 13, 766666).
cost(15, 14, 685272).
cost(15, 16, 582003).
cost(15, 17, 644254).
cost(15, 18, 224968).
cost(16, 1, 496062).
cost(16, 2, 358982).
cost(16, 3, 79265).
cost(16, 4, 620670).
cost(16, 5, 413267).
cost(16, 6, 557394).
cost(16, 7, 607089).
cost(16, 8, 755633).
cost(16, 9, 616221).
cost(16, 10, 601917).
cost(16, 11, 197053).
cost(16, 12, 42480).
cost(16, 13, 667385).
cost(16, 14, 581848).
cost(16, 15, 582003).
cost(16, 17, 513760).
cost(16, 18, 441404).
cost(17, 1, 790212).
cost(17, 2, 857436).
cost(17, 3, 537828).
cost(17, 4, 587800).
cost(17, 5, 775599).
cost(17, 6, 148744).
cost(17, 7, 115220).
cost(17, 8, 722061).
cost(17, 9, 613640).
cost(17, 10, 334460).
cost(17, 11, 473259).
cost(17, 12, 519738).
cost(17, 13, 1133562).
cost(17, 14, 68210).
cost(17, 15, 644254).
cost(17, 16, 513760).
cost(17, 18, 421991).
cost(18, 1, 408112).
cost(18, 2, 642767).
cost(18, 3, 397234).
cost(18, 4, 200338).
cost(18, 5, 847264).
cost(18, 6, 331561).
cost(18, 7, 533812).
cost(18, 8, 346049).
cost(18, 9, 212407).
cost(18, 10, 227764).
cost(18, 11, 563584).
cost(18, 12, 477782).
cost(18, 13, 833540).
cost(18, 14, 467428).
cost(18, 15, 224968).
cost(18, 16, 441404).
cost(18, 17, 421991).
