dimension(23).
point(1, 18990.0, 574941.0).
point(2, 766688.0, 761213.0).
point(3, 972089.0, 156829.0).
point(4, 523324.0, 587468.0).
point(5, 35225.0, 224908.0).
point(6, 7406.0, 75761.0).
point(7, 255812.0, 497977.0).
point(8, 325390.0, 198600.0).
point(9, 352086.0, 778976.0).
point(10, 83438.0, 64154.0).
point(11, 234683.0, 914966.0).
point(12, 173916.0, 171234.0).
point(13, 247990.0, 383456.0).
point(14, 340982.0, 631964.0).
point(15, 233285.0, 697453.0).
point(16, 757714.0, 38104.0).
point(17, 455924.0, 312776.0).
point(18, 79759.0, 939767.0).
point(19, 167841.0, 426080.0).
point(20, 801760.0, 184450.0).
point(21, 879539.0, 34304.0).
point(22, 837129.0, 391159.0).
point(23, 167432.0, 696602.0).
cost(1, 2, 770551).
cost(1, 3, 1040776).
cost(1, 4, 504490).
cost(1, 5, 350409).
cost(1, 6, 499314).
cost(1, 7, 249014).
cost(1, 8, 485297).
cost(1, 9, 390619).
cost(1, 10, 514837).
cost(1, 11, 402667).
cost(1, 12, 432413).
cost(1, 13, 298509).
cost(1, 14, 327002).
cost(1, 15, 246843).
cost(1, 16, 913185).
cost(1, 17, 509551).
cost(1, 18, 369853).
cost(1, 19, 210514).
cost(1, 20, 874764).
cost(1, 21, 1016284).
cost(1, 22, 838527).
cost(1, 23, 191928).
cost(2, 1, 770551).
cost(2, 3, 638333).
cost(2, 4, 299021).
cost(2, 5, 907007).
cost(2, 6, 1022914).
cost(2, 7, 574706).
cost(2, 8, 715037).
cost(2, 9, 414982).
cost(2, 10, 976075).
cost(2, 11, 553777).
cost(2, 12, 836334).
cost(2, 13, 641676).
cost(2, 14, 444894).
cost(2, 15, 537200).
cost(2, 16, 723165).
cost(2, 17, 545591).
cost(2, 18, 709756).
cost(2, 19, 686245).
cost(2, 20, 577828).
cost(2, 21, 735617).
cost(2, 22, 376699).
cost(2, 23, 602729).
cost(3, 1, 1040776).
cost(3, 2, 638333).
cost(3, 4, 621965).
cost(3, 5, 939334).
cost(3, 6, 968083).
cost(3, 7, 793369).
cost(3, 8, 648047).
cost(3, 9, 878334).
cost(3, 10, 893470).
cost(3, 11, 1057610).
cost(3, 12, 798303).
cost(3, 13, 758735).
cost(3, 14, 789968).
cost(3, 15, 915481).
cost(3, 16, 245056).
cost(3, 17, 539208).
cost(3, 18, 1187116).
cost(3, 19, 848122).
cost(3, 20, 172554).
cost(3, 21, 153551).
cost(3, 22, 270416).
cost(3, 23, 968931).
cost(4, 1, 504490).
cost(4, 2, 299021).
cost(4, 3, 621965).
cost(4, 5, 608022).
cost(4, 6, 726647).
cost(4, 7, 282084).
cost(4, 8, 436344).
cost(4, 9, 256900).
cost(4, 10, 683635).
cost(4, 11, 436542).
cost(4, 12, 543449).
cost(4, 13, 342680).
cost(4, 14, 187693).
cost(4, 15, 310192).
cost(4, 16, 597277).
cost(4, 17, 282840).
cost(4, 18, 566449).
cost(4, 19, 390403).
cost(4, 20, 489847).
cost(4, 21, 657936).
cost(4, 22, 370150).
cost(4, 23, 372249).
cost(5, 1, 350409).
cost(5, 2, 907007).
cost(5, 3, 939334).
cost(5, 4, 608022).
cost(5, 6, 151719).
cost(5, 7, 351035).
cost(5, 8, 291355).
cost(5, 9, 638273).
cost(5, 10, 167828).
cost(5, 11, 718306).
cost(5, 12, 148715).
cost(5, 13, 265342).
cost(5, 14, 509099).
cost(5, 15, 512373).
cost(5, 16, 746248).
cost(5, 17, 429777).
cost(5, 18, 716245).
cost(5, 19, 240951).
cost(5, 20, 767602).
cost(5, 21, 865561).
cost(5, 22, 818956).
cost(5, 23, 489871).
cost(6, 1, 499314).
cost(6, 2, 1022914).
cost(6, 3, 968083).
cost(6, 4, 726647).
cost(6, 5, 151719).
cost(6, 7, 489869).
cost(6, 8, 340886).
cost(6, 9, 783145).
cost(6, 10, 76913).
cost(6, 11, 869437).
cost(6, 12, 191939).
cost(6, 13, 390585).
cost(6, 14, 648564).
cost(6, 15, 661455).
cost(6, 16, 751252).
cost(6, 17, 507291).
cost(6, 18, 867030).
cost(6, 19, 385309).
cost(6, 20, 801755).
cost(6, 21, 873118).
cost(6, 22, 887646).
cost(6, 23, 641133).
cost(7, 1, 249014).
cost(7, 2, 574706).
cost(7, 3, 793369).
cost(7, 4, 282084).
cost(7, 5, 351035).
cost(7, 6, 489869).
cost(7, 8, 307356).
cost(7, 9, 297034).
cost(7, 10, 466814).
cost(7, 11, 417524).
cost(7, 12, 336850).
cost(7, 13, 114788).
cost(7, 14, 158765).
cost(7, 15, 200744).
cost(7, 16, 680727).
cost(7, 17, 272661).
cost(7, 18, 475577).
cost(7, 19, 113614).
cost(7, 20, 629570).
cost(7, 21, 777192).
cost(7, 22, 591050).
cost(7, 23, 217400).
cost(8, 1, 485297).
cost(8, 2, 715037).
cost(8, 3, 648047).
cost(8, 4, 436344).
cost(8, 5, 291355).
cost(8, 6, 340886).
cost(8, 7, 307356).
cost(8, 9, 580990).
cost(8, 10, 276797).
cost(8, 11, 722086).
cost(8, 12, 153926).
cost(8, 13, 200406).
cost(8, 14, 433644).
cost(8, 15, 507285).
cost(8, 16, 461154).
cost(8, 17, 173422).
cost(8, 18, 780809).
cost(8, 19, 276711).
cost(8, 20, 476580).
cost(8, 21, 577992).
cost(8, 22, 546768).
cost(8, 23, 522453).
cost(9, 1, 390619).
cost(9, 2, 414982).
cost(9, 3, 878334).
cost(9, 4, 256900).
cost(9, 5, 638273).
cost(9, 6, 783145).
cost(9, 7, 297034).
cost(9, 8, 580990).
cost(9, 10, 763638).
cost(9, 11, 179657).
cost(9, 12, 633321).
cost(9, 13, 408989).
cost(9, 14, 147431).
cost(9, 15, 144082).
cost(9, 16, 844645).
cost(9, 17, 477624).
cost(9, 18, 316253).
cost(9, 19, 398098).
cost(9, 20, 745431).
cost(9, 21, 912548).
cost(9, 22, 621022).
cost(9, 23, 202194).
cost(10, 1, 514837).
cost(10, 2, 976075).
cost(10, 3, 893470).
cost(10, 4, 683635).
cost(10, 5, 167828).
cost(10, 6, 76913).
cost(10, 7, 466814).
cost(10, 8, 276797).
cost(10, 9, 763638).
cost(10, 11, 864151).
cost(10, 12, 140187).
cost(10, 13, 359209).
cost(10, 14, 623488).
cost(10, 15, 650785).
cost(10, 16, 674779).
cost(10, 17, 447838).
cost(10, 18, 875621).
cost(10, 19, 371637).
cost(10, 20, 728325).
cost(10, 21, 796660).
cost(10, 22, 821573).
cost(10, 23, 638001).
cost(11, 1, 402667).
cost(11, 2, 553777).
cost(11, 3, 1057610).
cost(11, 4, 436542).
cost(11, 5, 718306).
cost(11, 6, 869437).
cost(11, 7, 417524).
cost(11, 8, 722086).
cost(11, 9, 179657).
cost(11, 10, 864151).
cost(11, 12, 746210).
cost(11, 13, 531677).
cost(11, 14, 302307).
cost(11, 15, 217517).
cost(11, 16, 1021004).
cost(11, 17, 641545).
cost(11, 18, 156897).
cost(11, 19, 493434).
cost(11, 20, 924786).
cost(11, 21, 1091515).
cost(11, 22, 798320).
cost(11, 23, 228485).
cost(12, 1, 432413).
cost(12, 2, 836334).
cost(12, 3, 798303).
cost(12, 4, 543449).
cost(12, 5, 148715).
cost(12, 6, 191939).
cost(12, 7, 336850).
cost(12, 8, 153926).
cost(12, 9, 633321).
cost(12, 10, 140187).
cost(12, 11, 746210).
cost(12, 13, 224778).
cost(12, 14, 490085).
cost(12, 15, 529557).
cost(12, 16, 598785).
cost(12, 17, 315535).
cost(12, 18, 774279).
cost(12, 19, 254918).
cost(12, 20, 627983).
cost(12, 21, 718786).
cost(12, 22, 698726).
cost(12, 23, 525408).
cost(13, 1, 298509).
cost(13, 2, 641676).
cost(13, 3, 758735).
cost(13, 4, 342680).
cost(13, 5, 265342).
cost(13, 6, 390585).
cost(13, 7, 114788).
cost(13, 8, 200406).
cost(13, 9, 408989).
cost(13, 10, 359209).
cost(13, 11, 531677).
cost(13, 12, 224778).
cost(13, 14, 265337).
cost(13, 15, 314341).
cost(13, 16, 615700).
cost(13, 17, 219618).
cost(13, 18, 581192).
cost(13, 19, 90778).
cost(13, 20, 588443).
cost(13, 21, 721638).
cost(13, 22, 589189).
cost(13, 23, 323342).
cost(14, 1, 327002).
cost(14, 2, 444894).
cost(14, 3, 789968).
cost(14, 4, 187693).
cost(14, 5, 509099).
cost(14, 6, 648564).
cost(14, 7, 158765).
cost(14, 8, 433644).
cost(14, 9, 147431).
cost(14, 10, 623488).
cost(14, 11, 302307).
cost(14, 12, 490085).
cost(14, 13, 265337).
cost(14, 15, 126045).
cost(14, 16, 725490).
cost(14, 17, 339253).
cost(14, 18, 403708).
cost(14, 19, 269009).
cost(14, 20, 642328).
cost(14, 21, 804513).
cost(14, 22, 551497).
cost(14, 23, 185196).
cost(15, 1, 246843).
cost(15, 2, 537200).
cost(15, 3, 915481).
cost(15, 4, 310192).
cost(15, 5, 512373).
cost(15, 6, 661455).
cost(15, 7, 200744).
cost(15, 8, 507285).
cost(15, 9, 144082).
cost(15, 10, 650785).
cost(15, 11, 217517).
cost(15, 12, 529557).
cost(15, 13, 314341).
cost(15, 14, 126045).
cost(15, 16, 842477).
cost(15, 17, 444460).
cost(15, 18, 286856).
cost(15, 19, 279153).
cost(15, 20, 765726).
cost(15, 21, 925965).
cost(15, 22, 677085).
cost(15, 23, 65858).
cost(16, 1, 913185).
cost(16, 2, 723165).
cost(16, 3, 245056).
cost(16, 4, 597277).
cost(16, 5, 746248).
cost(16, 6, 751252).
cost(16, 7, 680727).
cost(16, 8, 461154).
cost(16, 9, 844645).
cost(16, 10, 674779).
cost(16, 11, 1021004).
cost(16, 12, 598785).
cost(16, 13, 615700).
cost(16, 14, 725490).
cost(16, 15, 842477).
cost(16, 17, 408071).
cost(16, 18, 1128104).
cost(16, 19, 706028).
cost(16, 20, 152831).
cost(16, 21, 121884).
cost(16, 22, 361876).
cost(16, 23, 884337).
cost(17, 1, 509551).
cost(17, 2, 545591).
cost(17, 3, 539208).
cost(17, 4, 282840).
cost(17, 5, 429777).
cost(17, 6, 507291).
cost(17, 7, 272661).
cost(17, 8, 173422).
cost(17, 9, 477624).
cost(17, 10, 447838).
cost(17, 11, 641545).
cost(17, 12, 315535).
cost(17, 13, 219618).
cost(17, 14, 339253).
cost(17, 15, 444460).
cost(17, 16, 408071).
cost(17, 18, 731176).
cost(17, 19, 309564).
cost(17, 20, 368877).
cost(17, 21, 506948).
cost(17, 22, 389180).
cost(17, 23, 480156).
cost(18, 1, 369853).
cost(18, 2, 709756).
cost(18, 3, 1187116).
cost(18, 4, 566449).
cost(18, 5, 716245).
cost(18, 6, 867030).
cost(18, 7, 475577).
cost(18, 8, 780809).
cost(18, 9, 316253).
cost(18, 10, 875621).
cost(18, 11, 156897).
cost(18, 12, 774279).
cost(18, 13, 581192).
cost(18, 14, 403708).
cost(18, 15, 286856).
cost(18, 16, 1128104).
cost(18, 17, 731176).
cost(18, 19, 521184).
cost(18, 20, 1044887).
cost(18, 21, 1208102).
cost(18, 22, 935190).
cost(18, 23, 258487).
cost(19, 1, 210514).
cost(19, 2, 686245).
cost(19, 3, 848122).
cost(19, 4, 390403).
cost(19, 5, 240951).
cost(19, 6, 385309).
cost(19, 7, 113614).
cost(19, 8, 276711).
cost(19, 9, 398098).
cost(19, 10, 371637).
cost(19, 11, 493434).
cost(19, 12, 254918).
cost(19, 13, 90778).
cost(19, 14, 269009).
cost(19, 15, 279153).
cost(19, 16, 706028).
cost(19, 17, 309564).
cost(19, 18, 521184).
cost(19, 20, 678409).
cost(19, 21, 812405).
cost(19, 22, 670198).
cost(19, 23, 270522).
cost(20, 1, 874764).
cost(20, 2, 577828).
cost(20, 3, 172554).
cost(20, 4, 489847).
cost(20, 5, 767602).
cost(20, 6, 801755).
cost(20, 7, 629570).
cost(20, 8, 476580).
cost(20, 9, 745431).
cost(20, 10, 728325).
cost(20, 11, 924786).
cost(20, 12, 627983).
cost(20, 13, 588443).
cost(20, 14, 642328).
cost(20, 15, 765726).
cost(20, 16, 152831).
cost(20, 17, 368877).
cost(20, 18, 1044887).
cost(20, 19, 678409).
cost(20, 21, 169096).
cost(20, 22, 209713).
cost(20, 23, 815274).
cost(21, 1, 1016284).
cost(21, 2, 735617).
cost(21, 3, 153551).
cost(21, 4, 657936).
cost(21, 5, 865561).
cost(21, 6, 873118).
cost(21, 7, 777192).
cost(21, 8, 577992).
cost(21, 9, 912548).
cost(21, 10, 796660).
cost(21, 11, 1091515).
cost(21, 12, 718786).
cost(21, 13, 721638).
cost(21, 14, 804513).
cost(21, 15, 925965).
cost(21, 16, 121884).
cost(21, 17, 506948).
cost(21, 18, 1208102).
cost(21, 19, 812405).
cost(21, 20, 169096).
cost(21, 22, 359366).
cost(21, 23, 972489).
cost(22, 1, 838527).
cost(22, 2, 376699).
cost(22, 3, 270416).
cost(22, 4, 370150).
cost(22, 5, 818956).
cost(22, 6, 887646).
cost(22, 7, 591050).
cost(22, 8, 546768).
cost(22, 9, 621022).
cost(22, 10, 821573).
cost(22, 11, 798320).
cost(22, 12, 698726).
cost(22, 13, 589189).
cost(22, 14, 551497).
cost(22, 15, 677085).
cost(22, 16, 361876).
cost(22, 17, 389180).
cost(22, 18, 935190).
cost(22, 19, 670198).
cost(22, 20, 209713).
cost(22, 21, 359366).
cost(22, 23, 736064).
cost(23, 1, 191928).
cost(23, 2, 602729).
cost(23, 3, 968931).
cost(23, 4, 372249).
cost(23, 5, 489871).
cost(23, 6, 641133).
cost(23, 7, 217400).
cost(23, 8, 522453).
cost(23, 9, 202194).
cost(23, 10, 638001).
cost(23, 11, 228485).
cost(23, 12, 525408).
cost(23, 13, 323342).
cost(23, 14, 185196).
cost(23, 15, 65858).
cost(23, 16, 884337).
cost(23, 17, 480156).
cost(23, 18, 258487).
cost(23, 19, 270522).
cost(23, 20, 815274).
cost(23, 21, 972489).
cost(23, 22, 736064).
nocross(1,7).
nocross(1,9).
nocross(1,15).
nocross(1,18).
nocross(1,19).
nocross(1,23).
nocross(2,4).
nocross(2,9).
nocross(2,11).
nocross(2,22).
nocross(3,20).
nocross(3,21).
nocross(3,22).
nocross(4,2).
nocross(4,8).
nocross(4,9).
nocross(4,15).
nocross(4,17).
nocross(5,1).
nocross(5,6).
nocross(5,8).
nocross(5,17).
nocross(5,19).
nocross(6,8).
nocross(7,1).
nocross(7,13).
nocross(7,15).
nocross(7,17).
nocross(7,19).
nocross(8,10).
nocross(8,12).
nocross(8,16).
nocross(8,17).
nocross(9,1).
nocross(9,2).
nocross(9,4).
nocross(9,11).
nocross(9,14).
nocross(9,15).
nocross(9,17).
nocross(10,8).
nocross(10,12).
nocross(11,9).
nocross(11,15).
nocross(11,18).
nocross(12,8).
nocross(12,10).
nocross(12,17).
nocross(12,19).
nocross(13,1).
nocross(13,5).
nocross(13,6).
nocross(13,7).
nocross(13,12).
nocross(13,17).
nocross(13,19).
nocross(14,1).
nocross(14,7).
nocross(14,9).
nocross(14,11).
nocross(14,15).
nocross(14,17).
nocross(14,18).
nocross(14,19).
nocross(15,1).
nocross(15,9).
nocross(15,11).
nocross(15,14).
nocross(15,17).
nocross(15,18).
nocross(16,17).
nocross(16,21).
nocross(17,4).
nocross(17,8).
nocross(17,10).
nocross(17,16).
nocross(17,22).
nocross(18,1).
nocross(18,15).
nocross(18,23).
nocross(19,1).
nocross(19,5).
nocross(19,6).
nocross(19,7).
nocross(19,13).
nocross(19,15).
nocross(20,17).
nocross(20,21).
nocross(21,3).
nocross(21,20).
nocross(21,22).
nocross(22,15).
nocross(22,17).
nocross(23,1).
nocross(23,7).
nocross(23,9).
nocross(23,11).
nocross(23,14).
nocross(23,15).
nocross(23,18).
