dimension(23).
point(1, 116306.0, 899817.0).
point(2, 155869.0, 626378.0).
point(3, 774407.0, 95279.0).
point(4, 168940.0, 361549.0).
point(5, 947105.0, 49793.0).
point(6, 984224.0, 733089.0).
point(7, 397673.0, 785436.0).
point(8, 726424.0, 426747.0).
point(9, 509927.0, 534698.0).
point(10, 121542.0, 558350.0).
point(11, 204748.0, 623463.0).
point(12, 135814.0, 22783.0).
point(13, 72553.0, 185731.0).
point(14, 469754.0, 241978.0).
point(15, 732577.0, 703750.0).
point(16, 251120.0, 68979.0).
point(17, 156127.0, 277535.0).
point(18, 360563.0, 593607.0).
point(19, 135119.0, 642978.0).
point(20, 823781.0, 431278.0).
point(21, 92035.0, 317611.0).
point(22, 715682.0, 616855.0).
point(23, 966456.0, 331860.0).
cost(1, 2, 276286).
cost(1, 3, 1039412).
cost(1, 4, 540835).
cost(1, 5, 1188599).
cost(1, 6, 883787).
cost(1, 7, 303728).
cost(1, 8, 772036).
cost(1, 9, 536889).
cost(1, 10, 341507).
cost(1, 11, 290161).
cost(1, 12, 877251).
cost(1, 13, 715425).
cost(1, 14, 746778).
cost(1, 15, 646709).
cost(1, 16, 841705).
cost(1, 17, 623555).
cost(1, 18, 391696).
cost(1, 19, 257527).
cost(1, 20, 848557).
cost(1, 21, 582712).
cost(1, 22, 662811).
cost(1, 23, 1022414).
cost(2, 1, 276286).
cost(2, 3, 815264).
cost(2, 4, 265151).
cost(2, 5, 979033).
cost(2, 6, 835200).
cost(2, 7, 289428).
cost(2, 8, 604471).
cost(2, 9, 365735).
cost(2, 10, 76198).
cost(2, 11, 48966).
cost(2, 12, 603928).
cost(2, 13, 448454).
cost(2, 14, 496273).
cost(2, 15, 581875).
cost(2, 16, 565479).
cost(2, 17, 348843).
cost(2, 18, 207301).
cost(2, 19, 26573).
cost(2, 20, 695824).
cost(2, 21, 315296).
cost(2, 22, 559894).
cost(2, 23, 862434).
cost(3, 1, 1039412).
cost(3, 2, 815264).
cost(3, 4, 661430).
cost(3, 5, 178588).
cost(3, 6, 671435).
cost(3, 7, 786286).
cost(3, 8, 334923).
cost(3, 9, 512873).
cost(3, 10, 800417).
cost(3, 11, 776846).
cost(3, 12, 642695).
cost(3, 13, 707659).
cost(3, 14, 338133).
cost(3, 15, 609907).
cost(3, 16, 523947).
cost(3, 17, 644583).
cost(3, 18, 647764).
cost(3, 19, 841821).
cost(3, 20, 339607).
cost(3, 21, 717679).
cost(3, 22, 524872).
cost(3, 23, 304719).
cost(4, 1, 540835).
cost(4, 2, 265151).
cost(4, 3, 661430).
cost(4, 5, 838291).
cost(4, 6, 895952).
cost(4, 7, 481663).
cost(4, 8, 561284).
cost(4, 9, 382430).
cost(4, 10, 202428).
cost(4, 11, 264350).
cost(4, 12, 340382).
cost(4, 13, 200505).
cost(4, 14, 323707).
cost(4, 15, 659385).
cost(4, 16, 303893).
cost(4, 17, 84985).
cost(4, 18, 300949).
cost(4, 19, 283454).
cost(4, 20, 658543).
cost(4, 21, 88572).
cost(4, 22, 603414).
cost(4, 23, 798068).
cost(5, 1, 1188599).
cost(5, 2, 979033).
cost(5, 3, 178588).
cost(5, 4, 838291).
cost(5, 6, 684303).
cost(5, 7, 918175).
cost(5, 8, 436800).
cost(5, 9, 652884).
cost(5, 10, 969631).
cost(5, 11, 938185).
cost(5, 12, 811740).
cost(5, 13, 885054).
cost(5, 14, 514586).
cost(5, 15, 688246).
cost(5, 16, 696249).
cost(5, 17, 823112).
cost(5, 18, 799853).
cost(5, 19, 1005579).
cost(5, 20, 400923).
cost(5, 21, 896031).
cost(5, 22, 612467).
cost(5, 23, 282730).
cost(6, 1, 883787).
cost(6, 2, 835200).
cost(6, 3, 671435).
cost(6, 4, 895952).
cost(6, 5, 684303).
cost(6, 7, 588882).
cost(6, 8, 400383).
cost(6, 9, 514117).
cost(6, 10, 880201).
cost(6, 11, 787147).
cost(6, 12, 1106496).
cost(6, 13, 1063365).
cost(6, 14, 711245).
cost(6, 15, 253352).
cost(6, 16, 989183).
cost(6, 17, 945132).
cost(6, 18, 639068).
cost(6, 19, 853873).
cost(6, 20, 341807).
cost(6, 21, 984187).
cost(6, 22, 292618).
cost(6, 23, 401622).
cost(7, 1, 303728).
cost(7, 2, 289428).
cost(7, 3, 786286).
cost(7, 4, 481663).
cost(7, 5, 918175).
cost(7, 6, 588882).
cost(7, 8, 486554).
cost(7, 9, 274719).
cost(7, 10, 357514).
cost(7, 11, 251903).
cost(7, 12, 806356).
cost(7, 13, 682165).
cost(7, 14, 548217).
cost(7, 15, 344722).
cost(7, 16, 731292).
cost(7, 17, 562413).
cost(7, 18, 195386).
cost(7, 19, 298712).
cost(7, 20, 554072).
cost(7, 21, 558816).
cost(7, 22, 359930).
cost(7, 23, 727492).
cost(8, 1, 772036).
cost(8, 2, 604471).
cost(8, 3, 334923).
cost(8, 4, 561284).
cost(8, 5, 436800).
cost(8, 6, 400383).
cost(8, 7, 486554).
cost(8, 9, 241918).
cost(8, 10, 619033).
cost(8, 11, 557533).
cost(8, 12, 715547).
cost(8, 13, 696876).
cost(8, 14, 316258).
cost(8, 15, 277071).
cost(8, 16, 594905).
cost(8, 17, 589494).
cost(8, 18, 402115).
cost(8, 19, 629601).
cost(8, 20, 97462).
cost(8, 21, 643708).
cost(8, 22, 190411).
cost(8, 23, 258106).
cost(9, 1, 536889).
cost(9, 2, 365735).
cost(9, 3, 512873).
cost(9, 4, 382430).
cost(9, 5, 652884).
cost(9, 6, 514117).
cost(9, 7, 274719).
cost(9, 8, 241918).
cost(9, 10, 389105).
cost(9, 11, 317826).
cost(9, 12, 634049).
cost(9, 13, 559530).
cost(9, 14, 295464).
cost(9, 15, 279556).
cost(9, 16, 532799).
cost(9, 17, 437387).
cost(9, 18, 160561).
cost(9, 19, 390135).
cost(9, 20, 330454).
cost(9, 21, 470915).
cost(9, 22, 221551).
cost(9, 23, 499562).
cost(10, 1, 341507).
cost(10, 2, 76198).
cost(10, 3, 800417).
cost(10, 4, 202428).
cost(10, 5, 969631).
cost(10, 6, 880201).
cost(10, 7, 357514).
cost(10, 8, 619033).
cost(10, 9, 389105).
cost(10, 11, 105655).
cost(10, 12, 535757).
cost(10, 13, 375826).
cost(10, 14, 470471).
cost(10, 15, 628096).
cost(10, 16, 506236).
cost(10, 17, 282937).
cost(10, 18, 241607).
cost(10, 19, 85710).
cost(10, 20, 713643).
cost(10, 21, 242541).
cost(10, 22, 597014).
cost(10, 23, 874744).
cost(11, 1, 290161).
cost(11, 2, 48966).
cost(11, 3, 776846).
cost(11, 4, 264350).
cost(11, 5, 938185).
cost(11, 6, 787147).
cost(11, 7, 251903).
cost(11, 8, 557533).
cost(11, 9, 317826).
cost(11, 10, 105655).
cost(11, 12, 604622).
cost(11, 13, 457258).
cost(11, 14, 464499).
cost(11, 15, 533900).
cost(11, 16, 556420).
cost(11, 17, 349328).
cost(11, 18, 158650).
cost(11, 19, 72312).
cost(11, 20, 648180).
cost(11, 21, 325960).
cost(11, 22, 510977).
cost(11, 23, 815617).
cost(12, 1, 877251).
cost(12, 2, 603928).
cost(12, 3, 642695).
cost(12, 4, 340382).
cost(12, 5, 811740).
cost(12, 6, 1106496).
cost(12, 7, 806356).
cost(12, 8, 715547).
cost(12, 9, 634049).
cost(12, 10, 535757).
cost(12, 11, 604622).
cost(12, 13, 174797).
cost(12, 14, 399453).
cost(12, 15, 905451).
cost(12, 16, 124216).
cost(12, 17, 255561).
cost(12, 18, 613475).
cost(12, 19, 620195).
cost(12, 20, 800104).
cost(12, 21, 298061).
cost(12, 22, 830162).
cost(12, 23, 886281).
cost(13, 1, 715425).
cost(13, 2, 448454).
cost(13, 3, 707659).
cost(13, 4, 200505).
cost(13, 5, 885054).
cost(13, 6, 1063365).
cost(13, 7, 682165).
cost(13, 8, 696876).
cost(13, 9, 559530).
cost(13, 10, 375826).
cost(13, 11, 457258).
cost(13, 12, 174797).
cost(13, 14, 401164).
cost(13, 15, 839032).
cost(13, 16, 213348).
cost(13, 17, 124147).
cost(13, 18, 499312).
cost(13, 19, 461508).
cost(13, 20, 790340).
cost(13, 21, 133311).
cost(13, 22, 774263).
cost(13, 23, 905768).
cost(14, 1, 746778).
cost(14, 2, 496273).
cost(14, 3, 338133).
cost(14, 4, 323707).
cost(14, 5, 514586).
cost(14, 6, 711245).
cost(14, 7, 548217).
cost(14, 8, 316258).
cost(14, 9, 295464).
cost(14, 10, 470471).
cost(14, 11, 464499).
cost(14, 12, 399453).
cost(14, 13, 401164).
cost(14, 15, 531328).
cost(14, 16, 278800).
cost(14, 17, 315636).
cost(14, 18, 368192).
cost(14, 19, 522285).
cost(14, 20, 401459).
cost(14, 21, 385217).
cost(14, 22, 448345).
cost(14, 23, 504769).
cost(15, 1, 646709).
cost(15, 2, 581875).
cost(15, 3, 609907).
cost(15, 4, 659385).
cost(15, 5, 688246).
cost(15, 6, 253352).
cost(15, 7, 344722).
cost(15, 8, 277071).
cost(15, 9, 279556).
cost(15, 10, 628096).
cost(15, 11, 533900).
cost(15, 12, 905451).
cost(15, 13, 839032).
cost(15, 14, 531328).
cost(15, 16, 796703).
cost(15, 17, 716906).
cost(15, 18, 387977).
cost(15, 19, 600541).
cost(15, 20, 287331).
cost(15, 21, 747929).
cost(15, 22, 88522).
cost(15, 23, 439319).
cost(16, 1, 841705).
cost(16, 2, 565479).
cost(16, 3, 523947).
cost(16, 4, 303893).
cost(16, 5, 696249).
cost(16, 6, 989183).
cost(16, 7, 731292).
cost(16, 8, 594905).
cost(16, 9, 532799).
cost(16, 10, 506236).
cost(16, 11, 556420).
cost(16, 12, 124216).
cost(16, 13, 213348).
cost(16, 14, 278800).
cost(16, 15, 796703).
cost(16, 17, 229171).
cost(16, 18, 535922).
cost(16, 19, 585603).
cost(16, 20, 677644).
cost(16, 21, 295171).
cost(16, 22, 718322).
cost(16, 23, 762110).
cost(17, 1, 623555).
cost(17, 2, 348843).
cost(17, 3, 644583).
cost(17, 4, 84985).
cost(17, 5, 823112).
cost(17, 6, 945132).
cost(17, 7, 562413).
cost(17, 8, 589494).
cost(17, 9, 437387).
cost(17, 10, 282937).
cost(17, 11, 349328).
cost(17, 12, 255561).
cost(17, 13, 124147).
cost(17, 14, 315636).
cost(17, 15, 716906).
cost(17, 16, 229171).
cost(17, 18, 376425).
cost(17, 19, 366046).
cost(17, 20, 685127).
cost(17, 21, 75590).
cost(17, 22, 654400).
cost(17, 23, 812148).
cost(18, 1, 391696).
cost(18, 2, 207301).
cost(18, 3, 647764).
cost(18, 4, 300949).
cost(18, 5, 799853).
cost(18, 6, 639068).
cost(18, 7, 195386).
cost(18, 8, 402115).
cost(18, 9, 160561).
cost(18, 10, 241607).
cost(18, 11, 158650).
cost(18, 12, 613475).
cost(18, 13, 499312).
cost(18, 14, 368192).
cost(18, 15, 387977).
cost(18, 16, 535922).
cost(18, 17, 376425).
cost(18, 19, 230787).
cost(18, 20, 490838).
cost(18, 21, 385073).
cost(18, 22, 355879).
cost(18, 23, 660013).
cost(19, 1, 257527).
cost(19, 2, 26573).
cost(19, 3, 841821).
cost(19, 4, 283454).
cost(19, 5, 1005579).
cost(19, 6, 853873).
cost(19, 7, 298712).
cost(19, 8, 629601).
cost(19, 9, 390135).
cost(19, 10, 85710).
cost(19, 11, 72312).
cost(19, 12, 620195).
cost(19, 13, 461508).
cost(19, 14, 522285).
cost(19, 15, 600541).
cost(19, 16, 585603).
cost(19, 17, 366046).
cost(19, 18, 230787).
cost(19, 20, 720467).
cost(19, 21, 328207).
cost(19, 22, 581150).
cost(19, 23, 887646).
cost(20, 1, 848557).
cost(20, 2, 695824).
cost(20, 3, 339607).
cost(20, 4, 658543).
cost(20, 5, 400923).
cost(20, 6, 341807).
cost(20, 7, 554072).
cost(20, 8, 97462).
cost(20, 9, 330454).
cost(20, 10, 713643).
cost(20, 11, 648180).
cost(20, 12, 800104).
cost(20, 13, 790340).
cost(20, 14, 401459).
cost(20, 15, 287331).
cost(20, 16, 677644).
cost(20, 17, 685127).
cost(20, 18, 490838).
cost(20, 19, 720467).
cost(20, 21, 740522).
cost(20, 22, 214765).
cost(20, 23, 173897).
cost(21, 1, 582712).
cost(21, 2, 315296).
cost(21, 3, 717679).
cost(21, 4, 88572).
cost(21, 5, 896031).
cost(21, 6, 984187).
cost(21, 7, 558816).
cost(21, 8, 643708).
cost(21, 9, 470915).
cost(21, 10, 242541).
cost(21, 11, 325960).
cost(21, 12, 298061).
cost(21, 13, 133311).
cost(21, 14, 385217).
cost(21, 15, 747929).
cost(21, 16, 295171).
cost(21, 17, 75590).
cost(21, 18, 385073).
cost(21, 19, 328207).
cost(21, 20, 740522).
cost(21, 22, 691724).
cost(21, 23, 874537).
cost(22, 1, 662811).
cost(22, 2, 559894).
cost(22, 3, 524872).
cost(22, 4, 603414).
cost(22, 5, 612467).
cost(22, 6, 292618).
cost(22, 7, 359930).
cost(22, 8, 190411).
cost(22, 9, 221551).
cost(22, 10, 597014).
cost(22, 11, 510977).
cost(22, 12, 830162).
cost(22, 13, 774263).
cost(22, 14, 448345).
cost(22, 15, 88522).
cost(22, 16, 718322).
cost(22, 17, 654400).
cost(22, 18, 355879).
cost(22, 19, 581150).
cost(22, 20, 214765).
cost(22, 21, 691724).
cost(22, 23, 379618).
cost(23, 1, 1022414).
cost(23, 2, 862434).
cost(23, 3, 304719).
cost(23, 4, 798068).
cost(23, 5, 282730).
cost(23, 6, 401622).
cost(23, 7, 727492).
cost(23, 8, 258106).
cost(23, 9, 499562).
cost(23, 10, 874744).
cost(23, 11, 815617).
cost(23, 12, 886281).
cost(23, 13, 905768).
cost(23, 14, 504769).
cost(23, 15, 439319).
cost(23, 16, 762110).
cost(23, 17, 812148).
cost(23, 18, 660013).
cost(23, 19, 887646).
cost(23, 20, 173897).
cost(23, 21, 874537).
cost(23, 22, 379618).
nocross(1,2).
nocross(1,6).
nocross(1,7).
nocross(1,11).
nocross(1,19).
nocross(2,11).
nocross(2,12).
nocross(3,5).
nocross(3,8).
nocross(3,14).
nocross(3,23).
nocross(4,2).
nocross(4,11).
nocross(4,16).
nocross(4,18).
nocross(4,21).
nocross(5,20).
nocross(5,23).
nocross(6,5).
nocross(6,8).
nocross(6,20).
nocross(6,22).
nocross(6,23).
nocross(7,8).
nocross(7,9).
nocross(7,11).
nocross(7,15).
nocross(7,18).
nocross(7,22).
nocross(8,3).
nocross(8,5).
nocross(8,6).
nocross(8,9).
nocross(8,12).
nocross(8,14).
nocross(8,15).
nocross(8,20).
nocross(8,22).
nocross(8,23).
nocross(9,5).
nocross(9,7).
nocross(9,8).
nocross(9,11).
nocross(9,12).
nocross(9,15).
nocross(9,20).
nocross(10,11).
nocross(12,16).
nocross(13,12).
nocross(13,16).
nocross(14,2).
nocross(14,3).
nocross(14,8).
nocross(14,9).
nocross(14,11).
nocross(14,12).
nocross(14,16).
nocross(14,18).
nocross(15,6).
nocross(15,7).
nocross(15,8).
nocross(15,9).
nocross(15,20).
nocross(15,22).
nocross(16,11).
nocross(16,12).
nocross(17,4).
nocross(17,11).
nocross(17,12).
nocross(17,21).
nocross(18,5).
nocross(18,7).
nocross(18,9).
nocross(18,11).
nocross(18,12).
nocross(19,2).
nocross(19,10).
nocross(19,11).
nocross(20,5).
nocross(20,6).
nocross(20,8).
nocross(20,9).
nocross(20,15).
nocross(20,22).
nocross(20,23).
nocross(21,4).
nocross(21,10).
nocross(21,11).
nocross(21,12).
nocross(21,17).
nocross(22,6).
nocross(22,7).
nocross(22,8).
nocross(22,9).
nocross(22,12).
nocross(22,15).
nocross(22,18).
nocross(22,20).
nocross(23,5).
nocross(23,6).
nocross(23,8).
nocross(23,20).
