dimension(18).
point(1, -87358.0, 185240.0).
point(2, 74366.0, -159505.0).
point(3, 202607.0, 11945.0).
point(4, 114512.0, 250428.0).
point(5, -145723.0, 166532.0).
point(6, 75315.0, -116489.0).
point(7, 316322.0, 529662.0).
point(8, 179575.0, -217404.0).
point(9, -117417.0, -163337.0).
point(10, 61058.0, -328997.0).
point(11, 147534.0, -78082.0).
point(12, -179125.0, 123660.0).
point(13, -218498.0, -329905.0).
point(14, 3796.0, 34103.0).
point(15, 152937.0, 337309.0).
point(16, -116734.0, -30250.0).
point(17, 151544.0, -326179.0).
point(18, 8664.0, -33019.0).
cost(1, 2, 380794).
cost(1, 3, 337803).
cost(1, 4, 212134).
cost(1, 5, 61290).
cost(1, 6, 342787).
cost(1, 7, 530645).
cost(1, 8, 483089).
cost(1, 9, 349871).
cost(1, 10, 535226).
cost(1, 11, 352864).
cost(1, 12, 110514).
cost(1, 13, 531575).
cost(1, 14, 176498).
cost(1, 15, 284371).
cost(1, 16, 217483).
cost(1, 17, 564468).
cost(1, 18, 238448).
cost(2, 1, 380794).
cost(2, 3, 214105).
cost(2, 4, 411894).
cost(2, 5, 393369).
cost(2, 6, 43026).
cost(2, 7, 730407).
cost(2, 8, 120088).
cost(2, 9, 191821).
cost(2, 10, 170014).
cost(2, 11, 109468).
cost(2, 12, 380053).
cost(2, 13, 338830).
cost(2, 14, 206068).
cost(2, 15, 502989).
cost(2, 16, 230708).
cost(2, 17, 183675).
cost(2, 18, 142532).
cost(3, 1, 337803).
cost(3, 2, 214105).
cost(3, 4, 254234).
cost(3, 5, 381092).
cost(3, 6, 180827).
cost(3, 7, 530058).
cost(3, 8, 230503).
cost(3, 9, 364882).
cost(3, 10, 369158).
cost(3, 11, 105536).
cost(3, 12, 397743).
cost(3, 13, 542394).
cost(3, 14, 200042).
cost(3, 15, 329133).
cost(3, 16, 322117).
cost(3, 17, 341958).
cost(3, 18, 199087).
cost(4, 1, 212134).
cost(4, 2, 411894).
cost(4, 3, 254234).
cost(4, 5, 273424).
cost(4, 6, 369005).
cost(4, 7, 344527).
cost(4, 8, 472335).
cost(4, 9, 474334).
cost(4, 10, 581885).
cost(4, 11, 330166).
cost(4, 12, 319832).
cost(4, 13, 669090).
cost(4, 14, 243011).
cost(4, 15, 94999).
cost(4, 16, 363669).
cost(4, 17, 577795).
cost(4, 18, 302566).
cost(5, 1, 61290).
cost(5, 2, 393369).
cost(5, 3, 381092).
cost(5, 4, 273424).
cost(5, 6, 359108).
cost(5, 7, 587664).
cost(5, 8, 503215).
cost(5, 9, 331081).
cost(5, 10, 536943).
cost(5, 11, 381884).
cost(5, 12, 54348).
cost(5, 13, 501743).
cost(5, 14, 199733).
cost(5, 15, 344039).
cost(5, 16, 198906).
cost(5, 17, 575441).
cost(5, 18, 252301).
cost(6, 1, 342787).
cost(6, 2, 43026).
cost(6, 3, 180827).
cost(6, 4, 369005).
cost(6, 5, 359108).
cost(6, 7, 689634).
cost(6, 8, 145100).
cost(6, 9, 198344).
cost(6, 10, 212986).
cost(6, 11, 81797).
cost(6, 12, 349873).
cost(6, 13, 363142).
cost(6, 14, 166712).
cost(6, 15, 460389).
cost(6, 16, 210523).
cost(6, 17, 223116).
cost(6, 18, 106816).
cost(7, 1, 530645).
cost(7, 2, 730407).
cost(7, 3, 530058).
cost(7, 4, 344527).
cost(7, 5, 587664).
cost(7, 6, 689634).
cost(7, 8, 759478).
cost(7, 9, 817543).
cost(7, 10, 895799).
cost(7, 11, 630747).
cost(7, 12, 640551).
cost(7, 13, 1012367).
cost(7, 14, 585876).
cost(7, 15, 252377).
cost(7, 16, 707841).
cost(7, 17, 871559).
cost(7, 18, 641298).
cost(8, 1, 483089).
cost(8, 2, 120088).
cost(8, 3, 230503).
cost(8, 4, 472335).
cost(8, 5, 503215).
cost(8, 6, 145100).
cost(8, 7, 759478).
cost(8, 9, 301873).
cost(8, 10, 162786).
cost(8, 11, 142959).
cost(8, 12, 494965).
cost(8, 13, 413665).
cost(8, 14, 306845).
cost(8, 15, 555352).
cost(8, 16, 350465).
cost(8, 17, 112329).
cost(8, 18, 251413).
cost(9, 1, 349871).
cost(9, 2, 191821).
cost(9, 3, 364882).
cost(9, 4, 474334).
cost(9, 5, 331081).
cost(9, 6, 198344).
cost(9, 7, 817543).
cost(9, 8, 301873).
cost(9, 10, 243509).
cost(9, 11, 278330).
cost(9, 12, 293556).
cost(9, 13, 194839).
cost(9, 14, 231679).
cost(9, 15, 568980).
cost(9, 16, 133089).
cost(9, 17, 314416).
cost(9, 18, 181326).
cost(10, 1, 535226).
cost(10, 2, 170014).
cost(10, 3, 369158).
cost(10, 4, 581885).
cost(10, 5, 536943).
cost(10, 6, 212986).
cost(10, 7, 895799).
cost(10, 8, 162786).
cost(10, 9, 243509).
cost(10, 11, 265399).
cost(10, 12, 512432).
cost(10, 13, 279557).
cost(10, 14, 367587).
cost(10, 15, 672611).
cost(10, 16, 347649).
cost(10, 17, 90530).
cost(10, 18, 300580).
cost(11, 1, 352864).
cost(11, 2, 109468).
cost(11, 3, 105536).
cost(11, 4, 330166).
cost(11, 5, 381884).
cost(11, 6, 81797).
cost(11, 7, 630747).
cost(11, 8, 142959).
cost(11, 9, 278330).
cost(11, 10, 265399).
cost(11, 12, 383935).
cost(11, 13, 444291).
cost(11, 14, 182335).
cost(11, 15, 415426).
cost(11, 16, 268562).
cost(11, 17, 248129).
cost(11, 18, 145998).
cost(12, 1, 110514).
cost(12, 2, 380053).
cost(12, 3, 397743).
cost(12, 4, 319832).
cost(12, 5, 54348).
cost(12, 6, 349873).
cost(12, 7, 640551).
cost(12, 8, 494965).
cost(12, 9, 293556).
cost(12, 10, 512432).
cost(12, 11, 383935).
cost(12, 13, 455271).
cost(12, 14, 203668).
cost(12, 15, 394856).
cost(12, 16, 166075).
cost(12, 17, 558298).
cost(12, 18, 244567).
cost(13, 1, 531575).
cost(13, 2, 338830).
cost(13, 3, 542394).
cost(13, 4, 669090).
cost(13, 5, 501743).
cost(13, 6, 363142).
cost(13, 7, 1012367).
cost(13, 8, 413665).
cost(13, 9, 194839).
cost(13, 10, 279557).
cost(13, 11, 444291).
cost(13, 12, 455271).
cost(13, 14, 426517).
cost(13, 15, 763635).
cost(13, 16, 316463).
cost(13, 17, 370061).
cost(13, 18, 373823).
cost(14, 1, 176498).
cost(14, 2, 206068).
cost(14, 3, 200042).
cost(14, 4, 243011).
cost(14, 5, 199733).
cost(14, 6, 166712).
cost(14, 7, 585876).
cost(14, 8, 306845).
cost(14, 9, 231679).
cost(14, 10, 367587).
cost(14, 11, 182335).
cost(14, 12, 203668).
cost(14, 13, 426517).
cost(14, 15, 337901).
cost(14, 16, 136634).
cost(14, 17, 389400).
cost(14, 18, 67298).
cost(15, 1, 284371).
cost(15, 2, 502989).
cost(15, 3, 329133).
cost(15, 4, 94999).
cost(15, 5, 344039).
cost(15, 6, 460389).
cost(15, 7, 252377).
cost(15, 8, 555352).
cost(15, 9, 568980).
cost(15, 10, 672611).
cost(15, 11, 415426).
cost(15, 12, 394856).
cost(15, 13, 763635).
cost(15, 14, 337901).
cost(15, 16, 455875).
cost(15, 17, 663489).
cost(15, 18, 397439).
cost(16, 1, 217483).
cost(16, 2, 230708).
cost(16, 3, 322117).
cost(16, 4, 363669).
cost(16, 5, 198906).
cost(16, 6, 210523).
cost(16, 7, 707841).
cost(16, 8, 350465).
cost(16, 9, 133089).
cost(16, 10, 347649).
cost(16, 11, 268562).
cost(16, 12, 166075).
cost(16, 13, 316463).
cost(16, 14, 136634).
cost(16, 15, 455875).
cost(16, 17, 399433).
cost(16, 18, 125429).
cost(17, 1, 564468).
cost(17, 2, 183675).
cost(17, 3, 341958).
cost(17, 4, 577795).
cost(17, 5, 575441).
cost(17, 6, 223116).
cost(17, 7, 871559).
cost(17, 8, 112329).
cost(17, 9, 314416).
cost(17, 10, 90530).
cost(17, 11, 248129).
cost(17, 12, 558298).
cost(17, 13, 370061).
cost(17, 14, 389400).
cost(17, 15, 663489).
cost(17, 16, 399433).
cost(17, 18, 326125).
cost(18, 1, 238448).
cost(18, 2, 142532).
cost(18, 3, 199087).
cost(18, 4, 302566).
cost(18, 5, 252301).
cost(18, 6, 106816).
cost(18, 7, 641298).
cost(18, 8, 251413).
cost(18, 9, 181326).
cost(18, 10, 300580).
cost(18, 11, 145998).
cost(18, 12, 244567).
cost(18, 13, 373823).
cost(18, 14, 67298).
cost(18, 15, 397439).
cost(18, 16, 125429).
cost(18, 17, 326125).
