dimension(18).
point(1, 171803.0, 19611.0).
point(2, 72882.0, -18670.0).
point(3, 34732.0, 52536.0).
point(4, -254167.0, 330159.0).
point(5, -269929.0, 35529.0).
point(6, 21698.0, -42304.0).
point(7, 160416.0, 204866.0).
point(8, 217743.0, 232657.0).
point(9, 38516.0, -251579.0).
point(10, 241238.0, 10689.0).
point(11, 25660.0, -171759.0).
point(12, 136614.0, 212053.0).
point(13, -112958.0, 392022.0).
point(14, -55124.0, 190284.0).
point(15, -79934.0, 87102.0).
point(16, 448765.0, 297293.0).
point(17, -238199.0, 214798.0).
point(18, -99558.0, 393336.0).
cost(1, 2, 106070).
cost(1, 3, 140970).
cost(1, 4, 527153).
cost(1, 5, 442019).
cost(1, 6, 162373).
cost(1, 7, 185605).
cost(1, 8, 217943).
cost(1, 9, 302175).
cost(1, 10, 70006).
cost(1, 11, 240791).
cost(1, 12, 195633).
cost(1, 13, 468806).
cost(1, 14, 283946).
cost(1, 15, 260627).
cost(1, 16, 392193).
cost(1, 17, 454092).
cost(1, 18, 461852).
cost(2, 1, 106070).
cost(2, 3, 80782).
cost(2, 4, 478166).
cost(2, 5, 347069).
cost(2, 6, 56377).
cost(2, 7, 240064).
cost(2, 8, 290086).
cost(2, 9, 235431).
cost(2, 10, 170897).
cost(2, 11, 160207).
cost(2, 12, 239363).
cost(2, 13, 450782).
cost(2, 14, 245046).
cost(2, 15, 185851).
cost(2, 16, 491040).
cost(2, 17, 388946).
cost(2, 18, 446637).
cost(3, 1, 140970).
cost(3, 2, 80782).
cost(3, 4, 400671).
cost(3, 5, 305135).
cost(3, 6, 95731).
cost(3, 7, 197486).
cost(3, 8, 256781).
cost(3, 9, 304139).
cost(3, 10, 210703).
cost(3, 11, 224478).
cost(3, 12, 189277).
cost(3, 13, 370220).
cost(3, 14, 164465).
cost(3, 15, 119763).
cost(3, 16, 480967).
cost(3, 17, 317522).
cost(3, 18, 366304).
cost(4, 1, 527153).
cost(4, 2, 478166).
cost(4, 3, 400671).
cost(4, 5, 295051).
cost(4, 6, 463498).
cost(4, 7, 433102).
cost(4, 8, 481877).
cost(4, 9, 651216).
cost(4, 10, 589480).
cost(4, 11, 574652).
cost(4, 12, 408239).
cost(4, 13, 154166).
cost(4, 14, 243276).
cost(4, 15, 299055).
cost(4, 16, 703700).
cost(4, 17, 116461).
cost(4, 18, 167019).
cost(5, 1, 442019).
cost(5, 2, 347069).
cost(5, 3, 305135).
cost(5, 4, 295051).
cost(5, 6, 301835).
cost(5, 7, 462463).
cost(5, 8, 526007).
cost(5, 9, 421390).
cost(5, 10, 511770).
cost(5, 11, 361028).
cost(5, 12, 443213).
cost(5, 13, 389522).
cost(5, 14, 264746).
cost(5, 15, 196870).
cost(5, 16, 764880).
cost(5, 17, 182055).
cost(5, 18, 396298).
cost(6, 1, 162373).
cost(6, 2, 56377).
cost(6, 3, 95731).
cost(6, 4, 463498).
cost(6, 5, 301835).
cost(6, 7, 283436).
cost(6, 8, 337694).
cost(6, 9, 209950).
cost(6, 10, 225845).
cost(6, 11, 129516).
cost(6, 12, 279111).
cost(6, 13, 454721).
cost(6, 14, 244947).
cost(6, 15, 164545).
cost(6, 16, 545630).
cost(6, 17, 365579).
cost(6, 18, 452200).
cost(7, 1, 185605).
cost(7, 2, 240064).
cost(7, 3, 197486).
cost(7, 4, 433102).
cost(7, 5, 462463).
cost(7, 6, 283436).
cost(7, 8, 63708).
cost(7, 9, 472442).
cost(7, 10, 210326).
cost(7, 11, 400007).
cost(7, 12, 24863).
cost(7, 13, 331302).
cost(7, 14, 216033).
cost(7, 15, 267650).
cost(7, 16, 302800).
cost(7, 17, 398739).
cost(7, 18, 321103).
cost(8, 1, 217943).
cost(8, 2, 290086).
cost(8, 3, 256781).
cost(8, 4, 481877).
cost(8, 5, 526007).
cost(8, 6, 337694).
cost(8, 7, 63708).
cost(8, 9, 516340).
cost(8, 10, 223208).
cost(8, 11, 447714).
cost(8, 12, 83704).
cost(8, 13, 367097).
cost(8, 14, 276137).
cost(8, 15, 331358).
cost(8, 16, 239894).
cost(8, 17, 456292).
cost(8, 18, 355665).
cost(9, 1, 302175).
cost(9, 2, 235431).
cost(9, 3, 304139).
cost(9, 4, 651216).
cost(9, 5, 421390).
cost(9, 6, 209950).
cost(9, 7, 472442).
cost(9, 8, 516340).
cost(9, 10, 331483).
cost(9, 11, 80849).
cost(9, 12, 473896).
cost(9, 13, 661186).
cost(9, 14, 451676).
cost(9, 15, 358797).
cost(9, 16, 685248).
cost(9, 17, 542290).
cost(9, 18, 659530).
cost(10, 1, 70006).
cost(10, 2, 170897).
cost(10, 3, 210703).
cost(10, 4, 589480).
cost(10, 5, 511770).
cost(10, 6, 225845).
cost(10, 7, 210326).
cost(10, 8, 223208).
cost(10, 9, 331483).
cost(10, 11, 282420).
cost(10, 12, 226922).
cost(10, 13, 520451).
cost(10, 14, 346533).
cost(10, 15, 330137).
cost(10, 16, 353849).
cost(10, 17, 521076).
cost(10, 18, 512407).
cost(11, 1, 240791).
cost(11, 2, 160207).
cost(11, 3, 224478).
cost(11, 4, 574652).
cost(11, 5, 361028).
cost(11, 6, 129516).
cost(11, 7, 400007).
cost(11, 8, 447714).
cost(11, 9, 80849).
cost(11, 10, 282420).
cost(11, 12, 399528).
cost(11, 13, 580572).
cost(11, 14, 370946).
cost(11, 15, 279570).
cost(11, 16, 631686).
cost(11, 17, 468026).
cost(11, 18, 578802).
cost(12, 1, 195633).
cost(12, 2, 239363).
cost(12, 3, 189277).
cost(12, 4, 408239).
cost(12, 5, 443213).
cost(12, 6, 279111).
cost(12, 7, 24863).
cost(12, 8, 83704).
cost(12, 9, 473896).
cost(12, 10, 226922).
cost(12, 11, 399528).
cost(12, 13, 307693).
cost(12, 14, 192970).
cost(12, 15, 250012).
cost(12, 16, 323580).
cost(12, 17, 374823).
cost(12, 18, 297726).
cost(13, 1, 468806).
cost(13, 2, 450782).
cost(13, 3, 370220).
cost(13, 4, 154166).
cost(13, 5, 389522).
cost(13, 6, 454721).
cost(13, 7, 331302).
cost(13, 8, 367097).
cost(13, 9, 661186).
cost(13, 10, 520451).
cost(13, 11, 580572).
cost(13, 12, 307693).
cost(13, 14, 209864).
cost(13, 15, 306703).
cost(13, 16, 569655).
cost(13, 17, 217011).
cost(13, 18, 13464).
cost(14, 1, 283946).
cost(14, 2, 245046).
cost(14, 3, 164465).
cost(14, 4, 243276).
cost(14, 5, 264746).
cost(14, 6, 244947).
cost(14, 7, 216033).
cost(14, 8, 276137).
cost(14, 9, 451676).
cost(14, 10, 346533).
cost(14, 11, 370946).
cost(14, 12, 192970).
cost(14, 13, 209864).
cost(14, 15, 106123).
cost(14, 16, 515126).
cost(14, 17, 184709).
cost(14, 18, 207857).
cost(15, 1, 260627).
cost(15, 2, 185851).
cost(15, 3, 119763).
cost(15, 4, 299055).
cost(15, 5, 196870).
cost(15, 6, 164545).
cost(15, 7, 267650).
cost(15, 8, 331358).
cost(15, 9, 358797).
cost(15, 10, 330137).
cost(15, 11, 279570).
cost(15, 12, 250012).
cost(15, 13, 306703).
cost(15, 14, 106123).
cost(15, 16, 568949).
cost(15, 17, 203357).
cost(15, 18, 306862).
cost(16, 1, 392193).
cost(16, 2, 491040).
cost(16, 3, 480967).
cost(16, 4, 703700).
cost(16, 5, 764880).
cost(16, 6, 545630).
cost(16, 7, 302800).
cost(16, 8, 239894).
cost(16, 9, 685248).
cost(16, 10, 353849).
cost(16, 11, 631686).
cost(16, 12, 323580).
cost(16, 13, 569655).
cost(16, 14, 515126).
cost(16, 15, 568949).
cost(16, 17, 691900).
cost(16, 18, 556671).
cost(17, 1, 454092).
cost(17, 2, 388946).
cost(17, 3, 317522).
cost(17, 4, 116461).
cost(17, 5, 182055).
cost(17, 6, 365579).
cost(17, 7, 398739).
cost(17, 8, 456292).
cost(17, 9, 542290).
cost(17, 10, 521076).
cost(17, 11, 468026).
cost(17, 12, 374823).
cost(17, 13, 217011).
cost(17, 14, 184709).
cost(17, 15, 203357).
cost(17, 16, 691900).
cost(17, 18, 226047).
cost(18, 1, 461852).
cost(18, 2, 446637).
cost(18, 3, 366304).
cost(18, 4, 167019).
cost(18, 5, 396298).
cost(18, 6, 452200).
cost(18, 7, 321103).
cost(18, 8, 355665).
cost(18, 9, 659530).
cost(18, 10, 512407).
cost(18, 11, 578802).
cost(18, 12, 297726).
cost(18, 13, 13464).
cost(18, 14, 207857).
cost(18, 15, 306862).
cost(18, 16, 556671).
cost(18, 17, 226047).
