dimension(18).
point(1, -414608.0, -2112.0).
point(2, 98707.0, -294605.0).
point(3, -369237.0, 77611.0).
point(4, -201332.0, 15802.0).
point(5, 192509.0, -175155.0).
point(6, 103936.0, -641891.0).
point(7, 197542.0, -124471.0).
point(8, 237327.0, 386036.0).
point(9, 86141.0, -143459.0).
point(10, -144664.0, -237118.0).
point(11, 37290.0, 32394.0).
point(12, 92043.0, 319696.0).
point(13, -439633.0, -241273.0).
point(14, 416136.0, 269007.0).
point(15, 42380.0, -21554.0).
point(16, -207484.0, 221044.0).
point(17, 326509.0, -186872.0).
point(18, 288360.0, 46518.0).
cost(1, 2, 590800).
cost(1, 3, 91729).
cost(1, 4, 214027).
cost(1, 5, 631296).
cost(1, 6, 823532).
cost(1, 7, 624259).
cost(1, 8, 758735).
cost(1, 9, 520316).
cost(1, 10, 357907).
cost(1, 11, 453213).
cost(1, 12, 600213).
cost(1, 13, 240467).
cost(1, 14, 873866).
cost(1, 15, 457401).
cost(1, 16, 304465).
cost(1, 17, 763800).
cost(1, 18, 704648).
cost(2, 1, 590800).
cost(2, 3, 597927).
cost(2, 4, 431713).
cost(2, 5, 151879).
cost(2, 6, 347325).
cost(2, 7, 196759).
cost(2, 8, 694613).
cost(2, 9, 151667).
cost(2, 10, 250068).
cost(2, 11, 332717).
cost(2, 12, 614337).
cost(2, 13, 540975).
cost(2, 14, 646854).
cost(2, 15, 278800).
cost(2, 16, 599706).
cost(2, 17, 251992).
cost(2, 18, 390299).
cost(3, 1, 91729).
cost(3, 2, 597927).
cost(3, 4, 178920).
cost(3, 5, 615994).
cost(3, 6, 861148).
cost(3, 7, 601727).
cost(3, 8, 680475).
cost(3, 9, 506203).
cost(3, 10, 386636).
cost(3, 11, 409034).
cost(3, 12, 520946).
cost(3, 13, 326562).
cost(3, 14, 808358).
cost(3, 15, 423394).
cost(3, 16, 216188).
cost(3, 17, 744321).
cost(3, 18, 658332).
cost(4, 1, 214027).
cost(4, 2, 431713).
cost(4, 3, 178920).
cost(4, 5, 437693).
cost(4, 6, 725085).
cost(4, 7, 422820).
cost(4, 8, 574016).
cost(4, 9, 328641).
cost(4, 10, 259191).
cost(4, 11, 239198).
cost(4, 12, 422398).
cost(4, 13, 350535).
cost(4, 14, 667368).
cost(4, 15, 246558).
cost(4, 16, 205334).
cost(4, 17, 565414).
cost(4, 18, 490654).
cost(5, 1, 631296).
cost(5, 2, 151879).
cost(5, 3, 615994).
cost(5, 4, 437693).
cost(5, 6, 475066).
cost(5, 7, 50933).
cost(5, 8, 562978).
cost(5, 9, 110990).
cost(5, 10, 342819).
cost(5, 11, 259171).
cost(5, 12, 504946).
cost(5, 13, 635590).
cost(5, 14, 497282).
cost(5, 15, 214784).
cost(5, 16, 562999).
cost(5, 17, 134511).
cost(5, 18, 241508).
cost(6, 1, 823532).
cost(6, 2, 347325).
cost(6, 3, 861148).
cost(6, 4, 725085).
cost(6, 5, 475066).
cost(6, 7, 525819).
cost(6, 8, 1036546).
cost(6, 9, 498750).
cost(6, 10, 475019).
cost(6, 11, 677571).
cost(6, 12, 961661).
cost(6, 13, 675250).
cost(6, 14, 962914).
cost(6, 15, 623384).
cost(6, 16, 917409).
cost(6, 17, 506538).
cost(6, 18, 712684).
cost(7, 1, 624259).
cost(7, 2, 196759).
cost(7, 3, 601727).
cost(7, 4, 422820).
cost(7, 5, 50933).
cost(7, 6, 525819).
cost(7, 8, 512055).
cost(7, 9, 113008).
cost(7, 10, 360270).
cost(7, 11, 224248).
cost(7, 12, 456524).
cost(7, 13, 647792).
cost(7, 14, 450120).
cost(7, 15, 186191).
cost(7, 16, 532378).
cost(7, 17, 143270).
cost(7, 18, 193611).
cost(8, 1, 758735).
cost(8, 2, 694613).
cost(8, 3, 680475).
cost(8, 4, 574016).
cost(8, 5, 562978).
cost(8, 6, 1036546).
cost(8, 7, 512055).
cost(8, 9, 550656).
cost(8, 10, 730916).
cost(8, 11, 406297).
cost(8, 12, 159714).
cost(8, 13, 922925).
cost(8, 14, 213702).
cost(8, 15, 451812).
cost(8, 16, 474425).
cost(8, 17, 579808).
cost(8, 18, 343332).
cost(9, 1, 520316).
cost(9, 2, 151667).
cost(9, 3, 506203).
cost(9, 4, 328641).
cost(9, 5, 110990).
cost(9, 6, 498750).
cost(9, 7, 113008).
cost(9, 8, 550656).
cost(9, 10, 249084).
cost(9, 11, 182512).
cost(9, 12, 463193).
cost(9, 13, 534795).
cost(9, 14, 528228).
cost(9, 15, 129522).
cost(9, 16, 468058).
cost(9, 17, 244257).
cost(9, 18, 277460).
cost(10, 1, 357907).
cost(10, 2, 250068).
cost(10, 3, 386636).
cost(10, 4, 259191).
cost(10, 5, 342819).
cost(10, 6, 475019).
cost(10, 7, 360270).
cost(10, 8, 730916).
cost(10, 9, 249084).
cost(10, 11, 325183).
cost(10, 12, 605039).
cost(10, 13, 294998).
cost(10, 14, 755420).
cost(10, 15, 285400).
cost(10, 16, 462449).
cost(10, 17, 473845).
cost(10, 18, 517648).
cost(11, 1, 453213).
cost(11, 2, 332717).
cost(11, 3, 409034).
cost(11, 4, 239198).
cost(11, 5, 259171).
cost(11, 6, 677571).
cost(11, 7, 224248).
cost(11, 8, 406297).
cost(11, 9, 182512).
cost(11, 10, 325183).
cost(11, 12, 292473).
cost(11, 13, 549863).
cost(11, 14, 446665).
cost(11, 15, 54188).
cost(11, 16, 309036).
cost(11, 17, 362940).
cost(11, 18, 251467).
cost(12, 1, 600213).
cost(12, 2, 614337).
cost(12, 3, 520946).
cost(12, 4, 422398).
cost(12, 5, 504946).
cost(12, 6, 961661).
cost(12, 7, 456524).
cost(12, 8, 159714).
cost(12, 9, 463193).
cost(12, 10, 605039).
cost(12, 11, 292473).
cost(12, 13, 772894).
cost(12, 14, 328033).
cost(12, 15, 344845).
cost(12, 16, 315355).
cost(12, 17, 558198).
cost(12, 18, 336402).
cost(13, 1, 240467).
cost(13, 2, 540975).
cost(13, 3, 326562).
cost(13, 4, 350535).
cost(13, 5, 635590).
cost(13, 6, 675250).
cost(13, 7, 647792).
cost(13, 8, 922925).
cost(13, 9, 534795).
cost(13, 10, 294998).
cost(13, 11, 549863).
cost(13, 12, 772894).
cost(13, 14, 996356).
cost(13, 15, 529729).
cost(13, 16, 517330).
cost(13, 17, 768071).
cost(13, 18, 782814).
cost(14, 1, 873866).
cost(14, 2, 646854).
cost(14, 3, 808358).
cost(14, 4, 667368).
cost(14, 5, 497282).
cost(14, 6, 962914).
cost(14, 7, 450120).
cost(14, 8, 213702).
cost(14, 9, 528228).
cost(14, 10, 755420).
cost(14, 11, 446665).
cost(14, 12, 328033).
cost(14, 13, 996356).
cost(14, 15, 473412).
cost(14, 16, 625462).
cost(14, 17, 464606).
cost(14, 18, 256570).
cost(15, 1, 457401).
cost(15, 2, 278800).
cost(15, 3, 423394).
cost(15, 4, 246558).
cost(15, 5, 214784).
cost(15, 6, 623384).
cost(15, 7, 186191).
cost(15, 8, 451812).
cost(15, 9, 129522).
cost(15, 10, 285400).
cost(15, 11, 54188).
cost(15, 12, 344845).
cost(15, 13, 529729).
cost(15, 14, 473412).
cost(15, 16, 348261).
cost(15, 17, 328724).
cost(15, 18, 255225).
cost(16, 1, 304465).
cost(16, 2, 599706).
cost(16, 3, 216188).
cost(16, 4, 205334).
cost(16, 5, 562999).
cost(16, 6, 917409).
cost(16, 7, 532378).
cost(16, 8, 474425).
cost(16, 9, 468058).
cost(16, 10, 462449).
cost(16, 11, 309036).
cost(16, 12, 315355).
cost(16, 13, 517330).
cost(16, 14, 625462).
cost(16, 15, 348261).
cost(16, 17, 671970).
cost(16, 18, 525662).
cost(17, 1, 763800).
cost(17, 2, 251992).
cost(17, 3, 744321).
cost(17, 4, 565414).
cost(17, 5, 134511).
cost(17, 6, 506538).
cost(17, 7, 143270).
cost(17, 8, 579808).
cost(17, 9, 244257).
cost(17, 10, 473845).
cost(17, 11, 362940).
cost(17, 12, 558198).
cost(17, 13, 768071).
cost(17, 14, 464606).
cost(17, 15, 328724).
cost(17, 16, 671970).
cost(17, 18, 236487).
cost(18, 1, 704648).
cost(18, 2, 390299).
cost(18, 3, 658332).
cost(18, 4, 490654).
cost(18, 5, 241508).
cost(18, 6, 712684).
cost(18, 7, 193611).
cost(18, 8, 343332).
cost(18, 9, 277460).
cost(18, 10, 517648).
cost(18, 11, 251467).
cost(18, 12, 336402).
cost(18, 13, 782814).
cost(18, 14, 256570).
cost(18, 15, 255225).
cost(18, 16, 525662).
cost(18, 17, 236487).
