dimension(18).
point(1, -223936.0, 373760.0).
point(2, 245292.0, 164849.0).
point(3, 99941.0, 100574.0).
point(4, 298635.0, -109658.0).
point(5, 15806.0, -65563.0).
point(6, -45818.0, -10614.0).
point(7, 242899.0, 54582.0).
point(8, 92100.0, 105179.0).
point(9, -366746.0, 16258.0).
point(10, -246220.0, 234837.0).
point(11, 63918.0, -274101.0).
point(12, -68208.0, 82214.0).
point(13, -269870.0, -230528.0).
point(14, -150941.0, 241963.0).
point(15, 119978.0, -89429.0).
point(16, -285492.0, -146547.0).
point(17, 331879.0, 29636.0).
point(18, 31842.0, -383941.0).
cost(1, 2, 513633).
cost(1, 3, 423706).
cost(1, 4, 711880).
cost(1, 5, 500481).
cost(1, 6, 423638).
cost(1, 7, 565517).
cost(1, 8, 414746).
cost(1, 9, 384971).
cost(1, 10, 140699).
cost(1, 11, 708931).
cost(1, 12, 330530).
cost(1, 13, 606031).
cost(1, 14, 150661).
cost(1, 15, 576906).
cost(1, 16, 523936).
cost(1, 17, 653721).
cost(1, 18, 799708).
cost(2, 1, 513633).
cost(2, 3, 158928).
cost(2, 4, 279642).
cost(2, 5, 325198).
cost(2, 6, 339900).
cost(2, 7, 110293).
cost(2, 8, 164403).
cost(2, 9, 629817).
cost(2, 10, 496470).
cost(2, 11, 474946).
cost(2, 12, 324208).
cost(2, 13, 649396).
cost(2, 14, 403667).
cost(2, 15, 283480).
cost(2, 16, 615385).
cost(2, 17, 160561).
cost(2, 18, 588839).
cost(3, 1, 423706).
cost(3, 2, 158928).
cost(3, 4, 289269).
cost(3, 5, 186226).
cost(3, 6, 183326).
cost(3, 7, 150174).
cost(3, 8, 9093).
cost(3, 9, 474242).
cost(3, 10, 371287).
cost(3, 11, 376403).
cost(3, 12, 169148).
cost(3, 13, 496376).
cost(3, 14, 287980).
cost(3, 15, 191057).
cost(3, 16, 457851).
cost(3, 17, 242544).
cost(3, 18, 489277).
cost(4, 1, 711880).
cost(4, 2, 279642).
cost(4, 3, 289269).
cost(4, 5, 286246).
cost(4, 6, 358410).
cost(4, 7, 173440).
cost(4, 8, 298013).
cost(4, 9, 677190).
cost(4, 10, 644627).
cost(4, 11, 286590).
cost(4, 12, 413991).
cost(4, 13, 581212).
cost(4, 14, 570750).
cost(4, 15, 179799).
cost(4, 16, 585291).
cost(4, 17, 143206).
cost(4, 18, 382635).
cost(5, 1, 500481).
cost(5, 2, 325198).
cost(5, 3, 186226).
cost(5, 4, 286246).
cost(5, 6, 82565).
cost(5, 7, 256916).
cost(5, 8, 187012).
cost(5, 9, 391204).
cost(5, 10, 398620).
cost(5, 11, 214016).
cost(5, 12, 169989).
cost(5, 13, 329885).
cost(5, 14, 349824).
cost(5, 15, 106871).
cost(5, 16, 311992).
cost(5, 17, 330098).
cost(5, 18, 318782).
cost(6, 1, 423638).
cost(6, 2, 339900).
cost(6, 3, 183326).
cost(6, 4, 358410).
cost(6, 5, 82565).
cost(6, 7, 295987).
cost(6, 8, 180082).
cost(6, 9, 322051).
cost(6, 10, 316871).
cost(6, 11, 285425).
cost(6, 12, 95490).
cost(6, 13, 313945).
cost(6, 14, 273580).
cost(6, 15, 183576).
cost(6, 16, 275538).
cost(6, 17, 379836).
cost(6, 18, 381319).
cost(7, 1, 565517).
cost(7, 2, 110293).
cost(7, 3, 150174).
cost(7, 4, 173440).
cost(7, 5, 256916).
cost(7, 6, 295987).
cost(7, 8, 159061).
cost(7, 9, 610848).
cost(7, 10, 521277).
cost(7, 11, 374255).
cost(7, 12, 312332).
cost(7, 13, 586702).
cost(7, 14, 436144).
cost(7, 15, 189338).
cost(7, 16, 565376).
cost(7, 17, 92411).
cost(7, 18, 486670).
cost(8, 1, 414746).
cost(8, 2, 164403).
cost(8, 3, 9093).
cost(8, 4, 298013).
cost(8, 5, 187012).
cost(8, 6, 180082).
cost(8, 7, 159061).
cost(8, 9, 467383).
cost(8, 10, 362314).
cost(8, 11, 380326).
cost(8, 12, 161945).
cost(8, 13, 493682).
cost(8, 14, 278888).
cost(8, 15, 196595).
cost(8, 16, 453808).
cost(8, 17, 251398).
cost(8, 18, 492818).
cost(9, 1, 384971).
cost(9, 2, 629817).
cost(9, 3, 474242).
cost(9, 4, 677190).
cost(9, 5, 391204).
cost(9, 6, 322051).
cost(9, 7, 610848).
cost(9, 8, 467383).
cost(9, 10, 249606).
cost(9, 11, 519403).
cost(9, 12, 305737).
cost(9, 13, 265119).
cost(9, 14, 312273).
cost(9, 15, 498066).
cost(9, 16, 181955).
cost(9, 17, 698753).
cost(9, 18, 564829).
cost(10, 1, 140699).
cost(10, 2, 496470).
cost(10, 3, 371287).
cost(10, 4, 644627).
cost(10, 5, 398620).
cost(10, 6, 316871).
cost(10, 7, 521277).
cost(10, 8, 362314).
cost(10, 9, 249606).
cost(10, 11, 595989).
cost(10, 12, 234483).
cost(10, 13, 465966).
cost(10, 14, 95545).
cost(10, 15, 489131).
cost(10, 16, 383401).
cost(10, 17, 613438).
cost(10, 18, 678384).
cost(11, 1, 708931).
cost(11, 2, 474946).
cost(11, 3, 376403).
cost(11, 4, 286590).
cost(11, 5, 214016).
cost(11, 6, 285425).
cost(11, 7, 374255).
cost(11, 8, 380326).
cost(11, 9, 519403).
cost(11, 10, 595989).
cost(11, 12, 380023).
cost(11, 13, 336620).
cost(11, 14, 559005).
cost(11, 15, 192993).
cost(11, 16, 371964).
cost(11, 17, 405042).
cost(11, 18, 114428).
cost(12, 1, 330530).
cost(12, 2, 324208).
cost(12, 3, 169148).
cost(12, 4, 413991).
cost(12, 5, 169989).
cost(12, 6, 95490).
cost(12, 7, 312332).
cost(12, 8, 161945).
cost(12, 9, 305737).
cost(12, 10, 234483).
cost(12, 11, 380023).
cost(12, 13, 372122).
cost(12, 14, 179901).
cost(12, 15, 254706).
cost(12, 16, 315506).
cost(12, 17, 403527).
cost(12, 18, 476771).
cost(13, 1, 606031).
cost(13, 2, 649396).
cost(13, 3, 496376).
cost(13, 4, 581212).
cost(13, 5, 329885).
cost(13, 6, 313945).
cost(13, 7, 586702).
cost(13, 8, 493682).
cost(13, 9, 265119).
cost(13, 10, 465966).
cost(13, 11, 336620).
cost(13, 12, 372122).
cost(13, 14, 487229).
cost(13, 15, 414597).
cost(13, 16, 85422).
cost(13, 17, 655582).
cost(13, 18, 338476).
cost(14, 1, 150661).
cost(14, 2, 403667).
cost(14, 3, 287980).
cost(14, 4, 570750).
cost(14, 5, 349824).
cost(14, 6, 273580).
cost(14, 7, 436144).
cost(14, 8, 278888).
cost(14, 9, 312273).
cost(14, 10, 95545).
cost(14, 11, 559005).
cost(14, 12, 179901).
cost(14, 13, 487229).
cost(14, 15, 428039).
cost(14, 16, 411150).
cost(14, 17, 527445).
cost(14, 18, 652047).
cost(15, 1, 576906).
cost(15, 2, 283480).
cost(15, 3, 191057).
cost(15, 4, 179799).
cost(15, 5, 106871).
cost(15, 6, 183576).
cost(15, 7, 189338).
cost(15, 8, 196595).
cost(15, 9, 498066).
cost(15, 10, 489131).
cost(15, 11, 192993).
cost(15, 12, 254706).
cost(15, 13, 414597).
cost(15, 14, 428039).
cost(15, 16, 409473).
cost(15, 17, 243061).
cost(15, 18, 307417).
cost(16, 1, 523936).
cost(16, 2, 615385).
cost(16, 3, 457851).
cost(16, 4, 585291).
cost(16, 5, 311992).
cost(16, 6, 275538).
cost(16, 7, 565376).
cost(16, 8, 453808).
cost(16, 9, 181955).
cost(16, 10, 383401).
cost(16, 11, 371964).
cost(16, 12, 315506).
cost(16, 13, 85422).
cost(16, 14, 411150).
cost(16, 15, 409473).
cost(16, 17, 642018).
cost(16, 18, 396304).
cost(17, 1, 653721).
cost(17, 2, 160561).
cost(17, 3, 242544).
cost(17, 4, 143206).
cost(17, 5, 330098).
cost(17, 6, 379836).
cost(17, 7, 92411).
cost(17, 8, 251398).
cost(17, 9, 698753).
cost(17, 10, 613438).
cost(17, 11, 405042).
cost(17, 12, 403527).
cost(17, 13, 655582).
cost(17, 14, 527445).
cost(17, 15, 243061).
cost(17, 16, 642018).
cost(17, 18, 510948).
cost(18, 1, 799708).
cost(18, 2, 588839).
cost(18, 3, 489277).
cost(18, 4, 382635).
cost(18, 5, 318782).
cost(18, 6, 381319).
cost(18, 7, 486670).
cost(18, 8, 492818).
cost(18, 9, 564829).
cost(18, 10, 678384).
cost(18, 11, 114428).
cost(18, 12, 476771).
cost(18, 13, 338476).
cost(18, 14, 652047).
cost(18, 15, 307417).
cost(18, 16, 396304).
cost(18, 17, 510948).
