dimension(18).
point(1, 58152.0, -355368.0).
point(2, -110547.0, 18190.0).
point(3, 193086.0, -535199.0).
point(4, 83825.0, -201612.0).
point(5, -189930.0, -116953.0).
point(6, -120855.0, -233877.0).
point(7, 6119.0, 30308.0).
point(8, 180116.0, -229921.0).
point(9, 165250.0, -301245.0).
point(10, 108160.0, 209998.0).
point(11, 364959.0, 390848.0).
point(12, 6150.0, 16470.0).
point(13, -357710.0, -225487.0).
point(14, -212381.0, -60338.0).
point(15, 191942.0, -108114.0).
point(16, -204147.0, -134451.0).
point(17, 277222.0, -130921.0).
point(18, -203922.0, -115622.0).
cost(1, 2, 409884).
cost(1, 3, 224825).
cost(1, 4, 155885).
cost(1, 5, 344073).
cost(1, 6, 216341).
cost(1, 7, 389170).
cost(1, 8, 174963).
cost(1, 9, 119997).
cost(1, 10, 567573).
cost(1, 11, 806826).
cost(1, 12, 375457).
cost(1, 13, 435672).
cost(1, 14, 400288).
cost(1, 15, 281130).
cost(1, 16, 342936).
cost(1, 17, 313637).
cost(1, 18, 355191).
cost(2, 1, 409884).
cost(2, 3, 631215).
cost(2, 4, 293417).
cost(2, 5, 156733).
cost(2, 6, 252278).
cost(2, 7, 117294).
cost(2, 8, 382157).
cost(2, 9, 422022).
cost(2, 10, 290900).
cost(2, 11, 604136).
cost(2, 12, 116710).
cost(2, 13, 347085).
cost(2, 14, 128596).
cost(2, 15, 327799).
cost(2, 16, 179054).
cost(2, 17, 415450).
cost(2, 18, 163170).
cost(3, 1, 224825).
cost(3, 2, 631215).
cost(3, 4, 351025).
cost(3, 5, 567125).
cost(3, 6, 435148).
cost(3, 7, 595613).
cost(3, 8, 305553).
cost(3, 9, 235604).
cost(3, 10, 750021).
cost(3, 11, 941862).
cost(3, 12, 582481).
cost(3, 13, 631900).
cost(3, 14, 624417).
cost(3, 15, 427087).
cost(3, 16, 564263).
cost(3, 17, 412940).
cost(3, 18, 577633).
cost(4, 1, 155885).
cost(4, 2, 293417).
cost(4, 3, 351025).
cost(4, 5, 286547).
cost(4, 6, 207207).
cost(4, 7, 244592).
cost(4, 8, 100366).
cost(4, 9, 128673).
cost(4, 10, 412329).
cost(4, 11, 655778).
cost(4, 12, 231502).
cost(4, 13, 442180).
cost(4, 14, 328171).
cost(4, 15, 142938).
cost(4, 16, 295700).
cost(4, 17, 205912).
cost(4, 18, 300321).
cost(5, 1, 344073).
cost(5, 2, 156733).
cost(5, 3, 567125).
cost(5, 4, 286547).
cost(5, 6, 135803).
cost(5, 7, 245196).
cost(5, 8, 386905).
cost(5, 9, 400145).
cost(5, 10, 442442).
cost(5, 11, 752173).
cost(5, 12, 237169).
cost(5, 13, 199824).
cost(5, 14, 60904).
cost(5, 15, 381974).
cost(5, 16, 22546).
cost(5, 17, 467361).
cost(5, 18, 14055).
cost(6, 1, 216341).
cost(6, 2, 252278).
cost(6, 3, 435148).
cost(6, 4, 207207).
cost(6, 5, 135803).
cost(6, 7, 293115).
cost(6, 8, 300997).
cost(6, 9, 293929).
cost(6, 10, 499473).
cost(6, 11, 791389).
cost(6, 12, 280720).
cost(6, 13, 237004).
cost(6, 14, 196196).
cost(6, 15, 337132).
cost(6, 16, 129704).
cost(6, 17, 411175).
cost(6, 18, 144514).
cost(7, 1, 389170).
cost(7, 2, 117294).
cost(7, 3, 595613).
cost(7, 4, 244592).
cost(7, 5, 245196).
cost(7, 6, 293115).
cost(7, 8, 313040).
cost(7, 9, 367764).
cost(7, 10, 206642).
cost(7, 11, 508680).
cost(7, 12, 13838).
cost(7, 13, 444750).
cost(7, 14, 236556).
cost(7, 15, 231713).
cost(7, 16, 267128).
cost(7, 17, 315423).
cost(7, 18, 255759).
cost(8, 1, 174963).
cost(8, 2, 382157).
cost(8, 3, 305553).
cost(8, 4, 100366).
cost(8, 5, 386905).
cost(8, 6, 300997).
cost(8, 7, 313040).
cost(8, 9, 72857).
cost(8, 10, 445765).
cost(8, 11, 647704).
cost(8, 12, 301617).
cost(8, 13, 537844).
cost(8, 14, 427566).
cost(8, 15, 122380).
cost(8, 16, 395945).
cost(8, 17, 138674).
cost(8, 18, 400686).
cost(9, 1, 119997).
cost(9, 2, 422022).
cost(9, 3, 235604).
cost(9, 4, 128673).
cost(9, 5, 400145).
cost(9, 6, 293929).
cost(9, 7, 367764).
cost(9, 8, 72857).
cost(9, 10, 514421).
cost(9, 11, 720331).
cost(9, 12, 355325).
cost(9, 13, 528419).
cost(9, 14, 447930).
cost(9, 15, 194967).
cost(9, 16, 405308).
cost(9, 17, 203833).
cost(9, 18, 413212).
cost(10, 1, 567573).
cost(10, 2, 290900).
cost(10, 3, 750021).
cost(10, 4, 412329).
cost(10, 5, 442442).
cost(10, 6, 499473).
cost(10, 7, 206642).
cost(10, 8, 445765).
cost(10, 9, 514421).
cost(10, 11, 314090).
cost(10, 12, 218767).
cost(10, 13, 637716).
cost(10, 14, 419319).
cost(10, 15, 328960).
cost(10, 16, 464952).
cost(10, 17, 380536).
cost(10, 18, 451025).
cost(11, 1, 806826).
cost(11, 2, 604136).
cost(11, 3, 941862).
cost(11, 4, 655778).
cost(11, 5, 752173).
cost(11, 6, 791389).
cost(11, 7, 508680).
cost(11, 8, 647704).
cost(11, 9, 720331).
cost(11, 10, 314090).
cost(11, 12, 518558).
cost(11, 13, 949800).
cost(11, 14, 732728).
cost(11, 15, 528108).
cost(11, 16, 774481).
cost(11, 17, 529094).
cost(11, 18, 761668).
cost(12, 1, 375457).
cost(12, 2, 116710).
cost(12, 3, 582481).
cost(12, 4, 231502).
cost(12, 5, 237169).
cost(12, 6, 280720).
cost(12, 7, 13838).
cost(12, 8, 301617).
cost(12, 9, 355325).
cost(12, 10, 218767).
cost(12, 11, 518558).
cost(12, 13, 436964).
cost(12, 14, 231636).
cost(12, 15, 223696).
cost(12, 16, 258847).
cost(12, 17, 308552).
cost(12, 18, 248150).
cost(13, 1, 435672).
cost(13, 2, 347085).
cost(13, 3, 631900).
cost(13, 4, 442180).
cost(13, 5, 199824).
cost(13, 6, 237004).
cost(13, 7, 444750).
cost(13, 8, 537844).
cost(13, 9, 528419).
cost(13, 10, 637716).
cost(13, 11, 949800).
cost(13, 12, 436964).
cost(13, 14, 219988).
cost(13, 15, 562044).
cost(13, 16, 178519).
cost(13, 17, 641936).
cost(13, 18, 189000).
cost(14, 1, 400288).
cost(14, 2, 128596).
cost(14, 3, 624417).
cost(14, 4, 328171).
cost(14, 5, 60904).
cost(14, 6, 196196).
cost(14, 7, 236556).
cost(14, 8, 427566).
cost(14, 9, 447930).
cost(14, 10, 419319).
cost(14, 11, 732728).
cost(14, 12, 231636).
cost(14, 13, 219988).
cost(14, 15, 407136).
cost(14, 16, 74569).
cost(14, 17, 494665).
cost(14, 18, 55927).
cost(15, 1, 281130).
cost(15, 2, 327799).
cost(15, 3, 427087).
cost(15, 4, 142938).
cost(15, 5, 381974).
cost(15, 6, 337132).
cost(15, 7, 231713).
cost(15, 8, 122380).
cost(15, 9, 194967).
cost(15, 10, 328960).
cost(15, 11, 528108).
cost(15, 12, 223696).
cost(15, 13, 562044).
cost(15, 14, 407136).
cost(15, 16, 396964).
cost(15, 17, 88277).
cost(15, 18, 395935).
cost(16, 1, 342936).
cost(16, 2, 179054).
cost(16, 3, 564263).
cost(16, 4, 295700).
cost(16, 5, 22546).
cost(16, 6, 129704).
cost(16, 7, 267128).
cost(16, 8, 395945).
cost(16, 9, 405308).
cost(16, 10, 464952).
cost(16, 11, 774481).
cost(16, 12, 258847).
cost(16, 13, 178519).
cost(16, 14, 74569).
cost(16, 15, 396964).
cost(16, 17, 481382).
cost(16, 18, 18830).
cost(17, 1, 313637).
cost(17, 2, 415450).
cost(17, 3, 412940).
cost(17, 4, 205912).
cost(17, 5, 467361).
cost(17, 6, 411175).
cost(17, 7, 315423).
cost(17, 8, 138674).
cost(17, 9, 203833).
cost(17, 10, 380536).
cost(17, 11, 529094).
cost(17, 12, 308552).
cost(17, 13, 641936).
cost(17, 14, 494665).
cost(17, 15, 88277).
cost(17, 16, 481382).
cost(17, 18, 481387).
cost(18, 1, 355191).
cost(18, 2, 163170).
cost(18, 3, 577633).
cost(18, 4, 300321).
cost(18, 5, 14055).
cost(18, 6, 144514).
cost(18, 7, 255759).
cost(18, 8, 400686).
cost(18, 9, 413212).
cost(18, 10, 451025).
cost(18, 11, 761668).
cost(18, 12, 248150).
cost(18, 13, 189000).
cost(18, 14, 55927).
cost(18, 15, 395935).
cost(18, 16, 18830).
cost(18, 17, 481387).
