dimension(18).
point(1, -158781.0, -323975.0).
point(2, -115085.0, -134949.0).
point(3, -51556.0, 42896.0).
point(4, -17727.0, -102024.0).
point(5, -381040.0, 113249.0).
point(6, -155493.0, -248338.0).
point(7, -325304.0, 91763.0).
point(8, 211663.0, 259094.0).
point(9, 265561.0, -135004.0).
point(10, -139542.0, -143678.0).
point(11, 42940.0, 112494.0).
point(12, -133797.0, -40137.0).
point(13, 27602.0, -8454.0).
point(14, -276818.0, 422109.0).
point(15, -86973.0, 79892.0).
point(16, -116147.0, -1396.0).
point(17, -40388.0, 14595.0).
point(18, -215882.0, 228193.0).
cost(1, 2, 194011).
cost(1, 3, 382219).
cost(1, 4, 262980).
cost(1, 5, 490473).
cost(1, 6, 75708).
cost(1, 7, 447848).
cost(1, 8, 690795).
cost(1, 9, 464517).
cost(1, 10, 181321).
cost(1, 11, 480829).
cost(1, 12, 284935).
cost(1, 13, 366459).
cost(1, 14, 755364).
cost(1, 15, 410201).
cost(1, 16, 325384).
cost(1, 17, 358673).
cost(1, 18, 555113).
cost(2, 1, 194011).
cost(2, 3, 188851).
cost(2, 4, 102775).
cost(2, 5, 363778).
cost(2, 6, 120374).
cost(2, 7, 309177).
cost(2, 8, 511893).
cost(2, 9, 380646).
cost(2, 10, 25968).
cost(2, 11, 293598).
cost(2, 12, 96641).
cost(2, 13, 190684).
cost(2, 14, 580061).
cost(2, 15, 216672).
cost(2, 16, 133557).
cost(2, 17, 167162).
cost(2, 18, 376872).
cost(3, 1, 382219).
cost(3, 2, 188851).
cost(3, 4, 148816).
cost(3, 5, 336911).
cost(3, 6, 309225).
cost(3, 7, 278075).
cost(3, 8, 340626).
cost(3, 9, 363609).
cost(3, 10, 206280).
cost(3, 11, 117360).
cost(3, 12, 116868).
cost(3, 13, 94355).
cost(3, 14, 441073).
cost(3, 15, 51216).
cost(3, 16, 78318).
cost(3, 17, 30425).
cost(3, 18, 247665).
cost(4, 1, 262980).
cost(4, 2, 102775).
cost(4, 3, 148816).
cost(4, 5, 422302).
cost(4, 6, 200966).
cost(4, 7, 363534).
cost(4, 8, 427815).
cost(4, 9, 285201).
cost(4, 10, 128740).
cost(4, 11, 222932).
cost(4, 12, 131538).
cost(4, 13, 103971).
cost(4, 14, 584674).
cost(4, 15, 194650).
cost(4, 16, 140757).
cost(4, 17, 118800).
cost(4, 18, 385109).
cost(5, 1, 490473).
cost(5, 2, 363778).
cost(5, 3, 336911).
cost(5, 4, 422302).
cost(5, 6, 426165).
cost(5, 7, 59734).
cost(5, 8, 610383).
cost(5, 9, 692620).
cost(5, 10, 352609).
cost(5, 11, 423981).
cost(5, 12, 290958).
cost(5, 13, 426380).
cost(5, 14, 325970).
cost(5, 15, 295953).
cost(5, 16, 288638).
cost(5, 17, 354650).
cost(5, 18, 201220).
cost(6, 1, 75708).
cost(6, 2, 120374).
cost(6, 3, 309225).
cost(6, 4, 200966).
cost(6, 5, 426165).
cost(6, 7, 380137).
cost(6, 8, 626331).
cost(6, 9, 436040).
cost(6, 10, 105869).
cost(6, 11, 411795).
cost(6, 12, 209328).
cost(6, 13, 301775).
cost(6, 14, 681336).
cost(6, 15, 335306).
cost(6, 16, 250057).
cost(6, 17, 287024).
cost(6, 18, 480342).
cost(7, 1, 447848).
cost(7, 2, 309177).
cost(7, 3, 278075).
cost(7, 4, 363534).
cost(7, 5, 59734).
cost(7, 6, 380137).
cost(7, 8, 562435).
cost(7, 9, 632886).
cost(7, 10, 299900).
cost(7, 11, 368827).
cost(7, 12, 232535).
cost(7, 13, 366860).
cost(7, 14, 333885).
cost(7, 15, 238626).
cost(7, 16, 228966).
cost(7, 17, 295181).
cost(7, 18, 174889).
cost(8, 1, 690795).
cost(8, 2, 511893).
cost(8, 3, 340626).
cost(8, 4, 427815).
cost(8, 5, 610383).
cost(8, 6, 626331).
cost(8, 7, 562435).
cost(8, 9, 397767).
cost(8, 10, 534388).
cost(8, 11, 223515).
cost(8, 12, 457036).
cost(8, 13, 324747).
cost(8, 14, 514964).
cost(8, 15, 348277).
cost(8, 16, 418706).
cost(8, 17, 351154).
cost(8, 18, 428660).
cost(9, 1, 464517).
cost(9, 2, 380646).
cost(9, 3, 363609).
cost(9, 4, 285201).
cost(9, 5, 692620).
cost(9, 6, 436040).
cost(9, 7, 632886).
cost(9, 8, 397767).
cost(9, 10, 405196).
cost(9, 11, 332889).
cost(9, 12, 410471).
cost(9, 13, 269517).
cost(9, 14, 777528).
cost(9, 15, 412869).
cost(9, 16, 404416).
cost(9, 17, 340565).
cost(9, 18, 603075).
cost(10, 1, 181321).
cost(10, 2, 25968).
cost(10, 3, 206280).
cost(10, 4, 128740).
cost(10, 5, 352609).
cost(10, 6, 105869).
cost(10, 7, 299900).
cost(10, 8, 534388).
cost(10, 9, 405196).
cost(10, 11, 314521).
cost(10, 12, 103700).
cost(10, 13, 214995).
cost(10, 14, 582202).
cost(10, 15, 229667).
cost(10, 16, 144193).
cost(10, 17, 186767).
cost(10, 18, 379626).
cost(11, 1, 480829).
cost(11, 2, 293598).
cost(11, 3, 117360).
cost(11, 4, 222932).
cost(11, 5, 423981).
cost(11, 6, 411795).
cost(11, 7, 368827).
cost(11, 8, 223515).
cost(11, 9, 332889).
cost(11, 10, 314521).
cost(11, 12, 233521).
cost(11, 13, 121917).
cost(11, 14, 445092).
cost(11, 15, 133941).
cost(11, 16, 195652).
cost(11, 17, 128560).
cost(11, 18, 283505).
cost(12, 1, 284935).
cost(12, 2, 96641).
cost(12, 3, 116868).
cost(12, 4, 131538).
cost(12, 5, 290958).
cost(12, 6, 209328).
cost(12, 7, 232535).
cost(12, 8, 457036).
cost(12, 9, 410471).
cost(12, 10, 103700).
cost(12, 11, 233521).
cost(12, 13, 164479).
cost(12, 14, 483866).
cost(12, 15, 128839).
cost(12, 16, 42572).
cost(12, 17, 108263).
cost(12, 18, 280605).
cost(13, 1, 366459).
cost(13, 2, 190684).
cost(13, 3, 94355).
cost(13, 4, 103971).
cost(13, 5, 426380).
cost(13, 6, 301775).
cost(13, 7, 366860).
cost(13, 8, 324747).
cost(13, 9, 269517).
cost(13, 10, 214995).
cost(13, 11, 121917).
cost(13, 12, 164479).
cost(13, 14, 527310).
cost(13, 15, 144680).
cost(13, 16, 143922).
cost(13, 17, 71791).
cost(13, 18, 339538).
cost(14, 1, 755364).
cost(14, 2, 580061).
cost(14, 3, 441073).
cost(14, 4, 584674).
cost(14, 5, 325970).
cost(14, 6, 681336).
cost(14, 7, 333885).
cost(14, 8, 514964).
cost(14, 9, 777528).
cost(14, 10, 582202).
cost(14, 11, 445092).
cost(14, 12, 483866).
cost(14, 13, 527310).
cost(14, 15, 391348).
cost(14, 16, 452959).
cost(14, 17, 471134).
cost(14, 18, 203265).
cost(15, 1, 410201).
cost(15, 2, 216672).
cost(15, 3, 51216).
cost(15, 4, 194650).
cost(15, 5, 295953).
cost(15, 6, 335306).
cost(15, 7, 238626).
cost(15, 8, 348277).
cost(15, 9, 412869).
cost(15, 10, 229667).
cost(15, 11, 133941).
cost(15, 12, 128839).
cost(15, 13, 144680).
cost(15, 14, 391348).
cost(15, 16, 86365).
cost(15, 17, 80211).
cost(15, 18, 196496).
cost(16, 1, 325384).
cost(16, 2, 133557).
cost(16, 3, 78318).
cost(16, 4, 140757).
cost(16, 5, 288638).
cost(16, 6, 250057).
cost(16, 7, 228966).
cost(16, 8, 418706).
cost(16, 9, 404416).
cost(16, 10, 144193).
cost(16, 11, 195652).
cost(16, 12, 42572).
cost(16, 13, 143922).
cost(16, 14, 452959).
cost(16, 15, 86365).
cost(16, 17, 77428).
cost(16, 18, 250316).
cost(17, 1, 358673).
cost(17, 2, 167162).
cost(17, 3, 30425).
cost(17, 4, 118800).
cost(17, 5, 354650).
cost(17, 6, 287024).
cost(17, 7, 295181).
cost(17, 8, 351154).
cost(17, 9, 340565).
cost(17, 10, 186767).
cost(17, 11, 128560).
cost(17, 12, 108263).
cost(17, 13, 71791).
cost(17, 14, 471134).
cost(17, 15, 80211).
cost(17, 16, 77428).
cost(17, 18, 276446).
cost(18, 1, 555113).
cost(18, 2, 376872).
cost(18, 3, 247665).
cost(18, 4, 385109).
cost(18, 5, 201220).
cost(18, 6, 480342).
cost(18, 7, 174889).
cost(18, 8, 428660).
cost(18, 9, 603075).
cost(18, 10, 379626).
cost(18, 11, 283505).
cost(18, 12, 280605).
cost(18, 13, 339538).
cost(18, 14, 203265).
cost(18, 15, 196496).
cost(18, 16, 250316).
cost(18, 17, 276446).
