dimension(18).
point(1, 206179.0, -153787.0).
point(2, -191769.0, 60332.0).
point(3, 243697.0, -194406.0).
point(4, 124823.0, 246701.0).
point(5, -119359.0, 60371.0).
point(6, 130098.0, 1072973.0).
point(7, 235895.0, 192972.0).
point(8, -245012.0, -152812.0).
point(9, 298327.0, -208869.0).
point(10, -106904.0, -275248.0).
point(11, 61403.0, -73388.0).
point(12, -119420.0, -96753.0).
point(13, -136553.0, 61015.0).
point(14, -327124.0, -143262.0).
point(15, -163462.0, -96181.0).
point(16, 68429.0, -129737.0).
point(17, 291948.0, 281265.0).
point(18, 43078.0, -177160.0).
cost(1, 2, 451896).
cost(1, 3, 55295).
cost(1, 4, 408668).
cost(1, 5, 389665).
cost(1, 6, 1229117).
cost(1, 7, 348030).
cost(1, 8, 451192).
cost(1, 9, 107356).
cost(1, 10, 335818).
cost(1, 11, 165602).
cost(1, 12, 330556).
cost(1, 13, 404481).
cost(1, 14, 533407).
cost(1, 15, 374103).
cost(1, 16, 139834).
cost(1, 17, 443426).
cost(1, 18, 164767).
cost(2, 1, 451896).
cost(2, 3, 504502).
cost(2, 4, 367374).
cost(2, 5, 72410).
cost(2, 6, 1062563).
cost(2, 7, 447761).
cost(2, 8, 219693).
cost(2, 9, 559163).
cost(2, 10, 346144).
cost(2, 11, 286316).
cost(2, 12, 172945).
cost(2, 13, 55220).
cost(2, 14, 244482).
cost(2, 15, 159052).
cost(2, 16, 322225).
cost(2, 17, 531783).
cost(2, 18, 333999).
cost(3, 1, 55295).
cost(3, 2, 504502).
cost(3, 4, 456844).
cost(3, 5, 443532).
cost(3, 6, 1272460).
cost(3, 7, 387457).
cost(3, 8, 490476).
cost(3, 9, 56512).
cost(3, 10, 359801).
cost(3, 11, 218807).
cost(3, 12, 376019).
cost(3, 13, 458072).
cost(3, 14, 573108).
cost(3, 15, 418840).
cost(3, 16, 186818).
cost(3, 17, 478112).
cost(3, 18, 201359).
cost(4, 1, 408668).
cost(4, 2, 367374).
cost(4, 3, 456844).
cost(4, 5, 307154).
cost(4, 6, 826289).
cost(4, 7, 123385).
cost(4, 8, 544416).
cost(4, 9, 487491).
cost(4, 10, 571076).
cost(4, 11, 326311).
cost(4, 12, 421444).
cost(4, 13, 320619).
cost(4, 14, 596932).
cost(4, 15, 447969).
cost(4, 16, 380639).
cost(4, 17, 170662).
cost(4, 18, 431672).
cost(5, 1, 389665).
cost(5, 2, 72410).
cost(5, 3, 443532).
cost(5, 4, 307154).
cost(5, 6, 1042877).
cost(5, 7, 379194).
cost(5, 8, 247458).
cost(5, 9, 496942).
cost(5, 10, 335850).
cost(5, 11, 224870).
cost(5, 12, 157124).
cost(5, 13, 17206).
cost(5, 14, 290917).
cost(5, 15, 162646).
cost(5, 16, 267218).
cost(5, 17, 466870).
cost(5, 18, 287762).
cost(6, 1, 1229117).
cost(6, 2, 1062563).
cost(6, 3, 1272460).
cost(6, 4, 826289).
cost(6, 5, 1042877).
cost(6, 7, 886338).
cost(6, 8, 1281896).
cost(6, 9, 1292834).
cost(6, 10, 1368894).
cost(6, 11, 1148417).
cost(6, 12, 1196043).
cost(6, 13, 1046500).
cost(6, 14, 1299338).
cost(6, 15, 1205445).
cost(6, 16, 1204290).
cost(6, 17, 808082).
cost(6, 18, 1253158).
cost(7, 1, 348030).
cost(7, 2, 447761).
cost(7, 3, 387457).
cost(7, 4, 123385).
cost(7, 5, 379194).
cost(7, 6, 886338).
cost(7, 8, 592316).
cost(7, 9, 406662).
cost(7, 10, 580294).
cost(7, 11, 318426).
cost(7, 12, 458464).
cost(7, 13, 395133).
cost(7, 14, 655777).
cost(7, 15, 493047).
cost(7, 16, 363574).
cost(7, 17, 104583).
cost(7, 18, 417344).
cost(8, 1, 451192).
cost(8, 2, 219693).
cost(8, 3, 490476).
cost(8, 4, 544416).
cost(8, 5, 247458).
cost(8, 6, 1281896).
cost(8, 7, 592316).
cost(8, 9, 546223).
cost(8, 10, 184565).
cost(8, 11, 316541).
cost(8, 12, 137535).
cost(8, 13, 239761).
cost(8, 14, 82665).
cost(8, 15, 99285).
cost(8, 16, 314289).
cost(8, 17, 690470).
cost(8, 18, 289117).
cost(9, 1, 107356).
cost(9, 2, 559163).
cost(9, 3, 56512).
cost(9, 4, 487491).
cost(9, 5, 496942).
cost(9, 6, 1292834).
cost(9, 7, 406662).
cost(9, 8, 546223).
cost(9, 10, 410632).
cost(9, 11, 272925).
cost(9, 12, 432530).
cost(9, 13, 511818).
cost(9, 14, 628883).
cost(9, 15, 475340).
cost(9, 16, 243136).
cost(9, 17, 490176).
cost(9, 18, 257211).
cost(10, 1, 335818).
cost(10, 2, 346144).
cost(10, 3, 359801).
cost(10, 4, 571076).
cost(10, 5, 335850).
cost(10, 6, 1368894).
cost(10, 7, 580294).
cost(10, 8, 184565).
cost(10, 9, 410632).
cost(10, 11, 262821).
cost(10, 12, 178933).
cost(10, 13, 337568).
cost(10, 14, 256743).
cost(10, 15, 187787).
cost(10, 16, 227849).
cost(10, 17, 684682).
cost(10, 18, 179209).
cost(11, 1, 165602).
cost(11, 2, 286316).
cost(11, 3, 218807).
cost(11, 4, 326311).
cost(11, 5, 224870).
cost(11, 6, 1148417).
cost(11, 7, 318426).
cost(11, 8, 316541).
cost(11, 9, 272925).
cost(11, 10, 262821).
cost(11, 12, 182326).
cost(11, 13, 239271).
cost(11, 14, 394760).
cost(11, 15, 226017).
cost(11, 16, 56785).
cost(11, 17, 423001).
cost(11, 18, 105378).
cost(12, 1, 330556).
cost(12, 2, 172945).
cost(12, 3, 376019).
cost(12, 4, 421444).
cost(12, 5, 157124).
cost(12, 6, 1196043).
cost(12, 7, 458464).
cost(12, 8, 137535).
cost(12, 9, 432530).
cost(12, 10, 178933).
cost(12, 11, 182326).
cost(12, 13, 158696).
cost(12, 14, 212847).
cost(12, 15, 44046).
cost(12, 16, 190723).
cost(12, 17, 558678).
cost(12, 18, 181303).
cost(13, 1, 404481).
cost(13, 2, 55220).
cost(13, 3, 458072).
cost(13, 4, 320619).
cost(13, 5, 17206).
cost(13, 6, 1046500).
cost(13, 7, 395133).
cost(13, 8, 239761).
cost(13, 9, 511818).
cost(13, 10, 337568).
cost(13, 11, 239271).
cost(13, 12, 158696).
cost(13, 14, 279368).
cost(13, 15, 159483).
cost(13, 16, 280007).
cost(13, 17, 481792).
cost(13, 18, 298320).
cost(14, 1, 533407).
cost(14, 2, 244482).
cost(14, 3, 573108).
cost(14, 4, 596932).
cost(14, 5, 290917).
cost(14, 6, 1299338).
cost(14, 7, 655777).
cost(14, 8, 82665).
cost(14, 9, 628883).
cost(14, 10, 256743).
cost(14, 11, 394760).
cost(14, 12, 212847).
cost(14, 13, 279368).
cost(14, 15, 170299).
cost(14, 16, 395784).
cost(14, 17, 750649).
cost(14, 18, 371751).
cost(15, 1, 374103).
cost(15, 2, 159052).
cost(15, 3, 418840).
cost(15, 4, 447969).
cost(15, 5, 162646).
cost(15, 6, 1205445).
cost(15, 7, 493047).
cost(15, 8, 99285).
cost(15, 9, 475340).
cost(15, 10, 187787).
cost(15, 11, 226017).
cost(15, 12, 44046).
cost(15, 13, 159483).
cost(15, 14, 170299).
cost(15, 16, 234306).
cost(15, 17, 591493).
cost(15, 18, 221848).
cost(16, 1, 139834).
cost(16, 2, 322225).
cost(16, 3, 186818).
cost(16, 4, 380639).
cost(16, 5, 267218).
cost(16, 6, 1204290).
cost(16, 7, 363574).
cost(16, 8, 314289).
cost(16, 9, 243136).
cost(16, 10, 227849).
cost(16, 11, 56785).
cost(16, 12, 190723).
cost(16, 13, 280007).
cost(16, 14, 395784).
cost(16, 15, 234306).
cost(16, 17, 467850).
cost(16, 18, 53774).
cost(17, 1, 443426).
cost(17, 2, 531783).
cost(17, 3, 478112).
cost(17, 4, 170662).
cost(17, 5, 466870).
cost(17, 6, 808082).
cost(17, 7, 104583).
cost(17, 8, 690470).
cost(17, 9, 490176).
cost(17, 10, 684682).
cost(17, 11, 423001).
cost(17, 12, 558678).
cost(17, 13, 481792).
cost(17, 14, 750649).
cost(17, 15, 591493).
cost(17, 16, 467850).
cost(17, 18, 521622).
cost(18, 1, 164767).
cost(18, 2, 333999).
cost(18, 3, 201359).
cost(18, 4, 431672).
cost(18, 5, 287762).
cost(18, 6, 1253158).
cost(18, 7, 417344).
cost(18, 8, 289117).
cost(18, 9, 257211).
cost(18, 10, 179209).
cost(18, 11, 105378).
cost(18, 12, 181303).
cost(18, 13, 298320).
cost(18, 14, 371751).
cost(18, 15, 221848).
cost(18, 16, 53774).
cost(18, 17, 521622).
nocross(1,3).
nocross(1,5).
nocross(1,11).
nocross(1,16).
nocross(1,18).
nocross(2,4).
nocross(2,5).
nocross(2,11).
nocross(2,13).
nocross(2,18).
nocross(3,1).
nocross(3,5).
nocross(3,9).
nocross(3,11).
nocross(3,16).
nocross(3,18).
nocross(4,1).
nocross(4,5).
nocross(4,9).
nocross(4,11).
nocross(4,16).
nocross(5,4).
nocross(6,1).
nocross(6,4).
nocross(6,5).
nocross(6,13).
nocross(6,17).
nocross(7,1).
nocross(7,5).
nocross(7,9).
nocross(7,11).
nocross(8,2).
nocross(8,5).
nocross(8,10).
nocross(8,11).
nocross(8,14).
nocross(8,18).
nocross(9,1).
nocross(9,5).
nocross(9,18).
nocross(10,5).
nocross(10,11).
nocross(10,18).
nocross(11,1).
nocross(11,5).
nocross(12,4).
nocross(12,5).
nocross(12,11).
nocross(12,16).
nocross(12,18).
nocross(13,2).
nocross(13,4).
nocross(13,5).
nocross(13,11).
nocross(13,18).
nocross(14,5).
nocross(14,15).
nocross(14,18).
nocross(15,2).
nocross(15,4).
nocross(15,5).
nocross(15,8).
nocross(15,11).
nocross(15,16).
nocross(15,18).
nocross(16,1).
nocross(16,3).
nocross(16,5).
nocross(16,11).
nocross(16,18).
nocross(17,4).
nocross(17,5).
nocross(17,9).
nocross(17,11).
nocross(18,3).
nocross(18,5).
nocross(18,11).
nocross(18,16).
