dimension(18).
point(1, 118606.0, 242222.0).
point(2, 3044.0, 36490.0).
point(3, -214538.0, -106485.0).
point(4, 153309.0, 283494.0).
point(5, -348924.0, -270674.0).
point(6, -48023.0, 126209.0).
point(7, -15969.0, 467437.0).
point(8, 328099.0, 181936.0).
point(9, 184498.0, 250546.0).
point(10, 131480.0, -12007.0).
point(11, 290679.0, -18636.0).
point(12, 354913.0, 293887.0).
point(13, 143304.0, -233967.0).
point(14, 102204.0, -25319.0).
point(15, -308054.0, 333388.0).
point(16, 444740.0, 651767.0).
point(17, -361174.0, -215514.0).
point(18, 210219.0, -15825.0).
cost(1, 2, 235967).
cost(1, 3, 482267).
cost(1, 4, 53923).
cost(1, 5, 694008).
cost(1, 6, 203038).
cost(1, 7, 262359).
cost(1, 8, 217995).
cost(1, 9, 66416).
cost(1, 10, 254555).
cost(1, 11, 312500).
cost(1, 12, 241889).
cost(1, 13, 476829).
cost(1, 14, 268043).
cost(1, 15, 436291).
cost(1, 16, 523537).
cost(1, 17, 663107).
cost(1, 18, 273827).
cost(2, 1, 235967).
cost(2, 3, 260353).
cost(2, 4, 289120).
cost(2, 5, 467152).
cost(2, 6, 103234).
cost(2, 7, 431366).
cost(2, 8, 356111).
cost(2, 9, 280616).
cost(2, 10, 137287).
cost(2, 11, 292870).
cost(2, 12, 435964).
cost(2, 13, 304664).
cost(2, 14, 116846).
cost(2, 15, 430035).
cost(2, 16, 757404).
cost(2, 17, 442900).
cost(2, 18, 213678).
cost(3, 1, 482267).
cost(3, 2, 260353).
cost(3, 4, 536092).
cost(3, 5, 212174).
cost(3, 6, 286136).
cost(3, 7, 607302).
cost(3, 8, 614525).
cost(3, 9, 535445).
cost(3, 10, 358684).
cost(3, 11, 512798).
cost(3, 12, 696112).
cost(3, 13, 379872).
cost(3, 14, 326976).
cost(3, 15, 449704).
cost(3, 16, 1004785).
cost(3, 17, 182728).
cost(3, 18, 434324).
cost(4, 1, 53923).
cost(4, 2, 289120).
cost(4, 3, 536092).
cost(4, 5, 747890).
cost(4, 6, 255486).
cost(4, 7, 249980).
cost(4, 8, 202152).
cost(4, 9, 45369).
cost(4, 10, 296306).
cost(4, 11, 331893).
cost(4, 12, 201872).
cost(4, 13, 517558).
cost(4, 14, 313013).
cost(4, 15, 464053).
cost(4, 16, 469635).
cost(4, 17, 716730).
cost(4, 18, 304681).
cost(5, 1, 694008).
cost(5, 2, 467152).
cost(5, 3, 212174).
cost(5, 4, 747890).
cost(5, 6, 498054).
cost(5, 7, 809733).
cost(5, 8, 814381).
cost(5, 9, 745794).
cost(5, 10, 545616).
cost(5, 11, 687470).
cost(5, 12, 902284).
cost(5, 13, 493595).
cost(5, 14, 513532).
cost(5, 15, 605443).
cost(5, 16, 1216881).
cost(5, 17, 56504).
cost(5, 18, 614483).
cost(6, 1, 203038).
cost(6, 2, 103234).
cost(6, 3, 286136).
cost(6, 4, 255486).
cost(6, 5, 498054).
cost(6, 7, 342730).
cost(6, 8, 380228).
cost(6, 9, 263677).
cost(6, 10, 226550).
cost(6, 11, 368374).
cost(6, 12, 436433).
cost(6, 13, 407839).
cost(6, 14, 213375).
cost(6, 15, 332474).
cost(6, 16, 720435).
cost(6, 17, 463506).
cost(6, 18, 294725).
cost(7, 1, 262359).
cost(7, 2, 431366).
cost(7, 3, 607302).
cost(7, 4, 249980).
cost(7, 5, 809733).
cost(7, 6, 342730).
cost(7, 8, 447095).
cost(7, 9, 295345).
cost(7, 10, 501605).
cost(7, 11, 574717).
cost(7, 12, 409479).
cost(7, 13, 719260).
cost(7, 14, 506728).
cost(7, 15, 321376).
cost(7, 16, 496216).
cost(7, 17, 765238).
cost(7, 18, 533576).
cost(8, 1, 217995).
cost(8, 2, 356111).
cost(8, 3, 614525).
cost(8, 4, 202152).
cost(8, 5, 814381).
cost(8, 6, 380228).
cost(8, 7, 447095).
cost(8, 9, 159150).
cost(8, 10, 276176).
cost(8, 11, 204033).
cost(8, 12, 115117).
cost(8, 13, 455109).
cost(8, 14, 306567).
cost(8, 15, 653933).
cost(8, 16, 484093).
cost(8, 17, 795653).
cost(8, 18, 230228).
cost(9, 1, 66416).
cost(9, 2, 280616).
cost(9, 3, 535445).
cost(9, 4, 45369).
cost(9, 5, 745794).
cost(9, 6, 263677).
cost(9, 7, 295345).
cost(9, 8, 159150).
cost(9, 10, 267853).
cost(9, 11, 289367).
cost(9, 12, 175840).
cost(9, 13, 486261).
cost(9, 14, 287878).
cost(9, 15, 499470).
cost(9, 16, 478230).
cost(9, 17, 717614).
cost(9, 18, 267610).
cost(10, 1, 254555).
cost(10, 2, 137287).
cost(10, 3, 358684).
cost(10, 4, 296306).
cost(10, 5, 545616).
cost(10, 6, 226550).
cost(10, 7, 501605).
cost(10, 8, 276176).
cost(10, 9, 267853).
cost(10, 11, 159337).
cost(10, 12, 378805).
cost(10, 13, 222275).
cost(10, 14, 32160).
cost(10, 15, 559006).
cost(10, 16, 733981).
cost(10, 17, 533032).
cost(10, 18, 78832).
cost(11, 1, 312500).
cost(11, 2, 292870).
cost(11, 3, 512798).
cost(11, 4, 331893).
cost(11, 5, 687470).
cost(11, 6, 368374).
cost(11, 7, 574717).
cost(11, 8, 204033).
cost(11, 9, 289367).
cost(11, 10, 159337).
cost(11, 12, 319056).
cost(11, 13, 260935).
cost(11, 14, 188593).
cost(11, 15, 694552).
cost(11, 16, 687877).
cost(11, 17, 680936).
cost(11, 18, 80509).
cost(12, 1, 241889).
cost(12, 2, 435964).
cost(12, 3, 696112).
cost(12, 4, 201872).
cost(12, 5, 902284).
cost(12, 6, 436433).
cost(12, 7, 409479).
cost(12, 8, 115117).
cost(12, 9, 175840).
cost(12, 10, 378805).
cost(12, 11, 319056).
cost(12, 13, 568690).
cost(12, 14, 407129).
cost(12, 15, 664143).
cost(12, 16, 368981).
cost(12, 17, 878789).
cost(12, 18, 341845).
cost(13, 1, 476829).
cost(13, 2, 304664).
cost(13, 3, 379872).
cost(13, 4, 517558).
cost(13, 5, 493595).
cost(13, 6, 407839).
cost(13, 7, 719260).
cost(13, 8, 455109).
cost(13, 9, 486261).
cost(13, 10, 222275).
cost(13, 11, 260935).
cost(13, 12, 568690).
cost(13, 14, 212657).
cost(13, 15, 724994).
cost(13, 16, 935622).
cost(13, 17, 504815).
cost(13, 18, 228174).
cost(14, 1, 268043).
cost(14, 2, 116846).
cost(14, 3, 326976).
cost(14, 4, 313013).
cost(14, 5, 513532).
cost(14, 6, 213375).
cost(14, 7, 506728).
cost(14, 8, 306567).
cost(14, 9, 287878).
cost(14, 10, 32160).
cost(14, 11, 188593).
cost(14, 12, 407129).
cost(14, 13, 212657).
cost(14, 15, 544961).
cost(14, 16, 758799).
cost(14, 17, 500893).
cost(14, 18, 108431).
cost(15, 1, 436291).
cost(15, 2, 430035).
cost(15, 3, 449704).
cost(15, 4, 464053).
cost(15, 5, 605443).
cost(15, 6, 332474).
cost(15, 7, 321376).
cost(15, 8, 653933).
cost(15, 9, 499470).
cost(15, 10, 559006).
cost(15, 11, 694552).
cost(15, 12, 664143).
cost(15, 13, 724994).
cost(15, 14, 544961).
cost(15, 16, 817352).
cost(15, 17, 551466).
cost(15, 18, 624945).
cost(16, 1, 523537).
cost(16, 2, 757404).
cost(16, 3, 1004785).
cost(16, 4, 469635).
cost(16, 5, 1216881).
cost(16, 6, 720435).
cost(16, 7, 496216).
cost(16, 8, 484093).
cost(16, 9, 478230).
cost(16, 10, 733981).
cost(16, 11, 687877).
cost(16, 12, 368981).
cost(16, 13, 935622).
cost(16, 14, 758799).
cost(16, 15, 817352).
cost(16, 17, 1183923).
cost(16, 18, 707587).
cost(17, 1, 663107).
cost(17, 2, 442900).
cost(17, 3, 182728).
cost(17, 4, 716730).
cost(17, 5, 56504).
cost(17, 6, 463506).
cost(17, 7, 765238).
cost(17, 8, 795653).
cost(17, 9, 717614).
cost(17, 10, 533032).
cost(17, 11, 680936).
cost(17, 12, 878789).
cost(17, 13, 504815).
cost(17, 14, 500893).
cost(17, 15, 551466).
cost(17, 16, 1183923).
cost(17, 18, 605281).
cost(18, 1, 273827).
cost(18, 2, 213678).
cost(18, 3, 434324).
cost(18, 4, 304681).
cost(18, 5, 614483).
cost(18, 6, 294725).
cost(18, 7, 533576).
cost(18, 8, 230228).
cost(18, 9, 267610).
cost(18, 10, 78832).
cost(18, 11, 80509).
cost(18, 12, 341845).
cost(18, 13, 228174).
cost(18, 14, 108431).
cost(18, 15, 624945).
cost(18, 16, 707587).
cost(18, 17, 605281).
nocross(1,2).
nocross(1,10).
nocross(2,3).
nocross(2,6).
nocross(2,10).
nocross(2,14).
nocross(3,2).
nocross(3,5).
nocross(3,6).
nocross(3,13).
nocross(4,1).
nocross(4,10).
nocross(4,11).
nocross(4,12).
nocross(5,2).
nocross(5,3).
nocross(6,3).
nocross(6,10).
nocross(7,1).
nocross(7,6).
nocross(7,10).
nocross(7,12).
nocross(7,15).
nocross(8,10).
nocross(8,11).
nocross(8,12).
nocross(9,10).
nocross(9,12).
nocross(10,2).
nocross(10,14).
nocross(10,18).
nocross(12,4).
nocross(12,8).
nocross(12,9).
nocross(12,10).
nocross(12,11).
nocross(13,3).
nocross(13,5).
nocross(13,10).
nocross(13,11).
nocross(13,14).
nocross(13,17).
nocross(13,18).
nocross(14,2).
nocross(14,3).
nocross(14,10).
nocross(15,3).
nocross(15,6).
nocross(15,17).
nocross(16,7).
nocross(16,12).
nocross(17,2).
nocross(17,3).
nocross(17,5).
nocross(18,8).
nocross(18,10).
nocross(18,11).
