dimension(18).
point(1, 303918.0, 139970.0).
point(2, -104753.0, -250484.0).
point(3, -155691.0, 354648.0).
point(4, -125026.0, 386460.0).
point(5, -245869.0, 22542.0).
point(6, 121483.0, -290514.0).
point(7, -30620.0, -318165.0).
point(8, 215349.0, 245817.0).
point(9, -200934.0, -320581.0).
point(10, 84888.0, -216635.0).
point(11, -202325.0, -34081.0).
point(12, 189501.0, 349765.0).
point(13, 78226.0, -28940.0).
point(14, -333140.0, -369467.0).
point(15, -63618.0, 138176.0).
point(16, 128606.0, 82837.0).
point(17, 600523.0, 412804.0).
point(18, 26029.0, 71513.0).
cost(1, 2, 565214).
cost(1, 3, 507274).
cost(1, 4, 494722).
cost(1, 5, 562188).
cost(1, 6, 467546).
cost(1, 7, 567277).
cost(1, 8, 138015).
cost(1, 9, 683361).
cost(1, 10, 418499).
cost(1, 11, 535328).
cost(1, 12, 238967).
cost(1, 13, 281900).
cost(1, 14, 815702).
cost(1, 15, 367540).
cost(1, 16, 184387).
cost(1, 17, 403005).
cost(1, 18, 286197).
cost(2, 1, 565214).
cost(2, 3, 607272).
cost(2, 4, 637267).
cost(2, 5, 307338).
cost(2, 6, 229750).
cost(2, 7, 100381).
cost(2, 8, 590576).
cost(2, 9, 119014).
cost(2, 10, 192638).
cost(2, 11, 237383).
cost(2, 12, 668494).
cost(2, 13, 287338).
cost(2, 14, 257522).
cost(2, 15, 390831).
cost(2, 16, 406890).
cost(2, 17, 968176).
cost(2, 18, 347543).
cost(3, 1, 507274).
cost(3, 2, 607272).
cost(3, 4, 44185).
cost(3, 5, 344131).
cost(3, 6, 702182).
cost(3, 7, 684339).
cost(3, 8, 386672).
cost(3, 9, 676743).
cost(3, 10, 619873).
cost(3, 11, 391516).
cost(3, 12, 345227).
cost(3, 13, 449285).
cost(3, 14, 745541).
cost(3, 15, 235239).
cost(3, 16, 393327).
cost(3, 17, 758447).
cost(3, 18, 336434).
cost(4, 1, 494722).
cost(4, 2, 637267).
cost(4, 3, 44185).
cost(4, 5, 383457).
cost(4, 6, 720459).
cost(4, 7, 710921).
cost(4, 8, 368287).
cost(4, 9, 711104).
cost(4, 10, 638582).
cost(4, 11, 427586).
cost(4, 12, 316660).
cost(4, 13, 462459).
cost(4, 14, 784052).
cost(4, 15, 255765).
cost(4, 16, 395621).
cost(4, 17, 726027).
cost(4, 18, 349298).
cost(5, 1, 562188).
cost(5, 2, 307338).
cost(5, 3, 344131).
cost(5, 4, 383457).
cost(5, 6, 482651).
cost(5, 7, 403005).
cost(5, 8, 512420).
cost(5, 9, 346053).
cost(5, 10, 408174).
cost(5, 11, 71430).
cost(5, 12, 544630).
cost(5, 13, 328158).
cost(5, 14, 401606).
cost(5, 15, 215839).
cost(5, 16, 379298).
cost(5, 17, 932032).
cost(5, 18, 276273).
cost(6, 1, 467546).
cost(6, 2, 229750).
cost(6, 3, 702182).
cost(6, 4, 720459).
cost(6, 5, 482651).
cost(6, 7, 154596).
cost(6, 8, 544483).
cost(6, 9, 323816).
cost(6, 10, 82446).
cost(6, 11, 413049).
cost(6, 12, 643882).
cost(6, 13, 265127).
cost(6, 14, 461428).
cost(6, 15, 466945).
cost(6, 16, 373419).
cost(6, 17, 850962).
cost(6, 18, 374400).
cost(7, 1, 567277).
cost(7, 2, 100381).
cost(7, 3, 684339).
cost(7, 4, 710921).
cost(7, 5, 403005).
cost(7, 6, 154596).
cost(7, 8, 615286).
cost(7, 9, 170331).
cost(7, 10, 153787).
cost(7, 11, 331943).
cost(7, 12, 703266).
cost(7, 13, 309028).
cost(7, 14, 306839).
cost(7, 15, 457532).
cost(7, 16, 431457).
cost(7, 17, 965742).
cost(7, 18, 393774).
cost(8, 1, 138015).
cost(8, 2, 590576).
cost(8, 3, 386672).
cost(8, 4, 368287).
cost(8, 5, 512420).
cost(8, 6, 544483).
cost(8, 7, 615286).
cost(8, 9, 702921).
cost(8, 10, 480502).
cost(8, 11, 502787).
cost(8, 12, 107114).
cost(8, 13, 307073).
cost(8, 14, 824266).
cost(8, 15, 299014).
cost(8, 16, 184626).
cost(8, 17, 419814).
cost(8, 18, 257340).
cost(9, 1, 683361).
cost(9, 2, 119014).
cost(9, 3, 676743).
cost(9, 4, 711104).
cost(9, 5, 346053).
cost(9, 6, 323816).
cost(9, 7, 170331).
cost(9, 8, 702921).
cost(9, 10, 304136).
cost(9, 11, 286503).
cost(9, 12, 775760).
cost(9, 13, 403714).
cost(9, 14, 140955).
cost(9, 15, 478867).
cost(9, 16, 520906).
cost(9, 17, 1086364).
cost(9, 18, 453045).
cost(10, 1, 418499).
cost(10, 2, 192638).
cost(10, 3, 619873).
cost(10, 4, 638582).
cost(10, 5, 408174).
cost(10, 6, 82446).
cost(10, 7, 153787).
cost(10, 8, 480502).
cost(10, 9, 304136).
cost(10, 11, 340319).
cost(10, 12, 575980).
cost(10, 13, 187813).
cost(10, 14, 445090).
cost(10, 15, 384636).
cost(10, 16, 302646).
cost(10, 17, 813679).
cost(10, 18, 294098).
cost(11, 1, 535328).
cost(11, 2, 237383).
cost(11, 3, 391516).
cost(11, 4, 427586).
cost(11, 5, 71430).
cost(11, 6, 413049).
cost(11, 7, 331943).
cost(11, 8, 502787).
cost(11, 9, 286503).
cost(11, 10, 340319).
cost(11, 12, 548512).
cost(11, 13, 280598).
cost(11, 14, 359995).
cost(11, 15, 221161).
cost(11, 16, 350977).
cost(11, 17, 918842).
cost(11, 18, 251586).
cost(12, 1, 238967).
cost(12, 2, 668494).
cost(12, 3, 345227).
cost(12, 4, 316660).
cost(12, 5, 544630).
cost(12, 6, 643882).
cost(12, 7, 703266).
cost(12, 8, 107114).
cost(12, 9, 775760).
cost(12, 10, 575980).
cost(12, 11, 548512).
cost(12, 13, 394715).
cost(12, 14, 889072).
cost(12, 15, 329908).
cost(12, 16, 273786).
cost(12, 17, 415828).
cost(12, 18, 322719).
cost(13, 1, 281900).
cost(13, 2, 287338).
cost(13, 3, 449285).
cost(13, 4, 462459).
cost(13, 5, 328158).
cost(13, 6, 265127).
cost(13, 7, 309028).
cost(13, 8, 307073).
cost(13, 9, 403714).
cost(13, 10, 187813).
cost(13, 11, 280598).
cost(13, 12, 394715).
cost(13, 14, 534023).
cost(13, 15, 219197).
cost(13, 16, 122606).
cost(13, 17, 684055).
cost(13, 18, 113205).
cost(14, 1, 815702).
cost(14, 2, 257522).
cost(14, 3, 745541).
cost(14, 4, 784052).
cost(14, 5, 401606).
cost(14, 6, 461428).
cost(14, 7, 306839).
cost(14, 8, 824266).
cost(14, 9, 140955).
cost(14, 10, 445090).
cost(14, 11, 359995).
cost(14, 12, 889072).
cost(14, 13, 534023).
cost(14, 15, 574755).
cost(14, 16, 646365).
cost(14, 17, 1218062).
cost(14, 18, 568740).
cost(15, 1, 367540).
cost(15, 2, 390831).
cost(15, 3, 235239).
cost(15, 4, 255765).
cost(15, 5, 215839).
cost(15, 6, 466945).
cost(15, 7, 457532).
cost(15, 8, 299014).
cost(15, 9, 478867).
cost(15, 10, 384636).
cost(15, 11, 221161).
cost(15, 12, 329908).
cost(15, 13, 219197).
cost(15, 14, 574755).
cost(15, 16, 200031).
cost(15, 17, 718682).
cost(15, 18, 111716).
cost(16, 1, 184387).
cost(16, 2, 406890).
cost(16, 3, 393327).
cost(16, 4, 395621).
cost(16, 5, 379298).
cost(16, 6, 373419).
cost(16, 7, 431457).
cost(16, 8, 184626).
cost(16, 9, 520906).
cost(16, 10, 302646).
cost(16, 11, 350977).
cost(16, 12, 273786).
cost(16, 13, 122606).
cost(16, 14, 646365).
cost(16, 15, 200031).
cost(16, 17, 575833).
cost(16, 18, 103200).
cost(17, 1, 403005).
cost(17, 2, 968176).
cost(17, 3, 758447).
cost(17, 4, 726027).
cost(17, 5, 932032).
cost(17, 6, 850962).
cost(17, 7, 965742).
cost(17, 8, 419814).
cost(17, 9, 1086364).
cost(17, 10, 813679).
cost(17, 11, 918842).
cost(17, 12, 415828).
cost(17, 13, 684055).
cost(17, 14, 1218062).
cost(17, 15, 718682).
cost(17, 16, 575833).
cost(17, 18, 668224).
cost(18, 1, 286197).
cost(18, 2, 347543).
cost(18, 3, 336434).
cost(18, 4, 349298).
cost(18, 5, 276273).
cost(18, 6, 374400).
cost(18, 7, 393774).
cost(18, 8, 257340).
cost(18, 9, 453045).
cost(18, 10, 294098).
cost(18, 11, 251586).
cost(18, 12, 322719).
cost(18, 13, 113205).
cost(18, 14, 568740).
cost(18, 15, 111716).
cost(18, 16, 103200).
cost(18, 17, 668224).
nocross(1,4).
nocross(1,6).
nocross(1,8).
nocross(1,13).
nocross(1,15).
nocross(1,16).
nocross(3,5).
nocross(3,15).
nocross(4,3).
nocross(4,5).
nocross(4,15).
nocross(5,3).
nocross(5,4).
nocross(5,14).
nocross(5,15).
nocross(6,2).
nocross(6,7).
nocross(7,2).
nocross(7,6).
nocross(7,10).
nocross(7,13).
nocross(8,1).
nocross(8,4).
nocross(8,15).
nocross(8,18).
nocross(9,2).
nocross(9,7).
nocross(9,14).
nocross(10,5).
nocross(10,6).
nocross(10,7).
nocross(11,3).
nocross(11,5).
nocross(11,13).
nocross(11,14).
nocross(11,15).
nocross(12,4).
nocross(12,15).
nocross(13,14).
nocross(13,15).
nocross(13,16).
nocross(13,18).
nocross(14,7).
nocross(15,3).
nocross(15,5).
nocross(15,8).
nocross(15,10).
nocross(15,14).
nocross(16,4).
nocross(16,6).
nocross(16,14).
nocross(16,18).
nocross(17,1).
nocross(17,4).
nocross(17,8).
nocross(17,12).
nocross(18,4).
nocross(18,5).
nocross(18,8).
nocross(18,10).
nocross(18,13).
nocross(18,14).
