dimension(18).
point(1, -67852.0, -89779.0).
point(2, -154259.0, -222461.0).
point(3, 315302.0, -78834.0).
point(4, -270633.0, 223267.0).
point(5, 167666.0, 8541.0).
point(6, -468547.0, 205690.0).
point(7, 103768.0, 246646.0).
point(8, 118211.0, 299217.0).
point(9, -119012.0, -141051.0).
point(10, -86859.0, 484535.0).
point(11, 64503.0, -125014.0).
point(12, 69081.0, -192344.0).
point(13, -482013.0, 167791.0).
point(14, 598226.0, -63214.0).
point(15, 199673.0, -205300.0).
point(16, 152053.0, -61163.0).
point(17, 240537.0, -69116.0).
point(18, -205757.0, 43847.0).
cost(1, 2, 158337).
cost(1, 3, 383310).
cost(1, 4, 372985).
cost(1, 5, 255217).
cost(1, 6, 497854).
cost(1, 7, 377671).
cost(1, 8, 431205).
cost(1, 9, 72430).
cost(1, 10, 574628).
cost(1, 11, 136965).
cost(1, 12, 171085).
cost(1, 13, 487721).
cost(1, 14, 666608).
cost(1, 15, 291401).
cost(1, 16, 221759).
cost(1, 17, 309080).
cost(1, 18, 192025).
cost(2, 1, 158337).
cost(2, 3, 491036).
cost(2, 4, 460669).
cost(2, 5, 396229).
cost(2, 6, 531122).
cost(2, 7, 535387).
cost(2, 8, 588547).
cost(2, 9, 88713).
cost(2, 10, 710201).
cost(2, 11, 239484).
cost(2, 12, 225361).
cost(2, 13, 509627).
cost(2, 14, 769151).
cost(2, 15, 354348).
cost(2, 16, 346185).
cost(2, 17, 423531).
cost(2, 18, 271242).
cost(3, 1, 383310).
cost(3, 2, 491036).
cost(3, 4, 659230).
cost(3, 5, 171554).
cost(3, 6, 833890).
cost(3, 7, 388180).
cost(3, 8, 426342).
cost(3, 9, 438748).
cost(3, 10, 692184).
cost(3, 11, 255015).
cost(3, 12, 271126).
cost(3, 13, 834587).
cost(3, 14, 283355).
cost(3, 15, 171358).
cost(3, 16, 164203).
cost(3, 17, 75394).
cost(3, 18, 535307).
cost(4, 1, 372985).
cost(4, 2, 460669).
cost(4, 3, 659230).
cost(4, 5, 488071).
cost(4, 6, 198693).
cost(4, 7, 375130).
cost(4, 8, 396192).
cost(4, 9, 394609).
cost(4, 10, 319427).
cost(4, 11, 483338).
cost(4, 12, 536785).
cost(4, 13, 218539).
cost(4, 14, 914870).
cost(4, 15, 636284).
cost(4, 16, 509474).
cost(4, 17, 588882).
cost(4, 18, 190789).
cost(5, 1, 255217).
cost(5, 2, 396229).
cost(5, 3, 171554).
cost(5, 4, 488071).
cost(5, 6, 666059).
cost(5, 7, 246530).
cost(5, 8, 294853).
cost(5, 9, 323361).
cost(5, 10, 539771).
cost(5, 11, 168759).
cost(5, 12, 223772).
cost(5, 13, 668912).
cost(5, 14, 436498).
cost(5, 15, 216223).
cost(5, 16, 71431).
cost(5, 17, 106493).
cost(5, 18, 375088).
cost(6, 1, 497854).
cost(6, 2, 531122).
cost(6, 3, 833890).
cost(6, 4, 198693).
cost(6, 5, 666059).
cost(6, 7, 573779).
cost(6, 8, 594165).
cost(6, 9, 492345).
cost(6, 10, 472695).
cost(6, 11, 627302).
cost(6, 12, 668936).
cost(6, 13, 40220).
cost(6, 14, 1100143).
cost(6, 15, 784494).
cost(6, 16, 675540).
cost(6, 17, 760473).
cost(6, 18, 308629).
cost(7, 1, 377671).
cost(7, 2, 535387).
cost(7, 3, 388180).
cost(7, 4, 375130).
cost(7, 5, 246530).
cost(7, 6, 573779).
cost(7, 8, 54519).
cost(7, 9, 447146).
cost(7, 10, 304844).
cost(7, 11, 373728).
cost(7, 12, 440358).
cost(7, 13, 591065).
cost(7, 14, 583525).
cost(7, 15, 462010).
cost(7, 16, 311573).
cost(7, 17, 344110).
cost(7, 18, 370045).
cost(8, 1, 431205).
cost(8, 2, 588547).
cost(8, 3, 426342).
cost(8, 4, 396192).
cost(8, 5, 294853).
cost(8, 6, 594165).
cost(8, 7, 54519).
cost(8, 9, 500111).
cost(8, 10, 276399).
cost(8, 11, 427617).
cost(8, 12, 494010).
cost(8, 13, 614444).
cost(8, 14, 601474).
cost(8, 15, 511051).
cost(8, 16, 361966).
cost(8, 17, 388114).
cost(8, 18, 412516).
cost(9, 1, 72430).
cost(9, 2, 88713).
cost(9, 3, 438748).
cost(9, 4, 394609).
cost(9, 5, 323361).
cost(9, 6, 492345).
cost(9, 7, 447146).
cost(9, 8, 500111).
cost(9, 10, 626412).
cost(9, 11, 184214).
cost(9, 12, 194961).
cost(9, 13, 476606).
cost(9, 14, 721449).
cost(9, 15, 325097).
cost(9, 16, 282592).
cost(9, 17, 366674).
cost(9, 18, 204235).
cost(10, 1, 574628).
cost(10, 2, 710201).
cost(10, 3, 692184).
cost(10, 4, 319427).
cost(10, 5, 539771).
cost(10, 6, 472695).
cost(10, 7, 304844).
cost(10, 8, 276399).
cost(10, 9, 626412).
cost(10, 11, 628061).
cost(10, 12, 694610).
cost(10, 13, 506432).
cost(10, 14, 877138).
cost(10, 15, 746976).
cost(10, 16, 595706).
cost(10, 17, 643209).
cost(10, 18, 456446).
cost(11, 1, 136965).
cost(11, 2, 239484).
cost(11, 3, 255015).
cost(11, 4, 483338).
cost(11, 5, 168759).
cost(11, 6, 627302).
cost(11, 7, 373728).
cost(11, 8, 427617).
cost(11, 9, 184214).
cost(11, 10, 628061).
cost(11, 12, 67485).
cost(11, 13, 620012).
cost(11, 14, 537289).
cost(11, 15, 157216).
cost(11, 16, 108360).
cost(11, 17, 184696).
cost(11, 18, 318676).
cost(12, 1, 171085).
cost(12, 2, 225361).
cost(12, 3, 271126).
cost(12, 4, 536785).
cost(12, 5, 223772).
cost(12, 6, 668936).
cost(12, 7, 440358).
cost(12, 8, 494010).
cost(12, 9, 194961).
cost(12, 10, 694610).
cost(12, 11, 67485).
cost(12, 13, 658333).
cost(12, 14, 544673).
cost(12, 15, 131233).
cost(12, 16, 155219).
cost(12, 17, 211145).
cost(12, 18, 362384).
cost(13, 1, 487721).
cost(13, 2, 509627).
cost(13, 3, 834587).
cost(13, 4, 218539).
cost(13, 5, 668912).
cost(13, 6, 40220).
cost(13, 7, 591065).
cost(13, 8, 614444).
cost(13, 9, 476606).
cost(13, 10, 506432).
cost(13, 11, 620012).
cost(13, 12, 658333).
cost(13, 14, 1104663).
cost(13, 15, 777105).
cost(13, 16, 674136).
cost(13, 17, 760397).
cost(13, 18, 302786).
cost(14, 1, 666608).
cost(14, 2, 769151).
cost(14, 3, 283355).
cost(14, 4, 914870).
cost(14, 5, 436498).
cost(14, 6, 1100143).
cost(14, 7, 583525).
cost(14, 8, 601474).
cost(14, 9, 721449).
cost(14, 10, 877138).
cost(14, 11, 537289).
cost(14, 12, 544673).
cost(14, 13, 1104663).
cost(14, 15, 423123).
cost(14, 16, 446178).
cost(14, 17, 357738).
cost(14, 18, 811080).
cost(15, 1, 291401).
cost(15, 2, 354348).
cost(15, 3, 171358).
cost(15, 4, 636284).
cost(15, 5, 216223).
cost(15, 6, 784494).
cost(15, 7, 462010).
cost(15, 8, 511051).
cost(15, 9, 325097).
cost(15, 10, 746976).
cost(15, 11, 157216).
cost(15, 12, 131233).
cost(15, 13, 777105).
cost(15, 14, 423123).
cost(15, 16, 151800).
cost(15, 17, 142183).
cost(15, 18, 475865).
cost(16, 1, 221759).
cost(16, 2, 346185).
cost(16, 3, 164203).
cost(16, 4, 509474).
cost(16, 5, 71431).
cost(16, 6, 675540).
cost(16, 7, 311573).
cost(16, 8, 361966).
cost(16, 9, 282592).
cost(16, 10, 595706).
cost(16, 11, 108360).
cost(16, 12, 155219).
cost(16, 13, 674136).
cost(16, 14, 446178).
cost(16, 15, 151800).
cost(16, 17, 88841).
cost(16, 18, 372901).
cost(17, 1, 309080).
cost(17, 2, 423531).
cost(17, 3, 75394).
cost(17, 4, 588882).
cost(17, 5, 106493).
cost(17, 6, 760473).
cost(17, 7, 344110).
cost(17, 8, 388114).
cost(17, 9, 366674).
cost(17, 10, 643209).
cost(17, 11, 184696).
cost(17, 12, 211145).
cost(17, 13, 760397).
cost(17, 14, 357738).
cost(17, 15, 142183).
cost(17, 16, 88841).
cost(17, 18, 460368).
cost(18, 1, 192025).
cost(18, 2, 271242).
cost(18, 3, 535307).
cost(18, 4, 190789).
cost(18, 5, 375088).
cost(18, 6, 308629).
cost(18, 7, 370045).
cost(18, 8, 412516).
cost(18, 9, 204235).
cost(18, 10, 456446).
cost(18, 11, 318676).
cost(18, 12, 362384).
cost(18, 13, 302786).
cost(18, 14, 811080).
cost(18, 15, 475865).
cost(18, 16, 372901).
cost(18, 17, 460368).
nocross(1,5).
nocross(1,7).
nocross(1,9).
nocross(1,11).
nocross(1,12).
nocross(1,13).
nocross(1,18).
nocross(2,1).
nocross(2,6).
nocross(2,12).
nocross(2,13).
nocross(3,7).
nocross(3,11).
nocross(3,12).
nocross(3,14).
nocross(3,17).
nocross(4,1).
nocross(4,6).
nocross(4,7).
nocross(4,13).
nocross(5,7).
nocross(5,8).
nocross(5,11).
nocross(5,14).
nocross(5,16).
nocross(5,17).
nocross(6,1).
nocross(6,4).
nocross(6,18).
nocross(7,1).
nocross(7,4).
nocross(7,5).
nocross(7,6).
nocross(7,9).
nocross(7,11).
nocross(7,14).
nocross(7,16).
nocross(7,18).
nocross(8,1).
nocross(8,5).
nocross(8,10).
nocross(9,5).
nocross(9,7).
nocross(9,11).
nocross(9,12).
nocross(9,13).
nocross(9,18).
nocross(10,6).
nocross(10,7).
nocross(11,7).
nocross(11,13).
nocross(12,2).
nocross(12,3).
nocross(12,7).
nocross(12,11).
nocross(14,3).
nocross(14,5).
nocross(14,11).
nocross(14,17).
nocross(15,5).
nocross(15,11).
nocross(15,12).
nocross(16,5).
nocross(16,7).
nocross(17,5).
nocross(17,7).
nocross(17,11).
nocross(17,12).
nocross(18,1).
nocross(18,5).
nocross(18,7).
nocross(18,13).
