dimension(18).
point(1, -612691.0, -257632.0).
point(2, -347431.0, 424467.0).
point(3, 87056.0, -142978.0).
point(4, 147358.0, -107590.0).
point(5, 385636.0, -147837.0).
point(6, 167485.0, -168824.0).
point(7, 250834.0, -63974.0).
point(8, 342287.0, -60592.0).
point(9, -52713.0, -264328.0).
point(10, -190896.0, -57315.0).
point(11, -155917.0, -70365.0).
point(12, 15467.0, 68990.0).
point(13, -288833.0, -77846.0).
point(14, 210210.0, 514885.0).
point(15, 118975.0, 261214.0).
point(16, 106783.0, 100023.0).
point(17, 161418.0, -393797.0).
point(18, 117852.0, -114195.0).
cost(1, 2, 731862).
cost(1, 3, 709078).
cost(1, 4, 774717).
cost(1, 5, 1004346).
cost(1, 6, 785214).
cost(1, 7, 884974).
cost(1, 8, 975094).
cost(1, 9, 560018).
cost(1, 10, 466945).
cost(1, 11, 493671).
cost(1, 12, 708000).
cost(1, 13, 370415).
cost(1, 14, 1128693).
cost(1, 15, 896959).
cost(1, 16, 803467).
cost(1, 17, 785993).
cost(1, 18, 744491).
cost(2, 1, 731862).
cost(2, 3, 714684).
cost(2, 4, 726568).
cost(2, 5, 930010).
cost(2, 6, 785578).
cost(2, 7, 772331).
cost(2, 8, 843204).
cost(2, 9, 749198).
cost(2, 10, 506574).
cost(2, 11, 530600).
cost(2, 12, 507995).
cost(2, 13, 505719).
cost(2, 14, 564924).
cost(2, 15, 494152).
cost(2, 16, 558188).
cost(2, 17, 963578).
cost(2, 18, 711790).
cost(3, 1, 709078).
cost(3, 2, 714684).
cost(3, 4, 69919).
cost(3, 5, 298620).
cost(3, 6, 84480).
cost(3, 7, 181837).
cost(3, 8, 268198).
cost(3, 9, 185098).
cost(3, 10, 290853).
cost(3, 11, 253591).
cost(3, 12, 223731).
cost(3, 13, 381490).
cost(3, 14, 669291).
cost(3, 15, 405450).
cost(3, 16, 243800).
cost(3, 17, 261610).
cost(3, 18, 42153).
cost(4, 1, 774717).
cost(4, 2, 726568).
cost(4, 3, 69919).
cost(4, 5, 241653).
cost(4, 6, 64457).
cost(4, 7, 112293).
cost(4, 8, 200515).
cost(4, 9, 254156).
cost(4, 10, 341970).
cost(4, 11, 305551).
cost(4, 12, 220399).
cost(4, 13, 437204).
cost(4, 14, 625640).
cost(4, 15, 369895).
cost(4, 16, 211541).
cost(4, 17, 286552).
cost(4, 18, 30236).
cost(5, 1, 1004346).
cost(5, 2, 930010).
cost(5, 3, 298620).
cost(5, 4, 241653).
cost(5, 6, 219158).
cost(5, 7, 158760).
cost(5, 8, 97421).
cost(5, 9, 453564).
cost(5, 10, 583595).
cost(5, 11, 547066).
cost(5, 12, 428998).
cost(5, 13, 678091).
cost(5, 14, 685547).
cost(5, 15, 488294).
cost(5, 16, 373087).
cost(5, 17, 332821).
cost(5, 18, 269889).
cost(6, 1, 785214).
cost(6, 2, 785578).
cost(6, 3, 84480).
cost(6, 4, 64457).
cost(6, 5, 219158).
cost(6, 7, 133942).
cost(6, 8, 205596).
cost(6, 9, 240017).
cost(6, 10, 375328).
cost(6, 11, 338058).
cost(6, 12, 282250).
cost(6, 13, 465299).
cost(6, 14, 685043).
cost(6, 15, 432765).
cost(6, 16, 275615).
cost(6, 17, 225055).
cost(6, 18, 73809).
cost(7, 1, 884974).
cost(7, 2, 772331).
cost(7, 3, 181837).
cost(7, 4, 112293).
cost(7, 5, 158760).
cost(7, 6, 133942).
cost(7, 8, 91516).
cost(7, 9, 363707).
cost(7, 10, 441780).
cost(7, 11, 406801).
cost(7, 12, 270328).
cost(7, 13, 539845).
cost(7, 14, 580283).
cost(7, 15, 350905).
cost(7, 16, 218279).
cost(7, 17, 341729).
cost(7, 18, 142149).
cost(8, 1, 975094).
cost(8, 2, 843204).
cost(8, 3, 268198).
cost(8, 4, 200515).
cost(8, 5, 97421).
cost(8, 6, 205596).
cost(8, 7, 91516).
cost(8, 9, 444447).
cost(8, 10, 533193).
cost(8, 11, 498300).
cost(8, 12, 351572).
cost(8, 13, 631356).
cost(8, 14, 590439).
cost(8, 15, 391698).
cost(8, 16, 285060).
cost(8, 17, 379129).
cost(8, 18, 230747).
cost(9, 1, 560018).
cost(9, 2, 749198).
cost(9, 3, 185098).
cost(9, 4, 254156).
cost(9, 5, 453564).
cost(9, 6, 240017).
cost(9, 7, 363707).
cost(9, 8, 444447).
cost(9, 10, 248895).
cost(9, 11, 219711).
cost(9, 12, 340220).
cost(9, 13, 300879).
cost(9, 14, 822375).
cost(9, 15, 552875).
cost(9, 16, 397732).
cost(9, 17, 250229).
cost(9, 18, 227228).
cost(10, 1, 466945).
cost(10, 2, 506574).
cost(10, 3, 290853).
cost(10, 4, 341970).
cost(10, 5, 583595).
cost(10, 6, 375328).
cost(10, 7, 441780).
cost(10, 8, 533193).
cost(10, 9, 248895).
cost(10, 11, 37334).
cost(10, 12, 241948).
cost(10, 13, 100066).
cost(10, 14, 698784).
cost(10, 15, 444388).
cost(10, 16, 336702).
cost(10, 17, 487181).
cost(10, 18, 313944).
cost(11, 1, 493671).
cost(11, 2, 530600).
cost(11, 3, 253591).
cost(11, 4, 305551).
cost(11, 5, 547066).
cost(11, 6, 338058).
cost(11, 7, 406801).
cost(11, 8, 498300).
cost(11, 9, 219711).
cost(11, 10, 37334).
cost(11, 12, 220890).
cost(11, 13, 133126).
cost(11, 14, 690338).
cost(11, 15, 430709).
cost(11, 16, 313119).
cost(11, 17, 453111).
cost(11, 18, 277255).
cost(12, 1, 708000).
cost(12, 2, 507995).
cost(12, 3, 223731).
cost(12, 4, 220399).
cost(12, 5, 428998).
cost(12, 6, 282250).
cost(12, 7, 270328).
cost(12, 8, 351572).
cost(12, 9, 340220).
cost(12, 10, 241948).
cost(12, 11, 220890).
cost(12, 13, 337875).
cost(12, 14, 486567).
cost(12, 15, 218321).
cost(12, 16, 96445).
cost(12, 17, 485256).
cost(12, 18, 209856).
cost(13, 1, 370415).
cost(13, 2, 505719).
cost(13, 3, 381490).
cost(13, 4, 437204).
cost(13, 5, 678091).
cost(13, 6, 465299).
cost(13, 7, 539845).
cost(13, 8, 631356).
cost(13, 9, 300879).
cost(13, 10, 100066).
cost(13, 11, 133126).
cost(13, 12, 337875).
cost(13, 14, 774838).
cost(13, 15, 530348).
cost(13, 16, 433762).
cost(13, 17, 550046).
cost(13, 18, 408306).
cost(14, 1, 1128693).
cost(14, 2, 564924).
cost(14, 3, 669291).
cost(14, 4, 625640).
cost(14, 5, 685547).
cost(14, 6, 685043).
cost(14, 7, 580283).
cost(14, 8, 590439).
cost(14, 9, 822375).
cost(14, 10, 698784).
cost(14, 11, 690338).
cost(14, 12, 486567).
cost(14, 13, 774838).
cost(14, 15, 269579).
cost(14, 16, 427560).
cost(14, 17, 909991).
cost(14, 18, 635824).
cost(15, 1, 896959).
cost(15, 2, 494152).
cost(15, 3, 405450).
cost(15, 4, 369895).
cost(15, 5, 488294).
cost(15, 6, 432765).
cost(15, 7, 350905).
cost(15, 8, 391698).
cost(15, 9, 552875).
cost(15, 10, 444388).
cost(15, 11, 430709).
cost(15, 12, 218321).
cost(15, 13, 530348).
cost(15, 14, 269579).
cost(15, 16, 161651).
cost(15, 17, 656385).
cost(15, 18, 375411).
cost(16, 1, 803467).
cost(16, 2, 558188).
cost(16, 3, 243800).
cost(16, 4, 211541).
cost(16, 5, 373087).
cost(16, 6, 275615).
cost(16, 7, 218279).
cost(16, 8, 285060).
cost(16, 9, 397732).
cost(16, 10, 336702).
cost(16, 11, 313119).
cost(16, 12, 96445).
cost(16, 13, 433762).
cost(16, 14, 427560).
cost(16, 15, 161651).
cost(16, 17, 496833).
cost(16, 18, 214504).
cost(17, 1, 785993).
cost(17, 2, 963578).
cost(17, 3, 261610).
cost(17, 4, 286552).
cost(17, 5, 332821).
cost(17, 6, 225055).
cost(17, 7, 341729).
cost(17, 8, 379129).
cost(17, 9, 250229).
cost(17, 10, 487181).
cost(17, 11, 453111).
cost(17, 12, 485256).
cost(17, 13, 550046).
cost(17, 14, 909991).
cost(17, 15, 656385).
cost(17, 16, 496833).
cost(17, 18, 282976).
cost(18, 1, 744491).
cost(18, 2, 711790).
cost(18, 3, 42153).
cost(18, 4, 30236).
cost(18, 5, 269889).
cost(18, 6, 73809).
cost(18, 7, 142149).
cost(18, 8, 230747).
cost(18, 9, 227228).
cost(18, 10, 313944).
cost(18, 11, 277255).
cost(18, 12, 209856).
cost(18, 13, 408306).
cost(18, 14, 635824).
cost(18, 15, 375411).
cost(18, 16, 214504).
cost(18, 17, 282976).
nocross(1,9).
nocross(1,10).
nocross(1,11).
nocross(1,13).
nocross(2,10).
nocross(2,11).
nocross(2,14).
nocross(2,15).
nocross(3,4).
nocross(3,5).
nocross(3,11).
nocross(3,18).
nocross(4,5).
nocross(4,14).
nocross(4,18).
nocross(6,4).
nocross(6,5).
nocross(6,9).
nocross(7,14).
nocross(8,5).
nocross(9,10).
nocross(9,11).
nocross(9,13).
nocross(10,1).
nocross(10,4).
nocross(10,9).
nocross(10,11).
nocross(10,13).
nocross(10,14).
nocross(10,18).
nocross(11,4).
nocross(11,9).
nocross(11,10).
nocross(11,14).
nocross(12,4).
nocross(12,10).
nocross(12,11).
nocross(13,1).
nocross(13,9).
nocross(13,10).
nocross(13,11).
nocross(15,2).
nocross(15,8).
nocross(15,14).
nocross(15,16).
nocross(16,4).
nocross(16,8).
nocross(17,3).
nocross(17,5).
nocross(17,9).
nocross(17,10).
nocross(17,11).
nocross(17,18).
nocross(18,10).
nocross(18,11).
nocross(18,14).
