dimension(18).
point(1, -7313.0, 282351.0).
point(2, 373360.0, 145917.0).
point(3, -268825.0, 189507.0).
point(4, 71535.0, -88895.0).
point(5, -46829.0, -134699.0).
point(6, 85148.0, -54556.0).
point(7, -192759.0, 161411.0).
point(8, -134681.0, -44277.0).
point(9, 169763.0, 6439.0).
point(10, -134053.0, 97967.0).
point(11, 52330.0, 235567.0).
point(12, -65307.0, 343018.0).
point(13, 343684.0, -94932.0).
point(14, -42735.0, 30550.0).
point(15, 543059.0, 25245.0).
point(16, -262395.0, 224447.0).
point(17, -110232.0, 622765.0).
point(18, -118339.0, 6319.0).
cost(1, 2, 404384).
cost(1, 3, 277504).
cost(1, 4, 379527).
cost(1, 5, 418918).
cost(1, 6, 349364).
cost(1, 7, 221397).
cost(1, 8, 350583).
cost(1, 9, 327847).
cost(1, 10, 223742).
cost(1, 11, 75803).
cost(1, 12, 83927).
cost(1, 13, 515307).
cost(1, 14, 254280).
cost(1, 15, 607464).
cost(1, 16, 261572).
cost(1, 17, 355632).
cost(1, 18, 297524).
cost(2, 1, 404384).
cost(2, 3, 643663).
cost(2, 4, 382407).
cost(2, 5, 505276).
cost(2, 6, 351078).
cost(2, 7, 566331).
cost(2, 8, 542475).
cost(2, 9, 246791).
cost(2, 10, 509674).
cost(2, 11, 333313).
cost(2, 12, 480913).
cost(2, 13, 242670).
cost(2, 14, 431792).
cost(2, 15, 208229).
cost(2, 16, 640587).
cost(2, 17, 679150).
cost(2, 18, 511132).
cost(3, 1, 277504).
cost(3, 2, 643663).
cost(3, 4, 439719).
cost(3, 5, 392927).
cost(3, 6, 429958).
cost(3, 7, 81089).
cost(3, 8, 269536).
cost(3, 9, 475261).
cost(3, 10, 162920).
cost(3, 11, 324441).
cost(3, 12, 254922).
cost(3, 13, 675332).
cost(3, 14, 276377).
cost(3, 15, 828334).
cost(3, 16, 35527).
cost(3, 17, 461372).
cost(3, 18, 237074).
cost(4, 1, 379527).
cost(4, 2, 382407).
cost(4, 3, 439719).
cost(4, 5, 126917).
cost(4, 6, 36939).
cost(4, 7, 364012).
cost(4, 8, 210988).
cost(4, 9, 136884).
cost(4, 10, 277820).
cost(4, 11, 325030).
cost(4, 12, 453072).
cost(4, 13, 272216).
cost(4, 14, 165302).
cost(4, 15, 485142).
cost(4, 16, 457922).
cost(4, 17, 734506).
cost(4, 18, 212410).
cost(5, 1, 418918).
cost(5, 2, 505276).
cost(5, 3, 392927).
cost(5, 4, 126917).
cost(5, 6, 154405).
cost(5, 7, 330116).
cost(5, 8, 126072).
cost(5, 9, 258519).
cost(5, 10, 248478).
cost(5, 11, 383314).
cost(5, 12, 478074).
cost(5, 13, 392533).
cost(5, 14, 165300).
cost(5, 15, 611187).
cost(5, 16, 418873).
cost(5, 17, 760113).
cost(5, 18, 158113).
cost(6, 1, 349364).
cost(6, 2, 351078).
cost(6, 3, 429958).
cost(6, 4, 36939).
cost(6, 5, 154405).
cost(6, 7, 351957).
cost(6, 8, 220069).
cost(6, 9, 104308).
cost(6, 10, 267044).
cost(6, 11, 291973).
cost(6, 12, 425090).
cost(6, 13, 261670).
cost(6, 14, 153613).
cost(6, 15, 464813).
cost(6, 16, 445678).
cost(6, 17, 704938).
cost(6, 18, 212398).
cost(7, 1, 221397).
cost(7, 2, 566331).
cost(7, 3, 81089).
cost(7, 4, 364012).
cost(7, 5, 330116).
cost(7, 6, 351957).
cost(7, 8, 213730).
cost(7, 9, 394257).
cost(7, 10, 86438).
cost(7, 11, 256062).
cost(7, 12, 221867).
cost(7, 13, 594544).
cost(7, 14, 199077).
cost(7, 15, 748311).
cost(7, 16, 93929).
cost(7, 17, 468677).
cost(7, 18, 172023).
cost(8, 1, 350583).
cost(8, 2, 542475).
cost(8, 3, 269536).
cost(8, 4, 210988).
cost(8, 5, 126072).
cost(8, 6, 220069).
cost(8, 7, 213730).
cost(8, 9, 308639).
cost(8, 10, 142245).
cost(8, 11, 336580).
cost(8, 12, 393459).
cost(8, 13, 481040).
cost(8, 14, 118546).
cost(8, 15, 681296).
cost(8, 16, 297529).
cost(8, 17, 667490).
cost(8, 18, 53170).
cost(9, 1, 327847).
cost(9, 2, 246791).
cost(9, 3, 475261).
cost(9, 4, 136884).
cost(9, 5, 258519).
cost(9, 6, 104308).
cost(9, 7, 394257).
cost(9, 8, 308639).
cost(9, 10, 317304).
cost(9, 11, 257469).
cost(9, 12, 410540).
cost(9, 13, 201307).
cost(9, 14, 213861).
cost(9, 15, 373769).
cost(9, 16, 484033).
cost(9, 17, 676945).
cost(9, 18, 288102).
cost(10, 1, 223742).
cost(10, 2, 509674).
cost(10, 3, 162920).
cost(10, 4, 277820).
cost(10, 5, 248478).
cost(10, 6, 267044).
cost(10, 7, 86438).
cost(10, 8, 142245).
cost(10, 9, 317304).
cost(10, 11, 231673).
cost(10, 12, 254511).
cost(10, 13, 515211).
cost(10, 14, 113508).
cost(10, 15, 681006).
cost(10, 16, 180191).
cost(10, 17, 525338).
cost(10, 18, 92985).
cost(11, 1, 75803).
cost(11, 2, 333313).
cost(11, 3, 324441).
cost(11, 4, 325030).
cost(11, 5, 383314).
cost(11, 6, 291973).
cost(11, 7, 256062).
cost(11, 8, 336580).
cost(11, 9, 257469).
cost(11, 10, 231673).
cost(11, 12, 159324).
cost(11, 13, 440587).
cost(11, 14, 225985).
cost(11, 15, 533901).
cost(11, 16, 314921).
cost(11, 17, 419939).
cost(11, 18, 285802).
cost(12, 1, 83927).
cost(12, 2, 480913).
cost(12, 3, 254922).
cost(12, 4, 453072).
cost(12, 5, 478074).
cost(12, 6, 425090).
cost(12, 7, 221867).
cost(12, 8, 393459).
cost(12, 9, 410540).
cost(12, 10, 254511).
cost(12, 11, 159324).
cost(12, 13, 599228).
cost(12, 14, 313282).
cost(12, 15, 686359).
cost(12, 16, 230006).
cost(12, 17, 283331).
cost(12, 18, 340850).
cost(13, 1, 515307).
cost(13, 2, 242670).
cost(13, 3, 675332).
cost(13, 4, 272216).
cost(13, 5, 392533).
cost(13, 6, 261670).
cost(13, 7, 594544).
cost(13, 8, 481040).
cost(13, 9, 201307).
cost(13, 10, 515211).
cost(13, 11, 440587).
cost(13, 12, 599228).
cost(13, 14, 406282).
cost(13, 15, 232794).
cost(13, 16, 685080).
cost(13, 17, 849193).
cost(13, 18, 472987).
cost(14, 1, 254280).
cost(14, 2, 431792).
cost(14, 3, 276377).
cost(14, 4, 165302).
cost(14, 5, 165300).
cost(14, 6, 153613).
cost(14, 7, 199077).
cost(14, 8, 118546).
cost(14, 9, 213861).
cost(14, 10, 113508).
cost(14, 11, 225985).
cost(14, 12, 313282).
cost(14, 13, 406282).
cost(14, 15, 585818).
cost(14, 16, 292996).
cost(14, 17, 596049).
cost(14, 18, 79392).
cost(15, 1, 607464).
cost(15, 2, 208229).
cost(15, 3, 828334).
cost(15, 4, 485142).
cost(15, 5, 611187).
cost(15, 6, 464813).
cost(15, 7, 748311).
cost(15, 8, 681296).
cost(15, 9, 373769).
cost(15, 10, 681006).
cost(15, 11, 533901).
cost(15, 12, 686359).
cost(15, 13, 232794).
cost(15, 14, 585818).
cost(15, 16, 829721).
cost(15, 17, 885336).
cost(15, 18, 661669).
cost(16, 1, 261572).
cost(16, 2, 640587).
cost(16, 3, 35527).
cost(16, 4, 457922).
cost(16, 5, 418873).
cost(16, 6, 445678).
cost(16, 7, 93929).
cost(16, 8, 297529).
cost(16, 9, 484033).
cost(16, 10, 180191).
cost(16, 11, 314921).
cost(16, 12, 230006).
cost(16, 13, 685080).
cost(16, 14, 292996).
cost(16, 15, 829721).
cost(16, 17, 426393).
cost(16, 18, 261404).
cost(17, 1, 355632).
cost(17, 2, 679150).
cost(17, 3, 461372).
cost(17, 4, 734506).
cost(17, 5, 760113).
cost(17, 6, 704938).
cost(17, 7, 468677).
cost(17, 8, 667490).
cost(17, 9, 676945).
cost(17, 10, 525338).
cost(17, 11, 419939).
cost(17, 12, 283331).
cost(17, 13, 849193).
cost(17, 14, 596049).
cost(17, 15, 885336).
cost(17, 16, 426393).
cost(17, 18, 616499).
cost(18, 1, 297524).
cost(18, 2, 511132).
cost(18, 3, 237074).
cost(18, 4, 212410).
cost(18, 5, 158113).
cost(18, 6, 212398).
cost(18, 7, 172023).
cost(18, 8, 53170).
cost(18, 9, 288102).
cost(18, 10, 92985).
cost(18, 11, 285802).
cost(18, 12, 340850).
cost(18, 13, 472987).
cost(18, 14, 79392).
cost(18, 15, 661669).
cost(18, 16, 261404).
cost(18, 17, 616499).
nocross(1,9).
nocross(1,11).
nocross(1,12).
nocross(1,16).
nocross(1,18).
nocross(2,1).
nocross(2,16).
nocross(2,17).
nocross(3,7).
nocross(3,8).
nocross(5,3).
nocross(5,4).
nocross(5,8).
nocross(5,9).
nocross(5,14).
nocross(5,18).
nocross(6,1).
nocross(6,9).
nocross(7,1).
nocross(7,3).
nocross(7,16).
nocross(8,3).
nocross(8,4).
nocross(8,6).
nocross(8,14).
nocross(9,1).
nocross(9,2).
nocross(10,3).
nocross(10,9).
nocross(10,14).
nocross(10,18).
nocross(11,4).
nocross(11,16).
nocross(12,1).
nocross(12,11).
nocross(12,14).
nocross(12,16).
nocross(13,6).
nocross(13,9).
nocross(14,1).
nocross(14,6).
nocross(14,9).
nocross(14,18).
nocross(15,13).
nocross(16,1).
nocross(16,3).
nocross(16,8).
nocross(16,12).
nocross(17,1).
nocross(17,11).
nocross(17,12).
nocross(17,16).
nocross(18,3).
nocross(18,4).
nocross(18,5).
nocross(18,6).
nocross(18,9).
nocross(18,14).
nocross(18,16).
