dimension(18).
point(1, -223568.0, 13584.0).
point(2, 152931.0, 152118.0).
point(3, 9034.0, -372018.0).
point(4, -53516.0, -75858.0).
point(5, -414040.0, 139097.0).
point(6, -17588.0, 35687.0).
point(7, -50127.0, -39295.0).
point(8, 178007.0, -205038.0).
point(9, 156542.0, -275587.0).
point(10, 124888.0, 91076.0).
point(11, 59636.0, 31265.0).
point(12, 112411.0, -165865.0).
point(13, -97109.0, 1652.0).
point(14, -82673.0, 171908.0).
point(15, -124002.0, 463774.0).
point(16, -205827.0, 350367.0).
point(17, -288793.0, 242478.0).
point(18, -56583.0, 168203.0).
cost(1, 2, 401177).
cost(1, 3, 450325).
cost(1, 4, 192139).
cost(1, 5, 228108).
cost(1, 6, 207163).
cost(1, 7, 181323).
cost(1, 8, 457229).
cost(1, 9, 477602).
cost(1, 10, 356969).
cost(1, 11, 283755).
cost(1, 12, 380899).
cost(1, 13, 127021).
cost(1, 14, 211938).
cost(1, 15, 461069).
cost(1, 16, 337250).
cost(1, 17, 238006).
cost(1, 18, 227576).
cost(2, 1, 401177).
cost(2, 3, 543530).
cost(2, 4, 307560).
cost(2, 5, 567120).
cost(2, 6, 206477).
cost(2, 7, 279055).
cost(2, 8, 358035).
cost(2, 9, 427720).
cost(2, 10, 67175).
cost(2, 11, 152674).
cost(2, 12, 320554).
cost(2, 13, 291822).
cost(2, 14, 236434).
cost(2, 15, 416919).
cost(2, 16, 409890).
cost(2, 17, 450871).
cost(2, 18, 210131).
cost(3, 1, 450325).
cost(3, 2, 543530).
cost(3, 4, 302693).
cost(3, 5, 663498).
cost(3, 6, 408573).
cost(3, 7, 337942).
cost(3, 8, 237559).
cost(3, 9, 176232).
cost(3, 10, 477366).
cost(3, 11, 406445).
cost(3, 12, 230621).
cost(3, 13, 388453).
cost(3, 14, 551603).
cost(3, 15, 846314).
cost(3, 16, 753661).
cost(3, 17, 682866).
cost(3, 18, 544191).
cost(4, 1, 192139).
cost(4, 2, 307560).
cost(4, 3, 302693).
cost(4, 5, 419742).
cost(4, 6, 117188).
cost(4, 7, 36720).
cost(4, 8, 265123).
cost(4, 9, 289855).
cost(4, 10, 244325).
cost(4, 11, 155816).
cost(4, 12, 188767).
cost(4, 13, 88928).
cost(4, 14, 249476).
cost(4, 15, 544216).
cost(4, 16, 452622).
cost(4, 17, 395845).
cost(4, 18, 244080).
cost(5, 1, 228108).
cost(5, 2, 567120).
cost(5, 3, 663498).
cost(5, 4, 419742).
cost(5, 6, 409717).
cost(5, 7, 405286).
cost(5, 8, 684798).
cost(5, 9, 705356).
cost(5, 10, 541063).
cost(5, 11, 485795).
cost(5, 12, 608402).
cost(5, 13, 345451).
cost(5, 14, 332987).
cost(5, 15, 435359).
cost(5, 16, 296627).
cost(5, 17, 162402).
cost(5, 18, 358640).
cost(6, 1, 207163).
cost(6, 2, 206477).
cost(6, 3, 408573).
cost(6, 4, 117188).
cost(6, 5, 409717).
cost(6, 7, 81738).
cost(6, 8, 310171).
cost(6, 9, 356669).
cost(6, 10, 152864).
cost(6, 11, 77351).
cost(6, 12, 239839).
cost(6, 13, 86498).
cost(6, 14, 150971).
cost(6, 15, 441115).
cost(6, 16, 366684).
cost(6, 17, 341049).
cost(6, 18, 138134).
cost(7, 1, 181323).
cost(7, 2, 279055).
cost(7, 3, 337942).
cost(7, 4, 36720).
cost(7, 5, 405286).
cost(7, 6, 81738).
cost(7, 8, 281986).
cost(7, 9, 313920).
cost(7, 10, 218236).
cost(7, 11, 130486).
cost(7, 12, 206006).
cost(7, 13, 62321).
cost(7, 14, 213696).
cost(7, 15, 508464).
cost(7, 16, 419618).
cost(7, 17, 369266).
cost(7, 18, 207598).
cost(8, 1, 457229).
cost(8, 2, 358035).
cost(8, 3, 237559).
cost(8, 4, 265123).
cost(8, 5, 684798).
cost(8, 6, 310171).
cost(8, 7, 281986).
cost(8, 9, 73742).
cost(8, 10, 300841).
cost(8, 11, 264293).
cost(8, 12, 76403).
cost(8, 13, 344107).
cost(8, 14, 458304).
cost(8, 15, 733838).
cost(8, 16, 675132).
cost(8, 17, 646663).
cost(8, 18, 440842).
cost(9, 1, 477602).
cost(9, 2, 427720).
cost(9, 3, 176232).
cost(9, 4, 289855).
cost(9, 5, 705356).
cost(9, 6, 356669).
cost(9, 7, 313920).
cost(9, 8, 73742).
cost(9, 10, 368027).
cost(9, 11, 321790).
cost(9, 12, 118264).
cost(9, 13, 375766).
cost(9, 14, 507421).
cost(9, 15, 790797).
cost(9, 16, 723277).
cost(9, 17, 683165).
cost(9, 18, 492313).
cost(10, 1, 356969).
cost(10, 2, 67175).
cost(10, 3, 477366).
cost(10, 4, 244325).
cost(10, 5, 541063).
cost(10, 6, 152864).
cost(10, 7, 218236).
cost(10, 8, 300841).
cost(10, 9, 368027).
cost(10, 11, 88517).
cost(10, 12, 257244).
cost(10, 13, 239331).
cost(10, 14, 222745).
cost(10, 15, 448163).
cost(10, 16, 420243).
cost(10, 17, 440516).
cost(10, 18, 197181).
cost(11, 1, 283755).
cost(11, 2, 152674).
cost(11, 3, 406445).
cost(11, 4, 155816).
cost(11, 5, 485795).
cost(11, 6, 77351).
cost(11, 7, 130486).
cost(11, 8, 264293).
cost(11, 9, 321790).
cost(11, 10, 88517).
cost(11, 12, 204072).
cost(11, 13, 159518).
cost(11, 14, 200081).
cost(11, 15, 469880).
cost(11, 16, 415086).
cost(11, 17, 407448).
cost(11, 18, 179608).
cost(12, 1, 380899).
cost(12, 2, 320554).
cost(12, 3, 230621).
cost(12, 4, 188767).
cost(12, 5, 608402).
cost(12, 6, 239839).
cost(12, 7, 206006).
cost(12, 8, 76403).
cost(12, 9, 118264).
cost(12, 10, 257244).
cost(12, 11, 204072).
cost(12, 13, 268255).
cost(12, 14, 390062).
cost(12, 15, 672560).
cost(12, 16, 606441).
cost(12, 17, 572458).
cost(12, 18, 374380).
cost(13, 1, 127021).
cost(13, 2, 291822).
cost(13, 3, 388453).
cost(13, 4, 88928).
cost(13, 5, 345451).
cost(13, 6, 86498).
cost(13, 7, 62321).
cost(13, 8, 344107).
cost(13, 9, 375766).
cost(13, 10, 239331).
cost(13, 11, 159518).
cost(13, 12, 268255).
cost(13, 14, 170867).
cost(13, 15, 462904).
cost(13, 16, 365269).
cost(13, 17, 307799).
cost(13, 18, 171411).
cost(14, 1, 211938).
cost(14, 2, 236434).
cost(14, 3, 551603).
cost(14, 4, 249476).
cost(14, 5, 332987).
cost(14, 6, 150971).
cost(14, 7, 213696).
cost(14, 8, 458304).
cost(14, 9, 507421).
cost(14, 10, 222745).
cost(14, 11, 200081).
cost(14, 12, 390062).
cost(14, 13, 170867).
cost(14, 15, 294778).
cost(14, 16, 216828).
cost(14, 17, 217866).
cost(14, 18, 26352).
cost(15, 1, 461069).
cost(15, 2, 416919).
cost(15, 3, 846314).
cost(15, 4, 544216).
cost(15, 5, 435359).
cost(15, 6, 441115).
cost(15, 7, 508464).
cost(15, 8, 733838).
cost(15, 9, 790797).
cost(15, 10, 448163).
cost(15, 11, 469880).
cost(15, 12, 672560).
cost(15, 13, 462904).
cost(15, 14, 294778).
cost(15, 16, 139844).
cost(15, 17, 275913).
cost(15, 18, 303163).
cost(16, 1, 337250).
cost(16, 2, 409890).
cost(16, 3, 753661).
cost(16, 4, 452622).
cost(16, 5, 296627).
cost(16, 6, 366684).
cost(16, 7, 419618).
cost(16, 8, 675132).
cost(16, 9, 723277).
cost(16, 10, 420243).
cost(16, 11, 415086).
cost(16, 12, 606441).
cost(16, 13, 365269).
cost(16, 14, 216828).
cost(16, 15, 139844).
cost(16, 17, 136101).
cost(16, 18, 235494).
cost(17, 1, 238006).
cost(17, 2, 450871).
cost(17, 3, 682866).
cost(17, 4, 395845).
cost(17, 5, 162402).
cost(17, 6, 341049).
cost(17, 7, 369266).
cost(17, 8, 646663).
cost(17, 9, 683165).
cost(17, 10, 440516).
cost(17, 11, 407448).
cost(17, 12, 572458).
cost(17, 13, 307799).
cost(17, 14, 217866).
cost(17, 15, 275913).
cost(17, 16, 136101).
cost(17, 18, 243800).
cost(18, 1, 227576).
cost(18, 2, 210131).
cost(18, 3, 544191).
cost(18, 4, 244080).
cost(18, 5, 358640).
cost(18, 6, 138134).
cost(18, 7, 207598).
cost(18, 8, 440842).
cost(18, 9, 492313).
cost(18, 10, 197181).
cost(18, 11, 179608).
cost(18, 12, 374380).
cost(18, 13, 171411).
cost(18, 14, 26352).
cost(18, 15, 303163).
cost(18, 16, 235494).
cost(18, 17, 243800).
nocross(1,2).
nocross(1,4).
nocross(1,5).
nocross(1,14).
nocross(1,16).
nocross(1,18).
nocross(3,4).
nocross(3,9).
nocross(4,1).
nocross(4,9).
nocross(4,11).
nocross(5,1).
nocross(5,2).
nocross(5,4).
nocross(5,18).
nocross(6,2).
nocross(6,7).
nocross(6,18).
nocross(7,1).
nocross(7,2).
nocross(7,4).
nocross(7,11).
nocross(8,9).
nocross(8,12).
nocross(9,4).
nocross(9,8).
nocross(9,12).
nocross(10,2).
nocross(10,11).
nocross(10,18).
nocross(11,10).
nocross(11,12).
nocross(11,18).
nocross(12,4).
nocross(12,11).
nocross(13,4).
nocross(13,7).
nocross(13,11).
nocross(13,18).
nocross(14,2).
nocross(14,5).
nocross(14,10).
nocross(14,11).
nocross(14,15).
nocross(14,16).
nocross(15,2).
nocross(15,5).
nocross(15,16).
nocross(16,2).
nocross(16,15).
nocross(16,17).
nocross(16,18).
nocross(17,1).
nocross(17,2).
nocross(17,5).
nocross(17,16).
nocross(18,2).
nocross(18,10).
nocross(18,11).
nocross(18,14).
