dimension(18).
point(1, 348746.0, 98000.0).
point(2, 595450.0, 158783.0).
point(3, -34267.0, -59533.0).
point(4, -245239.0, -142074.0).
point(5, -124400.0, -162289.0).
point(6, 282985.0, -340996.0).
point(7, 245899.0, 188401.0).
point(8, -448496.0, -105583.0).
point(9, 315841.0, -77369.0).
point(10, -85014.0, 263330.0).
point(11, 80008.0, 35651.0).
point(12, 226168.0, 382123.0).
point(13, -207757.0, 187548.0).
point(14, -29121.0, -240726.0).
point(15, 30459.0, -42937.0).
point(16, 30219.0, -9877.0).
point(17, -92734.0, 199556.0).
point(18, 91094.0, -382453.0).
cost(1, 2, 254082).
cost(1, 3, 414144).
cost(1, 4, 640667).
cost(1, 5, 540016).
cost(1, 6, 443894).
cost(1, 7, 136930).
cost(1, 8, 822825).
cost(1, 9, 178429).
cost(1, 10, 464200).
cost(1, 11, 275876).
cost(1, 12, 309437).
cost(1, 13, 563662).
cost(1, 14, 507463).
cost(1, 15, 348095).
cost(1, 16, 336299).
cost(1, 17, 453010).
cost(1, 18, 545179).
cost(2, 1, 254082).
cost(2, 3, 666487).
cost(2, 4, 892901).
cost(2, 5, 788208).
cost(2, 6, 589418).
cost(2, 7, 350804).
cost(2, 8, 1076900).
cost(2, 9, 365990).
cost(2, 10, 688448).
cost(2, 11, 529945).
cost(2, 12, 431567).
cost(2, 13, 803722).
cost(2, 14, 741415).
cost(2, 15, 599921).
cost(2, 16, 589858).
cost(2, 17, 689391).
cost(2, 18, 739805).
cost(3, 1, 414144).
cost(3, 2, 666487).
cost(3, 4, 226544).
cost(3, 5, 136685).
cost(3, 6, 424111).
cost(3, 7, 374118).
cost(3, 8, 416781).
cost(3, 9, 350562).
cost(3, 10, 326827).
cost(3, 11, 148724).
cost(3, 12, 512724).
cost(3, 13, 301907).
cost(3, 14, 181266).
cost(3, 15, 66820).
cost(3, 16, 81389).
cost(3, 17, 265604).
cost(3, 18, 346400).
cost(4, 1, 640667).
cost(4, 2, 892901).
cost(4, 3, 226544).
cost(4, 5, 122518).
cost(4, 6, 564438).
cost(4, 7, 591972).
cost(4, 8, 206507).
cost(4, 9, 564799).
cost(4, 10, 435918).
cost(4, 11, 370637).
cost(4, 12, 704987).
cost(4, 13, 331746).
cost(4, 14, 237569).
cost(4, 15, 292980).
cost(4, 16, 305537).
cost(4, 17, 374124).
cost(4, 18, 413403).
cost(5, 1, 540016).
cost(5, 2, 788208).
cost(5, 3, 136685).
cost(5, 4, 122518).
cost(5, 6, 444858).
cost(5, 7, 510005).
cost(5, 8, 329019).
cost(5, 9, 448356).
cost(5, 10, 427437).
cost(5, 11, 284540).
cost(5, 12, 647520).
cost(5, 13, 359631).
cost(5, 14, 123412).
cost(5, 15, 195515).
cost(5, 16, 217109).
cost(5, 17, 363228).
cost(5, 18, 308074).
cost(6, 1, 443894).
cost(6, 2, 589418).
cost(6, 3, 424111).
cost(6, 4, 564438).
cost(6, 5, 444858).
cost(6, 7, 530694).
cost(6, 8, 768429).
cost(6, 9, 265667).
cost(6, 10, 707554).
cost(6, 11, 427858).
cost(6, 12, 725348).
cost(6, 13, 721240).
cost(6, 14, 327817).
cost(6, 15, 390651).
cost(6, 16, 416570).
cost(6, 17, 658302).
cost(6, 18, 196318).
cost(7, 1, 136930).
cost(7, 2, 350804).
cost(7, 3, 374118).
cost(7, 4, 591972).
cost(7, 5, 510005).
cost(7, 6, 530694).
cost(7, 8, 754063).
cost(7, 9, 274819).
cost(7, 10, 339290).
cost(7, 11, 225505).
cost(7, 12, 194724).
cost(7, 13, 453657).
cost(7, 14, 509692).
cost(7, 15, 316120).
cost(7, 16, 292971).
cost(7, 17, 338817).
cost(7, 18, 591472).
cost(8, 1, 822825).
cost(8, 2, 1076900).
cost(8, 3, 416781).
cost(8, 4, 206507).
cost(8, 5, 329019).
cost(8, 6, 768429).
cost(8, 7, 754063).
cost(8, 9, 764858).
cost(8, 10, 517896).
cost(8, 11, 547050).
cost(8, 12, 832483).
cost(8, 13, 379317).
cost(8, 14, 440612).
cost(8, 15, 483035).
cost(8, 16, 488188).
cost(8, 17, 468697).
cost(8, 18, 606477).
cost(9, 1, 178429).
cost(9, 2, 365990).
cost(9, 3, 350562).
cost(9, 4, 564799).
cost(9, 5, 448356).
cost(9, 6, 265667).
cost(9, 7, 274819).
cost(9, 8, 764858).
cost(9, 10, 526080).
cost(9, 11, 261516).
cost(9, 12, 468160).
cost(9, 13, 586801).
cost(9, 14, 381686).
cost(9, 15, 287452).
cost(9, 16, 293488).
cost(9, 17, 493580).
cost(9, 18, 378929).
cost(10, 1, 464200).
cost(10, 2, 688448).
cost(10, 3, 326827).
cost(10, 4, 435918).
cost(10, 5, 427437).
cost(10, 6, 707554).
cost(10, 7, 339290).
cost(10, 8, 517896).
cost(10, 9, 526080).
cost(10, 11, 281194).
cost(10, 12, 333086).
cost(10, 13, 144252).
cost(10, 14, 507145).
cost(10, 15, 327313).
cost(10, 16, 296514).
cost(10, 17, 64240).
cost(10, 18, 669365).
cost(11, 1, 275876).
cost(11, 2, 529945).
cost(11, 3, 148724).
cost(11, 4, 370637).
cost(11, 5, 284540).
cost(11, 6, 427858).
cost(11, 7, 225505).
cost(11, 8, 547050).
cost(11, 9, 261516).
cost(11, 10, 281194).
cost(11, 12, 376039).
cost(11, 13, 325394).
cost(11, 14, 297142).
cost(11, 15, 92904).
cost(11, 16, 67467).
cost(11, 17, 238127).
cost(11, 18, 418251).
cost(12, 1, 309437).
cost(12, 2, 431567).
cost(12, 3, 512724).
cost(12, 4, 704987).
cost(12, 5, 647520).
cost(12, 6, 725348).
cost(12, 7, 194724).
cost(12, 8, 832483).
cost(12, 9, 468160).
cost(12, 10, 333086).
cost(12, 11, 376039).
cost(12, 13, 475553).
cost(12, 14, 673137).
cost(12, 15, 467951).
cost(12, 16, 438247).
cost(12, 17, 367463).
cost(12, 18, 776416).
cost(13, 1, 563662).
cost(13, 2, 803722).
cost(13, 3, 301907).
cost(13, 4, 331746).
cost(13, 5, 359631).
cost(13, 6, 721240).
cost(13, 7, 453657).
cost(13, 8, 379317).
cost(13, 9, 586801).
cost(13, 10, 144252).
cost(13, 11, 325394).
cost(13, 12, 475553).
cost(13, 14, 464036).
cost(13, 15, 331467).
cost(13, 16, 309207).
cost(13, 17, 115648).
cost(13, 18, 643594).
cost(14, 1, 507463).
cost(14, 2, 741415).
cost(14, 3, 181266).
cost(14, 4, 237569).
cost(14, 5, 123412).
cost(14, 6, 327817).
cost(14, 7, 509692).
cost(14, 8, 440612).
cost(14, 9, 381686).
cost(14, 10, 507145).
cost(14, 11, 297142).
cost(14, 12, 673137).
cost(14, 13, 464036).
cost(14, 15, 206568).
cost(14, 16, 238354).
cost(14, 17, 444854).
cost(14, 18, 185845).
cost(15, 1, 348095).
cost(15, 2, 599921).
cost(15, 3, 66820).
cost(15, 4, 292980).
cost(15, 5, 195515).
cost(15, 6, 390651).
cost(15, 7, 316120).
cost(15, 8, 483035).
cost(15, 9, 287452).
cost(15, 10, 327313).
cost(15, 11, 92904).
cost(15, 12, 467951).
cost(15, 13, 331467).
cost(15, 14, 206568).
cost(15, 16, 33061).
cost(15, 17, 271991).
cost(15, 18, 344888).
cost(16, 1, 336299).
cost(16, 2, 589858).
cost(16, 3, 81389).
cost(16, 4, 305537).
cost(16, 5, 217109).
cost(16, 6, 416570).
cost(16, 7, 292971).
cost(16, 8, 488188).
cost(16, 9, 293488).
cost(16, 10, 296514).
cost(16, 11, 67467).
cost(16, 12, 438247).
cost(16, 13, 309207).
cost(16, 14, 238354).
cost(16, 15, 33061).
cost(16, 17, 242857).
cost(16, 18, 377516).
cost(17, 1, 453010).
cost(17, 2, 689391).
cost(17, 3, 265604).
cost(17, 4, 374124).
cost(17, 5, 363228).
cost(17, 6, 658302).
cost(17, 7, 338817).
cost(17, 8, 468697).
cost(17, 9, 493580).
cost(17, 10, 64240).
cost(17, 11, 238127).
cost(17, 12, 367463).
cost(17, 13, 115648).
cost(17, 14, 444854).
cost(17, 15, 271991).
cost(17, 16, 242857).
cost(17, 18, 610350).
cost(18, 1, 545179).
cost(18, 2, 739805).
cost(18, 3, 346400).
cost(18, 4, 413403).
cost(18, 5, 308074).
cost(18, 6, 196318).
cost(18, 7, 591472).
cost(18, 8, 606477).
cost(18, 9, 378929).
cost(18, 10, 669365).
cost(18, 11, 418251).
cost(18, 12, 776416).
cost(18, 13, 643594).
cost(18, 14, 185845).
cost(18, 15, 344888).
cost(18, 16, 377516).
cost(18, 17, 610350).
nocross(1,2).
nocross(1,7).
nocross(2,1).
nocross(2,6).
nocross(2,7).
nocross(2,9).
nocross(2,12).
nocross(2,15).
nocross(3,6).
nocross(3,8).
nocross(3,15).
nocross(4,5).
nocross(4,8).
nocross(4,13).
nocross(4,17).
nocross(5,4).
nocross(5,15).
nocross(5,16).
nocross(6,2).
nocross(7,12).
nocross(8,13).
nocross(9,1).
nocross(9,6).
nocross(9,7).
nocross(9,15).
nocross(10,4).
nocross(10,7).
nocross(10,8).
nocross(10,12).
nocross(10,17).
nocross(12,1).
nocross(12,2).
nocross(12,7).
nocross(12,10).
nocross(13,4).
nocross(13,7).
nocross(13,10).
nocross(14,5).
nocross(14,15).
nocross(15,5).
nocross(15,6).
nocross(15,9).
nocross(16,3).
nocross(16,6).
nocross(16,8).
nocross(16,9).
nocross(16,15).
nocross(17,4).
nocross(17,7).
nocross(17,12).
