dimension(18).
point(1, 122194.0, 111805.0).
point(2, -400636.0, -273308.0).
point(3, 186440.0, 72017.0).
point(4, 205140.0, 349273.0).
point(5, 53988.0, -368466.0).
point(6, 388599.0, -360849.0).
point(7, 286203.0, -9354.0).
point(8, -264310.0, 182513.0).
point(9, 397450.0, 110219.0).
point(10, -54425.0, -294957.0).
point(11, 105108.0, 161925.0).
point(12, -202667.0, 193273.0).
point(13, 383242.0, -288234.0).
point(14, -198552.0, -274547.0).
point(15, 348138.0, 20116.0).
point(16, -46968.0, -336189.0).
point(17, -108749.0, 144011.0).
point(18, 369570.0, 247474.0).
cost(1, 2, 649356).
cost(1, 3, 75569).
cost(1, 4, 251537).
cost(1, 5, 485090).
cost(1, 6, 542562).
cost(1, 7, 203908).
cost(1, 8, 392919).
cost(1, 9, 275261).
cost(1, 10, 443452).
cost(1, 11, 52952).
cost(1, 12, 334920).
cost(1, 13, 477679).
cost(1, 14, 502141).
cost(1, 15, 243839).
cost(1, 16, 478868).
cost(1, 17, 233178).
cost(1, 18, 282136).
cost(2, 1, 649356).
cost(2, 3, 681108).
cost(2, 4, 868661).
cost(2, 5, 464476).
cost(2, 6, 794075).
cost(2, 7, 735812).
cost(2, 8, 475770).
cost(2, 9, 885457).
cost(2, 10, 346887).
cost(2, 11, 667237).
cost(2, 12, 506843).
cost(2, 13, 784020).
cost(2, 14, 202088).
cost(2, 15, 804214).
cost(2, 16, 359215).
cost(2, 17, 509267).
cost(2, 18, 929748).
cost(3, 1, 75569).
cost(3, 2, 681108).
cost(3, 4, 277886).
cost(3, 5, 459966).
cost(3, 6, 477746).
cost(3, 7, 128740).
cost(3, 8, 464096).
cost(3, 9, 214440).
cost(3, 10, 438960).
cost(3, 11, 121237).
cost(3, 12, 407563).
cost(3, 13, 410502).
cost(3, 14, 518001).
cost(3, 15, 169823).
cost(3, 16, 470225).
cost(3, 17, 303842).
cost(3, 18, 253617).
cost(4, 1, 251537).
cost(4, 2, 868661).
cost(4, 3, 277886).
cost(4, 5, 733482).
cost(4, 6, 733437).
cost(4, 7, 367674).
cost(4, 8, 498189).
cost(4, 9, 306806).
cost(4, 10, 694555).
cost(4, 11, 212381).
cost(4, 12, 436626).
cost(4, 13, 661918).
cost(4, 14, 743047).
cost(4, 15, 358877).
cost(4, 16, 730354).
cost(4, 17, 375045).
cost(4, 18, 193391).
cost(5, 1, 485090).
cost(5, 2, 464476).
cost(5, 3, 459966).
cost(5, 4, 733482).
cost(5, 6, 334698).
cost(5, 7, 427651).
cost(5, 8, 636311).
cost(5, 9, 589157).
cost(5, 10, 130985).
cost(5, 11, 532849).
cost(5, 12, 617594).
cost(5, 13, 338888).
cost(5, 14, 269439).
cost(5, 15, 487360).
cost(5, 16, 105990).
cost(5, 17, 537695).
cost(5, 18, 692080).
cost(6, 1, 542562).
cost(6, 2, 794075).
cost(6, 3, 477746).
cost(6, 4, 733437).
cost(6, 5, 334698).
cost(6, 7, 366106).
cost(6, 8, 849431).
cost(6, 9, 471151).
cost(6, 10, 447897).
cost(6, 11, 594693).
cost(6, 12, 810337).
cost(6, 13, 72812).
cost(6, 14, 593460).
cost(6, 15, 383108).
cost(6, 16, 436265).
cost(6, 17, 708688).
cost(6, 18, 608621).
cost(7, 1, 203908).
cost(7, 2, 735812).
cost(7, 3, 128740).
cost(7, 4, 367674).
cost(7, 5, 427651).
cost(7, 6, 366106).
cost(7, 8, 582990).
cost(7, 9, 163321).
cost(7, 10, 444518).
cost(7, 11, 249263).
cost(7, 12, 529199).
cost(7, 13, 295281).
cost(7, 14, 552553).
cost(7, 15, 68589).
cost(7, 16, 466716).
cost(7, 17, 423684).
cost(7, 18, 270020).
cost(8, 1, 392919).
cost(8, 2, 475770).
cost(8, 3, 464096).
cost(8, 4, 498189).
cost(8, 5, 636311).
cost(8, 6, 849431).
cost(8, 7, 582990).
cost(8, 9, 665697).
cost(8, 10, 521564).
cost(8, 11, 369991).
cost(8, 12, 62575).
cost(8, 13, 800579).
cost(8, 14, 461766).
cost(8, 15, 633613).
cost(8, 16, 562396).
cost(8, 17, 160255).
cost(8, 18, 637200).
cost(9, 1, 275261).
cost(9, 2, 885457).
cost(9, 3, 214440).
cost(9, 4, 306806).
cost(9, 5, 589157).
cost(9, 6, 471151).
cost(9, 7, 163321).
cost(9, 8, 665697).
cost(9, 10, 606926).
cost(9, 11, 296879).
cost(9, 12, 605837).
cost(9, 13, 398706).
cost(9, 14, 709411).
cost(9, 15, 102714).
cost(9, 16, 629911).
cost(9, 17, 507326).
cost(9, 18, 140058).
cost(10, 1, 443452).
cost(10, 2, 346887).
cost(10, 3, 438960).
cost(10, 4, 694555).
cost(10, 5, 130985).
cost(10, 6, 447897).
cost(10, 7, 444518).
cost(10, 8, 521564).
cost(10, 9, 606926).
cost(10, 11, 483934).
cost(10, 12, 510239).
cost(10, 13, 437719).
cost(10, 14, 145565).
cost(10, 15, 511202).
cost(10, 16, 41901).
cost(10, 17, 442317).
cost(10, 18, 688479).
cost(11, 1, 52952).
cost(11, 2, 667237).
cost(11, 3, 121237).
cost(11, 4, 212381).
cost(11, 5, 532849).
cost(11, 6, 594693).
cost(11, 7, 249263).
cost(11, 8, 369991).
cost(11, 9, 296879).
cost(11, 10, 483934).
cost(11, 12, 309367).
cost(11, 13, 529152).
cost(11, 14, 531712).
cost(11, 15, 281378).
cost(11, 16, 520812).
cost(11, 17, 214606).
cost(11, 18, 277955).
cost(12, 1, 334920).
cost(12, 2, 506843).
cost(12, 3, 407563).
cost(12, 4, 436626).
cost(12, 5, 617594).
cost(12, 6, 810337).
cost(12, 7, 529199).
cost(12, 8, 62575).
cost(12, 9, 605837).
cost(12, 10, 510239).
cost(12, 11, 309367).
cost(12, 13, 758379).
cost(12, 14, 467838).
cost(12, 15, 577382).
cost(12, 16, 551881).
cost(12, 17, 106053).
cost(12, 18, 574798).
cost(13, 1, 477679).
cost(13, 2, 784020).
cost(13, 3, 410502).
cost(13, 4, 661918).
cost(13, 5, 338888).
cost(13, 6, 72812).
cost(13, 7, 295281).
cost(13, 8, 800579).
cost(13, 9, 398706).
cost(13, 10, 437719).
cost(13, 11, 529152).
cost(13, 12, 758379).
cost(13, 14, 581955).
cost(13, 15, 310342).
cost(13, 16, 432874).
cost(13, 17, 654898).
cost(13, 18, 535882).
cost(14, 1, 502141).
cost(14, 2, 202088).
cost(14, 3, 518001).
cost(14, 4, 743047).
cost(14, 5, 269439).
cost(14, 6, 593460).
cost(14, 7, 552553).
cost(14, 8, 461766).
cost(14, 9, 709411).
cost(14, 10, 145565).
cost(14, 11, 531712).
cost(14, 12, 467838).
cost(14, 13, 581955).
cost(14, 15, 621044).
cost(14, 16, 163638).
cost(14, 17, 428083).
cost(14, 18, 771536).
cost(15, 1, 243839).
cost(15, 2, 804214).
cost(15, 3, 169823).
cost(15, 4, 358877).
cost(15, 5, 487360).
cost(15, 6, 383108).
cost(15, 7, 68589).
cost(15, 8, 633613).
cost(15, 9, 102714).
cost(15, 10, 511202).
cost(15, 11, 281378).
cost(15, 12, 577382).
cost(15, 13, 310342).
cost(15, 14, 621044).
cost(15, 16, 532036).
cost(15, 17, 473387).
cost(15, 18, 228366).
cost(16, 1, 478868).
cost(16, 2, 359215).
cost(16, 3, 470225).
cost(16, 4, 730354).
cost(16, 5, 105990).
cost(16, 6, 436265).
cost(16, 7, 466716).
cost(16, 8, 562396).
cost(16, 9, 629911).
cost(16, 10, 41901).
cost(16, 11, 520812).
cost(16, 12, 551881).
cost(16, 13, 432874).
cost(16, 14, 163638).
cost(16, 15, 532036).
cost(16, 17, 484158).
cost(16, 18, 717054).
cost(17, 1, 233178).
cost(17, 2, 509267).
cost(17, 3, 303842).
cost(17, 4, 375045).
cost(17, 5, 537695).
cost(17, 6, 708688).
cost(17, 7, 423684).
cost(17, 8, 160255).
cost(17, 9, 507326).
cost(17, 10, 442317).
cost(17, 11, 214606).
cost(17, 12, 106053).
cost(17, 13, 654898).
cost(17, 14, 428083).
cost(17, 15, 473387).
cost(17, 16, 484158).
cost(17, 18, 489381).
cost(18, 1, 282136).
cost(18, 2, 929748).
cost(18, 3, 253617).
cost(18, 4, 193391).
cost(18, 5, 692080).
cost(18, 6, 608621).
cost(18, 7, 270020).
cost(18, 8, 637200).
cost(18, 9, 140058).
cost(18, 10, 688479).
cost(18, 11, 277955).
cost(18, 12, 574798).
cost(18, 13, 535882).
cost(18, 14, 771536).
cost(18, 15, 228366).
cost(18, 16, 717054).
cost(18, 17, 489381).
nocross(1,10).
nocross(1,12).
nocross(1,17).
nocross(2,8).
nocross(2,10).
nocross(3,7).
nocross(3,10).
nocross(4,3).
nocross(4,7).
nocross(4,10).
nocross(4,11).
nocross(4,12).
nocross(4,17).
nocross(5,7).
nocross(5,8).
nocross(5,10).
nocross(5,16).
nocross(6,8).
nocross(6,10).
nocross(7,10).
nocross(7,13).
nocross(8,11).
nocross(8,12).
nocross(8,17).
nocross(9,7).
nocross(9,10).
nocross(9,11).
nocross(10,8).
nocross(10,11).
nocross(11,10).
nocross(11,12).
nocross(12,1).
nocross(12,8).
nocross(13,7).
nocross(13,8).
nocross(13,15).
nocross(14,8).
nocross(14,10).
nocross(14,16).
nocross(14,17).
nocross(15,7).
nocross(15,11).
nocross(16,2).
nocross(16,5).
nocross(16,8).
nocross(16,10).
nocross(17,1).
nocross(17,7).
nocross(17,8).
nocross(17,10).
nocross(17,11).
nocross(17,12).
nocross(18,3).
nocross(18,7).
nocross(18,10).
nocross(18,11).
nocross(18,12).
nocross(18,15).
