dimension(18).
point(1, 150511.0, -212872.0).
point(2, -63942.0, 381604.0).
point(3, 184344.0, -70943.0).
point(4, -283035.0, -298489.0).
point(5, -398883.0, 101618.0).
point(6, -20462.0, -199575.0).
point(7, -456522.0, -250958.0).
point(8, 218907.0, 219679.0).
point(9, -11855.0, -265578.0).
point(10, 914.0, -42860.0).
point(11, 151354.0, -27875.0).
point(12, 26769.0, -368154.0).
point(13, -571330.0, 189604.0).
point(14, -348373.0, 235529.0).
point(15, 442831.0, 326027.0).
point(16, -108816.0, 144789.0).
point(17, -81453.0, -284716.0).
point(18, -37703.0, -254131.0).
cost(1, 2, 631975).
cost(1, 3, 145906).
cost(1, 4, 441919).
cost(1, 5, 633038).
cost(1, 6, 171489).
cost(1, 7, 608227).
cost(1, 8, 437925).
cost(1, 9, 170706).
cost(1, 10, 226458).
cost(1, 11, 184999).
cost(1, 12, 198556).
cost(1, 13, 826463).
cost(1, 14, 670782).
cost(1, 15, 613077).
cost(1, 16, 441783).
cost(1, 17, 242835).
cost(1, 18, 192683).
cost(2, 1, 631975).
cost(2, 3, 516183).
cost(2, 4, 714513).
cost(2, 5, 436552).
cost(2, 6, 582803).
cost(2, 7, 744482).
cost(2, 8, 325919).
cost(2, 9, 649275).
cost(2, 10, 429390).
cost(2, 11, 462629).
cost(2, 12, 755225).
cost(2, 13, 542500).
cost(2, 14, 319748).
cost(2, 15, 509811).
cost(2, 16, 241029).
cost(2, 17, 666550).
cost(2, 18, 636276).
cost(3, 1, 145906).
cost(3, 2, 516183).
cost(3, 4, 519827).
cost(3, 5, 608220).
cost(3, 6, 241851).
cost(3, 7, 665669).
cost(3, 8, 292670).
cost(3, 9, 276364).
cost(3, 10, 185567).
cost(3, 11, 54251).
cost(3, 12, 336399).
cost(3, 13, 799330).
cost(3, 14, 614583).
cost(3, 15, 473710).
cost(3, 16, 363982).
cost(3, 17, 341097).
cost(3, 18, 287859).
cost(4, 1, 441919).
cost(4, 2, 714513).
cost(4, 3, 519827).
cost(4, 5, 416541).
cost(4, 6, 280586).
cost(4, 7, 179880).
cost(4, 8, 721418).
cost(4, 9, 273170).
cost(4, 10, 382064).
cost(4, 11, 511787).
cost(4, 12, 317540).
cost(4, 13, 566876).
cost(4, 14, 538000).
cost(4, 15, 957550).
cost(4, 16, 476285).
cost(4, 17, 202052).
cost(4, 18, 249310).
cost(5, 1, 633038).
cost(5, 2, 436552).
cost(5, 3, 608220).
cost(5, 4, 416541).
cost(5, 6, 483652).
cost(5, 7, 357256).
cost(5, 8, 628970).
cost(5, 9, 533501).
cost(5, 10, 425102).
cost(5, 11, 565269).
cost(5, 12, 633929).
cost(5, 13, 193596).
cost(5, 14, 143120).
cost(5, 15, 871115).
cost(5, 16, 293262).
cost(5, 17, 500016).
cost(5, 18, 506960).
cost(6, 1, 171489).
cost(6, 2, 582803).
cost(6, 3, 241851).
cost(6, 4, 280586).
cost(6, 5, 483652).
cost(6, 7, 439077).
cost(6, 8, 482775).
cost(6, 9, 66562).
cost(6, 10, 158166).
cost(6, 11, 242903).
cost(6, 12, 175070).
cost(6, 13, 674474).
cost(6, 14, 544831).
cost(6, 15, 700641).
cost(6, 16, 355518).
cost(6, 17, 104732).
cost(6, 18, 57215).
cost(7, 1, 608227).
cost(7, 2, 744482).
cost(7, 3, 665669).
cost(7, 4, 179880).
cost(7, 5, 357256).
cost(7, 6, 439077).
cost(7, 8, 823228).
cost(7, 9, 444907).
cost(7, 10, 502546).
cost(7, 11, 647518).
cost(7, 12, 497298).
cost(7, 13, 455275).
cost(7, 14, 498363).
cost(7, 15, 1068526).
cost(7, 16, 526797).
cost(7, 17, 376585).
cost(7, 18, 418831).
cost(8, 1, 437925).
cost(8, 2, 325919).
cost(8, 3, 292670).
cost(8, 4, 721418).
cost(8, 5, 628970).
cost(8, 6, 482775).
cost(8, 7, 823228).
cost(8, 9, 537332).
cost(8, 10, 341244).
cost(8, 11, 256606).
cost(8, 12, 618437).
cost(8, 13, 790809).
cost(8, 14, 567501).
cost(8, 15, 247895).
cost(8, 16, 336171).
cost(8, 17, 587052).
cost(8, 18, 538836).
cost(9, 1, 170706).
cost(9, 2, 649275).
cost(9, 3, 276364).
cost(9, 4, 273170).
cost(9, 5, 533501).
cost(9, 6, 66562).
cost(9, 7, 444907).
cost(9, 8, 537332).
cost(9, 10, 223084).
cost(9, 11, 288340).
cost(9, 12, 109607).
cost(9, 13, 721251).
cost(9, 14, 603616).
cost(9, 15, 746147).
cost(9, 16, 421666).
cost(9, 17, 72181).
cost(9, 18, 28269).
cost(10, 1, 226458).
cost(10, 2, 429390).
cost(10, 3, 185567).
cost(10, 4, 382064).
cost(10, 5, 425102).
cost(10, 6, 158166).
cost(10, 7, 502546).
cost(10, 8, 341244).
cost(10, 9, 223084).
cost(10, 11, 151184).
cost(10, 12, 326320).
cost(10, 13, 617659).
cost(10, 14, 446656).
cost(10, 15, 575646).
cost(10, 16, 217377).
cost(10, 17, 255497).
cost(10, 18, 214771).
cost(11, 1, 184999).
cost(11, 2, 462629).
cost(11, 3, 54251).
cost(11, 4, 511787).
cost(11, 5, 565269).
cost(11, 6, 242903).
cost(11, 7, 647518).
cost(11, 8, 256606).
cost(11, 9, 288340).
cost(11, 10, 151184).
cost(11, 12, 362369).
cost(11, 13, 754698).
cost(11, 14, 564897).
cost(11, 15, 458482).
cost(11, 16, 312252).
cost(11, 17, 346650).
cost(11, 18, 294846).
cost(12, 1, 198556).
cost(12, 2, 755225).
cost(12, 3, 336399).
cost(12, 4, 317540).
cost(12, 5, 633929).
cost(12, 6, 175070).
cost(12, 7, 497298).
cost(12, 8, 618437).
cost(12, 9, 109607).
cost(12, 10, 326320).
cost(12, 11, 362369).
cost(12, 13, 817812).
cost(12, 14, 710749).
cost(12, 15, 809318).
cost(12, 16, 530560).
cost(12, 17, 136652).
cost(12, 18, 130988).
cost(13, 1, 826463).
cost(13, 2, 542500).
cost(13, 3, 799330).
cost(13, 4, 566876).
cost(13, 5, 193596).
cost(13, 6, 674474).
cost(13, 7, 455275).
cost(13, 8, 790809).
cost(13, 9, 721251).
cost(13, 10, 617659).
cost(13, 11, 754698).
cost(13, 12, 817812).
cost(13, 14, 227638).
cost(13, 15, 1023296).
cost(13, 16, 464680).
cost(13, 17, 681879).
cost(13, 18, 694016).
cost(14, 1, 670782).
cost(14, 2, 319748).
cost(14, 3, 614583).
cost(14, 4, 538000).
cost(14, 5, 143120).
cost(14, 6, 544831).
cost(14, 7, 498363).
cost(14, 8, 567501).
cost(14, 9, 603616).
cost(14, 10, 446656).
cost(14, 11, 564897).
cost(14, 12, 710749).
cost(14, 13, 227638).
cost(14, 15, 796363).
cost(14, 16, 256167).
cost(14, 17, 584723).
cost(14, 18, 579899).
cost(15, 1, 613077).
cost(15, 2, 509811).
cost(15, 3, 473710).
cost(15, 4, 957550).
cost(15, 5, 871115).
cost(15, 6, 700641).
cost(15, 7, 1068526).
cost(15, 8, 247895).
cost(15, 9, 746147).
cost(15, 10, 575646).
cost(15, 11, 458482).
cost(15, 12, 809318).
cost(15, 13, 1023296).
cost(15, 14, 796363).
cost(15, 16, 580656).
cost(15, 17, 804910).
cost(15, 18, 753323).
cost(16, 1, 441783).
cost(16, 2, 241029).
cost(16, 3, 363982).
cost(16, 4, 476285).
cost(16, 5, 293262).
cost(16, 6, 355518).
cost(16, 7, 526797).
cost(16, 8, 336171).
cost(16, 9, 421666).
cost(16, 10, 217377).
cost(16, 11, 312252).
cost(16, 12, 530560).
cost(16, 13, 464680).
cost(16, 14, 256167).
cost(16, 15, 580656).
cost(16, 17, 430376).
cost(16, 18, 405209).
cost(17, 1, 242835).
cost(17, 2, 666550).
cost(17, 3, 341097).
cost(17, 4, 202052).
cost(17, 5, 500016).
cost(17, 6, 104732).
cost(17, 7, 376585).
cost(17, 8, 587052).
cost(17, 9, 72181).
cost(17, 10, 255497).
cost(17, 11, 346650).
cost(17, 12, 136652).
cost(17, 13, 681879).
cost(17, 14, 584723).
cost(17, 15, 804910).
cost(17, 16, 430376).
cost(17, 18, 53381).
cost(18, 1, 192683).
cost(18, 2, 636276).
cost(18, 3, 287859).
cost(18, 4, 249310).
cost(18, 5, 506960).
cost(18, 6, 57215).
cost(18, 7, 418831).
cost(18, 8, 538836).
cost(18, 9, 28269).
cost(18, 10, 214771).
cost(18, 11, 294846).
cost(18, 12, 130988).
cost(18, 13, 694016).
cost(18, 14, 579899).
cost(18, 15, 753323).
cost(18, 16, 405209).
cost(18, 17, 53381).
nocross(1,3).
nocross(1,6).
nocross(1,9).
nocross(1,11).
nocross(1,12).
nocross(1,18).
nocross(2,5).
nocross(2,8).
nocross(2,14).
nocross(2,16).
nocross(3,6).
nocross(3,8).
nocross(3,10).
nocross(3,11).
nocross(3,15).
nocross(3,16).
nocross(4,5).
nocross(4,6).
nocross(4,14).
nocross(4,17).
nocross(5,2).
nocross(5,6).
nocross(5,7).
nocross(5,14).
nocross(5,16).
nocross(5,17).
nocross(5,18).
nocross(6,3).
nocross(6,7).
nocross(6,11).
nocross(7,4).
nocross(7,5).
nocross(8,2).
nocross(8,3).
nocross(8,10).
nocross(8,11).
nocross(8,16).
nocross(9,3).
nocross(9,6).
nocross(9,7).
nocross(9,11).
nocross(9,12).
nocross(9,17).
nocross(9,18).
nocross(10,3).
nocross(10,5).
nocross(10,7).
nocross(10,8).
nocross(10,16).
nocross(11,3).
nocross(11,10).
nocross(11,16).
nocross(12,3).
nocross(12,4).
nocross(12,9).
nocross(12,11).
nocross(12,17).
nocross(13,5).
nocross(13,14).
nocross(14,2).
nocross(14,5).
nocross(14,16).
nocross(15,2).
nocross(16,2).
nocross(16,3).
nocross(16,5).
nocross(16,10).
nocross(16,11).
nocross(16,14).
nocross(17,3).
nocross(17,4).
nocross(17,6).
nocross(17,9).
nocross(17,18).
nocross(18,3).
nocross(18,6).
nocross(18,7).
nocross(18,9).
nocross(18,11).
