dimension(15).
point(1, 319962.0, 107479.0).
point(2, -298875.0, 486867.0).
point(3, 175763.0, 638680.0).
point(4, 171553.0, 118944.0).
point(5, 101127.0, 194037.0).
point(6, -209143.0, 214718.0).
point(7, -71710.0, 359784.0).
point(8, -422507.0, -386639.0).
point(9, 148671.0, 291277.0).
point(10, 315545.0, 201788.0).
point(11, 436715.0, -299040.0).
point(12, 132465.0, -434610.0).
point(13, -83119.0, -81140.0).
point(14, 98877.0, 321431.0).
point(15, 191373.0, -634938.0).
cost(1, 2, 725875).
cost(1, 3, 550425).
cost(1, 4, 148851).
cost(1, 5, 235332).
cost(1, 6, 539863).
cost(1, 7, 465902).
cost(1, 8, 891859).
cost(1, 9, 251242).
cost(1, 10, 94412).
cost(1, 11, 422953).
cost(1, 12, 573599).
cost(1, 13, 445030).
cost(1, 14, 307659).
cost(1, 15, 753471).
cost(2, 1, 725875).
cost(2, 3, 498326).
cost(2, 4, 597218).
cost(2, 5, 495733).
cost(2, 6, 286560).
cost(2, 7, 260296).
cost(2, 8, 882212).
cost(2, 9, 488419).
cost(2, 10, 677334).
cost(2, 11, 1076449).
cost(2, 12, 1017435).
cost(2, 13, 607604).
cost(2, 14, 430785).
cost(2, 15, 1224251).
cost(3, 1, 550425).
cost(3, 2, 498326).
cost(3, 4, 519753).
cost(3, 5, 450864).
cost(3, 6, 572622).
cost(3, 7, 372862).
cost(3, 8, 1187100).
cost(3, 9, 348458).
cost(3, 10, 458709).
cost(3, 11, 973352).
cost(3, 12, 1074163).
cost(3, 13, 764958).
cost(3, 14, 326433).
cost(3, 15, 1273714).
cost(4, 1, 148851).
cost(4, 2, 597218).
cost(4, 3, 519753).
cost(4, 5, 102950).
cost(4, 6, 392558).
cost(4, 7, 342317).
cost(4, 8, 780078).
cost(4, 9, 173845).
cost(4, 10, 166123).
cost(4, 11, 494996).
cost(4, 12, 554932).
cost(4, 13, 323869).
cost(4, 14, 215134).
cost(4, 15, 754142).
cost(5, 1, 235332).
cost(5, 2, 495733).
cost(5, 3, 450864).
cost(5, 4, 102950).
cost(5, 6, 310958).
cost(5, 7, 239468).
cost(5, 8, 781906).
cost(5, 9, 108241).
cost(5, 10, 214558).
cost(5, 11, 596443).
cost(5, 12, 629428).
cost(5, 13, 331163).
cost(5, 14, 127414).
cost(5, 15, 833873).
cost(6, 1, 539863).
cost(6, 2, 286560).
cost(6, 3, 572622).
cost(6, 4, 392558).
cost(6, 5, 310958).
cost(6, 7, 199830).
cost(6, 8, 638087).
cost(6, 9, 365913).
cost(6, 10, 524847).
cost(6, 11, 825276).
cost(6, 12, 733705).
cost(6, 13, 321580).
cost(6, 14, 325982).
cost(6, 15, 939323).
cost(7, 1, 465902).
cost(7, 2, 260296).
cost(7, 3, 372862).
cost(7, 4, 342317).
cost(7, 5, 239468).
cost(7, 6, 199830).
cost(7, 8, 824746).
cost(7, 9, 230783).
cost(7, 10, 418245).
cost(7, 11, 832193).
cost(7, 12, 820213).
cost(7, 13, 441072).
cost(7, 14, 174845).
cost(7, 15, 1028924).
cost(8, 1, 891859).
cost(8, 2, 882212).
cost(8, 3, 1187100).
cost(8, 4, 780078).
cost(8, 5, 781906).
cost(8, 6, 638087).
cost(8, 7, 824746).
cost(8, 9, 886462).
cost(8, 10, 943911).
cost(8, 11, 863676).
cost(8, 12, 557041).
cost(8, 13, 456633).
cost(8, 14, 879320).
cost(8, 15, 662194).
cost(9, 1, 251242).
cost(9, 2, 488419).
cost(9, 3, 348458).
cost(9, 4, 173845).
cost(9, 5, 108241).
cost(9, 6, 365913).
cost(9, 7, 230783).
cost(9, 8, 886462).
cost(9, 10, 189355).
cost(9, 11, 656844).
cost(9, 12, 726068).
cost(9, 13, 438658).
cost(9, 14, 58213).
cost(9, 15, 927199).
cost(10, 1, 94412).
cost(10, 2, 677334).
cost(10, 3, 458709).
cost(10, 4, 166123).
cost(10, 5, 214558).
cost(10, 6, 524847).
cost(10, 7, 418245).
cost(10, 8, 943911).
cost(10, 9, 189355).
cost(10, 11, 515277).
cost(10, 12, 662209).
cost(10, 13, 488857).
cost(10, 14, 247507).
cost(10, 15, 845890).
cost(11, 1, 422953).
cost(11, 2, 1076449).
cost(11, 3, 973352).
cost(11, 4, 494996).
cost(11, 5, 596443).
cost(11, 6, 825276).
cost(11, 7, 832193).
cost(11, 8, 863676).
cost(11, 9, 656844).
cost(11, 10, 515277).
cost(11, 12, 333088).
cost(11, 13, 563656).
cost(11, 14, 706483).
cost(11, 15, 415957).
cost(12, 1, 573599).
cost(12, 2, 1017435).
cost(12, 3, 1074163).
cost(12, 4, 554932).
cost(12, 5, 629428).
cost(12, 6, 733705).
cost(12, 7, 820213).
cost(12, 8, 557041).
cost(12, 9, 726068).
cost(12, 10, 662209).
cost(12, 11, 333088).
cost(12, 13, 414026).
cost(12, 14, 756787).
cost(12, 15, 208810).
cost(13, 1, 445030).
cost(13, 2, 607604).
cost(13, 3, 764958).
cost(13, 4, 323869).
cost(13, 5, 331163).
cost(13, 6, 321580).
cost(13, 7, 441072).
cost(13, 8, 456633).
cost(13, 9, 438658).
cost(13, 10, 488857).
cost(13, 11, 563656).
cost(13, 12, 414026).
cost(13, 14, 441799).
cost(13, 15, 618092).
cost(14, 1, 307659).
cost(14, 2, 430785).
cost(14, 3, 326433).
cost(14, 4, 215134).
cost(14, 5, 127414).
cost(14, 6, 325982).
cost(14, 7, 174845).
cost(14, 8, 879320).
cost(14, 9, 58213).
cost(14, 10, 247507).
cost(14, 11, 706483).
cost(14, 12, 756787).
cost(14, 13, 441799).
cost(14, 15, 960832).
cost(15, 1, 753471).
cost(15, 2, 1224251).
cost(15, 3, 1273714).
cost(15, 4, 754142).
cost(15, 5, 833873).
cost(15, 6, 939323).
cost(15, 7, 1028924).
cost(15, 8, 662194).
cost(15, 9, 927199).
cost(15, 10, 845890).
cost(15, 11, 415957).
cost(15, 12, 208810).
cost(15, 13, 618092).
cost(15, 14, 960832).
nocross(1,9).
nocross(1,14).
nocross(2,6).
nocross(2,7).
nocross(2,14).
nocross(3,1).
nocross(3,2).
nocross(3,7).
nocross(3,9).
nocross(3,10).
nocross(3,14).
nocross(4,1).
nocross(4,6).
nocross(4,9).
nocross(4,13).
nocross(5,6).
nocross(5,9).
nocross(5,14).
nocross(6,2).
nocross(6,4).
nocross(6,5).
nocross(6,9).
nocross(6,14).
nocross(7,9).
nocross(7,14).
nocross(8,12).
nocross(8,13).
nocross(9,5).
nocross(9,7).
nocross(9,14).
nocross(10,1).
nocross(10,5).
nocross(10,9).
nocross(11,1).
nocross(11,9).
nocross(11,12).
nocross(12,1).
nocross(12,4).
nocross(12,9).
nocross(12,14).
nocross(13,1).
nocross(13,6).
nocross(13,7).
nocross(13,8).
nocross(13,12).
nocross(13,14).
nocross(14,9).
nocross(15,8).
nocross(15,12).
