dimension(15).
point(1, 557897.0, -277421.0).
point(2, -154849.0, -150284.0).
point(3, 435710.0, 267916.0).
point(4, 310560.0, -116527.0).
point(5, 375947.0, 206712.0).
point(6, -81302.0, 550289.0).
point(7, 585586.0, 242616.0).
point(8, -334116.0, 472037.0).
point(9, 183778.0, 232881.0).
point(10, 1146.0, -319224.0).
point(11, -180618.0, 246522.0).
point(12, 304283.0, 299964.0).
point(13, -139312.0, 110981.0).
point(14, -76516.0, -267351.0).
point(15, -395766.0, -341543.0).
cost(1, 2, 723996).
cost(1, 3, 558858).
cost(1, 4, 295064).
cost(1, 5, 517195).
cost(1, 6, 1045791).
cost(1, 7, 520774).
cost(1, 8, 1165064).
cost(1, 9, 632750).
cost(1, 10, 558318).
cost(1, 11, 905495).
cost(1, 12, 630629).
cost(1, 13, 798096).
cost(1, 14, 634493).
cost(1, 15, 955816).
cost(2, 1, 723996).
cost(2, 3, 723637).
cost(2, 4, 466632).
cost(2, 5, 639680).
cost(2, 6, 704423).
cost(2, 7, 838221).
cost(2, 8, 647627).
cost(2, 9, 511355).
cost(2, 10, 229946).
cost(2, 11, 397642).
cost(2, 12, 643059).
cost(2, 13, 261727).
cost(2, 14, 140857).
cost(2, 15, 307605).
cost(3, 1, 558858).
cost(3, 2, 723637).
cost(3, 4, 404301).
cost(3, 5, 85543).
cost(3, 6, 589098).
cost(3, 7, 151996).
cost(3, 8, 796428).
cost(3, 9, 254356).
cost(3, 10, 730465).
cost(3, 11, 616699).
cost(3, 12, 135278).
cost(3, 13, 596053).
cost(3, 14, 740869).
cost(3, 15, 1030918).
cost(4, 1, 295064).
cost(4, 2, 466632).
cost(4, 3, 404301).
cost(4, 5, 329786).
cost(4, 6, 773434).
cost(4, 7, 452353).
cost(4, 8, 872935).
cost(4, 9, 371698).
cost(4, 10, 369896).
cost(4, 11, 610787).
cost(4, 12, 416538).
cost(4, 13, 504128).
cost(4, 14, 415422).
cost(4, 15, 741302).
cost(5, 1, 517195).
cost(5, 2, 639680).
cost(5, 3, 85543).
cost(5, 4, 329786).
cost(5, 6, 571946).
cost(5, 7, 212691).
cost(5, 8, 758015).
cost(5, 9, 193943).
cost(5, 10, 645821).
cost(5, 11, 557987).
cost(5, 12, 117608).
cost(5, 13, 524077).
cost(5, 14, 655331).
cost(5, 15, 946639).
cost(6, 1, 1045791).
cost(6, 2, 704423).
cost(6, 3, 589098).
cost(6, 4, 773434).
cost(6, 5, 571946).
cost(6, 7, 734440).
cost(6, 8, 264647).
cost(6, 9, 413540).
cost(6, 10, 873413).
cost(6, 11, 319590).
cost(6, 12, 459716).
cost(6, 13, 443122).
cost(6, 14, 817654).
cost(6, 15, 945649).
cost(7, 1, 520774).
cost(7, 2, 838221).
cost(7, 3, 151996).
cost(7, 4, 452353).
cost(7, 5, 212691).
cost(7, 6, 734440).
cost(7, 8, 947885).
cost(7, 9, 401926).
cost(7, 10, 810700).
cost(7, 11, 766214).
cost(7, 12, 287089).
cost(7, 13, 736753).
cost(7, 14, 835730).
cost(7, 15, 1142057).
cost(8, 1, 1165064).
cost(8, 2, 647627).
cost(8, 3, 796428).
cost(8, 4, 872935).
cost(8, 5, 758015).
cost(8, 6, 264647).
cost(8, 7, 947885).
cost(8, 9, 570447).
cost(8, 10, 859357).
cost(8, 11, 272798).
cost(8, 12, 661183).
cost(8, 13, 410256).
cost(8, 14, 782977).
cost(8, 15, 815912).
cost(9, 1, 632750).
cost(9, 2, 511355).
cost(9, 3, 254356).
cost(9, 4, 371698).
cost(9, 5, 193943).
cost(9, 6, 413540).
cost(9, 7, 401926).
cost(9, 8, 570447).
cost(9, 10, 581528).
cost(9, 11, 364651).
cost(9, 12, 137919).
cost(9, 13, 345321).
cost(9, 14, 563902).
cost(9, 15, 815987).
cost(10, 1, 558318).
cost(10, 2, 229946).
cost(10, 3, 730465).
cost(10, 4, 369896).
cost(10, 5, 645821).
cost(10, 6, 873413).
cost(10, 7, 810700).
cost(10, 8, 859357).
cost(10, 9, 581528).
cost(10, 11, 594228).
cost(10, 12, 689410).
cost(10, 13, 452554).
cost(10, 14, 93393).
cost(10, 15, 397539).
cost(11, 1, 905495).
cost(11, 2, 397642).
cost(11, 3, 616699).
cost(11, 4, 610787).
cost(11, 5, 557987).
cost(11, 6, 319590).
cost(11, 7, 766214).
cost(11, 8, 272798).
cost(11, 9, 364651).
cost(11, 10, 594228).
cost(11, 12, 487837).
cost(11, 13, 141695).
cost(11, 14, 524312).
cost(11, 15, 626186).
cost(12, 1, 630629).
cost(12, 2, 643059).
cost(12, 3, 135278).
cost(12, 4, 416538).
cost(12, 5, 117608).
cost(12, 6, 459716).
cost(12, 7, 287089).
cost(12, 8, 661183).
cost(12, 9, 137919).
cost(12, 10, 689410).
cost(12, 11, 487837).
cost(12, 13, 482173).
cost(12, 14, 683267).
cost(12, 15, 949526).
cost(13, 1, 798096).
cost(13, 2, 261727).
cost(13, 3, 596053).
cost(13, 4, 504128).
cost(13, 5, 524077).
cost(13, 6, 443122).
cost(13, 7, 736753).
cost(13, 8, 410256).
cost(13, 9, 345321).
cost(13, 10, 452554).
cost(13, 11, 141695).
cost(13, 12, 482173).
cost(13, 14, 383508).
cost(13, 15, 520141).
cost(14, 1, 634493).
cost(14, 2, 140857).
cost(14, 3, 740869).
cost(14, 4, 415422).
cost(14, 5, 655331).
cost(14, 6, 817654).
cost(14, 7, 835730).
cost(14, 8, 782977).
cost(14, 9, 563902).
cost(14, 10, 93393).
cost(14, 11, 524312).
cost(14, 12, 683267).
cost(14, 13, 383508).
cost(14, 15, 327758).
cost(15, 1, 955816).
cost(15, 2, 307605).
cost(15, 3, 1030918).
cost(15, 4, 741302).
cost(15, 5, 946639).
cost(15, 6, 945649).
cost(15, 7, 1142057).
cost(15, 8, 815912).
cost(15, 9, 815987).
cost(15, 10, 397539).
cost(15, 11, 626186).
cost(15, 12, 949526).
cost(15, 13, 520141).
cost(15, 14, 327758).
nocross(1,10).
nocross(2,15).
nocross(3,5).
nocross(3,7).
nocross(3,10).
nocross(3,12).
nocross(4,2).
nocross(4,8).
nocross(4,10).
nocross(4,13).
nocross(5,1).
nocross(5,7).
nocross(5,9).
nocross(5,10).
nocross(5,13).
nocross(6,9).
nocross(6,10).
nocross(7,1).
nocross(7,10).
nocross(8,10).
nocross(8,11).
nocross(9,2).
nocross(9,5).
nocross(9,10).
nocross(9,11).
nocross(9,15).
nocross(11,2).
nocross(11,8).
nocross(11,9).
nocross(11,13).
nocross(11,15).
nocross(12,8).
nocross(12,10).
nocross(13,2).
nocross(13,10).
nocross(14,10).
nocross(15,2).
nocross(15,10).
nocross(15,14).
