dimension(15).
point(1, 308076.0, 322556.0).
point(2, -488550.0, -462287.0).
point(3, 118572.0, -416169.0).
point(4, -77090.0, -572654.0).
point(5, 545025.0, 469744.0).
point(6, 371506.0, -152049.0).
point(7, -241165.0, 178735.0).
point(8, 227489.0, 41295.0).
point(9, 108287.0, -42600.0).
point(10, -1319.0, -431941.0).
point(11, -16929.0, 124660.0).
point(12, -302095.0, 749350.0).
point(13, -93277.0, -179459.0).
point(14, 253337.0, 196314.0).
point(15, -52296.0, -291429.0).
cost(1, 2, 1118298).
cost(1, 3, 762644).
cost(1, 4, 974553).
cost(1, 5, 278943).
cost(1, 6, 478825).
cost(1, 7, 567759).
cost(1, 8, 292578).
cost(1, 9, 416239).
cost(1, 10, 815470).
cost(1, 11, 380514).
cost(1, 12, 744622).
cost(1, 13, 642731).
cost(1, 14, 137599).
cost(1, 15, 711931).
cost(2, 1, 1118298).
cost(2, 3, 608871).
cost(2, 4, 426005).
cost(2, 5, 1391747).
cost(2, 6, 914300).
cost(2, 7, 687102).
cost(2, 8, 875389).
cost(2, 9, 729624).
cost(2, 10, 488175).
cost(2, 11, 752950).
cost(2, 12, 1225900).
cost(2, 13, 486037).
cost(2, 14, 992044).
cost(2, 15, 468519).
cost(3, 1, 762644).
cost(3, 2, 608871).
cost(3, 4, 250542).
cost(3, 5, 983211).
cost(3, 6, 365698).
cost(3, 7, 695213).
cost(3, 8, 470251).
cost(3, 9, 373711).
cost(3, 10, 120924).
cost(3, 11, 557545).
cost(3, 12, 1239111).
cost(3, 13, 317666).
cost(3, 14, 627134).
cost(3, 15, 211556).
cost(4, 1, 974553).
cost(4, 2, 426005).
cost(4, 3, 250542).
cost(4, 5, 1213928).
cost(4, 6, 614937).
cost(4, 7, 769094).
cost(4, 8, 685348).
cost(4, 9, 561535).
cost(4, 10, 159817).
cost(4, 11, 699904).
cost(4, 12, 1341015).
cost(4, 13, 393528).
cost(4, 14, 836955).
cost(4, 15, 282316).
cost(5, 1, 278943).
cost(5, 2, 1391747).
cost(5, 3, 983211).
cost(5, 4, 1213928).
cost(5, 6, 645550).
cost(5, 7, 838320).
cost(5, 8, 533289).
cost(5, 9, 673228).
cost(5, 10, 1054290).
cost(5, 11, 659451).
cost(5, 12, 892072).
cost(5, 13, 910436).
cost(5, 14, 399807).
cost(5, 15, 967562).
cost(6, 1, 478825).
cost(6, 2, 914300).
cost(6, 3, 365698).
cost(6, 4, 614937).
cost(6, 5, 645550).
cost(6, 7, 696264).
cost(6, 8, 241087).
cost(6, 9, 285067).
cost(6, 10, 466195).
cost(6, 11, 476917).
cost(6, 12, 1125282).
cost(6, 13, 465591).
cost(6, 14, 367860).
cost(6, 15, 446133).
cost(7, 1, 567759).
cost(7, 2, 687102).
cost(7, 3, 695213).
cost(7, 4, 769094).
cost(7, 5, 838320).
cost(7, 6, 696264).
cost(7, 8, 488392).
cost(7, 9, 413649).
cost(7, 10, 656088).
cost(7, 11, 230664).
cost(7, 12, 573859).
cost(7, 13, 387523).
cost(7, 14, 494814).
cost(7, 15, 506681).
cost(8, 1, 292578).
cost(8, 2, 875389).
cost(8, 3, 470251).
cost(8, 4, 685348).
cost(8, 5, 533289).
cost(8, 6, 241087).
cost(8, 7, 488392).
cost(8, 9, 145765).
cost(8, 10, 525648).
cost(8, 11, 258244).
cost(8, 12, 884195).
cost(8, 13, 389388).
cost(8, 14, 157159).
cost(8, 15, 434724).
cost(9, 1, 416239).
cost(9, 2, 729624).
cost(9, 3, 373711).
cost(9, 4, 561535).
cost(9, 5, 673228).
cost(9, 6, 285067).
cost(9, 7, 413649).
cost(9, 8, 145765).
cost(9, 10, 404475).
cost(9, 11, 208938).
cost(9, 12, 891963).
cost(9, 13, 243636).
cost(9, 14, 279498).
cost(9, 15, 296147).
cost(10, 1, 815470).
cost(10, 2, 488175).
cost(10, 3, 120924).
cost(10, 4, 159817).
cost(10, 5, 1054290).
cost(10, 6, 466195).
cost(10, 7, 656088).
cost(10, 8, 525648).
cost(10, 9, 404475).
cost(10, 11, 556820).
cost(10, 12, 1218981).
cost(10, 13, 268707).
cost(10, 14, 677904).
cost(10, 15, 149473).
cost(11, 1, 380514).
cost(11, 2, 752950).
cost(11, 3, 557545).
cost(11, 4, 699904).
cost(11, 5, 659451).
cost(11, 6, 476917).
cost(11, 7, 230664).
cost(11, 8, 258244).
cost(11, 9, 208938).
cost(11, 10, 556820).
cost(11, 12, 686700).
cost(11, 13, 313556).
cost(11, 14, 279603).
cost(11, 15, 417589).
cost(12, 1, 744622).
cost(12, 2, 1225900).
cost(12, 3, 1239111).
cost(12, 4, 1341015).
cost(12, 5, 892072).
cost(12, 6, 1125282).
cost(12, 7, 573859).
cost(12, 8, 884195).
cost(12, 9, 891963).
cost(12, 10, 1218981).
cost(12, 11, 686700).
cost(12, 13, 951993).
cost(12, 14, 783807).
cost(12, 15, 1070337).
cost(13, 1, 642731).
cost(13, 2, 486037).
cost(13, 3, 317666).
cost(13, 4, 393528).
cost(13, 5, 910436).
cost(13, 6, 465591).
cost(13, 7, 387523).
cost(13, 8, 389388).
cost(13, 9, 243636).
cost(13, 10, 268707).
cost(13, 11, 313556).
cost(13, 12, 951993).
cost(13, 14, 511221).
cost(13, 15, 119234).
cost(14, 1, 137599).
cost(14, 2, 992044).
cost(14, 3, 627134).
cost(14, 4, 836955).
cost(14, 5, 399807).
cost(14, 6, 367860).
cost(14, 7, 494814).
cost(14, 8, 157159).
cost(14, 9, 279498).
cost(14, 10, 677904).
cost(14, 11, 279603).
cost(14, 12, 783807).
cost(14, 13, 511221).
cost(14, 15, 575591).
cost(15, 1, 711931).
cost(15, 2, 468519).
cost(15, 3, 211556).
cost(15, 4, 282316).
cost(15, 5, 967562).
cost(15, 6, 446133).
cost(15, 7, 506681).
cost(15, 8, 434724).
cost(15, 9, 296147).
cost(15, 10, 149473).
cost(15, 11, 417589).
cost(15, 12, 1070337).
cost(15, 13, 119234).
cost(15, 14, 575591).
nocross(1,5).
nocross(1,12).
nocross(2,7).
nocross(2,13).
nocross(2,15).
nocross(3,10).
nocross(3,13).
nocross(3,15).
nocross(4,3).
nocross(4,10).
nocross(4,13).
nocross(4,15).
nocross(5,8).
nocross(5,14).
nocross(6,3).
nocross(6,5).
nocross(6,8).
nocross(6,9).
nocross(6,13).
nocross(7,8).
nocross(7,9).
nocross(7,11).
nocross(7,12).
nocross(7,13).
nocross(8,5).
nocross(8,6).
nocross(9,3).
nocross(9,13).
nocross(9,15).
nocross(10,9).
nocross(10,15).
nocross(11,1).
nocross(11,7).
nocross(11,8).
nocross(11,9).
nocross(11,13).
nocross(11,15).
nocross(12,7).
nocross(13,7).
nocross(13,11).
nocross(13,15).
nocross(14,5).
nocross(14,8).
nocross(14,9).
nocross(14,13).
nocross(15,10).
nocross(15,13).
