dimension(15).
point(1, 375063.0, -106595.0).
point(2, -147915.0, -28261.0).
point(3, -709457.0, 291562.0).
point(4, 214115.0, 47342.0).
point(5, 129985.0, 508776.0).
point(6, -120100.0, -312147.0).
point(7, 5192.0, 12187.0).
point(8, -73639.0, -995091.0).
point(9, 129504.0, 264427.0).
point(10, 162567.0, -146165.0).
point(11, -163412.0, 34822.0).
point(12, 106033.0, -185683.0).
point(13, -272785.0, -153399.0).
point(14, -189060.0, 105563.0).
point(15, 534342.0, -496294.0).
cost(1, 2, 528812).
cost(1, 3, 1155298).
cost(1, 4, 222713).
cost(1, 5, 662378).
cost(1, 6, 536132).
cost(1, 7, 388476).
cost(1, 8, 995369).
cost(1, 9, 444923).
cost(1, 10, 216149).
cost(1, 11, 556735).
cost(1, 12, 280414).
cost(1, 13, 649536).
cost(1, 14, 602699).
cost(1, 15, 420993).
cost(2, 1, 528812).
cost(2, 3, 646232).
cost(2, 4, 369840).
cost(2, 5, 604679).
cost(2, 6, 285245).
cost(2, 7, 158360).
cost(2, 8, 969679).
cost(2, 9, 403271).
cost(2, 10, 332115).
cost(2, 11, 64959).
cost(2, 12, 298783).
cost(2, 13, 176782).
cost(2, 14, 140006).
cost(2, 15, 827363).
cost(3, 1, 1155298).
cost(3, 2, 646232).
cost(3, 4, 955316).
cost(3, 5, 867090).
cost(3, 6, 843686).
cost(3, 7, 767316).
cost(3, 8, 1435180).
cost(3, 9, 839400).
cost(3, 10, 975721).
cost(3, 11, 603391).
cost(3, 12, 944874).
cost(3, 13, 623436).
cost(3, 14, 552638).
cost(3, 15, 1472329).
cost(4, 1, 222713).
cost(4, 2, 369840).
cost(4, 3, 955316).
cost(4, 5, 469041).
cost(4, 6, 490848).
cost(4, 7, 211860).
cost(4, 8, 1081420).
cost(4, 9, 232991).
cost(4, 10, 200255).
cost(4, 11, 377735).
cost(4, 12, 256870).
cost(4, 13, 526658).
cost(4, 14, 407357).
cost(4, 15, 630940).
cost(5, 1, 662378).
cost(5, 2, 604679).
cost(5, 3, 867090).
cost(5, 4, 469041).
cost(5, 6, 858171).
cost(5, 7, 512029).
cost(5, 8, 1517590).
cost(5, 9, 244349).
cost(5, 10, 655751).
cost(5, 11, 557417).
cost(5, 12, 694872).
cost(5, 13, 775048).
cost(5, 14, 514170).
cost(5, 15, 1083361).
cost(6, 1, 536132).
cost(6, 2, 285245).
cost(6, 3, 843686).
cost(6, 4, 490848).
cost(6, 5, 858171).
cost(6, 7, 347693).
cost(6, 8, 684523).
cost(6, 9, 628283).
cost(6, 10, 327797).
cost(6, 11, 349662).
cost(6, 12, 259093).
cost(6, 13, 220258).
cost(6, 14, 423364).
cost(6, 15, 679856).
cost(7, 1, 388476).
cost(7, 2, 158360).
cost(7, 3, 767316).
cost(7, 4, 211860).
cost(7, 5, 512029).
cost(7, 6, 347693).
cost(7, 8, 1010358).
cost(7, 9, 281209).
cost(7, 10, 223254).
cost(7, 11, 170117).
cost(7, 12, 222084).
cost(7, 13, 323558).
cost(7, 14, 215529).
cost(7, 15, 733861).
cost(8, 1, 995369).
cost(8, 2, 969679).
cost(8, 3, 1435180).
cost(8, 4, 1081420).
cost(8, 5, 1517590).
cost(8, 6, 684523).
cost(8, 7, 1010358).
cost(8, 9, 1275795).
cost(8, 10, 881175).
cost(8, 11, 1033818).
cost(8, 12, 829110).
cost(8, 13, 864930).
cost(8, 14, 1106689).
cost(8, 15, 786409).
cost(9, 1, 444923).
cost(9, 2, 403271).
cost(9, 3, 839400).
cost(9, 4, 232991).
cost(9, 5, 244349).
cost(9, 6, 628283).
cost(9, 7, 281209).
cost(9, 8, 1275795).
cost(9, 10, 411921).
cost(9, 11, 372180).
cost(9, 12, 450722).
cost(9, 13, 580013).
cost(9, 14, 355979).
cost(9, 15, 861737).
cost(10, 1, 216149).
cost(10, 2, 332115).
cost(10, 3, 975721).
cost(10, 4, 200255).
cost(10, 5, 655751).
cost(10, 6, 327797).
cost(10, 7, 223254).
cost(10, 8, 881175).
cost(10, 9, 411921).
cost(10, 11, 372852).
cost(10, 12, 68977).
cost(10, 13, 435412).
cost(10, 14, 432445).
cost(10, 15, 510693).
cost(11, 1, 556735).
cost(11, 2, 64959).
cost(11, 3, 603391).
cost(11, 4, 377735).
cost(11, 5, 557417).
cost(11, 6, 349662).
cost(11, 7, 170117).
cost(11, 8, 1033818).
cost(11, 9, 372180).
cost(11, 10, 372852).
cost(11, 12, 348171).
cost(11, 13, 217692).
cost(11, 14, 75247).
cost(11, 15, 876895).
cost(12, 1, 280414).
cost(12, 2, 298783).
cost(12, 3, 944874).
cost(12, 4, 256870).
cost(12, 5, 694872).
cost(12, 6, 259093).
cost(12, 7, 222084).
cost(12, 8, 829110).
cost(12, 9, 450722).
cost(12, 10, 68977).
cost(12, 11, 348171).
cost(12, 13, 380191).
cost(12, 14, 414613).
cost(12, 15, 529082).
cost(13, 1, 649536).
cost(13, 2, 176782).
cost(13, 3, 623436).
cost(13, 4, 526658).
cost(13, 5, 775048).
cost(13, 6, 220258).
cost(13, 7, 323558).
cost(13, 8, 864930).
cost(13, 9, 580013).
cost(13, 10, 435412).
cost(13, 11, 217692).
cost(13, 12, 380191).
cost(13, 14, 272160).
cost(13, 15, 876944).
cost(14, 1, 602699).
cost(14, 2, 140006).
cost(14, 3, 552638).
cost(14, 4, 407357).
cost(14, 5, 514170).
cost(14, 6, 423364).
cost(14, 7, 215529).
cost(14, 8, 1106689).
cost(14, 9, 355979).
cost(14, 10, 432445).
cost(14, 11, 75247).
cost(14, 12, 414613).
cost(14, 13, 272160).
cost(14, 15, 941033).
cost(15, 1, 420993).
cost(15, 2, 827363).
cost(15, 3, 1472329).
cost(15, 4, 630940).
cost(15, 5, 1083361).
cost(15, 6, 679856).
cost(15, 7, 733861).
cost(15, 8, 786409).
cost(15, 9, 861737).
cost(15, 10, 510693).
cost(15, 11, 876895).
cost(15, 12, 529082).
cost(15, 13, 876944).
cost(15, 14, 941033).
nocross(1,2).
nocross(1,4).
nocross(1,5).
nocross(1,10).
nocross(1,13).
nocross(1,14).
nocross(1,15).
nocross(2,6).
nocross(2,11).
nocross(2,13).
nocross(2,14).
nocross(3,2).
nocross(3,5).
nocross(3,11).
nocross(3,13).
nocross(3,14).
nocross(4,1).
nocross(4,9).
nocross(4,10).
nocross(4,14).
nocross(5,11).
nocross(5,14).
nocross(6,2).
nocross(6,8).
nocross(6,11).
nocross(6,12).
nocross(6,13).
nocross(7,14).
nocross(8,6).
nocross(8,15).
nocross(9,1).
nocross(9,5).
nocross(9,11).
nocross(9,14).
nocross(10,1).
nocross(10,2).
nocross(10,4).
nocross(10,9).
nocross(10,12).
nocross(10,13).
nocross(11,2).
nocross(11,7).
nocross(11,13).
nocross(11,14).
nocross(12,9).
nocross(12,13).
nocross(12,15).
nocross(13,2).
nocross(13,6).
nocross(13,11).
nocross(13,14).
nocross(14,11).
nocross(14,13).
nocross(15,1).
nocross(15,8).
nocross(15,12).
