dimension(15).
point(1, -60790.0, -208555.0).
point(2, -227668.0, 65167.0).
point(3, 64129.0, 425579.0).
point(4, -364484.0, 165424.0).
point(5, -263399.0, -84998.0).
point(6, 26320.0, -96866.0).
point(7, 451835.0, -69056.0).
point(8, 558104.0, 99018.0).
point(9, 6757.0, -107241.0).
point(10, 222607.0, 161750.0).
point(11, -511341.0, 228998.0).
point(12, -231187.0, 66709.0).
point(13, -41465.0, -615978.0).
point(14, -186468.0, 186818.0).
point(15, -328996.0, -3956.0).
cost(1, 2, 320581).
cost(1, 3, 646321).
cost(1, 4, 481758).
cost(1, 5, 237311).
cost(1, 6, 141642).
cost(1, 7, 531267).
cost(1, 8, 691108).
cost(1, 9, 121767).
cost(1, 10, 466304).
cost(1, 11, 628052).
cost(1, 12, 323737).
cost(1, 13, 407881).
cost(1, 14, 414867).
cost(1, 15, 337335).
cost(2, 1, 320581).
cost(2, 3, 463727).
cost(2, 4, 169617).
cost(2, 5, 154357).
cost(2, 6, 301272).
cost(2, 7, 692633).
cost(2, 8, 786501).
cost(2, 9, 290998).
cost(2, 10, 460517).
cost(2, 11, 327584).
cost(2, 12, 3842).
cost(2, 13, 706137).
cost(2, 14, 128438).
cost(2, 15, 122659).
cost(3, 1, 646321).
cost(3, 2, 463727).
cost(3, 4, 501388).
cost(3, 5, 606600).
cost(3, 6, 523811).
cost(3, 7, 628474).
cost(3, 8, 592160).
cost(3, 9, 535900).
cost(3, 10, 307768).
cost(3, 11, 608120).
cost(3, 12, 464757).
cost(3, 13, 1046896).
cost(3, 14, 346130).
cost(3, 15, 582278).
cost(4, 1, 481758).
cost(4, 2, 169617).
cost(4, 3, 501388).
cost(4, 5, 270054).
cost(4, 6, 470663).
cost(4, 7, 849328).
cost(4, 8, 924975).
cost(4, 9, 460615).
cost(4, 10, 587102).
cost(4, 11, 160027).
cost(4, 12, 165870).
cost(4, 13, 845536).
cost(4, 14, 179297).
cost(4, 15, 173058).
cost(5, 1, 237311).
cost(5, 2, 154357).
cost(5, 3, 606600).
cost(5, 4, 270054).
cost(5, 6, 289962).
cost(5, 7, 715412).
cost(5, 8, 841860).
cost(5, 9, 271070).
cost(5, 10, 545056).
cost(5, 11, 400086).
cost(5, 12, 155089).
cost(5, 13, 575495).
cost(5, 14, 282493).
cost(5, 15, 104263).
cost(6, 1, 141642).
cost(6, 2, 301272).
cost(6, 3, 523811).
cost(6, 4, 470663).
cost(6, 5, 289962).
cost(6, 7, 426423).
cost(6, 8, 566714).
cost(6, 9, 22144).
cost(6, 10, 324670).
cost(6, 11, 628702).
cost(6, 12, 305068).
cost(6, 13, 523519).
cost(6, 14, 354620).
cost(6, 15, 367262).
cost(7, 1, 531267).
cost(7, 2, 692633).
cost(7, 3, 628474).
cost(7, 4, 849328).
cost(7, 5, 715412).
cost(7, 6, 426423).
cost(7, 8, 198852).
cost(7, 9, 446713).
cost(7, 10, 325295).
cost(7, 11, 1008238).
cost(7, 12, 696384).
cost(7, 13, 736525).
cost(7, 14, 687679).
cost(7, 15, 783540).
cost(8, 1, 691108).
cost(8, 2, 786501).
cost(8, 3, 592160).
cost(8, 4, 924975).
cost(8, 5, 841860).
cost(8, 6, 566714).
cost(8, 7, 198852).
cost(8, 9, 588665).
cost(8, 10, 341312).
cost(8, 11, 1077315).
cost(8, 12, 789952).
cost(8, 13, 933114).
cost(8, 14, 749731).
cost(8, 15, 893057).
cost(9, 1, 121767).
cost(9, 2, 290998).
cost(9, 3, 535900).
cost(9, 4, 460615).
cost(9, 5, 271070).
cost(9, 6, 22144).
cost(9, 7, 446713).
cost(9, 8, 588665).
cost(9, 10, 344887).
cost(9, 11, 617642).
cost(9, 12, 294747).
cost(9, 13, 511017).
cost(9, 14, 351862).
cost(9, 15, 351280).
cost(10, 1, 466304).
cost(10, 2, 460517).
cost(10, 3, 307768).
cost(10, 4, 587102).
cost(10, 5, 545056).
cost(10, 6, 324670).
cost(10, 7, 325295).
cost(10, 8, 341312).
cost(10, 9, 344887).
cost(10, 11, 737022).
cost(10, 12, 463640).
cost(10, 13, 821337).
cost(10, 14, 409842).
cost(10, 15, 575955).
cost(11, 1, 628052).
cost(11, 2, 327584).
cost(11, 3, 608120).
cost(11, 4, 160027).
cost(11, 5, 400086).
cost(11, 6, 628702).
cost(11, 7, 1008238).
cost(11, 8, 1077315).
cost(11, 9, 617642).
cost(11, 10, 737022).
cost(11, 12, 323765).
cost(11, 13, 966834).
cost(11, 14, 327600).
cost(11, 15, 295833).
cost(12, 1, 323737).
cost(12, 2, 3842).
cost(12, 3, 464757).
cost(12, 4, 165870).
cost(12, 5, 155089).
cost(12, 6, 305068).
cost(12, 7, 696384).
cost(12, 8, 789952).
cost(12, 9, 294747).
cost(12, 10, 463640).
cost(12, 11, 323765).
cost(12, 13, 708559).
cost(12, 14, 128164).
cost(12, 15, 120665).
cost(13, 1, 407881).
cost(13, 2, 706137).
cost(13, 3, 1046896).
cost(13, 4, 845536).
cost(13, 5, 575495).
cost(13, 6, 523519).
cost(13, 7, 736525).
cost(13, 8, 933114).
cost(13, 9, 511017).
cost(13, 10, 821337).
cost(13, 11, 966834).
cost(13, 12, 708559).
cost(13, 14, 815786).
cost(13, 15, 676199).
cost(14, 1, 414867).
cost(14, 2, 128438).
cost(14, 3, 346130).
cost(14, 4, 179297).
cost(14, 5, 282493).
cost(14, 6, 354620).
cost(14, 7, 687679).
cost(14, 8, 749731).
cost(14, 9, 351862).
cost(14, 10, 409842).
cost(14, 11, 327600).
cost(14, 12, 128164).
cost(14, 13, 815786).
cost(14, 15, 238136).
cost(15, 1, 337335).
cost(15, 2, 122659).
cost(15, 3, 582278).
cost(15, 4, 173058).
cost(15, 5, 104263).
cost(15, 6, 367262).
cost(15, 7, 783540).
cost(15, 8, 893057).
cost(15, 9, 351280).
cost(15, 10, 575955).
cost(15, 11, 295833).
cost(15, 12, 120665).
cost(15, 13, 676199).
cost(15, 14, 238136).
nocross(1,6).
nocross(1,7).
nocross(1,9).
nocross(2,1).
nocross(2,7).
nocross(2,12).
nocross(2,14).
nocross(3,6).
nocross(3,8).
nocross(3,10).
nocross(3,14).
nocross(4,2).
nocross(4,12).
nocross(4,14).
nocross(5,1).
nocross(5,7).
nocross(5,12).
nocross(6,1).
nocross(6,7).
nocross(6,14).
nocross(7,6).
nocross(7,8).
nocross(7,10).
nocross(7,14).
nocross(8,7).
nocross(9,1).
nocross(9,2).
nocross(9,5).
nocross(9,7).
nocross(9,12).
nocross(10,3).
nocross(10,6).
nocross(10,7).
nocross(10,9).
nocross(12,7).
nocross(12,14).
nocross(13,1).
nocross(13,6).
nocross(13,7).
nocross(14,3).
nocross(14,7).
nocross(15,5).
nocross(15,12).
nocross(15,14).
