dimension(27).
point(1, -182543.0, 11091.0).
point(2, 124867.0, 124203.0).
point(3, 7376.0, -303752.0).
point(4, -43696.0, -61938.0).
point(5, -338062.0, 113572.0).
point(6, -14361.0, 29138.0).
point(7, -40928.0, -32084.0).
point(8, 145342.0, -167413.0).
point(9, 127816.0, -225015.0).
point(10, 101971.0, 74363.0).
point(11, 48692.0, 25527.0).
point(12, 91783.0, -135428.0).
point(13, -79289.0, 1349.0).
point(14, -67502.0, 140362.0).
point(15, -101247.0, 378670.0).
point(16, -168057.0, 286074.0).
point(17, -235798.0, 197982.0).
point(18, -46200.0, 137337.0).
point(19, 48662.0, -288596.0).
point(20, -78090.0, 219533.0).
point(21, 62182.0, 253018.0).
point(22, -144599.0, -63526.0).
point(23, 98199.0, -45479.0).
point(24, 41591.0, -133432.0).
point(25, -136822.0, 446229.0).
point(26, -69193.0, -126073.0).
point(27, 260505.0, 68311.0).
cost(1, 2, 327560).
cost(1, 3, 367689).
cost(1, 4, 156881).
cost(1, 5, 186249).
cost(1, 6, 169148).
cost(1, 7, 148050).
cost(1, 8, 373326).
cost(1, 9, 389960).
cost(1, 10, 291465).
cost(1, 11, 231685).
cost(1, 12, 311003).
cost(1, 13, 103713).
cost(1, 14, 173047).
cost(1, 15, 376462).
cost(1, 16, 275364).
cost(1, 17, 194330).
cost(1, 18, 185816).
cost(1, 19, 378508).
cost(1, 20, 233149).
cost(1, 21, 344121).
cost(1, 22, 83710).
cost(1, 23, 286385).
cost(1, 24, 266689).
cost(1, 25, 437533).
cost(1, 26, 177939).
cost(1, 27, 446728).
cost(2, 1, 327560).
cost(2, 3, 443790).
cost(2, 4, 251121).
cost(2, 5, 463051).
cost(2, 6, 168588).
cost(2, 7, 227846).
cost(2, 8, 292334).
cost(2, 9, 349230).
cost(2, 10, 54848).
cost(2, 11, 124658).
cost(2, 12, 261730).
cost(2, 13, 238270).
cost(2, 14, 193046).
cost(2, 15, 340413).
cost(2, 16, 334674).
cost(2, 17, 368134).
cost(2, 18, 171570).
cost(2, 19, 419774).
cost(2, 20, 224231).
cost(2, 21, 143258).
cost(2, 22, 328411).
cost(2, 23, 171765).
cost(2, 24, 270759).
cost(2, 25, 414948).
cost(2, 26, 316698).
cost(2, 27, 146702).
cost(3, 1, 367689).
cost(3, 2, 443790).
cost(3, 4, 247148).
cost(3, 5, 541744).
cost(3, 6, 333599).
cost(3, 7, 275929).
cost(3, 8, 193966).
cost(3, 9, 143893).
cost(3, 10, 389768).
cost(3, 11, 331861).
cost(3, 12, 188302).
cost(3, 13, 317171).
cost(3, 14, 450382).
cost(3, 15, 691013).
cost(3, 16, 615363).
cost(3, 17, 557558).
cost(3, 18, 444331).
cost(3, 19, 43980).
cost(3, 20, 530218).
cost(3, 21, 559461).
cost(3, 22, 284262).
cost(3, 23, 273777).
cost(3, 24, 173723).
cost(3, 25, 763718).
cost(3, 26, 193475).
cost(3, 27, 450006).
cost(4, 1, 156881).
cost(4, 2, 251121).
cost(4, 3, 247148).
cost(4, 5, 342717).
cost(4, 6, 95684).
cost(4, 7, 29982).
cost(4, 8, 216472).
cost(4, 9, 236665).
cost(4, 10, 199491).
cost(4, 11, 127223).
cost(4, 12, 154128).
cost(4, 13, 72609).
cost(4, 14, 203696).
cost(4, 15, 444351).
cost(4, 16, 369565).
cost(4, 17, 323205).
cost(4, 18, 199291).
cost(4, 19, 244753).
cost(4, 20, 283565).
cost(4, 21, 332276).
cost(4, 22, 100915).
cost(4, 23, 142846).
cost(4, 24, 111289).
cost(4, 25, 516630).
cost(4, 26, 69017).
cost(4, 27, 330912).
cost(5, 1, 186249).
cost(5, 2, 463051).
cost(5, 3, 541744).
cost(5, 4, 342717).
cost(5, 6, 334532).
cost(5, 7, 330914).
cost(5, 8, 559135).
cost(5, 9, 575920).
cost(5, 10, 441776).
cost(5, 11, 396649).
cost(5, 12, 496757).
cost(5, 13, 282059).
cost(5, 14, 271883).
cost(5, 15, 355469).
cost(5, 16, 242195).
cost(5, 17, 132601).
cost(5, 18, 292828).
cost(5, 19, 557938).
cost(5, 20, 280737).
cost(5, 21, 423840).
cost(5, 22, 262282).
cost(5, 23, 464350).
cost(5, 24, 452932).
cost(5, 25, 388791).
cost(5, 26, 360167).
cost(5, 27, 600276).
cost(6, 1, 169148).
cost(6, 2, 168588).
cost(6, 3, 333599).
cost(6, 4, 95684).
cost(6, 5, 334532).
cost(6, 7, 66738).
cost(6, 8, 253254).
cost(6, 9, 291218).
cost(6, 10, 124814).
cost(6, 11, 63156).
cost(6, 12, 195828).
cost(6, 13, 70625).
cost(6, 14, 123267).
cost(6, 15, 360169).
cost(6, 16, 299397).
cost(6, 17, 278465).
cost(6, 18, 112786).
cost(6, 19, 323924).
cost(6, 20, 200778).
cost(6, 21, 236603).
cost(6, 22, 159839).
cost(6, 23, 135046).
cost(6, 24, 171929).
cost(6, 25, 434697).
cost(6, 26, 164612).
cost(6, 27, 277643).
cost(7, 1, 148050).
cost(7, 2, 227846).
cost(7, 3, 275929).
cost(7, 4, 29982).
cost(7, 5, 330914).
cost(7, 6, 66738).
cost(7, 8, 230240).
cost(7, 9, 256314).
cost(7, 10, 178188).
cost(7, 11, 106540).
cost(7, 12, 168203).
cost(7, 13, 50885).
cost(7, 14, 174482).
cost(7, 15, 415159).
cost(7, 16, 342617).
cost(7, 17, 301504).
cost(7, 18, 169503).
cost(7, 19, 271707).
cost(7, 20, 254346).
cost(7, 21, 303175).
cost(7, 22, 108334).
cost(7, 23, 139770).
cost(7, 24, 130694).
cost(7, 25, 487831).
cost(7, 26, 98147).
cost(7, 27, 317712).
cost(8, 1, 373326).
cost(8, 2, 292334).
cost(8, 3, 193966).
cost(8, 4, 216472).
cost(8, 5, 559135).
cost(8, 6, 253254).
cost(8, 7, 230240).
cost(8, 9, 60209).
cost(8, 10, 245635).
cost(8, 11, 215794).
cost(8, 12, 62383).
cost(8, 13, 280962).
cost(8, 14, 374203).
cost(8, 15, 599177).
cost(8, 16, 551243).
cost(8, 17, 527997).
cost(8, 18, 359946).
cost(8, 19, 155024).
cost(8, 20, 446821).
cost(8, 21, 428576).
cost(8, 22, 307991).
cost(8, 23, 130730).
cost(8, 24, 109174).
cost(8, 25, 675406).
cost(8, 26, 218482).
cost(8, 27, 262352).
cost(9, 1, 389960).
cost(9, 2, 349230).
cost(9, 3, 143893).
cost(9, 4, 236665).
cost(9, 5, 575920).
cost(9, 6, 291218).
cost(9, 7, 256314).
cost(9, 8, 60209).
cost(9, 10, 300492).
cost(9, 11, 262739).
cost(9, 12, 96562).
cost(9, 13, 306811).
cost(9, 14, 414306).
cost(9, 15, 645682).
cost(9, 16, 590553).
cost(9, 17, 557801).
cost(9, 18, 401971).
cost(9, 19, 101528).
cost(9, 20, 489919).
cost(9, 21, 482518).
cost(9, 22, 316684).
cost(9, 23, 181962).
cost(9, 24, 125786).
cost(9, 25, 721527).
cost(9, 26, 220459).
cost(9, 27, 321942).
cost(10, 1, 291465).
cost(10, 2, 54848).
cost(10, 3, 389768).
cost(10, 4, 199491).
cost(10, 5, 441776).
cost(10, 6, 124814).
cost(10, 7, 178188).
cost(10, 8, 245635).
cost(10, 9, 300492).
cost(10, 11, 72275).
cost(10, 12, 210038).
cost(10, 13, 195413).
cost(10, 14, 181871).
cost(10, 15, 365924).
cost(10, 16, 343128).
cost(10, 17, 359680).
cost(10, 18, 160998).
cost(10, 19, 366853).
cost(10, 20, 231293).
cost(10, 21, 183032).
cost(10, 22, 282507).
cost(10, 23, 119901).
cost(10, 24, 216390).
cost(10, 25, 441935).
cost(10, 26, 263575).
cost(10, 27, 158649).
cost(11, 1, 231685).
cost(11, 2, 124658).
cost(11, 3, 331861).
cost(11, 4, 127223).
cost(11, 5, 396649).
cost(11, 6, 63156).
cost(11, 7, 106540).
cost(11, 8, 215794).
cost(11, 9, 262739).
cost(11, 10, 72275).
cost(11, 12, 166623).
cost(11, 13, 130245).
cost(11, 14, 163365).
cost(11, 15, 383656).
cost(11, 16, 338917).
cost(11, 17, 332679).
cost(11, 18, 146649).
cost(11, 19, 314123).
cost(11, 20, 231759).
cost(11, 21, 227891).
cost(11, 22, 212819).
cost(11, 23, 86561).
cost(11, 24, 159118).
cost(11, 25, 459789).
cost(11, 26, 192040).
cost(11, 27, 216091).
cost(12, 1, 311003).
cost(12, 2, 261730).
cost(12, 3, 188302).
cost(12, 4, 154128).
cost(12, 5, 496757).
cost(12, 6, 195828).
cost(12, 7, 168203).
cost(12, 8, 62383).
cost(12, 9, 96562).
cost(12, 10, 210038).
cost(12, 11, 166623).
cost(12, 13, 219029).
cost(12, 14, 318484).
cost(12, 15, 549142).
cost(12, 16, 495157).
cost(12, 17, 467409).
cost(12, 18, 305680).
cost(12, 19, 159122).
cost(12, 20, 393515).
cost(12, 21, 389572).
cost(12, 22, 247076).
cost(12, 23, 90178).
cost(12, 24, 50232).
cost(12, 25, 624968).
cost(12, 26, 161248).
cost(12, 27, 264531).
cost(13, 1, 103713).
cost(13, 2, 238270).
cost(13, 3, 317171).
cost(13, 4, 72609).
cost(13, 5, 282059).
cost(13, 6, 70625).
cost(13, 7, 50885).
cost(13, 8, 280962).
cost(13, 9, 306811).
cost(13, 10, 195413).
cost(13, 11, 130245).
cost(13, 12, 219029).
cost(13, 14, 139512).
cost(13, 15, 377959).
cost(13, 16, 298242).
cost(13, 17, 251316).
cost(13, 18, 139956).
cost(13, 19, 316922).
cost(13, 20, 218187).
cost(13, 21, 288706).
cost(13, 22, 92055).
cost(13, 23, 183562).
cost(13, 24, 181047).
cost(13, 25, 448585).
cost(13, 26, 127821).
cost(13, 27, 346329).
cost(14, 1, 173047).
cost(14, 2, 193046).
cost(14, 3, 450382).
cost(14, 4, 203696).
cost(14, 5, 271883).
cost(14, 6, 123267).
cost(14, 7, 174482).
cost(14, 8, 374203).
cost(14, 9, 414306).
cost(14, 10, 181871).
cost(14, 11, 163365).
cost(14, 12, 318484).
cost(14, 13, 139512).
cost(14, 15, 240685).
cost(14, 16, 177040).
cost(14, 17, 177887).
cost(14, 18, 21516).
cost(14, 19, 444409).
cost(14, 20, 79876).
cost(14, 21, 171783).
cost(14, 22, 217978).
cost(14, 23, 248985).
cost(14, 24, 294728).
cost(14, 25, 313624).
cost(14, 26, 266440).
cost(14, 27, 335827).
cost(15, 1, 376462).
cost(15, 2, 340413).
cost(15, 3, 691013).
cost(15, 4, 444351).
cost(15, 5, 355469).
cost(15, 6, 360169).
cost(15, 7, 415159).
cost(15, 8, 599177).
cost(15, 9, 645682).
cost(15, 10, 365924).
cost(15, 11, 383656).
cost(15, 12, 549142).
cost(15, 13, 377959).
cost(15, 14, 240685).
cost(15, 16, 114182).
cost(15, 17, 225282).
cost(15, 18, 247531).
cost(15, 19, 683898).
cost(15, 20, 160813).
cost(15, 21, 206149).
cost(15, 22, 444316).
cost(15, 23, 468701).
cost(15, 24, 531649).
cost(15, 25, 76353).
cost(15, 26, 505760).
cost(15, 27, 476642).
cost(16, 1, 275364).
cost(16, 2, 334674).
cost(16, 3, 615363).
cost(16, 4, 369565).
cost(16, 5, 242195).
cost(16, 6, 299397).
cost(16, 7, 342617).
cost(16, 8, 551243).
cost(16, 9, 590553).
cost(16, 10, 343128).
cost(16, 11, 338917).
cost(16, 12, 495157).
cost(16, 13, 298242).
cost(16, 14, 177040).
cost(16, 15, 114182).
cost(16, 17, 111126).
cost(16, 18, 192281).
cost(16, 19, 614176).
cost(16, 20, 111901).
cost(16, 21, 232600).
cost(16, 22, 350386).
cost(16, 23, 425229).
cost(16, 24, 468975).
cost(16, 25, 163172).
cost(16, 26, 423839).
cost(16, 27, 480714).
cost(17, 1, 194330).
cost(17, 2, 368134).
cost(17, 3, 557558).
cost(17, 4, 323205).
cost(17, 5, 132601).
cost(17, 6, 278465).
cost(17, 7, 301504).
cost(17, 8, 527997).
cost(17, 9, 557801).
cost(17, 10, 359680).
cost(17, 11, 332679).
cost(17, 12, 467409).
cost(17, 13, 251316).
cost(17, 14, 177887).
cost(17, 15, 225282).
cost(17, 16, 111126).
cost(17, 18, 199061).
cost(17, 19, 563627).
cost(17, 20, 159174).
cost(17, 21, 303020).
cost(17, 22, 276954).
cost(17, 23, 413313).
cost(17, 24, 432180).
cost(17, 25, 267250).
cost(17, 26, 364375).
cost(17, 27, 512963).
cost(18, 1, 185816).
cost(18, 2, 171570).
cost(18, 3, 444331).
cost(18, 4, 199291).
cost(18, 5, 292828).
cost(18, 6, 112786).
cost(18, 7, 169503).
cost(18, 8, 359946).
cost(18, 9, 401971).
cost(18, 10, 160998).
cost(18, 11, 146649).
cost(18, 12, 305680).
cost(18, 13, 139956).
cost(18, 14, 21516).
cost(18, 15, 247531).
cost(18, 16, 192281).
cost(18, 17, 199061).
cost(18, 19, 436369).
cost(18, 20, 88165).
cost(18, 21, 158521).
cost(18, 22, 223670).
cost(18, 23, 232965).
cost(18, 24, 284646).
cost(18, 25, 321911).
cost(18, 26, 264412).
cost(18, 27, 314376).
cost(19, 1, 378508).
cost(19, 2, 419774).
cost(19, 3, 43980).
cost(19, 4, 244753).
cost(19, 5, 557938).
cost(19, 6, 323924).
cost(19, 7, 271707).
cost(19, 8, 155024).
cost(19, 9, 101528).
cost(19, 10, 366853).
cost(19, 11, 314123).
cost(19, 12, 159122).
cost(19, 13, 316922).
cost(19, 14, 444409).
cost(19, 15, 683898).
cost(19, 16, 614176).
cost(19, 17, 563627).
cost(19, 18, 436369).
cost(19, 20, 523699).
cost(19, 21, 541783).
cost(19, 22, 296659).
cost(19, 23, 248112).
cost(19, 24, 155325).
cost(19, 25, 757873).
cost(19, 26, 200757).
cost(19, 27, 415042).
cost(20, 1, 233149).
cost(20, 2, 224231).
cost(20, 3, 530218).
cost(20, 4, 283565).
cost(20, 5, 280737).
cost(20, 6, 200778).
cost(20, 7, 254346).
cost(20, 8, 446821).
cost(20, 9, 489919).
cost(20, 10, 231293).
cost(20, 11, 231759).
cost(20, 12, 393515).
cost(20, 13, 218187).
cost(20, 14, 79876).
cost(20, 15, 160813).
cost(20, 16, 111901).
cost(20, 17, 159174).
cost(20, 18, 88165).
cost(20, 19, 523699).
cost(20, 21, 144213).
cost(20, 22, 290768).
cost(20, 23, 318291).
cost(20, 24, 372703).
cost(20, 25, 234181).
cost(20, 26, 345720).
cost(20, 27, 370830).
cost(21, 1, 344121).
cost(21, 2, 143258).
cost(21, 3, 559461).
cost(21, 4, 332276).
cost(21, 5, 423840).
cost(21, 6, 236603).
cost(21, 7, 303175).
cost(21, 8, 428576).
cost(21, 9, 482518).
cost(21, 10, 183032).
cost(21, 11, 227891).
cost(21, 12, 389572).
cost(21, 13, 288706).
cost(21, 14, 171783).
cost(21, 15, 206149).
cost(21, 16, 232600).
cost(21, 17, 303020).
cost(21, 18, 158521).
cost(21, 19, 541783).
cost(21, 20, 144213).
cost(21, 22, 378099).
cost(21, 23, 300662).
cost(21, 24, 386998).
cost(21, 25, 277368).
cost(21, 26, 401210).
cost(21, 27, 271014).
cost(22, 1, 83710).
cost(22, 2, 328411).
cost(22, 3, 284262).
cost(22, 4, 100915).
cost(22, 5, 262282).
cost(22, 6, 159839).
cost(22, 7, 108334).
cost(22, 8, 307991).
cost(22, 9, 316684).
cost(22, 10, 282507).
cost(22, 11, 212819).
cost(22, 12, 247076).
cost(22, 13, 92055).
cost(22, 14, 217978).
cost(22, 15, 444316).
cost(22, 16, 350386).
cost(22, 17, 276954).
cost(22, 18, 223670).
cost(22, 19, 296659).
cost(22, 20, 290768).
cost(22, 21, 378099).
cost(22, 23, 243468).
cost(22, 24, 198881).
cost(22, 25, 509814).
cost(22, 26, 97970).
cost(22, 27, 426017).
cost(23, 1, 286385).
cost(23, 2, 171765).
cost(23, 3, 273777).
cost(23, 4, 142846).
cost(23, 5, 464350).
cost(23, 6, 135046).
cost(23, 7, 139770).
cost(23, 8, 130730).
cost(23, 9, 181962).
cost(23, 10, 119901).
cost(23, 11, 86561).
cost(23, 12, 90178).
cost(23, 13, 183562).
cost(23, 14, 248985).
cost(23, 15, 468701).
cost(23, 16, 425229).
cost(23, 17, 413313).
cost(23, 18, 232965).
cost(23, 19, 248112).
cost(23, 20, 318291).
cost(23, 21, 300662).
cost(23, 22, 243468).
cost(23, 24, 104595).
cost(23, 25, 544988).
cost(23, 26, 185783).
cost(23, 27, 198221).
cost(24, 1, 266689).
cost(24, 2, 270759).
cost(24, 3, 173723).
cost(24, 4, 111289).
cost(24, 5, 452932).
cost(24, 6, 171929).
cost(24, 7, 130694).
cost(24, 8, 109174).
cost(24, 9, 125786).
cost(24, 10, 216390).
cost(24, 11, 159118).
cost(24, 12, 50232).
cost(24, 13, 181047).
cost(24, 14, 294728).
cost(24, 15, 531649).
cost(24, 16, 468975).
cost(24, 17, 432180).
cost(24, 18, 284646).
cost(24, 19, 155325).
cost(24, 20, 372703).
cost(24, 21, 386998).
cost(24, 22, 198881).
cost(24, 23, 104595).
cost(24, 25, 606497).
cost(24, 26, 111028).
cost(24, 27, 297697).
cost(25, 1, 437533).
cost(25, 2, 414948).
cost(25, 3, 763718).
cost(25, 4, 516630).
cost(25, 5, 388791).
cost(25, 6, 434697).
cost(25, 7, 487831).
cost(25, 8, 675406).
cost(25, 9, 721527).
cost(25, 10, 441935).
cost(25, 11, 459789).
cost(25, 12, 624968).
cost(25, 13, 448585).
cost(25, 14, 313624).
cost(25, 15, 76353).
cost(25, 16, 163172).
cost(25, 17, 267250).
cost(25, 18, 321911).
cost(25, 19, 757873).
cost(25, 20, 234181).
cost(25, 21, 277368).
cost(25, 22, 509814).
cost(25, 23, 544988).
cost(25, 24, 606497).
cost(25, 26, 576284).
cost(25, 27, 548353).
cost(26, 1, 177939).
cost(26, 2, 316698).
cost(26, 3, 193475).
cost(26, 4, 69017).
cost(26, 5, 360167).
cost(26, 6, 164612).
cost(26, 7, 98147).
cost(26, 8, 218482).
cost(26, 9, 220459).
cost(26, 10, 263575).
cost(26, 11, 192040).
cost(26, 12, 161248).
cost(26, 13, 127821).
cost(26, 14, 266440).
cost(26, 15, 505760).
cost(26, 16, 423839).
cost(26, 17, 364375).
cost(26, 18, 264412).
cost(26, 19, 200757).
cost(26, 20, 345720).
cost(26, 21, 401210).
cost(26, 22, 97970).
cost(26, 23, 185783).
cost(26, 24, 111028).
cost(26, 25, 576284).
cost(26, 27, 382735).
cost(27, 1, 446728).
cost(27, 2, 146702).
cost(27, 3, 450006).
cost(27, 4, 330912).
cost(27, 5, 600276).
cost(27, 6, 277643).
cost(27, 7, 317712).
cost(27, 8, 262352).
cost(27, 9, 321942).
cost(27, 10, 158649).
cost(27, 11, 216091).
cost(27, 12, 264531).
cost(27, 13, 346329).
cost(27, 14, 335827).
cost(27, 15, 476642).
cost(27, 16, 480714).
cost(27, 17, 512963).
cost(27, 18, 314376).
cost(27, 19, 415042).
cost(27, 20, 370830).
cost(27, 21, 271014).
cost(27, 22, 426017).
cost(27, 23, 198221).
cost(27, 24, 297697).
cost(27, 25, 548353).
cost(27, 26, 382735).
nocross(1,14).
nocross(1,18).
nocross(1,26).
nocross(2,10).
nocross(2,11).
nocross(2,18).
nocross(2,21).
nocross(2,27).
nocross(3,12).
nocross(3,19).
nocross(4,3).
nocross(4,19).
nocross(4,23).
nocross(5,1).
nocross(5,25).
nocross(6,2).
nocross(6,4).
nocross(6,7).
nocross(6,10).
nocross(6,13).
nocross(6,14).
nocross(6,18).
nocross(8,3).
nocross(8,9).
nocross(8,12).
nocross(8,19).
nocross(8,23).
nocross(9,8).
nocross(9,12).
nocross(9,19).
nocross(9,24).
nocross(9,26).
nocross(10,2).
nocross(10,11).
nocross(10,18).
nocross(10,23).
nocross(10,27).
nocross(11,8).
nocross(11,10).
nocross(11,18).
nocross(12,3).
nocross(12,8).
nocross(12,9).
nocross(12,19).
nocross(12,23).
nocross(12,26).
nocross(13,4).
nocross(13,7).
nocross(13,18).
nocross(14,1).
nocross(14,2).
nocross(14,6).
nocross(14,11).
nocross(14,13).
nocross(14,15).
nocross(14,17).
nocross(14,18).
nocross(14,20).
nocross(14,25).
nocross(15,16).
nocross(15,20).
nocross(15,21).
nocross(15,25).
nocross(16,14).
nocross(16,15).
nocross(16,17).
nocross(16,20).
nocross(16,25).
nocross(17,1).
nocross(17,14).
nocross(17,15).
nocross(17,16).
nocross(17,18).
nocross(17,20).
nocross(17,25).
nocross(18,2).
nocross(18,11).
nocross(18,14).
nocross(18,15).
nocross(18,20).
nocross(18,21).
nocross(19,8).
nocross(19,12).
nocross(20,14).
nocross(20,15).
nocross(20,16).
nocross(20,21).
nocross(20,25).
nocross(21,2).
nocross(21,10).
nocross(21,15).
nocross(21,18).
nocross(21,20).
nocross(22,1).
nocross(22,3).
nocross(22,4).
nocross(22,7).
nocross(22,13).
nocross(22,14).
nocross(22,26).
nocross(23,3).
nocross(23,4).
nocross(23,7).
nocross(23,8).
nocross(23,10).
nocross(23,11).
nocross(23,12).
nocross(23,19).
nocross(23,27).
nocross(24,3).
nocross(24,4).
nocross(24,7).
nocross(24,8).
nocross(24,9).
nocross(24,12).
nocross(24,19).
nocross(24,23).
nocross(24,26).
nocross(25,15).
nocross(25,16).
nocross(26,3).
nocross(26,4).
nocross(26,7).
nocross(26,9).
nocross(26,19).
nocross(26,23).
nocross(27,2).
nocross(27,8).
nocross(27,10).
nocross(27,12).
nocross(27,23).
