dimension(27).
point(1, 284750.0, 80016.0).
point(2, 486183.0, 129646.0).
point(3, -27978.0, -48609.0).
point(4, -200237.0, -116003.0).
point(5, -101572.0, -132508.0).
point(6, 231056.0, -278422.0).
point(7, 200775.0, 153828.0).
point(8, -366195.0, -86208.0).
point(9, 257883.0, -63171.0).
point(10, -69414.0, 215008.0).
point(11, 65326.0, 29109.0).
point(12, 184666.0, 312002.0).
point(13, -169633.0, 153133.0).
point(14, -23777.0, -196552.0).
point(15, 24869.0, -35058.0).
point(16, 24673.0, -8064.0).
point(17, -75717.0, 162936.0).
point(18, 74378.0, -312271.0).
point(19, 432221.0, -68304.0).
point(20, -229149.0, 212589.0).
point(21, -175627.0, -173640.0).
point(22, 188142.0, 244414.0).
point(23, 77614.0, 17460.0).
point(24, -204090.0, 208574.0).
point(25, 91816.0, -37839.0).
point(26, 148333.0, 225293.0).
point(27, 189998.0, 69798.0).
cost(1, 2, 207457).
cost(1, 3, 338147).
cost(1, 4, 523102).
cost(1, 5, 440921).
cost(1, 6, 362437).
cost(1, 7, 111803).
cost(1, 8, 671833).
cost(1, 9, 145686).
cost(1, 10, 379018).
cost(1, 11, 225252).
cost(1, 12, 252655).
cost(1, 13, 460228).
cost(1, 14, 414341).
cost(1, 15, 284219).
cost(1, 16, 274587).
cost(1, 17, 369881).
cost(1, 18, 445135).
cost(1, 19, 209157).
cost(1, 20, 530724).
cost(1, 21, 525631).
cost(1, 22, 190682).
cost(1, 23, 216376).
cost(1, 24, 505462).
cost(1, 25, 226083).
cost(1, 26, 199286).
cost(1, 27, 95301).
cost(2, 1, 207457).
cost(2, 3, 544184).
cost(2, 4, 729051).
cost(2, 5, 643569).
cost(2, 6, 481258).
cost(2, 7, 286431).
cost(2, 8, 879284).
cost(2, 9, 298830).
cost(2, 10, 562116).
cost(2, 11, 432699).
cost(2, 12, 352372).
cost(2, 13, 656236).
cost(2, 14, 605363).
cost(2, 15, 489835).
cost(2, 16, 481618).
cost(2, 17, 562885).
cost(2, 18, 604048).
cost(2, 19, 205173).
cost(2, 20, 720125).
cost(2, 21, 727994).
cost(2, 22, 319375).
cost(2, 23, 423691).
cost(2, 24, 694771).
cost(2, 25, 428458).
cost(2, 26, 351128).
cost(2, 27, 302171).
cost(3, 1, 338147).
cost(3, 2, 544184).
cost(3, 4, 184973).
cost(3, 5, 111603).
cost(3, 6, 346284).
cost(3, 7, 305465).
cost(3, 8, 340300).
cost(3, 9, 286232).
cost(3, 10, 266854).
cost(3, 11, 121432).
cost(3, 12, 418638).
cost(3, 13, 246508).
cost(3, 14, 148003).
cost(3, 15, 54557).
cost(3, 16, 66453).
cost(3, 17, 216865).
cost(3, 18, 282833).
cost(3, 19, 460620).
cost(3, 20, 329688).
cost(3, 21, 193476).
cost(3, 22, 364102).
cost(3, 23, 124558).
cost(3, 24, 311703).
cost(3, 25, 120277).
cost(3, 26, 325742).
cost(3, 27, 248060).
cost(4, 1, 523102).
cost(4, 2, 729051).
cost(4, 3, 184973).
cost(4, 5, 100036).
cost(4, 6, 460862).
cost(4, 7, 483342).
cost(4, 8, 168611).
cost(4, 9, 461156).
cost(4, 10, 355925).
cost(4, 11, 302624).
cost(4, 12, 575620).
cost(4, 13, 270870).
cost(4, 14, 193975).
cost(4, 15, 239217).
cost(4, 16, 249470).
cost(4, 17, 305470).
cost(4, 18, 337542).
cost(4, 19, 634254).
cost(4, 20, 329861).
cost(4, 21, 62671).
cost(4, 22, 529848).
cost(4, 23, 308243).
cost(4, 24, 324600).
cost(4, 25, 302332).
cost(4, 26, 487836).
cost(4, 27, 432210).
cost(5, 1, 440921).
cost(5, 2, 643569).
cost(5, 3, 111603).
cost(5, 4, 100036).
cost(5, 6, 363225).
cost(5, 7, 416416).
cost(5, 8, 268643).
cost(5, 9, 366081).
cost(5, 10, 349001).
cost(5, 11, 232325).
cost(5, 12, 528698).
cost(5, 13, 293638).
cost(5, 14, 100766).
cost(5, 15, 159637).
cost(5, 16, 177268).
cost(5, 17, 296573).
cost(5, 18, 251542).
cost(5, 19, 537640).
cost(5, 20, 367924).
cost(5, 21, 84711).
cost(5, 22, 475399).
cost(5, 23, 233662).
cost(5, 24, 356156).
cost(5, 25, 215316).
cost(5, 26, 436433).
cost(5, 27, 354881).
cost(6, 1, 362437).
cost(6, 2, 481258).
cost(6, 3, 346284).
cost(6, 4, 460862).
cost(6, 5, 363225).
cost(6, 7, 433309).
cost(6, 8, 627419).
cost(6, 9, 216916).
cost(6, 10, 577716).
cost(6, 11, 349345).
cost(6, 12, 592244).
cost(6, 13, 588890).
cost(6, 14, 267661).
cost(6, 15, 318966).
cost(6, 16, 340128).
cost(6, 17, 537500).
cost(6, 18, 160293).
cost(6, 19, 290890).
cost(6, 20, 672964).
cost(6, 21, 419965).
cost(6, 22, 524594).
cost(6, 23, 333303).
cost(6, 24, 653083).
cost(6, 25, 277971).
cost(6, 26, 510462).
cost(6, 27, 350632).
cost(7, 1, 111803).
cost(7, 2, 286431).
cost(7, 3, 305465).
cost(7, 4, 483342).
cost(7, 5, 416416).
cost(7, 6, 433309).
cost(7, 8, 615688).
cost(7, 9, 224388).
cost(7, 10, 277029).
cost(7, 11, 184123).
cost(7, 12, 158992).
cost(7, 13, 370409).
cost(7, 14, 416161).
cost(7, 15, 258110).
cost(7, 16, 239209).
cost(7, 17, 276642).
cost(7, 18, 482933).
cost(7, 19, 320796).
cost(7, 20, 433921).
cost(7, 21, 498913).
cost(7, 22, 91463).
cost(7, 23, 183752).
cost(7, 24, 408550).
cost(7, 25, 220473).
cost(7, 26, 88642).
cost(7, 27, 84718).
cost(8, 1, 671833).
cost(8, 2, 879284).
cost(8, 3, 340300).
cost(8, 4, 168611).
cost(8, 5, 268643).
cost(8, 6, 627419).
cost(8, 7, 615688).
cost(8, 9, 624503).
cost(8, 10, 422859).
cost(8, 11, 446664).
cost(8, 12, 679720).
cost(8, 13, 309711).
cost(8, 14, 359758).
cost(8, 15, 394395).
cost(8, 16, 398603).
cost(8, 17, 382688).
cost(8, 18, 495186).
cost(8, 19, 798617).
cost(8, 20, 328727).
cost(8, 21, 209668).
cost(8, 22, 645446).
cost(8, 23, 455756).
cost(8, 24, 336414).
cost(8, 25, 460558).
cost(8, 26, 601475).
cost(8, 27, 577658).
cost(9, 1, 145686).
cost(9, 2, 298830).
cost(9, 3, 286232).
cost(9, 4, 461156).
cost(9, 5, 366081).
cost(9, 6, 216916).
cost(9, 7, 224388).
cost(9, 8, 624503).
cost(9, 10, 429543).
cost(9, 11, 213527).
cost(9, 12, 382251).
cost(9, 13, 479121).
cost(9, 14, 311645).
cost(9, 15, 234704).
cost(9, 16, 239632).
cost(9, 17, 403005).
cost(9, 18, 309394).
cost(9, 19, 174414).
cost(9, 20, 559682).
cost(9, 21, 447364).
cost(9, 22, 315392).
cost(9, 23, 197480).
cost(9, 24, 535971).
cost(9, 25, 167988).
cost(9, 26, 308566).
cost(9, 27, 149295).
cost(10, 1, 379018).
cost(10, 2, 562116).
cost(10, 3, 266854).
cost(10, 4, 355925).
cost(10, 5, 349001).
cost(10, 6, 577716).
cost(10, 7, 277029).
cost(10, 8, 422859).
cost(10, 9, 429543).
cost(10, 11, 229594).
cost(10, 12, 271964).
cost(10, 13, 117781).
cost(10, 14, 414083).
cost(10, 15, 267249).
cost(10, 16, 242102).
cost(10, 17, 52452).
cost(10, 18, 546534).
cost(10, 19, 576111).
cost(10, 20, 159753).
cost(10, 21, 402900).
cost(10, 22, 259229).
cost(10, 23, 246257).
cost(10, 24, 134830).
cost(10, 25, 299878).
cost(10, 26, 217990).
cost(10, 27, 297289).
cost(11, 1, 225252).
cost(11, 2, 432699).
cost(11, 3, 121432).
cost(11, 4, 302624).
cost(11, 5, 232325).
cost(11, 6, 349345).
cost(11, 7, 184123).
cost(11, 8, 446664).
cost(11, 9, 213527).
cost(11, 10, 229594).
cost(11, 12, 307035).
cost(11, 13, 265683).
cost(11, 14, 242615).
cost(11, 15, 75856).
cost(11, 16, 55086).
cost(11, 17, 194429).
cost(11, 18, 341500).
cost(11, 19, 379607).
cost(11, 20, 346959).
cost(11, 21, 314906).
cost(11, 22, 247871).
cost(11, 23, 16932).
cost(11, 24, 323717).
cost(11, 25, 71998).
cost(11, 26, 213022).
cost(11, 27, 131144).
cost(12, 1, 252655).
cost(12, 2, 352372).
cost(12, 3, 418638).
cost(12, 4, 575620).
cost(12, 5, 528698).
cost(12, 6, 592244).
cost(12, 7, 158992).
cost(12, 8, 679720).
cost(12, 9, 382251).
cost(12, 10, 271964).
cost(12, 11, 307035).
cost(12, 13, 388287).
cost(12, 14, 549614).
cost(12, 15, 382081).
cost(12, 16, 357827).
cost(12, 17, 300033).
cost(12, 18, 633940).
cost(12, 19, 453780).
cost(12, 20, 425589).
cost(12, 21, 604698).
cost(12, 22, 67677).
cost(12, 23, 313393).
cost(12, 24, 402279).
cost(12, 25, 361953).
cost(12, 26, 94013).
cost(12, 27, 242263).
cost(13, 1, 460228).
cost(13, 2, 656236).
cost(13, 3, 246508).
cost(13, 4, 270870).
cost(13, 5, 293638).
cost(13, 6, 588890).
cost(13, 7, 370409).
cost(13, 8, 309711).
cost(13, 9, 479121).
cost(13, 10, 117781).
cost(13, 11, 265683).
cost(13, 12, 388287).
cost(13, 14, 378885).
cost(13, 15, 270642).
cost(13, 16, 252466).
cost(13, 17, 94426).
cost(13, 18, 525492).
cost(13, 19, 641298).
cost(13, 20, 84126).
cost(13, 21, 326828).
cost(13, 22, 369236).
cost(13, 23, 282025).
cost(13, 24, 65276).
cost(13, 25, 323768).
cost(13, 26, 326051).
cost(13, 27, 369160).
cost(14, 1, 414341).
cost(14, 2, 605363).
cost(14, 3, 148003).
cost(14, 4, 193975).
cost(14, 5, 100766).
cost(14, 6, 267661).
cost(14, 7, 416161).
cost(14, 8, 359758).
cost(14, 9, 311645).
cost(14, 10, 414083).
cost(14, 11, 242615).
cost(14, 12, 549614).
cost(14, 13, 378885).
cost(14, 15, 168662).
cost(14, 16, 194615).
cost(14, 17, 363221).
cost(14, 18, 151741).
cost(14, 19, 473689).
cost(14, 20, 457793).
cost(14, 21, 153569).
cost(14, 22, 489245).
cost(14, 23, 236815).
cost(14, 24, 443441).
cost(14, 25, 196346).
cost(14, 26, 455604).
cost(14, 27, 341529).
cost(15, 1, 284219).
cost(15, 2, 489835).
cost(15, 3, 54557).
cost(15, 4, 239217).
cost(15, 5, 159637).
cost(15, 6, 318966).
cost(15, 7, 258110).
cost(15, 8, 394395).
cost(15, 9, 234704).
cost(15, 10, 267249).
cost(15, 11, 75856).
cost(15, 12, 382081).
cost(15, 13, 270642).
cost(15, 14, 168662).
cost(15, 16, 26995).
cost(15, 17, 222079).
cost(15, 18, 281599).
cost(15, 19, 408706).
cost(15, 20, 354759).
cost(15, 21, 243729).
cost(15, 22, 323671).
cost(15, 23, 74432).
cost(15, 24, 334333).
cost(15, 25, 67005).
cost(15, 26, 288142).
cost(15, 27, 195608).
cost(16, 1, 274587).
cost(16, 2, 481618).
cost(16, 3, 66453).
cost(16, 4, 249470).
cost(16, 5, 177268).
cost(16, 6, 340128).
cost(16, 7, 239209).
cost(16, 8, 398603).
cost(16, 9, 239632).
cost(16, 10, 242102).
cost(16, 11, 55086).
cost(16, 12, 357827).
cost(16, 13, 252466).
cost(16, 14, 194615).
cost(16, 15, 26995).
cost(16, 17, 198291).
cost(16, 18, 308241).
cost(16, 19, 411976).
cost(16, 20, 336323).
cost(16, 21, 259876).
cost(16, 22, 300778).
cost(16, 23, 58773).
cost(16, 24, 315063).
cost(16, 25, 73449).
cost(16, 26, 264097).
cost(16, 27, 182743).
cost(17, 1, 369881).
cost(17, 2, 562885).
cost(17, 3, 216865).
cost(17, 4, 305470).
cost(17, 5, 296573).
cost(17, 6, 537500).
cost(17, 7, 276642).
cost(17, 8, 382688).
cost(17, 9, 403005).
cost(17, 10, 52452).
cost(17, 11, 194429).
cost(17, 12, 300033).
cost(17, 13, 94426).
cost(17, 14, 363221).
cost(17, 15, 222079).
cost(17, 16, 198291).
cost(17, 18, 498347).
cost(17, 19, 558098).
cost(17, 20, 161266).
cost(17, 21, 351092).
cost(17, 22, 276153).
cost(17, 23, 211361).
cost(17, 24, 136244).
cost(17, 25, 261492).
cost(17, 26, 232566).
cost(17, 27, 281566).
cost(18, 1, 445135).
cost(18, 2, 604048).
cost(18, 3, 282833).
cost(18, 4, 337542).
cost(18, 5, 251542).
cost(18, 6, 160293).
cost(18, 7, 482933).
cost(18, 8, 495186).
cost(18, 9, 309394).
cost(18, 10, 546534).
cost(18, 11, 341500).
cost(18, 12, 633940).
cost(18, 13, 525492).
cost(18, 14, 151741).
cost(18, 15, 281599).
cost(18, 16, 308241).
cost(18, 17, 498347).
cost(18, 19, 433095).
cost(18, 20, 606306).
cost(18, 21, 285869).
cost(18, 22, 568190).
cost(18, 23, 329747).
cost(18, 24, 590613).
cost(18, 25, 274985).
cost(18, 26, 542627).
cost(18, 27, 399180).
cost(19, 1, 209157).
cost(19, 2, 205173).
cost(19, 3, 460620).
cost(19, 4, 634254).
cost(19, 5, 537640).
cost(19, 6, 290890).
cost(19, 7, 320796).
cost(19, 8, 798617).
cost(19, 9, 174414).
cost(19, 10, 576111).
cost(19, 11, 379607).
cost(19, 12, 453780).
cost(19, 13, 641298).
cost(19, 14, 473689).
cost(19, 15, 408706).
cost(19, 16, 411976).
cost(19, 17, 558098).
cost(19, 18, 433095).
cost(19, 20, 718548).
cost(19, 21, 616908).
cost(19, 22, 396695).
cost(19, 23, 364831).
cost(19, 24, 693940).
cost(19, 25, 341766).
cost(19, 26, 408401).
cost(19, 27, 278826).
cost(20, 1, 530724).
cost(20, 2, 720125).
cost(20, 3, 329688).
cost(20, 4, 329861).
cost(20, 5, 367924).
cost(20, 6, 672964).
cost(20, 7, 433921).
cost(20, 8, 328727).
cost(20, 9, 559682).
cost(20, 10, 159753).
cost(20, 11, 346959).
cost(20, 12, 425589).
cost(20, 13, 84126).
cost(20, 14, 457793).
cost(20, 15, 354759).
cost(20, 16, 336323).
cost(20, 17, 161266).
cost(20, 18, 606306).
cost(20, 19, 718548).
cost(20, 21, 389920).
cost(20, 22, 418503).
cost(20, 23, 363564).
cost(20, 24, 25379).
cost(20, 25, 407103).
cost(20, 26, 377696).
cost(20, 27, 442802).
cost(21, 1, 525631).
cost(21, 2, 727994).
cost(21, 3, 193476).
cost(21, 4, 62671).
cost(21, 5, 84711).
cost(21, 6, 419965).
cost(21, 7, 498913).
cost(21, 8, 209668).
cost(21, 9, 447364).
cost(21, 10, 402900).
cost(21, 11, 314906).
cost(21, 12, 604698).
cost(21, 13, 326828).
cost(21, 14, 153569).
cost(21, 15, 243729).
cost(21, 16, 259876).
cost(21, 17, 351092).
cost(21, 18, 285869).
cost(21, 19, 616908).
cost(21, 20, 389920).
cost(21, 22, 554163).
cost(21, 23, 317254).
cost(21, 24, 383272).
cost(21, 25, 299946).
cost(21, 26, 513904).
cost(21, 27, 439254).
cost(22, 1, 190682).
cost(22, 2, 319375).
cost(22, 3, 364102).
cost(22, 4, 529848).
cost(22, 5, 475399).
cost(22, 6, 524594).
cost(22, 7, 91463).
cost(22, 8, 645446).
cost(22, 9, 315392).
cost(22, 10, 259229).
cost(22, 11, 247871).
cost(22, 12, 67677).
cost(22, 13, 369236).
cost(22, 14, 489245).
cost(22, 15, 323671).
cost(22, 16, 300778).
cost(22, 17, 276153).
cost(22, 18, 568190).
cost(22, 19, 396695).
cost(22, 20, 418503).
cost(22, 21, 554163).
cost(22, 23, 252437).
cost(22, 24, 393866).
cost(22, 25, 298237).
cost(22, 26, 44163).
cost(22, 27, 174626).
cost(23, 1, 216376).
cost(23, 2, 423691).
cost(23, 3, 124558).
cost(23, 4, 308243).
cost(23, 5, 233662).
cost(23, 6, 333303).
cost(23, 7, 183752).
cost(23, 8, 455756).
cost(23, 9, 197480).
cost(23, 10, 246257).
cost(23, 11, 16932).
cost(23, 12, 313393).
cost(23, 13, 282025).
cost(23, 14, 236815).
cost(23, 15, 74432).
cost(23, 16, 58773).
cost(23, 17, 211361).
cost(23, 18, 329747).
cost(23, 19, 364831).
cost(23, 20, 363564).
cost(23, 21, 317254).
cost(23, 22, 252437).
cost(23, 24, 340414).
cost(23, 25, 57094).
cost(23, 26, 219535).
cost(23, 27, 123974).
cost(24, 1, 505462).
cost(24, 2, 694771).
cost(24, 3, 311703).
cost(24, 4, 324600).
cost(24, 5, 356156).
cost(24, 6, 653083).
cost(24, 7, 408550).
cost(24, 8, 336414).
cost(24, 9, 535971).
cost(24, 10, 134830).
cost(24, 11, 323717).
cost(24, 12, 402279).
cost(24, 13, 65276).
cost(24, 14, 443441).
cost(24, 15, 334333).
cost(24, 16, 315063).
cost(24, 17, 136244).
cost(24, 18, 590613).
cost(24, 19, 693940).
cost(24, 20, 25379).
cost(24, 21, 383272).
cost(24, 22, 393866).
cost(24, 23, 340414).
cost(24, 25, 385071).
cost(24, 26, 352819).
cost(24, 27, 417809).
cost(25, 1, 226083).
cost(25, 2, 428458).
cost(25, 3, 120277).
cost(25, 4, 302332).
cost(25, 5, 215316).
cost(25, 6, 277971).
cost(25, 7, 220473).
cost(25, 8, 460558).
cost(25, 9, 167988).
cost(25, 10, 299878).
cost(25, 11, 71998).
cost(25, 12, 361953).
cost(25, 13, 323768).
cost(25, 14, 196346).
cost(25, 15, 67005).
cost(25, 16, 73449).
cost(25, 17, 261492).
cost(25, 18, 274985).
cost(25, 19, 341766).
cost(25, 20, 407103).
cost(25, 21, 299946).
cost(25, 22, 298237).
cost(25, 23, 57094).
cost(25, 24, 385071).
cost(25, 26, 269133).
cost(25, 27, 145689).
cost(26, 1, 199286).
cost(26, 2, 351128).
cost(26, 3, 325742).
cost(26, 4, 487836).
cost(26, 5, 436433).
cost(26, 6, 510462).
cost(26, 7, 88642).
cost(26, 8, 601475).
cost(26, 9, 308566).
cost(26, 10, 217990).
cost(26, 11, 213022).
cost(26, 12, 94013).
cost(26, 13, 326051).
cost(26, 14, 455604).
cost(26, 15, 288142).
cost(26, 16, 264097).
cost(26, 17, 232566).
cost(26, 18, 542627).
cost(26, 19, 408401).
cost(26, 20, 377696).
cost(26, 21, 513904).
cost(26, 22, 44163).
cost(26, 23, 219535).
cost(26, 24, 352819).
cost(26, 25, 269133).
cost(26, 27, 160980).
cost(27, 1, 95301).
cost(27, 2, 302171).
cost(27, 3, 248060).
cost(27, 4, 432210).
cost(27, 5, 354881).
cost(27, 6, 350632).
cost(27, 7, 84718).
cost(27, 8, 577658).
cost(27, 9, 149295).
cost(27, 10, 297289).
cost(27, 11, 131144).
cost(27, 12, 242263).
cost(27, 13, 369160).
cost(27, 14, 341529).
cost(27, 15, 195608).
cost(27, 16, 182743).
cost(27, 17, 281566).
cost(27, 18, 399180).
cost(27, 19, 278826).
cost(27, 20, 442802).
cost(27, 21, 439254).
cost(27, 22, 174626).
cost(27, 23, 123974).
cost(27, 24, 417809).
cost(27, 25, 145689).
cost(27, 26, 160980).
nocross(1,9).
nocross(1,19).
nocross(1,27).
nocross(2,1).
nocross(2,19).
nocross(3,4).
nocross(3,5).
nocross(3,6).
nocross(3,8).
nocross(3,15).
nocross(3,16).
nocross(3,17).
nocross(4,5).
nocross(4,8).
nocross(4,14).
nocross(4,20).
nocross(4,21).
nocross(5,4).
nocross(5,15).
nocross(5,16).
nocross(5,21).
nocross(6,18).
nocross(6,19).
nocross(7,11).
nocross(7,22).
nocross(7,23).
nocross(7,26).
nocross(8,4).
nocross(8,20).
nocross(8,21).
nocross(9,1).
nocross(9,6).
nocross(9,19).
nocross(9,27).
nocross(10,8).
nocross(10,17).
nocross(10,24).
nocross(10,26).
nocross(11,9).
nocross(11,17).
nocross(11,23).
nocross(11,26).
nocross(11,27).
nocross(12,22).
nocross(12,26).
nocross(13,8).
nocross(13,17).
nocross(13,20).
nocross(13,26).
nocross(14,4).
nocross(14,5).
nocross(14,6).
nocross(14,21).
nocross(15,3).
nocross(15,4).
nocross(15,5).
nocross(15,6).
nocross(15,11).
nocross(15,16).
nocross(15,17).
nocross(15,23).
nocross(16,3).
nocross(16,8).
nocross(16,11).
nocross(16,15).
nocross(16,17).
nocross(16,23).
nocross(16,25).
nocross(16,26).
nocross(17,4).
nocross(17,7).
nocross(17,8).
nocross(17,11).
nocross(17,12).
nocross(17,24).
nocross(17,26).
nocross(18,6).
nocross(18,21).
nocross(19,1).
nocross(19,2).
nocross(19,6).
nocross(19,9).
nocross(20,8).
nocross(20,10).
nocross(20,13).
nocross(20,17).
nocross(20,24).
nocross(21,4).
nocross(21,14).
nocross(22,1).
nocross(22,7).
nocross(22,12).
nocross(22,26).
nocross(23,9).
nocross(23,11).
nocross(23,15).
nocross(23,16).
nocross(23,26).
nocross(24,8).
nocross(24,10).
nocross(24,13).
nocross(24,17).
nocross(24,20).
nocross(25,5).
nocross(25,9).
nocross(25,14).
nocross(25,23).
nocross(25,26).
nocross(26,7).
nocross(26,11).
nocross(26,12).
nocross(26,17).
nocross(26,22).
nocross(26,27).
nocross(27,1).
nocross(27,7).
nocross(27,9).
nocross(27,15).
nocross(27,16).
nocross(27,22).
nocross(27,23).
nocross(27,26).
