dimension(27).
point(1, 248148.0, 114285.0).
point(2, -85530.0, -204519.0).
point(3, -127121.0, 289569.0).
point(4, -102084.0, 315543.0).
point(5, -200751.0, 18405.0).
point(6, 99190.0, -237204.0).
point(7, -25001.0, -259780.0).
point(8, 175832.0, 200709.0).
point(9, -164062.0, -261753.0).
point(10, 69311.0, -176882.0).
point(11, -165197.0, -27827.0).
point(12, 154727.0, 285582.0).
point(13, 63871.0, -23629.0).
point(14, -272008.0, -301668.0).
point(15, -51944.0, 112820.0).
point(16, 105007.0, 67636.0).
point(17, 490325.0, 337053.0).
point(18, 21252.0, 58390.0).
point(19, 116483.0, 102547.0).
point(20, -340151.0, -42015.0).
point(21, -168215.0, 234709.0).
point(22, -82686.0, 105380.0).
point(23, -9824.0, -80481.0).
point(24, 8625.0, 79319.0).
point(25, 46922.0, 338498.0).
point(26, 224825.0, -208912.0).
point(27, 205225.0, -92287.0).
cost(1, 2, 461494).
cost(1, 3, 414188).
cost(1, 4, 403940).
cost(1, 5, 459024).
cost(1, 6, 381750).
cost(1, 7, 463179).
cost(1, 8, 112689).
cost(1, 9, 557962).
cost(1, 10, 341703).
cost(1, 11, 437093).
cost(1, 12, 195116).
cost(1, 13, 230170).
cost(1, 14, 666017).
cost(1, 15, 300096).
cost(1, 16, 150551).
cost(1, 17, 329052).
cost(1, 18, 233679).
cost(1, 19, 132187).
cost(1, 20, 608708).
cost(1, 21, 433428).
cost(1, 22, 330954).
cost(1, 23, 323239).
cost(1, 24, 242062).
cost(1, 25, 301270).
cost(1, 26, 324037).
cost(1, 27, 210984).
cost(2, 1, 461494).
cost(2, 3, 495835).
cost(2, 4, 520325).
cost(2, 5, 250940).
cost(2, 6, 187589).
cost(2, 7, 81961).
cost(2, 8, 482203).
cost(2, 9, 97175).
cost(2, 10, 157288).
cost(2, 11, 193822).
cost(2, 12, 545823).
cost(2, 13, 234610).
cost(2, 14, 210266).
cost(2, 15, 319111).
cost(2, 16, 332224).
cost(2, 17, 790512).
cost(2, 18, 283767).
cost(2, 19, 367558).
cost(2, 20, 302059).
cost(2, 21, 446943).
cost(2, 22, 309912).
cost(2, 23, 145316).
cost(2, 24, 299047).
cost(2, 25, 558937).
cost(2, 26, 310386).
cost(2, 27, 311664).
cost(3, 1, 414188).
cost(3, 2, 495835).
cost(3, 4, 36076).
cost(3, 5, 280983).
cost(3, 6, 573329).
cost(3, 7, 558760).
cost(3, 8, 315716).
cost(3, 9, 552558).
cost(3, 10, 506125).
cost(3, 11, 319672).
cost(3, 12, 281876).
cost(3, 13, 366839).
cost(3, 14, 608731).
cost(3, 15, 192072).
cost(3, 16, 321151).
cost(3, 17, 619269).
cost(3, 18, 274697).
cost(3, 19, 307116).
cost(3, 20, 394119).
cost(3, 21, 68544).
cost(3, 22, 189473).
cost(3, 23, 388195).
cost(3, 24, 250264).
cost(3, 25, 180790).
cost(3, 26, 610204).
cost(3, 27, 506229).
cost(4, 1, 403940).
cost(4, 2, 520325).
cost(4, 3, 36076).
cost(4, 5, 313091).
cost(4, 6, 588252).
cost(4, 7, 580464).
cost(4, 8, 300706).
cost(4, 9, 580613).
cost(4, 10, 521401).
cost(4, 11, 349122).
cost(4, 12, 258553).
cost(4, 13, 377596).
cost(4, 14, 640175).
cost(4, 15, 208832).
cost(4, 16, 323024).
cost(4, 17, 592799).
cost(4, 18, 285201).
cost(4, 19, 305187).
cost(4, 20, 429562).
cost(4, 21, 104439).
cost(4, 22, 211056).
cost(4, 23, 406629).
cost(4, 24, 260880).
cost(4, 25, 150764).
cost(4, 26, 617999).
cost(4, 27, 510651).
cost(5, 1, 459024).
cost(5, 2, 250940).
cost(5, 3, 280983).
cost(5, 4, 313091).
cost(5, 6, 394082).
cost(5, 7, 329052).
cost(5, 8, 418389).
cost(5, 9, 282550).
cost(5, 10, 333272).
cost(5, 11, 58322).
cost(5, 12, 444689).
cost(5, 13, 267940).
cost(5, 14, 327909).
cost(5, 15, 176232).
cost(5, 16, 309696).
cost(5, 17, 761001).
cost(5, 18, 225575).
cost(5, 19, 328203).
cost(5, 20, 151931).
cost(5, 21, 218737).
cost(5, 22, 146642).
cost(5, 23, 215015).
cost(5, 24, 218057).
cost(5, 25, 404724).
cost(5, 26, 482481).
cost(5, 27, 420796).
cost(6, 1, 381750).
cost(6, 2, 187589).
cost(6, 3, 573329).
cost(6, 4, 588252).
cost(6, 5, 394082).
cost(6, 7, 126226).
cost(6, 8, 444569).
cost(6, 9, 264394).
cost(6, 10, 67316).
cost(6, 11, 337252).
cost(6, 12, 525728).
cost(6, 13, 216476).
cost(6, 14, 376754).
cost(6, 15, 381259).
cost(6, 16, 304895).
cost(6, 17, 694808).
cost(6, 18, 305696).
cost(6, 19, 340191).
cost(6, 20, 480749).
cost(6, 21, 542409).
cost(6, 22, 387869).
cost(6, 23, 190909).
cost(6, 24, 329225).
cost(6, 25, 578070).
cost(6, 26, 128781).
cost(6, 27, 179567).
cost(7, 1, 463179).
cost(7, 2, 81961).
cost(7, 3, 558760).
cost(7, 4, 580464).
cost(7, 5, 329052).
cost(7, 6, 126226).
cost(7, 8, 502378).
cost(7, 9, 139075).
cost(7, 10, 125566).
cost(7, 11, 271030).
cost(7, 12, 574214).
cost(7, 13, 252320).
cost(7, 14, 250534).
cost(7, 15, 373573).
cost(7, 16, 352283).
cost(7, 17, 788524).
cost(7, 18, 321514).
cost(7, 19, 388971).
cost(7, 20, 383068).
cost(7, 21, 514810).
cost(7, 22, 369688).
cost(7, 23, 179940).
cost(7, 24, 340762).
cost(7, 25, 602586).
cost(7, 26, 254952).
cost(7, 27, 284707).
cost(8, 1, 112689).
cost(8, 2, 482203).
cost(8, 3, 315716).
cost(8, 4, 300706).
cost(8, 5, 418389).
cost(8, 6, 444569).
cost(8, 7, 502378).
cost(8, 9, 573933).
cost(8, 10, 392329).
cost(8, 11, 410523).
cost(8, 12, 87458).
cost(8, 13, 250725).
cost(8, 14, 673011).
cost(8, 15, 244144).
cost(8, 16, 150747).
cost(8, 17, 342776).
cost(8, 18, 210118).
cost(8, 19, 114709).
cost(8, 20, 570222).
cost(8, 21, 345723).
cost(8, 22, 275534).
cost(8, 23, 336951).
cost(8, 24, 206625).
cost(8, 25, 188689).
cost(8, 26, 412541).
cost(8, 27, 294467).
cost(9, 1, 557962).
cost(9, 2, 97175).
cost(9, 3, 552558).
cost(9, 4, 580613).
cost(9, 5, 282550).
cost(9, 6, 264394).
cost(9, 7, 139075).
cost(9, 8, 573933).
cost(9, 10, 248326).
cost(9, 11, 233929).
cost(9, 12, 633405).
cost(9, 13, 329631).
cost(9, 14, 115089).
cost(9, 15, 390993).
cost(9, 16, 425318).
cost(9, 17, 887012).
cost(9, 18, 369909).
cost(9, 19, 459804).
cost(9, 20, 281589).
cost(9, 21, 496479).
cost(9, 22, 376043).
cost(9, 23, 238010).
cost(9, 24, 382297).
cost(9, 25, 636251).
cost(9, 26, 392461).
cost(9, 27, 406315).
cost(10, 1, 341703).
cost(10, 2, 157288).
cost(10, 3, 506125).
cost(10, 4, 521401).
cost(10, 5, 333272).
cost(10, 6, 67316).
cost(10, 7, 125566).
cost(10, 8, 392329).
cost(10, 9, 248326).
cost(10, 11, 277869).
cost(10, 12, 470286).
cost(10, 13, 153350).
cost(10, 14, 363415).
cost(10, 15, 314054).
cost(10, 16, 247110).
cost(10, 17, 664366).
cost(10, 18, 240130).
cost(10, 19, 283383).
cost(10, 20, 431101).
cost(10, 21, 475211).
cost(10, 22, 320585).
cost(10, 23, 124722).
cost(10, 24, 263290).
cost(10, 25, 515866).
cost(10, 26, 158778).
cost(10, 27, 160090).
cost(11, 1, 437093).
cost(11, 2, 193822).
cost(11, 3, 319672).
cost(11, 4, 349122).
cost(11, 5, 58322).
cost(11, 6, 337252).
cost(11, 7, 271030).
cost(11, 8, 410523).
cost(11, 9, 233929).
cost(11, 10, 277869).
cost(11, 12, 447858).
cost(11, 13, 229106).
cost(11, 14, 293934).
cost(11, 15, 180576).
cost(11, 16, 286572).
cost(11, 17, 750231).
cost(11, 18, 205418).
cost(11, 19, 310388).
cost(11, 20, 175528).
cost(11, 21, 262553).
cost(11, 22, 156691).
cost(11, 23, 164052).
cost(11, 24, 204192).
cost(11, 25, 423307).
cost(11, 26, 430010).
cost(11, 27, 375989).
cost(12, 1, 195116).
cost(12, 2, 545823).
cost(12, 3, 281876).
cost(12, 4, 258553).
cost(12, 5, 444689).
cost(12, 6, 525728).
cost(12, 7, 574214).
cost(12, 8, 87458).
cost(12, 9, 633405).
cost(12, 10, 470286).
cost(12, 11, 447858).
cost(12, 13, 322283).
cost(12, 14, 725924).
cost(12, 15, 269369).
cost(12, 16, 223545).
cost(12, 17, 339522).
cost(12, 18, 263499).
cost(12, 19, 186988).
cost(12, 20, 593485).
cost(12, 21, 326924).
cost(12, 22, 298057).
cost(12, 23, 401347).
cost(12, 24, 252765).
cost(12, 25, 120092).
cost(12, 26, 499438).
cost(12, 27, 381228).
cost(13, 1, 230170).
cost(13, 2, 234610).
cost(13, 3, 366839).
cost(13, 4, 377596).
cost(13, 5, 267940).
cost(13, 6, 216476).
cost(13, 7, 252320).
cost(13, 8, 250725).
cost(13, 9, 329631).
cost(13, 10, 153350).
cost(13, 11, 229106).
cost(13, 12, 322283).
cost(13, 14, 436028).
cost(13, 15, 178973).
cost(13, 16, 100107).
cost(13, 17, 558529).
cost(13, 18, 92431).
cost(13, 19, 136706).
cost(13, 20, 404440).
cost(13, 21, 347279).
cost(13, 22, 195249).
cost(13, 23, 93076).
cost(13, 24, 116835).
cost(13, 25, 362523).
cost(13, 26, 245430).
cost(13, 27, 157146).
cost(14, 1, 666017).
cost(14, 2, 210266).
cost(14, 3, 608731).
cost(14, 4, 640175).
cost(14, 5, 327909).
cost(14, 6, 376754).
cost(14, 7, 250534).
cost(14, 8, 673011).
cost(14, 9, 115089).
cost(14, 10, 363415).
cost(14, 11, 293934).
cost(14, 12, 725924).
cost(14, 13, 436028).
cost(14, 15, 469285).
cost(14, 16, 527755).
cost(14, 17, 994543).
cost(14, 18, 464374).
cost(14, 19, 560638).
cost(14, 20, 268446).
cost(14, 21, 546327).
cost(14, 22, 448922).
cost(14, 23, 343022).
cost(14, 24, 473187).
cost(14, 25, 715212).
cost(14, 26, 505417).
cost(14, 27, 521145).
cost(15, 1, 300096).
cost(15, 2, 319111).
cost(15, 3, 192072).
cost(15, 4, 208832).
cost(15, 5, 176232).
cost(15, 6, 381259).
cost(15, 7, 373573).
cost(15, 8, 244144).
cost(15, 9, 390993).
cost(15, 10, 314054).
cost(15, 11, 180576).
cost(15, 12, 269369).
cost(15, 13, 178973).
cost(15, 14, 469285).
cost(15, 16, 163325).
cost(15, 17, 586802).
cost(15, 18, 91216).
cost(15, 19, 168740).
cost(15, 20, 327165).
cost(15, 21, 168451).
cost(15, 22, 31629).
cost(15, 23, 197837).
cost(15, 24, 69216).
cost(15, 25, 246384).
cost(15, 26, 424397).
cost(15, 27, 328945).
cost(16, 1, 150551).
cost(16, 2, 332224).
cost(16, 3, 321151).
cost(16, 4, 323024).
cost(16, 5, 309696).
cost(16, 6, 304895).
cost(16, 7, 352283).
cost(16, 8, 150747).
cost(16, 9, 425318).
cost(16, 10, 247110).
cost(16, 11, 286572).
cost(16, 12, 223545).
cost(16, 13, 100107).
cost(16, 14, 527755).
cost(16, 15, 163325).
cost(16, 17, 470165).
cost(16, 18, 84264).
cost(16, 19, 36749).
cost(16, 20, 458464).
cost(16, 21, 320256).
cost(16, 22, 191450).
cost(16, 23, 187416).
cost(16, 24, 97087).
cost(16, 25, 277020).
cost(16, 26, 301389).
cost(16, 27, 188730).
cost(17, 1, 329052).
cost(17, 2, 790512).
cost(17, 3, 619269).
cost(17, 4, 592799).
cost(17, 5, 761001).
cost(17, 6, 694808).
cost(17, 7, 788524).
cost(17, 8, 342776).
cost(17, 9, 887012).
cost(17, 10, 664366).
cost(17, 11, 750231).
cost(17, 12, 339522).
cost(17, 13, 558529).
cost(17, 14, 994543).
cost(17, 15, 586802).
cost(17, 16, 470165).
cost(17, 18, 545603).
cost(17, 19, 441306).
cost(17, 20, 912898).
cost(17, 21, 666445).
cost(17, 22, 618073).
cost(17, 23, 651524).
cost(17, 24, 546316).
cost(17, 25, 443405).
cost(17, 26, 607098).
cost(17, 27, 515378).
cost(18, 1, 233679).
cost(18, 2, 283767).
cost(18, 3, 274697).
cost(18, 4, 285201).
cost(18, 5, 225575).
cost(18, 6, 305696).
cost(18, 7, 321514).
cost(18, 8, 210118).
cost(18, 9, 369909).
cost(18, 10, 240130).
cost(18, 11, 205418).
cost(18, 12, 263499).
cost(18, 13, 92431).
cost(18, 14, 464374).
cost(18, 15, 91216).
cost(18, 16, 84264).
cost(18, 17, 545603).
cost(18, 19, 104970).
cost(18, 20, 375091).
cost(18, 21, 258817).
cost(18, 22, 114067).
cost(18, 23, 142306).
cost(18, 24, 24443).
cost(18, 25, 281282).
cost(18, 26, 335995).
cost(18, 27, 237802).
cost(19, 1, 132187).
cost(19, 2, 367558).
cost(19, 3, 307116).
cost(19, 4, 305187).
cost(19, 5, 328203).
cost(19, 6, 340191).
cost(19, 7, 388971).
cost(19, 8, 114709).
cost(19, 9, 459804).
cost(19, 10, 283383).
cost(19, 11, 310388).
cost(19, 12, 186988).
cost(19, 13, 136706).
cost(19, 14, 560638).
cost(19, 15, 168740).
cost(19, 16, 36749).
cost(19, 17, 441306).
cost(19, 18, 104970).
cost(19, 20, 478971).
cost(19, 21, 313879).
cost(19, 22, 199189).
cost(19, 23, 222380).
cost(19, 24, 110331).
cost(19, 25, 245991).
cost(19, 26, 329765).
cost(19, 27, 214092).
cost(20, 1, 608708).
cost(20, 2, 302059).
cost(20, 3, 394119).
cost(20, 4, 429562).
cost(20, 5, 151931).
cost(20, 6, 480749).
cost(20, 7, 383068).
cost(20, 8, 570222).
cost(20, 9, 281589).
cost(20, 10, 431101).
cost(20, 11, 175528).
cost(20, 12, 593485).
cost(20, 13, 404440).
cost(20, 14, 268446).
cost(20, 15, 327165).
cost(20, 16, 458464).
cost(20, 17, 912898).
cost(20, 18, 375091).
cost(20, 19, 478971).
cost(20, 21, 325789).
cost(20, 22, 296671).
cost(20, 23, 332559).
cost(20, 24, 369279).
cost(20, 25, 542785).
cost(20, 26, 589112).
cost(20, 27, 547688).
cost(21, 1, 433428).
cost(21, 2, 446943).
cost(21, 3, 68544).
cost(21, 4, 104439).
cost(21, 5, 218737).
cost(21, 6, 542409).
cost(21, 7, 514810).
cost(21, 8, 345723).
cost(21, 9, 496479).
cost(21, 10, 475211).
cost(21, 11, 262553).
cost(21, 12, 326924).
cost(21, 13, 347279).
cost(21, 14, 546327).
cost(21, 15, 168451).
cost(21, 16, 320256).
cost(21, 17, 666445).
cost(21, 18, 258817).
cost(21, 19, 313879).
cost(21, 20, 325789).
cost(21, 22, 155052).
cost(21, 23, 352750).
cost(21, 24, 235411).
cost(21, 25, 238864).
cost(21, 26, 592689).
cost(21, 27, 496371).
cost(22, 1, 330954).
cost(22, 2, 309912).
cost(22, 3, 189473).
cost(22, 4, 211056).
cost(22, 5, 146642).
cost(22, 6, 387869).
cost(22, 7, 369688).
cost(22, 8, 275534).
cost(22, 9, 376043).
cost(22, 10, 320585).
cost(22, 11, 156691).
cost(22, 12, 298057).
cost(22, 13, 195249).
cost(22, 14, 448922).
cost(22, 15, 31629).
cost(22, 16, 191450).
cost(22, 17, 618073).
cost(22, 18, 114067).
cost(22, 19, 199189).
cost(22, 20, 296671).
cost(22, 21, 155052).
cost(22, 23, 199633).
cost(22, 24, 94957).
cost(22, 25, 266725).
cost(22, 26, 439707).
cost(22, 27, 349235).
cost(23, 1, 323239).
cost(23, 2, 145316).
cost(23, 3, 388195).
cost(23, 4, 406629).
cost(23, 5, 215015).
cost(23, 6, 190909).
cost(23, 7, 179940).
cost(23, 8, 336951).
cost(23, 9, 238010).
cost(23, 10, 124722).
cost(23, 11, 164052).
cost(23, 12, 401347).
cost(23, 13, 93076).
cost(23, 14, 343022).
cost(23, 15, 197837).
cost(23, 16, 187416).
cost(23, 17, 651524).
cost(23, 18, 142306).
cost(23, 19, 222380).
cost(23, 20, 332559).
cost(23, 21, 352750).
cost(23, 22, 199633).
cost(23, 24, 160861).
cost(23, 25, 422804).
cost(23, 26, 267497).
cost(23, 27, 215373).
cost(24, 1, 242062).
cost(24, 2, 299047).
cost(24, 3, 250264).
cost(24, 4, 260880).
cost(24, 5, 218057).
cost(24, 6, 329225).
cost(24, 7, 340762).
cost(24, 8, 206625).
cost(24, 9, 382297).
cost(24, 10, 263290).
cost(24, 11, 204192).
cost(24, 12, 252765).
cost(24, 13, 116835).
cost(24, 14, 473187).
cost(24, 15, 69216).
cost(24, 16, 97087).
cost(24, 17, 546316).
cost(24, 18, 24443).
cost(24, 19, 110331).
cost(24, 20, 369279).
cost(24, 21, 235411).
cost(24, 22, 94957).
cost(24, 23, 160861).
cost(24, 25, 261993).
cost(24, 26, 360305).
cost(24, 27, 260960).
cost(25, 1, 301270).
cost(25, 2, 558937).
cost(25, 3, 180790).
cost(25, 4, 150764).
cost(25, 5, 404724).
cost(25, 6, 578070).
cost(25, 7, 602586).
cost(25, 8, 188689).
cost(25, 9, 636251).
cost(25, 10, 515866).
cost(25, 11, 423307).
cost(25, 12, 120092).
cost(25, 13, 362523).
cost(25, 14, 715212).
cost(25, 15, 246384).
cost(25, 16, 277020).
cost(25, 17, 443405).
cost(25, 18, 281282).
cost(25, 19, 245991).
cost(25, 20, 542785).
cost(25, 21, 238864).
cost(25, 22, 266725).
cost(25, 23, 422804).
cost(25, 24, 261993).
cost(25, 26, 575593).
cost(25, 27, 458950).
cost(26, 1, 324037).
cost(26, 2, 310386).
cost(26, 3, 610204).
cost(26, 4, 617999).
cost(26, 5, 482481).
cost(26, 6, 128781).
cost(26, 7, 254952).
cost(26, 8, 412541).
cost(26, 9, 392461).
cost(26, 10, 158778).
cost(26, 11, 430010).
cost(26, 12, 499438).
cost(26, 13, 245430).
cost(26, 14, 505417).
cost(26, 15, 424397).
cost(26, 16, 301389).
cost(26, 17, 607098).
cost(26, 18, 335995).
cost(26, 19, 329765).
cost(26, 20, 589112).
cost(26, 21, 592689).
cost(26, 22, 439707).
cost(26, 23, 267497).
cost(26, 24, 360305).
cost(26, 25, 575593).
cost(26, 27, 118261).
cost(27, 1, 210984).
cost(27, 2, 311664).
cost(27, 3, 506229).
cost(27, 4, 510651).
cost(27, 5, 420796).
cost(27, 6, 179567).
cost(27, 7, 284707).
cost(27, 8, 294467).
cost(27, 9, 406315).
cost(27, 10, 160090).
cost(27, 11, 375989).
cost(27, 12, 381228).
cost(27, 13, 157146).
cost(27, 14, 521145).
cost(27, 15, 328945).
cost(27, 16, 188730).
cost(27, 17, 515378).
cost(27, 18, 237802).
cost(27, 19, 214092).
cost(27, 20, 547688).
cost(27, 21, 496371).
cost(27, 22, 349235).
cost(27, 23, 215373).
cost(27, 24, 260960).
cost(27, 25, 458950).
cost(27, 26, 118261).
nocross(1,4).
nocross(1,8).
nocross(1,16).
nocross(1,27).
nocross(2,5).
nocross(2,7).
nocross(2,9).
nocross(2,10).
nocross(2,11).
nocross(2,22).
nocross(2,23).
nocross(3,15).
nocross(3,21).
nocross(3,22).
nocross(3,24).
nocross(4,15).
nocross(4,22).
nocross(5,2).
nocross(5,4).
nocross(5,7).
nocross(5,9).
nocross(5,15).
nocross(5,21).
nocross(5,22).
nocross(5,23).
nocross(5,24).
nocross(6,2).
nocross(6,7).
nocross(6,23).
nocross(6,26).
nocross(7,2).
nocross(7,6).
nocross(7,9).
nocross(7,10).
nocross(7,22).
nocross(7,23).
nocross(8,1).
nocross(8,4).
nocross(8,24).
nocross(9,2).
nocross(9,4).
nocross(9,5).
nocross(9,7).
nocross(9,20).
nocross(9,22).
nocross(10,2).
nocross(10,7).
nocross(10,9).
nocross(10,13).
nocross(10,22).
nocross(10,23).
nocross(10,26).
nocross(10,27).
nocross(11,2).
nocross(11,4).
nocross(11,7).
nocross(11,13).
nocross(11,15).
nocross(11,21).
nocross(11,22).
nocross(11,23).
nocross(11,24).
nocross(12,4).
nocross(12,8).
nocross(12,24).
nocross(12,25).
nocross(13,7).
nocross(13,15).
nocross(13,16).
nocross(13,18).
nocross(13,22).
nocross(13,23).
nocross(13,24).
nocross(13,26).
nocross(14,7).
nocross(14,20).
nocross(15,2).
nocross(15,4).
nocross(15,5).
nocross(15,8).
nocross(15,21).
nocross(15,22).
nocross(15,23).
nocross(15,24).
nocross(15,25).
nocross(16,1).
nocross(16,4).
nocross(16,13).
nocross(16,18).
nocross(16,23).
nocross(16,24).
nocross(16,25).
nocross(16,27).
nocross(17,1).
nocross(17,4).
nocross(17,8).
nocross(17,12).
nocross(17,25).
nocross(18,4).
nocross(18,5).
nocross(18,13).
nocross(18,15).
nocross(18,16).
nocross(18,22).
nocross(18,23).
nocross(18,24).
nocross(18,25).
nocross(19,1).
nocross(19,4).
nocross(19,8).
nocross(19,16).
nocross(20,4).
nocross(20,14).
nocross(21,4).
nocross(21,5).
nocross(21,15).
nocross(21,22).
nocross(21,24).
nocross(22,2).
nocross(22,4).
nocross(22,5).
nocross(22,8).
nocross(22,13).
nocross(22,15).
nocross(22,21).
nocross(22,23).
nocross(22,24).
nocross(22,25).
nocross(23,2).
nocross(23,5).
nocross(23,7).
nocross(23,9).
nocross(23,13).
nocross(23,14).
nocross(23,15).
nocross(23,16).
nocross(23,18).
nocross(23,22).
nocross(23,24).
nocross(23,27).
nocross(24,4).
nocross(24,15).
nocross(24,16).
nocross(24,22).
nocross(24,23).
nocross(24,25).
nocross(25,4).
nocross(25,8).
nocross(25,24).
nocross(26,6).
nocross(26,10).
nocross(27,1).
nocross(27,4).
nocross(27,6).
nocross(27,10).
nocross(27,13).
nocross(27,16).
nocross(27,22).
nocross(27,23).
