dimension(27).
point(1, 99771.0, 91289.0).
point(2, -327118.0, -223155.0).
point(3, 152228.0, 58802.0).
point(4, 167496.0, 285180.0).
point(5, 44081.0, -300851.0).
point(6, 317289.0, -294632.0).
point(7, 233684.0, -7638.0).
point(8, -215808.0, 149021.0).
point(9, 324516.0, 89993.0).
point(10, -44438.0, -240831.0).
point(11, 85820.0, 132211.0).
point(12, -165477.0, 157807.0).
point(13, 312915.0, -235342.0).
point(14, -162117.0, -224167.0).
point(15, 284253.0, 16425.0).
point(16, -38349.0, -274497.0).
point(17, -88793.0, 117584.0).
point(18, 301753.0, 202061.0).
point(19, -374863.0, -6866.0).
point(20, 240321.0, -120065.0).
point(21, -113441.0, 21179.0).
point(22, 109296.0, 129050.0).
point(23, 37631.0, -193780.0).
point(24, 184847.0, -152669.0).
point(25, 204529.0, 770.0).
point(26, 317685.0, 63416.0).
point(27, 12773.0, 91123.0).
cost(1, 2, 530197).
cost(1, 3, 61702).
cost(1, 4, 205379).
cost(1, 5, 396075).
cost(1, 6, 443000).
cost(1, 7, 166491).
cost(1, 8, 320816).
cost(1, 9, 224749).
cost(1, 10, 362077).
cost(1, 11, 43235).
cost(1, 12, 273461).
cost(1, 13, 390023).
cost(1, 14, 409997).
cost(1, 15, 199094).
cost(1, 16, 390994).
cost(1, 17, 190389).
cost(1, 18, 230363).
cost(1, 19, 484677).
cost(1, 20, 253820).
cost(1, 21, 224443).
cost(1, 22, 38944).
cost(1, 23, 291763).
cost(1, 24, 258367).
cost(1, 25, 138448).
cost(1, 26, 219689).
cost(1, 27, 86998).
cost(2, 1, 530197).
cost(2, 3, 556123).
cost(2, 4, 709258).
cost(2, 5, 379243).
cost(2, 6, 648359).
cost(2, 7, 600788).
cost(2, 8, 388465).
cost(2, 9, 722972).
cost(2, 10, 283232).
cost(2, 11, 544796).
cost(2, 12, 413836).
cost(2, 13, 640149).
cost(2, 14, 165004).
cost(2, 15, 656638).
cost(2, 16, 293298).
cost(2, 17, 415815).
cost(2, 18, 759136).
cost(2, 19, 221496).
cost(2, 20, 576727).
cost(2, 21, 324587).
cost(2, 22, 560808).
cost(2, 23, 365930).
cost(2, 24, 516794).
cost(2, 25, 576880).
cost(2, 26, 705616).
cost(2, 27, 462922).
cost(3, 1, 61702).
cost(3, 2, 556123).
cost(3, 4, 226892).
cost(3, 5, 375561).
cost(3, 6, 390078).
cost(3, 7, 105116).
cost(3, 8, 378933).
cost(3, 9, 175089).
cost(3, 10, 358410).
cost(3, 11, 98989).
cost(3, 12, 332774).
cost(3, 13, 335173).
cost(3, 14, 422947).
cost(3, 15, 138659).
cost(3, 16, 383937).
cost(3, 17, 248086).
cost(3, 18, 207077).
cost(3, 19, 531166).
cost(3, 20, 199384).
cost(3, 21, 268320).
cost(3, 22, 82328).
cost(3, 23, 277363).
cost(3, 24, 213972).
cost(3, 25, 78122).
cost(3, 26, 165521).
cost(3, 27, 143151).
cost(4, 1, 205379).
cost(4, 2, 709258).
cost(4, 3, 226892).
cost(4, 5, 598885).
cost(4, 6, 598849).
cost(4, 7, 300205).
cost(4, 8, 406769).
cost(4, 9, 250506).
cost(4, 10, 567101).
cost(4, 11, 173408).
cost(4, 12, 356504).
cost(4, 13, 540453).
cost(4, 14, 606695).
cost(4, 15, 293021).
cost(4, 16, 596331).
cost(4, 17, 306223).
cost(4, 18, 157904).
cost(4, 19, 615990).
cost(4, 20, 411737).
cost(4, 21, 385515).
cost(4, 22, 166625).
cost(4, 23, 496254).
cost(4, 24, 438193).
cost(4, 25, 286811).
cost(4, 26, 267836).
cost(4, 27, 248188).
cost(5, 1, 396075).
cost(5, 2, 379243).
cost(5, 3, 375561).
cost(5, 4, 598885).
cost(5, 6, 273279).
cost(5, 7, 349175).
cost(5, 8, 519545).
cost(5, 9, 481043).
cost(5, 10, 106949).
cost(5, 11, 435069).
cost(5, 12, 504264).
cost(5, 13, 276700).
cost(5, 14, 219996).
cost(5, 15, 397928).
cost(5, 16, 86540).
cost(5, 17, 439025).
cost(5, 18, 565080).
cost(5, 19, 511802).
cost(5, 20, 266822).
cost(5, 21, 358492).
cost(5, 22, 434819).
cost(5, 23, 107265).
cost(5, 24, 204384).
cost(5, 25, 341641).
cost(5, 26, 455576).
cost(5, 27, 393222).
cost(6, 1, 443000).
cost(6, 2, 648359).
cost(6, 3, 390078).
cost(6, 4, 598849).
cost(6, 5, 273279).
cost(6, 7, 298924).
cost(6, 8, 693556).
cost(6, 9, 384693).
cost(6, 10, 365706).
cost(6, 11, 485564).
cost(6, 12, 661637).
cost(6, 13, 59451).
cost(6, 14, 484557).
cost(6, 15, 312806).
cost(6, 16, 356208).
cost(6, 17, 578640).
cost(6, 18, 496936).
cost(6, 19, 749589).
cost(6, 20, 190782).
cost(6, 21, 534102).
cost(6, 22, 471983).
cost(6, 23, 297287).
cost(6, 24, 194150).
cost(6, 25, 316192).
cost(6, 26, 358048).
cost(6, 27, 491464).
cost(7, 1, 166491).
cost(7, 2, 600788).
cost(7, 3, 105116).
cost(7, 4, 300205).
cost(7, 5, 349175).
cost(7, 6, 298924).
cost(7, 8, 476010).
cost(7, 9, 133350).
cost(7, 10, 362947).
cost(7, 11, 203523).
cost(7, 12, 432090).
cost(7, 13, 241095).
cost(7, 14, 451158).
cost(7, 15, 56002).
cost(7, 16, 381072).
cost(7, 17, 345936).
cost(7, 18, 220470).
cost(7, 19, 608547).
cost(7, 20, 112623).
cost(7, 21, 348319).
cost(7, 22, 184813).
cost(7, 23, 270344).
cost(7, 24, 153033).
cost(7, 25, 30343).
cost(7, 26, 110022).
cost(7, 27, 241982).
cost(8, 1, 320816).
cost(8, 2, 388465).
cost(8, 3, 378933).
cost(8, 4, 406769).
cost(8, 5, 519545).
cost(8, 6, 693556).
cost(8, 7, 476010).
cost(8, 9, 543539).
cost(8, 10, 425855).
cost(8, 11, 302096).
cost(8, 12, 51092).
cost(8, 13, 653669).
cost(8, 14, 377031).
cost(8, 15, 517342).
cost(8, 16, 459194).
cost(8, 17, 130848).
cost(8, 18, 520272).
cost(8, 19, 222709).
cost(8, 20, 529586).
cost(8, 21, 163776).
cost(8, 22, 325717).
cost(8, 23, 426314).
cost(8, 24, 501539).
cost(8, 25, 445715).
cost(8, 26, 540317).
cost(8, 27, 235800).
cost(9, 1, 224749).
cost(9, 2, 722972).
cost(9, 3, 175089).
cost(9, 4, 250506).
cost(9, 5, 481043).
cost(9, 6, 384693).
cost(9, 7, 133350).
cost(9, 8, 543539).
cost(9, 10, 495552).
cost(9, 11, 242401).
cost(9, 12, 494663).
cost(9, 13, 325542).
cost(9, 14, 579231).
cost(9, 15, 83865).
cost(9, 16, 514319).
cost(9, 17, 414229).
cost(9, 18, 114356).
cost(9, 19, 706054).
cost(9, 20, 226303).
cost(9, 21, 443330).
cost(9, 22, 218735).
cost(9, 23, 403522).
cost(9, 24, 279986).
cost(9, 25, 149525).
cost(9, 26, 27441).
cost(9, 27, 311745).
cost(10, 1, 362077).
cost(10, 2, 283232).
cost(10, 3, 358410).
cost(10, 4, 567101).
cost(10, 5, 106949).
cost(10, 6, 365706).
cost(10, 7, 362947).
cost(10, 8, 425855).
cost(10, 9, 495552).
cost(10, 11, 395130).
cost(10, 12, 416609).
cost(10, 13, 357395).
cost(10, 14, 118853).
cost(10, 15, 417395).
cost(10, 16, 34212).
cost(10, 17, 361149).
cost(10, 18, 562140).
cost(10, 19, 404871).
cost(10, 20, 309309).
cost(10, 21, 270944).
cost(10, 22, 400557).
cost(10, 23, 94600).
cost(10, 24, 245650).
cost(10, 25, 346923).
cost(10, 26, 472969).
cost(10, 27, 336848).
cost(11, 1, 43235).
cost(11, 2, 544796).
cost(11, 3, 98989).
cost(11, 4, 173408).
cost(11, 5, 435069).
cost(11, 6, 485564).
cost(11, 7, 203523).
cost(11, 8, 302096).
cost(11, 9, 242401).
cost(11, 10, 395130).
cost(11, 12, 252597).
cost(11, 13, 432050).
cost(11, 14, 434141).
cost(11, 15, 229743).
cost(11, 16, 425240).
cost(11, 17, 175225).
cost(11, 18, 226950).
cost(11, 19, 481218).
cost(11, 20, 295827).
cost(11, 21, 228108).
cost(11, 22, 23688).
cost(11, 23, 329533).
cost(11, 24, 301601).
cost(11, 25, 177112).
cost(11, 26, 241856).
cost(11, 27, 83810).
cost(12, 1, 273461).
cost(12, 2, 413836).
cost(12, 3, 332774).
cost(12, 4, 356504).
cost(12, 5, 504264).
cost(12, 6, 661637).
cost(12, 7, 432090).
cost(12, 8, 51092).
cost(12, 9, 494663).
cost(12, 10, 416609).
cost(12, 11, 252597).
cost(12, 13, 619213).
cost(12, 14, 381989).
cost(12, 15, 471430).
cost(12, 16, 450609).
cost(12, 17, 86593).
cost(12, 18, 469321).
cost(12, 19, 266383).
cost(12, 20, 491818).
cost(12, 21, 146202).
cost(12, 22, 276274).
cost(12, 23, 406037).
cost(12, 24, 468105).
cost(12, 25, 401952).
cost(12, 26, 492296).
cost(12, 27, 190315).
cost(13, 1, 390023).
cost(13, 2, 640149).
cost(13, 3, 335173).
cost(13, 4, 540453).
cost(13, 5, 276700).
cost(13, 6, 59451).
cost(13, 7, 241095).
cost(13, 8, 653669).
cost(13, 9, 325542).
cost(13, 10, 357395).
cost(13, 11, 432050).
cost(13, 12, 619213).
cost(13, 14, 475163).
cost(13, 15, 253393).
cost(13, 16, 353440).
cost(13, 17, 534721).
cost(13, 18, 437545).
cost(13, 19, 724734).
cost(13, 20, 136230).
cost(13, 21, 497577).
cost(13, 22, 417423).
cost(13, 23, 278404).
cost(13, 24, 152434).
cost(13, 25, 259801).
cost(13, 26, 298796).
cost(13, 27, 443469).
cost(14, 1, 409997).
cost(14, 2, 165004).
cost(14, 3, 422947).
cost(14, 4, 606695).
cost(14, 5, 219996).
cost(14, 6, 484557).
cost(14, 7, 451158).
cost(14, 8, 377031).
cost(14, 9, 579231).
cost(14, 10, 118853).
cost(14, 11, 434141).
cost(14, 12, 381989).
cost(14, 13, 475163).
cost(14, 15, 507081).
cost(14, 16, 133610).
cost(14, 17, 349528).
cost(14, 18, 629957).
cost(14, 19, 304106).
cost(14, 20, 415684).
cost(14, 21, 250128).
cost(14, 22, 445452).
cost(14, 23, 202046).
cost(14, 24, 354254).
cost(14, 25, 430146).
cost(14, 26, 559387).
cost(14, 27, 360547).
cost(15, 1, 199094).
cost(15, 2, 656638).
cost(15, 3, 138659).
cost(15, 4, 293021).
cost(15, 5, 397928).
cost(15, 6, 312806).
cost(15, 7, 56002).
cost(15, 8, 517342).
cost(15, 9, 83865).
cost(15, 10, 417395).
cost(15, 11, 229743).
cost(15, 12, 471430).
cost(15, 13, 253393).
cost(15, 14, 507081).
cost(15, 16, 434405).
cost(15, 17, 386518).
cost(15, 18, 186459).
cost(15, 19, 659527).
cost(15, 20, 143386).
cost(15, 21, 397722).
cost(15, 22, 208073).
cost(15, 23, 324050).
cost(15, 24, 196149).
cost(15, 25, 81247).
cost(15, 26, 57670).
cost(15, 27, 281569).
cost(16, 1, 390994).
cost(16, 2, 293298).
cost(16, 3, 383937).
cost(16, 4, 596331).
cost(16, 5, 86540).
cost(16, 6, 356208).
cost(16, 7, 381072).
cost(16, 8, 459194).
cost(16, 9, 514319).
cost(16, 10, 34212).
cost(16, 11, 425240).
cost(16, 12, 450609).
cost(16, 13, 353440).
cost(16, 14, 133610).
cost(16, 15, 434405).
cost(16, 17, 395313).
cost(16, 18, 585472).
cost(16, 19, 429963).
cost(16, 20, 318600).
cost(16, 21, 305062).
cost(16, 22, 429708).
cost(16, 23, 110852).
cost(16, 24, 254280).
cost(16, 25, 367099).
cost(16, 26, 490862).
cost(16, 27, 369177).
cost(17, 1, 190389).
cost(17, 2, 415815).
cost(17, 3, 248086).
cost(17, 4, 306223).
cost(17, 5, 439025).
cost(17, 6, 578640).
cost(17, 7, 345936).
cost(17, 8, 130848).
cost(17, 9, 414229).
cost(17, 10, 361149).
cost(17, 11, 175225).
cost(17, 12, 86593).
cost(17, 13, 534721).
cost(17, 14, 349528).
cost(17, 15, 386518).
cost(17, 16, 395313).
cost(17, 18, 399578).
cost(17, 19, 311968).
cost(17, 20, 405947).
cost(17, 21, 99506).
cost(17, 22, 198421).
cost(17, 23, 336051).
cost(17, 24, 384598).
cost(17, 25, 315727).
cost(17, 26, 410071).
cost(17, 27, 104956).
cost(18, 1, 230363).
cost(18, 2, 759136).
cost(18, 3, 207077).
cost(18, 4, 157904).
cost(18, 5, 565080).
cost(18, 6, 496936).
cost(18, 7, 220470).
cost(18, 8, 520272).
cost(18, 9, 114356).
cost(18, 10, 562140).
cost(18, 11, 226950).
cost(18, 12, 469321).
cost(18, 13, 437545).
cost(18, 14, 629957).
cost(18, 15, 186459).
cost(18, 16, 585472).
cost(18, 17, 399578).
cost(18, 19, 708138).
cost(18, 20, 327931).
cost(18, 21, 452884).
cost(18, 22, 205840).
cost(18, 23, 475868).
cost(18, 24, 373498).
cost(18, 25, 223541).
cost(18, 26, 139557).
cost(18, 27, 309543).
cost(19, 1, 484677).
cost(19, 2, 221496).
cost(19, 3, 531166).
cost(19, 4, 615990).
cost(19, 5, 511802).
cost(19, 6, 749589).
cost(19, 7, 608547).
cost(19, 8, 222709).
cost(19, 9, 706054).
cost(19, 10, 404871).
cost(19, 11, 481218).
cost(19, 12, 266383).
cost(19, 13, 724734).
cost(19, 14, 304106).
cost(19, 15, 659527).
cost(19, 16, 429963).
cost(19, 17, 311968).
cost(19, 18, 708138).
cost(19, 20, 625512).
cost(19, 21, 262922).
cost(19, 22, 502875).
cost(19, 23, 452867).
cost(19, 24, 578389).
cost(19, 25, 579442).
cost(19, 26, 696105).
cost(19, 27, 399829).
cost(20, 1, 253820).
cost(20, 2, 576727).
cost(20, 3, 199384).
cost(20, 4, 411737).
cost(20, 5, 266822).
cost(20, 6, 190782).
cost(20, 7, 112623).
cost(20, 8, 529586).
cost(20, 9, 226303).
cost(20, 10, 309309).
cost(20, 11, 295827).
cost(20, 12, 491818).
cost(20, 13, 136230).
cost(20, 14, 415684).
cost(20, 15, 143386).
cost(20, 16, 318600).
cost(20, 17, 405947).
cost(20, 18, 327931).
cost(20, 19, 625512).
cost(20, 21, 380917).
cost(20, 22, 281471).
cost(20, 23, 215678).
cost(20, 24, 64346).
cost(20, 25, 126024).
cost(20, 26, 199124).
cost(20, 27, 310449).
cost(21, 1, 224443).
cost(21, 2, 324587).
cost(21, 3, 268320).
cost(21, 4, 385515).
cost(21, 5, 358492).
cost(21, 6, 534102).
cost(21, 7, 348319).
cost(21, 8, 163776).
cost(21, 9, 443330).
cost(21, 10, 270944).
cost(21, 11, 228108).
cost(21, 12, 146202).
cost(21, 13, 497577).
cost(21, 14, 250128).
cost(21, 15, 397722).
cost(21, 16, 305062).
cost(21, 17, 99506).
cost(21, 18, 452884).
cost(21, 19, 262922).
cost(21, 20, 380917).
cost(21, 22, 247483).
cost(21, 23, 262736).
cost(21, 24, 345252).
cost(21, 25, 318624).
cost(21, 26, 433190).
cost(21, 27, 144299).
cost(22, 1, 38944).
cost(22, 2, 560808).
cost(22, 3, 82328).
cost(22, 4, 166625).
cost(22, 5, 434819).
cost(22, 6, 471983).
cost(22, 7, 184813).
cost(22, 8, 325717).
cost(22, 9, 218735).
cost(22, 10, 400557).
cost(22, 11, 23688).
cost(22, 12, 276274).
cost(22, 13, 417423).
cost(22, 14, 445452).
cost(22, 15, 208073).
cost(22, 16, 429708).
cost(22, 17, 198421).
cost(22, 18, 205840).
cost(22, 19, 502875).
cost(22, 20, 281471).
cost(22, 21, 247483).
cost(22, 23, 330689).
cost(22, 24, 291674).
cost(22, 25, 159766).
cost(22, 26, 218481).
cost(22, 27, 103707).
cost(23, 1, 291763).
cost(23, 2, 365930).
cost(23, 3, 277363).
cost(23, 4, 496254).
cost(23, 5, 107265).
cost(23, 6, 297287).
cost(23, 7, 270344).
cost(23, 8, 426314).
cost(23, 9, 403522).
cost(23, 10, 94600).
cost(23, 11, 329533).
cost(23, 12, 406037).
cost(23, 13, 278404).
cost(23, 14, 202046).
cost(23, 15, 324050).
cost(23, 16, 110852).
cost(23, 17, 336051).
cost(23, 18, 475868).
cost(23, 19, 452867).
cost(23, 20, 215678).
cost(23, 21, 262736).
cost(23, 22, 330689).
cost(23, 24, 152849).
cost(23, 25, 256329).
cost(23, 26, 380237).
cost(23, 27, 285985).
cost(24, 1, 258367).
cost(24, 2, 516794).
cost(24, 3, 213972).
cost(24, 4, 438193).
cost(24, 5, 204384).
cost(24, 6, 194150).
cost(24, 7, 153033).
cost(24, 8, 501539).
cost(24, 9, 279986).
cost(24, 10, 245650).
cost(24, 11, 301601).
cost(24, 12, 468105).
cost(24, 13, 152434).
cost(24, 14, 354254).
cost(24, 15, 196149).
cost(24, 16, 254280).
cost(24, 17, 384598).
cost(24, 18, 373498).
cost(24, 19, 578389).
cost(24, 20, 64346).
cost(24, 21, 345252).
cost(24, 22, 291674).
cost(24, 23, 152849).
cost(24, 25, 154696).
cost(24, 26, 253651).
cost(24, 27, 298402).
cost(25, 1, 138448).
cost(25, 2, 576880).
cost(25, 3, 78122).
cost(25, 4, 286811).
cost(25, 5, 341641).
cost(25, 6, 316192).
cost(25, 7, 30343).
cost(25, 8, 445715).
cost(25, 9, 149525).
cost(25, 10, 346923).
cost(25, 11, 177112).
cost(25, 12, 401952).
cost(25, 13, 259801).
cost(25, 14, 430146).
cost(25, 15, 81247).
cost(25, 16, 367099).
cost(25, 17, 315727).
cost(25, 18, 223541).
cost(25, 19, 579442).
cost(25, 20, 126024).
cost(25, 21, 318624).
cost(25, 22, 159766).
cost(25, 23, 256329).
cost(25, 24, 154696).
cost(25, 26, 129340).
cost(25, 27, 211976).
cost(26, 1, 219689).
cost(26, 2, 705616).
cost(26, 3, 165521).
cost(26, 4, 267836).
cost(26, 5, 455576).
cost(26, 6, 358048).
cost(26, 7, 110022).
cost(26, 8, 540317).
cost(26, 9, 27441).
cost(26, 10, 472969).
cost(26, 11, 241856).
cost(26, 12, 492296).
cost(26, 13, 298796).
cost(26, 14, 559387).
cost(26, 15, 57670).
cost(26, 16, 490862).
cost(26, 17, 410071).
cost(26, 18, 139557).
cost(26, 19, 696105).
cost(26, 20, 199124).
cost(26, 21, 433190).
cost(26, 22, 218481).
cost(26, 23, 380237).
cost(26, 24, 253651).
cost(26, 25, 129340).
cost(26, 27, 306168).
cost(27, 1, 86998).
cost(27, 2, 462922).
cost(27, 3, 143151).
cost(27, 4, 248188).
cost(27, 5, 393222).
cost(27, 6, 491464).
cost(27, 7, 241982).
cost(27, 8, 235800).
cost(27, 9, 311745).
cost(27, 10, 336848).
cost(27, 11, 83810).
cost(27, 12, 190315).
cost(27, 13, 443469).
cost(27, 14, 360547).
cost(27, 15, 281569).
cost(27, 16, 369177).
cost(27, 17, 104956).
cost(27, 18, 309543).
cost(27, 19, 399829).
cost(27, 20, 310449).
cost(27, 21, 144299).
cost(27, 22, 103707).
cost(27, 23, 285985).
cost(27, 24, 298402).
cost(27, 25, 211976).
cost(27, 26, 306168).
nocross(1,9).
nocross(1,12).
nocross(1,25).
nocross(1,26).
nocross(2,8).
nocross(2,12).
nocross(2,14).
nocross(3,9).
nocross(3,12).
nocross(3,15).
nocross(3,20).
nocross(3,25).
nocross(3,26).
nocross(4,7).
nocross(4,9).
nocross(4,12).
nocross(4,15).
nocross(4,26).
nocross(5,6).
nocross(5,10).
nocross(5,16).
nocross(5,23).
nocross(5,24).
nocross(6,13).
nocross(6,20).
nocross(6,24).
nocross(7,9).
nocross(7,13).
nocross(7,15).
nocross(7,20).
nocross(7,25).
nocross(7,26).
nocross(8,12).
nocross(8,21).
nocross(9,7).
nocross(9,15).
nocross(9,26).
nocross(10,14).
nocross(10,16).
nocross(10,24).
nocross(11,9).
nocross(11,12).
nocross(11,15).
nocross(11,26).
nocross(12,8).
nocross(12,9).
nocross(12,17).
nocross(12,21).
nocross(13,6).
nocross(13,20).
nocross(13,24).
nocross(14,2).
nocross(14,8).
nocross(14,16).
nocross(15,7).
nocross(15,9).
nocross(15,13).
nocross(15,20).
nocross(15,25).
nocross(15,26).
nocross(16,2).
nocross(16,5).
nocross(16,14).
nocross(17,8).
nocross(17,9).
nocross(17,12).
nocross(17,21).
nocross(17,25).
nocross(18,7).
nocross(18,9).
nocross(18,15).
nocross(18,25).
nocross(18,26).
nocross(19,2).
nocross(19,8).
nocross(19,12).
nocross(19,14).
nocross(19,21).
nocross(20,7).
nocross(20,13).
nocross(20,15).
nocross(20,24).
nocross(20,25).
nocross(20,26).
nocross(21,8).
nocross(21,12).
nocross(21,14).
nocross(21,17).
nocross(21,25).
nocross(22,7).
nocross(22,9).
nocross(22,11).
nocross(22,12).
nocross(22,15).
nocross(22,26).
nocross(23,6).
nocross(23,7).
nocross(23,20).
nocross(23,25).
nocross(24,6).
nocross(24,7).
nocross(24,15).
nocross(24,20).
nocross(24,23).
nocross(24,25).
nocross(25,7).
nocross(25,9).
nocross(25,15).
nocross(25,26).
nocross(26,7).
nocross(26,9).
nocross(26,15).
nocross(26,20).
nocross(27,9).
nocross(27,11).
nocross(27,21).
nocross(27,25).
