dimension(27).
point(1, -182843.0, 305173.0).
point(2, 200280.0, 134599.0).
point(3, 81602.0, 82118.0).
point(4, 243835.0, -89535.0).
point(5, 12906.0, -53532.0).
point(6, -37410.0, -8666.0).
point(7, 198327.0, 44566.0).
point(8, 75199.0, 85878.0).
point(9, -299446.0, 13275.0).
point(10, -201038.0, 191743.0).
point(11, 52189.0, -223802.0).
point(12, -55691.0, 67127.0).
point(13, -220348.0, -188225.0).
point(14, -123243.0, 197562.0).
point(15, 97962.0, -73018.0).
point(16, -233103.0, -119655.0).
point(17, 270978.0, 24198.0).
point(18, 25999.0, -313487.0).
point(19, -116349.0, -135915.0).
point(20, 28014.0, 609660.0).
point(21, -76286.0, 30780.0).
point(22, -67596.0, -152499.0).
point(23, -234019.0, 14862.0).
point(24, 194884.0, -8616.0).
point(25, 118759.0, 179623.0).
point(26, -111489.0, -161132.0).
point(27, 45620.0, -13141.0).
cost(1, 2, 419379).
cost(1, 3, 345955).
cost(1, 4, 581247).
cost(1, 5, 408640).
cost(1, 6, 345898).
cost(1, 7, 461743).
cost(1, 8, 338638).
cost(1, 9, 314326).
cost(1, 10, 114880).
cost(1, 11, 578839).
cost(1, 12, 269877).
cost(1, 13, 494821).
cost(1, 14, 123013).
cost(1, 15, 471041).
cost(1, 16, 427791).
cost(1, 17, 533761).
cost(1, 18, 652959).
cost(1, 19, 446072).
cost(1, 20, 370369).
cost(1, 21, 294357).
cost(1, 22, 471959).
cost(1, 23, 294787).
cost(1, 24, 491061).
cost(1, 25, 326690).
cost(1, 26, 471733).
cost(1, 27, 391815).
cost(2, 1, 419379).
cost(2, 3, 129764).
cost(2, 4, 228327).
cost(2, 5, 265523).
cost(2, 6, 277527).
cost(2, 7, 90054).
cost(2, 8, 134235).
cost(2, 9, 514243).
cost(2, 10, 405366).
cost(2, 11, 387791).
cost(2, 12, 264714).
cost(2, 13, 530229).
cost(2, 14, 329593).
cost(2, 15, 231460).
cost(2, 16, 502460).
cost(2, 17, 131098).
cost(2, 18, 480786).
cost(2, 19, 416451).
cost(2, 20, 505330).
cost(2, 21, 295410).
cost(2, 22, 392661).
cost(2, 23, 450503).
cost(2, 24, 143317).
cost(2, 25, 93128).
cost(2, 26, 429717).
cost(2, 27, 213885).
cost(3, 1, 345955).
cost(3, 2, 129764).
cost(3, 4, 236187).
cost(3, 5, 152053).
cost(3, 6, 149685).
cost(3, 7, 122617).
cost(3, 8, 7425).
cost(3, 9, 387217).
cost(3, 10, 303155).
cost(3, 11, 307331).
cost(3, 12, 138109).
cost(3, 13, 405289).
cost(3, 14, 235136).
cost(3, 15, 155996).
cost(3, 16, 373834).
cost(3, 17, 198035).
cost(3, 18, 399493).
cost(3, 19, 294488).
cost(3, 20, 530257).
cost(3, 21, 166025).
cost(3, 22, 278038).
cost(3, 23, 322707).
cost(3, 24, 145139).
cost(3, 25, 104345).
cost(3, 26, 310572).
cost(3, 27, 101828).
cost(4, 1, 581247).
cost(4, 2, 228327).
cost(4, 3, 236187).
cost(4, 5, 233719).
cost(4, 6, 292641).
cost(4, 7, 141612).
cost(4, 8, 243327).
cost(4, 9, 552923).
cost(4, 10, 526336).
cost(4, 11, 234000).
cost(4, 12, 338022).
cost(4, 13, 474558).
cost(4, 14, 466016).
cost(4, 15, 146805).
cost(4, 16, 477888).
cost(4, 17, 116927).
cost(4, 18, 312421).
cost(4, 19, 363158).
cost(4, 20, 731746).
cost(4, 21, 341984).
cost(4, 22, 317732).
cost(4, 23, 489125).
cost(4, 24, 94573).
cost(4, 25, 296800).
cost(4, 26, 362466).
cost(4, 27, 212427).
cost(5, 1, 408640).
cost(5, 2, 265523).
cost(5, 3, 152053).
cost(5, 4, 233719).
cost(5, 6, 67414).
cost(5, 7, 209772).
cost(5, 8, 152694).
cost(5, 9, 319417).
cost(5, 10, 325472).
cost(5, 11, 174743).
cost(5, 12, 138795).
cost(5, 13, 269350).
cost(5, 14, 285630).
cost(5, 15, 87260).
cost(5, 16, 254740).
cost(5, 17, 269524).
cost(5, 18, 260285).
cost(5, 19, 153277).
cost(5, 20, 663364).
cost(5, 21, 122734).
cost(5, 22, 127574).
cost(5, 23, 256222).
cost(5, 24, 187439).
cost(5, 25, 256059).
cost(5, 26, 164475).
cost(5, 27, 51977).
cost(6, 1, 345898).
cost(6, 2, 277527).
cost(6, 3, 149685).
cost(6, 4, 292641).
cost(6, 5, 67414).
cost(6, 7, 241672).
cost(6, 8, 147035).
cost(6, 9, 262953).
cost(6, 10, 258724).
cost(6, 11, 233048).
cost(6, 12, 77966).
cost(6, 13, 256335).
cost(6, 14, 223377).
cost(6, 15, 149889).
cost(6, 16, 224976).
cost(6, 17, 310134).
cost(6, 18, 311346).
cost(6, 19, 149745).
cost(6, 20, 621778).
cost(6, 21, 55383).
cost(6, 22, 146966).
cost(6, 23, 198012).
cost(6, 24, 232294).
cost(6, 25, 244625).
cost(6, 26, 169510).
cost(6, 27, 83151).
cost(7, 1, 461743).
cost(7, 2, 90054).
cost(7, 3, 122617).
cost(7, 4, 141612).
cost(7, 5, 209772).
cost(7, 6, 241672).
cost(7, 8, 129874).
cost(7, 9, 498756).
cost(7, 10, 425621).
cost(7, 11, 305578).
cost(7, 12, 255018).
cost(7, 13, 479041).
cost(7, 14, 356111).
cost(7, 15, 154593).
cost(7, 16, 461628).
cost(7, 17, 75452).
cost(7, 18, 397365).
cost(7, 19, 362759).
cost(7, 20, 590201).
cost(7, 21, 274959).
cost(7, 22, 330983).
cost(7, 23, 433365).
cost(7, 24, 53293).
cost(7, 25, 156753).
cost(7, 26, 371884).
cost(7, 27, 163247).
cost(8, 1, 338638).
cost(8, 2, 134235).
cost(8, 3, 7425).
cost(8, 4, 243327).
cost(8, 5, 152694).
cost(8, 6, 147035).
cost(8, 7, 129874).
cost(8, 9, 381615).
cost(8, 10, 295828).
cost(8, 11, 310534).
cost(8, 12, 132226).
cost(8, 13, 403089).
cost(8, 14, 227712).
cost(8, 15, 160518).
cost(8, 16, 370532).
cost(8, 17, 205265).
cost(8, 18, 402384).
cost(8, 19, 293058).
cost(8, 20, 525903).
cost(8, 21, 161194).
cost(8, 22, 277874).
cost(8, 23, 317268).
cost(8, 24, 152491).
cost(8, 25, 103371).
cost(8, 26, 309623).
cost(8, 27, 103343).
cost(9, 1, 314326).
cost(9, 2, 514243).
cost(9, 3, 387217).
cost(9, 4, 552923).
cost(9, 5, 319417).
cost(9, 6, 262953).
cost(9, 7, 498756).
cost(9, 8, 381615).
cost(9, 10, 203801).
cost(9, 11, 424090).
cost(9, 12, 249633).
cost(9, 13, 216469).
cost(9, 14, 254969).
cost(9, 15, 406669).
cost(9, 16, 148566).
cost(9, 17, 570529).
cost(9, 18, 461181).
cost(9, 19, 236182).
cost(9, 20, 680371).
cost(9, 21, 223846).
cost(9, 22, 285018).
cost(9, 23, 65446).
cost(9, 24, 494814).
cost(9, 25, 450075).
cost(9, 26, 256409).
cost(9, 27, 346076).
cost(10, 1, 114880).
cost(10, 2, 405366).
cost(10, 3, 303155).
cost(10, 4, 526336).
cost(10, 5, 325472).
cost(10, 6, 258724).
cost(10, 7, 425621).
cost(10, 8, 295828).
cost(10, 9, 203801).
cost(10, 11, 486623).
cost(10, 12, 191455).
cost(10, 13, 380458).
cost(10, 14, 78012).
cost(10, 15, 399374).
cost(10, 16, 313045).
cost(10, 17, 500870).
cost(10, 18, 553898).
cost(10, 19, 338426).
cost(10, 20, 476570).
cost(10, 21, 203647).
cost(10, 22, 369201).
cost(10, 23, 179930).
cost(10, 24, 443732).
cost(10, 25, 320027).
cost(10, 26, 364060).
cost(10, 27, 320652).
cost(11, 1, 578839).
cost(11, 2, 387791).
cost(11, 3, 307331).
cost(11, 4, 234000).
cost(11, 5, 174743).
cost(11, 6, 233048).
cost(11, 7, 305578).
cost(11, 8, 310534).
cost(11, 9, 424090).
cost(11, 10, 486623).
cost(11, 12, 310287).
cost(11, 13, 274849).
cost(11, 14, 456425).
cost(11, 15, 157578).
cost(11, 16, 303707).
cost(11, 17, 330715).
cost(11, 18, 93431).
cost(11, 19, 190077).
cost(11, 20, 833813).
cost(11, 21, 285163).
cost(11, 22, 139401).
cost(11, 23, 372660).
cost(11, 24, 258199).
cost(11, 25, 408881).
cost(11, 26, 175266).
cost(11, 27, 210763).
cost(12, 1, 269877).
cost(12, 2, 264714).
cost(12, 3, 138109).
cost(12, 4, 338022).
cost(12, 5, 138795).
cost(12, 6, 77966).
cost(12, 7, 255018).
cost(12, 8, 132226).
cost(12, 9, 249633).
cost(12, 10, 191455).
cost(12, 11, 310287).
cost(12, 13, 303836).
cost(12, 14, 146890).
cost(12, 15, 207966).
cost(12, 16, 257609).
cost(12, 17, 329478).
cost(12, 18, 389282).
cost(12, 19, 211909).
cost(12, 20, 548952).
cost(12, 21, 41776).
cost(12, 22, 219948).
cost(12, 23, 185829).
cost(12, 24, 261772).
cost(12, 25, 207577).
cost(12, 26, 234980).
cost(12, 27, 129255).
cost(13, 1, 494821).
cost(13, 2, 530229).
cost(13, 3, 405289).
cost(13, 4, 474558).
cost(13, 5, 269350).
cost(13, 6, 256335).
cost(13, 7, 479041).
cost(13, 8, 403089).
cost(13, 9, 216469).
cost(13, 10, 380458).
cost(13, 11, 274849).
cost(13, 12, 303836).
cost(13, 14, 397820).
cost(13, 15, 338517).
cost(13, 16, 69746).
cost(13, 17, 535280).
cost(13, 18, 276365).
cost(13, 19, 116414).
cost(13, 20, 835646).
cost(13, 21, 262139).
cost(13, 22, 156874).
cost(13, 23, 203547).
cost(13, 24, 452412).
cost(13, 25, 500306).
cost(13, 26, 112180).
cost(13, 27, 318423).
cost(14, 1, 123013).
cost(14, 2, 329593).
cost(14, 3, 235136).
cost(14, 4, 466016).
cost(14, 5, 285630).
cost(14, 6, 223377).
cost(14, 7, 356111).
cost(14, 8, 227712).
cost(14, 9, 254969).
cost(14, 10, 78012).
cost(14, 11, 456425).
cost(14, 12, 146890).
cost(14, 13, 397820).
cost(14, 15, 349493).
cost(14, 16, 335702).
cost(14, 17, 430657).
cost(14, 18, 532395).
cost(14, 19, 333548).
cost(14, 20, 438980).
cost(14, 21, 173266).
cost(14, 22, 354456).
cost(14, 23, 213660).
cost(14, 24, 379096).
cost(14, 25, 242666).
cost(14, 26, 358887).
cost(14, 27, 270019).
cost(15, 1, 471041).
cost(15, 2, 231460).
cost(15, 3, 155996).
cost(15, 4, 146805).
cost(15, 5, 87260).
cost(15, 6, 149889).
cost(15, 7, 154593).
cost(15, 8, 160518).
cost(15, 9, 406669).
cost(15, 10, 399374).
cost(15, 11, 157578).
cost(15, 12, 207966).
cost(15, 13, 338517).
cost(15, 14, 349493).
cost(15, 16, 334334).
cost(15, 17, 198458).
cost(15, 18, 251006).
cost(15, 19, 223350).
cost(15, 20, 686252).
cost(15, 21, 202821).
cost(15, 22, 183648).
cost(15, 23, 343416).
cost(15, 24, 116368).
cost(15, 25, 253496).
cost(15, 26, 227231).
cost(15, 27, 79529).
cost(16, 1, 427791).
cost(16, 2, 502460).
cost(16, 3, 373834).
cost(16, 4, 477888).
cost(16, 5, 254740).
cost(16, 6, 224976).
cost(16, 7, 461628).
cost(16, 8, 370532).
cost(16, 9, 148566).
cost(16, 10, 313045).
cost(16, 11, 303707).
cost(16, 12, 257609).
cost(16, 13, 69746).
cost(16, 14, 335702).
cost(16, 15, 334334).
cost(16, 17, 524205).
cost(16, 18, 323581).
cost(16, 19, 117881).
cost(16, 20, 774650).
cost(16, 21, 217307).
cost(16, 22, 168734).
cost(16, 23, 134520).
cost(16, 24, 442157).
cost(16, 25, 461924).
cost(16, 26, 128492).
cost(16, 27, 298382).
cost(17, 1, 533761).
cost(17, 2, 131098).
cost(17, 3, 198035).
cost(17, 4, 116927).
cost(17, 5, 269524).
cost(17, 6, 310134).
cost(17, 7, 75452).
cost(17, 8, 205265).
cost(17, 9, 570529).
cost(17, 10, 500870).
cost(17, 11, 330715).
cost(17, 12, 329478).
cost(17, 13, 535280).
cost(17, 14, 430657).
cost(17, 15, 198458).
cost(17, 16, 524205).
cost(17, 18, 417188).
cost(17, 19, 419116).
cost(17, 20, 633875).
cost(17, 21, 347326).
cost(17, 22, 381909).
cost(17, 23, 505083).
cost(17, 24, 82868).
cost(17, 25, 217549).
cost(17, 26, 425004).
cost(17, 27, 228430).
cost(18, 1, 652959).
cost(18, 2, 480786).
cost(18, 3, 399493).
cost(18, 4, 312421).
cost(18, 5, 260285).
cost(18, 6, 311346).
cost(18, 7, 397365).
cost(18, 8, 402384).
cost(18, 9, 461181).
cost(18, 10, 553898).
cost(18, 11, 93431).
cost(18, 12, 389282).
cost(18, 13, 276365).
cost(18, 14, 532395).
cost(18, 15, 251006).
cost(18, 16, 323581).
cost(18, 17, 417188).
cost(18, 19, 227585).
cost(18, 20, 923149).
cost(18, 21, 359141).
cost(18, 22, 186218).
cost(18, 23, 418835).
cost(18, 24, 348523).
cost(18, 25, 501759).
cost(18, 26, 205219).
cost(18, 27, 300986).
cost(19, 1, 446072).
cost(19, 2, 416451).
cost(19, 3, 294488).
cost(19, 4, 363158).
cost(19, 5, 153277).
cost(19, 6, 149745).
cost(19, 7, 362759).
cost(19, 8, 293058).
cost(19, 9, 236182).
cost(19, 10, 338426).
cost(19, 11, 190077).
cost(19, 12, 211909).
cost(19, 13, 116414).
cost(19, 14, 333548).
cost(19, 15, 223350).
cost(19, 16, 117881).
cost(19, 17, 419116).
cost(19, 18, 227585).
cost(19, 20, 759423).
cost(19, 21, 171442).
cost(19, 22, 51496).
cost(19, 23, 191259).
cost(19, 24, 336260).
cost(19, 25, 393497).
cost(19, 26, 25681).
cost(19, 27, 203242).
cost(20, 1, 370369).
cost(20, 2, 505330).
cost(20, 3, 530257).
cost(20, 4, 731746).
cost(20, 5, 663364).
cost(20, 6, 621778).
cost(20, 7, 590201).
cost(20, 8, 525903).
cost(20, 9, 680371).
cost(20, 10, 476570).
cost(20, 11, 833813).
cost(20, 12, 548952).
cost(20, 13, 835646).
cost(20, 14, 438980).
cost(20, 15, 686252).
cost(20, 16, 774650).
cost(20, 17, 633875).
cost(20, 18, 923149).
cost(20, 19, 759423).
cost(20, 21, 588201).
cost(20, 22, 768133).
cost(20, 23, 649958).
cost(20, 24, 640399).
cost(20, 25, 439507).
cost(20, 26, 783314).
cost(20, 27, 623050).
cost(21, 1, 294357).
cost(21, 2, 295410).
cost(21, 3, 166025).
cost(21, 4, 341984).
cost(21, 5, 122734).
cost(21, 6, 55383).
cost(21, 7, 274959).
cost(21, 8, 161194).
cost(21, 9, 223846).
cost(21, 10, 203647).
cost(21, 11, 285163).
cost(21, 12, 41776).
cost(21, 13, 262139).
cost(21, 14, 173266).
cost(21, 15, 202821).
cost(21, 16, 217307).
cost(21, 17, 347326).
cost(21, 18, 359141).
cost(21, 19, 171442).
cost(21, 20, 588201).
cost(21, 22, 183485).
cost(21, 23, 158534).
cost(21, 24, 274017).
cost(21, 25, 245350).
cost(21, 26, 195114).
cost(21, 27, 129577).
cost(22, 1, 471959).
cost(22, 2, 392661).
cost(22, 3, 278038).
cost(22, 4, 317732).
cost(22, 5, 127574).
cost(22, 6, 146966).
cost(22, 7, 330983).
cost(22, 8, 277874).
cost(22, 9, 285018).
cost(22, 10, 369201).
cost(22, 11, 139401).
cost(22, 12, 219948).
cost(22, 13, 156874).
cost(22, 14, 354456).
cost(22, 15, 183648).
cost(22, 16, 168734).
cost(22, 17, 381909).
cost(22, 18, 186218).
cost(22, 19, 51496).
cost(22, 20, 768133).
cost(22, 21, 183485).
cost(22, 23, 236022).
cost(22, 24, 299329).
cost(22, 25, 380832).
cost(22, 26, 44734).
cost(22, 27, 179551).
cost(23, 1, 294787).
cost(23, 2, 450503).
cost(23, 3, 322707).
cost(23, 4, 489125).
cost(23, 5, 256222).
cost(23, 6, 198012).
cost(23, 7, 433365).
cost(23, 8, 317268).
cost(23, 9, 65446).
cost(23, 10, 179930).
cost(23, 11, 372660).
cost(23, 12, 185829).
cost(23, 13, 203547).
cost(23, 14, 213660).
cost(23, 15, 343416).
cost(23, 16, 134520).
cost(23, 17, 505083).
cost(23, 18, 418835).
cost(23, 19, 191259).
cost(23, 20, 649958).
cost(23, 21, 158534).
cost(23, 22, 236022).
cost(23, 24, 429545).
cost(23, 25, 389357).
cost(23, 26, 214447).
cost(23, 27, 281038).
cost(24, 1, 491061).
cost(24, 2, 143317).
cost(24, 3, 145139).
cost(24, 4, 94573).
cost(24, 5, 187439).
cost(24, 6, 232294).
cost(24, 7, 53293).
cost(24, 8, 152491).
cost(24, 9, 494814).
cost(24, 10, 443732).
cost(24, 11, 258199).
cost(24, 12, 261772).
cost(24, 13, 452412).
cost(24, 14, 379096).
cost(24, 15, 116368).
cost(24, 16, 442157).
cost(24, 17, 82868).
cost(24, 18, 348523).
cost(24, 19, 336260).
cost(24, 20, 640399).
cost(24, 21, 274017).
cost(24, 22, 299329).
cost(24, 23, 429545).
cost(24, 25, 203049).
cost(24, 26, 342236).
cost(24, 27, 149333).
cost(25, 1, 326690).
cost(25, 2, 93128).
cost(25, 3, 104345).
cost(25, 4, 296800).
cost(25, 5, 256059).
cost(25, 6, 244625).
cost(25, 7, 156753).
cost(25, 8, 103371).
cost(25, 9, 450075).
cost(25, 10, 320027).
cost(25, 11, 408881).
cost(25, 12, 207577).
cost(25, 13, 500306).
cost(25, 14, 242666).
cost(25, 15, 253496).
cost(25, 16, 461924).
cost(25, 17, 217549).
cost(25, 18, 501759).
cost(25, 19, 393497).
cost(25, 20, 439507).
cost(25, 21, 245350).
cost(25, 22, 380832).
cost(25, 23, 389357).
cost(25, 24, 203049).
cost(25, 26, 411252).
cost(25, 27, 206173).
cost(26, 1, 471733).
cost(26, 2, 429717).
cost(26, 3, 310572).
cost(26, 4, 362466).
cost(26, 5, 164475).
cost(26, 6, 169510).
cost(26, 7, 371884).
cost(26, 8, 309623).
cost(26, 9, 256409).
cost(26, 10, 364060).
cost(26, 11, 175266).
cost(26, 12, 234980).
cost(26, 13, 112180).
cost(26, 14, 358887).
cost(26, 15, 227231).
cost(26, 16, 128492).
cost(26, 17, 425004).
cost(26, 18, 205219).
cost(26, 19, 25681).
cost(26, 20, 783314).
cost(26, 21, 195114).
cost(26, 22, 44734).
cost(26, 23, 214447).
cost(26, 24, 342236).
cost(26, 25, 411252).
cost(26, 27, 215835).
cost(27, 1, 391815).
cost(27, 2, 213885).
cost(27, 3, 101828).
cost(27, 4, 212427).
cost(27, 5, 51977).
cost(27, 6, 83151).
cost(27, 7, 163247).
cost(27, 8, 103343).
cost(27, 9, 346076).
cost(27, 10, 320652).
cost(27, 11, 210763).
cost(27, 12, 129255).
cost(27, 13, 318423).
cost(27, 14, 270019).
cost(27, 15, 79529).
cost(27, 16, 298382).
cost(27, 17, 228430).
cost(27, 18, 300986).
cost(27, 19, 203242).
cost(27, 20, 623050).
cost(27, 21, 129577).
cost(27, 22, 179551).
cost(27, 23, 281038).
cost(27, 24, 149333).
cost(27, 25, 206173).
cost(27, 26, 215835).
nocross(1,8).
nocross(1,12).
nocross(1,14).
nocross(2,3).
nocross(2,6).
nocross(2,7).
nocross(2,8).
nocross(2,12).
nocross(2,14).
nocross(2,15).
nocross(2,17).
nocross(2,25).
nocross(2,27).
nocross(3,6).
nocross(3,12).
nocross(3,15).
nocross(3,19).
nocross(3,21).
nocross(3,27).
nocross(4,3).
nocross(4,11).
nocross(4,15).
nocross(4,17).
nocross(4,19).
nocross(4,24).
nocross(4,27).
nocross(5,8).
nocross(5,11).
nocross(5,15).
nocross(5,19).
nocross(5,24).
nocross(5,27).
nocross(6,3).
nocross(6,5).
nocross(6,8).
nocross(6,11).
nocross(6,12).
nocross(6,15).
nocross(6,19).
nocross(6,21).
nocross(6,23).
nocross(6,24).
nocross(6,27).
nocross(7,2).
nocross(7,3).
nocross(7,5).
nocross(7,8).
nocross(7,12).
nocross(7,15).
nocross(7,17).
nocross(7,27).
nocross(8,6).
nocross(8,12).
nocross(8,15).
nocross(8,21).
nocross(8,27).
nocross(9,14).
nocross(9,21).
nocross(9,23).
nocross(10,1).
nocross(10,8).
nocross(10,12).
nocross(10,14).
nocross(10,21).
nocross(10,23).
nocross(10,25).
nocross(10,27).
nocross(11,4).
nocross(11,5).
nocross(11,15).
nocross(11,22).
nocross(12,3).
nocross(12,5).
nocross(12,6).
nocross(12,8).
nocross(12,14).
nocross(12,19).
nocross(12,21).
nocross(12,27).
nocross(13,5).
nocross(13,6).
nocross(13,11).
nocross(13,14).
nocross(13,15).
nocross(13,19).
nocross(14,1).
nocross(14,3).
nocross(14,8).
nocross(14,12).
nocross(14,19).
nocross(14,20).
nocross(14,21).
nocross(14,23).
nocross(14,25).
nocross(14,27).
nocross(15,2).
nocross(15,3).
nocross(15,4).
nocross(15,5).
nocross(15,12).
nocross(15,19).
nocross(15,27).
nocross(16,5).
nocross(16,6).
nocross(16,19).
nocross(16,21).
nocross(16,23).
nocross(16,27).
nocross(17,2).
nocross(17,4).
nocross(17,5).
nocross(17,7).
nocross(17,12).
nocross(17,15).
nocross(17,24).
nocross(17,27).
nocross(18,5).
nocross(18,11).
nocross(18,15).
nocross(19,5).
nocross(19,6).
nocross(19,15).
nocross(19,23).
nocross(19,27).
nocross(20,1).
nocross(20,2).
nocross(20,8).
nocross(20,14).
nocross(20,25).
nocross(21,3).
nocross(21,6).
nocross(21,8).
nocross(21,11).
nocross(21,12).
nocross(21,14).
nocross(21,19).
nocross(21,27).
nocross(22,5).
nocross(22,6).
nocross(22,11).
nocross(22,15).
nocross(22,19).
nocross(22,23).
nocross(22,27).
nocross(23,5).
nocross(23,6).
nocross(23,12).
nocross(23,14).
nocross(23,19).
nocross(23,21).
nocross(23,24).
nocross(23,27).
nocross(24,3).
nocross(24,5).
nocross(24,8).
nocross(24,12).
nocross(24,15).
nocross(24,19).
nocross(24,27).
nocross(25,2).
nocross(25,6).
nocross(25,7).
nocross(25,12).
nocross(25,14).
nocross(25,15).
nocross(25,19).
nocross(25,20).
nocross(25,21).
nocross(25,24).
nocross(26,5).
nocross(26,6).
nocross(26,15).
nocross(26,19).
nocross(26,22).
nocross(26,23).
nocross(27,5).
nocross(27,6).
nocross(27,11).
nocross(27,12).
nocross(27,15).
nocross(27,19).
nocross(27,20).
nocross(27,21).
nocross(27,24).
