dimension(27).
point(1, -500260.0, -210356.0).
point(2, -283676.0, 346576.0).
point(3, 71081.0, -116741.0).
point(4, 120317.0, -87847.0).
point(5, 314871.0, -120708.0).
point(6, 136751.0, -137844.0).
point(7, 204805.0, -52234.0).
point(8, 279476.0, -49473.0).
point(9, -43040.0, -215823.0).
point(10, -155866.0, -46798.0).
point(11, -127306.0, -57452.0).
point(12, 12629.0, 56330.0).
point(13, -235831.0, -63561.0).
point(14, 171635.0, 420402.0).
point(15, 97143.0, 213280.0).
point(16, 87188.0, 81668.0).
point(17, 131797.0, -321533.0).
point(18, 96226.0, -93240.0).
point(19, 99198.0, -126158.0).
point(20, -161986.0, 204307.0).
point(21, -243332.0, -315879.0).
point(22, -108603.0, -294008.0).
point(23, 390149.0, -251422.0).
point(24, -82838.0, -72857.0).
point(25, -157010.0, -208879.0).
point(26, 158992.0, 75644.0).
point(27, 525291.0, -93227.0).
cost(1, 2, 597563).
cost(1, 3, 578960).
cost(1, 4, 632554).
cost(1, 5, 820046).
cost(1, 6, 641125).
cost(1, 7, 722578).
cost(1, 8, 796161).
cost(1, 9, 457253).
cost(1, 10, 381259).
cost(1, 11, 403081).
cost(1, 12, 578080).
cost(1, 13, 302443).
cost(1, 14, 921574).
cost(1, 15, 732365).
cost(1, 16, 656028).
cost(1, 17, 641760).
cost(1, 18, 607875).
cost(1, 19, 605342).
cost(1, 20, 535140).
cost(1, 21, 277754).
cost(1, 22, 400491).
cost(1, 23, 891355).
cost(1, 24, 439485).
cost(1, 25, 343253).
cost(1, 26, 718616).
cost(1, 27, 1032218).
cost(2, 1, 597563).
cost(2, 3, 583537).
cost(2, 4, 593240).
cost(2, 5, 759350).
cost(2, 6, 641422).
cost(2, 7, 630605).
cost(2, 8, 688473).
cost(2, 9, 611718).
cost(2, 10, 413616).
cost(2, 11, 433232).
cost(2, 12, 414776).
cost(2, 13, 412918).
cost(2, 14, 461257).
cost(2, 15, 403474).
cost(2, 16, 455759).
cost(2, 17, 786758).
cost(2, 18, 581174).
cost(2, 19, 608334).
cost(2, 20, 187214).
cost(2, 21, 663682).
cost(2, 22, 664077).
cost(2, 23, 900912).
cost(2, 24, 465038).
cost(2, 25, 569714).
cost(2, 26, 518998).
cost(2, 27, 920790).
cost(3, 1, 578960).
cost(3, 2, 583537).
cost(3, 4, 57088).
cost(3, 5, 243822).
cost(3, 6, 68977).
cost(3, 7, 148470).
cost(3, 8, 218983).
cost(3, 9, 151132).
cost(3, 10, 237480).
cost(3, 11, 207057).
cost(3, 12, 182675).
cost(3, 13, 311485).
cost(3, 14, 546474).
cost(3, 15, 331048).
cost(3, 16, 199062).
cost(3, 17, 213603).
cost(3, 18, 34418).
cost(3, 19, 29652).
cost(3, 20, 396727).
cost(3, 21, 372171).
cost(3, 22, 252408).
cost(3, 23, 346328).
cost(3, 24, 160053).
cost(3, 25, 245998).
cost(3, 26, 211519).
cost(3, 27, 454818).
cost(4, 1, 632554).
cost(4, 2, 593240).
cost(4, 3, 57088).
cost(4, 5, 197310).
cost(4, 6, 52629).
cost(4, 7, 91687).
cost(4, 8, 163720).
cost(4, 9, 207517).
cost(4, 10, 279217).
cost(4, 11, 249481).
cost(4, 12, 179955).
cost(4, 13, 356975).
cost(4, 14, 510833).
cost(4, 15, 302017).
cost(4, 16, 172722).
cost(4, 17, 233968).
cost(4, 18, 24687).
cost(4, 19, 43746).
cost(4, 20, 406262).
cost(4, 21, 429231).
cost(4, 22, 308069).
cost(4, 23, 315541).
cost(4, 24, 203707).
cost(4, 25, 302587).
cost(4, 26, 168003).
cost(4, 27, 405010).
cost(5, 1, 820046).
cost(5, 2, 759350).
cost(5, 3, 243822).
cost(5, 4, 197310).
cost(5, 6, 178942).
cost(5, 7, 129627).
cost(5, 8, 79544).
cost(5, 9, 370334).
cost(5, 10, 476504).
cost(5, 11, 446679).
cost(5, 12, 350275).
cost(5, 13, 553659).
cost(5, 14, 559747).
cost(5, 15, 398690).
cost(5, 16, 304624).
cost(5, 17, 271748).
cost(5, 18, 220364).
cost(5, 19, 215742).
cost(5, 20, 577085).
cost(5, 21, 591339).
cost(5, 22, 457562).
cost(5, 23, 150841).
cost(5, 24, 400577).
cost(5, 25, 480048).
cost(5, 26, 250704).
cost(5, 27, 212207).
cost(6, 1, 641125).
cost(6, 2, 641422).
cost(6, 3, 68977).
cost(6, 4, 52629).
cost(6, 5, 178942).
cost(6, 7, 109364).
cost(6, 8, 167869).
cost(6, 9, 195973).
cost(6, 10, 306454).
cost(6, 11, 276024).
cost(6, 12, 230456).
cost(6, 13, 379915).
cost(6, 14, 559335).
cost(6, 15, 353351).
cost(6, 16, 225038).
cost(6, 17, 183756).
cost(6, 18, 60264).
cost(6, 19, 39329).
cost(6, 20, 454215).
cost(6, 21, 419714).
cost(6, 22, 290836).
cost(6, 23, 277688).
cost(6, 24, 229004).
cost(6, 25, 302228).
cost(6, 26, 214643).
cost(6, 27, 391093).
cost(7, 1, 722578).
cost(7, 2, 630605).
cost(7, 3, 148470).
cost(7, 4, 91687).
cost(7, 5, 129627).
cost(7, 6, 109364).
cost(7, 8, 74722).
cost(7, 9, 296965).
cost(7, 10, 360712).
cost(7, 11, 332152).
cost(7, 12, 220721).
cost(7, 13, 440782).
cost(7, 14, 473799).
cost(7, 15, 286511).
cost(7, 16, 178223).
cost(7, 17, 279020).
cost(7, 18, 116064).
cost(7, 19, 128909).
cost(7, 20, 447604).
cost(7, 21, 519938).
cost(7, 22, 395827).
cost(7, 23, 272081).
cost(7, 24, 288381).
cost(7, 25, 394269).
cost(7, 26, 135837).
cost(7, 27, 323097).
cost(8, 1, 796161).
cost(8, 2, 688473).
cost(8, 3, 218983).
cost(8, 4, 163720).
cost(8, 5, 79544).
cost(8, 6, 167869).
cost(8, 7, 74722).
cost(8, 9, 362890).
cost(8, 10, 435350).
cost(8, 11, 406860).
cost(8, 12, 287057).
cost(8, 13, 515500).
cost(8, 14, 482091).
cost(8, 15, 319819).
cost(8, 16, 232750).
cost(8, 17, 309557).
cost(8, 18, 188404).
cost(8, 19, 195910).
cost(8, 20, 509208).
cost(8, 21, 586771).
cost(8, 22, 458697).
cost(8, 23, 230287).
cost(8, 24, 363068).
cost(8, 25, 464683).
cost(8, 26, 173697).
cost(8, 27, 249679).
cost(9, 1, 457253).
cost(9, 2, 611718).
cost(9, 3, 151132).
cost(9, 4, 207517).
cost(9, 5, 370334).
cost(9, 6, 195973).
cost(9, 7, 296965).
cost(9, 8, 362890).
cost(9, 10, 203222).
cost(9, 11, 179394).
cost(9, 12, 277788).
cost(9, 13, 245667).
cost(9, 14, 671467).
cost(9, 15, 451421).
cost(9, 16, 324746).
cost(9, 17, 204310).
cost(9, 18, 185531).
cost(9, 19, 168141).
cost(9, 20, 436643).
cost(9, 21, 223893).
cost(9, 22, 102036).
cost(9, 23, 434649).
cost(9, 24, 148402).
cost(9, 25, 114181).
cost(9, 26, 354641).
cost(9, 27, 581403).
cost(10, 1, 381259).
cost(10, 2, 413616).
cost(10, 3, 237480).
cost(10, 4, 279217).
cost(10, 5, 476504).
cost(10, 6, 306454).
cost(10, 7, 360712).
cost(10, 8, 435350).
cost(10, 9, 203222).
cost(10, 11, 30482).
cost(10, 12, 197550).
cost(10, 13, 81703).
cost(10, 14, 570555).
cost(10, 15, 362842).
cost(10, 16, 274916).
cost(10, 17, 397780).
cost(10, 18, 256334).
cost(10, 19, 267125).
cost(10, 20, 251180).
cost(10, 21, 282940).
cost(10, 22, 251687).
cost(10, 23, 583098).
cost(10, 24, 77538).
cost(10, 25, 162085).
cost(10, 26, 337828).
cost(10, 27, 682738).
cost(11, 1, 403081).
cost(11, 2, 433232).
cost(11, 3, 207057).
cost(11, 4, 249481).
cost(11, 5, 446679).
cost(11, 6, 276024).
cost(11, 7, 332152).
cost(11, 8, 406860).
cost(11, 9, 179394).
cost(11, 10, 30482).
cost(11, 12, 180356).
cost(11, 13, 108697).
cost(11, 14, 563658).
cost(11, 15, 351672).
cost(11, 16, 255660).
cost(11, 17, 369964).
cost(11, 18, 226379).
cost(11, 19, 236695).
cost(11, 20, 264046).
cost(11, 21, 283278).
cost(11, 22, 237294).
cost(11, 23, 552616).
cost(11, 24, 47061).
cost(11, 25, 154313).
cost(11, 26, 315723).
cost(11, 27, 653577).
cost(12, 1, 578080).
cost(12, 2, 414776).
cost(12, 3, 182675).
cost(12, 4, 179955).
cost(12, 5, 350275).
cost(12, 6, 230456).
cost(12, 7, 220721).
cost(12, 8, 287057).
cost(12, 9, 277788).
cost(12, 10, 197550).
cost(12, 11, 180356).
cost(12, 13, 275874).
cost(12, 14, 397280).
cost(12, 15, 178258).
cost(12, 16, 78747).
cost(12, 17, 396209).
cost(12, 18, 171347).
cost(12, 19, 201980).
cost(12, 20, 228883).
cost(12, 21, 451725).
cost(12, 22, 370721).
cost(12, 23, 487065).
cost(12, 24, 160634).
cost(12, 25, 314822).
cost(12, 26, 147632).
cost(12, 27, 534031).
cost(13, 1, 302443).
cost(13, 2, 412918).
cost(13, 3, 311485).
cost(13, 4, 356975).
cost(13, 5, 553659).
cost(13, 6, 379915).
cost(13, 7, 440782).
cost(13, 8, 515500).
cost(13, 9, 245667).
cost(13, 10, 81703).
cost(13, 11, 108697).
cost(13, 12, 275874).
cost(13, 14, 632652).
cost(13, 15, 433027).
cost(13, 16, 354165).
cost(13, 17, 449110).
cost(13, 18, 333381).
cost(13, 19, 340827).
cost(13, 20, 277860).
cost(13, 21, 252429).
cost(13, 22, 263235).
cost(13, 23, 653562).
cost(13, 24, 153275).
cost(13, 25, 165318).
cost(13, 26, 418645).
cost(13, 27, 761700).
cost(14, 1, 921574).
cost(14, 2, 461257).
cost(14, 3, 546474).
cost(14, 4, 510833).
cost(14, 5, 559747).
cost(14, 6, 559335).
cost(14, 7, 473799).
cost(14, 8, 482091).
cost(14, 9, 671467).
cost(14, 10, 570555).
cost(14, 11, 563658).
cost(14, 12, 397280).
cost(14, 13, 632652).
cost(14, 15, 220110).
cost(14, 16, 349102).
cost(14, 17, 743004).
cost(14, 18, 519148).
cost(14, 19, 551339).
cost(14, 20, 397492).
cost(14, 21, 845167).
cost(14, 22, 767408).
cost(14, 23, 706467).
cost(14, 24, 555032).
cost(14, 25, 709931).
cost(14, 26, 344990).
cost(14, 27, 623608).
cost(15, 1, 732365).
cost(15, 2, 403474).
cost(15, 3, 331048).
cost(15, 4, 302017).
cost(15, 5, 398690).
cost(15, 6, 353351).
cost(15, 7, 286511).
cost(15, 8, 319819).
cost(15, 9, 451421).
cost(15, 10, 362842).
cost(15, 11, 351672).
cost(15, 12, 178258).
cost(15, 13, 433027).
cost(15, 14, 220110).
cost(15, 16, 131988).
cost(15, 17, 535935).
cost(15, 18, 306521).
cost(15, 19, 339444).
cost(15, 20, 259284).
cost(15, 21, 629232).
cost(15, 22, 547424).
cost(15, 23, 549364).
cost(15, 24, 338035).
cost(15, 25, 492760).
cost(15, 26, 150894).
cost(15, 27, 526552).
cost(16, 1, 656028).
cost(16, 2, 455759).
cost(16, 3, 199062).
cost(16, 4, 172722).
cost(16, 5, 304624).
cost(16, 6, 225038).
cost(16, 7, 178223).
cost(16, 8, 232750).
cost(16, 9, 324746).
cost(16, 10, 274916).
cost(16, 11, 255660).
cost(16, 12, 78747).
cost(16, 13, 354165).
cost(16, 14, 349102).
cost(16, 15, 131988).
cost(16, 17, 405661).
cost(16, 18, 175141).
cost(16, 19, 208173).
cost(16, 20, 277719).
cost(16, 21, 516998).
cost(16, 22, 423635).
cost(16, 23, 450260).
cost(16, 24, 229754).
cost(16, 25, 379539).
cost(16, 26, 72056).
cost(16, 27, 471723).
cost(17, 1, 641760).
cost(17, 2, 786758).
cost(17, 3, 213603).
cost(17, 4, 233968).
cost(17, 5, 271748).
cost(17, 6, 183756).
cost(17, 7, 279020).
cost(17, 8, 309557).
cost(17, 9, 204310).
cost(17, 10, 397780).
cost(17, 11, 369964).
cost(17, 12, 396209).
cost(17, 13, 449110).
cost(17, 14, 743004).
cost(17, 15, 535935).
cost(17, 16, 405661).
cost(17, 18, 231048).
cost(17, 19, 198076).
cost(17, 20, 602342).
cost(17, 21, 375172).
cost(17, 22, 241971).
cost(17, 23, 267696).
cost(17, 24, 328493).
cost(17, 25, 310001).
cost(17, 26, 398107).
cost(17, 27, 454930).
cost(18, 1, 607875).
cost(18, 2, 581174).
cost(18, 3, 34418).
cost(18, 4, 24687).
cost(18, 5, 220364).
cost(18, 6, 60264).
cost(18, 7, 116064).
cost(18, 8, 188404).
cost(18, 9, 185531).
cost(18, 10, 256334).
cost(18, 11, 226379).
cost(18, 12, 171347).
cost(18, 13, 333381).
cost(18, 14, 519148).
cost(18, 15, 306521).
cost(18, 16, 175141).
cost(18, 17, 231048).
cost(18, 19, 33052).
cost(18, 20, 393964).
cost(18, 21, 406039).
cost(18, 22, 286815).
cost(18, 23, 333785).
cost(18, 24, 180220).
cost(18, 25, 278390).
cost(18, 26, 180170).
cost(18, 27, 429065).
cost(19, 1, 605342).
cost(19, 2, 608334).
cost(19, 3, 29652).
cost(19, 4, 43746).
cost(19, 5, 215742).
cost(19, 6, 39329).
cost(19, 7, 128909).
cost(19, 8, 195910).
cost(19, 9, 168141).
cost(19, 10, 267125).
cost(19, 11, 236695).
cost(19, 12, 201980).
cost(19, 13, 340827).
cost(19, 14, 551339).
cost(19, 15, 339444).
cost(19, 16, 208173).
cost(19, 17, 198076).
cost(19, 18, 33052).
cost(19, 20, 421218).
cost(19, 21, 391562).
cost(19, 22, 267123).
cost(19, 23, 316771).
cost(19, 24, 189679).
cost(19, 25, 269231).
cost(19, 26, 210474).
cost(19, 27, 427364).
cost(20, 1, 535140).
cost(20, 2, 187214).
cost(20, 3, 396727).
cost(20, 4, 406262).
cost(20, 5, 577085).
cost(20, 6, 454215).
cost(20, 7, 447604).
cost(20, 8, 509208).
cost(20, 9, 436643).
cost(20, 10, 251180).
cost(20, 11, 264046).
cost(20, 12, 228883).
cost(20, 13, 277860).
cost(20, 14, 397492).
cost(20, 15, 259284).
cost(20, 16, 277719).
cost(20, 17, 602342).
cost(20, 18, 393964).
cost(20, 19, 421218).
cost(20, 21, 526508).
cost(20, 22, 501166).
cost(20, 23, 715920).
cost(20, 24, 288243).
cost(20, 25, 413216).
cost(20, 26, 345805).
cost(20, 27, 748917).
cost(21, 1, 277754).
cost(21, 2, 663682).
cost(21, 3, 372171).
cost(21, 4, 429231).
cost(21, 5, 591339).
cost(21, 6, 419714).
cost(21, 7, 519938).
cost(21, 8, 586771).
cost(21, 9, 223893).
cost(21, 10, 282940).
cost(21, 11, 283278).
cost(21, 12, 451725).
cost(21, 13, 252429).
cost(21, 14, 845167).
cost(21, 15, 629232).
cost(21, 16, 516998).
cost(21, 17, 375172).
cost(21, 18, 406039).
cost(21, 19, 391562).
cost(21, 20, 526508).
cost(21, 22, 136493).
cost(21, 23, 636752).
cost(21, 24, 291235).
cost(21, 25, 137479).
cost(21, 26, 561387).
cost(21, 27, 800222).
cost(22, 1, 400491).
cost(22, 2, 664077).
cost(22, 3, 252408).
cost(22, 4, 308069).
cost(22, 5, 457562).
cost(22, 6, 290836).
cost(22, 7, 395827).
cost(22, 8, 458697).
cost(22, 9, 102036).
cost(22, 10, 251687).
cost(22, 11, 237294).
cost(22, 12, 370721).
cost(22, 13, 263235).
cost(22, 14, 767408).
cost(22, 15, 547424).
cost(22, 16, 423635).
cost(22, 17, 241971).
cost(22, 18, 286815).
cost(22, 19, 267123).
cost(22, 20, 501166).
cost(22, 21, 136493).
cost(22, 23, 500567).
cost(22, 24, 222647).
cost(22, 25, 97929).
cost(22, 26, 456344).
cost(22, 27, 664932).
cost(23, 1, 891355).
cost(23, 2, 900912).
cost(23, 3, 346328).
cost(23, 4, 315541).
cost(23, 5, 150841).
cost(23, 6, 277688).
cost(23, 7, 272081).
cost(23, 8, 230287).
cost(23, 9, 434649).
cost(23, 10, 583098).
cost(23, 11, 552616).
cost(23, 12, 487065).
cost(23, 13, 653562).
cost(23, 14, 706467).
cost(23, 15, 549364).
cost(23, 16, 450260).
cost(23, 17, 267696).
cost(23, 18, 333785).
cost(23, 19, 316771).
cost(23, 20, 715920).
cost(23, 21, 636752).
cost(23, 22, 500567).
cost(23, 24, 505571).
cost(23, 25, 548810).
cost(23, 26, 400507).
cost(23, 27, 208060).
cost(24, 1, 439485).
cost(24, 2, 465038).
cost(24, 3, 160053).
cost(24, 4, 203707).
cost(24, 5, 400577).
cost(24, 6, 229004).
cost(24, 7, 288381).
cost(24, 8, 363068).
cost(24, 9, 148402).
cost(24, 10, 77538).
cost(24, 11, 47061).
cost(24, 12, 160634).
cost(24, 13, 153275).
cost(24, 14, 555032).
cost(24, 15, 338035).
cost(24, 16, 229754).
cost(24, 17, 328493).
cost(24, 18, 180220).
cost(24, 19, 189679).
cost(24, 20, 288243).
cost(24, 21, 291235).
cost(24, 22, 222647).
cost(24, 23, 505571).
cost(24, 25, 154931).
cost(24, 26, 283786).
cost(24, 27, 608470).
cost(25, 1, 343253).
cost(25, 2, 569714).
cost(25, 3, 245998).
cost(25, 4, 302587).
cost(25, 5, 480048).
cost(25, 6, 302228).
cost(25, 7, 394269).
cost(25, 8, 464683).
cost(25, 9, 114181).
cost(25, 10, 162085).
cost(25, 11, 154313).
cost(25, 12, 314822).
cost(25, 13, 165318).
cost(25, 14, 709931).
cost(25, 15, 492760).
cost(25, 16, 379539).
cost(25, 17, 310001).
cost(25, 18, 278390).
cost(25, 19, 269231).
cost(25, 20, 413216).
cost(25, 21, 137479).
cost(25, 22, 97929).
cost(25, 23, 548810).
cost(25, 24, 154931).
cost(25, 26, 425218).
cost(25, 27, 692033).
cost(26, 1, 718616).
cost(26, 2, 518998).
cost(26, 3, 211519).
cost(26, 4, 168003).
cost(26, 5, 250704).
cost(26, 6, 214643).
cost(26, 7, 135837).
cost(26, 8, 173697).
cost(26, 9, 354641).
cost(26, 10, 337828).
cost(26, 11, 315723).
cost(26, 12, 147632).
cost(26, 13, 418645).
cost(26, 14, 344990).
cost(26, 15, 150894).
cost(26, 16, 72056).
cost(26, 17, 398107).
cost(26, 18, 180170).
cost(26, 19, 210474).
cost(26, 20, 345805).
cost(26, 21, 561387).
cost(26, 22, 456344).
cost(26, 23, 400507).
cost(26, 24, 283786).
cost(26, 25, 425218).
cost(26, 27, 403351).
cost(27, 1, 1032218).
cost(27, 2, 920790).
cost(27, 3, 454818).
cost(27, 4, 405010).
cost(27, 5, 212207).
cost(27, 6, 391093).
cost(27, 7, 323097).
cost(27, 8, 249679).
cost(27, 9, 581403).
cost(27, 10, 682738).
cost(27, 11, 653577).
cost(27, 12, 534031).
cost(27, 13, 761700).
cost(27, 14, 623608).
cost(27, 15, 526552).
cost(27, 16, 471723).
cost(27, 17, 454930).
cost(27, 18, 429065).
cost(27, 19, 427364).
cost(27, 20, 748917).
cost(27, 21, 800222).
cost(27, 22, 664932).
cost(27, 23, 208060).
cost(27, 24, 608470).
cost(27, 25, 692033).
cost(27, 26, 403351).
nocross(1,10).
nocross(1,11).
nocross(1,13).
nocross(1,21).
nocross(1,25).
nocross(3,4).
nocross(3,5).
nocross(3,16).
nocross(3,18).
nocross(4,3).
nocross(4,5).
nocross(4,6).
nocross(4,8).
nocross(4,11).
nocross(4,16).
nocross(4,18).
nocross(4,26).
nocross(5,4).
nocross(5,7).
nocross(5,8).
nocross(5,17).
nocross(6,4).
nocross(6,5).
nocross(6,16).
nocross(7,3).
nocross(7,4).
nocross(7,5).
nocross(7,6).
nocross(7,8).
nocross(7,11).
nocross(7,12).
nocross(7,26).
nocross(7,27).
nocross(8,3).
nocross(8,4).
nocross(8,5).
nocross(8,6).
nocross(8,7).
nocross(8,16).
nocross(8,26).
nocross(8,27).
nocross(9,3).
nocross(9,11).
nocross(9,12).
nocross(9,17).
nocross(9,25).
nocross(10,1).
nocross(10,11).
nocross(10,13).
nocross(10,15).
nocross(10,20).
nocross(10,25).
nocross(10,26).
nocross(11,1).
nocross(11,10).
nocross(11,13).
nocross(11,15).
nocross(11,20).
nocross(11,25).
nocross(11,26).
nocross(13,1).
nocross(13,9).
nocross(13,10).
nocross(13,11).
nocross(13,15).
nocross(13,25).
nocross(15,10).
nocross(15,12).
nocross(15,16).
nocross(15,20).
nocross(17,5).
nocross(17,6).
nocross(17,9).
nocross(17,11).
nocross(17,19).
nocross(17,23).
nocross(18,3).
nocross(18,4).
nocross(18,5).
nocross(18,6).
nocross(18,7).
nocross(18,8).
nocross(18,10).
nocross(18,11).
nocross(18,16).
nocross(19,5).
nocross(19,16).
nocross(20,10).
nocross(20,11).
nocross(20,12).
nocross(20,13).
nocross(20,15).
nocross(20,16).
nocross(20,26).
nocross(21,9).
nocross(21,11).
nocross(21,13).
nocross(21,22).
nocross(21,25).
nocross(22,1).
nocross(22,3).
nocross(22,5).
nocross(22,9).
nocross(22,11).
nocross(22,12).
nocross(22,17).
nocross(22,21).
nocross(22,25).
nocross(23,5).
nocross(23,12).
nocross(23,17).
nocross(23,27).
nocross(24,7).
nocross(24,9).
nocross(24,10).
nocross(24,11).
nocross(24,13).
nocross(24,15).
nocross(24,25).
nocross(24,26).
nocross(25,1).
nocross(25,3).
nocross(25,9).
nocross(25,10).
nocross(25,11).
nocross(25,13).
nocross(25,18).
nocross(25,22).
nocross(26,4).
nocross(26,5).
nocross(26,7).
nocross(26,8).
nocross(26,15).
nocross(26,20).
nocross(26,25).
nocross(27,5).
nocross(27,7).
nocross(27,8).
nocross(27,23).
