dimension(30).
point(1, 45044.0, -275267.0).
point(2, -85629.0, 14090.0).
point(3, 149563.0, -414563.0).
point(4, 64931.0, -156168.0).
point(5, -147119.0, -90591.0).
point(6, -93614.0, -181161.0).
point(7, 4739.0, 23477.0).
point(8, 139517.0, -178096.0).
point(9, 128002.0, -233343.0).
point(10, 83780.0, 162664.0).
point(11, 282696.0, 302749.0).
point(12, 4763.0, 12757.0).
point(13, -277081.0, -174661.0).
point(14, -164509.0, -46738.0).
point(15, 148677.0, -83745.0).
point(16, -158132.0, -104145.0).
point(17, 214735.0, -101411.0).
point(18, -157957.0, -89560.0).
point(19, -9415.0, -211109.0).
point(20, -272459.0, 159615.0).
point(21, 30052.0, 43408.0).
point(22, 104716.0, 185036.0).
point(23, -71127.0, -319265.0).
point(24, 343052.0, 97038.0).
point(25, -167968.0, -286556.0).
point(26, -110038.0, -166579.0).
point(27, -142461.0, 263805.0).
point(28, 67484.0, -217500.0).
point(29, 178903.0, 264237.0).
point(30, 13153.0, 191844.0).
cost(1, 2, 317495).
cost(1, 3, 174148).
cost(1, 4, 120748).
cost(1, 5, 266518).
cost(1, 6, 167577).
cost(1, 7, 301451).
cost(1, 8, 135526).
cost(1, 9, 92950).
cost(1, 10, 439641).
cost(1, 11, 624965).
cost(1, 12, 290827).
cost(1, 13, 337470).
cost(1, 14, 310061).
cost(1, 15, 217762).
cost(1, 16, 265637).
cost(1, 17, 242942).
cost(1, 18, 275130).
cost(1, 19, 84155).
cost(1, 20, 538452).
cost(1, 21, 319027).
cost(1, 22, 464155).
cost(1, 23, 124224).
cost(1, 24, 476886).
cost(1, 25, 213311).
cost(1, 26, 189377).
cost(1, 27, 570751).
cost(1, 28, 61972).
cost(1, 29, 555862).
cost(1, 30, 468198).
cost(2, 1, 317495).
cost(2, 3, 488936).
cost(2, 4, 227280).
cost(2, 5, 121405).
cost(2, 6, 195414).
cost(2, 7, 90854).
cost(2, 8, 296017).
cost(2, 9, 326896).
cost(2, 10, 225330).
cost(2, 11, 467961).
cost(2, 12, 90402).
cost(2, 13, 268851).
cost(2, 14, 99610).
cost(2, 15, 253911).
cost(2, 16, 138695).
cost(2, 17, 321806).
cost(2, 18, 126391).
cost(2, 19, 237746).
cost(2, 20, 236818).
cost(2, 21, 119338).
cost(2, 22, 255839).
cost(2, 23, 333670).
cost(2, 24, 436632).
cost(2, 25, 311717).
cost(2, 26, 182310).
cost(2, 27, 256100).
cost(2, 28, 277628).
cost(2, 29, 364075).
cost(2, 30, 203358).
cost(3, 1, 174148).
cost(3, 2, 488936).
cost(3, 4, 271902).
cost(3, 5, 439293).
cost(3, 6, 337063).
cost(3, 7, 461360).
cost(3, 8, 236680).
cost(3, 9, 182498).
cost(3, 10, 580963).
cost(3, 11, 729562).
cost(3, 12, 451187).
cost(3, 13, 489467).
cost(3, 14, 483670).
cost(3, 15, 330819).
cost(3, 16, 437076).
cost(3, 17, 319862).
cost(3, 18, 447432).
cost(3, 19, 258201).
cost(3, 20, 712589).
cost(3, 21, 473308).
cost(3, 22, 601274).
cost(3, 23, 240387).
cost(3, 24, 546968).
cost(3, 25, 342362).
cost(3, 26, 359011).
cost(3, 27, 738553).
cost(3, 28, 213473).
cost(3, 29, 679434).
cost(3, 30, 621560).
cost(4, 1, 120748).
cost(4, 2, 227280).
cost(4, 3, 271902).
cost(4, 5, 221958).
cost(4, 6, 160503).
cost(4, 7, 189461).
cost(4, 8, 77743).
cost(4, 9, 99669).
cost(4, 10, 319389).
cost(4, 11, 507963).
cost(4, 12, 179321).
cost(4, 13, 342512).
cost(4, 14, 254200).
cost(4, 15, 110718).
cost(4, 16, 229049).
cost(4, 17, 159498).
cost(4, 18, 232628).
cost(4, 19, 92444).
cost(4, 20, 462116).
cost(4, 21, 202601).
cost(4, 22, 343516).
cost(4, 23, 212397).
cost(4, 24, 376118).
cost(4, 25, 266914).
cost(4, 26, 175278).
cost(4, 27, 468390).
cost(4, 28, 61385).
cost(4, 29, 435580).
cost(4, 30, 351843).
cost(5, 1, 266518).
cost(5, 2, 121405).
cost(5, 3, 439293).
cost(5, 4, 221958).
cost(5, 6, 105194).
cost(5, 7, 189927).
cost(5, 8, 299695).
cost(5, 9, 309951).
cost(5, 10, 342713).
cost(5, 11, 582630).
cost(5, 12, 183709).
cost(5, 13, 154783).
cost(5, 14, 47175).
cost(5, 15, 295875).
cost(5, 16, 17464).
cost(5, 17, 362016).
cost(5, 18, 10887).
cost(5, 19, 182994).
cost(5, 20, 279845).
cost(5, 21, 222138).
cost(5, 22, 373351).
cost(5, 23, 240970).
cost(5, 24, 524855).
cost(5, 25, 197071).
cost(5, 26, 84553).
cost(5, 27, 354427).
cost(5, 28, 249320).
cost(5, 29, 481864).
cost(5, 30, 324741).
cost(6, 1, 167577).
cost(6, 2, 195414).
cost(6, 3, 337063).
cost(6, 4, 160503).
cost(6, 5, 105194).
cost(6, 7, 227046).
cost(6, 8, 233151).
cost(6, 9, 227677).
cost(6, 10, 386891).
cost(6, 11, 613007).
cost(6, 12, 217445).
cost(6, 13, 183582).
cost(6, 14, 151973).
cost(6, 15, 261141).
cost(6, 16, 100469).
cost(6, 17, 318495).
cost(6, 18, 111941).
cost(6, 19, 89366).
cost(6, 20, 384856).
cost(6, 21, 256368).
cost(6, 22, 416455).
cost(6, 23, 139923).
cost(6, 24, 517757).
cost(6, 25, 128983).
cost(6, 26, 21963).
cost(6, 27, 447639).
cost(6, 28, 165146).
cost(6, 29, 522154).
cost(6, 30, 387984).
cost(7, 1, 301451).
cost(7, 2, 90854).
cost(7, 3, 461360).
cost(7, 4, 189461).
cost(7, 5, 189927).
cost(7, 6, 227046).
cost(7, 8, 242480).
cost(7, 9, 284869).
cost(7, 10, 160064).
cost(7, 11, 394022).
cost(7, 12, 10720).
cost(7, 13, 344501).
cost(7, 14, 183235).
cost(7, 15, 179485).
cost(7, 16, 206916).
cost(7, 17, 244326).
cost(7, 18, 198109).
cost(7, 19, 235013).
cost(7, 20, 308824).
cost(7, 21, 32218).
cost(7, 22, 189991).
cost(7, 23, 351038).
cost(7, 24, 346218).
cost(7, 25, 354892).
cost(7, 26, 222025).
cost(7, 27, 281825).
cost(7, 28, 249012).
cost(7, 29, 297151).
cost(7, 30, 168577).
cost(8, 1, 135526).
cost(8, 2, 296017).
cost(8, 3, 236680).
cost(8, 4, 77743).
cost(8, 5, 299695).
cost(8, 6, 233151).
cost(8, 7, 242480).
cost(8, 9, 56434).
cost(8, 10, 345288).
cost(8, 11, 501709).
cost(8, 12, 233631).
cost(8, 13, 416612).
cost(8, 14, 331190).
cost(8, 15, 94795).
cost(8, 16, 306698).
cost(8, 17, 107417).
cost(8, 18, 310370).
cost(8, 19, 152547).
cost(8, 20, 532703).
cost(8, 21, 247076).
cost(8, 22, 364796).
cost(8, 23, 253574).
cost(8, 24, 342236).
cost(8, 25, 326053).
cost(8, 26, 249821).
cost(8, 27, 524202).
cost(8, 28, 82106).
cost(8, 29, 444083).
cost(8, 30, 390926).
cost(9, 1, 92950).
cost(9, 2, 326896).
cost(9, 3, 182498).
cost(9, 4, 99669).
cost(9, 5, 309951).
cost(9, 6, 227677).
cost(9, 7, 284869).
cost(9, 8, 56434).
cost(9, 10, 398468).
cost(9, 11, 557965).
cost(9, 12, 275233).
cost(9, 13, 409311).
cost(9, 14, 346964).
cost(9, 15, 151020).
cost(9, 16, 313950).
cost(9, 17, 157888).
cost(9, 18, 320072).
cost(9, 19, 139204).
cost(9, 20, 561057).
cost(9, 21, 293573).
cost(9, 22, 419027).
cost(9, 23, 216875).
cost(9, 24, 394206).
cost(9, 25, 300716).
cost(9, 26, 247226).
cost(9, 27, 565956).
cost(9, 28, 62557).
cost(9, 29, 500177).
cost(9, 30, 440425).
cost(10, 1, 439641).
cost(10, 2, 225330).
cost(10, 3, 580963).
cost(10, 4, 319389).
cost(10, 5, 342713).
cost(10, 6, 386891).
cost(10, 7, 160064).
cost(10, 8, 345288).
cost(10, 9, 398468).
cost(10, 11, 243293).
cost(10, 12, 169457).
cost(10, 13, 493972).
cost(10, 14, 324802).
cost(10, 15, 254812).
cost(10, 16, 360151).
cost(10, 17, 294762).
cost(10, 18, 349362).
cost(10, 19, 385216).
cost(10, 20, 356252).
cost(10, 21, 130800).
cost(10, 22, 30640).
cost(10, 23, 506213).
cost(10, 24, 267449).
cost(10, 25, 514952).
cost(10, 26, 382055).
cost(10, 27, 247819).
cost(10, 28, 380513).
cost(10, 29, 139160).
cost(10, 30, 76418).
cost(11, 1, 624965).
cost(11, 2, 467961).
cost(11, 3, 729562).
cost(11, 4, 507963).
cost(11, 5, 582630).
cost(11, 6, 613007).
cost(11, 7, 394022).
cost(11, 8, 501709).
cost(11, 9, 557965).
cost(11, 10, 243293).
cost(11, 12, 401674).
cost(11, 13, 735711).
cost(11, 14, 567568).
cost(11, 15, 409071).
cost(11, 16, 599910).
cost(11, 17, 409834).
cost(11, 18, 589984).
cost(11, 19, 591083).
cost(11, 20, 573310).
cost(11, 21, 362059).
cost(11, 22, 213385).
cost(11, 23, 715606).
cost(11, 24, 214383).
cost(11, 25, 741875).
cost(11, 26, 611971).
cost(11, 27, 426937).
cost(11, 28, 563006).
cost(11, 29, 110708).
cost(11, 30, 291468).
cost(12, 1, 290827).
cost(12, 2, 90402).
cost(12, 3, 451187).
cost(12, 4, 179321).
cost(12, 5, 183709).
cost(12, 6, 217445).
cost(12, 7, 10720).
cost(12, 8, 233631).
cost(12, 9, 275233).
cost(12, 10, 169457).
cost(12, 11, 401674).
cost(12, 13, 338469).
cost(12, 14, 179423).
cost(12, 15, 173274).
cost(12, 16, 200502).
cost(12, 17, 239003).
cost(12, 18, 192215).
cost(12, 19, 224315).
cost(12, 20, 313719).
cost(12, 21, 39737).
cost(12, 22, 199175).
cost(12, 23, 340585).
cost(12, 24, 348630).
cost(12, 25, 345578).
cost(12, 26, 212933).
cost(12, 27, 291033).
cost(12, 28, 238647).
cost(12, 29, 305887).
cost(12, 30, 179283).
cost(13, 1, 337470).
cost(13, 2, 268851).
cost(13, 3, 489467).
cost(13, 4, 342512).
cost(13, 5, 154783).
cost(13, 6, 183582).
cost(13, 7, 344501).
cost(13, 8, 416612).
cost(13, 9, 409311).
cost(13, 10, 493972).
cost(13, 11, 735711).
cost(13, 12, 338469).
cost(13, 14, 170402).
cost(13, 15, 435357).
cost(13, 16, 138280).
cost(13, 17, 497241).
cost(13, 18, 146399).
cost(13, 19, 270136).
cost(13, 20, 334308).
cost(13, 21, 376676).
cost(13, 22, 524548).
cost(13, 23, 251649).
cost(13, 24, 677042).
cost(13, 25, 156289).
cost(13, 26, 167238).
cost(13, 27, 458667).
cost(13, 28, 347218).
cost(13, 29, 632892).
cost(13, 30, 467506).
cost(14, 1, 310061).
cost(14, 2, 99610).
cost(14, 3, 483670).
cost(14, 4, 254200).
cost(14, 5, 47175).
cost(14, 6, 151973).
cost(14, 7, 183235).
cost(14, 8, 331190).
cost(14, 9, 346964).
cost(14, 10, 324802).
cost(14, 11, 567568).
cost(14, 12, 179423).
cost(14, 13, 170402).
cost(14, 15, 315365).
cost(14, 16, 57760).
cost(14, 17, 383165).
cost(14, 18, 43320).
cost(14, 19, 225991).
cost(14, 20, 232884).
cost(14, 21, 214430).
cost(14, 22, 355248).
cost(14, 23, 288082).
cost(14, 24, 527532).
cost(14, 25, 239843).
cost(14, 26, 131639).
cost(14, 27, 311325).
cost(14, 28, 288063).
cost(14, 29, 463290).
cost(14, 30, 297465).
cost(15, 1, 217762).
cost(15, 2, 253911).
cost(15, 3, 330819).
cost(15, 4, 110718).
cost(15, 5, 295875).
cost(15, 6, 261141).
cost(15, 7, 179485).
cost(15, 8, 94795).
cost(15, 9, 151020).
cost(15, 10, 254812).
cost(15, 11, 409071).
cost(15, 12, 173274).
cost(15, 13, 435357).
cost(15, 14, 315365).
cost(15, 16, 307486).
cost(15, 17, 68379).
cost(15, 18, 306689).
cost(15, 19, 203014).
cost(15, 20, 486395).
cost(15, 21, 173896).
cost(15, 22, 272352).
cost(15, 23, 322154).
cost(15, 24, 265451).
cost(15, 25, 376027).
cost(15, 26, 271652).
cost(15, 27, 453379).
cost(15, 28, 156469).
cost(15, 29, 349292).
cost(15, 30, 307109).
cost(16, 1, 265637).
cost(16, 2, 138695).
cost(16, 3, 437076).
cost(16, 4, 229049).
cost(16, 5, 17464).
cost(16, 6, 100469).
cost(16, 7, 206916).
cost(16, 8, 306698).
cost(16, 9, 313950).
cost(16, 10, 360151).
cost(16, 11, 599910).
cost(16, 12, 200502).
cost(16, 13, 138280).
cost(16, 14, 57760).
cost(16, 15, 307486).
cost(16, 17, 372877).
cost(16, 18, 14586).
cost(16, 19, 183189).
cost(16, 20, 287472).
cost(16, 21, 239134).
cost(16, 22, 390787).
cost(16, 23, 232048).
cost(16, 24, 540056).
cost(16, 25, 182676).
cost(16, 26, 78810).
cost(16, 27, 368284).
cost(16, 28, 252491).
cost(16, 29, 499297).
cost(16, 30, 341977).
cost(17, 1, 242942).
cost(17, 2, 321806).
cost(17, 3, 319862).
cost(17, 4, 159498).
cost(17, 5, 362016).
cost(17, 6, 318495).
cost(17, 7, 244326).
cost(17, 8, 107417).
cost(17, 9, 157888).
cost(17, 10, 294762).
cost(17, 11, 409834).
cost(17, 12, 239003).
cost(17, 13, 497241).
cost(17, 14, 383165).
cost(17, 15, 68379).
cost(17, 16, 372877).
cost(17, 18, 372880).
cost(17, 19, 249553).
cost(17, 20, 552714).
cost(17, 21, 234692).
cost(17, 22, 306849).
cost(17, 23, 359413).
cost(17, 24, 236320).
cost(17, 25, 425136).
cost(17, 26, 331247).
cost(17, 27, 510854).
cost(17, 28, 187509).
cost(17, 29, 367399).
cost(17, 30, 355856).
cost(18, 1, 275130).
cost(18, 2, 126391).
cost(18, 3, 447432).
cost(18, 4, 232628).
cost(18, 5, 10887).
cost(18, 6, 111941).
cost(18, 7, 198109).
cost(18, 8, 310370).
cost(18, 9, 320072).
cost(18, 10, 349362).
cost(18, 11, 589984).
cost(18, 12, 192215).
cost(18, 13, 146399).
cost(18, 14, 43320).
cost(18, 15, 306689).
cost(18, 16, 14586).
cost(18, 17, 372880).
cost(18, 19, 191935).
cost(18, 20, 274224).
cost(18, 21, 230278).
cost(18, 22, 380000).
cost(18, 23, 245568).
cost(18, 24, 534630).
cost(18, 25, 197250).
cost(18, 26, 90709).
cost(18, 27, 353705).
cost(18, 28, 259215).
cost(18, 29, 488515).
cost(18, 30, 329343).
cost(19, 1, 84155).
cost(19, 2, 237746).
cost(19, 3, 258201).
cost(19, 4, 92444).
cost(19, 5, 182994).
cost(19, 6, 89366).
cost(19, 7, 235013).
cost(19, 8, 152547).
cost(19, 9, 139204).
cost(19, 10, 385216).
cost(19, 11, 591083).
cost(19, 12, 224315).
cost(19, 13, 270136).
cost(19, 14, 225991).
cost(19, 15, 203014).
cost(19, 16, 183189).
cost(19, 17, 249553).
cost(19, 18, 191935).
cost(19, 20, 454564).
cost(19, 21, 257559).
cost(19, 22, 412258).
cost(19, 23, 124523).
cost(19, 24, 468175).
cost(19, 25, 175588).
cost(19, 26, 110036).
cost(19, 27, 493198).
cost(19, 28, 77164).
cost(19, 29, 511290).
cost(19, 30, 403584).
cost(20, 1, 538452).
cost(20, 2, 236818).
cost(20, 3, 712589).
cost(20, 4, 462116).
cost(20, 5, 279845).
cost(20, 6, 384856).
cost(20, 7, 308824).
cost(20, 8, 532703).
cost(20, 9, 561057).
cost(20, 10, 356252).
cost(20, 11, 573310).
cost(20, 12, 313719).
cost(20, 13, 334308).
cost(20, 14, 232884).
cost(20, 15, 486395).
cost(20, 16, 287472).
cost(20, 17, 552714).
cost(20, 18, 274224).
cost(20, 19, 454564).
cost(20, 21, 324063).
cost(20, 22, 378031).
cost(20, 23, 519481).
cost(20, 24, 618684).
cost(20, 25, 458243).
cost(20, 26, 364394).
cost(20, 27, 166598).
cost(20, 28, 507717).
cost(20, 29, 463329).
cost(20, 30, 287425).
cost(21, 1, 319027).
cost(21, 2, 119338).
cost(21, 3, 473308).
cost(21, 4, 202601).
cost(21, 5, 222138).
cost(21, 6, 256368).
cost(21, 7, 32218).
cost(21, 8, 247076).
cost(21, 9, 293573).
cost(21, 10, 130800).
cost(21, 11, 362059).
cost(21, 12, 39737).
cost(21, 13, 376676).
cost(21, 14, 214430).
cost(21, 15, 173896).
cost(21, 16, 239134).
cost(21, 17, 234692).
cost(21, 18, 230278).
cost(21, 19, 257559).
cost(21, 20, 324063).
cost(21, 22, 160104).
cost(21, 23, 376522).
cost(21, 24, 317561).
cost(21, 25, 384822).
cost(21, 26, 252428).
cost(21, 27, 279885).
cost(21, 28, 263579).
cost(21, 29, 266312).
cost(21, 30, 149395).
cost(22, 1, 464155).
cost(22, 2, 255839).
cost(22, 3, 601274).
cost(22, 4, 343516).
cost(22, 5, 373351).
cost(22, 6, 416455).
cost(22, 7, 189991).
cost(22, 8, 364796).
cost(22, 9, 419027).
cost(22, 10, 30640).
cost(22, 11, 213385).
cost(22, 12, 199175).
cost(22, 13, 524548).
cost(22, 14, 355248).
cost(22, 15, 272352).
cost(22, 16, 390787).
cost(22, 17, 306849).
cost(22, 18, 380000).
cost(22, 19, 412258).
cost(22, 20, 378031).
cost(22, 21, 160104).
cost(22, 23, 534079).
cost(22, 24, 254062).
cost(22, 25, 544753).
cost(22, 26, 412010).
cost(22, 27, 259424).
cost(22, 28, 404254).
cost(22, 29, 108520).
cost(22, 30, 91816).
cost(23, 1, 124224).
cost(23, 2, 333670).
cost(23, 3, 240387).
cost(23, 4, 212397).
cost(23, 5, 240970).
cost(23, 6, 139923).
cost(23, 7, 351038).
cost(23, 8, 253574).
cost(23, 9, 216875).
cost(23, 10, 506213).
cost(23, 11, 715606).
cost(23, 12, 340585).
cost(23, 13, 251649).
cost(23, 14, 288082).
cost(23, 15, 322154).
cost(23, 16, 232048).
cost(23, 17, 359413).
cost(23, 18, 245568).
cost(23, 19, 124523).
cost(23, 20, 519481).
cost(23, 21, 376522).
cost(23, 22, 534079).
cost(23, 24, 587241).
cost(23, 25, 102216).
cost(23, 26, 157566).
cost(23, 27, 587417).
cost(23, 28, 171957).
cost(23, 29, 634815).
cost(23, 30, 518011).
cost(24, 1, 476886).
cost(24, 2, 436632).
cost(24, 3, 546968).
cost(24, 4, 376118).
cost(24, 5, 524855).
cost(24, 6, 517757).
cost(24, 7, 346218).
cost(24, 8, 342236).
cost(24, 9, 394206).
cost(24, 10, 267449).
cost(24, 11, 214383).
cost(24, 12, 348630).
cost(24, 13, 677042).
cost(24, 14, 527532).
cost(24, 15, 265451).
cost(24, 16, 540056).
cost(24, 17, 236320).
cost(24, 18, 534630).
cost(24, 19, 468175).
cost(24, 20, 618684).
cost(24, 21, 317561).
cost(24, 22, 254062).
cost(24, 23, 587241).
cost(24, 25, 638972).
cost(24, 26, 524199).
cost(24, 27, 513356).
cost(24, 28, 418177).
cost(24, 29, 234308).
cost(24, 30, 343251).
cost(25, 1, 213311).
cost(25, 2, 311717).
cost(25, 3, 342362).
cost(25, 4, 266914).
cost(25, 5, 197071).
cost(25, 6, 128983).
cost(25, 7, 354892).
cost(25, 8, 326053).
cost(25, 9, 300716).
cost(25, 10, 514952).
cost(25, 11, 741875).
cost(25, 12, 345578).
cost(25, 13, 156289).
cost(25, 14, 239843).
cost(25, 15, 376027).
cost(25, 16, 182676).
cost(25, 17, 425136).
cost(25, 18, 197250).
cost(25, 19, 175588).
cost(25, 20, 458243).
cost(25, 21, 384822).
cost(25, 22, 544753).
cost(25, 23, 102216).
cost(25, 24, 638972).
cost(25, 26, 133230).
cost(25, 27, 550952).
cost(25, 28, 245370).
cost(25, 29, 650917).
cost(25, 30, 511538).
cost(26, 1, 189377).
cost(26, 2, 182310).
cost(26, 3, 359011).
cost(26, 4, 175278).
cost(26, 5, 84553).
cost(26, 6, 21963).
cost(26, 7, 222025).
cost(26, 8, 249821).
cost(26, 9, 247226).
cost(26, 10, 382055).
cost(26, 11, 611971).
cost(26, 12, 212933).
cost(26, 13, 167238).
cost(26, 14, 131639).
cost(26, 15, 271652).
cost(26, 16, 78810).
cost(26, 17, 331247).
cost(26, 18, 90709).
cost(26, 19, 110036).
cost(26, 20, 364394).
cost(26, 21, 252428).
cost(26, 22, 412010).
cost(26, 23, 157566).
cost(26, 24, 524199).
cost(26, 25, 133230).
cost(26, 27, 431604).
cost(26, 28, 184681).
cost(26, 29, 518738).
cost(26, 30, 379003).
cost(27, 1, 570751).
cost(27, 2, 256100).
cost(27, 3, 738553).
cost(27, 4, 468390).
cost(27, 5, 354427).
cost(27, 6, 447639).
cost(27, 7, 281825).
cost(27, 8, 524202).
cost(27, 9, 565956).
cost(27, 10, 247819).
cost(27, 11, 426937).
cost(27, 12, 291033).
cost(27, 13, 458667).
cost(27, 14, 311325).
cost(27, 15, 453379).
cost(27, 16, 368284).
cost(27, 17, 510854).
cost(27, 18, 353705).
cost(27, 19, 493198).
cost(27, 20, 166598).
cost(27, 21, 279885).
cost(27, 22, 259424).
cost(27, 23, 587417).
cost(27, 24, 513356).
cost(27, 25, 550952).
cost(27, 26, 431604).
cost(27, 28, 525101).
cost(27, 29, 321364).
cost(27, 30, 171447).
cost(28, 1, 61972).
cost(28, 2, 277628).
cost(28, 3, 213473).
cost(28, 4, 61385).
cost(28, 5, 249320).
cost(28, 6, 165146).
cost(28, 7, 249012).
cost(28, 8, 82106).
cost(28, 9, 62557).
cost(28, 10, 380513).
cost(28, 11, 563006).
cost(28, 12, 238647).
cost(28, 13, 347218).
cost(28, 14, 288063).
cost(28, 15, 156469).
cost(28, 16, 252491).
cost(28, 17, 187509).
cost(28, 18, 259215).
cost(28, 19, 77164).
cost(28, 20, 507717).
cost(28, 21, 263579).
cost(28, 22, 404254).
cost(28, 23, 171957).
cost(28, 24, 418177).
cost(28, 25, 245370).
cost(28, 26, 184681).
cost(28, 27, 525101).
cost(28, 29, 494454).
cost(28, 30, 412934).
cost(29, 1, 555862).
cost(29, 2, 364075).
cost(29, 3, 679434).
cost(29, 4, 435580).
cost(29, 5, 481864).
cost(29, 6, 522154).
cost(29, 7, 297151).
cost(29, 8, 444083).
cost(29, 9, 500177).
cost(29, 10, 139160).
cost(29, 11, 110708).
cost(29, 12, 305887).
cost(29, 13, 632892).
cost(29, 14, 463290).
cost(29, 15, 349292).
cost(29, 16, 499297).
cost(29, 17, 367399).
cost(29, 18, 488515).
cost(29, 19, 511290).
cost(29, 20, 463329).
cost(29, 21, 266312).
cost(29, 22, 108520).
cost(29, 23, 634815).
cost(29, 24, 234308).
cost(29, 25, 650917).
cost(29, 26, 518738).
cost(29, 27, 321364).
cost(29, 28, 494454).
cost(29, 30, 180870).
cost(30, 1, 468198).
cost(30, 2, 203358).
cost(30, 3, 621560).
cost(30, 4, 351843).
cost(30, 5, 324741).
cost(30, 6, 387984).
cost(30, 7, 168577).
cost(30, 8, 390926).
cost(30, 9, 440425).
cost(30, 10, 76418).
cost(30, 11, 291468).
cost(30, 12, 179283).
cost(30, 13, 467506).
cost(30, 14, 297465).
cost(30, 15, 307109).
cost(30, 16, 341977).
cost(30, 17, 355856).
cost(30, 18, 329343).
cost(30, 19, 403584).
cost(30, 20, 287425).
cost(30, 21, 149395).
cost(30, 22, 91816).
cost(30, 23, 518011).
cost(30, 24, 343251).
cost(30, 25, 511538).
cost(30, 26, 379003).
cost(30, 27, 171447).
cost(30, 28, 412934).
cost(30, 29, 180870).
nocross(1,3).
nocross(1,4).
nocross(1,8).
nocross(1,9).
nocross(1,19).
nocross(1,23).
nocross(1,25).
nocross(1,28).
nocross(1,30).
nocross(2,1).
nocross(2,4).
nocross(2,5).
nocross(2,10).
nocross(2,15).
nocross(3,1).
nocross(3,4).
nocross(3,8).
nocross(3,9).
nocross(3,17).
nocross(3,19).
nocross(3,23).
nocross(4,1).
nocross(4,8).
nocross(4,9).
nocross(4,15).
nocross(4,24).
nocross(4,30).
nocross(5,4).
nocross(5,10).
nocross(5,15).
nocross(7,6).
nocross(7,10).
nocross(8,1).
nocross(8,4).
nocross(8,6).
nocross(8,9).
nocross(8,15).
nocross(8,17).
nocross(8,28).
nocross(9,1).
nocross(9,3).
nocross(9,4).
nocross(9,8).
nocross(9,15).
nocross(9,17).
nocross(9,23).
nocross(9,28).
nocross(12,4).
nocross(12,5).
nocross(12,6).
nocross(12,8).
nocross(12,15).
nocross(12,19).
nocross(12,28).
nocross(12,30).
nocross(13,6).
nocross(13,10).
nocross(13,15).
nocross(13,23).
nocross(13,25).
nocross(14,4).
nocross(14,10).
nocross(14,12).
nocross(14,13).
nocross(14,15).
nocross(15,4).
nocross(15,8).
nocross(15,9).
nocross(15,19).
nocross(15,21).
nocross(15,23).
nocross(15,24).
nocross(15,30).
nocross(16,4).
nocross(16,10).
nocross(16,13).
nocross(16,15).
nocross(18,4).
nocross(18,5).
nocross(18,10).
nocross(18,13).
nocross(18,15).
nocross(19,1).
nocross(19,4).
nocross(19,23).
nocross(19,28).
nocross(21,4).
nocross(21,6).
nocross(21,8).
nocross(21,9).
nocross(21,15).
nocross(21,24).
nocross(21,30).
nocross(22,6).
nocross(23,1).
nocross(23,3).
nocross(23,4).
nocross(23,9).
nocross(23,17).
nocross(23,19).
nocross(23,25).
nocross(24,10).
nocross(24,17).
nocross(25,1).
nocross(25,6).
nocross(25,13).
nocross(25,23).
nocross(26,4).
nocross(26,5).
nocross(26,8).
nocross(26,15).
nocross(26,23).
nocross(26,24).
nocross(26,25).
nocross(28,1).
nocross(28,4).
nocross(28,8).
nocross(28,9).
nocross(28,15).
nocross(28,17).
nocross(28,19).
nocross(28,23).
nocross(29,6).
nocross(29,27).
nocross(30,2).
nocross(30,4).
nocross(30,5).
nocross(30,10).
nocross(30,22).
