dimension(30).
point(1, -52558.0, -69542.0).
point(2, -119489.0, -172318.0).
point(3, 244232.0, -61064.0).
point(4, -209631.0, 172942.0).
point(5, 129874.0, 6616.0).
point(6, -362935.0, 159327.0).
point(7, 80379.0, 191051.0).
point(8, 91565.0, 231773.0).
point(9, -92186.0, -109258.0).
point(10, -67280.0, 375319.0).
point(11, 49964.0, -96835.0).
point(12, 53510.0, -148989.0).
point(13, -373365.0, 129970.0).
point(14, 463384.0, -48965.0).
point(15, 154666.0, -159025.0).
point(16, 117780.0, -47376.0).
point(17, 186319.0, -53537.0).
point(18, -159379.0, 33963.0).
point(19, -151873.0, 77207.0).
point(20, -85056.0, -187457.0).
point(21, 180436.0, 51285.0).
point(22, 270388.0, -364839.0).
point(23, 71128.0, -100278.0).
point(24, 151615.0, 153397.0).
point(25, -31699.0, -40990.0).
point(26, -53283.0, 124632.0).
point(27, -117388.0, 243437.0).
point(28, 61141.0, -76550.0).
point(29, 196797.0, 61803.0).
point(30, 29096.0, 100084.0).
cost(1, 2, 122649).
cost(1, 3, 296911).
cost(1, 4, 288912).
cost(1, 5, 197690).
cost(1, 6, 385636).
cost(1, 7, 292542).
cost(1, 8, 334009).
cost(1, 9, 56105).
cost(1, 10, 445105).
cost(1, 11, 106093).
cost(1, 12, 132523).
cost(1, 13, 377786).
cost(1, 14, 516352).
cost(1, 15, 225719).
cost(1, 16, 171774).
cost(1, 17, 239413).
cost(1, 18, 148741).
cost(1, 19, 177197).
cost(1, 20, 122311).
cost(1, 21, 262460).
cost(1, 22, 437601).
cost(1, 23, 127448).
cost(1, 24, 302305).
cost(1, 25, 35360).
cost(1, 26, 194175).
cost(1, 27, 319623).
cost(1, 28, 113915).
cost(1, 29, 281832).
cost(1, 30, 188256).
cost(2, 1, 122649).
cost(2, 3, 380356).
cost(2, 4, 356833).
cost(2, 5, 306919).
cost(2, 6, 411405).
cost(2, 7, 414710).
cost(2, 8, 455887).
cost(2, 9, 68717).
cost(2, 10, 550120).
cost(2, 11, 185505).
cost(2, 12, 174565).
cost(2, 13, 394754).
cost(2, 14, 595783).
cost(2, 15, 274477).
cost(2, 16, 268155).
cost(2, 17, 328066).
cost(2, 18, 210103).
cost(2, 19, 251618).
cost(2, 20, 37614).
cost(2, 21, 374103).
cost(2, 22, 434820).
cost(2, 23, 203776).
cost(2, 24, 423778).
cost(2, 25, 157969).
cost(2, 26, 304241).
cost(2, 27, 415760).
cost(2, 28, 204447).
cost(2, 29, 393509).
cost(2, 30, 310291).
cost(3, 1, 296911).
cost(3, 2, 380356).
cost(3, 4, 510637).
cost(3, 5, 132885).
cost(3, 6, 645929).
cost(3, 7, 300682).
cost(3, 8, 330243).
cost(3, 9, 339853).
cost(3, 10, 536162).
cost(3, 11, 197534).
cost(3, 12, 210014).
cost(3, 13, 646467).
cost(3, 14, 219486).
cost(3, 15, 132734).
cost(3, 16, 127191).
cost(3, 17, 58400).
cost(3, 18, 414647).
cost(3, 19, 419545).
cost(3, 20, 352712).
cost(3, 21, 129198).
cost(3, 22, 304899).
cost(3, 23, 177490).
cost(3, 24, 233605).
cost(3, 25, 276660).
cost(3, 26, 350711).
cost(3, 27, 472747).
cost(3, 28, 183745).
cost(3, 29, 131706).
cost(3, 30, 268798).
cost(4, 1, 288912).
cost(4, 2, 356833).
cost(4, 3, 510637).
cost(4, 5, 378058).
cost(4, 6, 153907).
cost(4, 7, 290575).
cost(4, 8, 306888).
cost(4, 9, 305663).
cost(4, 10, 247427).
cost(4, 11, 374392).
cost(4, 12, 415792).
cost(4, 13, 169279).
cost(4, 14, 708655).
cost(4, 15, 492863).
cost(4, 16, 394637).
cost(4, 17, 456146).
cost(4, 18, 147785).
cost(4, 19, 111809).
cost(4, 20, 381322).
cost(4, 21, 408598).
cost(4, 22, 720851).
cost(4, 23, 391759).
cost(4, 24, 361774).
cost(4, 25, 278257).
cost(4, 26, 163642).
cost(4, 27, 116096).
cost(4, 28, 368190).
cost(4, 29, 421350).
cost(4, 30, 249597).
cost(5, 1, 197690).
cost(5, 2, 306919).
cost(5, 3, 132885).
cost(5, 4, 378058).
cost(5, 6, 515928).
cost(5, 7, 190961).
cost(5, 8, 228393).
cost(5, 9, 250474).
cost(5, 10, 418105).
cost(5, 11, 130720).
cost(5, 12, 173333).
cost(5, 13, 518137).
cost(5, 14, 338110).
cost(5, 15, 167486).
cost(5, 16, 55330).
cost(5, 17, 82489).
cost(5, 18, 290543).
cost(5, 19, 290456).
cost(5, 20, 289585).
cost(5, 21, 67467).
cost(5, 22, 397144).
cost(5, 23, 121973).
cost(5, 24, 148382).
cost(5, 25, 168440).
cost(5, 26, 217886).
cost(5, 27, 342378).
cost(5, 28, 107893).
cost(5, 29, 86743).
cost(5, 30, 137450).
cost(6, 1, 385636).
cost(6, 2, 411405).
cost(6, 3, 645929).
cost(6, 4, 153907).
cost(6, 5, 515928).
cost(6, 7, 444448).
cost(6, 8, 460238).
cost(6, 9, 381370).
cost(6, 10, 366148).
cost(6, 11, 485906).
cost(6, 12, 518156).
cost(6, 13, 31155).
cost(6, 14, 852167).
cost(6, 15, 607667).
cost(6, 16, 523271).
cost(6, 17, 589059).
cost(6, 18, 239063).
cost(6, 19, 226475).
cost(6, 20, 444383).
cost(6, 21, 554008).
cost(6, 22, 822100).
cost(6, 23, 505772).
cost(6, 24, 514584).
cost(6, 25, 387097).
cost(6, 26, 311590).
cost(6, 27, 259553).
cost(6, 28, 485261).
cost(6, 29, 568164).
cost(6, 30, 396482).
cost(7, 1, 292542).
cost(7, 2, 414710).
cost(7, 3, 300682).
cost(7, 4, 290575).
cost(7, 5, 190961).
cost(7, 6, 444448).
cost(7, 8, 42230).
cost(7, 9, 346358).
cost(7, 10, 236131).
cost(7, 11, 289488).
cost(7, 12, 341100).
cost(7, 13, 457837).
cost(7, 14, 451996).
cost(7, 15, 357871).
cost(7, 16, 241343).
cost(7, 17, 266546).
cost(7, 18, 286637).
cost(7, 19, 258653).
cost(7, 20, 413082).
cost(7, 21, 171889).
cost(7, 22, 587467).
cost(7, 23, 291476).
cost(7, 24, 80575).
cost(7, 25, 257691).
cost(7, 26, 149255).
cost(7, 27, 204588).
cost(7, 28, 268292).
cost(7, 29, 173949).
cost(7, 30, 104427).
cost(8, 1, 334009).
cost(8, 2, 455887).
cost(8, 3, 330243).
cost(8, 4, 306888).
cost(8, 5, 228393).
cost(8, 6, 460238).
cost(8, 7, 42230).
cost(8, 9, 387384).
cost(8, 10, 214096).
cost(8, 11, 331231).
cost(8, 12, 382659).
cost(8, 13, 475945).
cost(8, 14, 465900).
cost(8, 15, 395860).
cost(8, 16, 280377).
cost(8, 17, 300633).
cost(8, 18, 319534).
cost(8, 19, 288362).
cost(8, 20, 454916).
cost(8, 21, 201181).
cost(8, 22, 622835).
cost(8, 23, 332679).
cost(8, 24, 98736).
cost(8, 25, 299322).
cost(8, 26, 180167).
cost(8, 27, 209278).
cost(8, 28, 309820).
cost(8, 29, 199909).
cost(8, 30, 145754).
cost(9, 1, 56105).
cost(9, 2, 68717).
cost(9, 3, 339853).
cost(9, 4, 305663).
cost(9, 5, 250474).
cost(9, 6, 381370).
cost(9, 7, 346358).
cost(9, 8, 387384).
cost(9, 10, 485217).
cost(9, 11, 142692).
cost(9, 12, 151016).
cost(9, 13, 369177).
cost(9, 14, 558832).
cost(9, 15, 251819).
cost(9, 16, 218895).
cost(9, 17, 284024).
cost(9, 18, 158200).
cost(9, 19, 195785).
cost(9, 20, 78523).
cost(9, 21, 316381).
cost(9, 22, 443601).
cost(9, 23, 163561).
cost(9, 24, 358367).
cost(9, 25, 91210).
cost(9, 26, 237103).
cost(9, 27, 353594).
cost(9, 28, 156777).
cost(9, 29, 335817).
cost(9, 30, 241937).
cost(10, 1, 445105).
cost(10, 2, 550120).
cost(10, 3, 536162).
cost(10, 4, 247427).
cost(10, 5, 418105).
cost(10, 6, 366148).
cost(10, 7, 236131).
cost(10, 8, 214096).
cost(10, 9, 485217).
cost(10, 11, 486493).
cost(10, 12, 538042).
cost(10, 13, 392281).
cost(10, 14, 679427).
cost(10, 15, 578605).
cost(10, 16, 461431).
cost(10, 17, 498227).
cost(10, 18, 353562).
cost(10, 19, 309882).
cost(10, 20, 563057).
cost(10, 21, 407874).
cost(10, 22, 813544).
cost(10, 23, 495327).
cost(10, 24, 311712).
cost(10, 25, 417827).
cost(10, 26, 251077).
cost(10, 27, 141080).
cost(10, 28, 469763).
cost(10, 29, 409913).
cost(10, 30, 291621).
cost(11, 1, 106093).
cost(11, 2, 185505).
cost(11, 3, 197534).
cost(11, 4, 374392).
cost(11, 5, 130720).
cost(11, 6, 485906).
cost(11, 7, 289488).
cost(11, 8, 331231).
cost(11, 9, 142692).
cost(11, 10, 486493).
cost(11, 12, 52274).
cost(11, 13, 480258).
cost(11, 14, 416182).
cost(11, 15, 121779).
cost(11, 16, 83936).
cost(11, 17, 143064).
cost(11, 18, 246845).
cost(11, 19, 266512).
cost(11, 20, 162612).
cost(11, 21, 197389).
cost(11, 22, 347006).
cost(11, 23, 21442).
cost(11, 24, 270091).
cost(11, 25, 98932).
cost(11, 26, 244351).
cost(11, 27, 379199).
cost(11, 28, 23160).
cost(11, 29, 216162).
cost(11, 30, 198022).
cost(12, 1, 132523).
cost(12, 2, 174565).
cost(12, 3, 210014).
cost(12, 4, 415792).
cost(12, 5, 173333).
cost(12, 6, 518156).
cost(12, 7, 341100).
cost(12, 8, 382659).
cost(12, 9, 151016).
cost(12, 10, 538042).
cost(12, 11, 52274).
cost(12, 13, 509942).
cost(12, 14, 421902).
cost(12, 15, 101653).
cost(12, 16, 120232).
cost(12, 17, 163552).
cost(12, 18, 280701).
cost(12, 19, 305527).
cost(12, 20, 143807).
cost(12, 21, 237107).
cost(12, 22, 305986).
cost(12, 23, 51799).
cost(12, 24, 317902).
cost(12, 25, 137566).
cost(12, 26, 293723).
cost(12, 27, 428024).
cost(12, 28, 72840).
cost(12, 29, 254881).
cost(12, 30, 250267).
cost(13, 1, 377786).
cost(13, 2, 394754).
cost(13, 3, 646467).
cost(13, 4, 169279).
cost(13, 5, 518137).
cost(13, 6, 31155).
cost(13, 7, 457837).
cost(13, 8, 475945).
cost(13, 9, 369177).
cost(13, 10, 392281).
cost(13, 11, 480258).
cost(13, 12, 509942).
cost(13, 14, 855667).
cost(13, 15, 601943).
cost(13, 16, 522183).
cost(13, 17, 589000).
cost(13, 18, 234536).
cost(13, 19, 227690).
cost(13, 20, 428815).
cost(13, 21, 559363).
cost(13, 22, 811945).
cost(13, 23, 500588).
cost(13, 24, 525502).
cost(13, 25, 382051).
cost(13, 26, 320127).
cost(13, 27, 279998).
cost(13, 28, 481088).
cost(13, 29, 574222).
cost(13, 30, 403569).
cost(14, 1, 516352).
cost(14, 2, 595783).
cost(14, 3, 219486).
cost(14, 4, 708655).
cost(14, 5, 338110).
cost(14, 6, 852167).
cost(14, 7, 451996).
cost(14, 8, 465900).
cost(14, 9, 558832).
cost(14, 10, 679427).
cost(14, 11, 416182).
cost(14, 12, 421902).
cost(14, 13, 855667).
cost(14, 15, 327750).
cost(14, 16, 345608).
cost(14, 17, 277103).
cost(14, 18, 628260).
cost(14, 19, 628061).
cost(14, 20, 565656).
cost(14, 21, 300183).
cost(14, 22, 370167).
cost(14, 23, 395598).
cost(14, 24, 371686).
cost(14, 25, 495147).
cost(14, 26, 545051).
cost(14, 27, 650227).
cost(14, 28, 403188).
cost(14, 29, 288684).
cost(14, 30, 459153).
cost(15, 1, 225719).
cost(15, 2, 274477).
cost(15, 3, 132734).
cost(15, 4, 492863).
cost(15, 5, 167486).
cost(15, 6, 607667).
cost(15, 7, 357871).
cost(15, 8, 395860).
cost(15, 9, 251819).
cost(15, 10, 578605).
cost(15, 11, 121779).
cost(15, 12, 101653).
cost(15, 13, 601943).
cost(15, 14, 327750).
cost(15, 16, 117584).
cost(15, 17, 110135).
cost(15, 18, 368604).
cost(15, 19, 387004).
cost(15, 20, 241402).
cost(15, 21, 211883).
cost(15, 22, 236116).
cost(15, 23, 102126).
cost(15, 24, 312437).
cost(15, 25, 220600).
cost(15, 26, 351716).
cost(15, 27, 485787).
cost(15, 28, 124696).
cost(15, 29, 224811).
cost(15, 30, 287933).
cost(16, 1, 171774).
cost(16, 2, 268155).
cost(16, 3, 127191).
cost(16, 4, 394637).
cost(16, 5, 55330).
cost(16, 6, 523271).
cost(16, 7, 241343).
cost(16, 8, 280377).
cost(16, 9, 218895).
cost(16, 10, 461431).
cost(16, 11, 83936).
cost(16, 12, 120232).
cost(16, 13, 522183).
cost(16, 14, 345608).
cost(16, 15, 117584).
cost(16, 17, 68815).
cost(16, 18, 288848).
cost(16, 19, 297042).
cost(16, 20, 246506).
cost(16, 21, 116875).
cost(16, 22, 352238).
cost(16, 23, 70534).
cost(16, 24, 203604).
cost(16, 25, 149615).
cost(16, 26, 242589).
cost(16, 27, 374000).
cost(16, 28, 63711).
cost(16, 29, 134773).
cost(16, 30, 172074).
cost(17, 1, 239413).
cost(17, 2, 328066).
cost(17, 3, 58400).
cost(17, 4, 456146).
cost(17, 5, 82489).
cost(17, 6, 589059).
cost(17, 7, 266546).
cost(17, 8, 300633).
cost(17, 9, 284024).
cost(17, 10, 498227).
cost(17, 11, 143064).
cost(17, 12, 163552).
cost(17, 13, 589000).
cost(17, 14, 277103).
cost(17, 15, 110135).
cost(17, 16, 68815).
cost(17, 18, 356600).
cost(17, 19, 362585).
cost(17, 20, 302620).
cost(17, 21, 104987).
cost(17, 22, 322454).
cost(17, 23, 124313).
cost(17, 24, 209824).
cost(17, 25, 218379).
cost(17, 26, 298586).
cost(17, 27, 424772).
cost(17, 28, 127276).
cost(17, 29, 115815).
cost(17, 30, 219815).
cost(18, 1, 148741).
cost(18, 2, 210103).
cost(18, 3, 414647).
cost(18, 4, 147785).
cost(18, 5, 290543).
cost(18, 6, 239063).
cost(18, 7, 286637).
cost(18, 8, 319534).
cost(18, 9, 158200).
cost(18, 10, 353562).
cost(18, 11, 246845).
cost(18, 12, 280701).
cost(18, 13, 234536).
cost(18, 14, 628260).
cost(18, 15, 368604).
cost(18, 16, 288848).
cost(18, 17, 356600).
cost(18, 19, 43891).
cost(18, 20, 233561).
cost(18, 21, 340256).
cost(18, 22, 586296).
cost(18, 23, 266747).
cost(18, 24, 333139).
cost(18, 25, 148054).
cost(18, 26, 139561).
cost(18, 27, 213641).
cost(18, 28, 246662).
cost(18, 29, 357262).
cost(18, 30, 199737).
cost(19, 1, 177197).
cost(19, 2, 251618).
cost(19, 3, 419545).
cost(19, 4, 111809).
cost(19, 5, 290456).
cost(19, 6, 226475).
cost(19, 7, 258653).
cost(19, 8, 288362).
cost(19, 9, 195785).
cost(19, 10, 309882).
cost(19, 11, 266512).
cost(19, 12, 305527).
cost(19, 13, 227690).
cost(19, 14, 628061).
cost(19, 15, 387004).
cost(19, 16, 297042).
cost(19, 17, 362585).
cost(19, 18, 43891).
cost(19, 20, 272968).
cost(19, 21, 333318).
cost(19, 22, 611317).
cost(19, 23, 285009).
cost(19, 24, 312906).
cost(19, 25, 168560).
cost(19, 26, 109403).
cost(19, 27, 169769).
cost(19, 28, 262709).
cost(19, 29, 349010).
cost(19, 30, 182409).
cost(20, 1, 122311).
cost(20, 2, 37614).
cost(20, 3, 352712).
cost(20, 4, 381322).
cost(20, 5, 289585).
cost(20, 6, 444383).
cost(20, 7, 413082).
cost(20, 8, 454916).
cost(20, 9, 78523).
cost(20, 10, 563057).
cost(20, 11, 162612).
cost(20, 12, 143807).
cost(20, 13, 428815).
cost(20, 14, 565656).
cost(20, 15, 241402).
cost(20, 16, 246506).
cost(20, 17, 302620).
cost(20, 18, 233561).
cost(20, 19, 272968).
cost(20, 21, 357049).
cost(20, 22, 397247).
cost(20, 23, 178868).
cost(20, 24, 414963).
cost(20, 25, 155883).
cost(20, 26, 313702).
cost(20, 27, 432105).
cost(20, 28, 183505).
cost(20, 29, 376260).
cost(20, 30, 309371).
cost(21, 1, 262460).
cost(21, 2, 374103).
cost(21, 3, 129198).
cost(21, 4, 408598).
cost(21, 5, 67467).
cost(21, 6, 554008).
cost(21, 7, 171889).
cost(21, 8, 201181).
cost(21, 9, 316381).
cost(21, 10, 407874).
cost(21, 11, 197389).
cost(21, 12, 237107).
cost(21, 13, 559363).
cost(21, 14, 300183).
cost(21, 15, 211883).
cost(21, 16, 116875).
cost(21, 17, 104987).
cost(21, 18, 340256).
cost(21, 19, 333318).
cost(21, 20, 357049).
cost(21, 22, 425735).
cost(21, 23, 186868).
cost(21, 24, 106101).
cost(21, 25, 231335).
cost(21, 26, 244958).
cost(21, 27, 354431).
cost(21, 28, 174852).
cost(21, 29, 19450).
cost(21, 30, 159013).
cost(22, 1, 437601).
cost(22, 2, 434820).
cost(22, 3, 304899).
cost(22, 4, 720851).
cost(22, 5, 397144).
cost(22, 6, 822100).
cost(22, 7, 587467).
cost(22, 8, 622835).
cost(22, 9, 443601).
cost(22, 10, 813544).
cost(22, 11, 347006).
cost(22, 12, 305986).
cost(22, 13, 811945).
cost(22, 14, 370167).
cost(22, 15, 236116).
cost(22, 16, 352238).
cost(22, 17, 322454).
cost(22, 18, 586296).
cost(22, 19, 611317).
cost(22, 20, 397247).
cost(22, 21, 425735).
cost(22, 23, 331205).
cost(22, 24, 531672).
cost(22, 25, 442871).
cost(22, 26, 586809).
cost(22, 27, 721367).
cost(22, 28, 356223).
cost(22, 29, 432942).
cost(22, 30, 523808).
cost(23, 1, 127448).
cost(23, 2, 203776).
cost(23, 3, 177490).
cost(23, 4, 391759).
cost(23, 5, 121973).
cost(23, 6, 505772).
cost(23, 7, 291476).
cost(23, 8, 332679).
cost(23, 9, 163561).
cost(23, 10, 495327).
cost(23, 11, 21442).
cost(23, 12, 51799).
cost(23, 13, 500588).
cost(23, 14, 395598).
cost(23, 15, 102126).
cost(23, 16, 70534).
cost(23, 17, 124313).
cost(23, 18, 266747).
cost(23, 19, 285009).
cost(23, 20, 178868).
cost(23, 21, 186868).
cost(23, 22, 331205).
cost(23, 24, 266137).
cost(23, 25, 118695).
cost(23, 26, 257026).
cost(23, 27, 392018).
cost(23, 28, 25744).
cost(23, 29, 205093).
cost(23, 30, 204723).
cost(24, 1, 302305).
cost(24, 2, 423778).
cost(24, 3, 233605).
cost(24, 4, 361774).
cost(24, 5, 148382).
cost(24, 6, 514584).
cost(24, 7, 80575).
cost(24, 8, 98736).
cost(24, 9, 358367).
cost(24, 10, 311712).
cost(24, 11, 270091).
cost(24, 12, 317902).
cost(24, 13, 525502).
cost(24, 14, 371686).
cost(24, 15, 312437).
cost(24, 16, 203604).
cost(24, 17, 209824).
cost(24, 18, 333139).
cost(24, 19, 312906).
cost(24, 20, 414963).
cost(24, 21, 106101).
cost(24, 22, 531672).
cost(24, 23, 266137).
cost(24, 25, 267190).
cost(24, 26, 206907).
cost(24, 27, 283672).
cost(24, 28, 247106).
cost(24, 29, 102132).
cost(24, 30, 133616).
cost(25, 1, 35360).
cost(25, 2, 157969).
cost(25, 3, 276660).
cost(25, 4, 278257).
cost(25, 5, 168440).
cost(25, 6, 387097).
cost(25, 7, 257691).
cost(25, 8, 299322).
cost(25, 9, 91210).
cost(25, 10, 417827).
cost(25, 11, 98932).
cost(25, 12, 137566).
cost(25, 13, 382051).
cost(25, 14, 495147).
cost(25, 15, 220600).
cost(25, 16, 149615).
cost(25, 17, 218379).
cost(25, 18, 148054).
cost(25, 19, 168560).
cost(25, 20, 155883).
cost(25, 21, 231335).
cost(25, 22, 442871).
cost(25, 23, 118695).
cost(25, 24, 267190).
cost(25, 26, 167023).
cost(25, 27, 297054).
cost(25, 28, 99417).
cost(25, 29, 250553).
cost(25, 30, 153616).
cost(26, 1, 194175).
cost(26, 2, 304241).
cost(26, 3, 350711).
cost(26, 4, 163642).
cost(26, 5, 217886).
cost(26, 6, 311590).
cost(26, 7, 149255).
cost(26, 8, 180167).
cost(26, 9, 237103).
cost(26, 10, 251077).
cost(26, 11, 244351).
cost(26, 12, 293723).
cost(26, 13, 320127).
cost(26, 14, 545051).
cost(26, 15, 351716).
cost(26, 16, 242589).
cost(26, 17, 298586).
cost(26, 18, 139561).
cost(26, 19, 109403).
cost(26, 20, 313702).
cost(26, 21, 244958).
cost(26, 22, 586809).
cost(26, 23, 257026).
cost(26, 24, 206907).
cost(26, 25, 167023).
cost(26, 27, 134997).
cost(26, 28, 231446).
cost(26, 29, 257852).
cost(26, 30, 85959).
cost(27, 1, 319623).
cost(27, 2, 415760).
cost(27, 3, 472747).
cost(27, 4, 116096).
cost(27, 5, 342378).
cost(27, 6, 259553).
cost(27, 7, 204588).
cost(27, 8, 209278).
cost(27, 9, 353594).
cost(27, 10, 141080).
cost(27, 11, 379199).
cost(27, 12, 428024).
cost(27, 13, 279998).
cost(27, 14, 650227).
cost(27, 15, 485787).
cost(27, 16, 374000).
cost(27, 17, 424772).
cost(27, 18, 213641).
cost(27, 19, 169769).
cost(27, 20, 432105).
cost(27, 21, 354431).
cost(27, 22, 721367).
cost(27, 23, 392018).
cost(27, 24, 283672).
cost(27, 25, 297054).
cost(27, 26, 134997).
cost(27, 28, 366421).
cost(27, 29, 362909).
cost(27, 30, 204958).
cost(28, 1, 113915).
cost(28, 2, 204447).
cost(28, 3, 183745).
cost(28, 4, 368190).
cost(28, 5, 107893).
cost(28, 6, 485261).
cost(28, 7, 268292).
cost(28, 8, 309820).
cost(28, 9, 156777).
cost(28, 10, 469763).
cost(28, 11, 23160).
cost(28, 12, 72840).
cost(28, 13, 481088).
cost(28, 14, 403188).
cost(28, 15, 124696).
cost(28, 16, 63711).
cost(28, 17, 127276).
cost(28, 18, 246662).
cost(28, 19, 262709).
cost(28, 20, 183505).
cost(28, 21, 174852).
cost(28, 22, 356223).
cost(28, 23, 25744).
cost(28, 24, 247106).
cost(28, 25, 99417).
cost(28, 26, 231446).
cost(28, 27, 366421).
cost(28, 29, 193763).
cost(28, 30, 179517).
cost(29, 1, 281832).
cost(29, 2, 393509).
cost(29, 3, 131706).
cost(29, 4, 421350).
cost(29, 5, 86743).
cost(29, 6, 568164).
cost(29, 7, 173949).
cost(29, 8, 199909).
cost(29, 9, 335817).
cost(29, 10, 409913).
cost(29, 11, 216162).
cost(29, 12, 254881).
cost(29, 13, 574222).
cost(29, 14, 288684).
cost(29, 15, 224811).
cost(29, 16, 134773).
cost(29, 17, 115815).
cost(29, 18, 357262).
cost(29, 19, 349010).
cost(29, 20, 376260).
cost(29, 21, 19450).
cost(29, 22, 432942).
cost(29, 23, 205093).
cost(29, 24, 102132).
cost(29, 25, 250553).
cost(29, 26, 257852).
cost(29, 27, 362909).
cost(29, 28, 193763).
cost(29, 30, 172015).
cost(30, 1, 188256).
cost(30, 2, 310291).
cost(30, 3, 268798).
cost(30, 4, 249597).
cost(30, 5, 137450).
cost(30, 6, 396482).
cost(30, 7, 104427).
cost(30, 8, 145754).
cost(30, 9, 241937).
cost(30, 10, 291621).
cost(30, 11, 198022).
cost(30, 12, 250267).
cost(30, 13, 403569).
cost(30, 14, 459153).
cost(30, 15, 287933).
cost(30, 16, 172074).
cost(30, 17, 219815).
cost(30, 18, 199737).
cost(30, 19, 182409).
cost(30, 20, 309371).
cost(30, 21, 159013).
cost(30, 22, 523808).
cost(30, 23, 204723).
cost(30, 24, 133616).
cost(30, 25, 153616).
cost(30, 26, 85959).
cost(30, 27, 204958).
cost(30, 28, 179517).
cost(30, 29, 172015).
nocross(1,2).
nocross(1,3).
nocross(1,5).
nocross(1,9).
nocross(1,20).
nocross(1,26).
nocross(1,27).
nocross(1,30).
nocross(2,1).
nocross(2,9).
nocross(2,20).
nocross(2,27).
nocross(3,18).
nocross(4,18).
nocross(4,27).
nocross(5,7).
nocross(5,16).
nocross(5,18).
nocross(5,21).
nocross(5,24).
nocross(5,30).
nocross(6,18).
nocross(7,26).
nocross(7,27).
nocross(8,26).
nocross(8,27).
nocross(9,1).
nocross(9,2).
nocross(9,18).
nocross(9,20).
nocross(9,26).
nocross(9,27).
nocross(10,6).
nocross(11,7).
nocross(11,26).
nocross(12,2).
nocross(12,7).
nocross(12,20).
nocross(12,26).
nocross(14,3).
nocross(14,4).
nocross(15,5).
nocross(15,7).
nocross(15,9).
nocross(15,12).
nocross(15,16).
nocross(15,17).
nocross(15,20).
nocross(15,21).
nocross(16,5).
nocross(16,7).
nocross(16,18).
nocross(16,21).
nocross(16,24).
nocross(17,5).
nocross(17,7).
nocross(17,15).
nocross(17,16).
nocross(17,18).
nocross(17,21).
nocross(17,23).
nocross(17,24).
nocross(19,1).
nocross(19,2).
nocross(19,5).
nocross(19,9).
nocross(19,20).
nocross(19,21).
nocross(19,24).
nocross(19,26).
nocross(19,27).
nocross(19,30).
nocross(20,1).
nocross(20,2).
nocross(20,9).
nocross(20,27).
nocross(20,30).
nocross(21,3).
nocross(21,4).
nocross(21,5).
nocross(21,7).
nocross(21,17).
nocross(21,24).
nocross(21,25).
nocross(21,30).
nocross(22,3).
nocross(23,7).
nocross(23,16).
nocross(24,1).
nocross(24,5).
nocross(24,8).
nocross(24,9).
nocross(24,16).
nocross(24,21).
nocross(24,27).
nocross(24,30).
nocross(25,1).
nocross(25,9).
nocross(25,20).
nocross(25,26).
nocross(25,30).
nocross(26,2).
nocross(26,4).
nocross(26,23).
nocross(27,6).
nocross(28,7).
nocross(28,16).
nocross(28,26).
nocross(29,3).
nocross(30,4).
nocross(30,5).
nocross(30,16).
nocross(30,21).
nocross(30,24).
