dimension(30).
point(1, -122991.0, -250950.0).
point(2, -89144.0, -104531.0).
point(3, -39935.0, 33227.0).
point(4, -13731.0, -79028.0).
point(5, -295152.0, 87722.0).
point(6, -120444.0, -192362.0).
point(7, -251979.0, 71079.0).
point(8, 163953.0, 200694.0).
point(9, 205703.0, -104574.0).
point(10, -108089.0, -111292.0).
point(11, 33261.0, 87137.0).
point(12, -103639.0, -31090.0).
point(13, 21380.0, -6548.0).
point(14, -214422.0, 326964.0).
point(15, -67369.0, 61884.0).
point(16, -89967.0, -1081.0).
point(17, -31284.0, 11305.0).
point(18, -167222.0, 176757.0).
point(19, 1971.0, 216537.0).
point(20, 6212.0, -231330.0).
point(21, 80456.0, 162523.0).
point(22, 11133.0, 75321.0).
point(23, 237833.0, 14125.0).
point(24, 127215.0, -40579.0).
point(25, 98660.0, 158082.0).
point(26, 17447.0, -284231.0).
point(27, -248296.0, 26781.0).
point(28, -65885.0, 307520.0).
point(29, 123911.0, 16411.0).
point(30, 297153.0, -327074.0).
cost(1, 2, 150280).
cost(1, 3, 296066).
cost(1, 4, 203703).
cost(1, 5, 379919).
cost(1, 6, 58643).
cost(1, 7, 346901).
cost(1, 8, 535088).
cost(1, 9, 359813).
cost(1, 10, 140451).
cost(1, 11, 372448).
cost(1, 12, 220710).
cost(1, 13, 283858).
cost(1, 14, 585102).
cost(1, 15, 317740).
cost(1, 16, 252042).
cost(1, 17, 277827).
cost(1, 18, 429988).
cost(1, 19, 483900).
cost(1, 20, 130684).
cost(1, 21, 460815).
cost(1, 22, 352763).
cost(1, 23, 447726).
cost(1, 24, 326893).
cost(1, 25, 465227).
cost(1, 26, 144328).
cost(1, 27, 304690).
cost(1, 28, 561382).
cost(1, 29, 363927).
cost(1, 30, 426985).
cost(2, 1, 150280).
cost(2, 3, 146283).
cost(2, 4, 79609).
cost(2, 5, 281781).
cost(2, 6, 93241).
cost(2, 7, 239487).
cost(2, 8, 396510).
cost(2, 9, 294847).
cost(2, 10, 20115).
cost(2, 11, 227419).
cost(2, 12, 74858).
cost(2, 13, 147703).
cost(2, 14, 449313).
cost(2, 15, 167834).
cost(2, 16, 103453).
cost(2, 17, 129483).
cost(2, 18, 291923).
cost(2, 19, 333746).
cost(2, 20, 158653).
cost(2, 21, 316357).
cost(2, 22, 205918).
cost(2, 23, 347841).
cost(2, 24, 225613).
cost(2, 25, 322856).
cost(2, 26, 208935).
cost(2, 27, 206330).
cost(2, 28, 412707).
cost(2, 29, 244989).
cost(2, 30, 445815).
cost(3, 1, 296066).
cost(3, 2, 146283).
cost(3, 4, 115273).
cost(3, 5, 260970).
cost(3, 6, 239525).
cost(3, 7, 215396).
cost(3, 8, 263848).
cost(3, 9, 281651).
cost(3, 10, 159783).
cost(3, 11, 90906).
cost(3, 12, 90526).
cost(3, 13, 73086).
cost(3, 14, 341654).
cost(3, 15, 39672).
cost(3, 16, 60665).
cost(3, 17, 23567).
cost(3, 18, 191841).
cost(3, 19, 188039).
cost(3, 20, 268552).
cost(3, 21, 176668).
cost(3, 22, 66180).
cost(3, 23, 278424).
cost(3, 24, 182720).
cost(3, 25, 186540).
cost(3, 26, 322602).
cost(3, 27, 208461).
cost(3, 28, 275518).
cost(3, 29, 164707).
cost(3, 30, 493402).
cost(4, 1, 203703).
cost(4, 2, 79609).
cost(4, 3, 115273).
cost(4, 5, 327114).
cost(4, 6, 155667).
cost(4, 7, 281592).
cost(4, 8, 331385).
cost(4, 9, 220916).
cost(4, 10, 99722).
cost(4, 11, 172682).
cost(4, 12, 101890).
cost(4, 13, 80537).
cost(4, 14, 452887).
cost(4, 15, 150775).
cost(4, 16, 109031).
cost(4, 17, 92023).
cost(4, 18, 298304).
cost(4, 19, 295982).
cost(4, 20, 153602).
cost(4, 21, 259264).
cost(4, 22, 156339).
cost(4, 23, 268257).
cost(4, 24, 146096).
cost(4, 25, 262398).
cost(4, 26, 207558).
cost(4, 27, 257325).
cost(4, 28, 390051).
cost(4, 29, 167493).
cost(4, 30, 397713).
cost(5, 1, 379919).
cost(5, 2, 281781).
cost(5, 3, 260970).
cost(5, 4, 327114).
cost(5, 6, 330106).
cost(5, 7, 46270).
cost(5, 8, 472800).
cost(5, 9, 536501).
cost(5, 10, 273128).
cost(5, 11, 328414).
cost(5, 12, 225374).
cost(5, 13, 330272).
cost(5, 14, 252496).
cost(5, 15, 229244).
cost(5, 16, 223577).
cost(5, 17, 274711).
cost(5, 18, 155863).
cost(5, 19, 323845).
cost(5, 20, 438879).
cost(5, 21, 382984).
cost(5, 22, 306536).
cost(5, 23, 538042).
cost(5, 24, 441424).
cost(5, 25, 400048).
cost(5, 26, 485867).
cost(5, 27, 76872).
cost(5, 28, 317607).
cost(5, 29, 425087).
cost(5, 30, 723105).
cost(6, 1, 58643).
cost(6, 2, 93241).
cost(6, 3, 239525).
cost(6, 4, 155667).
cost(6, 5, 330106).
cost(6, 7, 294453).
cost(6, 8, 485154).
cost(6, 9, 337755).
cost(6, 10, 82006).
cost(6, 11, 318975).
cost(6, 12, 162145).
cost(6, 13, 233754).
cost(6, 14, 527761).
cost(6, 15, 259727).
cost(6, 16, 193694).
cost(6, 17, 222328).
cost(6, 18, 372071).
cost(6, 19, 426830).
cost(6, 20, 132515).
cost(6, 21, 407804).
cost(6, 22, 298273).
cost(6, 23, 413521).
cost(6, 24, 290470).
cost(6, 25, 413301).
cost(6, 26, 165692).
cost(6, 27, 253712).
cost(6, 28, 502851).
cost(6, 29, 321396).
cost(6, 30, 438788).
cost(7, 1, 346901).
cost(7, 2, 239487).
cost(7, 3, 215396).
cost(7, 4, 281592).
cost(7, 5, 46270).
cost(7, 6, 294453).
cost(7, 8, 435660).
cost(7, 9, 490231).
cost(7, 10, 232300).
cost(7, 11, 285692).
cost(7, 12, 180120).
cost(7, 13, 284167).
cost(7, 14, 258626).
cost(7, 15, 184839).
cost(7, 16, 177355).
cost(7, 17, 228646).
cost(7, 18, 135468).
cost(7, 19, 292658).
cost(7, 20, 397635).
cost(7, 21, 344783).
cost(7, 22, 263146).
cost(7, 23, 493112).
cost(7, 24, 395292).
cost(7, 25, 361272).
cost(7, 26, 445910).
cost(7, 27, 44451).
cost(7, 28, 300891).
cost(7, 29, 379845).
cost(7, 30, 678286).
cost(8, 1, 535088).
cost(8, 2, 396510).
cost(8, 3, 263848).
cost(8, 4, 331385).
cost(8, 5, 472800).
cost(8, 6, 485154).
cost(8, 7, 435660).
cost(8, 9, 308110).
cost(8, 10, 413935).
cost(8, 11, 173135).
cost(8, 12, 354019).
cost(8, 13, 251548).
cost(8, 14, 398888).
cost(8, 15, 269774).
cost(8, 16, 324328).
cost(8, 17, 272003).
cost(8, 18, 332039).
cost(8, 19, 162755).
cost(8, 20, 459921).
cost(8, 21, 91808).
cost(8, 22, 197667).
cost(8, 23, 200665).
cost(8, 24, 244054).
cost(8, 25, 77968).
cost(8, 26, 506573).
cost(8, 27, 447432).
cost(8, 28, 253451).
cost(8, 29, 188583).
cost(8, 30, 544317).
cost(9, 1, 359813).
cost(9, 2, 294847).
cost(9, 3, 281651).
cost(9, 4, 220916).
cost(9, 5, 536501).
cost(9, 6, 337755).
cost(9, 7, 490231).
cost(9, 8, 308110).
cost(9, 10, 313864).
cost(9, 11, 257855).
cost(9, 12, 317950).
cost(9, 13, 208768).
cost(9, 14, 602271).
cost(9, 15, 319807).
cost(9, 16, 313260).
cost(9, 17, 263801).
cost(9, 18, 467140).
cost(9, 19, 380288).
cost(9, 20, 236355).
cost(9, 21, 295004).
cost(9, 22, 264990).
cost(9, 23, 122971).
cost(9, 24, 101271).
cost(9, 25, 283631).
cost(9, 26, 260225).
cost(9, 27, 472620).
cost(9, 28, 493540).
cost(9, 29, 146039).
cost(9, 30, 240560).
cost(10, 1, 140451).
cost(10, 2, 20115).
cost(10, 3, 159783).
cost(10, 4, 99722).
cost(10, 5, 273128).
cost(10, 6, 82006).
cost(10, 7, 232300).
cost(10, 8, 413935).
cost(10, 9, 313864).
cost(10, 11, 243627).
cost(10, 12, 80325).
cost(10, 13, 166534).
cost(10, 14, 450971).
cost(10, 15, 177899).
cost(10, 16, 111691).
cost(10, 17, 144669).
cost(10, 18, 294056).
cost(10, 19, 345811).
cost(10, 20, 165752).
cost(10, 21, 332451).
cost(10, 22, 221446).
cost(10, 23, 367956).
cost(10, 24, 245700).
cost(10, 25, 339570).
cost(10, 26, 213699).
cost(10, 27, 196779).
cost(10, 28, 420933).
cost(10, 29, 264825).
cost(10, 30, 459111).
cost(11, 1, 372448).
cost(11, 2, 227419).
cost(11, 3, 90906).
cost(11, 4, 172682).
cost(11, 5, 328414).
cost(11, 6, 318975).
cost(11, 7, 285692).
cost(11, 8, 173135).
cost(11, 9, 257855).
cost(11, 10, 243627).
cost(11, 12, 180885).
cost(11, 13, 94435).
cost(11, 14, 344766).
cost(11, 15, 103750).
cost(11, 16, 151551).
cost(11, 17, 99582).
cost(11, 18, 219602).
cost(11, 19, 133129).
cost(11, 20, 319614).
cost(11, 21, 88941).
cost(11, 22, 25085).
cost(11, 23, 217211).
cost(11, 24, 158552).
cost(11, 25, 96489).
cost(11, 26, 371705).
cost(11, 27, 287953).
cost(11, 28, 241658).
cost(11, 29, 114976).
cost(11, 30, 491131).
cost(12, 1, 220710).
cost(12, 2, 74858).
cost(12, 3, 90526).
cost(12, 4, 101890).
cost(12, 5, 225374).
cost(12, 6, 162145).
cost(12, 7, 180120).
cost(12, 8, 354019).
cost(12, 9, 317950).
cost(12, 10, 80325).
cost(12, 11, 180885).
cost(12, 13, 127405).
cost(12, 14, 374801).
cost(12, 15, 99798).
cost(12, 16, 32977).
cost(12, 17, 83860).
cost(12, 18, 217355).
cost(12, 19, 269207).
cost(12, 20, 228393).
cost(12, 21, 267165).
cost(12, 22, 156512).
cost(12, 23, 344452).
cost(12, 24, 231049).
cost(12, 25, 276967).
cost(12, 26, 280610).
cost(12, 27, 155803).
cost(12, 28, 340708).
cost(12, 29, 232455).
cost(12, 30, 498238).
cost(13, 1, 283858).
cost(13, 2, 147703).
cost(13, 3, 73086).
cost(13, 4, 80537).
cost(13, 5, 330272).
cost(13, 6, 233754).
cost(13, 7, 284167).
cost(13, 8, 251548).
cost(13, 9, 208768).
cost(13, 10, 166534).
cost(13, 11, 94435).
cost(13, 12, 127405).
cost(13, 14, 408452).
cost(13, 15, 112068).
cost(13, 16, 111481).
cost(13, 17, 55608).
cost(13, 18, 263005).
cost(13, 19, 223928).
cost(13, 20, 225293).
cost(13, 21, 179095).
cost(13, 22, 82508).
cost(13, 23, 217438).
cost(13, 24, 111172).
cost(13, 25, 181866).
cost(13, 26, 277711).
cost(13, 27, 271728).
cost(13, 28, 325966).
cost(13, 29, 105070).
cost(13, 30, 422833).
cost(14, 1, 585102).
cost(14, 2, 449313).
cost(14, 3, 341654).
cost(14, 4, 452887).
cost(14, 5, 252496).
cost(14, 6, 527761).
cost(14, 7, 258626).
cost(14, 8, 398888).
cost(14, 9, 602271).
cost(14, 10, 450971).
cost(14, 11, 344766).
cost(14, 12, 374801).
cost(14, 13, 408452).
cost(14, 15, 303137).
cost(14, 16, 350860).
cost(14, 17, 364939).
cost(14, 18, 157448).
cost(14, 19, 242940).
cost(14, 20, 600310).
cost(14, 21, 337630).
cost(14, 22, 337934).
cost(14, 23, 549912).
cost(14, 24, 501800).
cost(14, 25, 355727).
cost(14, 26, 653699).
cost(14, 27, 302088).
cost(14, 28, 149804).
cost(14, 29, 459252).
cost(14, 30, 830346).
cost(15, 1, 317740).
cost(15, 2, 167834).
cost(15, 3, 39672).
cost(15, 4, 150775).
cost(15, 5, 229244).
cost(15, 6, 259727).
cost(15, 7, 184839).
cost(15, 8, 269774).
cost(15, 9, 319807).
cost(15, 10, 177899).
cost(15, 11, 103750).
cost(15, 12, 99798).
cost(15, 13, 112068).
cost(15, 14, 303137).
cost(15, 16, 66897).
cost(15, 17, 62132).
cost(15, 18, 152205).
cost(15, 19, 169486).
cost(15, 20, 302305).
cost(15, 21, 178831).
cost(15, 22, 79644).
cost(15, 23, 308916).
cost(15, 24, 219913).
cost(15, 25, 191885).
cost(15, 26, 356356).
cost(15, 27, 184301).
cost(15, 28, 245640).
cost(15, 29, 196611).
cost(15, 30, 533071).
cost(16, 1, 252042).
cost(16, 2, 103453).
cost(16, 3, 60665).
cost(16, 4, 109031).
cost(16, 5, 223577).
cost(16, 6, 193694).
cost(16, 7, 177355).
cost(16, 8, 324328).
cost(16, 9, 313260).
cost(16, 10, 111691).
cost(16, 11, 151551).
cost(16, 12, 32977).
cost(16, 13, 111481).
cost(16, 14, 350860).
cost(16, 15, 66897).
cost(16, 17, 59976).
cost(16, 18, 193893).
cost(16, 19, 236242).
cost(16, 20, 249530).
cost(16, 21, 236242).
cost(16, 22, 126722).
cost(16, 23, 328152).
cost(16, 24, 220744).
cost(16, 25, 246806).
cost(16, 26, 302839).
cost(16, 27, 160762).
cost(16, 28, 309539).
cost(16, 29, 214592).
cost(16, 30, 506096).
cost(17, 1, 277827).
cost(17, 2, 129483).
cost(17, 3, 23567).
cost(17, 4, 92023).
cost(17, 5, 274711).
cost(17, 6, 222328).
cost(17, 7, 228646).
cost(17, 8, 272003).
cost(17, 9, 263801).
cost(17, 10, 144669).
cost(17, 11, 99582).
cost(17, 12, 83860).
cost(17, 13, 55608).
cost(17, 14, 364939).
cost(17, 15, 62132).
cost(17, 16, 59976).
cost(17, 18, 214134).
cost(17, 19, 207909).
cost(17, 20, 245515).
cost(17, 21, 188023).
cost(17, 22, 76794).
cost(17, 23, 269132).
cost(17, 24, 166775).
cost(17, 25, 196033).
cost(17, 26, 299527).
cost(17, 27, 217563).
cost(17, 28, 298229).
cost(17, 29, 155279).
cost(17, 30, 471563).
cost(18, 1, 429988).
cost(18, 2, 291923).
cost(18, 3, 191841).
cost(18, 4, 298304).
cost(18, 5, 155863).
cost(18, 6, 372071).
cost(18, 7, 135468).
cost(18, 8, 332039).
cost(18, 9, 467140).
cost(18, 10, 294056).
cost(18, 11, 219602).
cost(18, 12, 217355).
cost(18, 13, 263005).
cost(18, 14, 157448).
cost(18, 15, 152205).
cost(18, 16, 193893).
cost(18, 17, 214134).
cost(18, 19, 173807).
cost(18, 20, 443412).
cost(18, 21, 248087).
cost(18, 22, 205182).
cost(18, 23, 436485).
cost(18, 24, 365962).
cost(18, 25, 266537).
cost(18, 26, 496601).
cost(18, 27, 170487).
cost(18, 28, 165433).
cost(18, 29, 332369).
cost(18, 30, 685193).
cost(19, 1, 483900).
cost(19, 2, 333746).
cost(19, 3, 188039).
cost(19, 4, 295982).
cost(19, 5, 323845).
cost(19, 6, 426830).
cost(19, 7, 292658).
cost(19, 8, 162755).
cost(19, 9, 380288).
cost(19, 10, 345811).
cost(19, 11, 133129).
cost(19, 12, 269207).
cost(19, 13, 223928).
cost(19, 14, 242940).
cost(19, 15, 169486).
cost(19, 16, 236242).
cost(19, 17, 207909).
cost(19, 18, 173807).
cost(19, 20, 447887).
cost(19, 21, 95275).
cost(19, 22, 141513).
cost(19, 23, 310808).
cost(19, 24, 285998).
cost(19, 25, 112986).
cost(19, 26, 501007).
cost(19, 27, 314072).
cost(19, 28, 113500).
cost(19, 29, 234350).
cost(19, 30, 618583).
cost(20, 1, 130684).
cost(20, 2, 158653).
cost(20, 3, 268552).
cost(20, 4, 153602).
cost(20, 5, 438879).
cost(20, 6, 132515).
cost(20, 7, 397635).
cost(20, 8, 459921).
cost(20, 9, 236355).
cost(20, 10, 165752).
cost(20, 11, 319614).
cost(20, 12, 228393).
cost(20, 13, 225293).
cost(20, 14, 600310).
cost(20, 15, 302305).
cost(20, 16, 249530).
cost(20, 17, 245515).
cost(20, 18, 443412).
cost(20, 19, 447887).
cost(20, 21, 400790).
cost(20, 22, 306690).
cost(20, 23, 337485).
cost(20, 24, 225893).
cost(20, 25, 400235).
cost(20, 26, 54081).
cost(20, 27, 362485).
cost(20, 28, 543652).
cost(20, 29, 274278).
cost(20, 30, 306290).
cost(21, 1, 460815).
cost(21, 2, 316357).
cost(21, 3, 176668).
cost(21, 4, 259264).
cost(21, 5, 382984).
cost(21, 6, 407804).
cost(21, 7, 344783).
cost(21, 8, 91808).
cost(21, 9, 295004).
cost(21, 10, 332451).
cost(21, 11, 88941).
cost(21, 12, 267165).
cost(21, 13, 179095).
cost(21, 14, 337630).
cost(21, 15, 178831).
cost(21, 16, 236242).
cost(21, 17, 188023).
cost(21, 18, 248087).
cost(21, 19, 95275).
cost(21, 20, 400790).
cost(21, 22, 111400).
cost(21, 23, 216309).
cost(21, 24, 208415).
cost(21, 25, 18738).
cost(21, 26, 451175).
cost(21, 27, 355674).
cost(21, 28, 206009).
cost(21, 29, 152437).
cost(21, 30, 535409).
cost(22, 1, 352763).
cost(22, 2, 205918).
cost(22, 3, 66180).
cost(22, 4, 156339).
cost(22, 5, 306536).
cost(22, 6, 298273).
cost(22, 7, 263146).
cost(22, 8, 197667).
cost(22, 9, 264990).
cost(22, 10, 221446).
cost(22, 11, 25085).
cost(22, 12, 156512).
cost(22, 13, 82508).
cost(22, 14, 337934).
cost(22, 15, 79644).
cost(22, 16, 126722).
cost(22, 17, 76794).
cost(22, 18, 205182).
cost(22, 19, 141513).
cost(22, 20, 306690).
cost(22, 21, 111400).
cost(22, 23, 234814).
cost(22, 24, 164036).
cost(22, 25, 120459).
cost(22, 26, 359607).
cost(22, 27, 263931).
cost(22, 28, 244639).
cost(22, 29, 127237).
cost(22, 30, 493689).
cost(23, 1, 447726).
cost(23, 2, 347841).
cost(23, 3, 278424).
cost(23, 4, 268257).
cost(23, 5, 538042).
cost(23, 6, 413521).
cost(23, 7, 493112).
cost(23, 8, 200665).
cost(23, 9, 122971).
cost(23, 10, 367956).
cost(23, 11, 217211).
cost(23, 12, 344452).
cost(23, 13, 217438).
cost(23, 14, 549912).
cost(23, 15, 308916).
cost(23, 16, 328152).
cost(23, 17, 269132).
cost(23, 18, 436485).
cost(23, 19, 310808).
cost(23, 20, 337485).
cost(23, 21, 216309).
cost(23, 22, 234814).
cost(23, 24, 123405).
cost(23, 25, 200232).
cost(23, 26, 370926).
cost(23, 27, 486294).
cost(23, 28, 422286).
cost(23, 29, 113945).
cost(23, 30, 346317).
cost(24, 1, 326893).
cost(24, 2, 225613).
cost(24, 3, 182720).
cost(24, 4, 146096).
cost(24, 5, 441424).
cost(24, 6, 290470).
cost(24, 7, 395292).
cost(24, 8, 244054).
cost(24, 9, 101271).
cost(24, 10, 245700).
cost(24, 11, 158552).
cost(24, 12, 231049).
cost(24, 13, 111172).
cost(24, 14, 501800).
cost(24, 15, 219913).
cost(24, 16, 220744).
cost(24, 17, 166775).
cost(24, 18, 365962).
cost(24, 19, 285998).
cost(24, 20, 225893).
cost(24, 21, 208415).
cost(24, 22, 164036).
cost(24, 23, 123405).
cost(24, 25, 200703).
cost(24, 26, 267236).
cost(24, 27, 381505).
cost(24, 28, 398071).
cost(24, 29, 57086).
cost(24, 30, 333104).
cost(25, 1, 465227).
cost(25, 2, 322856).
cost(25, 3, 186540).
cost(25, 4, 262398).
cost(25, 5, 400048).
cost(25, 6, 413301).
cost(25, 7, 361272).
cost(25, 8, 77968).
cost(25, 9, 283631).
cost(25, 10, 339570).
cost(25, 11, 96489).
cost(25, 12, 276967).
cost(25, 13, 181866).
cost(25, 14, 355727).
cost(25, 15, 191885).
cost(25, 16, 246806).
cost(25, 17, 196033).
cost(25, 18, 266537).
cost(25, 19, 112986).
cost(25, 20, 400235).
cost(25, 21, 18738).
cost(25, 22, 120459).
cost(25, 23, 200232).
cost(25, 24, 200703).
cost(25, 26, 449707).
cost(25, 27, 370970).
cost(25, 28, 222276).
cost(25, 29, 143904).
cost(25, 30, 524191).
cost(26, 1, 144328).
cost(26, 2, 208935).
cost(26, 3, 322602).
cost(26, 4, 207558).
cost(26, 5, 485867).
cost(26, 6, 165692).
cost(26, 7, 445910).
cost(26, 8, 506573).
cost(26, 9, 260225).
cost(26, 10, 213699).
cost(26, 11, 371705).
cost(26, 12, 280610).
cost(26, 13, 277711).
cost(26, 14, 653699).
cost(26, 15, 356356).
cost(26, 16, 302839).
cost(26, 17, 299527).
cost(26, 18, 496601).
cost(26, 19, 501007).
cost(26, 20, 54081).
cost(26, 21, 451175).
cost(26, 22, 359607).
cost(26, 23, 370926).
cost(26, 24, 267236).
cost(26, 25, 449707).
cost(26, 27, 409082).
cost(26, 28, 597590).
cost(26, 29, 318936).
cost(26, 30, 282968).
cost(27, 1, 304690).
cost(27, 2, 206330).
cost(27, 3, 208461).
cost(27, 4, 257325).
cost(27, 5, 76872).
cost(27, 6, 253712).
cost(27, 7, 44451).
cost(27, 8, 447432).
cost(27, 9, 472620).
cost(27, 10, 196779).
cost(27, 11, 287953).
cost(27, 12, 155803).
cost(27, 13, 271728).
cost(27, 14, 302088).
cost(27, 15, 184301).
cost(27, 16, 160762).
cost(27, 17, 217563).
cost(27, 18, 170487).
cost(27, 19, 314072).
cost(27, 20, 362485).
cost(27, 21, 355674).
cost(27, 22, 263931).
cost(27, 23, 486294).
cost(27, 24, 381505).
cost(27, 25, 370970).
cost(27, 26, 409082).
cost(27, 28, 334796).
cost(27, 29, 372351).
cost(27, 30, 650175).
cost(28, 1, 561382).
cost(28, 2, 412707).
cost(28, 3, 275518).
cost(28, 4, 390051).
cost(28, 5, 317607).
cost(28, 6, 502851).
cost(28, 7, 300891).
cost(28, 8, 253451).
cost(28, 9, 493540).
cost(28, 10, 420933).
cost(28, 11, 241658).
cost(28, 12, 340708).
cost(28, 13, 325966).
cost(28, 14, 149804).
cost(28, 15, 245640).
cost(28, 16, 309539).
cost(28, 17, 298229).
cost(28, 18, 165433).
cost(28, 19, 113500).
cost(28, 20, 543652).
cost(28, 21, 206009).
cost(28, 22, 244639).
cost(28, 23, 422286).
cost(28, 24, 398071).
cost(28, 25, 222276).
cost(28, 26, 597590).
cost(28, 27, 334796).
cost(28, 29, 347515).
cost(28, 30, 731099).
cost(29, 1, 363927).
cost(29, 2, 244989).
cost(29, 3, 164707).
cost(29, 4, 167493).
cost(29, 5, 425087).
cost(29, 6, 321396).
cost(29, 7, 379845).
cost(29, 8, 188583).
cost(29, 9, 146039).
cost(29, 10, 264825).
cost(29, 11, 114976).
cost(29, 12, 232455).
cost(29, 13, 105070).
cost(29, 14, 459252).
cost(29, 15, 196611).
cost(29, 16, 214592).
cost(29, 17, 155279).
cost(29, 18, 332369).
cost(29, 19, 234350).
cost(29, 20, 274278).
cost(29, 21, 152437).
cost(29, 22, 127237).
cost(29, 23, 113945).
cost(29, 24, 57086).
cost(29, 25, 143904).
cost(29, 26, 318936).
cost(29, 27, 372351).
cost(29, 28, 347515).
cost(29, 30, 384701).
cost(30, 1, 426985).
cost(30, 2, 445815).
cost(30, 3, 493402).
cost(30, 4, 397713).
cost(30, 5, 723105).
cost(30, 6, 438788).
cost(30, 7, 678286).
cost(30, 8, 544317).
cost(30, 9, 240560).
cost(30, 10, 459111).
cost(30, 11, 491131).
cost(30, 12, 498238).
cost(30, 13, 422833).
cost(30, 14, 830346).
cost(30, 15, 533071).
cost(30, 16, 506096).
cost(30, 17, 471563).
cost(30, 18, 685193).
cost(30, 19, 618583).
cost(30, 20, 306290).
cost(30, 21, 535409).
cost(30, 22, 493689).
cost(30, 23, 346317).
cost(30, 24, 333104).
cost(30, 25, 524191).
cost(30, 26, 282968).
cost(30, 27, 650175).
cost(30, 28, 731099).
cost(30, 29, 384701).
nocross(1,30).
nocross(2,1).
nocross(2,13).
nocross(2,15).
nocross(2,20).
nocross(2,27).
nocross(3,1).
nocross(3,7).
nocross(3,15).
nocross(3,17).
nocross(3,22).
nocross(4,1).
nocross(4,2).
nocross(4,10).
nocross(4,12).
nocross(4,13).
nocross(4,16).
nocross(4,17).
nocross(4,20).
nocross(4,24).
nocross(4,29).
nocross(5,7).
nocross(5,12).
nocross(5,27).
nocross(6,1).
nocross(6,12).
nocross(7,12).
nocross(8,19).
nocross(8,21).
nocross(8,22).
nocross(8,24).
nocross(8,25).
nocross(8,28).
nocross(9,12).
nocross(9,20).
nocross(9,23).
nocross(9,24).
nocross(9,25).
nocross(9,26).
nocross(9,29).
nocross(9,30).
nocross(10,1).
nocross(10,12).
nocross(10,20).
nocross(10,27).
nocross(11,1).
nocross(11,8).
nocross(11,21).
nocross(11,23).
nocross(11,24).
nocross(11,25).
nocross(11,26).
nocross(12,2).
nocross(12,6).
nocross(12,7).
nocross(12,10).
nocross(12,17).
nocross(12,22).
nocross(12,27).
nocross(13,1).
nocross(13,2).
nocross(13,16).
nocross(13,22).
nocross(13,24).
nocross(13,25).
nocross(13,26).
nocross(13,29).
nocross(13,30).
nocross(14,5).
nocross(14,7).
nocross(14,28).
nocross(15,3).
nocross(15,7).
nocross(15,16).
nocross(15,21).
nocross(16,3).
nocross(16,7).
nocross(16,15).
nocross(16,17).
nocross(16,21).
nocross(16,27).
nocross(17,1).
nocross(17,2).
nocross(17,3).
nocross(17,7).
nocross(17,15).
nocross(17,16).
nocross(17,20).
nocross(17,22).
nocross(17,29).
nocross(18,5).
nocross(18,12).
nocross(18,19).
nocross(18,21).
nocross(18,27).
nocross(19,21).
nocross(19,22).
nocross(19,25).
nocross(19,26).
nocross(20,1).
nocross(20,2).
nocross(20,12).
nocross(20,24).
nocross(20,27).
nocross(21,8).
nocross(21,19).
nocross(21,22).
nocross(21,25).
nocross(21,26).
nocross(22,1).
nocross(22,3).
nocross(22,13).
nocross(22,15).
nocross(22,17).
nocross(22,24).
nocross(22,25).
nocross(22,26).
nocross(23,1).
nocross(23,9).
nocross(23,21).
nocross(23,24).
nocross(23,25).
nocross(23,26).
nocross(23,29).
nocross(24,9).
nocross(24,12).
nocross(24,20).
nocross(24,21).
nocross(24,25).
nocross(24,26).
nocross(24,30).
nocross(25,8).
nocross(25,19).
nocross(25,26).
nocross(26,6).
nocross(26,12).
nocross(27,12).
nocross(27,16).
nocross(28,8).
nocross(28,14).
nocross(29,1).
nocross(29,8).
nocross(29,21).
nocross(29,22).
nocross(29,23).
nocross(29,25).
nocross(29,26).
nocross(30,9).
nocross(30,20).
nocross(30,26).
