dimension(30).
point(1, -173175.0, 10522.0).
point(2, 118459.0, 117830.0).
point(3, 6997.0, -288164.0).
point(4, -41453.0, -58760.0).
point(5, -320714.0, 107744.0).
point(6, -13624.0, 27643.0).
point(7, -38828.0, -30438.0).
point(8, 137884.0, -158821.0).
point(9, 121257.0, -213468.0).
point(10, 96738.0, 70547.0).
point(11, 46194.0, 24217.0).
point(12, 87073.0, -128478.0).
point(13, -75221.0, 1279.0).
point(14, -64038.0, 133159.0).
point(15, -96052.0, 359238.0).
point(16, -159432.0, 271393.0).
point(17, -223698.0, 187823.0).
point(18, -43829.0, 130289.0).
point(19, 46164.0, -273786.0).
point(20, -74083.0, 208267.0).
point(21, 58991.0, 240034.0).
point(22, -137179.0, -60266.0).
point(23, 93160.0, -43145.0).
point(24, 39457.0, -126585.0).
point(25, -129800.0, 423330.0).
point(26, -65642.0, -119603.0).
point(27, 247137.0, 64806.0).
point(28, -207413.0, 39406.0).
point(29, -108499.0, 371029.0).
point(30, 20251.0, 148245.0).
cost(1, 2, 310750).
cost(1, 3, 348820).
cost(1, 4, 148831).
cost(1, 5, 176691).
cost(1, 6, 160467).
cost(1, 7, 140452).
cost(1, 8, 354168).
cost(1, 9, 369948).
cost(1, 10, 276507).
cost(1, 11, 219796).
cost(1, 12, 295042).
cost(1, 13, 98389).
cost(1, 14, 164167).
cost(1, 15, 357143).
cost(1, 16, 261233).
cost(1, 17, 184359).
cost(1, 18, 176280).
cost(1, 19, 359083).
cost(1, 20, 221184).
cost(1, 21, 326461).
cost(1, 22, 79414).
cost(1, 23, 271688).
cost(1, 24, 253003).
cost(1, 25, 415081).
cost(1, 26, 168807).
cost(1, 27, 423803).
cost(1, 28, 44794).
cost(1, 29, 366263).
cost(1, 30, 237447).
cost(2, 1, 310750).
cost(2, 3, 421017).
cost(2, 4, 238235).
cost(2, 5, 439289).
cost(2, 6, 159936).
cost(2, 7, 216154).
cost(2, 8, 277332).
cost(2, 9, 331310).
cost(2, 10, 52033).
cost(2, 11, 118261).
cost(2, 12, 248300).
cost(2, 13, 226044).
cost(2, 14, 183140).
cost(2, 15, 322944).
cost(2, 16, 317498).
cost(2, 17, 349243).
cost(2, 18, 162766).
cost(2, 19, 398233).
cost(2, 20, 212723).
cost(2, 21, 135905).
cost(2, 22, 311559).
cost(2, 23, 162951).
cost(2, 24, 256866).
cost(2, 25, 393653).
cost(2, 26, 300446).
cost(2, 27, 139175).
cost(2, 28, 335176).
cost(2, 29, 340029).
cost(2, 30, 102810).
cost(3, 1, 348820).
cost(3, 2, 421017).
cost(3, 4, 234464).
cost(3, 5, 513943).
cost(3, 6, 316480).
cost(3, 7, 261768).
cost(3, 8, 184014).
cost(3, 9, 136509).
cost(3, 10, 369766).
cost(3, 11, 314831).
cost(3, 12, 178639).
cost(3, 13, 300894).
cost(3, 14, 427269).
cost(3, 15, 655552).
cost(3, 16, 583783).
cost(3, 17, 528946).
cost(3, 18, 421528).
cost(3, 19, 41723).
cost(3, 20, 503009).
cost(3, 21, 530751).
cost(3, 22, 269674).
cost(3, 23, 259727).
cost(3, 24, 164807).
cost(3, 25, 724525).
cost(3, 26, 183546).
cost(3, 27, 426913).
cost(3, 28, 391502).
cost(3, 29, 669234).
cost(3, 30, 436610).
cost(4, 1, 148831).
cost(4, 2, 238235).
cost(4, 3, 234464).
cost(4, 5, 325131).
cost(4, 6, 90774).
cost(4, 7, 28443).
cost(4, 8, 205363).
cost(4, 9, 224520).
cost(4, 10, 189254).
cost(4, 11, 120695).
cost(4, 12, 146217).
cost(4, 13, 68884).
cost(4, 14, 193243).
cost(4, 15, 421549).
cost(4, 16, 350600).
cost(4, 17, 306621).
cost(4, 18, 189064).
cost(4, 19, 232192).
cost(4, 20, 269013).
cost(4, 21, 315225).
cost(4, 22, 95738).
cost(4, 23, 135516).
cost(4, 24, 105578).
cost(4, 25, 490118).
cost(4, 26, 65475).
cost(4, 27, 313931).
cost(4, 28, 192819).
cost(4, 29, 434987).
cost(4, 30, 216006).
cost(5, 1, 176691).
cost(5, 2, 439289).
cost(5, 3, 513943).
cost(5, 4, 325131).
cost(5, 6, 317365).
cost(5, 7, 313933).
cost(5, 8, 530442).
cost(5, 9, 546366).
cost(5, 10, 419106).
cost(5, 11, 376295).
cost(5, 12, 471265).
cost(5, 13, 267585).
cost(5, 14, 257931).
cost(5, 15, 337227).
cost(5, 16, 229767).
cost(5, 17, 125796).
cost(5, 18, 277801).
cost(5, 19, 529306).
cost(5, 20, 266330).
cost(5, 21, 402090).
cost(5, 22, 248822).
cost(5, 23, 440521).
cost(5, 24, 429690).
cost(5, 25, 368840).
cost(5, 26, 341685).
cost(5, 27, 569472).
cost(5, 28, 132315).
cost(5, 29, 338163).
cost(5, 30, 343362).
cost(6, 1, 160467).
cost(6, 2, 159936).
cost(6, 3, 316480).
cost(6, 4, 90774).
cost(6, 5, 317365).
cost(6, 7, 63314).
cost(6, 8, 240257).
cost(6, 9, 276274).
cost(6, 10, 118408).
cost(6, 11, 59916).
cost(6, 12, 185779).
cost(6, 13, 67002).
cost(6, 14, 116941).
cost(6, 15, 341686).
cost(6, 16, 284032).
cost(6, 17, 264176).
cost(6, 18, 106998).
cost(6, 19, 307301).
cost(6, 20, 190474).
cost(6, 21, 224461).
cost(6, 22, 151637).
cost(6, 23, 128116).
cost(6, 24, 163107).
cost(6, 25, 412389).
cost(6, 26, 156164).
cost(6, 27, 263396).
cost(6, 28, 194146).
cost(6, 29, 356252).
cost(6, 30, 125269).
cost(7, 1, 140452).
cost(7, 2, 216154).
cost(7, 3, 261768).
cost(7, 4, 28443).
cost(7, 5, 313933).
cost(7, 6, 63314).
cost(7, 8, 218425).
cost(7, 9, 243161).
cost(7, 10, 169045).
cost(7, 11, 101074).
cost(7, 12, 159571).
cost(7, 13, 48274).
cost(7, 14, 165528).
cost(7, 15, 393855).
cost(7, 16, 325034).
cost(7, 17, 286033).
cost(7, 18, 160805).
cost(7, 19, 257763).
cost(7, 20, 241294).
cost(7, 21, 287617).
cost(7, 22, 102775).
cost(7, 23, 132598).
cost(7, 24, 123987).
cost(7, 25, 462797).
cost(7, 26, 93110).
cost(7, 27, 301409).
cost(7, 28, 182480).
cost(7, 29, 407468).
cost(7, 30, 188197).
cost(8, 1, 354168).
cost(8, 2, 277332).
cost(8, 3, 184014).
cost(8, 4, 205363).
cost(8, 5, 530442).
cost(8, 6, 240257).
cost(8, 7, 218425).
cost(8, 9, 57121).
cost(8, 10, 233029).
cost(8, 11, 204719).
cost(8, 12, 59182).
cost(8, 13, 266544).
cost(8, 14, 355000).
cost(8, 15, 568429).
cost(8, 16, 522954).
cost(8, 17, 500903).
cost(8, 18, 341474).
cost(8, 19, 147070).
cost(8, 20, 423891).
cost(8, 21, 406583).
cost(8, 22, 292186).
cost(8, 23, 124021).
cost(8, 24, 103571).
cost(8, 25, 640745).
cost(8, 26, 207270).
cost(8, 27, 248888).
cost(8, 28, 398151).
cost(8, 29, 584333).
cost(8, 30, 328827).
cost(9, 1, 369948).
cost(9, 2, 331310).
cost(9, 3, 136509).
cost(9, 4, 224520).
cost(9, 5, 546366).
cost(9, 6, 276274).
cost(9, 7, 243161).
cost(9, 8, 57121).
cost(9, 10, 285071).
cost(9, 11, 249256).
cost(9, 12, 91607).
cost(9, 13, 291067).
cost(9, 14, 393045).
cost(9, 15, 612548).
cost(9, 16, 560247).
cost(9, 17, 529177).
cost(9, 18, 381343).
cost(9, 19, 96318).
cost(9, 20, 464778).
cost(9, 21, 457757).
cost(9, 22, 300433).
cost(9, 23, 172625).
cost(9, 24, 119331).
cost(9, 25, 684501).
cost(9, 26, 209146).
cost(9, 27, 305421).
cost(9, 28, 414692).
cost(9, 29, 628032).
cost(9, 30, 375551).
cost(10, 1, 276507).
cost(10, 2, 52033).
cost(10, 3, 369766).
cost(10, 4, 189254).
cost(10, 5, 419106).
cost(10, 6, 118408).
cost(10, 7, 169045).
cost(10, 8, 233029).
cost(10, 9, 285071).
cost(10, 11, 68565).
cost(10, 12, 199260).
cost(10, 13, 185386).
cost(10, 14, 172537).
cost(10, 15, 347146).
cost(10, 16, 325518).
cost(10, 17, 341223).
cost(10, 18, 152736).
cost(10, 19, 348027).
cost(10, 20, 219423).
cost(10, 21, 173640).
cost(10, 22, 268010).
cost(10, 23, 113748).
cost(10, 24, 205286).
cost(10, 25, 419256).
cost(10, 26, 250049).
cost(10, 27, 150509).
cost(10, 28, 305741).
cost(10, 29, 363884).
cost(10, 30, 109029).
cost(11, 1, 219796).
cost(11, 2, 118261).
cost(11, 3, 314831).
cost(11, 4, 120695).
cost(11, 5, 376295).
cost(11, 6, 59916).
cost(11, 7, 101074).
cost(11, 8, 204719).
cost(11, 9, 249256).
cost(11, 10, 68565).
cost(11, 12, 158072).
cost(11, 13, 123563).
cost(11, 14, 154982).
cost(11, 15, 363968).
cost(11, 16, 321525).
cost(11, 17, 315608).
cost(11, 18, 139124).
cost(11, 19, 298003).
cost(11, 20, 219866).
cost(11, 21, 216196).
cost(11, 22, 201899).
cost(11, 23, 82118).
cost(11, 24, 150952).
cost(11, 25, 436194).
cost(11, 26, 182185).
cost(11, 27, 205001).
cost(11, 28, 254061).
cost(11, 29, 379748).
cost(11, 30, 126712).
cost(12, 1, 295042).
cost(12, 2, 248300).
cost(12, 3, 178639).
cost(12, 4, 146217).
cost(12, 5, 471265).
cost(12, 6, 185779).
cost(12, 7, 159571).
cost(12, 8, 59182).
cost(12, 9, 91607).
cost(12, 10, 199260).
cost(12, 11, 158072).
cost(12, 13, 207789).
cost(12, 14, 302140).
cost(12, 15, 520962).
cost(12, 16, 469746).
cost(12, 17, 443424).
cost(12, 18, 289993).
cost(12, 19, 150957).
cost(12, 20, 373321).
cost(12, 21, 369580).
cost(12, 22, 234397).
cost(12, 23, 85550).
cost(12, 24, 47654).
cost(12, 25, 592896).
cost(12, 26, 152973).
cost(12, 27, 250957).
cost(12, 28, 338979).
cost(12, 29, 536429).
cost(12, 30, 284677).
cost(13, 1, 98389).
cost(13, 2, 226044).
cost(13, 3, 300894).
cost(13, 4, 68884).
cost(13, 5, 267585).
cost(13, 6, 67002).
cost(13, 7, 48274).
cost(13, 8, 266544).
cost(13, 9, 291067).
cost(13, 10, 185386).
cost(13, 11, 123563).
cost(13, 12, 207789).
cost(13, 14, 132353).
cost(13, 15, 358565).
cost(13, 16, 282937).
cost(13, 17, 238420).
cost(13, 18, 132774).
cost(13, 19, 300658).
cost(13, 20, 206991).
cost(13, 21, 273892).
cost(13, 22, 87330).
cost(13, 23, 174143).
cost(13, 24, 171756).
cost(13, 25, 425565).
cost(13, 26, 121261).
cost(13, 27, 328558).
cost(13, 28, 137580).
cost(13, 29, 371245).
cost(13, 30, 175254).
cost(14, 1, 164167).
cost(14, 2, 183140).
cost(14, 3, 427269).
cost(14, 4, 193243).
cost(14, 5, 257931).
cost(14, 6, 116941).
cost(14, 7, 165528).
cost(14, 8, 355000).
cost(14, 9, 393045).
cost(14, 10, 172537).
cost(14, 11, 154982).
cost(14, 12, 302140).
cost(14, 13, 132353).
cost(14, 15, 228334).
cost(14, 16, 167954).
cost(14, 17, 168759).
cost(14, 18, 20412).
cost(14, 19, 421603).
cost(14, 20, 75777).
cost(14, 21, 162967).
cost(14, 22, 206792).
cost(14, 23, 236208).
cost(14, 24, 279604).
cost(14, 25, 297530).
cost(14, 26, 252767).
cost(14, 27, 318594).
cost(14, 28, 171307).
cost(14, 29, 241989).
cost(14, 30, 85628).
cost(15, 1, 357143).
cost(15, 2, 322944).
cost(15, 3, 655552).
cost(15, 4, 421549).
cost(15, 5, 337227).
cost(15, 6, 341686).
cost(15, 7, 393855).
cost(15, 8, 568429).
cost(15, 9, 612548).
cost(15, 10, 347146).
cost(15, 11, 363968).
cost(15, 12, 520962).
cost(15, 13, 358565).
cost(15, 14, 228334).
cost(15, 16, 108323).
cost(15, 17, 213721).
cost(15, 18, 234829).
cost(15, 19, 648803).
cost(15, 20, 152561).
cost(15, 21, 195571).
cost(15, 22, 421515).
cost(15, 23, 444650).
cost(15, 24, 504368).
cost(15, 25, 72434).
cost(15, 26, 479806).
cost(15, 27, 452182).
cost(15, 28, 338665).
cost(15, 29, 17145).
cost(15, 30, 240924).
cost(16, 1, 261233).
cost(16, 2, 317498).
cost(16, 3, 583783).
cost(16, 4, 350600).
cost(16, 5, 229767).
cost(16, 6, 284032).
cost(16, 7, 325034).
cost(16, 8, 522954).
cost(16, 9, 560247).
cost(16, 10, 325518).
cost(16, 11, 321525).
cost(16, 12, 469746).
cost(16, 13, 282937).
cost(16, 14, 167954).
cost(16, 15, 108323).
cost(16, 17, 105423).
cost(16, 18, 182413).
cost(16, 19, 582658).
cost(16, 20, 106157).
cost(16, 21, 220663).
cost(16, 22, 332405).
cost(16, 23, 403407).
cost(16, 24, 444908).
cost(16, 25, 154800).
cost(16, 26, 402088).
cost(16, 27, 456044).
cost(16, 28, 236897).
cost(16, 29, 111900).
cost(16, 30, 217833).
cost(17, 1, 184359).
cost(17, 2, 349243).
cost(17, 3, 528946).
cost(17, 4, 306621).
cost(17, 5, 125796).
cost(17, 6, 264176).
cost(17, 7, 286033).
cost(17, 8, 500903).
cost(17, 9, 529177).
cost(17, 10, 341223).
cost(17, 11, 315608).
cost(17, 12, 443424).
cost(17, 13, 238420).
cost(17, 14, 168759).
cost(17, 15, 213721).
cost(17, 16, 105423).
cost(17, 18, 188847).
cost(17, 19, 534704).
cost(17, 20, 151005).
cost(17, 21, 287470).
cost(17, 22, 262743).
cost(17, 23, 392104).
cost(17, 24, 410004).
cost(17, 25, 253536).
cost(17, 26, 345677).
cost(17, 27, 486640).
cost(17, 28, 149308).
cost(17, 29, 216415).
cost(17, 30, 247139).
cost(18, 1, 176280).
cost(18, 2, 162766).
cost(18, 3, 421528).
cost(18, 4, 189064).
cost(18, 5, 277801).
cost(18, 6, 106998).
cost(18, 7, 160805).
cost(18, 8, 341474).
cost(18, 9, 381343).
cost(18, 10, 152736).
cost(18, 11, 139124).
cost(18, 12, 289993).
cost(18, 13, 132774).
cost(18, 14, 20412).
cost(18, 15, 234829).
cost(18, 16, 182413).
cost(18, 17, 188847).
cost(18, 19, 413975).
cost(18, 20, 83641).
cost(18, 21, 150386).
cost(18, 22, 212192).
cost(18, 23, 221010).
cost(18, 24, 270039).
cost(18, 25, 305392).
cost(18, 26, 250842).
cost(18, 27, 298244).
cost(18, 28, 187135).
cost(18, 29, 249275).
cost(18, 30, 66548).
cost(19, 1, 359083).
cost(19, 2, 398233).
cost(19, 3, 41723).
cost(19, 4, 232192).
cost(19, 5, 529306).
cost(19, 6, 307301).
cost(19, 7, 257763).
cost(19, 8, 147070).
cost(19, 9, 96318).
cost(19, 10, 348027).
cost(19, 11, 298003).
cost(19, 12, 150957).
cost(19, 13, 300658).
cost(19, 14, 421603).
cost(19, 15, 648803).
cost(19, 16, 582658).
cost(19, 17, 534704).
cost(19, 18, 413975).
cost(19, 20, 496824).
cost(19, 21, 513980).
cost(19, 22, 281435).
cost(19, 23, 235380).
cost(19, 24, 147354).
cost(19, 25, 718981).
cost(19, 26, 190455).
cost(19, 27, 393744).
cost(19, 28, 402977).
cost(19, 29, 663104).
cost(19, 30, 422826).
cost(20, 1, 221184).
cost(20, 2, 212723).
cost(20, 3, 503009).
cost(20, 4, 269013).
cost(20, 5, 266330).
cost(20, 6, 190474).
cost(20, 7, 241294).
cost(20, 8, 423891).
cost(20, 9, 464778).
cost(20, 10, 219423).
cost(20, 11, 219866).
cost(20, 12, 373321).
cost(20, 13, 206991).
cost(20, 14, 75777).
cost(20, 15, 152561).
cost(20, 16, 106157).
cost(20, 17, 151005).
cost(20, 18, 83641).
cost(20, 19, 496824).
cost(20, 21, 136813).
cost(20, 22, 275846).
cost(20, 23, 301957).
cost(20, 24, 353578).
cost(20, 25, 222163).
cost(20, 26, 327979).
cost(20, 27, 351800).
cost(20, 28, 215153).
cost(20, 29, 166361).
cost(20, 30, 111810).
cost(21, 1, 326461).
cost(21, 2, 135905).
cost(21, 3, 530751).
cost(21, 4, 315225).
cost(21, 5, 402090).
cost(21, 6, 224461).
cost(21, 7, 287617).
cost(21, 8, 406583).
cost(21, 9, 457757).
cost(21, 10, 173640).
cost(21, 11, 216196).
cost(21, 12, 369580).
cost(21, 13, 273892).
cost(21, 14, 162967).
cost(21, 15, 195571).
cost(21, 16, 220663).
cost(21, 17, 287470).
cost(21, 18, 150386).
cost(21, 19, 513980).
cost(21, 20, 136813).
cost(21, 22, 358696).
cost(21, 23, 285233).
cost(21, 24, 367139).
cost(21, 25, 263134).
cost(21, 26, 380621).
cost(21, 27, 257107).
cost(21, 28, 333501).
cost(21, 29, 212633).
cost(21, 30, 99629).
cost(22, 1, 79414).
cost(22, 2, 311559).
cost(22, 3, 269674).
cost(22, 4, 95738).
cost(22, 5, 248822).
cost(22, 6, 151637).
cost(22, 7, 102775).
cost(22, 8, 292186).
cost(22, 9, 300433).
cost(22, 10, 268010).
cost(22, 11, 201899).
cost(22, 12, 234397).
cost(22, 13, 87330).
cost(22, 14, 206792).
cost(22, 15, 421515).
cost(22, 16, 332405).
cost(22, 17, 262743).
cost(22, 18, 212192).
cost(22, 19, 281435).
cost(22, 20, 275846).
cost(22, 21, 358696).
cost(22, 23, 230974).
cost(22, 24, 188676).
cost(22, 25, 483652).
cost(22, 26, 92943).
cost(22, 27, 404156).
cost(22, 28, 121932).
cost(22, 29, 432248).
cost(22, 30, 261268).
cost(23, 1, 271688).
cost(23, 2, 162951).
cost(23, 3, 259727).
cost(23, 4, 135516).
cost(23, 5, 440521).
cost(23, 6, 128116).
cost(23, 7, 132598).
cost(23, 8, 124021).
cost(23, 9, 172625).
cost(23, 10, 113748).
cost(23, 11, 82118).
cost(23, 12, 85550).
cost(23, 13, 174143).
cost(23, 14, 236208).
cost(23, 15, 444650).
cost(23, 16, 403407).
cost(23, 17, 392104).
cost(23, 18, 221010).
cost(23, 19, 235380).
cost(23, 20, 301957).
cost(23, 21, 285233).
cost(23, 22, 230974).
cost(23, 24, 99228).
cost(23, 25, 517020).
cost(23, 26, 176250).
cost(23, 27, 188049).
cost(23, 28, 311703).
cost(23, 29, 460659).
cost(23, 30, 204807).
cost(24, 1, 253003).
cost(24, 2, 256866).
cost(24, 3, 164807).
cost(24, 4, 105578).
cost(24, 5, 429690).
cost(24, 6, 163107).
cost(24, 7, 123987).
cost(24, 8, 103571).
cost(24, 9, 119331).
cost(24, 10, 205286).
cost(24, 11, 150952).
cost(24, 12, 47654).
cost(24, 13, 171756).
cost(24, 14, 279604).
cost(24, 15, 504368).
cost(24, 16, 444908).
cost(24, 17, 410004).
cost(24, 18, 270039).
cost(24, 19, 147354).
cost(24, 20, 353578).
cost(24, 21, 367139).
cost(24, 22, 188676).
cost(24, 23, 99228).
cost(24, 25, 575373).
cost(24, 26, 105331).
cost(24, 27, 282421).
cost(24, 28, 297486).
cost(24, 29, 519144).
cost(24, 30, 275500).
cost(25, 1, 415081).
cost(25, 2, 393653).
cost(25, 3, 724525).
cost(25, 4, 490118).
cost(25, 5, 368840).
cost(25, 6, 412389).
cost(25, 7, 462797).
cost(25, 8, 640745).
cost(25, 9, 684501).
cost(25, 10, 419256).
cost(25, 11, 436194).
cost(25, 12, 592896).
cost(25, 13, 425565).
cost(25, 14, 297530).
cost(25, 15, 72434).
cost(25, 16, 154800).
cost(25, 17, 253536).
cost(25, 18, 305392).
cost(25, 19, 718981).
cost(25, 20, 222163).
cost(25, 21, 263134).
cost(25, 22, 483652).
cost(25, 23, 517020).
cost(25, 24, 575373).
cost(25, 26, 546711).
cost(25, 27, 520212).
cost(25, 28, 391690).
cost(25, 29, 56472).
cost(25, 30, 313348).
cost(26, 1, 168807).
cost(26, 2, 300446).
cost(26, 3, 183546).
cost(26, 4, 65475).
cost(26, 5, 341685).
cost(26, 6, 156164).
cost(26, 7, 93110).
cost(26, 8, 207270).
cost(26, 9, 209146).
cost(26, 10, 250049).
cost(26, 11, 182185).
cost(26, 12, 152973).
cost(26, 13, 121261).
cost(26, 14, 252767).
cost(26, 15, 479806).
cost(26, 16, 402088).
cost(26, 17, 345677).
cost(26, 18, 250842).
cost(26, 19, 190455).
cost(26, 20, 327979).
cost(26, 21, 380621).
cost(26, 22, 92943).
cost(26, 23, 176250).
cost(26, 24, 105331).
cost(26, 25, 546711).
cost(26, 27, 363094).
cost(26, 28, 213033).
cost(26, 29, 492500).
cost(26, 30, 281283).
cost(27, 1, 423803).
cost(27, 2, 139175).
cost(27, 3, 426913).
cost(27, 4, 313931).
cost(27, 5, 569472).
cost(27, 6, 263396).
cost(27, 7, 301409).
cost(27, 8, 248888).
cost(27, 9, 305421).
cost(27, 10, 150509).
cost(27, 11, 205001).
cost(27, 12, 250957).
cost(27, 13, 328558).
cost(27, 14, 318594).
cost(27, 15, 452182).
cost(27, 16, 456044).
cost(27, 17, 486640).
cost(27, 18, 298244).
cost(27, 19, 393744).
cost(27, 20, 351800).
cost(27, 21, 257107).
cost(27, 22, 404156).
cost(27, 23, 188049).
cost(27, 24, 282421).
cost(27, 25, 520212).
cost(27, 26, 363094).
cost(27, 28, 455259).
cost(27, 29, 469307).
cost(27, 30, 241742).
cost(28, 1, 44794).
cost(28, 2, 335176).
cost(28, 3, 391502).
cost(28, 4, 192819).
cost(28, 5, 132315).
cost(28, 6, 194146).
cost(28, 7, 182480).
cost(28, 8, 398151).
cost(28, 9, 414692).
cost(28, 10, 305741).
cost(28, 11, 254061).
cost(28, 12, 338979).
cost(28, 13, 137580).
cost(28, 14, 171307).
cost(28, 15, 338665).
cost(28, 16, 236897).
cost(28, 17, 149308).
cost(28, 18, 187135).
cost(28, 19, 402977).
cost(28, 20, 215153).
cost(28, 21, 333501).
cost(28, 22, 121932).
cost(28, 23, 311703).
cost(28, 24, 297486).
cost(28, 25, 391690).
cost(28, 26, 213033).
cost(28, 27, 455259).
cost(28, 29, 346060).
cost(28, 30, 252343).
cost(29, 1, 366263).
cost(29, 2, 340029).
cost(29, 3, 669234).
cost(29, 4, 434987).
cost(29, 5, 338163).
cost(29, 6, 356252).
cost(29, 7, 407468).
cost(29, 8, 584333).
cost(29, 9, 628032).
cost(29, 10, 363884).
cost(29, 11, 379748).
cost(29, 12, 536429).
cost(29, 13, 371245).
cost(29, 14, 241989).
cost(29, 15, 17145).
cost(29, 16, 111900).
cost(29, 17, 216415).
cost(29, 18, 249275).
cost(29, 19, 663104).
cost(29, 20, 166361).
cost(29, 21, 212633).
cost(29, 22, 432248).
cost(29, 23, 460659).
cost(29, 24, 519144).
cost(29, 25, 56472).
cost(29, 26, 492500).
cost(29, 27, 469307).
cost(29, 28, 346060).
cost(29, 30, 257312).
cost(30, 1, 237447).
cost(30, 2, 102810).
cost(30, 3, 436610).
cost(30, 4, 216006).
cost(30, 5, 343362).
cost(30, 6, 125269).
cost(30, 7, 188197).
cost(30, 8, 328827).
cost(30, 9, 375551).
cost(30, 10, 109029).
cost(30, 11, 126712).
cost(30, 12, 284677).
cost(30, 13, 175254).
cost(30, 14, 85628).
cost(30, 15, 240924).
cost(30, 16, 217833).
cost(30, 17, 247139).
cost(30, 18, 66548).
cost(30, 19, 422826).
cost(30, 20, 111810).
cost(30, 21, 99629).
cost(30, 22, 261268).
cost(30, 23, 204807).
cost(30, 24, 275500).
cost(30, 25, 313348).
cost(30, 26, 281283).
cost(30, 27, 241742).
cost(30, 28, 252343).
cost(30, 29, 257312).
nocross(1,4).
nocross(1,14).
nocross(1,18).
nocross(1,26).
nocross(1,29).
nocross(2,6).
nocross(2,10).
nocross(2,11).
nocross(2,18).
nocross(2,21).
nocross(2,23).
nocross(2,27).
nocross(4,1).
nocross(4,13).
nocross(4,19).
nocross(4,23).
nocross(4,24).
nocross(4,29).
nocross(5,1).
nocross(5,20).
nocross(5,28).
nocross(6,2).
nocross(6,7).
nocross(6,13).
nocross(6,14).
nocross(6,29).
nocross(7,4).
nocross(7,6).
nocross(7,13).
nocross(7,14).
nocross(7,18).
nocross(7,29).
nocross(8,9).
nocross(8,12).
nocross(8,14).
nocross(8,15).
nocross(8,19).
nocross(8,23).
nocross(9,8).
nocross(9,12).
nocross(9,19).
nocross(9,26).
nocross(9,29).
nocross(10,2).
nocross(10,6).
nocross(10,11).
nocross(10,18).
nocross(10,23).
nocross(10,27).
nocross(11,7).
nocross(11,13).
nocross(11,15).
nocross(11,18).
nocross(12,4).
nocross(12,8).
nocross(12,9).
nocross(12,11).
nocross(12,23).
nocross(12,26).
nocross(12,29).
nocross(13,7).
nocross(13,18).
nocross(13,26).
nocross(13,29).
nocross(16,14).
nocross(16,20).
nocross(16,21).
nocross(17,1).
nocross(17,16).
nocross(17,18).
nocross(17,20).
nocross(18,1).
nocross(18,2).
nocross(18,6).
nocross(18,11).
nocross(18,13).
nocross(18,20).
nocross(18,29).
nocross(19,8).
nocross(19,9).
nocross(19,12).
nocross(19,14).
nocross(20,14).
nocross(20,16).
nocross(20,18).
nocross(20,21).
nocross(20,29).
nocross(21,2).
nocross(21,10).
nocross(21,18).
nocross(21,20).
nocross(22,1).
nocross(22,4).
nocross(22,7).
nocross(22,13).
nocross(22,26).
nocross(22,29).
nocross(23,4).
nocross(23,7).
nocross(23,8).
nocross(23,10).
nocross(23,11).
nocross(23,12).
nocross(23,14).
nocross(23,15).
nocross(24,4).
nocross(24,7).
nocross(24,8).
nocross(24,9).
nocross(24,11).
nocross(24,12).
nocross(24,19).
nocross(24,23).
nocross(24,26).
nocross(24,28).
nocross(24,29).
nocross(25,15).
nocross(26,1).
nocross(26,4).
nocross(26,7).
nocross(26,9).
nocross(26,13).
nocross(26,19).
nocross(26,23).
nocross(26,29).
nocross(27,8).
nocross(27,10).
nocross(27,23).
nocross(29,25).
nocross(30,2).
nocross(30,10).
nocross(30,18).
nocross(30,20).
nocross(30,21).
