dimension(30).
point(1, 94651.0, 86604.0).
point(2, -310331.0, -211703.0).
point(3, 144416.0, 55784.0).
point(4, 158901.0, 270546.0).
point(5, 41819.0, -285412.0).
point(6, 301007.0, -279512.0).
point(7, 221692.0, -7246.0).
point(8, -204733.0, 141374.0).
point(9, 307863.0, 85375.0).
point(10, -42158.0, -228473.0).
point(11, 81416.0, 125426.0).
point(12, -156985.0, 149709.0).
point(13, 296858.0, -223265.0).
point(14, -153798.0, -212663.0).
point(15, 269666.0, 15582.0).
point(16, -36381.0, -260411.0).
point(17, -84236.0, 111550.0).
point(18, 286268.0, 191692.0).
point(19, -355626.0, -6514.0).
point(20, 227989.0, -113904.0).
point(21, -107619.0, 20092.0).
point(22, 103687.0, 122428.0).
point(23, 35700.0, -183835.0).
point(24, 175361.0, -144835.0).
point(25, 194033.0, 730.0).
point(26, 301383.0, 60162.0).
point(27, 12117.0, 86447.0).
point(28, 222356.0, -137554.0).
point(29, 448694.0, -33285.0).
point(30, 373710.0, 70347.0).
cost(1, 2, 502989).
cost(1, 3, 58536).
cost(1, 4, 194840).
cost(1, 5, 375749).
cost(1, 6, 420266).
cost(1, 7, 157947).
cost(1, 8, 304353).
cost(1, 9, 213216).
cost(1, 10, 343497).
cost(1, 11, 41016).
cost(1, 12, 259428).
cost(1, 13, 370009).
cost(1, 14, 388957).
cost(1, 15, 188877).
cost(1, 16, 370930).
cost(1, 17, 180618).
cost(1, 18, 218542).
cost(1, 19, 459805).
cost(1, 20, 240796).
cost(1, 21, 212925).
cost(1, 22, 36946).
cost(1, 23, 276790).
cost(1, 24, 245108).
cost(1, 25, 131344).
cost(1, 26, 208416).
cost(1, 27, 82534).
cost(1, 28, 257983).
cost(1, 29, 373791).
cost(1, 30, 279532).
cost(2, 1, 502989).
cost(2, 3, 527583).
cost(2, 4, 672862).
cost(2, 5, 359781).
cost(2, 6, 615087).
cost(2, 7, 569957).
cost(2, 8, 368530).
cost(2, 9, 685871).
cost(2, 10, 268697).
cost(2, 11, 516838).
cost(2, 12, 392599).
cost(2, 13, 607299).
cost(2, 14, 156536).
cost(2, 15, 622941).
cost(2, 16, 278246).
cost(2, 17, 394476).
cost(2, 18, 720179).
cost(2, 19, 210129).
cost(2, 20, 547132).
cost(2, 21, 307930).
cost(2, 22, 532029).
cost(2, 23, 347151).
cost(2, 24, 490273).
cost(2, 25, 547276).
cost(2, 26, 669406).
cost(2, 27, 439165).
cost(2, 28, 537823).
cost(2, 29, 779713).
cost(2, 30, 739908).
cost(3, 1, 58536).
cost(3, 2, 527583).
cost(3, 4, 215250).
cost(3, 5, 356288).
cost(3, 6, 370060).
cost(3, 7, 99721).
cost(3, 8, 359487).
cost(3, 9, 166104).
cost(3, 10, 340017).
cost(3, 11, 93910).
cost(3, 12, 315697).
cost(3, 13, 317973).
cost(3, 14, 401242).
cost(3, 15, 131544).
cost(3, 16, 364235).
cost(3, 17, 235354).
cost(3, 18, 196451).
cost(3, 19, 503908).
cost(3, 20, 189152).
cost(3, 21, 254550).
cost(3, 22, 78104).
cost(3, 23, 263128).
cost(3, 24, 202992).
cost(3, 25, 74113).
cost(3, 26, 157028).
cost(3, 27, 135806).
cost(3, 28, 208457).
cost(3, 29, 317046).
cost(3, 30, 229756).
cost(4, 1, 194840).
cost(4, 2, 672862).
cost(4, 3, 215250).
cost(4, 5, 568153).
cost(4, 6, 568118).
cost(4, 7, 284800).
cost(4, 8, 385895).
cost(4, 9, 237651).
cost(4, 10, 538001).
cost(4, 11, 164511).
cost(4, 12, 338209).
cost(4, 13, 512720).
cost(4, 14, 575562).
cost(4, 15, 277985).
cost(4, 16, 565730).
cost(4, 17, 290509).
cost(4, 18, 149801).
cost(4, 19, 584380).
cost(4, 20, 390608).
cost(4, 21, 365732).
cost(4, 22, 158074).
cost(4, 23, 470787).
cost(4, 24, 415707).
cost(4, 25, 272094).
cost(4, 26, 254092).
cost(4, 27, 235453).
cost(4, 28, 413004).
cost(4, 29, 419873).
cost(4, 30, 293637).
cost(5, 1, 375749).
cost(5, 2, 359781).
cost(5, 3, 356288).
cost(5, 4, 568153).
cost(5, 6, 259255).
cost(5, 7, 331256).
cost(5, 8, 492884).
cost(5, 9, 456358).
cost(5, 10, 101460).
cost(5, 11, 412742).
cost(5, 12, 478386).
cost(5, 13, 262502).
cost(5, 14, 208707).
cost(5, 15, 377507).
cost(5, 16, 82099).
cost(5, 17, 416496).
cost(5, 18, 536082).
cost(5, 19, 485537).
cost(5, 20, 253129).
cost(5, 21, 340095).
cost(5, 22, 412506).
cost(5, 23, 101761).
cost(5, 24, 193895).
cost(5, 25, 324109).
cost(5, 26, 432198).
cost(5, 27, 373043).
cost(5, 28, 233357).
cost(5, 29, 478660).
cost(5, 30, 486535).
cost(6, 1, 420266).
cost(6, 2, 615087).
cost(6, 3, 370060).
cost(6, 4, 568118).
cost(6, 5, 259255).
cost(6, 7, 283584).
cost(6, 8, 657965).
cost(6, 9, 364951).
cost(6, 10, 346940).
cost(6, 11, 460646).
cost(6, 12, 627684).
cost(6, 13, 56400).
cost(6, 14, 459692).
cost(6, 15, 296754).
cost(6, 16, 337928).
cost(6, 17, 548946).
cost(6, 18, 471434).
cost(6, 19, 711122).
cost(6, 20, 180991).
cost(6, 21, 506693).
cost(6, 22, 447762).
cost(6, 23, 282032).
cost(6, 24, 184187).
cost(6, 25, 299965).
cost(6, 26, 339674).
cost(6, 27, 466244).
cost(6, 28, 162290).
cost(6, 29, 287122).
cost(6, 30, 357333).
cost(7, 1, 157947).
cost(7, 2, 569957).
cost(7, 3, 99721).
cost(7, 4, 284800).
cost(7, 5, 331256).
cost(7, 6, 283584).
cost(7, 8, 451582).
cost(7, 9, 126507).
cost(7, 10, 344323).
cost(7, 11, 193078).
cost(7, 12, 409916).
cost(7, 13, 228723).
cost(7, 14, 428006).
cost(7, 15, 53128).
cost(7, 16, 361517).
cost(7, 17, 328184).
cost(7, 18, 209156).
cost(7, 19, 577318).
cost(7, 20, 106844).
cost(7, 21, 330444).
cost(7, 22, 175330).
cost(7, 23, 256470).
cost(7, 24, 145180).
cost(7, 25, 28786).
cost(7, 26, 104377).
cost(7, 27, 229565).
cost(7, 28, 130310).
cost(7, 29, 228491).
cost(7, 30, 170676).
cost(8, 1, 304353).
cost(8, 2, 368530).
cost(8, 3, 359487).
cost(8, 4, 385895).
cost(8, 5, 492884).
cost(8, 6, 657965).
cost(8, 7, 451582).
cost(8, 9, 515646).
cost(8, 10, 404002).
cost(8, 11, 286593).
cost(8, 12, 48470).
cost(8, 13, 620125).
cost(8, 14, 357682).
cost(8, 15, 490793).
cost(8, 16, 435630).
cost(8, 17, 124133).
cost(8, 18, 493573).
cost(8, 19, 211281).
cost(8, 20, 502409).
cost(8, 21, 155372).
cost(8, 22, 309001).
cost(8, 23, 404437).
cost(8, 24, 475801).
cost(8, 25, 422842).
cost(8, 26, 512590).
cost(8, 27, 223698).
cost(8, 28, 510104).
cost(8, 29, 676367).
cost(8, 30, 582787).
cost(9, 1, 213216).
cost(9, 2, 685871).
cost(9, 3, 166104).
cost(9, 4, 237651).
cost(9, 5, 456358).
cost(9, 6, 364951).
cost(9, 7, 126507).
cost(9, 8, 515646).
cost(9, 10, 470123).
cost(9, 11, 229962).
cost(9, 12, 469279).
cost(9, 13, 308836).
cost(9, 14, 549507).
cost(9, 15, 79562).
cost(9, 16, 487926).
cost(9, 17, 392972).
cost(9, 18, 108488).
cost(9, 19, 669822).
cost(9, 20, 214690).
cost(9, 21, 420580).
cost(9, 22, 207511).
cost(9, 23, 382814).
cost(9, 24, 265619).
cost(9, 25, 141852).
cost(9, 26, 26032).
cost(9, 27, 295748).
cost(9, 28, 238765).
cost(9, 29, 184156).
cost(9, 30, 67540).
cost(10, 1, 343497).
cost(10, 2, 268697).
cost(10, 3, 340017).
cost(10, 4, 538001).
cost(10, 5, 101460).
cost(10, 6, 346940).
cost(10, 7, 344323).
cost(10, 8, 404002).
cost(10, 9, 470123).
cost(10, 11, 374853).
cost(10, 12, 395230).
cost(10, 13, 339056).
cost(10, 14, 112754).
cost(10, 15, 395976).
cost(10, 16, 32456).
cost(10, 17, 342617).
cost(10, 18, 533294).
cost(10, 19, 384094).
cost(10, 20, 293437).
cost(10, 21, 257040).
cost(10, 22, 380003).
cost(10, 23, 89746).
cost(10, 24, 233045).
cost(10, 25, 329120).
cost(10, 26, 448699).
cost(10, 27, 319563).
cost(10, 28, 279703).
cost(10, 29, 528237).
cost(10, 30, 512093).
cost(11, 1, 41016).
cost(11, 2, 516838).
cost(11, 3, 93910).
cost(11, 4, 164511).
cost(11, 5, 412742).
cost(11, 6, 460646).
cost(11, 7, 193078).
cost(11, 8, 286593).
cost(11, 9, 229962).
cost(11, 10, 374853).
cost(11, 12, 239635).
cost(11, 13, 409879).
cost(11, 14, 411861).
cost(11, 15, 217954).
cost(11, 16, 403418).
cost(11, 17, 166232).
cost(11, 18, 215303).
cost(11, 19, 456524).
cost(11, 20, 280647).
cost(11, 21, 216401).
cost(11, 22, 22472).
cost(11, 23, 312622).
cost(11, 24, 286124).
cost(11, 25, 168023).
cost(11, 26, 229445).
cost(11, 27, 79509).
cost(11, 28, 298366).
cost(11, 29, 400103).
cost(11, 30, 297438).
cost(12, 1, 259428).
cost(12, 2, 392599).
cost(12, 3, 315697).
cost(12, 4, 338209).
cost(12, 5, 478386).
cost(12, 6, 627684).
cost(12, 7, 409916).
cost(12, 8, 48470).
cost(12, 9, 469279).
cost(12, 10, 395230).
cost(12, 11, 239635).
cost(12, 13, 587438).
cost(12, 14, 362386).
cost(12, 15, 447237).
cost(12, 16, 427485).
cost(12, 17, 82149).
cost(12, 18, 445237).
cost(12, 19, 252713).
cost(12, 20, 466580).
cost(12, 21, 138700).
cost(12, 22, 262096).
cost(12, 23, 385200).
cost(12, 24, 444083).
cost(12, 25, 381325).
cost(12, 26, 467033).
cost(12, 27, 180548).
cost(12, 28, 475836).
cost(12, 29, 632719).
cost(12, 30, 536596).
cost(13, 1, 370009).
cost(13, 2, 607299).
cost(13, 3, 317973).
cost(13, 4, 512720).
cost(13, 5, 262502).
cost(13, 6, 56400).
cost(13, 7, 228723).
cost(13, 8, 620125).
cost(13, 9, 308836).
cost(13, 10, 339056).
cost(13, 11, 409879).
cost(13, 12, 587438).
cost(13, 14, 450781).
cost(13, 15, 240390).
cost(13, 16, 335303).
cost(13, 17, 507281).
cost(13, 18, 415092).
cost(13, 19, 687544).
cost(13, 20, 129239).
cost(13, 21, 472043).
cost(13, 22, 396003).
cost(13, 23, 264118).
cost(13, 24, 144613).
cost(13, 25, 246469).
cost(13, 26, 283463).
cost(13, 27, 420712).
cost(13, 28, 113565).
cost(13, 29, 243201).
cost(13, 30, 303503).
cost(14, 1, 388957).
cost(14, 2, 156536).
cost(14, 3, 401242).
cost(14, 4, 575562).
cost(14, 5, 208707).
cost(14, 6, 459692).
cost(14, 7, 428006).
cost(14, 8, 357682).
cost(14, 9, 549507).
cost(14, 10, 112754).
cost(14, 11, 411861).
cost(14, 12, 362386).
cost(14, 13, 450781).
cost(14, 15, 481059).
cost(14, 16, 126754).
cost(14, 17, 331592).
cost(14, 18, 597630).
cost(14, 19, 288499).
cost(14, 20, 394353).
cost(14, 21, 237292).
cost(14, 22, 422593).
cost(14, 23, 191678).
cost(14, 24, 336075).
cost(14, 25, 408072).
cost(14, 26, 530682).
cost(14, 27, 342045).
cost(14, 28, 383579).
cost(14, 29, 628628).
cost(14, 30, 598631).
cost(15, 1, 188877).
cost(15, 2, 622941).
cost(15, 3, 131544).
cost(15, 4, 277985).
cost(15, 5, 377507).
cost(15, 6, 296754).
cost(15, 7, 53128).
cost(15, 8, 490793).
cost(15, 9, 79562).
cost(15, 10, 395976).
cost(15, 11, 217954).
cost(15, 12, 447237).
cost(15, 13, 240390).
cost(15, 14, 481059).
cost(15, 16, 412113).
cost(15, 17, 366683).
cost(15, 18, 176891).
cost(15, 19, 625682).
cost(15, 20, 136028).
cost(15, 21, 377312).
cost(15, 22, 197396).
cost(15, 23, 307420).
cost(15, 24, 186083).
cost(15, 25, 77077).
cost(15, 26, 54711).
cost(15, 27, 267120).
cost(15, 28, 160277).
cost(15, 29, 185577).
cost(15, 30, 117577).
cost(16, 1, 370930).
cost(16, 2, 278246).
cost(16, 3, 364235).
cost(16, 4, 565730).
cost(16, 5, 82099).
cost(16, 6, 337928).
cost(16, 7, 361517).
cost(16, 8, 435630).
cost(16, 9, 487926).
cost(16, 10, 32456).
cost(16, 11, 403418).
cost(16, 12, 427485).
cost(16, 13, 335303).
cost(16, 14, 126754).
cost(16, 15, 412113).
cost(16, 17, 375027).
cost(16, 18, 555427).
cost(16, 19, 407898).
cost(16, 20, 302251).
cost(16, 21, 289408).
cost(16, 22, 407658).
cost(16, 23, 105164).
cost(16, 24, 241231).
cost(16, 25, 348260).
cost(16, 26, 465673).
cost(16, 27, 350232).
cost(16, 28, 286424).
cost(16, 29, 535616).
cost(16, 30, 526854).
cost(17, 1, 180618).
cost(17, 2, 394476).
cost(17, 3, 235354).
cost(17, 4, 290509).
cost(17, 5, 416496).
cost(17, 6, 548946).
cost(17, 7, 328184).
cost(17, 8, 124133).
cost(17, 9, 392972).
cost(17, 10, 342617).
cost(17, 11, 166232).
cost(17, 12, 82149).
cost(17, 13, 507281).
cost(17, 14, 331592).
cost(17, 15, 366683).
cost(17, 16, 375027).
cost(17, 18, 379072).
cost(17, 19, 295959).
cost(17, 20, 385116).
cost(17, 21, 94400).
cost(17, 22, 188238).
cost(17, 23, 318805).
cost(17, 24, 364861).
cost(17, 25, 299524).
cost(17, 26, 389028).
cost(17, 27, 99569).
cost(17, 28, 395033).
cost(17, 29, 552260).
cost(17, 30, 459796).
cost(18, 1, 218542).
cost(18, 2, 720179).
cost(18, 3, 196451).
cost(18, 4, 149801).
cost(18, 5, 536082).
cost(18, 6, 471434).
cost(18, 7, 209156).
cost(18, 8, 493573).
cost(18, 9, 108488).
cost(18, 10, 533294).
cost(18, 11, 215303).
cost(18, 12, 445237).
cost(18, 13, 415092).
cost(18, 14, 597630).
cost(18, 15, 176891).
cost(18, 16, 555427).
cost(18, 17, 379072).
cost(18, 19, 671799).
cost(18, 20, 311103).
cost(18, 21, 429643).
cost(18, 22, 195278).
cost(18, 23, 451448).
cost(18, 24, 354331).
cost(18, 25, 212070).
cost(18, 26, 132396).
cost(18, 27, 293658).
cost(18, 28, 335392).
cost(18, 29, 277483).
cost(18, 30, 149568).
cost(19, 1, 459805).
cost(19, 2, 210129).
cost(19, 3, 503908).
cost(19, 4, 584380).
cost(19, 5, 485537).
cost(19, 6, 711122).
cost(19, 7, 577318).
cost(19, 8, 211281).
cost(19, 9, 669822).
cost(19, 10, 384094).
cost(19, 11, 456524).
cost(19, 12, 252713).
cost(19, 13, 687544).
cost(19, 14, 288499).
cost(19, 15, 625682).
cost(19, 16, 407898).
cost(19, 17, 295959).
cost(19, 18, 671799).
cost(19, 20, 593413).
cost(19, 21, 249430).
cost(19, 22, 477069).
cost(19, 23, 429626).
cost(19, 24, 548707).
cost(19, 25, 549707).
cost(19, 26, 660384).
cost(19, 27, 379311).
cost(19, 28, 592651).
cost(19, 29, 804765).
cost(19, 30, 733375).
cost(20, 1, 240796).
cost(20, 2, 547132).
cost(20, 3, 189152).
cost(20, 4, 390608).
cost(20, 5, 253129).
cost(20, 6, 180991).
cost(20, 7, 106844).
cost(20, 8, 502409).
cost(20, 9, 214690).
cost(20, 10, 293437).
cost(20, 11, 280647).
cost(20, 12, 466580).
cost(20, 13, 129239).
cost(20, 14, 394353).
cost(20, 15, 136028).
cost(20, 16, 302251).
cost(20, 17, 385116).
cost(20, 18, 311103).
cost(20, 19, 593413).
cost(20, 21, 361369).
cost(20, 22, 267028).
cost(20, 23, 204610).
cost(20, 24, 61045).
cost(20, 25, 119557).
cost(20, 26, 188906).
cost(20, 27, 294519).
cost(20, 28, 24312).
cost(20, 29, 234968).
cost(20, 30, 234911).
cost(21, 1, 212925).
cost(21, 2, 307930).
cost(21, 3, 254550).
cost(21, 4, 365732).
cost(21, 5, 340095).
cost(21, 6, 506693).
cost(21, 7, 330444).
cost(21, 8, 155372).
cost(21, 9, 420580).
cost(21, 10, 257040).
cost(21, 11, 216401).
cost(21, 12, 138700).
cost(21, 13, 472043).
cost(21, 14, 237292).
cost(21, 15, 377312).
cost(21, 16, 289408).
cost(21, 17, 94400).
cost(21, 18, 429643).
cost(21, 19, 249430).
cost(21, 20, 361369).
cost(21, 22, 234783).
cost(21, 23, 249252).
cost(21, 24, 327534).
cost(21, 25, 302273).
cost(21, 26, 410960).
cost(21, 27, 136893).
cost(21, 28, 365699).
cost(21, 29, 558868).
cost(21, 30, 483945).
cost(22, 1, 36946).
cost(22, 2, 532029).
cost(22, 3, 78104).
cost(22, 4, 158074).
cost(22, 5, 412506).
cost(22, 6, 447762).
cost(22, 7, 175330).
cost(22, 8, 309001).
cost(22, 9, 207511).
cost(22, 10, 380003).
cost(22, 11, 22472).
cost(22, 12, 262096).
cost(22, 13, 396003).
cost(22, 14, 422593).
cost(22, 15, 197396).
cost(22, 16, 407658).
cost(22, 17, 188238).
cost(22, 18, 195278).
cost(22, 19, 477069).
cost(22, 20, 267028).
cost(22, 21, 234783).
cost(22, 23, 313718).
cost(22, 24, 276707).
cost(22, 25, 151568).
cost(22, 26, 207270).
cost(22, 27, 98385).
cost(22, 28, 285785).
cost(22, 29, 378519).
cost(22, 30, 275000).
cost(23, 1, 276790).
cost(23, 2, 347151).
cost(23, 3, 263128).
cost(23, 4, 470787).
cost(23, 5, 101761).
cost(23, 6, 282032).
cost(23, 7, 256470).
cost(23, 8, 404437).
cost(23, 9, 382814).
cost(23, 10, 89746).
cost(23, 11, 312622).
cost(23, 12, 385200).
cost(23, 13, 264118).
cost(23, 14, 191678).
cost(23, 15, 307420).
cost(23, 16, 105164).
cost(23, 17, 318805).
cost(23, 18, 451448).
cost(23, 19, 429626).
cost(23, 20, 204610).
cost(23, 21, 249252).
cost(23, 22, 313718).
cost(23, 24, 145004).
cost(23, 25, 243174).
cost(23, 26, 360724).
cost(23, 27, 271309).
cost(23, 28, 192308).
cost(23, 29, 439579).
cost(23, 30, 422918).
cost(24, 1, 245108).
cost(24, 2, 490273).
cost(24, 3, 202992).
cost(24, 4, 415707).
cost(24, 5, 193895).
cost(24, 6, 184187).
cost(24, 7, 145180).
cost(24, 8, 475801).
cost(24, 9, 265619).
cost(24, 10, 233045).
cost(24, 11, 286124).
cost(24, 12, 444083).
cost(24, 13, 144613).
cost(24, 14, 336075).
cost(24, 15, 186083).
cost(24, 16, 241231).
cost(24, 17, 364861).
cost(24, 18, 354331).
cost(24, 19, 548707).
cost(24, 20, 61045).
cost(24, 21, 327534).
cost(24, 22, 276707).
cost(24, 23, 145004).
cost(24, 25, 146758).
cost(24, 26, 240635).
cost(24, 27, 283090).
cost(24, 28, 47556).
cost(24, 29, 295219).
cost(24, 30, 292653).
cost(25, 1, 131344).
cost(25, 2, 547276).
cost(25, 3, 74113).
cost(25, 4, 272094).
cost(25, 5, 324109).
cost(25, 6, 299965).
cost(25, 7, 28786).
cost(25, 8, 422842).
cost(25, 9, 141852).
cost(25, 10, 329120).
cost(25, 11, 168023).
cost(25, 12, 381325).
cost(25, 13, 246469).
cost(25, 14, 408072).
cost(25, 15, 77077).
cost(25, 16, 348260).
cost(25, 17, 299524).
cost(25, 18, 212070).
cost(25, 19, 549707).
cost(25, 20, 119557).
cost(25, 21, 302273).
cost(25, 22, 151568).
cost(25, 23, 243174).
cost(25, 24, 146758).
cost(25, 26, 122704).
cost(25, 27, 201099).
cost(25, 28, 141155).
cost(25, 29, 256923).
cost(25, 30, 192692).
cost(26, 1, 208416).
cost(26, 2, 669406).
cost(26, 3, 157028).
cost(26, 4, 254092).
cost(26, 5, 432198).
cost(26, 6, 339674).
cost(26, 7, 104377).
cost(26, 8, 512590).
cost(26, 9, 26032).
cost(26, 10, 448699).
cost(26, 11, 229445).
cost(26, 12, 467033).
cost(26, 13, 283463).
cost(26, 14, 530682).
cost(26, 15, 54711).
cost(26, 16, 465673).
cost(26, 17, 389028).
cost(26, 18, 132396).
cost(26, 19, 660384).
cost(26, 20, 188906).
cost(26, 21, 410960).
cost(26, 22, 207270).
cost(26, 23, 360724).
cost(26, 24, 240635).
cost(26, 25, 122704).
cost(26, 27, 290458).
cost(26, 28, 212925).
cost(26, 29, 174450).
cost(26, 30, 73041).
cost(27, 1, 82534).
cost(27, 2, 439165).
cost(27, 3, 135806).
cost(27, 4, 235453).
cost(27, 5, 373043).
cost(27, 6, 466244).
cost(27, 7, 229565).
cost(27, 8, 223698).
cost(27, 9, 295748).
cost(27, 10, 319563).
cost(27, 11, 79509).
cost(27, 12, 180548).
cost(27, 13, 420712).
cost(27, 14, 342045).
cost(27, 15, 267120).
cost(27, 16, 350232).
cost(27, 17, 99569).
cost(27, 18, 293658).
cost(27, 19, 379311).
cost(27, 20, 294519).
cost(27, 21, 136893).
cost(27, 22, 98385).
cost(27, 23, 271309).
cost(27, 24, 283090).
cost(27, 25, 201099).
cost(27, 26, 290458).
cost(27, 28, 307208).
cost(27, 29, 452698).
cost(27, 30, 361951).
cost(28, 1, 257983).
cost(28, 2, 537823).
cost(28, 3, 208457).
cost(28, 4, 413004).
cost(28, 5, 233357).
cost(28, 6, 162290).
cost(28, 7, 130310).
cost(28, 8, 510104).
cost(28, 9, 238765).
cost(28, 10, 279703).
cost(28, 11, 298366).
cost(28, 12, 475836).
cost(28, 13, 113565).
cost(28, 14, 383579).
cost(28, 15, 160277).
cost(28, 16, 286424).
cost(28, 17, 395033).
cost(28, 18, 335392).
cost(28, 19, 592651).
cost(28, 20, 24312).
cost(28, 21, 365699).
cost(28, 22, 285785).
cost(28, 23, 192308).
cost(28, 24, 47556).
cost(28, 25, 141155).
cost(28, 26, 212925).
cost(28, 27, 307208).
cost(28, 29, 249201).
cost(28, 30, 257159).
cost(29, 1, 373791).
cost(29, 2, 779713).
cost(29, 3, 317046).
cost(29, 4, 419873).
cost(29, 5, 478660).
cost(29, 6, 287122).
cost(29, 7, 228491).
cost(29, 8, 676367).
cost(29, 9, 184156).
cost(29, 10, 528237).
cost(29, 11, 400103).
cost(29, 12, 632719).
cost(29, 13, 243201).
cost(29, 14, 628628).
cost(29, 15, 185577).
cost(29, 16, 535616).
cost(29, 17, 552260).
cost(29, 18, 277483).
cost(29, 19, 804765).
cost(29, 20, 234968).
cost(29, 21, 558868).
cost(29, 22, 378519).
cost(29, 23, 439579).
cost(29, 24, 295219).
cost(29, 25, 256923).
cost(29, 26, 174450).
cost(29, 27, 452698).
cost(29, 28, 249201).
cost(29, 30, 127915).
cost(30, 1, 279532).
cost(30, 2, 739908).
cost(30, 3, 229756).
cost(30, 4, 293637).
cost(30, 5, 486535).
cost(30, 6, 357333).
cost(30, 7, 170676).
cost(30, 8, 582787).
cost(30, 9, 67540).
cost(30, 10, 512093).
cost(30, 11, 297438).
cost(30, 12, 536596).
cost(30, 13, 303503).
cost(30, 14, 598631).
cost(30, 15, 117577).
cost(30, 16, 526854).
cost(30, 17, 459796).
cost(30, 18, 149568).
cost(30, 19, 733375).
cost(30, 20, 234911).
cost(30, 21, 483945).
cost(30, 22, 275000).
cost(30, 23, 422918).
cost(30, 24, 292653).
cost(30, 25, 192692).
cost(30, 26, 73041).
cost(30, 27, 361951).
cost(30, 28, 257159).
cost(30, 29, 127915).
nocross(1,9).
nocross(1,12).
nocross(1,22).
nocross(1,25).
nocross(1,26).
nocross(1,28).
nocross(2,10).
nocross(3,9).
nocross(3,12).
nocross(3,15).
nocross(3,20).
nocross(3,22).
nocross(3,24).
nocross(3,25).
nocross(3,26).
nocross(3,28).
nocross(4,7).
nocross(4,9).
nocross(4,12).
nocross(4,15).
nocross(4,18).
nocross(4,26).
nocross(5,10).
nocross(5,16).
nocross(5,20).
nocross(5,23).
nocross(5,24).
nocross(5,28).
nocross(7,3).
nocross(7,9).
nocross(7,13).
nocross(7,15).
nocross(7,20).
nocross(7,24).
nocross(7,25).
nocross(7,26).
nocross(7,28).
nocross(7,29).
nocross(7,30).
nocross(9,7).
nocross(9,12).
nocross(9,15).
nocross(9,18).
nocross(9,22).
nocross(9,25).
nocross(9,26).
nocross(9,30).
nocross(11,9).
nocross(11,12).
nocross(11,15).
nocross(11,26).
nocross(13,5).
nocross(13,7).
nocross(13,15).
nocross(13,20).
nocross(13,23).
nocross(13,24).
nocross(13,26).
nocross(13,28).
nocross(13,29).
nocross(13,30).
nocross(14,10).
nocross(15,3).
nocross(15,7).
nocross(15,9).
nocross(15,13).
nocross(15,20).
nocross(15,22).
nocross(15,25).
nocross(15,26).
nocross(15,29).
nocross(15,30).
nocross(16,5).
nocross(16,23).
nocross(17,11).
nocross(17,22).
nocross(18,3).
nocross(18,7).
nocross(18,9).
nocross(18,12).
nocross(18,15).
nocross(18,25).
nocross(18,26).
nocross(19,12).
nocross(19,21).
nocross(20,7).
nocross(20,15).
nocross(20,24).
nocross(20,26).
nocross(20,28).
nocross(20,29).
nocross(21,17).
nocross(22,7).
nocross(22,9).
nocross(22,11).
nocross(22,12).
nocross(22,15).
nocross(22,26).
nocross(23,5).
nocross(23,7).
nocross(23,20).
nocross(23,24).
nocross(23,25).
nocross(23,28).
nocross(24,5).
nocross(24,7).
nocross(24,20).
nocross(24,23).
nocross(24,25).
nocross(24,28).
nocross(25,3).
nocross(25,7).
nocross(25,9).
nocross(25,15).
nocross(25,20).
nocross(25,24).
nocross(25,26).
nocross(25,28).
nocross(26,7).
nocross(26,9).
nocross(26,12).
nocross(26,15).
nocross(26,20).
nocross(26,25).
nocross(26,29).
nocross(26,30).
nocross(27,11).
nocross(27,17).
nocross(27,22).
nocross(27,24).
nocross(27,25).
nocross(27,28).
nocross(28,5).
nocross(28,7).
nocross(28,15).
nocross(28,20).
nocross(28,23).
nocross(28,24).
nocross(28,26).
nocross(28,29).
nocross(29,7).
nocross(29,9).
nocross(29,15).
nocross(29,20).
nocross(29,26).
nocross(29,28).
nocross(29,30).
nocross(30,7).
nocross(30,9).
nocross(30,12).
nocross(30,15).
nocross(30,18).
nocross(30,20).
nocross(30,26).
nocross(30,29).
