dimension(30).
point(1, -173460.0, 289513.0).
point(2, 190002.0, 127692.0).
point(3, 77414.0, 77904.0).
point(4, 231322.0, -84940.0).
point(5, 12244.0, -50784.0).
point(6, -35490.0, -8222.0).
point(7, 188149.0, 42279.0).
point(8, 71340.0, 81471.0).
point(9, -284080.0, 12593.0).
point(10, -190721.0, 181904.0).
point(11, 49511.0, -212317.0).
point(12, -52833.0, 63683.0).
point(13, -209040.0, -178566.0).
point(14, -116918.0, 187424.0).
point(15, 92935.0, -69271.0).
point(16, -221141.0, -113515.0).
point(17, 257072.0, 22956.0).
point(18, 24665.0, -297400.0).
point(19, -110378.0, -128940.0).
point(20, 26577.0, 578374.0).
point(21, -72372.0, 29201.0).
point(22, -64127.0, -144673.0).
point(23, -222010.0, 14100.0).
point(24, 184884.0, -8174.0).
point(25, 112665.0, 170406.0).
point(26, -105768.0, -152864.0).
point(27, 43279.0, -12466.0).
point(28, -119811.0, 289043.0).
point(29, -136261.0, -91438.0).
point(30, 142028.0, -199890.0).
cost(1, 2, 397858).
cost(1, 3, 328201).
cost(1, 4, 551420).
cost(1, 5, 387670).
cost(1, 6, 328149).
cost(1, 7, 438048).
cost(1, 8, 321261).
cost(1, 9, 298197).
cost(1, 10, 108985).
cost(1, 11, 549135).
cost(1, 12, 256027).
cost(1, 13, 469429).
cost(1, 14, 116701).
cost(1, 15, 446869).
cost(1, 16, 405839).
cost(1, 17, 506370).
cost(1, 18, 619452).
cost(1, 19, 423181).
cost(1, 20, 351362).
cost(1, 21, 279251).
cost(1, 22, 447740).
cost(1, 23, 279659).
cost(1, 24, 465863).
cost(1, 25, 309926).
cost(1, 26, 447526).
cost(1, 27, 371708).
cost(1, 28, 53651).
cost(1, 29, 382763).
cost(1, 30, 582278).
cost(2, 1, 397858).
cost(2, 3, 123105).
cost(2, 4, 216610).
cost(2, 5, 251896).
cost(2, 6, 263286).
cost(2, 7, 85433).
cost(2, 8, 127346).
cost(2, 9, 487854).
cost(2, 10, 384563).
cost(2, 11, 367891).
cost(2, 12, 251129).
cost(2, 13, 503019).
cost(2, 14, 312678).
cost(2, 15, 219582).
cost(2, 16, 476675).
cost(2, 17, 124370).
cost(2, 18, 456114).
cost(2, 19, 395080).
cost(2, 20, 479398).
cost(2, 21, 280251).
cost(2, 22, 372511).
cost(2, 23, 427384).
cost(2, 24, 135962).
cost(2, 25, 88349).
cost(2, 26, 407666).
cost(2, 27, 202909).
cost(2, 28, 349311).
cost(2, 29, 393021).
cost(2, 30, 331076).
cost(3, 1, 328201).
cost(3, 2, 123105).
cost(3, 4, 224067).
cost(3, 5, 144249).
cost(3, 6, 142004).
cost(3, 7, 116324).
cost(3, 8, 7044).
cost(3, 9, 367346).
cost(3, 10, 287598).
cost(3, 11, 291559).
cost(3, 12, 131021).
cost(3, 13, 384490).
cost(3, 14, 223069).
cost(3, 15, 147991).
cost(3, 16, 354650).
cost(3, 17, 187873).
cost(3, 18, 378993).
cost(3, 19, 279375).
cost(3, 20, 503045).
cost(3, 21, 157505).
cost(3, 22, 263770).
cost(3, 23, 306147).
cost(3, 24, 137692).
cost(3, 25, 98991).
cost(3, 26, 294635).
cost(3, 27, 96602).
cost(3, 28, 288925).
cost(3, 29, 272642).
cost(3, 30, 285210).
cost(4, 1, 551420).
cost(4, 2, 216610).
cost(4, 3, 224067).
cost(4, 5, 221725).
cost(4, 6, 277623).
cost(4, 7, 134345).
cost(4, 8, 230839).
cost(4, 9, 524549).
cost(4, 10, 499326).
cost(4, 11, 221991).
cost(4, 12, 320676).
cost(4, 13, 450205).
cost(4, 14, 442101).
cost(4, 15, 139271).
cost(4, 16, 453364).
cost(4, 17, 110926).
cost(4, 18, 296389).
cost(4, 19, 344521).
cost(4, 20, 694194).
cost(4, 21, 324435).
cost(4, 22, 301427).
cost(4, 23, 464025).
cost(4, 24, 89719).
cost(4, 25, 281569).
cost(4, 26, 343865).
cost(4, 27, 201526).
cost(4, 28, 512989).
cost(4, 29, 367640).
cost(4, 30, 145557).
cost(5, 1, 387670).
cost(5, 2, 251896).
cost(5, 3, 144249).
cost(5, 4, 221725).
cost(5, 6, 63954).
cost(5, 7, 199006).
cost(5, 8, 144858).
cost(5, 9, 303026).
cost(5, 10, 308769).
cost(5, 11, 165776).
cost(5, 12, 131673).
cost(5, 13, 255529).
cost(5, 14, 270972).
cost(5, 15, 82782).
cost(5, 16, 241669).
cost(5, 17, 255692).
cost(5, 18, 246929).
cost(5, 19, 145412).
cost(5, 20, 629321).
cost(5, 21, 116437).
cost(5, 22, 121028).
cost(5, 23, 243074).
cost(5, 24, 177821).
cost(5, 25, 242918).
cost(5, 26, 156036).
cost(5, 27, 49310).
cost(5, 28, 364583).
cost(5, 29, 153969).
cost(5, 30, 197678).
cost(6, 1, 328149).
cost(6, 2, 263286).
cost(6, 3, 142004).
cost(6, 4, 277623).
cost(6, 5, 63954).
cost(6, 7, 229270).
cost(6, 8, 139490).
cost(6, 9, 249460).
cost(6, 10, 245448).
cost(6, 11, 221088).
cost(6, 12, 73967).
cost(6, 13, 243180).
cost(6, 14, 211915).
cost(6, 15, 142197).
cost(6, 16, 213431).
cost(6, 17, 294219).
cost(6, 18, 295368).
cost(6, 19, 142060).
cost(6, 20, 589870).
cost(6, 21, 52543).
cost(6, 22, 139424).
cost(6, 23, 187851).
cost(6, 24, 220374).
cost(6, 25, 232073).
cost(6, 26, 160811).
cost(6, 27, 78883).
cost(6, 28, 308993).
cost(6, 29, 130689).
cost(6, 30, 261246).
cost(7, 1, 438048).
cost(7, 2, 85433).
cost(7, 3, 116324).
cost(7, 4, 134345).
cost(7, 5, 199006).
cost(7, 6, 229270).
cost(7, 8, 123209).
cost(7, 9, 473161).
cost(7, 10, 403779).
cost(7, 11, 289896).
cost(7, 12, 241931).
cost(7, 13, 454457).
cost(7, 14, 337836).
cost(7, 15, 146660).
cost(7, 16, 437938).
cost(7, 17, 71580).
cost(7, 18, 376973).
cost(7, 19, 344143).
cost(7, 20, 559914).
cost(7, 21, 260849).
cost(7, 22, 313997).
cost(7, 23, 411126).
cost(7, 24, 50559).
cost(7, 25, 148709).
cost(7, 26, 352800).
cost(7, 27, 154869).
cost(7, 28, 394629).
cost(7, 29, 350888).
cost(7, 30, 246522).
cost(8, 1, 321261).
cost(8, 2, 127346).
cost(8, 3, 7044).
cost(8, 4, 230839).
cost(8, 5, 144858).
cost(8, 6, 139490).
cost(8, 7, 123209).
cost(8, 9, 362033).
cost(8, 10, 280647).
cost(8, 11, 294598).
cost(8, 12, 125441).
cost(8, 13, 382403).
cost(8, 14, 216026).
cost(8, 15, 152281).
cost(8, 16, 351518).
cost(8, 17, 194732).
cost(8, 18, 381735).
cost(8, 19, 278018).
cost(8, 20, 498915).
cost(8, 21, 152923).
cost(8, 22, 263614).
cost(8, 23, 300987).
cost(8, 24, 144667).
cost(8, 25, 98067).
cost(8, 26, 293735).
cost(8, 27, 98039).
cost(8, 28, 282179).
cost(8, 29, 270177).
cost(8, 30, 290105).
cost(9, 1, 298197).
cost(9, 2, 487854).
cost(9, 3, 367346).
cost(9, 4, 524549).
cost(9, 5, 303026).
cost(9, 6, 249460).
cost(9, 7, 473161).
cost(9, 8, 362033).
cost(9, 10, 193345).
cost(9, 11, 402328).
cost(9, 12, 236823).
cost(9, 13, 205360).
cost(9, 14, 241886).
cost(9, 15, 385800).
cost(9, 16, 140942).
cost(9, 17, 541251).
cost(9, 18, 437515).
cost(9, 19, 224062).
cost(9, 20, 645458).
cost(9, 21, 212358).
cost(9, 22, 270392).
cost(9, 23, 62088).
cost(9, 24, 469424).
cost(9, 25, 426980).
cost(9, 26, 243251).
cost(9, 27, 328317).
cost(9, 28, 321573).
cost(9, 29, 180756).
cost(9, 30, 476148).
cost(10, 1, 108985).
cost(10, 2, 384563).
cost(10, 3, 287598).
cost(10, 4, 499326).
cost(10, 5, 308769).
cost(10, 6, 245448).
cost(10, 7, 403779).
cost(10, 8, 280647).
cost(10, 9, 193345).
cost(10, 11, 461651).
cost(10, 12, 181630).
cost(10, 13, 360935).
cost(10, 14, 74009).
cost(10, 15, 378879).
cost(10, 16, 296981).
cost(10, 17, 475166).
cost(10, 18, 525475).
cost(10, 19, 321059).
cost(10, 20, 452114).
cost(10, 21, 193196).
cost(10, 22, 350255).
cost(10, 23, 170696).
cost(10, 24, 420962).
cost(10, 25, 303604).
cost(10, 26, 345379).
cost(10, 27, 304197).
cost(10, 28, 128480).
cost(10, 29, 278714).
cost(10, 30, 506447).
cost(11, 1, 549135).
cost(11, 2, 367891).
cost(11, 3, 291559).
cost(11, 4, 221991).
cost(11, 5, 165776).
cost(11, 6, 221088).
cost(11, 7, 289896).
cost(11, 8, 294598).
cost(11, 9, 402328).
cost(11, 10, 461651).
cost(11, 12, 294364).
cost(11, 13, 260745).
cost(11, 14, 433003).
cost(11, 15, 149492).
cost(11, 16, 288122).
cost(11, 17, 313743).
cost(11, 18, 88637).
cost(11, 19, 180323).
cost(11, 20, 791024).
cost(11, 21, 270530).
cost(11, 22, 132247).
cost(11, 23, 353537).
cost(11, 24, 244949).
cost(11, 25, 387899).
cost(11, 26, 166272).
cost(11, 27, 199948).
cost(11, 28, 529180).
cost(11, 29, 221637).
cost(11, 30, 93348).
cost(12, 1, 256027).
cost(12, 2, 251129).
cost(12, 3, 131021).
cost(12, 4, 320676).
cost(12, 5, 131673).
cost(12, 6, 73967).
cost(12, 7, 241931).
cost(12, 8, 125441).
cost(12, 9, 236823).
cost(12, 10, 181630).
cost(12, 11, 294364).
cost(12, 13, 288245).
cost(12, 14, 139351).
cost(12, 15, 197294).
cost(12, 16, 244390).
cost(12, 17, 312570).
cost(12, 18, 369306).
cost(12, 19, 201035).
cost(12, 20, 520781).
cost(12, 21, 39633).
cost(12, 22, 208662).
cost(12, 23, 176293).
cost(12, 24, 248340).
cost(12, 25, 196925).
cost(12, 26, 222923).
cost(12, 27, 122622).
cost(12, 28, 235102).
cost(12, 29, 176133).
cost(12, 30, 327783).
cost(13, 1, 469429).
cost(13, 2, 503019).
cost(13, 3, 384490).
cost(13, 4, 450205).
cost(13, 5, 255529).
cost(13, 6, 243180).
cost(13, 7, 454457).
cost(13, 8, 382403).
cost(13, 9, 205360).
cost(13, 10, 360935).
cost(13, 11, 260745).
cost(13, 12, 288245).
cost(13, 14, 377406).
cost(13, 15, 321145).
cost(13, 16, 66167).
cost(13, 17, 507811).
cost(13, 18, 262182).
cost(13, 19, 110440).
cost(13, 20, 792763).
cost(13, 21, 248687).
cost(13, 22, 148824).
cost(13, 23, 193102).
cost(13, 24, 429196).
cost(13, 25, 474632).
cost(13, 26, 106422).
cost(13, 27, 302083).
cost(13, 28, 476046).
cost(13, 29, 113526).
cost(13, 30, 351715).
cost(14, 1, 116701).
cost(14, 2, 312678).
cost(14, 3, 223069).
cost(14, 4, 442101).
cost(14, 5, 270972).
cost(14, 6, 211915).
cost(14, 7, 337836).
cost(14, 8, 216026).
cost(14, 9, 241886).
cost(14, 10, 74009).
cost(14, 11, 433003).
cost(14, 12, 139351).
cost(14, 13, 377406).
cost(14, 15, 331558).
cost(14, 16, 318476).
cost(14, 17, 408556).
cost(14, 18, 505074).
cost(14, 19, 316432).
cost(14, 20, 416453).
cost(14, 21, 164374).
cost(14, 22, 336267).
cost(14, 23, 202696).
cost(14, 24, 359643).
cost(14, 25, 230213).
cost(14, 26, 340471).
cost(14, 27, 256162).
cost(14, 28, 101660).
cost(14, 29, 279532).
cost(14, 30, 465903).
cost(15, 1, 446869).
cost(15, 2, 219582).
cost(15, 3, 147991).
cost(15, 4, 139271).
cost(15, 5, 82782).
cost(15, 6, 142197).
cost(15, 7, 146660).
cost(15, 8, 152281).
cost(15, 9, 385800).
cost(15, 10, 378879).
cost(15, 11, 149492).
cost(15, 12, 197294).
cost(15, 13, 321145).
cost(15, 14, 331558).
cost(15, 16, 317177).
cost(15, 17, 188273).
cost(15, 18, 238125).
cost(15, 19, 211888).
cost(15, 20, 651036).
cost(15, 21, 192414).
cost(15, 22, 174224).
cost(15, 23, 325793).
cost(15, 24, 110397).
cost(15, 25, 240488).
cost(15, 26, 215571).
cost(15, 27, 75449).
cost(15, 28, 416713).
cost(15, 29, 230265).
cost(15, 30, 139540).
cost(16, 1, 405839).
cost(16, 2, 476675).
cost(16, 3, 354650).
cost(16, 4, 453364).
cost(16, 5, 241669).
cost(16, 6, 213431).
cost(16, 7, 437938).
cost(16, 8, 351518).
cost(16, 9, 140942).
cost(16, 10, 296981).
cost(16, 11, 288122).
cost(16, 12, 244390).
cost(16, 13, 66167).
cost(16, 14, 318476).
cost(16, 15, 317177).
cost(16, 17, 497305).
cost(16, 18, 306976).
cost(16, 19, 111832).
cost(16, 20, 734898).
cost(16, 21, 206155).
cost(16, 22, 160076).
cost(16, 23, 127618).
cost(16, 24, 419468).
cost(16, 25, 438221).
cost(16, 26, 121899).
cost(16, 27, 283070).
cost(16, 28, 415115).
cost(16, 29, 87704).
cost(16, 30, 373299).
cost(17, 1, 506370).
cost(17, 2, 124370).
cost(17, 3, 187873).
cost(17, 4, 110926).
cost(17, 5, 255692).
cost(17, 6, 294219).
cost(17, 7, 71580).
cost(17, 8, 194732).
cost(17, 9, 541251).
cost(17, 10, 475166).
cost(17, 11, 313743).
cost(17, 12, 312570).
cost(17, 13, 507811).
cost(17, 14, 408556).
cost(17, 15, 188273).
cost(17, 16, 497305).
cost(17, 18, 395779).
cost(17, 19, 397608).
cost(17, 20, 601346).
cost(17, 21, 329503).
cost(17, 22, 362310).
cost(17, 23, 479164).
cost(17, 24, 78614).
cost(17, 25, 206385).
cost(17, 26, 403194).
cost(17, 27, 216708).
cost(17, 28, 461349).
cost(17, 29, 409630).
cost(17, 30, 250790).
cost(18, 1, 619452).
cost(18, 2, 456114).
cost(18, 3, 378993).
cost(18, 4, 296389).
cost(18, 5, 246929).
cost(18, 6, 295368).
cost(18, 7, 376973).
cost(18, 8, 381735).
cost(18, 9, 437515).
cost(18, 10, 525475).
cost(18, 11, 88637).
cost(18, 12, 369306).
cost(18, 13, 262182).
cost(18, 14, 505074).
cost(18, 15, 238125).
cost(18, 16, 306976).
cost(18, 17, 395779).
cost(18, 19, 215906).
cost(18, 20, 875776).
cost(18, 21, 340712).
cost(18, 22, 176662).
cost(18, 23, 397342).
cost(18, 24, 330638).
cost(18, 25, 476011).
cost(18, 26, 194688).
cost(18, 27, 285541).
cost(18, 28, 603977).
cost(18, 29, 261376).
cost(18, 30, 152585).
cost(19, 1, 423181).
cost(19, 2, 395080).
cost(19, 3, 279375).
cost(19, 4, 344521).
cost(19, 5, 145412).
cost(19, 6, 142060).
cost(19, 7, 344143).
cost(19, 8, 278018).
cost(19, 9, 224062).
cost(19, 10, 321059).
cost(19, 11, 180323).
cost(19, 12, 201035).
cost(19, 13, 110440).
cost(19, 14, 316432).
cost(19, 15, 211888).
cost(19, 16, 111832).
cost(19, 17, 397608).
cost(19, 18, 215906).
cost(19, 20, 720451).
cost(19, 21, 162644).
cost(19, 22, 48854).
cost(19, 23, 181445).
cost(19, 24, 319005).
cost(19, 25, 373304).
cost(19, 26, 24364).
cost(19, 27, 192813).
cost(19, 28, 418089).
cost(19, 29, 45567).
cost(19, 30, 262188).
cost(20, 1, 351362).
cost(20, 2, 479398).
cost(20, 3, 503045).
cost(20, 4, 694194).
cost(20, 5, 629321).
cost(20, 6, 589870).
cost(20, 7, 559914).
cost(20, 8, 498915).
cost(20, 9, 645458).
cost(20, 10, 452114).
cost(20, 11, 791024).
cost(20, 12, 520781).
cost(20, 13, 792763).
cost(20, 14, 416453).
cost(20, 15, 651036).
cost(20, 16, 734898).
cost(20, 17, 601346).
cost(20, 18, 875776).
cost(20, 19, 720451).
cost(20, 21, 558016).
cost(20, 22, 728714).
cost(20, 23, 616604).
cost(20, 24, 607536).
cost(20, 25, 416952).
cost(20, 26, 743118).
cost(20, 27, 591076).
cost(20, 28, 324256).
cost(20, 29, 689322).
cost(20, 30, 786781).
cost(21, 1, 279251).
cost(21, 2, 280251).
cost(21, 3, 157505).
cost(21, 4, 324435).
cost(21, 5, 116437).
cost(21, 6, 52543).
cost(21, 7, 260849).
cost(21, 8, 152923).
cost(21, 9, 212358).
cost(21, 10, 193196).
cost(21, 11, 270530).
cost(21, 12, 39633).
cost(21, 13, 248687).
cost(21, 14, 164374).
cost(21, 15, 192414).
cost(21, 16, 206155).
cost(21, 17, 329503).
cost(21, 18, 340712).
cost(21, 19, 162644).
cost(21, 20, 558016).
cost(21, 22, 174069).
cost(21, 23, 150398).
cost(21, 24, 259957).
cost(21, 25, 232761).
cost(21, 26, 185103).
cost(21, 27, 122928).
cost(21, 28, 264137).
cost(21, 29, 136512).
cost(21, 30, 313768).
cost(22, 1, 447740).
cost(22, 2, 372511).
cost(22, 3, 263770).
cost(22, 4, 301427).
cost(22, 5, 121028).
cost(22, 6, 139424).
cost(22, 7, 313997).
cost(22, 8, 263614).
cost(22, 9, 270392).
cost(22, 10, 350255).
cost(22, 11, 132247).
cost(22, 12, 208662).
cost(22, 13, 148824).
cost(22, 14, 336267).
cost(22, 15, 174224).
cost(22, 16, 160076).
cost(22, 17, 362310).
cost(22, 18, 176662).
cost(22, 19, 48854).
cost(22, 20, 728714).
cost(22, 21, 174069).
cost(22, 23, 223910).
cost(22, 24, 283969).
cost(22, 25, 361290).
cost(22, 26, 42439).
cost(22, 27, 170337).
cost(22, 28, 437276).
cost(22, 29, 89651).
cost(22, 30, 213422).
cost(23, 1, 279659).
cost(23, 2, 427384).
cost(23, 3, 306147).
cost(23, 4, 464025).
cost(23, 5, 243074).
cost(23, 6, 187851).
cost(23, 7, 411126).
cost(23, 8, 300987).
cost(23, 9, 62088).
cost(23, 10, 170696).
cost(23, 11, 353537).
cost(23, 12, 176293).
cost(23, 13, 193102).
cost(23, 14, 202696).
cost(23, 15, 325793).
cost(23, 16, 127618).
cost(23, 17, 479164).
cost(23, 18, 397342).
cost(23, 19, 181445).
cost(23, 20, 616604).
cost(23, 21, 150398).
cost(23, 22, 223910).
cost(23, 24, 407503).
cost(23, 25, 369376).
cost(23, 26, 203443).
cost(23, 27, 266616).
cost(23, 28, 293323).
cost(23, 29, 135982).
cost(23, 30, 422274).
cost(24, 1, 465863).
cost(24, 2, 135962).
cost(24, 3, 137692).
cost(24, 4, 89719).
cost(24, 5, 177821).
cost(24, 6, 220374).
cost(24, 7, 50559).
cost(24, 8, 144667).
cost(24, 9, 469424).
cost(24, 10, 420962).
cost(24, 11, 244949).
cost(24, 12, 248340).
cost(24, 13, 429196).
cost(24, 14, 359643).
cost(24, 15, 110397).
cost(24, 16, 419468).
cost(24, 17, 78614).
cost(24, 18, 330638).
cost(24, 19, 319005).
cost(24, 20, 607536).
cost(24, 21, 259957).
cost(24, 22, 283969).
cost(24, 23, 407503).
cost(24, 25, 192630).
cost(24, 26, 324675).
cost(24, 27, 141670).
cost(24, 28, 425649).
cost(24, 29, 331763).
cost(24, 30, 196448).
cost(25, 1, 309926).
cost(25, 2, 88349).
cost(25, 3, 98991).
cost(25, 4, 281569).
cost(25, 5, 242918).
cost(25, 6, 232073).
cost(25, 7, 148709).
cost(25, 8, 98067).
cost(25, 9, 426980).
cost(25, 10, 303604).
cost(25, 11, 387899).
cost(25, 12, 196925).
cost(25, 13, 474632).
cost(25, 14, 230213).
cost(25, 15, 240488).
cost(25, 16, 438221).
cost(25, 17, 206385).
cost(25, 18, 476011).
cost(25, 19, 373304).
cost(25, 20, 416952).
cost(25, 21, 232761).
cost(25, 22, 361290).
cost(25, 23, 369376).
cost(25, 24, 192630).
cost(25, 26, 390149).
cost(25, 27, 195593).
cost(25, 28, 260998).
cost(25, 29, 361284).
cost(25, 30, 371458).
cost(26, 1, 447526).
cost(26, 2, 407666).
cost(26, 3, 294635).
cost(26, 4, 343865).
cost(26, 5, 156036).
cost(26, 6, 160811).
cost(26, 7, 352800).
cost(26, 8, 293735).
cost(26, 9, 243251).
cost(26, 10, 345379).
cost(26, 11, 166272).
cost(26, 12, 222923).
cost(26, 13, 106422).
cost(26, 14, 340471).
cost(26, 15, 215571).
cost(26, 16, 121899).
cost(26, 17, 403194).
cost(26, 18, 194688).
cost(26, 19, 24364).
cost(26, 20, 743118).
cost(26, 21, 185103).
cost(26, 22, 42439).
cost(26, 23, 203443).
cost(26, 24, 324675).
cost(26, 25, 390149).
cost(26, 27, 204760).
cost(26, 28, 442130).
cost(26, 29, 68578).
cost(26, 30, 252219).
cost(27, 1, 371708).
cost(27, 2, 202909).
cost(27, 3, 96602).
cost(27, 4, 201526).
cost(27, 5, 49310).
cost(27, 6, 78883).
cost(27, 7, 154869).
cost(27, 8, 98039).
cost(27, 9, 328317).
cost(27, 10, 304197).
cost(27, 11, 199948).
cost(27, 12, 122622).
cost(27, 13, 302083).
cost(27, 14, 256162).
cost(27, 15, 75449).
cost(27, 16, 283070).
cost(27, 17, 216708).
cost(27, 18, 285541).
cost(27, 19, 192813).
cost(27, 20, 591076).
cost(27, 21, 122928).
cost(27, 22, 170337).
cost(27, 23, 266616).
cost(27, 24, 141670).
cost(27, 25, 195593).
cost(27, 26, 204760).
cost(27, 28, 342792).
cost(27, 29, 196141).
cost(27, 30, 211847).
cost(28, 1, 53651).
cost(28, 2, 349311).
cost(28, 3, 288925).
cost(28, 4, 512989).
cost(28, 5, 364583).
cost(28, 6, 308993).
cost(28, 7, 394629).
cost(28, 8, 282179).
cost(28, 9, 321573).
cost(28, 10, 128480).
cost(28, 11, 529180).
cost(28, 12, 235102).
cost(28, 13, 476046).
cost(28, 14, 101660).
cost(28, 15, 416713).
cost(28, 16, 415115).
cost(28, 17, 461349).
cost(28, 18, 603977).
cost(28, 19, 418089).
cost(28, 20, 324256).
cost(28, 21, 264137).
cost(28, 22, 437276).
cost(28, 23, 293323).
cost(28, 24, 425649).
cost(28, 25, 260998).
cost(28, 26, 442130).
cost(28, 27, 342792).
cost(28, 29, 380836).
cost(28, 30, 554631).
cost(29, 1, 382763).
cost(29, 2, 393021).
cost(29, 3, 272642).
cost(29, 4, 367640).
cost(29, 5, 153969).
cost(29, 6, 130689).
cost(29, 7, 350888).
cost(29, 8, 270177).
cost(29, 9, 180756).
cost(29, 10, 278714).
cost(29, 11, 221637).
cost(29, 12, 176133).
cost(29, 13, 113526).
cost(29, 14, 279532).
cost(29, 15, 230265).
cost(29, 16, 87704).
cost(29, 17, 409630).
cost(29, 18, 261376).
cost(29, 19, 45567).
cost(29, 20, 689322).
cost(29, 21, 136512).
cost(29, 22, 89651).
cost(29, 23, 135982).
cost(29, 24, 331763).
cost(29, 25, 361284).
cost(29, 26, 68578).
cost(29, 27, 196141).
cost(29, 28, 380836).
cost(29, 30, 298675).
cost(30, 1, 582278).
cost(30, 2, 331076).
cost(30, 3, 285210).
cost(30, 4, 145557).
cost(30, 5, 197678).
cost(30, 6, 261246).
cost(30, 7, 246522).
cost(30, 8, 290105).
cost(30, 9, 476148).
cost(30, 10, 506447).
cost(30, 11, 93348).
cost(30, 12, 327783).
cost(30, 13, 351715).
cost(30, 14, 465903).
cost(30, 15, 139540).
cost(30, 16, 373299).
cost(30, 17, 250790).
cost(30, 18, 152585).
cost(30, 19, 262188).
cost(30, 20, 786781).
cost(30, 21, 313768).
cost(30, 22, 213422).
cost(30, 23, 422274).
cost(30, 24, 196448).
cost(30, 25, 371458).
cost(30, 26, 252219).
cost(30, 27, 211847).
cost(30, 28, 554631).
cost(30, 29, 298675).
nocross(2,3).
nocross(2,12).
nocross(2,25).
nocross(2,27).
nocross(2,30).
nocross(3,12).
nocross(3,21).
nocross(3,27).
nocross(3,29).
nocross(4,15).
nocross(4,17).
nocross(4,27).
nocross(4,30).
nocross(5,8).
nocross(5,12).
nocross(5,30).
nocross(6,12).
nocross(6,21).
nocross(6,27).
nocross(6,29).
nocross(7,12).
nocross(7,27).
nocross(7,30).
nocross(10,1).
nocross(11,4).
nocross(11,5).
nocross(11,12).
nocross(11,13).
nocross(11,27).
nocross(12,6).
nocross(12,21).
nocross(12,30).
nocross(13,16).
nocross(13,19).
nocross(13,26).
nocross(13,29).
nocross(13,30).
nocross(14,12).
nocross(14,21).
nocross(14,27).
nocross(15,30).
nocross(16,19).
nocross(16,26).
nocross(16,29).
nocross(17,4).
nocross(17,7).
nocross(17,12).
nocross(17,24).
nocross(17,27).
nocross(17,30).
nocross(19,12).
nocross(19,22).
nocross(19,26).
nocross(19,29).
nocross(19,30).
nocross(20,1).
nocross(21,6).
nocross(21,12).
nocross(21,27).
nocross(22,12).
nocross(22,26).
nocross(22,30).
nocross(23,10).
nocross(23,12).
nocross(23,16).
nocross(23,21).
nocross(23,27).
nocross(23,29).
nocross(24,12).
nocross(24,15).
nocross(24,27).
nocross(24,30).
nocross(25,2).
nocross(25,8).
nocross(25,12).
nocross(25,14).
nocross(25,21).
nocross(26,19).
nocross(26,22).
nocross(27,30).
nocross(29,10).
nocross(29,30).
