dimension(30).
point(1, -321154.0, -1636.0).
point(2, 76458.0, -228200.0).
point(3, -286009.0, 60117.0).
point(4, -155951.0, 12240.0).
point(5, 149117.0, -135675.0).
point(6, 80508.0, -497206.0).
point(7, 153015.0, -96415.0).
point(8, 183832.0, 299022.0).
point(9, 66724.0, -111123.0).
point(10, -112056.0, -183671.0).
point(11, 28885.0, 25092.0).
point(12, 71296.0, 247635.0).
point(13, -340538.0, -186889.0).
point(14, 322337.0, 208372.0).
point(15, 32827.0, -16696.0).
point(16, -160717.0, 171220.0).
point(17, 252913.0, -144751.0).
point(18, 223363.0, 36033.0).
point(19, -126190.0, -142642.0).
point(20, 29603.0, 322749.0).
point(21, 8625.0, -43767.0).
point(22, -42004.0, 101978.0).
point(23, 172824.0, 24287.0).
point(24, -67883.0, 89969.0).
point(25, -31063.0, -9259.0).
point(26, 27239.0, 16914.0).
point(27, 244293.0, -343006.0).
point(28, -54002.0, 393529.0).
point(29, 45.0, 53626.0).
point(30, 4151.0, -247495.0).
cost(1, 2, 457631).
cost(1, 3, 71054).
cost(1, 4, 165785).
cost(1, 5, 489000).
cost(1, 6, 637904).
cost(1, 7, 483549).
cost(1, 8, 587713).
cost(1, 9, 403034).
cost(1, 10, 277234).
cost(1, 11, 351058).
cost(1, 12, 464923).
cost(1, 13, 186264).
cost(1, 14, 676893).
cost(1, 15, 354301).
cost(1, 16, 235837).
cost(1, 17, 591637).
cost(1, 18, 545818).
cost(1, 19, 240611).
cost(1, 20, 477762).
cost(1, 21, 332459).
cost(1, 22, 297759).
cost(1, 23, 494658).
cost(1, 24, 269328).
cost(1, 25, 290191).
cost(1, 26, 348886).
cost(1, 27, 660503).
cost(1, 28, 476996).
cost(1, 29, 325918).
cost(1, 30, 407762).
cost(2, 1, 457631).
cost(2, 3, 463151).
cost(2, 4, 334403).
cost(2, 5, 117644).
cost(2, 6, 269036).
cost(2, 7, 152408).
cost(2, 8, 538045).
cost(2, 9, 117481).
cost(2, 10, 193702).
cost(2, 11, 257721).
cost(2, 12, 475863).
cost(2, 13, 419037).
cost(2, 14, 501050).
cost(2, 15, 215957).
cost(2, 16, 464530).
cost(2, 17, 195192).
cost(2, 18, 302325).
cost(2, 19, 219969).
cost(2, 20, 552938).
cost(2, 21, 196512).
cost(2, 22, 350786).
cost(2, 23, 270252).
cost(2, 24, 349379).
cost(2, 25, 243918).
cost(2, 26, 250007).
cost(2, 27, 203345).
cost(2, 28, 635269).
cost(2, 29, 292001).
cost(2, 30, 74837).
cost(3, 1, 71054).
cost(3, 2, 463151).
cost(3, 4, 138590).
cost(3, 5, 477147).
cost(3, 6, 667041).
cost(3, 7, 466095).
cost(3, 8, 527092).
cost(3, 9, 392102).
cost(3, 10, 299487).
cost(3, 11, 316836).
cost(3, 12, 403522).
cost(3, 13, 252953).
cost(3, 14, 626150).
cost(3, 15, 327958).
cost(3, 16, 167457).
cost(3, 17, 576548).
cost(3, 18, 509941).
cost(3, 19, 258173).
cost(3, 20, 410593).
cost(3, 21, 312412).
cost(3, 22, 247570).
cost(3, 23, 460230).
cost(3, 24, 220159).
cost(3, 25, 264217).
cost(3, 26, 316213).
cost(3, 27, 666129).
cost(3, 28, 406191).
cost(3, 29, 286128).
cost(3, 30, 422869).
cost(4, 1, 165785).
cost(4, 2, 334403).
cost(4, 3, 138590).
cost(4, 5, 339036).
cost(4, 6, 561648).
cost(4, 7, 327515).
cost(4, 8, 444631).
cost(4, 9, 254564).
cost(4, 10, 200768).
cost(4, 11, 185282).
cost(4, 12, 327188).
cost(4, 13, 271523).
cost(4, 14, 516940).
cost(4, 15, 190983).
cost(4, 16, 159051).
cost(4, 17, 437968).
cost(4, 18, 380059).
cost(4, 19, 157715).
cost(4, 20, 361727).
cost(4, 21, 173845).
cost(4, 22, 145041).
cost(4, 23, 328996).
cost(4, 24, 117464).
cost(4, 25, 126725).
cost(4, 26, 183250).
cost(4, 27, 535159).
cost(4, 28, 394683).
cost(4, 29, 161393).
cost(4, 30, 305115).
cost(5, 1, 489000).
cost(5, 2, 117644).
cost(5, 3, 477147).
cost(5, 4, 339036).
cost(5, 6, 367984).
cost(5, 7, 39453).
cost(5, 8, 436081).
cost(5, 9, 85973).
cost(5, 10, 265547).
cost(5, 11, 200753).
cost(5, 12, 391130).
cost(5, 13, 492326).
cost(5, 14, 385193).
cost(5, 15, 166371).
cost(5, 16, 436098).
cost(5, 17, 104192).
cost(5, 18, 187072).
cost(5, 19, 275395).
cost(5, 20, 473747).
cost(5, 21, 167884).
cost(5, 22, 304969).
cost(5, 23, 161709).
cost(5, 24, 313056).
cost(5, 25, 220104).
cost(5, 26, 195289).
cost(5, 27, 228133).
cost(5, 28, 566846).
cost(5, 29, 240951).
cost(5, 30, 183082).
cost(6, 1, 637904).
cost(6, 2, 269036).
cost(6, 3, 667041).
cost(6, 4, 561648).
cost(6, 5, 367984).
cost(6, 7, 407297).
cost(6, 8, 802904).
cost(6, 9, 386329).
cost(6, 10, 367947).
cost(6, 11, 524843).
cost(6, 12, 744898).
cost(6, 13, 523045).
cost(6, 14, 745870).
cost(6, 15, 482870).
cost(6, 16, 710621).
cost(6, 17, 392362).
cost(6, 18, 552043).
cost(6, 19, 410414).
cost(6, 20, 821534).
cost(6, 21, 459101).
cost(6, 22, 611580).
cost(6, 23, 529601).
cost(6, 24, 605636).
cost(6, 25, 500540).
cost(6, 26, 516872).
cost(6, 27, 224951).
cost(6, 28, 900834).
cost(6, 29, 556678).
cost(6, 30, 261124).
cost(7, 1, 483549).
cost(7, 2, 152408).
cost(7, 3, 466095).
cost(7, 4, 327515).
cost(7, 5, 39453).
cost(7, 6, 407297).
cost(7, 8, 396636).
cost(7, 9, 87535).
cost(7, 10, 279063).
cost(7, 11, 173701).
cost(7, 12, 353622).
cost(7, 13, 501777).
cost(7, 14, 348662).
cost(7, 15, 144223).
cost(7, 16, 412379).
cost(7, 17, 110977).
cost(7, 18, 149971).
cost(7, 19, 283006).
cost(7, 20, 436954).
cost(7, 21, 153689).
cost(7, 22, 278195).
cost(7, 23, 122317).
cost(7, 24, 289024).
cost(7, 25, 203669).
cost(7, 26, 169302).
cost(7, 27, 262943).
cost(7, 28, 531885).
cost(7, 29, 214271).
cost(7, 30, 212098).
cost(8, 1, 587713).
cost(8, 2, 538045).
cost(8, 3, 527092).
cost(8, 4, 444631).
cost(8, 5, 436081).
cost(8, 6, 802904).
cost(8, 7, 396636).
cost(8, 9, 426536).
cost(8, 10, 566164).
cost(8, 11, 314716).
cost(8, 12, 123713).
cost(8, 13, 714894).
cost(8, 14, 165533).
cost(8, 15, 349972).
cost(8, 16, 367488).
cost(8, 17, 449118).
cost(8, 18, 265943).
cost(8, 19, 539612).
cost(8, 20, 156043).
cost(8, 21, 384970).
cost(8, 22, 299714).
cost(8, 23, 274955).
cost(8, 24, 327206).
cost(8, 25, 375789).
cost(8, 26, 322655).
cost(8, 27, 644869).
cost(8, 28, 255923).
cost(8, 29, 306589).
cost(8, 30, 575297).
cost(9, 1, 403034).
cost(9, 2, 117481).
cost(9, 3, 392102).
cost(9, 4, 254564).
cost(9, 5, 85973).
cost(9, 6, 386329).
cost(9, 7, 87535).
cost(9, 8, 426536).
cost(9, 10, 192939).
cost(9, 11, 141373).
cost(9, 12, 358787).
cost(9, 13, 414250).
cost(9, 14, 409164).
cost(9, 15, 100327).
cost(9, 16, 362556).
cost(9, 17, 189201).
cost(9, 18, 214920).
cost(9, 19, 195472).
cost(9, 20, 435457).
cost(9, 21, 88951).
cost(9, 22, 239236).
cost(9, 23, 172026).
cost(9, 24, 241986).
cost(9, 25, 141204).
cost(9, 26, 133987).
cost(9, 27, 292062).
cost(9, 28, 518892).
cost(9, 29, 177731).
cost(9, 30, 150042).
cost(10, 1, 277234).
cost(10, 2, 193702).
cost(10, 3, 299487).
cost(10, 4, 200768).
cost(10, 5, 265547).
cost(10, 6, 367947).
cost(10, 7, 279063).
cost(10, 8, 566164).
cost(10, 9, 192939).
cost(10, 11, 251886).
cost(10, 12, 468661).
cost(10, 13, 228505).
cost(10, 14, 585145).
cost(10, 15, 221070).
cost(10, 16, 358212).
cost(10, 17, 367038).
cost(10, 18, 400969).
cost(10, 19, 43395).
cost(10, 20, 525860).
cost(10, 21, 184762).
cost(10, 22, 294113).
cost(10, 23, 352708).
cost(10, 24, 277182).
cost(10, 25, 192300).
cost(10, 26, 244208).
cost(10, 27, 390349).
cost(10, 28, 580112).
cost(10, 29, 262443).
cost(10, 30, 132580).
cost(11, 1, 351058).
cost(11, 2, 257721).
cost(11, 3, 316836).
cost(11, 4, 185282).
cost(11, 5, 200753).
cost(11, 6, 524843).
cost(11, 7, 173701).
cost(11, 8, 314716).
cost(11, 9, 141373).
cost(11, 10, 251886).
cost(11, 12, 226548).
cost(11, 13, 425922).
cost(11, 14, 345985).
cost(11, 15, 41974).
cost(11, 16, 239379).
cost(11, 17, 281132).
cost(11, 18, 194786).
cost(11, 19, 228436).
cost(11, 20, 297658).
cost(11, 21, 71778).
cost(11, 22, 104579).
cost(11, 23, 143941).
cost(11, 24, 116504).
cost(11, 25, 69092).
cost(11, 26, 8342).
cost(11, 27, 426494).
cost(11, 28, 377645).
cost(11, 29, 40570).
cost(11, 30, 273707).
cost(12, 1, 464923).
cost(12, 2, 475863).
cost(12, 3, 403522).
cost(12, 4, 327188).
cost(12, 5, 391130).
cost(12, 6, 744898).
cost(12, 7, 353622).
cost(12, 8, 123713).
cost(12, 9, 358787).
cost(12, 10, 468661).
cost(12, 11, 226548).
cost(12, 13, 598681).
cost(12, 14, 254093).
cost(12, 15, 267116).
cost(12, 16, 244273).
cost(12, 17, 432379).
cost(12, 18, 260576).
cost(12, 19, 437398).
cost(12, 20, 85909).
cost(12, 21, 298065).
cost(12, 22, 184534).
cost(12, 23, 245341).
cost(12, 24, 210308).
cost(12, 25, 276536).
cost(12, 26, 234890).
cost(12, 27, 615455).
cost(12, 28, 192314).
cost(12, 29, 206679).
cost(12, 30, 499662).
cost(13, 1, 186264).
cost(13, 2, 419037).
cost(13, 3, 252953).
cost(13, 4, 271523).
cost(13, 5, 492326).
cost(13, 6, 523045).
cost(13, 7, 501777).
cost(13, 8, 714894).
cost(13, 9, 414250).
cost(13, 10, 228505).
cost(13, 11, 425922).
cost(13, 12, 598681).
cost(13, 14, 771774).
cost(13, 15, 410326).
cost(13, 16, 400721).
cost(13, 17, 594945).
cost(13, 18, 606365).
cost(13, 19, 218867).
cost(13, 20, 629869).
cost(13, 21, 377358).
cost(13, 22, 415411).
cost(13, 23, 555100).
cost(13, 24, 388576).
cost(13, 25, 356829).
cost(13, 26, 420471).
cost(13, 27, 605310).
cost(13, 28, 647293).
cost(13, 29, 416946).
cost(13, 30, 349977).
cost(14, 1, 676893).
cost(14, 2, 501050).
cost(14, 3, 626150).
cost(14, 4, 516940).
cost(14, 5, 385193).
cost(14, 6, 745870).
cost(14, 7, 348662).
cost(14, 8, 165533).
cost(14, 9, 409164).
cost(14, 10, 585145).
cost(14, 11, 345985).
cost(14, 12, 254093).
cost(14, 13, 771774).
cost(14, 15, 366704).
cost(14, 16, 484481).
cost(14, 17, 359883).
cost(14, 18, 198737).
cost(14, 19, 569550).
cost(14, 20, 314285).
cost(14, 21, 402479).
cost(14, 22, 379558).
cost(14, 23, 237153).
cost(14, 24, 407788).
cost(14, 25, 415036).
cost(14, 26, 351766).
cost(14, 27, 556874).
cost(14, 28, 419421).
cost(14, 29, 357517).
cost(14, 30, 555929).
cost(15, 1, 354301).
cost(15, 2, 215957).
cost(15, 3, 327958).
cost(15, 4, 190983).
cost(15, 5, 166371).
cost(15, 6, 482870).
cost(15, 7, 144223).
cost(15, 8, 349972).
cost(15, 9, 100327).
cost(15, 10, 221070).
cost(15, 11, 41974).
cost(15, 12, 267116).
cost(15, 13, 410326).
cost(15, 14, 366704).
cost(15, 16, 269762).
cost(15, 17, 254629).
cost(15, 18, 197698).
cost(15, 19, 202852).
cost(15, 20, 339460).
cost(15, 21, 36312).
cost(15, 22, 140297).
cost(15, 23, 145872).
cost(15, 24, 146697).
cost(15, 25, 64321).
cost(15, 26, 34071).
cost(15, 27, 388839).
cost(15, 28, 419314).
cost(15, 29, 77588).
cost(15, 30, 232574).
cost(16, 1, 235837).
cost(16, 2, 464530).
cost(16, 3, 167457).
cost(16, 4, 159051).
cost(16, 5, 436098).
cost(16, 6, 710621).
cost(16, 7, 412379).
cost(16, 8, 367488).
cost(16, 9, 362556).
cost(16, 10, 358212).
cost(16, 11, 239379).
cost(16, 12, 244273).
cost(16, 13, 400721).
cost(16, 14, 484481).
cost(16, 15, 269762).
cost(16, 17, 520507).
cost(16, 18, 407177).
cost(16, 19, 315755).
cost(16, 20, 243275).
cost(16, 21, 273672).
cost(16, 22, 137431).
cost(16, 23, 364471).
cost(16, 24, 123369).
cost(16, 25, 222222).
cost(16, 26, 243183).
cost(16, 27, 654570).
cost(16, 28, 246596).
cost(16, 29, 199180).
cost(16, 30, 450004).
cost(17, 1, 591637).
cost(17, 2, 195192).
cost(17, 3, 576548).
cost(17, 4, 437968).
cost(17, 5, 104192).
cost(17, 6, 392362).
cost(17, 7, 110977).
cost(17, 8, 449118).
cost(17, 9, 189201).
cost(17, 10, 367038).
cost(17, 11, 281132).
cost(17, 12, 432379).
cost(17, 13, 594945).
cost(17, 14, 359883).
cost(17, 15, 254629).
cost(17, 16, 520507).
cost(17, 18, 183183).
cost(17, 19, 379109).
cost(17, 20, 518096).
cost(17, 21, 264338).
cost(17, 22, 384514).
cost(17, 23, 187051).
cost(17, 24, 397497).
cost(17, 25, 314643).
cost(17, 26, 277605).
cost(17, 27, 198442).
cost(17, 28, 619631).
cost(17, 29, 321396).
cost(17, 30, 269145).
cost(18, 1, 545818).
cost(18, 2, 302325).
cost(18, 3, 509941).
cost(18, 4, 380059).
cost(18, 5, 187072).
cost(18, 6, 552043).
cost(18, 7, 149971).
cost(18, 8, 265943).
cost(18, 9, 214920).
cost(18, 10, 400969).
cost(18, 11, 194786).
cost(18, 12, 260576).
cost(18, 13, 606365).
cost(18, 14, 198737).
cost(18, 15, 197698).
cost(18, 16, 407177).
cost(18, 17, 183183).
cost(18, 19, 392571).
cost(18, 20, 346048).
cost(18, 21, 229086).
cost(18, 22, 273438).
cost(18, 23, 51886).
cost(18, 24, 296198).
cost(18, 25, 258426).
cost(18, 26, 197054).
cost(18, 27, 379616).
cost(18, 28, 452476).
cost(18, 29, 224010).
cost(18, 30, 358388).
cost(19, 1, 240611).
cost(19, 2, 219969).
cost(19, 3, 258173).
cost(19, 4, 157715).
cost(19, 5, 275395).
cost(19, 6, 410414).
cost(19, 7, 283006).
cost(19, 8, 539612).
cost(19, 9, 195472).
cost(19, 10, 43395).
cost(19, 11, 228436).
cost(19, 12, 437398).
cost(19, 13, 218867).
cost(19, 14, 569550).
cost(19, 15, 202852).
cost(19, 16, 315755).
cost(19, 17, 379109).
cost(19, 18, 392571).
cost(19, 20, 490775).
cost(19, 21, 167187).
cost(19, 22, 258701).
cost(19, 23, 342454).
cost(19, 24, 239807).
cost(19, 25, 163830).
cost(19, 26, 221356).
cost(19, 27, 421193).
cost(19, 28, 541009).
cost(19, 29, 233359).
cost(19, 30, 167281).
cost(20, 1, 477762).
cost(20, 2, 552938).
cost(20, 3, 410593).
cost(20, 4, 361727).
cost(20, 5, 473747).
cost(20, 6, 821534).
cost(20, 7, 436954).
cost(20, 8, 156043).
cost(20, 9, 435457).
cost(20, 10, 525860).
cost(20, 11, 297658).
cost(20, 12, 85909).
cost(20, 13, 629869).
cost(20, 14, 314285).
cost(20, 15, 339460).
cost(20, 16, 243275).
cost(20, 17, 518096).
cost(20, 18, 346048).
cost(20, 19, 490775).
cost(20, 21, 367116).
cost(20, 22, 232094).
cost(20, 23, 331047).
cost(20, 24, 252369).
cost(20, 25, 337505).
cost(20, 26, 305844).
cost(20, 27, 699515).
cost(20, 28, 109543).
cost(20, 29, 270741).
cost(20, 30, 570812).
cost(21, 1, 332459).
cost(21, 2, 196512).
cost(21, 3, 312412).
cost(21, 4, 173845).
cost(21, 5, 167884).
cost(21, 6, 459101).
cost(21, 7, 153689).
cost(21, 8, 384970).
cost(21, 9, 88951).
cost(21, 10, 184762).
cost(21, 11, 71778).
cost(21, 12, 298065).
cost(21, 13, 377358).
cost(21, 14, 402479).
cost(21, 15, 36312).
cost(21, 16, 273672).
cost(21, 17, 264338).
cost(21, 18, 229086).
cost(21, 19, 167187).
cost(21, 20, 367116).
cost(21, 22, 154288).
cost(21, 23, 177743).
cost(21, 24, 154074).
cost(21, 25, 52592).
cost(21, 26, 63472).
cost(21, 27, 380898).
cost(21, 28, 441758).
cost(21, 29, 97770).
cost(21, 30, 203777).
cost(22, 1, 297759).
cost(22, 2, 350786).
cost(22, 3, 247570).
cost(22, 4, 145041).
cost(22, 5, 304969).
cost(22, 6, 611580).
cost(22, 7, 278195).
cost(22, 8, 299714).
cost(22, 9, 239236).
cost(22, 10, 294113).
cost(22, 11, 104579).
cost(22, 12, 184534).
cost(22, 13, 415411).
cost(22, 14, 379558).
cost(22, 15, 140297).
cost(22, 16, 137431).
cost(22, 17, 384514).
cost(22, 18, 273438).
cost(22, 19, 258701).
cost(22, 20, 232094).
cost(22, 21, 154288).
cost(22, 23, 228445).
cost(22, 24, 28530).
cost(22, 25, 111774).
cost(22, 26, 109684).
cost(22, 27, 529128).
cost(22, 28, 291798).
cost(22, 29, 64078).
cost(22, 30, 352508).
cost(23, 1, 494658).
cost(23, 2, 270252).
cost(23, 3, 460230).
cost(23, 4, 328996).
cost(23, 5, 161709).
cost(23, 6, 529601).
cost(23, 7, 122317).
cost(23, 8, 274955).
cost(23, 9, 172026).
cost(23, 10, 352708).
cost(23, 11, 143941).
cost(23, 12, 245341).
cost(23, 13, 555100).
cost(23, 14, 237153).
cost(23, 15, 145872).
cost(23, 16, 364471).
cost(23, 17, 187051).
cost(23, 18, 51886).
cost(23, 19, 342454).
cost(23, 20, 331047).
cost(23, 21, 177743).
cost(23, 22, 228445).
cost(23, 24, 249507).
cost(23, 25, 206628).
cost(23, 26, 145772).
cost(23, 27, 374182).
cost(23, 28, 433347).
cost(23, 29, 175252).
cost(23, 30, 319869).
cost(24, 1, 269328).
cost(24, 2, 349379).
cost(24, 3, 220159).
cost(24, 4, 117464).
cost(24, 5, 313056).
cost(24, 6, 605636).
cost(24, 7, 289024).
cost(24, 8, 327206).
cost(24, 9, 241986).
cost(24, 10, 277182).
cost(24, 11, 116504).
cost(24, 12, 210308).
cost(24, 13, 388576).
cost(24, 14, 407788).
cost(24, 15, 146697).
cost(24, 16, 123369).
cost(24, 17, 397497).
cost(24, 18, 296198).
cost(24, 19, 239807).
cost(24, 20, 252369).
cost(24, 21, 154074).
cost(24, 22, 28530).
cost(24, 23, 249507).
cost(24, 25, 105839).
cost(24, 26, 119938).
cost(24, 27, 533780).
cost(24, 28, 303877).
cost(24, 29, 77039).
cost(24, 30, 345066).
cost(25, 1, 290191).
cost(25, 2, 243918).
cost(25, 3, 264217).
cost(25, 4, 126725).
cost(25, 5, 220104).
cost(25, 6, 500540).
cost(25, 7, 203669).
cost(25, 8, 375789).
cost(25, 9, 141204).
cost(25, 10, 192300).
cost(25, 11, 69092).
cost(25, 12, 276536).
cost(25, 13, 356829).
cost(25, 14, 415036).
cost(25, 15, 64321).
cost(25, 16, 222222).
cost(25, 17, 314643).
cost(25, 18, 258426).
cost(25, 19, 163830).
cost(25, 20, 337505).
cost(25, 21, 52592).
cost(25, 22, 111774).
cost(25, 23, 206628).
cost(25, 24, 105839).
cost(25, 26, 63907).
cost(25, 27, 432675).
cost(25, 28, 403441).
cost(25, 29, 70159).
cost(25, 30, 240824).
cost(26, 1, 348886).
cost(26, 2, 250007).
cost(26, 3, 316213).
cost(26, 4, 183250).
cost(26, 5, 195289).
cost(26, 6, 516872).
cost(26, 7, 169302).
cost(26, 8, 322655).
cost(26, 9, 133987).
cost(26, 10, 244208).
cost(26, 11, 8342).
cost(26, 12, 234890).
cost(26, 13, 420471).
cost(26, 14, 351766).
cost(26, 15, 34071).
cost(26, 16, 243183).
cost(26, 17, 277605).
cost(26, 18, 197054).
cost(26, 19, 221356).
cost(26, 20, 305844).
cost(26, 21, 63472).
cost(26, 22, 109684).
cost(26, 23, 145772).
cost(26, 24, 119938).
cost(26, 25, 63907).
cost(26, 27, 420303).
cost(26, 28, 385278).
cost(26, 29, 45687).
cost(26, 30, 265415).
cost(27, 1, 660503).
cost(27, 2, 203345).
cost(27, 3, 666129).
cost(27, 4, 535159).
cost(27, 5, 228133).
cost(27, 6, 224951).
cost(27, 7, 262943).
cost(27, 8, 644869).
cost(27, 9, 292062).
cost(27, 10, 390349).
cost(27, 11, 426494).
cost(27, 12, 615455).
cost(27, 13, 605310).
cost(27, 14, 556874).
cost(27, 15, 388839).
cost(27, 16, 654570).
cost(27, 17, 198442).
cost(27, 18, 379616).
cost(27, 19, 421193).
cost(27, 20, 699515).
cost(27, 21, 380898).
cost(27, 22, 529128).
cost(27, 23, 374182).
cost(27, 24, 533780).
cost(27, 25, 432675).
cost(27, 26, 420303).
cost(27, 28, 794647).
cost(27, 29, 465805).
cost(27, 30, 258439).
cost(28, 1, 476996).
cost(28, 2, 635269).
cost(28, 3, 406191).
cost(28, 4, 394683).
cost(28, 5, 566846).
cost(28, 6, 900834).
cost(28, 7, 531885).
cost(28, 8, 255923).
cost(28, 9, 518892).
cost(28, 10, 580112).
cost(28, 11, 377645).
cost(28, 12, 192314).
cost(28, 13, 647293).
cost(28, 14, 419421).
cost(28, 15, 419314).
cost(28, 16, 246596).
cost(28, 17, 619631).
cost(28, 18, 452476).
cost(28, 19, 541009).
cost(28, 20, 109543).
cost(28, 21, 441758).
cost(28, 22, 291798).
cost(28, 23, 433347).
cost(28, 24, 303877).
cost(28, 25, 403441).
cost(28, 26, 385278).
cost(28, 27, 794647).
cost(28, 29, 344173).
cost(28, 30, 643656).
cost(29, 1, 325918).
cost(29, 2, 292001).
cost(29, 3, 286128).
cost(29, 4, 161393).
cost(29, 5, 240951).
cost(29, 6, 556678).
cost(29, 7, 214271).
cost(29, 8, 306589).
cost(29, 9, 177731).
cost(29, 10, 262443).
cost(29, 11, 40570).
cost(29, 12, 206679).
cost(29, 13, 416946).
cost(29, 14, 357517).
cost(29, 15, 77588).
cost(29, 16, 199180).
cost(29, 17, 321396).
cost(29, 18, 224010).
cost(29, 19, 233359).
cost(29, 20, 270741).
cost(29, 21, 97770).
cost(29, 22, 64078).
cost(29, 23, 175252).
cost(29, 24, 77039).
cost(29, 25, 70159).
cost(29, 26, 45687).
cost(29, 27, 465805).
cost(29, 28, 344173).
cost(29, 30, 301149).
cost(30, 1, 407762).
cost(30, 2, 74837).
cost(30, 3, 422869).
cost(30, 4, 305115).
cost(30, 5, 183082).
cost(30, 6, 261124).
cost(30, 7, 212098).
cost(30, 8, 575297).
cost(30, 9, 150042).
cost(30, 10, 132580).
cost(30, 11, 273707).
cost(30, 12, 499662).
cost(30, 13, 349977).
cost(30, 14, 555929).
cost(30, 15, 232574).
cost(30, 16, 450004).
cost(30, 17, 269145).
cost(30, 18, 358388).
cost(30, 19, 167281).
cost(30, 20, 570812).
cost(30, 21, 203777).
cost(30, 22, 352508).
cost(30, 23, 319869).
cost(30, 24, 345066).
cost(30, 25, 240824).
cost(30, 26, 265415).
cost(30, 27, 258439).
cost(30, 28, 643656).
cost(30, 29, 301149).
nocross(2,5).
nocross(2,9).
nocross(2,21).
nocross(2,27).
nocross(2,30).
nocross(3,4).
nocross(3,13).
nocross(3,16).
nocross(3,22).
nocross(3,30).
nocross(4,3).
nocross(4,16).
nocross(4,21).
nocross(4,22).
nocross(4,24).
nocross(4,29).
nocross(5,2).
nocross(5,7).
nocross(5,9).
nocross(5,11).
nocross(5,15).
nocross(5,17).
nocross(5,19).
nocross(5,21).
nocross(5,24).
nocross(5,26).
nocross(5,27).
nocross(5,30).
nocross(6,30).
nocross(7,5).
nocross(7,9).
nocross(7,11).
nocross(7,15).
nocross(7,17).
nocross(7,21).
nocross(7,26).
nocross(7,27).
nocross(8,12).
nocross(8,18).
nocross(8,20).
nocross(8,22).
nocross(9,2).
nocross(9,5).
nocross(9,7).
nocross(9,11).
nocross(9,15).
nocross(9,18).
nocross(9,19).
nocross(9,21).
nocross(9,24).
nocross(9,30).
nocross(10,2).
nocross(10,4).
nocross(10,6).
nocross(10,13).
nocross(10,21).
nocross(10,24).
nocross(10,30).
nocross(11,7).
nocross(11,21).
nocross(11,24).
nocross(11,25).
nocross(11,26).
nocross(11,29).
nocross(12,16).
nocross(12,18).
nocross(12,20).
nocross(12,22).
nocross(12,29).
nocross(13,3).
nocross(13,19).
nocross(14,8).
nocross(14,18).
nocross(14,22).
nocross(15,7).
nocross(15,21).
nocross(15,24).
nocross(15,25).
nocross(15,26).
nocross(15,29).
nocross(15,30).
nocross(16,3).
nocross(16,22).
nocross(16,24).
nocross(17,2).
nocross(17,5).
nocross(17,7).
nocross(17,11).
nocross(17,18).
nocross(17,19).
nocross(17,23).
nocross(17,27).
nocross(17,30).
nocross(20,8).
nocross(20,12).
nocross(20,16).
nocross(20,22).
nocross(21,7).
nocross(21,15).
nocross(21,24).
nocross(21,26).
nocross(21,30).
nocross(22,3).
nocross(22,4).
nocross(22,16).
nocross(22,21).
nocross(22,24).
nocross(22,26).
nocross(22,29).
nocross(23,7).
nocross(23,9).
nocross(23,11).
nocross(23,17).
nocross(23,22).
nocross(23,26).
nocross(24,3).
nocross(24,4).
nocross(24,15).
nocross(24,16).
nocross(24,21).
nocross(24,22).
nocross(24,26).
nocross(25,7).
nocross(25,11).
nocross(25,13).
nocross(25,15).
nocross(25,21).
nocross(25,24).
nocross(25,26).
nocross(25,30).
nocross(26,7).
nocross(26,11).
nocross(26,21).
nocross(26,22).
nocross(26,24).
nocross(26,29).
nocross(27,2).
nocross(27,5).
nocross(27,6).
nocross(27,7).
nocross(27,11).
nocross(27,17).
nocross(27,18).
nocross(27,30).
nocross(29,4).
nocross(29,11).
nocross(29,16).
nocross(29,21).
nocross(29,22).
nocross(29,24).
nocross(29,26).
nocross(30,2).
nocross(30,18).
nocross(30,19).
nocross(30,21).
