dimension(30).
point(1, 91872.0, 187624.0).
point(2, 2358.0, 28265.0).
point(3, -166180.0, -82483.0).
point(4, 118753.0, 219593.0).
point(5, -270276.0, -209663.0).
point(6, -37198.0, 97761.0).
point(7, -12369.0, 362075.0).
point(8, 254144.0, 140927.0).
point(9, 142912.0, 194072.0).
point(10, 101844.0, -9300.0).
point(11, 225159.0, -14435.0).
point(12, 274914.0, 227643.0).
point(13, 111003.0, -181230.0).
point(14, 79167.0, -19612.0).
point(15, -238617.0, 258241.0).
point(16, 344494.0, 504856.0).
point(17, -279764.0, -166937.0).
point(18, 162835.0, -12258.0).
point(19, -128385.0, -291928.0).
point(20, 53477.0, 13605.0).
point(21, 374567.0, -64031.0).
point(22, 121614.0, -170391.0).
point(23, -20195.0, -8467.0).
point(24, 74397.0, -1381.0).
point(25, -81894.0, 214802.0).
point(26, -151126.0, -166591.0).
point(27, -59428.0, 14464.0).
point(28, 211713.0, 303448.0).
point(29, -52847.0, 213373.0).
point(30, 82815.0, 54287.0).
cost(1, 2, 182779).
cost(1, 3, 373562).
cost(1, 4, 41768).
cost(1, 5, 537576).
cost(1, 6, 157272).
cost(1, 7, 203222).
cost(1, 8, 168857).
cost(1, 9, 51446).
cost(1, 10, 197176).
cost(1, 11, 242060).
cost(1, 12, 187366).
cost(1, 13, 369350).
cost(1, 14, 207625).
cost(1, 15, 337949).
cost(1, 16, 405529).
cost(1, 17, 513641).
cost(1, 18, 212105).
cost(1, 19, 527715).
cost(1, 20, 178204).
cost(1, 21, 378479).
cost(1, 22, 359248).
cost(1, 23, 225855).
cost(1, 24, 189811).
cost(1, 25, 175879).
cost(1, 26, 429554).
cost(1, 27, 229948).
cost(1, 28, 166665).
cost(1, 29, 146992).
cost(1, 30, 133644).
cost(2, 1, 182779).
cost(2, 3, 201668).
cost(2, 4, 223951).
cost(2, 5, 361855).
cost(2, 6, 79965).
cost(2, 7, 334135).
cost(2, 8, 275842).
cost(2, 9, 217365).
cost(2, 10, 106342).
cost(2, 11, 226856).
cost(2, 12, 337696).
cost(2, 13, 235991).
cost(2, 14, 90509).
cost(2, 15, 333103).
cost(2, 16, 586682).
cost(2, 17, 343069).
cost(2, 18, 165514).
cost(2, 19, 345857).
cost(2, 20, 53180).
cost(2, 21, 383482).
cost(2, 22, 231703).
cost(2, 23, 43103).
cost(2, 24, 77901).
cost(2, 25, 204681).
cost(2, 26, 248045).
cost(2, 27, 63309).
cost(2, 28, 345768).
cost(2, 29, 193165).
cost(2, 30, 84560).
cost(3, 1, 373562).
cost(3, 2, 201668).
cost(3, 4, 415255).
cost(3, 5, 164349).
cost(3, 6, 221640).
cost(3, 7, 470414).
cost(3, 8, 476009).
cost(3, 9, 414754).
cost(3, 10, 277836).
cost(3, 11, 397211).
cost(3, 12, 539205).
cost(3, 13, 294247).
cost(3, 14, 253274).
cost(3, 15, 348339).
cost(3, 16, 778303).
cost(3, 17, 141541).
cost(3, 18, 336426).
cost(3, 19, 212828).
cost(3, 20, 239754).
cost(3, 21, 541062).
cost(3, 22, 300921).
cost(3, 23, 163676).
cost(3, 24, 253880).
cost(3, 25, 309002).
cost(3, 26, 85445).
cost(3, 27, 144204).
cost(3, 28, 540135).
cost(3, 29, 316820).
cost(3, 30, 284085).
cost(4, 1, 41768).
cost(4, 2, 223951).
cost(4, 3, 415255).
cost(4, 5, 579314).
cost(4, 6, 197898).
cost(4, 7, 193634).
cost(4, 8, 156586).
cost(4, 9, 35142).
cost(4, 10, 229517).
cost(4, 11, 257082).
cost(4, 12, 156368).
cost(4, 13, 400898).
cost(4, 14, 242458).
cost(4, 15, 359454).
cost(4, 16, 363777).
cost(4, 17, 555177).
cost(4, 18, 236004).
cost(4, 19, 568094).
cost(4, 20, 216083).
cost(4, 21, 381947).
cost(4, 22, 389994).
cost(4, 23, 267054).
cost(4, 24, 225382).
cost(4, 25, 200704).
cost(4, 26, 471140).
cost(4, 27, 271710).
cost(4, 28, 125193).
cost(4, 29, 171713).
cost(4, 30, 169167).
cost(5, 1, 537576).
cost(5, 2, 361855).
cost(5, 3, 164349).
cost(5, 4, 579314).
cost(5, 6, 385791).
cost(5, 7, 627216).
cost(5, 8, 630817).
cost(5, 9, 577690).
cost(5, 10, 422633).
cost(5, 11, 532513).
cost(5, 12, 698905).
cost(5, 13, 382338).
cost(5, 14, 397781).
cost(5, 15, 468974).
cost(5, 16, 942592).
cost(5, 17, 43767).
cost(5, 18, 475977).
cost(5, 19, 164014).
cost(5, 20, 393274).
cost(5, 21, 661083).
cost(5, 22, 393853).
cost(5, 23, 320968).
cost(5, 24, 402717).
cost(5, 25, 464390).
cost(5, 26, 126696).
cost(5, 27, 307717).
cost(5, 28, 703986).
cost(5, 29, 475641).
cost(5, 30, 440843).
cost(6, 1, 157272).
cost(6, 2, 79965).
cost(6, 3, 221640).
cost(6, 4, 197898).
cost(6, 5, 385791).
cost(6, 7, 265478).
cost(6, 8, 294522).
cost(6, 9, 204244).
cost(6, 10, 175484).
cost(6, 11, 285340).
cost(6, 12, 338058).
cost(6, 13, 315911).
cost(6, 14, 165279).
cost(6, 15, 257533).
cost(6, 16, 558046).
cost(6, 17, 359031).
cost(6, 18, 228292).
cost(6, 19, 400216).
cost(6, 20, 123710).
cost(6, 21, 442411).
cost(6, 22, 311652).
cost(6, 23, 107580).
cost(6, 24, 149274).
cost(6, 25, 125285).
cost(6, 26, 287857).
cost(6, 27, 86212).
cost(6, 28, 322899).
cost(6, 29, 116666).
cost(6, 30, 127644).
cost(7, 1, 203222).
cost(7, 2, 334135).
cost(7, 3, 470414).
cost(7, 4, 193634).
cost(7, 5, 627216).
cost(7, 6, 265478).
cost(7, 8, 346317).
cost(7, 9, 228773).
cost(7, 10, 388541).
cost(7, 11, 445173).
cost(7, 12, 317181).
cost(7, 13, 557136).
cost(7, 14, 392510).
cost(7, 15, 248937).
cost(7, 16, 384367).
cost(7, 17, 592751).
cost(7, 18, 413306).
cost(7, 19, 664214).
cost(7, 20, 354636).
cost(7, 21, 575574).
cost(7, 22, 549064).
cost(7, 23, 370625).
cost(7, 24, 373669).
cost(7, 25, 162859).
cost(7, 26, 546572).
cost(7, 27, 350782).
cost(7, 28, 231624).
cost(7, 29, 154113).
cost(7, 30, 322170).
cost(8, 1, 168857).
cost(8, 2, 275842).
cost(8, 3, 476009).
cost(8, 4, 156586).
cost(8, 5, 630817).
cost(8, 6, 294522).
cost(8, 7, 346317).
cost(8, 9, 123276).
cost(8, 10, 213924).
cost(8, 11, 158043).
cost(8, 12, 89169).
cost(8, 13, 352526).
cost(8, 14, 237465).
cost(8, 15, 506533).
cost(8, 16, 374977).
cost(8, 17, 616310).
cost(8, 18, 178334).
cost(8, 19, 577661).
cost(8, 20, 237651).
cost(8, 21, 237717).
cost(8, 22, 338354).
cost(8, 23, 312379).
cost(8, 24, 229261).
cost(8, 25, 344063).
cost(8, 26, 508735).
cost(8, 27, 338113).
cost(8, 28, 167969).
cost(8, 29, 315423).
cost(8, 30, 191990).
cost(9, 1, 51446).
cost(9, 2, 217365).
cost(9, 3, 414754).
cost(9, 4, 35142).
cost(9, 5, 577690).
cost(9, 6, 204244).
cost(9, 7, 228773).
cost(9, 8, 123276).
cost(9, 10, 207477).
cost(9, 11, 224142).
cost(9, 12, 136204).
cost(9, 13, 376656).
cost(9, 14, 222989).
cost(9, 15, 386888).
cost(9, 16, 370435).
cost(9, 17, 555862).
cost(9, 18, 207290).
cost(9, 19, 556595).
cost(9, 20, 201412).
cost(9, 21, 346816).
cost(9, 22, 365085).
cost(9, 23, 260050).
cost(9, 24, 207114).
cost(9, 25, 225760).
cost(9, 26, 465334).
cost(9, 27, 270556).
cost(9, 28, 129216).
cost(9, 29, 196708).
cost(9, 30, 152156).
cost(10, 1, 197176).
cost(10, 2, 106342).
cost(10, 3, 277836).
cost(10, 4, 229517).
cost(10, 5, 422633).
cost(10, 6, 175484).
cost(10, 7, 388541).
cost(10, 8, 213924).
cost(10, 9, 207477).
cost(10, 11, 123422).
cost(10, 12, 293420).
cost(10, 13, 172174).
cost(10, 14, 24912).
cost(10, 15, 433003).
cost(10, 16, 568538).
cost(10, 17, 412885).
cost(10, 18, 61063).
cost(10, 19, 364533).
cost(10, 20, 53516).
cost(10, 21, 278161).
cost(10, 22, 162300).
cost(10, 23, 122042).
cost(10, 24, 28567).
cost(10, 25, 289795).
cost(10, 26, 297883).
cost(10, 27, 163013).
cost(10, 28, 331485).
cost(10, 29, 271132).
cost(10, 30, 66373).
cost(11, 1, 242060).
cost(11, 2, 226856).
cost(11, 3, 397211).
cost(11, 4, 257082).
cost(11, 5, 532513).
cost(11, 6, 285340).
cost(11, 7, 445173).
cost(11, 8, 158043).
cost(11, 9, 224142).
cost(11, 10, 123422).
cost(11, 12, 247138).
cost(11, 13, 202119).
cost(11, 14, 146084).
cost(11, 15, 537997).
cost(11, 16, 532826).
cost(11, 17, 527451).
cost(11, 18, 62362).
cost(11, 19, 449439).
cost(11, 20, 173957).
cost(11, 21, 157425).
cost(11, 22, 187200).
cost(11, 23, 245427).
cost(11, 24, 151326).
cost(11, 25, 383186).
cost(11, 26, 405884).
cost(11, 27, 286051).
cost(11, 28, 318167).
cost(11, 29, 359422).
cost(11, 30, 158065).
cost(12, 1, 187366).
cost(12, 2, 337696).
cost(12, 3, 539205).
cost(12, 4, 156368).
cost(12, 5, 698905).
cost(12, 6, 338058).
cost(12, 7, 317181).
cost(12, 8, 89169).
cost(12, 9, 136204).
cost(12, 10, 293420).
cost(12, 11, 247138).
cost(12, 13, 440504).
cost(12, 14, 315360).
cost(12, 15, 514442).
cost(12, 16, 285812).
cost(12, 17, 680706).
cost(12, 18, 264791).
cost(12, 19, 657726).
cost(12, 20, 307972).
cost(12, 21, 308228).
cost(12, 22, 426535).
cost(12, 23, 377938).
cost(12, 24, 304400).
cost(12, 25, 357039).
cost(12, 26, 580457).
cost(12, 27, 396522).
cost(12, 28, 98695).
cost(12, 29, 328071).
cost(12, 30, 258755).
cost(13, 1, 369350).
cost(13, 2, 235991).
cost(13, 3, 294247).
cost(13, 4, 400898).
cost(13, 5, 382338).
cost(13, 6, 315911).
cost(13, 7, 557136).
cost(13, 8, 352526).
cost(13, 9, 376656).
cost(13, 10, 172174).
cost(13, 11, 202119).
cost(13, 12, 440504).
cost(13, 14, 164724).
cost(13, 15, 561577).
cost(13, 16, 724729).
cost(13, 17, 391028).
cost(13, 18, 176743).
cost(13, 19, 263744).
cost(13, 20, 203150).
cost(13, 21, 288447).
cost(13, 22, 15168).
cost(13, 23, 216933).
cost(13, 24, 183537).
cost(13, 25, 440512).
cost(13, 26, 262537).
cost(13, 27, 259505).
cost(13, 28, 495031).
cost(13, 29, 427268).
cost(13, 30, 237198).
cost(14, 1, 207625).
cost(14, 2, 90509).
cost(14, 3, 253274).
cost(14, 4, 242458).
cost(14, 5, 397781).
cost(14, 6, 165279).
cost(14, 7, 392510).
cost(14, 8, 237465).
cost(14, 9, 222989).
cost(14, 10, 24912).
cost(14, 11, 146084).
cost(14, 12, 315360).
cost(14, 13, 164724).
cost(14, 15, 422124).
cost(14, 16, 587763).
cost(14, 17, 387990).
cost(14, 18, 83991).
cost(14, 19, 342394).
cost(14, 20, 41992).
cost(14, 21, 298721).
cost(14, 22, 156640).
cost(14, 23, 99985).
cost(14, 24, 18845).
cost(14, 25, 284413).
cost(14, 26, 273199).
cost(14, 27, 142723).
cost(14, 28, 349194).
cost(14, 29, 267787).
cost(14, 30, 73989).
cost(15, 1, 337949).
cost(15, 2, 333103).
cost(15, 3, 348339).
cost(15, 4, 359454).
cost(15, 5, 468974).
cost(15, 6, 257533).
cost(15, 7, 248937).
cost(15, 8, 506533).
cost(15, 9, 386888).
cost(15, 10, 433003).
cost(15, 11, 537997).
cost(15, 12, 514442).
cost(15, 13, 561577).
cost(15, 14, 422124).
cost(15, 16, 633117).
cost(15, 17, 427164).
cost(15, 18, 484080).
cost(15, 19, 561103).
cost(15, 20, 381006).
cost(15, 21, 692715).
cost(15, 22, 559903).
cost(15, 23, 344734).
cost(15, 24, 406671).
cost(15, 25, 162632).
cost(15, 26, 433748).
cost(15, 27, 302549).
cost(15, 28, 452593).
cost(15, 29, 191112).
cost(15, 30, 380678).
cost(16, 1, 405529).
cost(16, 2, 586682).
cost(16, 3, 778303).
cost(16, 4, 363777).
cost(16, 5, 942592).
cost(16, 6, 558046).
cost(16, 7, 384367).
cost(16, 8, 374977).
cost(16, 9, 370435).
cost(16, 10, 568538).
cost(16, 11, 532826).
cost(16, 12, 285812).
cost(16, 13, 724729).
cost(16, 14, 587763).
cost(16, 15, 633117).
cost(16, 17, 917063).
cost(16, 18, 548094).
cost(16, 19, 926542).
cost(16, 20, 570980).
cost(16, 21, 569681).
cost(16, 22, 711079).
cost(16, 23, 629681).
cost(16, 24, 573784).
cost(16, 25, 515692).
cost(16, 26, 834554).
cost(16, 27, 635325).
cost(16, 28, 241238).
cost(16, 29, 492790).
cost(16, 30, 521045).
cost(17, 1, 513641).
cost(17, 2, 343069).
cost(17, 3, 141541).
cost(17, 4, 555177).
cost(17, 5, 43767).
cost(17, 6, 359031).
cost(17, 7, 592751).
cost(17, 8, 616310).
cost(17, 9, 555862).
cost(17, 10, 412885).
cost(17, 11, 527451).
cost(17, 12, 680706).
cost(17, 13, 391028).
cost(17, 14, 387990).
cost(17, 15, 427164).
cost(17, 16, 917063).
cost(17, 18, 468849).
cost(17, 19, 196312).
cost(17, 20, 379005).
cost(17, 21, 662374).
cost(17, 22, 401393).
cost(17, 23, 304120).
cost(17, 24, 390946).
cost(17, 25, 429973).
cost(17, 26, 128638).
cost(17, 27, 285402).
cost(17, 28, 680303).
cost(17, 29, 442862).
cost(17, 30, 424739).
cost(18, 1, 212105).
cost(18, 2, 165514).
cost(18, 3, 336426).
cost(18, 4, 236004).
cost(18, 5, 475977).
cost(18, 6, 228292).
cost(18, 7, 413306).
cost(18, 8, 178334).
cost(18, 9, 207290).
cost(18, 10, 61063).
cost(18, 11, 62362).
cost(18, 12, 264791).
cost(18, 13, 176743).
cost(18, 14, 83991).
cost(18, 15, 484080).
cost(18, 16, 548094).
cost(18, 17, 468849).
cost(18, 19, 403763).
cost(18, 20, 112375).
cost(18, 21, 217970).
cost(18, 22, 163417).
cost(18, 23, 183069).
cost(18, 24, 89104).
cost(18, 25, 333839).
cost(18, 26, 349843).
cost(18, 27, 223864).
cost(18, 28, 319467).
cost(18, 29, 312135).
cost(18, 30, 104074).
cost(19, 1, 527715).
cost(19, 2, 345857).
cost(19, 3, 212828).
cost(19, 4, 568094).
cost(19, 5, 164014).
cost(19, 6, 400216).
cost(19, 7, 664214).
cost(19, 8, 577661).
cost(19, 9, 556595).
cost(19, 10, 364533).
cost(19, 11, 449439).
cost(19, 12, 657726).
cost(19, 13, 263744).
cost(19, 14, 342394).
cost(19, 15, 561103).
cost(19, 16, 926542).
cost(19, 17, 196312).
cost(19, 18, 403763).
cost(19, 20, 355562).
cost(19, 21, 552175).
cost(19, 22, 277976).
cost(19, 23, 303406).
cost(19, 24, 354314).
cost(19, 25, 508858).
cost(19, 26, 127383).
cost(19, 27, 314056).
cost(19, 28, 685667).
cost(19, 29, 510916).
cost(19, 30, 405549).
cost(20, 1, 178204).
cost(20, 2, 53180).
cost(20, 3, 239754).
cost(20, 4, 216083).
cost(20, 5, 393274).
cost(20, 6, 123710).
cost(20, 7, 354636).
cost(20, 8, 237651).
cost(20, 9, 201412).
cost(20, 10, 53516).
cost(20, 11, 173957).
cost(20, 12, 307972).
cost(20, 13, 203150).
cost(20, 14, 41992).
cost(20, 15, 381006).
cost(20, 16, 570980).
cost(20, 17, 379005).
cost(20, 18, 112375).
cost(20, 19, 355562).
cost(20, 21, 330342).
cost(20, 22, 196207).
cost(20, 23, 76907).
cost(20, 24, 25734).
cost(20, 25, 242499).
cost(20, 26, 272641).
cost(20, 27, 112908).
cost(20, 28, 330224).
cost(20, 29, 226301).
cost(20, 30, 50157).
cost(21, 1, 378479).
cost(21, 2, 383482).
cost(21, 3, 541062).
cost(21, 4, 381947).
cost(21, 5, 661083).
cost(21, 6, 442411).
cost(21, 7, 575574).
cost(21, 8, 237717).
cost(21, 9, 346816).
cost(21, 10, 278161).
cost(21, 11, 157425).
cost(21, 12, 308228).
cost(21, 13, 288447).
cost(21, 14, 298721).
cost(21, 15, 692715).
cost(21, 16, 569681).
cost(21, 17, 662374).
cost(21, 18, 217970).
cost(21, 19, 552175).
cost(21, 20, 330342).
cost(21, 22, 274404).
cost(21, 23, 398653).
cost(21, 24, 306638).
cost(21, 25, 534887).
cost(21, 26, 535604).
cost(21, 27, 441036).
cost(21, 28, 401948).
cost(21, 29, 509545).
cost(21, 30, 314831).
cost(22, 1, 359248).
cost(22, 2, 231703).
cost(22, 3, 300921).
cost(22, 4, 389994).
cost(22, 5, 393853).
cost(22, 6, 311652).
cost(22, 7, 549064).
cost(22, 8, 338354).
cost(22, 9, 365085).
cost(22, 10, 162300).
cost(22, 11, 187200).
cost(22, 12, 426535).
cost(22, 13, 15168).
cost(22, 14, 156640).
cost(22, 15, 559903).
cost(22, 16, 711079).
cost(22, 17, 401393).
cost(22, 18, 163417).
cost(22, 19, 277976).
cost(22, 20, 196207).
cost(22, 21, 274404).
cost(22, 23, 215242).
cost(22, 24, 175482).
cost(22, 25, 435648).
cost(22, 26, 272766).
cost(22, 27, 258742).
cost(22, 28, 482329).
cost(22, 29, 421558).
cost(22, 30, 228003).
cost(23, 1, 225855).
cost(23, 2, 43103).
cost(23, 3, 163676).
cost(23, 4, 267054).
cost(23, 5, 320968).
cost(23, 6, 107580).
cost(23, 7, 370625).
cost(23, 8, 312379).
cost(23, 9, 260050).
cost(23, 10, 122042).
cost(23, 11, 245427).
cost(23, 12, 377938).
cost(23, 13, 216933).
cost(23, 14, 99985).
cost(23, 15, 344734).
cost(23, 16, 629681).
cost(23, 17, 304120).
cost(23, 18, 183069).
cost(23, 19, 303406).
cost(23, 20, 76907).
cost(23, 21, 398653).
cost(23, 22, 215242).
cost(23, 24, 94857).
cost(23, 25, 231637).
cost(23, 26, 205295).
cost(23, 27, 45443).
cost(23, 28, 388680).
cost(23, 29, 224230).
cost(23, 30, 120620).
cost(24, 1, 189811).
cost(24, 2, 77901).
cost(24, 3, 253880).
cost(24, 4, 225382).
cost(24, 5, 402717).
cost(24, 6, 149274).
cost(24, 7, 373669).
cost(24, 8, 229261).
cost(24, 9, 207114).
cost(24, 10, 28567).
cost(24, 11, 151326).
cost(24, 12, 304400).
cost(24, 13, 183537).
cost(24, 14, 18845).
cost(24, 15, 406671).
cost(24, 16, 573784).
cost(24, 17, 390946).
cost(24, 18, 89104).
cost(24, 19, 354314).
cost(24, 20, 25734).
cost(24, 21, 306638).
cost(24, 22, 175482).
cost(24, 23, 94857).
cost(24, 25, 266762).
cost(24, 26, 279562).
cost(24, 27, 134760).
cost(24, 28, 334330).
cost(24, 29, 249620).
cost(24, 30, 56301).
cost(25, 1, 175879).
cost(25, 2, 204681).
cost(25, 3, 309002).
cost(25, 4, 200704).
cost(25, 5, 464390).
cost(25, 6, 125285).
cost(25, 7, 162859).
cost(25, 8, 344063).
cost(25, 9, 225760).
cost(25, 10, 289795).
cost(25, 11, 383186).
cost(25, 12, 357039).
cost(25, 13, 440512).
cost(25, 14, 284413).
cost(25, 15, 162632).
cost(25, 16, 515692).
cost(25, 17, 429973).
cost(25, 18, 333839).
cost(25, 19, 508858).
cost(25, 20, 242499).
cost(25, 21, 534887).
cost(25, 22, 435648).
cost(25, 23, 231637).
cost(25, 24, 266762).
cost(25, 26, 387626).
cost(25, 27, 201594).
cost(25, 28, 306697).
cost(25, 29, 29082).
cost(25, 30, 229987).
cost(26, 1, 429554).
cost(26, 2, 248045).
cost(26, 3, 85445).
cost(26, 4, 471140).
cost(26, 5, 126696).
cost(26, 6, 287857).
cost(26, 7, 546572).
cost(26, 8, 508735).
cost(26, 9, 465334).
cost(26, 10, 297883).
cost(26, 11, 405884).
cost(26, 12, 580457).
cost(26, 13, 262537).
cost(26, 14, 273199).
cost(26, 15, 433748).
cost(26, 16, 834554).
cost(26, 17, 128638).
cost(26, 18, 349843).
cost(26, 19, 127383).
cost(26, 20, 272641).
cost(26, 21, 535604).
cost(26, 22, 272766).
cost(26, 23, 205295).
cost(26, 24, 279562).
cost(26, 25, 387626).
cost(26, 27, 202952).
cost(26, 28, 593792).
cost(26, 29, 392468).
cost(26, 30, 321738).
cost(27, 1, 229948).
cost(27, 2, 63309).
cost(27, 3, 144204).
cost(27, 4, 271710).
cost(27, 5, 307717).
cost(27, 6, 86212).
cost(27, 7, 350782).
cost(27, 8, 338113).
cost(27, 9, 270556).
cost(27, 10, 163013).
cost(27, 11, 286051).
cost(27, 12, 396522).
cost(27, 13, 259505).
cost(27, 14, 142723).
cost(27, 15, 302549).
cost(27, 16, 635325).
cost(27, 17, 285402).
cost(27, 18, 223864).
cost(27, 19, 314056).
cost(27, 20, 112908).
cost(27, 21, 441036).
cost(27, 22, 258742).
cost(27, 23, 45443).
cost(27, 24, 134760).
cost(27, 25, 201594).
cost(27, 26, 202952).
cost(27, 28, 396269).
cost(27, 29, 199018).
cost(27, 30, 147712).
cost(28, 1, 166665).
cost(28, 2, 345768).
cost(28, 3, 540135).
cost(28, 4, 125193).
cost(28, 5, 703986).
cost(28, 6, 322899).
cost(28, 7, 231624).
cost(28, 8, 167969).
cost(28, 9, 129216).
cost(28, 10, 331485).
cost(28, 11, 318167).
cost(28, 12, 98695).
cost(28, 13, 495031).
cost(28, 14, 349194).
cost(28, 15, 452593).
cost(28, 16, 241238).
cost(28, 17, 680303).
cost(28, 18, 319467).
cost(28, 19, 685667).
cost(28, 20, 330224).
cost(28, 21, 401948).
cost(28, 22, 482329).
cost(28, 23, 388680).
cost(28, 24, 334330).
cost(28, 25, 306697).
cost(28, 26, 593792).
cost(28, 27, 396269).
cost(28, 29, 279474).
cost(28, 30, 280528).
cost(29, 1, 146992).
cost(29, 2, 193165).
cost(29, 3, 316820).
cost(29, 4, 171713).
cost(29, 5, 475641).
cost(29, 6, 116666).
cost(29, 7, 154113).
cost(29, 8, 315423).
cost(29, 9, 196708).
cost(29, 10, 271132).
cost(29, 11, 359422).
cost(29, 12, 328071).
cost(29, 13, 427268).
cost(29, 14, 267787).
cost(29, 15, 191112).
cost(29, 16, 492790).
cost(29, 17, 442862).
cost(29, 18, 312135).
cost(29, 19, 510916).
cost(29, 20, 226301).
cost(29, 21, 509545).
cost(29, 22, 421558).
cost(29, 23, 224230).
cost(29, 24, 249620).
cost(29, 25, 29082).
cost(29, 26, 392468).
cost(29, 27, 199018).
cost(29, 28, 279474).
cost(29, 30, 209075).
cost(30, 1, 133644).
cost(30, 2, 84560).
cost(30, 3, 284085).
cost(30, 4, 169167).
cost(30, 5, 440843).
cost(30, 6, 127644).
cost(30, 7, 322170).
cost(30, 8, 191990).
cost(30, 9, 152156).
cost(30, 10, 66373).
cost(30, 11, 158065).
cost(30, 12, 258755).
cost(30, 13, 237198).
cost(30, 14, 73989).
cost(30, 15, 380678).
cost(30, 16, 521045).
cost(30, 17, 424739).
cost(30, 18, 104074).
cost(30, 19, 405549).
cost(30, 20, 50157).
cost(30, 21, 314831).
cost(30, 22, 228003).
cost(30, 23, 120620).
cost(30, 24, 56301).
cost(30, 25, 229987).
cost(30, 26, 321738).
cost(30, 27, 147712).
cost(30, 28, 280528).
cost(30, 29, 209075).
nocross(2,8).
nocross(2,11).
nocross(2,20).
nocross(2,23).
nocross(2,26).
nocross(2,27).
nocross(3,14).
nocross(3,20).
nocross(3,22).
nocross(3,25).
nocross(3,27).
nocross(4,6).
nocross(4,7).
nocross(4,28).
nocross(5,19).
nocross(5,25).
nocross(5,26).
nocross(6,2).
nocross(6,8).
nocross(6,20).
nocross(6,23).
nocross(6,27).
nocross(6,28).
nocross(6,29).
nocross(6,30).
nocross(7,1).
nocross(7,4).
nocross(7,6).
nocross(7,15).
nocross(7,20).
nocross(7,25).
nocross(7,28).
nocross(7,29).
nocross(7,30).
nocross(8,11).
nocross(9,6).
nocross(9,7).
nocross(10,8).
nocross(10,14).
nocross(10,22).
nocross(10,24).
nocross(10,30).
nocross(14,3).
nocross(14,8).
nocross(14,26).
nocross(17,15).
nocross(18,8).
nocross(18,14).
nocross(18,22).
nocross(18,24).
nocross(18,26).
nocross(18,30).
nocross(20,2).
nocross(20,8).
nocross(20,24).
nocross(20,26).
nocross(20,28).
nocross(20,30).
nocross(21,11).
nocross(22,3).
nocross(22,10).
nocross(22,11).
nocross(22,14).
nocross(22,19).
nocross(22,30).
nocross(23,2).
nocross(23,3).
nocross(23,14).
nocross(23,20).
nocross(23,26).
nocross(23,27).
nocross(24,8).
nocross(24,14).
nocross(24,20).
nocross(24,26).
nocross(26,10).
nocross(27,3).
nocross(27,6).
nocross(27,8).
nocross(27,14).
nocross(27,20).
nocross(27,23).
nocross(27,28).
nocross(28,6).
nocross(28,7).
nocross(28,8).
nocross(28,12).
nocross(29,2).
nocross(29,4).
nocross(29,6).
nocross(29,7).
nocross(29,20).
nocross(29,27).
nocross(29,28).
nocross(29,30).
nocross(30,8).
nocross(30,26).
nocross(30,28).
