dimension(21).
point(1, -188144.0, 403598.0).
point(2, -296027.0, -347340.0).
point(3, -26131.0, -306925.0).
point(4, -216289.0, 10315.0).
point(5, 74537.0, -8346.0).
point(6, -17518.0, 116193.0).
point(7, -147325.0, -210769.0).
point(8, 116736.0, -99796.0).
point(9, 273555.0, 204560.0).
point(10, 62090.0, -98542.0).
point(11, 698364.0, 40617.0).
point(12, -369480.0, -367375.0).
point(13, 84703.0, 114714.0).
point(14, 21298.0, -118237.0).
point(15, -233613.0, -177353.0).
point(16, 130930.0, 237236.0).
point(17, 47391.0, -256238.0).
point(18, 2581.0, -130609.0).
point(19, -81886.0, -61565.0).
point(20, 58779.0, -22351.0).
point(21, -48460.0, -245587.0).
cost(1, 2, 758648).
cost(1, 3, 728760).
cost(1, 4, 394289).
cost(1, 5, 488568).
cost(1, 6, 334238).
cost(1, 7, 615722).
cost(1, 8, 588521).
cost(1, 9, 502774).
cost(1, 10, 561036).
cost(1, 11, 957941).
cost(1, 12, 792011).
cost(1, 13, 397366).
cost(1, 14, 562297).
cost(1, 15, 582728).
cost(1, 16, 359840).
cost(1, 17, 700614).
cost(1, 18, 567233).
cost(1, 19, 477145).
cost(1, 20, 492345).
cost(1, 21, 664043).
cost(2, 1, 758648).
cost(2, 3, 272905).
cost(2, 4, 366436).
cost(2, 5, 502230).
cost(2, 6, 540768).
cost(2, 7, 201901).
cost(2, 8, 481302).
cost(2, 9, 793106).
cost(2, 10, 436060).
cost(2, 11, 1067391).
cost(2, 12, 76136).
cost(2, 13, 598706).
cost(2, 14, 391386).
cost(2, 15, 181083).
cost(2, 16, 723893).
cost(2, 17, 355296).
cost(2, 18, 368970).
cost(2, 19, 357105).
cost(2, 20, 481150).
cost(2, 21, 267662).
cost(3, 1, 728760).
cost(3, 2, 272905).
cost(3, 4, 369867).
cost(3, 5, 315093).
cost(3, 6, 423206).
cost(3, 7, 154706).
cost(3, 8, 251622).
cost(3, 9, 592814).
cost(3, 10, 226288).
cost(3, 11, 803541).
cost(3, 12, 348630).
cost(3, 13, 435963).
cost(3, 14, 194558).
cost(3, 15, 244617).
cost(3, 16, 566374).
cost(3, 17, 89301).
cost(3, 18, 178638).
cost(3, 19, 251615).
cost(3, 20, 296971).
cost(3, 21, 65276).
cost(4, 1, 394289).
cost(4, 2, 366436).
cost(4, 3, 369867).
cost(4, 5, 291424).
cost(4, 6, 225211).
cost(4, 7, 231591).
cost(4, 8, 350756).
cost(4, 9, 526952).
cost(4, 10, 298906).
cost(4, 11, 915155).
cost(4, 12, 407575).
cost(4, 13, 318583).
cost(4, 14, 270136).
cost(4, 15, 188466).
cost(4, 16, 414794).
cost(4, 17, 374937).
cost(4, 18, 260315).
cost(4, 19, 152417).
cost(4, 20, 277001).
cost(4, 21, 306027).
cost(5, 1, 488568).
cost(5, 2, 502230).
cost(5, 3, 315093).
cost(5, 4, 291424).
cost(5, 6, 154868).
cost(5, 7, 300330).
cost(5, 8, 100717).
cost(5, 9, 291440).
cost(5, 10, 91051).
cost(5, 11, 625746).
cost(5, 12, 571010).
cost(5, 13, 123479).
cost(5, 14, 122108).
cost(5, 15, 351454).
cost(5, 16, 251974).
cost(5, 17, 249374).
cost(5, 18, 141866).
cost(5, 19, 165228).
cost(5, 20, 21082).
cost(5, 21, 267229).
cost(6, 1, 334238).
cost(6, 2, 540768).
cost(6, 3, 423206).
cost(6, 4, 225211).
cost(6, 5, 154868).
cost(6, 7, 351787).
cost(6, 8, 254314).
cost(6, 9, 304191).
cost(6, 10, 229016).
cost(6, 11, 719860).
cost(6, 12, 598093).
cost(6, 13, 102232).
cost(6, 14, 237622).
cost(6, 15, 364508).
cost(6, 16, 191542).
cost(6, 17, 378045).
cost(6, 18, 247619).
cost(6, 19, 189053).
cost(6, 20, 158163).
cost(6, 21, 363101).
cost(7, 1, 615722).
cost(7, 2, 201901).
cost(7, 3, 154706).
cost(7, 4, 231591).
cost(7, 5, 300330).
cost(7, 6, 351787).
cost(7, 8, 286432).
cost(7, 9, 591302).
cost(7, 10, 237591).
cost(7, 11, 882261).
cost(7, 12, 271806).
cost(7, 13, 399720).
cost(7, 14, 192343).
cost(7, 15, 92532).
cost(7, 16, 527384).
cost(7, 17, 199954).
cost(7, 18, 169992).
cost(7, 19, 162924).
cost(7, 20, 279249).
cost(7, 21, 104817).
cost(8, 1, 588521).
cost(8, 2, 481302).
cost(8, 3, 251622).
cost(8, 4, 350756).
cost(8, 5, 100717).
cost(8, 6, 254314).
cost(8, 7, 286432).
cost(8, 9, 342381).
cost(8, 10, 54660).
cost(8, 11, 598337).
cost(8, 12, 554982).
cost(8, 13, 216889).
cost(8, 14, 97203).
cost(8, 15, 358831).
cost(8, 16, 337331).
cost(8, 17, 171122).
cost(8, 18, 118240).
cost(8, 19, 202268).
cost(8, 20, 96730).
cost(8, 21, 220329).
cost(9, 1, 502774).
cost(9, 2, 793106).
cost(9, 3, 592814).
cost(9, 4, 526952).
cost(9, 5, 291440).
cost(9, 6, 304191).
cost(9, 7, 591302).
cost(9, 8, 342381).
cost(9, 10, 369579).
cost(9, 11, 455346).
cost(9, 12, 860583).
cost(9, 13, 209135).
cost(9, 14, 409672).
cost(9, 15, 634883).
cost(9, 16, 146320).
cost(9, 17, 513308).
cost(9, 18, 431005).
cost(9, 19, 444028).
cost(9, 20, 312438).
cost(9, 21, 553467).
cost(10, 1, 561036).
cost(10, 2, 436060).
cost(10, 3, 226288).
cost(10, 4, 298906).
cost(10, 5, 91051).
cost(10, 6, 229016).
cost(10, 7, 237591).
cost(10, 8, 54660).
cost(10, 9, 369579).
cost(10, 11, 651314).
cost(10, 12, 508452).
cost(10, 13, 214452).
cost(10, 14, 45298).
cost(10, 15, 306025).
cost(10, 16, 342762).
cost(10, 17, 158380).
cost(10, 18, 67599).
cost(10, 19, 148649).
cost(10, 20, 76263).
cost(10, 21, 183966).
cost(11, 1, 957941).
cost(11, 2, 1067391).
cost(11, 3, 803541).
cost(11, 4, 915155).
cost(11, 5, 625746).
cost(11, 6, 719860).
cost(11, 7, 882261).
cost(11, 8, 598337).
cost(11, 9, 455346).
cost(11, 10, 651314).
cost(11, 12, 1143131).
cost(11, 13, 618118).
cost(11, 14, 695452).
cost(11, 15, 957127).
cost(11, 16, 600533).
cost(11, 17, 715464).
cost(11, 18, 716542).
cost(11, 19, 786912).
cost(11, 20, 642677).
cost(11, 21, 799787).
cost(12, 1, 792011).
cost(12, 2, 76136).
cost(12, 3, 348630).
cost(12, 4, 407575).
cost(12, 5, 571010).
cost(12, 6, 598093).
cost(12, 7, 271806).
cost(12, 8, 554982).
cost(12, 9, 860583).
cost(12, 10, 508452).
cost(12, 11, 1143131).
cost(12, 13, 662338).
cost(12, 14, 463441).
cost(12, 15, 233598).
cost(12, 16, 784834).
cost(12, 17, 431431).
cost(12, 18, 441007).
cost(12, 19, 419798).
cost(12, 20, 549952).
cost(12, 21, 343346).
cost(13, 1, 397366).
cost(13, 2, 598706).
cost(13, 3, 435963).
cost(13, 4, 318583).
cost(13, 5, 123479).
cost(13, 6, 102232).
cost(13, 7, 399720).
cost(13, 8, 216889).
cost(13, 9, 209135).
cost(13, 10, 214452).
cost(13, 11, 618118).
cost(13, 12, 662338).
cost(13, 14, 241426).
cost(13, 15, 432005).
cost(13, 16, 130953).
cost(13, 17, 372824).
cost(13, 18, 258703).
cost(13, 19, 242541).
cost(13, 20, 139495).
cost(13, 21, 384121).
cost(14, 1, 562297).
cost(14, 2, 391386).
cost(14, 3, 194558).
cost(14, 4, 270136).
cost(14, 5, 122108).
cost(14, 6, 237622).
cost(14, 7, 192343).
cost(14, 8, 97203).
cost(14, 9, 409672).
cost(14, 10, 45298).
cost(14, 11, 695452).
cost(14, 12, 463441).
cost(14, 13, 241426).
cost(14, 15, 261676).
cost(14, 16, 371995).
cost(14, 17, 140446).
cost(14, 18, 22436).
cost(14, 19, 117723).
cost(14, 20, 102951).
cost(14, 21, 145204).
cost(15, 1, 582728).
cost(15, 2, 181083).
cost(15, 3, 244617).
cost(15, 4, 188466).
cost(15, 5, 351454).
cost(15, 6, 364508).
cost(15, 7, 92532).
cost(15, 8, 358831).
cost(15, 9, 634883).
cost(15, 10, 306025).
cost(15, 11, 957127).
cost(15, 12, 233598).
cost(15, 13, 432005).
cost(15, 14, 261676).
cost(15, 16, 552065).
cost(15, 17, 291867).
cost(15, 18, 240775).
cost(15, 19, 190861).
cost(15, 20, 330936).
cost(15, 21, 197326).
cost(16, 1, 359840).
cost(16, 2, 723893).
cost(16, 3, 566374).
cost(16, 4, 414794).
cost(16, 5, 251974).
cost(16, 6, 191542).
cost(16, 7, 527384).
cost(16, 8, 337331).
cost(16, 9, 146320).
cost(16, 10, 342762).
cost(16, 11, 600533).
cost(16, 12, 784834).
cost(16, 13, 130953).
cost(16, 14, 371995).
cost(16, 15, 552065).
cost(16, 17, 500495).
cost(16, 18, 389594).
cost(16, 19, 366842).
cost(16, 20, 269427).
cost(16, 21, 515072).
cost(17, 1, 700614).
cost(17, 2, 355296).
cost(17, 3, 89301).
cost(17, 4, 374937).
cost(17, 5, 249374).
cost(17, 6, 378045).
cost(17, 7, 199954).
cost(17, 8, 171122).
cost(17, 9, 513308).
cost(17, 10, 158380).
cost(17, 11, 715464).
cost(17, 12, 431431).
cost(17, 13, 372824).
cost(17, 14, 140446).
cost(17, 15, 291867).
cost(17, 16, 500495).
cost(17, 18, 133381).
cost(17, 19, 233688).
cost(17, 20, 234164).
cost(17, 21, 96441).
cost(18, 1, 567233).
cost(18, 2, 368970).
cost(18, 3, 178638).
cost(18, 4, 260315).
cost(18, 5, 141866).
cost(18, 6, 247619).
cost(18, 7, 169992).
cost(18, 8, 118240).
cost(18, 9, 431005).
cost(18, 10, 67599).
cost(18, 11, 716542).
cost(18, 12, 441007).
cost(18, 13, 258703).
cost(18, 14, 22436).
cost(18, 15, 240775).
cost(18, 16, 389594).
cost(18, 17, 133381).
cost(18, 19, 109095).
cost(18, 20, 121975).
cost(18, 21, 125798).
cost(19, 1, 477145).
cost(19, 2, 357105).
cost(19, 3, 251615).
cost(19, 4, 152417).
cost(19, 5, 165228).
cost(19, 6, 189053).
cost(19, 7, 162924).
cost(19, 8, 202268).
cost(19, 9, 444028).
cost(19, 10, 148649).
cost(19, 11, 786912).
cost(19, 12, 419798).
cost(19, 13, 242541).
cost(19, 14, 117723).
cost(19, 15, 190861).
cost(19, 16, 366842).
cost(19, 17, 233688).
cost(19, 18, 109095).
cost(19, 20, 146029).
cost(19, 21, 187033).
cost(20, 1, 492345).
cost(20, 2, 481150).
cost(20, 3, 296971).
cost(20, 4, 277001).
cost(20, 5, 21082).
cost(20, 6, 158163).
cost(20, 7, 279249).
cost(20, 8, 96730).
cost(20, 9, 312438).
cost(20, 10, 76263).
cost(20, 11, 642677).
cost(20, 12, 549952).
cost(20, 13, 139495).
cost(20, 14, 102951).
cost(20, 15, 330936).
cost(20, 16, 269427).
cost(20, 17, 234164).
cost(20, 18, 121975).
cost(20, 19, 146029).
cost(20, 21, 247658).
cost(21, 1, 664043).
cost(21, 2, 267662).
cost(21, 3, 65276).
cost(21, 4, 306027).
cost(21, 5, 267229).
cost(21, 6, 363101).
cost(21, 7, 104817).
cost(21, 8, 220329).
cost(21, 9, 553467).
cost(21, 10, 183966).
cost(21, 11, 799787).
cost(21, 12, 343346).
cost(21, 13, 384121).
cost(21, 14, 145204).
cost(21, 15, 197326).
cost(21, 16, 515072).
cost(21, 17, 96441).
cost(21, 18, 125798).
cost(21, 19, 187033).
cost(21, 20, 247658).
nocross(1,4).
nocross(1,6).
nocross(1,12).
nocross(1,13).
nocross(1,16).
nocross(1,21).
nocross(2,3).
nocross(2,7).
nocross(2,12).
nocross(2,21).
nocross(3,7).
nocross(3,14).
nocross(3,18).
nocross(3,21).
nocross(4,1).
nocross(4,6).
nocross(4,12).
nocross(4,15).
nocross(5,6).
nocross(5,8).
nocross(5,9).
nocross(5,11).
nocross(5,13).
nocross(5,14).
nocross(5,19).
nocross(5,20).
nocross(6,4).
nocross(6,12).
nocross(6,13).
nocross(6,14).
nocross(6,19).
nocross(6,21).
nocross(7,2).
nocross(7,4).
nocross(7,14).
nocross(7,15).
nocross(7,18).
nocross(7,19).
nocross(7,21).
nocross(8,2).
nocross(8,5).
nocross(8,9).
nocross(8,17).
nocross(8,18).
nocross(8,20).
nocross(8,21).
nocross(9,5).
nocross(9,6).
nocross(9,8).
nocross(9,13).
nocross(10,2).
nocross(10,5).
nocross(10,8).
nocross(10,9).
nocross(10,14).
nocross(10,21).
nocross(11,9).
nocross(12,2).
nocross(12,7).
nocross(13,4).
nocross(13,5).
nocross(13,6).
nocross(13,9).
nocross(13,12).
nocross(13,14).
nocross(13,16).
nocross(13,19).
nocross(13,20).
nocross(14,2).
nocross(14,6).
nocross(14,7).
nocross(14,8).
nocross(14,15).
nocross(14,18).
nocross(14,19).
nocross(14,20).
nocross(14,21).
nocross(15,2).
nocross(15,4).
nocross(15,12).
nocross(15,14).
nocross(15,19).
nocross(16,1).
nocross(16,5).
nocross(16,6).
nocross(16,8).
nocross(16,9).
nocross(16,13).
nocross(17,3).
nocross(17,8).
nocross(17,10).
nocross(17,14).
nocross(17,18).
nocross(17,21).
nocross(18,2).
nocross(18,7).
nocross(18,21).
nocross(19,4).
nocross(19,6).
nocross(19,7).
nocross(19,12).
nocross(19,20).
nocross(19,21).
nocross(20,5).
nocross(20,6).
nocross(20,7).
nocross(20,14).
nocross(20,19).
nocross(21,2).
nocross(21,3).
nocross(21,4).
nocross(21,14).
nocross(21,18).
nocross(21,19).
