dimension(21).
point(1, 316986.0, -90089.0).
point(2, -125011.0, -23884.0).
point(3, -599601.0, 246415.0).
point(4, 180960.0, 40011.0).
point(5, 109857.0, 429994.0).
point(6, -101503.0, -263812.0).
point(7, 4388.0, 10300.0).
point(8, -62236.0, -841006.0).
point(9, 109451.0, 223481.0).
point(10, 137394.0, -123532.0).
point(11, -138109.0, 29429.0).
point(12, 89614.0, -156930.0).
point(13, -230545.0, -129646.0).
point(14, -159785.0, 89217.0).
point(15, 451601.0, -419445.0).
point(16, 124329.0, -182759.0).
point(17, 191873.0, 181999.0).
point(18, 75632.0, 154825.0).
point(19, -101260.0, -239082.0).
point(20, 139090.0, -203629.0).
point(21, -122538.0, 217224.0).
cost(1, 2, 446928).
cost(1, 3, 976405).
cost(1, 4, 188226).
cost(1, 5, 559811).
cost(1, 6, 453114).
cost(1, 7, 328322).
cost(1, 8, 841241).
cost(1, 9, 376028).
cost(1, 10, 182679).
cost(1, 11, 470527).
cost(1, 12, 236993).
cost(1, 13, 548958).
cost(1, 14, 509373).
cost(1, 15, 355804).
cost(1, 16, 213786).
cost(1, 17, 299475).
cost(1, 18, 343853).
cost(1, 19, 443992).
cost(1, 20, 211041).
cost(1, 21, 536305).
cost(2, 1, 446928).
cost(2, 3, 546166).
cost(2, 4, 312571).
cost(2, 5, 511046).
cost(2, 6, 241077).
cost(2, 7, 133838).
cost(2, 8, 819530).
cost(2, 9, 340825).
cost(2, 10, 280689).
cost(2, 11, 54898).
cost(2, 12, 252518).
cost(2, 13, 149409).
cost(2, 14, 118326).
cost(2, 15, 699250).
cost(2, 16, 295655).
cost(2, 17, 377893).
cost(2, 18, 268690).
cost(2, 19, 216505).
cost(2, 20, 319465).
cost(2, 21, 241121).
cost(3, 1, 976405).
cost(3, 2, 546166).
cost(3, 4, 807390).
cost(3, 5, 732825).
cost(3, 6, 713045).
cost(3, 7, 648501).
cost(3, 8, 1212949).
cost(3, 9, 709423).
cost(3, 10, 824635).
cost(3, 11, 509959).
cost(3, 12, 798564).
cost(3, 13, 526901).
cost(3, 14, 467065).
cost(3, 15, 1244345).
cost(3, 16, 841585).
cost(3, 17, 794091).
cost(3, 18, 681416).
cost(3, 19, 695738).
cost(3, 20, 864988).
cost(3, 21, 477955).
cost(4, 1, 188226).
cost(4, 2, 312571).
cost(4, 3, 807390).
cost(4, 5, 396412).
cost(4, 6, 414842).
cost(4, 7, 179054).
cost(4, 8, 913967).
cost(4, 9, 196913).
cost(4, 10, 169246).
cost(4, 11, 319244).
cost(4, 12, 217094).
cost(4, 13, 445107).
cost(4, 14, 344280).
cost(4, 15, 533241).
cost(4, 16, 229855).
cost(4, 17, 142407).
cost(4, 18, 155808).
cost(4, 19, 396914).
cost(4, 20, 247212).
cost(4, 21, 351448).
cost(5, 1, 559811).
cost(5, 2, 511046).
cost(5, 3, 732825).
cost(5, 4, 396412).
cost(5, 6, 725286).
cost(5, 7, 432743).
cost(5, 8, 1282598).
cost(5, 9, 206513).
cost(5, 10, 554211).
cost(5, 11, 471105).
cost(5, 12, 587273).
cost(5, 13, 655035).
cost(5, 14, 434552).
cost(5, 15, 915607).
cost(5, 16, 612924).
cost(5, 17, 261205).
cost(5, 18, 277289).
cost(5, 19, 701593).
cost(5, 20, 634297).
cost(5, 21, 315085).
cost(6, 1, 453114).
cost(6, 2, 241077).
cost(6, 3, 713045).
cost(6, 4, 414842).
cost(6, 5, 725286).
cost(6, 7, 293854).
cost(6, 8, 578528).
cost(6, 9, 530995).
cost(6, 10, 277038).
cost(6, 11, 295517).
cost(6, 12, 218974).
cost(6, 13, 186151).
cost(6, 14, 357808).
cost(6, 15, 574583).
cost(6, 16, 239937).
cost(6, 17, 533682).
cost(6, 18, 454570).
cost(6, 19, 24731).
cost(6, 20, 248006).
cost(6, 21, 481496).
cost(7, 1, 328322).
cost(7, 2, 133838).
cost(7, 3, 648501).
cost(7, 4, 179054).
cost(7, 5, 432743).
cost(7, 6, 293854).
cost(7, 8, 853909).
cost(7, 9, 237664).
cost(7, 10, 188684).
cost(7, 11, 143775).
cost(7, 12, 187695).
cost(7, 13, 273456).
cost(7, 14, 182156).
cost(7, 15, 620226).
cost(7, 16, 227283).
cost(7, 17, 254227).
cost(7, 18, 161131).
cost(7, 19, 270837).
cost(7, 20, 252805).
cost(7, 21, 242750).
cost(8, 1, 841241).
cost(8, 2, 819530).
cost(8, 3, 1212949).
cost(8, 4, 913967).
cost(8, 5, 1282598).
cost(8, 6, 578528).
cost(8, 7, 853909).
cost(8, 9, 1078243).
cost(8, 10, 744729).
cost(8, 11, 873736).
cost(8, 12, 700727).
cost(8, 13, 731000).
cost(8, 14, 935324).
cost(8, 15, 664637).
cost(8, 16, 684175).
cost(8, 17, 1054092).
cost(8, 18, 1005329).
cost(8, 19, 603188).
cost(8, 20, 668417).
cost(8, 21, 1059947).
cost(9, 1, 376028).
cost(9, 2, 340825).
cost(9, 3, 709423).
cost(9, 4, 196913).
cost(9, 5, 206513).
cost(9, 6, 530995).
cost(9, 7, 237664).
cost(9, 8, 1078243).
cost(9, 10, 348136).
cost(9, 11, 314551).
cost(9, 12, 380928).
cost(9, 13, 490200).
cost(9, 14, 300857).
cost(9, 15, 728300).
cost(9, 16, 406512).
cost(9, 17, 92272).
cost(9, 18, 76533).
cost(9, 19, 508295).
cost(9, 20, 428137).
cost(9, 21, 232073).
cost(10, 1, 182679).
cost(10, 2, 280689).
cost(10, 3, 824635).
cost(10, 4, 169246).
cost(10, 5, 554211).
cost(10, 6, 277038).
cost(10, 7, 188684).
cost(10, 8, 744729).
cost(10, 9, 348136).
cost(10, 11, 315117).
cost(10, 12, 58295).
cost(10, 13, 367990).
cost(10, 14, 365483).
cost(10, 15, 431614).
cost(10, 16, 60651).
cost(10, 17, 310350).
cost(10, 18, 285127).
cost(10, 19, 265156).
cost(10, 20, 80115).
cost(10, 21, 428578).
cost(11, 1, 470527).
cost(11, 2, 54898).
cost(11, 3, 509959).
cost(11, 4, 319244).
cost(11, 5, 471105).
cost(11, 6, 295517).
cost(11, 7, 143775).
cost(11, 8, 873736).
cost(11, 9, 314551).
cost(11, 10, 315117).
cost(11, 12, 294257).
cost(11, 13, 183982).
cost(11, 14, 63596).
cost(11, 15, 741111).
cost(11, 16, 337487).
cost(11, 17, 363546).
cost(11, 18, 247809).
cost(11, 19, 271028).
cost(11, 20, 362154).
cost(11, 21, 188439).
cost(12, 1, 236993).
cost(12, 2, 252518).
cost(12, 3, 798564).
cost(12, 4, 217094).
cost(12, 5, 587273).
cost(12, 6, 218974).
cost(12, 7, 187695).
cost(12, 8, 700727).
cost(12, 9, 380928).
cost(12, 10, 58295).
cost(12, 11, 294257).
cost(12, 13, 321319).
cost(12, 14, 350411).
cost(12, 15, 447156).
cost(12, 16, 43270).
cost(12, 17, 354019).
cost(12, 18, 312068).
cost(12, 19, 207802).
cost(12, 20, 68034).
cost(12, 21, 430116).
cost(13, 1, 548958).
cost(13, 2, 149409).
cost(13, 3, 526901).
cost(13, 4, 445107).
cost(13, 5, 655035).
cost(13, 6, 186151).
cost(13, 7, 273456).
cost(13, 8, 731000).
cost(13, 9, 490200).
cost(13, 10, 367990).
cost(13, 11, 183982).
cost(13, 12, 321319).
cost(13, 14, 230017).
cost(13, 15, 741152).
cost(13, 16, 358827).
cost(13, 17, 524938).
cost(13, 18, 417933).
cost(13, 19, 169384).
cost(13, 20, 376966).
cost(13, 21, 363296).
cost(14, 1, 509373).
cost(14, 2, 118326).
cost(14, 3, 467065).
cost(14, 4, 344280).
cost(14, 5, 434552).
cost(14, 6, 357808).
cost(14, 7, 182156).
cost(14, 8, 935324).
cost(14, 9, 300857).
cost(14, 10, 365483).
cost(14, 11, 63596).
cost(14, 12, 350411).
cost(14, 13, 230017).
cost(14, 15, 795317).
cost(14, 16, 393309).
cost(14, 17, 363692).
cost(14, 18, 244388).
cost(14, 19, 333475).
cost(14, 20, 418432).
cost(14, 21, 133316).
cost(15, 1, 355804).
cost(15, 2, 699250).
cost(15, 3, 1244345).
cost(15, 4, 533241).
cost(15, 5, 915607).
cost(15, 6, 574583).
cost(15, 7, 620226).
cost(15, 8, 664637).
cost(15, 9, 728300).
cost(15, 10, 431614).
cost(15, 11, 741111).
cost(15, 12, 447156).
cost(15, 13, 741152).
cost(15, 14, 795317).
cost(15, 16, 403890).
cost(15, 17, 655129).
cost(15, 18, 686395).
cost(15, 19, 581538).
cost(15, 20, 379789).
cost(15, 21, 857311).
cost(16, 1, 213786).
cost(16, 2, 295655).
cost(16, 3, 841585).
cost(16, 4, 229855).
cost(16, 5, 612924).
cost(16, 6, 239937).
cost(16, 7, 227283).
cost(16, 8, 684175).
cost(16, 9, 406512).
cost(16, 10, 60651).
cost(16, 11, 337487).
cost(16, 12, 43270).
cost(16, 13, 358827).
cost(16, 14, 393309).
cost(16, 15, 403890).
cost(16, 17, 370959).
cost(16, 18, 341078).
cost(16, 19, 232514).
cost(16, 20, 25563).
cost(16, 21, 470032).
cost(17, 1, 299475).
cost(17, 2, 377893).
cost(17, 3, 794091).
cost(17, 4, 142407).
cost(17, 5, 261205).
cost(17, 6, 533682).
cost(17, 7, 254227).
cost(17, 8, 1054092).
cost(17, 9, 92272).
cost(17, 10, 310350).
cost(17, 11, 363546).
cost(17, 12, 354019).
cost(17, 13, 524938).
cost(17, 14, 363692).
cost(17, 15, 655129).
cost(17, 16, 370959).
cost(17, 18, 119375).
cost(17, 19, 513065).
cost(17, 20, 389224).
cost(17, 21, 316378).
cost(18, 1, 343853).
cost(18, 2, 268690).
cost(18, 3, 681416).
cost(18, 4, 155808).
cost(18, 5, 277289).
cost(18, 6, 454570).
cost(18, 7, 161131).
cost(18, 8, 1005329).
cost(18, 9, 76533).
cost(18, 10, 285127).
cost(18, 11, 247809).
cost(18, 12, 312068).
cost(18, 13, 417933).
cost(18, 14, 244388).
cost(18, 15, 686395).
cost(18, 16, 341078).
cost(18, 17, 119375).
cost(18, 19, 431803).
cost(18, 20, 364028).
cost(18, 21, 207762).
cost(19, 1, 443992).
cost(19, 2, 216505).
cost(19, 3, 695738).
cost(19, 4, 396914).
cost(19, 5, 701593).
cost(19, 6, 24731).
cost(19, 7, 270837).
cost(19, 8, 603188).
cost(19, 9, 508295).
cost(19, 10, 265156).
cost(19, 11, 271028).
cost(19, 12, 207802).
cost(19, 13, 169384).
cost(19, 14, 333475).
cost(19, 15, 581538).
cost(19, 16, 232514).
cost(19, 17, 513065).
cost(19, 18, 431803).
cost(19, 20, 242951).
cost(19, 21, 456802).
cost(20, 1, 211041).
cost(20, 2, 319465).
cost(20, 3, 864988).
cost(20, 4, 247212).
cost(20, 5, 634297).
cost(20, 6, 248006).
cost(20, 7, 252805).
cost(20, 8, 668417).
cost(20, 9, 428137).
cost(20, 10, 80115).
cost(20, 11, 362154).
cost(20, 12, 68034).
cost(20, 13, 376966).
cost(20, 14, 418432).
cost(20, 15, 379789).
cost(20, 16, 25563).
cost(20, 17, 389224).
cost(20, 18, 364028).
cost(20, 19, 242951).
cost(20, 21, 495547).
cost(21, 1, 536305).
cost(21, 2, 241121).
cost(21, 3, 477955).
cost(21, 4, 351448).
cost(21, 5, 315085).
cost(21, 6, 481496).
cost(21, 7, 242750).
cost(21, 8, 1059947).
cost(21, 9, 232073).
cost(21, 10, 428578).
cost(21, 11, 188439).
cost(21, 12, 430116).
cost(21, 13, 363296).
cost(21, 14, 133316).
cost(21, 15, 857311).
cost(21, 16, 470032).
cost(21, 17, 316378).
cost(21, 18, 207762).
cost(21, 19, 456802).
cost(21, 20, 495547).
nocross(1,10).
nocross(1,16).
nocross(1,17).
nocross(1,20).
nocross(2,6).
nocross(2,11).
nocross(2,13).
nocross(2,14).
nocross(2,18).
nocross(2,19).
nocross(2,21).
nocross(3,2).
nocross(3,13).
nocross(3,14).
nocross(3,21).
nocross(4,1).
nocross(4,17).
nocross(4,18).
nocross(4,20).
nocross(4,21).
nocross(5,9).
nocross(5,17).
nocross(5,18).
nocross(5,21).
nocross(6,2).
nocross(6,8).
nocross(6,13).
nocross(6,18).
nocross(6,19).
nocross(6,20).
nocross(7,11).
nocross(7,14).
nocross(7,18).
nocross(7,21).
nocross(8,6).
nocross(8,15).
nocross(8,19).
nocross(8,20).
nocross(9,5).
nocross(9,11).
nocross(9,14).
nocross(9,17).
nocross(9,18).
nocross(9,21).
nocross(10,1).
nocross(10,17).
nocross(10,18).
nocross(11,2).
nocross(11,5).
nocross(11,7).
nocross(11,13).
nocross(11,14).
nocross(11,18).
nocross(11,21).
nocross(12,2).
nocross(12,6).
nocross(12,10).
nocross(12,16).
nocross(12,18).
nocross(13,2).
nocross(13,11).
nocross(13,19).
nocross(14,2).
nocross(14,5).
nocross(14,7).
nocross(14,11).
nocross(14,13).
nocross(14,18).
nocross(14,21).
nocross(15,1).
nocross(15,6).
nocross(15,8).
nocross(15,20).
nocross(16,1).
nocross(16,6).
nocross(16,10).
nocross(16,12).
nocross(16,17).
nocross(16,18).
nocross(16,20).
nocross(17,5).
nocross(17,9).
nocross(17,11).
nocross(17,18).
nocross(18,14).
nocross(18,17).
nocross(18,21).
nocross(19,2).
nocross(19,6).
nocross(19,13).
nocross(19,18).
nocross(19,20).
nocross(20,1).
nocross(20,6).
nocross(20,8).
nocross(20,15).
nocross(20,16).
nocross(20,18).
nocross(20,19).
nocross(21,2).
nocross(21,3).
nocross(21,5).
nocross(21,7).
nocross(21,11).
nocross(21,14).
nocross(21,18).
