dimension(21).
point(1, -202544.0, 262714.0).
point(2, 263658.0, 107205.0).
point(3, -174881.0, 50830.0).
point(4, 702310.0, -49253.0).
point(5, -69838.0, 63929.0).
point(6, -76746.0, 261825.0).
point(7, 26069.0, 149498.0).
point(8, 147974.0, -59993.0).
point(9, 81397.0, 242788.0).
point(10, 25608.0, 246337.0).
point(11, -124124.0, -419195.0).
point(12, 175461.0, -327075.0).
point(13, -161732.0, -112553.0).
point(14, 178788.0, 255241.0).
point(15, -201522.0, -10826.0).
point(16, -13824.0, 111796.0).
point(17, 40580.0, 315839.0).
point(18, 94359.0, -472061.0).
point(19, 292655.0, -16637.0).
point(20, -34943.0, -9346.0).
point(21, 75525.0, -3762.0).
cost(1, 2, 491454).
cost(1, 3, 213682).
cost(1, 4, 957123).
cost(1, 5, 239011).
cost(1, 6, 125801).
cost(1, 7, 255111).
cost(1, 8, 476448).
cost(1, 9, 284639).
cost(1, 10, 228739).
cost(1, 11, 686403).
cost(1, 12, 700528).
cost(1, 13, 377480).
cost(1, 14, 381405).
cost(1, 15, 273542).
cost(1, 16, 241643).
cost(1, 17, 248860).
cost(1, 18, 792493).
cost(1, 19, 568559).
cost(1, 20, 319541).
cost(1, 21, 385139).
cost(2, 1, 491454).
cost(2, 3, 442148).
cost(2, 4, 465720).
cost(2, 5, 336292).
cost(2, 6, 373875).
cost(2, 7, 241324).
cost(2, 8, 203317).
cost(2, 9, 227160).
cost(2, 10, 275727).
cost(2, 11, 653813).
cost(2, 12, 443145).
cost(2, 13, 478801).
cost(2, 14, 170639).
cost(2, 15, 479921).
cost(2, 16, 277520).
cost(2, 17, 305437).
cost(2, 18, 603499).
cost(2, 19, 127191).
cost(2, 20, 320541).
cost(2, 21, 218421).
cost(3, 1, 213682).
cost(3, 2, 442148).
cost(3, 4, 882882).
cost(3, 5, 105857).
cost(3, 6, 232700).
cost(3, 7, 223867).
cost(3, 8, 341346).
cost(3, 9, 320197).
cost(3, 10, 280034).
cost(3, 11, 472758).
cost(3, 12, 515317).
cost(3, 13, 163911).
cost(3, 14, 408492).
cost(3, 15, 67166).
cost(3, 16, 172210).
cost(3, 17, 341545).
cost(3, 18, 588137).
cost(3, 19, 472379).
cost(3, 20, 152328).
cost(3, 21, 256288).
cost(4, 1, 957123).
cost(4, 2, 465720).
cost(4, 3, 882882).
cost(4, 5, 780399).
cost(4, 6, 838867).
cost(4, 7, 704843).
cost(4, 8, 554440).
cost(4, 9, 686164).
cost(4, 10, 738444).
cost(4, 11, 905456).
cost(4, 12, 595613).
cost(4, 13, 866358).
cost(4, 14, 605633).
cost(4, 15, 904649).
cost(4, 16, 734020).
cost(4, 17, 755764).
cost(4, 18, 740521).
cost(4, 19, 410951).
cost(4, 20, 738332).
cost(4, 21, 628434).
cost(5, 1, 239011).
cost(5, 2, 336292).
cost(5, 3, 105857).
cost(5, 4, 780399).
cost(5, 6, 198017).
cost(5, 7, 128531).
cost(5, 8, 250597).
cost(5, 9, 234228).
cost(5, 10, 205870).
cost(5, 11, 486164).
cost(5, 12, 461580).
cost(5, 13, 198973).
cost(5, 14, 313712).
cost(5, 15, 151423).
cost(5, 16, 73681).
cost(5, 17, 275047).
cost(5, 18, 560576).
cost(5, 19, 371338).
cost(5, 20, 81160).
cost(5, 21, 160351).
cost(6, 1, 125801).
cost(6, 2, 373875).
cost(6, 3, 232700).
cost(6, 4, 838867).
cost(6, 5, 198017).
cost(6, 7, 152277).
cost(6, 8, 392512).
cost(6, 9, 159285).
cost(6, 10, 103519).
cost(6, 11, 682666).
cost(6, 12, 640634).
cost(6, 13, 383903).
cost(6, 14, 255619).
cost(6, 15, 299846).
cost(6, 16, 162690).
cost(6, 17, 129162).
cost(6, 18, 753569).
cost(6, 19, 462599).
cost(6, 20, 274374).
cost(6, 21, 306142).
cost(7, 1, 255111).
cost(7, 2, 241324).
cost(7, 3, 223867).
cost(7, 4, 704843).
cost(7, 5, 128531).
cost(7, 6, 152277).
cost(7, 8, 242378).
cost(7, 9, 108463).
cost(7, 10, 96840).
cost(7, 11, 588192).
cost(7, 12, 499439).
cost(7, 13, 322397).
cost(7, 14, 185754).
cost(7, 15, 278391).
cost(7, 16, 54890).
cost(7, 17, 166973).
cost(7, 18, 625299).
cost(7, 19, 314116).
cost(7, 20, 170158).
cost(7, 21, 161042).
cost(8, 1, 476448).
cost(8, 2, 203317).
cost(8, 3, 341346).
cost(8, 4, 554440).
cost(8, 5, 250597).
cost(8, 6, 392512).
cost(8, 7, 242378).
cost(8, 9, 310014).
cost(8, 10, 329866).
cost(8, 11, 450626).
cost(8, 12, 268493).
cost(8, 13, 314134).
cost(8, 14, 316736).
cost(8, 15, 352937).
cost(8, 16, 235987).
cost(8, 17, 390875).
cost(8, 18, 415541).
cost(8, 19, 151038).
cost(8, 20, 189799).
cost(8, 21, 91710).
cost(9, 1, 284639).
cost(9, 2, 227160).
cost(9, 3, 320197).
cost(9, 4, 686164).
cost(9, 5, 234228).
cost(9, 6, 159285).
cost(9, 7, 108463).
cost(9, 8, 310014).
cost(9, 10, 55902).
cost(9, 11, 693152).
cost(9, 12, 577574).
cost(9, 13, 430557).
cost(9, 14, 98184).
cost(9, 15, 379952).
cost(9, 16, 161944).
cost(9, 17, 83681).
cost(9, 18, 714967).
cost(9, 19, 334561).
cost(9, 20, 277681).
cost(9, 21, 246620).
cost(10, 1, 228739).
cost(10, 2, 275727).
cost(10, 3, 280034).
cost(10, 4, 738444).
cost(10, 5, 205870).
cost(10, 6, 103519).
cost(10, 7, 96840).
cost(10, 8, 329866).
cost(10, 9, 55902).
cost(10, 11, 682168).
cost(10, 12, 592670).
cost(10, 13, 404844).
cost(10, 14, 153439).
cost(10, 15, 343105).
cost(10, 16, 140200).
cost(10, 17, 71096).
cost(10, 18, 721680).
cost(10, 19, 374793).
cost(10, 20, 262755).
cost(10, 21, 255032).
cost(11, 1, 686403).
cost(11, 2, 653813).
cost(11, 3, 472758).
cost(11, 4, 905456).
cost(11, 5, 486164).
cost(11, 6, 682666).
cost(11, 7, 588192).
cost(11, 8, 450626).
cost(11, 9, 693152).
cost(11, 10, 682168).
cost(11, 12, 313428).
cost(11, 13, 308940).
cost(11, 14, 739337).
cost(11, 15, 415639).
cost(11, 16, 542326).
cost(11, 17, 753261).
cost(11, 18, 224788).
cost(11, 19, 579446).
cost(11, 20, 419439).
cost(11, 21, 460917).
cost(12, 1, 700528).
cost(12, 2, 443145).
cost(12, 3, 515317).
cost(12, 4, 595613).
cost(12, 5, 461580).
cost(12, 6, 640634).
cost(12, 7, 499439).
cost(12, 8, 268493).
cost(12, 9, 577574).
cost(12, 10, 592670).
cost(12, 11, 313428).
cost(12, 13, 399648).
cost(12, 14, 582326).
cost(12, 15, 492067).
cost(12, 16, 477950).
cost(12, 17, 656910).
cost(12, 18, 166128).
cost(12, 19, 331823).
cost(12, 20, 381079).
cost(12, 21, 338406).
cost(13, 1, 377480).
cost(13, 2, 478801).
cost(13, 3, 163911).
cost(13, 4, 866358).
cost(13, 5, 198973).
cost(13, 6, 383903).
cost(13, 7, 322397).
cost(13, 8, 314134).
cost(13, 9, 430557).
cost(13, 10, 404844).
cost(13, 11, 308940).
cost(13, 12, 399648).
cost(13, 14, 501225).
cost(13, 15, 109232).
cost(13, 16, 268718).
cost(13, 17, 473761).
cost(13, 18, 441394).
cost(13, 19, 464400).
cost(13, 20, 163484).
cost(13, 21, 261010).
cost(14, 1, 381405).
cost(14, 2, 170639).
cost(14, 3, 408492).
cost(14, 4, 605633).
cost(14, 5, 313712).
cost(14, 6, 255619).
cost(14, 7, 185754).
cost(14, 8, 316736).
cost(14, 9, 98184).
cost(14, 10, 153439).
cost(14, 11, 739337).
cost(14, 12, 582326).
cost(14, 13, 501225).
cost(14, 15, 464142).
cost(14, 16, 240158).
cost(14, 17, 150909).
cost(14, 18, 732186).
cost(14, 19, 294760).
cost(14, 20, 340128).
cost(14, 21, 278829).
cost(15, 1, 273542).
cost(15, 2, 479921).
cost(15, 3, 67166).
cost(15, 4, 904649).
cost(15, 5, 151423).
cost(15, 6, 299846).
cost(15, 7, 278391).
cost(15, 8, 352937).
cost(15, 9, 379952).
cost(15, 10, 343105).
cost(15, 11, 415639).
cost(15, 12, 492067).
cost(15, 13, 109232).
cost(15, 14, 464142).
cost(15, 16, 224202).
cost(15, 17, 406600).
cost(15, 18, 547981).
cost(15, 19, 494211).
cost(15, 20, 166586).
cost(15, 21, 277137).
cost(16, 1, 241643).
cost(16, 2, 277520).
cost(16, 3, 172210).
cost(16, 4, 734020).
cost(16, 5, 73681).
cost(16, 6, 162690).
cost(16, 7, 54890).
cost(16, 8, 235987).
cost(16, 9, 161944).
cost(16, 10, 140200).
cost(16, 11, 542326).
cost(16, 12, 477950).
cost(16, 13, 268718).
cost(16, 14, 240158).
cost(16, 15, 224202).
cost(16, 17, 211171).
cost(16, 18, 593795).
cost(16, 19, 332302).
cost(16, 20, 122969).
cost(16, 21, 146072).
cost(17, 1, 248860).
cost(17, 2, 305437).
cost(17, 3, 341545).
cost(17, 4, 755764).
cost(17, 5, 275047).
cost(17, 6, 129162).
cost(17, 7, 166973).
cost(17, 8, 390875).
cost(17, 9, 83681).
cost(17, 10, 71096).
cost(17, 11, 753261).
cost(17, 12, 656910).
cost(17, 13, 473761).
cost(17, 14, 150909).
cost(17, 15, 406600).
cost(17, 16, 211171).
cost(17, 18, 789733).
cost(17, 19, 417231).
cost(17, 20, 333840).
cost(17, 21, 321506).
cost(18, 1, 792493).
cost(18, 2, 603499).
cost(18, 3, 588137).
cost(18, 4, 740521).
cost(18, 5, 560576).
cost(18, 6, 753569).
cost(18, 7, 625299).
cost(18, 8, 415541).
cost(18, 9, 714967).
cost(18, 10, 721680).
cost(18, 11, 224788).
cost(18, 12, 166128).
cost(18, 13, 441394).
cost(18, 14, 732186).
cost(18, 15, 547981).
cost(18, 16, 593795).
cost(18, 17, 789733).
cost(18, 19, 496722).
cost(18, 20, 480442).
cost(18, 21, 468678).
cost(19, 1, 568559).
cost(19, 2, 127191).
cost(19, 3, 472379).
cost(19, 4, 410951).
cost(19, 5, 371338).
cost(19, 6, 462599).
cost(19, 7, 314116).
cost(19, 8, 151038).
cost(19, 9, 334561).
cost(19, 10, 374793).
cost(19, 11, 579446).
cost(19, 12, 331823).
cost(19, 13, 464400).
cost(19, 14, 294760).
cost(19, 15, 494211).
cost(19, 16, 332302).
cost(19, 17, 417231).
cost(19, 18, 496722).
cost(19, 20, 327679).
cost(19, 21, 217511).
cost(20, 1, 319541).
cost(20, 2, 320541).
cost(20, 3, 152328).
cost(20, 4, 738332).
cost(20, 5, 81160).
cost(20, 6, 274374).
cost(20, 7, 170158).
cost(20, 8, 189799).
cost(20, 9, 277681).
cost(20, 10, 262755).
cost(20, 11, 419439).
cost(20, 12, 381079).
cost(20, 13, 163484).
cost(20, 14, 340128).
cost(20, 15, 166586).
cost(20, 16, 122969).
cost(20, 17, 333840).
cost(20, 18, 480442).
cost(20, 19, 327679).
cost(20, 21, 110609).
cost(21, 1, 385139).
cost(21, 2, 218421).
cost(21, 3, 256288).
cost(21, 4, 628434).
cost(21, 5, 160351).
cost(21, 6, 306142).
cost(21, 7, 161042).
cost(21, 8, 91710).
cost(21, 9, 246620).
cost(21, 10, 255032).
cost(21, 11, 460917).
cost(21, 12, 338406).
cost(21, 13, 261010).
cost(21, 14, 278829).
cost(21, 15, 277137).
cost(21, 16, 146072).
cost(21, 17, 321506).
cost(21, 18, 468678).
cost(21, 19, 217511).
cost(21, 20, 110609).
nocross(1,3).
nocross(1,5).
nocross(1,15).
nocross(2,1).
nocross(2,4).
nocross(2,8).
nocross(2,14).
nocross(2,16).
nocross(2,19).
nocross(2,20).
nocross(2,21).
nocross(3,5).
nocross(3,7).
nocross(3,13).
nocross(3,15).
nocross(3,20).
nocross(4,2).
nocross(4,8).
nocross(4,19).
nocross(5,3).
nocross(5,15).
nocross(5,20).
nocross(5,21).
nocross(6,3).
nocross(6,5).
nocross(6,7).
nocross(6,10).
nocross(6,15).
nocross(6,16).
nocross(6,17).
nocross(7,3).
nocross(7,9).
nocross(7,20).
nocross(8,4).
nocross(8,5).
nocross(8,9).
nocross(8,12).
nocross(8,13).
nocross(8,16).
nocross(8,19).
nocross(8,20).
nocross(8,21).
nocross(9,3).
nocross(9,6).
nocross(9,7).
nocross(9,10).
nocross(9,17).
nocross(9,21).
nocross(10,3).
nocross(10,5).
nocross(10,7).
nocross(10,9).
nocross(10,16).
nocross(10,17).
nocross(11,7).
nocross(11,8).
nocross(11,12).
nocross(11,13).
nocross(11,21).
nocross(12,4).
nocross(12,8).
nocross(12,11).
nocross(12,13).
nocross(12,15).
nocross(12,18).
nocross(12,19).
nocross(12,20).
nocross(12,21).
nocross(13,3).
nocross(13,5).
nocross(13,8).
nocross(13,11).
nocross(13,12).
nocross(13,15).
nocross(13,16).
nocross(13,18).
nocross(13,20).
nocross(14,6).
nocross(14,9).
nocross(14,20).
nocross(14,21).
nocross(15,3).
nocross(15,7).
nocross(15,11).
nocross(15,13).
nocross(15,20).
nocross(16,3).
nocross(16,5).
nocross(16,7).
nocross(16,20).
nocross(16,21).
nocross(17,3).
nocross(17,6).
nocross(17,7).
nocross(17,9).
nocross(17,10).
nocross(17,14).
nocross(17,16).
nocross(18,4).
nocross(18,8).
nocross(18,12).
nocross(18,13).
nocross(18,15).
nocross(18,21).
nocross(19,7).
nocross(19,8).
nocross(19,12).
nocross(19,16).
nocross(19,20).
nocross(20,3).
nocross(20,7).
nocross(20,13).
nocross(20,15).
nocross(20,16).
nocross(20,21).
nocross(21,5).
nocross(21,7).
nocross(21,8).
nocross(21,9).
nocross(21,11).
nocross(21,16).
nocross(21,20).
