dimension(21).
point(1, 270417.0, 90836.0).
point(2, -252595.0, 411478.0).
point(3, 148547.0, 539783.0).
point(4, 144989.0, 100526.0).
point(5, 85468.0, 163991.0).
point(6, -176758.0, 181470.0).
point(7, -60606.0, 304073.0).
point(8, -357083.0, -326769.0).
point(9, 125650.0, 246174.0).
point(10, 266684.0, 170542.0).
point(11, 369091.0, -252735.0).
point(12, 111953.0, -367313.0).
point(13, -70248.0, -68576.0).
point(14, 83566.0, 271658.0).
point(15, 161739.0, -536620.0).
point(16, -7705.0, 292713.0).
point(17, 41901.0, -90675.0).
point(18, -12869.0, 5469.0).
point(19, 298294.0, 24084.0).
point(20, 103585.0, -13675.0).
point(21, -191384.0, -50016.0).
cost(1, 2, 613476).
cost(1, 3, 465194).
cost(1, 4, 125802).
cost(1, 5, 198891).
cost(1, 6, 456267).
cost(1, 7, 393759).
cost(1, 8, 753757).
cost(1, 9, 212338).
cost(1, 10, 79793).
cost(1, 11, 357460).
cost(1, 12, 484780).
cost(1, 13, 376118).
cost(1, 14, 260019).
cost(1, 15, 636798).
cost(1, 16, 343666).
cost(1, 17, 291832).
cost(1, 18, 295869).
cost(1, 19, 72339).
cost(1, 20, 196864).
cost(1, 21, 482804).
cost(2, 1, 613476).
cost(2, 3, 421162).
cost(2, 4, 504742).
cost(2, 5, 418971).
cost(2, 6, 242188).
cost(2, 7, 219990).
cost(2, 8, 745605).
cost(2, 9, 412789).
cost(2, 10, 572452).
cost(2, 11, 909765).
cost(2, 12, 859890).
cost(2, 13, 513519).
cost(2, 14, 364079).
cost(2, 15, 1034680).
cost(2, 16, 272170).
cost(2, 17, 582139).
cost(2, 18, 471500).
cost(2, 19, 673463).
cost(2, 20, 554634).
cost(2, 21, 465536).
cost(3, 1, 465194).
cost(3, 2, 421162).
cost(3, 4, 439271).
cost(3, 5, 381049).
cost(3, 6, 483954).
cost(3, 7, 315126).
cost(3, 8, 1003282).
cost(3, 9, 294500).
cost(3, 10, 387679).
cost(3, 11, 822633).
cost(3, 12, 907834).
cost(3, 13, 646507).
cost(3, 14, 275887).
cost(3, 15, 1076484).
cost(3, 16, 292332).
cost(3, 17, 639414).
cost(3, 18, 558164).
cost(3, 19, 537001).
cost(3, 20, 555281).
cost(3, 21, 680747).
cost(4, 1, 125802).
cost(4, 2, 504742).
cost(4, 3, 439271).
cost(4, 5, 87009).
cost(4, 6, 331773).
cost(4, 7, 289311).
cost(4, 8, 659285).
cost(4, 9, 146926).
cost(4, 10, 140399).
cost(4, 11, 418348).
cost(4, 12, 469004).
cost(4, 13, 273720).
cost(4, 14, 181821).
cost(4, 15, 637366).
cost(4, 16, 245461).
cost(4, 17, 217221).
cost(4, 18, 184269).
cost(4, 19, 171306).
cost(4, 20, 121475).
cost(4, 21, 368524).
cost(5, 1, 198891).
cost(5, 2, 418971).
cost(5, 3, 381049).
cost(5, 4, 87009).
cost(5, 6, 262808).
cost(5, 7, 202387).
cost(5, 8, 660830).
cost(5, 9, 91480).
cost(5, 10, 181334).
cost(5, 11, 504086).
cost(5, 12, 531964).
cost(5, 13, 279884).
cost(5, 14, 107684).
cost(5, 15, 704750).
cost(5, 16, 158904).
cost(5, 17, 258366).
cost(5, 18, 186546).
cost(5, 19, 254694).
cost(5, 20, 178587).
cost(5, 21, 349923).
cost(6, 1, 456267).
cost(6, 2, 242188).
cost(6, 3, 483954).
cost(6, 4, 331773).
cost(6, 5, 262808).
cost(6, 7, 168887).
cost(6, 8, 539281).
cost(6, 9, 309253).
cost(6, 10, 443577).
cost(6, 11, 697485).
cost(6, 12, 620094).
cost(6, 13, 271786).
cost(6, 14, 275504).
cost(6, 15, 793872).
cost(6, 16, 202371).
cost(6, 17, 349106).
cost(6, 18, 240491).
cost(6, 19, 500445).
cost(6, 20, 341575).
cost(6, 21, 231948).
cost(7, 1, 393759).
cost(7, 2, 219990).
cost(7, 3, 315126).
cost(7, 4, 289311).
cost(7, 5, 202387).
cost(7, 6, 168887).
cost(7, 8, 697037).
cost(7, 9, 195048).
cost(7, 10, 353482).
cost(7, 11, 703331).
cost(7, 12, 693207).
cost(7, 13, 372774).
cost(7, 14, 147771).
cost(7, 15, 869599).
cost(7, 16, 54107).
cost(7, 17, 407840).
cost(7, 18, 302396).
cost(7, 19, 455196).
cost(7, 20, 357663).
cost(7, 21, 377468).
cost(8, 1, 753757).
cost(8, 2, 745605).
cost(8, 3, 1003282).
cost(8, 4, 659285).
cost(8, 5, 660830).
cost(8, 6, 539281).
cost(8, 7, 697037).
cost(8, 9, 749196).
cost(8, 10, 797749).
cost(8, 11, 729938).
cost(8, 12, 470785).
cost(8, 13, 385925).
cost(8, 14, 743160).
cost(8, 15, 559655).
cost(8, 16, 711212).
cost(8, 17, 463604).
cost(8, 18, 478399).
cost(8, 19, 743382).
cost(8, 20, 556994).
cost(8, 21, 322565).
cost(9, 1, 212338).
cost(9, 2, 412789).
cost(9, 3, 294500).
cost(9, 4, 146926).
cost(9, 5, 91480).
cost(9, 6, 309253).
cost(9, 7, 195048).
cost(9, 8, 749196).
cost(9, 10, 160034).
cost(9, 11, 555134).
cost(9, 12, 613640).
cost(9, 13, 370734).
cost(9, 14, 49199).
cost(9, 15, 783625).
cost(9, 16, 141242).
cost(9, 17, 347104).
cost(9, 18, 277716).
cost(9, 19, 281300).
cost(9, 20, 260784).
cost(9, 21, 433865).
cost(10, 1, 79793).
cost(10, 2, 572452).
cost(10, 3, 387679).
cost(10, 4, 140399).
cost(10, 5, 181334).
cost(10, 6, 443577).
cost(10, 7, 353482).
cost(10, 8, 797749).
cost(10, 9, 160034).
cost(10, 11, 435489).
cost(10, 12, 559669).
cost(10, 13, 413159).
cost(10, 14, 209181).
cost(10, 15, 714907).
cost(10, 16, 300358).
cost(10, 17, 344618).
cost(10, 18, 324652).
cost(10, 19, 149830).
cost(10, 20, 246043).
cost(10, 21, 508402).
cost(11, 1, 357460).
cost(11, 2, 909765).
cost(11, 3, 822633).
cost(11, 4, 418348).
cost(11, 5, 504086).
cost(11, 6, 697485).
cost(11, 7, 703331).
cost(11, 8, 729938).
cost(11, 9, 555134).
cost(11, 10, 435489).
cost(11, 12, 281510).
cost(11, 13, 476375).
cost(11, 14, 597087).
cost(11, 15, 351547).
cost(11, 16, 662939).
cost(11, 17, 365126).
cost(11, 18, 461045).
cost(11, 19, 285729).
cost(11, 20, 357272).
cost(11, 21, 596009).
cost(12, 1, 484780).
cost(12, 2, 859890).
cost(12, 3, 907834).
cost(12, 4, 469004).
cost(12, 5, 531964).
cost(12, 6, 620094).
cost(12, 7, 693207).
cost(12, 8, 470785).
cost(12, 9, 613640).
cost(12, 10, 559669).
cost(12, 11, 281510).
cost(12, 13, 349916).
cost(12, 14, 639601).
cost(12, 15, 176475).
cost(12, 16, 670785).
cost(12, 17, 285370).
cost(12, 18, 393125).
cost(12, 19, 433491).
cost(12, 20, 353737).
cost(12, 21, 438966).
cost(13, 1, 376118).
cost(13, 2, 513519).
cost(13, 3, 646507).
cost(13, 4, 273720).
cost(13, 5, 279884).
cost(13, 6, 271786).
cost(13, 7, 372774).
cost(13, 8, 385925).
cost(13, 9, 370734).
cost(13, 10, 413159).
cost(13, 11, 476375).
cost(13, 12, 349916).
cost(13, 14, 373387).
cost(13, 15, 522382).
cost(13, 16, 366662).
cost(13, 17, 114306).
cost(13, 18, 93675).
cost(13, 19, 380012).
cost(13, 20, 182297).
cost(13, 21, 122550).
cost(14, 1, 260019).
cost(14, 2, 364079).
cost(14, 3, 275887).
cost(14, 4, 181821).
cost(14, 5, 107684).
cost(14, 6, 275504).
cost(14, 7, 147771).
cost(14, 8, 743160).
cost(14, 9, 49199).
cost(14, 10, 209181).
cost(14, 11, 597087).
cost(14, 12, 639601).
cost(14, 13, 373387).
cost(14, 15, 812049).
cost(14, 16, 93668).
cost(14, 17, 364721).
cost(14, 18, 283119).
cost(14, 19, 327721).
cost(14, 20, 286034).
cost(14, 21, 423169).
cost(15, 1, 636798).
cost(15, 2, 1034680).
cost(15, 3, 1076484).
cost(15, 4, 637366).
cost(15, 5, 704750).
cost(15, 6, 793872).
cost(15, 7, 869599).
cost(15, 8, 559655).
cost(15, 9, 783625).
cost(15, 10, 714907).
cost(15, 11, 351547).
cost(15, 12, 176475).
cost(15, 13, 522382).
cost(15, 14, 812049).
cost(15, 16, 846466).
cost(15, 17, 461766).
cost(15, 18, 569516).
cost(15, 19, 577093).
cost(15, 20, 526169).
cost(15, 21, 601231).
cost(16, 1, 343666).
cost(16, 2, 272170).
cost(16, 3, 292332).
cost(16, 4, 245461).
cost(16, 5, 158904).
cost(16, 6, 202371).
cost(16, 7, 54107).
cost(16, 8, 711212).
cost(16, 9, 141242).
cost(16, 10, 300358).
cost(16, 11, 662939).
cost(16, 12, 670785).
cost(16, 13, 366662).
cost(16, 14, 93668).
cost(16, 15, 846466).
cost(16, 17, 386584).
cost(16, 18, 287290).
cost(16, 19, 407182).
cost(16, 20, 325974).
cost(16, 21, 388846).
cost(17, 1, 291832).
cost(17, 2, 582139).
cost(17, 3, 639414).
cost(17, 4, 217221).
cost(17, 5, 258366).
cost(17, 6, 349106).
cost(17, 7, 407840).
cost(17, 8, 463604).
cost(17, 9, 347104).
cost(17, 10, 344618).
cost(17, 11, 365126).
cost(17, 12, 285370).
cost(17, 13, 114306).
cost(17, 14, 364721).
cost(17, 15, 461766).
cost(17, 16, 386584).
cost(17, 18, 110650).
cost(17, 19, 280904).
cost(17, 20, 98661).
cost(17, 21, 236802).
cost(18, 1, 295869).
cost(18, 2, 471500).
cost(18, 3, 558164).
cost(18, 4, 184269).
cost(18, 5, 186546).
cost(18, 6, 240491).
cost(18, 7, 302396).
cost(18, 8, 478399).
cost(18, 9, 277716).
cost(18, 10, 324652).
cost(18, 11, 461045).
cost(18, 12, 393125).
cost(18, 13, 93675).
cost(18, 14, 283119).
cost(18, 15, 569516).
cost(18, 16, 287290).
cost(18, 17, 110650).
cost(18, 19, 311719).
cost(18, 20, 118017).
cost(18, 21, 186939).
cost(19, 1, 72339).
cost(19, 2, 673463).
cost(19, 3, 537001).
cost(19, 4, 171306).
cost(19, 5, 254694).
cost(19, 6, 500445).
cost(19, 7, 455196).
cost(19, 8, 743382).
cost(19, 9, 281300).
cost(19, 10, 149830).
cost(19, 11, 285729).
cost(19, 12, 433491).
cost(19, 13, 380012).
cost(19, 14, 327721).
cost(19, 15, 577093).
cost(19, 16, 407182).
cost(19, 17, 280904).
cost(19, 18, 311719).
cost(19, 20, 198336).
cost(19, 21, 495253).
cost(20, 1, 196864).
cost(20, 2, 554634).
cost(20, 3, 555281).
cost(20, 4, 121475).
cost(20, 5, 178587).
cost(20, 6, 341575).
cost(20, 7, 357663).
cost(20, 8, 556994).
cost(20, 9, 260784).
cost(20, 10, 246043).
cost(20, 11, 357272).
cost(20, 12, 353737).
cost(20, 13, 182297).
cost(20, 14, 286034).
cost(20, 15, 526169).
cost(20, 16, 325974).
cost(20, 17, 98661).
cost(20, 18, 118017).
cost(20, 19, 198336).
cost(20, 21, 297199).
cost(21, 1, 482804).
cost(21, 2, 465536).
cost(21, 3, 680747).
cost(21, 4, 368524).
cost(21, 5, 349923).
cost(21, 6, 231948).
cost(21, 7, 377468).
cost(21, 8, 322565).
cost(21, 9, 433865).
cost(21, 10, 508402).
cost(21, 11, 596009).
cost(21, 12, 438966).
cost(21, 13, 122550).
cost(21, 14, 423169).
cost(21, 15, 601231).
cost(21, 16, 388846).
cost(21, 17, 236802).
cost(21, 18, 186939).
cost(21, 19, 495253).
cost(21, 20, 297199).
nocross(1,4).
nocross(1,9).
nocross(1,10).
nocross(1,14).
nocross(1,15).
nocross(1,19).
nocross(2,3).
nocross(2,6).
nocross(2,7).
nocross(2,14).
nocross(2,16).
nocross(3,2).
nocross(3,9).
nocross(3,10).
nocross(3,14).
nocross(3,16).
nocross(4,1).
nocross(4,9).
nocross(4,10).
nocross(4,16).
nocross(5,1).
nocross(5,4).
nocross(5,6).
nocross(5,7).
nocross(5,9).
nocross(5,14).
nocross(5,16).
nocross(5,21).
nocross(6,2).
nocross(6,9).
nocross(6,14).
nocross(6,16).
nocross(6,21).
nocross(7,2).
nocross(7,6).
nocross(7,9).
nocross(7,16).
nocross(8,21).
nocross(9,1).
nocross(9,4).
nocross(9,5).
nocross(9,10).
nocross(9,14).
nocross(9,16).
nocross(10,1).
nocross(10,4).
nocross(10,5).
nocross(10,9).
nocross(10,16).
nocross(10,19).
nocross(11,15).
nocross(11,19).
nocross(12,1).
nocross(12,15).
nocross(12,19).
nocross(12,21).
nocross(13,6).
nocross(13,14).
nocross(13,16).
nocross(13,21).
nocross(14,4).
nocross(14,9).
nocross(14,16).
nocross(15,12).
nocross(16,7).
nocross(16,9).
nocross(16,14).
nocross(16,21).
nocross(17,4).
nocross(17,12).
nocross(17,13).
nocross(17,18).
nocross(17,19).
nocross(17,21).
nocross(18,4).
nocross(18,6).
nocross(18,7).
nocross(18,13).
nocross(18,14).
nocross(18,16).
nocross(18,19).
nocross(18,21).
nocross(19,1).
nocross(19,4).
nocross(19,9).
nocross(19,10).
nocross(19,15).
nocross(20,1).
nocross(20,4).
nocross(20,9).
nocross(20,15).
nocross(20,17).
nocross(20,19).
nocross(21,6).
nocross(21,14).
nocross(21,16).
