dimension(21).
point(1, 19736.0, -167694.0).
point(2, -160163.0, -23918.0).
point(3, 74850.0, 380674.0).
point(4, -47584.0, -76592.0).
point(5, 11956.0, 350971.0).
point(6, -152460.0, 49945.0).
point(7, 141830.0, -176530.0).
point(8, 129606.0, -112558.0).
point(9, -115804.0, 450378.0).
point(10, 347929.0, 17656.0).
point(11, -164480.0, 359040.0).
point(12, -65641.0, -235277.0).
point(13, 355063.0, 178348.0).
point(14, -233231.0, -117557.0).
point(15, 139321.0, 126852.0).
point(16, 127697.0, 32465.0).
point(17, 212809.0, 111708.0).
point(18, 245745.0, 66688.0).
point(19, 17781.0, 144000.0).
point(20, 37287.0, -305722.0).
point(21, -232015.0, -32458.0).
cost(1, 2, 230294).
cost(1, 3, 551131).
cost(1, 4, 113276).
cost(1, 5, 518723).
cost(1, 6, 277522).
cost(1, 7, 122413).
cost(1, 8, 122928).
cost(1, 9, 632759).
cost(1, 10, 376915).
cost(1, 11, 558018).
cost(1, 12, 108888).
cost(1, 13, 481860).
cost(1, 14, 257888).
cost(1, 15, 317896).
cost(1, 16, 227419).
cost(1, 17, 339621).
cost(1, 18, 325599).
cost(1, 19, 311700).
cost(1, 20, 139139).
cost(1, 21, 285775).
cost(2, 1, 230294).
cost(2, 3, 467895).
cost(2, 4, 124292).
cost(2, 5, 412513).
cost(2, 6, 74264).
cost(2, 7, 338364).
cost(2, 8, 303023).
cost(2, 9, 476366).
cost(2, 10, 509790).
cost(2, 11, 382982).
cost(2, 12, 231532).
cost(2, 13, 553506).
cost(2, 14, 118774).
cost(2, 15, 335294).
cost(2, 16, 293330).
cost(2, 17, 396866).
cost(2, 18, 415898).
cost(2, 19, 244664).
cost(2, 20, 344093).
cost(2, 21, 72358).
cost(3, 1, 551131).
cost(3, 2, 467895).
cost(3, 4, 473373).
cost(3, 5, 69555).
cost(3, 6, 401312).
cost(3, 7, 561215).
cost(3, 8, 496262).
cost(3, 9, 202997).
cost(3, 10, 454262).
cost(3, 11, 240306).
cost(3, 12, 631770).
cost(3, 13, 345623).
cost(3, 14, 585788).
cost(3, 15, 261882).
cost(3, 16, 352196).
cost(3, 17, 302284).
cost(3, 18, 357481).
cost(3, 19, 243457).
cost(3, 20, 687423).
cost(3, 21, 514630).
cost(4, 1, 113276).
cost(4, 2, 124292).
cost(4, 3, 473373).
cost(4, 5, 431689).
cost(4, 6, 164349).
cost(4, 7, 214162).
cost(4, 8, 180803).
cost(4, 9, 531367).
cost(4, 10, 406587).
cost(4, 11, 451043).
cost(4, 12, 159709).
cost(4, 13, 476570).
cost(4, 14, 190113).
cost(4, 15, 276266).
cost(4, 16, 206439).
cost(4, 17, 321343).
cost(4, 18, 326452).
cost(4, 19, 230073).
cost(4, 20, 244343).
cost(4, 21, 189638).
cost(5, 1, 518723).
cost(5, 2, 412513).
cost(5, 3, 69555).
cost(5, 4, 431689).
cost(5, 6, 343000).
cost(5, 7, 543254).
cost(5, 8, 478227).
cost(5, 9, 161878).
cost(5, 10, 473262).
cost(5, 11, 176620).
cost(5, 12, 591361).
cost(5, 13, 384085).
cost(5, 14, 528805).
cost(5, 15, 257781).
cost(5, 16, 338884).
cost(5, 17, 312392).
cost(5, 18, 368068).
cost(5, 19, 207053).
cost(5, 20, 657181).
cost(5, 21, 454466).
cost(6, 1, 277522).
cost(6, 2, 74264).
cost(6, 3, 401312).
cost(6, 4, 164349).
cost(6, 5, 343000).
cost(6, 7, 371346).
cost(6, 8, 325528).
cost(6, 9, 402107).
cost(6, 10, 501430).
cost(6, 11, 309329).
cost(6, 12, 298143).
cost(6, 13, 523514).
cost(6, 14, 185959).
cost(6, 15, 301746).
cost(6, 16, 280702).
cost(6, 17, 370454).
cost(6, 18, 398557).
cost(6, 19, 194495).
cost(6, 20, 403117).
cost(6, 21, 114539).
cost(7, 1, 122413).
cost(7, 2, 338364).
cost(7, 3, 561215).
cost(7, 4, 214162).
cost(7, 5, 543254).
cost(7, 6, 371346).
cost(7, 8, 65129).
cost(7, 9, 677782).
cost(7, 10, 283170).
cost(7, 11, 616977).
cost(7, 12, 215628).
cost(7, 13, 414013).
cost(7, 14, 379669).
cost(7, 15, 303392).
cost(7, 16, 209472).
cost(7, 17, 296849).
cost(7, 18, 264487).
cost(7, 19, 343697).
cost(7, 20, 166192).
cost(7, 21, 400646).
cost(8, 1, 122928).
cost(8, 2, 303023).
cost(8, 3, 496262).
cost(8, 4, 180803).
cost(8, 5, 478227).
cost(8, 6, 325528).
cost(8, 7, 65129).
cost(8, 9, 614103).
cost(8, 10, 254206).
cost(8, 11, 555780).
cost(8, 12, 230611).
cost(8, 13, 368045).
cost(8, 14, 362871).
cost(8, 15, 239607).
cost(8, 16, 145036).
cost(8, 17, 239203).
cost(8, 18, 213582).
cost(8, 19, 279869).
cost(8, 20, 214091).
cost(8, 21, 370386).
cost(9, 1, 632759).
cost(9, 2, 476366).
cost(9, 3, 202997).
cost(9, 4, 531367).
cost(9, 5, 161878).
cost(9, 6, 402107).
cost(9, 7, 677782).
cost(9, 8, 614103).
cost(9, 10, 634269).
cost(9, 11, 103499).
cost(9, 12, 687488).
cost(9, 13, 543798).
cost(9, 14, 579948).
cost(9, 15, 412017).
cost(9, 16, 483678).
cost(9, 17, 471894).
cost(9, 18, 527196).
cost(9, 19, 334234).
cost(9, 20, 771443).
cost(9, 21, 496624).
cost(10, 1, 376915).
cost(10, 2, 509790).
cost(10, 3, 454262).
cost(10, 4, 406587).
cost(10, 5, 473262).
cost(10, 6, 501430).
cost(10, 7, 283170).
cost(10, 8, 254206).
cost(10, 9, 634269).
cost(10, 11, 615716).
cost(10, 12, 484784).
cost(10, 13, 160850).
cost(10, 14, 596682).
cost(10, 15, 235459).
cost(10, 16, 220729).
cost(10, 17, 164630).
cost(10, 18, 113339).
cost(10, 19, 353498).
cost(10, 20, 448410).
cost(10, 21, 582105).
cost(11, 1, 558018).
cost(11, 2, 382982).
cost(11, 3, 240306).
cost(11, 4, 451043).
cost(11, 5, 176620).
cost(11, 6, 309329).
cost(11, 7, 616977).
cost(11, 8, 555780).
cost(11, 9, 103499).
cost(11, 10, 615716).
cost(11, 12, 602480).
cost(11, 13, 550068).
cost(11, 14, 481530).
cost(11, 15, 382369).
cost(11, 16, 438199).
cost(11, 17, 451132).
cost(11, 18, 503740).
cost(11, 19, 281889).
cost(11, 20, 694707).
cost(11, 21, 397280).
cost(12, 1, 108888).
cost(12, 2, 231532).
cost(12, 3, 631770).
cost(12, 4, 159709).
cost(12, 5, 591361).
cost(12, 6, 298143).
cost(12, 7, 215628).
cost(12, 8, 230611).
cost(12, 9, 687488).
cost(12, 10, 484784).
cost(12, 11, 602480).
cost(12, 13, 589981).
cost(12, 14, 204803).
cost(12, 15, 416109).
cost(12, 16, 330250).
cost(12, 17, 444897).
cost(12, 18, 433756).
cost(12, 19, 388343).
cost(12, 20, 124726).
cost(12, 21, 262328).
cost(13, 1, 481860).
cost(13, 2, 553506).
cost(13, 3, 345623).
cost(13, 4, 476570).
cost(13, 5, 384085).
cost(13, 6, 523514).
cost(13, 7, 414013).
cost(13, 8, 368045).
cost(13, 9, 543798).
cost(13, 10, 160850).
cost(13, 11, 550068).
cost(13, 12, 589981).
cost(13, 14, 658521).
cost(13, 15, 221803).
cost(13, 16, 270143).
cost(13, 17, 157089).
cost(13, 18, 156264).
cost(13, 19, 339026).
cost(13, 20, 579056).
cost(13, 21, 623779).
cost(14, 1, 257888).
cost(14, 2, 118774).
cost(14, 3, 585788).
cost(14, 4, 190113).
cost(14, 5, 528805).
cost(14, 6, 185959).
cost(14, 7, 379669).
cost(14, 8, 362871).
cost(14, 9, 579948).
cost(14, 10, 596682).
cost(14, 11, 481530).
cost(14, 12, 204803).
cost(14, 13, 658521).
cost(14, 15, 445568).
cost(14, 16, 390865).
cost(14, 17, 501512).
cost(14, 18, 513190).
cost(14, 19, 362518).
cost(14, 20, 329524).
cost(14, 21, 85108).
cost(15, 1, 317896).
cost(15, 2, 335294).
cost(15, 3, 261882).
cost(15, 4, 276266).
cost(15, 5, 257781).
cost(15, 6, 301746).
cost(15, 7, 303392).
cost(15, 8, 239607).
cost(15, 9, 412017).
cost(15, 10, 235459).
cost(15, 11, 382369).
cost(15, 12, 416109).
cost(15, 13, 221803).
cost(15, 14, 445568).
cost(15, 16, 95100).
cost(15, 17, 75032).
cost(15, 18, 122253).
cost(15, 19, 122744).
cost(15, 20, 444445).
cost(15, 21, 404067).
cost(16, 1, 227419).
cost(16, 2, 293330).
cost(16, 3, 352196).
cost(16, 4, 206439).
cost(16, 5, 338884).
cost(16, 6, 280702).
cost(16, 7, 209472).
cost(16, 8, 145036).
cost(16, 9, 483678).
cost(16, 10, 220729).
cost(16, 11, 438199).
cost(16, 12, 330250).
cost(16, 13, 270143).
cost(16, 14, 390865).
cost(16, 15, 95100).
cost(16, 17, 116291).
cost(16, 18, 122909).
cost(16, 19, 156594).
cost(16, 20, 350063).
cost(16, 21, 365524).
cost(17, 1, 339621).
cost(17, 2, 396866).
cost(17, 3, 302284).
cost(17, 4, 321343).
cost(17, 5, 312392).
cost(17, 6, 370454).
cost(17, 7, 296849).
cost(17, 8, 239203).
cost(17, 9, 471894).
cost(17, 10, 164630).
cost(17, 11, 451132).
cost(17, 12, 444897).
cost(17, 13, 157089).
cost(17, 14, 501512).
cost(17, 15, 75032).
cost(17, 16, 116291).
cost(17, 18, 55782).
cost(17, 19, 197683).
cost(17, 20, 452831).
cost(17, 21, 467603).
cost(18, 1, 325599).
cost(18, 2, 415898).
cost(18, 3, 357481).
cost(18, 4, 326452).
cost(18, 5, 368068).
cost(18, 6, 398557).
cost(18, 7, 264487).
cost(18, 8, 213582).
cost(18, 9, 527196).
cost(18, 10, 113339).
cost(18, 11, 503740).
cost(18, 12, 433756).
cost(18, 13, 156264).
cost(18, 14, 513190).
cost(18, 15, 122253).
cost(18, 16, 122909).
cost(18, 17, 55782).
cost(18, 19, 240717).
cost(18, 20, 426783).
cost(18, 21, 487939).
cost(19, 1, 311700).
cost(19, 2, 244664).
cost(19, 3, 243457).
cost(19, 4, 230073).
cost(19, 5, 207053).
cost(19, 6, 194495).
cost(19, 7, 343697).
cost(19, 8, 279869).
cost(19, 9, 334234).
cost(19, 10, 353498).
cost(19, 11, 281889).
cost(19, 12, 388343).
cost(19, 13, 339026).
cost(19, 14, 362518).
cost(19, 15, 122744).
cost(19, 16, 156594).
cost(19, 17, 197683).
cost(19, 18, 240717).
cost(19, 20, 450145).
cost(19, 21, 305836).
cost(20, 1, 139139).
cost(20, 2, 344093).
cost(20, 3, 687423).
cost(20, 4, 244343).
cost(20, 5, 657181).
cost(20, 6, 403117).
cost(20, 7, 166192).
cost(20, 8, 214091).
cost(20, 9, 771443).
cost(20, 10, 448410).
cost(20, 11, 694707).
cost(20, 12, 124726).
cost(20, 13, 579056).
cost(20, 14, 329524).
cost(20, 15, 444445).
cost(20, 16, 350063).
cost(20, 17, 452831).
cost(20, 18, 426783).
cost(20, 19, 450145).
cost(20, 21, 383662).
cost(21, 1, 285775).
cost(21, 2, 72358).
cost(21, 3, 514630).
cost(21, 4, 189638).
cost(21, 5, 454466).
cost(21, 6, 114539).
cost(21, 7, 400646).
cost(21, 8, 370386).
cost(21, 9, 496624).
cost(21, 10, 582105).
cost(21, 11, 397280).
cost(21, 12, 262328).
cost(21, 13, 623779).
cost(21, 14, 85108).
cost(21, 15, 404067).
cost(21, 16, 365524).
cost(21, 17, 467603).
cost(21, 18, 487939).
cost(21, 19, 305836).
cost(21, 20, 383662).
nocross(1,10).
nocross(1,12).
nocross(1,20).
nocross(2,1).
nocross(3,5).
nocross(3,9).
nocross(3,13).
nocross(3,19).
nocross(4,8).
nocross(4,16).
nocross(4,19).
nocross(5,3).
nocross(5,9).
nocross(5,19).
nocross(6,2).
nocross(6,4).
nocross(6,11).
nocross(6,19).
nocross(6,21).
nocross(7,8).
nocross(7,10).
nocross(7,17).
nocross(7,20).
nocross(8,10).
nocross(8,17).
nocross(9,3).
nocross(9,11).
nocross(10,7).
nocross(10,17).
nocross(10,18).
nocross(11,5).
nocross(11,6).
nocross(11,19).
nocross(12,7).
nocross(12,14).
nocross(12,20).
nocross(13,5).
nocross(13,10).
nocross(13,17).
nocross(13,18).
nocross(14,2).
nocross(14,12).
nocross(15,3).
nocross(15,16).
nocross(15,17).
nocross(15,18).
nocross(15,19).
nocross(16,5).
nocross(16,17).
nocross(16,18).
nocross(16,19).
nocross(17,10).
nocross(17,13).
nocross(17,15).
nocross(17,16).
nocross(18,7).
nocross(18,8).
nocross(18,16).
nocross(18,17).
nocross(19,5).
nocross(19,6).
nocross(19,7).
nocross(19,11).
nocross(19,15).
nocross(19,16).
nocross(19,17).
nocross(20,7).
nocross(20,8).
nocross(21,6).
nocross(21,12).
nocross(21,14).
