dimension(21).
point(1, 154097.0, -113356.0).
point(2, 243119.0, -217027.0).
point(3, -204469.0, 368794.0).
point(4, -120083.0, 81970.0).
point(5, -164600.0, -27929.0).
point(6, -438313.0, -116519.0).
point(7, 244489.0, -246927.0).
point(8, -17456.0, 429866.0).
point(9, 55300.0, 231526.0).
point(10, -230941.0, 359713.0).
point(11, -37080.0, 89105.0).
point(12, 292069.0, -359909.0).
point(13, 359925.0, -199952.0).
point(14, -211875.0, -173519.0).
point(15, -6429.0, -7359.0).
point(16, 211407.0, -224202.0).
point(17, 233953.0, -6922.0).
point(18, -171375.0, -174352.0).
point(19, -94627.0, -145658.0).
point(20, 433578.0, -30979.0).
point(21, 262818.0, 29758.0).
cost(1, 2, 136648).
cost(1, 3, 600865).
cost(1, 4, 336641).
cost(1, 5, 329948).
cost(1, 6, 592418).
cost(1, 7, 161282).
cost(1, 8, 569667).
cost(1, 9, 358754).
cost(1, 10, 609958).
cost(1, 11, 278458).
cost(1, 12, 282533).
cost(1, 13, 223303).
cost(1, 14, 370884).
cost(1, 15, 192364).
cost(1, 16, 124785).
cost(1, 17, 133061).
cost(1, 18, 331138).
cost(1, 19, 250813).
cost(1, 20, 291368).
cost(1, 21, 179727).
cost(2, 1, 136648).
cost(2, 3, 737239).
cost(2, 4, 470441).
cost(2, 5, 449436).
cost(2, 6, 688804).
cost(2, 7, 29931).
cost(2, 8, 697402).
cost(2, 9, 486288).
cost(2, 10, 746567).
cost(2, 11, 415004).
cost(2, 12, 151034).
cost(2, 13, 118047).
cost(2, 14, 457069).
cost(2, 15, 325937).
cost(2, 16, 32514).
cost(2, 17, 210305).
cost(2, 18, 416685).
cost(2, 19, 345204).
cost(2, 20, 266249).
cost(2, 21, 247570).
cost(3, 1, 600865).
cost(3, 2, 737239).
cost(3, 4, 298980).
cost(3, 5, 398721).
cost(3, 6, 538713).
cost(3, 7, 762021).
cost(3, 8, 196732).
cost(3, 9, 293807).
cost(3, 10, 27986).
cost(3, 11, 325952).
cost(3, 12, 881793).
cost(3, 13, 801257).
cost(3, 14, 542364).
cost(3, 15, 425101).
cost(3, 16, 724291).
cost(3, 17, 577388).
cost(3, 18, 544153).
cost(3, 19, 526048).
cost(3, 20, 752943).
cost(3, 21, 577324).
cost(4, 1, 336641).
cost(4, 2, 470441).
cost(4, 3, 298980).
cost(4, 5, 118573).
cost(4, 6, 375058).
cost(4, 7, 491005).
cost(4, 8, 362717).
cost(4, 9, 230491).
cost(4, 10, 299050).
cost(4, 11, 83309).
cost(4, 12, 604257).
cost(4, 13, 556676).
cost(4, 14, 271478).
cost(4, 15, 144558).
cost(4, 16, 451250).
cost(4, 17, 365025).
cost(4, 18, 261404).
cost(4, 19, 229047).
cost(4, 20, 565065).
cost(4, 21, 386444).
cost(5, 1, 329948).
cost(5, 2, 449436).
cost(5, 3, 398721).
cost(5, 4, 118573).
cost(5, 6, 287693).
cost(5, 7, 464019).
cost(5, 8, 480861).
cost(5, 9, 340107).
cost(5, 10, 393278).
cost(5, 11, 173085).
cost(5, 12, 564586).
cost(5, 13, 552013).
cost(5, 14, 153073).
cost(5, 15, 159503).
cost(5, 16, 424151).
cost(5, 17, 399106).
cost(5, 18, 146580).
cost(5, 19, 136954).
cost(5, 20, 598186).
cost(5, 21, 431293).
cost(6, 1, 592418).
cost(6, 2, 688804).
cost(6, 3, 538713).
cost(6, 4, 375058).
cost(6, 5, 287693).
cost(6, 7, 695144).
cost(6, 8, 689679).
cost(6, 9, 603978).
cost(6, 10, 519423).
cost(6, 11, 450854).
cost(6, 12, 769868).
cost(6, 13, 802586).
cost(6, 14, 233502).
cost(6, 15, 445466).
cost(6, 16, 658583).
cost(6, 17, 681141).
cost(6, 18, 273131).
cost(6, 19, 344919).
cost(6, 20, 876077).
cost(6, 21, 716227).
cost(7, 1, 161282).
cost(7, 2, 29931).
cost(7, 3, 762021).
cost(7, 4, 491005).
cost(7, 5, 464019).
cost(7, 6, 695144).
cost(7, 8, 725716).
cost(7, 9, 514500).
cost(7, 10, 770744).
cost(7, 11, 438405).
cost(7, 12, 122592).
cost(7, 13, 124628).
cost(7, 14, 462230).
cost(7, 15, 346919).
cost(7, 16, 40135).
cost(7, 17, 240236).
cost(7, 18, 422149).
cost(7, 19, 353914).
cost(7, 20, 287033).
cost(7, 21, 277291).
cost(8, 1, 569667).
cost(8, 2, 697402).
cost(8, 3, 196732).
cost(8, 4, 362717).
cost(8, 5, 480861).
cost(8, 6, 689679).
cost(8, 7, 725716).
cost(8, 9, 211263).
cost(8, 10, 224716).
cost(8, 11, 341326).
cost(8, 12, 848263).
cost(8, 13, 734226).
cost(8, 14, 633934).
cost(8, 15, 437364).
cost(8, 16, 692953).
cost(8, 17, 503974).
cost(8, 18, 623515).
cost(8, 19, 580675).
cost(8, 20, 644833).
cost(8, 21, 488508).
cost(9, 1, 358754).
cost(9, 2, 486288).
cost(9, 3, 293807).
cost(9, 4, 230491).
cost(9, 5, 340107).
cost(9, 6, 603978).
cost(9, 7, 514500).
cost(9, 8, 211263).
cost(9, 10, 313633).
cost(9, 11, 169758).
cost(9, 12, 637067).
cost(9, 13, 528176).
cost(9, 14, 485226).
cost(9, 15, 246732).
cost(9, 16, 481723).
cost(9, 17, 297950).
cost(9, 18, 464885).
cost(9, 19, 405889).
cost(9, 20, 460438).
cost(9, 21, 289437).
cost(10, 1, 609958).
cost(10, 2, 746567).
cost(10, 3, 27986).
cost(10, 4, 299050).
cost(10, 5, 393278).
cost(10, 6, 519423).
cost(10, 7, 770744).
cost(10, 8, 224716).
cost(10, 9, 313633).
cost(10, 11, 332883).
cost(10, 12, 889604).
cost(10, 13, 813847).
cost(10, 14, 533573).
cost(10, 15, 430288).
cost(10, 16, 732549).
cost(10, 17, 592071).
cost(10, 18, 537377).
cost(10, 19, 523432).
cost(10, 20, 770860).
cost(10, 21, 593859).
cost(11, 1, 278458).
cost(11, 2, 415004).
cost(11, 3, 325952).
cost(11, 4, 83309).
cost(11, 5, 173085).
cost(11, 6, 450854).
cost(11, 7, 438405).
cost(11, 8, 341326).
cost(11, 9, 169758).
cost(11, 10, 332883).
cost(11, 12, 556734).
cost(11, 13, 491087).
cost(11, 14, 315475).
cost(11, 15, 101217).
cost(11, 16, 399884).
cost(11, 17, 287541).
cost(11, 18, 295711).
cost(11, 19, 241713).
cost(11, 20, 485736).
cost(11, 21, 305714).
cost(12, 1, 282533).
cost(12, 2, 151034).
cost(12, 3, 881793).
cost(12, 4, 604257).
cost(12, 5, 564586).
cost(12, 6, 769868).
cost(12, 7, 122592).
cost(12, 8, 848263).
cost(12, 9, 637067).
cost(12, 10, 889604).
cost(12, 11, 556734).
cost(12, 13, 173755).
cost(12, 14, 537309).
cost(12, 15, 461944).
cost(12, 16, 157869).
cost(12, 17, 357739).
cost(12, 18, 499211).
cost(12, 19, 442083).
cost(12, 20, 358078).
cost(12, 21, 390763).
cost(13, 1, 223303).
cost(13, 2, 118047).
cost(13, 3, 801257).
cost(13, 4, 556676).
cost(13, 5, 552013).
cost(13, 6, 802586).
cost(13, 7, 124628).
cost(13, 8, 734226).
cost(13, 9, 528176).
cost(13, 10, 813847).
cost(13, 11, 491087).
cost(13, 12, 173755).
cost(13, 14, 572411).
cost(13, 15, 413893).
cost(13, 16, 150485).
cost(13, 17, 230498).
cost(13, 18, 531916).
cost(13, 19, 457783).
cost(13, 20, 184328).
cost(13, 21, 249392).
cost(14, 1, 370884).
cost(14, 2, 457069).
cost(14, 3, 542364).
cost(14, 4, 271478).
cost(14, 5, 153073).
cost(14, 6, 233502).
cost(14, 7, 462230).
cost(14, 8, 633934).
cost(14, 9, 485226).
cost(14, 10, 533573).
cost(14, 11, 315475).
cost(14, 12, 537309).
cost(14, 13, 572411).
cost(14, 15, 264229).
cost(14, 16, 426306).
cost(14, 17, 475938).
cost(14, 18, 40509).
cost(14, 19, 120513).
cost(14, 20, 661005).
cost(14, 21, 516386).
cost(15, 1, 192364).
cost(15, 2, 325937).
cost(15, 3, 425101).
cost(15, 4, 144558).
cost(15, 5, 159503).
cost(15, 6, 445466).
cost(15, 7, 346919).
cost(15, 8, 437364).
cost(15, 9, 246732).
cost(15, 10, 430288).
cost(15, 11, 101217).
cost(15, 12, 461944).
cost(15, 13, 413893).
cost(15, 14, 264229).
cost(15, 16, 307365).
cost(15, 17, 240382).
cost(15, 18, 234721).
cost(15, 19, 164029).
cost(15, 20, 440641).
cost(15, 21, 271793).
cost(16, 1, 124785).
cost(16, 2, 32514).
cost(16, 3, 724291).
cost(16, 4, 451250).
cost(16, 5, 424151).
cost(16, 6, 658583).
cost(16, 7, 40135).
cost(16, 8, 692953).
cost(16, 9, 481723).
cost(16, 10, 732549).
cost(16, 11, 399884).
cost(16, 12, 157869).
cost(16, 13, 150485).
cost(16, 14, 426306).
cost(16, 15, 307365).
cost(16, 17, 218447).
cost(16, 18, 386014).
cost(16, 19, 315952).
cost(16, 20, 294440).
cost(16, 21, 259112).
cost(17, 1, 133061).
cost(17, 2, 210305).
cost(17, 3, 577388).
cost(17, 4, 365025).
cost(17, 5, 399106).
cost(17, 6, 681141).
cost(17, 7, 240236).
cost(17, 8, 503974).
cost(17, 9, 297950).
cost(17, 10, 592071).
cost(17, 11, 287541).
cost(17, 12, 357739).
cost(17, 13, 230498).
cost(17, 14, 475938).
cost(17, 15, 240382).
cost(17, 16, 218447).
cost(17, 18, 438547).
cost(17, 19, 356669).
cost(17, 20, 201069).
cost(17, 21, 46676).
cost(18, 1, 331138).
cost(18, 2, 416685).
cost(18, 3, 544153).
cost(18, 4, 261404).
cost(18, 5, 146580).
cost(18, 6, 273131).
cost(18, 7, 422149).
cost(18, 8, 623515).
cost(18, 9, 464885).
cost(18, 10, 537377).
cost(18, 11, 295711).
cost(18, 12, 499211).
cost(18, 13, 531916).
cost(18, 14, 40509).
cost(18, 15, 234721).
cost(18, 16, 386014).
cost(18, 17, 438547).
cost(18, 19, 81937).
cost(18, 20, 621711).
cost(18, 21, 479775).
cost(19, 1, 250813).
cost(19, 2, 345204).
cost(19, 3, 526048).
cost(19, 4, 229047).
cost(19, 5, 136954).
cost(19, 6, 344919).
cost(19, 7, 353914).
cost(19, 8, 580675).
cost(19, 9, 405889).
cost(19, 10, 523432).
cost(19, 11, 241713).
cost(19, 12, 442083).
cost(19, 13, 457783).
cost(19, 14, 120513).
cost(19, 15, 164029).
cost(19, 16, 315952).
cost(19, 17, 356669).
cost(19, 18, 81937).
cost(19, 20, 540511).
cost(19, 21, 398168).
cost(20, 1, 291368).
cost(20, 2, 266249).
cost(20, 3, 752943).
cost(20, 4, 565065).
cost(20, 5, 598186).
cost(20, 6, 876077).
cost(20, 7, 287033).
cost(20, 8, 644833).
cost(20, 9, 460438).
cost(20, 10, 770860).
cost(20, 11, 485736).
cost(20, 12, 358078).
cost(20, 13, 184328).
cost(20, 14, 661005).
cost(20, 15, 440641).
cost(20, 16, 294440).
cost(20, 17, 201069).
cost(20, 18, 621711).
cost(20, 19, 540511).
cost(20, 21, 181240).
cost(21, 1, 179727).
cost(21, 2, 247570).
cost(21, 3, 577324).
cost(21, 4, 386444).
cost(21, 5, 431293).
cost(21, 6, 716227).
cost(21, 7, 277291).
cost(21, 8, 488508).
cost(21, 9, 289437).
cost(21, 10, 593859).
cost(21, 11, 305714).
cost(21, 12, 390763).
cost(21, 13, 249392).
cost(21, 14, 516386).
cost(21, 15, 271793).
cost(21, 16, 259112).
cost(21, 17, 46676).
cost(21, 18, 479775).
cost(21, 19, 398168).
cost(21, 20, 181240).
nocross(1,2).
nocross(1,11).
nocross(1,15).
nocross(1,18).
nocross(1,19).
nocross(2,1).
nocross(2,17).
nocross(3,4).
nocross(3,6).
nocross(3,9).
nocross(3,11).
nocross(3,14).
nocross(4,5).
nocross(4,10).
nocross(4,11).
nocross(4,14).
nocross(4,15).
nocross(4,18).
nocross(4,19).
nocross(5,4).
nocross(5,6).
nocross(5,11).
nocross(5,14).
nocross(5,15).
nocross(5,18).
nocross(5,19).
nocross(6,10).
nocross(6,14).
nocross(6,18).
nocross(6,19).
nocross(7,2).
nocross(7,16).
nocross(8,4).
nocross(8,6).
nocross(8,9).
nocross(8,11).
nocross(9,4).
nocross(9,8).
nocross(9,11).
nocross(9,15).
nocross(9,17).
nocross(9,18).
nocross(10,4).
nocross(10,9).
nocross(10,11).
nocross(10,14).
nocross(11,4).
nocross(11,9).
nocross(11,14).
nocross(11,15).
nocross(11,18).
nocross(11,19).
nocross(13,17).
nocross(13,21).
nocross(14,4).
nocross(14,6).
nocross(14,18).
nocross(14,19).
nocross(15,4).
nocross(15,6).
nocross(15,11).
nocross(15,14).
nocross(15,18).
nocross(15,19).
nocross(16,17).
nocross(17,1).
nocross(17,9).
nocross(17,11).
nocross(17,14).
nocross(17,15).
nocross(17,18).
nocross(17,19).
nocross(18,4).
nocross(18,6).
nocross(18,11).
nocross(18,14).
nocross(18,19).
nocross(19,4).
nocross(19,5).
nocross(19,6).
nocross(19,11).
nocross(19,14).
nocross(19,15).
nocross(19,18).
nocross(20,17).
nocross(20,21).
nocross(21,9).
nocross(21,11).
nocross(21,15).
