dimension(16).
point(1, 363153.0, -103210.0).
point(2, -143218.0, -27363.0).
point(3, -686929.0, 282304.0).
point(4, 207316.0, 45839.0).
point(5, 125857.0, 492620.0).
point(6, -116286.0, -302235.0).
point(7, 5027.0, 11800.0).
point(8, -71301.0, -963493.0).
point(9, 125392.0, 256030.0).
point(10, 157405.0, -141524.0).
point(11, -158223.0, 33716.0).
point(12, 102666.0, -179786.0).
point(13, -264123.0, -148528.0).
point(14, -183057.0, 102211.0).
point(15, 517375.0, -480535.0).
point(16, 142437.0, -209377.0).
cost(1, 2, 512020).
cost(1, 3, 1118612).
cost(1, 4, 215640).
cost(1, 5, 641345).
cost(1, 6, 519108).
cost(1, 7, 376140).
cost(1, 8, 963762).
cost(1, 9, 430794).
cost(1, 10, 209285).
cost(1, 11, 539056).
cost(1, 12, 271509).
cost(1, 13, 628911).
cost(1, 14, 583561).
cost(1, 15, 407626).
cost(1, 16, 244922).
cost(2, 1, 512020).
cost(2, 3, 625712).
cost(2, 4, 358096).
cost(2, 5, 585477).
cost(2, 6, 276188).
cost(2, 7, 153331).
cost(2, 8, 938888).
cost(2, 9, 390465).
cost(2, 10, 321569).
cost(2, 11, 62895).
cost(2, 12, 289295).
cost(2, 13, 171169).
cost(2, 14, 135560).
cost(2, 15, 801092).
cost(2, 16, 338715).
cost(3, 1, 1118612).
cost(3, 2, 625712).
cost(3, 4, 924981).
cost(3, 5, 839556).
cost(3, 6, 816896).
cost(3, 7, 742951).
cost(3, 8, 1389607).
cost(3, 9, 812746).
cost(3, 10, 944738).
cost(3, 11, 584231).
cost(3, 12, 914870).
cost(3, 13, 603640).
cost(3, 14, 535089).
cost(3, 15, 1425578).
cost(3, 16, 964157).
cost(4, 1, 215640).
cost(4, 2, 358096).
cost(4, 3, 924981).
cost(4, 5, 454146).
cost(4, 6, 475262).
cost(4, 7, 205133).
cost(4, 8, 1047081).
cost(4, 9, 225592).
cost(4, 10, 193897).
cost(4, 11, 365740).
cost(4, 12, 248713).
cost(4, 13, 509935).
cost(4, 14, 394422).
cost(4, 15, 610906).
cost(4, 16, 263333).
cost(5, 1, 641345).
cost(5, 2, 585477).
cost(5, 3, 839556).
cost(5, 4, 454146).
cost(5, 6, 830920).
cost(5, 7, 495770).
cost(5, 8, 1469400).
cost(5, 9, 236590).
cost(5, 10, 634928).
cost(5, 11, 539717).
cost(5, 12, 672806).
cost(5, 13, 750437).
cost(5, 14, 497842).
cost(5, 15, 1048960).
cost(5, 16, 702193).
cost(6, 1, 519108).
cost(6, 2, 276188).
cost(6, 3, 816896).
cost(6, 4, 475262).
cost(6, 5, 830920).
cost(6, 7, 336652).
cost(6, 8, 662786).
cost(6, 9, 608332).
cost(6, 10, 317387).
cost(6, 11, 338558).
cost(6, 12, 250866).
cost(6, 13, 213264).
cost(6, 14, 409921).
cost(6, 15, 658268).
cost(6, 16, 274882).
cost(7, 1, 376140).
cost(7, 2, 153331).
cost(7, 3, 742951).
cost(7, 4, 205133).
cost(7, 5, 495770).
cost(7, 6, 336652).
cost(7, 8, 978275).
cost(7, 9, 272279).
cost(7, 10, 216165).
cost(7, 11, 164715).
cost(7, 12, 215032).
cost(7, 13, 313284).
cost(7, 14, 208686).
cost(7, 15, 710559).
cost(7, 16, 260386).
cost(8, 1, 963762).
cost(8, 2, 938888).
cost(8, 3, 1389607).
cost(8, 4, 1047081).
cost(8, 5, 1469400).
cost(8, 6, 662786).
cost(8, 7, 978275).
cost(8, 9, 1235283).
cost(8, 10, 853194).
cost(8, 11, 1000990).
cost(8, 12, 802783).
cost(8, 13, 837465).
cost(8, 14, 1071548).
cost(8, 15, 761438).
cost(8, 16, 783821).
cost(9, 1, 430794).
cost(9, 2, 390465).
cost(9, 3, 812746).
cost(9, 4, 225592).
cost(9, 5, 236590).
cost(9, 6, 608332).
cost(9, 7, 272279).
cost(9, 8, 1235283).
cost(9, 10, 398841).
cost(9, 11, 360362).
cost(9, 12, 436408).
cost(9, 13, 561595).
cost(9, 14, 344675).
cost(9, 15, 834373).
cost(9, 16, 465719).
cost(10, 1, 209285).
cost(10, 2, 321569).
cost(10, 3, 944738).
cost(10, 4, 193897).
cost(10, 5, 634928).
cost(10, 6, 317387).
cost(10, 7, 216165).
cost(10, 8, 853194).
cost(10, 9, 398841).
cost(10, 11, 361013).
cost(10, 12, 66786).
cost(10, 13, 421586).
cost(10, 14, 418714).
cost(10, 15, 494476).
cost(10, 16, 69484).
cost(11, 1, 539056).
cost(11, 2, 62895).
cost(11, 3, 584231).
cost(11, 4, 365740).
cost(11, 5, 539717).
cost(11, 6, 338558).
cost(11, 7, 164715).
cost(11, 8, 1000990).
cost(11, 9, 360362).
cost(11, 10, 361013).
cost(11, 12, 337114).
cost(11, 13, 210779).
cost(11, 14, 72858).
cost(11, 15, 849050).
cost(11, 16, 386640).
cost(12, 1, 271509).
cost(12, 2, 289295).
cost(12, 3, 914870).
cost(12, 4, 248713).
cost(12, 5, 672806).
cost(12, 6, 250866).
cost(12, 7, 215032).
cost(12, 8, 802783).
cost(12, 9, 436408).
cost(12, 10, 66786).
cost(12, 11, 337114).
cost(12, 13, 368119).
cost(12, 14, 401447).
cost(12, 15, 512283).
cost(12, 16, 49572).
cost(13, 1, 628911).
cost(13, 2, 171169).
cost(13, 3, 603640).
cost(13, 4, 509935).
cost(13, 5, 750437).
cost(13, 6, 213264).
cost(13, 7, 313284).
cost(13, 8, 837465).
cost(13, 9, 561595).
cost(13, 10, 421586).
cost(13, 11, 210779).
cost(13, 12, 368119).
cost(13, 14, 263518).
cost(13, 15, 849098).
cost(13, 16, 411088).
cost(14, 1, 583561).
cost(14, 2, 135560).
cost(14, 3, 535089).
cost(14, 4, 394422).
cost(14, 5, 497842).
cost(14, 6, 409921).
cost(14, 7, 208686).
cost(14, 8, 1071548).
cost(14, 9, 344675).
cost(14, 10, 418714).
cost(14, 11, 72858).
cost(14, 12, 401447).
cost(14, 13, 263518).
cost(14, 15, 911152).
cost(14, 16, 450592).
cost(15, 1, 407626).
cost(15, 2, 801092).
cost(15, 3, 1425578).
cost(15, 4, 610906).
cost(15, 5, 1048960).
cost(15, 6, 658268).
cost(15, 7, 710559).
cost(15, 8, 761438).
cost(15, 9, 834373).
cost(15, 10, 494476).
cost(15, 11, 849050).
cost(15, 12, 512283).
cost(15, 13, 849098).
cost(15, 14, 911152).
cost(15, 16, 462715).
cost(16, 1, 244922).
cost(16, 2, 338715).
cost(16, 3, 964157).
cost(16, 4, 263333).
cost(16, 5, 702193).
cost(16, 6, 274882).
cost(16, 7, 260386).
cost(16, 8, 783821).
cost(16, 9, 465719).
cost(16, 10, 69484).
cost(16, 11, 386640).
cost(16, 12, 49572).
cost(16, 13, 411088).
cost(16, 14, 450592).
cost(16, 15, 462715).
