dimension(16).
point(1, -152318.0, -470592.0).
point(2, -16997.0, -41073.0).
point(3, -107036.0, 306130.0).
point(4, 251615.0, -160075.0).
point(5, -81659.0, -215115.0).
point(6, -25535.0, -213440.0).
point(7, -79063.0, 188764.0).
point(8, -7953.0, 79871.0).
point(9, 37983.0, 245030.0).
point(10, -414436.0, -64378.0).
point(11, -330635.0, 57895.0).
point(12, 590335.0, -248504.0).
point(13, -345814.0, 37839.0).
point(14, 100681.0, -143235.0).
point(15, -124029.0, -210194.0).
point(16, -271468.0, -191601.0).
cost(1, 2, 450331).
cost(1, 3, 778041).
cost(1, 4, 509493).
cost(1, 5, 265068).
cost(1, 6, 286707).
cost(1, 7, 663413).
cost(1, 8, 569079).
cost(1, 9, 740493).
cost(1, 10, 483441).
cost(1, 11, 557759).
cost(1, 12, 775149).
cost(1, 13, 544006).
cost(1, 14, 413728).
cost(1, 15, 261930).
cost(1, 16, 303369).
cost(2, 1, 450331).
cost(2, 3, 358688).
cost(2, 4, 293792).
cost(2, 5, 185666).
cost(2, 6, 172578).
cost(2, 7, 238070).
cost(2, 8, 121282).
cost(2, 9, 291338).
cost(2, 10, 398122).
cost(2, 11, 328882).
cost(2, 12, 641779).
cost(2, 13, 338153).
cost(2, 14, 155837).
cost(2, 15, 200144).
cost(2, 16, 295659).
cost(3, 1, 778041).
cost(3, 2, 358688).
cost(3, 4, 588199).
cost(3, 5, 521862).
cost(3, 6, 525923).
cost(3, 7, 120653).
cost(3, 8, 247003).
cost(3, 9, 157365).
cost(3, 10, 481426).
cost(3, 11, 334091).
cost(3, 12, 891036).
cost(3, 13, 359159).
cost(3, 14, 495051).
cost(3, 15, 516604).
cost(3, 16, 524189).
cost(4, 1, 509493).
cost(4, 2, 293792).
cost(4, 3, 588199).
cost(4, 5, 337788).
cost(4, 6, 282241).
cost(4, 7, 480663).
cost(4, 8, 353482).
cost(4, 9, 457983).
cost(4, 10, 672891).
cost(4, 11, 621712).
cost(4, 12, 350073).
cost(4, 13, 629358).
cost(4, 14, 151871).
cost(4, 15, 378973).
cost(4, 16, 524032).
cost(5, 1, 265068).
cost(5, 2, 185666).
cost(5, 3, 521862).
cost(5, 4, 337788).
cost(5, 6, 56149).
cost(5, 7, 403887).
cost(5, 8, 304055).
cost(5, 9, 475445).
cost(5, 10, 365325).
cost(5, 11, 369491).
cost(5, 12, 672823).
cost(5, 13, 365737).
cost(5, 14, 195996).
cost(5, 15, 42655).
cost(5, 16, 191260).
cost(6, 1, 286707).
cost(6, 2, 172578).
cost(6, 3, 525923).
cost(6, 4, 282241).
cost(6, 5, 56149).
cost(6, 7, 405750).
cost(6, 8, 293837).
cost(6, 9, 462849).
cost(6, 10, 416489).
cost(6, 11, 408300).
cost(6, 12, 616867).
cost(6, 13, 407087).
cost(6, 14, 144427).
cost(6, 15, 98547).
cost(6, 16, 246901).
cost(7, 1, 663413).
cost(7, 2, 238070).
cost(7, 3, 120653).
cost(7, 4, 480663).
cost(7, 5, 403887).
cost(7, 6, 405750).
cost(7, 8, 130055).
cost(7, 9, 129868).
cost(7, 10, 420186).
cost(7, 11, 283576).
cost(7, 12, 799560).
cost(7, 13, 306487).
cost(7, 14, 377533).
cost(7, 15, 401484).
cost(7, 16, 426260).
cost(8, 1, 569079).
cost(8, 2, 121282).
cost(8, 3, 247003).
cost(8, 4, 353482).
cost(8, 5, 304055).
cost(8, 6, 293837).
cost(8, 7, 130055).
cost(8, 9, 171428).
cost(8, 10, 431319).
cost(8, 11, 323429).
cost(8, 12, 682480).
cost(8, 13, 340465).
cost(8, 14, 248148).
cost(8, 15, 312428).
cost(8, 16, 378335).
cost(9, 1, 740493).
cost(9, 2, 291338).
cost(9, 3, 157365).
cost(9, 4, 457983).
cost(9, 5, 475445).
cost(9, 6, 462849).
cost(9, 7, 129868).
cost(9, 8, 171428).
cost(9, 10, 548102).
cost(9, 11, 413399).
cost(9, 12, 740722).
cost(9, 13, 436152).
cost(9, 14, 393295).
cost(9, 15, 483194).
cost(9, 16, 535170).
cost(10, 1, 483441).
cost(10, 2, 398122).
cost(10, 3, 481426).
cost(10, 4, 672891).
cost(10, 5, 365325).
cost(10, 6, 416489).
cost(10, 7, 420186).
cost(10, 8, 431319).
cost(10, 9, 548102).
cost(10, 11, 148234).
cost(10, 12, 1021502).
cost(10, 13, 123115).
cost(10, 14, 521118).
cost(10, 15, 324959).
cost(10, 16, 191378).
cost(11, 1, 557759).
cost(11, 2, 328882).
cost(11, 3, 334091).
cost(11, 4, 621712).
cost(11, 5, 369491).
cost(11, 6, 408300).
cost(11, 7, 283576).
cost(11, 8, 323429).
cost(11, 9, 413399).
cost(11, 10, 148234).
cost(11, 12, 970601).
cost(11, 13, 25152).
cost(11, 14, 475906).
cost(11, 15, 338464).
cost(11, 16, 256416).
cost(12, 1, 775149).
cost(12, 2, 641779).
cost(12, 3, 891036).
cost(12, 4, 350073).
cost(12, 5, 672823).
cost(12, 6, 616867).
cost(12, 7, 799560).
cost(12, 8, 682480).
cost(12, 9, 740722).
cost(12, 10, 1021502).
cost(12, 11, 970601).
cost(12, 13, 978962).
cost(12, 14, 500842).
cost(12, 15, 715391).
cost(12, 16, 863680).
cost(13, 1, 544006).
cost(13, 2, 338153).
cost(13, 3, 359159).
cost(13, 4, 629358).
cost(13, 5, 365737).
cost(13, 6, 407087).
cost(13, 7, 306487).
cost(13, 8, 340465).
cost(13, 9, 436152).
cost(13, 10, 123115).
cost(13, 11, 25152).
cost(13, 12, 978962).
cost(13, 14, 481815).
cost(13, 15, 332730).
cost(13, 16, 241185).
cost(14, 1, 413728).
cost(14, 2, 155837).
cost(14, 3, 495051).
cost(14, 4, 151871).
cost(14, 5, 195996).
cost(14, 6, 144427).
cost(14, 7, 377533).
cost(14, 8, 248148).
cost(14, 9, 393295).
cost(14, 10, 521118).
cost(14, 11, 475906).
cost(14, 12, 500842).
cost(14, 13, 481815).
cost(14, 15, 234474).
cost(14, 16, 375279).
cost(15, 1, 261930).
cost(15, 2, 200144).
cost(15, 3, 516604).
cost(15, 4, 378973).
cost(15, 5, 42655).
cost(15, 6, 98547).
cost(15, 7, 401484).
cost(15, 8, 312428).
cost(15, 9, 483194).
cost(15, 10, 324959).
cost(15, 11, 338464).
cost(15, 12, 715391).
cost(15, 13, 332730).
cost(15, 14, 234474).
cost(15, 16, 148607).
cost(16, 1, 303369).
cost(16, 2, 295659).
cost(16, 3, 524189).
cost(16, 4, 524032).
cost(16, 5, 191260).
cost(16, 6, 246901).
cost(16, 7, 426260).
cost(16, 8, 378335).
cost(16, 9, 535170).
cost(16, 10, 191378).
cost(16, 11, 256416).
cost(16, 12, 863680).
cost(16, 13, 241185).
cost(16, 14, 375279).
cost(16, 15, 148607).
