dimension(16).
point(1, -207474.0, -67600.0).
point(2, 179947.0, -272771.0).
point(3, -10204.0, -99601.0).
point(4, -265146.0, 413141.0).
point(5, -213008.0, 103106.0).
point(6, 209750.0, 8133.0).
point(7, -110175.0, 25825.0).
point(8, -412796.0, -124152.0).
point(9, 77794.0, 272660.0).
point(10, -58330.0, -422575.0).
point(11, -339205.0, 380855.0).
point(12, -182449.0, -79060.0).
point(13, -137593.0, 271547.0).
point(14, -193784.0, -329486.0).
point(15, 333019.0, -658677.0).
point(16, 49801.0, -249660.0).
cost(1, 2, 438395).
cost(1, 3, 199849).
cost(1, 4, 484188).
cost(1, 5, 170796).
cost(1, 6, 424042).
cost(1, 7, 134890).
cost(1, 8, 212968).
cost(1, 9, 444021).
cost(1, 10, 385034).
cost(1, 11, 467402).
cost(1, 12, 27524).
cost(1, 13, 346272).
cost(1, 14, 262244).
cost(1, 15, 800940).
cost(1, 16, 315177).
cost(2, 1, 438395).
cost(2, 3, 257187).
cost(2, 4, 817669).
cost(2, 5, 543780).
cost(2, 6, 282481).
cost(2, 7, 416330).
cost(2, 8, 611091).
cost(2, 9, 554915).
cost(2, 10, 281455).
cost(2, 11, 834713).
cost(2, 12, 410919).
cost(2, 13, 630170).
cost(2, 14, 378010).
cost(2, 15, 415156).
cost(2, 16, 132182).
cost(3, 1, 199849).
cost(3, 2, 257187).
cost(3, 4, 572625).
cost(3, 5, 286740).
cost(3, 6, 244921).
cost(3, 7, 160393).
cost(3, 8, 403340).
cost(3, 9, 382520).
cost(3, 10, 326540).
cost(3, 11, 582305).
cost(3, 12, 173465).
cost(3, 13, 392401).
cost(3, 14, 294192).
cost(3, 15, 656024).
cost(3, 16, 161612).
cost(4, 1, 484188).
cost(4, 2, 817669).
cost(4, 3, 572625).
cost(4, 5, 314388).
cost(4, 6, 624146).
cost(4, 7, 417169).
cost(4, 8, 557211).
cost(4, 9, 370598).
cost(4, 10, 860926).
cost(4, 11, 80791).
cost(4, 12, 499100).
cost(4, 13, 190574).
cost(4, 14, 746048).
cost(4, 15, 1227434).
cost(4, 16, 733823).
cost(5, 1, 170796).
cost(5, 2, 543780).
cost(5, 3, 286740).
cost(5, 4, 314388).
cost(5, 6, 433295).
cost(5, 7, 128635).
cost(5, 8, 302591).
cost(5, 9, 336622).
cost(5, 10, 547965).
cost(5, 11, 305074).
cost(5, 12, 184711).
cost(5, 13, 184553).
cost(5, 14, 433019).
cost(5, 15, 937261).
cost(5, 16, 439900).
cost(6, 1, 424042).
cost(6, 2, 282481).
cost(6, 3, 244921).
cost(6, 4, 624146).
cost(6, 5, 433295).
cost(6, 7, 320414).
cost(6, 8, 636445).
cost(6, 9, 295613).
cost(6, 10, 507323).
cost(6, 11, 663531).
cost(6, 12, 401774).
cost(6, 13, 435929).
cost(6, 14, 526143).
cost(6, 15, 678108).
cost(6, 16, 303382).
cost(7, 1, 134890).
cost(7, 2, 416330).
cost(7, 3, 160393).
cost(7, 4, 417169).
cost(7, 5, 128635).
cost(7, 6, 320414).
cost(7, 8, 337746).
cost(7, 9, 310258).
cost(7, 10, 451387).
cost(7, 11, 422494).
cost(7, 12, 127375).
cost(7, 13, 247247).
cost(7, 14, 365016).
cost(7, 15, 815453).
cost(7, 16, 318566).
cost(8, 1, 212968).
cost(8, 2, 611091).
cost(8, 3, 403340).
cost(8, 4, 557211).
cost(8, 5, 302591).
cost(8, 6, 636445).
cost(8, 7, 337746).
cost(8, 9, 630982).
cost(8, 10, 463360).
cost(8, 11, 510341).
cost(8, 12, 234719).
cost(8, 13, 481990).
cost(8, 14, 300214).
cost(8, 15, 917582).
cost(8, 16, 479321).
cost(9, 1, 444021).
cost(9, 2, 554915).
cost(9, 3, 382520).
cost(9, 4, 370598).
cost(9, 5, 336622).
cost(9, 6, 295613).
cost(9, 7, 310258).
cost(9, 8, 630982).
cost(9, 10, 708436).
cost(9, 11, 430807).
cost(9, 12, 437531).
cost(9, 13, 215390).
cost(9, 14, 660556).
cost(9, 15, 965675).
cost(9, 16, 523070).
cost(10, 1, 385034).
cost(10, 2, 281455).
cost(10, 3, 326540).
cost(10, 4, 860926).
cost(10, 5, 547965).
cost(10, 6, 507323).
cost(10, 7, 451387).
cost(10, 8, 463360).
cost(10, 9, 708436).
cost(10, 11, 851111).
cost(10, 12, 365251).
cost(10, 13, 698633).
cost(10, 14, 164357).
cost(10, 15, 457054).
cost(10, 16, 203941).
cost(11, 1, 467402).
cost(11, 2, 834713).
cost(11, 3, 582305).
cost(11, 4, 80791).
cost(11, 5, 305074).
cost(11, 6, 663531).
cost(11, 7, 422494).
cost(11, 8, 510341).
cost(11, 9, 430807).
cost(11, 10, 851111).
cost(11, 12, 485895).
cost(11, 13, 229337).
cost(11, 14, 725074).
cost(11, 15, 1237947).
cost(11, 16, 740861).
cost(12, 1, 27524).
cost(12, 2, 410919).
cost(12, 3, 173465).
cost(12, 4, 499100).
cost(12, 5, 184711).
cost(12, 6, 401774).
cost(12, 7, 127375).
cost(12, 8, 234719).
cost(12, 9, 437531).
cost(12, 10, 365251).
cost(12, 11, 485895).
cost(12, 13, 353465).
cost(12, 14, 250682).
cost(12, 15, 775669).
cost(12, 16, 288174).
cost(13, 1, 346272).
cost(13, 2, 630170).
cost(13, 3, 392401).
cost(13, 4, 190574).
cost(13, 5, 184553).
cost(13, 6, 435929).
cost(13, 7, 247247).
cost(13, 8, 481990).
cost(13, 9, 215390).
cost(13, 10, 698633).
cost(13, 11, 229337).
cost(13, 12, 353465).
cost(13, 14, 603654).
cost(13, 15, 1042493).
cost(13, 16, 553871).
cost(14, 1, 262244).
cost(14, 2, 378010).
cost(14, 3, 294192).
cost(14, 4, 746048).
cost(14, 5, 433019).
cost(14, 6, 526143).
cost(14, 7, 365016).
cost(14, 8, 300214).
cost(14, 9, 660556).
cost(14, 10, 164357).
cost(14, 11, 725074).
cost(14, 12, 250682).
cost(14, 13, 603654).
cost(14, 15, 621199).
cost(14, 16, 256332).
cost(15, 1, 800940).
cost(15, 2, 415156).
cost(15, 3, 656024).
cost(15, 4, 1227434).
cost(15, 5, 937261).
cost(15, 6, 678108).
cost(15, 7, 815453).
cost(15, 8, 917582).
cost(15, 9, 965675).
cost(15, 10, 457054).
cost(15, 11, 1237947).
cost(15, 12, 775669).
cost(15, 13, 1042493).
cost(15, 14, 621199).
cost(15, 16, 497501).
cost(16, 1, 315177).
cost(16, 2, 132182).
cost(16, 3, 161612).
cost(16, 4, 733823).
cost(16, 5, 439900).
cost(16, 6, 303382).
cost(16, 7, 318566).
cost(16, 8, 479321).
cost(16, 9, 523070).
cost(16, 10, 203941).
cost(16, 11, 740861).
cost(16, 12, 288174).
cost(16, 13, 553871).
cost(16, 14, 256332).
cost(16, 15, 497501).
