dimension(16).
point(1, 309802.0, 104066.0).
point(2, -289384.0, 471407.0).
point(3, 170182.0, 618399.0).
point(4, 166106.0, 115167.0).
point(5, 97916.0, 187876.0).
point(6, -202502.0, 207900.0).
point(7, -69433.0, 348360.0).
point(8, -409091.0, -374361.0).
point(9, 143950.0, 282027.0).
point(10, 305526.0, 195380.0).
point(11, 422847.0, -289544.0).
point(12, 128258.0, -420810.0).
point(13, -80479.0, -78563.0).
point(14, 95737.0, 311224.0).
point(15, 185296.0, -614776.0).
point(16, -8828.0, 335345.0).
cost(1, 2, 702825).
cost(1, 3, 532947).
cost(1, 4, 144124).
cost(1, 5, 227859).
cost(1, 6, 522721).
cost(1, 7, 451108).
cost(1, 8, 863539).
cost(1, 9, 243263).
cost(1, 10, 91414).
cost(1, 11, 409522).
cost(1, 12, 555385).
cost(1, 13, 430897).
cost(1, 14, 297890).
cost(1, 15, 729545).
cost(1, 16, 393720).
cost(2, 1, 702825).
cost(2, 3, 482501).
cost(2, 4, 578254).
cost(2, 5, 479991).
cost(2, 6, 277461).
cost(2, 7, 252030).
cost(2, 8, 854197).
cost(2, 9, 472909).
cost(2, 10, 655827).
cost(2, 11, 1042266).
cost(2, 12, 985127).
cost(2, 13, 588310).
cost(2, 14, 417105).
cost(2, 15, 1185375).
cost(2, 16, 311808).
cost(3, 1, 532947).
cost(3, 2, 482501).
cost(3, 4, 503249).
cost(3, 5, 436546).
cost(3, 6, 554439).
cost(3, 7, 361021).
cost(3, 8, 1149404).
cost(3, 9, 337393).
cost(3, 10, 444143).
cost(3, 11, 942444).
cost(3, 12, 1040054).
cost(3, 13, 740667).
cost(3, 14, 316067).
cost(3, 15, 1233268).
cost(3, 16, 334909).
cost(4, 1, 144124).
cost(4, 2, 578254).
cost(4, 3, 503249).
cost(4, 5, 99682).
cost(4, 6, 380094).
cost(4, 7, 331448).
cost(4, 8, 755307).
cost(4, 9, 168325).
cost(4, 10, 160848).
cost(4, 11, 479278).
cost(4, 12, 537312).
cost(4, 13, 313585).
cost(4, 14, 208303).
cost(4, 15, 730195).
cost(4, 16, 281212).
cost(5, 1, 227859).
cost(5, 2, 479991).
cost(5, 3, 436546).
cost(5, 4, 99682).
cost(5, 6, 301085).
cost(5, 7, 231864).
cost(5, 8, 757078).
cost(5, 9, 104802).
cost(5, 10, 207746).
cost(5, 11, 577503).
cost(5, 12, 609442).
cost(5, 13, 320647).
cost(5, 14, 123367).
cost(5, 15, 807394).
cost(5, 16, 182048).
cost(6, 1, 522721).
cost(6, 2, 277461).
cost(6, 3, 554439).
cost(6, 4, 380094).
cost(6, 5, 301085).
cost(6, 7, 193485).
cost(6, 8, 617824).
cost(6, 9, 354293).
cost(6, 10, 508182).
cost(6, 11, 799069).
cost(6, 12, 710407).
cost(6, 13, 311369).
cost(6, 14, 315630).
cost(6, 15, 909496).
cost(6, 16, 231844).
cost(7, 1, 451108).
cost(7, 2, 252030).
cost(7, 3, 361021).
cost(7, 4, 331448).
cost(7, 5, 231864).
cost(7, 6, 193485).
cost(7, 8, 798557).
cost(7, 9, 223456).
cost(7, 10, 404966).
cost(7, 11, 805767).
cost(7, 12, 794169).
cost(7, 13, 427066).
cost(7, 14, 169293).
cost(7, 15, 996252).
cost(7, 16, 61987).
cost(8, 1, 863539).
cost(8, 2, 854197).
cost(8, 3, 1149404).
cost(8, 4, 755307).
cost(8, 5, 757078).
cost(8, 6, 617824).
cost(8, 7, 798557).
cost(8, 9, 858312).
cost(8, 10, 913938).
cost(8, 11, 836250).
cost(8, 12, 539353).
cost(8, 13, 442134).
cost(8, 14, 851398).
cost(8, 15, 641167).
cost(8, 16, 814796).
cost(9, 1, 243263).
cost(9, 2, 472909).
cost(9, 3, 337393).
cost(9, 4, 168325).
cost(9, 5, 104802).
cost(9, 6, 354293).
cost(9, 7, 223456).
cost(9, 8, 858312).
cost(9, 10, 183343).
cost(9, 11, 635985).
cost(9, 12, 703012).
cost(9, 13, 424728).
cost(9, 14, 56365).
cost(9, 15, 897756).
cost(9, 16, 161814).
cost(10, 1, 91414).
cost(10, 2, 655827).
cost(10, 3, 444143).
cost(10, 4, 160848).
cost(10, 5, 207746).
cost(10, 6, 508182).
cost(10, 7, 404966).
cost(10, 8, 913938).
cost(10, 9, 183343).
cost(10, 11, 498914).
cost(10, 12, 641182).
cost(10, 13, 473334).
cost(10, 14, 239648).
cost(10, 15, 819029).
cost(10, 16, 344106).
cost(11, 1, 409522).
cost(11, 2, 1042266).
cost(11, 3, 942444).
cost(11, 4, 479278).
cost(11, 5, 577503).
cost(11, 6, 799069).
cost(11, 7, 805767).
cost(11, 8, 836250).
cost(11, 9, 635985).
cost(11, 10, 498914).
cost(11, 12, 322511).
cost(11, 13, 545756).
cost(11, 14, 684049).
cost(11, 15, 402748).
cost(11, 16, 759493).
cost(12, 1, 555385).
cost(12, 2, 985127).
cost(12, 3, 1040054).
cost(12, 4, 537312).
cost(12, 5, 609442).
cost(12, 6, 710407).
cost(12, 7, 794169).
cost(12, 8, 539353).
cost(12, 9, 703012).
cost(12, 10, 641182).
cost(12, 11, 322511).
cost(12, 13, 400879).
cost(12, 14, 732756).
cost(12, 15, 202178).
cost(12, 16, 768481).
cost(13, 1, 430897).
cost(13, 2, 588310).
cost(13, 3, 740667).
cost(13, 4, 313585).
cost(13, 5, 320647).
cost(13, 6, 311369).
cost(13, 7, 427066).
cost(13, 8, 442134).
cost(13, 9, 424728).
cost(13, 10, 473334).
cost(13, 11, 545756).
cost(13, 12, 400879).
cost(13, 14, 427769).
cost(13, 15, 598465).
cost(13, 16, 420064).
cost(14, 1, 297890).
cost(14, 2, 417105).
cost(14, 3, 316067).
cost(14, 4, 208303).
cost(14, 5, 123367).
cost(14, 6, 315630).
cost(14, 7, 169293).
cost(14, 8, 851398).
cost(14, 9, 56365).
cost(14, 10, 239648).
cost(14, 11, 684049).
cost(14, 12, 732756).
cost(14, 13, 427769).
cost(14, 15, 930321).
cost(14, 16, 107311).
cost(15, 1, 729545).
cost(15, 2, 1185375).
cost(15, 3, 1233268).
cost(15, 4, 730195).
cost(15, 5, 807394).
cost(15, 6, 909496).
cost(15, 7, 996252).
cost(15, 8, 641167).
cost(15, 9, 897756).
cost(15, 10, 819029).
cost(15, 11, 402748).
cost(15, 12, 202178).
cost(15, 13, 598465).
cost(15, 14, 930321).
cost(15, 16, 969749).
cost(16, 1, 393720).
cost(16, 2, 311808).
cost(16, 3, 334909).
cost(16, 4, 281212).
cost(16, 5, 182048).
cost(16, 6, 231844).
cost(16, 7, 61987).
cost(16, 8, 814796).
cost(16, 9, 161814).
cost(16, 10, 344106).
cost(16, 11, 759493).
cost(16, 12, 768481).
cost(16, 13, 420064).
cost(16, 14, 107311).
cost(16, 15, 969749).
