dimension(16).
point(1, 155810.0, -36396.0).
point(2, 64658.0, 56937.0).
point(3, -89751.0, 97690.0).
point(4, 261306.0, 14171.0).
point(5, 412816.0, 57845.0).
point(6, 298918.0, 334231.0).
point(7, 523495.0, -284946.0).
point(8, -132001.0, -37339.0).
point(9, 430833.0, -113899.0).
point(10, 89314.0, -182371.0).
point(11, 94261.0, 14379.0).
point(12, 97435.0, -3914.0).
point(13, -361185.0, -301982.0).
point(14, -172775.0, -99800.0).
point(15, -25685.0, -114001.0).
point(16, 8283.0, -284333.0).
cost(1, 2, 130460).
cost(1, 3, 279784).
cost(1, 4, 116989).
cost(1, 5, 273740).
cost(1, 6, 397296).
cost(1, 7, 443812).
cost(1, 8, 287813).
cost(1, 9, 285735).
cost(1, 10, 160407).
cost(1, 11, 79790).
cost(1, 12, 66804).
cost(1, 13, 581223).
cost(1, 14, 334646).
cost(1, 15, 197390).
cost(1, 16, 288508).
cost(2, 1, 130460).
cost(2, 3, 159696).
cost(2, 4, 201245).
cost(2, 5, 348159).
cost(2, 6, 363001).
cost(2, 7, 572202).
cost(2, 8, 218089).
cost(2, 9, 404066).
cost(2, 10, 240575).
cost(2, 11, 51841).
cost(2, 12, 69117).
cost(2, 13, 556925).
cost(2, 14, 284501).
cost(2, 15, 193343).
cost(2, 16, 345895).
cost(3, 1, 279784).
cost(3, 2, 159696).
cost(3, 4, 360855).
cost(3, 5, 504144).
cost(3, 6, 454989).
cost(3, 7, 722828).
cost(3, 8, 141485).
cost(3, 9, 561941).
cost(3, 10, 332413).
cost(3, 11, 201993).
cost(3, 12, 212984).
cost(3, 13, 483130).
cost(3, 14, 214232).
cost(3, 15, 221173).
cost(3, 16, 394401).
cost(4, 1, 116989).
cost(4, 2, 201245).
cost(4, 3, 360855).
cost(4, 5, 157679).
cost(4, 6, 322262).
cost(4, 7, 397761).
cost(4, 8, 396666).
cost(4, 9, 212465).
cost(4, 10, 261170).
cost(4, 11, 167045).
cost(4, 12, 164866).
cost(4, 13, 698175).
cost(4, 14, 448794).
cost(4, 15, 314312).
cost(4, 16, 391312).
cost(5, 1, 273740).
cost(5, 2, 348159).
cost(5, 3, 504144).
cost(5, 4, 157679).
cost(5, 6, 298935).
cost(5, 7, 360216).
cost(5, 8, 553069).
cost(5, 9, 172686).
cost(5, 10, 402936).
cost(5, 11, 321507).
cost(5, 12, 321371).
cost(5, 13, 853553).
cost(5, 14, 606439).
cost(5, 15, 470972).
cost(5, 16, 529842).
cost(6, 1, 397296).
cost(6, 2, 363001).
cost(6, 3, 454989).
cost(6, 4, 322262).
cost(6, 5, 298935).
cost(6, 7, 658646).
cost(6, 8, 568995).
cost(6, 9, 467142).
cost(6, 10, 557505).
cost(6, 11, 379723).
cost(6, 12, 393621).
cost(6, 13, 916789).
cost(6, 14, 640997).
cost(6, 15, 553425).
cost(6, 16, 683440).
cost(7, 1, 443812).
cost(7, 2, 572202).
cost(7, 3, 722828).
cost(7, 4, 397761).
cost(7, 5, 360216).
cost(7, 6, 658646).
cost(7, 8, 700703).
cost(7, 9, 194534).
cost(7, 10, 446133).
cost(7, 11, 523295).
cost(7, 12, 510398).
cost(7, 13, 884844).
cost(7, 14, 720466).
cost(7, 15, 575170).
cost(7, 16, 515212).
cost(8, 1, 287813).
cost(8, 2, 218089).
cost(8, 3, 141485).
cost(8, 4, 396666).
cost(8, 5, 553069).
cost(8, 6, 568995).
cost(8, 7, 700703).
cost(8, 9, 568017).
cost(8, 10, 264603).
cost(8, 11, 232097).
cost(8, 12, 231858).
cost(8, 13, 350087).
cost(8, 14, 74592).
cost(8, 15, 131073).
cost(8, 16, 284052).
cost(9, 1, 285735).
cost(9, 2, 404066).
cost(9, 3, 561941).
cost(9, 4, 212465).
cost(9, 5, 172686).
cost(9, 6, 467142).
cost(9, 7, 194534).
cost(9, 8, 568017).
cost(9, 10, 348315).
cost(9, 11, 360189).
cost(9, 12, 351071).
cost(9, 13, 814044).
cost(9, 14, 603773).
cost(9, 15, 456518).
cost(9, 16, 455627).
cost(10, 1, 160407).
cost(10, 2, 240575).
cost(10, 3, 332413).
cost(10, 4, 261170).
cost(10, 5, 402936).
cost(10, 6, 557505).
cost(10, 7, 446133).
cost(10, 8, 264603).
cost(10, 9, 348315).
cost(10, 11, 196812).
cost(10, 12, 178642).
cost(10, 13, 466107).
cost(10, 14, 274788).
cost(10, 15, 133788).
cost(10, 16, 130239).
cost(11, 1, 79790).
cost(11, 2, 51841).
cost(11, 3, 201993).
cost(11, 4, 167045).
cost(11, 5, 321507).
cost(11, 6, 379723).
cost(11, 7, 523295).
cost(11, 8, 232097).
cost(11, 9, 360189).
cost(11, 10, 196812).
cost(11, 12, 18566).
cost(11, 13, 554541).
cost(11, 14, 290422).
cost(11, 15, 175694).
cost(11, 16, 310839).
cost(12, 1, 66804).
cost(12, 2, 69117).
cost(12, 3, 212984).
cost(12, 4, 164866).
cost(12, 5, 321371).
cost(12, 6, 393621).
cost(12, 7, 510398).
cost(12, 8, 231858).
cost(12, 9, 351071).
cost(12, 10, 178642).
cost(12, 11, 18566).
cost(12, 13, 546971).
cost(12, 14, 286719).
cost(12, 15, 165160).
cost(12, 16, 294250).
cost(13, 1, 581223).
cost(13, 2, 556925).
cost(13, 3, 483130).
cost(13, 4, 698175).
cost(13, 5, 853553).
cost(13, 6, 916789).
cost(13, 7, 884844).
cost(13, 8, 350087).
cost(13, 9, 814044).
cost(13, 10, 466107).
cost(13, 11, 554541).
cost(13, 12, 546971).
cost(13, 14, 276362).
cost(13, 15, 384574).
cost(13, 16, 369889).
cost(14, 1, 334646).
cost(14, 2, 284501).
cost(14, 3, 214232).
cost(14, 4, 448794).
cost(14, 5, 606439).
cost(14, 6, 640997).
cost(14, 7, 720466).
cost(14, 8, 74592).
cost(14, 9, 603773).
cost(14, 10, 274788).
cost(14, 11, 290422).
cost(14, 12, 286719).
cost(14, 13, 276362).
cost(14, 15, 147774).
cost(14, 16, 258524).
cost(15, 1, 197390).
cost(15, 2, 193343).
cost(15, 3, 221173).
cost(15, 4, 314312).
cost(15, 5, 470972).
cost(15, 6, 553425).
cost(15, 7, 575170).
cost(15, 8, 131073).
cost(15, 9, 456518).
cost(15, 10, 133788).
cost(15, 11, 175694).
cost(15, 12, 165160).
cost(15, 13, 384574).
cost(15, 14, 147774).
cost(15, 16, 173686).
cost(16, 1, 288508).
cost(16, 2, 345895).
cost(16, 3, 394401).
cost(16, 4, 391312).
cost(16, 5, 529842).
cost(16, 6, 683440).
cost(16, 7, 515212).
cost(16, 8, 284052).
cost(16, 9, 455627).
cost(16, 10, 130239).
cost(16, 11, 310839).
cost(16, 12, 294250).
cost(16, 13, 369889).
cost(16, 14, 258524).
cost(16, 15, 173686).
