dimension(16).
point(1, -168951.0, 123441.0).
point(2, -168777.0, 238794.0).
point(3, 38474.0, 228553.0).
point(4, 12610.0, 168076.0).
point(5, 73023.0, -86061.0).
point(6, -280580.0, 376667.0).
point(7, 167061.0, -60160.0).
point(8, -164179.0, 170019.0).
point(9, -65055.0, 56123.0).
point(10, 174395.0, 316404.0).
point(11, 177251.0, -527593.0).
point(12, 104218.0, -77937.0).
point(13, 221844.0, -620574.0).
point(14, 304403.0, -172601.0).
point(15, 670942.0, 336172.0).
point(16, 397580.0, -135715.0).
cost(1, 2, 115353).
cost(1, 3, 232537).
cost(1, 4, 186967).
cost(1, 5, 320066).
cost(1, 6, 276739).
cost(1, 7, 382901).
cost(1, 8, 46822).
cost(1, 9, 123799).
cost(1, 10, 393854).
cost(1, 11, 737361).
cost(1, 12, 339374).
cost(1, 13, 840404).
cost(1, 14, 558305).
cost(1, 15, 866415).
cost(1, 16, 622992).
cost(2, 1, 115353).
cost(2, 3, 207504).
cost(2, 4, 194685).
cost(2, 5, 404967).
cost(2, 6, 177507).
cost(2, 7, 449623).
cost(2, 8, 68929).
cost(2, 9, 210064).
cost(2, 10, 351839).
cost(2, 11, 840883).
cost(2, 12, 418144).
cost(2, 13, 943980).
cost(2, 14, 627013).
cost(2, 15, 845346).
cost(2, 16, 678983).
cost(3, 1, 232537).
cost(3, 2, 207504).
cost(3, 4, 65775).
cost(3, 5, 316505).
cost(3, 6, 351757).
cost(3, 7, 316053).
cost(3, 8, 210937).
cost(3, 9, 201123).
cost(3, 10, 161840).
cost(3, 11, 768776).
cost(3, 12, 313462).
cost(3, 13, 868701).
cost(3, 14, 481293).
cost(3, 15, 641559).
cost(3, 16, 511516).
cost(4, 1, 186967).
cost(4, 2, 194685).
cost(4, 3, 65775).
cost(4, 5, 261219).
cost(4, 6, 359820).
cost(4, 7, 275584).
cost(4, 8, 176800).
cost(4, 9, 136255).
cost(4, 10, 219489).
cost(4, 11, 714886).
cost(4, 12, 262516).
cost(4, 13, 815934).
cost(4, 14, 448558).
cost(4, 15, 679454).
cost(4, 16, 490399).
cost(5, 1, 320066).
cost(5, 2, 404967).
cost(5, 3, 316505).
cost(5, 4, 261219).
cost(5, 6, 582368).
cost(5, 7, 97540).
cost(5, 8, 349058).
cost(5, 9, 198196).
cost(5, 10, 415035).
cost(5, 11, 453667).
cost(5, 12, 32235).
cost(5, 13, 554844).
cost(5, 14, 247034).
cost(5, 15, 731975).
cost(5, 16, 328333).
cost(6, 1, 276739).
cost(6, 2, 177507).
cost(6, 3, 351757).
cost(6, 4, 359820).
cost(6, 5, 582368).
cost(6, 7, 625460).
cost(6, 8, 237176).
cost(6, 9, 386263).
cost(6, 10, 458949).
cost(6, 11, 1013556).
cost(6, 12, 595596).
cost(6, 13, 1116655).
cost(6, 14, 802434).
cost(6, 15, 952383).
cost(6, 16, 849963).
cost(7, 1, 382901).
cost(7, 2, 449623).
cost(7, 3, 316053).
cost(7, 4, 275584).
cost(7, 5, 97540).
cost(7, 6, 625460).
cost(7, 8, 403364).
cost(7, 9, 259614).
cost(7, 10, 376635).
cost(7, 11, 467544).
cost(7, 12, 65309).
cost(7, 13, 563085).
cost(7, 14, 177499).
cost(7, 15, 641073).
cost(7, 16, 242585).
cost(8, 1, 46822).
cost(8, 2, 68929).
cost(8, 3, 210937).
cost(8, 4, 176800).
cost(8, 5, 349058).
cost(8, 6, 237176).
cost(8, 7, 403364).
cost(8, 9, 150990).
cost(8, 10, 368864).
cost(8, 11, 776683).
cost(8, 12, 365403).
cost(8, 13, 879802).
cost(8, 14, 580480).
cost(8, 15, 851489).
cost(8, 16, 639567).
cost(9, 1, 123799).
cost(9, 2, 210064).
cost(9, 3, 201123).
cost(9, 4, 136255).
cost(9, 5, 198196).
cost(9, 6, 386263).
cost(9, 7, 259614).
cost(9, 8, 150990).
cost(9, 10, 353670).
cost(9, 11, 632010).
cost(9, 12, 215929).
cost(9, 13, 735003).
cost(9, 14, 434527).
cost(9, 15, 787476).
cost(9, 16, 500832).
cost(10, 1, 393854).
cost(10, 2, 351839).
cost(10, 3, 161840).
cost(10, 4, 219489).
cost(10, 5, 415035).
cost(10, 6, 458949).
cost(10, 7, 376635).
cost(10, 8, 368864).
cost(10, 9, 353670).
cost(10, 11, 844002).
cost(10, 12, 400537).
cost(10, 13, 938179).
cost(10, 14, 505992).
cost(10, 15, 496940).
cost(10, 16, 504205).
cost(11, 1, 737361).
cost(11, 2, 840883).
cost(11, 3, 768776).
cost(11, 4, 714886).
cost(11, 5, 453667).
cost(11, 6, 1013556).
cost(11, 7, 467544).
cost(11, 8, 776683).
cost(11, 9, 632010).
cost(11, 10, 844002).
cost(11, 12, 455548).
cost(11, 13, 103121).
cost(11, 14, 377077).
cost(11, 15, 994897).
cost(11, 16, 449570).
cost(12, 1, 339374).
cost(12, 2, 418144).
cost(12, 3, 313462).
cost(12, 4, 262516).
cost(12, 5, 32235).
cost(12, 6, 595596).
cost(12, 7, 65309).
cost(12, 8, 365403).
cost(12, 9, 215929).
cost(12, 10, 400537).
cost(12, 11, 455548).
cost(12, 13, 555239).
cost(12, 14, 221439).
cost(12, 15, 701899).
cost(12, 16, 298998).
cost(13, 1, 840404).
cost(13, 2, 943980).
cost(13, 3, 868701).
cost(13, 4, 815934).
cost(13, 5, 554844).
cost(13, 6, 1116655).
cost(13, 7, 563085).
cost(13, 8, 879802).
cost(13, 9, 735003).
cost(13, 10, 938179).
cost(13, 11, 103121).
cost(13, 12, 555239).
cost(13, 14, 455517).
cost(13, 15, 1056907).
cost(13, 16, 515724).
cost(14, 1, 558305).
cost(14, 2, 627013).
cost(14, 3, 481293).
cost(14, 4, 448558).
cost(14, 5, 247034).
cost(14, 6, 802434).
cost(14, 7, 177499).
cost(14, 8, 580480).
cost(14, 9, 434527).
cost(14, 10, 505992).
cost(14, 11, 377077).
cost(14, 12, 221439).
cost(14, 13, 455517).
cost(14, 15, 627057).
cost(14, 16, 100212).
cost(15, 1, 866415).
cost(15, 2, 845346).
cost(15, 3, 641559).
cost(15, 4, 679454).
cost(15, 5, 731975).
cost(15, 6, 952383).
cost(15, 7, 641073).
cost(15, 8, 851489).
cost(15, 9, 787476).
cost(15, 10, 496940).
cost(15, 11, 994897).
cost(15, 12, 701899).
cost(15, 13, 1056907).
cost(15, 14, 627057).
cost(15, 16, 545348).
cost(16, 1, 622992).
cost(16, 2, 678983).
cost(16, 3, 511516).
cost(16, 4, 490399).
cost(16, 5, 328333).
cost(16, 6, 849963).
cost(16, 7, 242585).
cost(16, 8, 639567).
cost(16, 9, 500832).
cost(16, 10, 504205).
cost(16, 11, 449570).
cost(16, 12, 298998).
cost(16, 13, 515724).
cost(16, 14, 100212).
cost(16, 15, 545348).
