dimension(16).
point(1, -9253.0, 482620.0).
point(2, 21575.0, -85879.0).
point(3, -59684.0, 287128.0).
point(4, 152918.0, 250640.0).
point(5, -72729.0, 144919.0).
point(6, -21019.0, -120489.0).
point(7, -318245.0, 145497.0).
point(8, -45219.0, 274411.0).
point(9, 88660.0, 157214.0).
point(10, -19424.0, 131186.0).
point(11, -230983.0, -329453.0).
point(12, -328875.0, -335371.0).
point(13, 49944.0, -63567.0).
point(14, 59814.0, -273534.0).
point(15, -144121.0, 143358.0).
point(16, 256648.0, -152417.0).
cost(1, 2, 569334).
cost(1, 3, 201892).
cost(1, 4, 283044).
cost(1, 5, 343615).
cost(1, 6, 603224).
cost(1, 7, 457305).
cost(1, 8, 211293).
cost(1, 9, 339818).
cost(1, 10, 351581).
cost(1, 11, 841800).
cost(1, 12, 878218).
cost(1, 13, 549386).
cost(1, 14, 759302).
cost(1, 15, 365086).
cost(1, 16, 688459).
cost(2, 1, 569334).
cost(2, 3, 381755).
cost(2, 4, 361242).
cost(2, 5, 249321).
cost(2, 6, 54883).
cost(2, 7, 411111).
cost(2, 8, 366429).
cost(2, 9, 252180).
cost(2, 10, 220903).
cost(2, 11, 350876).
cost(2, 12, 430188).
cost(2, 13, 36092).
cost(2, 14, 191511).
cost(2, 15, 282851).
cost(2, 16, 244308).
cost(3, 1, 201892).
cost(3, 2, 381755).
cost(3, 4, 215710).
cost(3, 5, 142806).
cost(3, 6, 409447).
cost(3, 7, 294810).
cost(3, 8, 19260).
cost(3, 9, 197189).
cost(3, 10, 161055).
cost(3, 11, 639934).
cost(3, 12, 678210).
cost(3, 13, 367431).
cost(3, 14, 573255).
cost(3, 15, 166732).
cost(3, 16, 541540).
cost(4, 1, 283044).
cost(4, 2, 361242).
cost(4, 3, 215710).
cost(4, 5, 249186).
cost(4, 6, 409867).
cost(4, 7, 482752).
cost(4, 8, 199558).
cost(4, 9, 113391).
cost(4, 10, 209693).
cost(4, 11, 695620).
cost(4, 12, 758639).
cost(4, 13, 330650).
cost(4, 14, 532378).
cost(4, 15, 315819).
cost(4, 16, 416191).
cost(5, 1, 343615).
cost(5, 2, 249321).
cost(5, 3, 142806).
cost(5, 4, 249186).
cost(5, 6, 270398).
cost(5, 7, 245517).
cost(5, 8, 132382).
cost(5, 9, 161857).
cost(5, 10, 55046).
cost(5, 11, 500073).
cost(5, 12, 544325).
cost(5, 13, 241899).
cost(5, 14, 438943).
cost(5, 15, 71409).
cost(5, 16, 443732).
cost(6, 1, 603224).
cost(6, 2, 54883).
cost(6, 3, 409447).
cost(6, 4, 409867).
cost(6, 5, 270398).
cost(6, 7, 398863).
cost(6, 8, 395641).
cost(6, 9, 298577).
cost(6, 10, 251680).
cost(6, 11, 296228).
cost(6, 12, 375433).
cost(6, 13, 90972).
cost(6, 14, 173080).
cost(6, 15, 291152).
cost(6, 16, 279497).
cost(7, 1, 457305).
cost(7, 2, 411111).
cost(7, 3, 294810).
cost(7, 4, 482752).
cost(7, 5, 245517).
cost(7, 6, 398863).
cost(7, 8, 301930).
cost(7, 9, 407074).
cost(7, 10, 299163).
cost(7, 11, 482900).
cost(7, 12, 480985).
cost(7, 13, 423404).
cost(7, 14, 564372).
cost(7, 15, 174137).
cost(7, 16, 647499).
cost(8, 1, 211293).
cost(8, 2, 366429).
cost(8, 3, 19260).
cost(8, 4, 199558).
cost(8, 5, 132382).
cost(8, 6, 395641).
cost(8, 7, 301930).
cost(8, 9, 177929).
cost(8, 10, 145529).
cost(8, 11, 631791).
cost(8, 12, 672529).
cost(8, 13, 351120).
cost(8, 14, 557921).
cost(8, 15, 164184).
cost(8, 16, 522787).
cost(9, 1, 339818).
cost(9, 2, 252180).
cost(9, 3, 197189).
cost(9, 4, 113391).
cost(9, 5, 161857).
cost(9, 6, 298577).
cost(9, 7, 407074).
cost(9, 8, 177929).
cost(9, 10, 111174).
cost(9, 11, 582251).
cost(9, 12, 645736).
cost(9, 13, 224150).
cost(9, 14, 431713).
cost(9, 15, 233193).
cost(9, 16, 352266).
cost(10, 1, 351581).
cost(10, 2, 220903).
cost(10, 3, 161055).
cost(10, 4, 209693).
cost(10, 5, 55046).
cost(10, 6, 251680).
cost(10, 7, 299163).
cost(10, 8, 145529).
cost(10, 9, 111174).
cost(10, 11, 506898).
cost(10, 12, 559853).
cost(10, 13, 206738).
cost(10, 14, 412404).
cost(10, 15, 125290).
cost(10, 16, 395786).
cost(11, 1, 841800).
cost(11, 2, 350876).
cost(11, 3, 639934).
cost(11, 4, 695620).
cost(11, 5, 500073).
cost(11, 6, 296228).
cost(11, 7, 482900).
cost(11, 8, 631791).
cost(11, 9, 582251).
cost(11, 10, 506898).
cost(11, 12, 98071).
cost(11, 13, 386801).
cost(11, 14, 296125).
cost(11, 15, 480724).
cost(11, 16, 518773).
cost(12, 1, 878218).
cost(12, 2, 430188).
cost(12, 3, 678210).
cost(12, 4, 758639).
cost(12, 5, 544325).
cost(12, 6, 375433).
cost(12, 7, 480985).
cost(12, 8, 672529).
cost(12, 9, 645736).
cost(12, 10, 559853).
cost(12, 11, 98071).
cost(12, 13, 466242).
cost(12, 14, 393577).
cost(12, 15, 513143).
cost(12, 16, 613441).
cost(13, 1, 549386).
cost(13, 2, 36092).
cost(13, 3, 367431).
cost(13, 4, 330650).
cost(13, 5, 241899).
cost(13, 6, 90972).
cost(13, 7, 423404).
cost(13, 8, 351120).
cost(13, 9, 224150).
cost(13, 10, 206738).
cost(13, 11, 386801).
cost(13, 12, 466242).
cost(13, 14, 210199).
cost(13, 15, 283689).
cost(13, 16, 224991).
cost(14, 1, 759302).
cost(14, 2, 191511).
cost(14, 3, 573255).
cost(14, 4, 532378).
cost(14, 5, 438943).
cost(14, 6, 173080).
cost(14, 7, 564372).
cost(14, 8, 557921).
cost(14, 9, 431713).
cost(14, 10, 412404).
cost(14, 11, 296125).
cost(14, 12, 393577).
cost(14, 13, 210199).
cost(14, 15, 464100).
cost(14, 16, 231112).
cost(15, 1, 365086).
cost(15, 2, 282851).
cost(15, 3, 166732).
cost(15, 4, 315819).
cost(15, 5, 71409).
cost(15, 6, 291152).
cost(15, 7, 174137).
cost(15, 8, 164184).
cost(15, 9, 233193).
cost(15, 10, 125290).
cost(15, 11, 480724).
cost(15, 12, 513143).
cost(15, 13, 283689).
cost(15, 14, 464100).
cost(15, 16, 498095).
cost(16, 1, 688459).
cost(16, 2, 244308).
cost(16, 3, 541540).
cost(16, 4, 416191).
cost(16, 5, 443732).
cost(16, 6, 279497).
cost(16, 7, 647499).
cost(16, 8, 522787).
cost(16, 9, 352266).
cost(16, 10, 395786).
cost(16, 11, 518773).
cost(16, 12, 613441).
cost(16, 13, 224991).
cost(16, 14, 231112).
cost(16, 15, 498095).
