dimension(16).
point(1, -232044.0, 300977.0).
point(2, 302058.0, 122819.0).
point(3, -200351.0, 58233.0).
point(4, 804597.0, -56426.0).
point(5, -80010.0, 73240.0).
point(6, -87924.0, 299958.0).
point(7, 29866.0, 171271.0).
point(8, 169525.0, -68731.0).
point(9, 93252.0, 278149.0).
point(10, 29337.0, 282215.0).
point(11, -142202.0, -480248.0).
point(12, 201016.0, -374712.0).
point(13, -185287.0, -128945.0).
point(14, 204827.0, 292415.0).
point(15, -230873.0, -12403.0).
point(16, -15838.0, 128078.0).
cost(1, 2, 563032).
cost(1, 3, 244804).
cost(1, 4, 1096522).
cost(1, 5, 273822).
cost(1, 6, 144124).
cost(1, 7, 292268).
cost(1, 8, 545840).
cost(1, 9, 326096).
cost(1, 10, 262054).
cost(1, 11, 786374).
cost(1, 12, 802556).
cost(1, 13, 432457).
cost(1, 14, 436955).
cost(1, 15, 313382).
cost(1, 16, 276838).
cost(2, 1, 563032).
cost(2, 3, 506543).
cost(2, 4, 533549).
cost(2, 5, 385271).
cost(2, 6, 428327).
cost(2, 7, 276471).
cost(2, 8, 232930).
cost(2, 9, 260245).
cost(2, 10, 315886).
cost(2, 11, 749037).
cost(2, 12, 507687).
cost(2, 13, 548535).
cost(2, 14, 195491).
cost(2, 15, 549819).
cost(2, 16, 317939).
cost(3, 1, 244804).
cost(3, 2, 506543).
cost(3, 4, 1011468).
cost(3, 5, 121273).
cost(3, 6, 266591).
cost(3, 7, 256471).
cost(3, 8, 391060).
cost(3, 9, 366832).
cost(3, 10, 320819).
cost(3, 11, 541612).
cost(3, 12, 590370).
cost(3, 13, 187783).
cost(3, 14, 467985).
cost(3, 15, 76948).
cost(3, 16, 197290).
cost(4, 1, 1096522).
cost(4, 2, 533549).
cost(4, 3, 1011468).
cost(4, 5, 894060).
cost(4, 6, 961043).
cost(4, 7, 807499).
cost(4, 8, 635191).
cost(4, 9, 786099).
cost(4, 10, 845994).
cost(4, 11, 1037330).
cost(4, 12, 682361).
cost(4, 13, 992537).
cost(4, 14, 693840).
cost(4, 15, 1036405).
cost(4, 16, 840925).
cost(5, 1, 273822).
cost(5, 2, 385271).
cost(5, 3, 121273).
cost(5, 4, 894060).
cost(5, 6, 226856).
cost(5, 7, 147251).
cost(5, 8, 287095).
cost(5, 9, 268342).
cost(5, 10, 235854).
cost(5, 11, 556971).
cost(5, 12, 528807).
cost(5, 13, 227952).
cost(5, 14, 359402).
cost(5, 15, 173477).
cost(5, 16, 84411).
cost(6, 1, 144124).
cost(6, 2, 428327).
cost(6, 3, 266591).
cost(6, 4, 961043).
cost(6, 5, 226856).
cost(6, 7, 174456).
cost(6, 8, 449679).
cost(6, 9, 182484).
cost(6, 10, 118596).
cost(6, 11, 782092).
cost(6, 12, 733939).
cost(6, 13, 439815).
cost(6, 14, 292848).
cost(6, 15, 343517).
cost(6, 16, 186384).
cost(7, 1, 292268).
cost(7, 2, 276471).
cost(7, 3, 256471).
cost(7, 4, 807499).
cost(7, 5, 147251).
cost(7, 6, 174456).
cost(7, 8, 277679).
cost(7, 9, 124261).
cost(7, 10, 110945).
cost(7, 11, 673858).
cost(7, 12, 572180).
cost(7, 13, 369351).
cost(7, 14, 212808).
cost(7, 15, 318937).
cost(7, 16, 62885).
cost(8, 1, 545840).
cost(8, 2, 232930).
cost(8, 3, 391060).
cost(8, 4, 635191).
cost(8, 5, 287095).
cost(8, 6, 449679).
cost(8, 7, 277679).
cost(8, 9, 355167).
cost(8, 10, 377910).
cost(8, 11, 516256).
cost(8, 12, 307597).
cost(8, 13, 359885).
cost(8, 14, 362867).
cost(8, 15, 404341).
cost(8, 16, 270358).
cost(9, 1, 326096).
cost(9, 2, 260245).
cost(9, 3, 366832).
cost(9, 4, 786099).
cost(9, 5, 268342).
cost(9, 6, 182484).
cost(9, 7, 124261).
cost(9, 8, 355167).
cost(9, 10, 64044).
cost(9, 11, 794106).
cost(9, 12, 661695).
cost(9, 13, 493264).
cost(9, 14, 112483).
cost(9, 15, 435290).
cost(9, 16, 185531).
cost(10, 1, 262054).
cost(10, 2, 315886).
cost(10, 3, 320819).
cost(10, 4, 845994).
cost(10, 5, 235854).
cost(10, 6, 118596).
cost(10, 7, 110945).
cost(10, 8, 377910).
cost(10, 9, 64044).
cost(10, 11, 781521).
cost(10, 12, 678990).
cost(10, 13, 463806).
cost(10, 14, 175786).
cost(10, 15, 393076).
cost(10, 16, 160621).
cost(11, 1, 786374).
cost(11, 2, 749037).
cost(11, 3, 541612).
cost(11, 4, 1037330).
cost(11, 5, 556971).
cost(11, 6, 782092).
cost(11, 7, 673858).
cost(11, 8, 516256).
cost(11, 9, 794106).
cost(11, 10, 781521).
cost(11, 12, 359077).
cost(11, 13, 353935).
cost(11, 14, 847017).
cost(11, 15, 476174).
cost(11, 16, 621312).
cost(12, 1, 802556).
cost(12, 2, 507687).
cost(12, 3, 590370).
cost(12, 4, 682361).
cost(12, 5, 528807).
cost(12, 6, 733939).
cost(12, 7, 572180).
cost(12, 8, 307597).
cost(12, 9, 661695).
cost(12, 10, 678990).
cost(12, 11, 359077).
cost(12, 13, 457855).
cost(12, 14, 667138).
cost(12, 15, 563734).
cost(12, 16, 547561).
cost(13, 1, 432457).
cost(13, 2, 548535).
cost(13, 3, 187783).
cost(13, 4, 992537).
cost(13, 5, 227952).
cost(13, 6, 439815).
cost(13, 7, 369351).
cost(13, 8, 359885).
cost(13, 9, 493264).
cost(13, 10, 463806).
cost(13, 11, 353935).
cost(13, 12, 457855).
cost(13, 14, 574224).
cost(13, 15, 125140).
cost(13, 16, 307854).
cost(14, 1, 436955).
cost(14, 2, 195491).
cost(14, 3, 467985).
cost(14, 4, 693840).
cost(14, 5, 359402).
cost(14, 6, 292848).
cost(14, 7, 212808).
cost(14, 8, 362867).
cost(14, 9, 112483).
cost(14, 10, 175786).
cost(14, 11, 847017).
cost(14, 12, 667138).
cost(14, 13, 574224).
cost(14, 15, 531741).
cost(14, 16, 275136).
cost(15, 1, 313382).
cost(15, 2, 549819).
cost(15, 3, 76948).
cost(15, 4, 1036405).
cost(15, 5, 173477).
cost(15, 6, 343517).
cost(15, 7, 318937).
cost(15, 8, 404341).
cost(15, 9, 435290).
cost(15, 10, 393076).
cost(15, 11, 476174).
cost(15, 12, 563734).
cost(15, 13, 125140).
cost(15, 14, 531741).
cost(15, 16, 256856).
cost(16, 1, 276838).
cost(16, 2, 317939).
cost(16, 3, 197290).
cost(16, 4, 840925).
cost(16, 5, 84411).
cost(16, 6, 186384).
cost(16, 7, 62885).
cost(16, 8, 270358).
cost(16, 9, 185531).
cost(16, 10, 160621).
cost(16, 11, 621312).
cost(16, 12, 547561).
cost(16, 13, 307854).
cost(16, 14, 275136).
cost(16, 15, 256856).
