dimension(24).
point(1, -193934.0, 323685.0).
point(2, 212429.0, 142764.0).
point(3, 86552.0, 87100.0).
point(4, 258626.0, -94966.0).
point(5, 13689.0, -56779.0).
point(6, -39680.0, -9192.0).
point(7, 210357.0, 47270.0).
point(8, 79761.0, 91087.0).
point(9, -317611.0, 14080.0).
point(10, -213233.0, 203374.0).
point(11, 55355.0, -237378.0).
point(12, -59069.0, 71199.0).
point(13, -233714.0, -199643.0).
point(14, -130718.0, 209546.0).
point(15, 103904.0, -77448.0).
point(16, -247243.0, -126914.0).
point(17, 287416.0, 25666.0).
point(18, 27576.0, -332503.0).
point(19, -123406.0, -144160.0).
point(20, 29714.0, 646642.0).
point(21, -80914.0, 32647.0).
point(22, -71696.0, -161749.0).
point(23, -248215.0, 15764.0).
point(24, 206706.0, -9139.0).
cost(1, 2, 444818).
cost(1, 3, 366940).
cost(1, 4, 616506).
cost(1, 5, 433428).
cost(1, 6, 366881).
cost(1, 7, 489751).
cost(1, 8, 359181).
cost(1, 9, 333394).
cost(1, 10, 121849).
cost(1, 11, 613952).
cost(1, 12, 286248).
cost(1, 13, 524838).
cost(1, 14, 130476).
cost(1, 15, 499615).
cost(1, 16, 453741).
cost(1, 17, 566139).
cost(1, 18, 692567).
cost(1, 19, 473131).
cost(1, 20, 392835).
cost(1, 21, 312212).
cost(1, 22, 500588).
cost(1, 23, 312669).
cost(1, 24, 520850).
cost(2, 1, 444818).
cost(2, 3, 137635).
cost(2, 4, 242177).
cost(2, 5, 281629).
cost(2, 6, 294363).
cost(2, 7, 95516).
cost(2, 8, 142377).
cost(2, 9, 545437).
cost(2, 10, 429955).
cost(2, 11, 411315).
cost(2, 12, 280772).
cost(2, 13, 562393).
cost(2, 14, 349585).
cost(2, 15, 245502).
cost(2, 16, 532940).
cost(2, 17, 139050).
cost(2, 18, 509950).
cost(2, 19, 441713).
cost(2, 20, 535983).
cost(2, 21, 313330).
cost(2, 22, 416480).
cost(2, 23, 477830).
cost(2, 24, 152011).
cost(3, 1, 366940).
cost(3, 2, 137635).
cost(3, 4, 250514).
cost(3, 5, 161277).
cost(3, 6, 158766).
cost(3, 7, 130054).
cost(3, 8, 7875).
cost(3, 9, 410706).
cost(3, 10, 321544).
cost(3, 11, 325974).
cost(3, 12, 146487).
cost(3, 13, 429874).
cost(3, 14, 249398).
cost(3, 15, 165460).
cost(3, 16, 396511).
cost(3, 17, 210049).
cost(3, 18, 423727).
cost(3, 19, 312352).
cost(3, 20, 562421).
cost(3, 21, 176097).
cost(3, 22, 294904).
cost(3, 23, 342283).
cost(3, 24, 153945).
cost(4, 1, 616506).
cost(4, 2, 242177).
cost(4, 3, 250514).
cost(4, 5, 247896).
cost(4, 6, 310393).
cost(4, 7, 150203).
cost(4, 8, 258086).
cost(4, 9, 586464).
cost(4, 10, 558263).
cost(4, 11, 248194).
cost(4, 12, 358526).
cost(4, 13, 503345).
cost(4, 14, 494284).
cost(4, 15, 155711).
cost(4, 16, 506877).
cost(4, 17, 124020).
cost(4, 18, 331373).
cost(4, 19, 385186).
cost(4, 20, 776133).
cost(4, 21, 362729).
cost(4, 22, 337005).
cost(4, 23, 518796).
cost(4, 24, 100309).
cost(5, 1, 433428).
cost(5, 2, 281629).
cost(5, 3, 161277).
cost(5, 4, 247896).
cost(5, 6, 71504).
cost(5, 7, 222496).
cost(5, 8, 161956).
cost(5, 9, 338793).
cost(5, 10, 345215).
cost(5, 11, 185343).
cost(5, 12, 147214).
cost(5, 13, 285689).
cost(5, 14, 302956).
cost(5, 15, 92552).
cost(5, 16, 270193).
cost(5, 17, 285873).
cost(5, 18, 276073).
cost(5, 19, 162575).
cost(5, 20, 703604).
cost(5, 21, 130180).
cost(5, 22, 135312).
cost(5, 23, 271765).
cost(5, 24, 198809).
cost(6, 1, 366881).
cost(6, 2, 294363).
cost(6, 3, 158766).
cost(6, 4, 310393).
cost(6, 5, 71504).
cost(6, 7, 256333).
cost(6, 8, 155955).
cost(6, 9, 278904).
cost(6, 10, 274417).
cost(6, 11, 247185).
cost(6, 12, 82696).
cost(6, 13, 271884).
cost(6, 14, 236927).
cost(6, 15, 158982).
cost(6, 16, 238623).
cost(6, 17, 328948).
cost(6, 18, 330232).
cost(6, 19, 158828).
cost(6, 20, 659495).
cost(6, 21, 58743).
cost(6, 22, 155880).
cost(6, 23, 210023).
cost(6, 24, 246386).
cost(7, 1, 489751).
cost(7, 2, 95516).
cost(7, 3, 130054).
cost(7, 4, 150203).
cost(7, 5, 222496).
cost(7, 6, 256333).
cost(7, 8, 137751).
cost(7, 9, 529010).
cost(7, 10, 451439).
cost(7, 11, 324114).
cost(7, 12, 270487).
cost(7, 13, 508099).
cost(7, 14, 377711).
cost(7, 15, 163972).
cost(7, 16, 489630).
cost(7, 17, 80030).
cost(7, 18, 421469).
cost(7, 19, 384764).
cost(7, 20, 626002).
cost(7, 21, 291638).
cost(7, 22, 351060).
cost(7, 23, 459653).
cost(7, 24, 56527).
cost(8, 1, 359181).
cost(8, 2, 142377).
cost(8, 3, 7875).
cost(8, 4, 258086).
cost(8, 5, 161956).
cost(8, 6, 155955).
cost(8, 7, 137751).
cost(8, 9, 404765).
cost(8, 10, 313774).
cost(8, 11, 329370).
cost(8, 12, 140247).
cost(8, 13, 427540).
cost(8, 14, 241524).
cost(8, 15, 170255).
cost(8, 16, 393009).
cost(8, 17, 217717).
cost(8, 18, 426792).
cost(8, 19, 310834).
cost(8, 20, 557805).
cost(8, 21, 170973).
cost(8, 22, 294729).
cost(8, 23, 336514).
cost(8, 24, 161741).
cost(9, 1, 333394).
cost(9, 2, 545437).
cost(9, 3, 410706).
cost(9, 4, 586464).
cost(9, 5, 338793).
cost(9, 6, 278904).
cost(9, 7, 529010).
cost(9, 8, 404765).
cost(9, 10, 216164).
cost(9, 11, 449816).
cost(9, 12, 264776).
cost(9, 13, 229600).
cost(9, 14, 270437).
cost(9, 15, 431338).
cost(9, 16, 157578).
cost(9, 17, 605138).
cost(9, 18, 489156).
cost(9, 19, 250510).
cost(9, 20, 721643).
cost(9, 21, 237424).
cost(9, 22, 302308).
cost(9, 23, 69416).
cost(9, 24, 524831).
cost(10, 1, 121849).
cost(10, 2, 429955).
cost(10, 3, 321544).
cost(10, 4, 558263).
cost(10, 5, 345215).
cost(10, 6, 274417).
cost(10, 7, 451439).
cost(10, 8, 313774).
cost(10, 9, 216164).
cost(10, 11, 516141).
cost(10, 12, 203068).
cost(10, 13, 403537).
cost(10, 14, 82746).
cost(10, 15, 423600).
cost(10, 16, 332034).
cost(10, 17, 531253).
cost(10, 18, 587497).
cost(10, 19, 358955).
cost(10, 20, 505480).
cost(10, 21, 216000).
cost(10, 22, 391596).
cost(10, 23, 190844).
cost(10, 24, 470649).
cost(11, 1, 613952).
cost(11, 2, 411315).
cost(11, 3, 325974).
cost(11, 4, 248194).
cost(11, 5, 185343).
cost(11, 6, 247185).
cost(11, 7, 324114).
cost(11, 8, 329370).
cost(11, 9, 449816).
cost(11, 10, 516141).
cost(11, 12, 329109).
cost(11, 13, 291522).
cost(11, 14, 484112).
cost(11, 15, 167137).
cost(11, 16, 322130).
cost(11, 17, 350777).
cost(11, 18, 99098).
cost(11, 19, 201606).
cost(11, 20, 884392).
cost(11, 21, 302461).
cost(11, 22, 147857).
cost(11, 23, 395267).
cost(11, 24, 273862).
cost(12, 1, 286248).
cost(12, 2, 280772).
cost(12, 3, 146487).
cost(12, 4, 358526).
cost(12, 5, 147214).
cost(12, 6, 82696).
cost(12, 7, 270487).
cost(12, 8, 140247).
cost(12, 9, 264776).
cost(12, 10, 203068).
cost(12, 11, 329109).
cost(12, 13, 322267).
cost(12, 14, 155799).
cost(12, 15, 220581).
cost(12, 16, 273237).
cost(12, 17, 349464).
cost(12, 18, 412895).
cost(12, 19, 224764).
cost(12, 20, 582252).
cost(12, 21, 44311).
cost(12, 22, 233290).
cost(12, 23, 197102).
cost(12, 24, 277652).
cost(13, 1, 524838).
cost(13, 2, 562393).
cost(13, 3, 429874).
cost(13, 4, 503345).
cost(13, 5, 285689).
cost(13, 6, 271884).
cost(13, 7, 508099).
cost(13, 8, 427540).
cost(13, 9, 229600).
cost(13, 10, 403537).
cost(13, 11, 291522).
cost(13, 12, 322267).
cost(13, 14, 421952).
cost(13, 15, 359051).
cost(13, 16, 73977).
cost(13, 17, 567750).
cost(13, 18, 293128).
cost(13, 19, 123476).
cost(13, 20, 886337).
cost(13, 21, 278040).
cost(13, 22, 166390).
cost(13, 23, 215895).
cost(13, 24, 479856).
cost(14, 1, 130476).
cost(14, 2, 349585).
cost(14, 3, 249398).
cost(14, 4, 494284).
cost(14, 5, 302956).
cost(14, 6, 236927).
cost(14, 7, 377711).
cost(14, 8, 241524).
cost(14, 9, 270437).
cost(14, 10, 82746).
cost(14, 11, 484112).
cost(14, 12, 155799).
cost(14, 13, 421952).
cost(14, 15, 370693).
cost(14, 16, 356067).
cost(14, 17, 456780).
cost(14, 18, 564689).
cost(14, 19, 353782).
cost(14, 20, 465609).
cost(14, 21, 183776).
cost(14, 22, 375957).
cost(14, 23, 226621).
cost(14, 24, 402092).
cost(15, 1, 499615).
cost(15, 2, 245502).
cost(15, 3, 165460).
cost(15, 4, 155711).
cost(15, 5, 92552).
cost(15, 6, 158982).
cost(15, 7, 163972).
cost(15, 8, 170255).
cost(15, 9, 431338).
cost(15, 10, 423600).
cost(15, 11, 167137).
cost(15, 12, 220581).
cost(15, 13, 359051).
cost(15, 14, 370693).
cost(15, 16, 354614).
cost(15, 17, 210497).
cost(15, 18, 266231).
cost(15, 19, 236897).
cost(15, 20, 727881).
cost(15, 21, 215125).
cost(15, 22, 194787).
cost(15, 23, 364248).
cost(15, 24, 123428).
cost(16, 1, 453741).
cost(16, 2, 532940).
cost(16, 3, 396511).
cost(16, 4, 506877).
cost(16, 5, 270193).
cost(16, 6, 238623).
cost(16, 7, 489630).
cost(16, 8, 393009).
cost(16, 9, 157578).
cost(16, 10, 332034).
cost(16, 11, 322130).
cost(16, 12, 273237).
cost(16, 13, 73977).
cost(16, 14, 356067).
cost(16, 15, 354614).
cost(16, 17, 556004).
cost(16, 18, 343209).
cost(16, 19, 125032).
cost(16, 20, 821641).
cost(16, 21, 230489).
cost(16, 22, 178970).
cost(16, 23, 142681).
cost(16, 24, 468978).
cost(17, 1, 566139).
cost(17, 2, 139050).
cost(17, 3, 210049).
cost(17, 4, 124020).
cost(17, 5, 285873).
cost(17, 6, 328948).
cost(17, 7, 80030).
cost(17, 8, 217717).
cost(17, 9, 605138).
cost(17, 10, 531253).
cost(17, 11, 350777).
cost(17, 12, 349464).
cost(17, 13, 567750).
cost(17, 14, 456780).
cost(17, 15, 210497).
cost(17, 16, 556004).
cost(17, 18, 442495).
cost(17, 19, 444540).
cost(17, 20, 672325).
cost(17, 21, 368396).
cost(17, 22, 405075).
cost(17, 23, 535723).
cost(17, 24, 87895).
cost(18, 1, 692567).
cost(18, 2, 509950).
cost(18, 3, 423727).
cost(18, 4, 331373).
cost(18, 5, 276073).
cost(18, 6, 330232).
cost(18, 7, 421469).
cost(18, 8, 426792).
cost(18, 9, 489156).
cost(18, 10, 587497).
cost(18, 11, 99098).
cost(18, 12, 412895).
cost(18, 13, 293128).
cost(18, 14, 564689).
cost(18, 15, 266231).
cost(18, 16, 343209).
cost(18, 17, 442495).
cost(18, 19, 241389).
cost(18, 20, 979147).
cost(18, 21, 380926).
cost(18, 22, 197514).
cost(18, 23, 444242).
cost(18, 24, 369664).
cost(19, 1, 473131).
cost(19, 2, 441713).
cost(19, 3, 312352).
cost(19, 4, 385186).
cost(19, 5, 162575).
cost(19, 6, 158828).
cost(19, 7, 384764).
cost(19, 8, 310834).
cost(19, 9, 250510).
cost(19, 10, 358955).
cost(19, 11, 201606).
cost(19, 12, 224764).
cost(19, 13, 123476).
cost(19, 14, 353782).
cost(19, 15, 236897).
cost(19, 16, 125032).
cost(19, 17, 444540).
cost(19, 18, 241389).
cost(19, 20, 805490).
cost(19, 21, 181841).
cost(19, 22, 54620).
cost(19, 23, 202862).
cost(19, 24, 356658).
cost(20, 1, 392835).
cost(20, 2, 535983).
cost(20, 3, 562421).
cost(20, 4, 776133).
cost(20, 5, 703604).
cost(20, 6, 659495).
cost(20, 7, 626002).
cost(20, 8, 557805).
cost(20, 9, 721643).
cost(20, 10, 505480).
cost(20, 11, 884392).
cost(20, 12, 582252).
cost(20, 13, 886337).
cost(20, 14, 465609).
cost(20, 15, 727881).
cost(20, 16, 821641).
cost(20, 17, 672325).
cost(20, 18, 979147).
cost(20, 19, 805490).
cost(20, 21, 623882).
cost(20, 22, 814727).
cost(20, 23, 689385).
cost(20, 24, 679246).
cost(21, 1, 312212).
cost(21, 2, 313330).
cost(21, 3, 176097).
cost(21, 4, 362729).
cost(21, 5, 130180).
cost(21, 6, 58743).
cost(21, 7, 291638).
cost(21, 8, 170973).
cost(21, 9, 237424).
cost(21, 10, 216000).
cost(21, 11, 302461).
cost(21, 12, 44311).
cost(21, 13, 278040).
cost(21, 14, 183776).
cost(21, 15, 215125).
cost(21, 16, 230489).
cost(21, 17, 368396).
cost(21, 18, 380926).
cost(21, 19, 181841).
cost(21, 20, 623882).
cost(21, 22, 194614).
cost(21, 23, 168151).
cost(21, 24, 290640).
cost(22, 1, 500588).
cost(22, 2, 416480).
cost(22, 3, 294904).
cost(22, 4, 337005).
cost(22, 5, 135312).
cost(22, 6, 155880).
cost(22, 7, 351060).
cost(22, 8, 294729).
cost(22, 9, 302308).
cost(22, 10, 391596).
cost(22, 11, 147857).
cost(22, 12, 233290).
cost(22, 13, 166390).
cost(22, 14, 375957).
cost(22, 15, 194787).
cost(22, 16, 178970).
cost(22, 17, 405075).
cost(22, 18, 197514).
cost(22, 19, 54620).
cost(22, 20, 814727).
cost(22, 21, 194614).
cost(22, 23, 250339).
cost(22, 24, 317486).
cost(23, 1, 312669).
cost(23, 2, 477830).
cost(23, 3, 342283).
cost(23, 4, 518796).
cost(23, 5, 271765).
cost(23, 6, 210023).
cost(23, 7, 459653).
cost(23, 8, 336514).
cost(23, 9, 69416).
cost(23, 10, 190844).
cost(23, 11, 395267).
cost(23, 12, 197102).
cost(23, 13, 215895).
cost(23, 14, 226621).
cost(23, 15, 364248).
cost(23, 16, 142681).
cost(23, 17, 535723).
cost(23, 18, 444242).
cost(23, 19, 202862).
cost(23, 20, 689385).
cost(23, 21, 168151).
cost(23, 22, 250339).
cost(23, 24, 455602).
cost(24, 1, 520850).
cost(24, 2, 152011).
cost(24, 3, 153945).
cost(24, 4, 100309).
cost(24, 5, 198809).
cost(24, 6, 246386).
cost(24, 7, 56527).
cost(24, 8, 161741).
cost(24, 9, 524831).
cost(24, 10, 470649).
cost(24, 11, 273862).
cost(24, 12, 277652).
cost(24, 13, 479856).
cost(24, 14, 402092).
cost(24, 15, 123428).
cost(24, 16, 468978).
cost(24, 17, 87895).
cost(24, 18, 369664).
cost(24, 19, 356658).
cost(24, 20, 679246).
cost(24, 21, 290640).
cost(24, 22, 317486).
cost(24, 23, 455602).
nocross(1,10).
nocross(1,12).
nocross(1,14).
nocross(2,5).
nocross(2,7).
nocross(2,12).
nocross(2,14).
nocross(2,15).
nocross(2,17).
nocross(2,24).
nocross(3,2).
nocross(3,5).
nocross(3,6).
nocross(3,12).
nocross(3,14).
nocross(3,15).
nocross(3,20).
nocross(3,21).
nocross(3,24).
nocross(4,11).
nocross(4,12).
nocross(4,15).
nocross(4,17).
nocross(4,18).
nocross(4,24).
nocross(5,12).
nocross(5,13).
nocross(5,16).
nocross(5,24).
nocross(6,5).
nocross(6,10).
nocross(6,12).
nocross(6,16).
nocross(6,21).
nocross(6,24).
nocross(7,5).
nocross(7,12).
nocross(7,15).
nocross(7,17).
nocross(7,20).
nocross(8,2).
nocross(8,6).
nocross(8,12).
nocross(8,20).
nocross(8,21).
nocross(9,12).
nocross(9,13).
nocross(9,21).
nocross(10,1).
nocross(10,12).
nocross(10,14).
nocross(10,21).
nocross(10,23).
nocross(11,4).
nocross(11,5).
nocross(11,12).
nocross(11,13).
nocross(11,15).
nocross(11,18).
nocross(11,22).
nocross(12,6).
nocross(12,10).
nocross(12,14).
nocross(12,16).
nocross(12,21).
nocross(12,24).
nocross(13,10).
nocross(13,16).
nocross(13,18).
nocross(13,19).
nocross(14,2).
nocross(14,10).
nocross(14,12).
nocross(15,12).
nocross(16,5).
nocross(16,6).
nocross(16,10).
nocross(16,13).
nocross(16,18).
nocross(16,19).
nocross(16,21).
nocross(16,23).
nocross(17,2).
nocross(17,4).
nocross(17,7).
nocross(17,12).
nocross(17,15).
nocross(17,24).
nocross(18,13).
nocross(19,5).
nocross(19,6).
nocross(19,10).
nocross(19,11).
nocross(19,13).
nocross(19,15).
nocross(19,16).
nocross(19,18).
nocross(19,21).
nocross(20,1).
nocross(20,2).
nocross(20,10).
nocross(20,14).
nocross(21,6).
nocross(21,10).
nocross(21,12).
nocross(21,14).
nocross(21,16).
nocross(22,5).
nocross(22,6).
nocross(22,10).
nocross(22,11).
nocross(22,13).
nocross(22,15).
nocross(22,21).
nocross(23,5).
nocross(23,6).
nocross(23,12).
nocross(23,14).
nocross(23,16).
nocross(23,19).
nocross(23,21).
nocross(24,5).
nocross(24,12).
nocross(24,15).
nocross(24,18).
