dimension(24).
point(1, 130347.0, -184352.0).
point(2, -55375.0, 330478.0).
point(3, 159647.0, -61439.0).
point(4, -245115.0, -258499.0).
point(5, -345443.0, 88004.0).
point(6, -17720.0, -172837.0).
point(7, -395359.0, -217336.0).
point(8, 189579.0, 190248.0).
point(9, -10267.0, -229997.0).
point(10, 791.0, -37118.0).
point(11, 131076.0, -24140.0).
point(12, 23182.0, -318831.0).
point(13, -494787.0, 164202.0).
point(14, -301700.0, 203974.0).
point(15, 383503.0, 282348.0).
point(16, -94237.0, 125391.0).
point(17, -70540.0, -246572.0).
point(18, -32651.0, -220084.0).
point(19, -407326.0, -102488.0).
point(20, 282921.0, -144370.0).
point(21, 57113.0, 345452.0).
point(22, -59552.0, -226988.0).
point(23, 146329.0, 179300.0).
point(24, 22185.0, -159932.0).
cost(1, 2, 547305).
cost(1, 3, 126357).
cost(1, 4, 382713).
cost(1, 5, 548228).
cost(1, 6, 148514).
cost(1, 7, 526740).
cost(1, 8, 379254).
cost(1, 9, 147837).
cost(1, 10, 196119).
cost(1, 11, 160214).
cost(1, 12, 171956).
cost(1, 13, 715739).
cost(1, 14, 580915).
cost(1, 15, 530940).
cost(1, 16, 382595).
cost(1, 17, 210302).
cost(1, 18, 166869).
cost(1, 19, 543869).
cost(1, 20, 157726).
cost(1, 21, 534842).
cost(1, 22, 194626).
cost(1, 23, 364003).
cost(1, 24, 110884).
cost(2, 1, 547305).
cost(2, 3, 447027).
cost(2, 4, 618785).
cost(2, 5, 378065).
cost(2, 6, 504722).
cost(2, 7, 644740).
cost(2, 8, 282253).
cost(2, 9, 562287).
cost(2, 10, 371862).
cost(2, 11, 400647).
cost(2, 12, 654044).
cost(2, 13, 469820).
cost(2, 14, 276910).
cost(2, 15, 441509).
cost(2, 16, 208737).
cost(2, 17, 577249).
cost(2, 18, 551031).
cost(2, 19, 557969).
cost(2, 20, 583031).
cost(2, 21, 113480).
cost(2, 22, 557482).
cost(2, 23, 252070).
cost(2, 24, 496505).
cost(3, 1, 126357).
cost(3, 2, 447027).
cost(3, 4, 450183).
cost(3, 5, 526734).
cost(3, 6, 209448).
cost(3, 7, 576486).
cost(3, 8, 253461).
cost(3, 9, 239338).
cost(3, 10, 160707).
cost(3, 11, 46984).
cost(3, 12, 291330).
cost(3, 13, 692241).
cost(3, 14, 532245).
cost(3, 15, 410245).
cost(3, 16, 315218).
cost(3, 17, 295399).
cost(3, 18, 249293).
cost(3, 19, 568457).
cost(3, 20, 148573).
cost(3, 21, 419611).
cost(3, 22, 274690).
cost(3, 23, 241107).
cost(3, 24, 169106).
cost(4, 1, 382713).
cost(4, 2, 618785).
cost(4, 3, 450183).
cost(4, 5, 360735).
cost(4, 6, 242995).
cost(4, 7, 155781).
cost(4, 8, 624766).
cost(4, 9, 236571).
cost(4, 10, 330877).
cost(4, 11, 443220).
cost(4, 12, 274997).
cost(4, 13, 490930).
cost(4, 14, 465922).
cost(4, 15, 829262).
cost(4, 16, 412475).
cost(4, 17, 174982).
cost(4, 18, 215909).
cost(4, 19, 225060).
cost(4, 20, 540229).
cost(4, 21, 675351).
cost(4, 22, 188219).
cost(4, 23, 587279).
cost(4, 24, 284894).
cost(5, 1, 548228).
cost(5, 2, 378065).
cost(5, 3, 526734).
cost(5, 4, 360735).
cost(5, 6, 418856).
cost(5, 7, 309393).
cost(5, 8, 544704).
cost(5, 9, 462026).
cost(5, 10, 368149).
cost(5, 11, 489537).
cost(5, 12, 548998).
cost(5, 13, 167660).
cost(5, 14, 123946).
cost(5, 15, 754408).
cost(5, 16, 253973).
cost(5, 17, 433027).
cost(5, 18, 439041).
cost(5, 19, 200292).
cost(5, 20, 669954).
cost(5, 21, 477840).
cost(5, 22, 425386).
cost(5, 23, 500175).
cost(5, 24, 443421).
cost(6, 1, 148514).
cost(6, 2, 504722).
cost(6, 3, 209448).
cost(6, 4, 242995).
cost(6, 5, 418856).
cost(6, 7, 380252).
cost(6, 8, 418095).
cost(6, 9, 57644).
cost(6, 10, 136976).
cost(6, 11, 210359).
cost(6, 12, 151615).
cost(6, 13, 584113).
cost(6, 14, 471838).
cost(6, 15, 606773).
cost(6, 16, 307888).
cost(6, 17, 90702).
cost(6, 18, 49550).
cost(6, 19, 395906).
cost(6, 20, 301986).
cost(6, 21, 523664).
cost(6, 22, 68427).
cost(6, 23, 388475).
cost(6, 24, 41940).
cost(7, 1, 526740).
cost(7, 2, 644740).
cost(7, 3, 576486).
cost(7, 4, 155781).
cost(7, 5, 309393).
cost(7, 6, 380252).
cost(7, 8, 712936).
cost(7, 9, 385300).
cost(7, 10, 435216).
cost(7, 11, 560766).
cost(7, 12, 430671).
cost(7, 13, 394281).
cost(7, 14, 431595).
cost(7, 15, 925370).
cost(7, 16, 456220).
cost(7, 17, 326132).
cost(7, 18, 362718).
cost(7, 19, 115470).
cost(7, 20, 682193).
cost(7, 21, 722123).
cost(7, 22, 335946).
cost(7, 23, 671376).
cost(7, 24, 421471).
cost(8, 1, 379254).
cost(8, 2, 282253).
cost(8, 3, 253461).
cost(8, 4, 624766).
cost(8, 5, 544704).
cost(8, 6, 418095).
cost(8, 7, 712936).
cost(8, 9, 465343).
cost(8, 10, 295527).
cost(8, 11, 222227).
cost(8, 12, 535583).
cost(8, 13, 684861).
cost(8, 14, 491471).
cost(8, 15, 214683).
cost(8, 16, 291132).
cost(8, 17, 508403).
cost(8, 18, 466646).
cost(8, 19, 664823).
cost(8, 20, 347393).
cost(8, 21, 204048).
cost(8, 22, 485955).
cost(8, 23, 44614).
cost(8, 24, 388132).
cost(9, 1, 147837).
cost(9, 2, 562287).
cost(9, 3, 239338).
cost(9, 4, 236571).
cost(9, 5, 462026).
cost(9, 6, 57644).
cost(9, 7, 385300).
cost(9, 8, 465343).
cost(9, 10, 193196).
cost(9, 11, 249710).
cost(9, 12, 94923).
cost(9, 13, 624622).
cost(9, 14, 522747).
cost(9, 15, 646183).
cost(9, 16, 365173).
cost(9, 17, 62511).
cost(9, 18, 24481).
cost(9, 19, 417030).
cost(9, 20, 305436).
cost(9, 21, 579380).
cost(9, 22, 49377).
cost(9, 23, 438231).
cost(9, 24, 77216).
cost(10, 1, 196119).
cost(10, 2, 371862).
cost(10, 3, 160707).
cost(10, 4, 330877).
cost(10, 5, 368149).
cost(10, 6, 136976).
cost(10, 7, 435216).
cost(10, 8, 295527).
cost(10, 9, 193196).
cost(10, 11, 130930).
cost(10, 12, 282601).
cost(10, 13, 534909).
cost(10, 14, 386815).
cost(10, 15, 498525).
cost(10, 16, 188254).
cost(10, 17, 221267).
cost(10, 18, 185997).
cost(10, 19, 413319).
cost(10, 20, 301828).
cost(10, 21, 386694).
cost(10, 22, 199228).
cost(10, 23, 260803).
cost(10, 24, 124663).
cost(11, 1, 160214).
cost(11, 2, 400647).
cost(11, 3, 46984).
cost(11, 4, 443220).
cost(11, 5, 489537).
cost(11, 6, 210359).
cost(11, 7, 560766).
cost(11, 8, 222227).
cost(11, 9, 249710).
cost(11, 10, 130930).
cost(11, 12, 313821).
cost(11, 13, 653588).
cost(11, 14, 489215).
cost(11, 15, 397057).
cost(11, 16, 270417).
cost(11, 17, 300208).
cost(11, 18, 255344).
cost(11, 19, 544073).
cost(11, 20, 193681).
cost(11, 21, 376920).
cost(11, 22, 278364).
cost(11, 23, 204011).
cost(11, 24, 174060).
cost(12, 1, 171956).
cost(12, 2, 654044).
cost(12, 3, 291330).
cost(12, 4, 274997).
cost(12, 5, 548998).
cost(12, 6, 151615).
cost(12, 7, 430671).
cost(12, 8, 535583).
cost(12, 9, 94923).
cost(12, 10, 282601).
cost(12, 11, 313821).
cost(12, 13, 708246).
cost(12, 14, 615527).
cost(12, 15, 700890).
cost(12, 16, 459478).
cost(12, 17, 118343).
cost(12, 18, 113439).
cost(12, 19, 481811).
cost(12, 20, 312891).
cost(12, 21, 665149).
cost(12, 22, 123613).
cost(12, 23, 513127).
cost(12, 24, 158902).
cost(13, 1, 715739).
cost(13, 2, 469820).
cost(13, 3, 692241).
cost(13, 4, 490930).
cost(13, 5, 167660).
cost(13, 6, 584113).
cost(13, 7, 394281).
cost(13, 8, 684861).
cost(13, 9, 624622).
cost(13, 10, 534909).
cost(13, 11, 653588).
cost(13, 12, 708246).
cost(13, 14, 197141).
cost(13, 15, 886201).
cost(13, 16, 402426).
cost(13, 17, 590526).
cost(13, 18, 601037).
cost(13, 19, 280665).
cost(13, 20, 836688).
cost(13, 21, 580900).
cost(13, 22, 585200).
cost(13, 23, 641294).
cost(13, 24, 610183).
cost(14, 1, 580915).
cost(14, 2, 276910).
cost(14, 3, 532245).
cost(14, 4, 465922).
cost(14, 5, 123946).
cost(14, 6, 471838).
cost(14, 7, 431595).
cost(14, 8, 491471).
cost(14, 9, 522747).
cost(14, 10, 386815).
cost(14, 11, 489215).
cost(14, 12, 615527).
cost(14, 13, 197141).
cost(14, 15, 689671).
cost(14, 16, 221847).
cost(14, 17, 506386).
cost(14, 18, 502208).
cost(14, 19, 324154).
cost(14, 20, 680533).
cost(14, 21, 385698).
cost(14, 22, 494332).
cost(14, 23, 448708).
cost(14, 24, 487164).
cost(15, 1, 530940).
cost(15, 2, 441509).
cost(15, 3, 410245).
cost(15, 4, 829262).
cost(15, 5, 754408).
cost(15, 6, 606773).
cost(15, 7, 925370).
cost(15, 8, 214683).
cost(15, 9, 646183).
cost(15, 10, 498525).
cost(15, 11, 397057).
cost(15, 12, 700890).
cost(15, 13, 886201).
cost(15, 14, 689671).
cost(15, 16, 502863).
cost(15, 17, 697073).
cost(15, 18, 652397).
cost(15, 19, 879494).
cost(15, 20, 438412).
cost(15, 21, 332434).
cost(15, 22, 675071).
cost(15, 23, 258593).
cost(15, 24, 571106).
cost(16, 1, 382595).
cost(16, 2, 208737).
cost(16, 3, 315218).
cost(16, 4, 412475).
cost(16, 5, 253973).
cost(16, 6, 307888).
cost(16, 7, 456220).
cost(16, 8, 291132).
cost(16, 9, 365173).
cost(16, 10, 188254).
cost(16, 11, 270417).
cost(16, 12, 459478).
cost(16, 13, 402426).
cost(16, 14, 221847).
cost(16, 15, 502863).
cost(16, 17, 372717).
cost(16, 18, 350921).
cost(16, 19, 387238).
cost(16, 20, 463702).
cost(16, 21, 267084).
cost(16, 22, 354082).
cost(16, 23, 246532).
cost(16, 24, 308161).
cost(17, 1, 210302).
cost(17, 2, 577249).
cost(17, 3, 295399).
cost(17, 4, 174982).
cost(17, 5, 433027).
cost(17, 6, 90702).
cost(17, 7, 326132).
cost(17, 8, 508403).
cost(17, 9, 62511).
cost(17, 10, 221267).
cost(17, 11, 300208).
cost(17, 12, 118343).
cost(17, 13, 590526).
cost(17, 14, 506386).
cost(17, 15, 697073).
cost(17, 16, 372717).
cost(17, 18, 46230).
cost(17, 19, 366313).
cost(17, 20, 367940).
cost(17, 21, 605630).
cost(17, 22, 22456).
cost(17, 23, 477911).
cost(17, 24, 126903).
cost(18, 1, 166869).
cost(18, 2, 551031).
cost(18, 3, 249293).
cost(18, 4, 215909).
cost(18, 5, 439041).
cost(18, 6, 49550).
cost(18, 7, 362718).
cost(18, 8, 466646).
cost(18, 9, 24481).
cost(18, 10, 185997).
cost(18, 11, 255344).
cost(18, 12, 113439).
cost(18, 13, 601037).
cost(18, 14, 502208).
cost(18, 15, 652397).
cost(18, 16, 350921).
cost(18, 17, 46230).
cost(18, 19, 392696).
cost(18, 20, 324528).
cost(18, 21, 572616).
cost(18, 22, 27773).
cost(18, 23, 437654).
cost(18, 24, 81396).
cost(19, 1, 543869).
cost(19, 2, 557969).
cost(19, 3, 568457).
cost(19, 4, 225060).
cost(19, 5, 200292).
cost(19, 6, 395906).
cost(19, 7, 115470).
cost(19, 8, 664823).
cost(19, 9, 417030).
cost(19, 10, 413319).
cost(19, 11, 544073).
cost(19, 12, 481811).
cost(19, 13, 280665).
cost(19, 14, 324154).
cost(19, 15, 879494).
cost(19, 16, 387238).
cost(19, 17, 366313).
cost(19, 18, 392696).
cost(19, 20, 691516).
cost(19, 21, 645255).
cost(19, 22, 369387).
cost(19, 23, 621239).
cost(19, 24, 433335).
cost(20, 1, 157726).
cost(20, 2, 583031).
cost(20, 3, 148573).
cost(20, 4, 540229).
cost(20, 5, 669954).
cost(20, 6, 301986).
cost(20, 7, 682193).
cost(20, 8, 347393).
cost(20, 9, 305436).
cost(20, 10, 301828).
cost(20, 11, 193681).
cost(20, 12, 312891).
cost(20, 13, 836688).
cost(20, 14, 680533).
cost(20, 15, 438412).
cost(20, 16, 463702).
cost(20, 17, 367940).
cost(20, 18, 324528).
cost(20, 19, 691516).
cost(20, 21, 539365).
cost(20, 22, 352297).
cost(20, 23, 351311).
cost(20, 24, 261200).
cost(21, 1, 534842).
cost(21, 2, 113480).
cost(21, 3, 419611).
cost(21, 4, 675351).
cost(21, 5, 477840).
cost(21, 6, 523664).
cost(21, 7, 722123).
cost(21, 8, 204048).
cost(21, 9, 579380).
cost(21, 10, 386694).
cost(21, 11, 376920).
cost(21, 12, 665149).
cost(21, 13, 580900).
cost(21, 14, 385698).
cost(21, 15, 332434).
cost(21, 16, 267084).
cost(21, 17, 605630).
cost(21, 18, 572616).
cost(21, 19, 645255).
cost(21, 20, 539365).
cost(21, 22, 584207).
cost(21, 23, 188589).
cost(21, 24, 506590).
cost(22, 1, 194626).
cost(22, 2, 557482).
cost(22, 3, 274690).
cost(22, 4, 188219).
cost(22, 5, 425386).
cost(22, 6, 68427).
cost(22, 7, 335946).
cost(22, 8, 485955).
cost(22, 9, 49377).
cost(22, 10, 199228).
cost(22, 11, 278364).
cost(22, 12, 123613).
cost(22, 13, 585200).
cost(22, 14, 494332).
cost(22, 15, 675071).
cost(22, 16, 354082).
cost(22, 17, 22456).
cost(22, 18, 27773).
cost(22, 19, 369387).
cost(22, 20, 352297).
cost(22, 21, 584207).
cost(22, 23, 455474).
cost(22, 24, 105723).
cost(23, 1, 364003).
cost(23, 2, 252070).
cost(23, 3, 241107).
cost(23, 4, 587279).
cost(23, 5, 500175).
cost(23, 6, 388475).
cost(23, 7, 671376).
cost(23, 8, 44614).
cost(23, 9, 438231).
cost(23, 10, 260803).
cost(23, 11, 204011).
cost(23, 12, 513127).
cost(23, 13, 641294).
cost(23, 14, 448708).
cost(23, 15, 258593).
cost(23, 16, 246532).
cost(23, 17, 477911).
cost(23, 18, 437654).
cost(23, 19, 621239).
cost(23, 20, 351311).
cost(23, 21, 188589).
cost(23, 22, 455474).
cost(23, 24, 361234).
cost(24, 1, 110884).
cost(24, 2, 496505).
cost(24, 3, 169106).
cost(24, 4, 284894).
cost(24, 5, 443421).
cost(24, 6, 41940).
cost(24, 7, 421471).
cost(24, 8, 388132).
cost(24, 9, 77216).
cost(24, 10, 124663).
cost(24, 11, 174060).
cost(24, 12, 158902).
cost(24, 13, 610183).
cost(24, 14, 487164).
cost(24, 15, 571106).
cost(24, 16, 308161).
cost(24, 17, 126903).
cost(24, 18, 81396).
cost(24, 19, 433335).
cost(24, 20, 261200).
cost(24, 21, 506590).
cost(24, 22, 105723).
cost(24, 23, 361234).
nocross(1,9).
nocross(1,11).
nocross(1,12).
nocross(1,18).
nocross(1,20).
nocross(1,24).
nocross(2,1).
nocross(2,4).
nocross(2,6).
nocross(2,11).
nocross(2,14).
nocross(2,15).
nocross(2,16).
nocross(2,23).
nocross(3,11).
nocross(3,15).
nocross(3,20).
nocross(3,21).
nocross(4,6).
nocross(4,10).
nocross(4,11).
nocross(4,17).
nocross(4,18).
nocross(4,22).
nocross(4,24).
nocross(5,2).
nocross(5,4).
nocross(5,6).
nocross(5,10).
nocross(5,11).
nocross(5,16).
nocross(5,17).
nocross(5,18).
nocross(5,22).
nocross(6,4).
nocross(6,10).
nocross(6,11).
nocross(6,17).
nocross(6,18).
nocross(6,22).
nocross(6,24).
nocross(7,19).
nocross(8,2).
nocross(8,11).
nocross(8,15).
nocross(8,21).
nocross(8,23).
nocross(9,6).
nocross(9,12).
nocross(9,17).
nocross(9,18).
nocross(9,22).
nocross(9,24).
nocross(10,4).
nocross(10,5).
nocross(10,6).
nocross(10,11).
nocross(10,16).
nocross(10,21).
nocross(10,23).
nocross(10,24).
nocross(11,3).
nocross(11,6).
nocross(11,8).
nocross(11,10).
nocross(11,15).
nocross(11,16).
nocross(11,20).
nocross(11,21).
nocross(11,22).
nocross(11,23).
nocross(11,24).
nocross(12,1).
nocross(12,4).
nocross(12,9).
nocross(12,17).
nocross(12,24).
nocross(13,2).
nocross(13,5).
nocross(13,14).
nocross(14,2).
nocross(14,5).
nocross(14,16).
nocross(15,8).
nocross(15,21).
nocross(15,23).
nocross(16,2).
nocross(16,4).
nocross(16,5).
nocross(16,6).
nocross(16,10).
nocross(16,11).
nocross(16,14).
nocross(16,19).
nocross(16,21).
nocross(16,22).
nocross(16,23).
nocross(16,24).
nocross(17,4).
nocross(17,6).
nocross(17,9).
nocross(17,18).
nocross(17,19).
nocross(17,22).
nocross(17,24).
nocross(18,6).
nocross(18,9).
nocross(18,17).
nocross(18,22).
nocross(18,24).
nocross(20,1).
nocross(20,3).
nocross(20,5).
nocross(20,9).
nocross(20,11).
nocross(20,12).
nocross(20,15).
nocross(20,18).
nocross(20,24).
nocross(21,2).
nocross(21,15).
nocross(21,23).
nocross(22,4).
nocross(22,6).
nocross(22,9).
nocross(22,17).
nocross(22,18).
nocross(22,24).
nocross(23,2).
nocross(23,8).
nocross(23,10).
nocross(23,11).
nocross(23,15).
nocross(23,16).
nocross(23,21).
nocross(23,24).
nocross(24,1).
nocross(24,5).
nocross(24,6).
nocross(24,11).
nocross(24,18).
