dimension(24).
point(1, 105823.0, 96826.0).
point(2, -346961.0, -236691.0).
point(3, 161462.0, 62369.0).
point(4, 177657.0, 302479.0).
point(5, 46755.0, -319101.0).
point(6, 336536.0, -312504.0).
point(7, 247859.0, -8101.0).
point(8, -228899.0, 158061.0).
point(9, 344201.0, 95452.0).
point(10, -47134.0, -255440.0).
point(11, 91026.0, 140231.0).
point(12, -175514.0, 167380.0).
point(13, 331897.0, -249618.0).
point(14, -171951.0, -237765.0).
point(15, 301496.0, 17421.0).
point(16, -40675.0, -291148.0).
point(17, -94179.0, 124717.0).
point(18, 320057.0, 214319.0).
point(19, -397603.0, -7283.0).
point(20, 254899.0, -127348.0).
point(21, -120322.0, 22464.0).
point(22, 115926.0, 136879.0).
point(23, 39914.0, -205534.0).
point(24, 196060.0, -161930.0).
cost(1, 2, 562358).
cost(1, 3, 65445).
cost(1, 4, 217838).
cost(1, 5, 420100).
cost(1, 6, 469872).
cost(1, 7, 176590).
cost(1, 8, 340277).
cost(1, 9, 238382).
cost(1, 10, 384041).
cost(1, 11, 45858).
cost(1, 12, 290049).
cost(1, 13, 413682).
cost(1, 14, 434867).
cost(1, 15, 211171).
cost(1, 16, 414711).
cost(1, 17, 201937).
cost(1, 18, 244337).
cost(1, 19, 514078).
cost(1, 20, 269217).
cost(1, 21, 238057).
cost(1, 22, 41308).
cost(1, 23, 309460).
cost(1, 24, 274039).
cost(2, 1, 562358).
cost(2, 3, 589857).
cost(2, 4, 752282).
cost(2, 5, 402248).
cost(2, 6, 687689).
cost(2, 7, 637232).
cost(2, 8, 412029).
cost(2, 9, 766827).
cost(2, 10, 300413).
cost(2, 11, 577843).
cost(2, 12, 438939).
cost(2, 13, 678981).
cost(2, 14, 175013).
cost(2, 15, 696469).
cost(2, 16, 311090).
cost(2, 17, 441038).
cost(2, 18, 805185).
cost(2, 19, 234931).
cost(2, 20, 611712).
cost(2, 21, 344277).
cost(2, 22, 594827).
cost(2, 23, 388128).
cost(2, 24, 548143).
cost(3, 1, 65445).
cost(3, 2, 589857).
cost(3, 4, 240656).
cost(3, 5, 398343).
cost(3, 6, 413740).
cost(3, 7, 111492).
cost(3, 8, 401919).
cost(3, 9, 185710).
cost(3, 10, 380151).
cost(3, 11, 104994).
cost(3, 12, 352959).
cost(3, 13, 355505).
cost(3, 14, 448603).
cost(3, 15, 147071).
cost(3, 16, 407227).
cost(3, 17, 263134).
cost(3, 18, 219639).
cost(3, 19, 563387).
cost(3, 20, 211478).
cost(3, 21, 284596).
cost(3, 22, 87323).
cost(3, 23, 294187).
cost(3, 24, 226952).
cost(4, 1, 217838).
cost(4, 2, 752282).
cost(4, 3, 240656).
cost(4, 5, 635214).
cost(4, 6, 635174).
cost(4, 7, 318415).
cost(4, 8, 431444).
cost(4, 9, 265701).
cost(4, 10, 601502).
cost(4, 11, 183928).
cost(4, 12, 378129).
cost(4, 13, 573237).
cost(4, 14, 643498).
cost(4, 15, 310796).
cost(4, 16, 632504).
cost(4, 17, 324799).
cost(4, 18, 167481).
cost(4, 19, 653358).
cost(4, 20, 436712).
cost(4, 21, 408901).
cost(4, 22, 176732).
cost(4, 23, 526356).
cost(4, 24, 464773).
cost(5, 1, 420100).
cost(5, 2, 402248).
cost(5, 3, 398343).
cost(5, 4, 635214).
cost(5, 6, 289856).
cost(5, 7, 370356).
cost(5, 8, 551061).
cost(5, 9, 510224).
cost(5, 10, 113437).
cost(5, 11, 461461).
cost(5, 12, 534853).
cost(5, 13, 293486).
cost(5, 14, 233341).
cost(5, 15, 422066).
cost(5, 16, 91790).
cost(5, 17, 465657).
cost(5, 18, 599359).
cost(5, 19, 542849).
cost(5, 20, 283007).
cost(5, 21, 380239).
cost(5, 22, 461197).
cost(5, 23, 113773).
cost(5, 24, 216783).
cost(6, 1, 469872).
cost(6, 2, 687689).
cost(6, 3, 413740).
cost(6, 4, 635174).
cost(6, 5, 289856).
cost(6, 7, 317056).
cost(6, 8, 735628).
cost(6, 9, 408028).
cost(6, 10, 387890).
cost(6, 11, 515019).
cost(6, 12, 701772).
cost(6, 13, 63057).
cost(6, 14, 513950).
cost(6, 15, 331781).
cost(6, 16, 377815).
cost(6, 17, 613741).
cost(6, 18, 527081).
cost(6, 19, 795060).
cost(6, 20, 202355).
cost(6, 21, 566500).
cost(6, 22, 500613).
cost(6, 23, 315321).
cost(6, 24, 205927).
cost(7, 1, 176590).
cost(7, 2, 637232).
cost(7, 3, 111492).
cost(7, 4, 318415).
cost(7, 5, 370356).
cost(7, 6, 317056).
cost(7, 8, 504884).
cost(7, 9, 141439).
cost(7, 10, 384964).
cost(7, 11, 215868).
cost(7, 12, 458299).
cost(7, 13, 255720).
cost(7, 14, 478525).
cost(7, 15, 59399).
cost(7, 16, 404187).
cost(7, 17, 366920).
cost(7, 18, 233844).
cost(7, 19, 645463).
cost(7, 20, 119455).
cost(7, 21, 369448).
cost(7, 22, 196024).
cost(7, 23, 286742).
cost(7, 24, 162316).
cost(8, 1, 340277).
cost(8, 2, 412029).
cost(8, 3, 401919).
cost(8, 4, 431444).
cost(8, 5, 551061).
cost(8, 6, 735628).
cost(8, 7, 504884).
cost(8, 9, 576510).
cost(8, 10, 451687).
cost(8, 11, 320421).
cost(8, 12, 54192).
cost(8, 13, 693321).
cost(8, 14, 399902).
cost(8, 15, 548724).
cost(8, 16, 487049).
cost(8, 17, 138785).
cost(8, 18, 551831).
cost(8, 19, 236220).
cost(8, 20, 561711).
cost(8, 21, 173711).
cost(8, 22, 345475).
cost(8, 23, 452174).
cost(8, 24, 531963).
cost(9, 1, 238382).
cost(9, 2, 766827).
cost(9, 3, 185710).
cost(9, 4, 265701).
cost(9, 5, 510224).
cost(9, 6, 408028).
cost(9, 7, 141439).
cost(9, 8, 576510).
cost(9, 10, 525612).
cost(9, 11, 257105).
cost(9, 12, 524669).
cost(9, 13, 345289).
cost(9, 14, 614367).
cost(9, 15, 88953).
cost(9, 16, 545517).
cost(9, 17, 439356).
cost(9, 18, 121294).
cost(9, 19, 748884).
cost(9, 20, 240031).
cost(9, 21, 470222).
cost(9, 22, 232004).
cost(9, 23, 427999).
cost(9, 24, 296970).
cost(10, 1, 384041).
cost(10, 2, 300413).
cost(10, 3, 380151).
cost(10, 4, 601502).
cost(10, 5, 113437).
cost(10, 6, 387890).
cost(10, 7, 384964).
cost(10, 8, 451687).
cost(10, 9, 525612).
cost(10, 11, 419099).
cost(10, 12, 441880).
cost(10, 13, 379076).
cost(10, 14, 126062).
cost(10, 15, 442714).
cost(10, 16, 36287).
cost(10, 17, 383057).
cost(10, 18, 596241).
cost(10, 19, 429430).
cost(10, 20, 328072).
cost(10, 21, 287380).
cost(10, 22, 424856).
cost(10, 23, 100339).
cost(10, 24, 260552).
cost(11, 1, 45858).
cost(11, 2, 577843).
cost(11, 3, 104994).
cost(11, 4, 183928).
cost(11, 5, 461461).
cost(11, 6, 515019).
cost(11, 7, 215868).
cost(11, 8, 320421).
cost(11, 9, 257105).
cost(11, 10, 419099).
cost(11, 12, 267919).
cost(11, 13, 458259).
cost(11, 14, 460476).
cost(11, 15, 243680).
cost(11, 16, 451035).
cost(11, 17, 185854).
cost(11, 18, 240716).
cost(11, 19, 510410).
cost(11, 20, 313772).
cost(11, 21, 241944).
cost(11, 22, 25125).
cost(11, 23, 349522).
cost(11, 24, 319896).
cost(12, 1, 290049).
cost(12, 2, 438939).
cost(12, 3, 352959).
cost(12, 4, 378129).
cost(12, 5, 534853).
cost(12, 6, 701772).
cost(12, 7, 458299).
cost(12, 8, 54192).
cost(12, 9, 524669).
cost(12, 10, 441880).
cost(12, 11, 267919).
cost(12, 13, 656775).
cost(12, 14, 405161).
cost(12, 15, 500026).
cost(12, 16, 477943).
cost(12, 17, 91845).
cost(12, 18, 497789).
cost(12, 19, 282543).
cost(12, 20, 521651).
cost(12, 21, 155070).
cost(12, 22, 293032).
cost(12, 23, 430667).
cost(12, 24, 496500).
cost(13, 1, 413682).
cost(13, 2, 678981).
cost(13, 3, 355505).
cost(13, 4, 573237).
cost(13, 5, 293486).
cost(13, 6, 63057).
cost(13, 7, 255720).
cost(13, 8, 693321).
cost(13, 9, 345289).
cost(13, 10, 379076).
cost(13, 11, 458259).
cost(13, 12, 656775).
cost(13, 14, 503987).
cost(13, 15, 268764).
cost(13, 16, 374879).
cost(13, 17, 567157).
cost(13, 18, 464088).
cost(13, 19, 768698).
cost(13, 20, 144494).
cost(13, 21, 527760).
cost(13, 22, 442745).
cost(13, 23, 295292).
cost(13, 24, 161681).
cost(14, 1, 434867).
cost(14, 2, 175013).
cost(14, 3, 448603).
cost(14, 4, 643498).
cost(14, 5, 233341).
cost(14, 6, 513950).
cost(14, 7, 478525).
cost(14, 8, 399902).
cost(14, 9, 614367).
cost(14, 10, 126062).
cost(14, 11, 460476).
cost(14, 12, 405161).
cost(14, 13, 503987).
cost(14, 15, 537840).
cost(14, 16, 141715).
cost(14, 17, 370731).
cost(14, 18, 668170).
cost(14, 19, 322554).
cost(14, 20, 440900).
cost(14, 21, 265301).
cost(14, 22, 472474).
cost(14, 23, 214303).
cost(14, 24, 375743).
cost(15, 1, 211171).
cost(15, 2, 696469).
cost(15, 3, 147071).
cost(15, 4, 310796).
cost(15, 5, 422066).
cost(15, 6, 331781).
cost(15, 7, 59399).
cost(15, 8, 548724).
cost(15, 9, 88953).
cost(15, 10, 442714).
cost(15, 11, 243680).
cost(15, 12, 500026).
cost(15, 13, 268764).
cost(15, 14, 537840).
cost(15, 16, 460756).
cost(15, 17, 409965).
cost(15, 18, 197771).
cost(15, 19, 699535).
cost(15, 20, 152083).
cost(15, 21, 421848).
cost(15, 22, 220695).
cost(15, 23, 343706).
cost(15, 24, 208047).
cost(16, 1, 414711).
cost(16, 2, 311090).
cost(16, 3, 407227).
cost(16, 4, 632504).
cost(16, 5, 91790).
cost(16, 6, 377815).
cost(16, 7, 404187).
cost(16, 8, 487049).
cost(16, 9, 545517).
cost(16, 10, 36287).
cost(16, 11, 451035).
cost(16, 12, 477943).
cost(16, 13, 374879).
cost(16, 14, 141715).
cost(16, 15, 460756).
cost(16, 17, 419293).
cost(16, 18, 620987).
cost(16, 19, 456045).
cost(16, 20, 337927).
cost(16, 21, 323568).
cost(16, 22, 455775).
cost(16, 23, 117577).
cost(16, 24, 269705).
cost(17, 1, 201937).
cost(17, 2, 441038).
cost(17, 3, 263134).
cost(17, 4, 324799).
cost(17, 5, 465657).
cost(17, 6, 613741).
cost(17, 7, 366920).
cost(17, 8, 138785).
cost(17, 9, 439356).
cost(17, 10, 383057).
cost(17, 11, 185854).
cost(17, 12, 91845).
cost(17, 13, 567157).
cost(17, 14, 370731).
cost(17, 15, 409965).
cost(17, 16, 419293).
cost(17, 18, 423816).
cost(17, 19, 330893).
cost(17, 20, 430572).
cost(17, 21, 105542).
cost(17, 22, 210457).
cost(17, 23, 356436).
cost(17, 24, 407928).
cost(18, 1, 244337).
cost(18, 2, 805185).
cost(18, 3, 219639).
cost(18, 4, 167481).
cost(18, 5, 599359).
cost(18, 6, 527081).
cost(18, 7, 233844).
cost(18, 8, 551831).
cost(18, 9, 121294).
cost(18, 10, 596241).
cost(18, 11, 240716).
cost(18, 12, 497789).
cost(18, 13, 464088).
cost(18, 14, 668170).
cost(18, 15, 197771).
cost(18, 16, 620987).
cost(18, 17, 423816).
cost(18, 19, 751095).
cost(18, 20, 347825).
cost(18, 21, 480356).
cost(18, 22, 218326).
cost(18, 23, 504734).
cost(18, 24, 396155).
cost(19, 1, 514078).
cost(19, 2, 234931).
cost(19, 3, 563387).
cost(19, 4, 653358).
cost(19, 5, 542849).
cost(19, 6, 795060).
cost(19, 7, 645463).
cost(19, 8, 236220).
cost(19, 9, 748884).
cost(19, 10, 429430).
cost(19, 11, 510410).
cost(19, 12, 282543).
cost(19, 13, 768698).
cost(19, 14, 322554).
cost(19, 15, 699535).
cost(19, 16, 456045).
cost(19, 17, 330893).
cost(19, 18, 751095).
cost(19, 20, 663456).
cost(19, 21, 278872).
cost(19, 22, 533380).
cost(19, 23, 480338).
cost(19, 24, 613475).
cost(20, 1, 269217).
cost(20, 2, 611712).
cost(20, 3, 211478).
cost(20, 4, 436712).
cost(20, 5, 283007).
cost(20, 6, 202355).
cost(20, 7, 119455).
cost(20, 8, 561711).
cost(20, 9, 240031).
cost(20, 10, 328072).
cost(20, 11, 313772).
cost(20, 12, 521651).
cost(20, 13, 144494).
cost(20, 14, 440900).
cost(20, 15, 152083).
cost(20, 16, 337927).
cost(20, 17, 430572).
cost(20, 18, 347825).
cost(20, 19, 663456).
cost(20, 21, 404023).
cost(20, 22, 298545).
cost(20, 23, 228761).
cost(20, 24, 68249).
cost(21, 1, 238057).
cost(21, 2, 344277).
cost(21, 3, 284596).
cost(21, 4, 408901).
cost(21, 5, 380239).
cost(21, 6, 566500).
cost(21, 7, 369448).
cost(21, 8, 173711).
cost(21, 9, 470222).
cost(21, 10, 287380).
cost(21, 11, 241944).
cost(21, 12, 155070).
cost(21, 13, 527760).
cost(21, 14, 265301).
cost(21, 15, 421848).
cost(21, 16, 323568).
cost(21, 17, 105542).
cost(21, 18, 480356).
cost(21, 19, 278872).
cost(21, 20, 404023).
cost(21, 22, 262496).
cost(21, 23, 278673).
cost(21, 24, 366195).
cost(22, 1, 41308).
cost(22, 2, 594827).
cost(22, 3, 87323).
cost(22, 4, 176732).
cost(22, 5, 461197).
cost(22, 6, 500613).
cost(22, 7, 196024).
cost(22, 8, 345475).
cost(22, 9, 232004).
cost(22, 10, 424856).
cost(22, 11, 25125).
cost(22, 12, 293032).
cost(22, 13, 442745).
cost(22, 14, 472474).
cost(22, 15, 220695).
cost(22, 16, 455775).
cost(22, 17, 210457).
cost(22, 18, 218326).
cost(22, 19, 533380).
cost(22, 20, 298545).
cost(22, 21, 262496).
cost(22, 23, 350748).
cost(22, 24, 309368).
cost(23, 1, 309460).
cost(23, 2, 388128).
cost(23, 3, 294187).
cost(23, 4, 526356).
cost(23, 5, 113773).
cost(23, 6, 315321).
cost(23, 7, 286742).
cost(23, 8, 452174).
cost(23, 9, 427999).
cost(23, 10, 100339).
cost(23, 11, 349522).
cost(23, 12, 430667).
cost(23, 13, 295292).
cost(23, 14, 214303).
cost(23, 15, 343706).
cost(23, 16, 117577).
cost(23, 17, 356436).
cost(23, 18, 504734).
cost(23, 19, 480338).
cost(23, 20, 228761).
cost(23, 21, 278673).
cost(23, 22, 350748).
cost(23, 24, 162120).
cost(24, 1, 274039).
cost(24, 2, 548143).
cost(24, 3, 226952).
cost(24, 4, 464773).
cost(24, 5, 216783).
cost(24, 6, 205927).
cost(24, 7, 162316).
cost(24, 8, 531963).
cost(24, 9, 296970).
cost(24, 10, 260552).
cost(24, 11, 319896).
cost(24, 12, 496500).
cost(24, 13, 161681).
cost(24, 14, 375743).
cost(24, 15, 208047).
cost(24, 16, 269705).
cost(24, 17, 407928).
cost(24, 18, 396155).
cost(24, 19, 613475).
cost(24, 20, 68249).
cost(24, 21, 366195).
cost(24, 22, 309368).
cost(24, 23, 162120).
nocross(1,9).
nocross(1,18).
nocross(1,20).
nocross(2,14).
nocross(2,16).
nocross(2,21).
nocross(3,10).
nocross(3,20).
nocross(4,9).
nocross(4,15).
nocross(5,6).
nocross(5,7).
nocross(5,10).
nocross(5,16).
nocross(5,20).
nocross(5,23).
nocross(5,24).
nocross(6,13).
nocross(6,20).
nocross(6,24).
nocross(7,9).
nocross(7,13).
nocross(7,15).
nocross(7,20).
nocross(7,24).
nocross(8,12).
nocross(8,17).
nocross(8,21).
nocross(9,7).
nocross(9,15).
nocross(10,5).
nocross(10,14).
nocross(10,16).
nocross(10,23).
nocross(10,24).
nocross(11,9).
nocross(11,15).
nocross(12,2).
nocross(12,7).
nocross(12,8).
nocross(12,14).
nocross(12,17).
nocross(12,19).
nocross(12,21).
nocross(13,6).
nocross(13,20).
nocross(13,24).
nocross(14,2).
nocross(14,8).
nocross(14,16).
nocross(14,19).
nocross(15,3).
nocross(15,7).
nocross(15,9).
nocross(15,13).
nocross(15,20).
nocross(16,2).
nocross(16,5).
nocross(16,14).
nocross(16,20).
nocross(16,24).
nocross(17,1).
nocross(17,7).
nocross(17,8).
nocross(17,10).
nocross(17,11).
nocross(17,12).
nocross(17,14).
nocross(17,16).
nocross(17,21).
nocross(18,7).
nocross(18,9).
nocross(18,15).
nocross(19,2).
nocross(19,8).
nocross(19,10).
nocross(19,14).
nocross(19,21).
nocross(20,5).
nocross(20,7).
nocross(20,9).
nocross(20,13).
nocross(20,15).
nocross(20,16).
nocross(20,24).
nocross(21,7).
nocross(21,8).
nocross(21,10).
nocross(21,14).
nocross(21,19).
nocross(22,7).
nocross(22,9).
nocross(22,11).
nocross(22,15).
nocross(22,20).
nocross(23,6).
nocross(23,7).
nocross(23,19).
nocross(23,20).
nocross(24,6).
nocross(24,7).
nocross(24,20).
nocross(24,23).
