dimension(24).
point(1, 263201.0, 121217.0).
point(2, -90719.0, -216926.0).
point(3, -134832.0, 307134.0).
point(4, -108276.0, 334684.0).
point(5, -212929.0, 19522.0).
point(6, 105207.0, -251593.0).
point(7, -26517.0, -275539.0).
point(8, 186498.0, 212884.0).
point(9, -174014.0, -277631.0).
point(10, 73515.0, -187611.0).
point(11, -175218.0, -29515.0).
point(12, 164113.0, 302905.0).
point(13, 67746.0, -25063.0).
point(14, -288508.0, -319967.0).
point(15, -55095.0, 119664.0).
point(16, 111376.0, 71739.0).
point(17, 520068.0, 357498.0).
point(18, 22541.0, 61932.0).
point(19, 123549.0, 108767.0).
point(20, -360785.0, -44563.0).
point(21, -178419.0, 248946.0).
point(22, -87701.0, 111772.0).
point(23, -10420.0, -85363.0).
point(24, 9148.0, 84130.0).
cost(1, 2, 489490).
cost(1, 3, 439312).
cost(1, 4, 428443).
cost(1, 5, 486869).
cost(1, 6, 404907).
cost(1, 7, 491276).
cost(1, 8, 119525).
cost(1, 9, 591808).
cost(1, 10, 362430).
cost(1, 11, 463607).
cost(1, 12, 206952).
cost(1, 13, 244132).
cost(1, 14, 706418).
cost(1, 15, 318300).
cost(1, 16, 159684).
cost(1, 17, 349012).
cost(1, 18, 247855).
cost(1, 19, 140206).
cost(1, 20, 645633).
cost(1, 21, 459720).
cost(1, 22, 351029).
cost(1, 23, 342847).
cost(1, 24, 256746).
cost(2, 1, 489490).
cost(2, 3, 525913).
cost(2, 4, 551889).
cost(2, 5, 266163).
cost(2, 6, 198969).
cost(2, 7, 86933).
cost(2, 8, 511455).
cost(2, 9, 103069).
cost(2, 10, 166830).
cost(2, 11, 205580).
cost(2, 12, 578933).
cost(2, 13, 248842).
cost(2, 14, 223020).
cost(2, 15, 338470).
cost(2, 16, 352377).
cost(2, 17, 838465).
cost(2, 18, 300981).
cost(2, 19, 389855).
cost(2, 20, 320382).
cost(2, 21, 474055).
cost(2, 22, 328712).
cost(2, 23, 154132).
cost(2, 24, 317188).
cost(3, 1, 439312).
cost(3, 2, 525913).
cost(3, 4, 38265).
cost(3, 5, 298027).
cost(3, 6, 608107).
cost(3, 7, 592655).
cost(3, 8, 334867).
cost(3, 9, 586076).
cost(3, 10, 536825).
cost(3, 11, 339063).
cost(3, 12, 298975).
cost(3, 13, 389092).
cost(3, 14, 645656).
cost(3, 15, 203723).
cost(3, 16, 340631).
cost(3, 17, 656834).
cost(3, 18, 291359).
cost(3, 19, 325746).
cost(3, 20, 418026).
cost(3, 21, 72703).
cost(3, 22, 200967).
cost(3, 23, 411743).
cost(3, 24, 265445).
cost(4, 1, 428443).
cost(4, 2, 551889).
cost(4, 3, 38265).
cost(4, 5, 332083).
cost(4, 6, 623936).
cost(4, 7, 615676).
cost(4, 8, 318947).
cost(4, 9, 615834).
cost(4, 10, 553028).
cost(4, 11, 370300).
cost(4, 12, 274237).
cost(4, 13, 400502).
cost(4, 14, 679008).
cost(4, 15, 221499).
cost(4, 16, 342618).
cost(4, 17, 628758).
cost(4, 18, 302501).
cost(4, 19, 323699).
cost(4, 20, 455619).
cost(4, 21, 110775).
cost(4, 22, 223860).
cost(4, 23, 431295).
cost(4, 24, 276705).
cost(5, 1, 486869).
cost(5, 2, 266163).
cost(5, 3, 298027).
cost(5, 4, 332083).
cost(5, 6, 417988).
cost(5, 7, 349014).
cost(5, 8, 443769).
cost(5, 9, 299690).
cost(5, 10, 353489).
cost(5, 11, 61861).
cost(5, 12, 471664).
cost(5, 13, 284194).
cost(5, 14, 347800).
cost(5, 15, 186922).
cost(5, 16, 328482).
cost(5, 17, 807163).
cost(5, 18, 239259).
cost(5, 19, 348112).
cost(5, 20, 161147).
cost(5, 21, 232005).
cost(5, 22, 155538).
cost(5, 23, 228059).
cost(5, 24, 231284).
cost(6, 1, 404907).
cost(6, 2, 198969).
cost(6, 3, 608107).
cost(6, 4, 623936).
cost(6, 5, 417988).
cost(6, 7, 133883).
cost(6, 8, 471537).
cost(6, 9, 280432).
cost(6, 10, 71401).
cost(6, 11, 357711).
cost(6, 12, 557618).
cost(6, 13, 229607).
cost(6, 14, 399608).
cost(6, 15, 404387).
cost(6, 16, 323391).
cost(6, 17, 736954).
cost(6, 18, 324240).
cost(6, 19, 360826).
cost(6, 20, 509912).
cost(6, 21, 575311).
cost(6, 22, 411397).
cost(6, 23, 202490).
cost(6, 24, 349195).
cost(7, 1, 491276).
cost(7, 2, 86933).
cost(7, 3, 592655).
cost(7, 4, 615676).
cost(7, 5, 349014).
cost(7, 6, 133883).
cost(7, 8, 532853).
cost(7, 9, 147512).
cost(7, 10, 133183).
cost(7, 11, 287471).
cost(7, 12, 609046).
cost(7, 13, 267626).
cost(7, 14, 265731).
cost(7, 15, 396235).
cost(7, 16, 373653).
cost(7, 17, 836356).
cost(7, 18, 341018).
cost(7, 19, 412566).
cost(7, 20, 406307).
cost(7, 21, 546039).
cost(7, 22, 392114).
cost(7, 23, 190856).
cost(7, 24, 361433).
cost(8, 1, 119525).
cost(8, 2, 511455).
cost(8, 3, 334867).
cost(8, 4, 318947).
cost(8, 5, 443769).
cost(8, 6, 471537).
cost(8, 7, 532853).
cost(8, 9, 608748).
cost(8, 10, 416127).
cost(8, 11, 435426).
cost(8, 12, 92762).
cost(8, 13, 265934).
cost(8, 14, 713835).
cost(8, 15, 258954).
cost(8, 16, 159891).
cost(8, 17, 363569).
cost(8, 18, 222864).
cost(8, 19, 121667).
cost(8, 20, 604812).
cost(8, 21, 366695).
cost(8, 22, 292248).
cost(8, 23, 357391).
cost(8, 24, 219159).
cost(9, 1, 591808).
cost(9, 2, 103069).
cost(9, 3, 586076).
cost(9, 4, 615834).
cost(9, 5, 299690).
cost(9, 6, 280432).
cost(9, 7, 147512).
cost(9, 8, 608748).
cost(9, 10, 263390).
cost(9, 11, 248119).
cost(9, 12, 671827).
cost(9, 13, 349626).
cost(9, 14, 122071).
cost(9, 15, 414711).
cost(9, 16, 451117).
cost(9, 17, 940818).
cost(9, 18, 392348).
cost(9, 19, 487696).
cost(9, 20, 298671).
cost(9, 21, 526595).
cost(9, 22, 398854).
cost(9, 23, 252448).
cost(9, 24, 405487).
cost(10, 1, 362430).
cost(10, 2, 166830).
cost(10, 3, 536825).
cost(10, 4, 553028).
cost(10, 5, 353489).
cost(10, 6, 71401).
cost(10, 7, 133183).
cost(10, 8, 416127).
cost(10, 9, 263390).
cost(10, 11, 294724).
cost(10, 12, 498813).
cost(10, 13, 162650).
cost(10, 14, 385459).
cost(10, 15, 333104).
cost(10, 16, 262099).
cost(10, 17, 704665).
cost(10, 18, 254696).
cost(10, 19, 300572).
cost(10, 20, 457252).
cost(10, 21, 504036).
cost(10, 22, 340031).
cost(10, 23, 132287).
cost(10, 24, 279260).
cost(11, 1, 463607).
cost(11, 2, 205580).
cost(11, 3, 339063).
cost(11, 4, 370300).
cost(11, 5, 61861).
cost(11, 6, 357711).
cost(11, 7, 287471).
cost(11, 8, 435426).
cost(11, 9, 248119).
cost(11, 10, 294724).
cost(11, 12, 475025).
cost(11, 13, 243005).
cost(11, 14, 311764).
cost(11, 15, 191530).
cost(11, 16, 303955).
cost(11, 17, 795740).
cost(11, 18, 217879).
cost(11, 19, 329217).
cost(11, 20, 186176).
cost(11, 21, 278479).
cost(11, 22, 166196).
cost(11, 23, 174004).
cost(11, 24, 216578).
cost(12, 1, 206952).
cost(12, 2, 578933).
cost(12, 3, 298975).
cost(12, 4, 274237).
cost(12, 5, 471664).
cost(12, 6, 557618).
cost(12, 7, 609046).
cost(12, 8, 92762).
cost(12, 9, 671827).
cost(12, 10, 498813).
cost(12, 11, 475025).
cost(12, 13, 341833).
cost(12, 14, 769958).
cost(12, 15, 285709).
cost(12, 16, 237105).
cost(12, 17, 360117).
cost(12, 18, 279483).
cost(12, 19, 198331).
cost(12, 20, 629485).
cost(12, 21, 346756).
cost(12, 22, 316136).
cost(12, 23, 425692).
cost(12, 24, 268098).
cost(13, 1, 244132).
cost(13, 2, 248842).
cost(13, 3, 389092).
cost(13, 4, 400502).
cost(13, 5, 284194).
cost(13, 6, 229607).
cost(13, 7, 267626).
cost(13, 8, 265934).
cost(13, 9, 349626).
cost(13, 10, 162650).
cost(13, 11, 243005).
cost(13, 12, 341833).
cost(13, 14, 462477).
cost(13, 15, 189831).
cost(13, 16, 106180).
cost(13, 17, 592409).
cost(13, 18, 98039).
cost(13, 19, 144998).
cost(13, 20, 428974).
cost(13, 21, 368345).
cost(13, 22, 207093).
cost(13, 23, 98722).
cost(13, 24, 123923).
cost(14, 1, 706418).
cost(14, 2, 223020).
cost(14, 3, 645656).
cost(14, 4, 679008).
cost(14, 5, 347800).
cost(14, 6, 399608).
cost(14, 7, 265731).
cost(14, 8, 713835).
cost(14, 9, 122071).
cost(14, 10, 385459).
cost(14, 11, 311764).
cost(14, 12, 769958).
cost(14, 13, 462477).
cost(14, 15, 497752).
cost(14, 16, 559769).
cost(14, 17, 1054872).
cost(14, 18, 492543).
cost(14, 19, 594646).
cost(14, 20, 284730).
cost(14, 21, 579467).
cost(14, 22, 476153).
cost(14, 23, 363830).
cost(14, 24, 501890).
cost(15, 1, 318300).
cost(15, 2, 338470).
cost(15, 3, 203723).
cost(15, 4, 221499).
cost(15, 5, 186922).
cost(15, 6, 404387).
cost(15, 7, 396235).
cost(15, 8, 258954).
cost(15, 9, 414711).
cost(15, 10, 333104).
cost(15, 11, 191530).
cost(15, 12, 285709).
cost(15, 13, 189831).
cost(15, 14, 497752).
cost(15, 16, 173232).
cost(15, 17, 622397).
cost(15, 18, 96749).
cost(15, 19, 178976).
cost(15, 20, 347011).
cost(15, 21, 178669).
cost(15, 22, 33548).
cost(15, 23, 209838).
cost(15, 24, 73415).
cost(16, 1, 159684).
cost(16, 2, 352377).
cost(16, 3, 340631).
cost(16, 4, 342618).
cost(16, 5, 328482).
cost(16, 6, 323391).
cost(16, 7, 373653).
cost(16, 8, 159891).
cost(16, 9, 451117).
cost(16, 10, 262099).
cost(16, 11, 303955).
cost(16, 12, 237105).
cost(16, 13, 106180).
cost(16, 14, 559769).
cost(16, 15, 173232).
cost(16, 17, 498686).
cost(16, 18, 89375).
cost(16, 19, 38978).
cost(16, 20, 486274).
cost(16, 21, 339681).
cost(16, 22, 203062).
cost(16, 23, 198785).
cost(16, 24, 102976).
cost(17, 1, 349012).
cost(17, 2, 838465).
cost(17, 3, 656834).
cost(17, 4, 628758).
cost(17, 5, 807163).
cost(17, 6, 736954).
cost(17, 7, 836356).
cost(17, 8, 363569).
cost(17, 9, 940818).
cost(17, 10, 704665).
cost(17, 11, 795740).
cost(17, 12, 360117).
cost(17, 13, 592409).
cost(17, 14, 1054872).
cost(17, 15, 622397).
cost(17, 16, 498686).
cost(17, 18, 578699).
cost(17, 19, 468075).
cost(17, 20, 968274).
cost(17, 21, 706872).
cost(17, 22, 655564).
cost(17, 23, 691045).
cost(17, 24, 579456).
cost(18, 1, 247855).
cost(18, 2, 300981).
cost(18, 3, 291359).
cost(18, 4, 302501).
cost(18, 5, 239259).
cost(18, 6, 324240).
cost(18, 7, 341018).
cost(18, 8, 222864).
cost(18, 9, 392348).
cost(18, 10, 254696).
cost(18, 11, 217879).
cost(18, 12, 279483).
cost(18, 13, 98039).
cost(18, 14, 492543).
cost(18, 15, 96749).
cost(18, 16, 89375).
cost(18, 17, 578699).
cost(18, 19, 111338).
cost(18, 20, 397844).
cost(18, 21, 274516).
cost(18, 22, 120985).
cost(18, 23, 150938).
cost(18, 24, 25925).
cost(19, 1, 140206).
cost(19, 2, 389855).
cost(19, 3, 325746).
cost(19, 4, 323699).
cost(19, 5, 348112).
cost(19, 6, 360826).
cost(19, 7, 412566).
cost(19, 8, 121667).
cost(19, 9, 487696).
cost(19, 10, 300572).
cost(19, 11, 329217).
cost(19, 12, 198331).
cost(19, 13, 144998).
cost(19, 14, 594646).
cost(19, 15, 178976).
cost(19, 16, 38978).
cost(19, 17, 468075).
cost(19, 18, 111338).
cost(19, 20, 508025).
cost(19, 21, 332919).
cost(19, 22, 211271).
cost(19, 23, 235869).
cost(19, 24, 117024).
cost(20, 1, 645633).
cost(20, 2, 320382).
cost(20, 3, 418026).
cost(20, 4, 455619).
cost(20, 5, 161147).
cost(20, 6, 509912).
cost(20, 7, 406307).
cost(20, 8, 604812).
cost(20, 9, 298671).
cost(20, 10, 457252).
cost(20, 11, 186176).
cost(20, 12, 629485).
cost(20, 13, 428974).
cost(20, 14, 284730).
cost(20, 15, 347011).
cost(20, 16, 486274).
cost(20, 17, 968274).
cost(20, 18, 397844).
cost(20, 19, 508025).
cost(20, 21, 345550).
cost(20, 22, 314667).
cost(20, 23, 352733).
cost(20, 24, 391679).
cost(21, 1, 459720).
cost(21, 2, 474055).
cost(21, 3, 72703).
cost(21, 4, 110775).
cost(21, 5, 232005).
cost(21, 6, 575311).
cost(21, 7, 546039).
cost(21, 8, 366695).
cost(21, 9, 526595).
cost(21, 10, 504036).
cost(21, 11, 278479).
cost(21, 12, 346756).
cost(21, 13, 368345).
cost(21, 14, 579467).
cost(21, 15, 178669).
cost(21, 16, 339681).
cost(21, 17, 706872).
cost(21, 18, 274516).
cost(21, 19, 332919).
cost(21, 20, 345550).
cost(21, 22, 164458).
cost(21, 23, 374147).
cost(21, 24, 249691).
cost(22, 1, 351029).
cost(22, 2, 328712).
cost(22, 3, 200967).
cost(22, 4, 223860).
cost(22, 5, 155538).
cost(22, 6, 411397).
cost(22, 7, 392114).
cost(22, 8, 292248).
cost(22, 9, 398854).
cost(22, 10, 340031).
cost(22, 11, 166196).
cost(22, 12, 316136).
cost(22, 13, 207093).
cost(22, 14, 476153).
cost(22, 15, 33548).
cost(22, 16, 203062).
cost(22, 17, 655564).
cost(22, 18, 120985).
cost(22, 19, 211271).
cost(22, 20, 314667).
cost(22, 21, 164458).
cost(22, 23, 211742).
cost(22, 24, 100716).
cost(23, 1, 342847).
cost(23, 2, 154132).
cost(23, 3, 411743).
cost(23, 4, 431295).
cost(23, 5, 228059).
cost(23, 6, 202490).
cost(23, 7, 190856).
cost(23, 8, 357391).
cost(23, 9, 252448).
cost(23, 10, 132287).
cost(23, 11, 174004).
cost(23, 12, 425692).
cost(23, 13, 98722).
cost(23, 14, 363830).
cost(23, 15, 209838).
cost(23, 16, 198785).
cost(23, 17, 691045).
cost(23, 18, 150938).
cost(23, 19, 235869).
cost(23, 20, 352733).
cost(23, 21, 374147).
cost(23, 22, 211742).
cost(23, 24, 170619).
cost(24, 1, 256746).
cost(24, 2, 317188).
cost(24, 3, 265445).
cost(24, 4, 276705).
cost(24, 5, 231284).
cost(24, 6, 349195).
cost(24, 7, 361433).
cost(24, 8, 219159).
cost(24, 9, 405487).
cost(24, 10, 279260).
cost(24, 11, 216578).
cost(24, 12, 268098).
cost(24, 13, 123923).
cost(24, 14, 501890).
cost(24, 15, 73415).
cost(24, 16, 102976).
cost(24, 17, 579456).
cost(24, 18, 25925).
cost(24, 19, 117024).
cost(24, 20, 391679).
cost(24, 21, 249691).
cost(24, 22, 100716).
cost(24, 23, 170619).
nocross(1,4).
nocross(1,8).
nocross(1,16).
nocross(2,5).
nocross(2,6).
nocross(2,7).
nocross(2,9).
nocross(2,11).
nocross(2,20).
nocross(2,22).
nocross(2,23).
nocross(3,15).
nocross(3,21).
nocross(3,22).
nocross(3,24).
nocross(4,15).
nocross(4,21).
nocross(4,22).
nocross(5,2).
nocross(5,3).
nocross(5,4).
nocross(5,7).
nocross(5,14).
nocross(5,15).
nocross(5,20).
nocross(5,21).
nocross(5,22).
nocross(5,23).
nocross(5,24).
nocross(6,2).
nocross(6,7).
nocross(6,22).
nocross(6,23).
nocross(7,2).
nocross(7,6).
nocross(7,9).
nocross(7,10).
nocross(7,22).
nocross(7,23).
nocross(8,1).
nocross(8,4).
nocross(8,24).
nocross(9,2).
nocross(9,5).
nocross(9,7).
nocross(9,20).
nocross(9,22).
nocross(10,2).
nocross(10,6).
nocross(10,7).
nocross(10,9).
nocross(10,22).
nocross(10,23).
nocross(11,2).
nocross(11,3).
nocross(11,7).
nocross(11,14).
nocross(11,15).
nocross(11,21).
nocross(11,22).
nocross(11,24).
nocross(12,4).
nocross(12,24).
nocross(13,5).
nocross(13,7).
nocross(13,10).
nocross(13,16).
nocross(13,18).
nocross(13,22).
nocross(13,23).
nocross(14,7).
nocross(14,20).
nocross(15,3).
nocross(15,4).
nocross(15,5).
nocross(15,8).
nocross(15,21).
nocross(15,22).
nocross(15,23).
nocross(16,1).
nocross(16,4).
nocross(16,13).
nocross(16,15).
nocross(16,18).
nocross(16,23).
nocross(16,24).
nocross(17,1).
nocross(17,4).
nocross(17,8).
nocross(17,12).
nocross(18,4).
nocross(18,5).
nocross(18,13).
nocross(18,15).
nocross(18,16).
nocross(18,22).
nocross(18,23).
nocross(18,24).
nocross(19,1).
nocross(19,4).
nocross(19,8).
nocross(19,16).
nocross(19,24).
nocross(20,14).
nocross(20,21).
nocross(20,22).
nocross(21,4).
nocross(21,5).
nocross(21,15).
nocross(21,22).
nocross(21,24).
nocross(22,2).
nocross(22,3).
nocross(22,4).
nocross(22,5).
nocross(22,8).
nocross(22,9).
nocross(22,15).
nocross(22,21).
nocross(22,23).
nocross(22,24).
nocross(23,5).
nocross(23,7).
nocross(23,9).
nocross(23,10).
nocross(23,14).
nocross(23,15).
nocross(23,22).
nocross(24,4).
nocross(24,5).
nocross(24,15).
nocross(24,16).
nocross(24,21).
nocross(24,22).
nocross(24,23).
