dimension(24).
point(1, 148785.0, 16984.0).
point(2, 63118.0, -16168.0).
point(3, 30079.0, 45498.0).
point(4, -220115.0, 285926.0).
point(5, -233766.0, 30769.0).
point(6, 18791.0, -36636.0).
point(7, 138924.0, 177419.0).
point(8, 188571.0, 201486.0).
point(9, 33355.0, -217874.0).
point(10, 208918.0, 9257.0).
point(11, 22223.0, -148748.0).
point(12, 118311.0, 183643.0).
point(13, -97825.0, 339501.0).
point(14, -47739.0, 164791.0).
point(15, -69224.0, 75433.0).
point(16, 388642.0, 257463.0).
point(17, -206286.0, 186021.0).
point(18, -86220.0, 340639.0).
point(19, 288865.0, 40300.0).
point(20, 71348.0, 63159.0).
point(21, -78756.0, 167124.0).
point(22, 43262.0, -21457.0).
point(23, 95196.0, 247195.0).
point(24, -166274.0, -71812.0).
cost(1, 2, 91858).
cost(1, 3, 122083).
cost(1, 4, 456527).
cost(1, 5, 382799).
cost(1, 6, 140618).
cost(1, 7, 160738).
cost(1, 8, 188743).
cost(1, 9, 261691).
cost(1, 10, 60627).
cost(1, 11, 208531).
cost(1, 12, 169422).
cost(1, 13, 405997).
cost(1, 14, 245904).
cost(1, 15, 225708).
cost(1, 16, 339649).
cost(1, 17, 393254).
cost(1, 18, 399975).
cost(1, 19, 142007).
cost(1, 20, 90159).
cost(1, 21, 272611).
cost(1, 22, 112307).
cost(1, 23, 236366).
cost(1, 24, 327333).
cost(2, 1, 91858).
cost(2, 3, 69959).
cost(2, 4, 414104).
cost(2, 5, 300571).
cost(2, 6, 48824).
cost(2, 7, 207900).
cost(2, 8, 251220).
cost(2, 9, 203890).
cost(2, 10, 148000).
cost(2, 11, 138744).
cost(2, 12, 207294).
cost(2, 13, 390388).
cost(2, 14, 212216).
cost(2, 15, 160951).
cost(2, 16, 425253).
cost(2, 17, 336837).
cost(2, 18, 386798).
cost(2, 19, 232702).
cost(2, 20, 79753).
cost(2, 21, 231785).
cost(2, 22, 20548).
cost(2, 23, 265309).
cost(2, 24, 236044).
cost(3, 1, 122083).
cost(3, 2, 69959).
cost(3, 4, 346991).
cost(3, 5, 264256).
cost(3, 6, 82906).
cost(3, 7, 171027).
cost(3, 8, 222378).
cost(3, 9, 263392).
cost(3, 10, 182474).
cost(3, 11, 194405).
cost(3, 12, 163917).
cost(3, 13, 320620).
cost(3, 14, 142431).
cost(3, 15, 103717).
cost(3, 16, 416529).
cost(3, 17, 274982).
cost(3, 18, 317228).
cost(3, 19, 258838).
cost(3, 20, 44889).
cost(3, 21, 163211).
cost(3, 22, 68240).
cost(3, 23, 211948).
cost(3, 24, 228727).
cost(4, 1, 456527).
cost(4, 2, 414104).
cost(4, 3, 346991).
cost(4, 5, 255522).
cost(4, 6, 401400).
cost(4, 7, 375077).
cost(4, 8, 417318).
cost(4, 9, 563969).
cost(4, 10, 510505).
cost(4, 11, 497664).
cost(4, 12, 353545).
cost(4, 13, 133511).
cost(4, 14, 210683).
cost(4, 15, 258989).
cost(4, 16, 609422).
cost(4, 17, 100858).
cost(4, 18, 144642).
cost(4, 19, 565148).
cost(4, 20, 366846).
cost(4, 21, 184652).
cost(4, 22, 404786).
cost(4, 23, 317681).
cost(4, 24, 361767).
cost(5, 1, 382799).
cost(5, 2, 300571).
cost(5, 3, 264256).
cost(5, 4, 255522).
cost(5, 6, 261397).
cost(5, 7, 400505).
cost(5, 8, 455536).
cost(5, 9, 364934).
cost(5, 10, 443206).
cost(5, 11, 312661).
cost(5, 12, 383834).
cost(5, 13, 337336).
cost(5, 14, 229277).
cost(5, 15, 170496).
cost(5, 16, 662406).
cost(5, 17, 157665).
cost(5, 18, 343204).
cost(5, 19, 522718).
cost(5, 20, 306828).
cost(5, 21, 206448).
cost(5, 22, 281908).
cost(5, 23, 393772).
cost(5, 24, 122793).
cost(6, 1, 140618).
cost(6, 2, 48824).
cost(6, 3, 82906).
cost(6, 4, 401400).
cost(6, 5, 261397).
cost(6, 7, 245462).
cost(6, 8, 292451).
cost(6, 9, 181822).
cost(6, 10, 195587).
cost(6, 11, 112165).
cost(6, 12, 241717).
cost(6, 13, 393800).
cost(6, 14, 212130).
cost(6, 15, 142499).
cost(6, 16, 472529).
cost(6, 17, 316600).
cost(6, 18, 391617).
cost(6, 19, 280819).
cost(6, 20, 112789).
cost(6, 21, 225906).
cost(6, 22, 28796).
cost(6, 23, 293935).
cost(6, 24, 188378).
cost(7, 1, 160738).
cost(7, 2, 207900).
cost(7, 3, 171027).
cost(7, 4, 375077).
cost(7, 5, 400505).
cost(7, 6, 245462).
cost(7, 8, 55173).
cost(7, 9, 409147).
cost(7, 10, 182147).
cost(7, 11, 346416).
cost(7, 12, 21532).
cost(7, 13, 286916).
cost(7, 14, 187090).
cost(7, 15, 231790).
cost(7, 16, 262233).
cost(7, 17, 345317).
cost(7, 18, 278084).
cost(7, 19, 203184).
cost(7, 20, 132747).
cost(7, 21, 217923).
cost(7, 22, 220687).
cost(7, 23, 82346).
cost(7, 24, 394033).
cost(8, 1, 188743).
cost(8, 2, 251220).
cost(8, 3, 222378).
cost(8, 4, 417318).
cost(8, 5, 455536).
cost(8, 6, 292451).
cost(8, 7, 55173).
cost(8, 9, 447163).
cost(8, 10, 193303).
cost(8, 11, 387731).
cost(8, 12, 72490).
cost(8, 13, 317916).
cost(8, 14, 239142).
cost(8, 15, 286963).
cost(8, 16, 207754).
cost(8, 17, 395160).
cost(8, 18, 308016).
cost(8, 19, 189842).
cost(8, 20, 181316).
cost(8, 21, 269526).
cost(8, 22, 266117).
cost(8, 23, 103963).
cost(8, 24, 447891).
cost(9, 1, 261691).
cost(9, 2, 203890).
cost(9, 3, 263392).
cost(9, 4, 563969).
cost(9, 5, 364934).
cost(9, 6, 181822).
cost(9, 7, 409147).
cost(9, 8, 447163).
cost(9, 10, 287073).
cost(9, 11, 70017).
cost(9, 12, 410406).
cost(9, 13, 572604).
cost(9, 14, 391163).
cost(9, 15, 310727).
cost(9, 16, 593443).
cost(9, 17, 469637).
cost(9, 18, 571170).
cost(9, 19, 363234).
cost(9, 20, 283590).
cost(9, 21, 400989).
cost(9, 22, 196667).
cost(9, 23, 469163).
cost(9, 24, 247358).
cost(10, 1, 60627).
cost(10, 2, 148000).
cost(10, 3, 182474).
cost(10, 4, 510505).
cost(10, 5, 443206).
cost(10, 6, 195587).
cost(10, 7, 182147).
cost(10, 8, 193303).
cost(10, 9, 287073).
cost(10, 11, 244583).
cost(10, 12, 196520).
cost(10, 13, 450724).
cost(10, 14, 300106).
cost(10, 15, 285906).
cost(10, 16, 306442).
cost(10, 17, 451265).
cost(10, 18, 443757).
cost(10, 19, 85762).
cost(10, 20, 147753).
cost(10, 21, 328144).
cost(10, 22, 168479).
cost(10, 23, 263718).
cost(10, 24, 383851).
cost(11, 1, 208531).
cost(11, 2, 138744).
cost(11, 3, 194405).
cost(11, 4, 497664).
cost(11, 5, 312661).
cost(11, 6, 112165).
cost(11, 7, 346416).
cost(11, 8, 387731).
cost(11, 9, 70017).
cost(11, 10, 244583).
cost(11, 12, 346001).
cost(11, 13, 502791).
cost(11, 14, 321250).
cost(11, 15, 242115).
cost(11, 16, 547056).
cost(11, 17, 405323).
cost(11, 18, 501258).
cost(11, 19, 326859).
cost(11, 20, 217527).
cost(11, 21, 331620).
cost(11, 22, 129018).
cost(11, 23, 402611).
cost(11, 24, 203593).
cost(12, 1, 169422).
cost(12, 2, 207294).
cost(12, 3, 163917).
cost(12, 4, 353545).
cost(12, 5, 383834).
cost(12, 6, 241717).
cost(12, 7, 21532).
cost(12, 8, 72490).
cost(12, 9, 410406).
cost(12, 10, 196520).
cost(12, 11, 346001).
cost(12, 13, 266470).
cost(12, 14, 167117).
cost(12, 15, 216515).
cost(12, 16, 280229).
cost(12, 17, 324606).
cost(12, 18, 257838).
cost(12, 19, 222791).
cost(12, 20, 129313).
cost(12, 21, 197758).
cost(12, 22, 218400).
cost(12, 23, 67625).
cost(12, 24, 382421).
cost(13, 1, 405997).
cost(13, 2, 390388).
cost(13, 3, 320620).
cost(13, 4, 133511).
cost(13, 5, 337336).
cost(13, 6, 393800).
cost(13, 7, 286916).
cost(13, 8, 317916).
cost(13, 9, 572604).
cost(13, 10, 450724).
cost(13, 11, 502791).
cost(13, 12, 266470).
cost(13, 14, 181748).
cost(13, 15, 265612).
cost(13, 16, 493336).
cost(13, 17, 187936).
cost(13, 18, 11661).
cost(13, 19, 488928).
cost(13, 20, 324013).
cost(13, 21, 173429).
cost(13, 22, 387552).
cost(13, 23, 213957).
cost(13, 24, 416970).
cost(14, 1, 245904).
cost(14, 2, 212216).
cost(14, 3, 142431).
cost(14, 4, 210683).
cost(14, 5, 229277).
cost(14, 6, 212130).
cost(14, 7, 187090).
cost(14, 8, 239142).
cost(14, 9, 391163).
cost(14, 10, 300106).
cost(14, 11, 321250).
cost(14, 12, 167117).
cost(14, 13, 181748).
cost(14, 15, 91905).
cost(14, 16, 446113).
cost(14, 17, 159962).
cost(14, 18, 180009).
cost(14, 19, 358888).
cost(14, 20, 156559).
cost(14, 21, 31105).
cost(14, 22, 207291).
cost(14, 23, 164987).
cost(14, 24, 264635).
cost(15, 1, 225708).
cost(15, 2, 160951).
cost(15, 3, 103717).
cost(15, 4, 258989).
cost(15, 5, 170496).
cost(15, 6, 142499).
cost(15, 7, 231790).
cost(15, 8, 286963).
cost(15, 9, 310727).
cost(15, 10, 285906).
cost(15, 11, 242115).
cost(15, 12, 216515).
cost(15, 13, 265612).
cost(15, 14, 91905).
cost(15, 16, 492723).
cost(15, 17, 176113).
cost(15, 18, 265750).
cost(15, 19, 359808).
cost(15, 20, 141107).
cost(15, 21, 92185).
cost(15, 22, 148461).
cost(15, 23, 237773).
cost(15, 24, 176351).
cost(16, 1, 339649).
cost(16, 2, 425253).
cost(16, 3, 416529).
cost(16, 4, 609422).
cost(16, 5, 662406).
cost(16, 6, 472529).
cost(16, 7, 262233).
cost(16, 8, 207754).
cost(16, 9, 593443).
cost(16, 10, 306442).
cost(16, 11, 547056).
cost(16, 12, 280229).
cost(16, 13, 493336).
cost(16, 14, 446113).
cost(16, 15, 492723).
cost(16, 17, 599202).
cost(16, 18, 482091).
cost(16, 19, 238988).
cost(16, 20, 372061).
cost(16, 21, 476048).
cost(16, 22, 443941).
cost(16, 23, 293626).
cost(16, 24, 645255).
cost(17, 1, 393254).
cost(17, 2, 336837).
cost(17, 3, 274982).
cost(17, 4, 100858).
cost(17, 5, 157665).
cost(17, 6, 316600).
cost(17, 7, 345317).
cost(17, 8, 395160).
cost(17, 9, 469637).
cost(17, 10, 451265).
cost(17, 11, 405323).
cost(17, 12, 324606).
cost(17, 13, 187936).
cost(17, 14, 159962).
cost(17, 15, 176113).
cost(17, 16, 599202).
cost(17, 18, 195762).
cost(17, 19, 516148).
cost(17, 20, 303605).
cost(17, 21, 128922).
cost(17, 22, 324532).
cost(17, 23, 307626).
cost(17, 24, 260919).
cost(18, 1, 399975).
cost(18, 2, 386798).
cost(18, 3, 317228).
cost(18, 4, 144642).
cost(18, 5, 343204).
cost(18, 6, 391617).
cost(18, 7, 278084).
cost(18, 8, 308016).
cost(18, 9, 571170).
cost(18, 10, 443757).
cost(18, 11, 501258).
cost(18, 12, 257838).
cost(18, 13, 11661).
cost(18, 14, 180009).
cost(18, 15, 265750).
cost(18, 16, 482091).
cost(18, 17, 195762).
cost(18, 19, 480513).
cost(18, 20, 319097).
cost(18, 21, 173675).
cost(18, 22, 384551).
cost(18, 23, 204068).
cost(18, 24, 420148).
cost(19, 1, 142007).
cost(19, 2, 232702).
cost(19, 3, 258838).
cost(19, 4, 565148).
cost(19, 5, 522718).
cost(19, 6, 280819).
cost(19, 7, 203184).
cost(19, 8, 189842).
cost(19, 9, 363234).
cost(19, 10, 85762).
cost(19, 11, 326859).
cost(19, 12, 222791).
cost(19, 13, 488928).
cost(19, 14, 358888).
cost(19, 15, 359808).
cost(19, 16, 238988).
cost(19, 17, 516148).
cost(19, 18, 480513).
cost(19, 20, 218715).
cost(19, 21, 388882).
cost(19, 22, 253248).
cost(19, 23, 283396).
cost(19, 24, 468744).
cost(20, 1, 90159).
cost(20, 2, 79753).
cost(20, 3, 44889).
cost(20, 4, 366846).
cost(20, 5, 306828).
cost(20, 6, 112789).
cost(20, 7, 132747).
cost(20, 8, 181316).
cost(20, 9, 283590).
cost(20, 10, 147753).
cost(20, 11, 217527).
cost(20, 12, 129313).
cost(20, 13, 324013).
cost(20, 14, 156559).
cost(20, 15, 141107).
cost(20, 16, 372061).
cost(20, 17, 303605).
cost(20, 18, 319097).
cost(20, 19, 218715).
cost(20, 21, 182592).
cost(20, 22, 89155).
cost(20, 23, 185575).
cost(20, 24, 273279).
cost(21, 1, 272611).
cost(21, 2, 231785).
cost(21, 3, 163211).
cost(21, 4, 184652).
cost(21, 5, 206448).
cost(21, 6, 225906).
cost(21, 7, 217923).
cost(21, 8, 269526).
cost(21, 9, 400989).
cost(21, 10, 328144).
cost(21, 11, 331620).
cost(21, 12, 197758).
cost(21, 13, 173429).
cost(21, 14, 31105).
cost(21, 15, 92185).
cost(21, 16, 476048).
cost(21, 17, 128922).
cost(21, 18, 173675).
cost(21, 19, 388882).
cost(21, 20, 182592).
cost(21, 22, 224613).
cost(21, 23, 191496).
cost(21, 24, 254460).
cost(22, 1, 112307).
cost(22, 2, 20548).
cost(22, 3, 68240).
cost(22, 4, 404786).
cost(22, 5, 281908).
cost(22, 6, 28796).
cost(22, 7, 220687).
cost(22, 8, 266117).
cost(22, 9, 196667).
cost(22, 10, 168479).
cost(22, 11, 129018).
cost(22, 12, 218400).
cost(22, 13, 387552).
cost(22, 14, 207291).
cost(22, 15, 148461).
cost(22, 16, 443941).
cost(22, 17, 324532).
cost(22, 18, 384551).
cost(22, 19, 253248).
cost(22, 20, 89155).
cost(22, 21, 224613).
cost(22, 23, 273626).
cost(22, 24, 215502).
cost(23, 1, 236366).
cost(23, 2, 265309).
cost(23, 3, 211948).
cost(23, 4, 317681).
cost(23, 5, 393772).
cost(23, 6, 293935).
cost(23, 7, 82346).
cost(23, 8, 103963).
cost(23, 9, 469163).
cost(23, 10, 263718).
cost(23, 11, 402611).
cost(23, 12, 67625).
cost(23, 13, 213957).
cost(23, 14, 164987).
cost(23, 15, 237773).
cost(23, 16, 293626).
cost(23, 17, 307626).
cost(23, 18, 204068).
cost(23, 19, 283396).
cost(23, 20, 185575).
cost(23, 21, 191496).
cost(23, 22, 273626).
cost(23, 24, 412471).
cost(24, 1, 327333).
cost(24, 2, 236044).
cost(24, 3, 228727).
cost(24, 4, 361767).
cost(24, 5, 122793).
cost(24, 6, 188378).
cost(24, 7, 394033).
cost(24, 8, 447891).
cost(24, 9, 247358).
cost(24, 10, 383851).
cost(24, 11, 203593).
cost(24, 12, 382421).
cost(24, 13, 416970).
cost(24, 14, 264635).
cost(24, 15, 176351).
cost(24, 16, 645255).
cost(24, 17, 260919).
cost(24, 18, 420148).
cost(24, 19, 468744).
cost(24, 20, 273279).
cost(24, 21, 254460).
cost(24, 22, 215502).
cost(24, 23, 412471).
nocross(1,20).
nocross(2,1).
nocross(2,14).
nocross(2,15).
nocross(2,21).
nocross(3,6).
nocross(3,12).
nocross(3,14).
nocross(3,15).
nocross(3,21).
nocross(4,14).
nocross(4,15).
nocross(4,17).
nocross(4,21).
nocross(5,14).
nocross(5,15).
nocross(5,17).
nocross(5,21).
nocross(6,14).
nocross(6,15).
nocross(6,20).
nocross(6,22).
nocross(7,12).
nocross(7,13).
nocross(7,19).
nocross(7,23).
nocross(8,7).
nocross(8,12).
nocross(8,19).
nocross(8,23).
nocross(10,7).
nocross(10,20).
nocross(11,2).
nocross(11,22).
nocross(12,7).
nocross(12,8).
nocross(12,13).
nocross(12,18).
nocross(12,19).
nocross(12,20).
nocross(13,4).
nocross(13,12).
nocross(13,14).
nocross(13,15).
nocross(13,20).
nocross(13,21).
nocross(13,23).
nocross(14,4).
nocross(14,5).
nocross(14,12).
nocross(14,13).
nocross(14,15).
nocross(14,21).
nocross(14,23).
nocross(15,5).
nocross(15,12).
nocross(15,14).
nocross(15,17).
nocross(15,20).
nocross(15,21).
nocross(16,8).
nocross(16,19).
nocross(16,23).
nocross(17,4).
nocross(17,5).
nocross(17,13).
nocross(17,15).
nocross(17,18).
nocross(17,21).
nocross(18,4).
nocross(18,13).
nocross(18,15).
nocross(18,20).
nocross(18,21).
nocross(19,1).
nocross(19,8).
nocross(19,10).
nocross(20,2).
nocross(20,14).
nocross(20,15).
nocross(20,19).
nocross(20,21).
nocross(21,4).
nocross(21,5).
nocross(21,13).
nocross(21,14).
nocross(21,15).
nocross(21,17).
nocross(21,23).
nocross(22,2).
nocross(22,6).
nocross(22,15).
nocross(22,20).
nocross(23,4).
nocross(23,7).
nocross(23,8).
nocross(23,12).
nocross(23,13).
nocross(23,18).
nocross(23,20).
nocross(24,15).
nocross(24,21).
