dimension(24).
point(1, -530606.0, -223116.0).
point(2, -300884.0, 367599.0).
point(3, 75393.0, -123822.0).
point(4, 127616.0, -93176.0).
point(5, 333971.0, -128030.0).
point(6, 145047.0, -146205.0).
point(7, 217228.0, -55403.0).
point(8, 296429.0, -52475.0).
point(9, -45651.0, -228915.0).
point(10, -165321.0, -49636.0).
point(11, -135028.0, -60938.0).
point(12, 13395.0, 59747.0).
point(13, -250137.0, -67416.0).
point(14, 182047.0, 445903.0).
point(15, 103036.0, 226218.0).
point(16, 92477.0, 86622.0).
point(17, 139792.0, -341038.0).
point(18, 102063.0, -98896.0).
point(19, 105216.0, -133810.0).
point(20, -171813.0, 216701.0).
point(21, -258093.0, -335040.0).
point(22, -115191.0, -311843.0).
point(23, 413816.0, -266673.0).
point(24, -87863.0, -77277.0).
cost(1, 2, 633811).
cost(1, 3, 614080).
cost(1, 4, 670925).
cost(1, 5, 869790).
cost(1, 6, 680016).
cost(1, 7, 766409).
cost(1, 8, 844456).
cost(1, 9, 484990).
cost(1, 10, 404387).
cost(1, 11, 427532).
cost(1, 12, 613146).
cost(1, 13, 320789).
cost(1, 14, 977477).
cost(1, 15, 776790).
cost(1, 16, 695823).
cost(1, 17, 680690).
cost(1, 18, 644749).
cost(1, 19, 642063).
cost(1, 20, 567601).
cost(1, 21, 294602).
cost(1, 22, 424785).
cost(1, 23, 945426).
cost(1, 24, 466144).
cost(2, 1, 633811).
cost(2, 3, 618934).
cost(2, 4, 629226).
cost(2, 5, 805412).
cost(2, 6, 680330).
cost(2, 7, 668858).
cost(2, 8, 730236).
cost(2, 9, 648824).
cost(2, 10, 438705).
cost(2, 11, 459513).
cost(2, 12, 439937).
cost(2, 13, 437965).
cost(2, 14, 489238).
cost(2, 15, 427949).
cost(2, 16, 483406).
cost(2, 17, 834483).
cost(2, 18, 616428).
cost(2, 19, 645235).
cost(2, 20, 198569).
cost(2, 21, 703941).
cost(2, 22, 704360).
cost(2, 23, 955561).
cost(2, 24, 493247).
cost(3, 1, 614080).
cost(3, 2, 618934).
cost(3, 4, 60551).
cost(3, 5, 258612).
cost(3, 6, 73162).
cost(3, 7, 157475).
cost(3, 8, 232266).
cost(3, 9, 160300).
cost(3, 10, 251886).
cost(3, 11, 219616).
cost(3, 12, 193756).
cost(3, 13, 330381).
cost(3, 14, 579622).
cost(3, 15, 351130).
cost(3, 16, 211136).
cost(3, 17, 226561).
cost(3, 18, 36505).
cost(3, 19, 31451).
cost(3, 20, 420793).
cost(3, 21, 394748).
cost(3, 22, 267720).
cost(3, 23, 367337).
cost(3, 24, 169761).
cost(4, 1, 670925).
cost(4, 2, 629226).
cost(4, 3, 60551).
cost(4, 5, 209278).
cost(4, 6, 55820).
cost(4, 7, 97248).
cost(4, 8, 173650).
cost(4, 9, 220106).
cost(4, 10, 296155).
cost(4, 11, 264615).
cost(4, 12, 190871).
cost(4, 13, 378630).
cost(4, 14, 541820).
cost(4, 15, 320338).
cost(4, 16, 183200).
cost(4, 17, 248161).
cost(4, 18, 26185).
cost(4, 19, 46399).
cost(4, 20, 430908).
cost(4, 21, 455269).
cost(4, 22, 326758).
cost(4, 23, 334681).
cost(4, 24, 216065).
cost(5, 1, 869790).
cost(5, 2, 805412).
cost(5, 3, 258612).
cost(5, 4, 209278).
cost(5, 6, 189796).
cost(5, 7, 137490).
cost(5, 8, 84368).
cost(5, 9, 392798).
cost(5, 10, 505409).
cost(5, 11, 473774).
cost(5, 12, 371523).
cost(5, 13, 587245).
cost(5, 14, 593700).
cost(5, 15, 422874).
cost(5, 16, 323102).
cost(5, 17, 288232).
cost(5, 18, 233731).
cost(5, 19, 228828).
cost(5, 20, 612092).
cost(5, 21, 627210).
cost(5, 22, 485318).
cost(5, 23, 159991).
cost(5, 24, 424876).
cost(6, 1, 680016).
cost(6, 2, 680330).
cost(6, 3, 73162).
cost(6, 4, 55820).
cost(6, 5, 189796).
cost(6, 7, 115996).
cost(6, 8, 178050).
cost(6, 9, 207862).
cost(6, 10, 325044).
cost(6, 11, 292767).
cost(6, 12, 244435).
cost(6, 13, 402962).
cost(6, 14, 593263).
cost(6, 15, 374785).
cost(6, 16, 238688).
cost(6, 17, 194904).
cost(6, 18, 63920).
cost(6, 19, 41715).
cost(6, 20, 481769).
cost(6, 21, 445175).
cost(6, 22, 308480).
cost(6, 23, 294532).
cost(6, 24, 242895).
cost(7, 1, 766409).
cost(7, 2, 668858).
cost(7, 3, 157475).
cost(7, 4, 97248).
cost(7, 5, 137490).
cost(7, 6, 115996).
cost(7, 8, 79255).
cost(7, 9, 314979).
cost(7, 10, 382592).
cost(7, 11, 352299).
cost(7, 12, 234110).
cost(7, 13, 467519).
cost(7, 14, 502539).
cost(7, 15, 303892).
cost(7, 16, 189034).
cost(7, 17, 295945).
cost(7, 18, 123104).
cost(7, 19, 136727).
cost(7, 20, 474756).
cost(7, 21, 551477).
cost(7, 22, 419838).
cost(7, 23, 288586).
cost(7, 24, 305874).
cost(8, 1, 844456).
cost(8, 2, 730236).
cost(8, 3, 232266).
cost(8, 4, 173650).
cost(8, 5, 84368).
cost(8, 6, 178050).
cost(8, 7, 79255).
cost(8, 9, 384902).
cost(8, 10, 461759).
cost(8, 11, 431540).
cost(8, 12, 304470).
cost(8, 13, 546770).
cost(8, 14, 511335).
cost(8, 15, 339221).
cost(8, 16, 246869).
cost(8, 17, 328335).
cost(8, 18, 199833).
cost(8, 19, 207793).
cost(8, 20, 540098).
cost(8, 21, 622365).
cost(8, 22, 486521).
cost(8, 23, 244255).
cost(8, 24, 385092).
cost(9, 1, 484990).
cost(9, 2, 648824).
cost(9, 3, 160300).
cost(9, 4, 220106).
cost(9, 5, 392798).
cost(9, 6, 207862).
cost(9, 7, 314979).
cost(9, 8, 384902).
cost(9, 10, 215550).
cost(9, 11, 190275).
cost(9, 12, 294639).
cost(9, 13, 260569).
cost(9, 14, 712198).
cost(9, 15, 478805).
cost(9, 16, 344446).
cost(9, 17, 216704).
cost(9, 18, 196785).
cost(9, 19, 178342).
cost(9, 20, 463131).
cost(9, 21, 237474).
cost(9, 22, 108226).
cost(9, 23, 461016).
cost(9, 24, 157404).
cost(10, 1, 404387).
cost(10, 2, 438705).
cost(10, 3, 251886).
cost(10, 4, 296155).
cost(10, 5, 505409).
cost(10, 6, 325044).
cost(10, 7, 382592).
cost(10, 8, 461759).
cost(10, 9, 215550).
cost(10, 11, 32333).
cost(10, 12, 209533).
cost(10, 13, 86660).
cost(10, 14, 605164).
cost(10, 15, 384852).
cost(10, 16, 291592).
cost(10, 17, 421911).
cost(10, 18, 271884).
cost(10, 19, 283329).
cost(10, 20, 266416).
cost(10, 21, 300103).
cost(10, 22, 266956).
cost(10, 23, 618470).
cost(10, 24, 82242).
cost(11, 1, 427532).
cost(11, 2, 459513).
cost(11, 3, 219616).
cost(11, 4, 264615).
cost(11, 5, 473774).
cost(11, 6, 292767).
cost(11, 7, 352299).
cost(11, 8, 431540).
cost(11, 9, 190275).
cost(11, 10, 32333).
cost(11, 12, 191296).
cost(11, 13, 115291).
cost(11, 14, 597850).
cost(11, 15, 373005).
cost(11, 16, 271169).
cost(11, 17, 392405).
cost(11, 18, 240110).
cost(11, 19, 251053).
cost(11, 20, 280065).
cost(11, 21, 300461).
cost(11, 22, 251688).
cost(11, 23, 586137).
cost(11, 24, 49915).
cost(12, 1, 613146).
cost(12, 2, 439937).
cost(12, 3, 193756).
cost(12, 4, 190871).
cost(12, 5, 371523).
cost(12, 6, 244435).
cost(12, 7, 234110).
cost(12, 8, 304470).
cost(12, 9, 294639).
cost(12, 10, 209533).
cost(12, 11, 191296).
cost(12, 13, 292608).
cost(12, 14, 421379).
cost(12, 15, 189072).
cost(12, 16, 83524).
cost(12, 17, 420244).
cost(12, 18, 181741).
cost(12, 19, 214232).
cost(12, 20, 242769).
cost(12, 21, 479127).
cost(12, 22, 393209).
cost(12, 23, 516611).
cost(12, 24, 170378).
cost(13, 1, 320789).
cost(13, 2, 437965).
cost(13, 3, 330381).
cost(13, 4, 378630).
cost(13, 5, 587245).
cost(13, 6, 402962).
cost(13, 7, 467519).
cost(13, 8, 546770).
cost(13, 9, 260569).
cost(13, 10, 86660).
cost(13, 11, 115291).
cost(13, 12, 292608).
cost(13, 14, 671029).
cost(13, 15, 459295).
cost(13, 16, 375649).
cost(13, 17, 476355).
cost(13, 18, 353604).
cost(13, 19, 361502).
cost(13, 20, 294715).
cost(13, 21, 267742).
cost(13, 22, 279204).
cost(13, 23, 693208).
cost(13, 24, 162573).
cost(14, 1, 977477).
cost(14, 2, 489238).
cost(14, 3, 579622).
cost(14, 4, 541820).
cost(14, 5, 593700).
cost(14, 6, 593263).
cost(14, 7, 502539).
cost(14, 8, 511335).
cost(14, 9, 712198).
cost(14, 10, 605164).
cost(14, 11, 597850).
cost(14, 12, 421379).
cost(14, 13, 671029).
cost(14, 15, 233461).
cost(14, 16, 370278).
cost(14, 17, 788075).
cost(14, 18, 550639).
cost(14, 19, 584782).
cost(14, 20, 421605).
cost(14, 21, 896435).
cost(14, 22, 813959).
cost(14, 23, 749321).
cost(14, 24, 588701).
cost(15, 1, 776790).
cost(15, 2, 427949).
cost(15, 3, 351130).
cost(15, 4, 320338).
cost(15, 5, 422874).
cost(15, 6, 374785).
cost(15, 7, 303892).
cost(15, 8, 339221).
cost(15, 9, 478805).
cost(15, 10, 384852).
cost(15, 11, 373005).
cost(15, 12, 189072).
cost(15, 13, 459295).
cost(15, 14, 233461).
cost(15, 16, 139995).
cost(15, 17, 568446).
cost(15, 18, 325115).
cost(15, 19, 360035).
cost(15, 20, 275014).
cost(15, 21, 667401).
cost(15, 22, 580631).
cost(15, 23, 582688).
cost(15, 24, 358541).
cost(16, 1, 695823).
cost(16, 2, 483406).
cost(16, 3, 211136).
cost(16, 4, 183200).
cost(16, 5, 323102).
cost(16, 6, 238688).
cost(16, 7, 189034).
cost(16, 8, 246869).
cost(16, 9, 344446).
cost(16, 10, 291592).
cost(16, 11, 271169).
cost(16, 12, 83524).
cost(16, 13, 375649).
cost(16, 14, 370278).
cost(16, 15, 139995).
cost(16, 17, 430269).
cost(16, 18, 185765).
cost(16, 19, 220800).
cost(16, 20, 294567).
cost(16, 21, 548360).
cost(16, 22, 449333).
cost(16, 23, 477573).
cost(16, 24, 243691).
cost(17, 1, 680690).
cost(17, 2, 834483).
cost(17, 3, 226561).
cost(17, 4, 248161).
cost(17, 5, 288232).
cost(17, 6, 194904).
cost(17, 7, 295945).
cost(17, 8, 328335).
cost(17, 9, 216704).
cost(17, 10, 421911).
cost(17, 11, 392405).
cost(17, 12, 420244).
cost(17, 13, 476355).
cost(17, 14, 788075).
cost(17, 15, 568446).
cost(17, 16, 430269).
cost(17, 18, 245064).
cost(17, 19, 210093).
cost(17, 20, 638882).
cost(17, 21, 397930).
cost(17, 22, 256649).
cost(17, 23, 283935).
cost(17, 24, 348420).
cost(18, 1, 644749).
cost(18, 2, 616428).
cost(18, 3, 36505).
cost(18, 4, 26185).
cost(18, 5, 233731).
cost(18, 6, 63920).
cost(18, 7, 123104).
cost(18, 8, 199833).
cost(18, 9, 196785).
cost(18, 10, 271884).
cost(18, 11, 240110).
cost(18, 12, 181741).
cost(18, 13, 353604).
cost(18, 14, 550639).
cost(18, 15, 325115).
cost(18, 16, 185765).
cost(18, 17, 245064).
cost(18, 19, 35056).
cost(18, 20, 417863).
cost(18, 21, 430670).
cost(18, 22, 304213).
cost(18, 23, 354033).
cost(18, 24, 191152).
cost(19, 1, 642063).
cost(19, 2, 645235).
cost(19, 3, 31451).
cost(19, 4, 46399).
cost(19, 5, 228828).
cost(19, 6, 41715).
cost(19, 7, 136727).
cost(19, 8, 207793).
cost(19, 9, 178342).
cost(19, 10, 283329).
cost(19, 11, 251053).
cost(19, 12, 214232).
cost(19, 13, 361502).
cost(19, 14, 584782).
cost(19, 15, 360035).
cost(19, 16, 220800).
cost(19, 17, 210093).
cost(19, 18, 35056).
cost(19, 20, 446770).
cost(19, 21, 415315).
cost(19, 22, 283328).
cost(19, 23, 335986).
cost(19, 24, 201185).
cost(20, 1, 567601).
cost(20, 2, 198569).
cost(20, 3, 420793).
cost(20, 4, 430908).
cost(20, 5, 612092).
cost(20, 6, 481769).
cost(20, 7, 474756).
cost(20, 8, 540098).
cost(20, 9, 463131).
cost(20, 10, 266416).
cost(20, 11, 280065).
cost(20, 12, 242769).
cost(20, 13, 294715).
cost(20, 14, 421605).
cost(20, 15, 275014).
cost(20, 16, 294567).
cost(20, 17, 638882).
cost(20, 18, 417863).
cost(20, 19, 446770).
cost(20, 21, 558446).
cost(20, 22, 531568).
cost(20, 23, 759350).
cost(20, 24, 305730).
cost(21, 1, 294602).
cost(21, 2, 703941).
cost(21, 3, 394748).
cost(21, 4, 455269).
cost(21, 5, 627210).
cost(21, 6, 445175).
cost(21, 7, 551477).
cost(21, 8, 622365).
cost(21, 9, 237474).
cost(21, 10, 300103).
cost(21, 11, 300461).
cost(21, 12, 479127).
cost(21, 13, 267742).
cost(21, 14, 896435).
cost(21, 15, 667401).
cost(21, 16, 548360).
cost(21, 17, 397930).
cost(21, 18, 430670).
cost(21, 19, 415315).
cost(21, 20, 558446).
cost(21, 22, 144773).
cost(21, 23, 675378).
cost(21, 24, 308901).
cost(22, 1, 424785).
cost(22, 2, 704360).
cost(22, 3, 267720).
cost(22, 4, 326758).
cost(22, 5, 485318).
cost(22, 6, 308480).
cost(22, 7, 419838).
cost(22, 8, 486521).
cost(22, 9, 108226).
cost(22, 10, 266956).
cost(22, 11, 251688).
cost(22, 12, 393209).
cost(22, 13, 279204).
cost(22, 14, 813959).
cost(22, 15, 580631).
cost(22, 16, 449333).
cost(22, 17, 256649).
cost(22, 18, 304213).
cost(22, 19, 283328).
cost(22, 20, 531568).
cost(22, 21, 144773).
cost(22, 23, 530932).
cost(22, 24, 236153).
cost(23, 1, 945426).
cost(23, 2, 955561).
cost(23, 3, 367337).
cost(23, 4, 334681).
cost(23, 5, 159991).
cost(23, 6, 294532).
cost(23, 7, 288586).
cost(23, 8, 244255).
cost(23, 9, 461016).
cost(23, 10, 618470).
cost(23, 11, 586137).
cost(23, 12, 516611).
cost(23, 13, 693208).
cost(23, 14, 749321).
cost(23, 15, 582688).
cost(23, 16, 477573).
cost(23, 17, 283935).
cost(23, 18, 354033).
cost(23, 19, 335986).
cost(23, 20, 759350).
cost(23, 21, 675378).
cost(23, 22, 530932).
cost(23, 24, 536239).
cost(24, 1, 466144).
cost(24, 2, 493247).
cost(24, 3, 169761).
cost(24, 4, 216065).
cost(24, 5, 424876).
cost(24, 6, 242895).
cost(24, 7, 305874).
cost(24, 8, 385092).
cost(24, 9, 157404).
cost(24, 10, 82242).
cost(24, 11, 49915).
cost(24, 12, 170378).
cost(24, 13, 162573).
cost(24, 14, 588701).
cost(24, 15, 358541).
cost(24, 16, 243691).
cost(24, 17, 348420).
cost(24, 18, 191152).
cost(24, 19, 201185).
cost(24, 20, 305730).
cost(24, 21, 308901).
cost(24, 22, 236153).
cost(24, 23, 536239).
nocross(1,10).
nocross(1,11).
nocross(1,13).
nocross(1,21).
nocross(1,22).
nocross(2,14).
nocross(2,15).
nocross(2,20).
nocross(3,4).
nocross(3,5).
nocross(3,9).
nocross(3,10).
nocross(3,17).
nocross(3,18).
nocross(3,24).
nocross(4,5).
nocross(4,6).
nocross(4,8).
nocross(4,9).
nocross(4,10).
nocross(4,14).
nocross(4,16).
nocross(5,4).
nocross(5,8).
nocross(5,17).
nocross(6,4).
nocross(6,5).
nocross(6,7).
nocross(6,8).
nocross(6,9).
nocross(6,17).
nocross(7,3).
nocross(7,4).
nocross(7,5).
nocross(7,8).
nocross(7,10).
nocross(7,24).
nocross(8,4).
nocross(8,5).
nocross(8,6).
nocross(8,7).
nocross(9,3).
nocross(9,11).
nocross(9,13).
nocross(9,17).
nocross(9,21).
nocross(9,24).
nocross(10,9).
nocross(10,11).
nocross(10,12).
nocross(10,13).
nocross(10,20).
nocross(11,9).
nocross(11,10).
nocross(11,12).
nocross(11,13).
nocross(11,20).
nocross(11,21).
nocross(11,24).
nocross(12,4).
nocross(12,5).
nocross(12,7).
nocross(12,9).
nocross(12,10).
nocross(12,13).
nocross(12,20).
nocross(12,24).
nocross(13,1).
nocross(13,9).
nocross(13,10).
nocross(13,11).
nocross(13,24).
nocross(14,15).
nocross(15,4).
nocross(15,7).
nocross(15,10).
nocross(15,14).
nocross(15,20).
nocross(15,24).
nocross(16,4).
nocross(16,7).
nocross(16,10).
nocross(16,15).
nocross(16,24).
nocross(17,5).
nocross(17,6).
nocross(17,8).
nocross(17,9).
nocross(17,13).
nocross(17,22).
nocross(17,23).
nocross(18,4).
nocross(18,5).
nocross(18,6).
nocross(18,7).
nocross(18,8).
nocross(18,10).
nocross(18,14).
nocross(18,24).
nocross(19,5).
nocross(19,9).
nocross(19,17).
nocross(20,2).
nocross(20,4).
nocross(20,9).
nocross(20,10).
nocross(20,11).
nocross(20,12).
nocross(20,13).
nocross(20,15).
nocross(20,24).
nocross(21,9).
nocross(21,10).
nocross(21,11).
nocross(21,13).
nocross(21,22).
nocross(22,5).
nocross(22,9).
nocross(22,10).
nocross(22,11).
nocross(22,13).
nocross(22,17).
nocross(22,21).
nocross(23,5).
nocross(23,8).
nocross(23,17).
nocross(24,1).
nocross(24,9).
nocross(24,10).
nocross(24,11).
nocross(24,13).
nocross(24,17).
nocross(24,21).
