dimension(17).
point(1, -89890.0, 190610.0).
point(2, 76522.0, -164129.0).
point(3, 208481.0, 12291.0).
point(4, 117832.0, 257688.0).
point(5, -149948.0, 171360.0).
point(6, 77498.0, -119866.0).
point(7, 325493.0, 545018.0).
point(8, 184781.0, -223706.0).
point(9, -120822.0, -168072.0).
point(10, 62829.0, -338535.0).
point(11, 151811.0, -80345.0).
point(12, -184318.0, 127245.0).
point(13, -224833.0, -339470.0).
point(14, 3907.0, 35092.0).
point(15, 157371.0, 347088.0).
point(16, -120119.0, -31127.0).
point(17, 155938.0, -335636.0).
cost(1, 2, 391833).
cost(1, 3, 347596).
cost(1, 4, 218284).
cost(1, 5, 63068).
cost(1, 6, 352724).
cost(1, 7, 546029).
cost(1, 8, 497093).
cost(1, 9, 360013).
cost(1, 10, 550743).
cost(1, 11, 363092).
cost(1, 12, 113718).
cost(1, 13, 546987).
cost(1, 14, 181614).
cost(1, 15, 292615).
cost(1, 16, 223788).
cost(1, 17, 580832).
cost(2, 1, 391833).
cost(2, 3, 220312).
cost(2, 4, 423835).
cost(2, 5, 404773).
cost(2, 6, 44274).
cost(2, 7, 751582).
cost(2, 8, 123570).
cost(2, 9, 197383).
cost(2, 10, 174943).
cost(2, 11, 112642).
cost(2, 12, 391071).
cost(2, 13, 348654).
cost(2, 14, 212042).
cost(2, 15, 517571).
cost(2, 16, 237397).
cost(2, 17, 189001).
cost(3, 1, 347596).
cost(3, 2, 220312).
cost(3, 4, 261605).
cost(3, 5, 392141).
cost(3, 6, 186070).
cost(3, 7, 545426).
cost(3, 8, 237184).
cost(3, 9, 375461).
cost(3, 10, 379860).
cost(3, 11, 108595).
cost(3, 12, 409274).
cost(3, 13, 558119).
cost(3, 14, 205841).
cost(3, 15, 338676).
cost(3, 16, 331456).
cost(3, 17, 351872).
cost(4, 1, 218284).
cost(4, 2, 423835).
cost(4, 3, 261605).
cost(4, 5, 281351).
cost(4, 6, 379702).
cost(4, 7, 354516).
cost(4, 8, 486027).
cost(4, 9, 488085).
cost(4, 10, 598755).
cost(4, 11, 339736).
cost(4, 12, 329105).
cost(4, 13, 688489).
cost(4, 14, 250056).
cost(4, 15, 97753).
cost(4, 16, 374212).
cost(4, 17, 594546).
cost(5, 1, 63068).
cost(5, 2, 404773).
cost(5, 3, 392141).
cost(5, 4, 281351).
cost(5, 6, 369519).
cost(5, 7, 604702).
cost(5, 8, 517804).
cost(5, 9, 340679).
cost(5, 10, 552510).
cost(5, 11, 392955).
cost(5, 12, 55923).
cost(5, 13, 516290).
cost(5, 14, 205525).
cost(5, 15, 354013).
cost(5, 16, 204672).
cost(5, 17, 592124).
cost(6, 1, 352724).
cost(6, 2, 44274).
cost(6, 3, 186070).
cost(6, 4, 379702).
cost(6, 5, 369519).
cost(6, 7, 709628).
cost(6, 8, 149306).
cost(6, 9, 204095).
cost(6, 10, 219160).
cost(6, 11, 84168).
cost(6, 12, 360016).
cost(6, 13, 373671).
cost(6, 14, 171545).
cost(6, 15, 473736).
cost(6, 16, 216627).
cost(6, 17, 229586).
cost(7, 1, 546029).
cost(7, 2, 751582).
cost(7, 3, 545426).
cost(7, 4, 354516).
cost(7, 5, 604702).
cost(7, 6, 709628).
cost(7, 8, 781496).
cost(7, 9, 841246).
cost(7, 10, 921769).
cost(7, 11, 649033).
cost(7, 12, 659122).
cost(7, 13, 1041719).
cost(7, 14, 602862).
cost(7, 15, 259695).
cost(7, 16, 728363).
cost(7, 17, 896828).
cost(8, 1, 497093).
cost(8, 2, 123570).
cost(8, 3, 237184).
cost(8, 4, 486027).
cost(8, 5, 517804).
cost(8, 6, 149306).
cost(8, 7, 781496).
cost(8, 9, 310626).
cost(8, 10, 167505).
cost(8, 11, 147103).
cost(8, 12, 509314).
cost(8, 13, 425658).
cost(8, 14, 315740).
cost(8, 15, 571452).
cost(8, 16, 360625).
cost(8, 17, 115587).
cost(9, 1, 360013).
cost(9, 2, 197383).
cost(9, 3, 375461).
cost(9, 4, 488085).
cost(9, 5, 340679).
cost(9, 6, 204095).
cost(9, 7, 841246).
cost(9, 8, 310626).
cost(9, 10, 250570).
cost(9, 11, 286400).
cost(9, 12, 302066).
cost(9, 13, 200488).
cost(9, 14, 238397).
cost(9, 15, 585475).
cost(9, 16, 136947).
cost(9, 17, 323533).
cost(10, 1, 550743).
cost(10, 2, 174943).
cost(10, 3, 379860).
cost(10, 4, 598755).
cost(10, 5, 552510).
cost(10, 6, 219160).
cost(10, 7, 921769).
cost(10, 8, 167505).
cost(10, 9, 250570).
cost(10, 11, 273093).
cost(10, 12, 527288).
cost(10, 13, 287664).
cost(10, 14, 378245).
cost(10, 15, 692111).
cost(10, 16, 357728).
cost(10, 17, 93154).
cost(11, 1, 363092).
cost(11, 2, 112642).
cost(11, 3, 108595).
cost(11, 4, 339736).
cost(11, 5, 392955).
cost(11, 6, 84168).
cost(11, 7, 649033).
cost(11, 8, 147103).
cost(11, 9, 286400).
cost(11, 10, 273093).
cost(11, 12, 395065).
cost(11, 13, 457172).
cost(11, 14, 187620).
cost(11, 15, 427469).
cost(11, 16, 276348).
cost(11, 17, 255324).
cost(12, 1, 113718).
cost(12, 2, 391071).
cost(12, 3, 409274).
cost(12, 4, 329105).
cost(12, 5, 55923).
cost(12, 6, 360016).
cost(12, 7, 659122).
cost(12, 8, 509314).
cost(12, 9, 302066).
cost(12, 10, 527288).
cost(12, 11, 395065).
cost(12, 13, 468470).
cost(12, 14, 209573).
cost(12, 15, 406303).
cost(12, 16, 170889).
cost(12, 17, 574485).
cost(13, 1, 546987).
cost(13, 2, 348654).
cost(13, 3, 558119).
cost(13, 4, 688489).
cost(13, 5, 516290).
cost(13, 6, 373671).
cost(13, 7, 1041719).
cost(13, 8, 425658).
cost(13, 9, 200488).
cost(13, 10, 287664).
cost(13, 11, 457172).
cost(13, 12, 468470).
cost(13, 14, 438883).
cost(13, 15, 785775).
cost(13, 16, 325638).
cost(13, 17, 380790).
cost(14, 1, 181614).
cost(14, 2, 212042).
cost(14, 3, 205841).
cost(14, 4, 250056).
cost(14, 5, 205525).
cost(14, 6, 171545).
cost(14, 7, 602862).
cost(14, 8, 315740).
cost(14, 9, 238397).
cost(14, 10, 378245).
cost(14, 11, 187620).
cost(14, 12, 209573).
cost(14, 13, 438883).
cost(14, 15, 347696).
cost(14, 16, 140597).
cost(14, 17, 400690).
cost(15, 1, 292615).
cost(15, 2, 517571).
cost(15, 3, 338676).
cost(15, 4, 97753).
cost(15, 5, 354013).
cost(15, 6, 473736).
cost(15, 7, 259695).
cost(15, 8, 571452).
cost(15, 9, 585475).
cost(15, 10, 692111).
cost(15, 11, 427469).
cost(15, 12, 406303).
cost(15, 13, 785775).
cost(15, 14, 347696).
cost(15, 16, 469092).
cost(15, 17, 682726).
cost(16, 1, 223788).
cost(16, 2, 237397).
cost(16, 3, 331456).
cost(16, 4, 374212).
cost(16, 5, 204672).
cost(16, 6, 216627).
cost(16, 7, 728363).
cost(16, 8, 360625).
cost(16, 9, 136947).
cost(16, 10, 357728).
cost(16, 11, 276348).
cost(16, 12, 170889).
cost(16, 13, 325638).
cost(16, 14, 140597).
cost(16, 15, 469092).
cost(16, 17, 411015).
cost(17, 1, 580832).
cost(17, 2, 189001).
cost(17, 3, 351872).
cost(17, 4, 594546).
cost(17, 5, 592124).
cost(17, 6, 229586).
cost(17, 7, 896828).
cost(17, 8, 115587).
cost(17, 9, 323533).
cost(17, 10, 93154).
cost(17, 11, 255324).
cost(17, 12, 574485).
cost(17, 13, 380790).
cost(17, 14, 400690).
cost(17, 15, 682726).
cost(17, 16, 411015).
