dimension(17).
point(1, -69819.0, -92382.0).
point(2, -158732.0, -228911.0).
point(3, 324444.0, -81119.0).
point(4, -278479.0, 229740.0).
point(5, 172527.0, 8789.0).
point(6, -482131.0, 211653.0).
point(7, 106777.0, 253797.0).
point(8, 121638.0, 307892.0).
point(9, -122462.0, -145140.0).
point(10, -89377.0, 498583.0).
point(11, 66374.0, -128638.0).
point(12, 71084.0, -197920.0).
point(13, -495987.0, 172656.0).
point(14, 615569.0, -65046.0).
point(15, 205462.0, -211252.0).
point(16, 156462.0, -62936.0).
point(17, 247511.0, -71120.0).
cost(1, 2, 162928).
cost(1, 3, 394424).
cost(1, 4, 383799).
cost(1, 5, 262616).
cost(1, 6, 512287).
cost(1, 7, 388621).
cost(1, 8, 443706).
cost(1, 9, 74530).
cost(1, 10, 591289).
cost(1, 11, 140936).
cost(1, 12, 176045).
cost(1, 13, 501861).
cost(1, 14, 685933).
cost(1, 15, 299849).
cost(1, 16, 228189).
cost(1, 17, 318042).
cost(2, 1, 162928).
cost(2, 3, 505274).
cost(2, 4, 474025).
cost(2, 5, 407718).
cost(2, 6, 546519).
cost(2, 7, 550910).
cost(2, 8, 605611).
cost(2, 9, 91286).
cost(2, 10, 730792).
cost(2, 11, 246429).
cost(2, 12, 231896).
cost(2, 13, 524402).
cost(2, 14, 791450).
cost(2, 15, 364622).
cost(2, 16, 356223).
cost(2, 17, 435811).
cost(3, 1, 394424).
cost(3, 2, 505274).
cost(3, 4, 678343).
cost(3, 5, 176528).
cost(3, 6, 858067).
cost(3, 7, 399434).
cost(3, 8, 438702).
cost(3, 9, 451468).
cost(3, 10, 712252).
cost(3, 11, 262408).
cost(3, 12, 278987).
cost(3, 13, 858783).
cost(3, 14, 291568).
cost(3, 15, 176327).
cost(3, 16, 168963).
cost(3, 17, 77580).
cost(4, 1, 383799).
cost(4, 2, 474025).
cost(4, 3, 678343).
cost(4, 5, 502221).
cost(4, 6, 204454).
cost(4, 7, 386006).
cost(4, 8, 407678).
cost(4, 9, 406050).
cost(4, 10, 328688).
cost(4, 11, 497351).
cost(4, 12, 552347).
cost(4, 13, 224874).
cost(4, 14, 941393).
cost(4, 15, 654731).
cost(4, 16, 524245).
cost(4, 17, 605956).
cost(5, 1, 262616).
cost(5, 2, 407718).
cost(5, 3, 176528).
cost(5, 4, 502221).
cost(5, 6, 685369).
cost(5, 7, 253677).
cost(5, 8, 303401).
cost(5, 9, 332735).
cost(5, 10, 555420).
cost(5, 11, 173651).
cost(5, 12, 230259).
cost(5, 13, 688305).
cost(5, 14, 449152).
cost(5, 15, 222492).
cost(5, 16, 73502).
cost(5, 17, 109581).
cost(6, 1, 512287).
cost(6, 2, 546519).
cost(6, 3, 858067).
cost(6, 4, 204454).
cost(6, 5, 685369).
cost(6, 7, 590414).
cost(6, 8, 611391).
cost(6, 9, 506619).
cost(6, 10, 486400).
cost(6, 11, 645489).
cost(6, 12, 688329).
cost(6, 13, 41385).
cost(6, 14, 1132037).
cost(6, 15, 807238).
cost(6, 16, 695126).
cost(6, 17, 782520).
cost(7, 1, 388621).
cost(7, 2, 550910).
cost(7, 3, 399434).
cost(7, 4, 386006).
cost(7, 5, 253677).
cost(7, 6, 590414).
cost(7, 8, 56099).
cost(7, 9, 460110).
cost(7, 10, 313682).
cost(7, 11, 384563).
cost(7, 12, 453125).
cost(7, 13, 608201).
cost(7, 14, 600442).
cost(7, 15, 475404).
cost(7, 16, 320606).
cost(7, 17, 354086).
cost(8, 1, 443706).
cost(8, 2, 605611).
cost(8, 3, 438702).
cost(8, 4, 407678).
cost(8, 5, 303401).
cost(8, 6, 611391).
cost(8, 7, 56099).
cost(8, 9, 514609).
cost(8, 10, 284412).
cost(8, 11, 440014).
cost(8, 12, 508332).
cost(8, 13, 632257).
cost(8, 14, 618911).
cost(8, 15, 525868).
cost(8, 16, 372460).
cost(8, 17, 399367).
cost(9, 1, 74530).
cost(9, 2, 91286).
cost(9, 3, 451468).
cost(9, 4, 406050).
cost(9, 5, 332735).
cost(9, 6, 506619).
cost(9, 7, 460110).
cost(9, 8, 514609).
cost(9, 10, 644573).
cost(9, 11, 189556).
cost(9, 12, 200614).
cost(9, 13, 490424).
cost(9, 14, 742364).
cost(9, 15, 334522).
cost(9, 16, 290785).
cost(9, 17, 377305).
cost(10, 1, 591289).
cost(10, 2, 730792).
cost(10, 3, 712252).
cost(10, 4, 328688).
cost(10, 5, 555420).
cost(10, 6, 486400).
cost(10, 7, 313682).
cost(10, 8, 284412).
cost(10, 9, 644573).
cost(10, 11, 646270).
cost(10, 12, 714748).
cost(10, 13, 521114).
cost(10, 14, 902567).
cost(10, 15, 768632).
cost(10, 16, 612977).
cost(10, 17, 661857).
cost(11, 1, 140936).
cost(11, 2, 246429).
cost(11, 3, 262408).
cost(11, 4, 497351).
cost(11, 5, 173651).
cost(11, 6, 645489).
cost(11, 7, 384563).
cost(11, 8, 440014).
cost(11, 9, 189556).
cost(11, 10, 646270).
cost(11, 12, 69442).
cost(11, 13, 637987).
cost(11, 14, 552864).
cost(11, 15, 161773).
cost(11, 16, 111502).
cost(11, 17, 190050).
cost(12, 1, 176045).
cost(12, 2, 231896).
cost(12, 3, 278987).
cost(12, 4, 552347).
cost(12, 5, 230259).
cost(12, 6, 688329).
cost(12, 7, 453125).
cost(12, 8, 508332).
cost(12, 9, 200614).
cost(12, 10, 714748).
cost(12, 11, 69442).
cost(12, 13, 677419).
cost(12, 14, 560464).
cost(12, 15, 135038).
cost(12, 16, 159719).
cost(12, 17, 217266).
cost(13, 1, 501861).
cost(13, 2, 524402).
cost(13, 3, 858783).
cost(13, 4, 224874).
cost(13, 5, 688305).
cost(13, 6, 41385).
cost(13, 7, 608201).
cost(13, 8, 632257).
cost(13, 9, 490424).
cost(13, 10, 521114).
cost(13, 11, 637987).
cost(13, 12, 677419).
cost(13, 14, 1136688).
cost(13, 15, 799635).
cost(13, 16, 693681).
cost(13, 17, 782442).
cost(14, 1, 685933).
cost(14, 2, 791450).
cost(14, 3, 291568).
cost(14, 4, 941393).
cost(14, 5, 449152).
cost(14, 6, 1132037).
cost(14, 7, 600442).
cost(14, 8, 618911).
cost(14, 9, 742364).
cost(14, 10, 902567).
cost(14, 11, 552864).
cost(14, 12, 560464).
cost(14, 13, 1136688).
cost(14, 15, 435389).
cost(14, 16, 459112).
cost(14, 17, 368108).
cost(15, 1, 299849).
cost(15, 2, 364622).
cost(15, 3, 176327).
cost(15, 4, 654731).
cost(15, 5, 222492).
cost(15, 6, 807238).
cost(15, 7, 475404).
cost(15, 8, 525868).
cost(15, 9, 334522).
cost(15, 10, 768632).
cost(15, 11, 161773).
cost(15, 12, 135038).
cost(15, 13, 799635).
cost(15, 14, 435389).
cost(15, 16, 156201).
cost(15, 17, 146305).
cost(16, 1, 228189).
cost(16, 2, 356223).
cost(16, 3, 168963).
cost(16, 4, 524245).
cost(16, 5, 73502).
cost(16, 6, 695126).
cost(16, 7, 320606).
cost(16, 8, 372460).
cost(16, 9, 290785).
cost(16, 10, 612977).
cost(16, 11, 111502).
cost(16, 12, 159719).
cost(16, 13, 693681).
cost(16, 14, 459112).
cost(16, 15, 156201).
cost(16, 17, 91416).
cost(17, 1, 318042).
cost(17, 2, 435811).
cost(17, 3, 77580).
cost(17, 4, 605956).
cost(17, 5, 109581).
cost(17, 6, 782520).
cost(17, 7, 354086).
cost(17, 8, 399367).
cost(17, 9, 377305).
cost(17, 10, 661857).
cost(17, 11, 190050).
cost(17, 12, 217266).
cost(17, 13, 782442).
cost(17, 14, 368108).
cost(17, 15, 146305).
cost(17, 16, 91416).
