dimension(17).
point(1, 59838.0, -365671.0).
point(2, -113752.0, 18718.0).
point(3, 198683.0, -550715.0).
point(4, 86256.0, -207457.0).
point(5, -195436.0, -120344.0).
point(6, -124359.0, -240658.0).
point(7, 6296.0, 31187.0).
point(8, 185338.0, -236587.0).
point(9, 170041.0, -309979.0).
point(10, 111295.0, 216086.0).
point(11, 375539.0, 402179.0).
point(12, 6328.0, 16947.0).
point(13, -368081.0, -232024.0).
point(14, -218538.0, -62088.0).
point(15, 197507.0, -111248.0).
point(16, -210066.0, -138349.0).
point(17, 285259.0, -134717.0).
cost(1, 2, 421768).
cost(1, 3, 231342).
cost(1, 4, 160404).
cost(1, 5, 354048).
cost(1, 6, 222614).
cost(1, 7, 400454).
cost(1, 8, 180036).
cost(1, 9, 123476).
cost(1, 10, 584028).
cost(1, 11, 830217).
cost(1, 12, 386342).
cost(1, 13, 448304).
cost(1, 14, 411893).
cost(1, 15, 289282).
cost(1, 16, 352879).
cost(1, 17, 322730).
cost(2, 1, 421768).
cost(2, 3, 649515).
cost(2, 4, 301924).
cost(2, 5, 161278).
cost(2, 6, 259593).
cost(2, 7, 120694).
cost(2, 8, 393237).
cost(2, 9, 434258).
cost(2, 10, 299333).
cost(2, 11, 621649).
cost(2, 12, 120093).
cost(2, 13, 357148).
cost(2, 14, 132324).
cost(2, 15, 337303).
cost(2, 16, 184246).
cost(2, 17, 427495).
cost(3, 1, 231342).
cost(3, 2, 649515).
cost(3, 4, 361201).
cost(3, 5, 583566).
cost(3, 6, 447763).
cost(3, 7, 612881).
cost(3, 8, 314411).
cost(3, 9, 242434).
cost(3, 10, 771764).
cost(3, 11, 969167).
cost(3, 12, 599367).
cost(3, 13, 650219).
cost(3, 14, 642518).
cost(3, 15, 439469).
cost(3, 16, 580622).
cost(3, 17, 424911).
cost(4, 1, 160404).
cost(4, 2, 301924).
cost(4, 3, 361201).
cost(4, 5, 294854).
cost(4, 6, 213216).
cost(4, 7, 251683).
cost(4, 8, 103275).
cost(4, 9, 132403).
cost(4, 10, 424282).
cost(4, 11, 674789).
cost(4, 12, 238213).
cost(4, 13, 455001).
cost(4, 14, 337686).
cost(4, 15, 147081).
cost(4, 16, 304274).
cost(4, 17, 211880).
cost(5, 1, 354048).
cost(5, 2, 161278).
cost(5, 3, 583566).
cost(5, 4, 294854).
cost(5, 6, 139740).
cost(5, 7, 252304).
cost(5, 8, 398122).
cost(5, 9, 411746).
cost(5, 10, 455268).
cost(5, 11, 773979).
cost(5, 12, 244044).
cost(5, 13, 205618).
cost(5, 14, 62669).
cost(5, 15, 393048).
cost(5, 16, 23200).
cost(5, 17, 480910).
cost(6, 1, 222614).
cost(6, 2, 259593).
cost(6, 3, 447763).
cost(6, 4, 213216).
cost(6, 5, 139740).
cost(6, 7, 301613).
cost(6, 8, 309724).
cost(6, 9, 302451).
cost(6, 10, 513953).
cost(6, 11, 814332).
cost(6, 12, 288859).
cost(6, 13, 243875).
cost(6, 14, 201883).
cost(6, 15, 346907).
cost(6, 16, 133465).
cost(6, 17, 423096).
cost(7, 1, 400454).
cost(7, 2, 120694).
cost(7, 3, 612881).
cost(7, 4, 251683).
cost(7, 5, 252304).
cost(7, 6, 301613).
cost(7, 8, 322116).
cost(7, 9, 378427).
cost(7, 10, 212632).
cost(7, 11, 523427).
cost(7, 12, 14240).
cost(7, 13, 457644).
cost(7, 14, 243414).
cost(7, 15, 238431).
cost(7, 16, 274873).
cost(7, 17, 324568).
cost(8, 1, 180036).
cost(8, 2, 393237).
cost(8, 3, 314411).
cost(8, 4, 103275).
cost(8, 5, 398122).
cost(8, 6, 309724).
cost(8, 7, 322116).
cost(8, 9, 74969).
cost(8, 10, 458689).
cost(8, 11, 666482).
cost(8, 12, 310361).
cost(8, 13, 553438).
cost(8, 14, 439961).
cost(8, 15, 125928).
cost(8, 16, 407425).
cost(8, 17, 142694).
cost(9, 1, 123476).
cost(9, 2, 434258).
cost(9, 3, 242434).
cost(9, 4, 132403).
cost(9, 5, 411746).
cost(9, 6, 302451).
cost(9, 7, 378427).
cost(9, 8, 74969).
cost(9, 10, 529335).
cost(9, 11, 741214).
cost(9, 12, 365626).
cost(9, 13, 543739).
cost(9, 14, 460916).
cost(9, 15, 200620).
cost(9, 16, 417059).
cost(9, 17, 209743).
cost(10, 1, 584028).
cost(10, 2, 299333).
cost(10, 3, 771764).
cost(10, 4, 424282).
cost(10, 5, 455268).
cost(10, 6, 513953).
cost(10, 7, 212632).
cost(10, 8, 458689).
cost(10, 9, 529335).
cost(10, 11, 323196).
cost(10, 12, 225110).
cost(10, 13, 656204).
cost(10, 14, 431475).
cost(10, 15, 338497).
cost(10, 16, 478432).
cost(10, 17, 391569).
cost(11, 1, 830217).
cost(11, 2, 621649).
cost(11, 3, 969167).
cost(11, 4, 674789).
cost(11, 5, 773979).
cost(11, 6, 814332).
cost(11, 7, 523427).
cost(11, 8, 666482).
cost(11, 9, 741214).
cost(11, 10, 323196).
cost(11, 12, 533592).
cost(11, 13, 977335).
cost(11, 14, 753970).
cost(11, 15, 543418).
cost(11, 16, 796934).
cost(11, 17, 544433).
cost(12, 1, 386342).
cost(12, 2, 120093).
cost(12, 3, 599367).
cost(12, 4, 238213).
cost(12, 5, 244044).
cost(12, 6, 288859).
cost(12, 7, 14240).
cost(12, 8, 310361).
cost(12, 9, 365626).
cost(12, 10, 225110).
cost(12, 11, 533592).
cost(12, 13, 449632).
cost(12, 14, 238351).
cost(12, 15, 230181).
cost(12, 16, 266352).
cost(12, 17, 317497).
cost(13, 1, 448304).
cost(13, 2, 357148).
cost(13, 3, 650219).
cost(13, 4, 455001).
cost(13, 5, 205618).
cost(13, 6, 243875).
cost(13, 7, 457644).
cost(13, 8, 553438).
cost(13, 9, 543739).
cost(13, 10, 656204).
cost(13, 11, 977335).
cost(13, 12, 449632).
cost(13, 14, 226366).
cost(13, 15, 578340).
cost(13, 16, 183695).
cost(13, 17, 660547).
cost(14, 1, 411893).
cost(14, 2, 132324).
cost(14, 3, 642518).
cost(14, 4, 337686).
cost(14, 5, 62669).
cost(14, 6, 201883).
cost(14, 7, 243414).
cost(14, 8, 439961).
cost(14, 9, 460916).
cost(14, 10, 431475).
cost(14, 11, 753970).
cost(14, 12, 238351).
cost(14, 13, 226366).
cost(14, 15, 418939).
cost(14, 16, 76730).
cost(14, 17, 509005).
cost(15, 1, 289282).
cost(15, 2, 337303).
cost(15, 3, 439469).
cost(15, 4, 147081).
cost(15, 5, 393048).
cost(15, 6, 346907).
cost(15, 7, 238431).
cost(15, 8, 125928).
cost(15, 9, 200620).
cost(15, 10, 338497).
cost(15, 11, 543418).
cost(15, 12, 230181).
cost(15, 13, 578340).
cost(15, 14, 418939).
cost(15, 16, 408473).
cost(15, 17, 90836).
cost(16, 1, 352879).
cost(16, 2, 184246).
cost(16, 3, 580622).
cost(16, 4, 304274).
cost(16, 5, 23200).
cost(16, 6, 133465).
cost(16, 7, 274873).
cost(16, 8, 407425).
cost(16, 9, 417059).
cost(16, 10, 478432).
cost(16, 11, 796934).
cost(16, 12, 266352).
cost(16, 13, 183695).
cost(16, 14, 76730).
cost(16, 15, 408473).
cost(16, 17, 495338).
cost(17, 1, 322730).
cost(17, 2, 427495).
cost(17, 3, 424911).
cost(17, 4, 211880).
cost(17, 5, 480910).
cost(17, 6, 423096).
cost(17, 7, 324568).
cost(17, 8, 142694).
cost(17, 9, 209743).
cost(17, 10, 391569).
cost(17, 11, 544433).
cost(17, 12, 317497).
cost(17, 13, 660547).
cost(17, 14, 509005).
cost(17, 15, 90836).
cost(17, 16, 495338).
