dimension(17).
point(1, 125736.0, 115047.0).
point(2, -412251.0, -281231.0).
point(3, 191845.0, 74105.0).
point(4, 211088.0, 359399.0).
point(5, 55553.0, -379148.0).
point(6, 399865.0, -371310.0).
point(7, 294501.0, -9625.0).
point(8, -271972.0, 187805.0).
point(9, 408972.0, 113414.0).
point(10, -56003.0, -303508.0).
point(11, 108156.0, 166619.0).
point(12, -208542.0, 198877.0).
point(13, 394352.0, -296590.0).
point(14, -204309.0, -282507.0).
point(15, 358231.0, 20699.0).
point(16, -48330.0, -345935.0).
point(17, -111902.0, 148186.0).
cost(1, 2, 668181).
cost(1, 3, 77760).
cost(1, 4, 258830).
cost(1, 5, 499154).
cost(1, 6, 558292).
cost(1, 7, 209821).
cost(1, 8, 404309).
cost(1, 9, 283241).
cost(1, 10, 456308).
cost(1, 11, 54486).
cost(1, 12, 344629).
cost(1, 13, 491528).
cost(1, 14, 516700).
cost(1, 15, 250909).
cost(1, 16, 492751).
cost(1, 17, 239938).
cost(2, 1, 668181).
cost(2, 3, 700854).
cost(2, 4, 893845).
cost(2, 5, 477942).
cost(2, 6, 817096).
cost(2, 7, 757145).
cost(2, 8, 489564).
cost(2, 9, 911127).
cost(2, 10, 356944).
cost(2, 11, 686581).
cost(2, 12, 521537).
cost(2, 13, 806749).
cost(2, 14, 207946).
cost(2, 15, 827529).
cost(2, 16, 369628).
cost(2, 17, 524031).
cost(3, 1, 77760).
cost(3, 2, 700854).
cost(3, 4, 285942).
cost(3, 5, 473301).
cost(3, 6, 491596).
cost(3, 7, 132473).
cost(3, 8, 477550).
cost(3, 9, 220657).
cost(3, 10, 451686).
cost(3, 11, 124751).
cost(3, 12, 419378).
cost(3, 13, 422402).
cost(3, 14, 533020).
cost(3, 15, 174747).
cost(3, 16, 483857).
cost(3, 17, 312650).
cost(4, 1, 258830).
cost(4, 2, 893845).
cost(4, 3, 285942).
cost(4, 5, 754747).
cost(4, 6, 754700).
cost(4, 7, 378334).
cost(4, 8, 512632).
cost(4, 9, 315700).
cost(4, 10, 714691).
cost(4, 11, 218539).
cost(4, 12, 449285).
cost(4, 13, 681107).
cost(4, 14, 764590).
cost(4, 15, 369281).
cost(4, 16, 751528).
cost(4, 17, 385919).
cost(5, 1, 499154).
cost(5, 2, 477942).
cost(5, 3, 473301).
cost(5, 4, 754747).
cost(5, 6, 344401).
cost(5, 7, 440049).
cost(5, 8, 654758).
cost(5, 9, 606236).
cost(5, 10, 134782).
cost(5, 11, 548296).
cost(5, 12, 635499).
cost(5, 13, 348713).
cost(5, 14, 277250).
cost(5, 15, 501489).
cost(5, 16, 109063).
cost(5, 17, 553283).
cost(6, 1, 558292).
cost(6, 2, 817096).
cost(6, 3, 491596).
cost(6, 4, 754700).
cost(6, 5, 344401).
cost(6, 7, 376720).
cost(6, 8, 874056).
cost(6, 9, 484810).
cost(6, 10, 460883).
cost(6, 11, 611933).
cost(6, 12, 833830).
cost(6, 13, 74923).
cost(6, 14, 610665).
cost(6, 15, 394214).
cost(6, 16, 448913).
cost(6, 17, 729234).
cost(7, 1, 209821).
cost(7, 2, 757145).
cost(7, 3, 132473).
cost(7, 4, 378334).
cost(7, 5, 440049).
cost(7, 6, 376720).
cost(7, 8, 599892).
cost(7, 9, 168054).
cost(7, 10, 457406).
cost(7, 11, 256489).
cost(7, 12, 544541).
cost(7, 13, 303841).
cost(7, 14, 568574).
cost(7, 15, 70577).
cost(7, 16, 480247).
cost(7, 17, 435968).
cost(8, 1, 404309).
cost(8, 2, 489564).
cost(8, 3, 477550).
cost(8, 4, 512632).
cost(8, 5, 654758).
cost(8, 6, 874056).
cost(8, 7, 599892).
cost(8, 9, 684995).
cost(8, 10, 536685).
cost(8, 11, 380718).
cost(8, 12, 64389).
cost(8, 13, 823788).
cost(8, 14, 475154).
cost(8, 15, 651982).
cost(8, 16, 578700).
cost(8, 17, 164900).
cost(9, 1, 283241).
cost(9, 2, 911127).
cost(9, 3, 220657).
cost(9, 4, 315700).
cost(9, 5, 606236).
cost(9, 6, 484810).
cost(9, 7, 168054).
cost(9, 8, 684995).
cost(9, 10, 624520).
cost(9, 11, 305485).
cost(9, 12, 623400).
cost(9, 13, 410265).
cost(9, 14, 729977).
cost(9, 15, 105692).
cost(9, 16, 648172).
cost(9, 17, 522033).
cost(10, 1, 456308).
cost(10, 2, 356944).
cost(10, 3, 451686).
cost(10, 4, 714691).
cost(10, 5, 134782).
cost(10, 6, 460883).
cost(10, 7, 457406).
cost(10, 8, 536685).
cost(10, 9, 624520).
cost(10, 11, 497963).
cost(10, 12, 525032).
cost(10, 13, 450408).
cost(10, 14, 149786).
cost(10, 15, 526023).
cost(10, 16, 43115).
cost(10, 17, 455140).
cost(11, 1, 54486).
cost(11, 2, 686581).
cost(11, 3, 124751).
cost(11, 4, 218539).
cost(11, 5, 548296).
cost(11, 6, 611933).
cost(11, 7, 256489).
cost(11, 8, 380718).
cost(11, 9, 305485).
cost(11, 10, 497963).
cost(11, 12, 318337).
cost(11, 13, 544491).
cost(11, 14, 547128).
cost(11, 15, 289534).
cost(11, 16, 535910).
cost(11, 17, 220829).
cost(12, 1, 344629).
cost(12, 2, 521537).
cost(12, 3, 419378).
cost(12, 4, 449285).
cost(12, 5, 635499).
cost(12, 6, 833830).
cost(12, 7, 544541).
cost(12, 8, 64389).
cost(12, 9, 623400).
cost(12, 10, 525032).
cost(12, 11, 318337).
cost(12, 13, 780364).
cost(12, 14, 481403).
cost(12, 15, 594120).
cost(12, 16, 567880).
cost(12, 17, 109128).
cost(13, 1, 491528).
cost(13, 2, 806749).
cost(13, 3, 422402).
cost(13, 4, 681107).
cost(13, 5, 348713).
cost(13, 6, 74923).
cost(13, 7, 303841).
cost(13, 8, 823788).
cost(13, 9, 410265).
cost(13, 10, 450408).
cost(13, 11, 544491).
cost(13, 12, 780364).
cost(13, 14, 598827).
cost(13, 15, 319338).
cost(13, 16, 445424).
cost(13, 17, 673883).
cost(14, 1, 516700).
cost(14, 2, 207946).
cost(14, 3, 533020).
cost(14, 4, 764590).
cost(14, 5, 277250).
cost(14, 6, 610665).
cost(14, 7, 568574).
cost(14, 8, 475154).
cost(14, 9, 729977).
cost(14, 10, 149786).
cost(14, 11, 547128).
cost(14, 12, 481403).
cost(14, 13, 598827).
cost(14, 15, 639050).
cost(14, 16, 168382).
cost(14, 17, 440495).
cost(15, 1, 250909).
cost(15, 2, 827529).
cost(15, 3, 174747).
cost(15, 4, 369281).
cost(15, 5, 501489).
cost(15, 6, 394214).
cost(15, 7, 70577).
cost(15, 8, 651982).
cost(15, 9, 105692).
cost(15, 10, 526023).
cost(15, 11, 289534).
cost(15, 12, 594120).
cost(15, 13, 319338).
cost(15, 14, 639050).
cost(15, 16, 547460).
cost(15, 17, 487112).
cost(16, 1, 492751).
cost(16, 2, 369628).
cost(16, 3, 483857).
cost(16, 4, 751528).
cost(16, 5, 109063).
cost(16, 6, 448913).
cost(16, 7, 480247).
cost(16, 8, 578700).
cost(16, 9, 648172).
cost(16, 10, 43115).
cost(16, 11, 535910).
cost(16, 12, 567880).
cost(16, 13, 445424).
cost(16, 14, 168382).
cost(16, 15, 547460).
cost(16, 17, 498194).
cost(17, 1, 239938).
cost(17, 2, 524031).
cost(17, 3, 312650).
cost(17, 4, 385919).
cost(17, 5, 553283).
cost(17, 6, 729234).
cost(17, 7, 435968).
cost(17, 8, 164900).
cost(17, 9, 522033).
cost(17, 10, 455140).
cost(17, 11, 220829).
cost(17, 12, 109128).
cost(17, 13, 673883).
cost(17, 14, 440495).
cost(17, 15, 487112).
cost(17, 16, 498194).
