dimension(17).
point(1, -426628.0, -2173.0).
point(2, 101569.0, -303146.0).
point(3, -379941.0, 79861.0).
point(4, -207168.0, 16260.0).
point(5, 198090.0, -180233.0).
point(6, 106949.0, -660500.0).
point(7, 203269.0, -128080.0).
point(8, 244207.0, 397228.0).
point(9, 88638.0, -147619.0).
point(10, -148858.0, -243993.0).
point(11, 38371.0, 33333.0).
point(12, 94711.0, 328964.0).
point(13, -452379.0, -248268.0).
point(14, 428200.0, 276806.0).
point(15, 43608.0, -22179.0).
point(16, -213500.0, 227452.0).
point(17, 335975.0, -192290.0).
cost(1, 2, 607928).
cost(1, 3, 94389).
cost(1, 4, 220233).
cost(1, 5, 649598).
cost(1, 6, 847407).
cost(1, 7, 642357).
cost(1, 8, 780731).
cost(1, 9, 535400).
cost(1, 10, 368284).
cost(1, 11, 466353).
cost(1, 12, 617613).
cost(1, 13, 247439).
cost(1, 14, 899200).
cost(1, 15, 470661).
cost(1, 16, 313291).
cost(1, 17, 785944).
cost(2, 1, 607928).
cost(2, 3, 615261).
cost(2, 4, 444228).
cost(2, 5, 156282).
cost(2, 6, 357394).
cost(2, 7, 202462).
cost(2, 8, 714751).
cost(2, 9, 156064).
cost(2, 10, 257318).
cost(2, 11, 342363).
cost(2, 12, 632147).
cost(2, 13, 556660).
cost(2, 14, 665607).
cost(2, 15, 286883).
cost(2, 16, 617092).
cost(2, 17, 259298).
cost(3, 1, 94389).
cost(3, 2, 615261).
cost(3, 4, 184108).
cost(3, 5, 633852).
cost(3, 6, 886113).
cost(3, 7, 619172).
cost(3, 8, 700202).
cost(3, 9, 520878).
cost(3, 10, 397845).
cost(3, 11, 420892).
cost(3, 12, 536047).
cost(3, 13, 336030).
cost(3, 14, 831793).
cost(3, 15, 435667).
cost(3, 16, 222454).
cost(3, 17, 765899).
cost(4, 1, 220233).
cost(4, 2, 444228).
cost(4, 3, 184108).
cost(4, 5, 450382).
cost(4, 6, 746106).
cost(4, 7, 435078).
cost(4, 8, 590657).
cost(4, 9, 338168).
cost(4, 10, 266705).
cost(4, 11, 246132).
cost(4, 12, 434643).
cost(4, 13, 360699).
cost(4, 14, 686714).
cost(4, 15, 253705).
cost(4, 16, 211287).
cost(4, 17, 581805).
cost(5, 1, 649598).
cost(5, 2, 156282).
cost(5, 3, 633852).
cost(5, 4, 450382).
cost(5, 6, 488838).
cost(5, 7, 52410).
cost(5, 8, 579300).
cost(5, 9, 114208).
cost(5, 10, 352758).
cost(5, 11, 266684).
cost(5, 12, 519585).
cost(5, 13, 654017).
cost(5, 14, 511698).
cost(5, 15, 221011).
cost(5, 16, 579321).
cost(5, 17, 138411).
cost(6, 1, 847407).
cost(6, 2, 357394).
cost(6, 3, 886113).
cost(6, 4, 746106).
cost(6, 5, 488838).
cost(6, 7, 541062).
cost(6, 8, 1066597).
cost(6, 9, 513208).
cost(6, 10, 488790).
cost(6, 11, 697214).
cost(6, 12, 989540).
cost(6, 13, 694826).
cost(6, 14, 990830).
cost(6, 15, 641456).
cost(6, 16, 944005).
cost(6, 17, 521223).
cost(7, 1, 642357).
cost(7, 2, 202462).
cost(7, 3, 619172).
cost(7, 4, 435078).
cost(7, 5, 52410).
cost(7, 6, 541062).
cost(7, 8, 526901).
cost(7, 9, 116284).
cost(7, 10, 370715).
cost(7, 11, 230750).
cost(7, 12, 469760).
cost(7, 13, 666573).
cost(7, 14, 463170).
cost(7, 15, 191590).
cost(7, 16, 547813).
cost(7, 17, 147424).
cost(8, 1, 780731).
cost(8, 2, 714751).
cost(8, 3, 700202).
cost(8, 4, 590657).
cost(8, 5, 579300).
cost(8, 6, 1066597).
cost(8, 7, 526901).
cost(8, 9, 566622).
cost(8, 10, 752107).
cost(8, 11, 418077).
cost(8, 12, 164344).
cost(8, 13, 949683).
cost(8, 14, 219897).
cost(8, 15, 464911).
cost(8, 16, 488180).
cost(8, 17, 596618).
cost(9, 1, 535400).
cost(9, 2, 156064).
cost(9, 3, 520878).
cost(9, 4, 338168).
cost(9, 5, 114208).
cost(9, 6, 513208).
cost(9, 7, 116284).
cost(9, 8, 566622).
cost(9, 10, 256305).
cost(9, 11, 187804).
cost(9, 12, 476622).
cost(9, 13, 550300).
cost(9, 14, 543543).
cost(9, 15, 133278).
cost(9, 16, 481628).
cost(9, 17, 251339).
cost(10, 1, 368284).
cost(10, 2, 257318).
cost(10, 3, 397845).
cost(10, 4, 266705).
cost(10, 5, 352758).
cost(10, 6, 488790).
cost(10, 7, 370715).
cost(10, 8, 752107).
cost(10, 9, 256305).
cost(10, 11, 334611).
cost(10, 12, 622580).
cost(10, 13, 303551).
cost(10, 14, 777321).
cost(10, 15, 293674).
cost(10, 16, 475856).
cost(10, 17, 487582).
cost(11, 1, 466353).
cost(11, 2, 342363).
cost(11, 3, 420892).
cost(11, 4, 246132).
cost(11, 5, 266684).
cost(11, 6, 697214).
cost(11, 7, 230750).
cost(11, 8, 418077).
cost(11, 9, 187804).
cost(11, 10, 334611).
cost(11, 12, 300952).
cost(11, 13, 565804).
cost(11, 14, 459615).
cost(11, 15, 55758).
cost(11, 16, 317996).
cost(11, 17, 373462).
cost(12, 1, 617613).
cost(12, 2, 632147).
cost(12, 3, 536047).
cost(12, 4, 434643).
cost(12, 5, 519585).
cost(12, 6, 989540).
cost(12, 7, 469760).
cost(12, 8, 164344).
cost(12, 9, 476622).
cost(12, 10, 622580).
cost(12, 11, 300952).
cost(12, 13, 795301).
cost(12, 14, 337543).
cost(12, 15, 354842).
cost(12, 16, 324498).
cost(12, 17, 574381).
cost(13, 1, 247439).
cost(13, 2, 556660).
cost(13, 3, 336030).
cost(13, 4, 360699).
cost(13, 5, 654017).
cost(13, 6, 694826).
cost(13, 7, 666573).
cost(13, 8, 949683).
cost(13, 9, 550300).
cost(13, 10, 303551).
cost(13, 11, 565804).
cost(13, 12, 795301).
cost(13, 14, 1025242).
cost(13, 15, 545087).
cost(13, 16, 532328).
cost(13, 17, 790339).
cost(14, 1, 899200).
cost(14, 2, 665607).
cost(14, 3, 831793).
cost(14, 4, 686714).
cost(14, 5, 511698).
cost(14, 6, 990830).
cost(14, 7, 463170).
cost(14, 8, 219897).
cost(14, 9, 543543).
cost(14, 10, 777321).
cost(14, 11, 459615).
cost(14, 12, 337543).
cost(14, 13, 1025242).
cost(14, 15, 487138).
cost(14, 16, 643595).
cost(14, 17, 478076).
cost(15, 1, 470661).
cost(15, 2, 286883).
cost(15, 3, 435667).
cost(15, 4, 253705).
cost(15, 5, 221011).
cost(15, 6, 641456).
cost(15, 7, 191590).
cost(15, 8, 464911).
cost(15, 9, 133278).
cost(15, 10, 293674).
cost(15, 11, 55758).
cost(15, 12, 354842).
cost(15, 13, 545087).
cost(15, 14, 487138).
cost(15, 16, 358358).
cost(15, 17, 338255).
cost(16, 1, 313291).
cost(16, 2, 617092).
cost(16, 3, 222454).
cost(16, 4, 211287).
cost(16, 5, 579321).
cost(16, 6, 944005).
cost(16, 7, 547813).
cost(16, 8, 488180).
cost(16, 9, 481628).
cost(16, 10, 475856).
cost(16, 11, 317996).
cost(16, 12, 324498).
cost(16, 13, 532328).
cost(16, 14, 643595).
cost(16, 15, 358358).
cost(16, 17, 691452).
cost(17, 1, 785944).
cost(17, 2, 259298).
cost(17, 3, 765899).
cost(17, 4, 581805).
cost(17, 5, 138411).
cost(17, 6, 521223).
cost(17, 7, 147424).
cost(17, 8, 596618).
cost(17, 9, 251339).
cost(17, 10, 487582).
cost(17, 11, 373462).
cost(17, 12, 574381).
cost(17, 13, 790339).
cost(17, 14, 478076).
cost(17, 15, 338255).
cost(17, 16, 691452).
