dimension(17).
point(1, 154875.0, -219043.0).
point(2, -65796.0, 392667.0).
point(3, 189688.0, -73000.0).
point(4, -291240.0, -307143.0).
point(5, -410448.0, 104564.0).
point(6, -21055.0, -205361.0).
point(7, -469757.0, -258234.0).
point(8, 225253.0, 226048.0).
point(9, -12199.0, -273277.0).
point(10, 940.0, -44103.0).
point(11, 155742.0, -28683.0).
point(12, 27545.0, -378828.0).
point(13, -587894.0, 195101.0).
point(14, -358473.0, 242357.0).
point(15, 455670.0, 335479.0).
point(16, -111970.0, 148987.0).
point(17, -83814.0, -292971.0).
cost(1, 2, 650296).
cost(1, 3, 150135).
cost(1, 4, 454731).
cost(1, 5, 651392).
cost(1, 6, 176461).
cost(1, 7, 625860).
cost(1, 8, 450621).
cost(1, 9, 175656).
cost(1, 10, 233024).
cost(1, 11, 190362).
cost(1, 12, 204314).
cost(1, 13, 850424).
cost(1, 14, 690229).
cost(1, 15, 630850).
cost(1, 16, 454590).
cost(1, 17, 249876).
cost(2, 1, 650296).
cost(2, 3, 531148).
cost(2, 4, 735227).
cost(2, 5, 449209).
cost(2, 6, 599699).
cost(2, 7, 766066).
cost(2, 8, 335368).
cost(2, 9, 668097).
cost(2, 10, 441839).
cost(2, 11, 476041).
cost(2, 12, 777121).
cost(2, 13, 558228).
cost(2, 14, 329018).
cost(2, 15, 524592).
cost(2, 16, 248016).
cost(2, 17, 685875).
cost(3, 1, 150135).
cost(3, 2, 531148).
cost(3, 4, 534897).
cost(3, 5, 625853).
cost(3, 6, 248862).
cost(3, 7, 684967).
cost(3, 8, 301155).
cost(3, 9, 284375).
cost(3, 10, 190947).
cost(3, 11, 55824).
cost(3, 12, 346152).
cost(3, 13, 822503).
cost(3, 14, 632401).
cost(3, 15, 487444).
cost(3, 16, 374534).
cost(3, 17, 350985).
cost(4, 1, 454731).
cost(4, 2, 735227).
cost(4, 3, 534897).
cost(4, 5, 428618).
cost(4, 6, 288720).
cost(4, 7, 185096).
cost(4, 8, 742333).
cost(4, 9, 281089).
cost(4, 10, 393140).
cost(4, 11, 526624).
cost(4, 12, 326745).
cost(4, 13, 583312).
cost(4, 14, 553598).
cost(4, 15, 985311).
cost(4, 16, 490094).
cost(4, 17, 207910).
cost(5, 1, 651392).
cost(5, 2, 449209).
cost(5, 3, 625853).
cost(5, 4, 428618).
cost(5, 6, 497675).
cost(5, 7, 367614).
cost(5, 8, 647205).
cost(5, 9, 548968).
cost(5, 10, 437427).
cost(5, 11, 581658).
cost(5, 12, 652308).
cost(5, 13, 199209).
cost(5, 14, 147270).
cost(5, 15, 896372).
cost(5, 16, 301766).
cost(5, 17, 514513).
cost(6, 1, 176461).
cost(6, 2, 599699).
cost(6, 3, 248862).
cost(6, 4, 288720).
cost(6, 5, 497675).
cost(6, 7, 451806).
cost(6, 8, 496771).
cost(6, 9, 68491).
cost(6, 10, 162751).
cost(6, 11, 249945).
cost(6, 12, 180146).
cost(6, 13, 694029).
cost(6, 14, 560627).
cost(6, 15, 720954).
cost(6, 16, 365825).
cost(6, 17, 107769).
cost(7, 1, 625860).
cost(7, 2, 766066).
cost(7, 3, 684967).
cost(7, 4, 185096).
cost(7, 5, 367614).
cost(7, 6, 451806).
cost(7, 8, 847094).
cost(7, 9, 457805).
cost(7, 10, 517115).
cost(7, 11, 666290).
cost(7, 12, 511715).
cost(7, 13, 468475).
cost(7, 14, 512811).
cost(7, 15, 1099505).
cost(7, 16, 542071).
cost(7, 17, 387503).
cost(8, 1, 450621).
cost(8, 2, 335368).
cost(8, 3, 301155).
cost(8, 4, 742333).
cost(8, 5, 647205).
cost(8, 6, 496771).
cost(8, 7, 847094).
cost(8, 9, 552909).
cost(8, 10, 351138).
cost(8, 11, 264045).
cost(8, 12, 636367).
cost(8, 13, 813736).
cost(8, 14, 583954).
cost(8, 15, 255083).
cost(8, 16, 345916).
cost(8, 17, 604072).
cost(9, 1, 175656).
cost(9, 2, 668097).
cost(9, 3, 284375).
cost(9, 4, 281089).
cost(9, 5, 548968).
cost(9, 6, 68491).
cost(9, 7, 457805).
cost(9, 8, 552909).
cost(9, 10, 229550).
cost(9, 11, 296699).
cost(9, 12, 112786).
cost(9, 13, 742161).
cost(9, 14, 621115).
cost(9, 15, 767779).
cost(9, 16, 433891).
cost(9, 17, 74274).
cost(10, 1, 233024).
cost(10, 2, 441839).
cost(10, 3, 190947).
cost(10, 4, 393140).
cost(10, 5, 437427).
cost(10, 6, 162751).
cost(10, 7, 517115).
cost(10, 8, 351138).
cost(10, 9, 229550).
cost(10, 11, 155568).
cost(10, 12, 335781).
cost(10, 13, 635566).
cost(10, 14, 459605).
cost(10, 15, 592336).
cost(10, 16, 223679).
cost(10, 17, 262904).
cost(11, 1, 190362).
cost(11, 2, 476041).
cost(11, 3, 55824).
cost(11, 4, 526624).
cost(11, 5, 581658).
cost(11, 6, 249945).
cost(11, 7, 666290).
cost(11, 8, 264045).
cost(11, 9, 296699).
cost(11, 10, 155568).
cost(11, 12, 372875).
cost(11, 13, 776578).
cost(11, 14, 581274).
cost(11, 15, 471774).
cost(11, 16, 321304).
cost(11, 17, 356700).
cost(12, 1, 204314).
cost(12, 2, 777121).
cost(12, 3, 346152).
cost(12, 4, 326745).
cost(12, 5, 652308).
cost(12, 6, 180146).
cost(12, 7, 511715).
cost(12, 8, 636367).
cost(12, 9, 112786).
cost(12, 10, 335781).
cost(12, 11, 372875).
cost(12, 13, 841522).
cost(12, 14, 731355).
cost(12, 15, 832782).
cost(12, 16, 545942).
cost(12, 17, 140614).
cost(13, 1, 850424).
cost(13, 2, 558228).
cost(13, 3, 822503).
cost(13, 4, 583312).
cost(13, 5, 199209).
cost(13, 6, 694029).
cost(13, 7, 468475).
cost(13, 8, 813736).
cost(13, 9, 742161).
cost(13, 10, 635566).
cost(13, 11, 776578).
cost(13, 12, 841522).
cost(13, 14, 234237).
cost(13, 15, 1052963).
cost(13, 16, 478153).
cost(13, 17, 701649).
cost(14, 1, 690229).
cost(14, 2, 329018).
cost(14, 3, 632401).
cost(14, 4, 553598).
cost(14, 5, 147270).
cost(14, 6, 560627).
cost(14, 7, 512811).
cost(14, 8, 583954).
cost(14, 9, 621115).
cost(14, 10, 459605).
cost(14, 11, 581274).
cost(14, 12, 731355).
cost(14, 13, 234237).
cost(14, 15, 819451).
cost(14, 16, 263594).
cost(14, 17, 601676).
cost(15, 1, 630850).
cost(15, 2, 524592).
cost(15, 3, 487444).
cost(15, 4, 985311).
cost(15, 5, 896372).
cost(15, 6, 720954).
cost(15, 7, 1099505).
cost(15, 8, 255083).
cost(15, 9, 767779).
cost(15, 10, 592336).
cost(15, 11, 471774).
cost(15, 12, 832782).
cost(15, 13, 1052963).
cost(15, 14, 819451).
cost(15, 16, 597490).
cost(15, 17, 828247).
cost(16, 1, 454590).
cost(16, 2, 248016).
cost(16, 3, 374534).
cost(16, 4, 490094).
cost(16, 5, 301766).
cost(16, 6, 365825).
cost(16, 7, 542071).
cost(16, 8, 345916).
cost(16, 9, 433891).
cost(16, 10, 223679).
cost(16, 11, 321304).
cost(16, 12, 545942).
cost(16, 13, 478153).
cost(16, 14, 263594).
cost(16, 15, 597490).
cost(16, 17, 442854).
cost(17, 1, 249876).
cost(17, 2, 685875).
cost(17, 3, 350985).
cost(17, 4, 207910).
cost(17, 5, 514513).
cost(17, 6, 107769).
cost(17, 7, 387503).
cost(17, 8, 604072).
cost(17, 9, 74274).
cost(17, 10, 262904).
cost(17, 11, 356700).
cost(17, 12, 140614).
cost(17, 13, 701649).
cost(17, 14, 601676).
cost(17, 15, 828247).
cost(17, 16, 442854).
