dimension(17).
point(1, 176783.0, 20180.0).
point(2, 74995.0, -19211.0).
point(3, 35739.0, 54059.0).
point(4, -261535.0, 339731.0).
point(5, -277755.0, 36559.0).
point(6, 22327.0, -43531.0).
point(7, 165066.0, 210805.0).
point(8, 224056.0, 239402.0).
point(9, 39632.0, -258873.0).
point(10, 248232.0, 10999.0).
point(11, 26404.0, -176739.0).
point(12, 140574.0, 218201.0).
point(13, -116233.0, 403387.0).
point(14, -56722.0, 195801.0).
point(15, -82251.0, 89627.0).
point(16, 461775.0, 305912.0).
point(17, -245105.0, 221025.0).
cost(1, 2, 109144).
cost(1, 3, 145056).
cost(1, 4, 542435).
cost(1, 5, 454833).
cost(1, 6, 167080).
cost(1, 7, 190985).
cost(1, 8, 224261).
cost(1, 9, 310936).
cost(1, 10, 72036).
cost(1, 11, 247772).
cost(1, 12, 201304).
cost(1, 13, 482396).
cost(1, 14, 292177).
cost(1, 15, 268182).
cost(1, 16, 403563).
cost(1, 17, 467256).
cost(2, 1, 109144).
cost(2, 3, 83124).
cost(2, 4, 492028).
cost(2, 5, 357131).
cost(2, 6, 58012).
cost(2, 7, 247023).
cost(2, 8, 298496).
cost(2, 9, 242257).
cost(2, 10, 175851).
cost(2, 11, 164852).
cost(2, 12, 246303).
cost(2, 13, 463850).
cost(2, 14, 252150).
cost(2, 15, 191238).
cost(2, 16, 505276).
cost(2, 17, 400222).
cost(3, 1, 145056).
cost(3, 2, 83124).
cost(3, 4, 412287).
cost(3, 5, 313982).
cost(3, 6, 98507).
cost(3, 7, 203211).
cost(3, 8, 264226).
cost(3, 9, 312956).
cost(3, 10, 216812).
cost(3, 11, 230987).
cost(3, 12, 194764).
cost(3, 13, 380953).
cost(3, 14, 169233).
cost(3, 15, 123234).
cost(3, 16, 494911).
cost(3, 17, 326728).
cost(4, 1, 542435).
cost(4, 2, 492028).
cost(4, 3, 412287).
cost(4, 5, 303606).
cost(4, 6, 476935).
cost(4, 7, 445657).
cost(4, 8, 495847).
cost(4, 9, 670096).
cost(4, 10, 606570).
cost(4, 11, 591312).
cost(4, 12, 420073).
cost(4, 13, 158634).
cost(4, 14, 250328).
cost(4, 15, 307725).
cost(4, 16, 724100).
cost(4, 17, 119838).
cost(5, 1, 454833).
cost(5, 2, 357131).
cost(5, 3, 313982).
cost(5, 4, 303606).
cost(5, 6, 310586).
cost(5, 7, 475870).
cost(5, 8, 541257).
cost(5, 9, 433606).
cost(5, 10, 526608).
cost(5, 11, 371495).
cost(5, 12, 456062).
cost(5, 13, 400814).
cost(5, 14, 272422).
cost(5, 15, 202578).
cost(5, 16, 787055).
cost(5, 17, 187333).
cost(6, 1, 167080).
cost(6, 2, 58012).
cost(6, 3, 98507).
cost(6, 4, 476935).
cost(6, 5, 310586).
cost(6, 7, 291653).
cost(6, 8, 347485).
cost(6, 9, 216036).
cost(6, 10, 232393).
cost(6, 11, 133270).
cost(6, 12, 287204).
cost(6, 13, 467904).
cost(6, 14, 252049).
cost(6, 15, 169315).
cost(6, 16, 561449).
cost(6, 17, 376178).
cost(7, 1, 190985).
cost(7, 2, 247023).
cost(7, 3, 203211).
cost(7, 4, 445657).
cost(7, 5, 475870).
cost(7, 6, 291653).
cost(7, 8, 65556).
cost(7, 9, 486139).
cost(7, 10, 216423).
cost(7, 11, 411604).
cost(7, 12, 25584).
cost(7, 13, 340906).
cost(7, 14, 222295).
cost(7, 15, 275408).
cost(7, 16, 311579).
cost(7, 17, 410298).
cost(8, 1, 224261).
cost(8, 2, 298496).
cost(8, 3, 264226).
cost(8, 4, 495847).
cost(8, 5, 541257).
cost(8, 6, 347485).
cost(8, 7, 65556).
cost(8, 9, 531310).
cost(8, 10, 229679).
cost(8, 11, 460695).
cost(8, 12, 86132).
cost(8, 13, 377740).
cost(8, 14, 284143).
cost(8, 15, 340964).
cost(8, 16, 246848).
cost(8, 17, 469521).
cost(9, 1, 310936).
cost(9, 2, 242257).
cost(9, 3, 312956).
cost(9, 4, 670096).
cost(9, 5, 433606).
cost(9, 6, 216036).
cost(9, 7, 486139).
cost(9, 8, 531310).
cost(9, 10, 341094).
cost(9, 11, 83192).
cost(9, 12, 487636).
cost(9, 13, 680354).
cost(9, 14, 464771).
cost(9, 15, 369199).
cost(9, 16, 705115).
cost(9, 17, 558012).
cost(10, 1, 72036).
cost(10, 2, 175851).
cost(10, 3, 216812).
cost(10, 4, 606570).
cost(10, 5, 526608).
cost(10, 6, 232393).
cost(10, 7, 216423).
cost(10, 8, 229679).
cost(10, 9, 341094).
cost(10, 11, 290608).
cost(10, 12, 233501).
cost(10, 13, 535540).
cost(10, 14, 356579).
cost(10, 15, 339708).
cost(10, 16, 364108).
cost(10, 17, 536183).
cost(11, 1, 247772).
cost(11, 2, 164852).
cost(11, 3, 230987).
cost(11, 4, 591312).
cost(11, 5, 371495).
cost(11, 6, 133270).
cost(11, 7, 411604).
cost(11, 8, 460695).
cost(11, 9, 83192).
cost(11, 10, 290608).
cost(11, 12, 411111).
cost(11, 13, 597404).
cost(11, 14, 381701).
cost(11, 15, 287675).
cost(11, 16, 650000).
cost(11, 17, 481595).
cost(12, 1, 201304).
cost(12, 2, 246303).
cost(12, 3, 194764).
cost(12, 4, 420073).
cost(12, 5, 456062).
cost(12, 6, 287204).
cost(12, 7, 25584).
cost(12, 8, 86132).
cost(12, 9, 487636).
cost(12, 10, 233501).
cost(12, 11, 411111).
cost(12, 13, 316613).
cost(12, 14, 198564).
cost(12, 15, 257259).
cost(12, 16, 332961).
cost(12, 17, 385689).
cost(13, 1, 482396).
cost(13, 2, 463850).
cost(13, 3, 380953).
cost(13, 4, 158634).
cost(13, 5, 400814).
cost(13, 6, 467904).
cost(13, 7, 340906).
cost(13, 8, 377740).
cost(13, 9, 680354).
cost(13, 10, 535540).
cost(13, 11, 597404).
cost(13, 12, 316613).
cost(13, 14, 215948).
cost(13, 15, 315595).
cost(13, 16, 586169).
cost(13, 17, 223302).
cost(14, 1, 292177).
cost(14, 2, 252150).
cost(14, 3, 169233).
cost(14, 4, 250328).
cost(14, 5, 272422).
cost(14, 6, 252049).
cost(14, 7, 222295).
cost(14, 8, 284143).
cost(14, 9, 464771).
cost(14, 10, 356579).
cost(14, 11, 381701).
cost(14, 12, 198564).
cost(14, 13, 215948).
cost(14, 15, 109200).
cost(14, 16, 530060).
cost(14, 17, 190064).
cost(15, 1, 268182).
cost(15, 2, 191238).
cost(15, 3, 123234).
cost(15, 4, 307725).
cost(15, 5, 202578).
cost(15, 6, 169315).
cost(15, 7, 275408).
cost(15, 8, 340964).
cost(15, 9, 369199).
cost(15, 10, 339708).
cost(15, 11, 287675).
cost(15, 12, 257259).
cost(15, 13, 315595).
cost(15, 14, 109200).
cost(15, 16, 585443).
cost(15, 17, 209253).
cost(16, 1, 403563).
cost(16, 2, 505276).
cost(16, 3, 494911).
cost(16, 4, 724100).
cost(16, 5, 787055).
cost(16, 6, 561449).
cost(16, 7, 311579).
cost(16, 8, 246848).
cost(16, 9, 705115).
cost(16, 10, 364108).
cost(16, 11, 650000).
cost(16, 12, 332961).
cost(16, 13, 586169).
cost(16, 14, 530060).
cost(16, 15, 585443).
cost(16, 17, 711959).
cost(17, 1, 467256).
cost(17, 2, 400222).
cost(17, 3, 326728).
cost(17, 4, 119838).
cost(17, 5, 187333).
cost(17, 6, 376178).
cost(17, 7, 410298).
cost(17, 8, 469521).
cost(17, 9, 558012).
cost(17, 10, 536183).
cost(17, 11, 481595).
cost(17, 12, 385689).
cost(17, 13, 223302).
cost(17, 14, 190064).
cost(17, 15, 209253).
cost(17, 16, 711959).
