dimension(17).
point(1, -230050.0, 13978.0).
point(2, 157364.0, 156528.0).
point(3, 9295.0, -382804.0).
point(4, -55068.0, -78058.0).
point(5, -426043.0, 143130.0).
point(6, -18098.0, 36721.0).
point(7, -51580.0, -40434.0).
point(8, 183168.0, -210982.0).
point(9, 161080.0, -283576.0).
point(10, 128509.0, 93717.0).
point(11, 61365.0, 32171.0).
point(12, 115670.0, -170673.0).
point(13, -99925.0, 1700.0).
point(14, -85070.0, 176892.0).
point(15, -127597.0, 477219.0).
point(16, -211794.0, 360525.0).
point(17, -297166.0, 249508.0).
cost(1, 2, 412808).
cost(1, 3, 463381).
cost(1, 4, 197710).
cost(1, 5, 234720).
cost(1, 6, 213169).
cost(1, 7, 186580).
cost(1, 8, 470485).
cost(1, 9, 491448).
cost(1, 10, 367318).
cost(1, 11, 291982).
cost(1, 12, 391942).
cost(1, 13, 130703).
cost(1, 14, 218083).
cost(1, 15, 474435).
cost(1, 16, 347028).
cost(1, 17, 244906).
cost(2, 1, 412808).
cost(2, 3, 559288).
cost(2, 4, 316477).
cost(2, 5, 583561).
cost(2, 6, 212463).
cost(2, 7, 287144).
cost(2, 8, 368415).
cost(2, 9, 440120).
cost(2, 10, 69122).
cost(2, 11, 157100).
cost(2, 12, 329847).
cost(2, 13, 300282).
cost(2, 14, 243288).
cost(2, 15, 429005).
cost(2, 16, 421773).
cost(2, 17, 463943).
cost(3, 1, 463381).
cost(3, 2, 559288).
cost(3, 4, 311469).
cost(3, 5, 682734).
cost(3, 6, 420418).
cost(3, 7, 347740).
cost(3, 8, 244448).
cost(3, 9, 181342).
cost(3, 10, 491207).
cost(3, 11, 418229).
cost(3, 12, 237308).
cost(3, 13, 399715).
cost(3, 14, 567595).
cost(3, 15, 870850).
cost(3, 16, 775512).
cost(3, 17, 702664).
cost(4, 1, 197710).
cost(4, 2, 316477).
cost(4, 3, 311469).
cost(4, 5, 431910).
cost(4, 6, 120586).
cost(4, 7, 37785).
cost(4, 8, 272810).
cost(4, 9, 298258).
cost(4, 10, 251410).
cost(4, 11, 160334).
cost(4, 12, 194240).
cost(4, 13, 91507).
cost(4, 14, 256709).
cost(4, 15, 559994).
cost(4, 16, 465745).
cost(4, 17, 407322).
cost(5, 1, 234720).
cost(5, 2, 583561).
cost(5, 3, 682734).
cost(5, 4, 431910).
cost(5, 6, 421595).
cost(5, 7, 417035).
cost(5, 8, 704651).
cost(5, 9, 725804).
cost(5, 10, 556749).
cost(5, 11, 499878).
cost(5, 12, 626039).
cost(5, 13, 355465).
cost(5, 14, 342640).
cost(5, 15, 447979).
cost(5, 16, 305227).
cost(5, 17, 167109).
cost(6, 1, 213169).
cost(6, 2, 212463).
cost(6, 3, 420418).
cost(6, 4, 120586).
cost(6, 5, 421595).
cost(6, 7, 84107).
cost(6, 8, 319163).
cost(6, 9, 367008).
cost(6, 10, 157296).
cost(6, 11, 79593).
cost(6, 12, 246792).
cost(6, 13, 89006).
cost(6, 14, 155349).
cost(6, 15, 453904).
cost(6, 16, 377316).
cost(6, 17, 350938).
cost(7, 1, 186580).
cost(7, 2, 287144).
cost(7, 3, 347740).
cost(7, 4, 37785).
cost(7, 5, 417035).
cost(7, 6, 84107).
cost(7, 8, 290161).
cost(7, 9, 323021).
cost(7, 10, 224563).
cost(7, 11, 134269).
cost(7, 12, 211978).
cost(7, 13, 64129).
cost(7, 14, 219891).
cost(7, 15, 523205).
cost(7, 16, 431783).
cost(7, 17, 379972).
cost(8, 1, 470485).
cost(8, 2, 368415).
cost(8, 3, 244448).
cost(8, 4, 272810).
cost(8, 5, 704651).
cost(8, 6, 319163).
cost(8, 7, 290161).
cost(8, 9, 75880).
cost(8, 10, 309563).
cost(8, 11, 271955).
cost(8, 12, 78618).
cost(8, 13, 354084).
cost(8, 14, 471591).
cost(8, 15, 755113).
cost(8, 16, 694705).
cost(8, 17, 665411).
cost(9, 1, 491448).
cost(9, 2, 440120).
cost(9, 3, 181342).
cost(9, 4, 298258).
cost(9, 5, 725804).
cost(9, 6, 367008).
cost(9, 7, 323021).
cost(9, 8, 75880).
cost(9, 10, 378696).
cost(9, 11, 331118).
cost(9, 12, 121693).
cost(9, 13, 386660).
cost(9, 14, 522131).
cost(9, 15, 813722).
cost(9, 16, 744245).
cost(9, 17, 702971).
cost(10, 1, 367318).
cost(10, 2, 69122).
cost(10, 3, 491207).
cost(10, 4, 251410).
cost(10, 5, 556749).
cost(10, 6, 157296).
cost(10, 7, 224563).
cost(10, 8, 309563).
cost(10, 9, 378696).
cost(10, 11, 91084).
cost(10, 12, 264702).
cost(10, 13, 246271).
cost(10, 14, 229203).
cost(10, 15, 461155).
cost(10, 16, 432426).
cost(10, 17, 453288).
cost(11, 1, 291982).
cost(11, 2, 157100).
cost(11, 3, 418229).
cost(11, 4, 160334).
cost(11, 5, 499878).
cost(11, 6, 79593).
cost(11, 7, 134269).
cost(11, 8, 271955).
cost(11, 9, 331118).
cost(11, 10, 91084).
cost(11, 12, 209987).
cost(11, 13, 164143).
cost(11, 14, 205882).
cost(11, 15, 483502).
cost(11, 16, 427121).
cost(11, 17, 419261).
cost(12, 1, 391942).
cost(12, 2, 329847).
cost(12, 3, 237308).
cost(12, 4, 194240).
cost(12, 5, 626039).
cost(12, 6, 246792).
cost(12, 7, 211978).
cost(12, 8, 78618).
cost(12, 9, 121693).
cost(12, 10, 264702).
cost(12, 11, 209987).
cost(12, 13, 276032).
cost(12, 14, 401370).
cost(12, 15, 692057).
cost(12, 16, 624022).
cost(12, 17, 589055).
cost(13, 1, 130703).
cost(13, 2, 300282).
cost(13, 3, 399715).
cost(13, 4, 91507).
cost(13, 5, 355465).
cost(13, 6, 89006).
cost(13, 7, 64129).
cost(13, 8, 354084).
cost(13, 9, 386660).
cost(13, 10, 246271).
cost(13, 11, 164143).
cost(13, 12, 276032).
cost(13, 14, 175821).
cost(13, 15, 476323).
cost(13, 16, 375859).
cost(13, 17, 316722).
cost(14, 1, 218083).
cost(14, 2, 243288).
cost(14, 3, 567595).
cost(14, 4, 256709).
cost(14, 5, 342640).
cost(14, 6, 155349).
cost(14, 7, 219891).
cost(14, 8, 471591).
cost(14, 9, 522131).
cost(14, 10, 229203).
cost(14, 11, 205882).
cost(14, 12, 401370).
cost(14, 13, 175821).
cost(14, 15, 303323).
cost(14, 16, 223114).
cost(14, 17, 224183).
cost(15, 1, 474435).
cost(15, 2, 429005).
cost(15, 3, 870850).
cost(15, 4, 559994).
cost(15, 5, 447979).
cost(15, 6, 453904).
cost(15, 7, 523205).
cost(15, 8, 755113).
cost(15, 9, 813722).
cost(15, 10, 461155).
cost(15, 11, 483502).
cost(15, 12, 692057).
cost(15, 13, 476323).
cost(15, 14, 303323).
cost(15, 16, 143898).
cost(15, 17, 283912).
cost(16, 1, 347028).
cost(16, 2, 421773).
cost(16, 3, 775512).
cost(16, 4, 465745).
cost(16, 5, 305227).
cost(16, 6, 377316).
cost(16, 7, 431783).
cost(16, 8, 694705).
cost(16, 9, 744245).
cost(16, 10, 432426).
cost(16, 11, 427121).
cost(16, 12, 624022).
cost(16, 13, 375859).
cost(16, 14, 223114).
cost(16, 15, 143898).
cost(16, 17, 140047).
cost(17, 1, 244906).
cost(17, 2, 463943).
cost(17, 3, 702664).
cost(17, 4, 407322).
cost(17, 5, 167109).
cost(17, 6, 350938).
cost(17, 7, 379972).
cost(17, 8, 665411).
cost(17, 9, 702971).
cost(17, 10, 453288).
cost(17, 11, 419261).
cost(17, 12, 589055).
cost(17, 13, 316722).
cost(17, 14, 224183).
cost(17, 15, 283912).
cost(17, 16, 140047).
