dimension(17).
point(1, -163384.0, -333368.0).
point(2, -118421.0, -138861.0).
point(3, -53051.0, 44140.0).
point(4, -18241.0, -104982.0).
point(5, -392087.0, 116533.0).
point(6, -160001.0, -255538.0).
point(7, -334735.0, 94423.0).
point(8, 217799.0, 266606.0).
point(9, 273260.0, -138918.0).
point(10, -143588.0, -147843.0).
point(11, 44185.0, 115755.0).
point(12, -137676.0, -41301.0).
point(13, 28402.0, -8699.0).
point(14, -284843.0, 434346.0).
point(15, -89495.0, 82208.0).
point(16, -119514.0, -1436.0).
point(17, -41559.0, 15018.0).
cost(1, 2, 199636).
cost(1, 3, 393301).
cost(1, 4, 270604).
cost(1, 5, 504694).
cost(1, 6, 77903).
cost(1, 7, 460832).
cost(1, 8, 710823).
cost(1, 9, 477984).
cost(1, 10, 186578).
cost(1, 11, 494769).
cost(1, 12, 293196).
cost(1, 13, 377083).
cost(1, 14, 777263).
cost(1, 15, 422094).
cost(1, 16, 334819).
cost(1, 17, 369072).
cost(2, 1, 199636).
cost(2, 3, 194326).
cost(2, 4, 105754).
cost(2, 5, 374325).
cost(2, 6, 123865).
cost(2, 7, 318140).
cost(2, 8, 526733).
cost(2, 9, 391681).
cost(2, 10, 26722).
cost(2, 11, 302109).
cost(2, 12, 99442).
cost(2, 13, 196212).
cost(2, 14, 596877).
cost(2, 15, 222953).
cost(2, 16, 137429).
cost(2, 17, 172007).
cost(3, 1, 393301).
cost(3, 2, 194326).
cost(3, 4, 153131).
cost(3, 5, 346679).
cost(3, 6, 318191).
cost(3, 7, 286137).
cost(3, 8, 350501).
cost(3, 9, 374151).
cost(3, 10, 212260).
cost(3, 11, 120762).
cost(3, 12, 120256).
cost(3, 13, 97090).
cost(3, 14, 453859).
cost(3, 15, 52700).
cost(3, 16, 80588).
cost(3, 17, 31307).
cost(4, 1, 270604).
cost(4, 2, 105754).
cost(4, 3, 153131).
cost(4, 5, 434545).
cost(4, 6, 206792).
cost(4, 7, 374073).
cost(4, 8, 440219).
cost(4, 9, 293470).
cost(4, 10, 132472).
cost(4, 11, 229394).
cost(4, 12, 135351).
cost(4, 13, 106986).
cost(4, 14, 601624).
cost(4, 15, 200293).
cost(4, 16, 144838).
cost(4, 17, 122245).
cost(5, 1, 504694).
cost(5, 2, 374325).
cost(5, 3, 346679).
cost(5, 4, 434545).
cost(5, 6, 438521).
cost(5, 7, 61466).
cost(5, 8, 628079).
cost(5, 9, 712700).
cost(5, 10, 362831).
cost(5, 11, 436273).
cost(5, 12, 299394).
cost(5, 13, 438741).
cost(5, 14, 335420).
cost(5, 15, 304533).
cost(5, 16, 297006).
cost(5, 17, 364932).
cost(6, 1, 77903).
cost(6, 2, 123865).
cost(6, 3, 318191).
cost(6, 4, 206792).
cost(6, 5, 438521).
cost(6, 7, 391158).
cost(6, 8, 644490).
cost(6, 9, 448682).
cost(6, 10, 108939).
cost(6, 11, 423734).
cost(6, 12, 215397).
cost(6, 13, 310524).
cost(6, 14, 701089).
cost(6, 15, 345027).
cost(6, 16, 257307).
cost(6, 17, 295346).
cost(7, 1, 460832).
cost(7, 2, 318140).
cost(7, 3, 286137).
cost(7, 4, 374073).
cost(7, 5, 61466).
cost(7, 6, 391158).
cost(7, 8, 578741).
cost(7, 9, 651234).
cost(7, 10, 308594).
cost(7, 11, 379520).
cost(7, 12, 239277).
cost(7, 13, 377495).
cost(7, 14, 343565).
cost(7, 15, 245544).
cost(7, 16, 235604).
cost(7, 17, 303739).
cost(8, 1, 710823).
cost(8, 2, 526733).
cost(8, 3, 350501).
cost(8, 4, 440219).
cost(8, 5, 628079).
cost(8, 6, 644490).
cost(8, 7, 578741).
cost(8, 9, 409299).
cost(8, 10, 549880).
cost(8, 11, 229995).
cost(8, 12, 470286).
cost(8, 13, 334162).
cost(8, 14, 529892).
cost(8, 15, 358374).
cost(8, 16, 430844).
cost(8, 17, 361335).
cost(9, 1, 477984).
cost(9, 2, 391681).
cost(9, 3, 374151).
cost(9, 4, 293470).
cost(9, 5, 712700).
cost(9, 6, 448682).
cost(9, 7, 651234).
cost(9, 8, 409299).
cost(9, 10, 416944).
cost(9, 11, 342540).
cost(9, 12, 422371).
cost(9, 13, 277331).
cost(9, 14, 800069).
cost(9, 15, 424839).
cost(9, 16, 416140).
cost(9, 17, 350439).
cost(10, 1, 186578).
cost(10, 2, 26722).
cost(10, 3, 212260).
cost(10, 4, 132472).
cost(10, 5, 362831).
cost(10, 6, 108939).
cost(10, 7, 308594).
cost(10, 8, 549880).
cost(10, 9, 416944).
cost(10, 11, 323640).
cost(10, 12, 106706).
cost(10, 13, 221228).
cost(10, 14, 599080).
cost(10, 15, 236325).
cost(10, 16, 148373).
cost(10, 17, 192181).
cost(11, 1, 494769).
cost(11, 2, 302109).
cost(11, 3, 120762).
cost(11, 4, 229394).
cost(11, 5, 436273).
cost(11, 6, 423734).
cost(11, 7, 379520).
cost(11, 8, 229995).
cost(11, 9, 342540).
cost(11, 10, 323640).
cost(11, 12, 240292).
cost(11, 13, 125451).
cost(11, 14, 457995).
cost(11, 15, 137825).
cost(11, 16, 201323).
cost(11, 17, 132287).
cost(12, 1, 293196).
cost(12, 2, 99442).
cost(12, 3, 120256).
cost(12, 4, 135351).
cost(12, 5, 299394).
cost(12, 6, 215397).
cost(12, 7, 239277).
cost(12, 8, 470286).
cost(12, 9, 422371).
cost(12, 10, 106706).
cost(12, 11, 240292).
cost(12, 13, 169248).
cost(12, 14, 497894).
cost(12, 15, 132574).
cost(12, 16, 43807).
cost(12, 17, 111402).
cost(13, 1, 377083).
cost(13, 2, 196212).
cost(13, 3, 97090).
cost(13, 4, 106986).
cost(13, 5, 438741).
cost(13, 6, 310524).
cost(13, 7, 377495).
cost(13, 8, 334162).
cost(13, 9, 277331).
cost(13, 10, 221228).
cost(13, 11, 125451).
cost(13, 12, 169248).
cost(13, 14, 542597).
cost(13, 15, 148875).
cost(13, 16, 148094).
cost(13, 17, 73872).
cost(14, 1, 777263).
cost(14, 2, 596877).
cost(14, 3, 453859).
cost(14, 4, 601624).
cost(14, 5, 335420).
cost(14, 6, 701089).
cost(14, 7, 343565).
cost(14, 8, 529892).
cost(14, 9, 800069).
cost(14, 10, 599080).
cost(14, 11, 457995).
cost(14, 12, 497894).
cost(14, 13, 542597).
cost(14, 15, 402693).
cost(14, 16, 466090).
cost(14, 17, 484792).
cost(15, 1, 422094).
cost(15, 2, 222953).
cost(15, 3, 52700).
cost(15, 4, 200293).
cost(15, 5, 304533).
cost(15, 6, 345027).
cost(15, 7, 245544).
cost(15, 8, 358374).
cost(15, 9, 424839).
cost(15, 10, 236325).
cost(15, 11, 137825).
cost(15, 12, 132574).
cost(15, 13, 148875).
cost(15, 14, 402693).
cost(15, 16, 88868).
cost(15, 17, 82537).
cost(16, 1, 334819).
cost(16, 2, 137429).
cost(16, 3, 80588).
cost(16, 4, 144838).
cost(16, 5, 297006).
cost(16, 6, 257307).
cost(16, 7, 235604).
cost(16, 8, 430844).
cost(16, 9, 416140).
cost(16, 10, 148373).
cost(16, 11, 201323).
cost(16, 12, 43807).
cost(16, 13, 148094).
cost(16, 14, 466090).
cost(16, 15, 88868).
cost(16, 17, 79673).
cost(17, 1, 369072).
cost(17, 2, 172007).
cost(17, 3, 31307).
cost(17, 4, 122245).
cost(17, 5, 364932).
cost(17, 6, 295346).
cost(17, 7, 303739).
cost(17, 8, 361335).
cost(17, 9, 350439).
cost(17, 10, 192181).
cost(17, 11, 132287).
cost(17, 12, 111402).
cost(17, 13, 73872).
cost(17, 14, 484792).
cost(17, 15, 82537).
cost(17, 16, 79673).
