dimension(17).
point(1, 358857.0, 100841.0).
point(2, 612713.0, 163386.0).
point(3, -35260.0, -61259.0).
point(4, -252349.0, -146193.0).
point(5, -128006.0, -166994.0).
point(6, 291189.0, -350882.0).
point(7, 253028.0, 193863.0).
point(8, -461499.0, -108645.0).
point(9, 324997.0, -79612.0).
point(10, -87479.0, 270964.0).
point(11, 82327.0, 36684.0).
point(12, 232725.0, 393201.0).
point(13, -213780.0, 192986.0).
point(14, -29965.0, -247705.0).
point(15, 31342.0, -44182.0).
point(16, 31095.0, -10163.0).
point(17, -95423.0, 205341.0).
cost(1, 2, 261447).
cost(1, 3, 426151).
cost(1, 4, 659241).
cost(1, 5, 555672).
cost(1, 6, 456763).
cost(1, 7, 140900).
cost(1, 8, 846681).
cost(1, 9, 183602).
cost(1, 10, 477659).
cost(1, 11, 283875).
cost(1, 12, 318408).
cost(1, 13, 580003).
cost(1, 14, 522175).
cost(1, 15, 358187).
cost(1, 16, 346049).
cost(1, 17, 466144).
cost(2, 1, 261447).
cost(2, 3, 685809).
cost(2, 4, 918788).
cost(2, 5, 811058).
cost(2, 6, 606506).
cost(2, 7, 360974).
cost(2, 8, 1108121).
cost(2, 9, 376601).
cost(2, 10, 708408).
cost(2, 11, 545310).
cost(2, 12, 444079).
cost(2, 13, 827023).
cost(2, 14, 762909).
cost(2, 15, 617314).
cost(2, 16, 606959).
cost(2, 17, 709378).
cost(3, 1, 426151).
cost(3, 2, 685809).
cost(3, 4, 233112).
cost(3, 5, 140647).
cost(3, 6, 436406).
cost(3, 7, 384964).
cost(3, 8, 428865).
cost(3, 9, 360724).
cost(3, 10, 336302).
cost(3, 11, 153034).
cost(3, 12, 527589).
cost(3, 13, 310660).
cost(3, 14, 186521).
cost(3, 15, 68756).
cost(3, 16, 83748).
cost(3, 17, 273304).
cost(4, 1, 659241).
cost(4, 2, 918788).
cost(4, 3, 233112).
cost(4, 5, 126071).
cost(4, 6, 580802).
cost(4, 7, 609134).
cost(4, 8, 212494).
cost(4, 9, 581172).
cost(4, 10, 448556).
cost(4, 11, 381382).
cost(4, 12, 725426).
cost(4, 13, 341365).
cost(4, 14, 244457).
cost(4, 15, 301474).
cost(4, 16, 314396).
cost(4, 17, 384970).
cost(5, 1, 555672).
cost(5, 2, 811058).
cost(5, 3, 140647).
cost(5, 4, 126071).
cost(5, 6, 457755).
cost(5, 7, 524790).
cost(5, 8, 338559).
cost(5, 9, 461354).
cost(5, 10, 439829).
cost(5, 11, 292788).
cost(5, 12, 666292).
cost(5, 13, 370058).
cost(5, 14, 126989).
cost(5, 15, 201183).
cost(5, 16, 223403).
cost(5, 17, 373758).
cost(6, 1, 456763).
cost(6, 2, 606506).
cost(6, 3, 436406).
cost(6, 4, 580802).
cost(6, 5, 457755).
cost(6, 7, 546080).
cost(6, 8, 790707).
cost(6, 9, 273369).
cost(6, 10, 728067).
cost(6, 11, 440262).
cost(6, 12, 746376).
cost(6, 13, 742150).
cost(6, 14, 337321).
cost(6, 15, 401977).
cost(6, 16, 428647).
cost(6, 17, 677387).
cost(7, 1, 140900).
cost(7, 2, 360974).
cost(7, 3, 384964).
cost(7, 4, 609134).
cost(7, 5, 524790).
cost(7, 6, 546080).
cost(7, 8, 775925).
cost(7, 9, 282786).
cost(7, 10, 349127).
cost(7, 11, 232043).
cost(7, 12, 200369).
cost(7, 13, 466809).
cost(7, 14, 524469).
cost(7, 15, 325285).
cost(7, 16, 301465).
cost(7, 17, 348640).
cost(8, 1, 846681).
cost(8, 2, 1108121).
cost(8, 3, 428865).
cost(8, 4, 212494).
cost(8, 5, 338559).
cost(8, 6, 790707).
cost(8, 7, 775925).
cost(8, 9, 787032).
cost(8, 10, 532911).
cost(8, 11, 562910).
cost(8, 12, 856619).
cost(8, 13, 390315).
cost(8, 14, 453386).
cost(8, 15, 497039).
cost(8, 16, 502342).
cost(8, 17, 482285).
cost(9, 1, 183602).
cost(9, 2, 376601).
cost(9, 3, 360724).
cost(9, 4, 581172).
cost(9, 5, 461354).
cost(9, 6, 273369).
cost(9, 7, 282786).
cost(9, 8, 787032).
cost(9, 10, 541332).
cost(9, 11, 269098).
cost(9, 12, 481733).
cost(9, 13, 603813).
cost(9, 14, 392751).
cost(9, 15, 295785).
cost(9, 16, 301996).
cost(9, 17, 507889).
cost(10, 1, 477659).
cost(10, 2, 708408).
cost(10, 3, 336302).
cost(10, 4, 448556).
cost(10, 5, 439829).
cost(10, 6, 728067).
cost(10, 7, 349127).
cost(10, 8, 532911).
cost(10, 9, 541332).
cost(10, 11, 289346).
cost(10, 12, 342743).
cost(10, 13, 148434).
cost(10, 14, 521848).
cost(10, 15, 336802).
cost(10, 16, 305110).
cost(10, 17, 66102).
cost(11, 1, 283875).
cost(11, 2, 545310).
cost(11, 3, 153034).
cost(11, 4, 381382).
cost(11, 5, 292788).
cost(11, 6, 440262).
cost(11, 7, 232043).
cost(11, 8, 562910).
cost(11, 9, 269098).
cost(11, 10, 289346).
cost(11, 12, 386942).
cost(11, 13, 334828).
cost(11, 14, 305756).
cost(11, 15, 95597).
cost(11, 16, 69422).
cost(11, 17, 245031).
cost(12, 1, 318408).
cost(12, 2, 444079).
cost(12, 3, 527589).
cost(12, 4, 725426).
cost(12, 5, 666292).
cost(12, 6, 746376).
cost(12, 7, 200369).
cost(12, 8, 856619).
cost(12, 9, 481733).
cost(12, 10, 342743).
cost(12, 11, 386942).
cost(12, 13, 489339).
cost(12, 14, 692652).
cost(12, 15, 481517).
cost(12, 16, 450951).
cost(12, 17, 378117).
cost(13, 1, 580003).
cost(13, 2, 827023).
cost(13, 3, 310660).
cost(13, 4, 341365).
cost(13, 5, 370058).
cost(13, 6, 742150).
cost(13, 7, 466809).
cost(13, 8, 390315).
cost(13, 9, 603813).
cost(13, 10, 148434).
cost(13, 11, 334828).
cost(13, 12, 489339).
cost(13, 14, 477490).
cost(13, 15, 341077).
cost(13, 16, 318172).
cost(13, 17, 119000).
cost(14, 1, 522175).
cost(14, 2, 762909).
cost(14, 3, 186521).
cost(14, 4, 244457).
cost(14, 5, 126989).
cost(14, 6, 337321).
cost(14, 7, 524469).
cost(14, 8, 453386).
cost(14, 9, 392751).
cost(14, 10, 521848).
cost(14, 11, 305756).
cost(14, 12, 692652).
cost(14, 13, 477490).
cost(14, 15, 212556).
cost(14, 16, 245264).
cost(14, 17, 457750).
cost(15, 1, 358187).
cost(15, 2, 617314).
cost(15, 3, 68756).
cost(15, 4, 301474).
cost(15, 5, 201183).
cost(15, 6, 401977).
cost(15, 7, 325285).
cost(15, 8, 497039).
cost(15, 9, 295785).
cost(15, 10, 336802).
cost(15, 11, 95597).
cost(15, 12, 481517).
cost(15, 13, 341077).
cost(15, 14, 212556).
cost(15, 16, 34020).
cost(15, 17, 279877).
cost(16, 1, 346049).
cost(16, 2, 606959).
cost(16, 3, 83748).
cost(16, 4, 314396).
cost(16, 5, 223403).
cost(16, 6, 428647).
cost(16, 7, 301465).
cost(16, 8, 502342).
cost(16, 9, 301996).
cost(16, 10, 305110).
cost(16, 11, 69422).
cost(16, 12, 450951).
cost(16, 13, 318172).
cost(16, 14, 245264).
cost(16, 15, 34020).
cost(16, 17, 249898).
cost(17, 1, 466144).
cost(17, 2, 709378).
cost(17, 3, 273304).
cost(17, 4, 384970).
cost(17, 5, 373758).
cost(17, 6, 677387).
cost(17, 7, 348640).
cost(17, 8, 482285).
cost(17, 9, 507889).
cost(17, 10, 66102).
cost(17, 11, 245031).
cost(17, 12, 378117).
cost(17, 13, 119000).
cost(17, 14, 457750).
cost(17, 15, 279877).
cost(17, 16, 249898).
