dimension(17).
point(1, -230428.0, 384595.0).
point(2, 252403.0, 169629.0).
point(3, 102839.0, 103490.0).
point(4, 307293.0, -112837.0).
point(5, 16265.0, -67463.0).
point(6, -47146.0, -10922.0).
point(7, 249942.0, 56165.0).
point(8, 94770.0, 108228.0).
point(9, -377378.0, 16729.0).
point(10, -253359.0, 241645.0).
point(11, 65772.0, -282047.0).
point(12, -70185.0, 84597.0).
point(13, -277694.0, -237211.0).
point(14, -155317.0, 248978.0).
point(15, 123457.0, -92022.0).
point(16, -293769.0, -150796.0).
point(17, 341501.0, 30495.0).
cost(1, 2, 528523).
cost(1, 3, 435990).
cost(1, 4, 732518).
cost(1, 5, 514989).
cost(1, 6, 435920).
cost(1, 7, 581912).
cost(1, 8, 426770).
cost(1, 9, 396131).
cost(1, 10, 144778).
cost(1, 11, 729483).
cost(1, 12, 340113).
cost(1, 13, 623600).
cost(1, 14, 155028).
cost(1, 15, 593632).
cost(1, 16, 539125).
cost(1, 17, 672673).
cost(2, 1, 528523).
cost(2, 3, 163535).
cost(2, 4, 287750).
cost(2, 5, 334625).
cost(2, 6, 349755).
cost(2, 7, 113491).
cost(2, 8, 169169).
cost(2, 9, 648076).
cost(2, 10, 510863).
cost(2, 11, 488715).
cost(2, 12, 333607).
cost(2, 13, 668223).
cost(2, 14, 415370).
cost(2, 15, 291699).
cost(2, 16, 633227).
cost(2, 17, 165217).
cost(3, 1, 435990).
cost(3, 2, 163535).
cost(3, 4, 297656).
cost(3, 5, 191625).
cost(3, 6, 188641).
cost(3, 7, 154528).
cost(3, 8, 9357).
cost(3, 9, 487992).
cost(3, 10, 382052).
cost(3, 11, 387315).
cost(3, 12, 174052).
cost(3, 13, 510767).
cost(3, 14, 296330).
cost(3, 15, 196596).
cost(3, 16, 471126).
cost(3, 17, 249575).
cost(4, 1, 732518).
cost(4, 2, 287750).
cost(4, 3, 297656).
cost(4, 5, 294544).
cost(4, 6, 368800).
cost(4, 7, 178468).
cost(4, 8, 306653).
cost(4, 9, 696823).
cost(4, 10, 663316).
cost(4, 11, 294897).
cost(4, 12, 425993).
cost(4, 13, 598062).
cost(4, 14, 587297).
cost(4, 15, 185011).
cost(4, 16, 602259).
cost(4, 17, 147358).
cost(5, 1, 514989).
cost(5, 2, 334625).
cost(5, 3, 191625).
cost(5, 4, 294544).
cost(5, 6, 84958).
cost(5, 7, 264365).
cost(5, 8, 192433).
cost(5, 9, 402546).
cost(5, 10, 410177).
cost(5, 11, 220221).
cost(5, 12, 174917).
cost(5, 13, 339450).
cost(5, 14, 359966).
cost(5, 15, 109969).
cost(5, 16, 321038).
cost(5, 17, 339668).
cost(6, 1, 435920).
cost(6, 2, 349755).
cost(6, 3, 188641).
cost(6, 4, 368800).
cost(6, 5, 84958).
cost(6, 7, 304568).
cost(6, 8, 185302).
cost(6, 9, 331388).
cost(6, 10, 326058).
cost(6, 11, 293699).
cost(6, 12, 98258).
cost(6, 13, 323047).
cost(6, 14, 281512).
cost(6, 15, 188898).
cost(6, 16, 283527).
cost(6, 17, 390848).
cost(7, 1, 581912).
cost(7, 2, 113491).
cost(7, 3, 154528).
cost(7, 4, 178468).
cost(7, 5, 264365).
cost(7, 6, 304568).
cost(7, 8, 163673).
cost(7, 9, 628558).
cost(7, 10, 536390).
cost(7, 11, 385105).
cost(7, 12, 321387).
cost(7, 13, 603713).
cost(7, 14, 448789).
cost(7, 15, 194828).
cost(7, 16, 581768).
cost(7, 17, 95089).
cost(8, 1, 426770).
cost(8, 2, 169169).
cost(8, 3, 9357).
cost(8, 4, 306653).
cost(8, 5, 192433).
cost(8, 6, 185302).
cost(8, 7, 163673).
cost(8, 9, 480932).
cost(8, 10, 372819).
cost(8, 11, 391351).
cost(8, 12, 166639).
cost(8, 13, 507994).
cost(8, 14, 286974).
cost(8, 15, 202294).
cost(8, 16, 466965).
cost(8, 17, 258686).
cost(9, 1, 396131).
cost(9, 2, 648076).
cost(9, 3, 487992).
cost(9, 4, 696823).
cost(9, 5, 402546).
cost(9, 6, 331388).
cost(9, 7, 628558).
cost(9, 8, 480932).
cost(9, 10, 256842).
cost(9, 11, 534461).
cost(9, 12, 314601).
cost(9, 13, 272805).
cost(9, 14, 321326).
cost(9, 15, 512506).
cost(9, 16, 187230).
cost(9, 17, 719011).
cost(10, 1, 144778).
cost(10, 2, 510863).
cost(10, 3, 382052).
cost(10, 4, 663316).
cost(10, 5, 410177).
cost(10, 6, 326058).
cost(10, 7, 536390).
cost(10, 8, 372819).
cost(10, 9, 256842).
cost(10, 11, 613268).
cost(10, 12, 241282).
cost(10, 13, 479474).
cost(10, 14, 98316).
cost(10, 15, 503313).
cost(10, 16, 394516).
cost(10, 17, 631223).
cost(11, 1, 729483).
cost(11, 2, 488715).
cost(11, 3, 387315).
cost(11, 4, 294897).
cost(11, 5, 220221).
cost(11, 6, 293699).
cost(11, 7, 385105).
cost(11, 8, 391351).
cost(11, 9, 534461).
cost(11, 10, 613268).
cost(11, 12, 391040).
cost(11, 13, 346380).
cost(11, 14, 575211).
cost(11, 15, 198588).
cost(11, 16, 382749).
cost(11, 17, 416784).
cost(12, 1, 340113).
cost(12, 2, 333607).
cost(12, 3, 174052).
cost(12, 4, 425993).
cost(12, 5, 174917).
cost(12, 6, 98258).
cost(12, 7, 321387).
cost(12, 8, 166639).
cost(12, 9, 314601).
cost(12, 10, 241282).
cost(12, 11, 391040).
cost(12, 13, 382910).
cost(12, 14, 185118).
cost(12, 15, 262091).
cost(12, 16, 324653).
cost(12, 17, 415226).
cost(13, 1, 623600).
cost(13, 2, 668223).
cost(13, 3, 510767).
cost(13, 4, 598062).
cost(13, 5, 339450).
cost(13, 6, 323047).
cost(13, 7, 603713).
cost(13, 8, 507994).
cost(13, 9, 272805).
cost(13, 10, 479474).
cost(13, 11, 346380).
cost(13, 12, 382910).
cost(13, 14, 501354).
cost(13, 15, 426617).
cost(13, 16, 87897).
cost(13, 17, 674588).
cost(14, 1, 155028).
cost(14, 2, 415370).
cost(14, 3, 296330).
cost(14, 4, 587297).
cost(14, 5, 359966).
cost(14, 6, 281512).
cost(14, 7, 448789).
cost(14, 8, 286974).
cost(14, 9, 321326).
cost(14, 10, 98316).
cost(14, 11, 575211).
cost(14, 12, 185118).
cost(14, 13, 501354).
cost(14, 15, 440450).
cost(14, 16, 423070).
cost(14, 17, 542737).
cost(15, 1, 593632).
cost(15, 2, 291699).
cost(15, 3, 196596).
cost(15, 4, 185011).
cost(15, 5, 109969).
cost(15, 6, 188898).
cost(15, 7, 194828).
cost(15, 8, 202294).
cost(15, 9, 512506).
cost(15, 10, 503313).
cost(15, 11, 198588).
cost(15, 12, 262091).
cost(15, 13, 426617).
cost(15, 14, 440450).
cost(15, 16, 421345).
cost(15, 17, 250107).
cost(16, 1, 539125).
cost(16, 2, 633227).
cost(16, 3, 471126).
cost(16, 4, 602259).
cost(16, 5, 321038).
cost(16, 6, 283527).
cost(16, 7, 581768).
cost(16, 8, 466965).
cost(16, 9, 187230).
cost(16, 10, 394516).
cost(16, 11, 382749).
cost(16, 12, 324653).
cost(16, 13, 87897).
cost(16, 14, 423070).
cost(16, 15, 421345).
cost(16, 17, 660632).
cost(17, 1, 672673).
cost(17, 2, 165217).
cost(17, 3, 249575).
cost(17, 4, 147358).
cost(17, 5, 339668).
cost(17, 6, 390848).
cost(17, 7, 95089).
cost(17, 8, 258686).
cost(17, 9, 719011).
cost(17, 10, 631223).
cost(17, 11, 416784).
cost(17, 12, 415226).
cost(17, 13, 674588).
cost(17, 14, 542737).
cost(17, 15, 250107).
cost(17, 16, 660632).
