dimension(29).
point(1, 257255.0, 47088.0).
point(2, 717862.0, 660014.0).
point(3, 425406.0, 741170.0).
point(4, 372496.0, 391332.0).
point(5, 8480.0, 197268.0).
point(6, 474226.0, 194290.0).
point(7, 518622.0, 109544.0).
point(8, 549178.0, 445977.0).
point(9, 982433.0, 160576.0).
point(10, 959839.0, 430669.0).
point(11, 546177.0, 210394.0).
point(12, 297569.0, 756863.0).
point(13, 212939.0, 835786.0).
point(14, 302743.0, 662281.0).
point(15, 717016.0, 842291.0).
point(16, 106051.0, 748222.0).
point(17, 560601.0, 502223.0).
point(18, 538235.0, 978074.0).
point(19, 415233.0, 414748.0).
point(20, 308256.0, 861503.0).
point(21, 766929.0, 550366.0).
point(22, 43830.0, 582169.0).
point(23, 544980.0, 307542.0).
point(24, 246491.0, 918524.0).
point(25, 797730.0, 664317.0).
point(26, 729819.0, 155775.0).
point(27, 563664.0, 916767.0).
point(28, 42937.0, 509033.0).
point(29, 486486.0, 215639.0).
cost(1, 2, 766705).
cost(1, 3, 714160).
cost(1, 4, 363021).
cost(1, 5, 290591).
cost(1, 6, 262192).
cost(1, 7, 268726).
cost(1, 8, 494299).
cost(1, 9, 734005).
cost(1, 10, 800474).
cost(1, 11, 331881).
cost(1, 12, 710919).
cost(1, 13, 789942).
cost(1, 14, 616872).
cost(1, 15, 918547).
cost(1, 16, 717253).
cost(1, 17, 546961).
cost(1, 18, 972463).
cost(1, 19, 400164).
cost(1, 20, 816010).
cost(1, 21, 716280).
cost(1, 22, 576075).
cost(1, 23, 388100).
cost(1, 24, 871502).
cost(1, 25, 820417).
cost(1, 26, 484902).
cost(1, 27, 922078).
cost(1, 28, 509240).
cost(1, 29, 284528).
cost(2, 1, 766705).
cost(2, 3, 303508).
cost(2, 4, 437570).
cost(2, 5, 846969).
cost(2, 6, 525602).
cost(2, 7, 585418).
cost(2, 8, 272518).
cost(2, 9, 565187).
cost(2, 10, 333395).
cost(2, 11, 481284).
cost(2, 12, 431307).
cost(2, 13, 534643).
cost(2, 14, 415125).
cost(2, 15, 182279).
cost(2, 16, 618137).
cost(2, 17, 222776).
cost(2, 18, 365278).
cost(2, 19, 389538).
cost(2, 20, 456481).
cost(2, 21, 120126).
cost(2, 22, 678512).
cost(2, 23, 392587).
cost(2, 24, 537604).
cost(2, 25, 79984).
cost(2, 26, 504381).
cost(2, 27, 299498).
cost(2, 28, 691606).
cost(2, 29, 501003).
cost(3, 1, 714160).
cost(3, 2, 303508).
cost(3, 4, 353816).
cost(3, 5, 685315).
cost(3, 6, 549055).
cost(3, 7, 638467).
cost(3, 8, 320091).
cost(3, 9, 804592).
cost(3, 10, 618085).
cost(3, 11, 544343).
cost(3, 12, 128797).
cost(3, 13, 232582).
cost(3, 14, 145841).
cost(3, 15, 308645).
cost(3, 16, 319433).
cost(3, 17, 274542).
cost(3, 18, 262400).
cost(3, 19, 326580).
cost(3, 20, 167941).
cost(3, 21, 391209).
cost(3, 22, 413378).
cost(3, 23, 449812).
cost(3, 24, 251923).
cost(3, 25, 380173).
cost(3, 26, 659814).
cost(3, 27, 223494).
cost(3, 28, 447404).
cost(3, 29, 529069).
cost(4, 1, 363021).
cost(4, 2, 437570).
cost(4, 3, 353816).
cost(4, 5, 412515).
cost(4, 6, 221753).
cost(4, 7, 317423).
cost(4, 8, 184939).
cost(4, 9, 652128).
cost(4, 10, 588659).
cost(4, 11, 250806).
cost(4, 12, 373131).
cost(4, 13, 472226).
cost(4, 14, 279784).
cost(4, 15, 567502).
cost(4, 16, 445380).
cost(4, 17, 218358).
cost(4, 18, 609701).
cost(4, 19, 48732).
cost(4, 20, 474539).
cost(4, 21, 425287).
cost(4, 22, 380053).
cost(4, 23, 191759).
cost(4, 24, 542041).
cost(4, 25, 505316).
cost(4, 26, 427980).
cost(4, 27, 559131).
cost(4, 28, 349947).
cost(4, 29, 209432).
cost(5, 1, 290591).
cost(5, 2, 846969).
cost(5, 3, 685315).
cost(5, 4, 412515).
cost(5, 6, 465756).
cost(5, 7, 517630).
cost(5, 8, 595156).
cost(5, 9, 974644).
cost(5, 10, 979571).
cost(5, 11, 537857).
cost(5, 12, 629856).
cost(5, 13, 670454).
cost(5, 14, 550298).
cost(5, 15, 958164).
cost(5, 16, 559527).
cost(5, 17, 630742).
cost(5, 18, 943556).
cost(5, 19, 461243).
cost(5, 20, 728748).
cost(5, 21, 836614).
cost(5, 22, 386521).
cost(5, 23, 547716).
cost(5, 24, 759513).
cost(5, 25, 917088).
cost(5, 26, 722531).
cost(5, 27, 908795).
cost(5, 28, 313663).
cost(5, 29, 478359).
cost(6, 1, 262192).
cost(6, 2, 525602).
cost(6, 3, 549055).
cost(6, 4, 221753).
cost(6, 5, 465756).
cost(6, 7, 95671).
cost(6, 8, 262610).
cost(6, 9, 509324).
cost(6, 10, 540088).
cost(6, 11, 73731).
cost(6, 12, 589658).
cost(6, 13, 692667).
cost(6, 14, 498419).
cost(6, 15, 691992).
cost(6, 16, 665127).
cost(6, 17, 319818).
cost(6, 18, 786393).
cost(6, 19, 228215).
cost(6, 20, 687546).
cost(6, 21, 460939).
cost(6, 22, 579388).
cost(6, 23, 133537).
cost(6, 24, 759196).
cost(6, 25, 570596).
cost(6, 26, 258479).
cost(6, 27, 727992).
cost(6, 28, 533923).
cost(6, 29, 24619).
cost(7, 1, 268726).
cost(7, 2, 585418).
cost(7, 3, 638467).
cost(7, 4, 317423).
cost(7, 5, 517630).
cost(7, 6, 95671).
cost(7, 8, 337818).
cost(7, 9, 466610).
cost(7, 10, 545705).
cost(7, 11, 104547).
cost(7, 12, 684022).
cost(7, 13, 787953).
cost(7, 14, 593399).
cost(7, 15, 759130).
cost(7, 16, 760345).
cost(7, 17, 394916).
cost(7, 18, 868751).
cost(7, 19, 322240).
cost(7, 20, 780830).
cost(7, 21, 505945).
cost(7, 22, 669927).
cost(7, 23, 199745).
cost(7, 24, 853524).
cost(7, 25, 621027).
cost(7, 26, 216198).
cost(7, 27, 808479).
cost(7, 28, 621182).
cost(7, 29, 110855).
cost(8, 1, 494299).
cost(8, 2, 272518).
cost(8, 3, 320091).
cost(8, 4, 184939).
cost(8, 5, 595156).
cost(8, 6, 262610).
cost(8, 7, 337818).
cost(8, 9, 518810).
cost(8, 10, 410946).
cost(8, 11, 235602).
cost(8, 12, 399946).
cost(8, 13, 514789).
cost(8, 14, 327899).
cost(8, 15, 430389).
cost(8, 16, 536389).
cost(8, 17, 57394).
cost(8, 18, 532210).
cost(8, 19, 137537).
cost(8, 20, 480318).
cost(8, 21, 241480).
cost(8, 22, 523378).
cost(8, 23, 138499).
cost(8, 24, 561177).
cost(8, 25, 330833).
cost(8, 26, 341831).
cost(8, 27, 471013).
cost(8, 28, 510153).
cost(8, 29, 238717).
cost(9, 1, 734005).
cost(9, 2, 565187).
cost(9, 3, 804592).
cost(9, 4, 652128).
cost(9, 5, 974644).
cost(9, 6, 509324).
cost(9, 7, 466610).
cost(9, 8, 518810).
cost(9, 10, 271036).
cost(9, 11, 439091).
cost(9, 12, 908073).
cost(9, 13, 1023733).
cost(9, 14, 844800).
cost(9, 15, 731561).
cost(9, 16, 1055165).
cost(9, 17, 542830).
cost(9, 18, 930384).
cost(9, 19, 621546).
cost(9, 20, 972529).
cost(9, 21, 445397).
cost(9, 22, 1028939).
cost(9, 23, 461480).
cost(9, 24, 1056454).
cost(9, 25, 536535).
cost(9, 26, 252660).
cost(9, 27, 864403).
cost(9, 28, 1002035).
cost(9, 29, 498994).
cost(10, 1, 800474).
cost(10, 2, 333395).
cost(10, 3, 618085).
cost(10, 4, 588659).
cost(10, 5, 979571).
cost(10, 6, 540088).
cost(10, 7, 545705).
cost(10, 8, 410946).
cost(10, 9, 271036).
cost(10, 11, 468655).
cost(10, 12, 738244).
cost(10, 13, 849694).
cost(10, 14, 696720).
cost(10, 15, 477908).
cost(10, 16, 910930).
cost(10, 17, 405600).
cost(10, 18, 690943).
cost(10, 19, 544839).
cost(10, 20, 781139).
cost(10, 21, 227028).
cost(10, 22, 928453).
cost(10, 23, 432745).
cost(10, 24, 864215).
cost(10, 25, 284378).
cost(10, 26, 358435).
cost(10, 27, 627093).
cost(10, 28, 920245).
cost(10, 29, 519905).
cost(11, 1, 331881).
cost(11, 2, 481284).
cost(11, 3, 544343).
cost(11, 4, 250806).
cost(11, 5, 537857).
cost(11, 6, 73731).
cost(11, 7, 104547).
cost(11, 8, 235602).
cost(11, 9, 439091).
cost(11, 10, 468655).
cost(11, 12, 600362).
cost(11, 13, 708634).
cost(11, 14, 513285).
cost(11, 15, 654584).
cost(11, 16, 694960).
cost(11, 17, 292185).
cost(11, 18, 767721).
cost(11, 19, 242707).
cost(11, 20, 693217).
cost(11, 21, 405355).
cost(11, 22, 624955).
cost(11, 23, 97155).
cost(11, 24, 768934).
cost(11, 25, 518965).
cost(11, 26, 191592).
cost(11, 27, 706589).
cost(11, 28, 585180).
cost(11, 29, 59921).
cost(12, 1, 710919).
cost(12, 2, 431307).
cost(12, 3, 128797).
cost(12, 4, 373131).
cost(12, 5, 629856).
cost(12, 6, 589658).
cost(12, 7, 684022).
cost(12, 8, 399946).
cost(12, 9, 908073).
cost(12, 10, 738244).
cost(12, 11, 600362).
cost(12, 13, 115720).
cost(12, 14, 94723).
cost(12, 15, 428058).
cost(12, 16, 191713).
cost(12, 17, 366097).
cost(12, 18, 326886).
cost(12, 19, 361784).
cost(12, 20, 105184).
cost(12, 21, 512777).
cost(12, 22, 308061).
cost(12, 23, 512934).
cost(12, 24, 169538).
cost(12, 25, 508651).
cost(12, 26, 740369).
cost(12, 27, 310445).
cost(12, 28, 355327).
cost(12, 29, 573248).
cost(13, 1, 789942).
cost(13, 2, 534643).
cost(13, 3, 232582).
cost(13, 4, 472226).
cost(13, 5, 670454).
cost(13, 6, 692667).
cost(13, 7, 787953).
cost(13, 8, 514789).
cost(13, 9, 1023733).
cost(13, 10, 849694).
cost(13, 11, 708634).
cost(13, 12, 115720).
cost(13, 14, 195368).
cost(13, 15, 504119).
cost(13, 16, 138176).
cost(13, 17, 481802).
cost(13, 18, 355054).
cost(13, 19, 467114).
cost(13, 20, 98725).
cost(13, 21, 623193).
cost(13, 22, 304827).
cost(13, 23, 623933).
cost(13, 24, 89282).
cost(13, 25, 609411).
cost(13, 26, 854154).
cost(13, 27, 359953).
cost(13, 28, 368332).
cost(13, 29, 677798).
cost(14, 1, 616872).
cost(14, 2, 415125).
cost(14, 3, 145841).
cost(14, 4, 279784).
cost(14, 5, 550298).
cost(14, 6, 498419).
cost(14, 7, 593399).
cost(14, 8, 327899).
cost(14, 9, 844800).
cost(14, 10, 696720).
cost(14, 11, 513285).
cost(14, 12, 94723).
cost(14, 13, 195368).
cost(14, 15, 451692).
cost(14, 16, 214648).
cost(14, 17, 303495).
cost(14, 18, 393931).
cost(14, 19, 271894).
cost(14, 20, 199298).
cost(14, 21, 477487).
cost(14, 22, 271024).
cost(14, 23, 429556).
cost(14, 24, 262345).
cost(14, 25, 494991).
cost(14, 26, 662527).
cost(14, 27, 364476).
cost(14, 28, 301636).
cost(14, 29, 482960).
cost(15, 1, 918547).
cost(15, 2, 182279).
cost(15, 3, 308645).
cost(15, 4, 567502).
cost(15, 5, 958164).
cost(15, 6, 691992).
cost(15, 7, 759130).
cost(15, 8, 430389).
cost(15, 9, 731561).
cost(15, 10, 477908).
cost(15, 11, 654584).
cost(15, 12, 428058).
cost(15, 13, 504119).
cost(15, 14, 451692).
cost(15, 16, 618164).
cost(15, 17, 374315).
cost(15, 18, 224499).
cost(15, 19, 523322).
cost(15, 20, 409211).
cost(15, 21, 296161).
cost(15, 22, 721694).
cost(15, 23, 561741).
cost(15, 24, 476661).
cost(15, 25, 195421).
cost(15, 26, 686635).
cost(15, 27, 170480).
cost(15, 28, 751960).
cost(15, 29, 667710).
cost(16, 1, 717253).
cost(16, 2, 618137).
cost(16, 3, 319433).
cost(16, 4, 445380).
cost(16, 5, 559527).
cost(16, 6, 665127).
cost(16, 7, 760345).
cost(16, 8, 536389).
cost(16, 9, 1055165).
cost(16, 10, 910930).
cost(16, 11, 694960).
cost(16, 12, 191713).
cost(16, 13, 138176).
cost(16, 14, 214648).
cost(16, 15, 618164).
cost(16, 17, 516847).
cost(16, 18, 489505).
cost(16, 19, 454751).
cost(16, 20, 231775).
cost(16, 21, 689860).
cost(16, 22, 177328).
cost(16, 23, 621979).
cost(16, 24, 220740).
cost(16, 25, 696750).
cost(16, 26, 860279).
cost(16, 27, 487665).
cost(16, 28, 247376).
cost(16, 29, 654504).
cost(17, 1, 546961).
cost(17, 2, 222776).
cost(17, 3, 274542).
cost(17, 4, 218358).
cost(17, 5, 630742).
cost(17, 6, 319818).
cost(17, 7, 394916).
cost(17, 8, 57394).
cost(17, 9, 542830).
cost(17, 10, 405600).
cost(17, 11, 292185).
cost(17, 12, 366097).
cost(17, 13, 481802).
cost(17, 14, 303495).
cost(17, 15, 374315).
cost(17, 16, 516847).
cost(17, 18, 476376).
cost(17, 19, 169658).
cost(17, 20, 439045).
cost(17, 21, 211870).
cost(17, 22, 522918).
cost(17, 23, 195307).
cost(17, 24, 521509).
cost(17, 25, 287236).
cost(17, 26, 385566).
cost(17, 27, 414555).
cost(17, 28, 517709).
cost(17, 29, 296013).
cost(18, 1, 972463).
cost(18, 2, 365278).
cost(18, 3, 262400).
cost(18, 4, 609701).
cost(18, 5, 943556).
cost(18, 6, 786393).
cost(18, 7, 868751).
cost(18, 8, 532210).
cost(18, 9, 930384).
cost(18, 10, 690943).
cost(18, 11, 767721).
cost(18, 12, 326886).
cost(18, 13, 355054).
cost(18, 14, 393931).
cost(18, 15, 224499).
cost(18, 16, 489505).
cost(18, 17, 476376).
cost(18, 19, 576598).
cost(18, 20, 257835).
cost(18, 21, 485010).
cost(18, 22, 633385).
cost(18, 23, 670566).
cost(18, 24, 297760).
cost(18, 25, 407162).
cost(18, 26, 844322).
cost(18, 27, 66372).
cost(18, 28, 682143).
cost(18, 29, 764189).
cost(19, 1, 400164).
cost(19, 2, 389538).
cost(19, 3, 326580).
cost(19, 4, 48732).
cost(19, 5, 461243).
cost(19, 6, 228215).
cost(19, 7, 322240).
cost(19, 8, 137537).
cost(19, 9, 621546).
cost(19, 10, 544839).
cost(19, 11, 242707).
cost(19, 12, 361784).
cost(19, 13, 467114).
cost(19, 14, 271894).
cost(19, 15, 523322).
cost(19, 16, 454751).
cost(19, 17, 169658).
cost(19, 18, 576598).
cost(19, 20, 459384).
cost(19, 21, 376938).
cost(19, 22, 407394).
cost(19, 23, 168307).
cost(19, 24, 531285).
cost(19, 25, 456715).
cost(19, 26, 407469).
cost(19, 27, 523502).
cost(19, 28, 384049).
cost(19, 29, 211474).
cost(20, 1, 816010).
cost(20, 2, 456481).
cost(20, 3, 167941).
cost(20, 4, 474539).
cost(20, 5, 728748).
cost(20, 6, 687546).
cost(20, 7, 780830).
cost(20, 8, 480318).
cost(20, 9, 972529).
cost(20, 10, 781139).
cost(20, 11, 693217).
cost(20, 12, 105184).
cost(20, 13, 98725).
cost(20, 14, 199298).
cost(20, 15, 409211).
cost(20, 16, 231775).
cost(20, 17, 439045).
cost(20, 18, 257835).
cost(20, 19, 459384).
cost(20, 21, 554245).
cost(20, 22, 384641).
cost(20, 23, 602421).
cost(20, 24, 84061).
cost(20, 25, 527700).
cost(20, 26, 822051).
cost(20, 27, 261318).
cost(20, 28, 441168).
cost(20, 29, 670005).
cost(21, 1, 716280).
cost(21, 2, 120126).
cost(21, 3, 391209).
cost(21, 4, 425287).
cost(21, 5, 836614).
cost(21, 6, 460939).
cost(21, 7, 505945).
cost(21, 8, 241480).
cost(21, 9, 445397).
cost(21, 10, 227028).
cost(21, 11, 405355).
cost(21, 12, 512777).
cost(21, 13, 623193).
cost(21, 14, 477487).
cost(21, 15, 296161).
cost(21, 16, 689860).
cost(21, 17, 211870).
cost(21, 18, 485010).
cost(21, 19, 376938).
cost(21, 20, 554245).
cost(21, 22, 723798).
cost(21, 23, 328975).
cost(21, 24, 637492).
cost(21, 25, 118040).
cost(21, 26, 396332).
cost(21, 27, 419006).
cost(21, 28, 725171).
cost(21, 29, 436681).
cost(22, 1, 576075).
cost(22, 2, 678512).
cost(22, 3, 413378).
cost(22, 4, 380053).
cost(22, 5, 386521).
cost(22, 6, 579388).
cost(22, 7, 669927).
cost(22, 8, 523378).
cost(22, 9, 1028939).
cost(22, 10, 928453).
cost(22, 11, 624955).
cost(22, 12, 308061).
cost(22, 13, 304827).
cost(22, 14, 271024).
cost(22, 15, 721694).
cost(22, 16, 177328).
cost(22, 17, 522918).
cost(22, 18, 633385).
cost(22, 19, 407394).
cost(22, 20, 384641).
cost(22, 21, 723798).
cost(22, 23, 571464).
cost(22, 24, 392691).
cost(22, 25, 758362).
cost(22, 26, 807708).
cost(22, 27, 618210).
cost(22, 28, 73141).
cost(22, 29, 574707).
cost(23, 1, 388100).
cost(23, 2, 392587).
cost(23, 3, 449812).
cost(23, 4, 191759).
cost(23, 5, 547716).
cost(23, 6, 133537).
cost(23, 7, 199745).
cost(23, 8, 138499).
cost(23, 9, 461480).
cost(23, 10, 432745).
cost(23, 11, 97155).
cost(23, 12, 512934).
cost(23, 13, 623933).
cost(23, 14, 429556).
cost(23, 15, 561741).
cost(23, 16, 621979).
cost(23, 17, 195307).
cost(23, 18, 670566).
cost(23, 19, 168307).
cost(23, 20, 602421).
cost(23, 21, 328975).
cost(23, 22, 571464).
cost(23, 24, 679996).
cost(23, 25, 437231).
cost(23, 26, 239162).
cost(23, 27, 609511).
cost(23, 28, 540967).
cost(23, 29, 108939).
cost(24, 1, 871502).
cost(24, 2, 537604).
cost(24, 3, 251923).
cost(24, 4, 542041).
cost(24, 5, 759513).
cost(24, 6, 759196).
cost(24, 7, 853524).
cost(24, 8, 561177).
cost(24, 9, 1056454).
cost(24, 10, 864215).
cost(24, 11, 768934).
cost(24, 12, 169538).
cost(24, 13, 89282).
cost(24, 14, 262345).
cost(24, 15, 476661).
cost(24, 16, 220740).
cost(24, 17, 521509).
cost(24, 18, 297760).
cost(24, 19, 531285).
cost(24, 20, 84061).
cost(24, 21, 637492).
cost(24, 22, 392691).
cost(24, 23, 679996).
cost(24, 25, 607030).
cost(24, 26, 902991).
cost(24, 27, 317178).
cost(24, 28, 457293).
cost(24, 29, 742728).
cost(25, 1, 820417).
cost(25, 2, 79984).
cost(25, 3, 380173).
cost(25, 4, 505316).
cost(25, 5, 917088).
cost(25, 6, 570596).
cost(25, 7, 621027).
cost(25, 8, 330833).
cost(25, 9, 536535).
cost(25, 10, 284378).
cost(25, 11, 518965).
cost(25, 12, 508651).
cost(25, 13, 609411).
cost(25, 14, 494991).
cost(25, 15, 195421).
cost(25, 16, 696750).
cost(25, 17, 287236).
cost(25, 18, 407162).
cost(25, 19, 456715).
cost(25, 20, 527700).
cost(25, 21, 118040).
cost(25, 22, 758362).
cost(25, 23, 437231).
cost(25, 24, 607030).
cost(25, 26, 513056).
cost(25, 27, 344264).
cost(25, 28, 770601).
cost(25, 29, 546063).
cost(26, 1, 484902).
cost(26, 2, 504381).
cost(26, 3, 659814).
cost(26, 4, 427980).
cost(26, 5, 722531).
cost(26, 6, 258479).
cost(26, 7, 216198).
cost(26, 8, 341831).
cost(26, 9, 252660).
cost(26, 10, 358435).
cost(26, 11, 191592).
cost(26, 12, 740369).
cost(26, 13, 854154).
cost(26, 14, 662527).
cost(26, 15, 686635).
cost(26, 16, 860279).
cost(26, 17, 385566).
cost(26, 18, 844322).
cost(26, 19, 407469).
cost(26, 20, 822051).
cost(26, 21, 396332).
cost(26, 22, 807708).
cost(26, 23, 239162).
cost(26, 24, 902991).
cost(26, 25, 513056).
cost(26, 27, 778920).
cost(26, 28, 772398).
cost(26, 29, 250589).
cost(27, 1, 922078).
cost(27, 2, 299498).
cost(27, 3, 223494).
cost(27, 4, 559131).
cost(27, 5, 908795).
cost(27, 6, 727992).
cost(27, 7, 808479).
cost(27, 8, 471013).
cost(27, 9, 864403).
cost(27, 10, 627093).
cost(27, 11, 706589).
cost(27, 12, 310445).
cost(27, 13, 359953).
cost(27, 14, 364476).
cost(27, 15, 170480).
cost(27, 16, 487665).
cost(27, 17, 414555).
cost(27, 18, 66372).
cost(27, 19, 523502).
cost(27, 20, 261318).
cost(27, 21, 419006).
cost(27, 22, 618210).
cost(27, 23, 609511).
cost(27, 24, 317178).
cost(27, 25, 344264).
cost(27, 26, 778920).
cost(27, 28, 661365).
cost(27, 29, 705363).
cost(28, 1, 509240).
cost(28, 2, 691606).
cost(28, 3, 447404).
cost(28, 4, 349947).
cost(28, 5, 313663).
cost(28, 6, 533923).
cost(28, 7, 621182).
cost(28, 8, 510153).
cost(28, 9, 1002035).
cost(28, 10, 920245).
cost(28, 11, 585180).
cost(28, 12, 355327).
cost(28, 13, 368332).
cost(28, 14, 301636).
cost(28, 15, 751960).
cost(28, 16, 247376).
cost(28, 17, 517709).
cost(28, 18, 682143).
cost(28, 19, 384049).
cost(28, 20, 441168).
cost(28, 21, 725171).
cost(28, 22, 73141).
cost(28, 23, 540967).
cost(28, 24, 457293).
cost(28, 25, 770601).
cost(28, 26, 772398).
cost(28, 27, 661365).
cost(28, 29, 531804).
cost(29, 1, 284528).
cost(29, 2, 501003).
cost(29, 3, 529069).
cost(29, 4, 209432).
cost(29, 5, 478359).
cost(29, 6, 24619).
cost(29, 7, 110855).
cost(29, 8, 238717).
cost(29, 9, 498994).
cost(29, 10, 519905).
cost(29, 11, 59921).
cost(29, 12, 573248).
cost(29, 13, 677798).
cost(29, 14, 482960).
cost(29, 15, 667710).
cost(29, 16, 654504).
cost(29, 17, 296013).
cost(29, 18, 764189).
cost(29, 19, 211474).
cost(29, 20, 670005).
cost(29, 21, 436681).
cost(29, 22, 574707).
cost(29, 23, 108939).
cost(29, 24, 742728).
cost(29, 25, 546063).
cost(29, 26, 250589).
cost(29, 27, 705363).
cost(29, 28, 531804).
