dimension(29).
point(1, 354571.0, 371964.0).
point(2, 107044.0, 525179.0).
point(3, 227724.0, 679619.0).
point(4, 18112.0, 165413.0).
point(5, 920361.0, 22153.0).
point(6, 451044.0, 851617.0).
point(7, 660483.0, 397004.0).
point(8, 950212.0, 674124.0).
point(9, 140274.0, 916298.0).
point(10, 997944.0, 924865.0).
point(11, 516242.0, 918891.0).
point(12, 259467.0, 608412.0).
point(13, 37502.0, 638061.0).
point(14, 431515.0, 272294.0).
point(15, 216308.0, 848589.0).
point(16, 599457.0, 779097.0).
point(17, 260804.0, 466982.0).
point(18, 819038.0, 631914.0).
point(19, 382511.0, 631646.0).
point(20, 330278.0, 108332.0).
point(21, 979424.0, 833673.0).
point(22, 922382.0, 807865.0).
point(23, 344003.0, 942801.0).
point(24, 259764.0, 358708.0).
point(25, 498623.0, 449510.0).
point(26, 525526.0, 478395.0).
point(27, 99514.0, 962563.0).
point(28, 121636.0, 575474.0).
point(29, 111159.0, 640061.0).
cost(1, 2, 291109).
cost(1, 3, 332779).
cost(1, 4, 394801).
cost(1, 5, 665196).
cost(1, 6, 489259).
cost(1, 7, 306935).
cost(1, 8, 667899).
cost(1, 9, 584998).
cost(1, 10, 848309).
cost(1, 11, 570322).
cost(1, 12, 254858).
cost(1, 13, 413933).
cost(1, 14, 125915).
cost(1, 15, 496274).
cost(1, 16, 475107).
cost(1, 17, 133494).
cost(1, 18, 532263).
cost(1, 19, 261181).
cost(1, 20, 264749).
cost(1, 21, 776928).
cost(1, 22, 715834).
cost(1, 23, 570935).
cost(1, 24, 95729).
cost(1, 25, 163598).
cost(1, 26, 201378).
cost(1, 27, 643320).
cost(1, 28, 309314).
cost(1, 29, 362112).
cost(2, 1, 291109).
cost(2, 3, 195998).
cost(2, 4, 370595).
cost(2, 5, 956305).
cost(2, 6, 474234).
cost(2, 7, 568088).
cost(2, 8, 856222).
cost(2, 9, 392528).
cost(2, 10, 976449).
cost(2, 11, 567849).
cost(2, 12, 173668).
cost(2, 13, 132584).
cost(2, 14, 411378).
cost(2, 15, 341369).
cost(2, 16, 554026).
cost(2, 17, 164405).
cost(2, 18, 719950).
cost(2, 19, 295326).
cost(2, 20, 472858).
cost(2, 21, 925319).
cost(2, 22, 862953).
cost(2, 23, 480164).
cost(2, 24, 225911).
cost(2, 25, 398823).
cost(2, 26, 421089).
cost(2, 27, 437449).
cost(2, 28, 52369).
cost(2, 29, 114956).
cost(3, 1, 332779).
cost(3, 2, 195998).
cost(3, 4, 555288).
cost(3, 5, 954991).
cost(3, 6, 281878).
cost(3, 7, 516867).
cost(3, 8, 722509).
cost(3, 9, 252318).
cost(3, 10, 808322).
cost(3, 11, 374825).
cost(3, 12, 77962).
cost(3, 13, 194709).
cost(3, 14, 455461).
cost(3, 15, 169355).
cost(3, 16, 384813).
cost(3, 17, 215195).
cost(3, 18, 593235).
cost(3, 19, 162051).
cost(3, 20, 580419).
cost(3, 21, 767324).
cost(3, 22, 706397).
cost(3, 23, 287725).
cost(3, 24, 322506).
cost(3, 25, 355438).
cost(3, 26, 359412).
cost(3, 27, 310637).
cost(3, 28, 148664).
cost(3, 29, 123094).
cost(4, 1, 394801).
cost(4, 2, 370595).
cost(4, 3, 555288).
cost(4, 5, 913552).
cost(4, 6, 811361).
cost(4, 7, 682843).
cost(4, 8, 1061884).
cost(4, 9, 760757).
cost(4, 10, 1239693).
cost(4, 11, 903251).
cost(4, 12, 504480).
cost(4, 13, 473046).
cost(4, 14, 426996).
cost(4, 15, 711345).
cost(4, 16, 845322).
cost(4, 17, 387096).
cost(4, 18, 926880).
cost(4, 19, 591743).
cost(4, 20, 317342).
cost(4, 21, 1170766).
cost(4, 22, 1109256).
cost(4, 23, 842934).
cost(4, 24, 309449).
cost(4, 25, 558213).
cost(4, 26, 596177).
cost(4, 27, 801295).
cost(4, 28, 422927).
cost(4, 29, 483682).
cost(5, 1, 665196).
cost(5, 2, 956305).
cost(5, 3, 954991).
cost(5, 4, 913552).
cost(5, 6, 953031).
cost(5, 7, 456125).
cost(5, 8, 652654).
cost(5, 9, 1186605).
cost(5, 10, 906040).
cost(5, 11, 983591).
cost(5, 12, 883448).
cost(5, 13, 1076468).
cost(5, 14, 549127).
cost(5, 15, 1085674).
cost(5, 16, 822158).
cost(5, 17, 795543).
cost(5, 18, 618122).
cost(5, 19, 812874).
cost(5, 20, 596343).
cost(5, 21, 813666).
cost(5, 22, 785715).
cost(5, 23, 1086177).
cost(5, 24, 741389).
cost(5, 25, 600414).
cost(5, 26, 603367).
cost(5, 27, 1248263).
cost(5, 28, 971661).
cost(5, 29, 1018144).
cost(6, 1, 489259).
cost(6, 2, 474234).
cost(6, 3, 281878).
cost(6, 4, 811361).
cost(6, 5, 953031).
cost(6, 7, 500537).
cost(6, 8, 529785).
cost(6, 9, 317430).
cost(6, 10, 551783).
cost(6, 11, 93683).
cost(6, 12, 309597).
cost(6, 13, 465428).
cost(6, 14, 579652).
cost(6, 15, 234756).
cost(6, 16, 165183).
cost(6, 17, 429110).
cost(6, 18, 428590).
cost(6, 19, 230400).
cost(6, 20, 753032).
cost(6, 21, 528685).
cost(6, 22, 473364).
cost(6, 23, 140614).
cost(6, 24, 528722).
cost(6, 25, 404912).
cost(6, 26, 380581).
cost(6, 27, 368622).
cost(6, 28, 429843).
cost(6, 29, 400347).
cost(7, 1, 306935).
cost(7, 2, 568088).
cost(7, 3, 516867).
cost(7, 4, 682843).
cost(7, 5, 456125).
cost(7, 6, 500537).
cost(7, 8, 400922).
cost(7, 9, 735040).
cost(7, 10, 626512).
cost(7, 11, 541453).
cost(7, 12, 453329).
cost(7, 13, 667992).
cost(7, 14, 260728).
cost(7, 15, 633420).
cost(7, 16, 386936).
cost(7, 17, 405759).
cost(7, 18, 283412).
cost(7, 19, 363765).
cost(7, 20, 438596).
cost(7, 21, 540743).
cost(7, 22, 487235).
cost(7, 23, 630915).
cost(7, 24, 402545).
cost(7, 25, 170163).
cost(7, 26, 157600).
cost(7, 27, 796582).
cost(7, 28, 567633).
cost(7, 29, 600694).
cost(8, 1, 667899).
cost(8, 2, 856222).
cost(8, 3, 722509).
cost(8, 4, 1061884).
cost(8, 5, 652654).
cost(8, 6, 529785).
cost(8, 7, 400922).
cost(8, 9, 845368).
cost(8, 10, 255244).
cost(8, 11, 498238).
cost(8, 12, 693864).
cost(8, 13, 913422).
cost(8, 14, 656136).
cost(8, 15, 754356).
cost(8, 16, 366126).
cost(8, 17, 719855).
cost(8, 18, 137798).
cost(8, 19, 569288).
cost(8, 20, 839308).
cost(8, 21, 162201).
cost(8, 22, 136606).
cost(8, 23, 663081).
cost(8, 24, 759082).
cost(8, 25, 504365).
cost(8, 26, 467620).
cost(8, 27, 898267).
cost(8, 28, 834428).
cost(8, 29, 839744).
cost(9, 1, 584998).
cost(9, 2, 392528).
cost(9, 3, 252318).
cost(9, 4, 760757).
cost(9, 5, 1186605).
cost(9, 6, 317430).
cost(9, 7, 735040).
cost(9, 8, 845368).
cost(9, 10, 857713).
cost(9, 11, 375977).
cost(9, 12, 330153).
cost(9, 13, 296611).
cost(9, 14, 706797).
cost(9, 15, 101812).
cost(9, 16, 479242).
cost(9, 17, 465201).
cost(9, 18, 735931).
cost(9, 19, 373772).
cost(9, 20, 830006).
cost(9, 21, 843208).
cost(9, 22, 789589).
cost(9, 23, 205446).
cost(9, 24, 570249).
cost(9, 25, 588477).
cost(9, 26, 583248).
cost(9, 27, 61659).
cost(9, 28, 341333).
cost(9, 29, 277767).
cost(10, 1, 848309).
cost(10, 2, 976449).
cost(10, 3, 808322).
cost(10, 4, 1239693).
cost(10, 5, 906040).
cost(10, 6, 551783).
cost(10, 7, 626512).
cost(10, 8, 255244).
cost(10, 9, 857713).
cost(10, 11, 481739).
cost(10, 12, 803424).
cost(10, 13, 1002350).
cost(10, 14, 864113).
cost(10, 15, 785349).
cost(10, 16, 424311).
cost(10, 17, 867774).
cost(10, 18, 343260).
cost(10, 19, 681715).
cost(10, 20, 1054753).
cost(10, 21, 93054).
cost(10, 22, 139279).
cost(10, 23, 654187).
cost(10, 24, 930292).
cost(10, 25, 689408).
cost(10, 26, 650011).
cost(10, 27, 899221).
cost(10, 28, 943393).
cost(10, 29, 931397).
cost(11, 1, 570322).
cost(11, 2, 567849).
cost(11, 3, 374825).
cost(11, 4, 903251).
cost(11, 5, 983591).
cost(11, 6, 93683).
cost(11, 7, 541453).
cost(11, 8, 498238).
cost(11, 9, 375977).
cost(11, 10, 481739).
cost(11, 12, 402903).
cost(11, 13, 555029).
cost(11, 14, 652124).
cost(11, 15, 308063).
cost(11, 16, 162687).
cost(11, 17, 519105).
cost(11, 18, 417182).
cost(11, 19, 316850).
cost(11, 20, 831618).
cost(11, 21, 470956).
cost(11, 22, 421042).
cost(11, 23, 173891).
cost(11, 24, 616105).
cost(11, 25, 469712).
cost(11, 26, 440594).
cost(11, 27, 419010).
cost(11, 28, 523115).
cost(11, 29, 491771).
cost(12, 1, 254858).
cost(12, 2, 173668).
cost(12, 3, 77962).
cost(12, 4, 504480).
cost(12, 5, 883448).
cost(12, 6, 309597).
cost(12, 7, 453329).
cost(12, 8, 693864).
cost(12, 9, 330153).
cost(12, 10, 803424).
cost(12, 11, 402903).
cost(12, 13, 223936).
cost(12, 14, 377592).
cost(12, 15, 244024).
cost(12, 16, 380429).
cost(12, 17, 141436).
cost(12, 18, 560064).
cost(12, 19, 125218).
cost(12, 20, 505069).
cost(12, 21, 754374).
cost(12, 22, 692270).
cost(12, 23, 344909).
cost(12, 24, 249704).
cost(12, 25, 287133).
cost(12, 26, 296128).
cost(12, 27, 388597).
cost(12, 28, 141712).
cost(12, 29, 151647).
cost(13, 1, 413933).
cost(13, 2, 132584).
cost(13, 3, 194709).
cost(13, 4, 473046).
cost(13, 5, 1076468).
cost(13, 6, 465428).
cost(13, 7, 667992).
cost(13, 8, 913422).
cost(13, 9, 296611).
cost(13, 10, 1002350).
cost(13, 11, 555029).
cost(13, 12, 223936).
cost(13, 14, 537617).
cost(13, 15, 276213).
cost(13, 16, 579383).
cost(13, 17, 281304).
cost(13, 18, 781560).
cost(13, 19, 345069).
cost(13, 20, 605253).
cost(13, 21, 962019).
cost(13, 22, 901025).
cost(13, 23, 432214).
cost(13, 24, 356985).
cost(13, 25, 498181).
cost(13, 26, 513479).
cost(13, 27, 330374).
cost(13, 28, 104860).
cost(13, 29, 73684).
cost(14, 1, 125915).
cost(14, 2, 411378).
cost(14, 3, 455461).
cost(14, 4, 426996).
cost(14, 5, 549127).
cost(14, 6, 579652).
cost(14, 7, 260728).
cost(14, 8, 656136).
cost(14, 9, 706797).
cost(14, 10, 864113).
cost(14, 11, 652124).
cost(14, 12, 377592).
cost(14, 13, 537617).
cost(14, 15, 615167).
cost(14, 16, 533904).
cost(14, 17, 258932).
cost(14, 18, 528678).
cost(14, 19, 362678).
cost(14, 20, 192698).
cost(14, 21, 784443).
cost(14, 22, 726489).
cost(14, 23, 676194).
cost(14, 24, 192265).
cost(14, 25, 189497).
cost(14, 26, 226530).
cost(14, 27, 765961).
cost(14, 28, 433524).
cost(14, 29, 487730).
cost(15, 1, 496274).
cost(15, 2, 341369).
cost(15, 3, 169355).
cost(15, 4, 711345).
cost(15, 5, 1085674).
cost(15, 6, 234756).
cost(15, 7, 633420).
cost(15, 8, 754356).
cost(15, 9, 101812).
cost(15, 10, 785349).
cost(15, 11, 308063).
cost(15, 12, 244024).
cost(15, 13, 276213).
cost(15, 14, 615167).
cost(15, 16, 389400).
cost(15, 17, 384192).
cost(15, 18, 640493).
cost(15, 19, 273291).
cost(15, 20, 748979).
cost(15, 21, 763262).
cost(15, 22, 707247).
cost(15, 23, 158688).
cost(15, 24, 491805).
cost(15, 25, 488841).
cost(15, 26, 482348).
cost(15, 27, 163190).
cost(15, 28, 289058).
cost(15, 29, 233539).
cost(16, 1, 475107).
cost(16, 2, 554026).
cost(16, 3, 384813).
cost(16, 4, 845322).
cost(16, 5, 822158).
cost(16, 6, 165183).
cost(16, 7, 386936).
cost(16, 8, 366126).
cost(16, 9, 479242).
cost(16, 10, 424311).
cost(16, 11, 162687).
cost(16, 12, 380429).
cost(16, 13, 579383).
cost(16, 14, 533904).
cost(16, 15, 389400).
cost(16, 17, 460545).
cost(16, 18, 264346).
cost(16, 19, 262312).
cost(16, 20, 722761).
cost(16, 21, 383866).
cost(16, 22, 324204).
cost(16, 23, 303407).
cost(16, 24, 540480).
cost(16, 25, 344667).
cost(16, 26, 309657).
cost(16, 27, 532544).
cost(16, 28, 519399).
cost(16, 29, 507707).
cost(17, 1, 133494).
cost(17, 2, 164405).
cost(17, 3, 215195).
cost(17, 4, 387096).
cost(17, 5, 795543).
cost(17, 6, 429110).
cost(17, 7, 405759).
cost(17, 8, 719855).
cost(17, 9, 465201).
cost(17, 10, 867774).
cost(17, 11, 519105).
cost(17, 12, 141436).
cost(17, 13, 281304).
cost(17, 14, 258932).
cost(17, 15, 384192).
cost(17, 16, 460545).
cost(17, 18, 582089).
cost(17, 19, 204760).
cost(17, 20, 365317).
cost(17, 21, 806769).
cost(17, 22, 744236).
cost(17, 23, 483038).
cost(17, 24, 108279).
cost(17, 25, 238460).
cost(17, 26, 264968).
cost(17, 27, 521167).
cost(17, 28, 176460).
cost(17, 29, 228801).
cost(18, 1, 532263).
cost(18, 2, 719950).
cost(18, 3, 593235).
cost(18, 4, 926880).
cost(18, 5, 618122).
cost(18, 6, 428590).
cost(18, 7, 283412).
cost(18, 8, 137798).
cost(18, 9, 735931).
cost(18, 10, 343260).
cost(18, 11, 417182).
cost(18, 12, 560064).
cost(18, 13, 781560).
cost(18, 14, 528678).
cost(18, 15, 640493).
cost(18, 16, 264346).
cost(18, 17, 582089).
cost(18, 19, 436527).
cost(18, 20, 716257).
cost(18, 21, 257741).
cost(18, 22, 204056).
cost(18, 23, 567723).
cost(18, 24, 622438).
cost(18, 25, 368696).
cost(18, 26, 331236).
cost(18, 27, 791861).
cost(18, 28, 699682).
cost(18, 29, 707926).
cost(19, 1, 261181).
cost(19, 2, 295326).
cost(19, 3, 162051).
cost(19, 4, 591743).
cost(19, 5, 812874).
cost(19, 6, 230400).
cost(19, 7, 363765).
cost(19, 8, 569288).
cost(19, 9, 373772).
cost(19, 10, 681715).
cost(19, 11, 316850).
cost(19, 12, 125218).
cost(19, 13, 345069).
cost(19, 14, 362678).
cost(19, 15, 273291).
cost(19, 16, 262312).
cost(19, 17, 204760).
cost(19, 18, 436527).
cost(19, 20, 525914).
cost(19, 21, 630175).
cost(19, 22, 567903).
cost(19, 23, 313529).
cost(19, 24, 299269).
cost(19, 25, 215999).
cost(19, 26, 209617).
cost(19, 27, 435423).
cost(19, 28, 266854).
cost(19, 29, 271482).
cost(20, 1, 264749).
cost(20, 2, 472858).
cost(20, 3, 580419).
cost(20, 4, 317342).
cost(20, 5, 596343).
cost(20, 6, 753032).
cost(20, 7, 438596).
cost(20, 8, 839308).
cost(20, 9, 830006).
cost(20, 10, 1054753).
cost(20, 11, 831618).
cost(20, 12, 505069).
cost(20, 13, 605253).
cost(20, 14, 192698).
cost(20, 15, 748979).
cost(20, 16, 722761).
cost(20, 17, 365317).
cost(20, 18, 716257).
cost(20, 19, 525914).
cost(20, 21, 973401).
cost(20, 22, 916479).
cost(20, 23, 834582).
cost(20, 24, 260116).
cost(20, 25, 380450).
cost(20, 26, 418412).
cost(20, 27, 884852).
cost(20, 28, 511618).
cost(20, 29, 575108).
cost(21, 1, 776928).
cost(21, 2, 925319).
cost(21, 3, 767324).
cost(21, 4, 1170766).
cost(21, 5, 813666).
cost(21, 6, 528685).
cost(21, 7, 540743).
cost(21, 8, 162201).
cost(21, 9, 843208).
cost(21, 10, 93054).
cost(21, 11, 470956).
cost(21, 12, 754374).
cost(21, 13, 962019).
cost(21, 14, 784443).
cost(21, 15, 763262).
cost(21, 16, 383866).
cost(21, 17, 806769).
cost(21, 18, 257741).
cost(21, 19, 630175).
cost(21, 20, 973401).
cost(21, 22, 62609).
cost(21, 23, 644724).
cost(21, 24, 862266).
cost(21, 25, 615427).
cost(21, 26, 576408).
cost(21, 27, 889300).
cost(21, 28, 895805).
cost(21, 29, 889590).
cost(22, 1, 715834).
cost(22, 2, 862953).
cost(22, 3, 706397).
cost(22, 4, 1109256).
cost(22, 5, 785715).
cost(22, 6, 473364).
cost(22, 7, 487235).
cost(22, 8, 136606).
cost(22, 9, 789589).
cost(22, 10, 139279).
cost(22, 11, 421042).
cost(22, 12, 692270).
cost(22, 13, 901025).
cost(22, 14, 726489).
cost(22, 15, 707247).
cost(22, 16, 324204).
cost(22, 17, 744236).
cost(22, 18, 204056).
cost(22, 19, 567903).
cost(22, 20, 916479).
cost(22, 21, 62609).
cost(22, 23, 593911).
cost(22, 24, 800503).
cost(22, 25, 554968).
cost(22, 26, 515796).
cost(22, 27, 837283).
cost(22, 28, 833786).
cost(22, 29, 828397).
cost(23, 1, 570935).
cost(23, 2, 480164).
cost(23, 3, 287725).
cost(23, 4, 842934).
cost(23, 5, 1086177).
cost(23, 6, 140614).
cost(23, 7, 630915).
cost(23, 8, 663081).
cost(23, 9, 205446).
cost(23, 10, 654187).
cost(23, 11, 173891).
cost(23, 12, 344909).
cost(23, 13, 432214).
cost(23, 14, 676194).
cost(23, 15, 158688).
cost(23, 16, 303407).
cost(23, 17, 483038).
cost(23, 18, 567723).
cost(23, 19, 313529).
cost(23, 20, 834582).
cost(23, 21, 644724).
cost(23, 22, 593911).
cost(23, 24, 590136).
cost(23, 25, 516956).
cost(23, 26, 498622).
cost(23, 27, 245286).
cost(23, 28, 429391).
cost(23, 29, 381926).
cost(24, 1, 95729).
cost(24, 2, 225911).
cost(24, 3, 322506).
cost(24, 4, 309449).
cost(24, 5, 741389).
cost(24, 6, 528722).
cost(24, 7, 402545).
cost(24, 8, 759082).
cost(24, 9, 570249).
cost(24, 10, 930292).
cost(24, 11, 616105).
cost(24, 12, 249704).
cost(24, 13, 356985).
cost(24, 14, 192265).
cost(24, 15, 491805).
cost(24, 16, 540480).
cost(24, 17, 108279).
cost(24, 18, 622438).
cost(24, 19, 299269).
cost(24, 20, 260116).
cost(24, 21, 862266).
cost(24, 22, 800503).
cost(24, 23, 590136).
cost(24, 25, 255536).
cost(24, 26, 291469).
cost(24, 27, 624757).
cost(24, 28, 257035).
cost(24, 29, 318187).
cost(25, 1, 163598).
cost(25, 2, 398823).
cost(25, 3, 355438).
cost(25, 4, 558213).
cost(25, 5, 600414).
cost(25, 6, 404912).
cost(25, 7, 170163).
cost(25, 8, 504365).
cost(25, 9, 588477).
cost(25, 10, 689408).
cost(25, 11, 469712).
cost(25, 12, 287133).
cost(25, 13, 498181).
cost(25, 14, 189497).
cost(25, 15, 488841).
cost(25, 16, 344667).
cost(25, 17, 238460).
cost(25, 18, 368696).
cost(25, 19, 215999).
cost(25, 20, 380450).
cost(25, 21, 615427).
cost(25, 22, 554968).
cost(25, 23, 516956).
cost(25, 24, 255536).
cost(25, 26, 39473).
cost(25, 27, 650009).
cost(25, 28, 397475).
cost(25, 29, 431785).
cost(26, 1, 201378).
cost(26, 2, 421089).
cost(26, 3, 359412).
cost(26, 4, 596177).
cost(26, 5, 603367).
cost(26, 6, 380581).
cost(26, 7, 157600).
cost(26, 8, 467620).
cost(26, 9, 583248).
cost(26, 10, 650011).
cost(26, 11, 440594).
cost(26, 12, 296128).
cost(26, 13, 513479).
cost(26, 14, 226530).
cost(26, 15, 482348).
cost(26, 16, 309657).
cost(26, 17, 264968).
cost(26, 18, 331236).
cost(26, 19, 209617).
cost(26, 20, 418412).
cost(26, 21, 576408).
cost(26, 22, 515796).
cost(26, 23, 498622).
cost(26, 24, 291469).
cost(26, 25, 39473).
cost(26, 27, 644907).
cost(26, 28, 415393).
cost(26, 29, 444787).
cost(27, 1, 643320).
cost(27, 2, 437449).
cost(27, 3, 310637).
cost(27, 4, 801295).
cost(27, 5, 1248263).
cost(27, 6, 368622).
cost(27, 7, 796582).
cost(27, 8, 898267).
cost(27, 9, 61659).
cost(27, 10, 899221).
cost(27, 11, 419010).
cost(27, 12, 388597).
cost(27, 13, 330374).
cost(27, 14, 765961).
cost(27, 15, 163190).
cost(27, 16, 532544).
cost(27, 17, 521167).
cost(27, 18, 791861).
cost(27, 19, 435423).
cost(27, 20, 884852).
cost(27, 21, 889300).
cost(27, 22, 837283).
cost(27, 23, 245286).
cost(27, 24, 624757).
cost(27, 25, 650009).
cost(27, 26, 644907).
cost(27, 28, 387721).
cost(27, 29, 322712).
cost(28, 1, 309314).
cost(28, 2, 52369).
cost(28, 3, 148664).
cost(28, 4, 422927).
cost(28, 5, 971661).
cost(28, 6, 429843).
cost(28, 7, 567633).
cost(28, 8, 834428).
cost(28, 9, 341333).
cost(28, 10, 943393).
cost(28, 11, 523115).
cost(28, 12, 141712).
cost(28, 13, 104860).
cost(28, 14, 433524).
cost(28, 15, 289058).
cost(28, 16, 519399).
cost(28, 17, 176460).
cost(28, 18, 699682).
cost(28, 19, 266854).
cost(28, 20, 511618).
cost(28, 21, 895805).
cost(28, 22, 833786).
cost(28, 23, 429391).
cost(28, 24, 257035).
cost(28, 25, 397475).
cost(28, 26, 415393).
cost(28, 27, 387721).
cost(28, 29, 65431).
cost(29, 1, 362112).
cost(29, 2, 114956).
cost(29, 3, 123094).
cost(29, 4, 483682).
cost(29, 5, 1018144).
cost(29, 6, 400347).
cost(29, 7, 600694).
cost(29, 8, 839744).
cost(29, 9, 277767).
cost(29, 10, 931397).
cost(29, 11, 491771).
cost(29, 12, 151647).
cost(29, 13, 73684).
cost(29, 14, 487730).
cost(29, 15, 233539).
cost(29, 16, 507707).
cost(29, 17, 228801).
cost(29, 18, 707926).
cost(29, 19, 271482).
cost(29, 20, 575108).
cost(29, 21, 889590).
cost(29, 22, 828397).
cost(29, 23, 381926).
cost(29, 24, 318187).
cost(29, 25, 431785).
cost(29, 26, 444787).
cost(29, 27, 322712).
cost(29, 28, 65431).
