dimension(16).
point(1, 89465.0, 148576.0).
point(2, 47684.0, 278031.0).
point(3, 797589.0, 479775.0).
point(4, 625102.0, 102360.0).
point(5, 65912.0, 298645.0).
point(6, 752407.0, 306362.0).
point(7, 816286.0, 660031.0).
point(8, 736767.0, 708215.0).
point(9, 88339.0, 91915.0).
point(10, 502586.0, 500313.0).
point(11, 905398.0, 708432.0).
point(12, 754793.0, 538274.0).
point(13, 318183.0, 208483.0).
point(14, 757476.0, 342116.0).
point(15, 725504.0, 766724.0).
point(16, 185180.0, 377726.0).
cost(1, 2, 136030).
cost(1, 3, 781750).
cost(1, 4, 537627).
cost(1, 5, 151906).
cost(1, 6, 681461).
cost(1, 7, 888738).
cost(1, 8, 855684).
cost(1, 9, 56672).
cost(1, 10, 542575).
cost(1, 11, 989538).
cost(1, 12, 771055).
cost(1, 13, 236433).
cost(1, 14, 695483).
cost(1, 15, 886934).
cost(1, 16, 248337).
cost(2, 1, 136030).
cost(2, 3, 776568).
cost(2, 4, 603549).
cost(2, 5, 27517).
cost(2, 6, 705292).
cost(2, 7, 858297).
cost(2, 8, 812338).
cost(2, 9, 190505).
cost(2, 10, 506305).
cost(2, 11, 959645).
cost(2, 12, 753478).
cost(2, 13, 279297).
cost(2, 14, 712679).
cost(2, 15, 835620).
cost(2, 16, 169836).
cost(3, 1, 781750).
cost(3, 2, 776568).
cost(3, 4, 414962).
cost(3, 5, 753763).
cost(3, 6, 179202).
cost(3, 7, 181223).
cost(3, 8, 236398).
cost(3, 9, 808375).
cost(3, 10, 295717).
cost(3, 11, 252798).
cost(3, 12, 72482).
cost(3, 13, 550844).
cost(3, 14, 143384).
cost(3, 15, 295865).
cost(3, 16, 620853).
cost(4, 1, 537627).
cost(4, 2, 603549).
cost(4, 3, 414962).
cost(4, 5, 592639).
cost(4, 6, 240465).
cost(4, 7, 589532).
cost(4, 8, 616060).
cost(4, 9, 536865).
cost(4, 10, 416385).
cost(4, 11, 667749).
cost(4, 12, 454798).
cost(4, 13, 324748).
cost(4, 14, 273872).
cost(4, 15, 671908).
cost(4, 16, 518997).
cost(5, 1, 151906).
cost(5, 2, 27517).
cost(5, 3, 753763).
cost(5, 4, 592639).
cost(5, 6, 686538).
cost(5, 7, 832863).
cost(5, 8, 785999).
cost(5, 9, 207943).
cost(5, 10, 480993).
cost(5, 11, 934164).
cost(5, 12, 729369).
cost(5, 13, 267899).
cost(5, 14, 692929).
cost(5, 15, 808801).
cost(5, 16, 143104).
cost(6, 1, 681461).
cost(6, 2, 705292).
cost(6, 3, 179202).
cost(6, 4, 240465).
cost(6, 5, 686538).
cost(6, 7, 359392).
cost(6, 8, 402157).
cost(6, 9, 697835).
cost(6, 10, 316271).
cost(6, 11, 430194).
cost(6, 12, 231924).
cost(6, 13, 445119).
cost(6, 14, 36112).
cost(6, 15, 461147).
cost(6, 16, 571699).
cost(7, 1, 888738).
cost(7, 2, 858297).
cost(7, 3, 181223).
cost(7, 4, 589532).
cost(7, 5, 832863).
cost(7, 6, 359392).
cost(7, 8, 92978).
cost(7, 9, 923397).
cost(7, 10, 352019).
cost(7, 11, 101408).
cost(7, 12, 136404).
cost(7, 13, 672311).
cost(7, 14, 323309).
cost(7, 15, 140088).
cost(7, 16, 691369).
cost(8, 1, 855684).
cost(8, 2, 812338).
cost(8, 3, 236398).
cost(8, 4, 616060).
cost(8, 5, 785999).
cost(8, 6, 402157).
cost(8, 7, 92978).
cost(8, 9, 894586).
cost(8, 10, 313152).
cost(8, 11, 168631).
cost(8, 12, 170894).
cost(8, 13, 651878).
cost(8, 14, 366684).
cost(8, 15, 59583).
cost(8, 16, 643017).
cost(9, 1, 56672).
cost(9, 2, 190505).
cost(9, 3, 808375).
cost(9, 4, 536865).
cost(9, 5, 207943).
cost(9, 6, 697835).
cost(9, 7, 923397).
cost(9, 8, 894586).
cost(9, 10, 581713).
cost(9, 11, 1023562).
cost(9, 12, 802120).
cost(9, 13, 257714).
cost(9, 14, 714384).
cost(9, 15, 928088).
cost(9, 16, 301772).
cost(10, 1, 542575).
cost(10, 2, 506305).
cost(10, 3, 295717).
cost(10, 4, 416385).
cost(10, 5, 480993).
cost(10, 6, 316271).
cost(10, 7, 352019).
cost(10, 8, 313152).
cost(10, 9, 581713).
cost(10, 11, 453399).
cost(10, 12, 255048).
cost(10, 13, 345209).
cost(10, 14, 299992).
cost(10, 15, 347372).
cost(10, 16, 340256).
cost(11, 1, 989538).
cost(11, 2, 959645).
cost(11, 3, 252798).
cost(11, 4, 667749).
cost(11, 5, 934164).
cost(11, 6, 430194).
cost(11, 7, 101408).
cost(11, 8, 168631).
cost(11, 9, 1023562).
cost(11, 10, 453399).
cost(11, 12, 227235).
cost(11, 13, 771214).
cost(11, 14, 395055).
cost(11, 15, 189103).
cost(11, 16, 792515).
cost(12, 1, 771055).
cost(12, 2, 753478).
cost(12, 3, 72482).
cost(12, 4, 454798).
cost(12, 5, 729369).
cost(12, 6, 231924).
cost(12, 7, 136404).
cost(12, 8, 170894).
cost(12, 9, 802120).
cost(12, 10, 255048).
cost(12, 11, 227235).
cost(12, 13, 547166).
cost(12, 14, 196176).
cost(12, 15, 230320).
cost(12, 16, 591806).
cost(13, 1, 236433).
cost(13, 2, 279297).
cost(13, 3, 550844).
cost(13, 4, 324748).
cost(13, 5, 267899).
cost(13, 6, 445119).
cost(13, 7, 672311).
cost(13, 8, 651878).
cost(13, 9, 257714).
cost(13, 10, 345209).
cost(13, 11, 771214).
cost(13, 12, 547166).
cost(13, 14, 459169).
cost(13, 15, 691045).
cost(13, 16, 215251).
cost(14, 1, 695483).
cost(14, 2, 712679).
cost(14, 3, 143384).
cost(14, 4, 273872).
cost(14, 5, 692929).
cost(14, 6, 36112).
cost(14, 7, 323309).
cost(14, 8, 366684).
cost(14, 9, 714384).
cost(14, 10, 299992).
cost(14, 11, 395055).
cost(14, 12, 196176).
cost(14, 13, 459169).
cost(14, 15, 425810).
cost(14, 16, 573403).
cost(15, 1, 886934).
cost(15, 2, 835620).
cost(15, 3, 295865).
cost(15, 4, 671908).
cost(15, 5, 808801).
cost(15, 6, 461147).
cost(15, 7, 140088).
cost(15, 8, 59583).
cost(15, 9, 928088).
cost(15, 10, 347372).
cost(15, 11, 189103).
cost(15, 12, 230320).
cost(15, 13, 691045).
cost(15, 14, 425810).
cost(15, 16, 665785).
cost(16, 1, 248337).
cost(16, 2, 169836).
cost(16, 3, 620853).
cost(16, 4, 518997).
cost(16, 5, 143104).
cost(16, 6, 571699).
cost(16, 7, 691369).
cost(16, 8, 643017).
cost(16, 9, 301772).
cost(16, 10, 340256).
cost(16, 11, 792515).
cost(16, 12, 591806).
cost(16, 13, 215251).
cost(16, 14, 573403).
cost(16, 15, 665785).
