dimension(29).
point(1, 965308.0, 72460.0).
point(2, 550318.0, 64518.0).
point(3, 18452.0, 925821.0).
point(4, 435648.0, 69089.0).
point(5, 272838.0, 722612.0).
point(6, 543771.0, 222308.0).
point(7, 93038.0, 247166.0).
point(8, 346075.0, 761537.0).
point(9, 508910.0, 893411.0).
point(10, 845526.0, 948080.0).
point(11, 635982.0, 84904.0).
point(12, 411875.0, 202216.0).
point(13, 739250.0, 428960.0).
point(14, 916426.0, 832239.0).
point(15, 219138.0, 823400.0).
point(16, 625833.0, 655598.0).
point(17, 459991.0, 607948.0).
point(18, 695825.0, 16556.0).
point(19, 513399.0, 764052.0).
point(20, 242191.0, 121018.0).
point(21, 129443.0, 700445.0).
point(22, 408173.0, 905081.0).
point(23, 147908.0, 401768.0).
point(24, 206672.0, 597973.0).
point(25, 695049.0, 308736.0).
point(26, 342696.0, 187914.0).
point(27, 956115.0, 779380.0).
point(28, 806842.0, 309709.0).
point(29, 612468.0, 942370.0).
cost(1, 2, 415066).
cost(1, 3, 1274661).
cost(1, 4, 529671).
cost(1, 5, 949849).
cost(1, 6, 447379).
cost(1, 7, 889594).
cost(1, 8, 926432).
cost(1, 9, 939287).
cost(1, 10, 883775).
cost(1, 11, 329561).
cost(1, 12, 568441).
cost(1, 13, 422131).
cost(1, 14, 761350).
cost(1, 15, 1058622).
cost(1, 16, 674754).
cost(1, 17, 736269).
cost(1, 18, 275221).
cost(1, 19, 826148).
cost(1, 20, 724746).
cost(1, 21, 1045483).
cost(1, 22, 1001827).
cost(1, 23, 881241).
cost(1, 24, 922872).
cost(1, 25, 358979).
cost(1, 26, 633226).
cost(1, 27, 706980).
cost(1, 28, 285304).
cost(1, 29, 938744).
cost(2, 1, 415066).
cost(2, 3, 1012287).
cost(2, 4, 114761).
cost(2, 5, 714201).
cost(2, 6, 157926).
cost(2, 7, 492408).
cost(2, 8, 726327).
cost(2, 9, 829927).
cost(2, 10, 931574).
cost(2, 11, 88056).
cost(2, 12, 195262).
cost(2, 13, 410504).
cost(2, 14, 850547).
cost(2, 15, 827999).
cost(2, 16, 595884).
cost(2, 17, 550886).
cost(2, 18, 153208).
cost(2, 19, 700508).
cost(2, 20, 313264).
cost(2, 21, 762587).
cost(2, 22, 852497).
cost(2, 23, 525044).
cost(2, 24, 634560).
cost(2, 25, 283883).
cost(2, 26, 241523).
cost(2, 27, 822009).
cost(2, 28, 354857).
cost(2, 29, 880049).
cost(3, 1, 1274661).
cost(3, 2, 1012287).
cost(3, 4, 952912).
cost(3, 5, 325586).
cost(3, 6, 878004).
cost(3, 7, 682741).
cost(3, 8, 366505).
cost(3, 9, 491528).
cost(3, 10, 827373).
cost(3, 11, 1043305).
cost(3, 12, 823642).
cost(3, 13, 875455).
cost(3, 14, 902837).
cost(3, 15, 225311).
cost(3, 16, 664780).
cost(3, 17, 544059).
cost(3, 18, 1133842).
cost(3, 19, 520713).
cost(3, 20, 835324).
cost(3, 21, 251224).
cost(3, 22, 390272).
cost(3, 23, 539806).
cost(3, 24, 378036).
cost(3, 25, 915739).
cost(3, 26, 806003).
cost(3, 27, 949029).
cost(3, 28, 1000576).
cost(3, 29, 594246).
cost(4, 1, 529671).
cost(4, 2, 114761).
cost(4, 3, 952912).
cost(4, 5, 673498).
cost(4, 6, 187528).
cost(4, 7, 386126).
cost(4, 8, 698217).
cost(4, 9, 827571).
cost(4, 10, 969858).
cost(4, 11, 200957).
cost(4, 12, 135233).
cost(4, 13, 470830).
cost(4, 14, 901968).
cost(4, 15, 784769).
cost(4, 16, 616574).
cost(4, 17, 539409).
cost(4, 18, 265428).
cost(4, 19, 699299).
cost(4, 20, 200305).
cost(4, 21, 701692).
cost(4, 22, 836443).
cost(4, 23, 439852).
cost(4, 24, 576323).
cost(4, 25, 353157).
cost(4, 26, 150862).
cost(4, 27, 880568).
cost(4, 28, 442361).
cost(4, 29, 891002).
cost(5, 1, 949849).
cost(5, 2, 714201).
cost(5, 3, 325586).
cost(5, 4, 673498).
cost(5, 6, 568954).
cost(5, 7, 508308).
cost(5, 8, 82939).
cost(5, 9, 291380).
cost(5, 10, 615473).
cost(5, 11, 733856).
cost(5, 12, 538650).
cost(5, 13, 551155).
cost(5, 14, 652858).
cost(5, 15, 114201).
cost(5, 16, 359300).
cost(5, 17, 219486).
cost(5, 18, 823063).
cost(5, 19, 244104).
cost(5, 20, 602374).
cost(5, 21, 145098).
cost(5, 22, 227179).
cost(5, 23, 344309).
cost(5, 24, 141113).
cost(5, 25, 591232).
cost(5, 26, 539242).
cost(5, 27, 685631).
cost(5, 28, 675018).
cost(5, 29, 404527).
cost(6, 1, 447379).
cost(6, 2, 157926).
cost(6, 3, 878004).
cost(6, 4, 187528).
cost(6, 5, 568954).
cost(6, 7, 451418).
cost(6, 8, 574327).
cost(6, 9, 672008).
cost(6, 10, 786003).
cost(6, 11, 165477).
cost(6, 12, 133418).
cost(6, 13, 284459).
cost(6, 14, 714764).
cost(6, 15, 683153).
cost(6, 16, 440993).
cost(6, 17, 394636).
cost(6, 18, 255840).
cost(6, 19, 542595).
cost(6, 20, 318135).
cost(6, 21, 632679).
cost(6, 22, 696108).
cost(6, 23, 434642).
cost(6, 24, 504737).
cost(6, 25, 174226).
cost(6, 26, 203995).
cost(6, 27, 693078).
cost(6, 28, 277210).
cost(6, 29, 723332).
cost(7, 1, 889594).
cost(7, 2, 492408).
cost(7, 3, 682741).
cost(7, 4, 386126).
cost(7, 5, 508308).
cost(7, 6, 451418).
cost(7, 8, 573241).
cost(7, 9, 768493).
cost(7, 10, 1028357).
cost(7, 11, 566672).
cost(7, 12, 321990).
cost(7, 13, 671297).
cost(7, 14, 1010088).
cost(7, 15, 589870).
cost(7, 16, 671332).
cost(7, 17, 514605).
cost(7, 18, 645394).
cost(7, 19, 666239).
cost(7, 20, 195346).
cost(7, 21, 454739).
cost(7, 22, 729494).
cost(7, 23, 164050).
cost(7, 24, 368752).
cost(7, 25, 605151).
cost(7, 26, 256593).
cost(7, 27, 1013979).
cost(7, 28, 716539).
cost(7, 29, 867823).
cost(8, 1, 926432).
cost(8, 2, 726327).
cost(8, 3, 366505).
cost(8, 4, 698217).
cost(8, 5, 82939).
cost(8, 6, 574327).
cost(8, 7, 573241).
cost(8, 9, 209538).
cost(8, 10, 533151).
cost(8, 11, 736124).
cost(8, 12, 563178).
cost(8, 13, 514970).
cost(8, 14, 574716).
cost(8, 15, 141209).
cost(8, 16, 299145).
cost(8, 17, 191224).
cost(8, 18, 822996).
cost(8, 19, 167343).
cost(8, 20, 648889).
cost(8, 21, 225081).
cost(8, 22, 156400).
cost(8, 23, 410736).
cost(8, 24, 214910).
cost(8, 25, 571674).
cost(8, 26, 573633).
cost(8, 27, 610301).
cost(8, 28, 645333).
cost(8, 29, 321972).
cost(9, 1, 939287).
cost(9, 2, 829927).
cost(9, 3, 491528).
cost(9, 4, 827571).
cost(9, 5, 291380).
cost(9, 6, 672008).
cost(9, 7, 768493).
cost(9, 8, 209538).
cost(9, 10, 341026).
cost(9, 11, 818432).
cost(9, 12, 697973).
cost(9, 13, 518432).
cost(9, 14, 412082).
cost(9, 15, 298110).
cost(9, 16, 265002).
cost(9, 17, 289624).
cost(9, 18, 896556).
cost(9, 19, 129437).
cost(9, 20, 817147).
cost(9, 21, 425712).
cost(9, 22, 101411).
cost(9, 23, 609947).
cost(9, 24, 422648).
cost(9, 25, 613590).
cost(9, 26, 724812).
cost(9, 27, 461514).
cost(9, 28, 655341).
cost(9, 29, 114548).
cost(10, 1, 883775).
cost(10, 2, 931574).
cost(10, 3, 827373).
cost(10, 4, 969858).
cost(10, 5, 615473).
cost(10, 6, 786003).
cost(10, 7, 1028357).
cost(10, 8, 533151).
cost(10, 9, 341026).
cost(10, 11, 888246).
cost(10, 12, 862767).
cost(10, 13, 529887).
cost(10, 14, 135816).
cost(10, 15, 638676).
cost(10, 16, 365801).
cost(10, 17, 514127).
cost(10, 18, 943476).
cost(10, 19, 379703).
cost(10, 20, 1023741).
cost(10, 21, 757693).
cost(10, 22, 439462).
cost(10, 23, 886074).
cost(10, 24, 728498).
cost(10, 25, 656814).
cost(10, 26, 911422).
cost(10, 27, 201717).
cost(10, 28, 639542).
cost(10, 29, 233128).
cost(11, 1, 329561).
cost(11, 2, 88056).
cost(11, 3, 1043305).
cost(11, 4, 200957).
cost(11, 5, 733856).
cost(11, 6, 165477).
cost(11, 7, 566672).
cost(11, 8, 736124).
cost(11, 9, 818432).
cost(11, 10, 888246).
cost(11, 12, 252955).
cost(11, 13, 359220).
cost(11, 14, 798222).
cost(11, 15, 848018).
cost(11, 16, 570784).
cost(11, 17, 551859).
cost(11, 18, 90844).
cost(11, 19, 690122).
cost(11, 20, 395444).
cost(11, 21, 797165).
cost(11, 22, 851227).
cost(11, 23, 581910).
cost(11, 24, 668989).
cost(11, 25, 231494).
cost(11, 26, 310850).
cost(11, 27, 764710).
cost(11, 28, 282366).
cost(11, 29, 857788).
cost(12, 1, 568441).
cost(12, 2, 195262).
cost(12, 3, 823642).
cost(12, 4, 135233).
cost(12, 5, 538650).
cost(12, 6, 133418).
cost(12, 7, 321990).
cost(12, 8, 563178).
cost(12, 9, 697973).
cost(12, 10, 862767).
cost(12, 11, 252955).
cost(12, 13, 398230).
cost(12, 14, 807156).
cost(12, 15, 650398).
cost(12, 16, 501331).
cost(12, 17, 408575).
cost(12, 18, 339260).
cost(12, 19, 570935).
cost(12, 20, 188111).
cost(12, 21, 572713).
cost(12, 22, 702875).
cost(12, 23, 330907).
cost(12, 24, 445794).
cost(12, 25, 302546).
cost(12, 26, 70642).
cost(12, 27, 793294).
cost(12, 28, 409333).
cost(12, 29, 766854).
cost(13, 1, 422131).
cost(13, 2, 410504).
cost(13, 3, 875455).
cost(13, 4, 470830).
cost(13, 5, 551155).
cost(13, 6, 284459).
cost(13, 7, 671297).
cost(13, 8, 514970).
cost(13, 9, 518432).
cost(13, 10, 529887).
cost(13, 11, 359220).
cost(13, 12, 398230).
cost(13, 14, 440483).
cost(13, 15, 652763).
cost(13, 16, 253433).
cost(13, 17, 331696).
cost(13, 18, 414684).
cost(13, 19, 404098).
cost(13, 20, 584719).
cost(13, 21, 667509).
cost(13, 22, 579917).
cost(13, 23, 591967).
cost(13, 24, 558753).
cost(13, 25, 128092).
cost(13, 26, 464067).
cost(13, 27, 412098).
cost(13, 28, 137075).
cost(13, 29, 528832).
cost(14, 1, 761350).
cost(14, 2, 850547).
cost(14, 3, 902837).
cost(14, 4, 901968).
cost(14, 5, 652858).
cost(14, 6, 714764).
cost(14, 7, 1010088).
cost(14, 8, 574716).
cost(14, 9, 412082).
cost(14, 10, 135816).
cost(14, 11, 798222).
cost(14, 12, 807156).
cost(14, 13, 440483).
cost(14, 15, 697344).
cost(14, 16, 340068).
cost(14, 17, 508566).
cost(14, 18, 844987).
cost(14, 19, 408754).
cost(14, 20, 980014).
cost(14, 21, 797942).
cost(14, 22, 513446).
cost(14, 23, 880866).
cost(14, 24, 747416).
cost(14, 25, 568386).
cost(14, 26, 862740).
cost(14, 27, 66101).
cost(14, 28, 533897).
cost(14, 29, 323294).
cost(15, 1, 1058622).
cost(15, 2, 827999).
cost(15, 3, 225311).
cost(15, 4, 784769).
cost(15, 5, 114201).
cost(15, 6, 683153).
cost(15, 7, 589870).
cost(15, 8, 141209).
cost(15, 9, 298110).
cost(15, 10, 638676).
cost(15, 11, 848018).
cost(15, 12, 650398).
cost(15, 13, 652763).
cost(15, 14, 697344).
cost(15, 16, 439953).
cost(15, 17, 323156).
cost(15, 18, 937138).
cost(15, 19, 300186).
cost(15, 20, 702760).
cost(15, 21, 152194).
cost(15, 22, 205927).
cost(15, 23, 427606).
cost(15, 24, 225771).
cost(15, 25, 700978).
cost(15, 26, 647386).
cost(15, 27, 738290).
cost(15, 28, 780560).
cost(15, 29, 410929).
cost(16, 1, 674754).
cost(16, 2, 595884).
cost(16, 3, 664780).
cost(16, 4, 616574).
cost(16, 5, 359300).
cost(16, 6, 440993).
cost(16, 7, 671332).
cost(16, 8, 299145).
cost(16, 9, 265002).
cost(16, 10, 365801).
cost(16, 11, 570784).
cost(16, 12, 501331).
cost(16, 13, 253433).
cost(16, 14, 340068).
cost(16, 15, 439953).
cost(16, 17, 172552).
cost(16, 18, 642864).
cost(16, 19, 156217).
cost(16, 20, 657995).
cost(16, 21, 498412).
cost(16, 22, 331086).
cost(16, 23, 541149).
cost(16, 24, 423104).
cost(16, 25, 353701).
cost(16, 26, 546713).
cost(16, 27, 352715).
cost(16, 28, 390389).
cost(16, 29, 287083).
cost(17, 1, 736269).
cost(17, 2, 550886).
cost(17, 3, 544059).
cost(17, 4, 539409).
cost(17, 5, 219486).
cost(17, 6, 394636).
cost(17, 7, 514605).
cost(17, 8, 191224).
cost(17, 9, 289624).
cost(17, 10, 514127).
cost(17, 11, 551859).
cost(17, 12, 408575).
cost(17, 13, 331696).
cost(17, 14, 508566).
cost(17, 15, 323156).
cost(17, 16, 172552).
cost(17, 18, 636681).
cost(17, 19, 164987).
cost(17, 20, 533421).
cost(17, 21, 343246).
cost(17, 22, 301618).
cost(17, 23, 374040).
cost(17, 24, 253515).
cost(17, 25, 380500).
cost(17, 26, 436104).
cost(17, 27, 524908).
cost(17, 28, 457441).
cost(17, 29, 367542).
cost(18, 1, 275221).
cost(18, 2, 153208).
cost(18, 3, 1133842).
cost(18, 4, 265428).
cost(18, 5, 823063).
cost(18, 6, 255840).
cost(18, 7, 645394).
cost(18, 8, 822996).
cost(18, 9, 896556).
cost(18, 10, 943476).
cost(18, 11, 90844).
cost(18, 12, 339260).
cost(18, 13, 414684).
cost(18, 14, 844987).
cost(18, 15, 937138).
cost(18, 16, 642864).
cost(18, 17, 636681).
cost(18, 19, 769435).
cost(18, 20, 465506).
cost(18, 21, 887971).
cost(18, 22, 933927).
cost(18, 23, 669777).
cost(18, 24, 759813).
cost(18, 25, 292181).
cost(18, 26, 392509).
cost(18, 27, 806010).
cost(18, 28, 313470).
cost(18, 29, 929559).
cost(19, 1, 826148).
cost(19, 2, 700508).
cost(19, 3, 520713).
cost(19, 4, 699299).
cost(19, 5, 244104).
cost(19, 6, 542595).
cost(19, 7, 666239).
cost(19, 8, 167343).
cost(19, 9, 129437).
cost(19, 10, 379703).
cost(19, 11, 690122).
cost(19, 12, 570935).
cost(19, 13, 404098).
cost(19, 14, 408754).
cost(19, 15, 300186).
cost(19, 16, 156217).
cost(19, 17, 164987).
cost(19, 18, 769435).
cost(19, 20, 697887).
cost(19, 21, 389189).
cost(19, 22, 175959).
cost(19, 23, 514620).
cost(19, 24, 348803).
cost(19, 25, 490214).
cost(19, 26, 600895).
cost(19, 27, 442981).
cost(19, 28, 540866).
cost(19, 29, 203990).
cost(20, 1, 724746).
cost(20, 2, 313264).
cost(20, 3, 835324).
cost(20, 4, 200305).
cost(20, 5, 602374).
cost(20, 6, 318135).
cost(20, 7, 195346).
cost(20, 8, 648889).
cost(20, 9, 817147).
cost(20, 10, 1023741).
cost(20, 11, 395444).
cost(20, 12, 188111).
cost(20, 13, 584719).
cost(20, 14, 980014).
cost(20, 15, 702760).
cost(20, 16, 657995).
cost(20, 17, 533421).
cost(20, 18, 465506).
cost(20, 19, 697887).
cost(20, 21, 590295).
cost(20, 22, 801439).
cost(20, 23, 296158).
cost(20, 24, 478276).
cost(20, 25, 490223).
cost(20, 26, 120732).
cost(20, 27, 971148).
cost(20, 28, 595344).
cost(20, 29, 900957).
cost(21, 1, 1045483).
cost(21, 2, 762587).
cost(21, 3, 251224).
cost(21, 4, 701692).
cost(21, 5, 145098).
cost(21, 6, 632679).
cost(21, 7, 454739).
cost(21, 8, 225081).
cost(21, 9, 425712).
cost(21, 10, 757693).
cost(21, 11, 797165).
cost(21, 12, 572713).
cost(21, 13, 667509).
cost(21, 14, 797942).
cost(21, 15, 152194).
cost(21, 16, 498412).
cost(21, 17, 343246).
cost(21, 18, 887971).
cost(21, 19, 389189).
cost(21, 20, 590295).
cost(21, 22, 345784).
cost(21, 23, 299247).
cost(21, 24, 128315).
cost(21, 25, 688002).
cost(21, 26, 555126).
cost(21, 27, 830432).
cost(21, 28, 782013).
cost(21, 29, 540223).
cost(22, 1, 1001827).
cost(22, 2, 852497).
cost(22, 3, 390272).
cost(22, 4, 836443).
cost(22, 5, 227179).
cost(22, 6, 696108).
cost(22, 7, 729494).
cost(22, 8, 156400).
cost(22, 9, 101411).
cost(22, 10, 439462).
cost(22, 11, 851227).
cost(22, 12, 702875).
cost(22, 13, 579917).
cost(22, 14, 513446).
cost(22, 15, 205927).
cost(22, 16, 331086).
cost(22, 17, 301618).
cost(22, 18, 933927).
cost(22, 19, 175959).
cost(22, 20, 801439).
cost(22, 21, 345784).
cost(22, 23, 566623).
cost(22, 24, 367312).
cost(22, 25, 661759).
cost(22, 26, 720150).
cost(22, 27, 562175).
cost(22, 28, 716523).
cost(22, 29, 207670).
cost(23, 1, 881241).
cost(23, 2, 525044).
cost(23, 3, 539806).
cost(23, 4, 439852).
cost(23, 5, 344309).
cost(23, 6, 434642).
cost(23, 7, 164050).
cost(23, 8, 410736).
cost(23, 9, 609947).
cost(23, 10, 886074).
cost(23, 11, 581910).
cost(23, 12, 330907).
cost(23, 13, 591967).
cost(23, 14, 880866).
cost(23, 15, 427606).
cost(23, 16, 541149).
cost(23, 17, 374040).
cost(23, 18, 669777).
cost(23, 19, 514620).
cost(23, 20, 296158).
cost(23, 21, 299247).
cost(23, 22, 566623).
cost(23, 24, 204816).
cost(23, 25, 554994).
cost(23, 26, 289268).
cost(23, 27, 892070).
cost(23, 28, 665334).
cost(23, 29, 712788).
cost(24, 1, 922872).
cost(24, 2, 634560).
cost(24, 3, 378036).
cost(24, 4, 576323).
cost(24, 5, 141113).
cost(24, 6, 504737).
cost(24, 7, 368752).
cost(24, 8, 214910).
cost(24, 9, 422648).
cost(24, 10, 728498).
cost(24, 11, 668989).
cost(24, 12, 445794).
cost(24, 13, 558753).
cost(24, 14, 747416).
cost(24, 15, 225771).
cost(24, 16, 423104).
cost(24, 17, 253515).
cost(24, 18, 759813).
cost(24, 19, 348803).
cost(24, 20, 478276).
cost(24, 21, 128315).
cost(24, 22, 367312).
cost(24, 23, 204816).
cost(24, 25, 567600).
cost(24, 26, 432031).
cost(24, 27, 771086).
cost(24, 28, 665808).
cost(24, 29, 532240).
cost(25, 1, 358979).
cost(25, 2, 283883).
cost(25, 3, 915739).
cost(25, 4, 353157).
cost(25, 5, 591232).
cost(25, 6, 174226).
cost(25, 7, 605151).
cost(25, 8, 571674).
cost(25, 9, 613590).
cost(25, 10, 656814).
cost(25, 11, 231494).
cost(25, 12, 302546).
cost(25, 13, 128092).
cost(25, 14, 568386).
cost(25, 15, 700978).
cost(25, 16, 353701).
cost(25, 17, 380500).
cost(25, 18, 292181).
cost(25, 19, 490214).
cost(25, 20, 490223).
cost(25, 21, 688002).
cost(25, 22, 661759).
cost(25, 23, 554994).
cost(25, 24, 567600).
cost(25, 26, 372492).
cost(25, 27, 538202).
cost(25, 28, 111797).
cost(25, 29, 638993).
cost(26, 1, 633226).
cost(26, 2, 241523).
cost(26, 3, 806003).
cost(26, 4, 150862).
cost(26, 5, 539242).
cost(26, 6, 203995).
cost(26, 7, 256593).
cost(26, 8, 573633).
cost(26, 9, 724812).
cost(26, 10, 911422).
cost(26, 11, 310850).
cost(26, 12, 70642).
cost(26, 13, 464067).
cost(26, 14, 862740).
cost(26, 15, 647386).
cost(26, 16, 546713).
cost(26, 17, 436104).
cost(26, 18, 392509).
cost(26, 19, 600895).
cost(26, 20, 120732).
cost(26, 21, 555126).
cost(26, 22, 720150).
cost(26, 23, 289268).
cost(26, 24, 432031).
cost(26, 25, 372492).
cost(26, 27, 852124).
cost(26, 28, 479860).
cost(26, 29, 801237).
cost(27, 1, 706980).
cost(27, 2, 822009).
cost(27, 3, 949029).
cost(27, 4, 880568).
cost(27, 5, 685631).
cost(27, 6, 693078).
cost(27, 7, 1013979).
cost(27, 8, 610301).
cost(27, 9, 461514).
cost(27, 10, 201717).
cost(27, 11, 764710).
cost(27, 12, 793294).
cost(27, 13, 412098).
cost(27, 14, 66101).
cost(27, 15, 738290).
cost(27, 16, 352715).
cost(27, 17, 524908).
cost(27, 18, 806010).
cost(27, 19, 442981).
cost(27, 20, 971148).
cost(27, 21, 830432).
cost(27, 22, 562175).
cost(27, 23, 892070).
cost(27, 24, 771086).
cost(27, 25, 538202).
cost(27, 26, 852124).
cost(27, 28, 492822).
cost(27, 29, 380341).
cost(28, 1, 285304).
cost(28, 2, 354857).
cost(28, 3, 1000576).
cost(28, 4, 442361).
cost(28, 5, 675018).
cost(28, 6, 277210).
cost(28, 7, 716539).
cost(28, 8, 645333).
cost(28, 9, 655341).
cost(28, 10, 639542).
cost(28, 11, 282366).
cost(28, 12, 409333).
cost(28, 13, 137075).
cost(28, 14, 533897).
cost(28, 15, 780560).
cost(28, 16, 390389).
cost(28, 17, 457441).
cost(28, 18, 313470).
cost(28, 19, 540866).
cost(28, 20, 595344).
cost(28, 21, 782013).
cost(28, 22, 716523).
cost(28, 23, 665334).
cost(28, 24, 665808).
cost(28, 25, 111797).
cost(28, 26, 479860).
cost(28, 27, 492822).
cost(28, 29, 661847).
cost(29, 1, 938744).
cost(29, 2, 880049).
cost(29, 3, 594246).
cost(29, 4, 891002).
cost(29, 5, 404527).
cost(29, 6, 723332).
cost(29, 7, 867823).
cost(29, 8, 321972).
cost(29, 9, 114548).
cost(29, 10, 233128).
cost(29, 11, 857788).
cost(29, 12, 766854).
cost(29, 13, 528832).
cost(29, 14, 323294).
cost(29, 15, 410929).
cost(29, 16, 287083).
cost(29, 17, 367542).
cost(29, 18, 929559).
cost(29, 19, 203990).
cost(29, 20, 900957).
cost(29, 21, 540223).
cost(29, 22, 207670).
cost(29, 23, 712788).
cost(29, 24, 532240).
cost(29, 25, 638993).
cost(29, 26, 801237).
cost(29, 27, 380341).
cost(29, 28, 661847).
nocross(1,2).
nocross(1,11).
nocross(1,18).
nocross(1,26).
nocross(2,1).
nocross(2,4).
nocross(2,6).
nocross(2,11).
nocross(2,12).
nocross(2,26).
nocross(3,5).
nocross(3,9).
nocross(3,15).
nocross(3,21).
nocross(3,22).
nocross(4,2).
nocross(4,6).
nocross(4,11).
nocross(4,12).
nocross(4,26).
nocross(5,15).
nocross(5,21).
nocross(5,22).
nocross(6,1).
nocross(6,4).
nocross(6,12).
nocross(6,26).
nocross(7,20).
nocross(7,23).
nocross(7,26).
nocross(8,5).
nocross(8,15).
nocross(8,17).
nocross(8,19).
nocross(8,22).
nocross(9,5).
nocross(9,15).
nocross(9,22).
nocross(10,9).
nocross(10,14).
nocross(10,22).
nocross(10,29).
nocross(11,1).
nocross(11,2).
nocross(11,6).
nocross(11,12).
nocross(11,26).
nocross(12,2).
nocross(12,4).
nocross(12,11).
nocross(12,26).
nocross(13,16).
nocross(13,27).
nocross(13,28).
nocross(14,27).
nocross(15,5).
nocross(15,8).
nocross(15,9).
nocross(15,22).
nocross(15,24).
nocross(16,1).
nocross(16,9).
nocross(16,10).
nocross(16,17).
nocross(16,19).
nocross(16,27).
nocross(16,29).
nocross(17,5).
nocross(17,8).
nocross(17,9).
nocross(17,10).
nocross(17,16).
nocross(17,19).
nocross(17,22).
nocross(17,23).
nocross(17,29).
nocross(18,1).
nocross(18,2).
nocross(18,12).
nocross(18,26).
nocross(19,5).
nocross(19,8).
nocross(19,9).
nocross(19,16).
nocross(19,17).
nocross(19,22).
nocross(19,29).
nocross(20,2).
nocross(20,4).
nocross(20,12).
nocross(20,26).
nocross(21,5).
nocross(21,8).
nocross(21,15).
nocross(21,23).
nocross(21,24).
nocross(22,5).
nocross(22,8).
nocross(22,9).
nocross(22,15).
nocross(22,17).
nocross(22,19).
nocross(22,29).
nocross(23,7).
nocross(23,12).
nocross(23,24).
nocross(23,26).
nocross(24,5).
nocross(24,8).
nocross(24,15).
nocross(24,17).
nocross(24,19).
nocross(24,21).
nocross(24,23).
nocross(25,1).
nocross(25,2).
nocross(25,11).
nocross(25,12).
nocross(26,4).
nocross(26,12).
nocross(26,23).
nocross(27,14).
nocross(28,1).
nocross(28,2).
nocross(28,6).
nocross(28,11).
nocross(28,13).
nocross(28,18).
nocross(29,9).
nocross(29,22).
