dimension(22).
point(1, 408254.0, 874445.0).
point(2, 323414.0, 221874.0).
point(3, 181362.0, 910628.0).
point(4, 105789.0, 683792.0).
point(5, 682747.0, 524449.0).
point(6, 914679.0, 705071.0).
point(7, 823257.0, 647814.0).
point(8, 929527.0, 111187.0).
point(9, 983450.0, 801863.0).
point(10, 235855.0, 40939.0).
point(11, 114943.0, 748954.0).
point(12, 21508.0, 577430.0).
point(13, 546242.0, 592557.0).
point(14, 856071.0, 72019.0).
point(15, 230455.0, 722642.0).
point(16, 731338.0, 161603.0).
point(17, 256737.0, 171811.0).
point(18, 202973.0, 555125.0).
point(19, 36952.0, 293674.0).
point(20, 889846.0, 171763.0).
point(21, 729520.0, 167533.0).
point(22, 351338.0, 293944.0).
cost(1, 2, 658063).
cost(1, 3, 229759).
cost(1, 4, 357538).
cost(1, 5, 444796).
cost(1, 6, 533998).
cost(1, 7, 472852).
cost(1, 8, 924277).
cost(1, 9, 579757).
cost(1, 10, 851148).
cost(1, 11, 319029).
cost(1, 12, 487638).
cost(1, 13, 313850).
cost(1, 14, 918927).
cost(1, 15, 233788).
cost(1, 16, 782641).
cost(1, 17, 718785).
cost(1, 18, 379612).
cost(1, 19, 689319).
cost(1, 20, 851876).
cost(1, 21, 776490).
cost(1, 22, 583285).
cost(2, 1, 658063).
cost(2, 3, 703250).
cost(2, 4, 510616).
cost(2, 5, 469757).
cost(2, 6, 763593).
cost(2, 7, 656710).
cost(2, 8, 616137).
cost(2, 9, 878655).
cost(2, 10, 201008).
cost(2, 11, 566810).
cost(2, 12, 466441).
cost(2, 13, 432502).
cost(2, 14, 553335).
cost(2, 15, 509323).
cost(2, 16, 412352).
cost(2, 17, 83379).
cost(2, 18, 354348).
cost(2, 19, 295323).
cost(2, 20, 568644).
cost(2, 21, 409726).
cost(2, 22, 77291).
cost(3, 1, 229759).
cost(3, 2, 703250).
cost(3, 4, 239094).
cost(3, 5, 632867).
cost(3, 6, 761582).
cost(3, 7, 693614).
cost(3, 8, 1094923).
cost(3, 9, 809429).
cost(3, 10, 871395).
cost(3, 11, 174785).
cost(3, 12, 369559).
cost(3, 13, 484052).
cost(3, 14, 1076335).
cost(3, 15, 194291).
cost(3, 16, 929253).
cost(3, 17, 742652).
cost(3, 18, 356159).
cost(3, 19, 633630).
cost(3, 20, 1023656).
cost(3, 21, 923400).
cost(3, 22, 639680).
cost(4, 1, 357538).
cost(4, 2, 510616).
cost(4, 3, 239094).
cost(4, 5, 598557).
cost(4, 6, 809170).
cost(4, 7, 718370).
cost(4, 8, 1003205).
cost(4, 9, 885567).
cost(4, 10, 655879).
cost(4, 11, 65802).
cost(4, 12, 135706).
cost(4, 13, 449803).
cost(4, 14, 968085).
cost(4, 15, 130579).
cost(4, 16, 814858).
cost(4, 17, 533769).
cost(4, 18, 161245).
cost(4, 19, 396145).
cost(4, 20, 936440).
cost(4, 21, 809669).
cost(4, 22, 460734).
cost(5, 1, 444796).
cost(5, 2, 469757).
cost(5, 3, 632867).
cost(5, 4, 598557).
cost(5, 6, 293967).
cost(5, 7, 186981).
cost(5, 8, 481338).
cost(5, 9, 409122).
cost(5, 10, 658403).
cost(5, 11, 610577).
cost(5, 12, 663358).
cost(5, 13, 152553).
cost(5, 14, 484494).
cost(5, 15, 493810).
cost(5, 16, 366085).
cost(5, 17, 553026).
cost(5, 18, 480754).
cost(5, 19, 685790).
cost(5, 20, 408996).
cost(5, 21, 359968).
cost(5, 22, 403689).
cost(6, 1, 533998).
cost(6, 2, 763593).
cost(6, 3, 761582).
cost(6, 4, 809170).
cost(6, 5, 293967).
cost(6, 7, 107872).
cost(6, 8, 594070).
cost(6, 9, 118736).
cost(6, 10, 949670).
cost(6, 11, 800939).
cost(6, 12, 902245).
cost(6, 13, 385234).
cost(6, 14, 635759).
cost(6, 15, 684450).
cost(6, 16, 573560).
cost(6, 17, 846908).
cost(6, 18, 727330).
cost(6, 19, 969357).
cost(6, 20, 533886).
cost(6, 21, 568534).
cost(6, 22, 697408).
cost(7, 1, 472852).
cost(7, 2, 656710).
cost(7, 3, 693614).
cost(7, 4, 718370).
cost(7, 5, 186981).
cost(7, 6, 107872).
cost(7, 8, 547048).
cost(7, 9, 222245).
cost(7, 10, 844594).
cost(7, 11, 715498).
cost(7, 12, 804833).
cost(7, 13, 282472).
cost(7, 14, 576729).
cost(7, 15, 597506).
cost(7, 16, 494823).
cost(7, 17, 739948).
cost(7, 18, 627171).
cost(7, 19, 862375).
cost(7, 20, 480686).
cost(7, 21, 489343).
cost(7, 22, 589857).
cost(8, 1, 924277).
cost(8, 2, 616137).
cost(8, 3, 1094923).
cost(8, 4, 1003205).
cost(8, 5, 481338).
cost(8, 6, 594070).
cost(8, 7, 547048).
cost(8, 9, 692778).
cost(8, 10, 697220).
cost(8, 11, 1034550).
cost(8, 12, 1020726).
cost(8, 13, 615325).
cost(8, 14, 83246).
cost(8, 15, 928751).
cost(8, 16, 204501).
cost(8, 17, 675516).
cost(8, 18, 851447).
cost(8, 19, 911039).
cost(8, 20, 72416).
cost(8, 21, 207792).
cost(8, 22, 606385).
cost(9, 1, 579757).
cost(9, 2, 878655).
cost(9, 3, 809429).
cost(9, 4, 885567).
cost(9, 5, 409122).
cost(9, 6, 118736).
cost(9, 7, 222245).
cost(9, 8, 692778).
cost(9, 10, 1066726).
cost(9, 11, 870117).
cost(9, 12, 987777).
cost(9, 13, 484727).
cost(9, 14, 740876).
cost(9, 15, 757151).
cost(9, 16, 688109).
cost(9, 17, 961809).
cost(9, 18, 818550).
cost(9, 19, 1074297).
cost(9, 20, 637015).
cost(9, 21, 683268).
cost(9, 22, 810893).
cost(10, 1, 851148).
cost(10, 2, 201008).
cost(10, 3, 871395).
cost(10, 4, 655879).
cost(10, 5, 658403).
cost(10, 6, 949670).
cost(10, 7, 844594).
cost(10, 8, 697220).
cost(10, 9, 1066726).
cost(10, 11, 718265).
cost(10, 12, 577726).
cost(10, 13, 632947).
cost(10, 14, 620994).
cost(10, 15, 681724).
cost(10, 16, 509964).
cost(10, 17, 132528).
cost(10, 18, 515236).
cost(10, 19, 321617).
cost(10, 20, 666948).
cost(10, 21, 509638).
cost(10, 22, 278115).
cost(11, 1, 319029).
cost(11, 2, 566810).
cost(11, 3, 174785).
cost(11, 4, 65802).
cost(11, 5, 610577).
cost(11, 6, 800939).
cost(11, 7, 715498).
cost(11, 8, 1034550).
cost(11, 9, 870117).
cost(11, 10, 718265).
cost(11, 12, 195322).
cost(11, 13, 458780).
cost(11, 14, 1003749).
cost(11, 15, 118471).
cost(11, 16, 851425).
cost(11, 17, 594306).
cost(11, 18, 212883).
cost(11, 19, 461912).
cost(11, 20, 966242).
cost(11, 21, 846023).
cost(11, 22, 512754).
cost(12, 1, 487638).
cost(12, 2, 466441).
cost(12, 3, 369559).
cost(12, 4, 135706).
cost(12, 5, 663358).
cost(12, 6, 902245).
cost(12, 7, 804833).
cost(12, 8, 1020726).
cost(12, 9, 987777).
cost(12, 10, 577726).
cost(12, 11, 195322).
cost(12, 13, 524952).
cost(12, 14, 975672).
cost(12, 15, 254451).
cost(12, 16, 822661).
cost(12, 17, 468892).
cost(12, 18, 182831).
cost(12, 19, 284176).
cost(12, 20, 958424).
cost(12, 21, 818105).
cost(12, 22, 434916).
cost(13, 1, 313850).
cost(13, 2, 432502).
cost(13, 3, 484052).
cost(13, 4, 449803).
cost(13, 5, 152553).
cost(13, 6, 385234).
cost(13, 7, 282472).
cost(13, 8, 615325).
cost(13, 9, 484727).
cost(13, 10, 632947).
cost(13, 11, 458780).
cost(13, 12, 524952).
cost(13, 14, 605767).
cost(13, 15, 341531).
cost(13, 16, 469022).
cost(13, 17, 510725).
cost(13, 18, 345304).
cost(13, 19, 590514).
cost(13, 20, 543260).
cost(13, 21, 462857).
cost(13, 22, 356591).
cost(14, 1, 918927).
cost(14, 2, 553335).
cost(14, 3, 1076335).
cost(14, 4, 968085).
cost(14, 5, 484494).
cost(14, 6, 635759).
cost(14, 7, 576729).
cost(14, 8, 83246).
cost(14, 9, 740876).
cost(14, 10, 620994).
cost(14, 11, 1003749).
cost(14, 12, 975672).
cost(14, 13, 605767).
cost(14, 15, 902610).
cost(14, 16, 153570).
cost(14, 17, 607585).
cost(14, 18, 812360).
cost(14, 19, 848579).
cost(14, 20, 105307).
cost(14, 21, 158550).
cost(14, 22, 551367).
cost(15, 1, 233788).
cost(15, 2, 509323).
cost(15, 3, 194291).
cost(15, 4, 130579).
cost(15, 5, 493810).
cost(15, 6, 684450).
cost(15, 7, 597506).
cost(15, 8, 928751).
cost(15, 9, 757151).
cost(15, 10, 681724).
cost(15, 11, 118471).
cost(15, 12, 254451).
cost(15, 13, 341531).
cost(15, 14, 902610).
cost(15, 16, 752096).
cost(15, 17, 551458).
cost(15, 18, 169756).
cost(15, 19, 470592).
cost(15, 20, 859223).
cost(15, 21, 746466).
cost(15, 22, 445415).
cost(16, 1, 782641).
cost(16, 2, 412352).
cost(16, 3, 929253).
cost(16, 4, 814858).
cost(16, 5, 366085).
cost(16, 6, 573560).
cost(16, 7, 494823).
cost(16, 8, 204501).
cost(16, 9, 688109).
cost(16, 10, 509964).
cost(16, 11, 851425).
cost(16, 12, 822661).
cost(16, 13, 469022).
cost(16, 14, 153570).
cost(16, 15, 752096).
cost(16, 17, 474711).
cost(16, 18, 658809).
cost(16, 19, 706834).
cost(16, 20, 158833).
cost(16, 21, 6202).
cost(16, 22, 402386).
cost(17, 1, 718785).
cost(17, 2, 83379).
cost(17, 3, 742652).
cost(17, 4, 533769).
cost(17, 5, 553026).
cost(17, 6, 846908).
cost(17, 7, 739948).
cost(17, 8, 675516).
cost(17, 9, 961809).
cost(17, 10, 132528).
cost(17, 11, 594306).
cost(17, 12, 468892).
cost(17, 13, 510725).
cost(17, 14, 607585).
cost(17, 15, 551458).
cost(17, 16, 474711).
cost(17, 18, 387066).
cost(17, 19, 251309).
cost(17, 20, 633109).
cost(17, 21, 472802).
cost(17, 22, 154486).
cost(18, 1, 379612).
cost(18, 2, 354348).
cost(18, 3, 356159).
cost(18, 4, 161245).
cost(18, 5, 480754).
cost(18, 6, 727330).
cost(18, 7, 627171).
cost(18, 8, 851447).
cost(18, 9, 818550).
cost(18, 10, 515236).
cost(18, 11, 212883).
cost(18, 12, 182831).
cost(18, 13, 345304).
cost(18, 14, 812360).
cost(18, 15, 169756).
cost(18, 16, 658809).
cost(18, 17, 387066).
cost(18, 19, 309709).
cost(18, 20, 786614).
cost(18, 21, 653819).
cost(18, 22, 300379).
cost(19, 1, 689319).
cost(19, 2, 295323).
cost(19, 3, 633630).
cost(19, 4, 396145).
cost(19, 5, 685790).
cost(19, 6, 969357).
cost(19, 7, 862375).
cost(19, 8, 911039).
cost(19, 9, 1074297).
cost(19, 10, 321617).
cost(19, 11, 461912).
cost(19, 12, 284176).
cost(19, 13, 590514).
cost(19, 14, 848579).
cost(19, 15, 470592).
cost(19, 16, 706834).
cost(19, 17, 251309).
cost(19, 18, 309709).
cost(19, 20, 861563).
cost(19, 21, 703962).
cost(19, 22, 314386).
cost(20, 1, 851876).
cost(20, 2, 568644).
cost(20, 3, 1023656).
cost(20, 4, 936440).
cost(20, 5, 408996).
cost(20, 6, 533886).
cost(20, 7, 480686).
cost(20, 8, 72416).
cost(20, 9, 637015).
cost(20, 10, 666948).
cost(20, 11, 966242).
cost(20, 12, 958424).
cost(20, 13, 543260).
cost(20, 14, 105307).
cost(20, 15, 859223).
cost(20, 16, 158833).
cost(20, 17, 633109).
cost(20, 18, 786614).
cost(20, 19, 861563).
cost(20, 21, 160382).
cost(20, 22, 552195).
cost(21, 1, 776490).
cost(21, 2, 409726).
cost(21, 3, 923400).
cost(21, 4, 809669).
cost(21, 5, 359968).
cost(21, 6, 568534).
cost(21, 7, 489343).
cost(21, 8, 207792).
cost(21, 9, 683268).
cost(21, 10, 509638).
cost(21, 11, 846023).
cost(21, 12, 818105).
cost(21, 13, 462857).
cost(21, 14, 158550).
cost(21, 15, 746466).
cost(21, 16, 6202).
cost(21, 17, 472802).
cost(21, 18, 653819).
cost(21, 19, 703962).
cost(21, 20, 160382).
cost(21, 22, 398750).
cost(22, 1, 583285).
cost(22, 2, 77291).
cost(22, 3, 639680).
cost(22, 4, 460734).
cost(22, 5, 403689).
cost(22, 6, 697408).
cost(22, 7, 589857).
cost(22, 8, 606385).
cost(22, 9, 810893).
cost(22, 10, 278115).
cost(22, 11, 512754).
cost(22, 12, 434916).
cost(22, 13, 356591).
cost(22, 14, 551367).
cost(22, 15, 445415).
cost(22, 16, 402386).
cost(22, 17, 154486).
cost(22, 18, 300379).
cost(22, 19, 314386).
cost(22, 20, 552195).
cost(22, 21, 398750).
