dimension(28).
point(1, 62624.0, 397336.0).
point(2, 939499.0, 929683.0).
point(3, 820770.0, 864271.0).
point(4, 81264.0, 843170.0).
point(5, 184719.0, 547498.0).
point(6, 520589.0, 879635.0).
point(7, 234899.0, 534625.0).
point(8, 747109.0, 989683.0).
point(9, 666751.0, 649133.0).
point(10, 883630.0, 442276.0).
point(11, 606047.0, 793400.0).
point(12, 373773.0, 53765.0).
point(13, 563813.0, 231235.0).
point(14, 45198.0, 442253.0).
point(15, 718430.0, 829697.0).
point(16, 119239.0, 686473.0).
point(17, 160194.0, 572706.0).
point(18, 976629.0, 670395.0).
point(19, 480677.0, 980951.0).
point(20, 264213.0, 367847.0).
point(21, 341938.0, 983752.0).
point(22, 286725.0, 130777.0).
point(23, 946932.0, 37026.0).
point(24, 219945.0, 38157.0).
point(25, 395943.0, 93930.0).
point(26, 138404.0, 510534.0).
point(27, 491965.0, 825175.0).
point(28, 885540.0, 376150.0).
cost(1, 2, 1025818).
cost(1, 3, 890401).
cost(1, 4, 446223).
cost(1, 5, 193535).
cost(1, 6, 665090).
cost(1, 7, 220288).
cost(1, 8, 905204).
cost(1, 9, 654501).
cost(1, 10, 822235).
cost(1, 11, 672440).
cost(1, 12, 463524).
cost(1, 13, 527996).
cost(1, 14, 48179).
cost(1, 15, 785505).
cost(1, 16, 294628).
cost(1, 17, 200685).
cost(1, 18, 953922).
cost(1, 19, 717896).
cost(1, 20, 203734).
cost(1, 21, 649538).
cost(1, 22, 348246).
cost(1, 23, 954895).
cost(1, 24, 392122).
cost(1, 25, 450729).
cost(1, 26, 136222).
cost(1, 27, 606119).
cost(1, 28, 823189).
cost(2, 1, 1025818).
cost(2, 3, 135556).
cost(2, 4, 862584).
cost(2, 5, 846025).
cost(2, 6, 421889).
cost(2, 7, 807795).
cost(2, 8, 201529).
cost(2, 9, 391280).
cost(2, 10, 490599).
cost(2, 11, 360227).
cost(2, 12, 1042726).
cost(2, 13, 793076).
cost(2, 14, 1018510).
cost(2, 15, 242629).
cost(2, 16, 855557).
cost(2, 17, 857175).
cost(2, 18, 261933).
cost(2, 19, 461677).
cost(2, 20, 878448).
cost(2, 21, 600002).
cost(2, 22, 1031681).
cost(2, 23, 892688).
cost(2, 24, 1145677).
cost(2, 25, 996963).
cost(2, 26, 904123).
cost(2, 27, 459574).
cost(2, 28, 556157).
cost(3, 1, 890401).
cost(3, 2, 135556).
cost(3, 4, 739807).
cost(3, 5, 710567).
cost(3, 6, 300574).
cost(3, 7, 672243).
cost(3, 8, 145445).
cost(3, 9, 264587).
cost(3, 10, 426651).
cost(3, 11, 226116).
cost(3, 12, 925595).
cost(3, 13, 683199).
cost(3, 14, 882956).
cost(3, 15, 108022).
cost(3, 16, 723711).
cost(3, 17, 722060).
cost(3, 18, 248757).
cost(3, 19, 359552).
cost(3, 20, 745783).
cost(3, 21, 493514).
cost(3, 22, 907313).
cost(3, 23, 836810).
cost(3, 24, 1021496).
cost(3, 25, 879718).
cost(3, 26, 768605).
cost(3, 27, 331121).
cost(3, 28, 492399).
cost(4, 1, 446223).
cost(4, 2, 862584).
cost(4, 3, 739807).
cost(4, 5, 313249).
cost(4, 6, 440836).
cost(4, 7, 344679).
cost(4, 8, 681774).
cost(4, 9, 616803).
cost(4, 10, 896943).
cost(4, 11, 527138).
cost(4, 12, 841856).
cost(4, 13, 779306).
cost(4, 14, 402536).
cost(4, 15, 637308).
cost(4, 16, 161233).
cost(4, 17, 281746).
cost(4, 18, 911882).
cost(4, 19, 422510).
cost(4, 20, 509316).
cost(4, 21, 296166).
cost(4, 22, 741430).
cost(4, 23, 1182899).
cost(4, 24, 816871).
cost(4, 25, 812640).
cost(4, 26, 337508).
cost(4, 27, 411095).
cost(4, 28, 930036).
cost(5, 1, 193535).
cost(5, 2, 846025).
cost(5, 3, 710567).
cost(5, 4, 313249).
cost(5, 6, 472360).
cost(5, 7, 51805).
cost(5, 8, 715409).
cost(5, 9, 492630).
cost(5, 10, 706787).
cost(5, 11, 487837).
cost(5, 12, 528691).
cost(5, 13, 493695).
cost(5, 14, 174764).
cost(5, 15, 603725).
cost(5, 16, 153628).
cost(5, 17, 35170).
cost(5, 18, 801389).
cost(5, 19, 524855).
cost(5, 20, 196453).
cost(5, 21, 463719).
cost(5, 22, 429024).
cost(5, 23, 917361).
cost(5, 24, 510558).
cost(5, 25, 500339).
cost(5, 26, 59257).
cost(5, 27, 414131).
cost(5, 28, 721464).
cost(6, 1, 665090).
cost(6, 2, 421889).
cost(6, 3, 300574).
cost(6, 4, 440836).
cost(6, 5, 472360).
cost(6, 7, 447940).
cost(6, 8, 251837).
cost(6, 9, 272937).
cost(6, 10, 568403).
cost(6, 11, 121407).
cost(6, 12, 838818).
cost(6, 13, 649839).
cost(6, 14, 645987).
cost(6, 15, 204046).
cost(6, 16, 445414).
cost(6, 17, 473381).
cost(6, 18, 501751).
cost(6, 19, 108894).
cost(6, 20, 572412).
cost(6, 21, 206777).
cost(6, 22, 784526).
cost(6, 23, 944330).
cost(6, 24, 893573).
cost(6, 25, 795531).
cost(6, 26, 531320).
cost(6, 27, 61524).
cost(6, 28, 621841).
cost(7, 1, 220288).
cost(7, 2, 807795).
cost(7, 3, 672243).
cost(7, 4, 344679).
cost(7, 5, 51805).
cost(7, 6, 447940).
cost(7, 8, 685155).
cost(7, 9, 446775).
cost(7, 10, 655271).
cost(7, 11, 452455).
cost(7, 12, 500512).
cost(7, 13, 447471).
cost(7, 14, 210995).
cost(7, 15, 566454).
cost(7, 16, 190880).
cost(7, 17, 83851).
cost(7, 18, 754054).
cost(7, 19, 509523).
cost(7, 20, 169335).
cost(7, 21, 461706).
cost(7, 22, 407160).
cost(7, 23, 868675).
cost(7, 24, 496693).
cost(7, 25, 469199).
cost(7, 26, 99457).
cost(7, 27, 387946).
cost(7, 28, 669663).
cost(8, 1, 905204).
cost(8, 2, 201529).
cost(8, 3, 145445).
cost(8, 4, 681774).
cost(8, 5, 715409).
cost(8, 6, 251837).
cost(8, 7, 685155).
cost(8, 9, 349902).
cost(8, 10, 564174).
cost(8, 11, 241714).
cost(8, 12, 1007632).
cost(8, 13, 780283).
cost(8, 14, 890145).
cost(8, 15, 162536).
cost(8, 16, 697250).
cost(8, 17, 719958).
cost(8, 18, 393223).
cost(8, 19, 266575).
cost(8, 20, 787317).
cost(8, 21, 405214).
cost(8, 22, 974512).
cost(8, 23, 973388).
cost(8, 24, 1087798).
cost(8, 25, 962128).
cost(8, 26, 774665).
cost(8, 27, 303581).
cost(8, 28, 628956).
cost(9, 1, 654501).
cost(9, 2, 391280).
cost(9, 3, 264587).
cost(9, 4, 616803).
cost(9, 5, 492630).
cost(9, 6, 272937).
cost(9, 7, 446775).
cost(9, 8, 349902).
cost(9, 10, 299710).
cost(9, 11, 156518).
cost(9, 12, 663550).
cost(9, 13, 430389).
cost(9, 14, 655078).
cost(9, 15, 187814).
cost(9, 16, 548784).
cost(9, 17, 512290).
cost(9, 18, 310607).
cost(9, 19, 380430).
cost(9, 20, 491079).
cost(9, 21, 466340).
cost(9, 22, 642738).
cost(9, 23, 673184).
cost(9, 24, 756920).
cost(9, 25, 617728).
cost(9, 26, 546224).
cost(9, 27, 248074).
cost(9, 28, 349840).
cost(10, 1, 822235).
cost(10, 2, 490599).
cost(10, 3, 426651).
cost(10, 4, 896943).
cost(10, 5, 706787).
cost(10, 6, 568403).
cost(10, 7, 655271).
cost(10, 8, 564174).
cost(10, 9, 299710).
cost(10, 11, 447594).
cost(10, 12, 641011).
cost(10, 13, 383173).
cost(10, 14, 838432).
cost(10, 15, 421172).
cost(10, 16, 802450).
cost(10, 17, 735100).
cost(10, 18, 246348).
cost(10, 19, 672712).
cost(10, 20, 623873).
cost(10, 21, 765915).
cost(10, 22, 673296).
cost(10, 23, 410164).
cost(10, 24, 777039).
cost(10, 25, 599319).
cost(10, 26, 748345).
cost(10, 27, 547735).
cost(10, 28, 66154).
cost(11, 1, 672440).
cost(11, 2, 360227).
cost(11, 3, 226116).
cost(11, 4, 527138).
cost(11, 5, 487837).
cost(11, 6, 121407).
cost(11, 7, 452455).
cost(11, 8, 241714).
cost(11, 9, 156518).
cost(11, 10, 447594).
cost(11, 12, 775249).
cost(11, 13, 563749).
cost(11, 14, 661707).
cost(11, 15, 118099).
cost(11, 16, 498413).
cost(11, 17, 497484).
cost(11, 18, 390463).
cost(11, 19, 225595).
cost(11, 20, 545844).
cost(11, 21, 325557).
cost(11, 22, 735551).
cost(11, 23, 829641).
cost(11, 24, 848214).
cost(11, 25, 730344).
cost(11, 26, 546537).
cost(11, 27, 118424).
cost(11, 28, 502209).
cost(12, 1, 463524).
cost(12, 2, 1042726).
cost(12, 3, 925595).
cost(12, 4, 841856).
cost(12, 5, 528691).
cost(12, 6, 838818).
cost(12, 7, 500512).
cost(12, 8, 1007632).
cost(12, 9, 663550).
cost(12, 10, 641011).
cost(12, 11, 775249).
cost(12, 13, 260021).
cost(12, 14, 508807).
cost(12, 15, 849034).
cost(12, 16, 681988).
cost(12, 17, 561174).
cost(12, 18, 862362).
cost(12, 19, 933329).
cost(12, 20, 332642).
cost(12, 21, 930532).
cost(12, 22, 116225).
cost(12, 23, 573403).
cost(12, 24, 154618).
cost(12, 25, 45877).
cost(12, 26, 513845).
cost(12, 27, 780412).
cost(12, 28, 604845).
cost(13, 1, 527996).
cost(13, 2, 793076).
cost(13, 3, 683199).
cost(13, 4, 779306).
cost(13, 5, 493695).
cost(13, 6, 649839).
cost(13, 7, 447471).
cost(13, 8, 780283).
cost(13, 9, 430389).
cost(13, 10, 383173).
cost(13, 11, 563749).
cost(13, 12, 260021).
cost(13, 14, 559902).
cost(13, 15, 618113).
cost(13, 16, 636308).
cost(13, 17, 528688).
cost(13, 18, 602726).
cost(13, 19, 754311).
cost(13, 20, 329276).
cost(13, 21, 784545).
cost(13, 22, 294736).
cost(13, 23, 429531).
cost(13, 24, 394366).
cost(13, 25, 216871).
cost(13, 26, 508902).
cost(13, 27, 598270).
cost(13, 28, 352858).
cost(14, 1, 48179).
cost(14, 2, 1018510).
cost(14, 3, 882956).
cost(14, 4, 402536).
cost(14, 5, 174764).
cost(14, 6, 645987).
cost(14, 7, 210995).
cost(14, 8, 890145).
cost(14, 9, 655078).
cost(14, 10, 838432).
cost(14, 11, 661707).
cost(14, 12, 508807).
cost(14, 13, 559902).
cost(14, 15, 776759).
cost(14, 16, 255197).
cost(14, 17, 173902).
cost(14, 18, 958964).
cost(14, 19, 692703).
cost(14, 20, 231309).
cost(14, 21, 617475).
cost(14, 22, 394148).
cost(14, 23, 988602).
cost(14, 24, 440261).
cost(14, 25, 494319).
cost(14, 26, 115541).
cost(14, 27, 588413).
cost(14, 28, 842938).
cost(15, 1, 785505).
cost(15, 2, 242629).
cost(15, 3, 108022).
cost(15, 4, 637308).
cost(15, 5, 603725).
cost(15, 6, 204046).
cost(15, 7, 566454).
cost(15, 8, 162536).
cost(15, 9, 187814).
cost(15, 10, 421172).
cost(15, 11, 118099).
cost(15, 12, 849034).
cost(15, 13, 618113).
cost(15, 14, 776759).
cost(15, 16, 616071).
cost(15, 17, 614550).
cost(15, 18, 303387).
cost(15, 19, 281788).
cost(15, 20, 647780).
cost(15, 21, 406791).
cost(15, 22, 821498).
cost(15, 23, 824949).
cost(15, 24, 935427).
cost(15, 25, 803337).
cost(15, 26, 662039).
cost(15, 27, 226510).
cost(15, 28, 483354).
cost(16, 1, 294628).
cost(16, 2, 855557).
cost(16, 3, 723711).
cost(16, 4, 161233).
cost(16, 5, 153628).
cost(16, 6, 445414).
cost(16, 7, 190880).
cost(16, 8, 697250).
cost(16, 9, 548784).
cost(16, 10, 802450).
cost(16, 11, 498413).
cost(16, 12, 681988).
cost(16, 13, 636308).
cost(16, 14, 255197).
cost(16, 15, 616071).
cost(16, 17, 120914).
cost(16, 18, 857541).
cost(16, 19, 466213).
cost(16, 20, 350057).
cost(16, 21, 371443).
cost(16, 22, 580387).
cost(16, 23, 1052073).
cost(16, 24, 656091).
cost(16, 25, 653967).
cost(16, 26, 176980).
cost(16, 27, 397697).
cost(16, 28, 826751).
cost(17, 1, 200685).
cost(17, 2, 857175).
cost(17, 3, 722060).
cost(17, 4, 281746).
cost(17, 5, 35170).
cost(17, 6, 473381).
cost(17, 7, 83851).
cost(17, 8, 719958).
cost(17, 9, 512290).
cost(17, 10, 735100).
cost(17, 11, 497484).
cost(17, 12, 561174).
cost(17, 13, 528688).
cost(17, 14, 173902).
cost(17, 15, 614550).
cost(17, 16, 120914).
cost(17, 18, 822259).
cost(17, 19, 519012).
cost(17, 20, 229755).
cost(17, 21, 449433).
cost(17, 22, 459686).
cost(17, 23, 951793).
cost(17, 24, 537878).
cost(17, 25, 533670).
cost(17, 26, 65880).
cost(17, 27, 416908).
cost(17, 28, 751506).
cost(18, 1, 953922).
cost(18, 2, 261933).
cost(18, 3, 248757).
cost(18, 4, 911882).
cost(18, 5, 801389).
cost(18, 6, 501751).
cost(18, 7, 754054).
cost(18, 8, 393223).
cost(18, 9, 310607).
cost(18, 10, 246348).
cost(18, 11, 390463).
cost(18, 12, 862362).
cost(18, 13, 602726).
cost(18, 14, 958964).
cost(18, 15, 303387).
cost(18, 16, 857541).
cost(18, 17, 822259).
cost(18, 19, 585161).
cost(18, 20, 773997).
cost(18, 21, 707831).
cost(18, 22, 875874).
cost(18, 23, 634065).
cost(18, 24, 986050).
cost(18, 25, 818235).
cost(18, 26, 853333).
cost(18, 27, 508779).
cost(18, 28, 308022).
cost(19, 1, 717896).
cost(19, 2, 461677).
cost(19, 3, 359552).
cost(19, 4, 422510).
cost(19, 5, 524855).
cost(19, 6, 108894).
cost(19, 7, 509523).
cost(19, 8, 266575).
cost(19, 9, 380430).
cost(19, 10, 672712).
cost(19, 11, 225595).
cost(19, 12, 933329).
cost(19, 13, 754311).
cost(19, 14, 692703).
cost(19, 15, 281788).
cost(19, 16, 466213).
cost(19, 17, 519012).
cost(19, 18, 585161).
cost(19, 20, 650195).
cost(19, 21, 138767).
cost(19, 22, 872017).
cost(19, 23, 1052800).
cost(19, 24, 978183).
cost(19, 25, 891059).
cost(19, 26, 581759).
cost(19, 27, 156184).
cost(19, 28, 727804).
cost(20, 1, 203734).
cost(20, 2, 878448).
cost(20, 3, 745783).
cost(20, 4, 509316).
cost(20, 5, 196453).
cost(20, 6, 572412).
cost(20, 7, 169335).
cost(20, 8, 787317).
cost(20, 9, 491079).
cost(20, 10, 623873).
cost(20, 11, 545844).
cost(20, 12, 332642).
cost(20, 13, 329276).
cost(20, 14, 231309).
cost(20, 15, 647780).
cost(20, 16, 350057).
cost(20, 17, 229755).
cost(20, 18, 773997).
cost(20, 19, 650195).
cost(20, 21, 620790).
cost(20, 22, 238136).
cost(20, 23, 758649).
cost(20, 24, 332649).
cost(20, 25, 303946).
cost(20, 26, 190230).
cost(20, 27, 510901).
cost(20, 28, 621382).
cost(21, 1, 649538).
cost(21, 2, 600002).
cost(21, 3, 493514).
cost(21, 4, 296166).
cost(21, 5, 463719).
cost(21, 6, 206777).
cost(21, 7, 461706).
cost(21, 8, 405214).
cost(21, 9, 466340).
cost(21, 10, 765915).
cost(21, 11, 325557).
cost(21, 12, 930532).
cost(21, 13, 784545).
cost(21, 14, 617475).
cost(21, 15, 406791).
cost(21, 16, 371443).
cost(21, 17, 449433).
cost(21, 18, 707831).
cost(21, 19, 138767).
cost(21, 20, 620790).
cost(21, 22, 854760).
cost(21, 23, 1123525).
cost(21, 24, 953432).
cost(21, 25, 891459).
cost(21, 26, 515132).
cost(21, 27, 218300).
cost(21, 28, 815281).
cost(22, 1, 348246).
cost(22, 2, 1031681).
cost(22, 3, 907313).
cost(22, 4, 741430).
cost(22, 5, 429024).
cost(22, 6, 784526).
cost(22, 7, 407160).
cost(22, 8, 974512).
cost(22, 9, 642738).
cost(22, 10, 673296).
cost(22, 11, 735551).
cost(22, 12, 116225).
cost(22, 13, 294736).
cost(22, 14, 394148).
cost(22, 15, 821498).
cost(22, 16, 580387).
cost(22, 17, 459686).
cost(22, 18, 875874).
cost(22, 19, 872017).
cost(22, 20, 238136).
cost(22, 21, 854760).
cost(22, 23, 666830).
cost(22, 24, 114184).
cost(22, 25, 115266).
cost(22, 26, 407694).
cost(22, 27, 724094).
cost(22, 28, 647138).
cost(23, 1, 954895).
cost(23, 2, 892688).
cost(23, 3, 836810).
cost(23, 4, 1182899).
cost(23, 5, 917361).
cost(23, 6, 944330).
cost(23, 7, 868675).
cost(23, 8, 973388).
cost(23, 9, 673184).
cost(23, 10, 410164).
cost(23, 11, 829641).
cost(23, 12, 573403).
cost(23, 13, 429531).
cost(23, 14, 988602).
cost(23, 15, 824949).
cost(23, 16, 1052073).
cost(23, 17, 951793).
cost(23, 18, 634065).
cost(23, 19, 1052800).
cost(23, 20, 758649).
cost(23, 21, 1123525).
cost(23, 22, 666830).
cost(23, 24, 726988).
cost(23, 25, 553920).
cost(23, 26, 936978).
cost(23, 27, 910041).
cost(23, 28, 344636).
cost(24, 1, 392122).
cost(24, 2, 1145677).
cost(24, 3, 1021496).
cost(24, 4, 816871).
cost(24, 5, 510558).
cost(24, 6, 893573).
cost(24, 7, 496693).
cost(24, 8, 1087798).
cost(24, 9, 756920).
cost(24, 10, 777039).
cost(24, 11, 848214).
cost(24, 12, 154618).
cost(24, 13, 394366).
cost(24, 14, 440261).
cost(24, 15, 935427).
cost(24, 16, 656091).
cost(24, 17, 537878).
cost(24, 18, 986050).
cost(24, 19, 978183).
cost(24, 20, 332649).
cost(24, 21, 953432).
cost(24, 22, 114184).
cost(24, 23, 726988).
cost(24, 25, 184624).
cost(24, 26, 479363).
cost(24, 27, 832702).
cost(24, 28, 746496).
cost(25, 1, 450729).
cost(25, 2, 996963).
cost(25, 3, 879718).
cost(25, 4, 812640).
cost(25, 5, 500339).
cost(25, 6, 795531).
cost(25, 7, 469199).
cost(25, 8, 962128).
cost(25, 9, 617728).
cost(25, 10, 599319).
cost(25, 11, 730344).
cost(25, 12, 45877).
cost(25, 13, 216871).
cost(25, 14, 494319).
cost(25, 15, 803337).
cost(25, 16, 653967).
cost(25, 17, 533670).
cost(25, 18, 818235).
cost(25, 19, 891059).
cost(25, 20, 303946).
cost(25, 21, 891459).
cost(25, 22, 115266).
cost(25, 23, 553920).
cost(25, 24, 184624).
cost(25, 26, 489781).
cost(25, 27, 737523).
cost(25, 28, 565114).
cost(26, 1, 136222).
cost(26, 2, 904123).
cost(26, 3, 768605).
cost(26, 4, 337508).
cost(26, 5, 59257).
cost(26, 6, 531320).
cost(26, 7, 99457).
cost(26, 8, 774665).
cost(26, 9, 546224).
cost(26, 10, 748345).
cost(26, 11, 546537).
cost(26, 12, 513845).
cost(26, 13, 508902).
cost(26, 14, 115541).
cost(26, 15, 662039).
cost(26, 16, 176980).
cost(26, 17, 65880).
cost(26, 18, 853333).
cost(26, 19, 581759).
cost(26, 20, 190230).
cost(26, 21, 515132).
cost(26, 22, 407694).
cost(26, 23, 936978).
cost(26, 24, 479363).
cost(26, 25, 489781).
cost(26, 27, 473291).
cost(26, 28, 759125).
cost(27, 1, 606119).
cost(27, 2, 459574).
cost(27, 3, 331121).
cost(27, 4, 411095).
cost(27, 5, 414131).
cost(27, 6, 61524).
cost(27, 7, 387946).
cost(27, 8, 303581).
cost(27, 9, 248074).
cost(27, 10, 547735).
cost(27, 11, 118424).
cost(27, 12, 780412).
cost(27, 13, 598270).
cost(27, 14, 588413).
cost(27, 15, 226510).
cost(27, 16, 397697).
cost(27, 17, 416908).
cost(27, 18, 508779).
cost(27, 19, 156184).
cost(27, 20, 510901).
cost(27, 21, 218300).
cost(27, 22, 724094).
cost(27, 23, 910041).
cost(27, 24, 832702).
cost(27, 25, 737523).
cost(27, 26, 473291).
cost(27, 28, 597097).
cost(28, 1, 823189).
cost(28, 2, 556157).
cost(28, 3, 492399).
cost(28, 4, 930036).
cost(28, 5, 721464).
cost(28, 6, 621841).
cost(28, 7, 669663).
cost(28, 8, 628956).
cost(28, 9, 349840).
cost(28, 10, 66154).
cost(28, 11, 502209).
cost(28, 12, 604845).
cost(28, 13, 352858).
cost(28, 14, 842938).
cost(28, 15, 483354).
cost(28, 16, 826751).
cost(28, 17, 751506).
cost(28, 18, 308022).
cost(28, 19, 727804).
cost(28, 20, 621382).
cost(28, 21, 815281).
cost(28, 22, 647138).
cost(28, 23, 344636).
cost(28, 24, 746496).
cost(28, 25, 565114).
cost(28, 26, 759125).
cost(28, 27, 597097).
