dimension(28).
point(1, 159940.0, 722212.0).
point(2, 328681.0, 794848.0).
point(3, 623088.0, 802720.0).
point(4, 726880.0, 617251.0).
point(5, 96599.0, 372383.0).
point(6, 497407.0, 536962.0).
point(7, 376760.0, 822085.0).
point(8, 148143.0, 217830.0).
point(9, 824592.0, 404855.0).
point(10, 921735.0, 936472.0).
point(11, 576112.0, 501897.0).
point(12, 335671.0, 905314.0).
point(13, 388376.0, 33511.0).
point(14, 173970.0, 52267.0).
point(15, 217723.0, 835994.0).
point(16, 612645.0, 717348.0).
point(17, 860398.0, 537465.0).
point(18, 257432.0, 324235.0).
point(19, 447955.0, 197849.0).
point(20, 286234.0, 614675.0).
point(21, 554433.0, 267059.0).
point(22, 165278.0, 356473.0).
point(23, 745956.0, 672284.0).
point(24, 233218.0, 478340.0).
point(25, 96836.0, 879123.0).
point(26, 934111.0, 833154.0).
point(27, 27815.0, 870971.0).
point(28, 964239.0, 442592.0).
cost(1, 2, 183710).
cost(1, 3, 470093).
cost(1, 4, 576574).
cost(1, 5, 355517).
cost(1, 6, 384970).
cost(1, 7, 238716).
cost(1, 8, 504520).
cost(1, 9, 736531).
cost(1, 10, 791353).
cost(1, 11, 470890).
cost(1, 12, 253787).
cost(1, 13, 725598).
cost(1, 14, 670092).
cost(1, 15, 127614).
cost(1, 16, 452731).
cost(1, 17, 724412).
cost(1, 18, 409744).
cost(1, 19, 598255).
cost(1, 20, 165875).
cost(1, 21, 602320).
cost(1, 22, 365778).
cost(1, 23, 588139).
cost(1, 24, 254643).
cost(1, 25, 169125).
cost(1, 26, 782080).
cost(1, 27, 198963).
cost(1, 28, 851519).
cost(2, 1, 183710).
cost(2, 3, 294512).
cost(2, 4, 436008).
cost(2, 5, 482015).
cost(2, 6, 308178).
cost(2, 7, 55258).
cost(2, 8, 604602).
cost(2, 9, 630890).
cost(2, 10, 609730).
cost(2, 11, 383461).
cost(2, 12, 110687).
cost(2, 13, 763674).
cost(2, 14, 758526).
cost(2, 15, 118341).
cost(2, 16, 294350).
cost(2, 17, 590736).
cost(2, 18, 475976).
cost(2, 19, 608797).
cost(2, 20, 185106).
cost(2, 21, 574043).
cost(2, 22, 467839).
cost(2, 23, 434903).
cost(2, 24, 330591).
cost(2, 25, 246687).
cost(2, 26, 606641).
cost(2, 27, 310347).
cost(2, 28, 726649).
cost(3, 1, 470093).
cost(3, 2, 294512).
cost(3, 4, 212536).
cost(3, 5, 679986).
cost(3, 6, 293978).
cost(3, 7, 247088).
cost(3, 8, 753438).
cost(3, 9, 445983).
cost(3, 10, 327230).
cost(3, 11, 304469).
cost(3, 12, 305179).
cost(3, 13, 804221).
cost(3, 14, 874578).
cost(3, 15, 406728).
cost(3, 16, 86008).
cost(3, 17, 355916).
cost(3, 18, 602206).
cost(3, 19, 629715).
cost(3, 20, 385787).
cost(3, 21, 540043).
cost(3, 22, 639317).
cost(3, 23, 179193).
cost(3, 24, 507170).
cost(3, 25, 531769).
cost(3, 26, 312508).
cost(3, 27, 599173).
cost(3, 28, 496061).
cost(4, 1, 576574).
cost(4, 2, 436008).
cost(4, 3, 212536).
cost(4, 5, 676176).
cost(4, 6, 243114).
cost(4, 7, 405637).
cost(4, 8, 703188).
cost(4, 9, 233794).
cost(4, 10, 373993).
cost(4, 11, 189836).
cost(4, 12, 485824).
cost(4, 13, 674787).
cost(4, 14, 790517).
cost(4, 15, 554156).
cost(4, 16, 151885).
cost(4, 17, 155541).
cost(4, 18, 553389).
cost(4, 19, 503684).
cost(4, 20, 440654).
cost(4, 21, 390349).
cost(4, 22, 619195).
cost(4, 23, 58245).
cost(4, 24, 512834).
cost(4, 25, 682299).
cost(4, 26, 299264).
cost(4, 27, 743684).
cost(4, 28, 294695).
cost(5, 1, 355517).
cost(5, 2, 482015).
cost(5, 3, 679986).
cost(5, 4, 676176).
cost(5, 6, 433282).
cost(5, 7, 529832).
cost(5, 8, 162921).
cost(5, 9, 728717).
cost(5, 10, 999523).
cost(5, 11, 496696).
cost(5, 12, 584098).
cost(5, 13, 447178).
cost(5, 14, 329333).
cost(5, 15, 479172).
cost(5, 16, 620729).
cost(5, 17, 781435).
cost(5, 18, 167885).
cost(5, 19, 392318).
cost(5, 20, 307680).
cost(5, 21, 469793).
cost(5, 22, 70498).
cost(5, 23, 715266).
cost(5, 24, 172892).
cost(5, 25, 506740).
cost(5, 26, 955896).
cost(5, 27, 503310).
cost(5, 28, 870476).
cost(6, 1, 384970).
cost(6, 2, 308178).
cost(6, 3, 293978).
cost(6, 4, 243114).
cost(6, 5, 433282).
cost(6, 7, 309598).
cost(6, 8, 473107).
cost(6, 9, 352849).
cost(6, 10, 582806).
cost(6, 11, 86163).
cost(6, 12, 402296).
cost(6, 13, 515122).
cost(6, 14, 582701).
cost(6, 15, 409443).
cost(6, 16, 214054).
cost(6, 17, 362991).
cost(6, 18, 320688).
cost(6, 19, 342700).
cost(6, 20, 225019).
cost(6, 21, 275862).
cost(6, 22, 378003).
cost(6, 23, 282999).
cost(6, 24, 270615).
cost(6, 25, 526812).
cost(6, 26, 527674).
cost(6, 27, 576263).
cost(6, 28, 476275).
cost(7, 1, 238716).
cost(7, 2, 55258).
cost(7, 3, 247088).
cost(7, 4, 405637).
cost(7, 5, 529832).
cost(7, 6, 309598).
cost(7, 8, 646057).
cost(7, 9, 612074).
cost(7, 10, 556850).
cost(7, 11, 377176).
cost(7, 12, 92819).
cost(7, 13, 788660).
cost(7, 14, 796080).
cost(7, 15, 159644).
cost(7, 16, 258092).
cost(7, 17, 561172).
cost(7, 18, 511951).
cost(7, 19, 628283).
cost(7, 20, 226305).
cost(7, 21, 582771).
cost(7, 22, 511389).
cost(7, 23, 398429).
cost(7, 24, 372512).
cost(7, 25, 285676).
cost(7, 26, 557461).
cost(7, 27, 352353).
cost(7, 28, 699390).
cost(8, 1, 504520).
cost(8, 2, 604602).
cost(8, 3, 753438).
cost(8, 4, 703188).
cost(8, 5, 162921).
cost(8, 6, 473107).
cost(8, 7, 646057).
cost(8, 9, 701827).
cost(8, 10, 1055884).
cost(8, 11, 513665).
cost(8, 12, 712602).
cost(8, 13, 302796).
cost(8, 14, 167565).
cost(8, 15, 622068).
cost(8, 16, 682115).
cost(8, 17, 780688).
cost(8, 18, 152532).
cost(8, 19, 300477).
cost(8, 20, 420185).
cost(8, 21, 409262).
cost(8, 22, 139698).
cost(8, 23, 750939).
cost(8, 24, 274050).
cost(8, 25, 663280).
cost(8, 26, 998183).
cost(8, 27, 664133).
cost(8, 28, 846481).
cost(9, 1, 736531).
cost(9, 2, 630890).
cost(9, 3, 445983).
cost(9, 4, 233794).
cost(9, 5, 728717).
cost(9, 6, 352849).
cost(9, 7, 612074).
cost(9, 8, 701827).
cost(9, 10, 540420).
cost(9, 11, 266757).
cost(9, 12, 699645).
cost(9, 13, 572871).
cost(9, 14, 740018).
cost(9, 15, 744427).
cost(9, 16, 377589).
cost(9, 17, 137359).
cost(9, 18, 572861).
cost(9, 19, 429775).
cost(9, 20, 577801).
cost(9, 21, 303272).
cost(9, 22, 661087).
cost(9, 23, 278751).
cost(9, 24, 595922).
cost(9, 25, 868654).
cost(9, 26, 442080).
cost(9, 27, 923102).
cost(9, 28, 144656).
cost(10, 1, 791353).
cost(10, 2, 609730).
cost(10, 3, 327230).
cost(10, 4, 373993).
cost(10, 5, 999523).
cost(10, 6, 582806).
cost(10, 7, 556850).
cost(10, 8, 1055884).
cost(10, 9, 540420).
cost(10, 11, 555257).
cost(10, 12, 586892).
cost(10, 13, 1048718).
cost(10, 14, 1158003).
cost(10, 15, 711146).
cost(10, 16, 378883).
cost(10, 17, 403694).
cost(10, 18, 903401).
cost(10, 19, 877514).
cost(10, 20, 712331).
cost(10, 21, 763560).
cost(10, 22, 953219).
cost(10, 23, 317322).
cost(10, 24, 827007).
cost(10, 25, 826890).
cost(10, 26, 104057).
cost(10, 27, 896317).
cost(10, 28, 495706).
cost(11, 1, 470890).
cost(11, 2, 383461).
cost(11, 3, 304469).
cost(11, 4, 189836).
cost(11, 5, 496696).
cost(11, 6, 86163).
cost(11, 7, 377176).
cost(11, 8, 513665).
cost(11, 9, 266757).
cost(11, 10, 555257).
cost(11, 12, 469635).
cost(11, 13, 504609).
cost(11, 14, 603229).
cost(11, 15, 489963).
cost(11, 16, 218526).
cost(11, 17, 286502).
cost(11, 18, 364857).
cost(11, 19, 329954).
cost(11, 20, 311044).
cost(11, 21, 235837).
cost(11, 22, 435813).
cost(11, 23, 240580).
cost(11, 24, 343702).
cost(11, 25, 609922).
cost(11, 26, 487744).
cost(11, 27, 660943).
cost(11, 28, 392632).
cost(12, 1, 253787).
cost(12, 2, 110687).
cost(12, 3, 305179).
cost(12, 4, 485824).
cost(12, 5, 584098).
cost(12, 6, 402296).
cost(12, 7, 92819).
cost(12, 8, 712602).
cost(12, 9, 699645).
cost(12, 10, 586892).
cost(12, 11, 469635).
cost(12, 13, 873395).
cost(12, 14, 868238).
cost(12, 15, 136810).
cost(12, 16, 334732).
cost(12, 17, 640821).
cost(12, 18, 586323).
cost(12, 19, 716320).
cost(12, 20, 294814).
cost(12, 21, 674705).
cost(12, 22, 574683).
cost(12, 23, 471844).
cost(12, 24, 439094).
cost(12, 25, 240267).
cost(12, 26, 602775).
cost(12, 27, 309766).
cost(12, 28, 780519).
cost(13, 1, 725598).
cost(13, 2, 763674).
cost(13, 3, 804221).
cost(13, 4, 674787).
cost(13, 5, 447178).
cost(13, 6, 515122).
cost(13, 7, 788660).
cost(13, 8, 302796).
cost(13, 9, 572871).
cost(13, 10, 1048718).
cost(13, 11, 504609).
cost(13, 12, 873395).
cost(13, 14, 215225).
cost(13, 15, 820428).
cost(13, 16, 719673).
cost(13, 17, 690489).
cost(13, 18, 318852).
cost(13, 19, 174805).
cost(13, 20, 590072).
cost(13, 21, 286565).
cost(13, 22, 392527).
cost(13, 23, 732048).
cost(13, 24, 471112).
cost(13, 25, 894458).
cost(13, 26, 968120).
cost(13, 27, 911780).
cost(13, 28, 706375).
cost(14, 1, 670092).
cost(14, 2, 758526).
cost(14, 3, 874578).
cost(14, 4, 790517).
cost(14, 5, 329333).
cost(14, 6, 582701).
cost(14, 7, 796080).
cost(14, 8, 167565).
cost(14, 9, 740018).
cost(14, 10, 1158003).
cost(14, 11, 603229).
cost(14, 12, 868238).
cost(14, 13, 215225).
cost(14, 15, 784947).
cost(14, 16, 796724).
cost(14, 17, 840595).
cost(14, 18, 284486).
cost(14, 19, 310261).
cost(14, 20, 573503).
cost(14, 21, 436907).
cost(14, 22, 304330).
cost(14, 23, 843557).
cost(14, 24, 430173).
cost(14, 25, 830446).
cost(14, 26, 1089770).
cost(14, 27, 831647).
cost(14, 28, 881407).
cost(15, 1, 127614).
cost(15, 2, 118341).
cost(15, 3, 406728).
cost(15, 4, 554156).
cost(15, 5, 479172).
cost(15, 6, 409443).
cost(15, 7, 159644).
cost(15, 8, 622068).
cost(15, 9, 744427).
cost(15, 10, 711146).
cost(15, 11, 489963).
cost(15, 12, 136810).
cost(15, 13, 820428).
cost(15, 14, 784947).
cost(15, 16, 412359).
cost(15, 17, 708626).
cost(15, 18, 513297).
cost(15, 19, 678407).
cost(15, 20, 231681).
cost(15, 21, 661106).
cost(15, 22, 482380).
cost(15, 23, 553020).
cost(15, 24, 357989).
cost(15, 25, 128350).
cost(15, 26, 716394).
cost(15, 27, 193102).
cost(15, 28, 843831).
cost(16, 1, 452731).
cost(16, 2, 294350).
cost(16, 3, 86008).
cost(16, 4, 151885).
cost(16, 5, 620729).
cost(16, 6, 214054).
cost(16, 7, 258092).
cost(16, 8, 682115).
cost(16, 9, 377589).
cost(16, 10, 378883).
cost(16, 11, 218526).
cost(16, 12, 334732).
cost(16, 13, 719673).
cost(16, 14, 796724).
cost(16, 15, 412359).
cost(16, 17, 306169).
cost(16, 18, 529825).
cost(16, 19, 544979).
cost(16, 20, 342178).
cost(16, 21, 454036).
cost(16, 22, 574776).
cost(16, 23, 140722).
cost(16, 24, 448430).
cost(16, 25, 540583).
cost(16, 26, 341689).
cost(16, 27, 604670).
cost(16, 28, 446217).
cost(17, 1, 724412).
cost(17, 2, 590736).
cost(17, 3, 355916).
cost(17, 4, 155541).
cost(17, 5, 781435).
cost(17, 6, 362991).
cost(17, 7, 561172).
cost(17, 8, 780688).
cost(17, 9, 137359).
cost(17, 10, 403694).
cost(17, 11, 286502).
cost(17, 12, 640821).
cost(17, 13, 690489).
cost(17, 14, 840595).
cost(17, 15, 708626).
cost(17, 16, 306169).
cost(17, 18, 639558).
cost(17, 19, 534274).
cost(17, 20, 579332).
cost(17, 21, 408331).
cost(17, 22, 718297).
cost(17, 23, 176842).
cost(17, 24, 629961).
cost(17, 25, 836515).
cost(17, 26, 304739).
cost(17, 27, 896895).
cost(17, 28, 140655).
cost(18, 1, 409744).
cost(18, 2, 475976).
cost(18, 3, 602206).
cost(18, 4, 553389).
cost(18, 5, 167885).
cost(18, 6, 320688).
cost(18, 7, 511951).
cost(18, 8, 152532).
cost(18, 9, 572861).
cost(18, 10, 903401).
cost(18, 11, 364857).
cost(18, 12, 586323).
cost(18, 13, 318852).
cost(18, 14, 284486).
cost(18, 15, 513297).
cost(18, 16, 529825).
cost(18, 17, 639558).
cost(18, 19, 228632).
cost(18, 20, 291865).
cost(18, 21, 302454).
cost(18, 22, 97630).
cost(18, 23, 599828).
cost(18, 24, 155996).
cost(18, 25, 577661).
cost(18, 26, 846695).
cost(18, 27, 592996).
cost(18, 28, 716648).
cost(19, 1, 598255).
cost(19, 2, 608797).
cost(19, 3, 629715).
cost(19, 4, 503684).
cost(19, 5, 392318).
cost(19, 6, 342700).
cost(19, 7, 628283).
cost(19, 8, 300477).
cost(19, 9, 429775).
cost(19, 10, 877514).
cost(19, 11, 329954).
cost(19, 12, 716320).
cost(19, 13, 174805).
cost(19, 14, 310261).
cost(19, 15, 678407).
cost(19, 16, 544979).
cost(19, 17, 534274).
cost(19, 18, 228632).
cost(19, 20, 447099).
cost(19, 21, 126994).
cost(19, 22, 324142).
cost(19, 23, 560262).
cost(19, 24, 353252).
cost(19, 25, 766433).
cost(19, 26, 799975).
cost(19, 27, 793480).
cost(19, 28, 571357).
cost(20, 1, 165875).
cost(20, 2, 185106).
cost(20, 3, 385787).
cost(20, 4, 440654).
cost(20, 5, 307680).
cost(20, 6, 225019).
cost(20, 7, 226305).
cost(20, 8, 420185).
cost(20, 9, 577801).
cost(20, 10, 712331).
cost(20, 11, 311044).
cost(20, 12, 294814).
cost(20, 13, 590072).
cost(20, 14, 573503).
cost(20, 15, 231681).
cost(20, 16, 342178).
cost(20, 17, 579332).
cost(20, 18, 291865).
cost(20, 19, 447099).
cost(20, 21, 439053).
cost(20, 22, 285129).
cost(20, 23, 463318).
cost(20, 24, 146280).
cost(20, 25, 325276).
cost(20, 26, 683723).
cost(20, 27, 363962).
cost(20, 28, 699502).
cost(21, 1, 602320).
cost(21, 2, 574043).
cost(21, 3, 540043).
cost(21, 4, 390349).
cost(21, 5, 469793).
cost(21, 6, 275862).
cost(21, 7, 582771).
cost(21, 8, 409262).
cost(21, 9, 303272).
cost(21, 10, 763560).
cost(21, 11, 235837).
cost(21, 12, 674705).
cost(21, 13, 286565).
cost(21, 14, 436907).
cost(21, 15, 661106).
cost(21, 16, 454036).
cost(21, 17, 408331).
cost(21, 18, 302454).
cost(21, 19, 126994).
cost(21, 20, 439053).
cost(21, 22, 399295).
cost(21, 23, 448206).
cost(21, 24, 384472).
cost(21, 25, 764210).
cost(21, 26, 681630).
cost(21, 27, 801272).
cost(21, 28, 445817).
cost(22, 1, 365778).
cost(22, 2, 467839).
cost(22, 3, 639317).
cost(22, 4, 619195).
cost(22, 5, 70498).
cost(22, 6, 378003).
cost(22, 7, 511389).
cost(22, 8, 139698).
cost(22, 9, 661087).
cost(22, 10, 953219).
cost(22, 11, 435813).
cost(22, 12, 574683).
cost(22, 13, 392527).
cost(22, 14, 304330).
cost(22, 15, 482380).
cost(22, 16, 574776).
cost(22, 17, 718297).
cost(22, 18, 97630).
cost(22, 19, 324142).
cost(22, 20, 285129).
cost(22, 21, 399295).
cost(22, 23, 661002).
cost(22, 24, 139526).
cost(22, 25, 527112).
cost(22, 26, 904615).
cost(22, 27, 532545).
cost(22, 28, 803589).
cost(23, 1, 588139).
cost(23, 2, 434903).
cost(23, 3, 179193).
cost(23, 4, 58245).
cost(23, 5, 715266).
cost(23, 6, 282999).
cost(23, 7, 398429).
cost(23, 8, 750939).
cost(23, 9, 278751).
cost(23, 10, 317322).
cost(23, 11, 240580).
cost(23, 12, 471844).
cost(23, 13, 732048).
cost(23, 14, 843557).
cost(23, 15, 553020).
cost(23, 16, 140722).
cost(23, 17, 176842).
cost(23, 18, 599828).
cost(23, 19, 560262).
cost(23, 20, 463318).
cost(23, 21, 448206).
cost(23, 22, 661002).
cost(23, 24, 548192).
cost(23, 25, 681278).
cost(23, 26, 247551).
cost(23, 27, 745119).
cost(23, 28, 316869).
cost(24, 1, 254643).
cost(24, 2, 330591).
cost(24, 3, 507170).
cost(24, 4, 512834).
cost(24, 5, 172892).
cost(24, 6, 270615).
cost(24, 7, 372512).
cost(24, 8, 274050).
cost(24, 9, 595922).
cost(24, 10, 827007).
cost(24, 11, 343702).
cost(24, 12, 439094).
cost(24, 13, 471112).
cost(24, 14, 430173).
cost(24, 15, 357989).
cost(24, 16, 448430).
cost(24, 17, 629961).
cost(24, 18, 155996).
cost(24, 19, 353252).
cost(24, 20, 146280).
cost(24, 21, 384472).
cost(24, 22, 139526).
cost(24, 23, 548192).
cost(24, 25, 423352).
cost(24, 26, 785585).
cost(24, 27, 443113).
cost(24, 28, 731895).
cost(25, 1, 169125).
cost(25, 2, 246687).
cost(25, 3, 531769).
cost(25, 4, 682299).
cost(25, 5, 506740).
cost(25, 6, 526812).
cost(25, 7, 285676).
cost(25, 8, 663280).
cost(25, 9, 868654).
cost(25, 10, 826890).
cost(25, 11, 609922).
cost(25, 12, 240267).
cost(25, 13, 894458).
cost(25, 14, 830446).
cost(25, 15, 128350).
cost(25, 16, 540583).
cost(25, 17, 836515).
cost(25, 18, 577661).
cost(25, 19, 766433).
cost(25, 20, 325276).
cost(25, 21, 764210).
cost(25, 22, 527112).
cost(25, 23, 681278).
cost(25, 24, 423352).
cost(25, 26, 838536).
cost(25, 27, 69501).
cost(25, 28, 971055).
cost(26, 1, 782080).
cost(26, 2, 606641).
cost(26, 3, 312508).
cost(26, 4, 299264).
cost(26, 5, 955896).
cost(26, 6, 527674).
cost(26, 7, 557461).
cost(26, 8, 998183).
cost(26, 9, 442080).
cost(26, 10, 104057).
cost(26, 11, 487744).
cost(26, 12, 602775).
cost(26, 13, 968120).
cost(26, 14, 1089770).
cost(26, 15, 716394).
cost(26, 16, 341689).
cost(26, 17, 304739).
cost(26, 18, 846695).
cost(26, 19, 799975).
cost(26, 20, 683723).
cost(26, 21, 681630).
cost(26, 22, 904615).
cost(26, 23, 247551).
cost(26, 24, 785585).
cost(26, 25, 838536).
cost(26, 27, 907085).
cost(26, 28, 391722).
cost(27, 1, 198963).
cost(27, 2, 310347).
cost(27, 3, 599173).
cost(27, 4, 743684).
cost(27, 5, 503310).
cost(27, 6, 576263).
cost(27, 7, 352353).
cost(27, 8, 664133).
cost(27, 9, 923102).
cost(27, 10, 896317).
cost(27, 11, 660943).
cost(27, 12, 309766).
cost(27, 13, 911780).
cost(27, 14, 831647).
cost(27, 15, 193102).
cost(27, 16, 604670).
cost(27, 17, 896895).
cost(27, 18, 592996).
cost(27, 19, 793480).
cost(27, 20, 363962).
cost(27, 21, 801272).
cost(27, 22, 532545).
cost(27, 23, 745119).
cost(27, 24, 443113).
cost(27, 25, 69501).
cost(27, 26, 907085).
cost(27, 28, 1029757).
cost(28, 1, 851519).
cost(28, 2, 726649).
cost(28, 3, 496061).
cost(28, 4, 294695).
cost(28, 5, 870476).
cost(28, 6, 476275).
cost(28, 7, 699390).
cost(28, 8, 846481).
cost(28, 9, 144656).
cost(28, 10, 495706).
cost(28, 11, 392632).
cost(28, 12, 780519).
cost(28, 13, 706375).
cost(28, 14, 881407).
cost(28, 15, 843831).
cost(28, 16, 446217).
cost(28, 17, 140655).
cost(28, 18, 716648).
cost(28, 19, 571357).
cost(28, 20, 699502).
cost(28, 21, 445817).
cost(28, 22, 803589).
cost(28, 23, 316869).
cost(28, 24, 731895).
cost(28, 25, 971055).
cost(28, 26, 391722).
cost(28, 27, 1029757).
