dimension(23).
point(1, 700201.0, 849072.0).
point(2, 490958.0, 817370.0).
point(3, 588316.0, 725976.0).
point(4, 42637.0, 6036.0).
point(5, 418389.0, 999104.0).
point(6, 845134.0, 677053.0).
point(7, 248841.0, 510193.0).
point(8, 132630.0, 795628.0).
point(9, 456974.0, 69028.0).
point(10, 350169.0, 523528.0).
point(11, 25138.0, 874444.0).
point(12, 907202.0, 132077.0).
point(13, 19931.0, 999382.0).
point(14, 242387.0, 902061.0).
point(15, 728333.0, 741534.0).
point(16, 211556.0, 254227.0).
point(17, 357347.0, 66086.0).
point(18, 45382.0, 516643.0).
point(19, 938786.0, 944370.0).
point(20, 955911.0, 912249.0).
point(21, 367006.0, 17454.0).
point(22, 986995.0, 971032.0).
point(23, 760599.0, 143410.0).
cost(1, 2, 211631).
cost(1, 3, 166346).
cost(1, 4, 1069159).
cost(1, 5, 319261).
cost(1, 6, 224936).
cost(1, 7, 564415).
cost(1, 8, 570082).
cost(1, 9, 817085).
cost(1, 10, 478018).
cost(1, 11, 675540).
cost(1, 12, 746278).
cost(1, 13, 696678).
cost(1, 14, 460870).
cost(1, 15, 111157).
cost(1, 16, 769815).
cost(1, 17, 854761).
cost(1, 18, 734368).
cost(1, 19, 256913).
cost(1, 20, 263399).
cost(1, 21, 895884).
cost(1, 22, 311649).
cost(1, 23, 708242).
cost(2, 1, 211631).
cost(2, 3, 133534).
cost(2, 4, 926960).
cost(2, 5, 195687).
cost(2, 6, 380959).
cost(2, 7, 391124).
cost(2, 8, 358987).
cost(2, 9, 749113).
cost(2, 10, 325829).
cost(2, 11, 469303).
cost(2, 12, 801801).
cost(2, 13, 504970).
cost(2, 14, 262603).
cost(2, 15, 249195).
cost(2, 16, 628646).
cost(2, 17, 763072).
cost(2, 18, 537564).
cost(2, 19, 465488).
cost(2, 20, 474535).
cost(2, 21, 809463).
cost(2, 22, 519293).
cost(2, 23, 725898).
cost(3, 1, 166346).
cost(3, 2, 133534).
cost(3, 4, 903371).
cost(3, 5, 321674).
cost(3, 6, 261436).
cost(3, 7, 402251).
cost(3, 8, 460978).
cost(3, 9, 669949).
cost(3, 10, 312569).
cost(3, 11, 582419).
cost(3, 12, 674095).
cost(3, 13, 630724).
cost(3, 14, 388166).
cost(3, 15, 140879).
cost(3, 16, 603734).
cost(3, 17, 699143).
cost(3, 18, 581891).
cost(3, 19, 412947).
cost(3, 20, 412097).
cost(3, 21, 742281).
cost(3, 22, 467972).
cost(3, 23, 607507).
cost(4, 1, 1069159).
cost(4, 2, 926960).
cost(4, 3, 903371).
cost(4, 5, 1061779).
cost(4, 6, 1046071).
cost(4, 7, 544697).
cost(4, 8, 794704).
cost(4, 9, 419098).
cost(4, 10, 601975).
cost(4, 11, 868584).
cost(4, 12, 873704).
cost(4, 13, 993605).
cost(4, 14, 918020).
cost(4, 15, 1005553).
cost(4, 16, 300221).
cost(4, 17, 320388).
cost(4, 18, 510614).
cost(4, 19, 1297518).
cost(4, 20, 1286581).
cost(4, 21, 324570).
cost(4, 22, 1350196).
cost(4, 23, 730986).
cost(5, 1, 319261).
cost(5, 2, 195687).
cost(5, 3, 321674).
cost(5, 4, 1061779).
cost(5, 6, 534629).
cost(5, 7, 517475).
cost(5, 8, 350800).
cost(5, 9, 930876).
cost(5, 10, 480444).
cost(5, 11, 412537).
cost(5, 12, 995326).
cost(5, 13, 398458).
cost(5, 14, 200983).
cost(5, 15, 402998).
cost(5, 16, 773060).
cost(5, 17, 935013).
cost(5, 18, 609838).
cost(5, 19, 523267).
cost(5, 20, 544494).
cost(5, 21, 982994).
cost(5, 22, 569299).
cost(5, 23, 921586).
cost(6, 1, 224936).
cost(6, 2, 380959).
cost(6, 3, 261436).
cost(6, 4, 1046071).
cost(6, 5, 534629).
cost(6, 7, 619199).
cost(6, 8, 722303).
cost(6, 9, 721362).
cost(6, 10, 518228).
cost(6, 11, 843420).
cost(6, 12, 548499).
cost(6, 13, 885921).
cost(6, 14, 643376).
cost(6, 15, 133418).
cost(6, 16, 761711).
cost(6, 17, 781804).
cost(6, 18, 815680).
cost(6, 19, 283247).
cost(6, 20, 259978).
cost(6, 21, 814664).
cost(6, 22, 326417).
cost(6, 23, 540297).
cost(7, 1, 564415).
cost(7, 2, 391124).
cost(7, 3, 402251).
cost(7, 4, 544697).
cost(7, 5, 517475).
cost(7, 6, 619199).
cost(7, 8, 308185).
cost(7, 9, 487797).
cost(7, 10, 102202).
cost(7, 11, 427460).
cost(7, 12, 759217).
cost(7, 13, 540098).
cost(7, 14, 391921).
cost(7, 15, 532383).
cost(7, 16, 258667).
cost(7, 17, 457170).
cost(7, 18, 203561).
cost(7, 19, 815189).
cost(7, 20, 813386).
cost(7, 21, 506710).
cost(7, 22, 870198).
cost(7, 23, 629624).
cost(8, 1, 570082).
cost(8, 2, 358987).
cost(8, 3, 460978).
cost(8, 4, 794704).
cost(8, 5, 350800).
cost(8, 6, 722303).
cost(8, 7, 308185).
cost(8, 9, 795705).
cost(8, 10, 348370).
cost(8, 11, 133291).
cost(8, 12, 1019932).
cost(8, 13, 232845).
cost(8, 14, 152887).
cost(8, 15, 598154).
cost(8, 16, 547124).
cost(8, 17, 763367).
cost(8, 18, 292309).
cost(8, 19, 819763).
cost(8, 20, 831500).
cost(8, 21, 812703).
cost(8, 22, 872185).
cost(8, 23, 905391).
cost(9, 1, 817085).
cost(9, 2, 749113).
cost(9, 3, 669949).
cost(9, 4, 419098).
cost(9, 5, 930876).
cost(9, 6, 721362).
cost(9, 7, 487797).
cost(9, 8, 795705).
cost(9, 10, 466881).
cost(9, 11, 913880).
cost(9, 12, 454621).
cost(9, 13, 1027894).
cost(9, 14, 860228).
cost(9, 15, 725190).
cost(9, 16, 307455).
cost(9, 17, 99670).
cost(9, 18, 608085).
cost(9, 19, 999183).
cost(9, 20, 979775).
cost(9, 21, 103702).
cost(9, 22, 1046200).
cost(9, 23, 312603).
cost(10, 1, 478018).
cost(10, 2, 325829).
cost(10, 3, 312569).
cost(10, 4, 601975).
cost(10, 5, 480444).
cost(10, 6, 518228).
cost(10, 7, 102202).
cost(10, 8, 348370).
cost(10, 9, 466881).
cost(10, 11, 478317).
cost(10, 12, 680823).
cost(10, 13, 579219).
cost(10, 14, 393579).
cost(10, 15, 436503).
cost(10, 16, 302880).
cost(10, 17, 457498).
cost(10, 18, 304865).
cost(10, 19, 723587).
cost(10, 20, 719741).
cost(10, 21, 506354).
cost(10, 22, 778336).
cost(10, 23, 559413).
cost(11, 1, 675540).
cost(11, 2, 469303).
cost(11, 3, 582419).
cost(11, 4, 868584).
cost(11, 5, 412537).
cost(11, 6, 843420).
cost(11, 7, 427460).
cost(11, 8, 133291).
cost(11, 9, 913880).
cost(11, 10, 478317).
cost(11, 12, 1152886).
cost(11, 13, 125046).
cost(11, 14, 218997).
cost(11, 15, 715645).
cost(11, 16, 647627).
cost(11, 17, 873960).
cost(11, 18, 358373).
cost(11, 19, 916320).
cost(11, 20, 931540).
cost(11, 21, 922662).
cost(11, 22, 966694).
cost(11, 23, 1036973).
cost(12, 1, 746278).
cost(12, 2, 801801).
cost(12, 3, 674095).
cost(12, 4, 873704).
cost(12, 5, 995326).
cost(12, 6, 548499).
cost(12, 7, 759217).
cost(12, 8, 1019932).
cost(12, 9, 454621).
cost(12, 10, 680823).
cost(12, 11, 1152886).
cost(12, 13, 1240753).
cost(12, 14, 1017278).
cost(12, 15, 635163).
cost(12, 16, 706289).
cost(12, 17, 553801).
cost(12, 18, 943729).
cost(12, 19, 812907).
cost(12, 20, 781691).
cost(12, 21, 552223).
cost(12, 22, 842741).
cost(12, 23, 147040).
cost(13, 1, 696678).
cost(13, 2, 504970).
cost(13, 3, 630724).
cost(13, 4, 993605).
cost(13, 5, 398458).
cost(13, 6, 885921).
cost(13, 7, 540098).
cost(13, 8, 232845).
cost(13, 9, 1027894).
cost(13, 10, 579219).
cost(13, 11, 125046).
cost(13, 12, 1240753).
cost(13, 14, 242813).
cost(13, 15, 753869).
cost(13, 16, 769400).
cost(13, 17, 992417).
cost(13, 18, 483409).
cost(13, 19, 920500).
cost(13, 20, 940027).
cost(13, 21, 1041462).
cost(13, 22, 967479).
cost(13, 23, 1131935).
cost(14, 1, 460870).
cost(14, 2, 262603).
cost(14, 3, 388166).
cost(14, 4, 918020).
cost(14, 5, 200983).
cost(14, 6, 643376).
cost(14, 7, 391921).
cost(14, 8, 152887).
cost(14, 9, 860228).
cost(14, 10, 393579).
cost(14, 11, 218997).
cost(14, 12, 1017278).
cost(14, 13, 242813).
cost(14, 15, 511774).
cost(14, 16, 648567).
cost(14, 17, 843842).
cost(14, 18, 432849).
cost(14, 19, 697683).
cost(14, 20, 713597).
cost(14, 21, 893342).
cost(14, 22, 747795).
cost(14, 23, 918746).
cost(15, 1, 111157).
cost(15, 2, 249195).
cost(15, 3, 140879).
cost(15, 4, 1005553).
cost(15, 5, 402998).
cost(15, 6, 133418).
cost(15, 7, 532383).
cost(15, 8, 598154).
cost(15, 9, 725190).
cost(15, 10, 436503).
cost(15, 11, 715645).
cost(15, 12, 635163).
cost(15, 13, 753869).
cost(15, 14, 511774).
cost(15, 16, 710300).
cost(15, 17, 770624).
cost(15, 18, 719026).
cost(15, 19, 292289).
cost(15, 20, 284491).
cost(15, 21, 809227).
cost(15, 22, 345797).
cost(15, 23, 598994).
cost(16, 1, 769815).
cost(16, 2, 628646).
cost(16, 3, 603734).
cost(16, 4, 300221).
cost(16, 5, 773060).
cost(16, 6, 761711).
cost(16, 7, 258667).
cost(16, 8, 547124).
cost(16, 9, 307455).
cost(16, 10, 302880).
cost(16, 11, 647627).
cost(16, 12, 706289).
cost(16, 13, 769400).
cost(16, 14, 648567).
cost(16, 15, 710300).
cost(16, 17, 238017).
cost(16, 18, 310606).
cost(16, 19, 1002577).
cost(16, 20, 993508).
cost(16, 21, 283242).
cost(16, 22, 1055990).
cost(16, 23, 560115).
cost(17, 1, 854761).
cost(17, 2, 763072).
cost(17, 3, 699143).
cost(17, 4, 320388).
cost(17, 5, 935013).
cost(17, 6, 781804).
cost(17, 7, 457170).
cost(17, 8, 763367).
cost(17, 9, 99670).
cost(17, 10, 457498).
cost(17, 11, 873960).
cost(17, 12, 553801).
cost(17, 13, 992417).
cost(17, 14, 843842).
cost(17, 15, 770624).
cost(17, 16, 238017).
cost(17, 18, 548018).
cost(17, 19, 1053306).
cost(17, 20, 1036470).
cost(17, 21, 49582).
cost(17, 22, 1102444).
cost(17, 23, 410599).
cost(18, 1, 734368).
cost(18, 2, 537564).
cost(18, 3, 581891).
cost(18, 4, 510614).
cost(18, 5, 609838).
cost(18, 6, 815680).
cost(18, 7, 203561).
cost(18, 8, 292309).
cost(18, 9, 608085).
cost(18, 10, 304865).
cost(18, 11, 358373).
cost(18, 12, 943729).
cost(18, 13, 483409).
cost(18, 14, 432849).
cost(18, 15, 719026).
cost(18, 16, 310606).
cost(18, 17, 548018).
cost(18, 19, 990516).
cost(18, 20, 992757).
cost(18, 21, 593828).
cost(18, 22, 1045516).
cost(18, 23, 806745).
cost(19, 1, 256913).
cost(19, 2, 465488).
cost(19, 3, 412947).
cost(19, 4, 1297518).
cost(19, 5, 523267).
cost(19, 6, 283247).
cost(19, 7, 815189).
cost(19, 8, 819763).
cost(19, 9, 999183).
cost(19, 10, 723587).
cost(19, 11, 916320).
cost(19, 12, 812907).
cost(19, 13, 920500).
cost(19, 14, 697683).
cost(19, 15, 292289).
cost(19, 16, 1002577).
cost(19, 17, 1053306).
cost(19, 18, 990516).
cost(19, 20, 36401).
cost(19, 21, 1089085).
cost(19, 22, 55091).
cost(19, 23, 820541).
cost(20, 1, 263399).
cost(20, 2, 474535).
cost(20, 3, 412097).
cost(20, 4, 1286581).
cost(20, 5, 544494).
cost(20, 6, 259978).
cost(20, 7, 813386).
cost(20, 8, 831500).
cost(20, 9, 979775).
cost(20, 10, 719741).
cost(20, 11, 931540).
cost(20, 12, 781691).
cost(20, 13, 940027).
cost(20, 14, 713597).
cost(20, 15, 284491).
cost(20, 16, 993508).
cost(20, 17, 1036470).
cost(20, 18, 992757).
cost(20, 19, 36401).
cost(20, 21, 1071199).
cost(20, 22, 66496).
cost(20, 23, 793259).
cost(21, 1, 895884).
cost(21, 2, 809463).
cost(21, 3, 742281).
cost(21, 4, 324570).
cost(21, 5, 982994).
cost(21, 6, 814664).
cost(21, 7, 506710).
cost(21, 8, 812703).
cost(21, 9, 103702).
cost(21, 10, 506354).
cost(21, 11, 922662).
cost(21, 12, 552223).
cost(21, 13, 1041462).
cost(21, 14, 893342).
cost(21, 15, 809227).
cost(21, 16, 283242).
cost(21, 17, 49582).
cost(21, 18, 593828).
cost(21, 19, 1089085).
cost(21, 20, 1071199).
cost(21, 22, 1137408).
cost(21, 23, 413256).
cost(22, 1, 311649).
cost(22, 2, 519293).
cost(22, 3, 467972).
cost(22, 4, 1350196).
cost(22, 5, 569299).
cost(22, 6, 326417).
cost(22, 7, 870198).
cost(22, 8, 872185).
cost(22, 9, 1046200).
cost(22, 10, 778336).
cost(22, 11, 966694).
cost(22, 12, 842741).
cost(22, 13, 967479).
cost(22, 14, 747795).
cost(22, 15, 345797).
cost(22, 16, 1055990).
cost(22, 17, 1102444).
cost(22, 18, 1045516).
cost(22, 19, 55091).
cost(22, 20, 66496).
cost(22, 21, 1137408).
cost(22, 23, 858029).
cost(23, 1, 708242).
cost(23, 2, 725898).
cost(23, 3, 607507).
cost(23, 4, 730986).
cost(23, 5, 921586).
cost(23, 6, 540297).
cost(23, 7, 629624).
cost(23, 8, 905391).
cost(23, 9, 312603).
cost(23, 10, 559413).
cost(23, 11, 1036973).
cost(23, 12, 147040).
cost(23, 13, 1131935).
cost(23, 14, 918746).
cost(23, 15, 598994).
cost(23, 16, 560115).
cost(23, 17, 410599).
cost(23, 18, 806745).
cost(23, 19, 820541).
cost(23, 20, 793259).
cost(23, 21, 413256).
cost(23, 22, 858029).
