dimension(23).
point(1, 186781.0, 473452.0).
point(2, 436866.0, 143196.0).
point(3, 599907.0, 418224.0).
point(4, 270718.0, 876441.0).
point(5, 977793.0, 123530.0).
point(6, 729225.0, 963689.0).
point(7, 958147.0, 947490.0).
point(8, 137801.0, 936362.0).
point(9, 246180.0, 847637.0).
point(10, 540691.0, 994509.0).
point(11, 875463.0, 416929.0).
point(12, 716691.0, 389823.0).
point(13, 142746.0, 10758.0).
point(14, 886248.0, 952129.0).
point(15, 224797.0, 773021.0).
point(16, 678586.0, 408600.0).
point(17, 858364.0, 889879.0).
point(18, 449399.0, 785841.0).
point(19, 775176.0, 28863.0).
point(20, 66019.0, 146391.0).
point(21, 429482.0, 433989.0).
point(22, 379756.0, 99512.0).
point(23, 755718.0, 319701.0).
cost(1, 2, 414260).
cost(1, 3, 416801).
cost(1, 4, 411638).
cost(1, 5, 864954).
cost(1, 6, 731148).
cost(1, 7, 905383).
cost(1, 8, 465494).
cost(1, 9, 378870).
cost(1, 10, 629883).
cost(1, 11, 690998).
cost(1, 12, 536468).
cost(1, 13, 464785).
cost(1, 14, 847576).
cost(1, 15, 301972).
cost(1, 16, 496062).
cost(1, 17, 790212).
cost(1, 18, 408112).
cost(1, 19, 737474).
cost(1, 20, 348644).
cost(1, 21, 245888).
cost(1, 22, 420797).
cost(1, 23, 589346).
cost(2, 1, 414260).
cost(2, 3, 319723).
cost(2, 4, 751833).
cost(2, 5, 541284).
cost(2, 6, 871024).
cost(2, 7, 958448).
cost(2, 8, 847675).
cost(2, 9, 729793).
cost(2, 10, 857621).
cost(2, 11, 517008).
cost(2, 12, 372997).
cost(2, 13, 322562).
cost(2, 14, 925374).
cost(2, 15, 664570).
cost(2, 16, 358982).
cost(2, 17, 857436).
cost(2, 18, 642767).
cost(2, 19, 357107).
cost(2, 20, 370861).
cost(2, 21, 290887).
cost(2, 22, 71902).
cost(2, 23, 364446).
cost(3, 1, 416801).
cost(3, 2, 319723).
cost(3, 4, 564206).
cost(3, 5, 479210).
cost(3, 6, 560585).
cost(3, 7, 639107).
cost(3, 8, 694269).
cost(3, 9, 556344).
cost(3, 10, 579319).
cost(3, 11, 275559).
cost(3, 12, 120188).
cost(3, 13, 612393).
cost(3, 14, 605843).
cost(3, 15, 516322).
cost(3, 16, 79265).
cost(3, 17, 537828).
cost(3, 18, 397234).
cost(3, 19, 426991).
cost(3, 20, 599107).
cost(3, 21, 171153).
cost(3, 22, 387355).
cost(3, 23, 184347).
cost(4, 1, 411638).
cost(4, 2, 751833).
cost(4, 3, 564206).
cost(4, 5, 1032875).
cost(4, 6, 466734).
cost(4, 7, 691091).
cost(4, 8, 145799).
cost(4, 9, 37839).
cost(4, 10, 294662).
cost(4, 11, 759518).
cost(4, 12, 660067).
cost(4, 13, 875091).
cost(4, 14, 620166).
cost(4, 15, 113157).
cost(4, 16, 620670).
cost(4, 17, 587800).
cost(4, 18, 200338).
cost(4, 19, 986340).
cost(4, 20, 758205).
cost(4, 21, 470074).
cost(4, 22, 784543).
cost(4, 23, 738366).
cost(5, 1, 864954).
cost(5, 2, 541284).
cost(5, 3, 479210).
cost(5, 4, 1032875).
cost(5, 6, 876158).
cost(5, 7, 824194).
cost(5, 8, 1168881).
cost(5, 9, 1029363).
cost(5, 10, 974506).
cost(5, 11, 310732).
cost(5, 12, 372943).
cost(5, 13, 842627).
cost(5, 14, 833641).
cost(5, 15, 994405).
cost(5, 16, 413267).
cost(5, 17, 775599).
cost(5, 18, 847264).
cost(5, 19, 223641).
cost(5, 20, 912061).
cost(5, 21, 630103).
cost(5, 22, 598519).
cost(5, 23, 296311).
cost(6, 1, 731148).
cost(6, 2, 871024).
cost(6, 3, 560585).
cost(6, 4, 466734).
cost(6, 5, 876158).
cost(6, 7, 229494).
cost(6, 8, 592055).
cost(6, 9, 496790).
cost(6, 10, 191036).
cost(6, 11, 565979).
cost(6, 12, 574003).
cost(6, 13, 1118944).
cost(6, 14, 157448).
cost(6, 15, 539261).
cost(6, 16, 557394).
cost(6, 17, 148744).
cost(6, 18, 331561).
cost(6, 19, 935955).
cost(6, 20, 1052529).
cost(6, 21, 608628).
cost(6, 22, 932164).
cost(6, 23, 644533).
cost(7, 1, 905383).
cost(7, 2, 958448).
cost(7, 3, 639107).
cost(7, 4, 691091).
cost(7, 5, 824194).
cost(7, 6, 229494).
cost(7, 8, 820421).
cost(7, 9, 718935).
cost(7, 10, 420096).
cost(7, 11, 536965).
cost(7, 12, 607695).
cost(7, 13, 1241912).
cost(7, 14, 72049).
cost(7, 15, 753818).
cost(7, 16, 607089).
cost(7, 17, 115220).
cost(7, 18, 533812).
cost(7, 19, 936672).
cost(7, 20, 1199021).
cost(7, 21, 737001).
cost(7, 22, 1026452).
cost(7, 23, 659618).
cost(8, 1, 465494).
cost(8, 2, 847675).
cost(8, 3, 694269).
cost(8, 4, 145799).
cost(8, 5, 1168881).
cost(8, 6, 592055).
cost(8, 7, 820421).
cost(8, 9, 140065).
cost(8, 10, 407064).
cost(8, 11, 902195).
cost(8, 12, 796127).
cost(8, 13, 925617).
cost(8, 14, 748613).
cost(8, 15, 185064).
cost(8, 16, 755633).
cost(8, 17, 722061).
cost(8, 18, 346049).
cost(8, 19, 1108964).
cost(8, 20, 793226).
cost(8, 21, 580910).
cost(8, 22, 871126).
cost(8, 23, 872979).
cost(9, 1, 378870).
cost(9, 2, 729793).
cost(9, 3, 556344).
cost(9, 4, 37839).
cost(9, 5, 1029363).
cost(9, 6, 496790).
cost(9, 7, 718935).
cost(9, 8, 140065).
cost(9, 10, 329102).
cost(9, 11, 762566).
cost(9, 12, 656486).
cost(9, 13, 843247).
cost(9, 14, 648541).
cost(9, 15, 77619).
cost(9, 16, 616221).
cost(9, 17, 613640).
cost(9, 18, 212407).
cost(9, 19, 974796).
cost(9, 20, 724019).
cost(9, 21, 452443).
cost(9, 22, 759956).
cost(9, 23, 733720).
cost(10, 1, 629883).
cost(10, 2, 857621).
cost(10, 3, 579319).
cost(10, 4, 294662).
cost(10, 5, 974506).
cost(10, 6, 191036).
cost(10, 7, 420096).
cost(10, 8, 407064).
cost(10, 9, 329102).
cost(10, 11, 667586).
cost(10, 12, 629779).
cost(10, 13, 1061191).
cost(10, 14, 348146).
cost(10, 15, 385806).
cost(10, 16, 601917).
cost(10, 17, 334460).
cost(10, 18, 227764).
cost(10, 19, 993708).
cost(10, 20, 971914).
cost(10, 21, 571446).
cost(10, 22, 909351).
cost(10, 23, 708239).
cost(11, 1, 690998).
cost(11, 2, 517008).
cost(11, 3, 275559).
cost(11, 4, 759518).
cost(11, 5, 310732).
cost(11, 6, 565979).
cost(11, 7, 536965).
cost(11, 8, 902195).
cost(11, 9, 762566).
cost(11, 10, 667586).
cost(11, 12, 161069).
cost(11, 13, 837764).
cost(11, 14, 535309).
cost(11, 15, 741733).
cost(11, 16, 197053).
cost(11, 17, 473259).
cost(11, 18, 563584).
cost(11, 19, 400815).
cost(11, 20, 853458).
cost(11, 21, 446307).
cost(11, 22, 588625).
cost(11, 23, 154247).
cost(12, 1, 536468).
cost(12, 2, 372997).
cost(12, 3, 120188).
cost(12, 4, 660067).
cost(12, 5, 372943).
cost(12, 6, 574003).
cost(12, 7, 607695).
cost(12, 8, 796127).
cost(12, 9, 656486).
cost(12, 10, 629779).
cost(12, 11, 161069).
cost(12, 13, 687825).
cost(12, 14, 587314).
cost(12, 15, 623539).
cost(12, 16, 42480).
cost(12, 17, 519738).
cost(12, 18, 477782).
cost(12, 19, 365667).
cost(12, 20, 694718).
cost(12, 21, 290585).
cost(12, 22, 444753).
cost(12, 23, 80251).
cost(13, 1, 464785).
cost(13, 2, 322562).
cost(13, 3, 612393).
cost(13, 4, 875091).
cost(13, 5, 842627).
cost(13, 6, 1118944).
cost(13, 7, 1241912).
cost(13, 8, 925617).
cost(13, 9, 843247).
cost(13, 10, 1061191).
cost(13, 11, 837764).
cost(13, 12, 687825).
cost(13, 14, 1199573).
cost(13, 15, 766666).
cost(13, 16, 667385).
cost(13, 17, 1133562).
cost(13, 18, 833540).
cost(13, 19, 632689).
cost(13, 20, 155831).
cost(13, 21, 511216).
cost(13, 22, 253083).
cost(13, 23, 686426).
cost(14, 1, 847576).
cost(14, 2, 925374).
cost(14, 3, 605843).
cost(14, 4, 620166).
cost(14, 5, 833641).
cost(14, 6, 157448).
cost(14, 7, 72049).
cost(14, 8, 748613).
cost(14, 9, 648541).
cost(14, 10, 348146).
cost(14, 11, 535309).
cost(14, 12, 587314).
cost(14, 13, 1199573).
cost(14, 15, 685272).
cost(14, 16, 581848).
cost(14, 17, 68210).
cost(14, 18, 467428).
cost(14, 19, 929923).
cost(14, 20, 1149778).
cost(14, 21, 690727).
cost(14, 22, 991711).
cost(14, 23, 645758).
cost(15, 1, 301972).
cost(15, 2, 664570).
cost(15, 3, 516322).
cost(15, 4, 113157).
cost(15, 5, 994405).
cost(15, 6, 539261).
cost(15, 7, 753818).
cost(15, 8, 185064).
cost(15, 9, 77619).
cost(15, 10, 385806).
cost(15, 11, 741733).
cost(15, 12, 623539).
cost(15, 13, 766666).
cost(15, 14, 685272).
cost(15, 16, 582003).
cost(15, 17, 644254).
cost(15, 18, 224968).
cost(15, 19, 925575).
cost(15, 20, 646433).
cost(15, 21, 396029).
cost(15, 22, 691105).
cost(15, 23, 698123).
cost(16, 1, 496062).
cost(16, 2, 358982).
cost(16, 3, 79265).
cost(16, 4, 620670).
cost(16, 5, 413267).
cost(16, 6, 557394).
cost(16, 7, 607089).
cost(16, 8, 755633).
cost(16, 9, 616221).
cost(16, 10, 601917).
cost(16, 11, 197053).
cost(16, 12, 42480).
cost(16, 13, 667385).
cost(16, 14, 581848).
cost(16, 15, 582003).
cost(16, 17, 513760).
cost(16, 18, 441404).
cost(16, 19, 391829).
cost(16, 20, 666327).
cost(16, 21, 250394).
cost(16, 22, 429924).
cost(16, 23, 117696).
cost(17, 1, 790212).
cost(17, 2, 857436).
cost(17, 3, 537828).
cost(17, 4, 587800).
cost(17, 5, 775599).
cost(17, 6, 148744).
cost(17, 7, 115220).
cost(17, 8, 722061).
cost(17, 9, 613640).
cost(17, 10, 334460).
cost(17, 11, 473259).
cost(17, 12, 519738).
cost(17, 13, 1133562).
cost(17, 14, 68210).
cost(17, 15, 644254).
cost(17, 16, 513760).
cost(17, 18, 421991).
cost(17, 19, 865025).
cost(17, 20, 1086547).
cost(17, 21, 625920).
cost(17, 22, 923984).
cost(17, 23, 579344).
cost(18, 1, 408112).
cost(18, 2, 642767).
cost(18, 3, 397234).
cost(18, 4, 200338).
cost(18, 5, 847264).
cost(18, 6, 331561).
cost(18, 7, 533812).
cost(18, 8, 346049).
cost(18, 9, 212407).
cost(18, 10, 227764).
cost(18, 11, 563584).
cost(18, 12, 477782).
cost(18, 13, 833540).
cost(18, 14, 467428).
cost(18, 15, 224968).
cost(18, 16, 441404).
cost(18, 17, 421991).
cost(18, 19, 824103).
cost(18, 20, 745571).
cost(18, 21, 352415).
cost(18, 22, 689853).
cost(18, 23, 557779).
cost(19, 1, 737474).
cost(19, 2, 357107).
cost(19, 3, 426991).
cost(19, 4, 986340).
cost(19, 5, 223641).
cost(19, 6, 935955).
cost(19, 7, 936672).
cost(19, 8, 1108964).
cost(19, 9, 974796).
cost(19, 10, 993708).
cost(19, 11, 400815).
cost(19, 12, 365667).
cost(19, 13, 632689).
cost(19, 14, 929923).
cost(19, 15, 925575).
cost(19, 16, 391829).
cost(19, 17, 865025).
cost(19, 18, 824103).
cost(19, 20, 718830).
cost(19, 21, 532571).
cost(19, 22, 401682).
cost(19, 23, 291488).
cost(20, 1, 348644).
cost(20, 2, 370861).
cost(20, 3, 599107).
cost(20, 4, 758205).
cost(20, 5, 912061).
cost(20, 6, 1052529).
cost(20, 7, 1199021).
cost(20, 8, 793226).
cost(20, 9, 724019).
cost(20, 10, 971914).
cost(20, 11, 853458).
cost(20, 12, 694718).
cost(20, 13, 155831).
cost(20, 14, 1149778).
cost(20, 15, 646433).
cost(20, 16, 666327).
cost(20, 17, 1086547).
cost(20, 18, 745571).
cost(20, 19, 718830).
cost(20, 21, 463485).
cost(20, 22, 317220).
cost(20, 23, 711141).
cost(21, 1, 245888).
cost(21, 2, 290887).
cost(21, 3, 171153).
cost(21, 4, 470074).
cost(21, 5, 630103).
cost(21, 6, 608628).
cost(21, 7, 737001).
cost(21, 8, 580910).
cost(21, 9, 452443).
cost(21, 10, 571446).
cost(21, 11, 446307).
cost(21, 12, 290585).
cost(21, 13, 511216).
cost(21, 14, 690727).
cost(21, 15, 396029).
cost(21, 16, 250394).
cost(21, 17, 625920).
cost(21, 18, 352415).
cost(21, 19, 532571).
cost(21, 20, 463485).
cost(21, 22, 338153).
cost(21, 23, 345676).
cost(22, 1, 420797).
cost(22, 2, 71902).
cost(22, 3, 387355).
cost(22, 4, 784543).
cost(22, 5, 598519).
cost(22, 6, 932164).
cost(22, 7, 1026452).
cost(22, 8, 871126).
cost(22, 9, 759956).
cost(22, 10, 909351).
cost(22, 11, 588625).
cost(22, 12, 444753).
cost(22, 13, 253083).
cost(22, 14, 991711).
cost(22, 15, 691105).
cost(22, 16, 429924).
cost(22, 17, 923984).
cost(22, 18, 689853).
cost(22, 19, 401682).
cost(22, 20, 317220).
cost(22, 21, 338153).
cost(22, 23, 435696).
cost(23, 1, 589346).
cost(23, 2, 364446).
cost(23, 3, 184347).
cost(23, 4, 738366).
cost(23, 5, 296311).
cost(23, 6, 644533).
cost(23, 7, 659618).
cost(23, 8, 872979).
cost(23, 9, 733720).
cost(23, 10, 708239).
cost(23, 11, 154247).
cost(23, 12, 80251).
cost(23, 13, 686426).
cost(23, 14, 645758).
cost(23, 15, 698123).
cost(23, 16, 117696).
cost(23, 17, 579344).
cost(23, 18, 557779).
cost(23, 19, 291488).
cost(23, 20, 711141).
cost(23, 21, 345676).
cost(23, 22, 435696).
