dimension(27).
point(1, 89465.0, 148576.0).
point(2, 47684.0, 278031.0).
point(3, 797589.0, 479775.0).
point(4, 625102.0, 102360.0).
point(5, 65912.0, 298645.0).
point(6, 752407.0, 306362.0).
point(7, 816286.0, 660031.0).
point(8, 736767.0, 708215.0).
point(9, 88339.0, 91915.0).
point(10, 502586.0, 500313.0).
point(11, 905398.0, 708432.0).
point(12, 754793.0, 538274.0).
point(13, 318183.0, 208483.0).
point(14, 757476.0, 342116.0).
point(15, 725504.0, 766724.0).
point(16, 185180.0, 377726.0).
point(17, 158161.0, 925121.0).
point(18, 168596.0, 132001.0).
point(19, 807898.0, 811964.0).
point(20, 43997.0, 899562.0).
point(21, 216986.0, 150682.0).
point(22, 501203.0, 873816.0).
point(23, 956694.0, 684443.0).
point(24, 87214.0, 636320.0).
point(25, 387008.0, 241996.0).
point(26, 181328.0, 284330.0).
point(27, 133466.0, 367217.0).
cost(1, 2, 136030).
cost(1, 3, 781750).
cost(1, 4, 537627).
cost(1, 5, 151906).
cost(1, 6, 681461).
cost(1, 7, 888738).
cost(1, 8, 855684).
cost(1, 9, 56672).
cost(1, 10, 542575).
cost(1, 11, 989538).
cost(1, 12, 771055).
cost(1, 13, 236433).
cost(1, 14, 695483).
cost(1, 15, 886934).
cost(1, 16, 248337).
cost(1, 17, 779578).
cost(1, 18, 80848).
cost(1, 19, 977870).
cost(1, 20, 752361).
cost(1, 21, 127538).
cost(1, 22, 833967).
cost(1, 23, 1019431).
cost(1, 24, 487749).
cost(1, 25, 311864).
cost(1, 26, 163914).
cost(1, 27, 223025).
cost(2, 1, 136030).
cost(2, 3, 776568).
cost(2, 4, 603549).
cost(2, 5, 27517).
cost(2, 6, 705292).
cost(2, 7, 858297).
cost(2, 8, 812338).
cost(2, 9, 190505).
cost(2, 10, 506305).
cost(2, 11, 959645).
cost(2, 12, 753478).
cost(2, 13, 279297).
cost(2, 14, 712679).
cost(2, 15, 835620).
cost(2, 16, 169836).
cost(2, 17, 656453).
cost(2, 18, 189590).
cost(2, 19, 928983).
cost(2, 20, 621542).
cost(2, 21, 211851).
cost(2, 22, 748758).
cost(2, 23, 995726).
cost(2, 24, 360463).
cost(2, 25, 341232).
cost(2, 26, 133792).
cost(2, 27, 123744).
cost(3, 1, 781750).
cost(3, 2, 776568).
cost(3, 4, 414962).
cost(3, 5, 753763).
cost(3, 6, 179202).
cost(3, 7, 181223).
cost(3, 8, 236398).
cost(3, 9, 808375).
cost(3, 10, 295717).
cost(3, 11, 252798).
cost(3, 12, 72482).
cost(3, 13, 550844).
cost(3, 14, 143384).
cost(3, 15, 295865).
cost(3, 16, 620853).
cost(3, 17, 779231).
cost(3, 18, 718734).
cost(3, 19, 332349).
cost(3, 20, 862625).
cost(3, 21, 667384).
cost(3, 22, 493065).
cost(3, 23, 259236).
cost(3, 24, 727419).
cost(3, 25, 474463).
cost(3, 26, 646511).
cost(3, 27, 673594).
cost(4, 1, 537627).
cost(4, 2, 603549).
cost(4, 3, 414962).
cost(4, 5, 592639).
cost(4, 6, 240465).
cost(4, 7, 589532).
cost(4, 8, 616060).
cost(4, 9, 536865).
cost(4, 10, 416385).
cost(4, 11, 667749).
cost(4, 12, 454798).
cost(4, 13, 324748).
cost(4, 14, 273872).
cost(4, 15, 671908).
cost(4, 16, 518997).
cost(4, 17, 946028).
cost(4, 18, 457467).
cost(4, 19, 732770).
cost(4, 20, 986516).
cost(4, 21, 410967).
cost(4, 22, 781342).
cost(4, 23, 669906).
cost(4, 24, 757916).
cost(4, 25, 276020).
cost(4, 26, 479634).
cost(4, 27, 558440).
cost(5, 1, 151906).
cost(5, 2, 27517).
cost(5, 3, 753763).
cost(5, 4, 592639).
cost(5, 6, 686538).
cost(5, 7, 832863).
cost(5, 8, 785999).
cost(5, 9, 207943).
cost(5, 10, 480993).
cost(5, 11, 934164).
cost(5, 12, 729369).
cost(5, 13, 267899).
cost(5, 14, 692929).
cost(5, 15, 808801).
cost(5, 16, 143104).
cost(5, 17, 633231).
cost(5, 18, 195740).
cost(5, 19, 902241).
cost(5, 20, 601316).
cost(5, 21, 211463).
cost(5, 22, 721318).
cost(5, 23, 970738).
cost(5, 24, 338346).
cost(5, 25, 326055).
cost(5, 26, 116300).
cost(5, 27, 96258).
cost(6, 1, 681461).
cost(6, 2, 705292).
cost(6, 3, 179202).
cost(6, 4, 240465).
cost(6, 5, 686538).
cost(6, 7, 359392).
cost(6, 8, 402157).
cost(6, 9, 697835).
cost(6, 10, 316271).
cost(6, 11, 430194).
cost(6, 12, 231924).
cost(6, 13, 445119).
cost(6, 14, 36112).
cost(6, 15, 461147).
cost(6, 16, 571699).
cost(6, 17, 857899).
cost(6, 18, 609292).
cost(6, 19, 508638).
cost(6, 20, 923976).
cost(6, 21, 557595).
cost(6, 22, 620570).
cost(6, 23, 429742).
cost(6, 24, 742532).
cost(6, 25, 371025).
cost(6, 26, 571504).
cost(6, 27, 621925).
cost(7, 1, 888738).
cost(7, 2, 858297).
cost(7, 3, 181223).
cost(7, 4, 589532).
cost(7, 5, 832863).
cost(7, 6, 359392).
cost(7, 8, 92978).
cost(7, 9, 923397).
cost(7, 10, 352019).
cost(7, 11, 101408).
cost(7, 12, 136404).
cost(7, 13, 672311).
cost(7, 14, 323309).
cost(7, 15, 140088).
cost(7, 16, 691369).
cost(7, 17, 709508).
cost(7, 18, 835654).
cost(7, 19, 152164).
cost(7, 20, 808582).
cost(7, 21, 786509).
cost(7, 22, 380764).
cost(7, 23, 142514).
cost(7, 24, 729457).
cost(7, 25, 599194).
cost(7, 26, 737782).
cost(7, 27, 742956).
cost(8, 1, 855684).
cost(8, 2, 812338).
cost(8, 3, 236398).
cost(8, 4, 616060).
cost(8, 5, 785999).
cost(8, 6, 402157).
cost(8, 7, 92978).
cost(8, 9, 894586).
cost(8, 10, 313152).
cost(8, 11, 168631).
cost(8, 12, 170894).
cost(8, 13, 651878).
cost(8, 14, 366684).
cost(8, 15, 59583).
cost(8, 16, 643017).
cost(8, 17, 617926).
cost(8, 18, 809222).
cost(8, 19, 125791).
cost(8, 20, 718710).
cost(8, 21, 762244).
cost(8, 22, 287948).
cost(8, 23, 221208).
cost(8, 24, 653520).
cost(8, 25, 582831).
cost(8, 26, 698707).
cost(8, 27, 693002).
cost(9, 1, 56672).
cost(9, 2, 190505).
cost(9, 3, 808375).
cost(9, 4, 536865).
cost(9, 5, 207943).
cost(9, 6, 697835).
cost(9, 7, 923397).
cost(9, 8, 894586).
cost(9, 10, 581713).
cost(9, 11, 1023562).
cost(9, 12, 802120).
cost(9, 13, 257714).
cost(9, 14, 714384).
cost(9, 15, 928088).
cost(9, 16, 301772).
cost(9, 17, 836126).
cost(9, 18, 89711).
cost(9, 19, 1017957).
cost(9, 20, 808863).
cost(9, 21, 141434).
cost(9, 22, 884209).
cost(9, 23, 1051252).
cost(9, 24, 544406).
cost(9, 25, 334257).
cost(9, 26, 213707).
cost(9, 27, 278976).
cost(10, 1, 542575).
cost(10, 2, 506305).
cost(10, 3, 295717).
cost(10, 4, 416385).
cost(10, 5, 480993).
cost(10, 6, 316271).
cost(10, 7, 352019).
cost(10, 8, 313152).
cost(10, 9, 581713).
cost(10, 11, 453399).
cost(10, 12, 255048).
cost(10, 13, 345209).
cost(10, 14, 299992).
cost(10, 15, 347372).
cost(10, 16, 340256).
cost(10, 17, 546892).
cost(10, 18, 497195).
cost(10, 19, 436282).
cost(10, 20, 608033).
cost(10, 21, 451452).
cost(10, 22, 373506).
cost(10, 23, 490018).
cost(10, 24, 437072).
cost(10, 25, 282995).
cost(10, 26, 387112).
cost(10, 27, 392383).
cost(11, 1, 989538).
cost(11, 2, 959645).
cost(11, 3, 252798).
cost(11, 4, 667749).
cost(11, 5, 934164).
cost(11, 6, 430194).
cost(11, 7, 101408).
cost(11, 8, 168631).
cost(11, 9, 1023562).
cost(11, 10, 453399).
cost(11, 12, 227235).
cost(11, 13, 771214).
cost(11, 14, 395055).
cost(11, 15, 189103).
cost(11, 16, 792515).
cost(11, 17, 778021).
cost(11, 18, 935494).
cost(11, 19, 142215).
cost(11, 20, 882350).
cost(11, 21, 886000).
cost(11, 22, 436721).
cost(11, 23, 56628).
cost(11, 24, 821356).
cost(11, 25, 697345).
cost(11, 26, 839130).
cost(11, 27, 843983).
cost(12, 1, 771055).
cost(12, 2, 753478).
cost(12, 3, 72482).
cost(12, 4, 454798).
cost(12, 5, 729369).
cost(12, 6, 231924).
cost(12, 7, 136404).
cost(12, 8, 170894).
cost(12, 9, 802120).
cost(12, 10, 255048).
cost(12, 11, 227235).
cost(12, 13, 547166).
cost(12, 14, 196176).
cost(12, 15, 230320).
cost(12, 16, 591806).
cost(12, 17, 711070).
cost(12, 18, 713221).
cost(12, 19, 278794).
cost(12, 20, 797346).
cost(12, 21, 662921).
cost(12, 22, 420590).
cost(12, 23, 249258).
cost(12, 24, 674740).
cost(12, 25, 472278).
cost(12, 26, 627176).
cost(12, 27, 644444).
cost(13, 1, 236433).
cost(13, 2, 279297).
cost(13, 3, 550844).
cost(13, 4, 324748).
cost(13, 5, 267899).
cost(13, 6, 445119).
cost(13, 7, 672311).
cost(13, 8, 651878).
cost(13, 9, 257714).
cost(13, 10, 345209).
cost(13, 11, 771214).
cost(13, 12, 547166).
cost(13, 14, 459169).
cost(13, 15, 691045).
cost(13, 16, 215251).
cost(13, 17, 734287).
cost(13, 18, 168005).
cost(13, 19, 777181).
cost(13, 20, 743484).
cost(13, 21, 116541).
cost(13, 22, 690047).
cost(13, 23, 796388).
cost(13, 24, 486201).
cost(13, 25, 76551).
cost(13, 26, 156467).
cost(13, 27, 243551).
cost(14, 1, 695483).
cost(14, 2, 712679).
cost(14, 3, 143384).
cost(14, 4, 273872).
cost(14, 5, 692929).
cost(14, 6, 36112).
cost(14, 7, 323309).
cost(14, 8, 366684).
cost(14, 9, 714384).
cost(14, 10, 299992).
cost(14, 11, 395055).
cost(14, 12, 196176).
cost(14, 13, 459169).
cost(14, 15, 425810).
cost(14, 16, 573403).
cost(14, 17, 836106).
cost(14, 18, 625242).
cost(14, 19, 472546).
cost(14, 20, 905427).
cost(14, 21, 573390).
cost(14, 22, 590238).
cost(14, 23, 396075).
cost(14, 24, 731988).
cost(14, 25, 383758).
cost(14, 26, 579039).
cost(14, 27, 624515).
cost(15, 1, 886934).
cost(15, 2, 835620).
cost(15, 3, 295865).
cost(15, 4, 671908).
cost(15, 5, 808801).
cost(15, 6, 461147).
cost(15, 7, 140088).
cost(15, 8, 59583).
cost(15, 9, 928088).
cost(15, 10, 347372).
cost(15, 11, 189103).
cost(15, 12, 230320).
cost(15, 13, 691045).
cost(15, 14, 425810).
cost(15, 16, 665785).
cost(15, 17, 589040).
cost(15, 18, 844405).
cost(15, 19, 93997).
cost(15, 20, 694333).
cost(15, 21, 798811).
cost(15, 22, 248555).
cost(15, 23, 245396).
cost(15, 24, 651475).
cost(15, 25, 624435).
cost(15, 26, 727208).
cost(15, 27, 714223).
cost(16, 1, 248337).
cost(16, 2, 169836).
cost(16, 3, 620853).
cost(16, 4, 518997).
cost(16, 5, 143104).
cost(16, 6, 571699).
cost(16, 7, 691369).
cost(16, 8, 643017).
cost(16, 9, 301772).
cost(16, 10, 340256).
cost(16, 11, 792515).
cost(16, 12, 591806).
cost(16, 13, 215251).
cost(16, 14, 573403).
cost(16, 15, 665785).
cost(16, 17, 548061).
cost(16, 18, 246284).
cost(16, 19, 759171).
cost(16, 20, 540597).
cost(16, 21, 229261).
cost(16, 22, 588197).
cost(16, 23, 830246).
cost(16, 24, 276529).
cost(16, 25, 243222).
cost(16, 26, 93475).
cost(16, 27, 52771).
cost(17, 1, 779578).
cost(17, 2, 656453).
cost(17, 3, 779231).
cost(17, 4, 946028).
cost(17, 5, 633231).
cost(17, 6, 857899).
cost(17, 7, 709508).
cost(17, 8, 617926).
cost(17, 9, 836126).
cost(17, 10, 546892).
cost(17, 11, 778021).
cost(17, 12, 711070).
cost(17, 13, 734287).
cost(17, 14, 836106).
cost(17, 15, 589040).
cost(17, 16, 548061).
cost(17, 18, 793189).
cost(17, 19, 659517).
cost(17, 20, 116990).
cost(17, 21, 776670).
cost(17, 22, 346857).
cost(17, 23, 834015).
cost(17, 24, 297388).
cost(17, 25, 720438).
cost(17, 26, 641210).
cost(17, 27, 558450).
cost(18, 1, 80848).
cost(18, 2, 189590).
cost(18, 3, 718734).
cost(18, 4, 457467).
cost(18, 5, 195740).
cost(18, 6, 609292).
cost(18, 7, 835654).
cost(18, 8, 809222).
cost(18, 9, 89711).
cost(18, 10, 497195).
cost(18, 11, 935494).
cost(18, 12, 713221).
cost(18, 13, 168005).
cost(18, 14, 625242).
cost(18, 15, 844405).
cost(18, 16, 246284).
cost(18, 17, 793189).
cost(18, 19, 933304).
cost(18, 20, 777608).
cost(18, 21, 51871).
cost(18, 22, 812968).
cost(18, 23, 962440).
cost(18, 24, 510843).
cost(18, 25, 244546).
cost(18, 26, 152860).
cost(18, 27, 237825).
cost(19, 1, 977870).
cost(19, 2, 928983).
cost(19, 3, 332349).
cost(19, 4, 732770).
cost(19, 5, 902241).
cost(19, 6, 508638).
cost(19, 7, 152164).
cost(19, 8, 125791).
cost(19, 9, 1017957).
cost(19, 10, 436282).
cost(19, 11, 142215).
cost(19, 12, 278794).
cost(19, 13, 777181).
cost(19, 14, 472546).
cost(19, 15, 93997).
cost(19, 16, 759171).
cost(19, 17, 659517).
cost(19, 18, 933304).
cost(19, 20, 768907).
cost(19, 21, 886832).
cost(19, 22, 312870).
cost(19, 23, 195964).
cost(19, 24, 741779).
cost(19, 25, 708528).
cost(19, 26, 819138).
cost(19, 27, 807873).
cost(20, 1, 752361).
cost(20, 2, 621542).
cost(20, 3, 862625).
cost(20, 4, 986516).
cost(20, 5, 601316).
cost(20, 6, 923976).
cost(20, 7, 808582).
cost(20, 8, 718710).
cost(20, 9, 808863).
cost(20, 10, 608033).
cost(20, 11, 882350).
cost(20, 12, 797346).
cost(20, 13, 743484).
cost(20, 14, 905427).
cost(20, 15, 694333).
cost(20, 16, 540597).
cost(20, 17, 116990).
cost(20, 18, 777608).
cost(20, 19, 768907).
cost(20, 21, 768600).
cost(20, 22, 457930).
cost(20, 23, 937706).
cost(20, 24, 266766).
cost(20, 25, 741653).
cost(20, 26, 630373).
cost(20, 27, 539811).
cost(21, 1, 127538).
cost(21, 2, 211851).
cost(21, 3, 667384).
cost(21, 4, 410967).
cost(21, 5, 211463).
cost(21, 6, 557595).
cost(21, 7, 786509).
cost(21, 8, 762244).
cost(21, 9, 141434).
cost(21, 10, 451452).
cost(21, 11, 886000).
cost(21, 12, 662921).
cost(21, 13, 116541).
cost(21, 14, 573390).
cost(21, 15, 798811).
cost(21, 16, 229261).
cost(21, 17, 776670).
cost(21, 18, 51871).
cost(21, 19, 886832).
cost(21, 20, 768600).
cost(21, 22, 776983).
cost(21, 23, 912178).
cost(21, 24, 502678).
cost(21, 25, 192992).
cost(21, 26, 138323).
cost(21, 27, 232084).
cost(22, 1, 833967).
cost(22, 2, 748758).
cost(22, 3, 493065).
cost(22, 4, 781342).
cost(22, 5, 721318).
cost(22, 6, 620570).
cost(22, 7, 380764).
cost(22, 8, 287948).
cost(22, 9, 884209).
cost(22, 10, 373506).
cost(22, 11, 436721).
cost(22, 12, 420590).
cost(22, 13, 690047).
cost(22, 14, 590238).
cost(22, 15, 248555).
cost(22, 16, 588197).
cost(22, 17, 346857).
cost(22, 18, 812968).
cost(22, 19, 312870).
cost(22, 20, 457930).
cost(22, 21, 776983).
cost(22, 23, 493289).
cost(22, 24, 477275).
cost(22, 25, 642057).
cost(22, 26, 670682).
cost(22, 27, 625998).
cost(23, 1, 1019431).
cost(23, 2, 995726).
cost(23, 3, 259236).
cost(23, 4, 669906).
cost(23, 5, 970738).
cost(23, 6, 429742).
cost(23, 7, 142514).
cost(23, 8, 221208).
cost(23, 9, 1051252).
cost(23, 10, 490018).
cost(23, 11, 56628).
cost(23, 12, 249258).
cost(23, 13, 796388).
cost(23, 14, 396075).
cost(23, 15, 245396).
cost(23, 16, 830246).
cost(23, 17, 834015).
cost(23, 18, 962440).
cost(23, 19, 195964).
cost(23, 20, 937706).
cost(23, 21, 912178).
cost(23, 22, 493289).
cost(23, 24, 870811).
cost(23, 25, 721319).
cost(23, 26, 872515).
cost(23, 27, 882234).
cost(24, 1, 487749).
cost(24, 2, 360463).
cost(24, 3, 727419).
cost(24, 4, 757916).
cost(24, 5, 338346).
cost(24, 6, 742532).
cost(24, 7, 729457).
cost(24, 8, 653520).
cost(24, 9, 544406).
cost(24, 10, 437072).
cost(24, 11, 821356).
cost(24, 12, 674740).
cost(24, 13, 486201).
cost(24, 14, 731988).
cost(24, 15, 651475).
cost(24, 16, 276529).
cost(24, 17, 297388).
cost(24, 18, 510843).
cost(24, 19, 741779).
cost(24, 20, 266766).
cost(24, 21, 502678).
cost(24, 22, 477275).
cost(24, 23, 870811).
cost(24, 25, 495346).
cost(24, 26, 364355).
cost(24, 27, 273049).
cost(25, 1, 311864).
cost(25, 2, 341232).
cost(25, 3, 474463).
cost(25, 4, 276020).
cost(25, 5, 326055).
cost(25, 6, 371025).
cost(25, 7, 599194).
cost(25, 8, 582831).
cost(25, 9, 334257).
cost(25, 10, 282995).
cost(25, 11, 697345).
cost(25, 12, 472278).
cost(25, 13, 76551).
cost(25, 14, 383758).
cost(25, 15, 624435).
cost(25, 16, 243222).
cost(25, 17, 720438).
cost(25, 18, 244546).
cost(25, 19, 708528).
cost(25, 20, 741653).
cost(25, 21, 192992).
cost(25, 22, 642057).
cost(25, 23, 721319).
cost(25, 24, 495346).
cost(25, 26, 209991).
cost(25, 27, 282779).
cost(26, 1, 163914).
cost(26, 2, 133792).
cost(26, 3, 646511).
cost(26, 4, 479634).
cost(26, 5, 116300).
cost(26, 6, 571504).
cost(26, 7, 737782).
cost(26, 8, 698707).
cost(26, 9, 213707).
cost(26, 10, 387112).
cost(26, 11, 839130).
cost(26, 12, 627176).
cost(26, 13, 156467).
cost(26, 14, 579039).
cost(26, 15, 727208).
cost(26, 16, 93475).
cost(26, 17, 641210).
cost(26, 18, 152860).
cost(26, 19, 819138).
cost(26, 20, 630373).
cost(26, 21, 138323).
cost(26, 22, 670682).
cost(26, 23, 872515).
cost(26, 24, 364355).
cost(26, 25, 209991).
cost(26, 27, 95713).
cost(27, 1, 223025).
cost(27, 2, 123744).
cost(27, 3, 673594).
cost(27, 4, 558440).
cost(27, 5, 96258).
cost(27, 6, 621925).
cost(27, 7, 742956).
cost(27, 8, 693002).
cost(27, 9, 278976).
cost(27, 10, 392383).
cost(27, 11, 843983).
cost(27, 12, 644444).
cost(27, 13, 243551).
cost(27, 14, 624515).
cost(27, 15, 714223).
cost(27, 16, 52771).
cost(27, 17, 558450).
cost(27, 18, 237825).
cost(27, 19, 807873).
cost(27, 20, 539811).
cost(27, 21, 232084).
cost(27, 22, 625998).
cost(27, 23, 882234).
cost(27, 24, 273049).
cost(27, 25, 282779).
cost(27, 26, 95713).
nocross(1,13).
nocross(1,21).
nocross(2,1).
nocross(2,5).
nocross(2,13).
nocross(2,16).
nocross(2,27).
nocross(3,7).
nocross(3,14).
nocross(3,23).
nocross(4,6).
nocross(4,13).
nocross(4,14).
nocross(4,25).
nocross(5,2).
nocross(5,13).
nocross(5,16).
nocross(5,27).
nocross(6,3).
nocross(6,4).
nocross(6,10).
nocross(6,12).
nocross(6,14).
nocross(6,23).
nocross(6,25).
nocross(7,3).
nocross(7,8).
nocross(7,12).
nocross(7,14).
nocross(8,11).
nocross(8,12).
nocross(8,20).
nocross(9,13).
nocross(10,3).
nocross(10,8).
nocross(10,12).
nocross(10,13).
nocross(10,14).
nocross(10,16).
nocross(10,17).
nocross(10,20).
nocross(10,25).
nocross(11,3).
nocross(11,8).
nocross(11,15).
nocross(11,23).
nocross(12,3).
nocross(12,6).
nocross(12,7).
nocross(12,14).
nocross(12,23).
nocross(13,2).
nocross(13,16).
nocross(13,18).
nocross(13,25).
nocross(14,3).
nocross(14,4).
nocross(14,6).
nocross(14,10).
nocross(14,12).
nocross(14,16).
nocross(14,23).
nocross(14,25).
nocross(15,7).
nocross(15,8).
nocross(15,11).
nocross(15,20).
nocross(16,2).
nocross(16,13).
nocross(16,17).
nocross(16,20).
nocross(16,25).
nocross(16,26).
nocross(17,20).
nocross(18,5).
nocross(18,9).
nocross(18,13).
nocross(18,16).
nocross(19,7).
nocross(19,8).
nocross(19,12).
nocross(19,15).
nocross(20,14).
nocross(20,16).
nocross(20,27).
nocross(21,2).
nocross(21,5).
nocross(21,13).
nocross(22,8).
nocross(22,11).
nocross(22,15).
nocross(22,17).
nocross(22,19).
nocross(22,20).
nocross(23,3).
nocross(23,6).
nocross(23,8).
nocross(23,11).
nocross(23,12).
nocross(23,15).
nocross(24,2).
nocross(24,5).
nocross(24,16).
nocross(24,20).
nocross(24,27).
nocross(25,2).
nocross(25,4).
nocross(25,6).
nocross(25,13).
nocross(25,14).
nocross(25,16).
nocross(26,2).
nocross(26,13).
nocross(26,16).
nocross(26,20).
nocross(26,25).
nocross(26,27).
nocross(27,2).
nocross(27,5).
nocross(27,16).
nocross(27,17).
nocross(27,18).
nocross(27,20).
nocross(27,24).
nocross(27,26).
