dimension(18).
point(1, 451887.0, 696840.0).
point(2, 496225.0, 390344.0).
point(3, 30043.0, 618069.0).
point(4, 663728.0, 939494.0).
point(5, 832242.0, 847038.0).
point(6, 427862.0, 508944.0).
point(7, 802344.0, 684463.0).
point(8, 351246.0, 902271.0).
point(9, 298116.0, 672020.0).
point(10, 36048.0, 419061.0).
point(11, 486307.0, 627388.0).
point(12, 221364.0, 459961.0).
point(13, 862065.0, 440336.0).
point(14, 560287.0, 882308.0).
point(15, 715601.0, 854886.0).
point(16, 92863.0, 809972.0).
point(17, 961008.0, 431740.0).
point(18, 99842.0, 285753.0).
cost(1, 2, 309686).
cost(1, 3, 429135).
cost(1, 4, 322114).
cost(1, 5, 408937).
cost(1, 6, 189426).
cost(1, 7, 350675).
cost(1, 8, 228759).
cost(1, 9, 155761).
cost(1, 10, 500083).
cost(1, 11, 77513).
cost(1, 12, 330534).
cost(1, 13, 483777).
cost(1, 14, 214823).
cost(1, 15, 307447).
cost(1, 16, 376427).
cost(1, 17, 574005).
cost(1, 18, 541228).
cost(2, 1, 309686).
cost(2, 3, 518830).
cost(2, 4, 574128).
cost(2, 5, 566989).
cost(2, 6, 136892).
cost(2, 7, 424517).
cost(2, 8, 532060).
cost(2, 9, 344367).
cost(2, 10, 461072).
cost(2, 11, 237251).
cost(2, 12, 283540).
cost(2, 13, 369240).
cost(2, 14, 496117).
cost(2, 15, 513736).
cost(2, 16, 582055).
cost(2, 17, 466623).
cost(2, 18, 409950).
cost(3, 1, 429135).
cost(3, 2, 518830).
cost(3, 4, 710543).
cost(3, 5, 834236).
cost(3, 6, 412515).
cost(3, 7, 775150).
cost(3, 8, 428885).
cost(3, 9, 273448).
cost(3, 10, 199099).
cost(3, 11, 456359).
cost(3, 12, 248197).
cost(3, 13, 850794).
cost(3, 14, 592436).
cost(3, 15, 725308).
cost(3, 16, 201924).
cost(3, 17, 949428).
cost(3, 18, 339567).
cost(4, 1, 322114).
cost(4, 2, 574128).
cost(4, 3, 710543).
cost(4, 5, 192211).
cost(4, 6, 490924).
cost(4, 7, 290267).
cost(4, 8, 314691).
cost(4, 9, 453006).
cost(4, 10, 815373).
cost(4, 11, 359010).
cost(4, 12, 652409).
cost(4, 13, 537118).
cost(4, 14, 118196).
cost(4, 15, 99244).
cost(4, 16, 585374).
cost(4, 17, 588379).
cost(4, 18, 863333).
cost(5, 1, 408937).
cost(5, 2, 566989).
cost(5, 3, 834236).
cost(5, 4, 192211).
cost(5, 6, 527097).
cost(5, 7, 165301).
cost(5, 8, 484157).
cost(5, 9, 562069).
cost(5, 10, 903930).
cost(5, 11, 409777).
cost(5, 12, 723188).
cost(5, 13, 407794).
cost(5, 14, 274233).
cost(5, 15, 116905).
cost(5, 16, 740307).
cost(5, 17, 434802).
cost(5, 18, 922741).
cost(6, 1, 189426).
cost(6, 2, 136892).
cost(6, 3, 412515).
cost(6, 4, 490924).
cost(6, 5, 527097).
cost(6, 7, 413574).
cost(6, 8, 400720).
cost(6, 9, 208393).
cost(6, 10, 401991).
cost(6, 11, 132079).
cost(6, 12, 212228).
cost(6, 13, 439590).
cost(6, 14, 396153).
cost(6, 15, 449966).
cost(6, 16, 450380).
cost(6, 17, 538707).
cost(6, 18, 396751).
cost(7, 1, 350675).
cost(7, 2, 424517).
cost(7, 3, 775150).
cost(7, 4, 290267).
cost(7, 5, 165301).
cost(7, 6, 413574).
cost(7, 8, 500929).
cost(7, 9, 504382).
cost(7, 10, 810955).
cost(7, 11, 321149).
cost(7, 12, 622847).
cost(7, 13, 251326).
cost(7, 14, 312625).
cost(7, 15, 191229).
cost(7, 16, 720497).
cost(7, 17, 298401).
cost(7, 18, 807762).
cost(8, 1, 228759).
cost(8, 2, 532060).
cost(8, 3, 428885).
cost(8, 4, 314691).
cost(8, 5, 484157).
cost(8, 6, 400720).
cost(8, 7, 500929).
cost(8, 9, 236301).
cost(8, 10, 576924).
cost(8, 11, 306271).
cost(8, 12, 460985).
cost(8, 13, 688709).
cost(8, 14, 209992).
cost(8, 15, 367423).
cost(8, 16, 274374).
cost(8, 17, 770201).
cost(8, 18, 665807).
cost(9, 1, 155761).
cost(9, 2, 344367).
cost(9, 3, 273448).
cost(9, 4, 453006).
cost(9, 5, 562069).
cost(9, 6, 208393).
cost(9, 7, 504382).
cost(9, 8, 236301).
cost(9, 10, 364236).
cost(9, 11, 193411).
cost(9, 12, 225521).
cost(9, 13, 609685).
cost(9, 14, 336087).
cost(9, 15, 455778).
cost(9, 16, 247305).
cost(9, 17, 705096).
cost(9, 18, 434183).
cost(10, 1, 500083).
cost(10, 2, 461072).
cost(10, 3, 199099).
cost(10, 4, 815373).
cost(10, 5, 903930).
cost(10, 6, 401991).
cost(10, 7, 810955).
cost(10, 8, 576924).
cost(10, 9, 364236).
cost(10, 11, 496118).
cost(10, 12, 189776).
cost(10, 13, 826291).
cost(10, 14, 699589).
cost(10, 15, 807301).
cost(10, 16, 395018).
cost(10, 17, 925047).
cost(10, 18, 147786).
cost(11, 1, 77513).
cost(11, 2, 237251).
cost(11, 3, 456359).
cost(11, 4, 359010).
cost(11, 5, 409777).
cost(11, 6, 132079).
cost(11, 7, 321149).
cost(11, 8, 306271).
cost(11, 9, 193411).
cost(11, 10, 496118).
cost(11, 12, 313411).
cost(11, 13, 419741).
cost(11, 14, 265438).
cost(11, 15, 323003).
cost(11, 16, 433745).
cost(11, 17, 513439).
cost(11, 18, 515819).
cost(12, 1, 330534).
cost(12, 2, 283540).
cost(12, 3, 248197).
cost(12, 4, 652409).
cost(12, 5, 723188).
cost(12, 6, 212228).
cost(12, 7, 622847).
cost(12, 8, 460985).
cost(12, 9, 225521).
cost(12, 10, 189776).
cost(12, 11, 313411).
cost(12, 13, 641001).
cost(12, 14, 541522).
cost(12, 15, 632642).
cost(12, 16, 372854).
cost(12, 17, 740182).
cost(12, 18, 212405).
cost(13, 1, 483777).
cost(13, 2, 369240).
cost(13, 3, 850794).
cost(13, 4, 537118).
cost(13, 5, 407794).
cost(13, 6, 439590).
cost(13, 7, 251326).
cost(13, 8, 688709).
cost(13, 9, 609685).
cost(13, 10, 826291).
cost(13, 11, 419741).
cost(13, 12, 641001).
cost(13, 14, 535172).
cost(13, 15, 439663).
cost(13, 16, 853406).
cost(13, 17, 99316).
cost(13, 18, 777740).
cost(14, 1, 214823).
cost(14, 2, 496117).
cost(14, 3, 592436).
cost(14, 4, 118196).
cost(14, 5, 274233).
cost(14, 6, 396153).
cost(14, 7, 312625).
cost(14, 8, 209992).
cost(14, 9, 336087).
cost(14, 10, 699589).
cost(14, 11, 265438).
cost(14, 12, 541522).
cost(14, 13, 535172).
cost(14, 15, 157716).
cost(14, 16, 472988).
cost(14, 17, 602983).
cost(14, 18, 753583).
cost(15, 1, 307447).
cost(15, 2, 513736).
cost(15, 3, 725308).
cost(15, 4, 99244).
cost(15, 5, 116905).
cost(15, 6, 449966).
cost(15, 7, 191229).
cost(15, 8, 367423).
cost(15, 9, 455778).
cost(15, 10, 807301).
cost(15, 11, 323003).
cost(15, 12, 632642).
cost(15, 13, 439663).
cost(15, 14, 157716).
cost(15, 16, 624356).
cost(15, 17, 489160).
cost(15, 18, 838494).
cost(16, 1, 376427).
cost(16, 2, 582055).
cost(16, 3, 201924).
cost(16, 4, 585374).
cost(16, 5, 740307).
cost(16, 6, 450380).
cost(16, 7, 720497).
cost(16, 8, 274374).
cost(16, 9, 247305).
cost(16, 10, 395018).
cost(16, 11, 433745).
cost(16, 12, 372854).
cost(16, 13, 853406).
cost(16, 14, 472988).
cost(16, 15, 624356).
cost(16, 17, 946961).
cost(16, 18, 524265).
cost(17, 1, 574005).
cost(17, 2, 466623).
cost(17, 3, 949428).
cost(17, 4, 588379).
cost(17, 5, 434802).
cost(17, 6, 538707).
cost(17, 7, 298401).
cost(17, 8, 770201).
cost(17, 9, 705096).
cost(17, 10, 925047).
cost(17, 11, 513439).
cost(17, 12, 740182).
cost(17, 13, 99316).
cost(17, 14, 602983).
cost(17, 15, 489160).
cost(17, 16, 946961).
cost(17, 18, 873452).
cost(18, 1, 541228).
cost(18, 2, 409950).
cost(18, 3, 339567).
cost(18, 4, 863333).
cost(18, 5, 922741).
cost(18, 6, 396751).
cost(18, 7, 807762).
cost(18, 8, 665807).
cost(18, 9, 434183).
cost(18, 10, 147786).
cost(18, 11, 515819).
cost(18, 12, 212405).
cost(18, 13, 777740).
cost(18, 14, 753583).
cost(18, 15, 838494).
cost(18, 16, 524265).
cost(18, 17, 873452).
