dimension(15).
point(1, -222615.0, 477544.0).
point(2, -350264.0, -410978.0).
point(3, -30918.0, -363158.0).
point(4, -255916.0, 12205.0).
point(5, 88194.0, -9875.0).
point(6, -20728.0, 137482.0).
point(7, -174318.0, -249386.0).
point(8, 138124.0, -118081.0).
point(9, 323675.0, 242038.0).
point(10, 73466.0, -116596.0).
point(11, 826315.0, 48059.0).
point(12, -437174.0, -434685.0).
point(13, 100222.0, 135732.0).
point(14, 25200.0, -139900.0).
point(15, -276415.0, -209848.0).
cost(1, 2, 897644).
cost(1, 3, 862280).
cost(1, 4, 466529).
cost(1, 5, 578083).
cost(1, 6, 395475).
cost(1, 7, 728533).
cost(1, 8, 696349).
cost(1, 9, 594891).
cost(1, 10, 663827).
cost(1, 11, 1133451).
cost(1, 12, 937122).
cost(1, 13, 470169).
cost(1, 14, 665319).
cost(1, 15, 689494).
cost(2, 1, 897644).
cost(2, 3, 322907).
cost(2, 4, 433573).
cost(2, 5, 594247).
cost(2, 6, 639846).
cost(2, 7, 238891).
cost(2, 8, 569484).
cost(2, 9, 938416).
cost(2, 10, 515953).
cost(2, 11, 1262954).
cost(2, 12, 90085).
cost(2, 13, 708399).
cost(2, 14, 463094).
cost(2, 15, 214259).
cost(3, 1, 862280).
cost(3, 2, 322907).
cost(3, 4, 437632).
cost(3, 5, 372822).
cost(3, 6, 500744).
cost(3, 7, 183051).
cost(3, 8, 297721).
cost(3, 9, 701426).
cost(3, 10, 267748).
cost(3, 11, 950762).
cost(3, 12, 412505).
cost(3, 13, 515838).
cost(3, 14, 230203).
cost(3, 15, 289435).
cost(4, 1, 466529).
cost(4, 2, 433573).
cost(4, 3, 437632).
cost(4, 5, 344818).
cost(4, 6, 266473).
cost(4, 7, 274022).
cost(4, 8, 415020).
cost(4, 9, 623497).
cost(4, 10, 353670).
cost(4, 11, 1082825).
cost(4, 12, 482250).
cost(4, 13, 376953).
cost(4, 14, 319628).
cost(4, 15, 222997).
cost(5, 1, 578083).
cost(5, 2, 594247).
cost(5, 3, 372822).
cost(5, 4, 344818).
cost(5, 6, 183243).
cost(5, 7, 355356).
cost(5, 8, 119170).
cost(5, 9, 344835).
cost(5, 10, 107732).
cost(5, 11, 740391).
cost(5, 12, 675629).
cost(5, 13, 146103).
cost(5, 14, 144481).
cost(5, 15, 415847).
cost(6, 1, 395475).
cost(6, 2, 639846).
cost(6, 3, 500744).
cost(6, 4, 266473).
cost(6, 5, 183243).
cost(6, 7, 416241).
cost(6, 8, 300909).
cost(6, 9, 359924).
cost(6, 10, 270976).
cost(6, 11, 851750).
cost(6, 12, 707674).
cost(6, 13, 120963).
cost(6, 14, 281159).
cost(6, 15, 431293).
cost(7, 1, 728533).
cost(7, 2, 238891).
cost(7, 3, 183051).
cost(7, 4, 274022).
cost(7, 5, 355356).
cost(7, 6, 416241).
cost(7, 8, 338912).
cost(7, 9, 699639).
cost(7, 10, 281123).
cost(7, 11, 1043906).
cost(7, 12, 321604).
cost(7, 13, 472957).
cost(7, 14, 227584).
cost(7, 15, 109485).
cost(8, 1, 696349).
cost(8, 2, 569484).
cost(8, 3, 297721).
cost(8, 4, 415020).
cost(8, 5, 119170).
cost(8, 6, 300909).
cost(8, 7, 338912).
cost(8, 9, 405111).
cost(8, 10, 64675).
cost(8, 11, 707961).
cost(8, 12, 656663).
cost(8, 13, 256627).
cost(8, 14, 115013).
cost(8, 15, 424575).
cost(9, 1, 594891).
cost(9, 2, 938416).
cost(9, 3, 701426).
cost(9, 4, 623497).
cost(9, 5, 344835).
cost(9, 6, 359924).
cost(9, 7, 699639).
cost(9, 8, 405111).
cost(9, 10, 437290).
cost(9, 11, 538772).
cost(9, 12, 1018256).
cost(9, 13, 247451).
cost(9, 14, 484731).
cost(9, 15, 751205).
cost(10, 1, 663827).
cost(10, 2, 515953).
cost(10, 3, 267748).
cost(10, 4, 353670).
cost(10, 5, 107732).
cost(10, 6, 270976).
cost(10, 7, 281123).
cost(10, 8, 64675).
cost(10, 9, 437290).
cost(10, 11, 770644).
cost(10, 12, 601609).
cost(10, 13, 253743).
cost(10, 14, 53597).
cost(10, 15, 362095).
cost(11, 1, 1133451).
cost(11, 2, 1262954).
cost(11, 3, 950762).
cost(11, 4, 1082825).
cost(11, 5, 740391).
cost(11, 6, 851750).
cost(11, 7, 1043906).
cost(11, 8, 707961).
cost(11, 9, 538772).
cost(11, 10, 770644).
cost(11, 12, 1352570).
cost(11, 13, 731367).
cost(11, 14, 822869).
cost(11, 15, 1132488).
cost(12, 1, 937122).
cost(12, 2, 90085).
cost(12, 3, 412505).
cost(12, 4, 482250).
cost(12, 5, 675629).
cost(12, 6, 707674).
cost(12, 7, 321604).
cost(12, 8, 656663).
cost(12, 9, 1018256).
cost(12, 10, 601609).
cost(12, 11, 1352570).
cost(12, 13, 783690).
cost(12, 14, 548350).
cost(12, 15, 276397).
cost(13, 1, 470169).
cost(13, 2, 708399).
cost(13, 3, 515838).
cost(13, 4, 376953).
cost(13, 5, 146103).
cost(13, 6, 120963).
cost(13, 7, 472957).
cost(13, 8, 256627).
cost(13, 9, 247451).
cost(13, 10, 253743).
cost(13, 11, 731367).
cost(13, 12, 783690).
cost(13, 14, 285659).
cost(13, 15, 511156).
cost(14, 1, 665319).
cost(14, 2, 463094).
cost(14, 3, 230203).
cost(14, 4, 319628).
cost(14, 5, 144481).
cost(14, 6, 281159).
cost(14, 7, 227584).
cost(14, 8, 115013).
cost(14, 9, 484731).
cost(14, 10, 53597).
cost(14, 11, 822869).
cost(14, 12, 548350).
cost(14, 13, 285659).
cost(14, 15, 309620).
cost(15, 1, 689494).
cost(15, 2, 214259).
cost(15, 3, 289435).
cost(15, 4, 222997).
cost(15, 5, 415847).
cost(15, 6, 431293).
cost(15, 7, 109485).
cost(15, 8, 424575).
cost(15, 9, 751205).
cost(15, 10, 362095).
cost(15, 11, 1132488).
cost(15, 12, 276397).
cost(15, 13, 511156).
cost(15, 14, 309620).
