dimension(15).
point(1, -174492.0, 127489.0).
point(2, -174312.0, 246625.0).
point(3, 39736.0, 236049.0).
point(4, 13023.0, 173588.0).
point(5, 75418.0, -88884.0).
point(6, -289782.0, 389020.0).
point(7, 172540.0, -62133.0).
point(8, -169563.0, 175595.0).
point(9, -67189.0, 57963.0).
point(10, 180114.0, 326780.0).
point(11, 183065.0, -544896.0).
point(12, 107636.0, -80493.0).
point(13, 229120.0, -640926.0).
point(14, 314386.0, -178261.0).
point(15, 692946.0, 347197.0).
cost(1, 2, 119136).
cost(1, 3, 240164).
cost(1, 4, 193098).
cost(1, 5, 330564).
cost(1, 6, 285815).
cost(1, 7, 395459).
cost(1, 8, 48358).
cost(1, 9, 127859).
cost(1, 10, 406771).
cost(1, 11, 761544).
cost(1, 12, 350504).
cost(1, 13, 867966).
cost(1, 14, 576615).
cost(1, 15, 894830).
cost(2, 1, 119136).
cost(2, 3, 214309).
cost(2, 4, 201069).
cost(2, 5, 418248).
cost(2, 6, 183329).
cost(2, 7, 464368).
cost(2, 8, 71189).
cost(2, 9, 216953).
cost(2, 10, 363377).
cost(2, 11, 868461).
cost(2, 12, 431857).
cost(2, 13, 974938).
cost(2, 14, 647575).
cost(2, 15, 873070).
cost(3, 1, 240164).
cost(3, 2, 214309).
cost(3, 4, 67934).
cost(3, 5, 326886).
cost(3, 6, 363294).
cost(3, 7, 326419).
cost(3, 8, 217855).
cost(3, 9, 207720).
cost(3, 10, 167147).
cost(3, 11, 793989).
cost(3, 12, 323743).
cost(3, 13, 897191).
cost(3, 14, 497077).
cost(3, 15, 662599).
cost(4, 1, 193098).
cost(4, 2, 201069).
cost(4, 3, 67934).
cost(4, 5, 269786).
cost(4, 6, 371621).
cost(4, 7, 284623).
cost(4, 8, 182597).
cost(4, 9, 140724).
cost(4, 10, 226687).
cost(4, 11, 738332).
cost(4, 12, 271125).
cost(4, 13, 842693).
cost(4, 14, 463268).
cost(4, 15, 701737).
cost(5, 1, 330564).
cost(5, 2, 418248).
cost(5, 3, 326886).
cost(5, 4, 269786).
cost(5, 6, 601468).
cost(5, 7, 100739).
cost(5, 8, 360506).
cost(5, 9, 204697).
cost(5, 10, 428646).
cost(5, 11, 468545).
cost(5, 12, 33293).
cost(5, 13, 573040).
cost(5, 14, 255135).
cost(5, 15, 755981).
cost(6, 1, 285815).
cost(6, 2, 183329).
cost(6, 3, 363294).
cost(6, 4, 371621).
cost(6, 5, 601468).
cost(6, 7, 645973).
cost(6, 8, 244955).
cost(6, 9, 398932).
cost(6, 10, 474000).
cost(6, 11, 1046797).
cost(6, 12, 615129).
cost(6, 13, 1153277).
cost(6, 14, 828750).
cost(6, 15, 983618).
cost(7, 1, 395459).
cost(7, 2, 464368).
cost(7, 3, 326419).
cost(7, 4, 284623).
cost(7, 5, 100739).
cost(7, 6, 645973).
cost(7, 8, 416592).
cost(7, 9, 268129).
cost(7, 10, 388987).
cost(7, 11, 482878).
cost(7, 12, 67451).
cost(7, 13, 581552).
cost(7, 14, 183319).
cost(7, 15, 662098).
cost(8, 1, 48358).
cost(8, 2, 71189).
cost(8, 3, 217855).
cost(8, 4, 182597).
cost(8, 5, 360506).
cost(8, 6, 244955).
cost(8, 7, 416592).
cost(8, 9, 155941).
cost(8, 10, 380961).
cost(8, 11, 802156).
cost(8, 12, 377386).
cost(8, 13, 908655).
cost(8, 14, 599517).
cost(8, 15, 879414).
cost(9, 1, 127859).
cost(9, 2, 216953).
cost(9, 3, 207720).
cost(9, 4, 140724).
cost(9, 5, 204697).
cost(9, 6, 398932).
cost(9, 7, 268129).
cost(9, 8, 155941).
cost(9, 10, 365269).
cost(9, 11, 652737).
cost(9, 12, 223011).
cost(9, 13, 759108).
cost(9, 14, 448778).
cost(9, 15, 813303).
cost(10, 1, 406771).
cost(10, 2, 363377).
cost(10, 3, 167147).
cost(10, 4, 226687).
cost(10, 5, 428646).
cost(10, 6, 474000).
cost(10, 7, 388987).
cost(10, 8, 380961).
cost(10, 9, 365269).
cost(10, 11, 871681).
cost(10, 12, 413672).
cost(10, 13, 968946).
cost(10, 14, 522585).
cost(10, 15, 513238).
cost(11, 1, 761544).
cost(11, 2, 868461).
cost(11, 3, 793989).
cost(11, 4, 738332).
cost(11, 5, 468545).
cost(11, 6, 1046797).
cost(11, 7, 482878).
cost(11, 8, 802156).
cost(11, 9, 652737).
cost(11, 10, 871681).
cost(11, 12, 470489).
cost(11, 13, 106503).
cost(11, 14, 389444).
cost(11, 15, 1027525).
cost(12, 1, 350504).
cost(12, 2, 431857).
cost(12, 3, 323743).
cost(12, 4, 271125).
cost(12, 5, 33293).
cost(12, 6, 615129).
cost(12, 7, 67451).
cost(12, 8, 377386).
cost(12, 9, 223011).
cost(12, 10, 413672).
cost(12, 11, 470489).
cost(12, 13, 573449).
cost(12, 14, 228701).
cost(12, 15, 724918).
cost(13, 1, 867966).
cost(13, 2, 974938).
cost(13, 3, 897191).
cost(13, 4, 842693).
cost(13, 5, 573040).
cost(13, 6, 1153277).
cost(13, 7, 581552).
cost(13, 8, 908655).
cost(13, 9, 759108).
cost(13, 10, 968946).
cost(13, 11, 106503).
cost(13, 12, 573449).
cost(13, 14, 470456).
cost(13, 15, 1091568).
cost(14, 1, 576615).
cost(14, 2, 647575).
cost(14, 3, 497077).
cost(14, 4, 463268).
cost(14, 5, 255135).
cost(14, 6, 828750).
cost(14, 7, 183319).
cost(14, 8, 599517).
cost(14, 9, 448778).
cost(14, 10, 522585).
cost(14, 11, 389444).
cost(14, 12, 228701).
cost(14, 13, 470456).
cost(14, 15, 647622).
cost(15, 1, 894830).
cost(15, 2, 873070).
cost(15, 3, 662599).
cost(15, 4, 701737).
cost(15, 5, 755981).
cost(15, 6, 983618).
cost(15, 7, 662098).
cost(15, 8, 879414).
cost(15, 9, 813303).
cost(15, 10, 513238).
cost(15, 11, 1027525).
cost(15, 12, 724918).
cost(15, 13, 1091568).
cost(15, 14, 647622).
