dimension(15).
point(1, -112779.0, 151854.0).
point(2, -302956.0, -17345.0).
point(3, -89648.0, -249058.0).
point(4, 51569.0, 113634.0).
point(5, -423648.0, -330685.0).
point(6, 113542.0, -258090.0).
point(7, 304475.0, -254196.0).
point(8, -203893.0, 255150.0).
point(9, -42541.0, 60703.0).
point(10, -503795.0, -190656.0).
point(11, -211850.0, -286266.0).
point(12, -207346.0, -87573.0).
point(13, 19860.0, -608410.0).
point(14, -164565.0, 148723.0).
point(15, -46621.0, 71594.0).
cost(1, 2, 254550).
cost(1, 3, 401579).
cost(1, 4, 168734).
cost(1, 5, 574006).
cost(1, 6, 468268).
cost(1, 7, 582218).
cost(1, 8, 137738).
cost(1, 9, 115073).
cost(1, 10, 519814).
cost(1, 11, 449182).
cost(1, 12, 257426).
cost(1, 13, 771748).
cost(1, 14, 51881).
cost(1, 15, 104012).
cost(2, 1, 254550).
cost(2, 3, 314946).
cost(2, 4, 377946).
cost(2, 5, 335780).
cost(2, 6, 481070).
cost(2, 7, 651975).
cost(2, 8, 289943).
cost(2, 9, 271859).
cost(2, 10, 265279).
cost(2, 11, 283935).
cost(2, 12, 118631).
cost(2, 13, 673475).
cost(2, 14, 216173).
cost(2, 15, 271326).
cost(3, 1, 401579).
cost(3, 2, 314946).
cost(3, 4, 389214).
cost(3, 5, 343830).
cost(3, 6, 203391).
cost(3, 7, 394156).
cost(3, 8, 516989).
cost(3, 9, 313322).
cost(3, 10, 418245).
cost(3, 11, 127741).
cost(3, 12, 199825).
cost(3, 13, 375667).
cost(3, 14, 404774).
cost(3, 15, 323526).
cost(4, 1, 168734).
cost(4, 2, 377946).
cost(4, 3, 389214).
cost(4, 5, 650577).
cost(4, 6, 376855).
cost(4, 7, 446386).
cost(4, 8, 292040).
cost(4, 9, 107974).
cost(4, 10, 633263).
cost(4, 11, 478863).
cost(4, 12, 327904).
cost(4, 13, 722740).
cost(4, 14, 218964).
cost(4, 15, 106811).
cost(5, 1, 574006).
cost(5, 2, 335780).
cost(5, 3, 343830).
cost(5, 4, 650577).
cost(5, 6, 542073).
cost(5, 7, 732130).
cost(5, 8, 625696).
cost(5, 9, 546285).
cost(5, 10, 161343).
cost(5, 11, 216406).
cost(5, 12, 325407).
cost(5, 13, 523288).
cost(5, 14, 544937).
cost(5, 15, 551342).
cost(6, 1, 468268).
cost(6, 2, 481070).
cost(6, 3, 203391).
cost(6, 4, 376855).
cost(6, 5, 542073).
cost(6, 7, 190973).
cost(6, 8, 603474).
cost(6, 9, 354952).
cost(6, 10, 621009).
cost(6, 11, 326610).
cost(6, 12, 363380).
cost(6, 13, 362630).
cost(6, 14, 492788).
cost(6, 15, 366529).
cost(7, 1, 582218).
cost(7, 2, 651975).
cost(7, 3, 394156).
cost(7, 4, 446386).
cost(7, 5, 732130).
cost(7, 6, 190973).
cost(7, 8, 719633).
cost(7, 9, 468595).
cost(7, 10, 810764).
cost(7, 11, 517320).
cost(7, 12, 538260).
cost(7, 13, 454393).
cost(7, 14, 618338).
cost(7, 15, 478965).
cost(8, 1, 137738).
cost(8, 2, 289943).
cost(8, 3, 516989).
cost(8, 4, 292040).
cost(8, 5, 625696).
cost(8, 6, 603474).
cost(8, 7, 719633).
cost(8, 9, 252674).
cost(8, 10, 537293).
cost(8, 11, 541474).
cost(8, 12, 342740).
cost(8, 13, 892077).
cost(8, 14, 113461).
cost(8, 15, 241717).
cost(9, 1, 115073).
cost(9, 2, 271859).
cost(9, 3, 313322).
cost(9, 4, 107974).
cost(9, 5, 546285).
cost(9, 6, 354952).
cost(9, 7, 468595).
cost(9, 8, 252674).
cost(9, 10, 525297).
cost(9, 11, 386074).
cost(9, 12, 221690).
cost(9, 13, 672016).
cost(9, 14, 150457).
cost(9, 15, 11630).
cost(10, 1, 519814).
cost(10, 2, 265279).
cost(10, 3, 418245).
cost(10, 4, 633263).
cost(10, 5, 161343).
cost(10, 6, 621009).
cost(10, 7, 810764).
cost(10, 8, 537293).
cost(10, 9, 525297).
cost(10, 11, 307202).
cost(10, 12, 313860).
cost(10, 13, 669875).
cost(10, 14, 479849).
cost(10, 15, 527051).
cost(11, 1, 449182).
cost(11, 2, 283935).
cost(11, 3, 127741).
cost(11, 4, 478863).
cost(11, 5, 216406).
cost(11, 6, 326610).
cost(11, 7, 517320).
cost(11, 8, 541474).
cost(11, 9, 386074).
cost(11, 10, 307202).
cost(11, 12, 198744).
cost(11, 13, 396820).
cost(11, 14, 437551).
cost(11, 15, 394163).
cost(12, 1, 257426).
cost(12, 2, 118631).
cost(12, 3, 199825).
cost(12, 4, 327904).
cost(12, 5, 325407).
cost(12, 6, 363380).
cost(12, 7, 538260).
cost(12, 8, 342740).
cost(12, 9, 221690).
cost(12, 10, 313860).
cost(12, 11, 198744).
cost(12, 13, 568237).
cost(12, 14, 240137).
cost(12, 15, 226200).
cost(13, 1, 771748).
cost(13, 2, 673475).
cost(13, 3, 375667).
cost(13, 4, 722740).
cost(13, 5, 523288).
cost(13, 6, 362630).
cost(13, 7, 454393).
cost(13, 8, 892077).
cost(13, 9, 672016).
cost(13, 10, 669875).
cost(13, 11, 396820).
cost(13, 12, 568237).
cost(13, 14, 779271).
cost(13, 15, 683246).
cost(14, 1, 51881).
cost(14, 2, 216173).
cost(14, 3, 404774).
cost(14, 4, 218964).
cost(14, 5, 544937).
cost(14, 6, 492788).
cost(14, 7, 618338).
cost(14, 8, 113461).
cost(14, 9, 150457).
cost(14, 10, 479849).
cost(14, 11, 437551).
cost(14, 12, 240137).
cost(14, 13, 779271).
cost(14, 15, 140924).
cost(15, 1, 104012).
cost(15, 2, 271326).
cost(15, 3, 323526).
cost(15, 4, 106811).
cost(15, 5, 551342).
cost(15, 6, 366529).
cost(15, 7, 478965).
cost(15, 8, 241717).
cost(15, 9, 11630).
cost(15, 10, 527051).
cost(15, 11, 394163).
cost(15, 12, 226200).
cost(15, 13, 683246).
cost(15, 14, 140924).
