dimension(15).
point(1, -214278.0, -69818.0).
point(2, 185848.0, -281717.0).
point(3, -10538.0, -102867.0).
point(4, -273842.0, 426690.0).
point(5, -219994.0, 106487.0).
point(6, 216629.0, 8399.0).
point(7, -113789.0, 26672.0).
point(8, -426333.0, -128224.0).
point(9, 80345.0, 281602.0).
point(10, -60243.0, -436434.0).
point(11, -350329.0, 393345.0).
point(12, -188432.0, -81653.0).
point(13, -142106.0, 280453.0).
point(14, -200139.0, -340292.0).
point(15, 343940.0, -680278.0).
cost(1, 2, 452771).
cost(1, 3, 206403).
cost(1, 4, 500068).
cost(1, 5, 176398).
cost(1, 6, 437948).
cost(1, 7, 139314).
cost(1, 8, 219951).
cost(1, 9, 458583).
cost(1, 10, 397661).
cost(1, 11, 482732).
cost(1, 12, 28427).
cost(1, 13, 357629).
cost(1, 14, 270843).
cost(1, 15, 827205).
cost(2, 1, 452771).
cost(2, 3, 265622).
cost(2, 4, 844485).
cost(2, 5, 561614).
cost(2, 6, 291744).
cost(2, 7, 429984).
cost(2, 8, 631130).
cost(2, 9, 573114).
cost(2, 10, 290686).
cost(2, 11, 862087).
cost(2, 12, 424395).
cost(2, 13, 650837).
cost(2, 14, 390406).
cost(2, 15, 428770).
cost(3, 1, 206403).
cost(3, 2, 265622).
cost(3, 4, 591405).
cost(3, 5, 296143).
cost(3, 6, 252953).
cost(3, 7, 165654).
cost(3, 8, 416567).
cost(3, 9, 395065).
cost(3, 10, 337250).
cost(3, 11, 601402).
cost(3, 12, 179154).
cost(3, 13, 405271).
cost(3, 14, 303841).
cost(3, 15, 677538).
cost(4, 1, 500068).
cost(4, 2, 844485).
cost(4, 3, 591405).
cost(4, 5, 324699).
cost(4, 6, 644616).
cost(4, 7, 430850).
cost(4, 8, 575485).
cost(4, 9, 382752).
cost(4, 10, 889161).
cost(4, 11, 83440).
cost(4, 12, 515468).
cost(4, 13, 196824).
cost(4, 14, 770515).
cost(4, 15, 1267688).
cost(5, 1, 176398).
cost(5, 2, 561614).
cost(5, 3, 296143).
cost(5, 4, 324699).
cost(5, 6, 447505).
cost(5, 7, 132853).
cost(5, 8, 312514).
cost(5, 9, 347662).
cost(5, 10, 565936).
cost(5, 11, 315079).
cost(5, 12, 190769).
cost(5, 13, 190606).
cost(5, 14, 447220).
cost(5, 15, 967998).
cost(6, 1, 437948).
cost(6, 2, 291744).
cost(6, 3, 252953).
cost(6, 4, 644616).
cost(6, 5, 447505).
cost(6, 7, 330923).
cost(6, 8, 657317).
cost(6, 9, 305308).
cost(6, 10, 523960).
cost(6, 11, 685292).
cost(6, 12, 414950).
cost(6, 13, 450227).
cost(6, 14, 543398).
cost(6, 15, 700346).
cost(7, 1, 139314).
cost(7, 2, 429984).
cost(7, 3, 165654).
cost(7, 4, 430850).
cost(7, 5, 132853).
cost(7, 6, 330923).
cost(7, 8, 348822).
cost(7, 9, 320433).
cost(7, 10, 466191).
cost(7, 11, 436349).
cost(7, 12, 131552).
cost(7, 13, 255356).
cost(7, 14, 376987).
cost(7, 15, 842196).
cost(8, 1, 219951).
cost(8, 2, 631130).
cost(8, 3, 416567).
cost(8, 4, 575485).
cost(8, 5, 312514).
cost(8, 6, 657317).
cost(8, 7, 348822).
cost(8, 9, 651675).
cost(8, 10, 478555).
cost(8, 11, 527078).
cost(8, 12, 242416).
cost(8, 13, 497797).
cost(8, 14, 310059).
cost(8, 15, 947673).
cost(9, 1, 458583).
cost(9, 2, 573114).
cost(9, 3, 395065).
cost(9, 4, 382752).
cost(9, 5, 347662).
cost(9, 6, 305308).
cost(9, 7, 320433).
cost(9, 8, 651675).
cost(9, 10, 731670).
cost(9, 11, 444934).
cost(9, 12, 451880).
cost(9, 13, 222454).
cost(9, 14, 682219).
cost(9, 15, 997344).
cost(10, 1, 397661).
cost(10, 2, 290686).
cost(10, 3, 337250).
cost(10, 4, 889161).
cost(10, 5, 565936).
cost(10, 6, 523960).
cost(10, 7, 466191).
cost(10, 8, 478555).
cost(10, 9, 731670).
cost(10, 11, 879024).
cost(10, 12, 377229).
cost(10, 13, 721546).
cost(10, 14, 169747).
cost(10, 15, 472042).
cost(11, 1, 482732).
cost(11, 2, 862087).
cost(11, 3, 601402).
cost(11, 4, 83440).
cost(11, 5, 315079).
cost(11, 6, 685292).
cost(11, 7, 436349).
cost(11, 8, 527078).
cost(11, 9, 444934).
cost(11, 10, 879024).
cost(11, 12, 501830).
cost(11, 13, 236857).
cost(11, 14, 748853).
cost(11, 15, 1278544).
cost(12, 1, 28427).
cost(12, 2, 424395).
cost(12, 3, 179154).
cost(12, 4, 515468).
cost(12, 5, 190769).
cost(12, 6, 414950).
cost(12, 7, 131552).
cost(12, 8, 242416).
cost(12, 9, 451880).
cost(12, 10, 377229).
cost(12, 11, 501830).
cost(12, 13, 365057).
cost(12, 14, 258904).
cost(12, 15, 801107).
cost(13, 1, 357629).
cost(13, 2, 650837).
cost(13, 3, 405271).
cost(13, 4, 196824).
cost(13, 5, 190606).
cost(13, 6, 450227).
cost(13, 7, 255356).
cost(13, 8, 497797).
cost(13, 9, 222454).
cost(13, 10, 721546).
cost(13, 11, 236857).
cost(13, 12, 365057).
cost(13, 14, 623452).
cost(13, 15, 1076682).
cost(14, 1, 270843).
cost(14, 2, 390406).
cost(14, 3, 303841).
cost(14, 4, 770515).
cost(14, 5, 447220).
cost(14, 6, 543398).
cost(14, 7, 376987).
cost(14, 8, 310059).
cost(14, 9, 682219).
cost(14, 10, 169747).
cost(14, 11, 748853).
cost(14, 12, 258904).
cost(14, 13, 623452).
cost(14, 15, 641570).
cost(15, 1, 827205).
cost(15, 2, 428770).
cost(15, 3, 677538).
cost(15, 4, 1267688).
cost(15, 5, 967998).
cost(15, 6, 700346).
cost(15, 7, 842196).
cost(15, 8, 947673).
cost(15, 9, 997344).
cost(15, 10, 472042).
cost(15, 11, 1278544).
cost(15, 12, 801107).
cost(15, 13, 1076682).
cost(15, 14, 641570).
