dimension(15).
point(1, -9556.0, 498448.0).
point(2, 22283.0, -88696.0).
point(3, -61641.0, 296545.0).
point(4, 157933.0, 258860.0).
point(5, -75114.0, 149672.0).
point(6, -21709.0, -124440.0).
point(7, -328682.0, 150269.0).
point(8, -46702.0, 283411.0).
point(9, 91568.0, 162370.0).
point(10, -20061.0, 135489.0).
point(11, -238558.0, -340258.0).
point(12, -339661.0, -346370.0).
point(13, 51582.0, -65652.0).
point(14, 61775.0, -282505.0).
point(15, -148848.0, 148060.0).
cost(1, 2, 588007).
cost(1, 3, 208513).
cost(1, 4, 292327).
cost(1, 5, 354884).
cost(1, 6, 623007).
cost(1, 7, 472303).
cost(1, 8, 218222).
cost(1, 9, 350962).
cost(1, 10, 363111).
cost(1, 11, 869408).
cost(1, 12, 907021).
cost(1, 13, 567403).
cost(1, 14, 784204).
cost(1, 15, 377060).
cost(2, 1, 588007).
cost(2, 3, 394276).
cost(2, 4, 373090).
cost(2, 5, 257499).
cost(2, 6, 56683).
cost(2, 7, 424595).
cost(2, 8, 378448).
cost(2, 9, 260451).
cost(2, 10, 228149).
cost(2, 11, 362383).
cost(2, 12, 444296).
cost(2, 13, 37275).
cost(2, 14, 197792).
cost(2, 15, 292129).
cost(3, 1, 208513).
cost(3, 2, 394276).
cost(3, 4, 222784).
cost(3, 5, 147490).
cost(3, 6, 422875).
cost(3, 7, 304479).
cost(3, 8, 19892).
cost(3, 9, 203656).
cost(3, 10, 166337).
cost(3, 11, 660922).
cost(3, 12, 700453).
cost(3, 13, 379481).
cost(3, 14, 592056).
cost(3, 15, 172200).
cost(4, 1, 292327).
cost(4, 2, 373090).
cost(4, 3, 222784).
cost(4, 5, 257358).
cost(4, 6, 423309).
cost(4, 7, 498584).
cost(4, 8, 206102).
cost(4, 9, 117109).
cost(4, 10, 216569).
cost(4, 11, 718434).
cost(4, 12, 783520).
cost(4, 13, 341495).
cost(4, 14, 549839).
cost(4, 15, 326177).
cost(5, 1, 354884).
cost(5, 2, 257499).
cost(5, 3, 147490).
cost(5, 4, 257358).
cost(5, 6, 279266).
cost(5, 7, 253569).
cost(5, 8, 136724).
cost(5, 9, 167165).
cost(5, 10, 56851).
cost(5, 11, 516474).
cost(5, 12, 562177).
cost(5, 13, 249833).
cost(5, 14, 453338).
cost(5, 15, 73752).
cost(6, 1, 623007).
cost(6, 2, 56683).
cost(6, 3, 422875).
cost(6, 4, 423309).
cost(6, 5, 279266).
cost(6, 7, 411944).
cost(6, 8, 408616).
cost(6, 9, 308369).
cost(6, 10, 259934).
cost(6, 11, 305943).
cost(6, 12, 387745).
cost(6, 13, 93955).
cost(6, 14, 178757).
cost(6, 15, 300700).
cost(7, 1, 472303).
cost(7, 2, 424595).
cost(7, 3, 304479).
cost(7, 4, 498584).
cost(7, 5, 253569).
cost(7, 6, 411944).
cost(7, 8, 311833).
cost(7, 9, 420424).
cost(7, 10, 308975).
cost(7, 11, 498737).
cost(7, 12, 496760).
cost(7, 13, 437290).
cost(7, 14, 582881).
cost(7, 15, 179848).
cost(8, 1, 218222).
cost(8, 2, 378448).
cost(8, 3, 19892).
cost(8, 4, 206102).
cost(8, 5, 136724).
cost(8, 6, 408616).
cost(8, 7, 311833).
cost(8, 9, 183765).
cost(8, 10, 150302).
cost(8, 11, 652512).
cost(8, 12, 694586).
cost(8, 13, 362636).
cost(8, 14, 576219).
cost(8, 15, 169569).
cost(9, 1, 350962).
cost(9, 2, 260451).
cost(9, 3, 203656).
cost(9, 4, 117109).
cost(9, 5, 167165).
cost(9, 6, 308369).
cost(9, 7, 420424).
cost(9, 8, 183765).
cost(9, 10, 114820).
cost(9, 11, 601347).
cost(9, 12, 666914).
cost(9, 13, 231501).
cost(9, 14, 445871).
cost(9, 15, 240842).
cost(10, 1, 363111).
cost(10, 2, 228149).
cost(10, 3, 166337).
cost(10, 4, 216569).
cost(10, 5, 56851).
cost(10, 6, 259934).
cost(10, 7, 308975).
cost(10, 8, 150302).
cost(10, 9, 114820).
cost(10, 11, 523523).
cost(10, 12, 578215).
cost(10, 13, 213519).
cost(10, 14, 425930).
cost(10, 15, 129399).
cost(11, 1, 869408).
cost(11, 2, 362383).
cost(11, 3, 660922).
cost(11, 4, 718434).
cost(11, 5, 516474).
cost(11, 6, 305943).
cost(11, 7, 498737).
cost(11, 8, 652512).
cost(11, 9, 601347).
cost(11, 10, 523523).
cost(11, 12, 101288).
cost(11, 13, 399487).
cost(11, 14, 305835).
cost(11, 15, 496490).
cost(12, 1, 907021).
cost(12, 2, 444296).
cost(12, 3, 700453).
cost(12, 4, 783520).
cost(12, 5, 562177).
cost(12, 6, 387745).
cost(12, 7, 496760).
cost(12, 8, 694586).
cost(12, 9, 666914).
cost(12, 10, 578215).
cost(12, 11, 101288).
cost(12, 13, 481533).
cost(12, 14, 406484).
cost(12, 15, 529972).
cost(13, 1, 567403).
cost(13, 2, 37275).
cost(13, 3, 379481).
cost(13, 4, 341495).
cost(13, 5, 249833).
cost(13, 6, 93955).
cost(13, 7, 437290).
cost(13, 8, 362636).
cost(13, 9, 231501).
cost(13, 10, 213519).
cost(13, 11, 399487).
cost(13, 12, 481533).
cost(13, 14, 217092).
cost(13, 15, 292993).
cost(14, 1, 784204).
cost(14, 2, 197792).
cost(14, 3, 592056).
cost(14, 4, 549839).
cost(14, 5, 453338).
cost(14, 6, 178757).
cost(14, 7, 582881).
cost(14, 8, 576219).
cost(14, 9, 445871).
cost(14, 10, 425930).
cost(14, 11, 305835).
cost(14, 12, 406484).
cost(14, 13, 217092).
cost(14, 15, 479321).
cost(15, 1, 377060).
cost(15, 2, 292129).
cost(15, 3, 172200).
cost(15, 4, 326177).
cost(15, 5, 73752).
cost(15, 6, 300700).
cost(15, 7, 179848).
cost(15, 8, 169569).
cost(15, 9, 240842).
cost(15, 10, 129399).
cost(15, 11, 496490).
cost(15, 12, 529972).
cost(15, 13, 292993).
cost(15, 14, 479321).
