dimension(15).
point(1, 160920.0, -37589.0).
point(2, 66778.0, 58804.0).
point(3, -92694.0, 100894.0).
point(4, 269876.0, 14636.0).
point(5, 426354.0, 59742.0).
point(6, 308721.0, 345192.0).
point(7, 540664.0, -294291.0).
point(8, -136330.0, -38564.0).
point(9, 444962.0, -117634.0).
point(10, 92243.0, -188352.0).
point(11, 97353.0, 14850.0).
point(12, 100631.0, -4042.0).
point(13, -373030.0, -311886.0).
point(14, -178441.0, -103073.0).
point(15, -26527.0, -117740.0).
cost(1, 2, 134738).
cost(1, 3, 288960).
cost(1, 4, 120826).
cost(1, 5, 282716).
cost(1, 6, 410325).
cost(1, 7, 458368).
cost(1, 8, 297252).
cost(1, 9, 295105).
cost(1, 10, 165668).
cost(1, 11, 82405).
cost(1, 12, 68994).
cost(1, 13, 600284).
cost(1, 14, 345621).
cost(1, 15, 203864).
cost(2, 1, 134738).
cost(2, 3, 164933).
cost(2, 4, 207845).
cost(2, 5, 359577).
cost(2, 6, 374906).
cost(2, 7, 590969).
cost(2, 8, 225241).
cost(2, 9, 417317).
cost(2, 10, 248464).
cost(2, 11, 53542).
cost(2, 12, 71384).
cost(2, 13, 575189).
cost(2, 14, 293831).
cost(2, 15, 199684).
cost(3, 1, 288960).
cost(3, 2, 164933).
cost(3, 4, 372689).
cost(3, 5, 520677).
cost(3, 6, 469910).
cost(3, 7, 746534).
cost(3, 8, 146125).
cost(3, 9, 580369).
cost(3, 10, 343315).
cost(3, 11, 208618).
cost(3, 12, 219968).
cost(3, 13, 498975).
cost(3, 14, 221258).
cost(3, 15, 228427).
cost(4, 1, 120826).
cost(4, 2, 207845).
cost(4, 3, 372689).
cost(4, 5, 162849).
cost(4, 6, 332831).
cost(4, 7, 410807).
cost(4, 8, 409675).
cost(4, 9, 219432).
cost(4, 10, 269736).
cost(4, 11, 172523).
cost(4, 12, 170273).
cost(4, 13, 721072).
cost(4, 14, 463512).
cost(4, 15, 324620).
cost(5, 1, 282716).
cost(5, 2, 359577).
cost(5, 3, 520677).
cost(5, 4, 162849).
cost(5, 6, 308738).
cost(5, 7, 372030).
cost(5, 8, 571207).
cost(5, 9, 178349).
cost(5, 10, 416150).
cost(5, 11, 332050).
cost(5, 12, 331909).
cost(5, 13, 881545).
cost(5, 14, 626327).
cost(5, 15, 486417).
cost(6, 1, 410325).
cost(6, 2, 374906).
cost(6, 3, 469910).
cost(6, 4, 332831).
cost(6, 5, 308738).
cost(6, 7, 680247).
cost(6, 8, 587656).
cost(6, 9, 482462).
cost(6, 10, 575788).
cost(6, 11, 392176).
cost(6, 12, 406529).
cost(6, 13, 946856).
cost(6, 14, 662018).
cost(6, 15, 571574).
cost(7, 1, 458368).
cost(7, 2, 590969).
cost(7, 3, 746534).
cost(7, 4, 410807).
cost(7, 5, 372030).
cost(7, 6, 680247).
cost(7, 8, 723683).
cost(7, 9, 200914).
cost(7, 10, 460765).
cost(7, 11, 540456).
cost(7, 12, 527137).
cost(7, 13, 913863).
cost(7, 14, 744094).
cost(7, 15, 594034).
cost(8, 1, 297252).
cost(8, 2, 225241).
cost(8, 3, 146125).
cost(8, 4, 409675).
cost(8, 5, 571207).
cost(8, 6, 587656).
cost(8, 7, 723683).
cost(8, 9, 586645).
cost(8, 10, 273280).
cost(8, 11, 239710).
cost(8, 12, 239462).
cost(8, 13, 361569).
cost(8, 14, 77037).
cost(8, 15, 135372).
cost(9, 1, 295105).
cost(9, 2, 417317).
cost(9, 3, 580369).
cost(9, 4, 219432).
cost(9, 5, 178349).
cost(9, 6, 482462).
cost(9, 7, 200914).
cost(9, 8, 586645).
cost(9, 10, 359738).
cost(9, 11, 372000).
cost(9, 12, 362584).
cost(9, 13, 840741).
cost(9, 14, 623573).
cost(9, 15, 471489).
cost(10, 1, 165668).
cost(10, 2, 248464).
cost(10, 3, 343315).
cost(10, 4, 269736).
cost(10, 5, 416150).
cost(10, 6, 575788).
cost(10, 7, 460765).
cost(10, 8, 273280).
cost(10, 9, 359738).
cost(10, 11, 203266).
cost(10, 12, 184501).
cost(10, 13, 481393).
cost(10, 14, 283800).
cost(10, 15, 138175).
cost(11, 1, 82405).
cost(11, 2, 53542).
cost(11, 3, 208618).
cost(11, 4, 172523).
cost(11, 5, 332050).
cost(11, 6, 392176).
cost(11, 7, 540456).
cost(11, 8, 239710).
cost(11, 9, 372000).
cost(11, 10, 203266).
cost(11, 12, 19174).
cost(11, 13, 572727).
cost(11, 14, 299947).
cost(11, 15, 181456).
cost(12, 1, 68994).
cost(12, 2, 71384).
cost(12, 3, 219968).
cost(12, 4, 170273).
cost(12, 5, 331909).
cost(12, 6, 406529).
cost(12, 7, 527137).
cost(12, 8, 239462).
cost(12, 9, 362584).
cost(12, 10, 184501).
cost(12, 11, 19174).
cost(12, 13, 564909).
cost(12, 14, 296122).
cost(12, 15, 170577).
cost(13, 1, 600284).
cost(13, 2, 575189).
cost(13, 3, 498975).
cost(13, 4, 721072).
cost(13, 5, 881545).
cost(13, 6, 946856).
cost(13, 7, 913863).
cost(13, 8, 361569).
cost(13, 9, 840741).
cost(13, 10, 481393).
cost(13, 11, 572727).
cost(13, 12, 564909).
cost(13, 14, 285426).
cost(13, 15, 397186).
cost(14, 1, 345621).
cost(14, 2, 293831).
cost(14, 3, 221258).
cost(14, 4, 463512).
cost(14, 5, 626327).
cost(14, 6, 662018).
cost(14, 7, 744094).
cost(14, 8, 77037).
cost(14, 9, 623573).
cost(14, 10, 283800).
cost(14, 11, 299947).
cost(14, 12, 296122).
cost(14, 13, 285426).
cost(14, 15, 152620).
cost(15, 1, 203864).
cost(15, 2, 199684).
cost(15, 3, 228427).
cost(15, 4, 324620).
cost(15, 5, 486417).
cost(15, 6, 571574).
cost(15, 7, 594034).
cost(15, 8, 135372).
cost(15, 9, 471489).
cost(15, 10, 138175).
cost(15, 11, 181456).
cost(15, 12, 170577).
cost(15, 13, 397186).
cost(15, 14, 152620).
