dimension(15).
point(1, 23352.0, -198418.0).
point(2, -189508.0, -28301.0).
point(3, 88564.0, 450420.0).
point(4, -56302.0, -90625.0).
point(5, 14147.0, 415275.0).
point(6, -180393.0, 59095.0).
point(7, 167816.0, -208873.0).
point(8, 153351.0, -133180.0).
point(9, -137021.0, 532894.0).
point(10, 411675.0, 20891.0).
point(11, -194615.0, 424822.0).
point(12, -77668.0, -278384.0).
point(13, 420116.0, 211024.0).
point(14, -275963.0, -139096.0).
point(15, 164847.0, 150094.0).
cost(1, 2, 272487).
cost(1, 3, 652107).
cost(1, 4, 134030).
cost(1, 5, 613762).
cost(1, 6, 328367).
cost(1, 7, 144842).
cost(1, 8, 145450).
cost(1, 9, 748690).
cost(1, 10, 445972).
cost(1, 11, 660256).
cost(1, 12, 128839).
cost(1, 13, 570144).
cost(1, 14, 305137).
cost(1, 15, 376140).
cost(2, 1, 272487).
cost(2, 3, 553622).
cost(2, 4, 147065).
cost(2, 5, 488093).
cost(2, 6, 87870).
cost(2, 7, 400358).
cost(2, 8, 358541).
cost(2, 9, 563644).
cost(2, 10, 603192).
cost(2, 11, 453152).
cost(2, 12, 273952).
cost(2, 13, 654918).
cost(2, 14, 140535).
cost(2, 15, 396727).
cost(3, 1, 652107).
cost(3, 2, 553622).
cost(3, 4, 560103).
cost(3, 5, 82299).
cost(3, 6, 474840).
cost(3, 7, 664039).
cost(3, 8, 587185).
cost(3, 9, 240189).
cost(3, 10, 537490).
cost(3, 11, 284334).
cost(3, 12, 747521).
cost(3, 13, 408946).
cost(3, 14, 693115).
cost(3, 15, 309863).
cost(4, 1, 134030).
cost(4, 2, 147065).
cost(4, 3, 560103).
cost(4, 5, 510782).
cost(4, 6, 194460).
cost(4, 7, 253400).
cost(4, 8, 213928).
cost(4, 9, 628722).
cost(4, 10, 481080).
cost(4, 11, 533682).
cost(4, 12, 188971).
cost(4, 13, 563885).
cost(4, 14, 224945).
cost(4, 15, 326883).
cost(5, 1, 613762).
cost(5, 2, 488093).
cost(5, 3, 82299).
cost(5, 4, 510782).
cost(5, 6, 405845).
cost(5, 7, 642787).
cost(5, 8, 565845).
cost(5, 9, 191536).
cost(5, 10, 559971).
cost(5, 11, 208980).
cost(5, 12, 699709).
cost(5, 13, 454455).
cost(5, 14, 625692).
cost(5, 15, 305011).
cost(6, 1, 328367).
cost(6, 2, 87870).
cost(6, 3, 474840).
cost(6, 4, 194460).
cost(6, 5, 405845).
cost(6, 7, 439382).
cost(6, 8, 385168).
cost(6, 9, 475780).
cost(6, 10, 593299).
cost(6, 11, 366003).
cost(6, 12, 352767).
cost(6, 13, 619430).
cost(6, 14, 220030).
cost(6, 15, 357031).
cost(7, 1, 144842).
cost(7, 2, 400358).
cost(7, 3, 664039).
cost(7, 4, 253400).
cost(7, 5, 642787).
cost(7, 6, 439382).
cost(7, 8, 77063).
cost(7, 9, 801963).
cost(7, 10, 335050).
cost(7, 11, 730018).
cost(7, 12, 255136).
cost(7, 13, 489866).
cost(7, 14, 449231).
cost(7, 15, 358979).
cost(8, 1, 145450).
cost(8, 2, 358541).
cost(8, 3, 587185).
cost(8, 4, 213928).
cost(8, 5, 565845).
cost(8, 6, 385168).
cost(8, 7, 77063).
cost(8, 9, 726616).
cost(8, 10, 300781).
cost(8, 11, 657607).
cost(8, 12, 272863).
cost(8, 13, 435477).
cost(8, 14, 429355).
cost(8, 15, 283507).
cost(9, 1, 748690).
cost(9, 2, 563644).
cost(9, 3, 240189).
cost(9, 4, 628722).
cost(9, 5, 191536).
cost(9, 6, 475780).
cost(9, 7, 801963).
cost(9, 8, 726616).
cost(9, 10, 750476).
cost(9, 11, 122461).
cost(9, 12, 813446).
cost(9, 13, 643430).
cost(9, 14, 686204).
cost(9, 15, 487504).
cost(10, 1, 445972).
cost(10, 2, 603192).
cost(10, 3, 537490).
cost(10, 4, 481080).
cost(10, 5, 559971).
cost(10, 6, 593299).
cost(10, 7, 335050).
cost(10, 8, 300781).
cost(10, 9, 750476).
cost(10, 11, 728524).
cost(10, 12, 573604).
cost(10, 13, 190320).
cost(10, 14, 706004).
cost(10, 15, 278599).
cost(11, 1, 660256).
cost(11, 2, 453152).
cost(11, 3, 284334).
cost(11, 4, 533682).
cost(11, 5, 208980).
cost(11, 6, 366003).
cost(11, 7, 730018).
cost(11, 8, 657607).
cost(11, 9, 122461).
cost(11, 10, 728524).
cost(11, 12, 712864).
cost(11, 13, 650849).
cost(11, 14, 569755).
cost(11, 15, 452425).
cost(12, 1, 128839).
cost(12, 2, 273952).
cost(12, 3, 747521).
cost(12, 4, 188971).
cost(12, 5, 699709).
cost(12, 6, 352767).
cost(12, 7, 255136).
cost(12, 8, 272863).
cost(12, 9, 813446).
cost(12, 10, 573604).
cost(12, 11, 712864).
cost(12, 13, 698075).
cost(12, 14, 242326).
cost(12, 15, 492348).
cost(13, 1, 570144).
cost(13, 2, 654918).
cost(13, 3, 408946).
cost(13, 4, 563885).
cost(13, 5, 454455).
cost(13, 6, 619430).
cost(13, 7, 489866).
cost(13, 8, 435477).
cost(13, 9, 643430).
cost(13, 10, 190320).
cost(13, 11, 650849).
cost(13, 12, 698075).
cost(13, 14, 779173).
cost(13, 15, 262440).
cost(14, 1, 305137).
cost(14, 2, 140535).
cost(14, 3, 693115).
cost(14, 4, 224945).
cost(14, 5, 625692).
cost(14, 6, 220030).
cost(14, 7, 449231).
cost(14, 8, 429355).
cost(14, 9, 686204).
cost(14, 10, 706004).
cost(14, 11, 569755).
cost(14, 12, 242326).
cost(14, 13, 779173).
cost(14, 15, 527204).
cost(15, 1, 376140).
cost(15, 2, 396727).
cost(15, 3, 309863).
cost(15, 4, 326883).
cost(15, 5, 305011).
cost(15, 6, 357031).
cost(15, 7, 358979).
cost(15, 8, 283507).
cost(15, 9, 487504).
cost(15, 10, 278599).
cost(15, 11, 452425).
cost(15, 12, 492348).
cost(15, 13, 262440).
cost(15, 14, 527204).
