dimension(15).
point(1, -332435.0, -226245.0).
point(2, -22073.0, 590860.0).
point(3, 554829.0, -43898.0).
point(4, 295826.0, -108330.0).
point(5, -174706.0, -121255.0).
point(6, -305952.0, 109993.0).
point(7, -385867.0, -485441.0).
point(8, -52235.0, -55009.0).
point(9, 78069.0, -144945.0).
point(10, -353467.0, -353067.0).
point(11, -411698.0, 178369.0).
point(12, 279028.0, -82918.0).
point(13, 152051.0, 480985.0).
point(14, 172679.0, 119424.0).
point(15, 239308.0, 423459.0).
cost(1, 2, 874062).
cost(1, 3, 905808).
cost(1, 4, 639231).
cost(1, 5, 189476).
cost(1, 6, 337279).
cost(1, 7, 264646).
cost(1, 8, 328381).
cost(1, 9, 418477).
cost(1, 10, 128554).
cost(1, 11, 412305).
cost(1, 12, 628036).
cost(1, 13, 857264).
cost(1, 14, 612068).
cost(1, 15, 865451).
cost(2, 1, 874062).
cost(2, 3, 857749).
cost(2, 4, 768067).
cost(2, 5, 728289).
cost(2, 6, 558409).
cost(2, 7, 1136121).
cost(2, 8, 646573).
cost(2, 9, 742588).
cost(2, 10, 1000410).
cost(2, 11, 567412).
cost(2, 12, 737996).
cost(2, 13, 205892).
cost(2, 14, 510079).
cost(2, 15, 310392).
cost(3, 1, 905808).
cost(3, 2, 857749).
cost(3, 4, 266897).
cost(3, 5, 733625).
cost(3, 6, 874429).
cost(3, 7, 1039168).
cost(3, 8, 607166).
cost(3, 9, 487351).
cost(3, 10, 959472).
cost(3, 11, 991755).
cost(3, 12, 278548).
cost(3, 13, 661613).
cost(3, 14, 415587).
cost(3, 15, 563894).
cost(4, 1, 639231).
cost(4, 2, 768067).
cost(4, 3, 266897).
cost(4, 5, 470709).
cost(4, 6, 640158).
cost(4, 7, 779049).
cost(4, 8, 352122).
cost(4, 9, 220814).
cost(4, 10, 693886).
cost(4, 11, 763405).
cost(4, 12, 30462).
cost(4, 13, 606600).
cost(4, 14, 258915).
cost(4, 15, 534784).
cost(5, 1, 189476).
cost(5, 2, 728289).
cost(5, 3, 733625).
cost(5, 4, 470709).
cost(5, 6, 265897).
cost(5, 7, 420976).
cost(5, 8, 139240).
cost(5, 9, 253883).
cost(5, 10, 292732).
cost(5, 11, 382021).
cost(5, 12, 455351).
cost(5, 13, 685174).
cost(5, 14, 422614).
cost(5, 15, 684194).
cost(6, 1, 337279).
cost(6, 2, 558409).
cost(6, 3, 874429).
cost(6, 4, 640158).
cost(6, 5, 265897).
cost(6, 7, 600773).
cost(6, 8, 302652).
cost(6, 9, 460940).
cost(6, 10, 465491).
cost(6, 11, 125927).
cost(6, 12, 615968).
cost(6, 13, 589408).
cost(6, 14, 478724).
cost(6, 15, 628943).
cost(7, 1, 264646).
cost(7, 2, 1136121).
cost(7, 3, 1039168).
cost(7, 4, 779049).
cost(7, 5, 420976).
cost(7, 6, 600773).
cost(7, 8, 544593).
cost(7, 9, 575477).
cost(7, 10, 136281).
cost(7, 11, 664312).
cost(7, 12, 777245).
cost(7, 13, 1106045).
cost(7, 14, 823308).
cost(7, 15, 1103151).
cost(8, 1, 328381).
cost(8, 2, 646573).
cost(8, 3, 607166).
cost(8, 4, 352122).
cost(8, 5, 139240).
cost(8, 6, 302652).
cost(8, 7, 544593).
cost(8, 9, 158328).
cost(8, 10, 423768).
cost(8, 11, 428578).
cost(8, 12, 332437).
cost(8, 13, 573605).
cost(8, 14, 284628).
cost(8, 15, 560294).
cost(9, 1, 418477).
cost(9, 2, 742588).
cost(9, 3, 487351).
cost(9, 4, 220814).
cost(9, 5, 253883).
cost(9, 6, 460940).
cost(9, 7, 575477).
cost(9, 8, 158328).
cost(9, 10, 479101).
cost(9, 11, 586859).
cost(9, 12, 210314).
cost(9, 13, 630287).
cost(9, 14, 280788).
cost(9, 15, 590831).
cost(10, 1, 128554).
cost(10, 2, 1000410).
cost(10, 3, 959472).
cost(10, 4, 693886).
cost(10, 5, 292732).
cost(10, 6, 465491).
cost(10, 7, 136281).
cost(10, 8, 423768).
cost(10, 9, 479101).
cost(10, 11, 534617).
cost(10, 12, 687772).
cost(10, 13, 975290).
cost(10, 14, 707161).
cost(10, 15, 976921).
cost(11, 1, 412305).
cost(11, 2, 567412).
cost(11, 3, 991755).
cost(11, 4, 763405).
cost(11, 5, 382021).
cost(11, 6, 125927).
cost(11, 7, 664312).
cost(11, 8, 428578).
cost(11, 9, 586859).
cost(11, 10, 534617).
cost(11, 12, 738494).
cost(11, 13, 639835).
cost(11, 14, 587342).
cost(11, 15, 695613).
cost(12, 1, 628036).
cost(12, 2, 737996).
cost(12, 3, 278548).
cost(12, 4, 30462).
cost(12, 5, 455351).
cost(12, 6, 615968).
cost(12, 7, 777245).
cost(12, 8, 332437).
cost(12, 9, 210314).
cost(12, 10, 687772).
cost(12, 11, 738494).
cost(12, 13, 578022).
cost(12, 14, 228588).
cost(12, 15, 507932).
cost(13, 1, 857264).
cost(13, 2, 205892).
cost(13, 3, 661613).
cost(13, 4, 606600).
cost(13, 5, 685174).
cost(13, 6, 589408).
cost(13, 7, 1106045).
cost(13, 8, 573605).
cost(13, 9, 630287).
cost(13, 10, 975290).
cost(13, 11, 639835).
cost(13, 12, 578022).
cost(13, 14, 362149).
cost(13, 15, 104513).
cost(14, 1, 612068).
cost(14, 2, 510079).
cost(14, 3, 415587).
cost(14, 4, 258915).
cost(14, 5, 422614).
cost(14, 6, 478724).
cost(14, 7, 823308).
cost(14, 8, 284628).
cost(14, 9, 280788).
cost(14, 10, 707161).
cost(14, 11, 587342).
cost(14, 12, 228588).
cost(14, 13, 362149).
cost(14, 15, 311250).
cost(15, 1, 865451).
cost(15, 2, 310392).
cost(15, 3, 563894).
cost(15, 4, 534784).
cost(15, 5, 684194).
cost(15, 6, 628943).
cost(15, 7, 1103151).
cost(15, 8, 560294).
cost(15, 9, 590831).
cost(15, 10, 976921).
cost(15, 11, 695613).
cost(15, 12, 507932).
cost(15, 13, 104513).
cost(15, 14, 311250).
