dimension(15).
point(1, -239654.0, 310848.0).
point(2, 311964.0, 126847.0).
point(3, -206922.0, 60143.0).
point(4, 830984.0, -58277.0).
point(5, -82634.0, 75642.0).
point(6, -90807.0, 309796.0).
point(7, 30846.0, 176888.0).
point(8, 175085.0, -70985.0).
point(9, 96310.0, 287271.0).
point(10, 30299.0, 291470.0).
point(11, -146865.0, -495998.0).
point(12, 207609.0, -387001.0).
point(13, -191364.0, -133174.0).
point(14, 211545.0, 302005.0).
point(15, -238444.0, -12810.0).
cost(1, 2, 581497).
cost(1, 3, 252833).
cost(1, 4, 1132484).
cost(1, 5, 282802).
cost(1, 6, 148851).
cost(1, 7, 301853).
cost(1, 8, 563742).
cost(1, 9, 336790).
cost(1, 10, 270648).
cost(1, 11, 812164).
cost(1, 12, 828877).
cost(1, 13, 446640).
cost(1, 14, 451286).
cost(1, 15, 323660).
cost(2, 1, 581497).
cost(2, 3, 523156).
cost(2, 4, 551047).
cost(2, 5, 397906).
cost(2, 6, 442374).
cost(2, 7, 285537).
cost(2, 8, 240569).
cost(2, 9, 268780).
cost(2, 10, 326245).
cost(2, 11, 773602).
cost(2, 12, 524337).
cost(2, 13, 566524).
cost(2, 14, 201902).
cost(2, 15, 567849).
cost(3, 1, 252833).
cost(3, 2, 523156).
cost(3, 4, 1044640).
cost(3, 5, 125251).
cost(3, 6, 275335).
cost(3, 7, 264883).
cost(3, 8, 403886).
cost(3, 9, 378862).
cost(3, 10, 331340).
cost(3, 11, 559374).
cost(3, 12, 609732).
cost(3, 13, 193942).
cost(3, 14, 483334).
cost(3, 15, 79472).
cost(4, 1, 1132484).
cost(4, 2, 551047).
cost(4, 3, 1044640).
cost(4, 5, 923381).
cost(4, 6, 992561).
cost(4, 7, 833980).
cost(4, 8, 656022).
cost(4, 9, 811880).
cost(4, 10, 873739).
cost(4, 11, 1071349).
cost(4, 12, 704738).
cost(4, 13, 1025088).
cost(4, 14, 716595).
cost(4, 15, 1070394).
cost(5, 1, 282802).
cost(5, 2, 397906).
cost(5, 3, 125251).
cost(5, 4, 923381).
cost(5, 6, 234297).
cost(5, 7, 152080).
cost(5, 8, 296511).
cost(5, 9, 277142).
cost(5, 10, 243589).
cost(5, 11, 575237).
cost(5, 12, 546150).
cost(5, 13, 235428).
cost(5, 14, 371189).
cost(5, 15, 179166).
cost(6, 1, 148851).
cost(6, 2, 442374).
cost(6, 3, 275335).
cost(6, 4, 992561).
cost(6, 5, 234297).
cost(6, 7, 180178).
cost(6, 8, 464427).
cost(6, 9, 188468).
cost(6, 10, 122485).
cost(6, 11, 807742).
cost(6, 12, 758009).
cost(6, 13, 454240).
cost(6, 14, 302452).
cost(6, 15, 354783).
cost(7, 1, 301853).
cost(7, 2, 285537).
cost(7, 3, 264883).
cost(7, 4, 833980).
cost(7, 5, 152080).
cost(7, 6, 180178).
cost(7, 8, 286785).
cost(7, 9, 128335).
cost(7, 10, 114583).
cost(7, 11, 695957).
cost(7, 12, 590945).
cost(7, 13, 381465).
cost(7, 14, 219787).
cost(7, 15, 329397).
cost(8, 1, 563742).
cost(8, 2, 240569).
cost(8, 3, 403886).
cost(8, 4, 656022).
cost(8, 5, 296511).
cost(8, 6, 464427).
cost(8, 7, 286785).
cost(8, 9, 366814).
cost(8, 10, 390303).
cost(8, 11, 533187).
cost(8, 12, 317685).
cost(8, 13, 371689).
cost(8, 14, 374768).
cost(8, 15, 417601).
cost(9, 1, 336790).
cost(9, 2, 268780).
cost(9, 3, 378862).
cost(9, 4, 811880).
cost(9, 5, 277142).
cost(9, 6, 188468).
cost(9, 7, 128335).
cost(9, 8, 366814).
cost(9, 10, 66144).
cost(9, 11, 820149).
cost(9, 12, 683396).
cost(9, 13, 509441).
cost(9, 14, 116173).
cost(9, 15, 449565).
cost(10, 1, 270648).
cost(10, 2, 326245).
cost(10, 3, 331340).
cost(10, 4, 873739).
cost(10, 5, 243589).
cost(10, 6, 122485).
cost(10, 7, 114583).
cost(10, 8, 390303).
cost(10, 9, 66144).
cost(10, 11, 807151).
cost(10, 12, 701257).
cost(10, 13, 479017).
cost(10, 14, 181552).
cost(10, 15, 405967).
cost(11, 1, 812164).
cost(11, 2, 773602).
cost(11, 3, 559374).
cost(11, 4, 1071349).
cost(11, 5, 575237).
cost(11, 6, 807742).
cost(11, 7, 695957).
cost(11, 8, 533187).
cost(11, 9, 820149).
cost(11, 10, 807151).
cost(11, 12, 370853).
cost(11, 13, 365543).
cost(11, 14, 874795).
cost(11, 15, 491790).
cost(12, 1, 828877).
cost(12, 2, 524337).
cost(12, 3, 609732).
cost(12, 4, 704738).
cost(12, 5, 546150).
cost(12, 6, 758009).
cost(12, 7, 590945).
cost(12, 8, 317685).
cost(12, 9, 683396).
cost(12, 10, 701257).
cost(12, 11, 370853).
cost(12, 13, 472872).
cost(12, 14, 689017).
cost(12, 15, 582222).
cost(13, 1, 446640).
cost(13, 2, 566524).
cost(13, 3, 193942).
cost(13, 4, 1025088).
cost(13, 5, 235428).
cost(13, 6, 454240).
cost(13, 7, 381465).
cost(13, 8, 371689).
cost(13, 9, 509441).
cost(13, 10, 479017).
cost(13, 11, 365543).
cost(13, 12, 472872).
cost(13, 14, 593057).
cost(13, 15, 129244).
cost(14, 1, 451286).
cost(14, 2, 201902).
cost(14, 3, 483334).
cost(14, 4, 716595).
cost(14, 5, 371189).
cost(14, 6, 302452).
cost(14, 7, 219787).
cost(14, 8, 374768).
cost(14, 9, 116173).
cost(14, 10, 181552).
cost(14, 11, 874795).
cost(14, 12, 689017).
cost(14, 13, 593057).
cost(14, 15, 549180).
cost(15, 1, 323660).
cost(15, 2, 567849).
cost(15, 3, 79472).
cost(15, 4, 1070394).
cost(15, 5, 179166).
cost(15, 6, 354783).
cost(15, 7, 329397).
cost(15, 8, 417601).
cost(15, 9, 449565).
cost(15, 10, 405967).
cost(15, 11, 491790).
cost(15, 12, 582222).
cost(15, 13, 129244).
cost(15, 14, 549180).
