dimension(15).
point(1, -157314.0, -486026.0).
point(2, -17554.0, -42420.0).
point(3, -110546.0, 316170.0).
point(4, 259867.0, -165325.0).
point(5, -84337.0, -222170.0).
point(6, -26372.0, -220440.0).
point(7, -81656.0, 194955.0).
point(8, -8214.0, 82490.0).
point(9, 39229.0, 253066.0).
point(10, -428028.0, -66489.0).
point(11, -341478.0, 59793.0).
point(12, 609696.0, -256654.0).
point(13, -357155.0, 39080.0).
point(14, 103983.0, -147932.0).
point(15, -128096.0, -217087.0).
cost(1, 2, 465101).
cost(1, 3, 803558).
cost(1, 4, 526203).
cost(1, 5, 273762).
cost(1, 6, 296111).
cost(1, 7, 685171).
cost(1, 8, 587743).
cost(1, 9, 764778).
cost(1, 10, 499297).
cost(1, 11, 576051).
cost(1, 12, 800572).
cost(1, 13, 561848).
cost(1, 14, 427298).
cost(1, 15, 270521).
cost(2, 1, 465101).
cost(2, 3, 370451).
cost(2, 4, 303427).
cost(2, 5, 191755).
cost(2, 6, 178238).
cost(2, 7, 245878).
cost(2, 8, 125259).
cost(2, 9, 300892).
cost(2, 10, 411179).
cost(2, 11, 339668).
cost(2, 12, 662826).
cost(2, 13, 349244).
cost(2, 14, 160947).
cost(2, 15, 206708).
cost(3, 1, 803558).
cost(3, 2, 370451).
cost(3, 4, 607489).
cost(3, 5, 538978).
cost(3, 6, 543172).
cost(3, 7, 124610).
cost(3, 8, 255104).
cost(3, 9, 162526).
cost(3, 10, 497215).
cost(3, 11, 345049).
cost(3, 12, 920259).
cost(3, 13, 370938).
cost(3, 14, 511286).
cost(3, 15, 533546).
cost(4, 1, 526203).
cost(4, 2, 303427).
cost(4, 3, 607489).
cost(4, 5, 348866).
cost(4, 6, 291497).
cost(4, 7, 496427).
cost(4, 8, 365075).
cost(4, 9, 473003).
cost(4, 10, 694959).
cost(4, 11, 642101).
cost(4, 12, 361554).
cost(4, 13, 649998).
cost(4, 14, 156851).
cost(4, 15, 391401).
cost(5, 1, 273762).
cost(5, 2, 191755).
cost(5, 3, 538978).
cost(5, 4, 348866).
cost(5, 6, 57991).
cost(5, 7, 417134).
cost(5, 8, 314026).
cost(5, 9, 491037).
cost(5, 10, 377306).
cost(5, 11, 381608).
cost(5, 12, 694889).
cost(5, 13, 377732).
cost(5, 14, 202425).
cost(5, 15, 44053).
cost(6, 1, 296111).
cost(6, 2, 178238).
cost(6, 3, 543172).
cost(6, 4, 291497).
cost(6, 5, 57991).
cost(6, 7, 419058).
cost(6, 8, 303474).
cost(6, 9, 478029).
cost(6, 10, 430149).
cost(6, 11, 421690).
cost(6, 12, 637098).
cost(6, 13, 420438).
cost(6, 14, 149164).
cost(6, 15, 101779).
cost(7, 1, 685171).
cost(7, 2, 245878).
cost(7, 3, 124610).
cost(7, 4, 496427).
cost(7, 5, 417134).
cost(7, 6, 419058).
cost(7, 8, 134321).
cost(7, 9, 134127).
cost(7, 10, 433966).
cost(7, 11, 292876).
cost(7, 12, 825783).
cost(7, 13, 316539).
cost(7, 14, 389915).
cost(7, 15, 414651).
cost(8, 1, 587743).
cost(8, 2, 125259).
cost(8, 3, 255104).
cost(8, 4, 365075).
cost(8, 5, 314026).
cost(8, 6, 303474).
cost(8, 7, 134321).
cost(8, 9, 177051).
cost(8, 10, 445464).
cost(8, 11, 334036).
cost(8, 12, 704863).
cost(8, 13, 351631).
cost(8, 14, 256286).
cost(8, 15, 322673).
cost(9, 1, 764778).
cost(9, 2, 300892).
cost(9, 3, 162526).
cost(9, 4, 473003).
cost(9, 5, 491037).
cost(9, 6, 478029).
cost(9, 7, 134127).
cost(9, 8, 177051).
cost(9, 10, 566078).
cost(9, 11, 426957).
cost(9, 12, 765014).
cost(9, 13, 450456).
cost(9, 14, 406193).
cost(9, 15, 499041).
cost(10, 1, 499297).
cost(10, 2, 411179).
cost(10, 3, 497215).
cost(10, 4, 694959).
cost(10, 5, 377306).
cost(10, 6, 430149).
cost(10, 7, 433966).
cost(10, 8, 445464).
cost(10, 9, 566078).
cost(10, 11, 153095).
cost(10, 12, 1055004).
cost(10, 13, 127153).
cost(10, 14, 538209).
cost(10, 15, 335617).
cost(11, 1, 576051).
cost(11, 2, 339668).
cost(11, 3, 345049).
cost(11, 4, 642101).
cost(11, 5, 381608).
cost(11, 6, 421690).
cost(11, 7, 292876).
cost(11, 8, 334036).
cost(11, 9, 426957).
cost(11, 10, 153095).
cost(11, 12, 1002432).
cost(11, 13, 25977).
cost(11, 14, 491513).
cost(11, 15, 349563).
cost(12, 1, 800572).
cost(12, 2, 662826).
cost(12, 3, 920259).
cost(12, 4, 361554).
cost(12, 5, 694889).
cost(12, 6, 637098).
cost(12, 7, 825783).
cost(12, 8, 704863).
cost(12, 9, 765014).
cost(12, 10, 1055004).
cost(12, 11, 1002432).
cost(12, 13, 1011068).
cost(12, 14, 517268).
cost(12, 15, 738852).
cost(13, 1, 561848).
cost(13, 2, 349244).
cost(13, 3, 370938).
cost(13, 4, 649998).
cost(13, 5, 377732).
cost(13, 6, 420438).
cost(13, 7, 316539).
cost(13, 8, 351631).
cost(13, 9, 450456).
cost(13, 10, 127153).
cost(13, 11, 25977).
cost(13, 12, 1011068).
cost(13, 14, 497616).
cost(13, 15, 343642).
cost(14, 1, 427298).
cost(14, 2, 160947).
cost(14, 3, 511286).
cost(14, 4, 156851).
cost(14, 5, 202425).
cost(14, 6, 149164).
cost(14, 7, 389915).
cost(14, 8, 256286).
cost(14, 9, 406193).
cost(14, 10, 538209).
cost(14, 11, 491513).
cost(14, 12, 517268).
cost(14, 13, 497616).
cost(14, 15, 242163).
cost(15, 1, 270521).
cost(15, 2, 206708).
cost(15, 3, 533546).
cost(15, 4, 391401).
cost(15, 5, 44053).
cost(15, 6, 101779).
cost(15, 7, 414651).
cost(15, 8, 322673).
cost(15, 9, 499041).
cost(15, 10, 335617).
cost(15, 11, 349563).
cost(15, 12, 738852).
cost(15, 13, 343642).
cost(15, 14, 242163).
