dimension(15).
point(1, 182330.0, -134125.0).
point(2, 287662.0, -256790.0).
point(3, -241931.0, 436363.0).
point(4, -142084.0, 96988.0).
point(5, -194758.0, -33046.0).
point(6, -518619.0, -137867.0).
point(7, 289284.0, -292168.0).
point(8, -20655.0, 508624.0).
point(9, 65432.0, 273946.0).
point(10, -273254.0, 425618.0).
point(11, -43874.0, 105431.0).
point(12, 345581.0, -425851.0).
point(13, 425869.0, -236587.0).
point(14, -250695.0, -205311.0).
point(15, -7606.0, -8707.0).
cost(1, 2, 161683).
cost(1, 3, 710953).
cost(1, 4, 398319).
cost(1, 5, 390400).
cost(1, 6, 700959).
cost(1, 7, 190832).
cost(1, 8, 674039).
cost(1, 9, 424484).
cost(1, 10, 721713).
cost(1, 11, 329477).
cost(1, 12, 334298).
cost(1, 13, 264215).
cost(1, 14, 438837).
cost(1, 15, 227608).
cost(2, 1, 161683).
cost(2, 3, 872313).
cost(2, 4, 556633).
cost(2, 5, 531780).
cost(2, 6, 815004).
cost(2, 7, 35415).
cost(2, 8, 825178).
cost(2, 9, 575384).
cost(2, 10, 883350).
cost(2, 11, 491040).
cost(2, 12, 178707).
cost(2, 13, 139676).
cost(2, 14, 540813).
cost(2, 15, 385653).
cost(3, 1, 710953).
cost(3, 2, 872313).
cost(3, 4, 353758).
cost(3, 5, 471773).
cost(3, 6, 637414).
cost(3, 7, 901636).
cost(3, 8, 232776).
cost(3, 9, 347637).
cost(3, 10, 33115).
cost(3, 11, 385672).
cost(3, 12, 1043352).
cost(3, 13, 948060).
cost(3, 14, 641734).
cost(3, 15, 502987).
cost(4, 1, 398319).
cost(4, 2, 556633).
cost(4, 3, 353758).
cost(4, 5, 140298).
cost(4, 6, 443774).
cost(4, 7, 580965).
cost(4, 8, 429173).
cost(4, 9, 272722).
cost(4, 10, 353841).
cost(4, 11, 98572).
cost(4, 12, 714967).
cost(4, 13, 658668).
cost(4, 14, 321218).
cost(4, 15, 171043).
cost(5, 1, 390400).
cost(5, 2, 531780).
cost(5, 3, 471773).
cost(5, 4, 140298).
cost(5, 6, 340402).
cost(5, 7, 549036).
cost(5, 8, 568962).
cost(5, 9, 402421).
cost(5, 10, 465332).
cost(5, 11, 204797).
cost(5, 12, 668028).
cost(5, 13, 653151).
cost(5, 14, 181119).
cost(5, 15, 188728).
cost(6, 1, 700959).
cost(6, 2, 815004).
cost(6, 3, 637414).
cost(6, 4, 443774).
cost(6, 5, 340402).
cost(6, 7, 822506).
cost(6, 8, 816038).
cost(6, 9, 714637).
cost(6, 10, 614589).
cost(6, 11, 533457).
cost(6, 12, 910921).
cost(6, 13, 949633).
cost(6, 14, 276282).
cost(6, 15, 527083).
cost(7, 1, 190832).
cost(7, 2, 35415).
cost(7, 3, 901636).
cost(7, 4, 580965).
cost(7, 5, 549036).
cost(7, 6, 822506).
cost(7, 8, 858679).
cost(7, 9, 608765).
cost(7, 10, 911957).
cost(7, 11, 518728).
cost(7, 12, 145053).
cost(7, 13, 147461).
cost(7, 14, 546920).
cost(7, 15, 410480).
cost(8, 1, 674039).
cost(8, 2, 825178).
cost(8, 3, 232776).
cost(8, 4, 429173).
cost(8, 5, 568962).
cost(8, 6, 816038).
cost(8, 7, 858679).
cost(8, 9, 249969).
cost(8, 10, 265888).
cost(8, 11, 403861).
cost(8, 12, 1003679).
cost(8, 13, 868748).
cost(8, 14, 750081).
cost(8, 15, 517496).
cost(9, 1, 424484).
cost(9, 2, 575384).
cost(9, 3, 347637).
cost(9, 4, 272722).
cost(9, 5, 402421).
cost(9, 6, 714637).
cost(9, 7, 608765).
cost(9, 8, 249969).
cost(9, 10, 371096).
cost(9, 11, 200861).
cost(9, 12, 753790).
cost(9, 13, 624947).
cost(9, 14, 574129).
cost(9, 15, 291937).
cost(10, 1, 721713).
cost(10, 2, 883350).
cost(10, 3, 33115).
cost(10, 4, 353841).
cost(10, 5, 465332).
cost(10, 6, 614589).
cost(10, 7, 911957).
cost(10, 8, 265888).
cost(10, 9, 371096).
cost(10, 11, 393872).
cost(10, 12, 1052595).
cost(10, 13, 962958).
cost(10, 14, 631332).
cost(10, 15, 509124).
cost(11, 1, 329477).
cost(11, 2, 491040).
cost(11, 3, 385672).
cost(11, 4, 98572).
cost(11, 5, 204797).
cost(11, 6, 533457).
cost(11, 7, 518728).
cost(11, 8, 403861).
cost(11, 9, 200861).
cost(11, 10, 393872).
cost(11, 12, 658738).
cost(11, 13, 581064).
cost(11, 14, 373277).
cost(11, 15, 119762).
cost(12, 1, 334298).
cost(12, 2, 178707).
cost(12, 3, 1043352).
cost(12, 4, 714967).
cost(12, 5, 668028).
cost(12, 6, 910921).
cost(12, 7, 145053).
cost(12, 8, 1003679).
cost(12, 9, 753790).
cost(12, 10, 1052595).
cost(12, 11, 658738).
cost(12, 13, 205589).
cost(12, 14, 635754).
cost(12, 15, 546580).
cost(13, 1, 264215).
cost(13, 2, 139676).
cost(13, 3, 948060).
cost(13, 4, 658668).
cost(13, 5, 653151).
cost(13, 6, 949633).
cost(13, 7, 147461).
cost(13, 8, 868748).
cost(13, 9, 624947).
cost(13, 10, 962958).
cost(13, 11, 581064).
cost(13, 12, 205589).
cost(13, 14, 677287).
cost(13, 15, 489724).
cost(14, 1, 438837).
cost(14, 2, 540813).
cost(14, 3, 641734).
cost(14, 4, 321218).
cost(14, 5, 181119).
cost(14, 6, 276282).
cost(14, 7, 546920).
cost(14, 8, 750081).
cost(14, 9, 574129).
cost(14, 10, 631332).
cost(14, 11, 373277).
cost(14, 12, 635754).
cost(14, 13, 677287).
cost(14, 15, 312643).
cost(15, 1, 227608).
cost(15, 2, 385653).
cost(15, 3, 502987).
cost(15, 4, 171043).
cost(15, 5, 188728).
cost(15, 6, 527083).
cost(15, 7, 410480).
cost(15, 8, 517496).
cost(15, 9, 291937).
cost(15, 10, 509124).
cost(15, 11, 119762).
cost(15, 12, 546580).
cost(15, 13, 489724).
cost(15, 14, 312643).
