dimension(21).
point(1, 136002.0, -31769.0).
point(2, 56438.0, 49698.0).
point(3, -78341.0, 85271.0).
point(4, 228087.0, 12370.0).
point(5, 360335.0, 50491.0).
point(6, 260917.0, 291741.0).
point(7, 456944.0, -248722.0).
point(8, -115220.0, -32592.0).
point(9, 376061.0, -99419.0).
point(10, 77960.0, -159186.0).
point(11, 82278.0, 12551.0).
point(12, 85049.0, -3416.0).
point(13, -315268.0, -263591.0).
point(14, -150810.0, -87113.0).
point(15, -22420.0, -99508.0).
point(16, 7230.0, -248186.0).
point(17, -290861.0, -137042.0).
point(18, -179359.0, -52237.0).
point(19, -113086.0, 121701.0).
point(20, -193170.0, 45335.0).
point(21, 212282.0, 165334.0).
cost(1, 2, 113874).
cost(1, 3, 244216).
cost(1, 4, 102117).
cost(1, 5, 238939).
cost(1, 6, 346789).
cost(1, 7, 387392).
cost(1, 8, 251223).
cost(1, 9, 249409).
cost(1, 10, 140014).
cost(1, 11, 69646).
cost(1, 12, 58310).
cost(1, 13, 507332).
cost(1, 14, 292103).
cost(1, 15, 172297).
cost(1, 16, 251830).
cost(1, 17, 439653).
cost(1, 18, 316025).
cost(1, 19, 292571).
cost(1, 20, 338082).
cost(1, 21, 211349).
cost(2, 1, 113874).
cost(2, 3, 139394).
cost(2, 4, 175661).
cost(2, 5, 303898).
cost(2, 6, 316854).
cost(2, 7, 499459).
cost(2, 8, 190363).
cost(2, 9, 352696).
cost(2, 10, 209990).
cost(2, 11, 45250).
cost(2, 12, 60330).
cost(2, 13, 486123).
cost(2, 14, 248332).
cost(2, 15, 168763).
cost(2, 16, 301921).
cost(2, 17, 394320).
cost(2, 18, 256887).
cost(2, 19, 184181).
cost(2, 20, 249646).
cost(2, 21, 194059).
cost(3, 1, 244216).
cost(3, 2, 139394).
cost(3, 4, 314980).
cost(3, 5, 440053).
cost(3, 6, 397147).
cost(3, 7, 630937).
cost(3, 8, 123498).
cost(3, 9, 490501).
cost(3, 10, 290154).
cost(3, 11, 176314).
cost(3, 12, 185908).
cost(3, 13, 421710).
cost(3, 14, 186997).
cost(3, 15, 193056).
cost(3, 16, 344261).
cost(3, 17, 307551).
cost(3, 18, 170626).
cost(3, 19, 50342).
cost(3, 20, 121575).
cost(3, 21, 301450).
cost(4, 1, 102117).
cost(4, 2, 175661).
cost(4, 3, 314980).
cost(4, 5, 137633).
cost(4, 6, 281293).
cost(4, 7, 347195).
cost(4, 8, 346239).
cost(4, 9, 185454).
cost(4, 10, 227968).
cost(4, 11, 145809).
cost(4, 12, 143906).
cost(4, 13, 609417).
cost(4, 14, 391739).
cost(4, 15, 274355).
cost(4, 16, 341566).
cost(4, 17, 540029).
cost(4, 18, 412536).
cost(4, 19, 358263).
cost(4, 20, 422545).
cost(4, 21, 153778).
cost(5, 1, 238939).
cost(5, 2, 303898).
cost(5, 3, 440053).
cost(5, 4, 137633).
cost(5, 6, 260932).
cost(5, 7, 314423).
cost(5, 8, 482758).
cost(5, 9, 150733).
cost(5, 10, 351710).
cost(5, 11, 280633).
cost(5, 12, 280514).
cost(5, 13, 745042).
cost(5, 14, 529343).
cost(5, 15, 411097).
cost(5, 16, 462484).
cost(5, 17, 677661).
cost(5, 18, 549384).
cost(5, 19, 478747).
cost(5, 20, 553529).
cost(5, 21, 187373).
cost(6, 1, 346789).
cost(6, 2, 316854).
cost(6, 3, 397147).
cost(6, 4, 281293).
cost(6, 5, 260932).
cost(6, 7, 574915).
cost(6, 8, 496660).
cost(6, 9, 407755).
cost(6, 10, 486630).
cost(6, 11, 331450).
cost(6, 12, 343580).
cost(6, 13, 800239).
cost(6, 14, 559508).
cost(6, 15, 483069).
cost(6, 16, 596555).
cost(6, 17, 698795).
cost(6, 18, 558716).
cost(6, 19, 410843).
cost(6, 20, 516634).
cost(6, 21, 135440).
cost(7, 1, 387392).
cost(7, 2, 499459).
cost(7, 3, 630937).
cost(7, 4, 347195).
cost(7, 5, 314423).
cost(7, 6, 574915).
cost(7, 8, 611624).
cost(7, 9, 169804).
cost(7, 10, 389417).
cost(7, 11, 456769).
cost(7, 12, 445512).
cost(7, 13, 772355).
cost(7, 14, 628874).
cost(7, 15, 502050).
cost(7, 16, 449714).
cost(7, 17, 756098).
cost(7, 18, 665949).
cost(7, 19, 679814).
cost(7, 20, 713525).
cost(7, 21, 480939).
cost(8, 1, 251223).
cost(8, 2, 190363).
cost(8, 3, 123498).
cost(8, 4, 346239).
cost(8, 5, 482758).
cost(8, 6, 496660).
cost(8, 7, 611624).
cost(8, 9, 495805).
cost(8, 10, 230964).
cost(8, 11, 202592).
cost(8, 12, 202383).
cost(8, 13, 305581).
cost(8, 14, 65109).
cost(8, 15, 114410).
cost(8, 16, 247941).
cost(8, 17, 204352).
cost(8, 18, 67080).
cost(8, 19, 154308).
cost(8, 20, 110222).
cost(8, 21, 382665).
cost(9, 1, 249409).
cost(9, 2, 352696).
cost(9, 3, 490501).
cost(9, 4, 185454).
cost(9, 5, 150733).
cost(9, 6, 407755).
cost(9, 7, 169804).
cost(9, 8, 495805).
cost(9, 10, 304033).
cost(9, 11, 314397).
cost(9, 12, 306439).
cost(9, 13, 710555).
cost(9, 14, 527015).
cost(9, 15, 398481).
cost(9, 16, 397703).
cost(9, 17, 667982).
cost(9, 18, 557420).
cost(9, 19, 536804).
cost(9, 20, 587348).
cost(9, 21, 311316).
cost(10, 1, 140014).
cost(10, 2, 209990).
cost(10, 3, 290154).
cost(10, 4, 227968).
cost(10, 5, 351710).
cost(10, 6, 486630).
cost(10, 7, 389417).
cost(10, 8, 230964).
cost(10, 9, 304033).
cost(10, 11, 171791).
cost(10, 12, 155931).
cost(10, 13, 406852).
cost(10, 14, 239855).
cost(10, 15, 116780).
cost(10, 16, 113683).
cost(10, 17, 369485).
cost(10, 18, 278660).
cost(10, 19, 339700).
cost(10, 20, 339618).
cost(10, 21, 351220).
cost(11, 1, 69646).
cost(11, 2, 45250).
cost(11, 3, 176314).
cost(11, 4, 145809).
cost(11, 5, 280633).
cost(11, 6, 331450).
cost(11, 7, 456769).
cost(11, 8, 202592).
cost(11, 9, 314397).
cost(11, 10, 171791).
cost(11, 12, 16206).
cost(11, 13, 484043).
cost(11, 14, 253501).
cost(11, 15, 153359).
cost(11, 16, 271323).
cost(11, 17, 402008).
cost(11, 18, 269539).
cost(11, 19, 223787).
cost(11, 20, 277392).
cost(11, 21, 200608).
cost(12, 1, 58310).
cost(12, 2, 60330).
cost(12, 3, 185908).
cost(12, 4, 143906).
cost(12, 5, 280514).
cost(12, 6, 343580).
cost(12, 7, 445512).
cost(12, 8, 202383).
cost(12, 9, 306439).
cost(12, 10, 155931).
cost(12, 11, 16206).
cost(12, 13, 477436).
cost(12, 14, 250269).
cost(12, 15, 144164).
cost(12, 16, 256843).
cost(12, 17, 398954).
cost(12, 18, 268877).
cost(12, 19, 234333).
cost(12, 20, 282458).
cost(12, 21, 211340).
cost(13, 1, 507332).
cost(13, 2, 486123).
cost(13, 3, 421710).
cost(13, 4, 609417).
cost(13, 5, 745042).
cost(13, 6, 800239).
cost(13, 7, 772355).
cost(13, 8, 305581).
cost(13, 9, 710555).
cost(13, 10, 406852).
cost(13, 11, 484043).
cost(13, 12, 477436).
cost(13, 14, 241228).
cost(13, 15, 335683).
cost(13, 16, 322866).
cost(13, 17, 128881).
cost(13, 18, 251280).
cost(13, 19, 435118).
cost(13, 20, 332179).
cost(13, 21, 679916).
cost(14, 1, 292103).
cost(14, 2, 248332).
cost(14, 3, 186997).
cost(14, 4, 391739).
cost(14, 5, 529343).
cost(14, 6, 559508).
cost(14, 7, 628874).
cost(14, 8, 65109).
cost(14, 9, 527015).
cost(14, 10, 239855).
cost(14, 11, 253501).
cost(14, 12, 250269).
cost(14, 13, 241228).
cost(14, 15, 128987).
cost(14, 16, 225657).
cost(14, 17, 148685).
cost(14, 18, 45071).
cost(14, 19, 212194).
cost(14, 20, 139057).
cost(14, 21, 442228).
cost(15, 1, 172297).
cost(15, 2, 168763).
cost(15, 3, 193056).
cost(15, 4, 274355).
cost(15, 5, 411097).
cost(15, 6, 483069).
cost(15, 7, 502050).
cost(15, 8, 114410).
cost(15, 9, 398481).
cost(15, 10, 116780).
cost(15, 11, 153359).
cost(15, 12, 144164).
cost(15, 13, 335683).
cost(15, 14, 128987).
cost(15, 16, 151606).
cost(15, 17, 271052).
cost(15, 18, 163904).
cost(15, 19, 239068).
cost(15, 20, 223909).
cost(15, 21, 353873).
cost(16, 1, 251830).
cost(16, 2, 301921).
cost(16, 3, 344261).
cost(16, 4, 341566).
cost(16, 5, 462484).
cost(16, 6, 596555).
cost(16, 7, 449714).
cost(16, 8, 247941).
cost(16, 9, 397703).
cost(16, 10, 113683).
cost(16, 11, 271323).
cost(16, 12, 256843).
cost(16, 13, 322866).
cost(16, 14, 225657).
cost(16, 15, 151606).
cost(16, 17, 318137).
cost(16, 18, 270576).
cost(16, 19, 388963).
cost(16, 20, 355408).
cost(16, 21, 461568).
cost(17, 1, 439653).
cost(17, 2, 394320).
cost(17, 3, 307551).
cost(17, 4, 540029).
cost(17, 5, 677661).
cost(17, 6, 698795).
cost(17, 7, 756098).
cost(17, 8, 204352).
cost(17, 9, 667982).
cost(17, 10, 369485).
cost(17, 11, 402008).
cost(17, 12, 398954).
cost(17, 13, 128881).
cost(17, 14, 148685).
cost(17, 15, 271052).
cost(17, 16, 318137).
cost(17, 18, 140088).
cost(17, 19, 313930).
cost(17, 20, 206893).
cost(17, 21, 587013).
cost(18, 1, 316025).
cost(18, 2, 256887).
cost(18, 3, 170626).
cost(18, 4, 412536).
cost(18, 5, 549384).
cost(18, 6, 558716).
cost(18, 7, 665949).
cost(18, 8, 67080).
cost(18, 9, 557420).
cost(18, 10, 278660).
cost(18, 11, 269539).
cost(18, 12, 268877).
cost(18, 13, 251280).
cost(18, 14, 45071).
cost(18, 15, 163904).
cost(18, 16, 270576).
cost(18, 17, 140088).
cost(18, 19, 186136).
cost(18, 20, 98545).
cost(18, 21, 448018).
cost(19, 1, 292571).
cost(19, 2, 184181).
cost(19, 3, 50342).
cost(19, 4, 358263).
cost(19, 5, 478747).
cost(19, 6, 410843).
cost(19, 7, 679814).
cost(19, 8, 154308).
cost(19, 9, 536804).
cost(19, 10, 339700).
cost(19, 11, 223787).
cost(19, 12, 234333).
cost(19, 13, 435118).
cost(19, 14, 212194).
cost(19, 15, 239068).
cost(19, 16, 388963).
cost(19, 17, 313930).
cost(19, 18, 186136).
cost(19, 20, 110658).
cost(19, 21, 328281).
cost(20, 1, 338082).
cost(20, 2, 249646).
cost(20, 3, 121575).
cost(20, 4, 422545).
cost(20, 5, 553529).
cost(20, 6, 516634).
cost(20, 7, 713525).
cost(20, 8, 110222).
cost(20, 9, 587348).
cost(20, 10, 339618).
cost(20, 11, 277392).
cost(20, 12, 282458).
cost(20, 13, 332179).
cost(20, 14, 139057).
cost(20, 15, 223909).
cost(20, 16, 355408).
cost(20, 17, 206893).
cost(20, 18, 98545).
cost(20, 19, 110658).
cost(20, 21, 422837).
cost(21, 1, 211349).
cost(21, 2, 194059).
cost(21, 3, 301450).
cost(21, 4, 153778).
cost(21, 5, 187373).
cost(21, 6, 135440).
cost(21, 7, 480939).
cost(21, 8, 382665).
cost(21, 9, 311316).
cost(21, 10, 351220).
cost(21, 11, 200608).
cost(21, 12, 211340).
cost(21, 13, 679916).
cost(21, 14, 442228).
cost(21, 15, 353873).
cost(21, 16, 461568).
cost(21, 17, 587013).
cost(21, 18, 448018).
cost(21, 19, 328281).
cost(21, 20, 422837).
