dimension(21).
point(1, 471509.0, -234463.0).
point(2, -130871.0, -127013.0).
point(3, 368242.0, 226430.0).
point(4, 262471.0, -98483.0).
point(5, 317733.0, 174703.0).
point(6, -68713.0, 465079.0).
point(7, 494910.0, 205048.0).
point(8, -282380.0, 398944.0).
point(9, 155321.0, 196821.0).
point(10, 968.0, -269793.0).
point(11, -152650.0, 208349.0).
point(12, 257166.0, 253515.0).
point(13, -117740.0, 93796.0).
point(14, -64668.0, -225953.0).
point(15, -334483.0, -288657.0).
point(16, 85031.0, -376448.0).
point(17, -2129.0, 93352.0).
point(18, -358608.0, -79203.0).
point(19, -163461.0, 10563.0).
point(20, -493955.0, 124130.0).
point(21, 354540.0, 241802.0).
cost(1, 2, 611888).
cost(1, 3, 472320).
cost(1, 4, 249374).
cost(1, 5, 437109).
cost(1, 6, 883855).
cost(1, 7, 440134).
cost(1, 8, 984659).
cost(1, 9, 534772).
cost(1, 10, 471865).
cost(1, 11, 765282).
cost(1, 12, 532978).
cost(1, 13, 674513).
cost(1, 14, 536245).
cost(1, 15, 807812).
cost(1, 16, 411734).
cost(1, 17, 576017).
cost(1, 18, 844512).
cost(1, 19, 680606).
cost(1, 20, 1029908).
cost(1, 21, 490418).
cost(2, 1, 611888).
cost(2, 3, 611585).
cost(2, 4, 394375).
cost(2, 5, 540627).
cost(2, 6, 595346).
cost(2, 7, 708425).
cost(2, 8, 547344).
cost(2, 9, 432174).
cost(2, 10, 194339).
cost(2, 11, 336068).
cost(2, 12, 543483).
cost(2, 13, 221199).
cost(2, 14, 119046).
cost(2, 15, 259974).
cost(2, 16, 329896).
cost(2, 17, 255216).
cost(2, 18, 232701).
cost(2, 19, 141383).
cost(2, 20, 441478).
cost(2, 21, 609630).
cost(3, 1, 472320).
cost(3, 2, 611585).
cost(3, 4, 341696).
cost(3, 5, 72297).
cost(3, 6, 497879).
cost(3, 7, 128460).
cost(3, 8, 673105).
cost(3, 9, 214970).
cost(3, 10, 617355).
cost(3, 11, 521206).
cost(3, 12, 114331).
cost(3, 13, 503756).
cost(3, 14, 626148).
cost(3, 15, 871285).
cost(3, 16, 666086).
cost(3, 17, 393554).
cost(3, 18, 788494).
cost(3, 19, 573852).
cost(3, 20, 868245).
cost(3, 21, 20592).
cost(4, 1, 249374).
cost(4, 2, 394375).
cost(4, 3, 341696).
cost(4, 5, 278719).
cost(4, 6, 653670).
cost(4, 7, 382307).
cost(4, 8, 737764).
cost(4, 9, 314143).
cost(4, 10, 312619).
cost(4, 11, 516209).
cost(4, 12, 352038).
cost(4, 13, 426065).
cost(4, 14, 351096).
cost(4, 15, 626514).
cost(4, 16, 329772).
cost(4, 17, 326824).
cost(4, 18, 621378).
cost(4, 19, 439669).
cost(4, 20, 788503).
cost(4, 21, 352520).
cost(5, 1, 437109).
cost(5, 2, 540627).
cost(5, 3, 72297).
cost(5, 4, 278719).
cost(5, 6, 483383).
cost(5, 7, 179757).
cost(5, 8, 640640).
cost(5, 9, 163911).
cost(5, 10, 545818).
cost(5, 11, 471585).
cost(5, 12, 99397).
cost(5, 13, 442925).
cost(5, 14, 553855).
cost(5, 15, 800055).
cost(5, 16, 598262).
cost(5, 17, 330045).
cost(5, 18, 722430).
cost(5, 19, 508419).
cost(5, 20, 813262).
cost(5, 21, 76531).
cost(6, 1, 883855).
cost(6, 2, 595346).
cost(6, 3, 497879).
cost(6, 4, 653670).
cost(6, 5, 483383).
cost(6, 7, 620715).
cost(6, 8, 223668).
cost(6, 9, 349505).
cost(6, 10, 738168).
cost(6, 11, 270103).
cost(6, 12, 388531).
cost(6, 13, 374506).
cost(6, 14, 691044).
cost(6, 15, 799219).
cost(6, 16, 855456).
cost(6, 17, 377643).
cost(6, 18, 616670).
cost(6, 19, 464287).
cost(6, 20, 545048).
cost(6, 21, 478535).
cost(7, 1, 440134).
cost(7, 2, 708425).
cost(7, 3, 128460).
cost(7, 4, 382307).
cost(7, 5, 179757).
cost(7, 6, 620715).
cost(7, 8, 801109).
cost(7, 9, 339689).
cost(7, 10, 685166).
cost(7, 11, 647568).
cost(7, 12, 242634).
cost(7, 13, 622669).
cost(7, 14, 706321).
cost(7, 15, 965214).
cost(7, 16, 711434).
cost(7, 17, 509435).
cost(7, 18, 899606).
cost(7, 19, 686496).
cost(7, 20, 992170).
cost(7, 21, 145102).
cost(8, 1, 984659).
cost(8, 2, 547344).
cost(8, 3, 673105).
cost(8, 4, 737764).
cost(8, 5, 640640).
cost(8, 6, 223668).
cost(8, 7, 801109).
cost(8, 9, 482116).
cost(8, 10, 726289).
cost(8, 11, 230557).
cost(8, 12, 558802).
cost(8, 13, 346730).
cost(8, 14, 661736).
cost(8, 15, 689572).
cost(8, 16, 858035).
cost(8, 17, 414641).
cost(8, 18, 484185).
cost(8, 19, 406179).
cost(8, 20, 346824).
cost(8, 21, 656019).
cost(9, 1, 534772).
cost(9, 2, 432174).
cost(9, 3, 214970).
cost(9, 4, 314143).
cost(9, 5, 163911).
cost(9, 6, 349505).
cost(9, 7, 339689).
cost(9, 8, 482116).
cost(9, 10, 491481).
cost(9, 11, 308187).
cost(9, 12, 116562).
cost(9, 13, 291850).
cost(9, 14, 476585).
cost(9, 15, 689635).
cost(9, 16, 577562).
cost(9, 17, 188405).
cost(9, 18, 583363).
cost(9, 19, 369207).
cost(9, 20, 653332).
cost(9, 21, 204234).
cost(10, 1, 471865).
cost(10, 2, 194339).
cost(10, 3, 617355).
cost(10, 4, 312619).
cost(10, 5, 545818).
cost(10, 6, 738168).
cost(10, 7, 685166).
cost(10, 8, 726289).
cost(10, 9, 491481).
cost(10, 11, 502213).
cost(10, 12, 582657).
cost(10, 13, 382477).
cost(10, 14, 78931).
cost(10, 15, 335981).
cost(10, 16, 135801).
cost(10, 17, 363158).
cost(10, 18, 406964).
cost(10, 19, 325018).
cost(10, 20, 632554).
cost(10, 21, 621886).
cost(11, 1, 765282).
cost(11, 2, 336068).
cost(11, 3, 521206).
cost(11, 4, 516209).
cost(11, 5, 471585).
cost(11, 6, 270103).
cost(11, 7, 647568).
cost(11, 8, 230557).
cost(11, 9, 308187).
cost(11, 10, 502213).
cost(11, 12, 412297).
cost(11, 13, 119754).
cost(11, 14, 443124).
cost(11, 15, 529224).
cost(11, 16, 631253).
cost(11, 17, 189422).
cost(11, 18, 353702).
cost(11, 19, 198081).
cost(11, 20, 351542).
cost(11, 21, 508292).
cost(12, 1, 532978).
cost(12, 2, 543483).
cost(12, 3, 114331).
cost(12, 4, 352038).
cost(12, 5, 99397).
cost(12, 6, 388531).
cost(12, 7, 242634).
cost(12, 8, 558802).
cost(12, 9, 116562).
cost(12, 10, 582657).
cost(12, 11, 412297).
cost(12, 13, 407510).
cost(12, 14, 577466).
cost(12, 15, 802495).
cost(12, 16, 653057).
cost(12, 17, 304772).
cost(12, 18, 699913).
cost(12, 19, 485750).
cost(12, 20, 762183).
cost(12, 21, 98076).
cost(13, 1, 674513).
cost(13, 2, 221199).
cost(13, 3, 503756).
cost(13, 4, 426065).
cost(13, 5, 442925).
cost(13, 6, 374506).
cost(13, 7, 622669).
cost(13, 8, 346730).
cost(13, 9, 291850).
cost(13, 10, 382477).
cost(13, 11, 119754).
cost(13, 12, 407510).
cost(13, 14, 324124).
cost(13, 15, 439600).
cost(13, 16, 512099).
cost(13, 17, 115612).
cost(13, 18, 296557).
cost(13, 19, 94964).
cost(13, 20, 377436).
cost(13, 21, 494928).
cost(14, 1, 536245).
cost(14, 2, 119046).
cost(14, 3, 626148).
cost(14, 4, 351096).
cost(14, 5, 553855).
cost(14, 6, 691044).
cost(14, 7, 706321).
cost(14, 8, 661736).
cost(14, 9, 476585).
cost(14, 10, 78931).
cost(14, 11, 443124).
cost(14, 12, 577466).
cost(14, 13, 324124).
cost(14, 15, 277005).
cost(14, 16, 212270).
cost(14, 17, 325372).
cost(14, 18, 328537).
cost(14, 19, 256320).
cost(14, 20, 553936).
cost(14, 21, 628116).
cost(15, 1, 807812).
cost(15, 2, 259974).
cost(15, 3, 871285).
cost(15, 4, 626514).
cost(15, 5, 800055).
cost(15, 6, 799219).
cost(15, 7, 965214).
cost(15, 8, 689572).
cost(15, 9, 689635).
cost(15, 10, 335981).
cost(15, 11, 529224).
cost(15, 12, 802495).
cost(15, 13, 439600).
cost(15, 14, 277005).
cost(15, 16, 428602).
cost(15, 17, 506350).
cost(15, 18, 210839).
cost(15, 19, 344646).
cost(15, 20, 442521).
cost(15, 21, 869563).
cost(16, 1, 411734).
cost(16, 2, 329896).
cost(16, 3, 666086).
cost(16, 4, 329772).
cost(16, 5, 598262).
cost(16, 6, 855456).
cost(16, 7, 711434).
cost(16, 8, 858035).
cost(16, 9, 577562).
cost(16, 10, 135801).
cost(16, 11, 631253).
cost(16, 12, 653057).
cost(16, 13, 512099).
cost(16, 14, 212270).
cost(16, 15, 428602).
cost(16, 17, 477817).
cost(16, 18, 534013).
cost(16, 19, 459919).
cost(16, 20, 765378).
cost(16, 21, 674439).
cost(17, 1, 576017).
cost(17, 2, 255216).
cost(17, 3, 393554).
cost(17, 4, 326824).
cost(17, 5, 330045).
cost(17, 6, 377643).
cost(17, 7, 509435).
cost(17, 8, 414641).
cost(17, 9, 188405).
cost(17, 10, 363158).
cost(17, 11, 189422).
cost(17, 12, 304772).
cost(17, 13, 115612).
cost(17, 14, 325372).
cost(17, 15, 506350).
cost(17, 16, 477817).
cost(17, 18, 396046).
cost(17, 19, 181334).
cost(17, 20, 492788).
cost(17, 21, 386329).
cost(18, 1, 844512).
cost(18, 2, 232701).
cost(18, 3, 788494).
cost(18, 4, 621378).
cost(18, 5, 722430).
cost(18, 6, 616670).
cost(18, 7, 899606).
cost(18, 8, 484185).
cost(18, 9, 583363).
cost(18, 10, 406964).
cost(18, 11, 353702).
cost(18, 12, 699913).
cost(18, 13, 296557).
cost(18, 14, 328537).
cost(18, 15, 210839).
cost(18, 16, 534013).
cost(18, 17, 396046).
cost(18, 19, 214803).
cost(18, 20, 244260).
cost(18, 21, 782064).
cost(19, 1, 680606).
cost(19, 2, 141383).
cost(19, 3, 573852).
cost(19, 4, 439669).
cost(19, 5, 508419).
cost(19, 6, 464287).
cost(19, 7, 686496).
cost(19, 8, 406179).
cost(19, 9, 369207).
cost(19, 10, 325018).
cost(19, 11, 198081).
cost(19, 12, 485750).
cost(19, 13, 94964).
cost(19, 14, 256320).
cost(19, 15, 344646).
cost(19, 16, 459919).
cost(19, 17, 181334).
cost(19, 18, 214803).
cost(19, 20, 349462).
cost(19, 21, 567271).
cost(20, 1, 1029908).
cost(20, 2, 441478).
cost(20, 3, 868245).
cost(20, 4, 788503).
cost(20, 5, 813262).
cost(20, 6, 545048).
cost(20, 7, 992170).
cost(20, 8, 346824).
cost(20, 9, 653332).
cost(20, 10, 632554).
cost(20, 11, 351542).
cost(20, 12, 762183).
cost(20, 13, 377436).
cost(20, 14, 553936).
cost(20, 15, 442521).
cost(20, 16, 765378).
cost(20, 17, 492788).
cost(20, 18, 244260).
cost(20, 19, 349462).
cost(20, 21, 856616).
cost(21, 1, 490418).
cost(21, 2, 609630).
cost(21, 3, 20592).
cost(21, 4, 352520).
cost(21, 5, 76531).
cost(21, 6, 478535).
cost(21, 7, 145102).
cost(21, 8, 656019).
cost(21, 9, 204234).
cost(21, 10, 621886).
cost(21, 11, 508292).
cost(21, 12, 98076).
cost(21, 13, 494928).
cost(21, 14, 628116).
cost(21, 15, 869563).
cost(21, 16, 674439).
cost(21, 17, 386329).
cost(21, 18, 782064).
cost(21, 19, 567271).
cost(21, 20, 856616).
