dimension(21).
point(1, -95316.0, 128340.0).
point(2, -256045.0, -14660.0).
point(3, -75766.0, -210492.0).
point(4, 43584.0, 96038.0).
point(5, -358048.0, -279480.0).
point(6, 95961.0, -218126.0).
point(7, 257328.0, -214835.0).
point(8, -172321.0, 215641.0).
point(9, -35953.0, 51304.0).
point(10, -425784.0, -161134.0).
point(11, -179046.0, -241939.0).
point(12, -175239.0, -74012.0).
point(13, 16784.0, -514200.0).
point(14, -139083.0, 125694.0).
point(15, -39402.0, 60508.0).
point(16, -322116.0, 254733.0).
point(17, 528022.0, 166284.0).
point(18, -56779.0, 275650.0).
point(19, -9201.0, 274512.0).
point(20, 206849.0, 126768.0).
point(21, 203202.0, -250293.0).
cost(1, 2, 215134).
cost(1, 3, 339396).
cost(1, 4, 142607).
cost(1, 5, 485124).
cost(1, 6, 395759).
cost(1, 7, 492064).
cost(1, 8, 116410).
cost(1, 9, 97255).
cost(1, 10, 439323).
cost(1, 11, 379628).
cost(1, 12, 217564).
cost(1, 13, 652245).
cost(1, 14, 43847).
cost(1, 15, 87907).
cost(1, 16, 259641).
cost(1, 17, 624492).
cost(1, 18, 152267).
cost(1, 19, 169653).
cost(1, 20, 302169).
cost(1, 21, 482158).
cost(2, 1, 215134).
cost(2, 3, 266178).
cost(2, 4, 319424).
cost(2, 5, 283786).
cost(2, 6, 406579).
cost(2, 7, 551019).
cost(2, 8, 245047).
cost(2, 9, 229765).
cost(2, 10, 224201).
cost(2, 11, 239968).
cost(2, 12, 100261).
cost(2, 13, 569189).
cost(2, 14, 182700).
cost(2, 15, 229313).
cost(2, 16, 277377).
cost(2, 17, 804675).
cost(2, 18, 352118).
cost(2, 19, 380200).
cost(2, 20, 484017).
cost(2, 21, 516169).
cost(3, 1, 339396).
cost(3, 2, 266178).
cost(3, 4, 328945).
cost(3, 5, 290590).
cost(3, 6, 171897).
cost(3, 7, 333122).
cost(3, 8, 436935).
cost(3, 9, 264806).
cost(3, 10, 353481).
cost(3, 11, 107961).
cost(3, 12, 168884).
cost(3, 13, 317497).
cost(3, 14, 342097).
cost(3, 15, 273429).
cost(3, 16, 526424).
cost(3, 17, 711702).
cost(3, 18, 486513).
cost(3, 19, 489551).
cost(3, 20, 440018).
cost(3, 21, 281793).
cost(4, 1, 142607).
cost(4, 2, 319424).
cost(4, 3, 328945).
cost(4, 5, 549838).
cost(4, 6, 318500).
cost(4, 7, 377265).
cost(4, 8, 246819).
cost(4, 9, 91254).
cost(4, 10, 535204).
cost(4, 11, 404713).
cost(4, 12, 277129).
cost(4, 13, 610826).
cost(4, 14, 185059).
cost(4, 15, 90272).
cost(4, 16, 398648).
cost(4, 17, 489505).
cost(4, 18, 205750).
cost(4, 19, 186116).
cost(4, 20, 166132).
cost(4, 21, 381344).
cost(5, 1, 485124).
cost(5, 2, 283786).
cost(5, 3, 290590).
cost(5, 4, 549838).
cost(5, 6, 458136).
cost(5, 7, 618762).
cost(5, 8, 528809).
cost(5, 9, 461696).
cost(5, 10, 136360).
cost(5, 11, 182896).
cost(5, 12, 275020).
cost(5, 13, 442258).
cost(5, 14, 460556).
cost(5, 15, 465969).
cost(5, 16, 535420).
cost(5, 17, 991880).
cost(5, 18, 631611).
cost(5, 19, 654677).
cost(5, 20, 695806).
cost(5, 21, 562008).
cost(6, 1, 395759).
cost(6, 2, 406579).
cost(6, 3, 171897).
cost(6, 4, 318500).
cost(6, 5, 458136).
cost(6, 7, 161401).
cost(6, 8, 510028).
cost(6, 9, 299990).
cost(6, 10, 524848).
cost(6, 11, 276036).
cost(6, 12, 307113).
cost(6, 13, 306478).
cost(6, 14, 416483).
cost(6, 15, 309774).
cost(6, 16, 631177).
cost(6, 17, 578315).
cost(6, 18, 516860).
cost(6, 19, 503737).
cost(6, 20, 362282).
cost(6, 21, 111961).
cost(7, 1, 492064).
cost(7, 2, 551019).
cost(7, 3, 333122).
cost(7, 4, 377265).
cost(7, 5, 618762).
cost(7, 6, 161401).
cost(7, 8, 608201).
cost(7, 9, 396035).
cost(7, 10, 685220).
cost(7, 11, 437215).
cost(7, 12, 454912).
cost(7, 13, 384032).
cost(7, 14, 522591).
cost(7, 15, 404799).
cost(7, 16, 745821).
cost(7, 17, 467469).
cost(7, 18, 582442).
cost(7, 19, 557224).
cost(7, 20, 345313).
cost(7, 21, 64706).
cost(8, 1, 116410).
cost(8, 2, 245047).
cost(8, 3, 436935).
cost(8, 4, 246819).
cost(8, 5, 528809).
cost(8, 6, 510028).
cost(8, 7, 608201).
cost(8, 9, 213548).
cost(8, 10, 454096).
cost(8, 11, 457629).
cost(8, 12, 289668).
cost(8, 13, 753942).
cost(8, 14, 95892).
cost(8, 15, 204288).
cost(8, 16, 154812).
cost(8, 17, 702080).
cost(8, 18, 130196).
cost(8, 19, 173418).
cost(8, 20, 389446).
cost(8, 21, 598425).
cost(9, 1, 97255).
cost(9, 2, 229765).
cost(9, 3, 264806).
cost(9, 4, 91254).
cost(9, 5, 461696).
cost(9, 6, 299990).
cost(9, 7, 396035).
cost(9, 8, 213548).
cost(9, 10, 443957).
cost(9, 11, 326293).
cost(9, 12, 187362).
cost(9, 13, 567958).
cost(9, 14, 127160).
cost(9, 15, 9829).
cost(9, 16, 351102).
cost(9, 17, 575576).
cost(9, 18, 225311).
cost(9, 19, 224805).
cost(9, 20, 254259).
cost(9, 21, 384910).
cost(10, 1, 439323).
cost(10, 2, 224201).
cost(10, 3, 353481).
cost(10, 4, 535204).
cost(10, 5, 136360).
cost(10, 6, 524848).
cost(10, 7, 685220).
cost(10, 8, 454096).
cost(10, 9, 443957).
cost(10, 11, 259633).
cost(10, 12, 265260).
cost(10, 13, 566147).
cost(10, 14, 405546).
cost(10, 15, 445439).
cost(10, 16, 428594).
cost(10, 17, 1008439).
cost(10, 18, 571791).
cost(10, 19, 602768).
cost(10, 20, 695063).
cost(10, 21, 635274).
cost(11, 1, 379628).
cost(11, 2, 239968).
cost(11, 3, 107961).
cost(11, 4, 404713).
cost(11, 5, 182896).
cost(11, 6, 276036).
cost(11, 7, 437215).
cost(11, 8, 457629).
cost(11, 9, 326293).
cost(11, 10, 259633).
cost(11, 12, 167970).
cost(11, 13, 335374).
cost(11, 14, 369799).
cost(11, 15, 333129).
cost(11, 16, 516868).
cost(11, 17, 816450).
cost(11, 18, 531834).
cost(11, 19, 543663).
cost(11, 20, 533723).
cost(11, 21, 382339).
cost(12, 1, 217564).
cost(12, 2, 100261).
cost(12, 3, 168884).
cost(12, 4, 277129).
cost(12, 5, 275020).
cost(12, 6, 307113).
cost(12, 7, 454912).
cost(12, 8, 289668).
cost(12, 9, 187362).
cost(12, 10, 265260).
cost(12, 11, 167970).
cost(12, 13, 480248).
cost(12, 14, 202953).
cost(12, 15, 191174).
cost(12, 16, 360064).
cost(12, 17, 743181).
cost(12, 18, 369183).
cost(12, 19, 386054).
cost(12, 20, 431629).
cost(12, 21, 417484).
cost(13, 1, 652245).
cost(13, 2, 569189).
cost(13, 3, 317497).
cost(13, 4, 610826).
cost(13, 5, 442258).
cost(13, 6, 306478).
cost(13, 7, 384032).
cost(13, 8, 753942).
cost(13, 9, 567958).
cost(13, 10, 566147).
cost(13, 11, 335374).
cost(13, 12, 480248).
cost(13, 14, 658604).
cost(13, 15, 577448).
cost(13, 16, 840304).
cost(13, 17, 851130).
cost(13, 18, 793268).
cost(13, 19, 789140).
cost(13, 20, 668554).
cost(13, 21, 323108).
cost(14, 1, 43847).
cost(14, 2, 182700).
cost(14, 3, 342097).
cost(14, 4, 185059).
cost(14, 5, 460556).
cost(14, 6, 416483).
cost(14, 7, 522591).
cost(14, 8, 95892).
cost(14, 9, 127160).
cost(14, 10, 405546).
cost(14, 11, 369799).
cost(14, 12, 202953).
cost(14, 13, 658604).
cost(14, 15, 119103).
cost(14, 16, 223947).
cost(14, 17, 668339).
cost(14, 18, 171058).
cost(14, 19, 197525).
cost(14, 20, 345934).
cost(14, 21, 508454).
cost(15, 1, 87907).
cost(15, 2, 229313).
cost(15, 3, 273429).
cost(15, 4, 90272).
cost(15, 5, 465969).
cost(15, 6, 309774).
cost(15, 7, 404799).
cost(15, 8, 204288).
cost(15, 9, 9829).
cost(15, 10, 445439).
cost(15, 11, 333129).
cost(15, 12, 191174).
cost(15, 13, 577448).
cost(15, 14, 119103).
cost(15, 16, 343002).
cost(15, 17, 577199).
cost(15, 18, 215843).
cost(15, 19, 216125).
cost(15, 20, 255010).
cost(15, 21, 394277).
cost(16, 1, 259641).
cost(16, 2, 277377).
cost(16, 3, 526424).
cost(16, 4, 398648).
cost(16, 5, 535420).
cost(16, 6, 631177).
cost(16, 7, 745821).
cost(16, 8, 154812).
cost(16, 9, 351102).
cost(16, 10, 428594).
cost(16, 11, 516868).
cost(16, 12, 360064).
cost(16, 13, 840304).
cost(16, 14, 223947).
cost(16, 15, 343002).
cost(16, 17, 854727).
cost(16, 18, 266160).
cost(16, 19, 313539).
cost(16, 20, 544223).
cost(16, 21, 728705).
cost(17, 1, 624492).
cost(17, 2, 804675).
cost(17, 3, 711702).
cost(17, 4, 489505).
cost(17, 5, 991880).
cost(17, 6, 578315).
cost(17, 7, 467469).
cost(17, 8, 702080).
cost(17, 9, 575576).
cost(17, 10, 1008439).
cost(17, 11, 816450).
cost(17, 12, 743181).
cost(17, 13, 851130).
cost(17, 14, 668339).
cost(17, 15, 577199).
cost(17, 16, 854727).
cost(17, 18, 594940).
cost(17, 19, 548016).
cost(17, 20, 323595).
cost(17, 21, 528247).
cost(18, 1, 152267).
cost(18, 2, 352118).
cost(18, 3, 486513).
cost(18, 4, 205750).
cost(18, 5, 631611).
cost(18, 6, 516860).
cost(18, 7, 582442).
cost(18, 8, 130196).
cost(18, 9, 225311).
cost(18, 10, 571791).
cost(18, 11, 531834).
cost(18, 12, 369183).
cost(18, 13, 793268).
cost(18, 14, 171058).
cost(18, 15, 215843).
cost(18, 16, 266160).
cost(18, 17, 594940).
cost(18, 19, 47592).
cost(18, 20, 302763).
cost(18, 21, 586691).
cost(19, 1, 169653).
cost(19, 2, 380200).
cost(19, 3, 489551).
cost(19, 4, 186116).
cost(19, 5, 654677).
cost(19, 6, 503737).
cost(19, 7, 557224).
cost(19, 8, 173418).
cost(19, 9, 224805).
cost(19, 10, 602768).
cost(19, 11, 543663).
cost(19, 12, 386054).
cost(19, 13, 789140).
cost(19, 14, 197525).
cost(19, 15, 216125).
cost(19, 16, 313539).
cost(19, 17, 548016).
cost(19, 18, 47592).
cost(19, 20, 261736).
cost(19, 21, 566158).
cost(20, 1, 302169).
cost(20, 2, 484017).
cost(20, 3, 440018).
cost(20, 4, 166132).
cost(20, 5, 695806).
cost(20, 6, 362282).
cost(20, 7, 345313).
cost(20, 8, 389446).
cost(20, 9, 254259).
cost(20, 10, 695063).
cost(20, 11, 533723).
cost(20, 12, 431629).
cost(20, 13, 668554).
cost(20, 14, 345934).
cost(20, 15, 255010).
cost(20, 16, 544223).
cost(20, 17, 323595).
cost(20, 18, 302763).
cost(20, 19, 261736).
cost(20, 21, 377079).
cost(21, 1, 482158).
cost(21, 2, 516169).
cost(21, 3, 281793).
cost(21, 4, 381344).
cost(21, 5, 562008).
cost(21, 6, 111961).
cost(21, 7, 64706).
cost(21, 8, 598425).
cost(21, 9, 384910).
cost(21, 10, 635274).
cost(21, 11, 382339).
cost(21, 12, 417484).
cost(21, 13, 323108).
cost(21, 14, 508454).
cost(21, 15, 394277).
cost(21, 16, 728705).
cost(21, 17, 528247).
cost(21, 18, 586691).
cost(21, 19, 566158).
cost(21, 20, 377079).
