dimension(21).
point(1, -132954.0, -410767.0).
point(2, -14836.0, -35851.0).
point(3, -93429.0, 267212.0).
point(4, 219627.0, -139725.0).
point(5, -71278.0, -187768.0).
point(6, -22288.0, -186305.0).
point(7, -69012.0, 164767.0).
point(8, -6942.0, 69717.0).
point(9, 33154.0, 213880.0).
point(10, -361749.0, -56193.0).
point(11, -288602.0, 50535.0).
point(12, 515287.0, -216912.0).
point(13, -301851.0, 33029.0).
point(14, 87882.0, -125025.0).
point(15, -108261.0, -183472.0).
point(16, -236956.0, -167243.0).
point(17, -118615.0, -129217.0).
point(18, 243255.0, -122702.0).
point(19, 108416.0, 296286.0).
point(20, 9677.0, 45855.0).
point(21, 44551.0, -74507.0).
cost(1, 2, 393083).
cost(1, 3, 679130).
cost(1, 4, 444721).
cost(1, 5, 231371).
cost(1, 6, 250260).
cost(1, 7, 579075).
cost(1, 8, 496733).
cost(1, 9, 646356).
cost(1, 10, 421983).
cost(1, 11, 486853).
cost(1, 12, 676606).
cost(1, 13, 474848).
cost(1, 14, 361133).
cost(1, 15, 228632).
cost(1, 16, 264802).
cost(1, 17, 281915).
cost(1, 18, 473830).
cost(1, 19, 747117).
cost(1, 20, 478380).
cost(1, 21, 380235).
cost(2, 1, 393083).
cost(2, 3, 313088).
cost(2, 4, 256442).
cost(2, 5, 162063).
cost(2, 6, 150638).
cost(2, 7, 207804).
cost(2, 8, 105863).
cost(2, 9, 254300).
cost(2, 10, 347509).
cost(2, 11, 287072).
cost(2, 12, 560191).
cost(2, 13, 295164).
cost(2, 14, 136026).
cost(2, 15, 174700).
cost(2, 16, 258072).
cost(2, 17, 139597).
cost(2, 18, 272312).
cost(2, 19, 354268).
cost(2, 20, 85304).
cost(2, 21, 70860).
cost(3, 1, 679130).
cost(3, 2, 313088).
cost(3, 4, 513422).
cost(3, 5, 455519).
cost(3, 6, 459063).
cost(3, 7, 105315).
cost(3, 8, 215602).
cost(3, 9, 137359).
cost(3, 10, 420222).
cost(3, 11, 291619).
cost(3, 12, 777760).
cost(3, 13, 313499).
cost(3, 14, 432115).
cost(3, 15, 450928).
cost(3, 16, 457549).
cost(3, 17, 397228).
cost(3, 18, 515159).
cost(3, 19, 203928).
cost(3, 20, 244192).
cost(3, 21, 368525).
cost(4, 1, 444721).
cost(4, 2, 256442).
cost(4, 3, 513422).
cost(4, 5, 294845).
cost(4, 6, 246359).
cost(4, 7, 419557).
cost(4, 8, 308544).
cost(4, 9, 399761).
cost(4, 10, 587346).
cost(4, 11, 542674).
cost(4, 12, 305569).
cost(4, 13, 549348).
cost(4, 14, 132563).
cost(4, 15, 330794).
cost(4, 16, 457411).
cost(4, 17, 338405).
cost(4, 18, 29122).
cost(4, 19, 449971).
cost(4, 20, 280212).
cost(4, 21, 186829).
cost(5, 1, 231371).
cost(5, 2, 162063).
cost(5, 3, 455519).
cost(5, 4, 294845).
cost(5, 6, 49012).
cost(5, 7, 352542).
cost(5, 8, 265401).
cost(5, 9, 415003).
cost(5, 10, 318881).
cost(5, 11, 322518).
cost(5, 12, 587289).
cost(5, 13, 319242).
cost(5, 14, 171081).
cost(5, 15, 37232).
cost(5, 16, 166945).
cost(5, 17, 75293).
cost(5, 18, 321192).
cost(5, 19, 516331).
cost(5, 20, 247252).
cost(5, 21, 162001).
cost(6, 1, 250260).
cost(6, 2, 150638).
cost(6, 3, 459063).
cost(6, 4, 246359).
cost(6, 5, 49012).
cost(6, 7, 354168).
cost(6, 8, 256482).
cost(6, 9, 404007).
cost(6, 10, 363542).
cost(6, 11, 356394).
cost(6, 12, 538446).
cost(6, 13, 355335).
cost(6, 14, 126066).
cost(6, 15, 86020).
cost(6, 16, 215513).
cost(6, 17, 111973).
cost(6, 18, 273054).
cost(6, 19, 499978).
cost(6, 20, 234350).
cost(6, 21, 130255).
cost(7, 1, 579075).
cost(7, 2, 207804).
cost(7, 3, 105315).
cost(7, 4, 419557).
cost(7, 5, 352542).
cost(7, 6, 354168).
cost(7, 8, 113522).
cost(7, 9, 113358).
cost(7, 10, 366767).
cost(7, 11, 247525).
cost(7, 12, 697914).
cost(7, 13, 267524).
cost(7, 14, 329538).
cost(7, 15, 350444).
cost(7, 16, 372070).
cost(7, 17, 298139).
cost(7, 18, 424440).
cost(7, 19, 220857).
cost(7, 20, 142590).
cost(7, 21, 264856).
cost(8, 1, 496733).
cost(8, 2, 105863).
cost(8, 3, 215602).
cost(8, 4, 308544).
cost(8, 5, 265401).
cost(8, 6, 256482).
cost(8, 7, 113522).
cost(8, 9, 149635).
cost(8, 10, 376486).
cost(8, 11, 282312).
cost(8, 12, 595717).
cost(8, 13, 297182).
cost(8, 14, 216601).
cost(8, 15, 272709).
cost(8, 16, 330237).
cost(8, 17, 228135).
cost(8, 18, 315632).
cost(8, 19, 254246).
cost(8, 20, 29079).
cost(8, 21, 153141).
cost(9, 1, 646356).
cost(9, 2, 254300).
cost(9, 3, 137359).
cost(9, 4, 399761).
cost(9, 5, 415003).
cost(9, 6, 404007).
cost(9, 7, 113358).
cost(9, 8, 149635).
cost(9, 10, 478422).
cost(9, 11, 360844).
cost(9, 12, 646555).
cost(9, 13, 380704).
cost(9, 14, 343295).
cost(9, 15, 421766).
cost(9, 16, 467134).
cost(9, 17, 375166).
cost(9, 18, 396774).
cost(9, 19, 111602).
cost(9, 20, 169657).
cost(9, 21, 288612).
cost(10, 1, 421983).
cost(10, 2, 347509).
cost(10, 3, 420222).
cost(10, 4, 587346).
cost(10, 5, 318881).
cost(10, 6, 363542).
cost(10, 7, 366767).
cost(10, 8, 376486).
cost(10, 9, 478422).
cost(10, 11, 129388).
cost(10, 12, 891640).
cost(10, 13, 107463).
cost(10, 14, 454869).
cost(10, 15, 283648).
cost(10, 16, 167049).
cost(10, 17, 253863).
cost(10, 18, 608649).
cost(10, 19, 587619).
cost(10, 20, 385190).
cost(10, 21, 406713).
cost(11, 1, 486853).
cost(11, 2, 287072).
cost(11, 3, 291619).
cost(11, 4, 542674).
cost(11, 5, 322518).
cost(11, 6, 356394).
cost(11, 7, 247525).
cost(11, 8, 282312).
cost(11, 9, 360844).
cost(11, 10, 129388).
cost(11, 12, 847210).
cost(11, 13, 21954).
cost(11, 14, 415405).
cost(11, 15, 295436).
cost(11, 16, 223818).
cost(11, 17, 247399).
cost(11, 18, 559359).
cost(11, 19, 466923).
cost(11, 20, 298316).
cost(11, 21, 355846).
cost(12, 1, 676606).
cost(12, 2, 560191).
cost(12, 3, 777760).
cost(12, 4, 305569).
cost(12, 5, 587289).
cost(12, 6, 538446).
cost(12, 7, 697914).
cost(12, 8, 595717).
cost(12, 9, 646555).
cost(12, 10, 891640).
cost(12, 11, 847210).
cost(12, 13, 854509).
cost(12, 14, 437171).
cost(12, 15, 624444).
cost(12, 16, 753881).
cost(12, 17, 639939).
cost(12, 18, 287884).
cost(12, 19, 654917).
cost(12, 20, 569814).
cost(12, 21, 491804).
cost(13, 1, 474848).
cost(13, 2, 295164).
cost(13, 3, 313499).
cost(13, 4, 549348).
cost(13, 5, 319242).
cost(13, 6, 355335).
cost(13, 7, 267524).
cost(13, 8, 297182).
cost(13, 9, 380704).
cost(13, 10, 107463).
cost(13, 11, 21954).
cost(13, 12, 854509).
cost(13, 14, 420563).
cost(13, 15, 290430).
cost(13, 16, 210524).
cost(13, 17, 244743).
cost(13, 18, 566915).
cost(13, 19, 487466).
cost(13, 20, 311792).
cost(13, 21, 362710).
cost(14, 1, 361133).
cost(14, 2, 136026).
cost(14, 3, 432115).
cost(14, 4, 132563).
cost(14, 5, 171081).
cost(14, 6, 126066).
cost(14, 7, 329538).
cost(14, 8, 216601).
cost(14, 9, 343295).
cost(14, 10, 454869).
cost(14, 11, 415405).
cost(14, 12, 437171).
cost(14, 13, 420563).
cost(14, 15, 204666).
cost(14, 16, 327570).
cost(14, 17, 206540).
cost(14, 18, 155390).
cost(14, 19, 421811).
cost(14, 20, 187926).
cost(14, 21, 66556).
cost(15, 1, 228632).
cost(15, 2, 174700).
cost(15, 3, 450928).
cost(15, 4, 330794).
cost(15, 5, 37232).
cost(15, 6, 86020).
cost(15, 7, 350444).
cost(15, 8, 272709).
cost(15, 9, 421766).
cost(15, 10, 283648).
cost(15, 11, 295436).
cost(15, 12, 624444).
cost(15, 13, 290430).
cost(15, 14, 204666).
cost(15, 16, 129714).
cost(15, 17, 55234).
cost(15, 18, 356730).
cost(15, 19, 526419).
cost(15, 20, 257876).
cost(15, 21, 187683).
cost(16, 1, 264802).
cost(16, 2, 258072).
cost(16, 3, 457549).
cost(16, 4, 457411).
cost(16, 5, 166945).
cost(16, 6, 215513).
cost(16, 7, 372070).
cost(16, 8, 330237).
cost(16, 9, 467134).
cost(16, 10, 167049).
cost(16, 11, 223818).
cost(16, 12, 753881).
cost(16, 13, 210524).
cost(16, 14, 327570).
cost(16, 15, 129714).
cost(16, 17, 124300).
cost(16, 18, 482272).
cost(16, 19, 578049).
cost(16, 20, 325943).
cost(16, 21, 296389).
cost(17, 1, 281915).
cost(17, 2, 139597).
cost(17, 3, 397228).
cost(17, 4, 338405).
cost(17, 5, 75293).
cost(17, 6, 111973).
cost(17, 7, 298139).
cost(17, 8, 228135).
cost(17, 9, 375166).
cost(17, 10, 253863).
cost(17, 11, 247399).
cost(17, 12, 639939).
cost(17, 13, 244743).
cost(17, 14, 206540).
cost(17, 15, 55234).
cost(17, 16, 124300).
cost(17, 18, 361929).
cost(17, 19, 482282).
cost(17, 20, 217046).
cost(17, 21, 172094).
cost(18, 1, 473830).
cost(18, 2, 272312).
cost(18, 3, 515159).
cost(18, 4, 29122).
cost(18, 5, 321192).
cost(18, 6, 273054).
cost(18, 7, 424440).
cost(18, 8, 315632).
cost(18, 9, 396774).
cost(18, 10, 608649).
cost(18, 11, 559359).
cost(18, 12, 287884).
cost(18, 13, 566915).
cost(18, 14, 155390).
cost(18, 15, 356730).
cost(18, 16, 482272).
cost(18, 17, 361929).
cost(18, 19, 440151).
cost(18, 20, 288045).
cost(18, 21, 204465).
cost(19, 1, 747117).
cost(19, 2, 354268).
cost(19, 3, 203928).
cost(19, 4, 449971).
cost(19, 5, 516331).
cost(19, 6, 499978).
cost(19, 7, 220857).
cost(19, 8, 254246).
cost(19, 9, 111602).
cost(19, 10, 587619).
cost(19, 11, 466923).
cost(19, 12, 654917).
cost(19, 13, 487466).
cost(19, 14, 421811).
cost(19, 15, 526419).
cost(19, 16, 578049).
cost(19, 17, 482282).
cost(19, 18, 440151).
cost(19, 20, 269193).
cost(19, 21, 376253).
cost(20, 1, 478380).
cost(20, 2, 85304).
cost(20, 3, 244192).
cost(20, 4, 280212).
cost(20, 5, 247252).
cost(20, 6, 234350).
cost(20, 7, 142590).
cost(20, 8, 29079).
cost(20, 9, 169657).
cost(20, 10, 385190).
cost(20, 11, 298316).
cost(20, 12, 569814).
cost(20, 13, 311792).
cost(20, 14, 187926).
cost(20, 15, 257876).
cost(20, 16, 325943).
cost(20, 17, 217046).
cost(20, 18, 288045).
cost(20, 19, 269193).
cost(20, 21, 125312).
cost(21, 1, 380235).
cost(21, 2, 70860).
cost(21, 3, 368525).
cost(21, 4, 186829).
cost(21, 5, 162001).
cost(21, 6, 130255).
cost(21, 7, 264856).
cost(21, 8, 153141).
cost(21, 9, 288612).
cost(21, 10, 406713).
cost(21, 11, 355846).
cost(21, 12, 491804).
cost(21, 13, 362710).
cost(21, 14, 66556).
cost(21, 15, 187683).
cost(21, 16, 296389).
cost(21, 17, 172094).
cost(21, 18, 204465).
cost(21, 19, 376253).
cost(21, 20, 125312).
