dimension(21).
point(1, 260371.0, 272609.0).
point(2, -412900.0, -390704.0).
point(3, 100211.0, -351727.0).
point(4, -65153.0, -483981.0).
point(5, 460630.0, 397006.0).
point(6, 313980.0, -128505.0).
point(7, -203822.0, 151059.0).
point(8, 192264.0, 34900.0).
point(9, 91519.0, -36004.0).
point(10, -1115.0, -365057.0).
point(11, -14308.0, 105357.0).
point(12, -255316.0, 633316.0).
point(13, -78834.0, -151670.0).
point(14, 214108.0, 165916.0).
point(15, -44198.0, -246303.0).
point(16, -349791.0, 236828.0).
point(17, -107247.0, -104574.0).
point(18, -21466.0, 265513.0).
point(19, -108433.0, -25839.0).
point(20, 189792.0, -282008.0).
point(21, -293591.0, 57508.0).
cost(1, 2, 945134).
cost(1, 3, 644552).
cost(1, 4, 823647).
cost(1, 5, 235750).
cost(1, 6, 404681).
cost(1, 7, 479843).
cost(1, 8, 247273).
cost(1, 9, 351785).
cost(1, 10, 689197).
cost(1, 11, 321593).
cost(1, 12, 629319).
cost(1, 13, 543206).
cost(1, 14, 116291).
cost(1, 15, 601691).
cost(1, 16, 611210).
cost(1, 17, 526697).
cost(1, 18, 281926).
cost(1, 19, 474434).
cost(1, 20, 559090).
cost(1, 21, 594258).
cost(2, 1, 945134).
cost(2, 3, 514589).
cost(2, 4, 360040).
cost(2, 5, 1176240).
cost(2, 6, 772724).
cost(2, 7, 580707).
cost(2, 8, 739839).
cost(2, 9, 616645).
cost(2, 10, 412583).
cost(2, 11, 636358).
cost(2, 12, 1036074).
cost(2, 13, 410777).
cost(2, 14, 838430).
cost(2, 15, 395971).
cost(2, 16, 630697).
cost(2, 17, 418681).
cost(2, 18, 764095).
cost(2, 19, 475212).
cost(2, 20, 612415).
cost(2, 21, 463820).
cost(3, 1, 644552).
cost(3, 2, 514589).
cost(3, 4, 211746).
cost(3, 5, 830965).
cost(3, 6, 309072).
cost(3, 7, 587563).
cost(3, 8, 397435).
cost(3, 9, 315843).
cost(3, 10, 102199).
cost(3, 11, 471212).
cost(3, 12, 1047239).
cost(3, 13, 268477).
cost(3, 14, 530025).
cost(3, 15, 178796).
cost(3, 16, 740877).
cost(3, 17, 322682).
cost(3, 18, 629119).
cost(3, 19, 386956).
cost(3, 20, 113514).
cost(3, 21, 567938).
cost(4, 1, 823647).
cost(4, 2, 360040).
cost(4, 3, 211746).
cost(4, 5, 1025956).
cost(4, 6, 519716).
cost(4, 7, 650004).
cost(4, 8, 579224).
cost(4, 9, 474584).
cost(4, 10, 135070).
cost(4, 11, 591527).
cost(4, 12, 1133364).
cost(4, 13, 332592).
cost(4, 14, 707356).
cost(4, 15, 238600).
cost(4, 16, 774974).
cost(4, 17, 381735).
cost(4, 18, 750766).
cost(4, 19, 460182).
cost(4, 20, 325254).
cost(4, 21, 587703).
cost(5, 1, 235750).
cost(5, 2, 1176240).
cost(5, 3, 830965).
cost(5, 4, 1025956).
cost(5, 6, 545590).
cost(5, 7, 708510).
cost(5, 8, 450712).
cost(5, 9, 568982).
cost(5, 10, 891038).
cost(5, 11, 557338).
cost(5, 12, 753937).
cost(5, 13, 769459).
cost(5, 14, 337899).
cost(5, 15, 817739).
cost(5, 16, 826099).
cost(5, 17, 757672).
cost(5, 18, 499707).
cost(5, 19, 708964).
cost(5, 20, 731036).
cost(5, 21, 827108).
cost(6, 1, 404681).
cost(6, 2, 772724).
cost(6, 3, 309072).
cost(6, 4, 519716).
cost(6, 5, 545590).
cost(6, 7, 588451).
cost(6, 8, 203755).
cost(6, 9, 240926).
cost(6, 10, 394007).
cost(6, 11, 403069).
cost(6, 12, 951036).
cost(6, 13, 393496).
cost(6, 14, 310899).
cost(6, 15, 377052).
cost(6, 16, 757668).
cost(6, 17, 421906).
cost(6, 18, 517469).
cost(6, 19, 434710).
cost(6, 20, 197448).
cost(6, 21, 635408).
cost(7, 1, 479843).
cost(7, 2, 580707).
cost(7, 3, 587563).
cost(7, 4, 650004).
cost(7, 5, 708510).
cost(7, 6, 588451).
cost(7, 8, 412768).
cost(7, 9, 349598).
cost(7, 10, 554496).
cost(7, 11, 194947).
cost(7, 12, 484998).
cost(7, 13, 327516).
cost(7, 14, 418194).
cost(7, 15, 428225).
cost(7, 16, 169302).
cost(7, 17, 273267).
cost(7, 18, 215298).
cost(7, 19, 200978).
cost(7, 20, 585217).
cost(7, 21, 129654).
cost(8, 1, 247273).
cost(8, 2, 739839).
cost(8, 3, 397435).
cost(8, 4, 579224).
cost(8, 5, 450712).
cost(8, 6, 203755).
cost(8, 7, 412768).
cost(8, 9, 123195).
cost(8, 10, 444253).
cost(8, 11, 218257).
cost(8, 12, 747281).
cost(8, 13, 329093).
cost(8, 14, 132825).
cost(8, 15, 367409).
cost(8, 16, 578445).
cost(8, 17, 330393).
cost(8, 18, 314425).
cost(8, 19, 306770).
cost(8, 20, 316918).
cost(8, 21, 486381).
cost(9, 1, 351785).
cost(9, 2, 616645).
cost(9, 3, 315843).
cost(9, 4, 474584).
cost(9, 5, 568982).
cost(9, 6, 240926).
cost(9, 7, 349598).
cost(9, 8, 123195).
cost(9, 10, 341843).
cost(9, 11, 176585).
cost(9, 12, 753846).
cost(9, 13, 205910).
cost(9, 14, 236220).
cost(9, 15, 250289).
cost(9, 16, 518837).
cost(9, 17, 210261).
cost(9, 18, 321991).
cost(9, 19, 200210).
cost(9, 20, 264907).
cost(9, 21, 396301).
cost(10, 1, 689197).
cost(10, 2, 412583).
cost(10, 3, 102199).
cost(10, 4, 135070).
cost(10, 5, 891038).
cost(10, 6, 394007).
cost(10, 7, 554496).
cost(10, 8, 444253).
cost(10, 9, 341843).
cost(10, 11, 470599).
cost(10, 12, 1030227).
cost(10, 13, 227100).
cost(10, 14, 572934).
cost(10, 15, 126328).
cost(10, 16, 695586).
cost(10, 17, 281275).
cost(10, 18, 630898).
cost(10, 19, 355789).
cost(10, 20, 208189).
cost(10, 21, 513910).
cost(11, 1, 321593).
cost(11, 2, 636358).
cost(11, 3, 471212).
cost(11, 4, 591527).
cost(11, 5, 557338).
cost(11, 6, 403069).
cost(11, 7, 194947).
cost(11, 8, 218257).
cost(11, 9, 176585).
cost(11, 10, 470599).
cost(11, 12, 580367).
cost(11, 13, 265003).
cost(11, 14, 236308).
cost(11, 15, 352928).
cost(11, 16, 360324).
cost(11, 17, 229584).
cost(11, 18, 160316).
cost(11, 19, 161468).
cost(11, 20, 437845).
cost(11, 21, 283352).
cost(12, 1, 629319).
cost(12, 2, 1036074).
cost(12, 3, 1047239).
cost(12, 4, 1133364).
cost(12, 5, 753937).
cost(12, 6, 951036).
cost(12, 7, 484998).
cost(12, 8, 747281).
cost(12, 9, 753846).
cost(12, 10, 1030227).
cost(12, 11, 580367).
cost(12, 13, 804580).
cost(12, 14, 662436).
cost(12, 15, 904600).
cost(12, 16, 407588).
cost(12, 17, 752600).
cost(12, 18, 435850).
cost(12, 19, 675322).
cost(12, 20, 1017811).
cost(12, 21, 577079).
cost(13, 1, 543206).
cost(13, 2, 410777).
cost(13, 3, 268477).
cost(13, 4, 332592).
cost(13, 5, 769459).
cost(13, 6, 393496).
cost(13, 7, 327516).
cost(13, 8, 329093).
cost(13, 9, 205910).
cost(13, 10, 227100).
cost(13, 11, 265003).
cost(13, 12, 804580).
cost(13, 14, 432060).
cost(13, 15, 100772).
cost(13, 16, 473654).
cost(13, 17, 55003).
cost(13, 18, 421109).
cost(13, 19, 129265).
cost(13, 20, 298576).
cost(13, 21, 299793).
cost(14, 1, 116291).
cost(14, 2, 838430).
cost(14, 3, 530025).
cost(14, 4, 707356).
cost(14, 5, 337899).
cost(14, 6, 310899).
cost(14, 7, 418194).
cost(14, 8, 132825).
cost(14, 9, 236220).
cost(14, 10, 572934).
cost(14, 11, 236308).
cost(14, 12, 662436).
cost(14, 13, 432060).
cost(14, 15, 486463).
cost(14, 16, 568340).
cost(14, 17, 420040).
cost(14, 18, 255763).
cost(14, 19, 375237).
cost(14, 20, 448584).
cost(14, 21, 519144).
cost(15, 1, 601691).
cost(15, 2, 395971).
cost(15, 3, 178796).
cost(15, 4, 238600).
cost(15, 5, 817739).
cost(15, 6, 377052).
cost(15, 7, 428225).
cost(15, 8, 367409).
cost(15, 9, 250289).
cost(15, 10, 126328).
cost(15, 11, 352928).
cost(15, 12, 904600).
cost(15, 13, 100772).
cost(15, 14, 486463).
cost(15, 16, 571667).
cost(15, 17, 155120).
cost(15, 18, 512321).
cost(15, 19, 229631).
cost(15, 20, 236698).
cost(15, 21, 393062).
cost(16, 1, 611210).
cost(16, 2, 630697).
cost(16, 3, 740877).
cost(16, 4, 774974).
cost(16, 5, 826099).
cost(16, 6, 757668).
cost(16, 7, 169302).
cost(16, 8, 578445).
cost(16, 9, 518837).
cost(16, 10, 695586).
cost(16, 11, 360324).
cost(16, 12, 407588).
cost(16, 13, 473654).
cost(16, 14, 568340).
cost(16, 15, 571667).
cost(16, 17, 418787).
cost(16, 18, 329576).
cost(16, 19, 356718).
cost(16, 20, 748559).
cost(16, 21, 187920).
cost(17, 1, 526697).
cost(17, 2, 418681).
cost(17, 3, 322682).
cost(17, 4, 381735).
cost(17, 5, 757672).
cost(17, 6, 421906).
cost(17, 7, 273267).
cost(17, 8, 330393).
cost(17, 9, 210261).
cost(17, 10, 281275).
cost(17, 11, 229584).
cost(17, 12, 752600).
cost(17, 13, 55003).
cost(17, 14, 420040).
cost(17, 15, 155120).
cost(17, 16, 418787).
cost(17, 18, 379898).
cost(17, 19, 78744).
cost(17, 20, 345999).
cost(17, 21, 246971).
cost(18, 1, 281926).
cost(18, 2, 764095).
cost(18, 3, 629119).
cost(18, 4, 750766).
cost(18, 5, 499707).
cost(18, 6, 517469).
cost(18, 7, 215298).
cost(18, 8, 314425).
cost(18, 9, 321991).
cost(18, 10, 630898).
cost(18, 11, 160316).
cost(18, 12, 435850).
cost(18, 13, 421109).
cost(18, 14, 255763).
cost(18, 15, 512321).
cost(18, 16, 329576).
cost(18, 17, 379898).
cost(18, 19, 304055).
cost(18, 20, 586864).
cost(18, 21, 342517).
cost(19, 1, 474434).
cost(19, 2, 475212).
cost(19, 3, 386956).
cost(19, 4, 460182).
cost(19, 5, 708964).
cost(19, 6, 434710).
cost(19, 7, 200978).
cost(19, 8, 306770).
cost(19, 9, 200210).
cost(19, 10, 355789).
cost(19, 11, 161468).
cost(19, 12, 675322).
cost(19, 13, 129265).
cost(19, 14, 375237).
cost(19, 15, 229631).
cost(19, 16, 356718).
cost(19, 17, 78744).
cost(19, 18, 304055).
cost(19, 20, 393142).
cost(19, 21, 203052).
cost(20, 1, 559090).
cost(20, 2, 612415).
cost(20, 3, 113514).
cost(20, 4, 325254).
cost(20, 5, 731036).
cost(20, 6, 197448).
cost(20, 7, 585217).
cost(20, 8, 316918).
cost(20, 9, 264907).
cost(20, 10, 208189).
cost(20, 11, 437845).
cost(20, 12, 1017811).
cost(20, 13, 298576).
cost(20, 14, 448584).
cost(20, 15, 236698).
cost(20, 16, 748559).
cost(20, 17, 345999).
cost(20, 18, 586864).
cost(20, 19, 393142).
cost(20, 21, 590703).
cost(21, 1, 594258).
cost(21, 2, 463820).
cost(21, 3, 567938).
cost(21, 4, 587703).
cost(21, 5, 827108).
cost(21, 6, 635408).
cost(21, 7, 129654).
cost(21, 8, 486381).
cost(21, 9, 396301).
cost(21, 10, 513910).
cost(21, 11, 283352).
cost(21, 12, 577079).
cost(21, 13, 299793).
cost(21, 14, 519144).
cost(21, 15, 393062).
cost(21, 16, 187920).
cost(21, 17, 246971).
cost(21, 18, 342517).
cost(21, 19, 203052).
cost(21, 20, 590703).
