dimension(21).
point(1, -51377.0, -176261.0).
point(2, -192415.0, 55076.0).
point(3, 54199.0, 359680.0).
point(4, -308045.0, 139809.0).
point(5, -222613.0, -71836.0).
point(6, 22245.0, -81867.0).
point(7, 381871.0, -58363.0).
point(8, 471683.0, 83685.0).
point(9, 5710.0, -90635.0).
point(10, 188138.0, 136704.0).
point(11, -432162.0, 193538.0).
point(12, -195389.0, 56379.0).
point(13, -35044.0, -520597.0).
point(14, -157594.0, 157890.0).
point(15, -278052.0, -3344.0).
point(16, 119445.0, 24347.0).
point(17, -139555.0, -257987.0).
point(18, -207381.0, 37656.0).
point(19, 232679.0, 340346.0).
point(20, -529753.0, -5056.0).
point(21, 102659.0, -137683.0).
cost(1, 2, 270940).
cost(1, 3, 546241).
cost(1, 4, 407159).
cost(1, 5, 200565).
cost(1, 6, 119710).
cost(1, 7, 449003).
cost(1, 8, 584092).
cost(1, 9, 102911).
cost(1, 10, 394100).
cost(1, 11, 530800).
cost(1, 12, 273607).
cost(1, 13, 344723).
cost(1, 14, 350626).
cost(1, 15, 285100).
cost(1, 16, 263484).
cost(1, 17, 120227).
cost(1, 18, 264760).
cost(1, 19, 589551).
cost(1, 20, 508089).
cost(1, 21, 158793).
cost(2, 1, 270940).
cost(2, 3, 391921).
cost(2, 4, 143353).
cost(2, 5, 130455).
cost(2, 6, 254622).
cost(2, 7, 585383).
cost(2, 8, 664714).
cost(2, 9, 245937).
cost(2, 10, 389209).
cost(2, 11, 276858).
cost(2, 12, 3247).
cost(2, 13, 596796).
cost(2, 14, 108551).
cost(2, 15, 103666).
cost(2, 16, 313370).
cost(2, 17, 317494).
cost(2, 18, 22966).
cost(2, 19, 511941).
cost(2, 20, 342655).
cost(2, 21, 352455).
cost(3, 1, 546241).
cost(3, 2, 391921).
cost(3, 4, 423750).
cost(3, 5, 512670).
cost(3, 6, 442702).
cost(3, 7, 531158).
cost(3, 8, 500466).
cost(3, 9, 452918).
cost(3, 10, 260111).
cost(3, 11, 513955).
cost(3, 12, 392792).
cost(3, 13, 884789).
cost(3, 14, 292533).
cost(3, 15, 492115).
cost(3, 16, 341622).
cost(3, 17, 647343).
cost(3, 18, 414878).
cost(3, 19, 179524).
cost(3, 20, 688500).
cost(3, 21, 499718).
cost(4, 1, 407159).
cost(4, 2, 143353).
cost(4, 3, 423750).
cost(4, 5, 228237).
cost(4, 6, 397784).
cost(4, 7, 717814).
cost(4, 8, 781745).
cost(4, 9, 389290).
cost(4, 10, 496193).
cost(4, 11, 135247).
cost(4, 12, 140185).
cost(4, 13, 714609).
cost(4, 14, 151534).
cost(4, 15, 146261).
cost(4, 16, 442808).
cost(4, 17, 432008).
cost(4, 18, 143417).
cost(4, 19, 576713).
cost(4, 20, 264840).
cost(4, 21, 495661).
cost(5, 1, 200565).
cost(5, 2, 130455).
cost(5, 3, 512670).
cost(5, 4, 228237).
cost(5, 6, 245063).
cost(5, 7, 604634).
cost(5, 8, 711501).
cost(5, 9, 229096).
cost(5, 10, 460657).
cost(5, 11, 338133).
cost(5, 12, 131073).
cost(5, 13, 486383).
cost(5, 14, 238750).
cost(5, 15, 88117).
cost(5, 16, 355324).
cost(5, 17, 203840).
cost(5, 18, 110546).
cost(5, 19, 614154).
cost(5, 20, 314316).
cost(5, 21, 331870).
cost(6, 1, 119710).
cost(6, 2, 254622).
cost(6, 3, 442702).
cost(6, 4, 397784).
cost(6, 5, 245063).
cost(6, 7, 360393).
cost(6, 8, 478959).
cost(6, 9, 18716).
cost(6, 10, 274397).
cost(6, 11, 531351).
cost(6, 12, 257830).
cost(6, 13, 442455).
cost(6, 14, 299709).
cost(6, 15, 310394).
cost(6, 16, 143977).
cost(6, 17, 239160).
cost(6, 18, 258870).
cost(6, 19, 471748).
cost(6, 20, 557317).
cost(6, 21, 97887).
cost(7, 1, 449003).
cost(7, 2, 585383).
cost(7, 3, 531158).
cost(7, 4, 717814).
cost(7, 5, 604634).
cost(7, 6, 360393).
cost(7, 8, 168059).
cost(7, 9, 377543).
cost(7, 10, 274925).
cost(7, 11, 852117).
cost(7, 12, 588553).
cost(7, 13, 622478).
cost(7, 14, 581195).
cost(7, 15, 662213).
cost(7, 16, 275152).
cost(7, 17, 558332).
cost(7, 18, 597024).
cost(7, 19, 425708).
cost(7, 20, 913181).
cost(7, 21, 290260).
cost(8, 1, 584092).
cost(8, 2, 664714).
cost(8, 3, 500466).
cost(8, 4, 781745).
cost(8, 5, 711501).
cost(8, 6, 478959).
cost(8, 7, 168059).
cost(8, 9, 497512).
cost(8, 10, 288459).
cost(8, 11, 910496).
cost(8, 12, 667631).
cost(8, 13, 788625).
cost(8, 14, 633637).
cost(8, 15, 754769).
cost(8, 16, 357201).
cost(8, 17, 700251).
cost(8, 18, 680622).
cost(8, 19, 350710).
cost(8, 20, 1005360).
cost(8, 21, 430328).
cost(9, 1, 102911).
cost(9, 2, 245937).
cost(9, 3, 452918).
cost(9, 4, 389290).
cost(9, 5, 229096).
cost(9, 6, 18716).
cost(9, 7, 377543).
cost(9, 8, 497512).
cost(9, 10, 291484).
cost(9, 11, 522002).
cost(9, 12, 249106).
cost(9, 13, 431889).
cost(9, 14, 297377).
cost(9, 15, 296885).
cost(9, 16, 161730).
cost(9, 17, 221605).
cost(9, 18, 248729).
cost(9, 19, 487093).
cost(9, 20, 542259).
cost(9, 21, 107762).
cost(10, 1, 394100).
cost(10, 2, 389209).
cost(10, 3, 260111).
cost(10, 4, 496193).
cost(10, 5, 460657).
cost(10, 6, 274397).
cost(10, 7, 274925).
cost(10, 8, 288459).
cost(10, 9, 291484).
cost(10, 11, 622898).
cost(10, 12, 391848).
cost(10, 13, 694158).
cost(10, 14, 346381).
cost(10, 15, 486772).
cost(10, 16, 131692).
cost(10, 17, 512995).
cost(10, 18, 407732).
cost(10, 19, 208456).
cost(10, 20, 731754).
cost(10, 21, 287393).
cost(11, 1, 530800).
cost(11, 2, 276858).
cost(11, 3, 513955).
cost(11, 4, 135247).
cost(11, 5, 338133).
cost(11, 6, 531351).
cost(11, 7, 852117).
cost(11, 8, 910496).
cost(11, 9, 522002).
cost(11, 10, 622898).
cost(11, 12, 273631).
cost(11, 13, 817124).
cost(11, 14, 276872).
cost(11, 15, 250025).
cost(11, 16, 576971).
cost(11, 17, 538046).
cost(11, 18, 273543).
cost(11, 19, 680857).
cost(11, 20, 221277).
cost(11, 21, 629079).
cost(12, 1, 273607).
cost(12, 2, 3247).
cost(12, 3, 392792).
cost(12, 4, 140185).
cost(12, 5, 131073).
cost(12, 6, 257830).
cost(12, 7, 588553).
cost(12, 8, 667631).
cost(12, 9, 249106).
cost(12, 10, 391848).
cost(12, 11, 273631).
cost(12, 13, 598842).
cost(12, 14, 108319).
cost(12, 15, 101980).
cost(12, 16, 316459).
cost(12, 17, 319286).
cost(12, 18, 22234).
cost(12, 19, 513692).
cost(12, 20, 339961).
cost(12, 21, 355658).
cost(13, 1, 344723).
cost(13, 2, 596796).
cost(13, 3, 884789).
cost(13, 4, 714609).
cost(13, 5, 486383).
cost(13, 6, 442455).
cost(13, 7, 622478).
cost(13, 8, 788625).
cost(13, 9, 431889).
cost(13, 10, 694158).
cost(13, 11, 817124).
cost(13, 12, 598842).
cost(13, 14, 689466).
cost(13, 15, 571492).
cost(13, 16, 566419).
cost(13, 17, 282642).
cost(13, 18, 584249).
cost(13, 19, 901609).
cost(13, 20, 714506).
cost(13, 21, 406922).
cost(14, 1, 350626).
cost(14, 2, 108551).
cost(14, 3, 292533).
cost(14, 4, 151534).
cost(14, 5, 238750).
cost(14, 6, 299709).
cost(14, 7, 581195).
cost(14, 8, 633637).
cost(14, 9, 297377).
cost(14, 10, 346381).
cost(14, 11, 276872).
cost(14, 12, 108319).
cost(14, 13, 689466).
cost(14, 15, 201262).
cost(14, 16, 307546).
cost(14, 17, 416268).
cost(14, 18, 130134).
cost(14, 19, 430817).
cost(14, 20, 406268).
cost(14, 21, 393821).
cost(15, 1, 285100).
cost(15, 2, 103666).
cost(15, 3, 492115).
cost(15, 4, 146261).
cost(15, 5, 88117).
cost(15, 6, 310394).
cost(15, 7, 662213).
cost(15, 8, 754769).
cost(15, 9, 296885).
cost(15, 10, 486772).
cost(15, 11, 250025).
cost(15, 12, 101980).
cost(15, 13, 571492).
cost(15, 14, 201262).
cost(15, 16, 398460).
cost(15, 17, 289870).
cost(15, 18, 81703).
cost(15, 19, 615605).
cost(15, 20, 251707).
cost(15, 21, 403718).
cost(16, 1, 263484).
cost(16, 2, 313370).
cost(16, 3, 341622).
cost(16, 4, 442808).
cost(16, 5, 355324).
cost(16, 6, 143977).
cost(16, 7, 275152).
cost(16, 8, 357201).
cost(16, 9, 161730).
cost(16, 10, 131692).
cost(16, 11, 576971).
cost(16, 12, 316459).
cost(16, 13, 566419).
cost(16, 14, 307546).
cost(16, 15, 398460).
cost(16, 17, 383136).
cost(16, 18, 327097).
cost(16, 19, 335674).
cost(16, 20, 649864).
cost(16, 21, 162897).
cost(17, 1, 120227).
cost(17, 2, 317494).
cost(17, 3, 647343).
cost(17, 4, 432008).
cost(17, 5, 203840).
cost(17, 6, 239160).
cost(17, 7, 558332).
cost(17, 8, 700251).
cost(17, 9, 221605).
cost(17, 10, 512995).
cost(17, 11, 538046).
cost(17, 12, 319286).
cost(17, 13, 282642).
cost(17, 14, 416268).
cost(17, 15, 289870).
cost(17, 16, 383136).
cost(17, 18, 303324).
cost(17, 19, 704671).
cost(17, 20, 465004).
cost(17, 21, 270445).
cost(18, 1, 264760).
cost(18, 2, 22966).
cost(18, 3, 414878).
cost(18, 4, 143417).
cost(18, 5, 110546).
cost(18, 6, 258870).
cost(18, 7, 597024).
cost(18, 8, 680622).
cost(18, 9, 248729).
cost(18, 10, 407732).
cost(18, 11, 273543).
cost(18, 12, 22234).
cost(18, 13, 584249).
cost(18, 14, 130134).
cost(18, 15, 81703).
cost(18, 16, 327097).
cost(18, 17, 303324).
cost(18, 19, 534111).
cost(18, 20, 325189).
cost(18, 21, 356186).
cost(19, 1, 589551).
cost(19, 2, 511941).
cost(19, 3, 179524).
cost(19, 4, 576713).
cost(19, 5, 614154).
cost(19, 6, 471748).
cost(19, 7, 425708).
cost(19, 8, 350710).
cost(19, 9, 487093).
cost(19, 10, 208456).
cost(19, 11, 680857).
cost(19, 12, 513692).
cost(19, 13, 901609).
cost(19, 14, 430817).
cost(19, 15, 615605).
cost(19, 16, 335674).
cost(19, 17, 704671).
cost(19, 18, 534111).
cost(19, 20, 837022).
cost(19, 21, 495396).
cost(20, 1, 508089).
cost(20, 2, 342655).
cost(20, 3, 688500).
cost(20, 4, 264840).
cost(20, 5, 314316).
cost(20, 6, 557317).
cost(20, 7, 913181).
cost(20, 8, 1005360).
cost(20, 9, 542259).
cost(20, 10, 731754).
cost(20, 11, 221277).
cost(20, 12, 339961).
cost(20, 13, 714506).
cost(20, 14, 406268).
cost(20, 15, 251707).
cost(20, 16, 649864).
cost(20, 17, 465004).
cost(20, 18, 325189).
cost(20, 19, 837022).
cost(20, 21, 646169).
cost(21, 1, 158793).
cost(21, 2, 352455).
cost(21, 3, 499718).
cost(21, 4, 495661).
cost(21, 5, 331870).
cost(21, 6, 97887).
cost(21, 7, 290260).
cost(21, 8, 430328).
cost(21, 9, 107762).
cost(21, 10, 287393).
cost(21, 11, 629079).
cost(21, 12, 355658).
cost(21, 13, 406922).
cost(21, 14, 393821).
cost(21, 15, 403718).
cost(21, 16, 162897).
cost(21, 17, 270445).
cost(21, 18, 356186).
cost(21, 19, 495396).
cost(21, 20, 646169).
