dimension(21).
point(1, -181098.0, -59006.0).
point(2, 157070.0, -238094.0).
point(3, -8906.0, -86939.0).
point(4, -231439.0, 360619.0).
point(5, -185929.0, 89998.0).
point(6, 183084.0, 7099.0).
point(7, -96169.0, 22542.0).
point(8, -360317.0, -108369.0).
point(9, 67904.0, 237997.0).
point(10, -50915.0, -368854.0).
point(11, -296082.0, 332437.0).
point(12, -159254.0, -69009.0).
point(13, -120101.0, 237026.0).
point(14, -169148.0, -287599.0).
point(15, 290683.0, -574940.0).
point(16, 43470.0, -217921.0).
point(17, 301221.0, 204665.0).
point(18, -186494.0, -333275.0).
point(19, 143720.0, 39299.0).
point(20, 303979.0, -92457.0).
point(21, -481462.0, 231657.0).
cost(1, 2, 382662).
cost(1, 3, 174443).
cost(1, 4, 422634).
cost(1, 5, 149082).
cost(1, 6, 370133).
cost(1, 7, 117741).
cost(1, 8, 185893).
cost(1, 9, 387573).
cost(1, 10, 336085).
cost(1, 11, 407982).
cost(1, 12, 24025).
cost(1, 13, 302251).
cost(1, 14, 228905).
cost(1, 15, 699117).
cost(1, 16, 275109).
cost(1, 17, 549685).
cost(1, 18, 274322).
cost(1, 19, 339368).
cost(1, 20, 486229).
cost(1, 21, 417975).
cost(2, 1, 382662).
cost(2, 3, 224490).
cost(2, 4, 713720).
cost(2, 5, 474650).
cost(2, 6, 246569).
cost(2, 7, 363402).
cost(2, 8, 533402).
cost(2, 9, 484369).
cost(2, 10, 245674).
cost(2, 11, 728596).
cost(2, 12, 358679).
cost(2, 13, 550057).
cost(2, 14, 329953).
cost(2, 15, 362378).
cost(2, 16, 115377).
cost(2, 17, 465634).
cost(2, 18, 356505).
cost(2, 19, 277714).
cost(2, 20, 206863).
cost(2, 21, 792710).
cost(3, 1, 174443).
cost(3, 2, 224490).
cost(3, 4, 499829).
cost(3, 5, 250288).
cost(3, 6, 213783).
cost(3, 7, 140003).
cost(3, 8, 352064).
cost(3, 9, 333891).
cost(3, 10, 285028).
cost(3, 11, 508278).
cost(3, 12, 151413).
cost(3, 13, 342517).
cost(3, 14, 256792).
cost(3, 15, 572624).
cost(3, 16, 141066).
cost(3, 17, 425690).
cost(3, 18, 303676).
cost(3, 19, 198067).
cost(3, 20, 312934).
cost(3, 21, 569923).
cost(4, 1, 422634).
cost(4, 2, 713720).
cost(4, 3, 499829).
cost(4, 5, 274421).
cost(4, 6, 544799).
cost(4, 7, 364135).
cost(4, 8, 486374).
cost(4, 9, 323485).
cost(4, 10, 751478).
cost(4, 11, 70519).
cost(4, 12, 435650).
cost(4, 13, 166347).
cost(4, 14, 651204).
cost(4, 15, 1071393).
cost(4, 16, 640534).
cost(4, 17, 555021).
cost(4, 18, 695348).
cost(4, 19, 493954).
cost(4, 20, 701392).
cost(4, 21, 281323).
cost(5, 1, 149082).
cost(5, 2, 474650).
cost(5, 3, 250288).
cost(5, 4, 274421).
cost(5, 6, 378210).
cost(5, 7, 112282).
cost(5, 8, 264122).
cost(5, 9, 293828).
cost(5, 10, 478303).
cost(5, 11, 266290).
cost(5, 12, 161229).
cost(5, 13, 161092).
cost(5, 14, 377970).
cost(5, 15, 818109).
cost(5, 16, 383977).
cost(5, 17, 500463).
cost(5, 18, 423273).
cost(5, 19, 333525).
cost(5, 20, 522781).
cost(5, 21, 327730).
cost(6, 1, 370133).
cost(6, 2, 246569).
cost(6, 3, 213783).
cost(6, 4, 544799).
cost(6, 5, 378210).
cost(6, 7, 279680).
cost(6, 8, 555534).
cost(6, 9, 258032).
cost(6, 10, 442827).
cost(6, 11, 579176).
cost(6, 12, 350696).
cost(6, 13, 380510).
cost(6, 14, 459254).
cost(6, 15, 591901).
cost(6, 16, 264813).
cost(6, 17, 230193).
cost(6, 18, 502436).
cost(6, 19, 50856).
cost(6, 20, 156611).
cost(6, 21, 701461).
cost(7, 1, 117741).
cost(7, 2, 363402).
cost(7, 3, 140003).
cost(7, 4, 364135).
cost(7, 5, 112282).
cost(7, 6, 279680).
cost(7, 8, 294808).
cost(7, 9, 270815).
cost(7, 10, 394003).
cost(7, 11, 368782).
cost(7, 12, 111181).
cost(7, 13, 215815).
cost(7, 14, 318612).
cost(7, 15, 711786).
cost(7, 16, 278067).
cost(7, 17, 437136).
cost(7, 18, 367103).
cost(7, 19, 240474).
cost(7, 20, 416345).
cost(7, 21, 438383).
cost(8, 1, 185893).
cost(8, 2, 533402).
cost(8, 3, 352064).
cost(8, 4, 486374).
cost(8, 5, 264122).
cost(8, 6, 555534).
cost(8, 7, 294808).
cost(8, 9, 550765).
cost(8, 10, 404453).
cost(8, 11, 445462).
cost(8, 12, 204879).
cost(8, 13, 420715).
cost(8, 14, 262048).
cost(8, 15, 800930).
cost(8, 16, 418384).
cost(8, 17, 731863).
cost(8, 18, 284248).
cost(8, 19, 525223).
cost(8, 20, 664487).
cost(8, 21, 360962).
cost(9, 1, 387573).
cost(9, 2, 484369).
cost(9, 3, 333891).
cost(9, 4, 323485).
cost(9, 5, 293828).
cost(9, 6, 258032).
cost(9, 7, 270815).
cost(9, 8, 550765).
cost(9, 10, 618374).
cost(9, 11, 376038).
cost(9, 12, 381908).
cost(9, 13, 188008).
cost(9, 14, 576580).
cost(9, 15, 842910).
cost(9, 16, 456572).
cost(9, 17, 235686).
cost(9, 18, 625356).
cost(9, 19, 212671).
cost(9, 20, 406117).
cost(9, 21, 549403).
cost(10, 1, 336085).
cost(10, 2, 245674).
cost(10, 3, 285028).
cost(10, 4, 751478).
cost(10, 5, 478303).
cost(10, 6, 442827).
cost(10, 7, 394003).
cost(10, 8, 404453).
cost(10, 9, 618374).
cost(10, 11, 742910).
cost(10, 12, 318817).
cost(10, 13, 609817).
cost(10, 14, 143462).
cost(10, 15, 398949).
cost(10, 16, 178015).
cost(10, 17, 672996).
cost(10, 18, 140170).
cost(10, 19, 452185).
cost(10, 20, 449828).
cost(10, 21, 738907).
cost(11, 1, 407982).
cost(11, 2, 728596).
cost(11, 3, 508278).
cost(11, 4, 70519).
cost(11, 5, 266290).
cost(11, 6, 579176).
cost(11, 7, 368782).
cost(11, 8, 445462).
cost(11, 9, 376038).
cost(11, 10, 742910).
cost(11, 12, 424124).
cost(11, 13, 200181).
cost(11, 14, 632896).
cost(11, 15, 1080568).
cost(11, 16, 646676).
cost(11, 17, 610816).
cost(11, 18, 674672).
cost(11, 19, 528541).
cost(11, 20, 735261).
cost(11, 21, 211003).
cost(12, 1, 24025).
cost(12, 2, 358679).
cost(12, 3, 151413).
cost(12, 4, 435650).
cost(12, 5, 161229).
cost(12, 6, 350696).
cost(12, 7, 111181).
cost(12, 8, 204879).
cost(12, 9, 381908).
cost(12, 10, 318817).
cost(12, 11, 424124).
cost(12, 13, 308529).
cost(12, 14, 218814).
cost(12, 15, 677059).
cost(12, 16, 251539).
cost(12, 17, 535663).
cost(12, 18, 265666).
cost(12, 19, 321751).
cost(12, 20, 463826).
cost(12, 21, 440702).
cost(13, 1, 302251).
cost(13, 2, 550057).
cost(13, 3, 342517).
cost(13, 4, 166347).
cost(13, 5, 161092).
cost(13, 6, 380510).
cost(13, 7, 215815).
cost(13, 8, 420715).
cost(13, 9, 188008).
cost(13, 10, 609817).
cost(13, 11, 200181).
cost(13, 12, 308529).
cost(13, 14, 526913).
cost(13, 15, 909963).
cost(13, 16, 483459).
cost(13, 17, 422563).
cost(13, 18, 574153).
cost(13, 19, 329693).
cost(13, 20, 537032).
cost(13, 21, 361401).
cost(14, 1, 228905).
cost(14, 2, 329953).
cost(14, 3, 256792).
cost(14, 4, 651204).
cost(14, 5, 377970).
cost(14, 6, 459254).
cost(14, 7, 318612).
cost(14, 8, 262048).
cost(14, 9, 576580).
cost(14, 10, 143462).
cost(14, 11, 632896).
cost(14, 12, 218814).
cost(14, 13, 526913).
cost(14, 15, 542226).
cost(14, 16, 223744).
cost(14, 17, 680860).
cost(14, 18, 48859).
cost(14, 19, 452492).
cost(14, 20, 511791).
cost(14, 21, 605943).
cost(15, 1, 699117).
cost(15, 2, 362378).
cost(15, 3, 572624).
cost(15, 4, 1071393).
cost(15, 5, 818109).
cost(15, 6, 591901).
cost(15, 7, 711786).
cost(15, 8, 800930).
cost(15, 9, 842910).
cost(15, 10, 398949).
cost(15, 11, 1080568).
cost(15, 12, 677059).
cost(15, 13, 909963).
cost(15, 14, 542226).
cost(15, 16, 434254).
cost(15, 17, 779676).
cost(15, 18, 534883).
cost(15, 19, 631576).
cost(15, 20, 482666).
cost(15, 21, 1116605).
cost(16, 1, 275109).
cost(16, 2, 115377).
cost(16, 3, 141066).
cost(16, 4, 640534).
cost(16, 5, 383977).
cost(16, 6, 264813).
cost(16, 7, 278067).
cost(16, 8, 418384).
cost(16, 9, 456572).
cost(16, 10, 178015).
cost(16, 11, 646676).
cost(16, 12, 251539).
cost(16, 13, 483459).
cost(16, 14, 223744).
cost(16, 15, 434254).
cost(16, 17, 494989).
cost(16, 18, 257274).
cost(16, 19, 276066).
cost(16, 20, 289147).
cost(16, 21, 691140).
cost(17, 1, 549685).
cost(17, 2, 465634).
cost(17, 3, 425690).
cost(17, 4, 555021).
cost(17, 5, 500463).
cost(17, 6, 230193).
cost(17, 7, 437136).
cost(17, 8, 731863).
cost(17, 9, 235686).
cost(17, 10, 672996).
cost(17, 11, 610816).
cost(17, 12, 535663).
cost(17, 13, 422563).
cost(17, 14, 680860).
cost(17, 15, 779676).
cost(17, 16, 494989).
cost(17, 18, 726117).
cost(17, 19, 228369).
cost(17, 20, 297135).
cost(17, 21, 783148).
cost(18, 1, 274322).
cost(18, 2, 356505).
cost(18, 3, 303676).
cost(18, 4, 695348).
cost(18, 5, 423273).
cost(18, 6, 502436).
cost(18, 7, 367103).
cost(18, 8, 284248).
cost(18, 9, 625356).
cost(18, 10, 140170).
cost(18, 11, 674672).
cost(18, 12, 265666).
cost(18, 13, 574153).
cost(18, 14, 48859).
cost(18, 15, 534883).
cost(18, 16, 257274).
cost(18, 17, 726117).
cost(18, 19, 497848).
cost(18, 20, 546404).
cost(18, 21, 637302).
cost(19, 1, 339368).
cost(19, 2, 277714).
cost(19, 3, 198067).
cost(19, 4, 493954).
cost(19, 5, 333525).
cost(19, 6, 50856).
cost(19, 7, 240474).
cost(19, 8, 525223).
cost(19, 9, 212671).
cost(19, 10, 452185).
cost(19, 11, 528541).
cost(19, 12, 321751).
cost(19, 13, 329693).
cost(19, 14, 452492).
cost(19, 15, 631576).
cost(19, 16, 276066).
cost(19, 17, 228369).
cost(19, 18, 497848).
cost(19, 20, 207467).
cost(19, 21, 654106).
cost(20, 1, 486229).
cost(20, 2, 206863).
cost(20, 3, 312934).
cost(20, 4, 701392).
cost(20, 5, 522781).
cost(20, 6, 156611).
cost(20, 7, 416345).
cost(20, 8, 664487).
cost(20, 9, 406117).
cost(20, 10, 449828).
cost(20, 11, 735261).
cost(20, 12, 463826).
cost(20, 13, 537032).
cost(20, 14, 511791).
cost(20, 15, 482666).
cost(20, 16, 289147).
cost(20, 17, 297135).
cost(20, 18, 546404).
cost(20, 19, 207467).
cost(20, 21, 849687).
cost(21, 1, 417975).
cost(21, 2, 792710).
cost(21, 3, 569923).
cost(21, 4, 281323).
cost(21, 5, 327730).
cost(21, 6, 701461).
cost(21, 7, 438383).
cost(21, 8, 360962).
cost(21, 9, 549403).
cost(21, 10, 738907).
cost(21, 11, 211003).
cost(21, 12, 440702).
cost(21, 13, 361401).
cost(21, 14, 605943).
cost(21, 15, 1116605).
cost(21, 16, 691140).
cost(21, 17, 783148).
cost(21, 18, 637302).
cost(21, 19, 654106).
cost(21, 20, 849687).
