dimension(21).
point(1, -8077.0, 421265.0).
point(2, 18833.0, -74962.0).
point(3, -52096.0, 250626.0).
point(4, 133478.0, 218777.0).
point(5, -63483.0, 126496.0).
point(6, -18347.0, -105171.0).
point(7, -277787.0, 127000.0).
point(8, -39470.0, 239526.0).
point(9, 77389.0, 137228.0).
point(10, -16954.0, 114509.0).
point(11, -201618.0, -287570.0).
point(12, -287066.0, -292736.0).
point(13, 43595.0, -55486.0).
point(14, 52210.0, -238760.0).
point(15, -125799.0, 125133.0).
point(16, 224021.0, -133040.0).
point(17, 288926.0, 173866.0).
point(18, 219911.0, -188592.0).
point(19, 75825.0, 274085.0).
point(20, -285334.0, 234037.0).
point(21, 51890.0, 336600.0).
cost(1, 2, 496956).
cost(1, 3, 176225).
cost(1, 4, 247061).
cost(1, 5, 299931).
cost(1, 6, 526536).
cost(1, 7, 399168).
cost(1, 8, 184430).
cost(1, 9, 296617).
cost(1, 10, 306884).
cost(1, 11, 734782).
cost(1, 12, 766572).
cost(1, 13, 479543).
cost(1, 14, 662773).
cost(1, 15, 318673).
cost(1, 16, 600936).
cost(1, 17, 386545).
cost(1, 18, 651079).
cost(1, 19, 169415).
cost(1, 20, 334553).
cost(1, 21, 103751).
cost(2, 1, 496956).
cost(2, 3, 333224).
cost(2, 4, 315319).
cost(2, 5, 217626).
cost(2, 6, 47905).
cost(2, 7, 358848).
cost(2, 8, 319847).
cost(2, 9, 220121).
cost(2, 10, 192821).
cost(2, 11, 306269).
cost(2, 12, 375499).
cost(2, 13, 31504).
cost(2, 14, 167164).
cost(2, 15, 246894).
cost(2, 16, 213249).
cost(2, 17, 367241).
cost(2, 18, 230964).
cost(2, 19, 353669).
cost(2, 20, 433587).
cost(2, 21, 412887).
cost(3, 1, 176225).
cost(3, 2, 333224).
cost(3, 4, 188287).
cost(3, 5, 124651).
cost(3, 6, 357394).
cost(3, 7, 257332).
cost(3, 8, 16811).
cost(3, 9, 172121).
cost(3, 10, 140580).
cost(3, 11, 558580).
cost(3, 12, 591991).
cost(3, 13, 320720).
cost(3, 14, 500378).
cost(3, 15, 145536).
cost(3, 16, 472695).
cost(3, 17, 349554).
cost(3, 18, 516624).
cost(3, 19, 130054).
cost(3, 20, 233827).
cost(3, 21, 134924).
cost(4, 1, 247061).
cost(4, 2, 315319).
cost(4, 3, 188287).
cost(4, 5, 217507).
cost(4, 6, 357761).
cost(4, 7, 421381).
cost(4, 8, 174188).
cost(4, 9, 98976).
cost(4, 10, 183034).
cost(4, 11, 607187).
cost(4, 12, 662195).
cost(4, 13, 288616).
cost(4, 14, 464698).
cost(4, 15, 275670).
cost(4, 16, 363281).
cost(4, 17, 161806).
cost(4, 18, 416437).
cost(4, 19, 79893).
cost(4, 20, 419090).
cost(4, 21, 143314).
cost(5, 1, 299931).
cost(5, 2, 217626).
cost(5, 3, 124651).
cost(5, 4, 217507).
cost(5, 6, 236023).
cost(5, 7, 214305).
cost(5, 8, 115553).
cost(5, 9, 141280).
cost(5, 10, 48048).
cost(5, 11, 436500).
cost(5, 12, 475126).
cost(5, 13, 211147).
cost(5, 14, 383141).
cost(5, 15, 62331).
cost(5, 16, 387321).
cost(5, 17, 355578).
cost(5, 18, 423784).
cost(5, 19, 202951).
cost(5, 20, 246542).
cost(5, 21, 239697).
cost(6, 1, 526536).
cost(6, 2, 47905).
cost(6, 3, 357394).
cost(6, 4, 357761).
cost(6, 5, 236023).
cost(6, 7, 348156).
cost(6, 8, 345344).
cost(6, 9, 260620).
cost(6, 10, 219684).
cost(6, 11, 258568).
cost(6, 12, 327705).
cost(6, 13, 79407).
cost(6, 14, 151077).
cost(6, 15, 254137).
cost(6, 16, 243965).
cost(6, 17, 415064).
cost(6, 18, 252440).
cost(6, 19, 390773).
cost(6, 20, 431676).
cost(6, 21, 447320).
cost(7, 1, 399168).
cost(7, 2, 358848).
cost(7, 3, 257332).
cost(7, 4, 421381).
cost(7, 5, 214305).
cost(7, 6, 348156).
cost(7, 8, 263547).
cost(7, 9, 355323).
cost(7, 10, 261132).
cost(7, 11, 421509).
cost(7, 12, 419839).
cost(7, 13, 369578).
cost(7, 14, 492624).
cost(7, 15, 151999).
cost(7, 16, 565183).
cost(7, 17, 568648).
cost(7, 18, 589323).
cost(7, 19, 382982).
cost(7, 20, 107303).
cost(7, 21, 390665).
cost(8, 1, 184430).
cost(8, 2, 319847).
cost(8, 3, 16811).
cost(8, 4, 174188).
cost(8, 5, 115553).
cost(8, 6, 345344).
cost(8, 7, 263547).
cost(8, 9, 155309).
cost(8, 10, 127028).
cost(8, 11, 551473).
cost(8, 12, 587032).
cost(8, 13, 306483).
cost(8, 14, 486994).
cost(8, 15, 143312).
cost(8, 16, 456325).
cost(8, 17, 334896).
cost(8, 18, 500563).
cost(8, 19, 120363).
cost(8, 20, 245925).
cost(8, 21, 133304).
cost(9, 1, 296617).
cost(9, 2, 220121).
cost(9, 3, 172121).
cost(9, 4, 98976).
cost(9, 5, 141280).
cost(9, 6, 260620).
cost(9, 7, 355323).
cost(9, 8, 155309).
cost(9, 10, 97040).
cost(9, 11, 508231).
cost(9, 12, 563646).
cost(9, 13, 195655).
cost(9, 14, 376830).
cost(9, 15, 203548).
cost(9, 16, 307483).
cost(9, 17, 214686).
cost(9, 18, 355628).
cost(9, 19, 136866).
cost(9, 20, 375420).
cost(9, 21, 200996).
cost(10, 1, 306884).
cost(10, 2, 192821).
cost(10, 3, 140580).
cost(10, 4, 183034).
cost(10, 5, 48048).
cost(10, 6, 219684).
cost(10, 7, 261132).
cost(10, 8, 127028).
cost(10, 9, 97040).
cost(10, 11, 442457).
cost(10, 12, 488681).
cost(10, 13, 180456).
cost(10, 14, 359976).
cost(10, 15, 109362).
cost(10, 16, 345470).
cost(10, 17, 311586).
cost(10, 18, 384676).
cost(10, 19, 184587).
cost(10, 20, 293794).
cost(10, 21, 232516).
cost(11, 1, 734782).
cost(11, 2, 306269).
cost(11, 3, 558580).
cost(11, 4, 607187).
cost(11, 5, 436500).
cost(11, 6, 258568).
cost(11, 7, 421509).
cost(11, 8, 551473).
cost(11, 9, 508231).
cost(11, 10, 442457).
cost(11, 12, 85604).
cost(11, 13, 337628).
cost(11, 14, 258478).
cost(11, 15, 419610).
cost(11, 16, 452822).
cost(11, 17, 673466).
cost(11, 18, 432993).
cost(11, 19, 626443).
cost(11, 20, 528282).
cost(11, 21, 673687).
cost(12, 1, 766572).
cost(12, 2, 375499).
cost(12, 3, 591991).
cost(12, 4, 662195).
cost(12, 5, 475126).
cost(12, 6, 327705).
cost(12, 7, 419839).
cost(12, 8, 587032).
cost(12, 9, 563646).
cost(12, 10, 488681).
cost(12, 11, 85604).
cost(12, 13, 406970).
cost(12, 14, 343543).
cost(12, 15, 447908).
cost(12, 16, 535456).
cost(12, 17, 741272).
cost(12, 18, 517563).
cost(12, 19, 673035).
cost(12, 20, 526776).
cost(12, 21, 714811).
cost(13, 1, 479543).
cost(13, 2, 31504).
cost(13, 3, 320720).
cost(13, 4, 288616).
cost(13, 5, 211147).
cost(13, 6, 79407).
cost(13, 7, 369578).
cost(13, 8, 306483).
cost(13, 9, 195655).
cost(13, 10, 180456).
cost(13, 11, 337628).
cost(13, 12, 406970).
cost(13, 14, 183476).
cost(13, 15, 247624).
cost(13, 16, 196388).
cost(13, 17, 335842).
cost(13, 18, 220917).
cost(13, 19, 331143).
cost(13, 20, 438198).
cost(13, 21, 392174).
cost(14, 1, 662773).
cost(14, 2, 167164).
cost(14, 3, 500378).
cost(14, 4, 464698).
cost(14, 5, 383141).
cost(14, 6, 151077).
cost(14, 7, 492624).
cost(14, 8, 486994).
cost(14, 9, 376830).
cost(14, 10, 359976).
cost(14, 11, 258478).
cost(14, 12, 343543).
cost(14, 13, 183476).
cost(14, 15, 405099).
cost(14, 16, 201732).
cost(14, 17, 475704).
cost(14, 18, 175044).
cost(14, 19, 513388).
cost(14, 20, 580924).
cost(14, 21, 575360).
cost(15, 1, 318673).
cost(15, 2, 246894).
cost(15, 3, 145536).
cost(15, 4, 275670).
cost(15, 5, 62331).
cost(15, 6, 254137).
cost(15, 7, 151999).
cost(15, 8, 143312).
cost(15, 9, 203548).
cost(15, 10, 109362).
cost(15, 11, 419610).
cost(15, 12, 447908).
cost(15, 13, 247624).
cost(15, 14, 405099).
cost(15, 16, 434773).
cost(15, 17, 417578).
cost(15, 18, 466839).
cost(15, 19, 250677).
cost(15, 20, 193162).
cost(15, 21, 276209).
cost(16, 1, 600936).
cost(16, 2, 213249).
cost(16, 3, 472695).
cost(16, 4, 363281).
cost(16, 5, 387321).
cost(16, 6, 243965).
cost(16, 7, 565183).
cost(16, 8, 456325).
cost(16, 9, 307483).
cost(16, 10, 345470).
cost(16, 11, 452822).
cost(16, 12, 535456).
cost(16, 13, 196388).
cost(16, 14, 201732).
cost(16, 15, 434773).
cost(16, 17, 313694).
cost(16, 18, 55704).
cost(16, 19, 433258).
cost(16, 20, 627844).
cost(16, 21, 500191).
cost(17, 1, 386545).
cost(17, 2, 367241).
cost(17, 3, 349554).
cost(17, 4, 161806).
cost(17, 5, 355578).
cost(17, 6, 415064).
cost(17, 7, 568648).
cost(17, 8, 334896).
cost(17, 9, 214686).
cost(17, 10, 311586).
cost(17, 11, 673466).
cost(17, 12, 741272).
cost(17, 13, 335842).
cost(17, 14, 475704).
cost(17, 15, 417578).
cost(17, 16, 313694).
cost(17, 18, 368970).
cost(17, 19, 235491).
cost(17, 20, 577404).
cost(17, 21, 287521).
cost(18, 1, 651079).
cost(18, 2, 230964).
cost(18, 3, 516624).
cost(18, 4, 416437).
cost(18, 5, 423784).
cost(18, 6, 252440).
cost(18, 7, 589323).
cost(18, 8, 500563).
cost(18, 9, 355628).
cost(18, 10, 384676).
cost(18, 11, 432993).
cost(18, 12, 517563).
cost(18, 13, 220917).
cost(18, 14, 175044).
cost(18, 15, 466839).
cost(18, 16, 55704).
cost(18, 17, 368970).
cost(18, 19, 484593).
cost(18, 20, 658702).
cost(18, 21, 551414).
cost(19, 1, 169415).
cost(19, 2, 353669).
cost(19, 3, 130054).
cost(19, 4, 79893).
cost(19, 5, 202951).
cost(19, 6, 390773).
cost(19, 7, 382982).
cost(19, 8, 120363).
cost(19, 9, 136866).
cost(19, 10, 184587).
cost(19, 11, 626443).
cost(19, 12, 673035).
cost(19, 13, 331143).
cost(19, 14, 513388).
cost(19, 15, 250677).
cost(19, 16, 433258).
cost(19, 17, 235491).
cost(19, 18, 484593).
cost(19, 20, 363373).
cost(19, 21, 66940).
cost(20, 1, 334553).
cost(20, 2, 433587).
cost(20, 3, 233827).
cost(20, 4, 419090).
cost(20, 5, 246542).
cost(20, 6, 431676).
cost(20, 7, 107303).
cost(20, 8, 245925).
cost(20, 9, 375420).
cost(20, 10, 293794).
cost(20, 11, 528282).
cost(20, 12, 526776).
cost(20, 13, 438198).
cost(20, 14, 580924).
cost(20, 15, 193162).
cost(20, 16, 627844).
cost(20, 17, 577404).
cost(20, 18, 658702).
cost(20, 19, 363373).
cost(20, 21, 352476).
cost(21, 1, 103751).
cost(21, 2, 412887).
cost(21, 3, 134924).
cost(21, 4, 143314).
cost(21, 5, 239697).
cost(21, 6, 447320).
cost(21, 7, 390665).
cost(21, 8, 133304).
cost(21, 9, 200996).
cost(21, 10, 232516).
cost(21, 11, 673687).
cost(21, 12, 714811).
cost(21, 13, 392174).
cost(21, 14, 575360).
cost(21, 15, 276209).
cost(21, 16, 500191).
cost(21, 17, 287521).
cost(21, 18, 551414).
cost(21, 19, 66940).
cost(21, 20, 352476).
