dimension(21).
point(1, -280959.0, -191212.0).
point(2, -18655.0, 499368.0).
point(3, 468916.0, -37101.0).
point(4, 250018.0, -91556.0).
point(5, -147653.0, -102479.0).
point(6, -258576.0, 92961.0).
point(7, -326117.0, -410273.0).
point(8, -44146.0, -46491.0).
point(9, 65980.0, -122501.0).
point(10, -298734.0, -298396.0).
point(11, -347949.0, 150749.0).
point(12, 235822.0, -70078.0).
point(13, 128506.0, 406506.0).
point(14, 145940.0, 100932.0).
point(15, 202252.0, 357888.0).
point(16, -24151.0, 185440.0).
point(17, -59126.0, -166259.0).
point(18, -124607.0, -11075.0).
point(19, -139029.0, 58722.0).
point(20, 79295.0, 152216.0).
point(21, 97806.0, 540196.0).
cost(1, 2, 738718).
cost(1, 3, 765547).
cost(1, 4, 540248).
cost(1, 5, 160138).
cost(1, 6, 285053).
cost(1, 7, 223667).
cost(1, 8, 277533).
cost(1, 9, 353678).
cost(1, 10, 108648).
cost(1, 11, 348461).
cost(1, 12, 530788).
cost(1, 13, 724519).
cost(1, 14, 517292).
cost(1, 15, 731439).
cost(1, 16, 455870).
cost(1, 17, 223232).
cost(1, 18, 238527).
cost(1, 19, 287422).
cost(1, 20, 497721).
cost(1, 21, 823663).
cost(2, 1, 738718).
cost(2, 3, 724931).
cost(2, 4, 649135).
cost(2, 5, 615516).
cost(2, 6, 471941).
cost(2, 7, 960198).
cost(2, 8, 546454).
cost(2, 9, 627602).
cost(2, 10, 845501).
cost(2, 11, 479552).
cost(2, 12, 623721).
cost(2, 13, 174011).
cost(2, 14, 431095).
cost(2, 15, 262329).
cost(2, 16, 313976).
cost(2, 17, 666856).
cost(2, 18, 521323).
cost(2, 19, 456792).
cost(2, 20, 360706).
cost(2, 21, 123410).
cost(3, 1, 765547).
cost(3, 2, 724931).
cost(3, 4, 225570).
cost(3, 5, 620025).
cost(3, 6, 739027).
cost(3, 7, 878257).
cost(3, 8, 513148).
cost(3, 9, 411887).
cost(3, 10, 810902).
cost(3, 11, 838186).
cost(3, 12, 235415).
cost(3, 13, 559166).
cost(3, 14, 351236).
cost(3, 15, 476577).
cost(3, 16, 540962).
cost(3, 17, 543608).
cost(3, 18, 594093).
cost(3, 19, 615450).
cost(3, 20, 433181).
cost(3, 21, 686290).
cost(4, 1, 540248).
cost(4, 2, 649135).
cost(4, 3, 225570).
cost(4, 5, 397821).
cost(4, 6, 541031).
cost(4, 7, 658416).
cost(4, 8, 297596).
cost(4, 9, 186621).
cost(4, 10, 586440).
cost(4, 11, 645195).
cost(4, 12, 25746).
cost(4, 13, 512670).
cost(4, 14, 218824).
cost(4, 15, 451975).
cost(4, 16, 389738).
cost(4, 17, 318042).
cost(4, 18, 383172).
cost(4, 19, 417062).
cost(4, 20, 297609).
cost(4, 21, 649830).
cost(5, 1, 160138).
cost(5, 2, 615516).
cost(5, 3, 620025).
cost(5, 4, 397821).
cost(5, 6, 224724).
cost(5, 7, 355790).
cost(5, 8, 117679).
cost(5, 9, 214569).
cost(5, 10, 247404).
cost(5, 11, 322867).
cost(5, 12, 384841).
cost(5, 13, 579076).
cost(5, 14, 357173).
cost(5, 15, 578248).
cost(5, 16, 313289).
cost(5, 17, 109110).
cost(5, 18, 94265).
cost(5, 19, 161432).
cost(5, 20, 341138).
cost(5, 21, 687954).
cost(6, 1, 285053).
cost(6, 2, 471941).
cost(6, 3, 739027).
cost(6, 4, 541031).
cost(6, 5, 224724).
cost(6, 7, 507746).
cost(6, 8, 255787).
cost(6, 9, 389564).
cost(6, 10, 393412).
cost(6, 11, 106428).
cost(6, 12, 520587).
cost(6, 13, 498139).
cost(6, 14, 404595).
cost(6, 15, 531553).
cost(6, 16, 252007).
cost(6, 17, 327071).
cost(6, 18, 169621).
cost(6, 19, 124354).
cost(6, 20, 343028).
cost(6, 21, 571863).
cost(7, 1, 223667).
cost(7, 2, 960198).
cost(7, 3, 878257).
cost(7, 4, 658416).
cost(7, 5, 355790).
cost(7, 6, 507746).
cost(7, 8, 460266).
cost(7, 9, 486367).
cost(7, 10, 115179).
cost(7, 11, 561447).
cost(7, 12, 656893).
cost(7, 13, 934778).
cost(7, 14, 695822).
cost(7, 15, 932333).
cost(7, 16, 667875).
cost(7, 17, 361700).
cost(7, 18, 447175).
cost(7, 19, 504934).
cost(7, 20, 693363).
cost(7, 21, 1040722).
cost(8, 1, 277533).
cost(8, 2, 546454).
cost(8, 3, 513148).
cost(8, 4, 297596).
cost(8, 5, 117679).
cost(8, 6, 255787).
cost(8, 7, 460266).
cost(8, 9, 133811).
cost(8, 10, 358150).
cost(8, 11, 362215).
cost(8, 12, 280960).
cost(8, 13, 484783).
cost(8, 14, 240554).
cost(8, 15, 473534).
cost(8, 16, 232791).
cost(8, 17, 120701).
cost(8, 18, 87911).
cost(8, 19, 141678).
cost(8, 20, 233928).
cost(8, 21, 603616).
cost(9, 1, 353678).
cost(9, 2, 627602).
cost(9, 3, 411887).
cost(9, 4, 186621).
cost(9, 5, 214569).
cost(9, 6, 389564).
cost(9, 7, 486367).
cost(9, 8, 133811).
cost(9, 10, 404914).
cost(9, 11, 495987).
cost(9, 12, 177748).
cost(9, 13, 532689).
cost(9, 14, 237310).
cost(9, 15, 499343).
cost(9, 16, 320860).
cost(9, 17, 132538).
cost(9, 18, 220769).
cost(9, 19, 273625).
cost(9, 20, 275039).
cost(9, 21, 663461).
cost(10, 1, 108648).
cost(10, 2, 845501).
cost(10, 3, 810902).
cost(10, 4, 586440).
cost(10, 5, 247404).
cost(10, 6, 393412).
cost(10, 7, 115179).
cost(10, 8, 358150).
cost(10, 9, 404914).
cost(10, 11, 451833).
cost(10, 12, 581274).
cost(10, 13, 824270).
cost(10, 14, 597660).
cost(10, 15, 825649).
cost(10, 16, 556321).
cost(10, 17, 273628).
cost(10, 18, 335967).
cost(10, 19, 391202).
cost(10, 20, 588181).
cost(10, 21, 927621).
cost(11, 1, 348461).
cost(11, 2, 479552).
cost(11, 3, 838186).
cost(11, 4, 645195).
cost(11, 5, 322867).
cost(11, 6, 106428).
cost(11, 7, 561447).
cost(11, 8, 362215).
cost(11, 9, 495987).
cost(11, 10, 451833).
cost(11, 12, 624142).
cost(11, 13, 540760).
cost(11, 14, 496395).
cost(11, 15, 587901).
cost(11, 16, 325651).
cost(11, 17, 428851).
cost(11, 18, 275805).
cost(11, 19, 228290).
cost(11, 20, 427247).
cost(11, 21, 591918).
cost(12, 1, 530788).
cost(12, 2, 623721).
cost(12, 3, 235415).
cost(12, 4, 25746).
cost(12, 5, 384841).
cost(12, 6, 520587).
cost(12, 7, 656893).
cost(12, 8, 280960).
cost(12, 9, 177748).
cost(12, 10, 581274).
cost(12, 11, 624142).
cost(12, 13, 488517).
cost(12, 14, 193192).
cost(12, 15, 429281).
cost(12, 16, 364521).
cost(12, 17, 310234).
cost(12, 18, 365227).
cost(12, 19, 396362).
cost(12, 20, 271874).
cost(12, 21, 625686).
cost(13, 1, 724519).
cost(13, 2, 174011).
cost(13, 3, 559166).
cost(13, 4, 512670).
cost(13, 5, 579076).
cost(13, 6, 498139).
cost(13, 7, 934778).
cost(13, 8, 484783).
cost(13, 9, 532689).
cost(13, 10, 824270).
cost(13, 11, 540760).
cost(13, 12, 488517).
cost(13, 14, 306071).
cost(13, 15, 88330).
cost(13, 16, 268653).
cost(13, 17, 602715).
cost(13, 18, 488303).
cost(13, 19, 438781).
cost(13, 20, 259008).
cost(13, 21, 137170).
cost(14, 1, 517292).
cost(14, 2, 431095).
cost(14, 3, 351236).
cost(14, 4, 218824).
cost(14, 5, 357173).
cost(14, 6, 404595).
cost(14, 7, 695822).
cost(14, 8, 240554).
cost(14, 9, 237310).
cost(14, 10, 597660).
cost(14, 11, 496395).
cost(14, 12, 193192).
cost(14, 13, 306071).
cost(14, 15, 263054).
cost(14, 16, 189928).
cost(14, 17, 336813).
cost(14, 18, 292816).
cost(14, 19, 288078).
cost(14, 20, 84093).
cost(14, 21, 441893).
cost(15, 1, 731439).
cost(15, 2, 262329).
cost(15, 3, 476577).
cost(15, 4, 451975).
cost(15, 5, 578248).
cost(15, 6, 531553).
cost(15, 7, 932333).
cost(15, 8, 473534).
cost(15, 9, 499343).
cost(15, 10, 825649).
cost(15, 11, 587901).
cost(15, 12, 429281).
cost(15, 13, 88330).
cost(15, 14, 263054).
cost(15, 16, 284599).
cost(15, 17, 585703).
cost(15, 18, 492920).
cost(15, 19, 453843).
cost(15, 20, 239623).
cost(15, 21, 210108).
cost(16, 1, 455870).
cost(16, 2, 313976).
cost(16, 3, 540962).
cost(16, 4, 389738).
cost(16, 5, 313289).
cost(16, 6, 252007).
cost(16, 7, 667875).
cost(16, 8, 232791).
cost(16, 9, 320860).
cost(16, 10, 556321).
cost(16, 11, 325651).
cost(16, 12, 364521).
cost(16, 13, 268653).
cost(16, 14, 189928).
cost(16, 15, 284599).
cost(16, 17, 353434).
cost(16, 18, 220702).
cost(16, 19, 171039).
cost(16, 20, 108650).
cost(16, 21, 375134).
cost(17, 1, 223232).
cost(17, 2, 666856).
cost(17, 3, 543608).
cost(17, 4, 318042).
cost(17, 5, 109110).
cost(17, 6, 327071).
cost(17, 7, 361700).
cost(17, 8, 120701).
cost(17, 9, 132538).
cost(17, 10, 273628).
cost(17, 11, 428851).
cost(17, 12, 310234).
cost(17, 13, 602715).
cost(17, 14, 336813).
cost(17, 15, 585703).
cost(17, 16, 353434).
cost(17, 18, 168433).
cost(17, 19, 238749).
cost(17, 20, 347256).
cost(17, 21, 723676).
cost(18, 1, 238527).
cost(18, 2, 521323).
cost(18, 3, 594093).
cost(18, 4, 383172).
cost(18, 5, 94265).
cost(18, 6, 169621).
cost(18, 7, 447175).
cost(18, 8, 87911).
cost(18, 9, 220769).
cost(18, 10, 335967).
cost(18, 11, 275805).
cost(18, 12, 365227).
cost(18, 13, 488303).
cost(18, 14, 292816).
cost(18, 15, 492920).
cost(18, 16, 220702).
cost(18, 17, 168433).
cost(18, 19, 71271).
cost(18, 20, 261228).
cost(18, 21, 594447).
cost(19, 1, 287422).
cost(19, 2, 456792).
cost(19, 3, 615450).
cost(19, 4, 417062).
cost(19, 5, 161432).
cost(19, 6, 124354).
cost(19, 7, 504934).
cost(19, 8, 141678).
cost(19, 9, 273625).
cost(19, 10, 391202).
cost(19, 11, 228290).
cost(19, 12, 396362).
cost(19, 13, 438781).
cost(19, 14, 288078).
cost(19, 15, 453843).
cost(19, 16, 171039).
cost(19, 17, 238749).
cost(19, 18, 71271).
cost(19, 20, 237501).
cost(19, 21, 536571).
cost(20, 1, 497721).
cost(20, 2, 360706).
cost(20, 3, 433181).
cost(20, 4, 297609).
cost(20, 5, 341138).
cost(20, 6, 343028).
cost(20, 7, 693363).
cost(20, 8, 233928).
cost(20, 9, 275039).
cost(20, 10, 588181).
cost(20, 11, 427247).
cost(20, 12, 271874).
cost(20, 13, 259008).
cost(20, 14, 84093).
cost(20, 15, 239623).
cost(20, 16, 108650).
cost(20, 17, 347256).
cost(20, 18, 261228).
cost(20, 19, 237501).
cost(20, 21, 388421).
cost(21, 1, 823663).
cost(21, 2, 123410).
cost(21, 3, 686290).
cost(21, 4, 649830).
cost(21, 5, 687954).
cost(21, 6, 571863).
cost(21, 7, 1040722).
cost(21, 8, 603616).
cost(21, 9, 663461).
cost(21, 10, 927621).
cost(21, 11, 591918).
cost(21, 12, 625686).
cost(21, 13, 137170).
cost(21, 14, 441893).
cost(21, 15, 210108).
cost(21, 16, 375134).
cost(21, 17, 723676).
cost(21, 18, 594447).
cost(21, 19, 536571).
cost(21, 20, 388421).
