dimension(21).
point(1, -147473.0, 107748.0).
point(2, -147320.0, 208436.0).
point(3, 33583.0, 199498.0).
point(4, 11007.0, 146709.0).
point(5, 63740.0, -75120.0).
point(6, -244911.0, 328782.0).
point(7, 145823.0, -52512.0).
point(8, -143307.0, 148405.0).
point(9, -56785.0, 48988.0).
point(10, 152224.0, 276180.0).
point(11, 154718.0, -460521.0).
point(12, 90969.0, -68029.0).
point(13, 193641.0, -541681.0).
point(14, 265705.0, -150658.0).
point(15, 585647.0, 293435.0).
point(16, 347036.0, -118461.0).
point(17, 326671.0, 20619.0).
point(18, -340273.0, -77749.0).
point(19, 85959.0, -2365.0).
point(20, -256201.0, 88322.0).
point(21, -81921.0, -70488.0).
cost(1, 2, 100688).
cost(1, 3, 202976).
cost(1, 4, 163199).
cost(1, 5, 279377).
cost(1, 6, 241558).
cost(1, 7, 334224).
cost(1, 8, 40870).
cost(1, 9, 108060).
cost(1, 10, 343784).
cost(1, 11, 643622).
cost(1, 12, 296230).
cost(1, 13, 733564).
cost(1, 14, 487329).
cost(1, 15, 756270).
cost(1, 16, 543792).
cost(1, 17, 482083).
cost(1, 18, 267546).
cost(1, 19, 258100).
cost(1, 20, 110450).
cost(1, 21, 189908).
cost(2, 1, 100688).
cost(2, 3, 181124).
cost(2, 4, 169934).
cost(2, 5, 353483).
cost(2, 6, 154942).
cost(2, 7, 392462).
cost(2, 8, 60165).
cost(2, 9, 183358).
cost(2, 10, 307109).
cost(2, 11, 733983).
cost(2, 12, 364986).
cost(2, 13, 823972).
cost(2, 14, 547301).
cost(2, 15, 737879).
cost(2, 16, 592663).
cost(2, 17, 509846).
cost(2, 18, 345156).
cost(2, 19, 314414).
cost(2, 20, 162119).
cost(2, 21, 286488).
cost(3, 1, 202976).
cost(3, 2, 181124).
cost(3, 4, 57414).
cost(3, 5, 276269).
cost(3, 6, 307040).
cost(3, 7, 275875).
cost(3, 8, 184121).
cost(3, 9, 175555).
cost(3, 10, 141265).
cost(3, 11, 671043).
cost(3, 12, 273613).
cost(3, 13, 758264).
cost(3, 14, 420107).
cost(3, 15, 559999).
cost(3, 16, 446487).
cost(3, 17, 343363).
cost(3, 18, 465440).
cost(3, 19, 208547).
cost(3, 20, 310379).
cost(3, 21, 293656).
cost(4, 1, 163199).
cost(4, 2, 169934).
cost(4, 3, 57414).
cost(4, 5, 228011).
cost(4, 6, 314077).
cost(4, 7, 240550).
cost(4, 8, 154323).
cost(4, 9, 118933).
cost(4, 10, 191585).
cost(4, 11, 624004).
cost(4, 12, 229143).
cost(4, 13, 712205).
cost(4, 14, 391533).
cost(4, 15, 593076).
cost(4, 16, 428054).
cost(4, 17, 339915).
cost(4, 18, 416868).
cost(4, 19, 166856).
cost(4, 20, 273513).
cost(4, 21, 236242).
cost(5, 1, 279377).
cost(5, 2, 353483).
cost(5, 3, 276269).
cost(5, 4, 228011).
cost(5, 6, 508333).
cost(5, 7, 85140).
cost(5, 8, 304683).
cost(5, 9, 173000).
cost(5, 10, 362272).
cost(5, 11, 395994).
cost(5, 12, 28137).
cost(5, 13, 484307).
cost(5, 14, 215629).
cost(5, 15, 638921).
cost(5, 16, 286592).
cost(5, 17, 279819).
cost(5, 18, 404022).
cost(5, 19, 76072).
cost(5, 20, 359271).
cost(5, 21, 145735).
cost(6, 1, 241558).
cost(6, 2, 154942).
cost(6, 3, 307040).
cost(6, 4, 314077).
cost(6, 5, 508333).
cost(6, 7, 545947).
cost(6, 8, 207025).
cost(6, 9, 337159).
cost(6, 10, 400604).
cost(6, 11, 884705).
cost(6, 12, 519879).
cost(6, 13, 974697).
cost(6, 14, 700422).
cost(6, 15, 831310).
cost(6, 16, 741908).
cost(6, 17, 649362).
cost(6, 18, 417566).
cost(6, 19, 468117).
cost(6, 20, 240725).
cost(6, 21, 431257).
cost(7, 1, 334224).
cost(7, 2, 392462).
cost(7, 3, 275875).
cost(7, 4, 240550).
cost(7, 5, 85140).
cost(7, 6, 545947).
cost(7, 8, 352085).
cost(7, 9, 226610).
cost(7, 10, 328754).
cost(7, 11, 408106).
cost(7, 12, 57006).
cost(7, 13, 491501).
cost(7, 14, 154933).
cost(7, 15, 559575).
cost(7, 16, 211745).
cost(7, 17, 195075).
cost(7, 18, 486751).
cost(7, 19, 78092).
cost(7, 20, 425978).
cost(7, 21, 228452).
cost(8, 1, 40870).
cost(8, 2, 60165).
cost(8, 3, 184121).
cost(8, 4, 154323).
cost(8, 5, 304683).
cost(8, 6, 207025).
cost(8, 7, 352085).
cost(8, 9, 131795).
cost(8, 10, 321971).
cost(8, 11, 677945).
cost(8, 12, 318950).
cost(8, 13, 767954).
cost(8, 14, 506685).
cost(8, 15, 743241).
cost(8, 16, 558260).
cost(8, 17, 487041).
cost(8, 18, 299902).
cost(8, 19, 274398).
cost(8, 20, 127887).
cost(8, 21, 227338).
cost(9, 1, 108060).
cost(9, 2, 183358).
cost(9, 3, 175555).
cost(9, 4, 118933).
cost(9, 5, 173000).
cost(9, 6, 337159).
cost(9, 7, 226610).
cost(9, 8, 131795).
cost(9, 10, 308709).
cost(9, 11, 551664).
cost(9, 12, 188479).
cost(9, 13, 641563).
cost(9, 14, 379287).
cost(9, 15, 687367).
cost(9, 16, 437162).
cost(9, 17, 384504).
cost(9, 18, 310528).
cost(9, 19, 151700).
cost(9, 20, 203258).
cost(9, 21, 122091).
cost(10, 1, 343784).
cost(10, 2, 307109).
cost(10, 3, 141265).
cost(10, 4, 191585).
cost(10, 5, 362272).
cost(10, 6, 400604).
cost(10, 7, 328754).
cost(10, 8, 321971).
cost(10, 9, 308709).
cost(10, 11, 736705).
cost(10, 12, 349617).
cost(10, 13, 818909).
cost(10, 14, 441666).
cost(10, 15, 433766).
cost(10, 16, 440106).
cost(10, 17, 309424).
cost(10, 18, 606481).
cost(10, 19, 286319).
cost(10, 20, 449557).
cost(10, 21, 418333).
cost(11, 1, 643622).
cost(11, 2, 733983).
cost(11, 3, 671043).
cost(11, 4, 624004).
cost(11, 5, 395994).
cost(11, 6, 884705).
cost(11, 7, 408106).
cost(11, 8, 677945).
cost(11, 9, 551664).
cost(11, 10, 736705).
cost(11, 12, 397635).
cost(11, 13, 90011).
cost(11, 14, 329140).
cost(11, 15, 868418).
cost(11, 16, 392417).
cost(11, 17, 510944).
cost(11, 18, 625724).
cost(11, 19, 463287).
cost(11, 20, 685626).
cost(11, 21, 456206).
cost(12, 1, 296230).
cost(12, 2, 364986).
cost(12, 3, 273613).
cost(12, 4, 229143).
cost(12, 5, 28137).
cost(12, 6, 519879).
cost(12, 7, 57006).
cost(12, 8, 318950).
cost(12, 9, 188479).
cost(12, 10, 349617).
cost(12, 11, 397635).
cost(12, 13, 484652).
cost(12, 14, 193288).
cost(12, 15, 612668).
cost(12, 16, 260986).
cost(12, 17, 251821).
cost(12, 18, 431352).
cost(12, 19, 65855).
cost(12, 20, 380753).
cost(12, 21, 172907).
cost(13, 1, 733564).
cost(13, 2, 823972).
cost(13, 3, 758264).
cost(13, 4, 712205).
cost(13, 5, 484307).
cost(13, 6, 974697).
cost(13, 7, 491501).
cost(13, 8, 767954).
cost(13, 9, 641563).
cost(13, 10, 818909).
cost(13, 11, 90011).
cost(13, 12, 484652).
cost(13, 14, 397608).
cost(13, 15, 922544).
cost(13, 16, 450161).
cost(13, 17, 577822).
cost(13, 18, 707317).
cost(13, 19, 549961).
cost(13, 20, 774120).
cost(13, 21, 545855).
cost(14, 1, 487329).
cost(14, 2, 547301).
cost(14, 3, 420107).
cost(14, 4, 391533).
cost(14, 5, 215629).
cost(14, 6, 700422).
cost(14, 7, 154933).
cost(14, 8, 506685).
cost(14, 9, 379287).
cost(14, 10, 441666).
cost(14, 11, 329140).
cost(14, 12, 193288).
cost(14, 13, 397608).
cost(14, 15, 547340).
cost(14, 16, 87472).
cost(14, 17, 181804).
cost(14, 18, 610348).
cost(14, 19, 233022).
cost(14, 20, 574019).
cost(14, 21, 356751).
cost(15, 1, 756270).
cost(15, 2, 737879).
cost(15, 3, 559999).
cost(15, 4, 593076).
cost(15, 5, 638921).
cost(15, 6, 831310).
cost(15, 7, 559575).
cost(15, 8, 743241).
cost(15, 9, 687367).
cost(15, 10, 433766).
cost(15, 11, 868418).
cost(15, 12, 612668).
cost(15, 13, 922544).
cost(15, 14, 547340).
cost(15, 16, 476018).
cost(15, 17, 376161).
cost(15, 18, 997550).
cost(15, 19, 580677).
cost(15, 20, 866475).
cost(15, 21, 760320).
cost(16, 1, 543792).
cost(16, 2, 592663).
cost(16, 3, 446487).
cost(16, 4, 428054).
cost(16, 5, 286592).
cost(16, 6, 741908).
cost(16, 7, 211745).
cost(16, 8, 558260).
cost(16, 9, 437162).
cost(16, 10, 440106).
cost(16, 11, 392417).
cost(16, 12, 260986).
cost(16, 13, 450161).
cost(16, 14, 87472).
cost(16, 15, 476018).
cost(16, 17, 140563).
cost(16, 18, 688514).
cost(16, 19, 285726).
cost(16, 20, 637694).
cost(16, 21, 431631).
cost(17, 1, 482083).
cost(17, 2, 509846).
cost(17, 3, 343363).
cost(17, 4, 339915).
cost(17, 5, 279819).
cost(17, 6, 649362).
cost(17, 7, 195075).
cost(17, 8, 487041).
cost(17, 9, 384504).
cost(17, 10, 309424).
cost(17, 11, 510944).
cost(17, 12, 251821).
cost(17, 13, 577822).
cost(17, 14, 181804).
cost(17, 15, 376161).
cost(17, 16, 140563).
cost(17, 18, 674159).
cost(17, 19, 241807).
cost(17, 20, 586791).
cost(17, 21, 418626).
cost(18, 1, 267546).
cost(18, 2, 345156).
cost(18, 3, 465440).
cost(18, 4, 416868).
cost(18, 5, 404022).
cost(18, 6, 417566).
cost(18, 7, 486751).
cost(18, 8, 299902).
cost(18, 9, 310528).
cost(18, 10, 606481).
cost(18, 11, 625724).
cost(18, 12, 431352).
cost(18, 13, 707317).
cost(18, 14, 610348).
cost(18, 15, 997550).
cost(18, 16, 688514).
cost(18, 17, 674159).
cost(18, 19, 432847).
cost(18, 20, 186139).
cost(18, 21, 258454).
cost(19, 1, 258100).
cost(19, 2, 314414).
cost(19, 3, 208547).
cost(19, 4, 166856).
cost(19, 5, 76072).
cost(19, 6, 468117).
cost(19, 7, 78092).
cost(19, 8, 274398).
cost(19, 9, 151700).
cost(19, 10, 286319).
cost(19, 11, 463287).
cost(19, 12, 65855).
cost(19, 13, 549961).
cost(19, 14, 233022).
cost(19, 15, 580677).
cost(19, 16, 285726).
cost(19, 17, 241807).
cost(19, 18, 432847).
cost(19, 20, 353974).
cost(19, 21, 181175).
cost(20, 1, 110450).
cost(20, 2, 162119).
cost(20, 3, 310379).
cost(20, 4, 273513).
cost(20, 5, 359271).
cost(20, 6, 240725).
cost(20, 7, 425978).
cost(20, 8, 127887).
cost(20, 9, 203258).
cost(20, 10, 449557).
cost(20, 11, 685626).
cost(20, 12, 380753).
cost(20, 13, 774120).
cost(20, 14, 574019).
cost(20, 15, 866475).
cost(20, 16, 637694).
cost(20, 17, 586791).
cost(20, 18, 186139).
cost(20, 19, 353974).
cost(20, 21, 235784).
cost(21, 1, 189908).
cost(21, 2, 286488).
cost(21, 3, 293656).
cost(21, 4, 236242).
cost(21, 5, 145735).
cost(21, 6, 431257).
cost(21, 7, 228452).
cost(21, 8, 227338).
cost(21, 9, 122091).
cost(21, 10, 418333).
cost(21, 11, 456206).
cost(21, 12, 172907).
cost(21, 13, 545855).
cost(21, 14, 356751).
cost(21, 15, 760320).
cost(21, 16, 431631).
cost(21, 17, 418626).
cost(21, 18, 258454).
cost(21, 19, 181175).
cost(21, 20, 235784).
