dimension(29).
point(1, 118579.0, -167709.0).
point(2, -50376.0, 300642.0).
point(3, 145233.0, -55892.0).
point(4, -222986.0, -235161.0).
point(5, -314256.0, 80059.0).
point(6, -16121.0, -157233.0).
point(7, -359665.0, -197714.0).
point(8, 172463.0, 173072.0).
point(9, -9340.0, -209232.0).
point(10, 720.0, -33767.0).
point(11, 119243.0, -21961.0).
point(12, 21089.0, -290046.0).
point(13, -450116.0, 149377.0).
point(14, -274462.0, 185559.0).
point(15, 348879.0, 256857.0).
point(16, -85729.0, 114070.0).
point(17, -64172.0, -224310.0).
point(18, -29703.0, -200214.0).
point(19, -370551.0, -93235.0).
point(20, 257378.0, -131336.0).
point(21, 51956.0, 314264.0).
point(22, -54176.0, -206495.0).
point(23, 133118.0, 163112.0).
point(24, 20182.0, -145493.0).
point(25, -158619.0, -17583.0).
point(26, -4648.0, -149320.0).
point(27, -341315.0, -151669.0).
point(28, -48958.0, -40018.0).
point(29, 256329.0, 219150.0).
cost(1, 2, 497894).
cost(1, 3, 114950).
cost(1, 4, 348161).
cost(1, 5, 498734).
cost(1, 6, 135107).
cost(1, 7, 479184).
cost(1, 8, 345015).
cost(1, 9, 134490).
cost(1, 10, 178413).
cost(1, 11, 145750).
cost(1, 12, 156431).
cost(1, 13, 651120).
cost(1, 14, 528469).
cost(1, 15, 483006).
cost(1, 16, 348053).
cost(1, 17, 191315).
cost(1, 18, 151803).
cost(1, 19, 494767).
cost(1, 20, 143486).
cost(1, 21, 486556).
cost(1, 22, 177055).
cost(1, 23, 331140).
cost(1, 24, 100874).
cost(1, 25, 315240).
cost(1, 26, 124592).
cost(1, 27, 460174).
cost(1, 28, 210651).
cost(1, 29, 410652).
cost(2, 1, 497894).
cost(2, 3, 406669).
cost(2, 4, 562920).
cost(2, 5, 343932).
cost(2, 6, 459155).
cost(2, 7, 586531).
cost(2, 8, 256771).
cost(2, 9, 511523).
cost(2, 10, 338290).
cost(2, 11, 364477).
cost(2, 12, 594995).
cost(2, 13, 427403).
cost(2, 14, 251910).
cost(2, 15, 401649).
cost(2, 16, 189892).
cost(2, 17, 525133).
cost(2, 18, 501282).
cost(2, 19, 507593).
cost(2, 20, 530394).
cost(2, 21, 103235).
cost(2, 22, 507151).
cost(2, 23, 229313).
cost(2, 24, 451680).
cost(2, 25, 336130).
cost(2, 26, 452280).
cost(2, 27, 537802).
cost(2, 28, 340663).
cost(2, 29, 317347).
cost(3, 1, 114950).
cost(3, 2, 406669).
cost(3, 4, 409540).
cost(3, 5, 479179).
cost(3, 6, 190539).
cost(3, 7, 524438).
cost(3, 8, 230578).
cost(3, 9, 217729).
cost(3, 10, 146197).
cost(3, 11, 42741).
cost(3, 12, 265028).
cost(3, 13, 629743).
cost(3, 14, 484193).
cost(3, 15, 373207).
cost(3, 16, 286759).
cost(3, 17, 268729).
cost(3, 18, 226785).
cost(3, 19, 517134).
cost(3, 20, 135160).
cost(3, 21, 381728).
cost(3, 22, 249890).
cost(3, 23, 219339).
cost(3, 24, 153838).
cost(3, 25, 306257).
cost(3, 26, 176616).
cost(3, 27, 495885).
cost(3, 28, 194839).
cost(3, 29, 296632).
cost(4, 1, 348161).
cost(4, 2, 562920).
cost(4, 3, 409540).
cost(4, 5, 328167).
cost(4, 6, 221056).
cost(4, 7, 141716).
cost(4, 8, 568361).
cost(4, 9, 215214).
cost(4, 10, 301005).
cost(4, 11, 403206).
cost(4, 12, 250170).
cost(4, 13, 446607).
cost(4, 14, 423857).
cost(4, 15, 754395).
cost(4, 16, 375236).
cost(4, 17, 159184).
cost(4, 18, 196417).
cost(4, 19, 204740).
cost(4, 20, 491456).
cost(4, 21, 614378).
cost(4, 22, 171227).
cost(4, 23, 534258).
cost(4, 24, 259174).
cost(4, 25, 226899).
cost(4, 26, 234606).
cost(4, 27, 144819).
cost(4, 28, 261470).
cost(4, 29, 660410).
cost(5, 1, 498734).
cost(5, 2, 343932).
cost(5, 3, 479179).
cost(5, 4, 328167).
cost(5, 6, 381041).
cost(5, 7, 281460).
cost(5, 8, 495527).
cost(5, 9, 420313).
cost(5, 10, 334912).
cost(5, 11, 445342).
cost(5, 12, 499434).
cost(5, 13, 152522).
cost(5, 14, 112756).
cost(5, 15, 686298).
cost(5, 16, 231044).
cost(5, 17, 393932).
cost(5, 18, 399404).
cost(5, 19, 182208).
cost(5, 20, 609470).
cost(5, 21, 434699).
cost(5, 22, 386982).
cost(5, 23, 455018).
cost(5, 24, 403389).
cost(5, 25, 183730).
cost(5, 26, 385320).
cost(5, 27, 233302).
cost(5, 28, 291207).
cost(5, 29, 587293).
cost(6, 1, 135107).
cost(6, 2, 459155).
cost(6, 3, 190539).
cost(6, 4, 221056).
cost(6, 5, 381041).
cost(6, 7, 345921).
cost(6, 8, 380349).
cost(6, 9, 52439).
cost(6, 10, 124609).
cost(6, 11, 191369).
cost(6, 12, 137927).
cost(6, 13, 531377).
cost(6, 14, 429239).
cost(6, 15, 551992).
cost(6, 16, 280090).
cost(6, 17, 82512).
cost(6, 18, 45076).
cost(6, 19, 360162).
cost(6, 20, 274722).
cost(6, 21, 476386).
cost(6, 22, 62249).
cost(6, 23, 353402).
cost(6, 24, 38154).
cost(6, 25, 199519).
cost(6, 26, 13937).
cost(6, 27, 325242).
cost(6, 28, 121728).
cost(6, 29, 464643).
cost(7, 1, 479184).
cost(7, 2, 586531).
cost(7, 3, 524438).
cost(7, 4, 141716).
cost(7, 5, 281460).
cost(7, 6, 345921).
cost(7, 8, 648570).
cost(7, 9, 350514).
cost(7, 10, 395924).
cost(7, 11, 510139).
cost(7, 12, 391789).
cost(7, 13, 358683).
cost(7, 14, 392629).
cost(7, 15, 841825).
cost(7, 16, 415030).
cost(7, 17, 296687).
cost(7, 18, 329971).
cost(7, 19, 105045).
cost(7, 20, 620603).
cost(7, 21, 656927).
cost(7, 22, 305615).
cost(7, 23, 610762).
cost(7, 24, 383420).
cost(7, 25, 269938).
cost(7, 26, 358300).
cost(7, 27, 49567).
cost(7, 28, 348435).
cost(7, 29, 743790).
cost(8, 1, 345015).
cost(8, 2, 256771).
cost(8, 3, 230578).
cost(8, 4, 568361).
cost(8, 5, 495527).
cost(8, 6, 380349).
cost(8, 7, 648570).
cost(8, 9, 423330).
cost(8, 10, 268846).
cost(8, 11, 202164).
cost(8, 12, 487229).
cost(8, 13, 623030).
cost(8, 14, 447099).
cost(8, 15, 195301).
cost(8, 16, 264848).
cost(8, 17, 462503).
cost(8, 18, 424516).
cost(8, 19, 604800).
cost(8, 20, 316030).
cost(8, 21, 185626).
cost(8, 22, 442082).
cost(8, 23, 40586).
cost(8, 24, 353091).
cost(8, 25, 382053).
cost(8, 26, 367838).
cost(8, 27, 607803).
cost(8, 28, 307302).
cost(8, 29, 95691).
cost(9, 1, 134490).
cost(9, 2, 511523).
cost(9, 3, 217729).
cost(9, 4, 215214).
cost(9, 5, 420313).
cost(9, 6, 52439).
cost(9, 7, 350514).
cost(9, 8, 423330).
cost(9, 10, 175753).
cost(9, 11, 227165).
cost(9, 12, 86353).
cost(9, 13, 568229).
cost(9, 14, 475552).
cost(9, 15, 587843).
cost(9, 16, 332204).
cost(9, 17, 56867).
cost(9, 18, 22271).
cost(9, 19, 379379).
cost(9, 20, 277860).
cost(9, 21, 527072).
cost(9, 22, 44919).
cost(9, 23, 398666).
cost(9, 24, 70244).
cost(9, 25, 242927).
cost(9, 26, 60095).
cost(9, 27, 336929).
cost(9, 28, 173790).
cost(9, 29, 504075).
cost(10, 1, 178413).
cost(10, 2, 338290).
cost(10, 3, 146197).
cost(10, 4, 301005).
cost(10, 5, 334912).
cost(10, 6, 124609).
cost(10, 7, 395924).
cost(10, 8, 268846).
cost(10, 9, 175753).
cost(10, 11, 119110).
cost(10, 12, 257087).
cost(10, 13, 486616).
cost(10, 14, 351893).
cost(10, 15, 453516).
cost(10, 16, 171258).
cost(10, 17, 201290).
cost(10, 18, 169204).
cost(10, 19, 376003).
cost(10, 20, 274578).
cost(10, 21, 351782).
cost(10, 22, 181242).
cost(10, 23, 237256).
cost(10, 24, 113408).
cost(10, 25, 160159).
cost(10, 26, 115678).
cost(10, 27, 361786).
cost(10, 28, 50070).
cost(10, 29, 359587).
cost(11, 1, 145750).
cost(11, 2, 364477).
cost(11, 3, 42741).
cost(11, 4, 403206).
cost(11, 5, 445342).
cost(11, 6, 191369).
cost(11, 7, 510139).
cost(11, 8, 202164).
cost(11, 9, 227165).
cost(11, 10, 119110).
cost(11, 12, 285489).
cost(11, 13, 594581).
cost(11, 14, 445049).
cost(11, 15, 361209).
cost(11, 16, 246004).
cost(11, 17, 273105).
cost(11, 18, 232291).
cost(11, 19, 494953).
cost(11, 20, 176194).
cost(11, 21, 342892).
cost(11, 22, 253233).
cost(11, 23, 185592).
cost(11, 24, 158345).
cost(11, 25, 277896).
cost(11, 26, 177678).
cost(11, 27, 478474).
cost(11, 28, 169167).
cost(11, 29, 277357).
cost(12, 1, 156431).
cost(12, 2, 594995).
cost(12, 3, 265028).
cost(12, 4, 250170).
cost(12, 5, 499434).
cost(12, 6, 137927).
cost(12, 7, 391789).
cost(12, 8, 487229).
cost(12, 9, 86353).
cost(12, 10, 257087).
cost(12, 11, 285489).
cost(12, 13, 644303).
cost(12, 14, 559956).
cost(12, 15, 637612).
cost(12, 16, 417995).
cost(12, 17, 107660).
cost(12, 18, 103197).
cost(12, 19, 438311).
cost(12, 20, 284643).
cost(12, 21, 605098).
cost(12, 22, 112453).
cost(12, 23, 466800).
cost(12, 24, 144556).
cost(12, 25, 326391).
cost(12, 26, 143060).
cost(12, 27, 387924).
cost(12, 28, 259655).
cost(12, 29, 560909).
cost(13, 1, 651120).
cost(13, 2, 427403).
cost(13, 3, 629743).
cost(13, 4, 446607).
cost(13, 5, 152522).
cost(13, 6, 531377).
cost(13, 7, 358683).
cost(13, 8, 623030).
cost(13, 9, 568229).
cost(13, 10, 486616).
cost(13, 11, 594581).
cost(13, 12, 644303).
cost(13, 14, 179342).
cost(13, 15, 806192).
cost(13, 16, 366094).
cost(13, 17, 537210).
cost(13, 18, 546773).
cost(13, 19, 255326).
cost(13, 20, 761149).
cost(13, 21, 528454).
cost(13, 22, 532366).
cost(13, 23, 583396).
cost(13, 24, 555093).
cost(13, 25, 335926).
cost(13, 26, 536341).
cost(13, 27, 320104).
cost(13, 28, 443619).
cost(13, 29, 709882).
cost(14, 1, 528469).
cost(14, 2, 251910).
cost(14, 3, 484193).
cost(14, 4, 423857).
cost(14, 5, 112756).
cost(14, 6, 429239).
cost(14, 7, 392629).
cost(14, 8, 447099).
cost(14, 9, 475552).
cost(14, 10, 351893).
cost(14, 11, 445049).
cost(14, 12, 559956).
cost(14, 13, 179342).
cost(14, 15, 627405).
cost(14, 16, 201819).
cost(14, 17, 460667).
cost(14, 18, 456867).
cost(14, 19, 294888).
cost(14, 20, 619093).
cost(14, 21, 350876).
cost(14, 22, 449702).
cost(14, 23, 408198).
cost(14, 24, 443182).
cost(14, 25, 233851).
cost(14, 26, 430051).
cost(14, 27, 343791).
cost(14, 28, 318962).
cost(14, 29, 531853).
cost(15, 1, 483006).
cost(15, 2, 401649).
cost(15, 3, 373207).
cost(15, 4, 754395).
cost(15, 5, 686298).
cost(15, 6, 551992).
cost(15, 7, 841825).
cost(15, 8, 195301).
cost(15, 9, 587843).
cost(15, 10, 453516).
cost(15, 11, 361209).
cost(15, 12, 637612).
cost(15, 13, 806192).
cost(15, 14, 627405).
cost(15, 16, 457463).
cost(15, 17, 634139).
cost(15, 18, 593497).
cost(15, 19, 800090).
cost(15, 20, 398831).
cost(15, 21, 302422).
cost(15, 22, 614124).
cost(15, 23, 235247).
cost(15, 24, 519545).
cost(15, 25, 576950).
cost(15, 26, 538480).
cost(15, 27, 802036).
cost(15, 28, 496396).
cost(15, 29, 99937).
cost(16, 1, 348053).
cost(16, 2, 189892).
cost(16, 3, 286759).
cost(16, 4, 375236).
cost(16, 5, 231044).
cost(16, 6, 280090).
cost(16, 7, 415030).
cost(16, 8, 264848).
cost(16, 9, 332204).
cost(16, 10, 171258).
cost(16, 11, 246004).
cost(16, 12, 417995).
cost(16, 13, 366094).
cost(16, 14, 201819).
cost(16, 15, 457463).
cost(16, 17, 339066).
cost(16, 18, 319239).
cost(16, 19, 352277).
cost(16, 20, 421837).
cost(16, 21, 242971).
cost(16, 22, 322114).
cost(16, 23, 224275).
cost(16, 24, 280339).
cost(16, 25, 150484).
cost(16, 26, 275587).
cost(16, 27, 368702).
cost(16, 28, 158415).
cost(16, 29, 357834).
cost(17, 1, 191315).
cost(17, 2, 525133).
cost(17, 3, 268729).
cost(17, 4, 159184).
cost(17, 5, 393932).
cost(17, 6, 82512).
cost(17, 7, 296687).
cost(17, 8, 462503).
cost(17, 9, 56867).
cost(17, 10, 201290).
cost(17, 11, 273105).
cost(17, 12, 107660).
cost(17, 13, 537210).
cost(17, 14, 460667).
cost(17, 15, 634139).
cost(17, 16, 339066).
cost(17, 18, 42056).
cost(17, 19, 333240).
cost(17, 20, 334722).
cost(17, 21, 550952).
cost(17, 22, 20428).
cost(17, 23, 434763).
cost(17, 24, 115446).
cost(17, 25, 227280).
cost(17, 26, 95742).
cost(17, 27, 286505).
cost(17, 28, 184919).
cost(17, 29, 547154).
cost(18, 1, 151803).
cost(18, 2, 501282).
cost(18, 3, 226785).
cost(18, 4, 196417).
cost(18, 5, 399404).
cost(18, 6, 45076).
cost(18, 7, 329971).
cost(18, 8, 424516).
cost(18, 9, 22271).
cost(18, 10, 169204).
cost(18, 11, 232291).
cost(18, 12, 103197).
cost(18, 13, 546773).
cost(18, 14, 456867).
cost(18, 15, 593497).
cost(18, 16, 319239).
cost(18, 17, 42056).
cost(18, 19, 357242).
cost(18, 20, 295228).
cost(18, 21, 520918).
cost(18, 22, 25266).
cost(18, 23, 398141).
cost(18, 24, 74047).
cost(18, 25, 223547).
cost(18, 26, 56727).
cost(18, 27, 315371).
cost(18, 28, 161349).
cost(18, 29, 507622).
cost(19, 1, 494767).
cost(19, 2, 507593).
cost(19, 3, 517134).
cost(19, 4, 204740).
cost(19, 5, 182208).
cost(19, 6, 360162).
cost(19, 7, 105045).
cost(19, 8, 604800).
cost(19, 9, 379379).
cost(19, 10, 376003).
cost(19, 11, 494953).
cost(19, 12, 438311).
cost(19, 13, 255326).
cost(19, 14, 294888).
cost(19, 15, 800090).
cost(19, 16, 352277).
cost(19, 17, 333240).
cost(19, 18, 357242).
cost(19, 20, 629084).
cost(19, 21, 586999).
cost(19, 22, 336037).
cost(19, 23, 565152).
cost(19, 24, 394212).
cost(19, 25, 225030).
cost(19, 26, 370176).
cost(19, 27, 65340).
cost(19, 28, 325966).
cost(19, 29, 700402).
cost(20, 1, 143486).
cost(20, 2, 530394).
cost(20, 3, 135160).
cost(20, 4, 491456).
cost(20, 5, 609470).
cost(20, 6, 274722).
cost(20, 7, 620603).
cost(20, 8, 316030).
cost(20, 9, 277860).
cost(20, 10, 274578).
cost(20, 11, 176194).
cost(20, 12, 284643).
cost(20, 13, 761149).
cost(20, 14, 619093).
cost(20, 15, 398831).
cost(20, 16, 421837).
cost(20, 17, 334722).
cost(20, 18, 295228).
cost(20, 19, 629084).
cost(20, 21, 490671).
cost(20, 22, 320491).
cost(20, 23, 319594).
cost(20, 24, 237618).
cost(20, 25, 431269).
cost(20, 26, 262642).
cost(20, 27, 599038).
cost(20, 28, 319657).
cost(20, 29, 350488).
cost(21, 1, 486556).
cost(21, 2, 103235).
cost(21, 3, 381728).
cost(21, 4, 614378).
cost(21, 5, 434699).
cost(21, 6, 476386).
cost(21, 7, 656927).
cost(21, 8, 185626).
cost(21, 9, 527072).
cost(21, 10, 351782).
cost(21, 11, 342892).
cost(21, 12, 605098).
cost(21, 13, 528454).
cost(21, 14, 350876).
cost(21, 15, 302422).
cost(21, 16, 242971).
cost(21, 17, 550952).
cost(21, 18, 520918).
cost(21, 19, 586999).
cost(21, 20, 490671).
cost(21, 22, 531464).
cost(21, 23, 171564).
cost(21, 24, 460854).
cost(21, 25, 393019).
cost(21, 26, 467027).
cost(21, 27, 609718).
cost(21, 28, 368374).
cost(21, 29, 225422).
cost(22, 1, 177055).
cost(22, 2, 507151).
cost(22, 3, 249890).
cost(22, 4, 171227).
cost(22, 5, 386982).
cost(22, 6, 62249).
cost(22, 7, 305615).
cost(22, 8, 442082).
cost(22, 9, 44919).
cost(22, 10, 181242).
cost(22, 11, 253233).
cost(22, 12, 112453).
cost(22, 13, 532366).
cost(22, 14, 449702).
cost(22, 15, 614124).
cost(22, 16, 322114).
cost(22, 17, 20428).
cost(22, 18, 25266).
cost(22, 19, 336037).
cost(22, 20, 320491).
cost(22, 21, 531464).
cost(22, 23, 414353).
cost(22, 24, 96179).
cost(22, 25, 215861).
cost(22, 26, 75644).
cost(22, 27, 292326).
cost(22, 28, 166559).
cost(22, 29, 526865).
cost(23, 1, 331140).
cost(23, 2, 229313).
cost(23, 3, 219339).
cost(23, 4, 534258).
cost(23, 5, 455018).
cost(23, 6, 353402).
cost(23, 7, 610762).
cost(23, 8, 40586).
cost(23, 9, 398666).
cost(23, 10, 237256).
cost(23, 11, 185592).
cost(23, 12, 466800).
cost(23, 13, 583396).
cost(23, 14, 408198).
cost(23, 15, 235247).
cost(23, 16, 224275).
cost(23, 17, 434763).
cost(23, 18, 398141).
cost(23, 19, 565152).
cost(23, 20, 319594).
cost(23, 21, 171564).
cost(23, 22, 414353).
cost(23, 24, 328621).
cost(23, 25, 343163).
cost(23, 26, 341458).
cost(23, 27, 569363).
cost(23, 28, 272788).
cost(23, 29, 135356).
cost(24, 1, 100874).
cost(24, 2, 451680).
cost(24, 3, 153838).
cost(24, 4, 259174).
cost(24, 5, 403389).
cost(24, 6, 38154).
cost(24, 7, 383420).
cost(24, 8, 353091).
cost(24, 9, 70244).
cost(24, 10, 113408).
cost(24, 11, 158345).
cost(24, 12, 144556).
cost(24, 13, 555093).
cost(24, 14, 443182).
cost(24, 15, 519545).
cost(24, 16, 280339).
cost(24, 17, 115446).
cost(24, 18, 74047).
cost(24, 19, 394212).
cost(24, 20, 237618).
cost(24, 21, 460854).
cost(24, 22, 96179).
cost(24, 23, 328621).
cost(24, 25, 219843).
cost(24, 26, 25123).
cost(24, 27, 361550).
cost(24, 28, 126116).
cost(24, 29, 434431).
cost(25, 1, 315240).
cost(25, 2, 336130).
cost(25, 3, 306257).
cost(25, 4, 226899).
cost(25, 5, 183730).
cost(25, 6, 199519).
cost(25, 7, 269938).
cost(25, 8, 382053).
cost(25, 9, 242927).
cost(25, 10, 160159).
cost(25, 11, 277896).
cost(25, 12, 326391).
cost(25, 13, 335926).
cost(25, 14, 233851).
cost(25, 15, 576950).
cost(25, 16, 150484).
cost(25, 17, 227280).
cost(25, 18, 223547).
cost(25, 19, 225030).
cost(25, 20, 431269).
cost(25, 21, 393019).
cost(25, 22, 215861).
cost(25, 23, 343163).
cost(25, 24, 219843).
cost(25, 26, 202637).
cost(25, 27, 226621).
cost(25, 28, 111932).
cost(25, 29, 477728).
cost(26, 1, 124592).
cost(26, 2, 452280).
cost(26, 3, 176616).
cost(26, 4, 234606).
cost(26, 5, 385320).
cost(26, 6, 13937).
cost(26, 7, 358300).
cost(26, 8, 367838).
cost(26, 9, 60095).
cost(26, 10, 115678).
cost(26, 11, 177678).
cost(26, 12, 143060).
cost(26, 13, 536341).
cost(26, 14, 430051).
cost(26, 15, 538480).
cost(26, 16, 275587).
cost(26, 17, 95742).
cost(26, 18, 56727).
cost(26, 19, 370176).
cost(26, 20, 262642).
cost(26, 21, 467027).
cost(26, 22, 75644).
cost(26, 23, 341458).
cost(26, 24, 25123).
cost(26, 25, 202637).
cost(26, 27, 336675).
cost(26, 28, 117942).
cost(26, 29, 451530).
cost(27, 1, 460174).
cost(27, 2, 537802).
cost(27, 3, 495885).
cost(27, 4, 144819).
cost(27, 5, 233302).
cost(27, 6, 325242).
cost(27, 7, 49567).
cost(27, 8, 607803).
cost(27, 9, 336929).
cost(27, 10, 361786).
cost(27, 11, 478474).
cost(27, 12, 387924).
cost(27, 13, 320104).
cost(27, 14, 343791).
cost(27, 15, 802036).
cost(27, 16, 368702).
cost(27, 17, 286505).
cost(27, 18, 315371).
cost(27, 19, 65340).
cost(27, 20, 599038).
cost(27, 21, 609718).
cost(27, 22, 292326).
cost(27, 23, 569363).
cost(27, 24, 361550).
cost(27, 25, 226621).
cost(27, 26, 336675).
cost(27, 28, 312951).
cost(27, 29, 703339).
cost(28, 1, 210651).
cost(28, 2, 340663).
cost(28, 3, 194839).
cost(28, 4, 261470).
cost(28, 5, 291207).
cost(28, 6, 121728).
cost(28, 7, 348435).
cost(28, 8, 307302).
cost(28, 9, 173790).
cost(28, 10, 50070).
cost(28, 11, 169167).
cost(28, 12, 259655).
cost(28, 13, 443619).
cost(28, 14, 318962).
cost(28, 15, 496396).
cost(28, 16, 158415).
cost(28, 17, 184919).
cost(28, 18, 161349).
cost(28, 19, 325966).
cost(28, 20, 319657).
cost(28, 21, 368374).
cost(28, 22, 166559).
cost(28, 23, 272788).
cost(28, 24, 126116).
cost(28, 25, 111932).
cost(28, 26, 117942).
cost(28, 27, 312951).
cost(28, 29, 400460).
cost(29, 1, 410652).
cost(29, 2, 317347).
cost(29, 3, 296632).
cost(29, 4, 660410).
cost(29, 5, 587293).
cost(29, 6, 464643).
cost(29, 7, 743790).
cost(29, 8, 95691).
cost(29, 9, 504075).
cost(29, 10, 359587).
cost(29, 11, 277357).
cost(29, 12, 560909).
cost(29, 13, 709882).
cost(29, 14, 531853).
cost(29, 15, 99937).
cost(29, 16, 357834).
cost(29, 17, 547154).
cost(29, 18, 507622).
cost(29, 19, 700402).
cost(29, 20, 350488).
cost(29, 21, 225422).
cost(29, 22, 526865).
cost(29, 23, 135356).
cost(29, 24, 434431).
cost(29, 25, 477728).
cost(29, 26, 451530).
cost(29, 27, 703339).
cost(29, 28, 400460).
