dimension(29).
point(1, -53456.0, -70731.0).
point(2, -121531.0, -175263.0).
point(3, 248407.0, -62108.0).
point(4, -213215.0, 175898.0).
point(5, 132094.0, 6729.0).
point(6, -369140.0, 162051.0).
point(7, 81753.0, 194317.0).
point(8, 93131.0, 235735.0).
point(9, -93762.0, -111125.0).
point(10, -68430.0, 381736.0).
point(11, 50818.0, -98491.0).
point(12, 54425.0, -151536.0).
point(13, -379748.0, 132192.0).
point(14, 471305.0, -49802.0).
point(15, 157310.0, -161743.0).
point(16, 119793.0, -48186.0).
point(17, 189504.0, -54452.0).
point(18, -162104.0, 34544.0).
point(19, -154469.0, 78527.0).
point(20, -86510.0, -190661.0).
point(21, 183520.0, 52161.0).
point(22, 275011.0, -371076.0).
point(23, 72344.0, -101992.0).
point(24, 154207.0, 156020.0).
point(25, -32240.0, -41690.0).
point(26, -54194.0, 126763.0).
point(27, -119395.0, 247598.0).
point(28, 62186.0, -77859.0).
point(29, 200162.0, 62859.0).
cost(1, 2, 124744).
cost(1, 3, 301986).
cost(1, 4, 293852).
cost(1, 5, 201069).
cost(1, 6, 392229).
cost(1, 7, 297543).
cost(1, 8, 339719).
cost(1, 9, 57064).
cost(1, 10, 452715).
cost(1, 11, 107906).
cost(1, 12, 134788).
cost(1, 13, 384245).
cost(1, 14, 525178).
cost(1, 15, 229577).
cost(1, 16, 174710).
cost(1, 17, 243505).
cost(1, 18, 151285).
cost(1, 19, 180226).
cost(1, 20, 124402).
cost(1, 21, 266946).
cost(1, 22, 445082).
cost(1, 23, 129626).
cost(1, 24, 307473).
cost(1, 25, 35965).
cost(1, 26, 197495).
cost(1, 27, 325087).
cost(1, 28, 115861).
cost(1, 29, 286650).
cost(2, 1, 124744).
cost(2, 3, 386857).
cost(2, 4, 362933).
cost(2, 5, 312165).
cost(2, 6, 418439).
cost(2, 7, 421798).
cost(2, 8, 463680).
cost(2, 9, 69891).
cost(2, 10, 559524).
cost(2, 11, 188675).
cost(2, 12, 177549).
cost(2, 13, 401503).
cost(2, 14, 605966).
cost(2, 15, 279169).
cost(2, 16, 272738).
cost(2, 17, 333674).
cost(2, 18, 213694).
cost(2, 19, 255918).
cost(2, 20, 38257).
cost(2, 21, 380497).
cost(2, 22, 442254).
cost(2, 23, 207259).
cost(2, 24, 431022).
cost(2, 25, 160669).
cost(2, 26, 309441).
cost(2, 27, 422866).
cost(2, 28, 207941).
cost(2, 29, 400236).
cost(3, 1, 301986).
cost(3, 2, 386857).
cost(3, 4, 519367).
cost(3, 5, 135156).
cost(3, 6, 656972).
cost(3, 7, 305822).
cost(3, 8, 335889).
cost(3, 9, 345662).
cost(3, 10, 545329).
cost(3, 11, 200911).
cost(3, 12, 213603).
cost(3, 13, 657519).
cost(3, 14, 223237).
cost(3, 15, 135003).
cost(3, 16, 129365).
cost(3, 17, 59398).
cost(3, 18, 421736).
cost(3, 19, 426717).
cost(3, 20, 358741).
cost(3, 21, 131407).
cost(3, 22, 310111).
cost(3, 23, 180524).
cost(3, 24, 237599).
cost(3, 25, 281389).
cost(3, 26, 356707).
cost(3, 27, 480829).
cost(3, 28, 186886).
cost(3, 29, 133956).
cost(4, 1, 293852).
cost(4, 2, 362933).
cost(4, 3, 519367).
cost(4, 5, 384521).
cost(4, 6, 156539).
cost(4, 7, 295543).
cost(4, 8, 312135).
cost(4, 9, 310888).
cost(4, 10, 251658).
cost(4, 11, 380792).
cost(4, 12, 422900).
cost(4, 13, 172173).
cost(4, 14, 720769).
cost(4, 15, 501289).
cost(4, 16, 401383).
cost(4, 17, 463944).
cost(4, 18, 150311).
cost(4, 19, 113720).
cost(4, 20, 387840).
cost(4, 21, 415583).
cost(4, 22, 733175).
cost(4, 23, 398456).
cost(4, 24, 367959).
cost(4, 25, 283013).
cost(4, 26, 166439).
cost(4, 27, 118081).
cost(4, 28, 374484).
cost(4, 29, 428554).
cost(5, 1, 201069).
cost(5, 2, 312165).
cost(5, 3, 135156).
cost(5, 4, 384521).
cost(5, 6, 524748).
cost(5, 7, 194225).
cost(5, 8, 232297).
cost(5, 9, 254756).
cost(5, 10, 425253).
cost(5, 11, 132955).
cost(5, 12, 176296).
cost(5, 13, 526994).
cost(5, 14, 343889).
cost(5, 15, 170349).
cost(5, 16, 56276).
cost(5, 17, 83899).
cost(5, 18, 295510).
cost(5, 19, 295421).
cost(5, 20, 294534).
cost(5, 21, 68620).
cost(5, 22, 403933).
cost(5, 23, 124058).
cost(5, 24, 150920).
cost(5, 25, 171319).
cost(5, 26, 221611).
cost(5, 27, 348231).
cost(5, 28, 109737).
cost(5, 29, 88226).
cost(6, 1, 392229).
cost(6, 2, 418439).
cost(6, 3, 656972).
cost(6, 4, 156539).
cost(6, 5, 524748).
cost(6, 7, 452046).
cost(6, 8, 468107).
cost(6, 9, 387889).
cost(6, 10, 372408).
cost(6, 11, 494213).
cost(6, 12, 527014).
cost(6, 13, 31687).
cost(6, 14, 866735).
cost(6, 15, 618055).
cost(6, 16, 532217).
cost(6, 17, 599130).
cost(6, 18, 243150).
cost(6, 19, 230347).
cost(6, 20, 451980).
cost(6, 21, 563479).
cost(6, 22, 836155).
cost(6, 23, 514419).
cost(6, 24, 523382).
cost(6, 25, 393716).
cost(6, 26, 316917).
cost(6, 27, 263990).
cost(6, 28, 493557).
cost(6, 29, 577879).
cost(7, 1, 297543).
cost(7, 2, 421798).
cost(7, 3, 305822).
cost(7, 4, 295543).
cost(7, 5, 194225).
cost(7, 6, 452046).
cost(7, 8, 42952).
cost(7, 9, 352279).
cost(7, 10, 240168).
cost(7, 11, 294438).
cost(7, 12, 346931).
cost(7, 13, 465664).
cost(7, 14, 459723).
cost(7, 15, 363988).
cost(7, 16, 245468).
cost(7, 17, 271102).
cost(7, 18, 291537).
cost(7, 19, 263074).
cost(7, 20, 420143).
cost(7, 21, 174828).
cost(7, 22, 597510).
cost(7, 23, 296458).
cost(7, 24, 81953).
cost(7, 25, 262095).
cost(7, 26, 151806).
cost(7, 27, 208085).
cost(7, 28, 272878).
cost(7, 29, 176923).
cost(8, 1, 339719).
cost(8, 2, 463680).
cost(8, 3, 335889).
cost(8, 4, 312135).
cost(8, 5, 232297).
cost(8, 6, 468107).
cost(8, 7, 42952).
cost(8, 9, 394006).
cost(8, 10, 217757).
cost(8, 11, 336894).
cost(8, 12, 389200).
cost(8, 13, 484082).
cost(8, 14, 473864).
cost(8, 15, 402626).
cost(8, 16, 285170).
cost(8, 17, 305772).
cost(8, 18, 324996).
cost(8, 19, 293292).
cost(8, 20, 462693).
cost(8, 21, 204621).
cost(8, 22, 633482).
cost(8, 23, 338366).
cost(8, 24, 100423).
cost(8, 25, 304438).
cost(8, 26, 183247).
cost(8, 27, 212857).
cost(8, 28, 315117).
cost(8, 29, 203327).
cost(9, 1, 57064).
cost(9, 2, 69891).
cost(9, 3, 345662).
cost(9, 4, 310888).
cost(9, 5, 254756).
cost(9, 6, 387889).
cost(9, 7, 352279).
cost(9, 8, 394006).
cost(9, 10, 493512).
cost(9, 11, 145131).
cost(9, 12, 153598).
cost(9, 13, 375488).
cost(9, 14, 568385).
cost(9, 15, 256124).
cost(9, 16, 222637).
cost(9, 17, 288880).
cost(9, 18, 160904).
cost(9, 19, 199131).
cost(9, 20, 79866).
cost(9, 21, 321788).
cost(9, 22, 451185).
cost(9, 23, 166357).
cost(9, 24, 364493).
cost(9, 25, 92769).
cost(9, 26, 241156).
cost(9, 27, 359638).
cost(9, 28, 159457).
cost(9, 29, 341558).
cost(10, 1, 452715).
cost(10, 2, 559524).
cost(10, 3, 545329).
cost(10, 4, 251658).
cost(10, 5, 425253).
cost(10, 6, 372408).
cost(10, 7, 240168).
cost(10, 8, 217757).
cost(10, 9, 493512).
cost(10, 11, 494811).
cost(10, 12, 547241).
cost(10, 13, 398988).
cost(10, 14, 691042).
cost(10, 15, 588496).
cost(10, 16, 469320).
cost(10, 17, 506744).
cost(10, 18, 359607).
cost(10, 19, 315180).
cost(10, 20, 572682).
cost(10, 21, 414848).
cost(10, 22, 827452).
cost(10, 23, 503796).
cost(10, 24, 317041).
cost(10, 25, 424970).
cost(10, 26, 255370).
cost(10, 27, 143494).
cost(10, 28, 477795).
cost(10, 29, 416922).
cost(11, 1, 107906).
cost(11, 2, 188675).
cost(11, 3, 200911).
cost(11, 4, 380792).
cost(11, 5, 132955).
cost(11, 6, 494213).
cost(11, 7, 294438).
cost(11, 8, 336894).
cost(11, 9, 145131).
cost(11, 10, 494811).
cost(11, 12, 53167).
cost(11, 13, 488469).
cost(11, 14, 423297).
cost(11, 15, 123860).
cost(11, 16, 85371).
cost(11, 17, 145510).
cost(11, 18, 251066).
cost(11, 19, 271068).
cost(11, 20, 165391).
cost(11, 21, 200763).
cost(11, 22, 352938).
cost(11, 23, 21809).
cost(11, 24, 274709).
cost(11, 25, 100623).
cost(11, 26, 248529).
cost(11, 27, 385681).
cost(11, 28, 23557).
cost(11, 29, 219858).
cost(12, 1, 134788).
cost(12, 2, 177549).
cost(12, 3, 213603).
cost(12, 4, 422900).
cost(12, 5, 176296).
cost(12, 6, 527014).
cost(12, 7, 346931).
cost(12, 8, 389200).
cost(12, 9, 153598).
cost(12, 10, 547241).
cost(12, 11, 53167).
cost(12, 13, 518660).
cost(12, 14, 429114).
cost(12, 15, 103390).
cost(12, 16, 122287).
cost(12, 17, 166348).
cost(12, 18, 285501).
cost(12, 19, 310750).
cost(12, 20, 146265).
cost(12, 21, 241160).
cost(12, 22, 311217).
cost(12, 23, 52685).
cost(12, 24, 323338).
cost(12, 25, 139918).
cost(12, 26, 298745).
cost(12, 27, 435340).
cost(12, 28, 74085).
cost(12, 29, 259238).
cost(13, 1, 384245).
cost(13, 2, 401503).
cost(13, 3, 657519).
cost(13, 4, 172173).
cost(13, 5, 526994).
cost(13, 6, 31687).
cost(13, 7, 465664).
cost(13, 8, 484082).
cost(13, 9, 375488).
cost(13, 10, 398988).
cost(13, 11, 488469).
cost(13, 12, 518660).
cost(13, 14, 870295).
cost(13, 15, 612233).
cost(13, 16, 531110).
cost(13, 17, 599069).
cost(13, 18, 238546).
cost(13, 19, 231583).
cost(13, 20, 436145).
cost(13, 21, 568925).
cost(13, 22, 825826).
cost(13, 23, 509146).
cost(13, 24, 534486).
cost(13, 25, 388583).
cost(13, 26, 325599).
cost(13, 27, 284785).
cost(13, 28, 489313).
cost(13, 29, 584040).
cost(14, 1, 525178).
cost(14, 2, 605966).
cost(14, 3, 223237).
cost(14, 4, 720769).
cost(14, 5, 343889).
cost(14, 6, 866735).
cost(14, 7, 459723).
cost(14, 8, 473864).
cost(14, 9, 568385).
cost(14, 10, 691042).
cost(14, 11, 423297).
cost(14, 12, 429114).
cost(14, 13, 870295).
cost(14, 15, 333352).
cost(14, 16, 351516).
cost(14, 17, 281839).
cost(14, 18, 639000).
cost(14, 19, 638797).
cost(14, 20, 575325).
cost(14, 21, 305314).
cost(14, 22, 376495).
cost(14, 23, 402360).
cost(14, 24, 378039).
cost(14, 25, 503610).
cost(14, 26, 554368).
cost(14, 27, 661342).
cost(14, 28, 410080).
cost(14, 29, 293617).
cost(15, 1, 229577).
cost(15, 2, 279169).
cost(15, 3, 135003).
cost(15, 4, 501289).
cost(15, 5, 170349).
cost(15, 6, 618055).
cost(15, 7, 363988).
cost(15, 8, 402626).
cost(15, 9, 256124).
cost(15, 10, 588496).
cost(15, 11, 123860).
cost(15, 12, 103390).
cost(15, 13, 612233).
cost(15, 14, 333352).
cost(15, 16, 119594).
cost(15, 17, 112017).
cost(15, 18, 374905).
cost(15, 19, 393619).
cost(15, 20, 245529).
cost(15, 21, 215504).
cost(15, 22, 240154).
cost(15, 23, 103872).
cost(15, 24, 317778).
cost(15, 25, 224370).
cost(15, 26, 357728).
cost(15, 27, 494091).
cost(15, 28, 126827).
cost(15, 29, 228653).
cost(16, 1, 174710).
cost(16, 2, 272738).
cost(16, 3, 129365).
cost(16, 4, 401383).
cost(16, 5, 56276).
cost(16, 6, 532217).
cost(16, 7, 245468).
cost(16, 8, 285170).
cost(16, 9, 222637).
cost(16, 10, 469320).
cost(16, 11, 85371).
cost(16, 12, 122287).
cost(16, 13, 531110).
cost(16, 14, 351516).
cost(16, 15, 119594).
cost(16, 17, 69992).
cost(16, 18, 293786).
cost(16, 19, 302119).
cost(16, 20, 250719).
cost(16, 21, 118872).
cost(16, 22, 358260).
cost(16, 23, 71739).
cost(16, 24, 207086).
cost(16, 25, 152172).
cost(16, 26, 246736).
cost(16, 27, 380393).
cost(16, 28, 64800).
cost(16, 29, 137077).
cost(17, 1, 243505).
cost(17, 2, 333674).
cost(17, 3, 59398).
cost(17, 4, 463944).
cost(17, 5, 83899).
cost(17, 6, 599130).
cost(17, 7, 271102).
cost(17, 8, 305772).
cost(17, 9, 288880).
cost(17, 10, 506744).
cost(17, 11, 145510).
cost(17, 12, 166348).
cost(17, 13, 599069).
cost(17, 14, 281839).
cost(17, 15, 112017).
cost(17, 16, 69992).
cost(17, 18, 362696).
cost(17, 19, 368783).
cost(17, 20, 307793).
cost(17, 21, 106781).
cost(17, 22, 327967).
cost(17, 23, 126438).
cost(17, 24, 213411).
cost(17, 25, 222111).
cost(17, 26, 303690).
cost(17, 27, 432033).
cost(17, 28, 129452).
cost(17, 29, 117794).
cost(18, 1, 151285).
cost(18, 2, 213694).
cost(18, 3, 421736).
cost(18, 4, 150311).
cost(18, 5, 295510).
cost(18, 6, 243150).
cost(18, 7, 291537).
cost(18, 8, 324996).
cost(18, 9, 160904).
cost(18, 10, 359607).
cost(18, 11, 251066).
cost(18, 12, 285501).
cost(18, 13, 238546).
cost(18, 14, 639000).
cost(18, 15, 374905).
cost(18, 16, 293786).
cost(18, 17, 362696).
cost(18, 19, 44641).
cost(18, 20, 237554).
cost(18, 21, 346073).
cost(18, 22, 596320).
cost(18, 23, 271308).
cost(18, 24, 338835).
cost(18, 25, 150586).
cost(18, 26, 141947).
cost(18, 27, 217293).
cost(18, 28, 250879).
cost(18, 29, 363371).
cost(19, 1, 180226).
cost(19, 2, 255918).
cost(19, 3, 426717).
cost(19, 4, 113720).
cost(19, 5, 295421).
cost(19, 6, 230347).
cost(19, 7, 263074).
cost(19, 8, 293292).
cost(19, 9, 199131).
cost(19, 10, 315180).
cost(19, 11, 271068).
cost(19, 12, 310750).
cost(19, 13, 231583).
cost(19, 14, 638797).
cost(19, 15, 393619).
cost(19, 16, 302119).
cost(19, 17, 368783).
cost(19, 18, 44641).
cost(19, 20, 277634).
cost(19, 21, 339016).
cost(19, 22, 621768).
cost(19, 23, 289881).
cost(19, 24, 318255).
cost(19, 25, 171441).
cost(19, 26, 111273).
cost(19, 27, 172671).
cost(19, 28, 267200).
cost(19, 29, 354977).
cost(20, 1, 124402).
cost(20, 2, 38257).
cost(20, 3, 358741).
cost(20, 4, 387840).
cost(20, 5, 294534).
cost(20, 6, 451980).
cost(20, 7, 420143).
cost(20, 8, 462693).
cost(20, 9, 79866).
cost(20, 10, 572682).
cost(20, 11, 165391).
cost(20, 12, 146265).
cost(20, 13, 436145).
cost(20, 14, 575325).
cost(20, 15, 245529).
cost(20, 16, 250719).
cost(20, 17, 307793).
cost(20, 18, 237554).
cost(20, 19, 277634).
cost(20, 21, 363151).
cost(20, 22, 404038).
cost(20, 23, 181925).
cost(20, 24, 422057).
cost(20, 25, 158548).
cost(20, 26, 319065).
cost(20, 27, 439491).
cost(20, 28, 186641).
cost(20, 29, 382692).
cost(21, 1, 266946).
cost(21, 2, 380497).
cost(21, 3, 131407).
cost(21, 4, 415583).
cost(21, 5, 68620).
cost(21, 6, 563479).
cost(21, 7, 174828).
cost(21, 8, 204621).
cost(21, 9, 321788).
cost(21, 10, 414848).
cost(21, 11, 200763).
cost(21, 12, 241160).
cost(21, 13, 568925).
cost(21, 14, 305314).
cost(21, 15, 215504).
cost(21, 16, 118872).
cost(21, 17, 106781).
cost(21, 18, 346073).
cost(21, 19, 339016).
cost(21, 20, 363151).
cost(21, 22, 433013).
cost(21, 23, 190061).
cost(21, 24, 107916).
cost(21, 25, 235288).
cost(21, 26, 249145).
cost(21, 27, 360490).
cost(21, 28, 177840).
cost(21, 29, 19784).
cost(22, 1, 445082).
cost(22, 2, 442254).
cost(22, 3, 310111).
cost(22, 4, 733175).
cost(22, 5, 403933).
cost(22, 6, 836155).
cost(22, 7, 597510).
cost(22, 8, 633482).
cost(22, 9, 451185).
cost(22, 10, 827452).
cost(22, 11, 352938).
cost(22, 12, 311217).
cost(22, 13, 825826).
cost(22, 14, 376495).
cost(22, 15, 240154).
cost(22, 16, 358260).
cost(22, 17, 327967).
cost(22, 18, 596320).
cost(22, 19, 621768).
cost(22, 20, 404038).
cost(22, 21, 433013).
cost(22, 23, 336868).
cost(22, 24, 540762).
cost(22, 25, 450442).
cost(22, 26, 596841).
cost(22, 27, 733699).
cost(22, 28, 362313).
cost(22, 29, 440343).
cost(23, 1, 129626).
cost(23, 2, 207259).
cost(23, 3, 180524).
cost(23, 4, 398456).
cost(23, 5, 124058).
cost(23, 6, 514419).
cost(23, 7, 296458).
cost(23, 8, 338366).
cost(23, 9, 166357).
cost(23, 10, 503796).
cost(23, 11, 21809).
cost(23, 12, 52685).
cost(23, 13, 509146).
cost(23, 14, 402360).
cost(23, 15, 103872).
cost(23, 16, 71739).
cost(23, 17, 126438).
cost(23, 18, 271308).
cost(23, 19, 289881).
cost(23, 20, 181925).
cost(23, 21, 190061).
cost(23, 22, 336868).
cost(23, 24, 270688).
cost(23, 25, 120723).
cost(23, 26, 261421).
cost(23, 27, 398719).
cost(23, 28, 26184).
cost(23, 29, 208598).
cost(24, 1, 307473).
cost(24, 2, 431022).
cost(24, 3, 237599).
cost(24, 4, 367959).
cost(24, 5, 150920).
cost(24, 6, 523382).
cost(24, 7, 81953).
cost(24, 8, 100423).
cost(24, 9, 364493).
cost(24, 10, 317041).
cost(24, 11, 274709).
cost(24, 12, 323338).
cost(24, 13, 534486).
cost(24, 14, 378039).
cost(24, 15, 317778).
cost(24, 16, 207086).
cost(24, 17, 213411).
cost(24, 18, 338835).
cost(24, 19, 318255).
cost(24, 20, 422057).
cost(24, 21, 107916).
cost(24, 22, 540762).
cost(24, 23, 270688).
cost(24, 25, 271757).
cost(24, 26, 210445).
cost(24, 27, 288521).
cost(24, 28, 251331).
cost(24, 29, 103879).
cost(25, 1, 35965).
cost(25, 2, 160669).
cost(25, 3, 281389).
cost(25, 4, 283013).
cost(25, 5, 171319).
cost(25, 6, 393716).
cost(25, 7, 262095).
cost(25, 8, 304438).
cost(25, 9, 92769).
cost(25, 10, 424970).
cost(25, 11, 100623).
cost(25, 12, 139918).
cost(25, 13, 388583).
cost(25, 14, 503610).
cost(25, 15, 224370).
cost(25, 16, 152172).
cost(25, 17, 222111).
cost(25, 18, 150586).
cost(25, 19, 171441).
cost(25, 20, 158548).
cost(25, 21, 235288).
cost(25, 22, 450442).
cost(25, 23, 120723).
cost(25, 24, 271757).
cost(25, 26, 169878).
cost(25, 27, 302132).
cost(25, 28, 101116).
cost(25, 29, 254836).
cost(26, 1, 197495).
cost(26, 2, 309441).
cost(26, 3, 356707).
cost(26, 4, 166439).
cost(26, 5, 221611).
cost(26, 6, 316917).
cost(26, 7, 151806).
cost(26, 8, 183247).
cost(26, 9, 241156).
cost(26, 10, 255370).
cost(26, 11, 248529).
cost(26, 12, 298745).
cost(26, 13, 325599).
cost(26, 14, 554368).
cost(26, 15, 357728).
cost(26, 16, 246736).
cost(26, 17, 303690).
cost(26, 18, 141947).
cost(26, 19, 111273).
cost(26, 20, 319065).
cost(26, 21, 249145).
cost(26, 22, 596841).
cost(26, 23, 261421).
cost(26, 24, 210445).
cost(26, 25, 169878).
cost(26, 27, 137304).
cost(26, 28, 235403).
cost(26, 29, 262261).
cost(27, 1, 325087).
cost(27, 2, 422866).
cost(27, 3, 480829).
cost(27, 4, 118081).
cost(27, 5, 348231).
cost(27, 6, 263990).
cost(27, 7, 208085).
cost(27, 8, 212857).
cost(27, 9, 359638).
cost(27, 10, 143494).
cost(27, 11, 385681).
cost(27, 12, 435340).
cost(27, 13, 284785).
cost(27, 14, 661342).
cost(27, 15, 494091).
cost(27, 16, 380393).
cost(27, 17, 432033).
cost(27, 18, 217293).
cost(27, 19, 172671).
cost(27, 20, 439491).
cost(27, 21, 360490).
cost(27, 22, 733699).
cost(27, 23, 398719).
cost(27, 24, 288521).
cost(27, 25, 302132).
cost(27, 26, 137304).
cost(27, 28, 372685).
cost(27, 29, 369114).
cost(28, 1, 115861).
cost(28, 2, 207941).
cost(28, 3, 186886).
cost(28, 4, 374484).
cost(28, 5, 109737).
cost(28, 6, 493557).
cost(28, 7, 272878).
cost(28, 8, 315117).
cost(28, 9, 159457).
cost(28, 10, 477795).
cost(28, 11, 23557).
cost(28, 12, 74085).
cost(28, 13, 489313).
cost(28, 14, 410080).
cost(28, 15, 126827).
cost(28, 16, 64800).
cost(28, 17, 129452).
cost(28, 18, 250879).
cost(28, 19, 267200).
cost(28, 20, 186641).
cost(28, 21, 177840).
cost(28, 22, 362313).
cost(28, 23, 26184).
cost(28, 24, 251331).
cost(28, 25, 101116).
cost(28, 26, 235403).
cost(28, 27, 372685).
cost(28, 29, 197076).
cost(29, 1, 286650).
cost(29, 2, 400236).
cost(29, 3, 133956).
cost(29, 4, 428554).
cost(29, 5, 88226).
cost(29, 6, 577879).
cost(29, 7, 176923).
cost(29, 8, 203327).
cost(29, 9, 341558).
cost(29, 10, 416922).
cost(29, 11, 219858).
cost(29, 12, 259238).
cost(29, 13, 584040).
cost(29, 14, 293617).
cost(29, 15, 228653).
cost(29, 16, 137077).
cost(29, 17, 117794).
cost(29, 18, 363371).
cost(29, 19, 354977).
cost(29, 20, 382692).
cost(29, 21, 19784).
cost(29, 22, 440343).
cost(29, 23, 208598).
cost(29, 24, 103879).
cost(29, 25, 254836).
cost(29, 26, 262261).
cost(29, 27, 369114).
cost(29, 28, 197076).
