dimension(29).
point(1, -176136.0, 10702.0).
point(2, 120485.0, 119844.0).
point(3, 7117.0, -293090.0).
point(4, -42162.0, -59764.0).
point(5, -326196.0, 109586.0).
point(6, -13857.0, 28115.0).
point(7, -39492.0, -30958.0).
point(8, 140241.0, -161537.0).
point(9, 123330.0, -217118.0).
point(10, 98392.0, 71753.0).
point(11, 46983.0, 24631.0).
point(12, 88561.0, -130674.0).
point(13, -76506.0, 1301.0).
point(14, -65133.0, 135435.0).
point(15, -97694.0, 365379.0).
point(16, -162158.0, 276033.0).
point(17, -227522.0, 191033.0).
point(18, -44578.0, 132516.0).
point(19, 46954.0, -278467.0).
point(20, -75349.0, 211828.0).
point(21, 59999.0, 244137.0).
point(22, -139524.0, -61296.0).
point(23, 94752.0, -43882.0).
point(24, 40131.0, -128749.0).
point(25, -132019.0, 430567.0).
point(26, -66764.0, -121648.0).
point(27, 251361.0, 65914.0).
point(28, -210959.0, 40080.0).
point(29, -110354.0, 377372.0).
cost(1, 2, 316063).
cost(1, 3, 354783).
cost(1, 4, 151375).
cost(1, 5, 179711).
cost(1, 6, 163211).
cost(1, 7, 142854).
cost(1, 8, 360223).
cost(1, 9, 376274).
cost(1, 10, 281235).
cost(1, 11, 223553).
cost(1, 12, 300086).
cost(1, 13, 100073).
cost(1, 14, 166973).
cost(1, 15, 363248).
cost(1, 16, 265699).
cost(1, 17, 187509).
cost(1, 18, 179293).
cost(1, 19, 365223).
cost(1, 20, 224966).
cost(1, 21, 332042).
cost(1, 22, 80772).
cost(1, 23, 276333).
cost(1, 24, 257329).
cost(1, 25, 422176).
cost(1, 26, 171694).
cost(1, 27, 431048).
cost(1, 28, 45560).
cost(1, 29, 372524).
cost(2, 1, 316063).
cost(2, 3, 428213).
cost(2, 4, 242308).
cost(2, 5, 446799).
cost(2, 6, 162671).
cost(2, 7, 219850).
cost(2, 8, 282074).
cost(2, 9, 336974).
cost(2, 10, 52923).
cost(2, 11, 120283).
cost(2, 12, 252544).
cost(2, 13, 229908).
cost(2, 14, 186272).
cost(2, 15, 328465).
cost(2, 16, 322927).
cost(2, 17, 355214).
cost(2, 18, 165549).
cost(2, 19, 405041).
cost(2, 20, 216361).
cost(2, 21, 138229).
cost(2, 22, 316885).
cost(2, 23, 165736).
cost(2, 24, 261257).
cost(2, 25, 400384).
cost(2, 26, 305582).
cost(2, 27, 141552).
cost(2, 28, 340907).
cost(2, 29, 345843).
cost(3, 1, 354783).
cost(3, 2, 428213).
cost(3, 4, 238473).
cost(3, 5, 522729).
cost(3, 6, 321889).
cost(3, 7, 266243).
cost(3, 8, 187158).
cost(3, 9, 138842).
cost(3, 10, 376087).
cost(3, 11, 320212).
cost(3, 12, 181692).
cost(3, 13, 306037).
cost(3, 14, 434573).
cost(3, 15, 666758).
cost(3, 16, 593763).
cost(3, 17, 537987).
cost(3, 18, 428734).
cost(3, 19, 42436).
cost(3, 20, 511608).
cost(3, 21, 539823).
cost(3, 22, 274285).
cost(3, 23, 264168).
cost(3, 24, 167624).
cost(3, 25, 736911).
cost(3, 26, 186684).
cost(3, 27, 434211).
cost(3, 28, 398195).
cost(3, 29, 680675).
cost(4, 1, 151375).
cost(4, 2, 242308).
cost(4, 3, 238473).
cost(4, 5, 330688).
cost(4, 6, 92325).
cost(4, 7, 28929).
cost(4, 8, 208875).
cost(4, 9, 228359).
cost(4, 10, 192489).
cost(4, 11, 122757).
cost(4, 12, 148717).
cost(4, 13, 70060).
cost(4, 14, 196546).
cost(4, 15, 428754).
cost(4, 16, 356593).
cost(4, 17, 311861).
cost(4, 18, 192295).
cost(4, 19, 236162).
cost(4, 20, 273612).
cost(4, 21, 320613).
cost(4, 22, 97374).
cost(4, 23, 137832).
cost(4, 24, 107383).
cost(4, 25, 498497).
cost(4, 26, 66595).
cost(4, 27, 319297).
cost(4, 28, 196115).
cost(4, 29, 442423).
cost(5, 1, 179711).
cost(5, 2, 446799).
cost(5, 3, 522729).
cost(5, 4, 330688).
cost(5, 6, 322790).
cost(5, 7, 319299).
cost(5, 8, 539510).
cost(5, 9, 555706).
cost(5, 10, 426270).
cost(5, 11, 382727).
cost(5, 12, 479321).
cost(5, 13, 272159).
cost(5, 14, 262340).
cost(5, 15, 342992).
cost(5, 16, 233694).
cost(5, 17, 127946).
cost(5, 18, 282550).
cost(5, 19, 538355).
cost(5, 20, 270883).
cost(5, 21, 408963).
cost(5, 22, 253075).
cost(5, 23, 448051).
cost(5, 24, 437034).
cost(5, 25, 375145).
cost(5, 26, 347526).
cost(5, 27, 579206).
cost(5, 28, 134576).
cost(5, 29, 343943).
cost(6, 1, 163211).
cost(6, 2, 162671).
cost(6, 3, 321889).
cost(6, 4, 92325).
cost(6, 5, 322790).
cost(6, 7, 64395).
cost(6, 8, 244365).
cost(6, 9, 280997).
cost(6, 10, 120433).
cost(6, 11, 60940).
cost(6, 12, 188953).
cost(6, 13, 68146).
cost(6, 14, 118940).
cost(6, 15, 347528).
cost(6, 16, 288888).
cost(6, 17, 268691).
cost(6, 18, 108827).
cost(6, 19, 312555).
cost(6, 20, 193731).
cost(6, 21, 228299).
cost(6, 22, 154229).
cost(6, 23, 130305).
cost(6, 24, 165895).
cost(6, 25, 419440).
cost(6, 26, 158834).
cost(6, 27, 267898).
cost(6, 28, 197465).
cost(6, 29, 362343).
cost(7, 1, 142854).
cost(7, 2, 219850).
cost(7, 3, 266243).
cost(7, 4, 28929).
cost(7, 5, 319299).
cost(7, 6, 64395).
cost(7, 8, 222159).
cost(7, 9, 247319).
cost(7, 10, 171935).
cost(7, 11, 102801).
cost(7, 12, 162299).
cost(7, 13, 49099).
cost(7, 14, 168357).
cost(7, 15, 400588).
cost(7, 16, 330591).
cost(7, 17, 290921).
cost(7, 18, 163553).
cost(7, 19, 262171).
cost(7, 20, 245420).
cost(7, 21, 292533).
cost(7, 22, 104531).
cost(7, 23, 134865).
cost(7, 24, 126107).
cost(7, 25, 470709).
cost(7, 26, 94702).
cost(7, 27, 306561).
cost(7, 28, 185600).
cost(7, 29, 414433).
cost(8, 1, 360223).
cost(8, 2, 282074).
cost(8, 3, 187158).
cost(8, 4, 208875).
cost(8, 5, 539510).
cost(8, 6, 244365).
cost(8, 7, 222159).
cost(8, 9, 58097).
cost(8, 10, 237014).
cost(8, 11, 208220).
cost(8, 12, 60194).
cost(8, 13, 271100).
cost(8, 14, 361069).
cost(8, 15, 578147).
cost(8, 16, 531895).
cost(8, 17, 509466).
cost(8, 18, 347311).
cost(8, 19, 149583).
cost(8, 20, 431139).
cost(8, 21, 413534).
cost(8, 22, 297181).
cost(8, 23, 126143).
cost(8, 24, 105343).
cost(8, 25, 651700).
cost(8, 26, 210813).
cost(8, 27, 253143).
cost(8, 28, 404958).
cost(8, 29, 594324).
cost(9, 1, 376274).
cost(9, 2, 336974).
cost(9, 3, 138842).
cost(9, 4, 228359).
cost(9, 5, 555706).
cost(9, 6, 280997).
cost(9, 7, 247319).
cost(9, 8, 58097).
cost(9, 10, 289945).
cost(9, 11, 253518).
cost(9, 12, 93174).
cost(9, 13, 296043).
cost(9, 14, 399765).
cost(9, 15, 623020).
cost(9, 16, 569826).
cost(9, 17, 538223).
cost(9, 18, 387862).
cost(9, 19, 97964).
cost(9, 20, 472724).
cost(9, 21, 465582).
cost(9, 22, 305570).
cost(9, 23, 175577).
cost(9, 24, 121372).
cost(9, 25, 696203).
cost(9, 26, 212721).
cost(9, 27, 310643).
cost(9, 28, 421782).
cost(9, 29, 638770).
cost(10, 1, 281235).
cost(10, 2, 52923).
cost(10, 3, 376087).
cost(10, 4, 192489).
cost(10, 5, 426270).
cost(10, 6, 120433).
cost(10, 7, 171935).
cost(10, 8, 237014).
cost(10, 9, 289945).
cost(10, 11, 69738).
cost(10, 12, 202666).
cost(10, 13, 188554).
cost(10, 14, 175487).
cost(10, 15, 353081).
cost(10, 16, 331084).
cost(10, 17, 347056).
cost(10, 18, 155347).
cost(10, 19, 353977).
cost(10, 20, 223175).
cost(10, 21, 176608).
cost(10, 22, 272591).
cost(10, 23, 115692).
cost(10, 24, 208795).
cost(10, 25, 426423).
cost(10, 26, 254324).
cost(10, 27, 153080).
cost(10, 28, 310968).
cost(10, 29, 370105).
cost(11, 1, 223553).
cost(11, 2, 120283).
cost(11, 3, 320212).
cost(11, 4, 122757).
cost(11, 5, 382727).
cost(11, 6, 60940).
cost(11, 7, 102801).
cost(11, 8, 208220).
cost(11, 9, 253518).
cost(11, 10, 69738).
cost(11, 12, 160774).
cost(11, 13, 125673).
cost(11, 14, 157631).
cost(11, 15, 370190).
cost(11, 16, 327021).
cost(11, 17, 321003).
cost(11, 18, 141501).
cost(11, 19, 303098).
cost(11, 20, 223624).
cost(11, 21, 219892).
cost(11, 22, 205349).
cost(11, 23, 83522).
cost(11, 24, 153533).
cost(11, 25, 443650).
cost(11, 26, 185300).
cost(11, 27, 208506).
cost(11, 28, 258404).
cost(11, 29, 386240).
cost(12, 1, 300086).
cost(12, 2, 252544).
cost(12, 3, 181692).
cost(12, 4, 148717).
cost(12, 5, 479321).
cost(12, 6, 188953).
cost(12, 7, 162299).
cost(12, 8, 60194).
cost(12, 9, 93174).
cost(12, 10, 202666).
cost(12, 11, 160774).
cost(12, 13, 211340).
cost(12, 14, 307304).
cost(12, 15, 529867).
cost(12, 16, 477777).
cost(12, 17, 451003).
cost(12, 18, 294949).
cost(12, 19, 153538).
cost(12, 20, 379703).
cost(12, 21, 375898).
cost(12, 22, 238403).
cost(12, 23, 87013).
cost(12, 24, 48468).
cost(12, 25, 603032).
cost(12, 26, 155587).
cost(12, 27, 255246).
cost(12, 28, 344774).
cost(12, 29, 545599).
cost(13, 1, 100073).
cost(13, 2, 229908).
cost(13, 3, 306037).
cost(13, 4, 70060).
cost(13, 5, 272159).
cost(13, 6, 68146).
cost(13, 7, 49099).
cost(13, 8, 271100).
cost(13, 9, 296043).
cost(13, 10, 188554).
cost(13, 11, 125673).
cost(13, 12, 211340).
cost(13, 14, 134615).
cost(13, 15, 364694).
cost(13, 16, 287774).
cost(13, 17, 242495).
cost(13, 18, 135044).
cost(13, 19, 305798).
cost(13, 20, 210530).
cost(13, 21, 278573).
cost(13, 22, 88824).
cost(13, 23, 177118).
cost(13, 24, 174692).
cost(13, 25, 432841).
cost(13, 26, 123334).
cost(13, 27, 334173).
cost(13, 28, 139934).
cost(13, 29, 377591).
cost(14, 1, 166973).
cost(14, 2, 186272).
cost(14, 3, 434573).
cost(14, 4, 196546).
cost(14, 5, 262340).
cost(14, 6, 118940).
cost(14, 7, 168357).
cost(14, 8, 361069).
cost(14, 9, 399765).
cost(14, 10, 175487).
cost(14, 11, 157631).
cost(14, 12, 307304).
cost(14, 13, 134615).
cost(14, 15, 232238).
cost(14, 16, 170826).
cost(14, 17, 171643).
cost(14, 18, 20761).
cost(14, 19, 428810).
cost(14, 20, 77073).
cost(14, 21, 165753).
cost(14, 22, 210326).
cost(14, 23, 240245).
cost(14, 24, 284383).
cost(14, 25, 302616).
cost(14, 26, 257088).
cost(14, 27, 324040).
cost(14, 28, 174235).
cost(14, 29, 246127).
cost(15, 1, 363248).
cost(15, 2, 328465).
cost(15, 3, 666758).
cost(15, 4, 428754).
cost(15, 5, 342992).
cost(15, 6, 347528).
cost(15, 7, 400588).
cost(15, 8, 578147).
cost(15, 9, 623020).
cost(15, 10, 353081).
cost(15, 11, 370190).
cost(15, 12, 529867).
cost(15, 13, 364694).
cost(15, 14, 232238).
cost(15, 16, 110174).
cost(15, 17, 217375).
cost(15, 18, 238844).
cost(15, 19, 659894).
cost(15, 20, 155168).
cost(15, 21, 198914).
cost(15, 22, 428721).
cost(15, 23, 452250).
cost(15, 24, 512989).
cost(15, 25, 73673).
cost(15, 26, 488008).
cost(15, 27, 459912).
cost(15, 28, 344454).
cost(15, 29, 17439).
cost(16, 1, 265699).
cost(16, 2, 322927).
cost(16, 3, 593763).
cost(16, 4, 356593).
cost(16, 5, 233694).
cost(16, 6, 288888).
cost(16, 7, 330591).
cost(16, 8, 531895).
cost(16, 9, 569826).
cost(16, 10, 331084).
cost(16, 11, 327021).
cost(16, 12, 477777).
cost(16, 13, 287774).
cost(16, 14, 170826).
cost(16, 15, 110174).
cost(16, 17, 107226).
cost(16, 18, 185532).
cost(16, 19, 592620).
cost(16, 20, 107973).
cost(16, 21, 224435).
cost(16, 22, 338087).
cost(16, 23, 410303).
cost(16, 24, 452514).
cost(16, 25, 157446).
cost(16, 26, 408962).
cost(16, 27, 463840).
cost(16, 28, 240947).
cost(16, 29, 113812).
cost(17, 1, 187509).
cost(17, 2, 355214).
cost(17, 3, 537987).
cost(17, 4, 311861).
cost(17, 5, 127946).
cost(17, 6, 268691).
cost(17, 7, 290921).
cost(17, 8, 509466).
cost(17, 9, 538223).
cost(17, 10, 347056).
cost(17, 11, 321003).
cost(17, 12, 451003).
cost(17, 13, 242495).
cost(17, 14, 171643).
cost(17, 15, 217375).
cost(17, 16, 107226).
cost(17, 18, 192075).
cost(17, 19, 543845).
cost(17, 20, 153587).
cost(17, 21, 292384).
cost(17, 22, 267233).
cost(17, 23, 398805).
cost(17, 24, 417012).
cost(17, 25, 257871).
cost(17, 26, 351586).
cost(17, 27, 494958).
cost(17, 28, 151859).
cost(17, 29, 220115).
cost(18, 1, 179293).
cost(18, 2, 165549).
cost(18, 3, 428734).
cost(18, 4, 192295).
cost(18, 5, 282550).
cost(18, 6, 108827).
cost(18, 7, 163553).
cost(18, 8, 347311).
cost(18, 9, 387862).
cost(18, 10, 155347).
cost(18, 11, 141501).
cost(18, 12, 294949).
cost(18, 13, 135044).
cost(18, 14, 20761).
cost(18, 15, 238844).
cost(18, 16, 185532).
cost(18, 17, 192075).
cost(18, 19, 421052).
cost(18, 20, 85072).
cost(18, 21, 152956).
cost(18, 22, 215819).
cost(18, 23, 224787).
cost(18, 24, 274654).
cost(18, 25, 310613).
cost(18, 26, 255130).
cost(18, 27, 303341).
cost(18, 28, 190334).
cost(18, 29, 253537).
cost(19, 1, 365223).
cost(19, 2, 405041).
cost(19, 3, 42436).
cost(19, 4, 236162).
cost(19, 5, 538355).
cost(19, 6, 312555).
cost(19, 7, 262171).
cost(19, 8, 149583).
cost(19, 9, 97964).
cost(19, 10, 353977).
cost(19, 11, 303098).
cost(19, 12, 153538).
cost(19, 13, 305798).
cost(19, 14, 428810).
cost(19, 15, 659894).
cost(19, 16, 592620).
cost(19, 17, 543845).
cost(19, 18, 421052).
cost(19, 20, 505319).
cost(19, 21, 522767).
cost(19, 22, 286247).
cost(19, 23, 239405).
cost(19, 24, 149873).
cost(19, 25, 731273).
cost(19, 26, 193711).
cost(19, 27, 400475).
cost(19, 28, 409867).
cost(19, 29, 674441).
cost(20, 1, 224966).
cost(20, 2, 216361).
cost(20, 3, 511608).
cost(20, 4, 273612).
cost(20, 5, 270883).
cost(20, 6, 193731).
cost(20, 7, 245420).
cost(20, 8, 431139).
cost(20, 9, 472724).
cost(20, 10, 223175).
cost(20, 11, 223624).
cost(20, 12, 379703).
cost(20, 13, 210530).
cost(20, 14, 77073).
cost(20, 15, 155168).
cost(20, 16, 107973).
cost(20, 17, 153587).
cost(20, 18, 85072).
cost(20, 19, 505319).
cost(20, 21, 139151).
cost(20, 22, 280562).
cost(20, 23, 307119).
cost(20, 24, 359622).
cost(20, 25, 225961).
cost(20, 26, 333586).
cost(20, 27, 357813).
cost(20, 28, 218832).
cost(20, 29, 169205).
cost(21, 1, 332042).
cost(21, 2, 138229).
cost(21, 3, 539823).
cost(21, 4, 320613).
cost(21, 5, 408963).
cost(21, 6, 228299).
cost(21, 7, 292533).
cost(21, 8, 413534).
cost(21, 9, 465582).
cost(21, 10, 176608).
cost(21, 11, 219892).
cost(21, 12, 375898).
cost(21, 13, 278573).
cost(21, 14, 165753).
cost(21, 15, 198914).
cost(21, 16, 224435).
cost(21, 17, 292384).
cost(21, 18, 152956).
cost(21, 19, 522767).
cost(21, 20, 139151).
cost(21, 22, 364827).
cost(21, 23, 290108).
cost(21, 24, 373415).
cost(21, 25, 267632).
cost(21, 26, 387127).
cost(21, 27, 261501).
cost(21, 28, 339201).
cost(21, 29, 216268).
cost(22, 1, 80772).
cost(22, 2, 316885).
cost(22, 3, 274285).
cost(22, 4, 97374).
cost(22, 5, 253075).
cost(22, 6, 154229).
cost(22, 7, 104531).
cost(22, 8, 297181).
cost(22, 9, 305570).
cost(22, 10, 272591).
cost(22, 11, 205349).
cost(22, 12, 238403).
cost(22, 13, 88824).
cost(22, 14, 210326).
cost(22, 15, 428721).
cost(22, 16, 338087).
cost(22, 17, 267233).
cost(22, 18, 215819).
cost(22, 19, 286247).
cost(22, 20, 280562).
cost(22, 21, 364827).
cost(22, 23, 234922).
cost(22, 24, 191901).
cost(22, 25, 491920).
cost(22, 26, 94532).
cost(22, 27, 411064).
cost(22, 28, 124016).
cost(22, 29, 439637).
cost(23, 1, 276333).
cost(23, 2, 165736).
cost(23, 3, 264168).
cost(23, 4, 137832).
cost(23, 5, 448051).
cost(23, 6, 130305).
cost(23, 7, 134865).
cost(23, 8, 126143).
cost(23, 9, 175577).
cost(23, 10, 115692).
cost(23, 11, 83522).
cost(23, 12, 87013).
cost(23, 13, 177118).
cost(23, 14, 240245).
cost(23, 15, 452250).
cost(23, 16, 410303).
cost(23, 17, 398805).
cost(23, 18, 224787).
cost(23, 19, 239405).
cost(23, 20, 307119).
cost(23, 21, 290108).
cost(23, 22, 234922).
cost(23, 24, 100925).
cost(23, 25, 525858).
cost(23, 26, 179262).
cost(23, 27, 191263).
cost(23, 28, 317031).
cost(23, 29, 468533).
cost(24, 1, 257329).
cost(24, 2, 261257).
cost(24, 3, 167624).
cost(24, 4, 107383).
cost(24, 5, 437034).
cost(24, 6, 165895).
cost(24, 7, 126107).
cost(24, 8, 105343).
cost(24, 9, 121372).
cost(24, 10, 208795).
cost(24, 11, 153533).
cost(24, 12, 48468).
cost(24, 13, 174692).
cost(24, 14, 284383).
cost(24, 15, 512989).
cost(24, 16, 452514).
cost(24, 17, 417012).
cost(24, 18, 274654).
cost(24, 19, 149873).
cost(24, 20, 359622).
cost(24, 21, 373415).
cost(24, 22, 191901).
cost(24, 23, 100925).
cost(24, 25, 585209).
cost(24, 26, 107131).
cost(24, 27, 287249).
cost(24, 28, 302571).
cost(24, 29, 528019).
cost(25, 1, 422176).
cost(25, 2, 400384).
cost(25, 3, 736911).
cost(25, 4, 498497).
cost(25, 5, 375145).
cost(25, 6, 419440).
cost(25, 7, 470709).
cost(25, 8, 651700).
cost(25, 9, 696203).
cost(25, 10, 426423).
cost(25, 11, 443650).
cost(25, 12, 603032).
cost(25, 13, 432841).
cost(25, 14, 302616).
cost(25, 15, 73673).
cost(25, 16, 157446).
cost(25, 17, 257871).
cost(25, 18, 310613).
cost(25, 19, 731273).
cost(25, 20, 225961).
cost(25, 21, 267632).
cost(25, 22, 491920).
cost(25, 23, 525858).
cost(25, 24, 585209).
cost(25, 26, 556057).
cost(25, 27, 529105).
cost(25, 28, 398386).
cost(25, 29, 57438).
cost(26, 1, 171694).
cost(26, 2, 305582).
cost(26, 3, 186684).
cost(26, 4, 66595).
cost(26, 5, 347526).
cost(26, 6, 158834).
cost(26, 7, 94702).
cost(26, 8, 210813).
cost(26, 9, 212721).
cost(26, 10, 254324).
cost(26, 11, 185300).
cost(26, 12, 155587).
cost(26, 13, 123334).
cost(26, 14, 257088).
cost(26, 15, 488008).
cost(26, 16, 408962).
cost(26, 17, 351586).
cost(26, 18, 255130).
cost(26, 19, 193711).
cost(26, 20, 333586).
cost(26, 21, 387127).
cost(26, 22, 94532).
cost(26, 23, 179262).
cost(26, 24, 107131).
cost(26, 25, 556057).
cost(26, 27, 369301).
cost(26, 28, 216675).
cost(26, 29, 500920).
cost(27, 1, 431048).
cost(27, 2, 141552).
cost(27, 3, 434211).
cost(27, 4, 319297).
cost(27, 5, 579206).
cost(27, 6, 267898).
cost(27, 7, 306561).
cost(27, 8, 253143).
cost(27, 9, 310643).
cost(27, 10, 153080).
cost(27, 11, 208506).
cost(27, 12, 255246).
cost(27, 13, 334173).
cost(27, 14, 324040).
cost(27, 15, 459912).
cost(27, 16, 463840).
cost(27, 17, 494958).
cost(27, 18, 303341).
cost(27, 19, 400475).
cost(27, 20, 357813).
cost(27, 21, 261501).
cost(27, 22, 411064).
cost(27, 23, 191263).
cost(27, 24, 287249).
cost(27, 25, 529105).
cost(27, 26, 369301).
cost(27, 28, 463041).
cost(27, 29, 477330).
cost(28, 1, 45560).
cost(28, 2, 340907).
cost(28, 3, 398195).
cost(28, 4, 196115).
cost(28, 5, 134576).
cost(28, 6, 197465).
cost(28, 7, 185600).
cost(28, 8, 404958).
cost(28, 9, 421782).
cost(28, 10, 310968).
cost(28, 11, 258404).
cost(28, 12, 344774).
cost(28, 13, 139934).
cost(28, 14, 174235).
cost(28, 15, 344454).
cost(28, 16, 240947).
cost(28, 17, 151859).
cost(28, 18, 190334).
cost(28, 19, 409867).
cost(28, 20, 218832).
cost(28, 21, 339201).
cost(28, 22, 124016).
cost(28, 23, 317031).
cost(28, 24, 302571).
cost(28, 25, 398386).
cost(28, 26, 216675).
cost(28, 27, 463041).
cost(28, 29, 351976).
cost(29, 1, 372524).
cost(29, 2, 345843).
cost(29, 3, 680675).
cost(29, 4, 442423).
cost(29, 5, 343943).
cost(29, 6, 362343).
cost(29, 7, 414433).
cost(29, 8, 594324).
cost(29, 9, 638770).
cost(29, 10, 370105).
cost(29, 11, 386240).
cost(29, 12, 545599).
cost(29, 13, 377591).
cost(29, 14, 246127).
cost(29, 15, 17439).
cost(29, 16, 113812).
cost(29, 17, 220115).
cost(29, 18, 253537).
cost(29, 19, 674441).
cost(29, 20, 169205).
cost(29, 21, 216268).
cost(29, 22, 439637).
cost(29, 23, 468533).
cost(29, 24, 528019).
cost(29, 25, 57438).
cost(29, 26, 500920).
cost(29, 27, 477330).
cost(29, 28, 351976).
