dimension(29).
point(1, 162436.0, -121159.0).
point(2, -151083.0, 47532.0).
point(3, 191994.0, -153160.0).
point(4, 98340.0, 194361.0).
point(5, -94035.0, 47562.0).
point(6, 102497.0, 845330.0).
point(7, 185847.0, 152031.0).
point(8, -193030.0, -120391.0).
point(9, 235033.0, -164555.0).
point(10, -84223.0, -216851.0).
point(11, 48375.0, -57818.0).
point(12, -94084.0, -76226.0).
point(13, -107582.0, 48070.0).
point(14, -257721.0, -112867.0).
point(15, -128781.0, -75775.0).
point(16, 53911.0, -102212.0).
point(17, 230008.0, 221591.0).
point(18, 33939.0, -139574.0).
point(19, 25214.0, 54868.0).
point(20, -158814.0, 400505.0).
point(21, -160015.0, -211636.0).
point(22, -353444.0, 235681.0).
point(23, -247231.0, 93343.0).
point(24, -45130.0, -142895.0).
point(25, -344873.0, 133186.0).
point(26, 173379.0, -144895.0).
point(27, 61180.0, -289421.0).
point(28, 61194.0, -119705.0).
point(29, -118962.0, 12315.0).
cost(1, 2, 356021).
cost(1, 3, 43563).
cost(1, 4, 321965).
cost(1, 5, 306992).
cost(1, 6, 968346).
cost(1, 7, 274191).
cost(1, 8, 355467).
cost(1, 9, 84579).
cost(1, 10, 264571).
cost(1, 11, 130468).
cost(1, 12, 260426).
cost(1, 13, 318666).
cost(1, 14, 420239).
cost(1, 15, 294732).
cost(1, 16, 110167).
cost(1, 17, 349347).
cost(1, 18, 129810).
cost(1, 19, 223194).
cost(1, 20, 612646).
cost(1, 21, 334904).
cost(1, 22, 627269).
cost(1, 23, 462426).
cost(1, 24, 208701).
cost(1, 25, 567498).
cost(1, 26, 26137).
cost(1, 27, 196379).
cost(1, 28, 101252).
cost(1, 29, 311448).
cost(2, 1, 356021).
cost(2, 3, 397466).
cost(2, 4, 289431).
cost(2, 5, 57048).
cost(2, 6, 837129).
cost(2, 7, 352763).
cost(2, 8, 173083).
cost(2, 9, 440530).
cost(2, 10, 272706).
cost(2, 11, 225571).
cost(2, 12, 136253).
cost(2, 13, 43504).
cost(2, 14, 192612).
cost(2, 15, 125308).
cost(2, 16, 253862).
cost(2, 17, 418959).
cost(2, 18, 263138).
cost(2, 19, 176450).
cost(2, 20, 353058).
cost(2, 21, 259322).
cost(2, 22, 276315).
cost(2, 23, 106504).
cost(2, 24, 217919).
cost(2, 25, 211875).
cost(2, 26, 377232).
cost(2, 27, 398237).
cost(2, 28, 270240).
cost(2, 29, 47665).
cost(3, 1, 43563).
cost(3, 2, 397466).
cost(3, 4, 359919).
cost(3, 5, 349431).
cost(3, 6, 1002493).
cost(3, 7, 305253).
cost(3, 8, 386416).
cost(3, 9, 44522).
cost(3, 10, 283465).
cost(3, 11, 172385).
cost(3, 12, 296242).
cost(3, 13, 360887).
cost(3, 14, 451516).
cost(3, 15, 329977).
cost(3, 16, 147182).
cost(3, 17, 376674).
cost(3, 18, 158638).
cost(3, 19, 266629).
cost(3, 20, 655447).
cost(3, 21, 356833).
cost(3, 22, 669851).
cost(3, 23, 503669).
cost(3, 24, 237346).
cost(3, 25, 608457).
cost(3, 26, 20367).
cost(3, 27, 188890).
cost(3, 28, 135011).
cost(3, 29, 352244).
cost(4, 1, 321965).
cost(4, 2, 289431).
cost(4, 3, 359919).
cost(4, 5, 241988).
cost(4, 6, 650982).
cost(4, 7, 97208).
cost(4, 8, 428912).
cost(4, 9, 384065).
cost(4, 10, 449916).
cost(4, 11, 257081).
cost(4, 12, 332031).
cost(4, 13, 252596).
cost(4, 14, 470286).
cost(4, 15, 352927).
cost(4, 16, 299882).
cost(4, 17, 134454).
cost(4, 18, 340088).
cost(4, 19, 157498).
cost(4, 20, 329581).
cost(4, 21, 481229).
cost(4, 22, 453670).
cost(4, 23, 360033).
cost(4, 24, 366504).
cost(4, 25, 447415).
cost(4, 26, 347456).
cost(4, 27, 485207).
cost(4, 28, 316255).
cost(4, 29, 283480).
cost(5, 1, 306992).
cost(5, 2, 57048).
cost(5, 3, 349431).
cost(5, 4, 241988).
cost(5, 6, 821620).
cost(5, 7, 298744).
cost(5, 8, 194957).
cost(5, 9, 391509).
cost(5, 10, 264595).
cost(5, 11, 177160).
cost(5, 12, 123788).
cost(5, 13, 13557).
cost(5, 14, 229195).
cost(5, 15, 128138).
cost(5, 16, 210524).
cost(5, 17, 367818).
cost(5, 18, 226710).
cost(5, 19, 119473).
cost(5, 20, 358839).
cost(5, 21, 267464).
cost(5, 22, 320440).
cost(5, 23, 159890).
cost(5, 24, 196636).
cost(5, 25, 265049).
cost(5, 26, 329469).
cost(5, 27, 371011).
cost(5, 28, 228198).
cost(5, 29, 43171).
cost(6, 1, 968346).
cost(6, 2, 837129).
cost(6, 3, 1002493).
cost(6, 4, 650982).
cost(6, 5, 821620).
cost(6, 7, 698291).
cost(6, 8, 1009927).
cost(6, 9, 1018545).
cost(6, 10, 1078468).
cost(6, 11, 904768).
cost(6, 12, 942290).
cost(6, 13, 824474).
cost(6, 14, 1023669).
cost(6, 15, 949697).
cost(6, 16, 948787).
cost(6, 17, 636639).
cost(6, 18, 987287).
cost(6, 19, 794231).
cost(6, 20, 515900).
cost(6, 21, 1089077).
cost(6, 22, 761285).
cost(6, 23, 829334).
cost(6, 24, 999191).
cost(6, 25, 841005).
cost(6, 26, 992759).
cost(6, 27, 1135503).
cost(6, 28, 965918).
cost(6, 29, 861950).
cost(7, 1, 274191).
cost(7, 2, 352763).
cost(7, 3, 305253).
cost(7, 4, 97208).
cost(7, 5, 298744).
cost(7, 6, 698291).
cost(7, 8, 466649).
cost(7, 9, 320384).
cost(7, 10, 457178).
cost(7, 11, 250869).
cost(7, 12, 361196).
cost(7, 13, 311301).
cost(7, 14, 516646).
cost(7, 15, 388441).
cost(7, 16, 286438).
cost(7, 17, 82394).
cost(7, 18, 328800).
cost(7, 19, 187733).
cost(7, 20, 424889).
cost(7, 21, 501871).
cost(7, 22, 545740).
cost(7, 23, 437036).
cost(7, 24, 374609).
cost(7, 25, 531054).
cost(7, 26, 297188).
cost(7, 27, 458717).
cost(7, 28, 298963).
cost(7, 29, 335304).
cost(8, 1, 355467).
cost(8, 2, 173083).
cost(8, 3, 386416).
cost(8, 4, 428912).
cost(8, 5, 194957).
cost(8, 6, 1009927).
cost(8, 7, 466649).
cost(8, 9, 430335).
cost(8, 10, 145408).
cost(8, 11, 249383).
cost(8, 12, 108355).
cost(8, 13, 188893).
cost(8, 14, 65127).
cost(8, 15, 78221).
cost(8, 16, 247609).
cost(8, 17, 543979).
cost(8, 18, 227778).
cost(8, 19, 279904).
cost(8, 20, 522019).
cost(8, 21, 97034).
cost(8, 22, 390538).
cost(8, 23, 220499).
cost(8, 24, 149602).
cost(8, 25, 295563).
cost(8, 26, 367227).
cost(8, 27, 305277).
cost(8, 28, 254225).
cost(8, 29, 151977).
cost(9, 1, 84579).
cost(9, 2, 440530).
cost(9, 3, 44522).
cost(9, 4, 384065).
cost(9, 5, 391509).
cost(9, 6, 1018545).
cost(9, 7, 320384).
cost(9, 8, 430335).
cost(9, 10, 323511).
cost(9, 11, 215021).
cost(9, 12, 340764).
cost(9, 13, 403230).
cost(9, 14, 495458).
cost(9, 15, 374490).
cost(9, 16, 191551).
cost(9, 17, 386179).
cost(9, 18, 202640).
cost(9, 19, 303596).
cost(9, 20, 688773).
cost(9, 21, 397844).
cost(9, 22, 711684).
cost(9, 23, 546891).
cost(9, 24, 280999).
cost(9, 25, 651875).
cost(9, 26, 64713).
cost(9, 27, 214048).
cost(9, 28, 179531).
cost(9, 29, 395721).
cost(10, 1, 264571).
cost(10, 2, 272706).
cost(10, 3, 283465).
cost(10, 4, 449916).
cost(10, 5, 264595).
cost(10, 6, 1078468).
cost(10, 7, 457178).
cost(10, 8, 145408).
cost(10, 9, 323511).
cost(10, 11, 207060).
cost(10, 12, 140970).
cost(10, 13, 265949).
cost(10, 14, 202273).
cost(10, 15, 147945).
cost(10, 16, 179508).
cost(10, 17, 539419).
cost(10, 18, 141188).
cost(10, 19, 292929).
cost(10, 20, 621846).
cost(10, 21, 75971).
cost(10, 22, 526560).
cost(10, 23, 350417).
cost(10, 24, 83653).
cost(10, 25, 436422).
cost(10, 26, 267463).
cost(10, 27, 162507).
cost(10, 28, 174881).
cost(10, 29, 231784).
cost(11, 1, 130468).
cost(11, 2, 225571).
cost(11, 3, 172385).
cost(11, 4, 257081).
cost(11, 5, 177160).
cost(11, 6, 904768).
cost(11, 7, 250869).
cost(11, 8, 249383).
cost(11, 9, 215021).
cost(11, 10, 207060).
cost(11, 12, 143643).
cost(11, 13, 188507).
cost(11, 14, 311007).
cost(11, 15, 178064).
cost(11, 16, 44738).
cost(11, 17, 333257).
cost(11, 18, 83021).
cost(11, 19, 115042).
cost(11, 20, 502978).
cost(11, 21, 259010).
cost(11, 22, 497594).
cost(11, 23, 332013).
cost(11, 24, 126417).
cost(11, 25, 437180).
cost(11, 26, 152343).
cost(11, 27, 231957).
cost(11, 28, 63201).
cost(11, 29, 181440).
cost(12, 1, 260426).
cost(12, 2, 136253).
cost(12, 3, 296242).
cost(12, 4, 332031).
cost(12, 5, 123788).
cost(12, 6, 942290).
cost(12, 7, 361196).
cost(12, 8, 108355).
cost(12, 9, 340764).
cost(12, 10, 140970).
cost(12, 11, 143643).
cost(12, 13, 125027).
cost(12, 14, 167689).
cost(12, 15, 34700).
cost(12, 16, 150259).
cost(12, 17, 440148).
cost(12, 18, 142839).
cost(12, 19, 177250).
cost(12, 20, 481105).
cost(12, 21, 150608).
cost(12, 22, 405652).
cost(12, 23, 228490).
cost(12, 24, 82712).
cost(12, 25, 326724).
cost(12, 26, 276137).
cost(12, 27, 263740).
cost(12, 28, 161250).
cost(12, 29, 91970).
cost(13, 1, 318666).
cost(13, 2, 43504).
cost(13, 3, 360887).
cost(13, 4, 252596).
cost(13, 5, 13557).
cost(13, 6, 824474).
cost(13, 7, 311301).
cost(13, 8, 188893).
cost(13, 9, 403230).
cost(13, 10, 265949).
cost(13, 11, 188507).
cost(13, 12, 125027).
cost(13, 14, 220096).
cost(13, 15, 125646).
cost(13, 16, 220601).
cost(13, 17, 379574).
cost(13, 18, 235029).
cost(13, 19, 132970).
cost(13, 20, 356139).
cost(13, 21, 264946).
cost(13, 22, 309267).
cost(13, 23, 146804).
cost(13, 24, 200918).
cost(13, 25, 252095).
cost(13, 26, 340844).
cost(13, 27, 377334).
cost(13, 28, 237979).
cost(13, 29, 37522).
cost(14, 1, 420239).
cost(14, 2, 192612).
cost(14, 3, 451516).
cost(14, 4, 470286).
cost(14, 5, 229195).
cost(14, 6, 1023669).
cost(14, 7, 516646).
cost(14, 8, 65127).
cost(14, 9, 495458).
cost(14, 10, 202273).
cost(14, 11, 311007).
cost(14, 12, 167689).
cost(14, 13, 220096).
cost(14, 15, 134169).
cost(14, 16, 311814).
cost(14, 17, 591390).
cost(14, 18, 292880).
cost(14, 19, 328918).
cost(14, 20, 522813).
cost(14, 21, 138931).
cost(14, 22, 361453).
cost(14, 23, 206477).
cost(14, 24, 214701).
cost(14, 25, 261032).
cost(14, 26, 432288).
cost(14, 27, 364512).
cost(14, 28, 318988).
cost(14, 29, 186881).
cost(15, 1, 294732).
cost(15, 2, 125308).
cost(15, 3, 329977).
cost(15, 4, 352927).
cost(15, 5, 128138).
cost(15, 6, 949697).
cost(15, 7, 388441).
cost(15, 8, 78221).
cost(15, 9, 374490).
cost(15, 10, 147945).
cost(15, 11, 178064).
cost(15, 12, 34700).
cost(15, 13, 125646).
cost(15, 14, 134169).
cost(15, 16, 184595).
cost(15, 17, 466000).
cost(15, 18, 174780).
cost(15, 19, 201946).
cost(15, 20, 477226).
cost(15, 21, 139405).
cost(15, 22, 384029).
cost(15, 23, 206473).
cost(15, 24, 107250).
cost(15, 25, 300600).
cost(15, 26, 309965).
cost(15, 27, 285884).
cost(15, 28, 194988).
cost(15, 29, 88636).
cost(16, 1, 110167).
cost(16, 2, 253862).
cost(16, 3, 147182).
cost(16, 4, 299882).
cost(16, 5, 210524).
cost(16, 6, 948787).
cost(16, 7, 286438).
cost(16, 8, 247609).
cost(16, 9, 191551).
cost(16, 10, 179508).
cost(16, 11, 44738).
cost(16, 12, 150259).
cost(16, 13, 220601).
cost(16, 14, 311814).
cost(16, 15, 184595).
cost(16, 17, 368590).
cost(16, 18, 42365).
cost(16, 19, 159680).
cost(16, 20, 545872).
cost(16, 21, 240287).
cost(16, 22, 529254).
cost(16, 23, 359066).
cost(16, 24, 107071).
cost(16, 25, 463078).
cost(16, 26, 126864).
cost(16, 27, 187350).
cost(16, 28, 18949).
cost(16, 29, 207368).
cost(17, 1, 349347).
cost(17, 2, 418959).
cost(17, 3, 376674).
cost(17, 4, 134454).
cost(17, 5, 367818).
cost(17, 6, 636639).
cost(17, 7, 82394).
cost(17, 8, 543979).
cost(17, 9, 386179).
cost(17, 10, 539419).
cost(17, 11, 333257).
cost(17, 12, 440148).
cost(17, 13, 379574).
cost(17, 14, 591390).
cost(17, 15, 466000).
cost(17, 16, 368590).
cost(17, 18, 410954).
cost(17, 19, 264078).
cost(17, 20, 428010).
cost(17, 21, 582927).
cost(17, 22, 583622).
cost(17, 23, 494171).
cost(17, 24, 456674).
cost(17, 25, 581639).
cost(17, 26, 370835).
cost(17, 27, 538179).
cost(17, 28, 380764).
cost(17, 29, 406911).
cost(18, 1, 129810).
cost(18, 2, 263138).
cost(18, 3, 158638).
cost(18, 4, 340088).
cost(18, 5, 226710).
cost(18, 6, 987287).
cost(18, 7, 328800).
cost(18, 8, 227778).
cost(18, 9, 202640).
cost(18, 10, 141188).
cost(18, 11, 83021).
cost(18, 12, 142839).
cost(18, 13, 235029).
cost(18, 14, 292880).
cost(18, 15, 174780).
cost(18, 16, 42365).
cost(18, 17, 410954).
cost(18, 19, 194638).
cost(18, 20, 573445).
cost(18, 21, 206908).
cost(18, 22, 539335).
cost(18, 23, 365112).
cost(18, 24, 79139).
cost(18, 25, 466794).
cost(18, 26, 139541).
cost(18, 27, 152303).
cost(18, 28, 33729).
cost(18, 29, 215520).
cost(19, 1, 223194).
cost(19, 2, 176450).
cost(19, 3, 266629).
cost(19, 4, 157498).
cost(19, 5, 119473).
cost(19, 6, 794231).
cost(19, 7, 187733).
cost(19, 8, 279904).
cost(19, 9, 303596).
cost(19, 10, 292929).
cost(19, 11, 115042).
cost(19, 12, 177250).
cost(19, 13, 132970).
cost(19, 14, 328918).
cost(19, 15, 201946).
cost(19, 16, 159680).
cost(19, 17, 264078).
cost(19, 18, 194638).
cost(19, 20, 391575).
cost(19, 21, 324552).
cost(19, 22, 419613).
cost(19, 23, 275148).
cost(19, 24, 209901).
cost(19, 25, 378283).
cost(19, 26, 248713).
cost(19, 27, 346162).
cost(19, 28, 178242).
cost(19, 29, 150325).
cost(20, 1, 612646).
cost(20, 2, 353058).
cost(20, 3, 655447).
cost(20, 4, 329581).
cost(20, 5, 358839).
cost(20, 6, 515900).
cost(20, 7, 424889).
cost(20, 8, 522019).
cost(20, 9, 688773).
cost(20, 10, 621846).
cost(20, 11, 502978).
cost(20, 12, 481105).
cost(20, 13, 356139).
cost(20, 14, 522813).
cost(20, 15, 477226).
cost(20, 16, 545872).
cost(20, 17, 428010).
cost(20, 18, 573445).
cost(20, 19, 391575).
cost(20, 21, 612142).
cost(20, 22, 255045).
cost(20, 23, 319634).
cost(20, 24, 555164).
cost(20, 25, 325695).
cost(20, 26, 638603).
cost(20, 27, 724151).
cost(20, 28, 564820).
cost(20, 29, 390230).
cost(21, 1, 334904).
cost(21, 2, 259322).
cost(21, 3, 356833).
cost(21, 4, 481229).
cost(21, 5, 267464).
cost(21, 6, 1089077).
cost(21, 7, 501871).
cost(21, 8, 97034).
cost(21, 9, 397844).
cost(21, 10, 75971).
cost(21, 11, 259010).
cost(21, 12, 150608).
cost(21, 13, 264946).
cost(21, 14, 138931).
cost(21, 15, 139405).
cost(21, 16, 240287).
cost(21, 17, 582927).
cost(21, 18, 206908).
cost(21, 19, 324552).
cost(21, 20, 612142).
cost(21, 22, 487347).
cost(21, 23, 317205).
cost(21, 24, 133880).
cost(21, 25, 391248).
cost(21, 26, 340009).
cost(21, 27, 234473).
cost(21, 28, 239551).
cost(21, 29, 227683).
cost(22, 1, 627269).
cost(22, 2, 276315).
cost(22, 3, 669851).
cost(22, 4, 453670).
cost(22, 5, 320440).
cost(22, 6, 761285).
cost(22, 7, 545740).
cost(22, 8, 390538).
cost(22, 9, 711684).
cost(22, 10, 526560).
cost(22, 11, 497594).
cost(22, 12, 405652).
cost(22, 13, 309267).
cost(22, 14, 361453).
cost(22, 15, 384029).
cost(22, 16, 529254).
cost(22, 17, 583622).
cost(22, 18, 539335).
cost(22, 19, 419613).
cost(22, 20, 255045).
cost(22, 21, 487347).
cost(22, 23, 177599).
cost(22, 24, 488239).
cost(22, 25, 102853).
cost(22, 26, 649908).
cost(22, 27, 669063).
cost(22, 28, 546099).
cost(22, 29, 323843).
cost(23, 1, 462426).
cost(23, 2, 106504).
cost(23, 3, 503669).
cost(23, 4, 360033).
cost(23, 5, 159890).
cost(23, 6, 829334).
cost(23, 7, 437036).
cost(23, 8, 220499).
cost(23, 9, 546891).
cost(23, 10, 350417).
cost(23, 11, 332013).
cost(23, 12, 228490).
cost(23, 13, 146804).
cost(23, 14, 206477).
cost(23, 15, 206473).
cost(23, 16, 359066).
cost(23, 17, 494171).
cost(23, 18, 365112).
cost(23, 19, 275148).
cost(23, 20, 319634).
cost(23, 21, 317205).
cost(23, 22, 177599).
cost(23, 24, 310891).
cost(23, 25, 105458).
cost(23, 26, 483394).
cost(23, 27, 491554).
cost(23, 28, 374854).
cost(23, 29, 151718).
cost(24, 1, 208701).
cost(24, 2, 217919).
cost(24, 3, 237346).
cost(24, 4, 366504).
cost(24, 5, 196636).
cost(24, 6, 999191).
cost(24, 7, 374609).
cost(24, 8, 149602).
cost(24, 9, 280999).
cost(24, 10, 83653).
cost(24, 11, 126417).
cost(24, 12, 82712).
cost(24, 13, 200918).
cost(24, 14, 214701).
cost(24, 15, 107250).
cost(24, 16, 107071).
cost(24, 17, 456674).
cost(24, 18, 79139).
cost(24, 19, 209901).
cost(24, 20, 555164).
cost(24, 21, 133880).
cost(24, 22, 488239).
cost(24, 23, 310891).
cost(24, 25, 407513).
cost(24, 26, 218518).
cost(24, 27, 181030).
cost(24, 28, 108824).
cost(24, 29, 171876).
cost(25, 1, 567498).
cost(25, 2, 211875).
cost(25, 3, 608457).
cost(25, 4, 447415).
cost(25, 5, 265049).
cost(25, 6, 841005).
cost(25, 7, 531054).
cost(25, 8, 295563).
cost(25, 9, 651875).
cost(25, 10, 436422).
cost(25, 11, 437180).
cost(25, 12, 326724).
cost(25, 13, 252095).
cost(25, 14, 261032).
cost(25, 15, 300600).
cost(25, 16, 463078).
cost(25, 17, 581639).
cost(25, 18, 466794).
cost(25, 19, 378283).
cost(25, 20, 325695).
cost(25, 21, 391248).
cost(25, 22, 102853).
cost(25, 23, 105458).
cost(25, 24, 407513).
cost(25, 26, 588145).
cost(25, 27, 586068).
cost(25, 28, 478377).
cost(25, 29, 256214).
cost(26, 1, 26137).
cost(26, 2, 377232).
cost(26, 3, 20367).
cost(26, 4, 347456).
cost(26, 5, 329469).
cost(26, 6, 992759).
cost(26, 7, 297188).
cost(26, 8, 367227).
cost(26, 9, 64713).
cost(26, 10, 267463).
cost(26, 11, 152343).
cost(26, 12, 276137).
cost(26, 13, 340844).
cost(26, 14, 432288).
cost(26, 15, 309965).
cost(26, 16, 126864).
cost(26, 17, 370835).
cost(26, 18, 139541).
cost(26, 19, 248713).
cost(26, 20, 638603).
cost(26, 21, 340009).
cost(26, 22, 649908).
cost(26, 23, 483394).
cost(26, 24, 218518).
cost(26, 25, 588145).
cost(26, 27, 182966).
cost(26, 28, 114978).
cost(26, 29, 331931).
cost(27, 1, 196379).
cost(27, 2, 398237).
cost(27, 3, 188890).
cost(27, 4, 485207).
cost(27, 5, 371011).
cost(27, 6, 1135503).
cost(27, 7, 458717).
cost(27, 8, 305277).
cost(27, 9, 214048).
cost(27, 10, 162507).
cost(27, 11, 231957).
cost(27, 12, 263740).
cost(27, 13, 377334).
cost(27, 14, 364512).
cost(27, 15, 285884).
cost(27, 16, 187350).
cost(27, 17, 538179).
cost(27, 18, 152303).
cost(27, 19, 346162).
cost(27, 20, 724151).
cost(27, 21, 234473).
cost(27, 22, 669063).
cost(27, 23, 491554).
cost(27, 24, 181030).
cost(27, 25, 586068).
cost(27, 26, 182966).
cost(27, 28, 169716).
cost(27, 29, 351420).
cost(28, 1, 101252).
cost(28, 2, 270240).
cost(28, 3, 135011).
cost(28, 4, 316255).
cost(28, 5, 228198).
cost(28, 6, 965918).
cost(28, 7, 298963).
cost(28, 8, 254225).
cost(28, 9, 179531).
cost(28, 10, 174881).
cost(28, 11, 63201).
cost(28, 12, 161250).
cost(28, 13, 237979).
cost(28, 14, 318988).
cost(28, 15, 194988).
cost(28, 16, 18949).
cost(28, 17, 380764).
cost(28, 18, 33729).
cost(28, 19, 178242).
cost(28, 20, 564820).
cost(28, 21, 239551).
cost(28, 22, 546099).
cost(28, 23, 374854).
cost(28, 24, 108824).
cost(28, 25, 478377).
cost(28, 26, 114978).
cost(28, 27, 169716).
cost(28, 29, 223351).
cost(29, 1, 311448).
cost(29, 2, 47665).
cost(29, 3, 352244).
cost(29, 4, 283480).
cost(29, 5, 43171).
cost(29, 6, 861950).
cost(29, 7, 335304).
cost(29, 8, 151977).
cost(29, 9, 395721).
cost(29, 10, 231784).
cost(29, 11, 181440).
cost(29, 12, 91970).
cost(29, 13, 37522).
cost(29, 14, 186881).
cost(29, 15, 88636).
cost(29, 16, 207368).
cost(29, 17, 406911).
cost(29, 18, 215520).
cost(29, 19, 150325).
cost(29, 20, 390230).
cost(29, 21, 227683).
cost(29, 22, 323843).
cost(29, 23, 151718).
cost(29, 24, 171876).
cost(29, 25, 256214).
cost(29, 26, 331931).
cost(29, 27, 351420).
cost(29, 28, 223351).
