dimension(29).
point(1, 135353.0, 15451.0).
point(2, 57420.0, -14709.0).
point(3, 27363.0, 41390.0).
point(4, -200242.0, 260112.0).
point(5, -212661.0, 27991.0).
point(6, 17094.0, -33329.0).
point(7, 126382.0, 161401.0).
point(8, 171546.0, 183296.0).
point(9, 30344.0, -198204.0).
point(10, 190056.0, 8421.0).
point(11, 20216.0, -135318.0).
point(12, 107629.0, 167063.0).
point(13, -88993.0, 308850.0).
point(14, -43429.0, 149913.0).
point(15, -62975.0, 68622.0).
point(16, 353554.0, 234219.0).
point(17, -187662.0, 169226.0).
point(18, -78436.0, 309885.0).
point(19, 262786.0, 36662.0).
point(20, 64907.0, 57457.0).
point(21, -71646.0, 152035.0).
point(22, 39356.0, -19519.0).
point(23, 86602.0, 224877.0).
point(24, -151262.0, -65329.0).
point(25, -116983.0, -90867.0).
point(26, 166942.0, 314866.0).
point(27, -144849.0, 40563.0).
point(28, 106198.0, 326079.0).
point(29, -172687.0, -23467.0).
cost(1, 2, 83565).
cost(1, 3, 111062).
cost(1, 4, 415311).
cost(1, 5, 348240).
cost(1, 6, 127925).
cost(1, 7, 146225).
cost(1, 8, 171703).
cost(1, 9, 238066).
cost(1, 10, 55153).
cost(1, 11, 189705).
cost(1, 12, 154126).
cost(1, 13, 369343).
cost(1, 14, 223703).
cost(1, 15, 205332).
cost(1, 16, 308984).
cost(1, 17, 357751).
cost(1, 18, 363864).
cost(1, 19, 129186).
cost(1, 20, 82019).
cost(1, 21, 248000).
cost(1, 22, 102168).
cost(1, 23, 215025).
cost(1, 24, 297781).
cost(1, 25, 273819).
cost(1, 26, 301077).
cost(1, 27, 281325).
cost(1, 28, 311993).
cost(1, 29, 310489).
cost(2, 1, 83565).
cost(2, 3, 63644).
cost(2, 4, 376718).
cost(2, 5, 273436).
cost(2, 6, 44417).
cost(2, 7, 189131).
cost(2, 8, 228540).
cost(2, 9, 185482).
cost(2, 10, 134638).
cost(2, 11, 126217).
cost(2, 12, 188579).
cost(2, 13, 355144).
cost(2, 14, 193057).
cost(2, 15, 146421).
cost(2, 16, 386860).
cost(2, 17, 306427).
cost(2, 18, 351878).
cost(2, 19, 211694).
cost(2, 20, 72553).
cost(2, 21, 210859).
cost(2, 22, 18693).
cost(2, 23, 241357).
cost(2, 24, 214734).
cost(2, 25, 190306).
cost(2, 26, 347296).
cost(2, 27, 209685).
cost(2, 28, 344261).
cost(2, 29, 230274).
cost(3, 1, 111062).
cost(3, 2, 63644).
cost(3, 4, 315663).
cost(3, 5, 240398).
cost(3, 6, 75421).
cost(3, 7, 155587).
cost(3, 8, 202302).
cost(3, 9, 239613).
cost(3, 10, 166000).
cost(3, 11, 176852).
cost(3, 12, 149119).
cost(3, 13, 291674).
cost(3, 14, 129571).
cost(3, 15, 94353).
cost(3, 16, 378924).
cost(3, 17, 250156).
cost(3, 18, 288588).
cost(3, 19, 235470).
cost(3, 20, 40837).
cost(3, 21, 148476).
cost(3, 22, 62078).
cost(3, 23, 192813).
cost(3, 24, 208077).
cost(3, 25, 195775).
cost(3, 26, 307037).
cost(3, 27, 172214).
cost(3, 28, 295403).
cost(3, 29, 210301).
cost(4, 1, 415311).
cost(4, 2, 376718).
cost(4, 3, 315663).
cost(4, 5, 232453).
cost(4, 6, 365161).
cost(4, 7, 341214).
cost(4, 8, 379641).
cost(4, 9, 513053).
cost(4, 10, 464415).
cost(4, 11, 452732).
cost(4, 12, 321625).
cost(4, 13, 121457).
cost(4, 14, 191662).
cost(4, 15, 235607).
cost(4, 16, 554401).
cost(4, 17, 91753).
cost(4, 18, 131583).
cost(4, 19, 514125).
cost(4, 20, 333726).
cost(4, 21, 167981).
cost(4, 22, 368240).
cost(4, 23, 289000).
cost(4, 24, 329106).
cost(4, 25, 360719).
cost(4, 26, 371244).
cost(4, 27, 226429).
cost(4, 28, 313460).
cost(4, 29, 284915).
cost(5, 1, 348240).
cost(5, 2, 273436).
cost(5, 3, 240398).
cost(5, 4, 232453).
cost(5, 6, 237797).
cost(5, 7, 364347).
cost(5, 8, 414409).
cost(5, 9, 331987).
cost(5, 10, 403192).
cost(5, 11, 284432).
cost(5, 12, 349180).
cost(5, 13, 306880).
cost(5, 14, 208577).
cost(5, 15, 155102).
cost(5, 16, 602602).
cost(5, 17, 143430).
cost(5, 18, 312219).
cost(5, 19, 475526).
cost(5, 20, 279128).
cost(5, 21, 187809).
cost(5, 22, 256456).
cost(5, 23, 358221).
cost(5, 24, 111707).
cost(5, 25, 152583).
cost(5, 26, 475811).
cost(5, 27, 68968).
cost(5, 28, 436495).
cost(5, 29, 65160).
cost(6, 1, 127925).
cost(6, 2, 44417).
cost(6, 3, 75421).
cost(6, 4, 365161).
cost(6, 5, 237797).
cost(6, 7, 223302).
cost(6, 8, 266049).
cost(6, 9, 165407).
cost(6, 10, 177930).
cost(6, 11, 102037).
cost(6, 12, 219894).
cost(6, 13, 358247).
cost(6, 14, 192978).
cost(6, 15, 129634).
cost(6, 16, 429869).
cost(6, 17, 288017).
cost(6, 18, 356261).
cost(6, 19, 255467).
cost(6, 20, 102607).
cost(6, 21, 205511).
cost(6, 22, 26198).
cost(6, 23, 267398).
cost(6, 24, 171370).
cost(6, 25, 145902).
cost(6, 26, 379070).
cost(6, 27, 178004).
cost(6, 28, 370289).
cost(6, 29, 190037).
cost(7, 1, 146225).
cost(7, 2, 189131).
cost(7, 3, 155587).
cost(7, 4, 341214).
cost(7, 5, 364347).
cost(7, 6, 223302).
cost(7, 8, 50191).
cost(7, 9, 372208).
cost(7, 10, 165702).
cost(7, 11, 315140).
cost(7, 12, 19589).
cost(7, 13, 261013).
cost(7, 14, 170199).
cost(7, 15, 210865).
cost(7, 16, 238557).
cost(7, 17, 314141).
cost(7, 18, 252978).
cost(7, 19, 184840).
cost(7, 20, 120762).
cost(7, 21, 198249).
cost(7, 22, 200762).
cost(7, 23, 74911).
cost(7, 24, 358459).
cost(7, 25, 350522).
cost(7, 26, 158734).
cost(7, 27, 296931).
cost(7, 28, 165910).
cost(7, 29, 351594).
cost(8, 1, 171703).
cost(8, 2, 228540).
cost(8, 3, 202302).
cost(8, 4, 379641).
cost(8, 5, 414409).
cost(8, 6, 266049).
cost(8, 7, 50191).
cost(8, 9, 406793).
cost(8, 10, 175852).
cost(8, 11, 352726).
cost(8, 12, 65946).
cost(8, 13, 289213).
cost(8, 14, 217552).
cost(8, 15, 261056).
cost(8, 16, 188998).
cost(8, 17, 359483).
cost(8, 18, 280207).
cost(8, 19, 172703).
cost(8, 20, 164946).
cost(8, 21, 245193).
cost(8, 22, 242091).
cost(8, 23, 94575).
cost(8, 24, 407455).
cost(8, 25, 398013).
cost(8, 26, 131651).
cost(8, 27, 347100).
cost(8, 28, 157027).
cost(8, 29, 401556).
cost(9, 1, 238066).
cost(9, 2, 185482).
cost(9, 3, 239613).
cost(9, 4, 513053).
cost(9, 5, 331987).
cost(9, 6, 165407).
cost(9, 7, 372208).
cost(9, 8, 406793).
cost(9, 10, 261155).
cost(9, 11, 63696).
cost(9, 12, 373354).
cost(9, 13, 520908).
cost(9, 14, 355848).
cost(9, 15, 282674).
cost(9, 16, 539865).
cost(9, 17, 427237).
cost(9, 18, 519603).
cost(9, 19, 330441).
cost(9, 20, 257987).
cost(9, 21, 364787).
cost(9, 22, 178912).
cost(9, 23, 426805).
cost(9, 24, 225026).
cost(9, 25, 182281).
cost(9, 26, 530942).
cost(9, 27, 296146).
cost(9, 28, 529742).
cost(9, 29, 267871).
cost(10, 1, 55153).
cost(10, 2, 134638).
cost(10, 3, 166000).
cost(10, 4, 464415).
cost(10, 5, 403192).
cost(10, 6, 177930).
cost(10, 7, 165702).
cost(10, 8, 175852).
cost(10, 9, 261155).
cost(10, 11, 222501).
cost(10, 12, 178778).
cost(10, 13, 410032).
cost(10, 14, 273011).
cost(10, 15, 260094).
cost(10, 16, 278776).
cost(10, 17, 410523).
cost(10, 18, 403694).
cost(10, 19, 78021).
cost(10, 20, 134413).
cost(10, 21, 298518).
cost(10, 22, 153268).
cost(10, 23, 239908).
cost(10, 24, 349195).
cost(10, 25, 322693).
cost(10, 26, 307315).
cost(10, 27, 336444).
cost(10, 28, 328540).
cost(10, 29, 364142).
cost(11, 1, 189705).
cost(11, 2, 126217).
cost(11, 3, 176852).
cost(11, 4, 452732).
cost(11, 5, 284432).
cost(11, 6, 102037).
cost(11, 7, 315140).
cost(11, 8, 352726).
cost(11, 9, 63696).
cost(11, 10, 222501).
cost(11, 12, 314762).
cost(11, 13, 457397).
cost(11, 14, 292245).
cost(11, 15, 220255).
cost(11, 16, 497666).
cost(11, 17, 368728).
cost(11, 18, 456002).
cost(11, 19, 297351).
cost(11, 20, 197888).
cost(11, 21, 301679).
cost(11, 22, 117370).
cost(11, 23, 366262).
cost(11, 24, 185211).
cost(11, 25, 144220).
cost(11, 26, 473491).
cost(11, 27, 241207).
cost(11, 28, 469340).
cost(11, 29, 222985).
cost(12, 1, 154126).
cost(12, 2, 188579).
cost(12, 3, 149119).
cost(12, 4, 321625).
cost(12, 5, 349180).
cost(12, 6, 219894).
cost(12, 7, 19589).
cost(12, 8, 65946).
cost(12, 9, 373354).
cost(12, 10, 178778).
cost(12, 11, 314762).
cost(12, 13, 242412).
cost(12, 14, 152028).
cost(12, 15, 196968).
cost(12, 16, 254929).
cost(12, 17, 295299).
cost(12, 18, 234560).
cost(12, 19, 202677).
cost(12, 20, 117638).
cost(12, 21, 179904).
cost(12, 22, 198681).
cost(12, 23, 61519).
cost(12, 24, 347895).
cost(12, 25, 342021).
cost(12, 26, 159260).
cost(12, 27, 282396).
cost(12, 28, 159022).
cost(12, 29, 338938).
cost(13, 1, 369343).
cost(13, 2, 355144).
cost(13, 3, 291674).
cost(13, 4, 121457).
cost(13, 5, 306880).
cost(13, 6, 358247).
cost(13, 7, 261013).
cost(13, 8, 289213).
cost(13, 9, 520908).
cost(13, 10, 410032).
cost(13, 11, 457397).
cost(13, 12, 242412).
cost(13, 14, 165339).
cost(13, 15, 241633).
cost(13, 16, 448796).
cost(13, 17, 170969).
cost(13, 18, 10608).
cost(13, 19, 444786).
cost(13, 20, 294760).
cost(13, 21, 157772).
cost(13, 22, 352562).
cost(13, 23, 194641).
cost(13, 24, 379325).
cost(13, 25, 400696).
cost(13, 26, 256006).
cost(13, 27, 274040).
cost(13, 28, 195950).
cost(13, 29, 342694).
cost(14, 1, 223703).
cost(14, 2, 193057).
cost(14, 3, 129571).
cost(14, 4, 191662).
cost(14, 5, 208577).
cost(14, 6, 192978).
cost(14, 7, 170199).
cost(14, 8, 217552).
cost(14, 9, 355848).
cost(14, 10, 273011).
cost(14, 11, 292245).
cost(14, 12, 152028).
cost(14, 13, 165339).
cost(14, 15, 83608).
cost(14, 16, 405836).
cost(14, 17, 145520).
cost(14, 18, 163758).
cost(14, 19, 326486).
cost(14, 20, 142425).
cost(14, 21, 28297).
cost(14, 22, 188575).
cost(14, 23, 150092).
cost(14, 24, 240743).
cost(14, 25, 251764).
cost(14, 26, 267330).
cost(14, 27, 149142).
cost(14, 28, 231134).
cost(14, 29, 216260).
cost(15, 1, 205332).
cost(15, 2, 146421).
cost(15, 3, 94353).
cost(15, 4, 235607).
cost(15, 5, 155102).
cost(15, 6, 129634).
cost(15, 7, 210865).
cost(15, 8, 261056).
cost(15, 9, 282674).
cost(15, 10, 260094).
cost(15, 11, 220255).
cost(15, 12, 196968).
cost(15, 13, 241633).
cost(15, 14, 83608).
cost(15, 16, 448240).
cost(15, 17, 160212).
cost(15, 18, 241758).
cost(15, 19, 327325).
cost(15, 20, 128368).
cost(15, 21, 83862).
cost(15, 22, 135057).
cost(15, 23, 216307).
cost(15, 24, 160429).
cost(15, 25, 168385).
cost(15, 26, 336895).
cost(15, 27, 86549).
cost(15, 28, 308064).
cost(15, 29, 143238).
cost(16, 1, 308984).
cost(16, 2, 386860).
cost(16, 3, 378924).
cost(16, 4, 554401).
cost(16, 5, 602602).
cost(16, 6, 429869).
cost(16, 7, 238557).
cost(16, 8, 188998).
cost(16, 9, 539865).
cost(16, 10, 278776).
cost(16, 11, 497666).
cost(16, 12, 254929).
cost(16, 13, 448796).
cost(16, 14, 405836).
cost(16, 15, 448240).
cost(16, 17, 545104).
cost(16, 18, 438567).
cost(16, 19, 217411).
cost(16, 20, 338470).
cost(16, 21, 433070).
cost(16, 22, 403861).
cost(16, 23, 267115).
cost(16, 24, 586999).
cost(16, 25, 571914).
cost(16, 26, 203293).
cost(16, 27, 534704).
cost(16, 28, 263862).
cost(16, 29, 585945).
cost(17, 1, 357751).
cost(17, 2, 306427).
cost(17, 3, 250156).
cost(17, 4, 91753).
cost(17, 5, 143430).
cost(17, 6, 288017).
cost(17, 7, 314141).
cost(17, 8, 359483).
cost(17, 9, 427237).
cost(17, 10, 410523).
cost(17, 11, 368728).
cost(17, 12, 295299).
cost(17, 13, 170969).
cost(17, 14, 145520).
cost(17, 15, 160212).
cost(17, 16, 545104).
cost(17, 18, 178088).
cost(17, 19, 469549).
cost(17, 20, 276195).
cost(17, 21, 117283).
cost(17, 22, 295232).
cost(17, 23, 279853).
cost(17, 24, 237363).
cost(17, 25, 269525).
cost(17, 26, 383347).
cost(17, 27, 135599).
cost(17, 28, 333101).
cost(17, 29, 193274).
cost(18, 1, 363864).
cost(18, 2, 351878).
cost(18, 3, 288588).
cost(18, 4, 131583).
cost(18, 5, 312219).
cost(18, 6, 356261).
cost(18, 7, 252978).
cost(18, 8, 280207).
cost(18, 9, 519603).
cost(18, 10, 403694).
cost(18, 11, 456002).
cost(18, 12, 234560).
cost(18, 13, 10608).
cost(18, 14, 163758).
cost(18, 15, 241758).
cost(18, 16, 438567).
cost(18, 17, 178088).
cost(18, 19, 437131).
cost(18, 20, 290288).
cost(18, 21, 157996).
cost(18, 22, 349831).
cost(18, 23, 185645).
cost(18, 24, 382216).
cost(18, 25, 402602).
cost(18, 26, 245429).
cost(18, 27, 277390).
cost(18, 28, 185343).
cost(18, 29, 346420).
cost(19, 1, 129186).
cost(19, 2, 211694).
cost(19, 3, 235470).
cost(19, 4, 514125).
cost(19, 5, 475526).
cost(19, 6, 255467).
cost(19, 7, 184840).
cost(19, 8, 172703).
cost(19, 9, 330441).
cost(19, 10, 78021).
cost(19, 11, 297351).
cost(19, 12, 202677).
cost(19, 13, 444786).
cost(19, 14, 326486).
cost(19, 15, 327325).
cost(19, 16, 217411).
cost(19, 17, 469549).
cost(19, 18, 437131).
cost(19, 20, 198969).
cost(19, 21, 353774).
cost(19, 22, 230385).
cost(19, 23, 257809).
cost(19, 24, 426425).
cost(19, 25, 400610).
cost(19, 26, 294251).
cost(19, 27, 407654).
cost(19, 28, 329062).
cost(19, 29, 439605).
cost(20, 1, 82019).
cost(20, 2, 72553).
cost(20, 3, 40837).
cost(20, 4, 333726).
cost(20, 5, 279128).
cost(20, 6, 102607).
cost(20, 7, 120762).
cost(20, 8, 164946).
cost(20, 9, 257987).
cost(20, 10, 134413).
cost(20, 11, 197888).
cost(20, 12, 117638).
cost(20, 13, 294760).
cost(20, 14, 142425).
cost(20, 15, 128368).
cost(20, 16, 338470).
cost(20, 17, 276195).
cost(20, 18, 290288).
cost(20, 19, 198969).
cost(20, 21, 166108).
cost(20, 22, 81106).
cost(20, 23, 168820).
cost(20, 24, 248607).
cost(20, 25, 234700).
cost(20, 26, 276894).
cost(20, 27, 210435).
cost(20, 28, 271777).
cost(20, 29, 250997).
cost(21, 1, 248000).
cost(21, 2, 210859).
cost(21, 3, 148476).
cost(21, 4, 167981).
cost(21, 5, 187809).
cost(21, 6, 205511).
cost(21, 7, 198249).
cost(21, 8, 245193).
cost(21, 9, 364787).
cost(21, 10, 298518).
cost(21, 11, 301679).
cost(21, 12, 179904).
cost(21, 13, 157772).
cost(21, 14, 28297).
cost(21, 15, 83862).
cost(21, 16, 433070).
cost(21, 17, 117283).
cost(21, 18, 157996).
cost(21, 19, 353774).
cost(21, 20, 166108).
cost(21, 22, 204334).
cost(21, 23, 174208).
cost(21, 24, 231486).
cost(21, 25, 247097).
cost(21, 26, 288857).
cost(21, 27, 133359).
cost(21, 28, 248837).
cost(21, 29, 202510).
cost(22, 1, 102168).
cost(22, 2, 18693).
cost(22, 3, 62078).
cost(22, 4, 368240).
cost(22, 5, 256456).
cost(22, 6, 26198).
cost(22, 7, 200762).
cost(22, 8, 242091).
cost(22, 9, 178912).
cost(22, 10, 153268).
cost(22, 11, 117370).
cost(22, 12, 198681).
cost(22, 13, 352562).
cost(22, 14, 188575).
cost(22, 15, 135057).
cost(22, 16, 403861).
cost(22, 17, 295232).
cost(22, 18, 349831).
cost(22, 19, 230385).
cost(22, 20, 81106).
cost(22, 21, 204334).
cost(22, 23, 248921).
cost(22, 24, 196045).
cost(22, 25, 171850).
cost(22, 26, 357899).
cost(22, 27, 193756).
cost(22, 28, 352003).
cost(22, 29, 212080).
cost(23, 1, 215025).
cost(23, 2, 241357).
cost(23, 3, 192813).
cost(23, 4, 289000).
cost(23, 5, 358221).
cost(23, 6, 267398).
cost(23, 7, 74911).
cost(23, 8, 94575).
cost(23, 9, 426805).
cost(23, 10, 239908).
cost(23, 11, 366262).
cost(23, 12, 61519).
cost(23, 13, 194641).
cost(23, 14, 150092).
cost(23, 15, 216307).
cost(23, 16, 267115).
cost(23, 17, 279853).
cost(23, 18, 185645).
cost(23, 19, 257809).
cost(23, 20, 168820).
cost(23, 21, 174208).
cost(23, 22, 248921).
cost(23, 24, 375232).
cost(23, 25, 375688).
cost(23, 26, 120634).
cost(23, 27, 295874).
cost(23, 28, 103082).
cost(23, 29, 359034).
cost(24, 1, 297781).
cost(24, 2, 214734).
cost(24, 3, 208077).
cost(24, 4, 329106).
cost(24, 5, 111707).
cost(24, 6, 171370).
cost(24, 7, 358459).
cost(24, 8, 407455).
cost(24, 9, 225026).
cost(24, 10, 349195).
cost(24, 11, 185211).
cost(24, 12, 347895).
cost(24, 13, 379325).
cost(24, 14, 240743).
cost(24, 15, 160429).
cost(24, 16, 586999).
cost(24, 17, 237363).
cost(24, 18, 382216).
cost(24, 19, 426425).
cost(24, 20, 248607).
cost(24, 21, 231486).
cost(24, 22, 196045).
cost(24, 23, 375232).
cost(24, 25, 42746).
cost(24, 26, 495784).
cost(24, 27, 106086).
cost(24, 28, 468493).
cost(24, 29, 47026).
cost(25, 1, 273819).
cost(25, 2, 190306).
cost(25, 3, 195775).
cost(25, 4, 360719).
cost(25, 5, 152583).
cost(25, 6, 145902).
cost(25, 7, 350522).
cost(25, 8, 398013).
cost(25, 9, 182281).
cost(25, 10, 322693).
cost(25, 11, 144220).
cost(25, 12, 342021).
cost(25, 13, 400696).
cost(25, 14, 251764).
cost(25, 15, 168385).
cost(25, 16, 571914).
cost(25, 17, 269525).
cost(25, 18, 402602).
cost(25, 19, 400610).
cost(25, 20, 234700).
cost(25, 21, 247097).
cost(25, 22, 171850).
cost(25, 23, 375688).
cost(25, 24, 42746).
cost(25, 26, 495210).
cost(25, 27, 134352).
cost(25, 28, 472920).
cost(25, 29, 87440).
cost(26, 1, 301077).
cost(26, 2, 347296).
cost(26, 3, 307037).
cost(26, 4, 371244).
cost(26, 5, 475811).
cost(26, 6, 379070).
cost(26, 7, 158734).
cost(26, 8, 131651).
cost(26, 9, 530942).
cost(26, 10, 307315).
cost(26, 11, 473491).
cost(26, 12, 159260).
cost(26, 13, 256006).
cost(26, 14, 267330).
cost(26, 15, 336895).
cost(26, 16, 203293).
cost(26, 17, 383347).
cost(26, 18, 245429).
cost(26, 19, 294251).
cost(26, 20, 276894).
cost(26, 21, 288857).
cost(26, 22, 357899).
cost(26, 23, 120634).
cost(26, 24, 495784).
cost(26, 25, 495210).
cost(26, 27, 415278).
cost(26, 28, 61770).
cost(26, 29, 479392).
cost(27, 1, 281325).
cost(27, 2, 209685).
cost(27, 3, 172214).
cost(27, 4, 226429).
cost(27, 5, 68968).
cost(27, 6, 178004).
cost(27, 7, 296931).
cost(27, 8, 347100).
cost(27, 9, 296146).
cost(27, 10, 336444).
cost(27, 11, 241207).
cost(27, 12, 282396).
cost(27, 13, 274040).
cost(27, 14, 149142).
cost(27, 15, 86549).
cost(27, 16, 534704).
cost(27, 17, 135599).
cost(27, 18, 277390).
cost(27, 19, 407654).
cost(27, 20, 210435).
cost(27, 21, 133359).
cost(27, 22, 193756).
cost(27, 23, 295874).
cost(27, 24, 106086).
cost(27, 25, 134352).
cost(27, 26, 415278).
cost(27, 28, 380189).
cost(27, 29, 69820).
cost(28, 1, 311993).
cost(28, 2, 344261).
cost(28, 3, 295403).
cost(28, 4, 313460).
cost(28, 5, 436495).
cost(28, 6, 370289).
cost(28, 7, 165910).
cost(28, 8, 157027).
cost(28, 9, 529742).
cost(28, 10, 328540).
cost(28, 11, 469340).
cost(28, 12, 159022).
cost(28, 13, 195950).
cost(28, 14, 231134).
cost(28, 15, 308064).
cost(28, 16, 263862).
cost(28, 17, 333101).
cost(28, 18, 185343).
cost(28, 19, 329062).
cost(28, 20, 271777).
cost(28, 21, 248837).
cost(28, 22, 352003).
cost(28, 23, 103082).
cost(28, 24, 468493).
cost(28, 25, 472920).
cost(28, 26, 61770).
cost(28, 27, 380189).
cost(28, 29, 447168).
cost(29, 1, 310489).
cost(29, 2, 230274).
cost(29, 3, 210301).
cost(29, 4, 284915).
cost(29, 5, 65160).
cost(29, 6, 190037).
cost(29, 7, 351594).
cost(29, 8, 401556).
cost(29, 9, 267871).
cost(29, 10, 364142).
cost(29, 11, 222985).
cost(29, 12, 338938).
cost(29, 13, 342694).
cost(29, 14, 216260).
cost(29, 15, 143238).
cost(29, 16, 585945).
cost(29, 17, 193274).
cost(29, 18, 346420).
cost(29, 19, 439605).
cost(29, 20, 250997).
cost(29, 21, 202510).
cost(29, 22, 212080).
cost(29, 23, 359034).
cost(29, 24, 47026).
cost(29, 25, 87440).
cost(29, 26, 479392).
cost(29, 27, 69820).
cost(29, 28, 447168).
