dimension(29).
point(1, 45814.0, -279973.0).
point(2, -87093.0, 14331.0).
point(3, 152120.0, -421650.0).
point(4, 66041.0, -158837.0).
point(5, -149634.0, -92140.0).
point(6, -95214.0, -184258.0).
point(7, 4820.0, 23878.0).
point(8, 141902.0, -181140.0).
point(9, 130190.0, -237332.0).
point(10, 85212.0, 165444.0).
point(11, 287528.0, 307925.0).
point(12, 4845.0, 12975.0).
point(13, -281818.0, -177647.0).
point(14, -167322.0, -47537.0).
point(15, 151219.0, -85176.0).
point(16, -160835.0, -105926.0).
point(17, 218406.0, -103145.0).
point(18, -160657.0, -91091.0).
point(19, -9576.0, -214718.0).
point(20, -277117.0, 162344.0).
point(21, 30565.0, 44150.0).
point(22, 106507.0, 188200.0).
point(23, -72343.0, -324723.0).
point(24, 348917.0, 98697.0).
point(25, -170840.0, -291455.0).
point(26, -111920.0, -169427.0).
point(27, -144896.0, 268314.0).
point(28, 68637.0, -221219.0).
point(29, 181962.0, 268754.0).
cost(1, 2, 322923).
cost(1, 3, 177125).
cost(1, 4, 122813).
cost(1, 5, 271074).
cost(1, 6, 170441).
cost(1, 7, 306604).
cost(1, 8, 137844).
cost(1, 9, 94539).
cost(1, 10, 447156).
cost(1, 11, 635649).
cost(1, 12, 295799).
cost(1, 13, 343239).
cost(1, 14, 315362).
cost(1, 15, 221486).
cost(1, 16, 270178).
cost(1, 17, 247095).
cost(1, 18, 279833).
cost(1, 19, 85594).
cost(1, 20, 547658).
cost(1, 21, 324482).
cost(1, 22, 472091).
cost(1, 23, 126347).
cost(1, 24, 485039).
cost(1, 25, 216958).
cost(1, 26, 192615).
cost(1, 27, 580507).
cost(1, 28, 63031).
cost(1, 29, 565365).
cost(2, 1, 322923).
cost(2, 3, 497295).
cost(2, 4, 231165).
cost(2, 5, 123481).
cost(2, 6, 198755).
cost(2, 7, 92407).
cost(2, 8, 301077).
cost(2, 9, 332485).
cost(2, 10, 229181).
cost(2, 11, 475960).
cost(2, 12, 91948).
cost(2, 13, 273447).
cost(2, 14, 101313).
cost(2, 15, 258252).
cost(2, 16, 141066).
cost(2, 17, 327308).
cost(2, 18, 128551).
cost(2, 19, 241811).
cost(2, 20, 240867).
cost(2, 21, 121378).
cost(2, 22, 260214).
cost(2, 23, 339375).
cost(2, 24, 444097).
cost(2, 25, 317047).
cost(2, 26, 185428).
cost(2, 27, 260478).
cost(2, 28, 282375).
cost(2, 29, 370299).
cost(3, 1, 177125).
cost(3, 2, 497295).
cost(3, 4, 276551).
cost(3, 5, 446802).
cost(3, 6, 342825).
cost(3, 7, 469247).
cost(3, 8, 240727).
cost(3, 9, 185618).
cost(3, 10, 590894).
cost(3, 11, 742034).
cost(3, 12, 458900).
cost(3, 13, 497835).
cost(3, 14, 491939).
cost(3, 15, 336475).
cost(3, 16, 444547).
cost(3, 17, 325329).
cost(3, 18, 455081).
cost(3, 19, 262615).
cost(3, 20, 724771).
cost(3, 21, 481399).
cost(3, 22, 611553).
cost(3, 23, 244496).
cost(3, 24, 556318).
cost(3, 25, 348215).
cost(3, 26, 365149).
cost(3, 27, 751178).
cost(3, 28, 217122).
cost(3, 29, 691049).
cost(4, 1, 122813).
cost(4, 2, 231165).
cost(4, 3, 276551).
cost(4, 5, 225753).
cost(4, 6, 163246).
cost(4, 7, 192699).
cost(4, 8, 79072).
cost(4, 9, 101373).
cost(4, 10, 324847).
cost(4, 11, 516646).
cost(4, 12, 182385).
cost(4, 13, 348367).
cost(4, 14, 258546).
cost(4, 15, 112611).
cost(4, 16, 232964).
cost(4, 17, 162224).
cost(4, 18, 236604).
cost(4, 19, 94025).
cost(4, 20, 470016).
cost(4, 21, 206064).
cost(4, 22, 349388).
cost(4, 23, 216028).
cost(4, 24, 382548).
cost(4, 25, 271478).
cost(4, 26, 178276).
cost(4, 27, 476395).
cost(4, 28, 62436).
cost(4, 29, 443026).
cost(5, 1, 271074).
cost(5, 2, 123481).
cost(5, 3, 446802).
cost(5, 4, 225753).
cost(5, 6, 106992).
cost(5, 7, 193174).
cost(5, 8, 304818).
cost(5, 9, 315249).
cost(5, 10, 348572).
cost(5, 11, 592590).
cost(5, 12, 186850).
cost(5, 13, 157430).
cost(5, 14, 47982).
cost(5, 15, 300934).
cost(5, 16, 17763).
cost(5, 17, 368204).
cost(5, 18, 11073).
cost(5, 19, 186123).
cost(5, 20, 284630).
cost(5, 21, 225935).
cost(5, 22, 379735).
cost(5, 23, 245089).
cost(5, 24, 533828).
cost(5, 25, 200440).
cost(5, 26, 85998).
cost(5, 27, 360485).
cost(5, 28, 253582).
cost(5, 29, 490102).
cost(6, 1, 170441).
cost(6, 2, 198755).
cost(6, 3, 342825).
cost(6, 4, 163246).
cost(6, 5, 106992).
cost(6, 7, 230927).
cost(6, 8, 237136).
cost(6, 9, 231568).
cost(6, 10, 393504).
cost(6, 11, 623487).
cost(6, 12, 221162).
cost(6, 13, 186721).
cost(6, 14, 154571).
cost(6, 15, 265606).
cost(6, 16, 102186).
cost(6, 17, 323940).
cost(6, 18, 113855).
cost(6, 19, 90894).
cost(6, 20, 391435).
cost(6, 21, 260750).
cost(6, 22, 423576).
cost(6, 23, 142315).
cost(6, 24, 526608).
cost(6, 25, 131189).
cost(6, 26, 22339).
cost(6, 27, 455291).
cost(6, 28, 167968).
cost(6, 29, 531080).
cost(7, 1, 306604).
cost(7, 2, 92407).
cost(7, 3, 469247).
cost(7, 4, 192699).
cost(7, 5, 193174).
cost(7, 6, 230927).
cost(7, 8, 246625).
cost(7, 9, 289738).
cost(7, 10, 162800).
cost(7, 11, 400757).
cost(7, 12, 10903).
cost(7, 13, 350391).
cost(7, 14, 186368).
cost(7, 15, 182553).
cost(7, 16, 210453).
cost(7, 17, 248503).
cost(7, 18, 201496).
cost(7, 19, 239030).
cost(7, 20, 314104).
cost(7, 21, 32768).
cost(7, 22, 193241).
cost(7, 23, 357039).
cost(7, 24, 352137).
cost(7, 25, 360959).
cost(7, 26, 225821).
cost(7, 27, 286642).
cost(7, 28, 253269).
cost(7, 29, 302231).
cost(8, 1, 137844).
cost(8, 2, 301077).
cost(8, 3, 240727).
cost(8, 4, 79072).
cost(8, 5, 304818).
cost(8, 6, 237136).
cost(8, 7, 246625).
cost(8, 9, 57400).
cost(8, 10, 351190).
cost(8, 11, 510286).
cost(8, 12, 237624).
cost(8, 13, 423734).
cost(8, 14, 336852).
cost(8, 15, 96415).
cost(8, 16, 311940).
cost(8, 17, 109252).
cost(8, 18, 315675).
cost(8, 19, 155155).
cost(8, 20, 541810).
cost(8, 21, 251300).
cost(8, 22, 371032).
cost(8, 23, 257909).
cost(8, 24, 348086).
cost(8, 25, 331628).
cost(8, 26, 254092).
cost(8, 27, 533162).
cost(8, 28, 83511).
cost(8, 29, 451674).
cost(9, 1, 94539).
cost(9, 2, 332485).
cost(9, 3, 185618).
cost(9, 4, 101373).
cost(9, 5, 315249).
cost(9, 6, 231568).
cost(9, 7, 289738).
cost(9, 8, 57400).
cost(9, 10, 405280).
cost(9, 11, 567504).
cost(9, 12, 279937).
cost(9, 13, 416309).
cost(9, 14, 352896).
cost(9, 15, 153602).
cost(9, 16, 319317).
cost(9, 17, 160587).
cost(9, 18, 325543).
cost(9, 19, 141584).
cost(9, 20, 570649).
cost(9, 21, 298592).
cost(9, 22, 426191).
cost(9, 23, 220583).
cost(9, 24, 400945).
cost(9, 25, 305857).
cost(9, 26, 251452).
cost(9, 27, 575630).
cost(9, 28, 63627).
cost(9, 29, 508727).
cost(10, 1, 447156).
cost(10, 2, 229181).
cost(10, 3, 590894).
cost(10, 4, 324847).
cost(10, 5, 348572).
cost(10, 6, 393504).
cost(10, 7, 162800).
cost(10, 8, 351190).
cost(10, 9, 405280).
cost(10, 11, 247452).
cost(10, 12, 172353).
cost(10, 13, 502417).
cost(10, 14, 330355).
cost(10, 15, 259167).
cost(10, 16, 366307).
cost(10, 17, 299801).
cost(10, 18, 355333).
cost(10, 19, 391801).
cost(10, 20, 362342).
cost(10, 21, 133036).
cost(10, 22, 31166).
cost(10, 23, 514866).
cost(10, 24, 272021).
cost(10, 25, 523755).
cost(10, 26, 388587).
cost(10, 27, 252055).
cost(10, 28, 387018).
cost(10, 29, 141540).
cost(11, 1, 635649).
cost(11, 2, 475960).
cost(11, 3, 742034).
cost(11, 4, 516646).
cost(11, 5, 592590).
cost(11, 6, 623487).
cost(11, 7, 400757).
cost(11, 8, 510286).
cost(11, 9, 567504).
cost(11, 10, 247452).
cost(11, 12, 408540).
cost(11, 13, 748288).
cost(11, 14, 577271).
cost(11, 15, 416063).
cost(11, 16, 610166).
cost(11, 17, 416841).
cost(11, 18, 600070).
cost(11, 19, 601188).
cost(11, 20, 583110).
cost(11, 21, 368249).
cost(11, 22, 217032).
cost(11, 23, 727840).
cost(11, 24, 218048).
cost(11, 25, 754558).
cost(11, 26, 622434).
cost(11, 27, 434234).
cost(11, 28, 572631).
cost(11, 29, 112599).
cost(12, 1, 295799).
cost(12, 2, 91948).
cost(12, 3, 458900).
cost(12, 4, 182385).
cost(12, 5, 186850).
cost(12, 6, 221162).
cost(12, 7, 10903).
cost(12, 8, 237624).
cost(12, 9, 279937).
cost(12, 10, 172353).
cost(12, 11, 408540).
cost(12, 13, 344256).
cost(12, 14, 182492).
cost(12, 15, 176236).
cost(12, 16, 203930).
cost(12, 17, 243089).
cost(12, 18, 195501).
cost(12, 19, 228149).
cost(12, 20, 319083).
cost(12, 21, 40415).
cost(12, 22, 202581).
cost(12, 23, 346407).
cost(12, 24, 354590).
cost(12, 25, 351487).
cost(12, 26, 216575).
cost(12, 27, 296007).
cost(12, 28, 242727).
cost(12, 29, 311116).
cost(13, 1, 343239).
cost(13, 2, 273447).
cost(13, 3, 497835).
cost(13, 4, 348367).
cost(13, 5, 157430).
cost(13, 6, 186721).
cost(13, 7, 350391).
cost(13, 8, 423734).
cost(13, 9, 416309).
cost(13, 10, 502417).
cost(13, 11, 748288).
cost(13, 12, 344256).
cost(13, 14, 173315).
cost(13, 15, 442800).
cost(13, 16, 140644).
cost(13, 17, 505742).
cost(13, 18, 148902).
cost(13, 19, 274754).
cost(13, 20, 340023).
cost(13, 21, 383115).
cost(13, 22, 533517).
cost(13, 23, 255951).
cost(13, 24, 688616).
cost(13, 25, 158960).
cost(13, 26, 170097).
cost(13, 27, 466507).
cost(13, 28, 353153).
cost(13, 29, 643712).
cost(14, 1, 315362).
cost(14, 2, 101313).
cost(14, 3, 491939).
cost(14, 4, 258546).
cost(14, 5, 47982).
cost(14, 6, 154571).
cost(14, 7, 186368).
cost(14, 8, 336852).
cost(14, 9, 352896).
cost(14, 10, 330355).
cost(14, 11, 577271).
cost(14, 12, 182492).
cost(14, 13, 173315).
cost(14, 15, 320757).
cost(14, 16, 58748).
cost(14, 17, 389716).
cost(14, 18, 44061).
cost(14, 19, 229855).
cost(14, 20, 236865).
cost(14, 21, 218096).
cost(14, 22, 361323).
cost(14, 23, 293007).
cost(14, 24, 536551).
cost(14, 25, 243943).
cost(14, 26, 133890).
cost(14, 27, 316646).
cost(14, 28, 292988).
cost(14, 29, 471210).
cost(15, 1, 221486).
cost(15, 2, 258252).
cost(15, 3, 336475).
cost(15, 4, 112611).
cost(15, 5, 300934).
cost(15, 6, 265606).
cost(15, 7, 182553).
cost(15, 8, 96415).
cost(15, 9, 153602).
cost(15, 10, 259167).
cost(15, 11, 416063).
cost(15, 12, 176236).
cost(15, 13, 442800).
cost(15, 14, 320757).
cost(15, 16, 312743).
cost(15, 17, 69548).
cost(15, 18, 311932).
cost(15, 19, 206485).
cost(15, 20, 494710).
cost(15, 21, 176869).
cost(15, 22, 277008).
cost(15, 23, 327663).
cost(15, 24, 269988).
cost(15, 25, 382457).
cost(15, 26, 276298).
cost(15, 27, 461128).
cost(15, 28, 159146).
cost(15, 29, 355263).
cost(16, 1, 270178).
cost(16, 2, 141066).
cost(16, 3, 444547).
cost(16, 4, 232964).
cost(16, 5, 17763).
cost(16, 6, 102186).
cost(16, 7, 210453).
cost(16, 8, 311940).
cost(16, 9, 319317).
cost(16, 10, 366307).
cost(16, 11, 610166).
cost(16, 12, 203930).
cost(16, 13, 140644).
cost(16, 14, 58748).
cost(16, 15, 312743).
cost(16, 17, 379251).
cost(16, 18, 14836).
cost(16, 19, 186320).
cost(16, 20, 292387).
cost(16, 21, 243222).
cost(16, 22, 397469).
cost(16, 23, 236015).
cost(16, 24, 549288).
cost(16, 25, 185799).
cost(16, 26, 80156).
cost(16, 27, 374579).
cost(16, 28, 256807).
cost(16, 29, 507834).
cost(17, 1, 247095).
cost(17, 2, 327308).
cost(17, 3, 325329).
cost(17, 4, 162224).
cost(17, 5, 368204).
cost(17, 6, 323940).
cost(17, 7, 248503).
cost(17, 8, 109252).
cost(17, 9, 160587).
cost(17, 10, 299801).
cost(17, 11, 416841).
cost(17, 12, 243089).
cost(17, 13, 505742).
cost(17, 14, 389716).
cost(17, 15, 69548).
cost(17, 16, 379251).
cost(17, 18, 379255).
cost(17, 19, 253819).
cost(17, 20, 562163).
cost(17, 21, 238705).
cost(17, 22, 312095).
cost(17, 23, 365557).
cost(17, 24, 240361).
cost(17, 25, 432404).
cost(17, 26, 336910).
cost(17, 27, 519587).
cost(17, 28, 190715).
cost(17, 29, 373680).
cost(18, 1, 279833).
cost(18, 2, 128551).
cost(18, 3, 455081).
cost(18, 4, 236604).
cost(18, 5, 11073).
cost(18, 6, 113855).
cost(18, 7, 201496).
cost(18, 8, 315675).
cost(18, 9, 325543).
cost(18, 10, 355333).
cost(18, 11, 600070).
cost(18, 12, 195501).
cost(18, 13, 148902).
cost(18, 14, 44061).
cost(18, 15, 311932).
cost(18, 16, 14836).
cost(18, 17, 379255).
cost(18, 19, 195216).
cost(18, 20, 278913).
cost(18, 21, 234214).
cost(18, 22, 386497).
cost(18, 23, 249766).
cost(18, 24, 543769).
cost(18, 25, 200623).
cost(18, 26, 92260).
cost(18, 27, 359750).
cost(18, 28, 263646).
cost(18, 29, 496866).
cost(19, 1, 85594).
cost(19, 2, 241811).
cost(19, 3, 262615).
cost(19, 4, 94025).
cost(19, 5, 186123).
cost(19, 6, 90894).
cost(19, 7, 239030).
cost(19, 8, 155155).
cost(19, 9, 141584).
cost(19, 10, 391801).
cost(19, 11, 601188).
cost(19, 12, 228149).
cost(19, 13, 274754).
cost(19, 14, 229855).
cost(19, 15, 206485).
cost(19, 16, 186320).
cost(19, 17, 253819).
cost(19, 18, 195216).
cost(19, 20, 462335).
cost(19, 21, 261962).
cost(19, 22, 419307).
cost(19, 23, 126652).
cost(19, 24, 476179).
cost(19, 25, 178591).
cost(19, 26, 111918).
cost(19, 27, 501629).
cost(19, 28, 78483).
cost(19, 29, 520031).
cost(20, 1, 547658).
cost(20, 2, 240867).
cost(20, 3, 724771).
cost(20, 4, 470016).
cost(20, 5, 284630).
cost(20, 6, 391435).
cost(20, 7, 314104).
cost(20, 8, 541810).
cost(20, 9, 570649).
cost(20, 10, 362342).
cost(20, 11, 583110).
cost(20, 12, 319083).
cost(20, 13, 340023).
cost(20, 14, 236865).
cost(20, 15, 494710).
cost(20, 16, 292387).
cost(20, 17, 562163).
cost(20, 18, 278913).
cost(20, 19, 462335).
cost(20, 21, 329603).
cost(20, 22, 384494).
cost(20, 23, 528362).
cost(20, 24, 629261).
cost(20, 25, 466078).
cost(20, 26, 370624).
cost(20, 27, 169446).
cost(20, 28, 516398).
cost(20, 29, 471250).
cost(21, 1, 324482).
cost(21, 2, 121378).
cost(21, 3, 481399).
cost(21, 4, 206064).
cost(21, 5, 225935).
cost(21, 6, 260750).
cost(21, 7, 32768).
cost(21, 8, 251300).
cost(21, 9, 298592).
cost(21, 10, 133036).
cost(21, 11, 368249).
cost(21, 12, 40415).
cost(21, 13, 383115).
cost(21, 14, 218096).
cost(21, 15, 176869).
cost(21, 16, 243222).
cost(21, 17, 238705).
cost(21, 18, 234214).
cost(21, 19, 261962).
cost(21, 20, 329603).
cost(21, 22, 162842).
cost(21, 23, 382959).
cost(21, 24, 322991).
cost(21, 25, 391401).
cost(21, 26, 256743).
cost(21, 27, 284668).
cost(21, 28, 268086).
cost(21, 29, 270865).
cost(22, 1, 472091).
cost(22, 2, 260214).
cost(22, 3, 611553).
cost(22, 4, 349388).
cost(22, 5, 379735).
cost(22, 6, 423576).
cost(22, 7, 193241).
cost(22, 8, 371032).
cost(22, 9, 426191).
cost(22, 10, 31166).
cost(22, 11, 217032).
cost(22, 12, 202581).
cost(22, 13, 533517).
cost(22, 14, 361323).
cost(22, 15, 277008).
cost(22, 16, 397469).
cost(22, 17, 312095).
cost(22, 18, 386497).
cost(22, 19, 419307).
cost(22, 20, 384494).
cost(22, 21, 162842).
cost(22, 23, 543210).
cost(22, 24, 258405).
cost(22, 25, 554067).
cost(22, 26, 419055).
cost(22, 27, 263859).
cost(22, 28, 411167).
cost(22, 29, 110374).
cost(23, 1, 126347).
cost(23, 2, 339375).
cost(23, 3, 244496).
cost(23, 4, 216028).
cost(23, 5, 245089).
cost(23, 6, 142315).
cost(23, 7, 357039).
cost(23, 8, 257909).
cost(23, 9, 220583).
cost(23, 10, 514866).
cost(23, 11, 727840).
cost(23, 12, 346407).
cost(23, 13, 255951).
cost(23, 14, 293007).
cost(23, 15, 327663).
cost(23, 16, 236015).
cost(23, 17, 365557).
cost(23, 18, 249766).
cost(23, 19, 126652).
cost(23, 20, 528362).
cost(23, 21, 382959).
cost(23, 22, 543210).
cost(23, 24, 597281).
cost(23, 25, 103964).
cost(23, 26, 160260).
cost(23, 27, 597459).
cost(23, 28, 174896).
cost(23, 29, 645667).
cost(24, 1, 485039).
cost(24, 2, 444097).
cost(24, 3, 556318).
cost(24, 4, 382548).
cost(24, 5, 533828).
cost(24, 6, 526608).
cost(24, 7, 352137).
cost(24, 8, 348086).
cost(24, 9, 400945).
cost(24, 10, 272021).
cost(24, 11, 218048).
cost(24, 12, 354590).
cost(24, 13, 688616).
cost(24, 14, 536551).
cost(24, 15, 269988).
cost(24, 16, 549288).
cost(24, 17, 240361).
cost(24, 18, 543769).
cost(24, 19, 476179).
cost(24, 20, 629261).
cost(24, 21, 322991).
cost(24, 22, 258405).
cost(24, 23, 597281).
cost(24, 25, 649897).
cost(24, 26, 533162).
cost(24, 27, 522131).
cost(24, 28, 425327).
cost(24, 29, 238314).
cost(25, 1, 216958).
cost(25, 2, 317047).
cost(25, 3, 348215).
cost(25, 4, 271478).
cost(25, 5, 200440).
cost(25, 6, 131189).
cost(25, 7, 360959).
cost(25, 8, 331628).
cost(25, 9, 305857).
cost(25, 10, 523755).
cost(25, 11, 754558).
cost(25, 12, 351487).
cost(25, 13, 158960).
cost(25, 14, 243943).
cost(25, 15, 382457).
cost(25, 16, 185799).
cost(25, 17, 432404).
cost(25, 18, 200623).
cost(25, 19, 178591).
cost(25, 20, 466078).
cost(25, 21, 391401).
cost(25, 22, 554067).
cost(25, 23, 103964).
cost(25, 24, 649897).
cost(25, 26, 135508).
cost(25, 27, 560370).
cost(25, 28, 249564).
cost(25, 29, 662045).
cost(26, 1, 192615).
cost(26, 2, 185428).
cost(26, 3, 365149).
cost(26, 4, 178276).
cost(26, 5, 85998).
cost(26, 6, 22339).
cost(26, 7, 225821).
cost(26, 8, 254092).
cost(26, 9, 251452).
cost(26, 10, 388587).
cost(26, 11, 622434).
cost(26, 12, 216575).
cost(26, 13, 170097).
cost(26, 14, 133890).
cost(26, 15, 276298).
cost(26, 16, 80156).
cost(26, 17, 336910).
cost(26, 18, 92260).
cost(26, 19, 111918).
cost(26, 20, 370624).
cost(26, 21, 256743).
cost(26, 22, 419055).
cost(26, 23, 160260).
cost(26, 24, 533162).
cost(26, 25, 135508).
cost(26, 27, 438981).
cost(26, 28, 187838).
cost(26, 29, 527607).
cost(27, 1, 580507).
cost(27, 2, 260478).
cost(27, 3, 751178).
cost(27, 4, 476395).
cost(27, 5, 360485).
cost(27, 6, 455291).
cost(27, 7, 286642).
cost(27, 8, 533162).
cost(27, 9, 575630).
cost(27, 10, 252055).
cost(27, 11, 434234).
cost(27, 12, 296007).
cost(27, 13, 466507).
cost(27, 14, 316646).
cost(27, 15, 461128).
cost(27, 16, 374579).
cost(27, 17, 519587).
cost(27, 18, 359750).
cost(27, 19, 501629).
cost(27, 20, 169446).
cost(27, 21, 284668).
cost(27, 22, 263859).
cost(27, 23, 597459).
cost(27, 24, 522131).
cost(27, 25, 560370).
cost(27, 26, 438981).
cost(27, 28, 534078).
cost(27, 29, 326858).
cost(28, 1, 63031).
cost(28, 2, 282375).
cost(28, 3, 217122).
cost(28, 4, 62436).
cost(28, 5, 253582).
cost(28, 6, 167968).
cost(28, 7, 253269).
cost(28, 8, 83511).
cost(28, 9, 63627).
cost(28, 10, 387018).
cost(28, 11, 572631).
cost(28, 12, 242727).
cost(28, 13, 353153).
cost(28, 14, 292988).
cost(28, 15, 159146).
cost(28, 16, 256807).
cost(28, 17, 190715).
cost(28, 18, 263646).
cost(28, 19, 78483).
cost(28, 20, 516398).
cost(28, 21, 268086).
cost(28, 22, 411167).
cost(28, 23, 174896).
cost(28, 24, 425327).
cost(28, 25, 249564).
cost(28, 26, 187838).
cost(28, 27, 534078).
cost(28, 29, 502908).
cost(29, 1, 565365).
cost(29, 2, 370299).
cost(29, 3, 691049).
cost(29, 4, 443026).
cost(29, 5, 490102).
cost(29, 6, 531080).
cost(29, 7, 302231).
cost(29, 8, 451674).
cost(29, 9, 508727).
cost(29, 10, 141540).
cost(29, 11, 112599).
cost(29, 12, 311116).
cost(29, 13, 643712).
cost(29, 14, 471210).
cost(29, 15, 355263).
cost(29, 16, 507834).
cost(29, 17, 373680).
cost(29, 18, 496866).
cost(29, 19, 520031).
cost(29, 20, 471250).
cost(29, 21, 270865).
cost(29, 22, 110374).
cost(29, 23, 645667).
cost(29, 24, 238314).
cost(29, 25, 662045).
cost(29, 26, 527607).
cost(29, 27, 326858).
cost(29, 28, 502908).
