dimension(29).
point(1, -125093.0, -255240.0).
point(2, -90668.0, -106318.0).
point(3, -40618.0, 33795.0).
point(4, -13966.0, -80379.0).
point(5, -300198.0, 89222.0).
point(6, -122503.0, -195650.0).
point(7, -256287.0, 72294.0).
point(8, 166756.0, 204124.0).
point(9, 209219.0, -106361.0).
point(10, -109937.0, -113195.0).
point(11, 33829.0, 88627.0).
point(12, -105410.0, -31621.0).
point(13, 21746.0, -6660.0).
point(14, -218088.0, 332553.0).
point(15, -68521.0, 62942.0).
point(16, -91505.0, -1099.0).
point(17, -31819.0, 11498.0).
point(18, -170080.0, 179779.0).
point(19, 2004.0, 220239.0).
point(20, 6318.0, -235285.0).
point(21, 81831.0, 165301.0).
point(22, 11323.0, 76609.0).
point(23, 241898.0, 14366.0).
point(24, 129390.0, -41272.0).
point(25, 100346.0, 160784.0).
point(26, 17745.0, -289090.0).
point(27, -252541.0, 27239.0).
point(28, -67011.0, 312777.0).
point(29, 126029.0, 16692.0).
cost(1, 2, 152849).
cost(1, 3, 301127).
cost(1, 4, 207185).
cost(1, 5, 386414).
cost(1, 6, 59646).
cost(1, 7, 352832).
cost(1, 8, 544234).
cost(1, 9, 365964).
cost(1, 10, 142851).
cost(1, 11, 378815).
cost(1, 12, 224484).
cost(1, 13, 288710).
cost(1, 14, 595104).
cost(1, 15, 323172).
cost(1, 16, 256351).
cost(1, 17, 282576).
cost(1, 18, 437339).
cost(1, 19, 492173).
cost(1, 20, 132917).
cost(1, 21, 468692).
cost(1, 22, 358794).
cost(1, 23, 455379).
cost(1, 24, 332481).
cost(1, 25, 473179).
cost(1, 26, 146794).
cost(1, 27, 309899).
cost(1, 28, 570979).
cost(1, 29, 370148).
cost(2, 1, 152849).
cost(2, 3, 148784).
cost(2, 4, 80969).
cost(2, 5, 286599).
cost(2, 6, 94835).
cost(2, 7, 243581).
cost(2, 8, 403288).
cost(2, 9, 299887).
cost(2, 10, 20459).
cost(2, 11, 231307).
cost(2, 12, 76138).
cost(2, 13, 150229).
cost(2, 14, 456994).
cost(2, 15, 170703).
cost(2, 16, 105222).
cost(2, 17, 131696).
cost(2, 18, 296914).
cost(2, 19, 339452).
cost(2, 20, 161365).
cost(2, 21, 321765).
cost(2, 22, 209438).
cost(2, 23, 353786).
cost(2, 24, 229470).
cost(2, 25, 328375).
cost(2, 26, 212506).
cost(2, 27, 209858).
cost(2, 28, 419762).
cost(2, 29, 249177).
cost(3, 1, 301127).
cost(3, 2, 148784).
cost(3, 4, 117243).
cost(3, 5, 265432).
cost(3, 6, 243619).
cost(3, 7, 219078).
cost(3, 8, 268358).
cost(3, 9, 286465).
cost(3, 10, 162515).
cost(3, 11, 92460).
cost(3, 12, 92072).
cost(3, 13, 74336).
cost(3, 14, 347494).
cost(3, 15, 40350).
cost(3, 16, 61702).
cost(3, 17, 23970).
cost(3, 18, 195120).
cost(3, 19, 191254).
cost(3, 20, 273143).
cost(3, 21, 179687).
cost(3, 22, 67312).
cost(3, 23, 283183).
cost(3, 24, 185843).
cost(3, 25, 189729).
cost(3, 26, 328117).
cost(3, 27, 212024).
cost(3, 28, 280228).
cost(3, 29, 167522).
cost(4, 1, 207185).
cost(4, 2, 80969).
cost(4, 3, 117243).
cost(4, 5, 332706).
cost(4, 6, 158328).
cost(4, 7, 286406).
cost(4, 8, 337050).
cost(4, 9, 224692).
cost(4, 10, 101426).
cost(4, 11, 175634).
cost(4, 12, 103631).
cost(4, 13, 81914).
cost(4, 14, 460629).
cost(4, 15, 153353).
cost(4, 16, 110895).
cost(4, 17, 93595).
cost(4, 18, 303404).
cost(4, 19, 301042).
cost(4, 20, 156228).
cost(4, 21, 263696).
cost(4, 22, 159012).
cost(4, 23, 272842).
cost(4, 24, 148594).
cost(4, 25, 266884).
cost(4, 26, 211106).
cost(4, 27, 261724).
cost(4, 28, 396718).
cost(4, 29, 170357).
cost(5, 1, 386414).
cost(5, 2, 286599).
cost(5, 3, 265432).
cost(5, 4, 332706).
cost(5, 6, 335749).
cost(5, 7, 47061).
cost(5, 8, 480883).
cost(5, 9, 545672).
cost(5, 10, 277798).
cost(5, 11, 334028).
cost(5, 12, 229228).
cost(5, 13, 335919).
cost(5, 14, 256811).
cost(5, 15, 233163).
cost(5, 16, 227400).
cost(5, 17, 279407).
cost(5, 18, 158528).
cost(5, 19, 329380).
cost(5, 20, 446382).
cost(5, 21, 389531).
cost(5, 22, 311776).
cost(5, 23, 547240).
cost(5, 24, 448971).
cost(5, 25, 406886).
cost(5, 26, 494174).
cost(5, 27, 78186).
cost(5, 28, 323037).
cost(5, 29, 432354).
cost(6, 1, 59646).
cost(6, 2, 94835).
cost(6, 3, 243619).
cost(6, 4, 158328).
cost(6, 5, 335749).
cost(6, 7, 299486).
cost(6, 8, 493447).
cost(6, 9, 343529).
cost(6, 10, 83407).
cost(6, 11, 324427).
cost(6, 12, 164917).
cost(6, 13, 237750).
cost(6, 14, 536782).
cost(6, 15, 264166).
cost(6, 16, 197005).
cost(6, 17, 226128).
cost(6, 18, 378432).
cost(6, 19, 434126).
cost(6, 20, 134781).
cost(6, 21, 414775).
cost(6, 22, 303372).
cost(6, 23, 420589).
cost(6, 24, 295436).
cost(6, 25, 420365).
cost(6, 26, 168525).
cost(6, 27, 258049).
cost(6, 28, 511446).
cost(6, 29, 326890).
cost(7, 1, 352832).
cost(7, 2, 243581).
cost(7, 3, 219078).
cost(7, 4, 286406).
cost(7, 5, 47061).
cost(7, 6, 299486).
cost(7, 8, 443108).
cost(7, 9, 498612).
cost(7, 10, 236272).
cost(7, 11, 290575).
cost(7, 12, 183200).
cost(7, 13, 289026).
cost(7, 14, 263047).
cost(7, 15, 187999).
cost(7, 16, 180387).
cost(7, 17, 232555).
cost(7, 18, 137785).
cost(7, 19, 297661).
cost(7, 20, 404433).
cost(7, 21, 350677).
cost(7, 22, 267645).
cost(7, 23, 501542).
cost(7, 24, 402050).
cost(7, 25, 367447).
cost(7, 26, 453533).
cost(7, 27, 45210).
cost(7, 28, 306035).
cost(7, 29, 386338).
cost(8, 1, 544234).
cost(8, 2, 403288).
cost(8, 3, 268358).
cost(8, 4, 337050).
cost(8, 5, 480883).
cost(8, 6, 493447).
cost(8, 7, 443108).
cost(8, 9, 313375).
cost(8, 10, 421011).
cost(8, 11, 176094).
cost(8, 12, 360069).
cost(8, 13, 255847).
cost(8, 14, 405708).
cost(8, 15, 274386).
cost(8, 16, 329872).
cost(8, 17, 276653).
cost(8, 18, 337715).
cost(8, 19, 165538).
cost(8, 20, 467783).
cost(8, 21, 93378).
cost(8, 22, 201046).
cost(8, 23, 204094).
cost(8, 24, 248225).
cost(8, 25, 79301).
cost(8, 26, 515232).
cost(8, 27, 455081).
cost(8, 28, 257784).
cost(8, 29, 191806).
cost(9, 1, 365964).
cost(9, 2, 299887).
cost(9, 3, 286465).
cost(9, 4, 224692).
cost(9, 5, 545672).
cost(9, 6, 343529).
cost(9, 7, 498612).
cost(9, 8, 313375).
cost(9, 10, 319229).
cost(9, 11, 262263).
cost(9, 12, 323384).
cost(9, 13, 212336).
cost(9, 14, 612566).
cost(9, 15, 325274).
cost(9, 16, 318614).
cost(9, 17, 268310).
cost(9, 18, 475125).
cost(9, 19, 386789).
cost(9, 20, 240396).
cost(9, 21, 300047).
cost(9, 22, 269520).
cost(9, 23, 125072).
cost(9, 24, 103001).
cost(9, 25, 288478).
cost(9, 26, 264674).
cost(9, 27, 480699).
cost(9, 28, 501976).
cost(9, 29, 148535).
cost(10, 1, 142851).
cost(10, 2, 20459).
cost(10, 3, 162515).
cost(10, 4, 101426).
cost(10, 5, 277798).
cost(10, 6, 83407).
cost(10, 7, 236272).
cost(10, 8, 421011).
cost(10, 9, 319229).
cost(10, 11, 247792).
cost(10, 12, 81700).
cost(10, 13, 169382).
cost(10, 14, 458681).
cost(10, 15, 180941).
cost(10, 16, 113601).
cost(10, 17, 147142).
cost(10, 18, 299084).
cost(10, 19, 351723).
cost(10, 20, 168586).
cost(10, 21, 338135).
cost(10, 22, 225232).
cost(10, 23, 374245).
cost(10, 24, 249901).
cost(10, 25, 345374).
cost(10, 26, 217352).
cost(10, 27, 200144).
cost(10, 28, 428129).
cost(10, 29, 269352).
cost(11, 1, 378815).
cost(11, 2, 231307).
cost(11, 3, 92460).
cost(11, 4, 175634).
cost(11, 5, 334028).
cost(11, 6, 324427).
cost(11, 7, 290575).
cost(11, 8, 176094).
cost(11, 9, 262263).
cost(11, 10, 247792).
cost(11, 12, 183976).
cost(11, 13, 96050).
cost(11, 14, 350659).
cost(11, 15, 105524).
cost(11, 16, 154141).
cost(11, 17, 101284).
cost(11, 18, 223355).
cost(11, 19, 135405).
cost(11, 20, 325078).
cost(11, 21, 90460).
cost(11, 22, 25514).
cost(11, 23, 220924).
cost(11, 24, 161263).
cost(11, 25, 98138).
cost(11, 26, 378059).
cost(11, 27, 292876).
cost(11, 28, 245788).
cost(11, 29, 116942).
cost(12, 1, 224484).
cost(12, 2, 76138).
cost(12, 3, 92072).
cost(12, 4, 103631).
cost(12, 5, 229228).
cost(12, 6, 164917).
cost(12, 7, 183200).
cost(12, 8, 360069).
cost(12, 9, 323384).
cost(12, 10, 81700).
cost(12, 11, 183976).
cost(12, 13, 129583).
cost(12, 14, 381207).
cost(12, 15, 101503).
cost(12, 16, 33540).
cost(12, 17, 85293).
cost(12, 18, 221071).
cost(12, 19, 273809).
cost(12, 20, 232298).
cost(12, 21, 271731).
cost(12, 22, 159186).
cost(12, 23, 350339).
cost(12, 24, 234998).
cost(12, 25, 281701).
cost(12, 26, 285407).
cost(12, 27, 158468).
cost(12, 28, 346532).
cost(12, 29, 236428).
cost(13, 1, 288710).
cost(13, 2, 150229).
cost(13, 3, 74336).
cost(13, 4, 81914).
cost(13, 5, 335919).
cost(13, 6, 237750).
cost(13, 7, 289026).
cost(13, 8, 255847).
cost(13, 9, 212336).
cost(13, 10, 169382).
cost(13, 11, 96050).
cost(13, 12, 129583).
cost(13, 14, 415434).
cost(13, 15, 113985).
cost(13, 16, 113387).
cost(13, 17, 56559).
cost(13, 18, 267501).
cost(13, 19, 227756).
cost(13, 20, 229145).
cost(13, 21, 182156).
cost(13, 22, 83919).
cost(13, 23, 221154).
cost(13, 24, 113072).
cost(13, 25, 184974).
cost(13, 26, 282458).
cost(13, 27, 276374).
cost(13, 28, 331539).
cost(13, 29, 106866).
cost(14, 1, 595104).
cost(14, 2, 456994).
cost(14, 3, 347494).
cost(14, 4, 460629).
cost(14, 5, 256811).
cost(14, 6, 536782).
cost(14, 7, 263047).
cost(14, 8, 405708).
cost(14, 9, 612566).
cost(14, 10, 458681).
cost(14, 11, 350659).
cost(14, 12, 381207).
cost(14, 13, 415434).
cost(14, 15, 308319).
cost(14, 16, 356857).
cost(14, 17, 371177).
cost(14, 18, 160140).
cost(14, 19, 247093).
cost(14, 20, 610572).
cost(14, 21, 343402).
cost(14, 22, 343710).
cost(14, 23, 559312).
cost(14, 24, 510378).
cost(14, 25, 361808).
cost(14, 26, 664874).
cost(14, 27, 307252).
cost(14, 28, 152366).
cost(14, 29, 467102).
cost(15, 1, 323172).
cost(15, 2, 170703).
cost(15, 3, 40350).
cost(15, 4, 153353).
cost(15, 5, 233163).
cost(15, 6, 264166).
cost(15, 7, 187999).
cost(15, 8, 274386).
cost(15, 9, 325274).
cost(15, 10, 180941).
cost(15, 11, 105524).
cost(15, 12, 101503).
cost(15, 13, 113985).
cost(15, 14, 308319).
cost(15, 16, 68041).
cost(15, 17, 63194).
cost(15, 18, 154807).
cost(15, 19, 172384).
cost(15, 20, 307474).
cost(15, 21, 181888).
cost(15, 22, 81005).
cost(15, 23, 314197).
cost(15, 24, 223672).
cost(15, 25, 195164).
cost(15, 26, 362448).
cost(15, 27, 187451).
cost(15, 28, 249840).
cost(15, 29, 199972).
cost(16, 1, 256351).
cost(16, 2, 105222).
cost(16, 3, 61702).
cost(16, 4, 110895).
cost(16, 5, 227400).
cost(16, 6, 197005).
cost(16, 7, 180387).
cost(16, 8, 329872).
cost(16, 9, 318614).
cost(16, 10, 113601).
cost(16, 11, 154141).
cost(16, 12, 33540).
cost(16, 13, 113387).
cost(16, 14, 356857).
cost(16, 15, 68041).
cost(16, 17, 61001).
cost(16, 18, 197208).
cost(16, 19, 240280).
cost(16, 20, 253796).
cost(16, 21, 240280).
cost(16, 22, 128888).
cost(16, 23, 333761).
cost(16, 24, 224518).
cost(16, 25, 251024).
cost(16, 26, 308017).
cost(16, 27, 163510).
cost(16, 28, 314830).
cost(16, 29, 218260).
cost(17, 1, 282576).
cost(17, 2, 131696).
cost(17, 3, 23970).
cost(17, 4, 93595).
cost(17, 5, 279407).
cost(17, 6, 226128).
cost(17, 7, 232555).
cost(17, 8, 276653).
cost(17, 9, 268310).
cost(17, 10, 147142).
cost(17, 11, 101284).
cost(17, 12, 85293).
cost(17, 13, 56559).
cost(17, 14, 371177).
cost(17, 15, 63194).
cost(17, 16, 61001).
cost(17, 18, 217795).
cost(17, 19, 211463).
cost(17, 20, 249712).
cost(17, 21, 191237).
cost(17, 22, 78107).
cost(17, 23, 273732).
cost(17, 24, 169626).
cost(17, 25, 199384).
cost(17, 26, 304647).
cost(17, 27, 221283).
cost(17, 28, 303327).
cost(17, 29, 157933).
cost(18, 1, 437339).
cost(18, 2, 296914).
cost(18, 3, 195120).
cost(18, 4, 303404).
cost(18, 5, 158528).
cost(18, 6, 378432).
cost(18, 7, 137785).
cost(18, 8, 337715).
cost(18, 9, 475125).
cost(18, 10, 299084).
cost(18, 11, 223355).
cost(18, 12, 221071).
cost(18, 13, 267501).
cost(18, 14, 160140).
cost(18, 15, 154807).
cost(18, 16, 197208).
cost(18, 17, 217795).
cost(18, 19, 176776).
cost(18, 20, 450993).
cost(18, 21, 252327).
cost(18, 22, 208689).
cost(18, 23, 443945).
cost(18, 24, 372217).
cost(18, 25, 271092).
cost(18, 26, 505090).
cost(18, 27, 173402).
cost(18, 28, 168261).
cost(18, 29, 338050).
cost(19, 1, 492173).
cost(19, 2, 339452).
cost(19, 3, 191254).
cost(19, 4, 301042).
cost(19, 5, 329380).
cost(19, 6, 434126).
cost(19, 7, 297661).
cost(19, 8, 165538).
cost(19, 9, 386789).
cost(19, 10, 351723).
cost(19, 11, 135405).
cost(19, 12, 273809).
cost(19, 13, 227756).
cost(19, 14, 247093).
cost(19, 15, 172384).
cost(19, 16, 240280).
cost(19, 17, 211463).
cost(19, 18, 176776).
cost(19, 20, 455544).
cost(19, 21, 96905).
cost(19, 22, 143932).
cost(19, 23, 316122).
cost(19, 24, 290887).
cost(19, 25, 114918).
cost(19, 26, 509572).
cost(19, 27, 319440).
cost(19, 28, 115440).
cost(19, 29, 238356).
cost(20, 1, 132917).
cost(20, 2, 161365).
cost(20, 3, 273143).
cost(20, 4, 156228).
cost(20, 5, 446382).
cost(20, 6, 134781).
cost(20, 7, 404433).
cost(20, 8, 467783).
cost(20, 9, 240396).
cost(20, 10, 168586).
cost(20, 11, 325078).
cost(20, 12, 232298).
cost(20, 13, 229145).
cost(20, 14, 610572).
cost(20, 15, 307474).
cost(20, 16, 253796).
cost(20, 17, 249712).
cost(20, 18, 450993).
cost(20, 19, 455544).
cost(20, 21, 407641).
cost(20, 22, 311934).
cost(20, 23, 343254).
cost(20, 24, 229756).
cost(20, 25, 407077).
cost(20, 26, 55005).
cost(20, 27, 368683).
cost(20, 28, 552946).
cost(20, 29, 278968).
cost(21, 1, 468692).
cost(21, 2, 321765).
cost(21, 3, 179687).
cost(21, 4, 263696).
cost(21, 5, 389531).
cost(21, 6, 414775).
cost(21, 7, 350677).
cost(21, 8, 93378).
cost(21, 9, 300047).
cost(21, 10, 338135).
cost(21, 11, 90460).
cost(21, 12, 271731).
cost(21, 13, 182156).
cost(21, 14, 343402).
cost(21, 15, 181888).
cost(21, 16, 240280).
cost(21, 17, 191237).
cost(21, 18, 252327).
cost(21, 19, 96905).
cost(21, 20, 407641).
cost(21, 22, 113303).
cost(21, 23, 220006).
cost(21, 24, 211977).
cost(21, 25, 19058).
cost(21, 26, 458888).
cost(21, 27, 361754).
cost(21, 28, 209531).
cost(21, 29, 155042).
cost(22, 1, 358794).
cost(22, 2, 209438).
cost(22, 3, 67312).
cost(22, 4, 159012).
cost(22, 5, 311776).
cost(22, 6, 303372).
cost(22, 7, 267645).
cost(22, 8, 201046).
cost(22, 9, 269520).
cost(22, 10, 225232).
cost(22, 11, 25514).
cost(22, 12, 159186).
cost(22, 13, 83919).
cost(22, 14, 343710).
cost(22, 15, 81005).
cost(22, 16, 128888).
cost(22, 17, 78107).
cost(22, 18, 208689).
cost(22, 19, 143932).
cost(22, 20, 311934).
cost(22, 21, 113303).
cost(22, 23, 238828).
cost(22, 24, 166840).
cost(22, 25, 122517).
cost(22, 26, 365755).
cost(22, 27, 268443).
cost(22, 28, 248820).
cost(22, 29, 129412).
cost(23, 1, 455379).
cost(23, 2, 353786).
cost(23, 3, 283183).
cost(23, 4, 272842).
cost(23, 5, 547240).
cost(23, 6, 420589).
cost(23, 7, 501542).
cost(23, 8, 204094).
cost(23, 9, 125072).
cost(23, 10, 374245).
cost(23, 11, 220924).
cost(23, 12, 350339).
cost(23, 13, 221154).
cost(23, 14, 559312).
cost(23, 15, 314197).
cost(23, 16, 333761).
cost(23, 17, 273732).
cost(23, 18, 443945).
cost(23, 19, 316122).
cost(23, 20, 343254).
cost(23, 21, 220006).
cost(23, 22, 238828).
cost(23, 24, 125513).
cost(23, 25, 203655).
cost(23, 26, 377267).
cost(23, 27, 494607).
cost(23, 28, 429504).
cost(23, 29, 115892).
cost(24, 1, 332481).
cost(24, 2, 229470).
cost(24, 3, 185843).
cost(24, 4, 148594).
cost(24, 5, 448971).
cost(24, 6, 295436).
cost(24, 7, 402050).
cost(24, 8, 248225).
cost(24, 9, 103001).
cost(24, 10, 249901).
cost(24, 11, 161263).
cost(24, 12, 234998).
cost(24, 13, 113072).
cost(24, 14, 510378).
cost(24, 15, 223672).
cost(24, 16, 224518).
cost(24, 17, 169626).
cost(24, 18, 372217).
cost(24, 19, 290887).
cost(24, 20, 229756).
cost(24, 21, 211977).
cost(24, 22, 166840).
cost(24, 23, 125513).
cost(24, 25, 204133).
cost(24, 26, 271806).
cost(24, 27, 388027).
cost(24, 28, 404875).
cost(24, 29, 58061).
cost(25, 1, 473179).
cost(25, 2, 328375).
cost(25, 3, 189729).
cost(25, 4, 266884).
cost(25, 5, 406886).
cost(25, 6, 420365).
cost(25, 7, 367447).
cost(25, 8, 79301).
cost(25, 9, 288478).
cost(25, 10, 345374).
cost(25, 11, 98138).
cost(25, 12, 281701).
cost(25, 13, 184974).
cost(25, 14, 361808).
cost(25, 15, 195164).
cost(25, 16, 251024).
cost(25, 17, 199384).
cost(25, 18, 271092).
cost(25, 19, 114918).
cost(25, 20, 407077).
cost(25, 21, 19058).
cost(25, 22, 122517).
cost(25, 23, 203655).
cost(25, 24, 204133).
cost(25, 26, 457394).
cost(25, 27, 377311).
cost(25, 28, 226076).
cost(25, 29, 146363).
cost(26, 1, 146794).
cost(26, 2, 212506).
cost(26, 3, 328117).
cost(26, 4, 211106).
cost(26, 5, 494174).
cost(26, 6, 168525).
cost(26, 7, 453533).
cost(26, 8, 515232).
cost(26, 9, 264674).
cost(26, 10, 217352).
cost(26, 11, 378059).
cost(26, 12, 285407).
cost(26, 13, 282458).
cost(26, 14, 664874).
cost(26, 15, 362448).
cost(26, 16, 308017).
cost(26, 17, 304647).
cost(26, 18, 505090).
cost(26, 19, 509572).
cost(26, 20, 55005).
cost(26, 21, 458888).
cost(26, 22, 365755).
cost(26, 23, 377267).
cost(26, 24, 271806).
cost(26, 25, 457394).
cost(26, 27, 416075).
cost(26, 28, 607805).
cost(26, 29, 324389).
cost(27, 1, 309899).
cost(27, 2, 209858).
cost(27, 3, 212024).
cost(27, 4, 261724).
cost(27, 5, 78186).
cost(27, 6, 258049).
cost(27, 7, 45210).
cost(27, 8, 455081).
cost(27, 9, 480699).
cost(27, 10, 200144).
cost(27, 11, 292876).
cost(27, 12, 158468).
cost(27, 13, 276374).
cost(27, 14, 307252).
cost(27, 15, 187451).
cost(27, 16, 163510).
cost(27, 17, 221283).
cost(27, 18, 173402).
cost(27, 19, 319440).
cost(27, 20, 368683).
cost(27, 21, 361754).
cost(27, 22, 268443).
cost(27, 23, 494607).
cost(27, 24, 388027).
cost(27, 25, 377311).
cost(27, 26, 416075).
cost(27, 28, 340519).
cost(27, 29, 378717).
cost(28, 1, 570979).
cost(28, 2, 419762).
cost(28, 3, 280228).
cost(28, 4, 396718).
cost(28, 5, 323037).
cost(28, 6, 511446).
cost(28, 7, 306035).
cost(28, 8, 257784).
cost(28, 9, 501976).
cost(28, 10, 428129).
cost(28, 11, 245788).
cost(28, 12, 346532).
cost(28, 13, 331539).
cost(28, 14, 152366).
cost(28, 15, 249840).
cost(28, 16, 314830).
cost(28, 17, 303327).
cost(28, 18, 168261).
cost(28, 19, 115440).
cost(28, 20, 552946).
cost(28, 21, 209531).
cost(28, 22, 248820).
cost(28, 23, 429504).
cost(28, 24, 404875).
cost(28, 25, 226076).
cost(28, 26, 607805).
cost(28, 27, 340519).
cost(28, 29, 353455).
cost(29, 1, 370148).
cost(29, 2, 249177).
cost(29, 3, 167522).
cost(29, 4, 170357).
cost(29, 5, 432354).
cost(29, 6, 326890).
cost(29, 7, 386338).
cost(29, 8, 191806).
cost(29, 9, 148535).
cost(29, 10, 269352).
cost(29, 11, 116942).
cost(29, 12, 236428).
cost(29, 13, 106866).
cost(29, 14, 467102).
cost(29, 15, 199972).
cost(29, 16, 218260).
cost(29, 17, 157933).
cost(29, 18, 338050).
cost(29, 19, 238356).
cost(29, 20, 278968).
cost(29, 21, 155042).
cost(29, 22, 129412).
cost(29, 23, 115892).
cost(29, 24, 58061).
cost(29, 25, 146363).
cost(29, 26, 324389).
cost(29, 27, 378717).
cost(29, 28, 353455).
