dimension(29).
point(1, -482702.0, -202972.0).
point(2, -273719.0, 334411.0).
point(3, 68586.0, -112643.0).
point(4, 116094.0, -84764.0).
point(5, 303819.0, -116471.0).
point(6, 131951.0, -133006.0).
point(7, 197616.0, -50401.0).
point(8, 269667.0, -47737.0).
point(9, -41529.0, -208248.0).
point(10, -150395.0, -45155.0).
point(11, -122838.0, -55436.0).
point(12, 12185.0, 54353.0).
point(13, -227554.0, -61330.0).
point(14, 165611.0, 405646.0).
point(15, 93733.0, 205794.0).
point(16, 84128.0, 78802.0).
point(17, 127171.0, -310248.0).
point(18, 92849.0, -89967.0).
point(19, 95717.0, -121730.0).
point(20, -156301.0, 197136.0).
point(21, -234792.0, -304792.0).
point(22, -104791.0, -283689.0).
point(23, 376456.0, -242597.0).
point(24, -79930.0, -70300.0).
point(25, -151499.0, -201548.0).
point(26, 153411.0, 72989.0).
point(27, 506854.0, -89954.0).
point(28, 77171.0, 125753.0).
point(29, -259573.0, 236239.0).
cost(1, 2, 576589).
cost(1, 3, 558639).
cost(1, 4, 610352).
cost(1, 5, 791263).
cost(1, 6, 618622).
cost(1, 7, 697216).
cost(1, 8, 768217).
cost(1, 9, 441205).
cost(1, 10, 367878).
cost(1, 11, 388933).
cost(1, 12, 557790).
cost(1, 13, 291827).
cost(1, 14, 889228).
cost(1, 15, 706659).
cost(1, 16, 633003).
cost(1, 17, 619236).
cost(1, 18, 586540).
cost(1, 19, 584097).
cost(1, 20, 516356).
cost(1, 21, 268005).
cost(1, 22, 386435).
cost(1, 23, 860071).
cost(1, 24, 424060).
cost(1, 25, 331206).
cost(1, 26, 693393).
cost(1, 27, 995989).
cost(1, 28, 649244).
cost(1, 29, 492639).
cost(2, 1, 576589).
cost(2, 3, 563054).
cost(2, 4, 572418).
cost(2, 5, 732697).
cost(2, 6, 618908).
cost(2, 7, 608471).
cost(2, 8, 664308).
cost(2, 9, 590247).
cost(2, 10, 399098).
cost(2, 11, 418026).
cost(2, 12, 400217).
cost(2, 13, 398425).
cost(2, 14, 445068).
cost(2, 15, 389311).
cost(2, 16, 439762).
cost(2, 17, 759143).
cost(2, 18, 560775).
cost(2, 19, 586982).
cost(2, 20, 180642).
cost(2, 21, 640387).
cost(2, 22, 640769).
cost(2, 23, 869290).
cost(2, 24, 448715).
cost(2, 25, 549718).
cost(2, 26, 500781).
cost(2, 27, 888471).
cost(2, 28, 408243).
cost(2, 29, 99186).
cost(3, 1, 558639).
cost(3, 2, 563054).
cost(3, 4, 55084).
cost(3, 5, 235264).
cost(3, 6, 66557).
cost(3, 7, 143258).
cost(3, 8, 211297).
cost(3, 9, 145827).
cost(3, 10, 229145).
cost(3, 11, 199789).
cost(3, 12, 176263).
cost(3, 13, 300553).
cost(3, 14, 527292).
cost(3, 15, 319428).
cost(3, 16, 192075).
cost(3, 17, 206107).
cost(3, 18, 33210).
cost(3, 19, 28612).
cost(3, 20, 382802).
cost(3, 21, 359109).
cost(3, 22, 243549).
cost(3, 23, 334174).
cost(3, 24, 154434).
cost(3, 25, 237364).
cost(3, 26, 204094).
cost(3, 27, 438855).
cost(3, 28, 238551).
cost(3, 29, 478964).
cost(4, 1, 610352).
cost(4, 2, 572418).
cost(4, 3, 55084).
cost(4, 5, 190384).
cost(4, 6, 50781).
cost(4, 7, 88468).
cost(4, 8, 157974).
cost(4, 9, 200233).
cost(4, 10, 269417).
cost(4, 11, 240725).
cost(4, 12, 173639).
cost(4, 13, 344446).
cost(4, 14, 492904).
cost(4, 15, 291417).
cost(4, 16, 166660).
cost(4, 17, 225756).
cost(4, 18, 23820).
cost(4, 19, 42210).
cost(4, 20, 392003).
cost(4, 21, 414166).
cost(4, 22, 297256).
cost(4, 23, 304466).
cost(4, 24, 196557).
cost(4, 25, 291967).
cost(4, 26, 162107).
cost(4, 27, 390794).
cost(4, 28, 214085).
cost(4, 29, 494134).
cost(5, 1, 791263).
cost(5, 2, 732697).
cost(5, 3, 235264).
cost(5, 4, 190384).
cost(5, 6, 172662).
cost(5, 7, 125077).
cost(5, 8, 76751).
cost(5, 9, 357335).
cost(5, 10, 459779).
cost(5, 11, 431001).
cost(5, 12, 337981).
cost(5, 13, 534226).
cost(5, 14, 540100).
cost(5, 15, 384696).
cost(5, 16, 293931).
cost(5, 17, 262210).
cost(5, 18, 212628).
cost(5, 19, 208168).
cost(5, 20, 556830).
cost(5, 21, 570584).
cost(5, 22, 441502).
cost(5, 23, 145547).
cost(5, 24, 386517).
cost(5, 25, 463198).
cost(5, 26, 241904).
cost(5, 27, 204759).
cost(5, 28, 331725).
cost(5, 29, 664692).
cost(6, 1, 618622).
cost(6, 2, 618908).
cost(6, 3, 66557).
cost(6, 4, 50781).
cost(6, 5, 172662).
cost(6, 7, 105525).
cost(6, 8, 161977).
cost(6, 9, 189094).
cost(6, 10, 295698).
cost(6, 11, 266335).
cost(6, 12, 222367).
cost(6, 13, 366581).
cost(6, 14, 539703).
cost(6, 15, 340949).
cost(6, 16, 217140).
cost(6, 17, 177306).
cost(6, 18, 58149).
cost(6, 19, 37948).
cost(6, 20, 438273).
cost(6, 21, 404983).
cost(6, 22, 280628).
cost(6, 23, 267942).
cost(6, 24, 220965).
cost(6, 25, 291619).
cost(6, 26, 207110).
cost(6, 27, 377367).
cost(6, 28, 264494).
cost(6, 29, 538176).
cost(7, 1, 697216).
cost(7, 2, 608471).
cost(7, 3, 143258).
cost(7, 4, 88468).
cost(7, 5, 125077).
cost(7, 6, 105525).
cost(7, 8, 72100).
cost(7, 9, 286541).
cost(7, 10, 348051).
cost(7, 11, 320494).
cost(7, 12, 212974).
cost(7, 13, 425310).
cost(7, 14, 457169).
cost(7, 15, 276455).
cost(7, 16, 171968).
cost(7, 17, 269227).
cost(7, 18, 111989).
cost(7, 19, 124383).
cost(7, 20, 431893).
cost(7, 21, 501689).
cost(7, 22, 381934).
cost(7, 23, 262532).
cost(7, 24, 278258).
cost(7, 25, 380430).
cost(7, 26, 131069).
cost(7, 27, 311757).
cost(7, 28, 213395).
cost(7, 29, 539615).
cost(8, 1, 768217).
cost(8, 2, 664308).
cost(8, 3, 211297).
cost(8, 4, 157974).
cost(8, 5, 76751).
cost(8, 6, 161977).
cost(8, 7, 72100).
cost(8, 9, 350152).
cost(8, 10, 420070).
cost(8, 11, 392581).
cost(8, 12, 276983).
cost(8, 13, 497407).
cost(8, 14, 465171).
cost(8, 15, 308595).
cost(8, 16, 224581).
cost(8, 17, 298692).
cost(8, 18, 181791).
cost(8, 19, 189033).
cost(8, 20, 491336).
cost(8, 21, 566177).
cost(8, 22, 442597).
cost(8, 23, 222203).
cost(8, 24, 350324).
cost(8, 25, 448373).
cost(8, 26, 167601).
cost(8, 27, 240915).
cost(8, 28, 259140).
cost(8, 29, 600614).
cost(9, 1, 441205).
cost(9, 2, 590247).
cost(9, 3, 145827).
cost(9, 4, 200233).
cost(9, 5, 357335).
cost(9, 6, 189094).
cost(9, 7, 286541).
cost(9, 8, 350152).
cost(9, 10, 196090).
cost(9, 11, 173097).
cost(9, 12, 268038).
cost(9, 13, 237045).
cost(9, 14, 647899).
cost(9, 15, 435576).
cost(9, 16, 313349).
cost(9, 17, 197139).
cost(9, 18, 179019).
cost(9, 19, 162240).
cost(9, 20, 421318).
cost(9, 21, 216035).
cost(9, 22, 98455).
cost(9, 23, 419394).
cost(9, 24, 143193).
cost(9, 25, 110174).
cost(9, 26, 342193).
cost(9, 27, 560997).
cost(9, 28, 354466).
cost(9, 29, 495088).
cost(10, 1, 367878).
cost(10, 2, 399098).
cost(10, 3, 229145).
cost(10, 4, 269417).
cost(10, 5, 459779).
cost(10, 6, 295698).
cost(10, 7, 348051).
cost(10, 8, 420070).
cost(10, 9, 196090).
cost(10, 11, 29412).
cost(10, 12, 190615).
cost(10, 13, 78836).
cost(10, 14, 550528).
cost(10, 15, 350106).
cost(10, 16, 265267).
cost(10, 17, 383819).
cost(10, 18, 247337).
cost(10, 19, 257750).
cost(10, 20, 242363).
cost(10, 21, 273010).
cost(10, 22, 242854).
cost(10, 23, 562632).
cost(10, 24, 74817).
cost(10, 25, 156397).
cost(10, 26, 325969).
cost(10, 27, 658774).
cost(10, 28, 284598).
cost(10, 29, 301832).
cost(11, 1, 388933).
cost(11, 2, 418026).
cost(11, 3, 199789).
cost(11, 4, 240725).
cost(11, 5, 431001).
cost(11, 6, 266335).
cost(11, 7, 320494).
cost(11, 8, 392581).
cost(11, 9, 173097).
cost(11, 10, 29412).
cost(11, 12, 174025).
cost(11, 13, 104882).
cost(11, 14, 543874).
cost(11, 15, 339329).
cost(11, 16, 246688).
cost(11, 17, 356979).
cost(11, 18, 218434).
cost(11, 19, 228388).
cost(11, 20, 254779).
cost(11, 21, 273335).
cost(11, 22, 228965).
cost(11, 23, 533220).
cost(11, 24, 45410).
cost(11, 25, 148897).
cost(11, 26, 304642).
cost(11, 27, 630637).
cost(11, 28, 269876).
cost(11, 29, 322135).
cost(12, 1, 557790).
cost(12, 2, 400217).
cost(12, 3, 176263).
cost(12, 4, 173639).
cost(12, 5, 337981).
cost(12, 6, 222367).
cost(12, 7, 212974).
cost(12, 8, 276983).
cost(12, 9, 268038).
cost(12, 10, 190615).
cost(12, 11, 174025).
cost(12, 13, 266190).
cost(12, 14, 383336).
cost(12, 15, 172001).
cost(12, 16, 75984).
cost(12, 17, 382303).
cost(12, 18, 165333).
cost(12, 19, 194892).
cost(12, 20, 220850).
cost(12, 21, 435870).
cost(12, 22, 357709).
cost(12, 23, 469971).
cost(12, 24, 154995).
cost(12, 25, 303773).
cost(12, 26, 142450).
cost(12, 27, 515288).
cost(12, 28, 96546).
cost(12, 29, 327009).
cost(13, 1, 291827).
cost(13, 2, 398425).
cost(13, 3, 300553).
cost(13, 4, 344446).
cost(13, 5, 534226).
cost(13, 6, 366581).
cost(13, 7, 425310).
cost(13, 8, 497407).
cost(13, 9, 237045).
cost(13, 10, 78836).
cost(13, 11, 104882).
cost(13, 12, 266190).
cost(13, 14, 610447).
cost(13, 15, 417828).
cost(13, 16, 341735).
cost(13, 17, 433347).
cost(13, 18, 321680).
cost(13, 19, 328865).
cost(13, 20, 268108).
cost(13, 21, 243570).
cost(13, 22, 253997).
cost(13, 23, 630623).
cost(13, 24, 147896).
cost(13, 25, 159516).
cost(13, 26, 403950).
cost(13, 27, 734966).
cost(13, 28, 357571).
cost(13, 29, 299287).
cost(14, 1, 889228).
cost(14, 2, 445068).
cost(14, 3, 527292).
cost(14, 4, 492904).
cost(14, 5, 540100).
cost(14, 6, 539703).
cost(14, 7, 457169).
cost(14, 8, 465171).
cost(14, 9, 647899).
cost(14, 10, 550528).
cost(14, 11, 543874).
cost(14, 12, 383336).
cost(14, 13, 610447).
cost(14, 15, 212385).
cost(14, 16, 336848).
cost(14, 17, 716925).
cost(14, 18, 500926).
cost(14, 19, 531987).
cost(14, 20, 383541).
cost(14, 21, 815503).
cost(14, 22, 740473).
cost(14, 23, 681670).
cost(14, 24, 535551).
cost(14, 25, 685013).
cost(14, 26, 332881).
cost(14, 27, 601719).
cost(14, 28, 293533).
cost(14, 29, 457690).
cost(15, 1, 706659).
cost(15, 2, 389311).
cost(15, 3, 319428).
cost(15, 4, 291417).
cost(15, 5, 384696).
cost(15, 6, 340949).
cost(15, 7, 276455).
cost(15, 8, 308595).
cost(15, 9, 435576).
cost(15, 10, 350106).
cost(15, 11, 339329).
cost(15, 12, 172001).
cost(15, 13, 417828).
cost(15, 14, 212385).
cost(15, 16, 127355).
cost(15, 17, 517124).
cost(15, 18, 295762).
cost(15, 19, 327530).
cost(15, 20, 250184).
cost(15, 21, 607146).
cost(15, 22, 528210).
cost(15, 23, 530082).
cost(15, 24, 326170).
cost(15, 25, 475464).
cost(15, 26, 145597).
cost(15, 27, 508071).
cost(15, 28, 81737).
cost(15, 29, 354615).
cost(16, 1, 633003).
cost(16, 2, 439762).
cost(16, 3, 192075).
cost(16, 4, 166660).
cost(16, 5, 293931).
cost(16, 6, 217140).
cost(16, 7, 171968).
cost(16, 8, 224581).
cost(16, 9, 313349).
cost(16, 10, 265267).
cost(16, 11, 246688).
cost(16, 12, 75984).
cost(16, 13, 341735).
cost(16, 14, 336848).
cost(16, 15, 127355).
cost(16, 17, 391424).
cost(16, 18, 168994).
cost(16, 19, 200867).
cost(16, 20, 267972).
cost(16, 21, 498853).
cost(16, 22, 408767).
cost(16, 23, 434457).
cost(16, 24, 221690).
cost(16, 25, 366219).
cost(16, 26, 69526).
cost(16, 27, 455166).
cost(16, 28, 47464).
cost(16, 29, 378043).
cost(17, 1, 619236).
cost(17, 2, 759143).
cost(17, 3, 206107).
cost(17, 4, 225756).
cost(17, 5, 262210).
cost(17, 6, 177306).
cost(17, 7, 269227).
cost(17, 8, 298692).
cost(17, 9, 197139).
cost(17, 10, 383819).
cost(17, 11, 356979).
cost(17, 12, 382303).
cost(17, 13, 433347).
cost(17, 14, 716925).
cost(17, 15, 517124).
cost(17, 16, 391424).
cost(17, 18, 222939).
cost(17, 19, 191124).
cost(17, 20, 581201).
cost(17, 21, 362004).
cost(17, 22, 233478).
cost(17, 23, 258302).
cost(17, 24, 316964).
cost(17, 25, 299120).
cost(17, 26, 384134).
cost(17, 27, 438963).
cost(17, 28, 438859).
cost(17, 29, 669492).
cost(18, 1, 586540).
cost(18, 2, 560775).
cost(18, 3, 33210).
cost(18, 4, 23820).
cost(18, 5, 212628).
cost(18, 6, 58149).
cost(18, 7, 111989).
cost(18, 8, 181791).
cost(18, 9, 179019).
cost(18, 10, 247337).
cost(18, 11, 218434).
cost(18, 12, 165333).
cost(18, 13, 321680).
cost(18, 14, 500926).
cost(18, 15, 295762).
cost(18, 16, 168994).
cost(18, 17, 222939).
cost(18, 19, 31892).
cost(18, 20, 380137).
cost(18, 21, 391789).
cost(18, 22, 276749).
cost(18, 23, 322070).
cost(18, 24, 173895).
cost(18, 25, 268619).
cost(18, 26, 173846).
cost(18, 27, 414005).
cost(18, 28, 216289).
cost(18, 29, 480220).
cost(19, 1, 584097).
cost(19, 2, 586982).
cost(19, 3, 28612).
cost(19, 4, 42210).
cost(19, 5, 208168).
cost(19, 6, 37948).
cost(19, 7, 124383).
cost(19, 8, 189033).
cost(19, 9, 162240).
cost(19, 10, 257750).
cost(19, 11, 228388).
cost(19, 12, 194892).
cost(19, 13, 328865).
cost(19, 14, 531987).
cost(19, 15, 327530).
cost(19, 16, 200867).
cost(19, 17, 191124).
cost(19, 18, 31892).
cost(19, 20, 406434).
cost(19, 21, 377820).
cost(19, 22, 257748).
cost(19, 23, 305652).
cost(19, 24, 183022).
cost(19, 25, 259782).
cost(19, 26, 203086).
cost(19, 27, 412363).
cost(19, 28, 248177).
cost(19, 29, 504354).
cost(20, 1, 516356).
cost(20, 2, 180642).
cost(20, 3, 382802).
cost(20, 4, 392003).
cost(20, 5, 556830).
cost(20, 6, 438273).
cost(20, 7, 431893).
cost(20, 8, 491336).
cost(20, 9, 421318).
cost(20, 10, 242363).
cost(20, 11, 254779).
cost(20, 12, 220850).
cost(20, 13, 268108).
cost(20, 14, 383541).
cost(20, 15, 250184).
cost(20, 16, 267972).
cost(20, 17, 581201).
cost(20, 18, 380137).
cost(20, 19, 406434).
cost(20, 21, 508028).
cost(20, 22, 483576).
cost(20, 23, 690793).
cost(20, 24, 278127).
cost(20, 25, 398713).
cost(20, 26, 333667).
cost(20, 27, 722631).
cost(20, 28, 244141).
cost(20, 29, 110427).
cost(21, 1, 268005).
cost(21, 2, 640387).
cost(21, 3, 359109).
cost(21, 4, 414166).
cost(21, 5, 570584).
cost(21, 6, 404983).
cost(21, 7, 501689).
cost(21, 8, 566177).
cost(21, 9, 216035).
cost(21, 10, 273010).
cost(21, 11, 273335).
cost(21, 12, 435870).
cost(21, 13, 243570).
cost(21, 14, 815503).
cost(21, 15, 607146).
cost(21, 16, 498853).
cost(21, 17, 362004).
cost(21, 18, 391789).
cost(21, 19, 377820).
cost(21, 20, 508028).
cost(21, 22, 131703).
cost(21, 23, 614404).
cost(21, 24, 281014).
cost(21, 25, 132654).
cost(21, 26, 541683).
cost(21, 27, 772136).
cost(21, 28, 531686).
cost(21, 29, 541598).
cost(22, 1, 386435).
cost(22, 2, 640769).
cost(22, 3, 243549).
cost(22, 4, 297256).
cost(22, 5, 441502).
cost(22, 6, 280628).
cost(22, 7, 381934).
cost(22, 8, 442597).
cost(22, 9, 98455).
cost(22, 10, 242854).
cost(22, 11, 228965).
cost(22, 12, 357709).
cost(22, 13, 253997).
cost(22, 14, 740473).
cost(22, 15, 528210).
cost(22, 16, 408767).
cost(22, 17, 233478).
cost(22, 18, 276749).
cost(22, 19, 257748).
cost(22, 20, 483576).
cost(22, 21, 131703).
cost(22, 23, 482998).
cost(22, 24, 214832).
cost(22, 25, 94492).
cost(22, 26, 440327).
cost(22, 27, 641594).
cost(22, 28, 448055).
cost(22, 29, 542478).
cost(23, 1, 860071).
cost(23, 2, 869290).
cost(23, 3, 334174).
cost(23, 4, 304466).
cost(23, 5, 145547).
cost(23, 6, 267942).
cost(23, 7, 262532).
cost(23, 8, 222203).
cost(23, 9, 419394).
cost(23, 10, 562632).
cost(23, 11, 533220).
cost(23, 12, 469971).
cost(23, 13, 630623).
cost(23, 14, 681670).
cost(23, 15, 530082).
cost(23, 16, 434457).
cost(23, 17, 258302).
cost(23, 18, 322070).
cost(23, 19, 305652).
cost(23, 20, 690793).
cost(23, 21, 614404).
cost(23, 22, 482998).
cost(23, 24, 487826).
cost(23, 25, 529548).
cost(23, 26, 386450).
cost(23, 27, 200757).
cost(23, 28, 474609).
cost(23, 29, 796126).
cost(24, 1, 424060).
cost(24, 2, 448715).
cost(24, 3, 154434).
cost(24, 4, 196557).
cost(24, 5, 386517).
cost(24, 6, 220965).
cost(24, 7, 278258).
cost(24, 8, 350324).
cost(24, 9, 143193).
cost(24, 10, 74817).
cost(24, 11, 45410).
cost(24, 12, 154995).
cost(24, 13, 147896).
cost(24, 14, 535551).
cost(24, 15, 326170).
cost(24, 16, 221690).
cost(24, 17, 316964).
cost(24, 18, 173895).
cost(24, 19, 183022).
cost(24, 20, 278127).
cost(24, 21, 281014).
cost(24, 22, 214832).
cost(24, 23, 487826).
cost(24, 25, 149493).
cost(24, 26, 273824).
cost(24, 27, 587113).
cost(24, 28, 251232).
cost(24, 29, 355300).
cost(25, 1, 331206).
cost(25, 2, 549718).
cost(25, 3, 237364).
cost(25, 4, 291967).
cost(25, 5, 463198).
cost(25, 6, 291619).
cost(25, 7, 380430).
cost(25, 8, 448373).
cost(25, 9, 110174).
cost(25, 10, 156397).
cost(25, 11, 148897).
cost(25, 12, 303773).
cost(25, 13, 159516).
cost(25, 14, 685013).
cost(25, 15, 475464).
cost(25, 16, 366219).
cost(25, 17, 299120).
cost(25, 18, 268619).
cost(25, 19, 259782).
cost(25, 20, 398713).
cost(25, 21, 132654).
cost(25, 22, 94492).
cost(25, 23, 529548).
cost(25, 24, 149493).
cost(25, 26, 410293).
cost(25, 27, 667744).
cost(25, 28, 399269).
cost(25, 29, 450930).
cost(26, 1, 693393).
cost(26, 2, 500781).
cost(26, 3, 204094).
cost(26, 4, 162107).
cost(26, 5, 241904).
cost(26, 6, 207110).
cost(26, 7, 131069).
cost(26, 8, 167601).
cost(26, 9, 342193).
cost(26, 10, 325969).
cost(26, 11, 304642).
cost(26, 12, 142450).
cost(26, 13, 403950).
cost(26, 14, 332881).
cost(26, 15, 145597).
cost(26, 16, 69526).
cost(26, 17, 384134).
cost(26, 18, 173846).
cost(26, 19, 203086).
cost(26, 20, 333667).
cost(26, 21, 541683).
cost(26, 22, 440327).
cost(26, 23, 386450).
cost(26, 24, 273824).
cost(26, 25, 410293).
cost(26, 27, 389195).
cost(26, 28, 92718).
cost(26, 29, 444079).
cost(27, 1, 995989).
cost(27, 2, 888471).
cost(27, 3, 438855).
cost(27, 4, 390794).
cost(27, 5, 204759).
cost(27, 6, 377367).
cost(27, 7, 311757).
cost(27, 8, 240915).
cost(27, 9, 560997).
cost(27, 10, 658774).
cost(27, 11, 630637).
cost(27, 12, 515288).
cost(27, 13, 734966).
cost(27, 14, 601719).
cost(27, 15, 508071).
cost(27, 16, 455166).
cost(27, 17, 438963).
cost(27, 18, 414005).
cost(27, 19, 412363).
cost(27, 20, 722631).
cost(27, 21, 772136).
cost(27, 22, 641594).
cost(27, 23, 200757).
cost(27, 24, 587113).
cost(27, 25, 667744).
cost(27, 26, 389195).
cost(27, 28, 480788).
cost(27, 29, 832954).
cost(28, 1, 649244).
cost(28, 2, 408243).
cost(28, 3, 238551).
cost(28, 4, 214085).
cost(28, 5, 331725).
cost(28, 6, 264494).
cost(28, 7, 213395).
cost(28, 8, 259140).
cost(28, 9, 354466).
cost(28, 10, 284598).
cost(28, 11, 269876).
cost(28, 12, 96546).
cost(28, 13, 357571).
cost(28, 14, 293533).
cost(28, 15, 81737).
cost(28, 16, 47464).
cost(28, 17, 438859).
cost(28, 18, 216289).
cost(28, 19, 248177).
cost(28, 20, 244141).
cost(28, 21, 531686).
cost(28, 22, 448055).
cost(28, 23, 474609).
cost(28, 24, 251232).
cost(28, 25, 399269).
cost(28, 26, 92718).
cost(28, 27, 480788).
cost(28, 29, 354406).
cost(29, 1, 492639).
cost(29, 2, 99186).
cost(29, 3, 478964).
cost(29, 4, 494134).
cost(29, 5, 664692).
cost(29, 6, 538176).
cost(29, 7, 539615).
cost(29, 8, 600614).
cost(29, 9, 495088).
cost(29, 10, 301832).
cost(29, 11, 322135).
cost(29, 12, 327009).
cost(29, 13, 299287).
cost(29, 14, 457690).
cost(29, 15, 354615).
cost(29, 16, 378043).
cost(29, 17, 669492).
cost(29, 18, 480220).
cost(29, 19, 504354).
cost(29, 20, 110427).
cost(29, 21, 541598).
cost(29, 22, 542478).
cost(29, 23, 796126).
cost(29, 24, 355300).
cost(29, 25, 450930).
cost(29, 26, 444079).
cost(29, 27, 832954).
cost(29, 28, 354406).
