dimension(25).
point(1, -189704.0, 11526.0).
point(2, 129766.0, 129076.0).
point(3, 7665.0, -315668.0).
point(4, -45410.0, -64368.0).
point(5, -351324.0, 118028.0).
point(6, -14924.0, 30281.0).
point(7, -42534.0, -33343.0).
point(8, 151044.0, -173980.0).
point(9, 132830.0, -233843.0).
point(10, 105971.0, 77281.0).
point(11, 50603.0, 26529.0).
point(12, 95384.0, -140741.0).
point(13, -82400.0, 1401.0).
point(14, -70150.0, 145868.0).
point(15, -105219.0, 393525.0).
point(16, -174650.0, 297296.0).
point(17, -245049.0, 205749.0).
point(18, -48012.0, 142725.0).
point(19, 50571.0, -299918.0).
point(20, -81154.0, 228146.0).
point(21, 64621.0, 262944.0).
point(22, -150272.0, -66018.0).
point(23, 102051.0, -47263.0).
point(24, 43223.0, -138667.0).
point(25, -142189.0, 463735.0).
cost(1, 2, 340410).
cost(1, 3, 382113).
cost(1, 4, 163036).
cost(1, 5, 193555).
cost(1, 6, 175783).
cost(1, 7, 153858).
cost(1, 8, 387971).
cost(1, 9, 405258).
cost(1, 10, 302898).
cost(1, 11, 240775).
cost(1, 12, 323203).
cost(1, 13, 107781).
cost(1, 14, 179836).
cost(1, 15, 391230).
cost(1, 16, 286166).
cost(1, 17, 201955).
cost(1, 18, 193106).
cost(1, 19, 393357).
cost(1, 20, 242296).
cost(1, 21, 357620).
cost(1, 22, 86994).
cost(1, 23, 297619).
cost(1, 24, 277151).
cost(1, 25, 454698).
cost(2, 1, 340410).
cost(2, 3, 461200).
cost(2, 4, 260974).
cost(2, 5, 481217).
cost(2, 6, 175202).
cost(2, 7, 236785).
cost(2, 8, 303802).
cost(2, 9, 362932).
cost(2, 10, 56999).
cost(2, 11, 129548).
cost(2, 12, 271999).
cost(2, 13, 247619).
cost(2, 14, 200620).
cost(2, 15, 353767).
cost(2, 16, 347803).
cost(2, 17, 382577).
cost(2, 18, 178301).
cost(2, 19, 436243).
cost(2, 20, 233028).
cost(2, 21, 148878).
cost(2, 22, 341296).
cost(2, 23, 178504).
cost(2, 24, 281382).
cost(2, 25, 431226).
cost(3, 1, 382113).
cost(3, 2, 461200).
cost(3, 4, 256844).
cost(3, 5, 562997).
cost(3, 6, 346686).
cost(3, 7, 286753).
cost(3, 8, 201576).
cost(3, 9, 149538).
cost(3, 10, 405059).
cost(3, 11, 344880).
cost(3, 12, 195689).
cost(3, 13, 329613).
cost(3, 14, 468050).
cost(3, 15, 718121).
cost(3, 16, 639503).
cost(3, 17, 579431).
cost(3, 18, 461762).
cost(3, 19, 45705).
cost(3, 20, 551019).
cost(3, 21, 581408).
cost(3, 22, 295414).
cost(3, 23, 284517).
cost(3, 24, 180537).
cost(3, 25, 793678).
cost(4, 1, 163036).
cost(4, 2, 260974).
cost(4, 3, 256844).
cost(4, 5, 356162).
cost(4, 6, 99438).
cost(4, 7, 31158).
cost(4, 8, 224964).
cost(4, 9, 245950).
cost(4, 10, 207318).
cost(4, 11, 132215).
cost(4, 12, 160174).
cost(4, 13, 75457).
cost(4, 14, 211687).
cost(4, 15, 461783).
cost(4, 16, 384062).
cost(4, 17, 335885).
cost(4, 18, 207109).
cost(4, 19, 254354).
cost(4, 20, 294690).
cost(4, 21, 345311).
cost(4, 22, 104875).
cost(4, 23, 148450).
cost(4, 24, 115655).
cost(4, 25, 536898).
cost(5, 1, 193555).
cost(5, 2, 481217).
cost(5, 3, 562997).
cost(5, 4, 356162).
cost(5, 6, 347656).
cost(5, 7, 343896).
cost(5, 8, 581070).
cost(5, 9, 598513).
cost(5, 10, 459107).
cost(5, 11, 412210).
cost(5, 12, 516246).
cost(5, 13, 293125).
cost(5, 14, 282549).
cost(5, 15, 369413).
cost(5, 16, 251696).
cost(5, 17, 137802).
cost(5, 18, 304316).
cost(5, 19, 579826).
cost(5, 20, 291750).
cost(5, 21, 440467).
cost(5, 22, 272571).
cost(5, 23, 482566).
cost(5, 24, 470701).
cost(5, 25, 404043).
cost(6, 1, 175783).
cost(6, 2, 175202).
cost(6, 3, 346686).
cost(6, 4, 99438).
cost(6, 5, 347656).
cost(6, 7, 69357).
cost(6, 8, 263188).
cost(6, 9, 302643).
cost(6, 10, 129710).
cost(6, 11, 65634).
cost(6, 12, 203510).
cost(6, 13, 73397).
cost(6, 14, 128103).
cost(6, 15, 374299).
cost(6, 16, 311142).
cost(6, 17, 289390).
cost(6, 18, 117211).
cost(6, 19, 336632).
cost(6, 20, 208655).
cost(6, 21, 245885).
cost(6, 22, 166110).
cost(6, 23, 140343).
cost(6, 24, 178674).
cost(6, 25, 451751).
cost(7, 1, 153858).
cost(7, 2, 236785).
cost(7, 3, 286753).
cost(7, 4, 31158).
cost(7, 5, 343896).
cost(7, 6, 69357).
cost(7, 8, 239272).
cost(7, 9, 266370).
cost(7, 10, 185179).
cost(7, 11, 110721).
cost(7, 12, 174802).
cost(7, 13, 52881).
cost(7, 14, 181326).
cost(7, 15, 431446).
cost(7, 16, 356057).
cost(7, 17, 313333).
cost(7, 18, 176153).
cost(7, 19, 282366).
cost(7, 20, 264326).
cost(7, 21, 315069).
cost(7, 22, 112584).
cost(7, 23, 145254).
cost(7, 24, 135821).
cost(7, 25, 506969).
cost(8, 1, 387971).
cost(8, 2, 303802).
cost(8, 3, 201576).
cost(8, 4, 224964).
cost(8, 5, 581070).
cost(8, 6, 263188).
cost(8, 7, 239272).
cost(8, 9, 62573).
cost(8, 10, 255272).
cost(8, 11, 224259).
cost(8, 12, 64830).
cost(8, 13, 291984).
cost(8, 14, 388882).
cost(8, 15, 622682).
cost(8, 16, 572868).
cost(8, 17, 548711).
cost(8, 18, 374066).
cost(8, 19, 161106).
cost(8, 20, 464350).
cost(8, 21, 445389).
cost(8, 22, 320074).
cost(8, 23, 135858).
cost(8, 24, 113456).
cost(8, 25, 701902).
cost(9, 1, 405258).
cost(9, 2, 362932).
cost(9, 3, 149538).
cost(9, 4, 245950).
cost(9, 5, 598513).
cost(9, 6, 302643).
cost(9, 7, 266370).
cost(9, 8, 62573).
cost(9, 10, 312281).
cost(9, 11, 273047).
cost(9, 12, 100350).
cost(9, 13, 318847).
cost(9, 14, 430559).
cost(9, 15, 671013).
cost(9, 16, 613720).
cost(9, 17, 579684).
cost(9, 18, 417741).
cost(9, 19, 105510).
cost(9, 20, 509139).
cost(9, 21, 501448).
cost(9, 22, 329108).
cost(9, 23, 189102).
cost(9, 24, 130721).
cost(9, 25, 749834).
cost(10, 1, 302898).
cost(10, 2, 56999).
cost(10, 3, 405059).
cost(10, 4, 207318).
cost(10, 5, 459107).
cost(10, 6, 129710).
cost(10, 7, 185179).
cost(10, 8, 255272).
cost(10, 9, 312281).
cost(10, 11, 75109).
cost(10, 12, 218279).
cost(10, 13, 203080).
cost(10, 14, 189005).
cost(10, 15, 380278).
cost(10, 16, 356588).
cost(10, 17, 373790).
cost(10, 18, 167313).
cost(10, 19, 381246).
cost(10, 20, 240366).
cost(10, 21, 190212).
cost(10, 22, 293590).
cost(10, 23, 124606).
cost(10, 24, 224880).
cost(10, 25, 459271).
cost(11, 1, 240775).
cost(11, 2, 129548).
cost(11, 3, 344880).
cost(11, 4, 132215).
cost(11, 5, 412210).
cost(11, 6, 65634).
cost(11, 7, 110721).
cost(11, 8, 224259).
cost(11, 9, 273047).
cost(11, 10, 75109).
cost(11, 12, 173161).
cost(11, 13, 135356).
cost(11, 14, 169774).
cost(11, 15, 398706).
cost(11, 16, 352213).
cost(11, 17, 345731).
cost(11, 18, 152402).
cost(11, 19, 326447).
cost(11, 20, 240851).
cost(11, 21, 236830).
cost(11, 22, 221169).
cost(11, 23, 89956).
cost(11, 24, 165361).
cost(11, 25, 477826).
cost(12, 1, 323203).
cost(12, 2, 271999).
cost(12, 3, 195689).
cost(12, 4, 160174).
cost(12, 5, 516246).
cost(12, 6, 203510).
cost(12, 7, 174802).
cost(12, 8, 64830).
cost(12, 9, 100350).
cost(12, 10, 218279).
cost(12, 11, 173161).
cost(12, 13, 227621).
cost(12, 14, 330978).
cost(12, 15, 570685).
cost(12, 16, 514582).
cost(12, 17, 485747).
cost(12, 18, 317672).
cost(12, 19, 165365).
cost(12, 20, 408954).
cost(12, 21, 404855).
cost(12, 22, 256769).
cost(12, 23, 93715).
cost(12, 24, 52202).
cost(12, 25, 649486).
cost(13, 1, 107781).
cost(13, 2, 247619).
cost(13, 3, 329613).
cost(13, 4, 75457).
cost(13, 5, 293125).
cost(13, 6, 73397).
cost(13, 7, 52881).
cost(13, 8, 291984).
cost(13, 9, 318847).
cost(13, 10, 203080).
cost(13, 11, 135356).
cost(13, 12, 227621).
cost(13, 14, 144985).
cost(13, 15, 392787).
cost(13, 16, 309942).
cost(13, 17, 261176).
cost(13, 18, 145448).
cost(13, 19, 329355).
cost(13, 20, 226748).
cost(13, 21, 300033).
cost(13, 22, 95666).
cost(13, 23, 190763).
cost(13, 24, 188149).
cost(13, 25, 466184).
cost(14, 1, 179836).
cost(14, 2, 200620).
cost(14, 3, 468050).
cost(14, 4, 211687).
cost(14, 5, 282549).
cost(14, 6, 128103).
cost(14, 7, 181326).
cost(14, 8, 388882).
cost(14, 9, 430559).
cost(14, 10, 189005).
cost(14, 11, 169774).
cost(14, 12, 330978).
cost(14, 13, 144985).
cost(14, 15, 250128).
cost(14, 16, 183986).
cost(14, 17, 184866).
cost(14, 18, 22360).
cost(14, 19, 461843).
cost(14, 20, 83011).
cost(14, 21, 178522).
cost(14, 22, 226529).
cost(14, 23, 258752).
cost(14, 24, 306290).
cost(14, 25, 325928).
cost(15, 1, 391230).
cost(15, 2, 353767).
cost(15, 3, 718121).
cost(15, 4, 461783).
cost(15, 5, 369413).
cost(15, 6, 374299).
cost(15, 7, 431446).
cost(15, 8, 622682).
cost(15, 9, 671013).
cost(15, 10, 380278).
cost(15, 11, 398706).
cost(15, 12, 570685).
cost(15, 13, 392787).
cost(15, 14, 250128).
cost(15, 16, 118662).
cost(15, 17, 234120).
cost(15, 18, 257242).
cost(15, 19, 710728).
cost(15, 20, 167121).
cost(15, 21, 214236).
cost(15, 22, 461746).
cost(15, 23, 487088).
cost(15, 24, 552506).
cost(15, 25, 79349).
cost(16, 1, 286166).
cost(16, 2, 347803).
cost(16, 3, 639503).
cost(16, 4, 384062).
cost(16, 5, 251696).
cost(16, 6, 311142).
cost(16, 7, 356057).
cost(16, 8, 572868).
cost(16, 9, 613720).
cost(16, 10, 356588).
cost(16, 11, 352213).
cost(16, 12, 514582).
cost(16, 13, 309942).
cost(16, 14, 183986).
cost(16, 15, 118662).
cost(16, 17, 115485).
cost(16, 18, 199823).
cost(16, 19, 638270).
cost(16, 20, 116289).
cost(16, 21, 241724).
cost(16, 22, 364131).
cost(16, 23, 441910).
cost(16, 24, 487373).
cost(16, 25, 169575).
cost(17, 1, 201955).
cost(17, 2, 382577).
cost(17, 3, 579431).
cost(17, 4, 335885).
cost(17, 5, 137802).
cost(17, 6, 289390).
cost(17, 7, 313333).
cost(17, 8, 548711).
cost(17, 9, 579684).
cost(17, 10, 373790).
cost(17, 11, 345731).
cost(17, 12, 485747).
cost(17, 13, 261176).
cost(17, 14, 184866).
cost(17, 15, 234120).
cost(17, 16, 115485).
cost(17, 18, 206871).
cost(17, 19, 585739).
cost(17, 20, 165418).
cost(17, 21, 314908).
cost(17, 22, 287819).
cost(17, 23, 429527).
cost(17, 24, 449136).
cost(17, 25, 277735).
cost(18, 1, 193106).
cost(18, 2, 178301).
cost(18, 3, 461762).
cost(18, 4, 207109).
cost(18, 5, 304316).
cost(18, 6, 117211).
cost(18, 7, 176153).
cost(18, 8, 374066).
cost(18, 9, 417741).
cost(18, 10, 167313).
cost(18, 11, 152402).
cost(18, 12, 317672).
cost(18, 13, 145448).
cost(18, 14, 22360).
cost(18, 15, 257242).
cost(18, 16, 199823).
cost(18, 17, 206871).
cost(18, 19, 453488).
cost(18, 20, 91625).
cost(18, 21, 164739).
cost(18, 22, 232445).
cost(18, 23, 242104).
cost(18, 24, 295813).
cost(18, 25, 334540).
cost(19, 1, 393357).
cost(19, 2, 436243).
cost(19, 3, 45705).
cost(19, 4, 254354).
cost(19, 5, 579826).
cost(19, 6, 336632).
cost(19, 7, 282366).
cost(19, 8, 161106).
cost(19, 9, 105510).
cost(19, 10, 381246).
cost(19, 11, 326447).
cost(19, 12, 165365).
cost(19, 13, 329355).
cost(19, 14, 461843).
cost(19, 15, 710728).
cost(19, 16, 638270).
cost(19, 17, 585739).
cost(19, 18, 453488).
cost(19, 20, 544245).
cost(19, 21, 563037).
cost(19, 22, 308297).
cost(19, 23, 257846).
cost(19, 24, 161418).
cost(19, 25, 787605).
cost(20, 1, 242296).
cost(20, 2, 233028).
cost(20, 3, 551019).
cost(20, 4, 294690).
cost(20, 5, 291750).
cost(20, 6, 208655).
cost(20, 7, 264326).
cost(20, 8, 464350).
cost(20, 9, 509139).
cost(20, 10, 240366).
cost(20, 11, 240851).
cost(20, 12, 408954).
cost(20, 13, 226748).
cost(20, 14, 83011).
cost(20, 15, 167121).
cost(20, 16, 116289).
cost(20, 17, 165418).
cost(20, 18, 91625).
cost(20, 19, 544245).
cost(20, 21, 149871).
cost(20, 22, 302175).
cost(20, 23, 330778).
cost(20, 24, 387326).
cost(20, 25, 243367).
cost(21, 1, 357620).
cost(21, 2, 148878).
cost(21, 3, 581408).
cost(21, 4, 345311).
cost(21, 5, 440467).
cost(21, 6, 245885).
cost(21, 7, 315069).
cost(21, 8, 445389).
cost(21, 9, 501448).
cost(21, 10, 190212).
cost(21, 11, 236830).
cost(21, 12, 404855).
cost(21, 13, 300033).
cost(21, 14, 178522).
cost(21, 15, 214236).
cost(21, 16, 241724).
cost(21, 17, 314908).
cost(21, 18, 164739).
cost(21, 19, 563037).
cost(21, 20, 149871).
cost(21, 22, 392931).
cost(21, 23, 312457).
cost(21, 24, 402181).
cost(21, 25, 288249).
cost(22, 1, 86994).
cost(22, 2, 341296).
cost(22, 3, 295414).
cost(22, 4, 104875).
cost(22, 5, 272571).
cost(22, 6, 166110).
cost(22, 7, 112584).
cost(22, 8, 320074).
cost(22, 9, 329108).
cost(22, 10, 293590).
cost(22, 11, 221169).
cost(22, 12, 256769).
cost(22, 13, 95666).
cost(22, 14, 226529).
cost(22, 15, 461746).
cost(22, 16, 364131).
cost(22, 17, 287819).
cost(22, 18, 232445).
cost(22, 19, 308297).
cost(22, 20, 302175).
cost(22, 21, 392931).
cost(22, 23, 253019).
cost(22, 24, 206684).
cost(22, 25, 529815).
cost(23, 1, 297619).
cost(23, 2, 178504).
cost(23, 3, 284517).
cost(23, 4, 148450).
cost(23, 5, 482566).
cost(23, 6, 140343).
cost(23, 7, 145254).
cost(23, 8, 135858).
cost(23, 9, 189102).
cost(23, 10, 124606).
cost(23, 11, 89956).
cost(23, 12, 93715).
cost(23, 13, 190763).
cost(23, 14, 258752).
cost(23, 15, 487088).
cost(23, 16, 441910).
cost(23, 17, 429527).
cost(23, 18, 242104).
cost(23, 19, 257846).
cost(23, 20, 330778).
cost(23, 21, 312457).
cost(23, 22, 253019).
cost(23, 24, 108699).
cost(23, 25, 566367).
cost(24, 1, 277151).
cost(24, 2, 281382).
cost(24, 3, 180537).
cost(24, 4, 115655).
cost(24, 5, 470701).
cost(24, 6, 178674).
cost(24, 7, 135821).
cost(24, 8, 113456).
cost(24, 9, 130721).
cost(24, 10, 224880).
cost(24, 11, 165361).
cost(24, 12, 52202).
cost(24, 13, 188149).
cost(24, 14, 306290).
cost(24, 15, 552506).
cost(24, 16, 487373).
cost(24, 17, 449136).
cost(24, 18, 295813).
cost(24, 19, 161418).
cost(24, 20, 387326).
cost(24, 21, 402181).
cost(24, 22, 206684).
cost(24, 23, 108699).
cost(24, 25, 630290).
cost(25, 1, 454698).
cost(25, 2, 431226).
cost(25, 3, 793678).
cost(25, 4, 536898).
cost(25, 5, 404043).
cost(25, 6, 451751).
cost(25, 7, 506969).
cost(25, 8, 701902).
cost(25, 9, 749834).
cost(25, 10, 459271).
cost(25, 11, 477826).
cost(25, 12, 649486).
cost(25, 13, 466184).
cost(25, 14, 325928).
cost(25, 15, 79349).
cost(25, 16, 169575).
cost(25, 17, 277735).
cost(25, 18, 334540).
cost(25, 19, 787605).
cost(25, 20, 243367).
cost(25, 21, 288249).
cost(25, 22, 529815).
cost(25, 23, 566367).
cost(25, 24, 630290).
