dimension(25).
point(1, -57574.0, -76180.0).
point(2, -130893.0, -188764.0).
point(3, 267543.0, -66892.0).
point(4, -229640.0, 189448.0).
point(5, 142269.0, 7248.0).
point(6, -397576.0, 174534.0).
point(7, 88050.0, 209286.0).
point(8, 100305.0, 253894.0).
point(9, -100985.0, -119686.0).
point(10, -73702.0, 411142.0).
point(11, 54733.0, -106078.0).
point(12, 58617.0, -163209.0).
point(13, -409001.0, 142375.0).
point(14, 507611.0, -53639.0).
point(15, 169428.0, -174203.0).
point(16, 129022.0, -51898.0).
point(17, 204102.0, -58647.0).
point(18, -174591.0, 37205.0).
point(19, -166368.0, 84576.0).
point(20, -93174.0, -205349.0).
point(21, 197658.0, 56179.0).
point(22, 296196.0, -399662.0).
point(23, 77916.0, -109849.0).
point(24, 166086.0, 168038.0).
point(25, -34724.0, -44902.0).
cost(1, 2, 134353).
cost(1, 3, 325250).
cost(1, 4, 316488).
cost(1, 5, 216558).
cost(1, 6, 422444).
cost(1, 7, 320464).
cost(1, 8, 365889).
cost(1, 9, 61460).
cost(1, 10, 487589).
cost(1, 11, 116219).
cost(1, 12, 145170).
cost(1, 13, 413844).
cost(1, 14, 565634).
cost(1, 15, 247262).
cost(1, 16, 188169).
cost(1, 17, 262263).
cost(1, 18, 162939).
cost(1, 19, 194110).
cost(1, 20, 133985).
cost(1, 21, 287510).
cost(1, 22, 479368).
cost(1, 23, 139611).
cost(1, 24, 331159).
cost(1, 25, 38735).
cost(2, 1, 134353).
cost(2, 3, 416658).
cost(2, 4, 390890).
cost(2, 5, 336212).
cost(2, 6, 450672).
cost(2, 7, 454290).
cost(2, 8, 499398).
cost(2, 9, 75275).
cost(2, 10, 602626).
cost(2, 11, 203209).
cost(2, 12, 191225).
cost(2, 13, 432432).
cost(2, 14, 652645).
cost(2, 15, 300674).
cost(2, 16, 293748).
cost(2, 17, 359377).
cost(2, 18, 230155).
cost(2, 19, 275632).
cost(2, 20, 41204).
cost(2, 21, 409808).
cost(2, 22, 476322).
cost(2, 23, 223224).
cost(2, 24, 464224).
cost(2, 25, 173046).
cost(3, 1, 325250).
cost(3, 2, 416658).
cost(3, 4, 559376).
cost(3, 5, 145569).
cost(3, 6, 707580).
cost(3, 7, 329381).
cost(3, 8, 361763).
cost(3, 9, 372290).
cost(3, 10, 587337).
cost(3, 11, 216388).
cost(3, 12, 230059).
cost(3, 13, 708170).
cost(3, 14, 240434).
cost(3, 15, 145404).
cost(3, 16, 139330).
cost(3, 17, 63975).
cost(3, 18, 454223).
cost(3, 19, 459588).
cost(3, 20, 386377).
cost(3, 21, 141529).
cost(3, 22, 334001).
cost(3, 23, 194432).
cost(3, 24, 255902).
cost(3, 25, 303066).
cost(4, 1, 316488).
cost(4, 2, 390890).
cost(4, 3, 559376).
cost(4, 5, 414141).
cost(4, 6, 168597).
cost(4, 7, 318309).
cost(4, 8, 336180).
cost(4, 9, 334837).
cost(4, 10, 271044).
cost(4, 11, 410126).
cost(4, 12, 455477).
cost(4, 13, 185435).
cost(4, 14, 776293).
cost(4, 15, 539905).
cost(4, 16, 432304).
cost(4, 17, 499683).
cost(4, 18, 161890).
cost(4, 19, 122481).
cost(4, 20, 417717).
cost(4, 21, 447598).
cost(4, 22, 789654).
cost(4, 23, 429150).
cost(4, 24, 396305).
cost(4, 25, 304815).
cost(5, 1, 216558).
cost(5, 2, 336212).
cost(5, 3, 145569).
cost(5, 4, 414141).
cost(5, 6, 565170).
cost(5, 7, 209187).
cost(5, 8, 250190).
cost(5, 9, 274381).
cost(5, 10, 458011).
cost(5, 11, 143197).
cost(5, 12, 189877).
cost(5, 13, 567590).
cost(5, 14, 370381).
cost(5, 15, 183472).
cost(5, 16, 60611).
cost(5, 17, 90363).
cost(5, 18, 318273).
cost(5, 19, 318177).
cost(5, 20, 317224).
cost(5, 21, 73907).
cost(5, 22, 435051).
cost(5, 23, 133615).
cost(5, 24, 162544).
cost(5, 25, 184516).
cost(6, 1, 422444).
cost(6, 2, 450672).
cost(6, 3, 707580).
cost(6, 4, 168597).
cost(6, 5, 565170).
cost(6, 7, 486868).
cost(6, 8, 504166).
cost(6, 9, 417770).
cost(6, 10, 401096).
cost(6, 11, 532284).
cost(6, 12, 567611).
cost(6, 13, 34128).
cost(6, 14, 933502).
cost(6, 15, 665666).
cost(6, 16, 573216).
cost(6, 17, 645283).
cost(6, 18, 261881).
cost(6, 19, 248092).
cost(6, 20, 486797).
cost(6, 21, 606887).
cost(6, 22, 900567).
cost(6, 23, 554045).
cost(6, 24, 563699).
cost(6, 25, 424044).
cost(7, 1, 320464).
cost(7, 2, 454290).
cost(7, 3, 329381).
cost(7, 4, 318309).
cost(7, 5, 209187).
cost(7, 6, 486868).
cost(7, 8, 46261).
cost(7, 9, 379416).
cost(7, 10, 258669).
cost(7, 11, 317119).
cost(7, 12, 373656).
cost(7, 13, 501534).
cost(7, 14, 495137).
cost(7, 15, 392028).
cost(7, 16, 264378).
cost(7, 17, 291987).
cost(7, 18, 313994).
cost(7, 19, 283339).
cost(7, 20, 452509).
cost(7, 21, 188297).
cost(7, 22, 643539).
cost(7, 23, 319296).
cost(7, 24, 88267).
cost(7, 25, 282285).
cost(8, 1, 365889).
cost(8, 2, 499398).
cost(8, 3, 361763).
cost(8, 4, 336180).
cost(8, 5, 250190).
cost(8, 6, 504166).
cost(8, 7, 46261).
cost(8, 9, 424358).
cost(8, 10, 234532).
cost(8, 11, 362845).
cost(8, 12, 419181).
cost(8, 13, 521372).
cost(8, 14, 510367).
cost(8, 15, 433642).
cost(8, 16, 307137).
cost(8, 17, 329326).
cost(8, 18, 350031).
cost(8, 19, 315885).
cost(8, 20, 498335).
cost(8, 21, 220383).
cost(8, 22, 682282).
cost(8, 23, 364431).
cost(8, 24, 108159).
cost(8, 25, 327890).
cost(9, 1, 61460).
cost(9, 2, 75275).
cost(9, 3, 372290).
cost(9, 4, 334837).
cost(9, 5, 274381).
cost(9, 6, 417770).
cost(9, 7, 379416).
cost(9, 8, 424358).
cost(9, 10, 531529).
cost(9, 11, 156311).
cost(9, 12, 165430).
cost(9, 13, 404413).
cost(9, 14, 612169).
cost(9, 15, 275854).
cost(9, 16, 239788).
cost(9, 17, 311133).
cost(9, 18, 173299).
cost(9, 19, 214471).
cost(9, 20, 86018).
cost(9, 21, 346578).
cost(9, 22, 485942).
cost(9, 23, 179171).
cost(9, 24, 392571).
cost(9, 25, 99916).
cost(10, 1, 487589).
cost(10, 2, 602626).
cost(10, 3, 587337).
cost(10, 4, 271044).
cost(10, 5, 458011).
cost(10, 6, 401096).
cost(10, 7, 258669).
cost(10, 8, 234532).
cost(10, 9, 531529).
cost(10, 11, 532928).
cost(10, 12, 589396).
cost(10, 13, 429722).
cost(10, 14, 744276).
cost(10, 15, 633830).
cost(10, 16, 505473).
cost(10, 17, 545781).
cost(10, 18, 387308).
cost(10, 19, 339459).
cost(10, 20, 616798).
cost(10, 21, 446805).
cost(10, 22, 891195).
cost(10, 23, 542604).
cost(10, 24, 341464).
cost(10, 25, 457707).
cost(11, 1, 116219).
cost(11, 2, 203209).
cost(11, 3, 216388).
cost(11, 4, 410126).
cost(11, 5, 143197).
cost(11, 6, 532284).
cost(11, 7, 317119).
cost(11, 8, 362845).
cost(11, 9, 156311).
cost(11, 10, 532928).
cost(11, 12, 57263).
cost(11, 13, 526097).
cost(11, 14, 455904).
cost(11, 15, 133401).
cost(11, 16, 91947).
cost(11, 17, 156719).
cost(11, 18, 270406).
cost(11, 19, 291950).
cost(11, 20, 178133).
cost(11, 21, 216229).
cost(11, 22, 380126).
cost(11, 23, 23488).
cost(11, 24, 295870).
cost(11, 25, 108375).
cost(12, 1, 145170).
cost(12, 2, 191225).
cost(12, 3, 230059).
cost(12, 4, 455477).
cost(12, 5, 189877).
cost(12, 6, 567611).
cost(12, 7, 373656).
cost(12, 8, 419181).
cost(12, 9, 165430).
cost(12, 10, 589396).
cost(12, 11, 57263).
cost(12, 13, 558613).
cost(12, 14, 462170).
cost(12, 15, 111355).
cost(12, 16, 131708).
cost(12, 17, 179162).
cost(12, 18, 307493).
cost(12, 19, 334687).
cost(12, 20, 157532).
cost(12, 21, 259737).
cost(12, 22, 335192).
cost(12, 23, 56743).
cost(12, 24, 348244).
cost(12, 25, 150695).
cost(13, 1, 413844).
cost(13, 2, 432432).
cost(13, 3, 708170).
cost(13, 4, 185435).
cost(13, 5, 567590).
cost(13, 6, 34128).
cost(13, 7, 501534).
cost(13, 8, 521372).
cost(13, 9, 404413).
cost(13, 10, 429722).
cost(13, 11, 526097).
cost(13, 12, 558613).
cost(13, 14, 937336).
cost(13, 15, 659395).
cost(13, 16, 572023).
cost(13, 17, 645217).
cost(13, 18, 256922).
cost(13, 19, 249422).
cost(13, 20, 469743).
cost(13, 21, 612752).
cost(13, 22, 889442).
cost(13, 23, 548366).
cost(13, 24, 575659).
cost(13, 25, 418516).
cost(14, 1, 565634).
cost(14, 2, 652645).
cost(14, 3, 240434).
cost(14, 4, 776293).
cost(14, 5, 370381).
cost(14, 6, 933502).
cost(14, 7, 495137).
cost(14, 8, 510367).
cost(14, 9, 612169).
cost(14, 10, 744276).
cost(14, 11, 455904).
cost(14, 12, 462170).
cost(14, 13, 937336).
cost(14, 15, 359031).
cost(14, 16, 378593).
cost(14, 17, 303550).
cost(14, 18, 688224).
cost(14, 19, 688005).
cost(14, 20, 619644).
cost(14, 21, 328833).
cost(14, 22, 405497).
cost(14, 23, 433356).
cost(14, 24, 407161).
cost(14, 25, 542405).
cost(15, 1, 247262).
cost(15, 2, 300674).
cost(15, 3, 145404).
cost(15, 4, 539905).
cost(15, 5, 183472).
cost(15, 6, 665666).
cost(15, 7, 392028).
cost(15, 8, 433642).
cost(15, 9, 275854).
cost(15, 10, 633830).
cost(15, 11, 133401).
cost(15, 12, 111355).
cost(15, 13, 659395).
cost(15, 14, 359031).
cost(15, 16, 128807).
cost(15, 17, 120646).
cost(15, 18, 403785).
cost(15, 19, 423940).
cost(15, 20, 264443).
cost(15, 21, 232105).
cost(15, 22, 258654).
cost(15, 23, 111874).
cost(15, 24, 342257).
cost(15, 25, 241654).
cost(16, 1, 188169).
cost(16, 2, 293748).
cost(16, 3, 139330).
cost(16, 4, 432304).
cost(16, 5, 60611).
cost(16, 6, 573216).
cost(16, 7, 264378).
cost(16, 8, 307137).
cost(16, 9, 239788).
cost(16, 10, 505473).
cost(16, 11, 91947).
cost(16, 12, 131708).
cost(16, 13, 572023).
cost(16, 14, 378593).
cost(16, 15, 128807).
cost(16, 17, 75383).
cost(16, 18, 316418).
cost(16, 19, 325393).
cost(16, 20, 270034).
cost(16, 21, 128029).
cost(16, 22, 385859).
cost(16, 23, 77267).
cost(16, 24, 223037).
cost(16, 25, 163895).
cost(17, 1, 262263).
cost(17, 2, 359377).
cost(17, 3, 63975).
cost(17, 4, 499683).
cost(17, 5, 90363).
cost(17, 6, 645283).
cost(17, 7, 291987).
cost(17, 8, 329326).
cost(17, 9, 311133).
cost(17, 10, 545781).
cost(17, 11, 156719).
cost(17, 12, 179162).
cost(17, 13, 645217).
cost(17, 14, 303550).
cost(17, 15, 120646).
cost(17, 16, 75383).
cost(17, 18, 390635).
cost(17, 19, 397191).
cost(17, 20, 331503).
cost(17, 21, 115007).
cost(17, 22, 353232).
cost(17, 23, 136178).
cost(17, 24, 229851).
cost(17, 25, 239221).
cost(18, 1, 162939).
cost(18, 2, 230155).
cost(18, 3, 454223).
cost(18, 4, 161890).
cost(18, 5, 318273).
cost(18, 6, 261881).
cost(18, 7, 313994).
cost(18, 8, 350031).
cost(18, 9, 173299).
cost(18, 10, 387308).
cost(18, 11, 270406).
cost(18, 12, 307493).
cost(18, 13, 256922).
cost(18, 14, 688224).
cost(18, 15, 403785).
cost(18, 16, 316418).
cost(18, 17, 390635).
cost(18, 19, 48079).
cost(18, 20, 255854).
cost(18, 21, 372732).
cost(18, 22, 642256).
cost(18, 23, 292207).
cost(18, 24, 364936).
cost(18, 25, 162186).
cost(19, 1, 194110).
cost(19, 2, 275632).
cost(19, 3, 459588).
cost(19, 4, 122481).
cost(19, 5, 318177).
cost(19, 6, 248092).
cost(19, 7, 283339).
cost(19, 8, 315885).
cost(19, 9, 214471).
cost(19, 10, 339459).
cost(19, 11, 291950).
cost(19, 12, 334687).
cost(19, 13, 249422).
cost(19, 14, 688005).
cost(19, 15, 423940).
cost(19, 16, 325393).
cost(19, 17, 397191).
cost(19, 18, 48079).
cost(19, 20, 299022).
cost(19, 21, 365132).
cost(19, 22, 669666).
cost(19, 23, 312211).
cost(19, 24, 342770).
cost(19, 25, 184647).
cost(20, 1, 133985).
cost(20, 2, 41204).
cost(20, 3, 386377).
cost(20, 4, 417717).
cost(20, 5, 317224).
cost(20, 6, 486797).
cost(20, 7, 452509).
cost(20, 8, 498335).
cost(20, 9, 86018).
cost(20, 10, 616798).
cost(20, 11, 178133).
cost(20, 12, 157532).
cost(20, 13, 469743).
cost(20, 14, 619644).
cost(20, 15, 264443).
cost(20, 16, 270034).
cost(20, 17, 331503).
cost(20, 18, 255854).
cost(20, 19, 299022).
cost(20, 21, 391127).
cost(20, 22, 435163).
cost(20, 23, 195939).
cost(20, 24, 454570).
cost(20, 25, 170762).
cost(21, 1, 287510).
cost(21, 2, 409808).
cost(21, 3, 141529).
cost(21, 4, 447598).
cost(21, 5, 73907).
cost(21, 6, 606887).
cost(21, 7, 188297).
cost(21, 8, 220383).
cost(21, 9, 346578).
cost(21, 10, 446805).
cost(21, 11, 216229).
cost(21, 12, 259737).
cost(21, 13, 612752).
cost(21, 14, 328833).
cost(21, 15, 232105).
cost(21, 16, 128029).
cost(21, 17, 115007).
cost(21, 18, 372732).
cost(21, 19, 365132).
cost(21, 20, 391127).
cost(21, 22, 466370).
cost(21, 23, 204703).
cost(21, 24, 116229).
cost(21, 25, 253414).
cost(22, 1, 479368).
cost(22, 2, 476322).
cost(22, 3, 334001).
cost(22, 4, 789654).
cost(22, 5, 435051).
cost(22, 6, 900567).
cost(22, 7, 643539).
cost(22, 8, 682282).
cost(22, 9, 485942).
cost(22, 10, 891195).
cost(22, 11, 380126).
cost(22, 12, 335192).
cost(22, 13, 889442).
cost(22, 14, 405497).
cost(22, 15, 258654).
cost(22, 16, 385859).
cost(22, 17, 353232).
cost(22, 18, 642256).
cost(22, 19, 669666).
cost(22, 20, 435163).
cost(22, 21, 466370).
cost(22, 23, 362819).
cost(22, 24, 582419).
cost(22, 25, 485142).
cost(23, 1, 139611).
cost(23, 2, 223224).
cost(23, 3, 194432).
cost(23, 4, 429150).
cost(23, 5, 133615).
cost(23, 6, 554045).
cost(23, 7, 319296).
cost(23, 8, 364431).
cost(23, 9, 179171).
cost(23, 10, 542604).
cost(23, 11, 23488).
cost(23, 12, 56743).
cost(23, 13, 548366).
cost(23, 14, 433356).
cost(23, 15, 111874).
cost(23, 16, 77267).
cost(23, 17, 136178).
cost(23, 18, 292207).
cost(23, 19, 312211).
cost(23, 20, 195939).
cost(23, 21, 204703).
cost(23, 22, 362819).
cost(23, 24, 291539).
cost(23, 25, 130023).
cost(24, 1, 331159).
cost(24, 2, 464224).
cost(24, 3, 255902).
cost(24, 4, 396305).
cost(24, 5, 162544).
cost(24, 6, 563699).
cost(24, 7, 88267).
cost(24, 8, 108159).
cost(24, 9, 392571).
cost(24, 10, 341464).
cost(24, 11, 295870).
cost(24, 12, 348244).
cost(24, 13, 575659).
cost(24, 14, 407161).
cost(24, 15, 342257).
cost(24, 16, 223037).
cost(24, 17, 229851).
cost(24, 18, 364936).
cost(24, 19, 342770).
cost(24, 20, 454570).
cost(24, 21, 116229).
cost(24, 22, 582419).
cost(24, 23, 291539).
cost(24, 25, 292691).
cost(25, 1, 38735).
cost(25, 2, 173046).
cost(25, 3, 303066).
cost(25, 4, 304815).
cost(25, 5, 184516).
cost(25, 6, 424044).
cost(25, 7, 282285).
cost(25, 8, 327890).
cost(25, 9, 99916).
cost(25, 10, 457707).
cost(25, 11, 108375).
cost(25, 12, 150695).
cost(25, 13, 418516).
cost(25, 14, 542405).
cost(25, 15, 241654).
cost(25, 16, 163895).
cost(25, 17, 239221).
cost(25, 18, 162186).
cost(25, 19, 184647).
cost(25, 20, 170762).
cost(25, 21, 253414).
cost(25, 22, 485142).
cost(25, 23, 130023).
cost(25, 24, 292691).
