dimension(25).
point(1, -74125.0, 157181.0).
point(2, 63101.0, -135345.0).
point(3, 171918.0, 10136.0).
point(4, 97167.0, 212495.0).
point(5, -123650.0, 141307.0).
point(6, 63906.0, -98844.0).
point(7, 268408.0, 449433.0).
point(8, 152374.0, -184473.0).
point(9, -99632.0, -138596.0).
point(10, 51810.0, -279163.0).
point(11, 125187.0, -66254.0).
point(12, -151992.0, 104929.0).
point(13, -185402.0, -279934.0).
point(14, 3221.0, 28937.0).
point(15, 129771.0, 286216.0).
point(16, -99052.0, -25668.0).
point(17, 128590.0, -276772.0).
point(18, 7351.0, -28018.0).
point(19, 107533.0, 114179.0).
point(20, 131481.0, 156901.0).
point(21, -361427.0, 49114.0).
point(22, -36668.0, -196248.0).
point(23, -553303.0, -76877.0).
point(24, 44766.0, -12591.0).
point(25, -47806.0, 21873.0).
cost(1, 2, 323114).
cost(1, 3, 286635).
cost(1, 4, 180002).
cost(1, 5, 52007).
cost(1, 6, 290863).
cost(1, 7, 450267).
cost(1, 8, 409914).
cost(1, 9, 296875).
cost(1, 10, 454154).
cost(1, 11, 299414).
cost(1, 12, 93774).
cost(1, 13, 451057).
cost(1, 14, 149763).
cost(1, 15, 241296).
cost(1, 16, 184540).
cost(1, 17, 478966).
cost(1, 18, 202329).
cost(1, 19, 186678).
cost(1, 20, 205606).
cost(1, 21, 306954).
cost(1, 22, 355408).
cost(1, 23, 533287).
cost(1, 24, 207262).
cost(1, 25, 137844).
cost(2, 1, 323114).
cost(2, 3, 181675).
cost(2, 4, 349504).
cost(2, 5, 333785).
cost(2, 6, 36510).
cost(2, 7, 619771).
cost(2, 8, 101898).
cost(2, 9, 162765).
cost(2, 10, 144261).
cost(2, 11, 92888).
cost(2, 12, 322485).
cost(2, 13, 287506).
cost(2, 14, 174855).
cost(2, 15, 426800).
cost(2, 16, 195762).
cost(2, 17, 155854).
cost(2, 18, 120943).
cost(2, 19, 253449).
cost(2, 20, 300139).
cost(2, 21, 462871).
cost(2, 22, 116889).
cost(2, 23, 619171).
cost(2, 24, 124116).
cost(2, 25, 192400).
cost(3, 1, 286635).
cost(3, 2, 181675).
cost(3, 4, 215724).
cost(3, 5, 323367).
cost(3, 6, 153438).
cost(3, 7, 449769).
cost(3, 8, 195588).
cost(3, 9, 309614).
cost(3, 10, 313241).
cost(3, 11, 89550).
cost(3, 12, 337496).
cost(3, 13, 460237).
cost(3, 14, 169741).
cost(3, 15, 279279).
cost(3, 16, 273325).
cost(3, 17, 290161).
cost(3, 18, 168932).
cost(3, 19, 122353).
cost(3, 20, 152234).
cost(3, 21, 534767).
cost(3, 22, 293432).
cost(3, 23, 730422).
cost(3, 24, 129167).
cost(3, 25, 220037).
cost(4, 1, 180002).
cost(4, 2, 349504).
cost(4, 3, 215724).
cost(4, 5, 232008).
cost(4, 6, 313111).
cost(4, 7, 292341).
cost(4, 8, 400788).
cost(4, 9, 402486).
cost(4, 10, 493746).
cost(4, 11, 280154).
cost(4, 12, 271387).
cost(4, 13, 567743).
cost(4, 14, 206202).
cost(4, 15, 80609).
cost(4, 16, 308583).
cost(4, 17, 490275).
cost(4, 18, 256736).
cost(4, 19, 98861).
cost(4, 20, 65331).
cost(4, 21, 486828).
cost(4, 22, 430096).
cost(4, 23, 711932).
cost(4, 24, 231105).
cost(4, 25, 239487).
cost(5, 1, 52007).
cost(5, 2, 333785).
cost(5, 3, 323367).
cost(5, 4, 232008).
cost(5, 6, 304713).
cost(5, 7, 498649).
cost(5, 8, 426992).
cost(5, 9, 280932).
cost(5, 10, 455611).
cost(5, 11, 324039).
cost(5, 12, 46115).
cost(5, 13, 425743).
cost(5, 14, 169479).
cost(5, 15, 291926).
cost(5, 16, 168777).
cost(5, 17, 488278).
cost(5, 18, 214085).
cost(5, 19, 232769).
cost(5, 20, 255607).
cost(5, 21, 255024).
cost(5, 22, 348582).
cost(5, 23, 481878).
cost(5, 24, 228141).
cost(5, 25, 141481).
cost(6, 1, 290863).
cost(6, 2, 36510).
cost(6, 3, 153438).
cost(6, 4, 313111).
cost(6, 5, 304713).
cost(6, 7, 585174).
cost(6, 8, 123122).
cost(6, 9, 168300).
cost(6, 10, 180724).
cost(6, 11, 69408).
cost(6, 12, 296876).
cost(6, 13, 308136).
cost(6, 14, 141459).
cost(6, 15, 390653).
cost(6, 16, 178634).
cost(6, 17, 189321).
cost(6, 18, 90635).
cost(6, 19, 217445).
cost(6, 20, 264522).
cost(6, 21, 450333).
cost(6, 22, 140010).
cost(6, 23, 617600).
cost(6, 24, 88351).
cost(6, 25, 164475).
cost(7, 1, 450267).
cost(7, 2, 619771).
cost(7, 3, 449769).
cost(7, 4, 292341).
cost(7, 5, 498649).
cost(7, 6, 585174).
cost(7, 8, 644438).
cost(7, 9, 693709).
cost(7, 10, 760110).
cost(7, 11, 535206).
cost(7, 12, 543525).
cost(7, 13, 859023).
cost(7, 14, 497133).
cost(7, 15, 214149).
cost(7, 16, 600623).
cost(7, 17, 739542).
cost(7, 18, 544160).
cost(7, 19, 371855).
cost(7, 20, 322992).
cost(7, 21, 746289).
cost(7, 22, 714126).
cost(7, 23, 975813).
cost(7, 24, 513305).
cost(7, 25, 531788).
cost(8, 1, 409914).
cost(8, 2, 101898).
cost(8, 3, 195588).
cost(8, 4, 400788).
cost(8, 5, 426992).
cost(8, 6, 123122).
cost(8, 7, 644438).
cost(8, 9, 256148).
cost(8, 10, 138128).
cost(8, 11, 121305).
cost(8, 12, 419991).
cost(8, 13, 351006).
cost(8, 14, 260366).
cost(8, 15, 471231).
cost(8, 16, 297379).
cost(8, 17, 95314).
cost(8, 18, 213330).
cost(8, 19, 302000).
cost(8, 20, 342013).
cost(8, 21, 564406).
cost(8, 22, 189408).
cost(8, 23, 713833).
cost(8, 24, 202788).
cost(8, 25, 287490).
cost(9, 1, 296875).
cost(9, 2, 162765).
cost(9, 3, 309614).
cost(9, 4, 402486).
cost(9, 5, 280932).
cost(9, 6, 168300).
cost(9, 7, 693709).
cost(9, 8, 256148).
cost(9, 10, 206625).
cost(9, 11, 236171).
cost(9, 12, 249090).
cost(9, 13, 165327).
cost(9, 14, 196586).
cost(9, 15, 482795).
cost(9, 16, 112929).
cost(9, 17, 266792).
cost(9, 18, 153860).
cost(9, 19, 326822).
cost(9, 20, 375142).
cost(9, 21, 322136).
cost(9, 22, 85371).
cost(9, 23, 457850).
cost(9, 24, 191646).
cost(9, 25, 168630).
cost(10, 1, 454154).
cost(10, 2, 144261).
cost(10, 3, 313241).
cost(10, 4, 493746).
cost(10, 5, 455611).
cost(10, 6, 180724).
cost(10, 7, 760110).
cost(10, 8, 138128).
cost(10, 9, 206625).
cost(10, 11, 225199).
cost(10, 12, 434813).
cost(10, 13, 237213).
cost(10, 14, 311908).
cost(10, 15, 570729).
cost(10, 16, 294990).
cost(10, 17, 76817).
cost(10, 18, 255050).
cost(10, 19, 397269).
cost(10, 20, 443282).
cost(10, 21, 527760).
cost(10, 22, 121257).
cost(10, 23, 638029).
cost(10, 24, 266665).
cost(10, 25, 317090).
cost(11, 1, 299414).
cost(11, 2, 92888).
cost(11, 3, 89550).
cost(11, 4, 280154).
cost(11, 5, 324039).
cost(11, 6, 69408).
cost(11, 7, 535206).
cost(11, 8, 121305).
cost(11, 9, 236171).
cost(11, 10, 225199).
cost(11, 12, 325779).
cost(11, 13, 376994).
cost(11, 14, 154716).
cost(11, 15, 352500).
cost(11, 16, 227882).
cost(11, 17, 210546).
cost(11, 18, 123884).
cost(11, 19, 181295).
cost(11, 20, 223244).
cost(11, 21, 500103).
cost(11, 22, 207595).
cost(11, 23, 678573).
cost(11, 24, 96681).
cost(11, 25, 194147).
cost(12, 1, 93774).
cost(12, 2, 322485).
cost(12, 3, 337496).
cost(12, 4, 271387).
cost(12, 5, 46115).
cost(12, 6, 296876).
cost(12, 7, 543525).
cost(12, 8, 419991).
cost(12, 9, 249090).
cost(12, 10, 434813).
cost(12, 11, 325779).
cost(12, 13, 386310).
cost(12, 14, 172817).
cost(12, 15, 335045).
cost(12, 16, 140919).
cost(12, 17, 473732).
cost(12, 18, 207521).
cost(12, 19, 259690).
cost(12, 20, 288198).
cost(12, 21, 216745).
cost(12, 22, 322501).
cost(12, 23, 440572).
cost(12, 24, 229183).
cost(12, 25, 133240).
cost(13, 1, 451057).
cost(13, 2, 287506).
cost(13, 3, 460237).
cost(13, 4, 567743).
cost(13, 5, 425743).
cost(13, 6, 308136).
cost(13, 7, 859023).
cost(13, 8, 351006).
cost(13, 9, 165327).
cost(13, 10, 237213).
cost(13, 11, 376994).
cost(13, 12, 386310).
cost(13, 14, 361911).
cost(13, 15, 647966).
cost(13, 16, 268528).
cost(13, 17, 314008).
cost(13, 18, 317199).
cost(13, 19, 491056).
cost(13, 20, 539666).
cost(13, 21, 373172).
cost(13, 22, 170661).
cost(13, 23, 420218).
cost(13, 24, 352774).
cost(13, 25, 331693).
cost(14, 1, 149763).
cost(14, 2, 174855).
cost(14, 3, 169741).
cost(14, 4, 206202).
cost(14, 5, 169479).
cost(14, 6, 141459).
cost(14, 7, 497133).
cost(14, 8, 260366).
cost(14, 9, 196586).
cost(14, 10, 311908).
cost(14, 11, 154716).
cost(14, 12, 172817).
cost(14, 13, 361911).
cost(14, 15, 286718).
cost(14, 16, 115937).
cost(14, 17, 330417).
cost(14, 18, 57105).
cost(14, 19, 134712).
cost(14, 20, 181178).
cost(14, 21, 365206).
cost(14, 22, 228691).
cost(14, 23, 566494).
cost(14, 24, 58741).
cost(14, 25, 51514).
cost(15, 1, 241296).
cost(15, 2, 426800).
cost(15, 3, 279279).
cost(15, 4, 80609).
cost(15, 5, 291926).
cost(15, 6, 390653).
cost(15, 7, 214149).
cost(15, 8, 471231).
cost(15, 9, 482795).
cost(15, 10, 570729).
cost(15, 11, 352500).
cost(15, 12, 335045).
cost(15, 13, 647966).
cost(15, 14, 286718).
cost(15, 16, 386822).
cost(15, 17, 562989).
cost(15, 18, 337238).
cost(15, 19, 173468).
cost(15, 20, 129326).
cost(15, 21, 545429).
cost(15, 22, 510366).
cost(15, 23, 773580).
cost(15, 24, 310663).
cost(15, 25, 318451).
cost(16, 1, 184540).
cost(16, 2, 195762).
cost(16, 3, 273325).
cost(16, 4, 308583).
cost(16, 5, 168777).
cost(16, 6, 178634).
cost(16, 7, 600623).
cost(16, 8, 297379).
cost(16, 9, 112929).
cost(16, 10, 294990).
cost(16, 11, 227882).
cost(16, 12, 140919).
cost(16, 13, 268528).
cost(16, 14, 115937).
cost(16, 15, 386822).
cost(16, 17, 338931).
cost(16, 18, 106429).
cost(16, 19, 249469).
cost(16, 20, 294070).
cost(16, 21, 272824).
cost(16, 22, 181630).
cost(16, 23, 457128).
cost(16, 24, 144411).
cost(16, 25, 69902).
cost(17, 1, 478966).
cost(17, 2, 155854).
cost(17, 3, 290161).
cost(17, 4, 490275).
cost(17, 5, 488278).
cost(17, 6, 189321).
cost(17, 7, 739542).
cost(17, 8, 95314).
cost(17, 9, 266792).
cost(17, 10, 76817).
cost(17, 11, 210546).
cost(17, 12, 473732).
cost(17, 13, 314008).
cost(17, 14, 330417).
cost(17, 15, 562989).
cost(17, 16, 338931).
cost(17, 18, 276726).
cost(17, 19, 391518).
cost(17, 20, 433683).
cost(17, 21, 588488).
cost(17, 22, 183832).
cost(17, 23, 710589).
cost(17, 24, 277161).
cost(17, 25, 346849).
cost(18, 1, 202329).
cost(18, 2, 120943).
cost(18, 3, 168932).
cost(18, 4, 256736).
cost(18, 5, 214085).
cost(18, 6, 90635).
cost(18, 7, 544160).
cost(18, 8, 213330).
cost(18, 9, 153860).
cost(18, 10, 255050).
cost(18, 11, 123884).
cost(18, 12, 207521).
cost(18, 13, 317199).
cost(18, 14, 57105).
cost(18, 15, 337238).
cost(18, 16, 106429).
cost(18, 17, 276726).
cost(18, 19, 173944).
cost(18, 20, 222718).
cost(18, 21, 376758).
cost(18, 22, 173894).
cost(18, 23, 562779).
cost(18, 24, 40471).
cost(18, 25, 74373).
cost(19, 1, 186678).
cost(19, 2, 253449).
cost(19, 3, 122353).
cost(19, 4, 98861).
cost(19, 5, 232769).
cost(19, 6, 217445).
cost(19, 7, 371855).
cost(19, 8, 302000).
cost(19, 9, 326822).
cost(19, 10, 397269).
cost(19, 11, 181295).
cost(19, 12, 259690).
cost(19, 13, 491056).
cost(19, 14, 134712).
cost(19, 15, 173468).
cost(19, 16, 249469).
cost(19, 17, 391518).
cost(19, 18, 173944).
cost(19, 20, 48976).
cost(19, 21, 473452).
cost(19, 22, 342285).
cost(19, 23, 687900).
cost(19, 24, 141458).
cost(19, 25, 180695).
cost(20, 1, 205606).
cost(20, 2, 300139).
cost(20, 3, 152234).
cost(20, 4, 65331).
cost(20, 5, 255607).
cost(20, 6, 264522).
cost(20, 7, 322992).
cost(20, 8, 342013).
cost(20, 9, 375142).
cost(20, 10, 443282).
cost(20, 11, 223244).
cost(20, 12, 288198).
cost(20, 13, 539666).
cost(20, 14, 181178).
cost(20, 15, 129326).
cost(20, 16, 294070).
cost(20, 17, 433683).
cost(20, 18, 222718).
cost(20, 19, 48976).
cost(20, 21, 504556).
cost(20, 22, 391137).
cost(20, 23, 723589).
cost(20, 24, 190387).
cost(20, 25, 224447).
cost(21, 1, 306954).
cost(21, 2, 462871).
cost(21, 3, 534767).
cost(21, 4, 486828).
cost(21, 5, 255024).
cost(21, 6, 450333).
cost(21, 7, 746289).
cost(21, 8, 564406).
cost(21, 9, 322136).
cost(21, 10, 527760).
cost(21, 11, 500103).
cost(21, 12, 216745).
cost(21, 13, 373172).
cost(21, 14, 365206).
cost(21, 15, 545429).
cost(21, 16, 272824).
cost(21, 17, 588488).
cost(21, 18, 376758).
cost(21, 19, 473452).
cost(21, 20, 504556).
cost(21, 22, 407027).
cost(21, 23, 229543).
cost(21, 24, 410853).
cost(21, 25, 314802).
cost(22, 1, 355408).
cost(22, 2, 116889).
cost(22, 3, 293432).
cost(22, 4, 430096).
cost(22, 5, 348582).
cost(22, 6, 140010).
cost(22, 7, 714126).
cost(22, 8, 189408).
cost(22, 9, 85371).
cost(22, 10, 121257).
cost(22, 11, 207595).
cost(22, 12, 322501).
cost(22, 13, 170661).
cost(22, 14, 228691).
cost(22, 15, 510366).
cost(22, 16, 181630).
cost(22, 17, 183832).
cost(22, 18, 173894).
cost(22, 19, 342285).
cost(22, 20, 391137).
cost(22, 21, 407027).
cost(22, 23, 530246).
cost(22, 24, 200901).
cost(22, 25, 218405).
cost(23, 1, 533287).
cost(23, 2, 619171).
cost(23, 3, 730422).
cost(23, 4, 711932).
cost(23, 5, 481878).
cost(23, 6, 617600).
cost(23, 7, 975813).
cost(23, 8, 713833).
cost(23, 9, 457850).
cost(23, 10, 638029).
cost(23, 11, 678573).
cost(23, 12, 440572).
cost(23, 13, 420218).
cost(23, 14, 566494).
cost(23, 15, 773580).
cost(23, 16, 457128).
cost(23, 17, 710589).
cost(23, 18, 562779).
cost(23, 19, 687900).
cost(23, 20, 723589).
cost(23, 21, 229543).
cost(23, 22, 530246).
cost(23, 24, 601514).
cost(23, 25, 515052).
cost(24, 1, 207262).
cost(24, 2, 124116).
cost(24, 3, 129167).
cost(24, 4, 231105).
cost(24, 5, 228141).
cost(24, 6, 88351).
cost(24, 7, 513305).
cost(24, 8, 202788).
cost(24, 9, 191646).
cost(24, 10, 266665).
cost(24, 11, 96681).
cost(24, 12, 229183).
cost(24, 13, 352774).
cost(24, 14, 58741).
cost(24, 15, 310663).
cost(24, 16, 144411).
cost(24, 17, 277161).
cost(24, 18, 40471).
cost(24, 19, 141458).
cost(24, 20, 190387).
cost(24, 21, 410853).
cost(24, 22, 200901).
cost(24, 23, 601514).
cost(24, 25, 98779).
cost(25, 1, 137844).
cost(25, 2, 192400).
cost(25, 3, 220037).
cost(25, 4, 239487).
cost(25, 5, 141481).
cost(25, 6, 164475).
cost(25, 7, 531788).
cost(25, 8, 287490).
cost(25, 9, 168630).
cost(25, 10, 317090).
cost(25, 11, 194147).
cost(25, 12, 133240).
cost(25, 13, 331693).
cost(25, 14, 51514).
cost(25, 15, 318451).
cost(25, 16, 69902).
cost(25, 17, 346849).
cost(25, 18, 74373).
cost(25, 19, 180695).
cost(25, 20, 224447).
cost(25, 21, 314802).
cost(25, 22, 218405).
cost(25, 23, 515052).
cost(25, 24, 98779).
