dimension(25).
point(1, 127713.0, -180628.0).
point(2, -54256.0, 323801.0).
point(3, 156421.0, -60197.0).
point(4, -240163.0, -253276.0).
point(5, -338464.0, 86226.0).
point(6, -17362.0, -169345.0).
point(7, -387372.0, -212945.0).
point(8, 185748.0, 186404.0).
point(9, -10059.0, -225350.0).
point(10, 775.0, -36368.0).
point(11, 128428.0, -23653.0).
point(12, 22714.0, -312389.0).
point(13, -484790.0, 160884.0).
point(14, -295605.0, 199853.0).
point(15, 375755.0, 276643.0).
point(16, -92333.0, 122858.0).
point(17, -69115.0, -241590.0).
point(18, -31992.0, -215637.0).
point(19, -399096.0, -100418.0).
point(20, 277205.0, -141453.0).
point(21, 55959.0, 338473.0).
point(22, -58349.0, -222402.0).
point(23, 143373.0, 175677.0).
point(24, 21737.0, -156701.0).
point(25, -170838.0, -18937.0).
cost(1, 2, 536247).
cost(1, 3, 123805).
cost(1, 4, 374981).
cost(1, 5, 537152).
cost(1, 6, 145513).
cost(1, 7, 516098).
cost(1, 8, 371592).
cost(1, 9, 144849).
cost(1, 10, 192157).
cost(1, 11, 156977).
cost(1, 12, 168481).
cost(1, 13, 701278).
cost(1, 14, 569178).
cost(1, 15, 520213).
cost(1, 16, 374865).
cost(1, 17, 206052).
cost(1, 18, 163497).
cost(1, 19, 532880).
cost(1, 20, 154540).
cost(1, 21, 524037).
cost(1, 22, 190694).
cost(1, 23, 356649).
cost(1, 24, 108644).
cost(1, 25, 339524).
cost(2, 1, 536247).
cost(2, 3, 437995).
cost(2, 4, 606283).
cost(2, 5, 370427).
cost(2, 6, 494524).
cost(2, 7, 631714).
cost(2, 8, 276550).
cost(2, 9, 550927).
cost(2, 10, 364349).
cost(2, 11, 392553).
cost(2, 12, 640829).
cost(2, 13, 460328).
cost(2, 14, 271316).
cost(2, 15, 432589).
cost(2, 16, 204519).
cost(2, 17, 565586).
cost(2, 18, 539897).
cost(2, 19, 546696).
cost(2, 20, 571251).
cost(2, 21, 111187).
cost(2, 22, 546218).
cost(2, 23, 246978).
cost(2, 24, 486474).
cost(2, 25, 362023).
cost(3, 1, 123805).
cost(3, 2, 437995).
cost(3, 4, 441088).
cost(3, 5, 516092).
cost(3, 6, 205217).
cost(3, 7, 564839).
cost(3, 8, 248339).
cost(3, 9, 234502).
cost(3, 10, 157460).
cost(3, 11, 46033).
cost(3, 12, 285444).
cost(3, 13, 678254).
cost(3, 14, 521492).
cost(3, 15, 401956).
cost(3, 16, 308849).
cost(3, 17, 289430).
cost(3, 18, 244256).
cost(3, 19, 556971).
cost(3, 20, 145572).
cost(3, 21, 411133).
cost(3, 22, 269141).
cost(3, 23, 236235).
cost(3, 24, 165689).
cost(3, 25, 329850).
cost(4, 1, 374981).
cost(4, 2, 606283).
cost(4, 3, 441088).
cost(4, 5, 353447).
cost(4, 6, 238085).
cost(4, 7, 152634).
cost(4, 8, 612143).
cost(4, 9, 231792).
cost(4, 10, 324192).
cost(4, 11, 434265).
cost(4, 12, 269441).
cost(4, 13, 481010).
cost(4, 14, 456508).
cost(4, 15, 812508).
cost(4, 16, 404142).
cost(4, 17, 171447).
cost(4, 18, 211546).
cost(4, 19, 220511).
cost(4, 20, 529315).
cost(4, 21, 661706).
cost(4, 22, 184417).
cost(4, 23, 575413).
cost(4, 24, 279139).
cost(4, 25, 244378).
cost(5, 1, 537152).
cost(5, 2, 370427).
cost(5, 3, 516092).
cost(5, 4, 353447).
cost(5, 6, 410394).
cost(5, 7, 303142).
cost(5, 8, 533698).
cost(5, 9, 452691).
cost(5, 10, 360711).
cost(5, 11, 479647).
cost(5, 12, 537907).
cost(5, 13, 164271).
cost(5, 14, 121441).
cost(5, 15, 739167).
cost(5, 16, 248842).
cost(5, 17, 424278).
cost(5, 18, 430170).
cost(5, 19, 196245).
cost(5, 20, 656419).
cost(5, 21, 468186).
cost(5, 22, 416792).
cost(5, 23, 490070).
cost(5, 24, 434463).
cost(5, 25, 197883).
cost(6, 1, 145513).
cost(6, 2, 494524).
cost(6, 3, 205217).
cost(6, 4, 238085).
cost(6, 5, 410394).
cost(6, 7, 372570).
cost(6, 8, 409647).
cost(6, 9, 56479).
cost(6, 10, 134208).
cost(6, 11, 206109).
cost(6, 12, 148552).
cost(6, 13, 572311).
cost(6, 14, 462305).
cost(6, 15, 594513).
cost(6, 16, 301667).
cost(6, 17, 88869).
cost(6, 18, 48549).
cost(6, 19, 387907).
cost(6, 20, 295885).
cost(6, 21, 513084).
cost(6, 22, 67045).
cost(6, 23, 380626).
cost(6, 24, 41093).
cost(6, 25, 214889).
cost(7, 1, 516098).
cost(7, 2, 631714).
cost(7, 3, 564839).
cost(7, 4, 152634).
cost(7, 5, 303142).
cost(7, 6, 372570).
cost(7, 8, 698531).
cost(7, 9, 377517).
cost(7, 10, 426424).
cost(7, 11, 549437).
cost(7, 12, 421971).
cost(7, 13, 386314).
cost(7, 14, 422875).
cost(7, 15, 906675).
cost(7, 16, 447003).
cost(7, 17, 319544).
cost(7, 18, 355390).
cost(7, 19, 113136).
cost(7, 20, 668411).
cost(7, 21, 707534).
cost(7, 22, 329159).
cost(7, 23, 657813).
cost(7, 24, 412957).
cost(7, 25, 290734).
cost(8, 1, 371592).
cost(8, 2, 276550).
cost(8, 3, 248339).
cost(8, 4, 612143).
cost(8, 5, 533698).
cost(8, 6, 409647).
cost(8, 7, 698531).
cost(8, 9, 455940).
cost(8, 10, 289555).
cost(8, 11, 217737).
cost(8, 12, 524761).
cost(8, 13, 671023).
cost(8, 14, 481541).
cost(8, 15, 210347).
cost(8, 16, 285249).
cost(8, 17, 498131).
cost(8, 18, 457217).
cost(8, 19, 651390).
cost(8, 20, 340374).
cost(8, 21, 199925).
cost(8, 22, 476136).
cost(8, 23, 43712).
cost(8, 24, 380290).
cost(8, 25, 411483).
cost(9, 1, 144849).
cost(9, 2, 550927).
cost(9, 3, 234502).
cost(9, 4, 231792).
cost(9, 5, 452691).
cost(9, 6, 56479).
cost(9, 7, 377517).
cost(9, 8, 455940).
cost(9, 10, 189292).
cost(9, 11, 244664).
cost(9, 12, 93005).
cost(9, 13, 612002).
cost(9, 14, 512186).
cost(9, 15, 633127).
cost(9, 16, 357796).
cost(9, 17, 61248).
cost(9, 18, 23987).
cost(9, 19, 408605).
cost(9, 20, 299265).
cost(9, 21, 567675).
cost(9, 22, 48380).
cost(9, 23, 429376).
cost(9, 24, 75655).
cost(9, 25, 261641).
cost(10, 1, 192157).
cost(10, 2, 364349).
cost(10, 3, 157460).
cost(10, 4, 324192).
cost(10, 5, 360711).
cost(10, 6, 134208).
cost(10, 7, 426424).
cost(10, 8, 289555).
cost(10, 9, 189292).
cost(10, 11, 128285).
cost(10, 12, 276892).
cost(10, 13, 524101).
cost(10, 14, 379001).
cost(10, 15, 488453).
cost(10, 16, 184451).
cost(10, 17, 216796).
cost(10, 18, 182239).
cost(10, 19, 404968).
cost(10, 20, 295730).
cost(10, 21, 378881).
cost(10, 22, 195203).
cost(10, 23, 255533).
cost(10, 24, 122145).
cost(10, 25, 172496).
cost(11, 1, 156977).
cost(11, 2, 392553).
cost(11, 3, 46033).
cost(11, 4, 434265).
cost(11, 5, 479647).
cost(11, 6, 206109).
cost(11, 7, 549437).
cost(11, 8, 217737).
cost(11, 9, 244664).
cost(11, 10, 128285).
cost(11, 12, 307480).
cost(11, 13, 640383).
cost(11, 14, 479332).
cost(11, 15, 389035).
cost(11, 16, 264955).
cost(11, 17, 294142).
cost(11, 18, 250185).
cost(11, 19, 533080).
cost(11, 20, 189767).
cost(11, 21, 369306).
cost(11, 22, 272739).
cost(11, 23, 199889).
cost(11, 24, 170542).
cost(11, 25, 299303).
cost(12, 1, 168481).
cost(12, 2, 640829).
cost(12, 3, 285444).
cost(12, 4, 269441).
cost(12, 5, 537907).
cost(12, 6, 148552).
cost(12, 7, 421971).
cost(12, 8, 524761).
cost(12, 9, 93005).
cost(12, 10, 276892).
cost(12, 11, 307480).
cost(12, 13, 693936).
cost(12, 14, 603091).
cost(12, 15, 686729).
cost(12, 16, 450195).
cost(12, 17, 115953).
cost(12, 18, 111147).
cost(12, 19, 472076).
cost(12, 20, 306569).
cost(12, 21, 651710).
cost(12, 22, 121115).
cost(12, 23, 502759).
cost(12, 24, 155691).
cost(12, 25, 351534).
cost(13, 1, 701278).
cost(13, 2, 460328).
cost(13, 3, 678254).
cost(13, 4, 481010).
cost(13, 5, 164271).
cost(13, 6, 572311).
cost(13, 7, 386314).
cost(13, 8, 671023).
cost(13, 9, 612002).
cost(13, 10, 524101).
cost(13, 11, 640383).
cost(13, 12, 693936).
cost(13, 14, 193157).
cost(13, 15, 868296).
cost(13, 16, 394295).
cost(13, 17, 578594).
cost(13, 18, 588892).
cost(13, 19, 274995).
cost(13, 20, 819783).
cost(13, 21, 569164).
cost(13, 22, 573376).
cost(13, 23, 628337).
cost(13, 24, 597854).
cost(13, 25, 361803).
cost(14, 1, 569178).
cost(14, 2, 271316).
cost(14, 3, 521492).
cost(14, 4, 456508).
cost(14, 5, 121441).
cost(14, 6, 462305).
cost(14, 7, 422875).
cost(14, 8, 481541).
cost(14, 9, 512186).
cost(14, 10, 379001).
cost(14, 11, 479332).
cost(14, 12, 603091).
cost(14, 13, 193157).
cost(14, 15, 675737).
cost(14, 16, 217365).
cost(14, 17, 496155).
cost(14, 18, 492061).
cost(14, 19, 317605).
cost(14, 20, 666784).
cost(14, 21, 377906).
cost(14, 22, 484345).
cost(14, 23, 439643).
cost(14, 24, 477322).
cost(14, 25, 251865).
cost(15, 1, 520213).
cost(15, 2, 432589).
cost(15, 3, 401956).
cost(15, 4, 812508).
cost(15, 5, 739167).
cost(15, 6, 594513).
cost(15, 7, 906675).
cost(15, 8, 210347).
cost(15, 9, 633127).
cost(15, 10, 488453).
cost(15, 11, 389035).
cost(15, 12, 686729).
cost(15, 13, 868296).
cost(15, 14, 675737).
cost(15, 16, 492703).
cost(15, 17, 682990).
cost(15, 18, 639216).
cost(15, 19, 861724).
cost(15, 20, 429554).
cost(15, 21, 325718).
cost(15, 22, 661432).
cost(15, 23, 253368).
cost(15, 24, 559567).
cost(15, 25, 621395).
cost(16, 1, 374865).
cost(16, 2, 204519).
cost(16, 3, 308849).
cost(16, 4, 404142).
cost(16, 5, 248842).
cost(16, 6, 301667).
cost(16, 7, 447003).
cost(16, 8, 285249).
cost(16, 9, 357796).
cost(16, 10, 184451).
cost(16, 11, 264955).
cost(16, 12, 450195).
cost(16, 13, 394295).
cost(16, 14, 217365).
cost(16, 15, 492703).
cost(16, 17, 365187).
cost(16, 18, 343831).
cost(16, 19, 379415).
cost(16, 20, 454333).
cost(16, 21, 261687).
cost(16, 22, 346928).
cost(16, 23, 241552).
cost(16, 24, 301936).
cost(16, 25, 162077).
cost(17, 1, 206052).
cost(17, 2, 565586).
cost(17, 3, 289430).
cost(17, 4, 171447).
cost(17, 5, 424278).
cost(17, 6, 88869).
cost(17, 7, 319544).
cost(17, 8, 498131).
cost(17, 9, 61248).
cost(17, 10, 216796).
cost(17, 11, 294142).
cost(17, 12, 115953).
cost(17, 13, 578594).
cost(17, 14, 496155).
cost(17, 15, 682990).
cost(17, 16, 365187).
cost(17, 18, 45295).
cost(17, 19, 358911).
cost(17, 20, 360507).
cost(17, 21, 593394).
cost(17, 22, 22002).
cost(17, 23, 468255).
cost(17, 24, 124339).
cost(17, 25, 244790).
cost(18, 1, 163497).
cost(18, 2, 539897).
cost(18, 3, 244256).
cost(18, 4, 211546).
cost(18, 5, 430170).
cost(18, 6, 48549).
cost(18, 7, 355390).
cost(18, 8, 457217).
cost(18, 9, 23987).
cost(18, 10, 182239).
cost(18, 11, 250185).
cost(18, 12, 111147).
cost(18, 13, 588892).
cost(18, 14, 492061).
cost(18, 15, 639216).
cost(18, 16, 343831).
cost(18, 17, 45295).
cost(18, 19, 384761).
cost(18, 20, 317972).
cost(18, 21, 561047).
cost(18, 22, 27211).
cost(18, 23, 428812).
cost(18, 24, 79751).
cost(18, 25, 240768).
cost(19, 1, 532880).
cost(19, 2, 546696).
cost(19, 3, 556971).
cost(19, 4, 220511).
cost(19, 5, 196245).
cost(19, 6, 387907).
cost(19, 7, 113136).
cost(19, 8, 651390).
cost(19, 9, 408605).
cost(19, 10, 404968).
cost(19, 11, 533080).
cost(19, 12, 472076).
cost(19, 13, 274995).
cost(19, 14, 317605).
cost(19, 15, 861724).
cost(19, 16, 379415).
cost(19, 17, 358911).
cost(19, 18, 384761).
cost(19, 20, 677545).
cost(19, 21, 632219).
cost(19, 22, 361923).
cost(19, 23, 608688).
cost(19, 24, 424580).
cost(19, 25, 242365).
cost(20, 1, 154540).
cost(20, 2, 571251).
cost(20, 3, 145572).
cost(20, 4, 529315).
cost(20, 5, 656419).
cost(20, 6, 295885).
cost(20, 7, 668411).
cost(20, 8, 340374).
cost(20, 9, 299265).
cost(20, 10, 295730).
cost(20, 11, 189767).
cost(20, 12, 306569).
cost(20, 13, 819783).
cost(20, 14, 666784).
cost(20, 15, 429554).
cost(20, 16, 454333).
cost(20, 17, 360507).
cost(20, 18, 317972).
cost(20, 19, 677545).
cost(20, 21, 528468).
cost(20, 22, 345180).
cost(20, 23, 344213).
cost(20, 24, 255923).
cost(20, 25, 464492).
cost(21, 1, 524037).
cost(21, 2, 111187).
cost(21, 3, 411133).
cost(21, 4, 661706).
cost(21, 5, 468186).
cost(21, 6, 513084).
cost(21, 7, 707534).
cost(21, 8, 199925).
cost(21, 9, 567675).
cost(21, 10, 378881).
cost(21, 11, 369306).
cost(21, 12, 651710).
cost(21, 13, 569164).
cost(21, 14, 377906).
cost(21, 15, 325718).
cost(21, 16, 261687).
cost(21, 17, 593394).
cost(21, 18, 561047).
cost(21, 19, 632219).
cost(21, 20, 528468).
cost(21, 22, 572405).
cost(21, 23, 184780).
cost(21, 24, 496355).
cost(21, 25, 423295).
cost(22, 1, 190694).
cost(22, 2, 546218).
cost(22, 3, 269141).
cost(22, 4, 184417).
cost(22, 5, 416792).
cost(22, 6, 67045).
cost(22, 7, 329159).
cost(22, 8, 476136).
cost(22, 9, 48380).
cost(22, 10, 195203).
cost(22, 11, 272739).
cost(22, 12, 121115).
cost(22, 13, 573376).
cost(22, 14, 484345).
cost(22, 15, 661432).
cost(22, 16, 346928).
cost(22, 17, 22002).
cost(22, 18, 27211).
cost(22, 19, 361923).
cost(22, 20, 345180).
cost(22, 21, 572405).
cost(22, 23, 446272).
cost(22, 24, 103588).
cost(22, 25, 232490).
cost(23, 1, 356649).
cost(23, 2, 246978).
cost(23, 3, 236235).
cost(23, 4, 575413).
cost(23, 5, 490070).
cost(23, 6, 380626).
cost(23, 7, 657813).
cost(23, 8, 43712).
cost(23, 9, 429376).
cost(23, 10, 255533).
cost(23, 11, 199889).
cost(23, 12, 502759).
cost(23, 13, 628337).
cost(23, 14, 439643).
cost(23, 15, 253368).
cost(23, 16, 241552).
cost(23, 17, 468255).
cost(23, 18, 428812).
cost(23, 19, 608688).
cost(23, 20, 344213).
cost(23, 21, 184780).
cost(23, 22, 446272).
cost(23, 24, 353936).
cost(23, 25, 369599).
cost(24, 1, 108644).
cost(24, 2, 486474).
cost(24, 3, 165689).
cost(24, 4, 279139).
cost(24, 5, 434463).
cost(24, 6, 41093).
cost(24, 7, 412957).
cost(24, 8, 380290).
cost(24, 9, 75655).
cost(24, 10, 122145).
cost(24, 11, 170542).
cost(24, 12, 155691).
cost(24, 13, 597854).
cost(24, 14, 477322).
cost(24, 15, 559567).
cost(24, 16, 301936).
cost(24, 17, 124339).
cost(24, 18, 79751).
cost(24, 19, 424580).
cost(24, 20, 255923).
cost(24, 21, 496355).
cost(24, 22, 103588).
cost(24, 23, 353936).
cost(24, 25, 236778).
cost(25, 1, 339524).
cost(25, 2, 362023).
cost(25, 3, 329850).
cost(25, 4, 244378).
cost(25, 5, 197883).
cost(25, 6, 214889).
cost(25, 7, 290734).
cost(25, 8, 411483).
cost(25, 9, 261641).
cost(25, 10, 172496).
cost(25, 11, 299303).
cost(25, 12, 351534).
cost(25, 13, 361803).
cost(25, 14, 251865).
cost(25, 15, 621395).
cost(25, 16, 162077).
cost(25, 17, 244790).
cost(25, 18, 240768).
cost(25, 19, 242365).
cost(25, 20, 464492).
cost(25, 21, 423295).
cost(25, 22, 232490).
cost(25, 23, 369599).
cost(25, 24, 236778).
