dimension(25).
point(1, -351806.0, -1792.0).
point(2, 83756.0, -249981.0).
point(3, -313308.0, 65855.0).
point(4, -170835.0, 13408.0).
point(5, 163349.0, -148624.0).
point(6, 88193.0, -544662.0).
point(7, 167620.0, -105617.0).
point(8, 201378.0, 327562.0).
point(9, 73093.0, -121729.0).
point(10, -122751.0, -201201.0).
point(11, 31642.0, 27487.0).
point(12, 78101.0, 271271.0).
point(13, -373041.0, -204727.0).
point(14, 353103.0, 228260.0).
point(15, 35960.0, -18289.0).
point(16, -176056.0, 187562.0).
point(17, 277052.0, -158566.0).
point(18, 244682.0, 39472.0).
point(19, -138234.0, -156256.0).
point(20, 32428.0, 353554.0).
point(21, 9449.0, -47945.0).
point(22, -46013.0, 111712.0).
point(23, 189319.0, 26605.0).
point(24, -74362.0, 98557.0).
point(25, -34028.0, -10143.0).
cost(1, 2, 501310).
cost(1, 3, 77835).
cost(1, 4, 181608).
cost(1, 5, 535672).
cost(1, 6, 698790).
cost(1, 7, 529701).
cost(1, 8, 643806).
cost(1, 9, 441502).
cost(1, 10, 303694).
cost(1, 11, 384564).
cost(1, 12, 509297).
cost(1, 13, 204043).
cost(1, 14, 741499).
cost(1, 15, 388117).
cost(1, 16, 258347).
cost(1, 17, 648105).
cost(1, 18, 597914).
cost(1, 19, 263576).
cost(1, 20, 523361).
cost(1, 21, 364191).
cost(1, 22, 326179).
cost(1, 23, 541870).
cost(1, 24, 295034).
cost(1, 25, 317888).
cost(2, 1, 501310).
cost(2, 3, 507358).
cost(2, 4, 366320).
cost(2, 5, 128873).
cost(2, 6, 294714).
cost(2, 7, 166955).
cost(2, 8, 589399).
cost(2, 9, 128695).
cost(2, 10, 212190).
cost(2, 11, 282320).
cost(2, 12, 521283).
cost(2, 13, 459033).
cost(2, 14, 548874).
cost(2, 15, 236571).
cost(2, 16, 508868).
cost(2, 17, 213822).
cost(2, 18, 331180).
cost(2, 19, 240965).
cost(2, 20, 605714).
cost(2, 21, 215267).
cost(2, 22, 384268).
cost(2, 23, 296046).
cost(2, 24, 382727).
cost(2, 25, 267199).
cost(3, 1, 77835).
cost(3, 2, 507358).
cost(3, 4, 151820).
cost(3, 5, 522688).
cost(3, 6, 730708).
cost(3, 7, 510582).
cost(3, 8, 577401).
cost(3, 9, 429527).
cost(3, 10, 328071).
cost(3, 11, 347077).
cost(3, 12, 442037).
cost(3, 13, 277097).
cost(3, 14, 685915).
cost(3, 15, 359261).
cost(3, 16, 183441).
cost(3, 17, 631577).
cost(3, 18, 558613).
cost(3, 19, 282815).
cost(3, 20, 449782).
cost(3, 21, 342232).
cost(3, 22, 271200).
cost(3, 23, 504157).
cost(3, 24, 241173).
cost(3, 25, 289436).
cost(4, 1, 181608).
cost(4, 2, 366320).
cost(4, 3, 151820).
cost(4, 5, 371394).
cost(4, 6, 615254).
cost(4, 7, 358774).
cost(4, 8, 487068).
cost(4, 9, 278860).
cost(4, 10, 219930).
cost(4, 11, 202966).
cost(4, 12, 358417).
cost(4, 13, 297439).
cost(4, 14, 566279).
cost(4, 15, 209210).
cost(4, 16, 174232).
cost(4, 17, 479769).
cost(4, 18, 416334).
cost(4, 19, 172768).
cost(4, 20, 396251).
cost(4, 21, 190438).
cost(4, 22, 158884).
cost(4, 23, 360396).
cost(4, 24, 128676).
cost(4, 25, 138819).
cost(5, 1, 535672).
cost(5, 2, 128873).
cost(5, 3, 522688).
cost(5, 4, 371394).
cost(5, 6, 403106).
cost(5, 7, 43219).
cost(5, 8, 477702).
cost(5, 9, 94178).
cost(5, 10, 290891).
cost(5, 11, 219913).
cost(5, 12, 428461).
cost(5, 13, 539316).
cost(5, 14, 421957).
cost(5, 15, 182250).
cost(5, 16, 477720).
cost(5, 17, 114137).
cost(5, 18, 204927).
cost(5, 19, 301680).
cost(5, 20, 518963).
cost(5, 21, 183906).
cost(5, 22, 334077).
cost(5, 23, 177143).
cost(5, 24, 342936).
cost(5, 25, 241111).
cost(6, 1, 698790).
cost(6, 2, 294714).
cost(6, 3, 730708).
cost(6, 4, 615254).
cost(6, 5, 403106).
cost(6, 7, 446172).
cost(6, 8, 879537).
cost(6, 9, 423202).
cost(6, 10, 403067).
cost(6, 11, 574937).
cost(6, 12, 815995).
cost(6, 13, 572968).
cost(6, 14, 817059).
cost(6, 15, 528958).
cost(6, 16, 778447).
cost(6, 17, 429811).
cost(6, 18, 604732).
cost(6, 19, 449587).
cost(6, 20, 899945).
cost(6, 21, 502920).
cost(6, 22, 669954).
cost(6, 23, 580149).
cost(6, 24, 663442).
cost(6, 25, 548314).
cost(7, 1, 529701).
cost(7, 2, 166955).
cost(7, 3, 510582).
cost(7, 4, 358774).
cost(7, 5, 43219).
cost(7, 6, 446172).
cost(7, 8, 434492).
cost(7, 9, 95890).
cost(7, 10, 305699).
cost(7, 11, 190281).
cost(7, 12, 387373).
cost(7, 13, 549670).
cost(7, 14, 381940).
cost(7, 15, 157989).
cost(7, 16, 451738).
cost(7, 17, 121569).
cost(7, 18, 164284).
cost(7, 19, 310018).
cost(7, 20, 478659).
cost(7, 21, 168357).
cost(7, 22, 304747).
cost(7, 23, 133991).
cost(7, 24, 316611).
cost(7, 25, 223108).
cost(8, 1, 643806).
cost(8, 2, 589399).
cost(8, 3, 577401).
cost(8, 4, 487068).
cost(8, 5, 477702).
cost(8, 6, 879537).
cost(8, 7, 434492).
cost(8, 9, 467247).
cost(8, 10, 620202).
cost(8, 11, 344754).
cost(8, 12, 135521).
cost(8, 13, 783128).
cost(8, 14, 181332).
cost(8, 15, 383375).
cost(8, 16, 402562).
cost(8, 17, 491983).
cost(8, 18, 291326).
cost(8, 19, 591114).
cost(8, 20, 170938).
cost(8, 21, 421713).
cost(8, 22, 328319).
cost(8, 23, 301198).
cost(8, 24, 358435).
cost(8, 25, 411656).
cost(9, 1, 441502).
cost(9, 2, 128695).
cost(9, 3, 429527).
cost(9, 4, 278860).
cost(9, 5, 94178).
cost(9, 6, 423202).
cost(9, 7, 95890).
cost(9, 8, 467247).
cost(9, 10, 211354).
cost(9, 11, 154866).
cost(9, 12, 393032).
cost(9, 13, 453789).
cost(9, 14, 448216).
cost(9, 15, 109903).
cost(9, 16, 397160).
cost(9, 17, 207259).
cost(9, 18, 235433).
cost(9, 19, 214129).
cost(9, 20, 477019).
cost(9, 21, 97440).
cost(9, 22, 262070).
cost(9, 23, 188445).
cost(9, 24, 265083).
cost(9, 25, 154681).
cost(10, 1, 303694).
cost(10, 2, 212190).
cost(10, 3, 328071).
cost(10, 4, 219930).
cost(10, 5, 290891).
cost(10, 6, 403067).
cost(10, 7, 305699).
cost(10, 8, 620202).
cost(10, 9, 211354).
cost(10, 11, 275926).
cost(10, 12, 513392).
cost(10, 13, 250315).
cost(10, 14, 640994).
cost(10, 15, 242169).
cost(10, 16, 392400).
cost(10, 17, 402070).
cost(10, 18, 439239).
cost(10, 19, 47537).
cost(10, 20, 576050).
cost(10, 21, 202396).
cost(10, 22, 322185).
cost(10, 23, 386372).
cost(10, 24, 303639).
cost(10, 25, 210654).
cost(11, 1, 384564).
cost(11, 2, 282320).
cost(11, 3, 347077).
cost(11, 4, 202966).
cost(11, 5, 219913).
cost(11, 6, 574937).
cost(11, 7, 190281).
cost(11, 8, 344754).
cost(11, 9, 154866).
cost(11, 10, 275926).
cost(11, 12, 248171).
cost(11, 13, 466574).
cost(11, 14, 379008).
cost(11, 15, 45979).
cost(11, 16, 262226).
cost(11, 17, 307964).
cost(11, 18, 213377).
cost(11, 19, 250239).
cost(11, 20, 326068).
cost(11, 21, 78629).
cost(11, 22, 114561).
cost(11, 23, 157679).
cost(11, 24, 127624).
cost(11, 25, 75687).
cost(12, 1, 509297).
cost(12, 2, 521283).
cost(12, 3, 442037).
cost(12, 4, 358417).
cost(12, 5, 428461).
cost(12, 6, 815995).
cost(12, 7, 387373).
cost(12, 8, 135521).
cost(12, 9, 393032).
cost(12, 10, 513392).
cost(12, 11, 248171).
cost(12, 13, 655823).
cost(12, 14, 278345).
cost(12, 15, 292610).
cost(12, 16, 267587).
cost(12, 17, 473647).
cost(12, 18, 285447).
cost(12, 19, 479145).
cost(12, 20, 94109).
cost(12, 21, 326515).
cost(12, 22, 202147).
cost(12, 23, 268758).
cost(12, 24, 230380).
cost(12, 25, 302930).
cost(13, 1, 204043).
cost(13, 2, 459033).
cost(13, 3, 277097).
cost(13, 4, 297439).
cost(13, 5, 539316).
cost(13, 6, 572968).
cost(13, 7, 549670).
cost(13, 8, 783128).
cost(13, 9, 453789).
cost(13, 10, 250315).
cost(13, 11, 466574).
cost(13, 12, 655823).
cost(13, 14, 845436).
cost(13, 15, 449490).
cost(13, 16, 438969).
cost(13, 17, 651730).
cost(13, 18, 664240).
cost(13, 19, 239758).
cost(13, 20, 689988).
cost(13, 21, 413375).
cost(13, 22, 455061).
cost(13, 23, 608082).
cost(13, 24, 425665).
cost(13, 25, 390887).
cost(14, 1, 741499).
cost(14, 2, 548874).
cost(14, 3, 685915).
cost(14, 4, 566279).
cost(14, 5, 421957).
cost(14, 6, 817059).
cost(14, 7, 381940).
cost(14, 8, 181332).
cost(14, 9, 448216).
cost(14, 10, 640994).
cost(14, 11, 379008).
cost(14, 12, 278345).
cost(14, 13, 845436).
cost(14, 15, 401704).
cost(14, 16, 530722).
cost(14, 17, 394231).
cost(14, 18, 217706).
cost(14, 19, 623911).
cost(14, 20, 344283).
cost(14, 21, 440894).
cost(14, 22, 415785).
cost(14, 23, 259788).
cost(14, 24, 446709).
cost(14, 25, 454650).
cost(15, 1, 388117).
cost(15, 2, 236571).
cost(15, 3, 359261).
cost(15, 4, 209210).
cost(15, 5, 182250).
cost(15, 6, 528958).
cost(15, 7, 157989).
cost(15, 8, 383375).
cost(15, 9, 109903).
cost(15, 10, 242169).
cost(15, 11, 45979).
cost(15, 12, 292610).
cost(15, 13, 449490).
cost(15, 14, 401704).
cost(15, 16, 295509).
cost(15, 17, 278932).
cost(15, 18, 216567).
cost(15, 19, 222213).
cost(15, 20, 371860).
cost(15, 21, 39778).
cost(15, 22, 153687).
cost(15, 23, 159795).
cost(15, 24, 160698).
cost(15, 25, 70460).
cost(16, 1, 258347).
cost(16, 2, 508868).
cost(16, 3, 183441).
cost(16, 4, 174232).
cost(16, 5, 477720).
cost(16, 6, 778447).
cost(16, 7, 451738).
cost(16, 8, 402562).
cost(16, 9, 397160).
cost(16, 10, 392400).
cost(16, 11, 262226).
cost(16, 12, 267587).
cost(16, 13, 438969).
cost(16, 14, 530722).
cost(16, 15, 295509).
cost(16, 17, 570185).
cost(16, 18, 446039).
cost(16, 19, 345892).
cost(16, 20, 266494).
cost(16, 21, 299793).
cost(16, 22, 150547).
cost(16, 23, 399257).
cost(16, 24, 135143).
cost(16, 25, 243432).
cost(17, 1, 648105).
cost(17, 2, 213822).
cost(17, 3, 631577).
cost(17, 4, 479769).
cost(17, 5, 114137).
cost(17, 6, 429811).
cost(17, 7, 121569).
cost(17, 8, 491983).
cost(17, 9, 207259).
cost(17, 10, 402070).
cost(17, 11, 307964).
cost(17, 12, 473647).
cost(17, 13, 651730).
cost(17, 14, 394231).
cost(17, 15, 278932).
cost(17, 16, 570185).
cost(17, 18, 200666).
cost(17, 19, 415292).
cost(17, 20, 567545).
cost(17, 21, 289566).
cost(17, 22, 421214).
cost(17, 23, 204903).
cost(17, 24, 435435).
cost(17, 25, 344674).
cost(18, 1, 597914).
cost(18, 2, 331180).
cost(18, 3, 558613).
cost(18, 4, 416334).
cost(18, 5, 204927).
cost(18, 6, 604732).
cost(18, 7, 164284).
cost(18, 8, 291326).
cost(18, 9, 235433).
cost(18, 10, 439239).
cost(18, 11, 213377).
cost(18, 12, 285447).
cost(18, 13, 664240).
cost(18, 14, 217706).
cost(18, 15, 216567).
cost(18, 16, 446039).
cost(18, 17, 200666).
cost(18, 19, 430040).
cost(18, 20, 379077).
cost(18, 21, 250951).
cost(18, 22, 299537).
cost(18, 23, 56839).
cost(18, 24, 324469).
cost(18, 25, 283092).
cost(19, 1, 263576).
cost(19, 2, 240965).
cost(19, 3, 282815).
cost(19, 4, 172768).
cost(19, 5, 301680).
cost(19, 6, 449587).
cost(19, 7, 310018).
cost(19, 8, 591114).
cost(19, 9, 214129).
cost(19, 10, 47537).
cost(19, 11, 250239).
cost(19, 12, 479145).
cost(19, 13, 239758).
cost(19, 14, 623911).
cost(19, 15, 222213).
cost(19, 16, 345892).
cost(19, 17, 415292).
cost(19, 18, 430040).
cost(19, 20, 537617).
cost(19, 21, 183143).
cost(19, 22, 283393).
cost(19, 23, 375139).
cost(19, 24, 262696).
cost(19, 25, 179466).
cost(20, 1, 523361).
cost(20, 2, 605714).
cost(20, 3, 449782).
cost(20, 4, 396251).
cost(20, 5, 518963).
cost(20, 6, 899945).
cost(20, 7, 478659).
cost(20, 8, 170938).
cost(20, 9, 477019).
cost(20, 10, 576050).
cost(20, 11, 326068).
cost(20, 12, 94109).
cost(20, 13, 689988).
cost(20, 14, 344283).
cost(20, 15, 371860).
cost(20, 16, 266494).
cost(20, 17, 567545).
cost(20, 18, 379077).
cost(20, 19, 537617).
cost(20, 21, 402156).
cost(20, 22, 254245).
cost(20, 23, 362644).
cost(20, 24, 276455).
cost(20, 25, 369719).
cost(21, 1, 364191).
cost(21, 2, 215267).
cost(21, 3, 342232).
cost(21, 4, 190438).
cost(21, 5, 183906).
cost(21, 6, 502920).
cost(21, 7, 168357).
cost(21, 8, 421713).
cost(21, 9, 97440).
cost(21, 10, 202396).
cost(21, 11, 78629).
cost(21, 12, 326515).
cost(21, 13, 413375).
cost(21, 14, 440894).
cost(21, 15, 39778).
cost(21, 16, 299793).
cost(21, 17, 289566).
cost(21, 18, 250951).
cost(21, 19, 183143).
cost(21, 20, 402156).
cost(21, 22, 169016).
cost(21, 23, 194707).
cost(21, 24, 168781).
cost(21, 25, 57613).
cost(22, 1, 326179).
cost(22, 2, 384268).
cost(22, 3, 271200).
cost(22, 4, 158884).
cost(22, 5, 334077).
cost(22, 6, 669954).
cost(22, 7, 304747).
cost(22, 8, 328319).
cost(22, 9, 262070).
cost(22, 10, 322185).
cost(22, 11, 114561).
cost(22, 12, 202147).
cost(22, 13, 455061).
cost(22, 14, 415785).
cost(22, 15, 153687).
cost(22, 16, 150547).
cost(22, 17, 421214).
cost(22, 18, 299537).
cost(22, 19, 283393).
cost(22, 20, 254245).
cost(22, 21, 169016).
cost(22, 23, 250249).
cost(22, 24, 31253).
cost(22, 25, 122443).
cost(23, 1, 541870).
cost(23, 2, 296046).
cost(23, 3, 504157).
cost(23, 4, 360396).
cost(23, 5, 177143).
cost(23, 6, 580149).
cost(23, 7, 133991).
cost(23, 8, 301198).
cost(23, 9, 188445).
cost(23, 10, 386372).
cost(23, 11, 157679).
cost(23, 12, 268758).
cost(23, 13, 608082).
cost(23, 14, 259788).
cost(23, 15, 159795).
cost(23, 16, 399257).
cost(23, 17, 204903).
cost(23, 18, 56839).
cost(23, 19, 375139).
cost(23, 20, 362644).
cost(23, 21, 194707).
cost(23, 22, 250249).
cost(23, 24, 273322).
cost(23, 25, 226350).
cost(24, 1, 295034).
cost(24, 2, 382727).
cost(24, 3, 241173).
cost(24, 4, 128676).
cost(24, 5, 342936).
cost(24, 6, 663442).
cost(24, 7, 316611).
cost(24, 8, 358435).
cost(24, 9, 265083).
cost(24, 10, 303639).
cost(24, 11, 127624).
cost(24, 12, 230380).
cost(24, 13, 425665).
cost(24, 14, 446709).
cost(24, 15, 160698).
cost(24, 16, 135143).
cost(24, 17, 435435).
cost(24, 18, 324469).
cost(24, 19, 262696).
cost(24, 20, 276455).
cost(24, 21, 168781).
cost(24, 22, 31253).
cost(24, 23, 273322).
cost(24, 25, 115942).
cost(25, 1, 317888).
cost(25, 2, 267199).
cost(25, 3, 289436).
cost(25, 4, 138819).
cost(25, 5, 241111).
cost(25, 6, 548314).
cost(25, 7, 223108).
cost(25, 8, 411656).
cost(25, 9, 154681).
cost(25, 10, 210654).
cost(25, 11, 75687).
cost(25, 12, 302930).
cost(25, 13, 390887).
cost(25, 14, 454650).
cost(25, 15, 70460).
cost(25, 16, 243432).
cost(25, 17, 344674).
cost(25, 18, 283092).
cost(25, 19, 179466).
cost(25, 20, 369719).
cost(25, 21, 57613).
cost(25, 22, 122443).
cost(25, 23, 226350).
cost(25, 24, 115942).
