dimension(25).
point(1, 145779.0, 16641.0).
point(2, 61843.0, -15842.0).
point(3, 29471.0, 44578.0).
point(4, -215667.0, 280149.0).
point(5, -229042.0, 30148.0).
point(6, 18411.0, -35896.0).
point(7, 136117.0, 173834.0).
point(8, 184761.0, 197416.0).
point(9, 32682.0, -213472.0).
point(10, 204697.0, 9070.0).
point(11, 21774.0, -145742.0).
point(12, 115920.0, 179933.0).
point(13, -95848.0, 332641.0).
point(14, -46774.0, 161461.0).
point(15, -67826.0, 73909.0).
point(16, 380789.0, 252262.0).
point(17, -202118.0, 182262.0).
point(18, -84478.0, 333756.0).
point(19, 283029.0, 39486.0).
point(20, 69907.0, 61883.0).
point(21, -77165.0, 163747.0).
point(22, 42388.0, -21023.0).
point(23, 93273.0, 242200.0).
point(24, -162914.0, -70361.0).
point(25, -125994.0, -97866.0).
cost(1, 2, 90002).
cost(1, 3, 119616).
cost(1, 4, 447303).
cost(1, 5, 375064).
cost(1, 6, 137778).
cost(1, 7, 157490).
cost(1, 8, 184930).
cost(1, 9, 256404).
cost(1, 10, 59402).
cost(1, 11, 204317).
cost(1, 12, 166000).
cost(1, 13, 397793).
cost(1, 14, 240935).
cost(1, 15, 221149).
cost(1, 16, 332787).
cost(1, 17, 385308).
cost(1, 18, 391893).
cost(1, 19, 139138).
cost(1, 20, 88337).
cost(1, 21, 267103).
cost(1, 22, 110038).
cost(1, 23, 231590).
cost(1, 24, 320719).
cost(1, 25, 294911).
cost(2, 1, 90002).
cost(2, 3, 68546).
cost(2, 4, 405737).
cost(2, 5, 294498).
cost(2, 6, 47838).
cost(2, 7, 203700).
cost(2, 8, 246146).
cost(2, 9, 199770).
cost(2, 10, 145010).
cost(2, 11, 135939).
cost(2, 12, 203106).
cost(2, 13, 382501).
cost(2, 14, 207928).
cost(2, 15, 157700).
cost(2, 16, 416661).
cost(2, 17, 330031).
cost(2, 18, 378984).
cost(2, 19, 228001).
cost(2, 20, 78142).
cost(2, 21, 227102).
cost(2, 22, 20133).
cost(2, 23, 259949).
cost(2, 24, 231275).
cost(2, 25, 204965).
cost(3, 1, 119616).
cost(3, 2, 68546).
cost(3, 4, 339980).
cost(3, 5, 258915).
cost(3, 6, 81230).
cost(3, 7, 167572).
cost(3, 8, 217886).
cost(3, 9, 258070).
cost(3, 10, 178787).
cost(3, 11, 190476).
cost(3, 12, 160606).
cost(3, 13, 314142).
cost(3, 14, 139553).
cost(3, 15, 101622).
cost(3, 16, 408114).
cost(3, 17, 269426).
cost(3, 18, 310819).
cost(3, 19, 253609).
cost(3, 20, 43983).
cost(3, 21, 159914).
cost(3, 22, 66861).
cost(3, 23, 207666).
cost(3, 24, 224105).
cost(3, 25, 210855).
cost(4, 1, 447303).
cost(4, 2, 405737).
cost(4, 3, 339980).
cost(4, 5, 250359).
cost(4, 6, 393290).
cost(4, 7, 367498).
cost(4, 8, 408885).
cost(4, 9, 552575).
cost(4, 10, 500190).
cost(4, 11, 487608).
cost(4, 12, 346400).
cost(4, 13, 130813).
cost(4, 14, 206426).
cost(4, 15, 253756).
cost(4, 16, 597108).
cost(4, 17, 98820).
cost(4, 18, 141719).
cost(4, 19, 553730).
cost(4, 20, 359434).
cost(4, 21, 180921).
cost(4, 22, 396607).
cost(4, 23, 311262).
cost(4, 24, 354458).
cost(4, 25, 388506).
cost(5, 1, 375064).
cost(5, 2, 294498).
cost(5, 3, 258915).
cost(5, 4, 250359).
cost(5, 6, 256115).
cost(5, 7, 392411).
cost(5, 8, 446331).
cost(5, 9, 357561).
cost(5, 10, 434251).
cost(5, 11, 306343).
cost(5, 12, 376078).
cost(5, 13, 330519).
cost(5, 14, 224644).
cost(5, 15, 167050).
cost(5, 16, 649021).
cost(5, 17, 154478).
cost(5, 18, 336269).
cost(5, 19, 512156).
cost(5, 20, 300629).
cost(5, 21, 202275).
cost(5, 22, 276211).
cost(5, 23, 385815).
cost(5, 24, 120312).
cost(5, 25, 164336).
cost(6, 1, 137778).
cost(6, 2, 47838).
cost(6, 3, 81230).
cost(6, 4, 393290).
cost(6, 5, 256115).
cost(6, 7, 240502).
cost(6, 8, 286543).
cost(6, 9, 178149).
cost(6, 10, 191636).
cost(6, 11, 109897).
cost(6, 12, 236834).
cost(6, 13, 385843).
cost(6, 14, 207843).
cost(6, 15, 139621).
cost(6, 16, 462983).
cost(6, 17, 310203).
cost(6, 18, 383704).
cost(6, 19, 275146).
cost(6, 20, 110511).
cost(6, 21, 221342).
cost(6, 22, 28215).
cost(6, 23, 287996).
cost(6, 24, 184571).
cost(6, 25, 157140).
cost(7, 1, 157490).
cost(7, 2, 203700).
cost(7, 3, 167572).
cost(7, 4, 367498).
cost(7, 5, 392411).
cost(7, 6, 240502).
cost(7, 8, 54059).
cost(7, 9, 400880).
cost(7, 10, 178467).
cost(7, 11, 339416).
cost(7, 12, 21098).
cost(7, 13, 281118).
cost(7, 14, 183309).
cost(7, 15, 227107).
cost(7, 16, 256935).
cost(7, 17, 338340).
cost(7, 18, 272465).
cost(7, 19, 199079).
cost(7, 20, 130065).
cost(7, 21, 213520).
cost(7, 22, 216228).
cost(7, 23, 80682).
cost(7, 24, 386071).
cost(7, 25, 377522).
cost(8, 1, 184930).
cost(8, 2, 246146).
cost(8, 3, 217886).
cost(8, 4, 408885).
cost(8, 5, 446331).
cost(8, 6, 286543).
cost(8, 7, 54059).
cost(8, 9, 438129).
cost(8, 10, 189398).
cost(8, 11, 379898).
cost(8, 12, 71026).
cost(8, 13, 311492).
cost(8, 14, 234310).
cost(8, 15, 281166).
cost(8, 16, 203556).
cost(8, 17, 387176).
cost(8, 18, 301792).
cost(8, 19, 186007).
cost(8, 20, 177653).
cost(8, 21, 264081).
cost(8, 22, 260741).
cost(8, 23, 101861).
cost(8, 24, 438842).
cost(8, 25, 428673).
cost(9, 1, 256404).
cost(9, 2, 199770).
cost(9, 3, 258070).
cost(9, 4, 552575).
cost(9, 5, 357561).
cost(9, 6, 178149).
cost(9, 7, 400880).
cost(9, 8, 438129).
cost(9, 10, 281272).
cost(9, 11, 68603).
cost(9, 12, 402114).
cost(9, 13, 561034).
cost(9, 14, 383260).
cost(9, 15, 304450).
cost(9, 16, 581452).
cost(9, 17, 460148).
cost(9, 18, 559629).
cost(9, 19, 355895).
cost(9, 20, 277860).
cost(9, 21, 392887).
cost(9, 22, 192694).
cost(9, 23, 459683).
cost(9, 24, 242360).
cost(9, 25, 196323).
cost(10, 1, 59402).
cost(10, 2, 145010).
cost(10, 3, 178787).
cost(10, 4, 500190).
cost(10, 5, 434251).
cost(10, 6, 191636).
cost(10, 7, 178467).
cost(10, 8, 189398).
cost(10, 9, 281272).
cost(10, 11, 239641).
cost(10, 12, 192550).
cost(10, 13, 441617).
cost(10, 14, 294042).
cost(10, 15, 280130).
cost(10, 16, 300251).
cost(10, 17, 442147).
cost(10, 18, 434791).
cost(10, 19, 84030).
cost(10, 20, 144767).
cost(10, 21, 321514).
cost(10, 22, 165075).
cost(10, 23, 258389).
cost(10, 24, 376095).
cost(10, 25, 347551).
cost(11, 1, 204317).
cost(11, 2, 135939).
cost(11, 3, 190476).
cost(11, 4, 487608).
cost(11, 5, 306343).
cost(11, 6, 109897).
cost(11, 7, 339416).
cost(11, 8, 379898).
cost(11, 9, 68603).
cost(11, 10, 239641).
cost(11, 12, 339010).
cost(11, 13, 492631).
cost(11, 14, 314758).
cost(11, 15, 237223).
cost(11, 16, 536003).
cost(11, 17, 397133).
cost(11, 18, 491129).
cost(11, 19, 320256).
cost(11, 20, 213131).
cost(11, 21, 324919).
cost(11, 22, 126411).
cost(11, 23, 394476).
cost(11, 24, 199479).
cost(11, 25, 155330).
cost(12, 1, 166000).
cost(12, 2, 203106).
cost(12, 3, 160606).
cost(12, 4, 346400).
cost(12, 5, 376078).
cost(12, 6, 236834).
cost(12, 7, 21098).
cost(12, 8, 71026).
cost(12, 9, 402114).
cost(12, 10, 192550).
cost(12, 11, 339010).
cost(12, 13, 261085).
cost(12, 14, 163739).
cost(12, 15, 212141).
cost(12, 16, 274567).
cost(12, 17, 318047).
cost(12, 18, 252628).
cost(12, 19, 218291).
cost(12, 20, 126700).
cost(12, 21, 193762).
cost(12, 22, 213987).
cost(12, 23, 66258).
cost(12, 24, 374694).
cost(12, 25, 368368).
cost(13, 1, 397793).
cost(13, 2, 382501).
cost(13, 3, 314142).
cost(13, 4, 130813).
cost(13, 5, 330519).
cost(13, 6, 385843).
cost(13, 7, 281118).
cost(13, 8, 311492).
cost(13, 9, 561034).
cost(13, 10, 441617).
cost(13, 11, 492631).
cost(13, 12, 261085).
cost(13, 14, 178075).
cost(13, 15, 260245).
cost(13, 16, 483367).
cost(13, 17, 184139).
cost(13, 18, 11425).
cost(13, 19, 479049).
cost(13, 20, 317466).
cost(13, 21, 169924).
cost(13, 22, 379720).
cost(13, 23, 209634).
cost(13, 24, 408544).
cost(13, 25, 431561).
cost(14, 1, 240935).
cost(14, 2, 207928).
cost(14, 3, 139553).
cost(14, 4, 206426).
cost(14, 5, 224644).
cost(14, 6, 207843).
cost(14, 7, 183309).
cost(14, 8, 234310).
cost(14, 9, 383260).
cost(14, 10, 294042).
cost(14, 11, 314758).
cost(14, 12, 163739).
cost(14, 13, 178075).
cost(14, 15, 90047).
cost(14, 16, 437098).
cost(14, 17, 156730).
cost(14, 18, 176372).
cost(14, 19, 351636).
cost(14, 20, 153396).
cost(14, 21, 30477).
cost(14, 22, 203102).
cost(14, 23, 161654).
cost(14, 24, 259287).
cost(14, 25, 271157).
cost(15, 1, 221149).
cost(15, 2, 157700).
cost(15, 3, 101622).
cost(15, 4, 253756).
cost(15, 5, 167050).
cost(15, 6, 139621).
cost(15, 7, 227107).
cost(15, 8, 281166).
cost(15, 9, 304450).
cost(15, 10, 280130).
cost(15, 11, 237223).
cost(15, 12, 212141).
cost(15, 13, 260245).
cost(15, 14, 90047).
cost(15, 16, 482768).
cost(15, 17, 172554).
cost(15, 18, 260380).
cost(15, 19, 352540).
cost(15, 20, 138257).
cost(15, 21, 90322).
cost(15, 22, 145462).
cost(15, 23, 232969).
cost(15, 24, 172788).
cost(15, 25, 181356).
cost(16, 1, 332787).
cost(16, 2, 416661).
cost(16, 3, 408114).
cost(16, 4, 597108).
cost(16, 5, 649021).
cost(16, 6, 462983).
cost(16, 7, 256935).
cost(16, 8, 203556).
cost(16, 9, 581452).
cost(16, 10, 300251).
cost(16, 11, 536003).
cost(16, 12, 274567).
cost(16, 13, 483367).
cost(16, 14, 437098).
cost(16, 15, 482768).
cost(16, 17, 587095).
cost(16, 18, 472350).
cost(16, 19, 234159).
cost(16, 20, 364543).
cost(16, 21, 466430).
cost(16, 22, 434971).
cost(16, 23, 287692).
cost(16, 24, 632217).
cost(16, 25, 615970).
cost(17, 1, 385308).
cost(17, 2, 330031).
cost(17, 3, 269426).
cost(17, 4, 98820).
cost(17, 5, 154478).
cost(17, 6, 310203).
cost(17, 7, 338340).
cost(17, 8, 387176).
cost(17, 9, 460148).
cost(17, 10, 442147).
cost(17, 11, 397133).
cost(17, 12, 318047).
cost(17, 13, 184139).
cost(17, 14, 156730).
cost(17, 15, 172554).
cost(17, 16, 587095).
cost(17, 18, 191806).
cost(17, 19, 505720).
cost(17, 20, 297471).
cost(17, 21, 126317).
cost(17, 22, 317975).
cost(17, 23, 301411).
cost(17, 24, 255647).
cost(17, 25, 290287).
cost(18, 1, 391893).
cost(18, 2, 378984).
cost(18, 3, 310819).
cost(18, 4, 141719).
cost(18, 5, 336269).
cost(18, 6, 383704).
cost(18, 7, 272465).
cost(18, 8, 301792).
cost(18, 9, 559629).
cost(18, 10, 434791).
cost(18, 11, 491129).
cost(18, 12, 252628).
cost(18, 13, 11425).
cost(18, 14, 176372).
cost(18, 15, 260380).
cost(18, 16, 472350).
cost(18, 17, 191806).
cost(18, 19, 470804).
cost(18, 20, 312649).
cost(18, 21, 170166).
cost(18, 22, 376780).
cost(18, 23, 199945).
cost(18, 24, 411659).
cost(18, 25, 433614).
cost(19, 1, 139138).
cost(19, 2, 228001).
cost(19, 3, 253609).
cost(19, 4, 553730).
cost(19, 5, 512156).
cost(19, 6, 275146).
cost(19, 7, 199079).
cost(19, 8, 186007).
cost(19, 9, 355895).
cost(19, 10, 84030).
cost(19, 11, 320256).
cost(19, 12, 218291).
cost(19, 13, 479049).
cost(19, 14, 351636).
cost(19, 15, 352540).
cost(19, 16, 234159).
cost(19, 17, 505720).
cost(19, 18, 470804).
cost(19, 20, 214296).
cost(19, 21, 381026).
cost(19, 22, 248132).
cost(19, 23, 277669).
cost(19, 24, 459273).
cost(19, 25, 431469).
cost(20, 1, 88337).
cost(20, 2, 78142).
cost(20, 3, 43983).
cost(20, 4, 359434).
cost(20, 5, 300629).
cost(20, 6, 110511).
cost(20, 7, 130065).
cost(20, 8, 177653).
cost(20, 9, 277860).
cost(20, 10, 144767).
cost(20, 11, 213131).
cost(20, 12, 126700).
cost(20, 13, 317466).
cost(20, 14, 153396).
cost(20, 15, 138257).
cost(20, 16, 364543).
cost(20, 17, 297471).
cost(20, 18, 312649).
cost(20, 19, 214296).
cost(20, 21, 178903).
cost(20, 22, 87354).
cost(20, 23, 181825).
cost(20, 24, 267758).
cost(20, 25, 252778).
cost(21, 1, 267103).
cost(21, 2, 227102).
cost(21, 3, 159914).
cost(21, 4, 180921).
cost(21, 5, 202275).
cost(21, 6, 221342).
cost(21, 7, 213520).
cost(21, 8, 264081).
cost(21, 9, 392887).
cost(21, 10, 321514).
cost(21, 11, 324919).
cost(21, 12, 193762).
cost(21, 13, 169924).
cost(21, 14, 30477).
cost(21, 15, 90322).
cost(21, 16, 466430).
cost(21, 17, 126317).
cost(21, 18, 170166).
cost(21, 19, 381026).
cost(21, 20, 178903).
cost(21, 22, 220075).
cost(21, 23, 187627).
cost(21, 24, 249318).
cost(21, 25, 266131).
cost(22, 1, 110038).
cost(22, 2, 20133).
cost(22, 3, 66861).
cost(22, 4, 396607).
cost(22, 5, 276211).
cost(22, 6, 28215).
cost(22, 7, 216228).
cost(22, 8, 260741).
cost(22, 9, 192694).
cost(22, 10, 165075).
cost(22, 11, 126411).
cost(22, 12, 213987).
cost(22, 13, 379720).
cost(22, 14, 203102).
cost(22, 15, 145462).
cost(22, 16, 434971).
cost(22, 17, 317975).
cost(22, 18, 376780).
cost(22, 19, 248132).
cost(22, 20, 87354).
cost(22, 21, 220075).
cost(22, 23, 268096).
cost(22, 24, 211147).
cost(22, 25, 185087).
cost(23, 1, 231590).
cost(23, 2, 259949).
cost(23, 3, 207666).
cost(23, 4, 311262).
cost(23, 5, 385815).
cost(23, 6, 287996).
cost(23, 7, 80682).
cost(23, 8, 101861).
cost(23, 9, 459683).
cost(23, 10, 258389).
cost(23, 11, 394476).
cost(23, 12, 66258).
cost(23, 13, 209634).
cost(23, 14, 161654).
cost(23, 15, 232969).
cost(23, 16, 287692).
cost(23, 17, 301411).
cost(23, 18, 199945).
cost(23, 19, 277669).
cost(23, 20, 181825).
cost(23, 21, 187627).
cost(23, 22, 268096).
cost(23, 24, 404136).
cost(23, 25, 404627).
cost(24, 1, 320719).
cost(24, 2, 231275).
cost(24, 3, 224105).
cost(24, 4, 354458).
cost(24, 5, 120312).
cost(24, 6, 184571).
cost(24, 7, 386071).
cost(24, 8, 438842).
cost(24, 9, 242360).
cost(24, 10, 376095).
cost(24, 11, 199479).
cost(24, 12, 374694).
cost(24, 13, 408544).
cost(24, 14, 259287).
cost(24, 15, 172788).
cost(24, 16, 632217).
cost(24, 17, 255647).
cost(24, 18, 411659).
cost(24, 19, 459273).
cost(24, 20, 267758).
cost(24, 21, 249318).
cost(24, 22, 211147).
cost(24, 23, 404136).
cost(24, 25, 46039).
cost(25, 1, 294911).
cost(25, 2, 204965).
cost(25, 3, 210855).
cost(25, 4, 388506).
cost(25, 5, 164336).
cost(25, 6, 157140).
cost(25, 7, 377522).
cost(25, 8, 428673).
cost(25, 9, 196323).
cost(25, 10, 347551).
cost(25, 11, 155330).
cost(25, 12, 368368).
cost(25, 13, 431561).
cost(25, 14, 271157).
cost(25, 15, 181356).
cost(25, 16, 615970).
cost(25, 17, 290287).
cost(25, 18, 433614).
cost(25, 19, 431469).
cost(25, 20, 252778).
cost(25, 21, 266131).
cost(25, 22, 185087).
cost(25, 23, 404627).
cost(25, 24, 46039).
