dimension(25).
point(1, 49343.0, -301540.0).
point(2, -93802.0, 15435.0).
point(3, 163838.0, -454131.0).
point(4, 71128.0, -171073.0).
point(5, -161160.0, -99238.0).
point(6, -102549.0, -198451.0).
point(7, 5192.0, 25717.0).
point(8, 152834.0, -195094.0).
point(9, 140219.0, -255615.0).
point(10, 91776.0, 178189.0).
point(11, 309678.0, 331645.0).
point(12, 5218.0, 13975.0).
point(13, -303527.0, -191332.0).
point(14, -180211.0, -51199.0).
point(15, 162868.0, -91738.0).
point(16, -173225.0, -114086.0).
point(17, 235230.0, -111090.0).
point(18, -173033.0, -98108.0).
point(19, -10313.0, -231258.0).
point(20, -298464.0, 174849.0).
point(21, 32920.0, 47551.0).
point(22, 114711.0, 202697.0).
point(23, -77915.0, -349738.0).
point(24, 375795.0, 106300.0).
point(25, -184000.0, -313907.0).
cost(1, 2, 347798).
cost(1, 3, 190770).
cost(1, 4, 132273).
cost(1, 5, 291955).
cost(1, 6, 183572).
cost(1, 7, 330222).
cost(1, 8, 148463).
cost(1, 9, 101821).
cost(1, 10, 481602).
cost(1, 11, 684615).
cost(1, 12, 318586).
cost(1, 13, 369680).
cost(1, 14, 339655).
cost(1, 15, 238547).
cost(1, 16, 290991).
cost(1, 17, 266130).
cost(1, 18, 301390).
cost(1, 19, 92187).
cost(1, 20, 589844).
cost(1, 21, 349477).
cost(1, 22, 508456).
cost(1, 23, 136080).
cost(1, 24, 522403).
cost(1, 25, 233670).
cost(2, 1, 347798).
cost(2, 3, 535603).
cost(2, 4, 248972).
cost(2, 5, 132992).
cost(2, 6, 214065).
cost(2, 7, 99527).
cost(2, 8, 324271).
cost(2, 9, 358098).
cost(2, 10, 246836).
cost(2, 11, 512625).
cost(2, 12, 99031).
cost(2, 13, 294512).
cost(2, 14, 109117).
cost(2, 15, 278147).
cost(2, 16, 151933).
cost(2, 17, 352520).
cost(2, 18, 138454).
cost(2, 19, 260438).
cost(2, 20, 259421).
cost(2, 21, 130728).
cost(2, 22, 280258).
cost(2, 23, 365518).
cost(2, 24, 478307).
cost(2, 25, 341470).
cost(3, 1, 190770).
cost(3, 2, 535603).
cost(3, 4, 297854).
cost(3, 5, 481220).
cost(3, 6, 369235).
cost(3, 7, 505394).
cost(3, 8, 259271).
cost(3, 9, 199916).
cost(3, 10, 636413).
cost(3, 11, 799195).
cost(3, 12, 494250).
cost(3, 13, 536184).
cost(3, 14, 529834).
cost(3, 15, 362394).
cost(3, 16, 478792).
cost(3, 17, 350391).
cost(3, 18, 490137).
cost(3, 19, 282844).
cost(3, 20, 780602).
cost(3, 21, 518483).
cost(3, 22, 658663).
cost(3, 23, 263329).
cost(3, 24, 599173).
cost(3, 25, 375039).
cost(4, 1, 132273).
cost(4, 2, 248972).
cost(4, 3, 297854).
cost(4, 5, 243142).
cost(4, 6, 175822).
cost(4, 7, 207542).
cost(4, 8, 85164).
cost(4, 9, 109183).
cost(4, 10, 349872).
cost(4, 11, 556445).
cost(4, 12, 196435).
cost(4, 13, 375202).
cost(4, 14, 278462).
cost(4, 15, 121286).
cost(4, 16, 250910).
cost(4, 17, 174721).
cost(4, 18, 254830).
cost(4, 19, 101266).
cost(4, 20, 506222).
cost(4, 21, 221938).
cost(4, 22, 376302).
cost(4, 23, 232669).
cost(4, 24, 412017).
cost(4, 25, 292390).
cost(5, 1, 291955).
cost(5, 2, 132992).
cost(5, 3, 481220).
cost(5, 4, 243142).
cost(5, 6, 115232).
cost(5, 7, 208055).
cost(5, 8, 328300).
cost(5, 9, 339534).
cost(5, 10, 375423).
cost(5, 11, 638239).
cost(5, 12, 201243).
cost(5, 13, 169557).
cost(5, 14, 51679).
cost(5, 15, 324115).
cost(5, 16, 19132).
cost(5, 17, 396567).
cost(5, 18, 11927).
cost(5, 19, 200460).
cost(5, 20, 306555).
cost(5, 21, 243339).
cost(5, 22, 408986).
cost(5, 23, 263970).
cost(5, 24, 574949).
cost(5, 25, 215881).
cost(6, 1, 183572).
cost(6, 2, 214065).
cost(6, 3, 369235).
cost(6, 4, 175822).
cost(6, 5, 115232).
cost(6, 7, 248716).
cost(6, 8, 255405).
cost(6, 9, 249407).
cost(6, 10, 423816).
cost(6, 11, 671515).
cost(6, 12, 238199).
cost(6, 13, 201104).
cost(6, 14, 166477).
cost(6, 15, 286066).
cost(6, 16, 110057).
cost(6, 17, 348893).
cost(6, 18, 122624).
cost(6, 19, 97897).
cost(6, 20, 421587).
cost(6, 21, 280836).
cost(6, 22, 456203).
cost(6, 23, 153279).
cost(6, 24, 567174).
cost(6, 25, 141295).
cost(7, 1, 330222).
cost(7, 2, 99527).
cost(7, 3, 505394).
cost(7, 4, 207542).
cost(7, 5, 208055).
cost(7, 6, 248716).
cost(7, 8, 265623).
cost(7, 9, 312058).
cost(7, 10, 175341).
cost(7, 11, 431629).
cost(7, 12, 11742).
cost(7, 13, 377383).
cost(7, 14, 200725).
cost(7, 15, 196615).
cost(7, 16, 226666).
cost(7, 17, 267645).
cost(7, 18, 217018).
cost(7, 19, 257442).
cost(7, 20, 338301).
cost(7, 21, 35293).
cost(7, 22, 208126).
cost(7, 23, 384543).
cost(7, 24, 379263).
cost(7, 25, 388765).
cost(8, 1, 148463).
cost(8, 2, 324271).
cost(8, 3, 259271).
cost(8, 4, 85164).
cost(8, 5, 328300).
cost(8, 6, 255405).
cost(8, 7, 265623).
cost(8, 9, 61822).
cost(8, 10, 378244).
cost(8, 11, 549594).
cost(8, 12, 255930).
cost(8, 13, 456377).
cost(8, 14, 362801).
cost(8, 15, 103842).
cost(8, 16, 335971).
cost(8, 17, 117668).
cost(8, 18, 339994).
cost(8, 19, 167107).
cost(8, 20, 583548).
cost(8, 21, 270658).
cost(8, 22, 399614).
cost(8, 23, 277777).
cost(8, 24, 374900).
cost(8, 25, 357175).
cost(9, 1, 101821).
cost(9, 2, 358098).
cost(9, 3, 199916).
cost(9, 4, 109183).
cost(9, 5, 339534).
cost(9, 6, 249407).
cost(9, 7, 312058).
cost(9, 8, 61822).
cost(9, 10, 436500).
cost(9, 11, 611221).
cost(9, 12, 301503).
cost(9, 13, 448378).
cost(9, 14, 380081).
cost(9, 15, 165435).
cost(9, 16, 343915).
cost(9, 17, 172958).
cost(9, 18, 350621).
cost(9, 19, 152490).
cost(9, 20, 614607).
cost(9, 21, 321594).
cost(9, 22, 459021).
cost(9, 23, 237574).
cost(9, 24, 431832).
cost(9, 25, 329418).
cost(10, 1, 481602).
cost(10, 2, 246836).
cost(10, 3, 636413).
cost(10, 4, 349872).
cost(10, 5, 375423).
cost(10, 6, 423816).
cost(10, 7, 175341).
cost(10, 8, 378244).
cost(10, 9, 436500).
cost(10, 11, 266515).
cost(10, 12, 185630).
cost(10, 13, 541119).
cost(10, 14, 355803).
cost(10, 15, 279132).
cost(10, 16, 394525).
cost(10, 17, 322895).
cost(10, 18, 382706).
cost(10, 19, 421982).
cost(10, 20, 390254).
cost(10, 21, 143284).
cost(10, 22, 33566).
cost(10, 23, 554529).
cost(10, 24, 292976).
cost(10, 25, 564102).
cost(11, 1, 684615).
cost(11, 2, 512625).
cost(11, 3, 799195).
cost(11, 4, 556445).
cost(11, 5, 638239).
cost(11, 6, 671515).
cost(11, 7, 431629).
cost(11, 8, 549594).
cost(11, 9, 611221).
cost(11, 10, 266515).
cost(11, 12, 440012).
cost(11, 13, 805931).
cost(11, 14, 621740).
cost(11, 15, 448114).
cost(11, 16, 657169).
cost(11, 17, 448951).
cost(11, 18, 646295).
cost(11, 19, 647498).
cost(11, 20, 628030).
cost(11, 21, 396616).
cost(11, 22, 233751).
cost(11, 23, 783908).
cost(11, 24, 234844).
cost(11, 25, 812684).
cost(12, 1, 318586).
cost(12, 2, 99031).
cost(12, 3, 494250).
cost(12, 4, 196435).
cost(12, 5, 201243).
cost(12, 6, 238199).
cost(12, 7, 11742).
cost(12, 8, 255930).
cost(12, 9, 301503).
cost(12, 10, 185630).
cost(12, 11, 440012).
cost(12, 13, 370775).
cost(12, 14, 196549).
cost(12, 15, 189812).
cost(12, 16, 219640).
cost(12, 17, 261814).
cost(12, 18, 210561).
cost(12, 19, 245724).
cost(12, 20, 343661).
cost(12, 21, 43529).
cost(12, 22, 218185).
cost(12, 23, 373093).
cost(12, 24, 381905).
cost(12, 25, 378563).
cost(13, 1, 369680).
cost(13, 2, 294512).
cost(13, 3, 536184).
cost(13, 4, 375202).
cost(13, 5, 169557).
cost(13, 6, 201104).
cost(13, 7, 377383).
cost(13, 8, 456377).
cost(13, 9, 448378).
cost(13, 10, 541119).
cost(13, 11, 805931).
cost(13, 12, 370775).
cost(13, 14, 186666).
cost(13, 15, 476910).
cost(13, 16, 151478).
cost(13, 17, 544700).
cost(13, 18, 160373).
cost(13, 19, 295920).
cost(13, 20, 366216).
cost(13, 21, 412628).
cost(13, 22, 574615).
cost(13, 23, 275669).
cost(13, 24, 741662).
cost(13, 25, 171206).
cost(14, 1, 339655).
cost(14, 2, 109117).
cost(14, 3, 529834).
cost(14, 4, 278462).
cost(14, 5, 51679).
cost(14, 6, 166477).
cost(14, 7, 200725).
cost(14, 8, 362801).
cost(14, 9, 380081).
cost(14, 10, 355803).
cost(14, 11, 621740).
cost(14, 12, 196549).
cost(14, 13, 186666).
cost(14, 15, 345466).
cost(14, 16, 63274).
cost(14, 17, 419736).
cost(14, 18, 47455).
cost(14, 19, 247561).
cost(14, 20, 255111).
cost(14, 21, 234897).
cost(14, 22, 389156).
cost(14, 23, 315579).
cost(14, 24, 577883).
cost(14, 25, 262735).
cost(15, 1, 238547).
cost(15, 2, 278147).
cost(15, 3, 362394).
cost(15, 4, 121286).
cost(15, 5, 324115).
cost(15, 6, 286066).
cost(15, 7, 196615).
cost(15, 8, 103842).
cost(15, 9, 165435).
cost(15, 10, 279132).
cost(15, 11, 448114).
cost(15, 12, 189812).
cost(15, 13, 476910).
cost(15, 14, 345466).
cost(15, 16, 336835).
cost(15, 17, 74905).
cost(15, 18, 335961).
cost(15, 19, 222390).
cost(15, 20, 532819).
cost(15, 21, 190494).
cost(15, 22, 298347).
cost(15, 23, 352903).
cost(15, 24, 290787).
cost(15, 25, 411918).
cost(16, 1, 290991).
cost(16, 2, 151933).
cost(16, 3, 478792).
cost(16, 4, 250910).
cost(16, 5, 19132).
cost(16, 6, 110057).
cost(16, 7, 226666).
cost(16, 8, 335971).
cost(16, 9, 343915).
cost(16, 10, 394525).
cost(16, 11, 657169).
cost(16, 12, 219640).
cost(16, 13, 151478).
cost(16, 14, 63274).
cost(16, 15, 336835).
cost(16, 17, 408466).
cost(16, 18, 15979).
cost(16, 19, 200673).
cost(16, 20, 314910).
cost(16, 21, 261959).
cost(16, 22, 428087).
cost(16, 23, 254197).
cost(16, 24, 591602).
cost(16, 25, 200111).
cost(17, 1, 266130).
cost(17, 2, 352520).
cost(17, 3, 350391).
cost(17, 4, 174721).
cost(17, 5, 396567).
cost(17, 6, 348893).
cost(17, 7, 267645).
cost(17, 8, 117668).
cost(17, 9, 172958).
cost(17, 10, 322895).
cost(17, 11, 448951).
cost(17, 12, 261814).
cost(17, 13, 544700).
cost(17, 14, 419736).
cost(17, 15, 74905).
cost(17, 16, 408466).
cost(17, 18, 408469).
cost(17, 19, 273371).
cost(17, 20, 605467).
cost(17, 21, 257092).
cost(17, 22, 336136).
cost(17, 23, 393716).
cost(17, 24, 258876).
cost(17, 25, 465713).
cost(18, 1, 301390).
cost(18, 2, 138454).
cost(18, 3, 490137).
cost(18, 4, 254830).
cost(18, 5, 11927).
cost(18, 6, 122624).
cost(18, 7, 217018).
cost(18, 8, 339994).
cost(18, 9, 350621).
cost(18, 10, 382706).
cost(18, 11, 646295).
cost(18, 12, 210561).
cost(18, 13, 160373).
cost(18, 14, 47455).
cost(18, 15, 335961).
cost(18, 16, 15979).
cost(18, 17, 408469).
cost(18, 19, 210254).
cost(18, 20, 300397).
cost(18, 21, 252256).
cost(18, 22, 416269).
cost(18, 23, 269008).
cost(18, 24, 585658).
cost(18, 25, 216077).
cost(19, 1, 92187).
cost(19, 2, 260438).
cost(19, 3, 282844).
cost(19, 4, 101266).
cost(19, 5, 200460).
cost(19, 6, 97897).
cost(19, 7, 257442).
cost(19, 8, 167107).
cost(19, 9, 152490).
cost(19, 10, 421982).
cost(19, 11, 647498).
cost(19, 12, 245724).
cost(19, 13, 295920).
cost(19, 14, 247561).
cost(19, 15, 222390).
cost(19, 16, 200673).
cost(19, 17, 273371).
cost(19, 18, 210254).
cost(19, 20, 497950).
cost(19, 21, 282141).
cost(19, 22, 451606).
cost(19, 23, 136409).
cost(19, 24, 512859).
cost(19, 25, 192349).
cost(20, 1, 589844).
cost(20, 2, 259421).
cost(20, 3, 780602).
cost(20, 4, 506222).
cost(20, 5, 306555).
cost(20, 6, 421587).
cost(20, 7, 338301).
cost(20, 8, 583548).
cost(20, 9, 614607).
cost(20, 10, 390254).
cost(20, 11, 628030).
cost(20, 12, 343661).
cost(20, 13, 366216).
cost(20, 14, 255111).
cost(20, 15, 532819).
cost(20, 16, 314910).
cost(20, 17, 605467).
cost(20, 18, 300397).
cost(20, 19, 497950).
cost(20, 21, 354993).
cost(20, 22, 414112).
cost(20, 23, 569064).
cost(20, 24, 677735).
cost(20, 25, 501981).
cost(21, 1, 349477).
cost(21, 2, 130728).
cost(21, 3, 518483).
cost(21, 4, 221938).
cost(21, 5, 243339).
cost(21, 6, 280836).
cost(21, 7, 35293).
cost(21, 8, 270658).
cost(21, 9, 321594).
cost(21, 10, 143284).
cost(21, 11, 396616).
cost(21, 12, 43529).
cost(21, 13, 412628).
cost(21, 14, 234897).
cost(21, 15, 190494).
cost(21, 16, 261959).
cost(21, 17, 257092).
cost(21, 18, 252256).
cost(21, 19, 282141).
cost(21, 20, 354993).
cost(21, 22, 175385).
cost(21, 23, 412460).
cost(21, 24, 347872).
cost(21, 25, 421552).
cost(22, 1, 508456).
cost(22, 2, 280258).
cost(22, 3, 658663).
cost(22, 4, 376302).
cost(22, 5, 408986).
cost(22, 6, 456203).
cost(22, 7, 208126).
cost(22, 8, 399614).
cost(22, 9, 459021).
cost(22, 10, 33566).
cost(22, 11, 233751).
cost(22, 12, 218185).
cost(22, 13, 574615).
cost(22, 14, 389156).
cost(22, 15, 298347).
cost(22, 16, 428087).
cost(22, 17, 336136).
cost(22, 18, 416269).
cost(22, 19, 451606).
cost(22, 20, 414112).
cost(22, 21, 175385).
cost(22, 23, 585055).
cost(22, 24, 278311).
cost(22, 25, 596748).
cost(23, 1, 136080).
cost(23, 2, 365518).
cost(23, 3, 263329).
cost(23, 4, 232669).
cost(23, 5, 263970).
cost(23, 6, 153279).
cost(23, 7, 384543).
cost(23, 8, 277777).
cost(23, 9, 237574).
cost(23, 10, 554529).
cost(23, 11, 783908).
cost(23, 12, 373093).
cost(23, 13, 275669).
cost(23, 14, 315579).
cost(23, 15, 352903).
cost(23, 16, 254197).
cost(23, 17, 393716).
cost(23, 18, 269008).
cost(23, 19, 136409).
cost(23, 20, 569064).
cost(23, 21, 412460).
cost(23, 22, 585055).
cost(23, 24, 643291).
cost(23, 25, 111973).
cost(24, 1, 522403).
cost(24, 2, 478307).
cost(24, 3, 599173).
cost(24, 4, 412017).
cost(24, 5, 574949).
cost(24, 6, 567174).
cost(24, 7, 379263).
cost(24, 8, 374900).
cost(24, 9, 431832).
cost(24, 10, 292976).
cost(24, 11, 234844).
cost(24, 12, 381905).
cost(24, 13, 741662).
cost(24, 14, 577883).
cost(24, 15, 290787).
cost(24, 16, 591602).
cost(24, 17, 258876).
cost(24, 18, 585658).
cost(24, 19, 512859).
cost(24, 20, 677735).
cost(24, 21, 347872).
cost(24, 22, 278311).
cost(24, 23, 643291).
cost(24, 25, 699960).
cost(25, 1, 233670).
cost(25, 2, 341470).
cost(25, 3, 375039).
cost(25, 4, 292390).
cost(25, 5, 215881).
cost(25, 6, 141295).
cost(25, 7, 388765).
cost(25, 8, 357175).
cost(25, 9, 329418).
cost(25, 10, 564102).
cost(25, 11, 812684).
cost(25, 12, 378563).
cost(25, 13, 171206).
cost(25, 14, 262735).
cost(25, 15, 411918).
cost(25, 16, 200111).
cost(25, 17, 465713).
cost(25, 18, 216077).
cost(25, 19, 192349).
cost(25, 20, 501981).
cost(25, 21, 421552).
cost(25, 22, 596748).
cost(25, 23, 111973).
cost(25, 24, 699960).
