dimension(25).
point(1, 174948.0, -130492.0).
point(2, -162721.0, 51194.0).
point(3, 206784.0, -164959.0).
point(4, 105916.0, 209333.0).
point(5, -101279.0, 51226.0).
point(6, 110392.0, 910448.0).
point(7, 200163.0, 163742.0).
point(8, -207900.0, -129665.0).
point(9, 253139.0, -177231.0).
point(10, -90711.0, -233556.0).
point(11, 52102.0, -62272.0).
point(12, -101332.0, -82098.0).
point(13, -115869.0, 51773.0).
point(14, -277574.0, -121561.0).
point(15, -138702.0, -81612.0).
point(16, 58064.0, -110085.0).
point(17, 247726.0, 238661.0).
point(18, 36553.0, -150325.0).
point(19, 27157.0, 59094.0).
point(20, -171048.0, 431357.0).
point(21, -172342.0, -227939.0).
point(22, -380671.0, 253837.0).
point(23, -266276.0, 100533.0).
point(24, -48606.0, -153903.0).
point(25, -371439.0, 143446.0).
cost(1, 2, 383445).
cost(1, 3, 46920).
cost(1, 4, 346766).
cost(1, 5, 330640).
cost(1, 6, 1042940).
cost(1, 7, 295312).
cost(1, 8, 382849).
cost(1, 9, 91095).
cost(1, 10, 284951).
cost(1, 11, 140517).
cost(1, 12, 280486).
cost(1, 13, 343213).
cost(1, 14, 452610).
cost(1, 15, 317436).
cost(1, 16, 118652).
cost(1, 17, 376259).
cost(1, 18, 139809).
cost(1, 19, 240385).
cost(1, 20, 659839).
cost(1, 21, 360702).
cost(1, 22, 675590).
cost(1, 23, 498047).
cost(1, 24, 224776).
cost(1, 25, 611213).
cost(2, 1, 383445).
cost(2, 3, 428084).
cost(2, 4, 311727).
cost(2, 5, 61442).
cost(2, 6, 901614).
cost(2, 7, 379937).
cost(2, 8, 186417).
cost(2, 9, 474466).
cost(2, 10, 293714).
cost(2, 11, 242947).
cost(2, 12, 146749).
cost(2, 13, 46856).
cost(2, 14, 207450).
cost(2, 15, 134961).
cost(2, 16, 273417).
cost(2, 17, 451232).
cost(2, 18, 283408).
cost(2, 19, 190042).
cost(2, 20, 380254).
cost(2, 21, 279299).
cost(2, 22, 297601).
cost(2, 23, 114708).
cost(2, 24, 234706).
cost(2, 25, 228196).
cost(3, 1, 46920).
cost(3, 2, 428084).
cost(3, 4, 387645).
cost(3, 5, 376349).
cost(3, 6, 1079718).
cost(3, 7, 328768).
cost(3, 8, 416183).
cost(3, 9, 47952).
cost(3, 10, 305301).
cost(3, 11, 185664).
cost(3, 12, 319063).
cost(3, 13, 388687).
cost(3, 14, 486298).
cost(3, 15, 355397).
cost(3, 16, 158521).
cost(3, 17, 405691).
cost(3, 18, 170859).
cost(3, 19, 287168).
cost(3, 20, 705939).
cost(3, 21, 384321).
cost(3, 22, 721452).
cost(3, 23, 542468).
cost(3, 24, 255629).
cost(3, 25, 655329).
cost(4, 1, 346766).
cost(4, 2, 311727).
cost(4, 3, 387645).
cost(4, 5, 260629).
cost(4, 6, 701129).
cost(4, 7, 104695).
cost(4, 8, 461953).
cost(4, 9, 413650).
cost(4, 10, 484575).
cost(4, 11, 276885).
cost(4, 12, 357608).
cost(4, 13, 272055).
cost(4, 14, 506513).
cost(4, 15, 380114).
cost(4, 16, 322982).
cost(4, 17, 144811).
cost(4, 18, 366286).
cost(4, 19, 169631).
cost(4, 20, 354970).
cost(4, 21, 518299).
cost(4, 22, 488618).
cost(4, 23, 387768).
cost(4, 24, 394737).
cost(4, 25, 481881).
cost(5, 1, 330640).
cost(5, 2, 61442).
cost(5, 3, 376349).
cost(5, 4, 260629).
cost(5, 6, 884911).
cost(5, 7, 321756).
cost(5, 8, 209975).
cost(5, 9, 421669).
cost(5, 10, 284978).
cost(5, 11, 190808).
cost(5, 12, 133324).
cost(5, 13, 14600).
cost(5, 14, 246851).
cost(5, 15, 138009).
cost(5, 16, 226741).
cost(5, 17, 396152).
cost(5, 18, 244173).
cost(5, 19, 128677).
cost(5, 20, 386481).
cost(5, 21, 288068).
cost(5, 22, 345125).
cost(5, 23, 172207).
cost(5, 24, 211784).
cost(5, 25, 285466).
cost(6, 1, 1042940).
cost(6, 2, 901614).
cost(6, 3, 1079718).
cost(6, 4, 701129).
cost(6, 5, 884911).
cost(6, 7, 752083).
cost(6, 8, 1087725).
cost(6, 9, 1097006).
cost(6, 10, 1161545).
cost(6, 11, 974465).
cost(6, 12, 1014877).
cost(6, 13, 887985).
cost(6, 14, 1102524).
cost(6, 15, 1022854).
cost(6, 16, 1021874).
cost(6, 17, 685681).
cost(6, 18, 1063340).
cost(6, 19, 855413).
cost(6, 20, 555641).
cost(6, 21, 1172972).
cost(6, 22, 819927).
cost(6, 23, 893220).
cost(6, 24, 1076161).
cost(6, 25, 905789).
cost(7, 1, 295312).
cost(7, 2, 379937).
cost(7, 3, 328768).
cost(7, 4, 104695).
cost(7, 5, 321756).
cost(7, 6, 752083).
cost(7, 8, 502596).
cost(7, 9, 345064).
cost(7, 10, 492396).
cost(7, 11, 270193).
cost(7, 12, 389020).
cost(7, 13, 335281).
cost(7, 14, 556444).
cost(7, 15, 418364).
cost(7, 16, 308502).
cost(7, 17, 88742).
cost(7, 18, 354128).
cost(7, 19, 202194).
cost(7, 20, 457619).
cost(7, 21, 540531).
cost(7, 22, 587780).
cost(7, 23, 470702).
cost(7, 24, 403465).
cost(7, 25, 571962).
cost(8, 1, 382849).
cost(8, 2, 186417).
cost(8, 3, 416183).
cost(8, 4, 461953).
cost(8, 5, 209975).
cost(8, 6, 1087725).
cost(8, 7, 502596).
cost(8, 9, 463486).
cost(8, 10, 156610).
cost(8, 11, 268594).
cost(8, 12, 116702).
cost(8, 13, 203444).
cost(8, 14, 70144).
cost(8, 15, 84246).
cost(8, 16, 266684).
cost(8, 17, 585883).
cost(8, 18, 245324).
cost(8, 19, 301466).
cost(8, 20, 562231).
cost(8, 21, 104509).
cost(8, 22, 420623).
cost(8, 23, 237484).
cost(8, 24, 161127).
cost(8, 25, 318331).
cost(9, 1, 91095).
cost(9, 2, 474466).
cost(9, 3, 47952).
cost(9, 4, 413650).
cost(9, 5, 421669).
cost(9, 6, 1097006).
cost(9, 7, 345064).
cost(9, 8, 463486).
cost(9, 10, 348433).
cost(9, 11, 231585).
cost(9, 12, 367015).
cost(9, 13, 434292).
cost(9, 14, 533625).
cost(9, 15, 403339).
cost(9, 16, 206308).
cost(9, 17, 415927).
cost(9, 18, 218251).
cost(9, 19, 326982).
cost(9, 20, 741831).
cost(9, 21, 428492).
cost(9, 22, 766508).
cost(9, 23, 589020).
cost(9, 24, 302645).
cost(9, 25, 702091).
cost(10, 1, 284951).
cost(10, 2, 293714).
cost(10, 3, 305301).
cost(10, 4, 484575).
cost(10, 5, 284978).
cost(10, 6, 1161545).
cost(10, 7, 492396).
cost(10, 8, 156610).
cost(10, 9, 348433).
cost(10, 11, 223011).
cost(10, 12, 151830).
cost(10, 13, 286436).
cost(10, 14, 217855).
cost(10, 15, 159343).
cost(10, 16, 193337).
cost(10, 17, 580972).
cost(10, 18, 152064).
cost(10, 19, 315495).
cost(10, 20, 669749).
cost(10, 21, 81824).
cost(10, 22, 567123).
cost(10, 23, 377410).
cost(10, 24, 90097).
cost(10, 25, 470041).
cost(11, 1, 140517).
cost(11, 2, 242947).
cost(11, 3, 185664).
cost(11, 4, 276885).
cost(11, 5, 190808).
cost(11, 6, 974465).
cost(11, 7, 270193).
cost(11, 8, 268594).
cost(11, 9, 231585).
cost(11, 10, 223011).
cost(11, 12, 154710).
cost(11, 13, 203028).
cost(11, 14, 334965).
cost(11, 15, 191782).
cost(11, 16, 48183).
cost(11, 17, 358928).
cost(11, 18, 89415).
cost(11, 19, 123903).
cost(11, 20, 541725).
cost(11, 21, 278964).
cost(11, 22, 535927).
cost(11, 23, 357589).
cost(11, 24, 136156).
cost(11, 25, 470858).
cost(12, 1, 280486).
cost(12, 2, 146749).
cost(12, 3, 319063).
cost(12, 4, 357608).
cost(12, 5, 133324).
cost(12, 6, 1014877).
cost(12, 7, 389020).
cost(12, 8, 116702).
cost(12, 9, 367015).
cost(12, 10, 151830).
cost(12, 11, 154710).
cost(12, 13, 134658).
cost(12, 14, 180606).
cost(12, 15, 37373).
cost(12, 16, 161834).
cost(12, 17, 474055).
cost(12, 18, 153841).
cost(12, 19, 190905).
cost(12, 20, 518166).
cost(12, 21, 162210).
cost(12, 22, 436901).
cost(12, 23, 246091).
cost(12, 24, 89084).
cost(12, 25, 351892).
cost(13, 1, 343213).
cost(13, 2, 46856).
cost(13, 3, 388687).
cost(13, 4, 272055).
cost(13, 5, 14600).
cost(13, 6, 887985).
cost(13, 7, 335281).
cost(13, 8, 203444).
cost(13, 9, 434292).
cost(13, 10, 286436).
cost(13, 11, 203028).
cost(13, 12, 134658).
cost(13, 14, 237051).
cost(13, 15, 135325).
cost(13, 16, 237594).
cost(13, 17, 408813).
cost(13, 18, 253133).
cost(13, 19, 143213).
cost(13, 20, 383574).
cost(13, 21, 285356).
cost(13, 22, 333092).
cost(13, 23, 158113).
cost(13, 24, 216395).
cost(13, 25, 271514).
cost(14, 1, 452610).
cost(14, 2, 207450).
cost(14, 3, 486298).
cost(14, 4, 506513).
cost(14, 5, 246851).
cost(14, 6, 1102524).
cost(14, 7, 556444).
cost(14, 8, 70144).
cost(14, 9, 533625).
cost(14, 10, 217855).
cost(14, 11, 334965).
cost(14, 12, 180606).
cost(14, 13, 237051).
cost(14, 15, 144504).
cost(14, 16, 335834).
cost(14, 17, 636946).
cost(14, 18, 315441).
cost(14, 19, 354256).
cost(14, 20, 563086).
cost(14, 21, 149633).
cost(14, 22, 389298).
cost(14, 23, 222381).
cost(14, 24, 231241).
cost(14, 25, 281139).
cost(15, 1, 317436).
cost(15, 2, 134961).
cost(15, 3, 355397).
cost(15, 4, 380114).
cost(15, 5, 138009).
cost(15, 6, 1022854).
cost(15, 7, 418364).
cost(15, 8, 84246).
cost(15, 9, 403339).
cost(15, 10, 159343).
cost(15, 11, 191782).
cost(15, 12, 37373).
cost(15, 13, 135325).
cost(15, 14, 144504).
cost(15, 16, 198815).
cost(15, 17, 501898).
cost(15, 18, 188244).
cost(15, 19, 217503).
cost(15, 20, 513988).
cost(15, 21, 150144).
cost(15, 22, 413612).
cost(15, 23, 222378).
cost(15, 24, 115513).
cost(15, 25, 323755).
cost(16, 1, 118652).
cost(16, 2, 273417).
cost(16, 3, 158521).
cost(16, 4, 322982).
cost(16, 5, 226741).
cost(16, 6, 1021874).
cost(16, 7, 308502).
cost(16, 8, 266684).
cost(16, 9, 206308).
cost(16, 10, 193337).
cost(16, 11, 48183).
cost(16, 12, 161834).
cost(16, 13, 237594).
cost(16, 14, 335834).
cost(16, 15, 198815).
cost(16, 17, 396983).
cost(16, 18, 45629).
cost(16, 19, 171979).
cost(16, 20, 587922).
cost(16, 21, 258798).
cost(16, 22, 570024).
cost(16, 23, 386725).
cost(16, 24, 115319).
cost(16, 25, 498749).
cost(17, 1, 376259).
cost(17, 2, 451232).
cost(17, 3, 405691).
cost(17, 4, 144811).
cost(17, 5, 396152).
cost(17, 6, 685681).
cost(17, 7, 88742).
cost(17, 8, 585883).
cost(17, 9, 415927).
cost(17, 10, 580972).
cost(17, 11, 358928).
cost(17, 12, 474055).
cost(17, 13, 408813).
cost(17, 14, 636946).
cost(17, 15, 501898).
cost(17, 16, 396983).
cost(17, 18, 442611).
cost(17, 19, 284420).
cost(17, 20, 460981).
cost(17, 21, 627832).
cost(17, 22, 628580).
cost(17, 23, 532238).
cost(17, 24, 491853).
cost(17, 25, 626443).
cost(18, 1, 139809).
cost(18, 2, 283408).
cost(18, 3, 170859).
cost(18, 4, 366286).
cost(18, 5, 244173).
cost(18, 6, 1063340).
cost(18, 7, 354128).
cost(18, 8, 245324).
cost(18, 9, 218251).
cost(18, 10, 152064).
cost(18, 11, 89415).
cost(18, 12, 153841).
cost(18, 13, 253133).
cost(18, 14, 315441).
cost(18, 15, 188244).
cost(18, 16, 45629).
cost(18, 17, 442611).
cost(18, 19, 209630).
cost(18, 20, 617618).
cost(18, 21, 222848).
cost(18, 22, 580881).
cost(18, 23, 393237).
cost(18, 24, 85234).
cost(18, 25, 502751).
cost(19, 1, 240385).
cost(19, 2, 190042).
cost(19, 3, 287168).
cost(19, 4, 169631).
cost(19, 5, 128677).
cost(19, 6, 855413).
cost(19, 7, 202194).
cost(19, 8, 301466).
cost(19, 9, 326982).
cost(19, 10, 315495).
cost(19, 11, 123903).
cost(19, 12, 190905).
cost(19, 13, 143213).
cost(19, 14, 354256).
cost(19, 15, 217503).
cost(19, 16, 171979).
cost(19, 17, 284420).
cost(19, 18, 209630).
cost(19, 20, 421740).
cost(19, 21, 349554).
cost(19, 22, 451939).
cost(19, 23, 296345).
cost(19, 24, 226070).
cost(19, 25, 407424).
cost(20, 1, 659839).
cost(20, 2, 380254).
cost(20, 3, 705939).
cost(20, 4, 354970).
cost(20, 5, 386481).
cost(20, 6, 555641).
cost(20, 7, 457619).
cost(20, 8, 562231).
cost(20, 9, 741831).
cost(20, 10, 669749).
cost(20, 11, 541725).
cost(20, 12, 518166).
cost(20, 13, 383574).
cost(20, 14, 563086).
cost(20, 15, 513988).
cost(20, 16, 587922).
cost(20, 17, 460981).
cost(20, 18, 617618).
cost(20, 19, 421740).
cost(20, 21, 659297).
cost(20, 22, 274691).
cost(20, 23, 344257).
cost(20, 24, 597931).
cost(20, 25, 350784).
cost(21, 1, 360702).
cost(21, 2, 279299).
cost(21, 3, 384321).
cost(21, 4, 518299).
cost(21, 5, 288068).
cost(21, 6, 1172972).
cost(21, 7, 540531).
cost(21, 8, 104509).
cost(21, 9, 428492).
cost(21, 10, 81824).
cost(21, 11, 278964).
cost(21, 12, 162210).
cost(21, 13, 285356).
cost(21, 14, 149633).
cost(21, 15, 150144).
cost(21, 16, 258798).
cost(21, 17, 627832).
cost(21, 18, 222848).
cost(21, 19, 349554).
cost(21, 20, 659297).
cost(21, 22, 524890).
cost(21, 23, 341639).
cost(21, 24, 144194).
cost(21, 25, 421386).
cost(22, 1, 675590).
cost(22, 2, 297601).
cost(22, 3, 721452).
cost(22, 4, 488618).
cost(22, 5, 345125).
cost(22, 6, 819927).
cost(22, 7, 587780).
cost(22, 8, 420623).
cost(22, 9, 766508).
cost(22, 10, 567123).
cost(22, 11, 535927).
cost(22, 12, 436901).
cost(22, 13, 333092).
cost(22, 14, 389298).
cost(22, 15, 413612).
cost(22, 16, 570024).
cost(22, 17, 628580).
cost(22, 18, 580881).
cost(22, 19, 451939).
cost(22, 20, 274691).
cost(22, 21, 524890).
cost(22, 23, 191281).
cost(22, 24, 525851).
cost(22, 25, 110776).
cost(23, 1, 498047).
cost(23, 2, 114708).
cost(23, 3, 542468).
cost(23, 4, 387768).
cost(23, 5, 172207).
cost(23, 6, 893220).
cost(23, 7, 470702).
cost(23, 8, 237484).
cost(23, 9, 589020).
cost(23, 10, 377410).
cost(23, 11, 357589).
cost(23, 12, 246091).
cost(23, 13, 158113).
cost(23, 14, 222381).
cost(23, 15, 222378).
cost(23, 16, 386725).
cost(23, 17, 532238).
cost(23, 18, 393237).
cost(23, 19, 296345).
cost(23, 20, 344257).
cost(23, 21, 341639).
cost(23, 22, 191281).
cost(23, 24, 334840).
cost(23, 25, 113582).
cost(24, 1, 224776).
cost(24, 2, 234706).
cost(24, 3, 255629).
cost(24, 4, 394737).
cost(24, 5, 211784).
cost(24, 6, 1076161).
cost(24, 7, 403465).
cost(24, 8, 161127).
cost(24, 9, 302645).
cost(24, 10, 90097).
cost(24, 11, 136156).
cost(24, 12, 89084).
cost(24, 13, 216395).
cost(24, 14, 231241).
cost(24, 15, 115513).
cost(24, 16, 115319).
cost(24, 17, 491853).
cost(24, 18, 85234).
cost(24, 19, 226070).
cost(24, 20, 597931).
cost(24, 21, 144194).
cost(24, 22, 525851).
cost(24, 23, 334840).
cost(24, 25, 438905).
cost(25, 1, 611213).
cost(25, 2, 228196).
cost(25, 3, 655329).
cost(25, 4, 481881).
cost(25, 5, 285466).
cost(25, 6, 905789).
cost(25, 7, 571962).
cost(25, 8, 318331).
cost(25, 9, 702091).
cost(25, 10, 470041).
cost(25, 11, 470858).
cost(25, 12, 351892).
cost(25, 13, 271514).
cost(25, 14, 281139).
cost(25, 15, 323755).
cost(25, 16, 498749).
cost(25, 17, 626443).
cost(25, 18, 502751).
cost(25, 19, 407424).
cost(25, 20, 350784).
cost(25, 21, 421386).
cost(25, 22, 110776).
cost(25, 23, 113582).
cost(25, 24, 438905).
