dimension(28).
point(1, 133452.0, -98169.0).
point(2, 210547.0, -187951.0).
point(3, -177075.0, 319385.0).
point(4, -103995.0, 70988.0).
point(5, -142548.0, -24187.0).
point(6, -379590.0, -100908.0).
point(7, 211734.0, -213845.0).
point(8, -15117.0, 372275.0).
point(9, 47891.0, 200507.0).
point(10, -200001.0, 311520.0).
point(11, -32112.0, 77167.0).
point(12, 252939.0, -311691.0).
point(13, 311704.0, -173164.0).
point(14, -183489.0, -150272.0).
point(15, -5567.0, -6373.0).
point(16, 183084.0, -194165.0).
point(17, 202609.0, -5995.0).
point(18, -148415.0, -150993.0).
point(19, -81950.0, -126143.0).
point(20, 375489.0, -26829.0).
point(21, 227607.0, 25771.0).
point(22, -126808.0, 7775.0).
point(23, -181635.0, -90600.0).
point(24, -39731.0, 50630.0).
point(25, 195813.0, -286120.0).
point(26, 680339.0, 56783.0).
point(27, -155230.0, -407045.0).
point(28, -133704.0, 110347.0).
cost(1, 2, 118340).
cost(1, 3, 520364).
cost(1, 4, 291539).
cost(1, 5, 285743).
cost(1, 6, 513049).
cost(1, 7, 139675).
cost(1, 8, 493346).
cost(1, 9, 310690).
cost(1, 10, 528239).
cost(1, 11, 241152).
cost(1, 12, 244681).
cost(1, 13, 193386).
cost(1, 14, 321195).
cost(1, 15, 166592).
cost(1, 16, 108067).
cost(1, 17, 115233).
cost(1, 18, 286774).
cost(1, 19, 217211).
cost(1, 20, 252332).
cost(1, 21, 155648).
cost(1, 22, 280997).
cost(1, 23, 315178).
cost(1, 24, 228328).
cost(1, 25, 198026).
cost(1, 26, 568415).
cost(1, 27, 422779).
cost(1, 28, 338897).
cost(2, 1, 118340).
cost(2, 3, 638467).
cost(2, 4, 407414).
cost(2, 5, 389223).
cost(2, 6, 596522).
cost(2, 7, 25921).
cost(2, 8, 603968).
cost(2, 9, 421137).
cost(2, 10, 646545).
cost(2, 11, 359404).
cost(2, 12, 130800).
cost(2, 13, 102232).
cost(2, 14, 395833).
cost(2, 15, 282269).
cost(2, 16, 28157).
cost(2, 17, 182129).
cost(2, 18, 360860).
cost(2, 19, 298956).
cost(2, 20, 230578).
cost(2, 21, 214402).
cost(2, 22, 390022).
cost(2, 23, 404084).
cost(2, 24, 345774).
cost(2, 25, 99269).
cost(2, 26, 529716).
cost(2, 27, 426374).
cost(2, 28, 455511).
cost(3, 1, 520364).
cost(3, 2, 638467).
cost(3, 4, 258924).
cost(3, 5, 345303).
cost(3, 6, 466539).
cost(3, 7, 659929).
cost(3, 8, 170375).
cost(3, 9, 254444).
cost(3, 10, 24238).
cost(3, 11, 282283).
cost(3, 12, 763655).
cost(3, 13, 693909).
cost(3, 14, 469701).
cost(3, 15, 368148).
cost(3, 16, 627254).
cost(3, 17, 500032).
cost(3, 18, 471250).
cost(3, 19, 455570).
cost(3, 20, 652067).
cost(3, 21, 499977).
cost(3, 22, 315638).
cost(3, 23, 410010).
cost(3, 24, 301816).
cost(3, 25, 711113).
cost(3, 26, 896727).
cost(3, 27, 726758).
cost(3, 28, 213490).
cost(4, 1, 291539).
cost(4, 2, 407414).
cost(4, 3, 258924).
cost(4, 5, 102687).
cost(4, 6, 324809).
cost(4, 7, 425223).
cost(4, 8, 314123).
cost(4, 9, 199611).
cost(4, 10, 258984).
cost(4, 11, 72148).
cost(4, 12, 523302).
cost(4, 13, 482095).
cost(4, 14, 235107).
cost(4, 15, 125191).
cost(4, 16, 390795).
cost(4, 17, 316121).
cost(4, 18, 226382).
cost(4, 19, 198360).
cost(4, 20, 489360).
cost(4, 21, 334671).
cost(4, 22, 67204).
cost(4, 23, 179273).
cost(4, 24, 67411).
cost(4, 25, 466273).
cost(4, 26, 784463).
cost(4, 27, 480771).
cost(4, 28, 49313).
cost(5, 1, 285743).
cost(5, 2, 389223).
cost(5, 3, 345303).
cost(5, 4, 102687).
cost(5, 6, 249149).
cost(5, 7, 401853).
cost(5, 8, 416438).
cost(5, 9, 294541).
cost(5, 10, 340588).
cost(5, 11, 149896).
cost(5, 12, 488946).
cost(5, 13, 478058).
cost(5, 14, 132565).
cost(5, 15, 138134).
cost(5, 16, 367326).
cost(5, 17, 345636).
cost(5, 18, 126942).
cost(5, 19, 118605).
cost(5, 20, 518044).
cost(5, 21, 373511).
cost(5, 22, 35627).
cost(5, 23, 77062).
cost(5, 24, 127157).
cost(5, 25, 427898).
cost(5, 26, 826861).
cost(5, 27, 383068).
cost(5, 28, 134824).
cost(6, 1, 513049).
cost(6, 2, 596522).
cost(6, 3, 466539).
cost(6, 4, 324809).
cost(6, 5, 249149).
cost(6, 7, 602012).
cost(6, 8, 597279).
cost(6, 9, 523059).
cost(6, 10, 449832).
cost(6, 11, 390451).
cost(6, 12, 666725).
cost(6, 13, 695060).
cost(6, 14, 202219).
cost(6, 15, 385785).
cost(6, 16, 570350).
cost(6, 17, 589885).
cost(6, 18, 236538).
cost(6, 19, 298708).
cost(6, 20, 758704).
cost(6, 21, 620271).
cost(6, 22, 275156).
cost(6, 23, 198223).
cost(6, 24, 372113).
cost(6, 25, 604477).
cost(6, 26, 1071595).
cost(6, 27, 379549).
cost(6, 28, 324174).
cost(7, 1, 139675).
cost(7, 2, 25921).
cost(7, 3, 659929).
cost(7, 4, 425223).
cost(7, 5, 401853).
cost(7, 6, 602012).
cost(7, 8, 628489).
cost(7, 9, 445569).
cost(7, 10, 667483).
cost(7, 11, 379669).
cost(7, 12, 106168).
cost(7, 13, 107930).
cost(7, 14, 400303).
cost(7, 15, 300440).
cost(7, 16, 34758).
cost(7, 17, 208050).
cost(7, 18, 365592).
cost(7, 19, 306499).
cost(7, 20, 248577).
cost(7, 21, 240141).
cost(7, 22, 404631).
cost(7, 23, 412224).
cost(7, 24, 364941).
cost(7, 25, 74008).
cost(7, 26, 541138).
cost(7, 27, 414715).
cost(7, 28, 473738).
cost(8, 1, 493346).
cost(8, 2, 603968).
cost(8, 3, 170375).
cost(8, 4, 314123).
cost(8, 5, 416438).
cost(8, 6, 597279).
cost(8, 7, 628489).
cost(8, 9, 182960).
cost(8, 10, 194611).
cost(8, 11, 295597).
cost(8, 12, 734618).
cost(8, 13, 635858).
cost(8, 14, 549003).
cost(8, 15, 378768).
cost(8, 16, 600115).
cost(8, 17, 436455).
cost(8, 18, 539979).
cost(8, 19, 502879).
cost(8, 20, 558442).
cost(8, 21, 423060).
cost(8, 22, 381228).
cost(8, 23, 491916).
cost(8, 24, 322585).
cost(8, 25, 691358).
cost(8, 26, 763672).
cost(8, 27, 791815).
cost(8, 28, 287522).
cost(9, 1, 310690).
cost(9, 2, 421137).
cost(9, 3, 254444).
cost(9, 4, 199611).
cost(9, 5, 294541).
cost(9, 6, 523059).
cost(9, 7, 445569).
cost(9, 8, 182960).
cost(9, 10, 271614).
cost(9, 11, 147014).
cost(9, 12, 551717).
cost(9, 13, 457414).
cost(9, 14, 420217).
cost(9, 15, 213675).
cost(9, 16, 417185).
cost(9, 17, 258032).
cost(9, 18, 402602).
cost(9, 19, 351509).
cost(9, 20, 398751).
cost(9, 21, 250660).
cost(9, 22, 260126).
cost(9, 23, 370709).
cost(9, 24, 173611).
cost(9, 25, 508613).
cost(9, 26, 648573).
cost(9, 27, 640607).
cost(9, 28, 202745).
cost(10, 1, 528239).
cost(10, 2, 646545).
cost(10, 3, 24238).
cost(10, 4, 258984).
cost(10, 5, 340588).
cost(10, 6, 449832).
cost(10, 7, 667483).
cost(10, 8, 194611).
cost(10, 9, 271614).
cost(10, 11, 288285).
cost(10, 12, 770420).
cost(10, 13, 704812).
cost(10, 14, 462087).
cost(10, 15, 372640).
cost(10, 16, 634406).
cost(10, 17, 512748).
cost(10, 18, 465381).
cost(10, 19, 453304).
cost(10, 20, 667584).
cost(10, 21, 514297).
cost(10, 22, 312439).
cost(10, 23, 402539).
cost(10, 24, 306186).
cost(10, 25, 716828).
cost(10, 26, 916455).
cost(10, 27, 719958).
cost(10, 28, 211816).
cost(11, 1, 241152).
cost(11, 2, 359404).
cost(11, 3, 282283).
cost(11, 4, 72148).
cost(11, 5, 149896).
cost(11, 6, 390451).
cost(11, 7, 379669).
cost(11, 8, 295597).
cost(11, 9, 147014).
cost(11, 10, 288285).
cost(11, 12, 482146).
cost(11, 13, 425294).
cost(11, 14, 273210).
cost(11, 15, 87656).
cost(11, 16, 346310).
cost(11, 17, 249018).
cost(11, 18, 256093).
cost(11, 19, 209329).
cost(11, 20, 420659).
cost(11, 21, 264756).
cost(11, 22, 117399).
cost(11, 23, 224728).
cost(11, 24, 27609).
cost(11, 25, 428867).
cost(11, 26, 712743).
cost(11, 27, 499619).
cost(11, 28, 106873).
cost(12, 1, 244681).
cost(12, 2, 130800).
cost(12, 3, 763655).
cost(12, 4, 523302).
cost(12, 5, 488946).
cost(12, 6, 666725).
cost(12, 7, 106168).
cost(12, 8, 734618).
cost(12, 9, 551717).
cost(12, 10, 770420).
cost(12, 11, 482146).
cost(12, 13, 150476).
cost(12, 14, 465323).
cost(12, 15, 400056).
cost(12, 16, 136719).
cost(12, 17, 309811).
cost(12, 18, 432330).
cost(12, 19, 382856).
cost(12, 20, 310105).
cost(12, 21, 338411).
cost(12, 22, 496252).
cost(12, 23, 487582).
cost(12, 24, 465760).
cost(12, 25, 62588).
cost(12, 26, 564308).
cost(12, 27, 419159).
cost(12, 28, 572371).
cost(13, 1, 193386).
cost(13, 2, 102232).
cost(13, 3, 693909).
cost(13, 4, 482095).
cost(13, 5, 478058).
cost(13, 6, 695060).
cost(13, 7, 107930).
cost(13, 8, 635858).
cost(13, 9, 457414).
cost(13, 10, 704812).
cost(13, 11, 425294).
cost(13, 12, 150476).
cost(13, 14, 495722).
cost(13, 15, 358441).
cost(13, 16, 130323).
cost(13, 17, 199618).
cost(13, 18, 460653).
cost(13, 19, 396452).
cost(13, 20, 159632).
cost(13, 21, 215980).
cost(13, 22, 474375).
cost(13, 23, 500200).
cost(13, 24, 416642).
cost(13, 25, 161833).
cost(13, 26, 434474).
cost(13, 27, 522233).
cost(13, 28, 527984).
cost(14, 1, 321195).
cost(14, 2, 395833).
cost(14, 3, 469701).
cost(14, 4, 235107).
cost(14, 5, 132565).
cost(14, 6, 202219).
cost(14, 7, 400303).
cost(14, 8, 549003).
cost(14, 9, 420217).
cost(14, 10, 462087).
cost(14, 11, 273210).
cost(14, 12, 465323).
cost(14, 13, 495722).
cost(14, 15, 228830).
cost(14, 16, 369191).
cost(14, 17, 412174).
cost(14, 18, 35081).
cost(14, 19, 104367).
cost(14, 20, 572446).
cost(14, 21, 447204).
cost(14, 22, 167904).
cost(14, 23, 59701).
cost(14, 24, 247038).
cost(14, 25, 402895).
cost(14, 26, 888296).
cost(14, 27, 258323).
cost(14, 28, 265332).
cost(15, 1, 166592).
cost(15, 2, 282269).
cost(15, 3, 368148).
cost(15, 4, 125191).
cost(15, 5, 138134).
cost(15, 6, 385785).
cost(15, 7, 300440).
cost(15, 8, 378768).
cost(15, 9, 213675).
cost(15, 10, 372640).
cost(15, 11, 87656).
cost(15, 12, 400056).
cost(15, 13, 358441).
cost(15, 14, 228830).
cost(15, 16, 266186).
cost(15, 17, 208176).
cost(15, 18, 203274).
cost(15, 19, 142054).
cost(15, 20, 381605).
cost(15, 21, 235379).
cost(15, 22, 122064).
cost(15, 23, 195177).
cost(15, 24, 66457).
cost(15, 25, 344692).
cost(15, 26, 688807).
cost(15, 27, 427711).
cost(15, 28, 173328).
cost(16, 1, 108067).
cost(16, 2, 28157).
cost(16, 3, 627254).
cost(16, 4, 390795).
cost(16, 5, 367326).
cost(16, 6, 570350).
cost(16, 7, 34758).
cost(16, 8, 600115).
cost(16, 9, 417185).
cost(16, 10, 634406).
cost(16, 11, 346310).
cost(16, 12, 136719).
cost(16, 13, 130323).
cost(16, 14, 369191).
cost(16, 15, 266186).
cost(16, 17, 189180).
cost(16, 18, 334298).
cost(16, 19, 273624).
cost(16, 20, 254992).
cost(16, 21, 224397).
cost(16, 22, 369882).
cost(16, 23, 379138).
cost(16, 24, 331015).
cost(16, 25, 92832).
cost(16, 26, 556990).
cost(16, 27, 399718).
cost(16, 28, 439411).
cost(17, 1, 115233).
cost(17, 2, 182129).
cost(17, 3, 500032).
cost(17, 4, 316121).
cost(17, 5, 345636).
cost(17, 6, 589885).
cost(17, 7, 208050).
cost(17, 8, 436455).
cost(17, 9, 258032).
cost(17, 10, 512748).
cost(17, 11, 249018).
cost(17, 12, 309811).
cost(17, 13, 199618).
cost(17, 14, 412174).
cost(17, 15, 208176).
cost(17, 16, 189180).
cost(17, 18, 379792).
cost(17, 19, 308884).
cost(17, 20, 174131).
cost(17, 21, 40423).
cost(17, 22, 329705).
cost(17, 23, 393448).
cost(17, 24, 248868).
cost(17, 25, 280207).
cost(17, 26, 481837).
cost(17, 27, 537485).
cost(17, 28, 355868).
cost(18, 1, 286774).
cost(18, 2, 360860).
cost(18, 3, 471250).
cost(18, 4, 226382).
cost(18, 5, 126942).
cost(18, 6, 236538).
cost(18, 7, 365592).
cost(18, 8, 539979).
cost(18, 9, 402602).
cost(18, 10, 465381).
cost(18, 11, 256093).
cost(18, 12, 432330).
cost(18, 13, 460653).
cost(18, 14, 35081).
cost(18, 15, 203274).
cost(18, 16, 334298).
cost(18, 17, 379792).
cost(18, 19, 70959).
cost(18, 20, 538416).
cost(18, 21, 415497).
cost(18, 22, 160232).
cost(18, 23, 68927).
cost(18, 24, 229050).
cost(18, 25, 369800).
cost(18, 26, 854403).
cost(18, 27, 256143).
cost(18, 28, 261754).
cost(19, 1, 217211).
cost(19, 2, 298956).
cost(19, 3, 455570).
cost(19, 4, 198360).
cost(19, 5, 118605).
cost(19, 6, 298708).
cost(19, 7, 306499).
cost(19, 8, 502879).
cost(19, 9, 351509).
cost(19, 10, 453304).
cost(19, 11, 209329).
cost(19, 12, 382856).
cost(19, 13, 396452).
cost(19, 14, 104367).
cost(19, 15, 142054).
cost(19, 16, 273624).
cost(19, 17, 308884).
cost(19, 18, 70959).
cost(19, 20, 468096).
cost(19, 21, 344824).
cost(19, 22, 141231).
cost(19, 23, 105832).
cost(19, 24, 181745).
cost(19, 25, 320538).
cost(19, 26, 783930).
cost(19, 27, 290303).
cost(19, 28, 242087).
cost(20, 1, 252332).
cost(20, 2, 230578).
cost(20, 3, 652067).
cost(20, 4, 489360).
cost(20, 5, 518044).
cost(20, 6, 758704).
cost(20, 7, 248577).
cost(20, 8, 558442).
cost(20, 9, 398751).
cost(20, 10, 667584).
cost(20, 11, 420659).
cost(20, 12, 310105).
cost(20, 13, 159632).
cost(20, 14, 572446).
cost(20, 15, 381605).
cost(20, 16, 254992).
cost(20, 17, 174131).
cost(20, 18, 538416).
cost(20, 19, 468096).
cost(20, 21, 156958).
cost(20, 22, 503488).
cost(20, 23, 560762).
cost(20, 24, 422383).
cost(20, 25, 315460).
cost(20, 26, 316108).
cost(20, 27, 652861).
cost(20, 28, 527347).
cost(21, 1, 155648).
cost(21, 2, 214402).
cost(21, 3, 499977).
cost(21, 4, 334671).
cost(21, 5, 373511).
cost(21, 6, 620271).
cost(21, 7, 240141).
cost(21, 8, 423060).
cost(21, 9, 250660).
cost(21, 10, 514297).
cost(21, 11, 264756).
cost(21, 12, 338411).
cost(21, 13, 215980).
cost(21, 14, 447204).
cost(21, 15, 235379).
cost(21, 16, 224397).
cost(21, 17, 40423).
cost(21, 18, 415497).
cost(21, 19, 344824).
cost(21, 20, 156958).
cost(21, 22, 354872).
cost(21, 23, 425466).
cost(21, 24, 268491).
cost(21, 25, 313507).
cost(21, 26, 453793).
cost(21, 27, 577835).
cost(21, 28, 371078).
cost(22, 1, 280997).
cost(22, 2, 390022).
cost(22, 3, 315638).
cost(22, 4, 67204).
cost(22, 5, 35627).
cost(22, 6, 275156).
cost(22, 7, 404631).
cost(22, 8, 381228).
cost(22, 9, 260126).
cost(22, 10, 312439).
cost(22, 11, 117399).
cost(22, 12, 496252).
cost(22, 13, 474375).
cost(22, 14, 167904).
cost(22, 15, 122064).
cost(22, 16, 369882).
cost(22, 17, 329705).
cost(22, 18, 160232).
cost(22, 19, 141231).
cost(22, 20, 503488).
cost(22, 21, 354872).
cost(22, 23, 112622).
cost(22, 24, 97051).
cost(22, 25, 436416).
cost(22, 26, 808633).
cost(22, 27, 415793).
cost(22, 28, 102804).
cost(23, 1, 315178).
cost(23, 2, 404084).
cost(23, 3, 410010).
cost(23, 4, 179273).
cost(23, 5, 77062).
cost(23, 6, 198223).
cost(23, 7, 412224).
cost(23, 8, 491916).
cost(23, 9, 370709).
cost(23, 10, 402539).
cost(23, 11, 224728).
cost(23, 12, 487582).
cost(23, 13, 500200).
cost(23, 14, 59701).
cost(23, 15, 195177).
cost(23, 16, 379138).
cost(23, 17, 393448).
cost(23, 18, 68927).
cost(23, 19, 105832).
cost(23, 20, 560762).
cost(23, 21, 425466).
cost(23, 22, 112622).
cost(23, 24, 200207).
cost(23, 25, 425082).
cost(23, 26, 874483).
cost(23, 27, 317545).
cost(23, 28, 206584).
cost(24, 1, 228328).
cost(24, 2, 345774).
cost(24, 3, 301816).
cost(24, 4, 67411).
cost(24, 5, 127157).
cost(24, 6, 372113).
cost(24, 7, 364941).
cost(24, 8, 322585).
cost(24, 9, 173611).
cost(24, 10, 306186).
cost(24, 11, 27609).
cost(24, 12, 465760).
cost(24, 13, 416642).
cost(24, 14, 247038).
cost(24, 15, 66457).
cost(24, 16, 331015).
cost(24, 17, 248868).
cost(24, 18, 229050).
cost(24, 19, 181745).
cost(24, 20, 422383).
cost(24, 21, 268491).
cost(24, 22, 97051).
cost(24, 23, 200207).
cost(24, 25, 410952).
cost(24, 26, 720096).
cost(24, 27, 472024).
cost(24, 28, 111342).
cost(25, 1, 198026).
cost(25, 2, 99269).
cost(25, 3, 711113).
cost(25, 4, 466273).
cost(25, 5, 427898).
cost(25, 6, 604477).
cost(25, 7, 74008).
cost(25, 8, 691358).
cost(25, 9, 508613).
cost(25, 10, 716828).
cost(25, 11, 428867).
cost(25, 12, 62588).
cost(25, 13, 161833).
cost(25, 14, 402895).
cost(25, 15, 344692).
cost(25, 16, 92832).
cost(25, 17, 280207).
cost(25, 18, 369800).
cost(25, 19, 320538).
cost(25, 20, 315460).
cost(25, 21, 313507).
cost(25, 22, 436416).
cost(25, 23, 425082).
cost(25, 24, 410952).
cost(25, 26, 593589).
cost(25, 27, 371287).
cost(25, 28, 515526).
cost(26, 1, 568415).
cost(26, 2, 529716).
cost(26, 3, 896727).
cost(26, 4, 784463).
cost(26, 5, 826861).
cost(26, 6, 1071595).
cost(26, 7, 541138).
cost(26, 8, 763672).
cost(26, 9, 648573).
cost(26, 10, 916455).
cost(26, 11, 712743).
cost(26, 12, 564308).
cost(26, 13, 434474).
cost(26, 14, 888296).
cost(26, 15, 688807).
cost(26, 16, 556990).
cost(26, 17, 481837).
cost(26, 18, 854403).
cost(26, 19, 783930).
cost(26, 20, 316108).
cost(26, 21, 453793).
cost(26, 22, 808633).
cost(26, 23, 874483).
cost(26, 24, 720096).
cost(26, 25, 593589).
cost(26, 27, 955674).
cost(26, 28, 815803).
cost(27, 1, 422779).
cost(27, 2, 426374).
cost(27, 3, 726758).
cost(27, 4, 480771).
cost(27, 5, 383068).
cost(27, 6, 379549).
cost(27, 7, 414715).
cost(27, 8, 791815).
cost(27, 9, 640607).
cost(27, 10, 719958).
cost(27, 11, 499619).
cost(27, 12, 419159).
cost(27, 13, 522233).
cost(27, 14, 258323).
cost(27, 15, 427711).
cost(27, 16, 399718).
cost(27, 17, 537485).
cost(27, 18, 256143).
cost(27, 19, 290303).
cost(27, 20, 652861).
cost(27, 21, 577835).
cost(27, 22, 415793).
cost(27, 23, 317545).
cost(27, 24, 472024).
cost(27, 25, 371287).
cost(27, 26, 955674).
cost(27, 28, 517840).
cost(28, 1, 338897).
cost(28, 2, 455511).
cost(28, 3, 213490).
cost(28, 4, 49313).
cost(28, 5, 134824).
cost(28, 6, 324174).
cost(28, 7, 473738).
cost(28, 8, 287522).
cost(28, 9, 202745).
cost(28, 10, 211816).
cost(28, 11, 106873).
cost(28, 12, 572371).
cost(28, 13, 527984).
cost(28, 14, 265332).
cost(28, 15, 173328).
cost(28, 16, 439411).
cost(28, 17, 355868).
cost(28, 18, 261754).
cost(28, 19, 242087).
cost(28, 20, 527347).
cost(28, 21, 371078).
cost(28, 22, 102804).
cost(28, 23, 206584).
cost(28, 24, 111342).
cost(28, 25, 515526).
cost(28, 26, 815803).
cost(28, 27, 517840).
