dimension(28).
point(1, 274518.0, -78019.0).
point(2, -108263.0, -20684.0).
point(3, -519269.0, 213401.0).
point(4, 156716.0, 34651.0).
point(5, 95139.0, 372385.0).
point(6, -87904.0, -228468.0).
point(7, 3800.0, 8920.0).
point(8, -53898.0, -728332.0).
point(9, 94787.0, 193540.0).
point(10, 118987.0, -106982.0).
point(11, -119605.0, 25487.0).
point(12, 77608.0, -135906.0).
point(13, -199658.0, -112276.0).
point(14, -138378.0, 77264.0).
point(15, 391098.0, -363250.0).
point(16, 107672.0, -158274.0).
point(17, 166167.0, 157615.0).
point(18, 65499.0, 134082.0).
point(19, -87694.0, -207051.0).
point(20, 120456.0, -176348.0).
point(21, -106121.0, 188122.0).
point(22, -134873.0, -406226.0).
point(23, -162751.0, -62225.0).
point(24, -13114.0, -201664.0).
point(25, 79314.0, -97031.0).
point(26, 446404.0, -264419.0).
point(27, -401490.0, 39360.0).
point(28, -171361.0, -149657.0).
cost(1, 2, 387051).
cost(1, 3, 845591).
cost(1, 4, 163009).
cost(1, 5, 484810).
cost(1, 6, 392409).
cost(1, 7, 284335).
cost(1, 8, 728536).
cost(1, 9, 325649).
cost(1, 10, 158205).
cost(1, 11, 407488).
cost(1, 12, 205242).
cost(1, 13, 475412).
cost(1, 14, 441130).
cost(1, 15, 308136).
cost(1, 16, 185144).
cost(1, 17, 259352).
cost(1, 18, 297785).
cost(1, 19, 384509).
cost(1, 20, 182767).
cost(1, 21, 464454).
cost(1, 22, 524710).
cost(1, 23, 437554).
cost(1, 24, 313082).
cost(1, 25, 196128).
cost(1, 26, 253554).
cost(1, 27, 686123).
cost(1, 28, 451597).
cost(2, 1, 387051).
cost(2, 3, 472992).
cost(2, 4, 270695).
cost(2, 5, 442578).
cost(2, 6, 208779).
cost(2, 7, 115907).
cost(2, 8, 709733).
cost(2, 9, 295163).
cost(2, 10, 243084).
cost(2, 11, 47544).
cost(2, 12, 218687).
cost(2, 13, 129391).
cost(2, 14, 102473).
cost(2, 15, 605568).
cost(2, 16, 256045).
cost(2, 17, 327265).
cost(2, 18, 232692).
cost(2, 19, 187499).
cost(2, 20, 276665).
cost(2, 21, 208817).
cost(2, 22, 386459).
cost(2, 23, 68517).
cost(2, 24, 204468).
cost(2, 25, 202519).
cost(2, 26, 605857).
cost(2, 27, 299311).
cost(2, 28, 143581).
cost(3, 1, 845591).
cost(3, 2, 472992).
cost(3, 4, 699219).
cost(3, 5, 634644).
cost(3, 6, 617514).
cost(3, 7, 561617).
cost(3, 8, 1050443).
cost(3, 9, 614377).
cost(3, 10, 714154).
cost(3, 11, 441637).
cost(3, 12, 691576).
cost(3, 13, 456308).
cost(3, 14, 404489).
cost(3, 15, 1077634).
cost(3, 16, 728833).
cost(3, 17, 687702).
cost(3, 18, 590123).
cost(3, 19, 602525).
cost(3, 20, 749101).
cost(3, 21, 413921).
cost(3, 22, 729176).
cost(3, 23, 450638).
cost(3, 24, 654578).
cost(3, 25, 674292).
cost(3, 26, 1077421).
cost(3, 27, 210148).
cost(3, 28, 502843).
cost(4, 1, 163009).
cost(4, 2, 270695).
cost(4, 3, 699219).
cost(4, 5, 343302).
cost(4, 6, 359264).
cost(4, 7, 155066).
cost(4, 8, 791518).
cost(4, 9, 170531).
cost(4, 10, 146572).
cost(4, 11, 276473).
cost(4, 12, 188010).
cost(4, 13, 385474).
cost(4, 14, 298155).
cost(4, 15, 461801).
cost(4, 16, 199061).
cost(4, 17, 123327).
cost(4, 18, 134934).
cost(4, 19, 343738).
cost(4, 20, 214092).
cost(4, 21, 304363).
cost(4, 22, 528580).
cost(4, 23, 333832).
cost(4, 24, 291010).
cost(4, 25, 152746).
cost(4, 26, 416368).
cost(4, 27, 558226).
cost(4, 28, 376303).
cost(5, 1, 484810).
cost(5, 2, 442578).
cost(5, 3, 634644).
cost(5, 4, 343302).
cost(5, 6, 628115).
cost(5, 7, 374766).
cost(5, 8, 1110761).
cost(5, 9, 178845).
cost(5, 10, 479960).
cost(5, 11, 407987).
cost(5, 12, 508593).
cost(5, 13, 567276).
cost(5, 14, 376333).
cost(5, 15, 792938).
cost(5, 16, 530807).
cost(5, 17, 226210).
cost(5, 18, 240139).
cost(5, 19, 607597).
cost(5, 20, 549317).
cost(5, 21, 272871).
cost(5, 22, 811875).
cost(5, 23, 505364).
cost(5, 24, 584167).
cost(5, 25, 469683).
cost(5, 26, 727260).
cost(5, 27, 597952).
cost(5, 28, 586131).
cost(6, 1, 392409).
cost(6, 2, 208779).
cost(6, 3, 617514).
cost(6, 4, 359264).
cost(6, 5, 628115).
cost(6, 7, 254485).
cost(6, 8, 501019).
cost(6, 9, 459855).
cost(6, 10, 239922).
cost(6, 11, 255926).
cost(6, 12, 189636).
cost(6, 13, 161213).
cost(6, 14, 309870).
cost(6, 15, 497603).
cost(6, 16, 207791).
cost(6, 17, 462182).
cost(6, 18, 393669).
cost(6, 19, 21418).
cost(6, 20, 214780).
cost(6, 21, 416988).
cost(6, 22, 183859).
cost(6, 23, 182315).
cost(6, 24, 79448).
cost(6, 25, 212691).
cost(6, 26, 535516).
cost(6, 27, 412393).
cost(6, 28, 114788).
cost(7, 1, 284335).
cost(7, 2, 115907).
cost(7, 3, 561617).
cost(7, 4, 155066).
cost(7, 5, 374766).
cost(7, 6, 254485).
cost(7, 8, 739506).
cost(7, 9, 205823).
cost(7, 10, 163405).
cost(7, 11, 124512).
cost(7, 12, 162549).
cost(7, 13, 236820).
cost(7, 14, 157751).
cost(7, 15, 537132).
cost(7, 16, 196833).
cost(7, 17, 220166).
cost(7, 18, 139543).
cost(7, 19, 234552).
cost(7, 20, 218936).
cost(7, 21, 210228).
cost(7, 22, 437694).
cost(7, 23, 181110).
cost(7, 24, 211262).
cost(7, 25, 130108).
cost(7, 26, 520204).
cost(7, 27, 406432).
cost(7, 28, 236280).
cost(8, 1, 728536).
cost(8, 2, 709733).
cost(8, 3, 1050443).
cost(8, 4, 791518).
cost(8, 5, 1110761).
cost(8, 6, 501019).
cost(8, 7, 739506).
cost(8, 9, 933785).
cost(8, 10, 644954).
cost(8, 11, 756677).
cost(8, 12, 606846).
cost(8, 13, 633065).
cost(8, 14, 810013).
cost(8, 15, 575592).
cost(8, 16, 592512).
cost(8, 17, 912869).
cost(8, 18, 870640).
cost(8, 19, 522375).
cost(8, 20, 578866).
cost(8, 21, 917941).
cost(8, 22, 332128).
cost(8, 23, 674943).
cost(8, 24, 528245).
cost(8, 25, 645203).
cost(8, 26, 682288).
cost(8, 27, 842717).
cost(8, 28, 590476).
cost(9, 1, 325649).
cost(9, 2, 295163).
cost(9, 3, 614377).
cost(9, 4, 170531).
cost(9, 5, 178845).
cost(9, 6, 459855).
cost(9, 7, 205823).
cost(9, 8, 933785).
cost(9, 10, 301495).
cost(9, 11, 272407).
cost(9, 12, 329894).
cost(9, 13, 424525).
cost(9, 14, 260549).
cost(9, 15, 630726).
cost(9, 16, 352050).
cost(9, 17, 79911).
cost(9, 18, 66280).
cost(9, 19, 440196).
cost(9, 20, 370778).
cost(9, 21, 200981).
cost(9, 22, 642233).
cost(9, 23, 362962).
cost(9, 24, 409669).
cost(9, 25, 290983).
cost(9, 26, 577374).
cost(9, 27, 519675).
cost(9, 28, 434303).
cost(10, 1, 158205).
cost(10, 2, 243084).
cost(10, 3, 714154).
cost(10, 4, 146572).
cost(10, 5, 479960).
cost(10, 6, 239922).
cost(10, 7, 163405).
cost(10, 8, 644954).
cost(10, 9, 301495).
cost(10, 11, 272900).
cost(10, 12, 50486).
cost(10, 13, 318689).
cost(10, 14, 316518).
cost(10, 15, 373788).
cost(10, 16, 52525).
cost(10, 17, 268770).
cost(10, 18, 246927).
cost(10, 19, 229632).
cost(10, 20, 69382).
cost(10, 21, 371160).
cost(10, 22, 392418).
cost(10, 23, 285271).
cost(10, 24, 162528).
cost(10, 25, 40902).
cost(10, 26, 363302).
cost(10, 27, 540659).
cost(10, 28, 293467).
cost(11, 1, 407488).
cost(11, 2, 47544).
cost(11, 3, 441637).
cost(11, 4, 276473).
cost(11, 5, 407987).
cost(11, 6, 255926).
cost(11, 7, 124512).
cost(11, 8, 756677).
cost(11, 9, 272407).
cost(11, 10, 272900).
cost(11, 12, 254835).
cost(11, 13, 159333).
cost(11, 14, 55075).
cost(11, 15, 641821).
cost(11, 16, 292272).
cost(11, 17, 314839).
cost(11, 18, 214607).
cost(11, 19, 234717).
cost(11, 20, 313635).
cost(11, 21, 163193).
cost(11, 22, 431983).
cost(11, 23, 97750).
cost(11, 24, 250874).
cost(11, 25, 233622).
cost(11, 26, 635934).
cost(11, 27, 282226).
cost(11, 28, 182631).
cost(12, 1, 205242).
cost(12, 2, 218687).
cost(12, 3, 691576).
cost(12, 4, 188010).
cost(12, 5, 508593).
cost(12, 6, 189636).
cost(12, 7, 162549).
cost(12, 8, 606846).
cost(12, 9, 329894).
cost(12, 10, 50486).
cost(12, 11, 254835).
cost(12, 13, 278271).
cost(12, 14, 303466).
cost(12, 15, 387248).
cost(12, 16, 37472).
cost(12, 17, 306590).
cost(12, 18, 270259).
cost(12, 19, 179962).
cost(12, 20, 58919).
cost(12, 21, 372492).
cost(12, 22, 343833).
cost(12, 23, 251399).
cost(12, 24, 112047).
cost(12, 25, 38912).
cost(12, 26, 390546).
cost(12, 27, 510150).
cost(12, 28, 249348).
cost(13, 1, 475412).
cost(13, 2, 129391).
cost(13, 3, 456308).
cost(13, 4, 385474).
cost(13, 5, 567276).
cost(13, 6, 161213).
cost(13, 7, 236820).
cost(13, 8, 633065).
cost(13, 9, 424525).
cost(13, 10, 318689).
cost(13, 11, 159333).
cost(13, 12, 278271).
cost(13, 14, 199200).
cost(13, 15, 641857).
cost(13, 16, 310753).
cost(13, 17, 454609).
cost(13, 18, 361940).
cost(13, 19, 146691).
cost(13, 20, 326463).
cost(13, 21, 314624).
cost(13, 22, 301004).
cost(13, 23, 62187).
cost(13, 24, 206855).
cost(13, 25, 279388).
cost(13, 26, 663735).
cost(13, 27, 252447).
cost(13, 28, 46883).
cost(14, 1, 441130).
cost(14, 2, 102473).
cost(14, 3, 404489).
cost(14, 4, 298155).
cost(14, 5, 376333).
cost(14, 6, 309870).
cost(14, 7, 157751).
cost(14, 8, 810013).
cost(14, 9, 260549).
cost(14, 10, 316518).
cost(14, 11, 55075).
cost(14, 12, 303466).
cost(14, 13, 199200).
cost(14, 15, 688765).
cost(14, 16, 340615).
cost(14, 17, 314967).
cost(14, 18, 211646).
cost(14, 19, 288797).
cost(14, 20, 362373).
cost(14, 21, 115456).
cost(14, 22, 483503).
cost(14, 23, 141602).
cost(14, 24, 305764).
cost(14, 25, 278870).
cost(14, 26, 677287).
cost(14, 27, 265828).
cost(14, 28, 229306).
cost(15, 1, 308136).
cost(15, 2, 605568).
cost(15, 3, 1077634).
cost(15, 4, 461801).
cost(15, 5, 792938).
cost(15, 6, 497603).
cost(15, 7, 537132).
cost(15, 8, 575592).
cost(15, 9, 630726).
cost(15, 10, 373788).
cost(15, 11, 641821).
cost(15, 12, 387248).
cost(15, 13, 641857).
cost(15, 14, 688765).
cost(15, 16, 349779).
cost(15, 17, 567357).
cost(15, 18, 594436).
cost(15, 19, 503627).
cost(15, 20, 328906).
cost(15, 21, 742454).
cost(15, 22, 527724).
cost(15, 23, 630369).
cost(15, 24, 435313).
cost(15, 25, 409978).
cost(15, 26, 113253).
cost(15, 27, 888983).
cost(15, 28, 601649).
cost(16, 1, 185144).
cost(16, 2, 256045).
cost(16, 3, 728833).
cost(16, 4, 199061).
cost(16, 5, 530807).
cost(16, 6, 207791).
cost(16, 7, 196833).
cost(16, 8, 592512).
cost(16, 9, 352050).
cost(16, 10, 52525).
cost(16, 11, 292272).
cost(16, 12, 37472).
cost(16, 13, 310753).
cost(16, 14, 340615).
cost(16, 15, 349779).
cost(16, 17, 321259).
cost(16, 18, 295382).
cost(16, 19, 201363).
cost(16, 20, 22138).
cost(16, 21, 407060).
cost(16, 22, 346855).
cost(16, 23, 286974).
cost(16, 24, 128343).
cost(16, 25, 67490).
cost(16, 26, 354973).
cost(16, 27, 546173).
cost(16, 28, 279166).
cost(17, 1, 259352).
cost(17, 2, 327265).
cost(17, 3, 687702).
cost(17, 4, 123327).
cost(17, 5, 226210).
cost(17, 6, 462182).
cost(17, 7, 220166).
cost(17, 8, 912869).
cost(17, 9, 79911).
cost(17, 10, 268770).
cost(17, 11, 314839).
cost(17, 12, 306590).
cost(17, 13, 454609).
cost(17, 14, 314967).
cost(17, 15, 567357).
cost(17, 16, 321259).
cost(17, 18, 103382).
cost(17, 19, 444327).
cost(17, 20, 337077).
cost(17, 21, 273992).
cost(17, 22, 639173).
cost(17, 23, 395622).
cost(17, 24, 401526).
cost(17, 25, 269050).
cost(17, 26, 506602).
cost(17, 27, 579844).
cost(17, 28, 456444).
cost(18, 1, 297785).
cost(18, 2, 232692).
cost(18, 3, 590123).
cost(18, 4, 134934).
cost(18, 5, 240139).
cost(18, 6, 393669).
cost(18, 7, 139543).
cost(18, 8, 870640).
cost(18, 9, 66280).
cost(18, 10, 246927).
cost(18, 11, 214607).
cost(18, 12, 270259).
cost(18, 13, 361940).
cost(18, 14, 211646).
cost(18, 15, 594436).
cost(18, 16, 295382).
cost(18, 17, 103382).
cost(18, 19, 373952).
cost(18, 20, 315257).
cost(18, 21, 179927).
cost(18, 22, 576265).
cost(18, 23, 301056).
cost(18, 24, 344827).
cost(18, 25, 231526).
cost(18, 26, 551264).
cost(18, 27, 476499).
cost(18, 28, 369609).
cost(19, 1, 384509).
cost(19, 2, 187499).
cost(19, 3, 602525).
cost(19, 4, 343738).
cost(19, 5, 607597).
cost(19, 6, 21418).
cost(19, 7, 234552).
cost(19, 8, 522375).
cost(19, 9, 440196).
cost(19, 10, 229632).
cost(19, 11, 234717).
cost(19, 12, 179962).
cost(19, 13, 146691).
cost(19, 14, 288797).
cost(19, 15, 503627).
cost(19, 16, 201363).
cost(19, 17, 444327).
cost(19, 18, 373952).
cost(19, 20, 210402).
cost(19, 21, 395602).
cost(19, 22, 204686).
cost(19, 23, 163120).
cost(19, 24, 74774).
cost(19, 25, 199990).
cost(19, 26, 537170).
cost(19, 27, 398982).
cost(19, 28, 101461).
cost(20, 1, 182767).
cost(20, 2, 276665).
cost(20, 3, 749101).
cost(20, 4, 214092).
cost(20, 5, 549317).
cost(20, 6, 214780).
cost(20, 7, 218936).
cost(20, 8, 578866).
cost(20, 9, 370778).
cost(20, 10, 69382).
cost(20, 11, 313635).
cost(20, 12, 58919).
cost(20, 13, 326463).
cost(20, 14, 362373).
cost(20, 15, 328906).
cost(20, 16, 22138).
cost(20, 17, 337077).
cost(20, 18, 315257).
cost(20, 19, 210402).
cost(20, 21, 429157).
cost(20, 22, 343565).
cost(20, 23, 305336).
cost(20, 24, 135948).
cost(20, 25, 89352).
cost(20, 26, 337637).
cost(20, 27, 564763).
cost(20, 28, 293035).
cost(21, 1, 464454).
cost(21, 2, 208817).
cost(21, 3, 413921).
cost(21, 4, 304363).
cost(21, 5, 272871).
cost(21, 6, 416988).
cost(21, 7, 210228).
cost(21, 8, 917941).
cost(21, 9, 200981).
cost(21, 10, 371160).
cost(21, 11, 163193).
cost(21, 12, 372492).
cost(21, 13, 314624).
cost(21, 14, 115456).
cost(21, 15, 742454).
cost(21, 16, 407060).
cost(21, 17, 273992).
cost(21, 18, 179927).
cost(21, 19, 395602).
cost(21, 20, 429157).
cost(21, 22, 595043).
cost(21, 23, 256672).
cost(21, 24, 400729).
cost(21, 25, 340145).
cost(21, 26, 714197).
cost(21, 27, 330716).
cost(21, 28, 344022).
cost(22, 1, 524710).
cost(22, 2, 386459).
cost(22, 3, 729176).
cost(22, 4, 528580).
cost(22, 5, 811875).
cost(22, 6, 183859).
cost(22, 7, 437694).
cost(22, 8, 332128).
cost(22, 9, 642233).
cost(22, 10, 392418).
cost(22, 11, 431983).
cost(22, 12, 343833).
cost(22, 13, 301004).
cost(22, 14, 483503).
cost(22, 15, 527724).
cost(22, 16, 346855).
cost(22, 17, 639173).
cost(22, 18, 576265).
cost(22, 19, 204686).
cost(22, 20, 343565).
cost(22, 21, 595043).
cost(22, 23, 345129).
cost(22, 24, 238056).
cost(22, 25, 376135).
cost(22, 26, 598324).
cost(22, 27, 519261).
cost(22, 28, 259151).
cost(23, 1, 437554).
cost(23, 2, 68517).
cost(23, 3, 450638).
cost(23, 4, 333832).
cost(23, 5, 505364).
cost(23, 6, 182315).
cost(23, 7, 181110).
cost(23, 8, 674943).
cost(23, 9, 362962).
cost(23, 10, 285271).
cost(23, 11, 97750).
cost(23, 12, 251399).
cost(23, 13, 62187).
cost(23, 14, 141602).
cost(23, 15, 630369).
cost(23, 16, 286974).
cost(23, 17, 395622).
cost(23, 18, 301056).
cost(23, 19, 163120).
cost(23, 20, 305336).
cost(23, 21, 256672).
cost(23, 22, 345129).
cost(23, 24, 204535).
cost(23, 25, 244555).
cost(23, 26, 641835).
cost(23, 27, 259453).
cost(23, 28, 87855).
cost(24, 1, 313082).
cost(24, 2, 204468).
cost(24, 3, 654578).
cost(24, 4, 291010).
cost(24, 5, 584167).
cost(24, 6, 79448).
cost(24, 7, 211262).
cost(24, 8, 528245).
cost(24, 9, 409669).
cost(24, 10, 162528).
cost(24, 11, 250874).
cost(24, 12, 112047).
cost(24, 13, 206855).
cost(24, 14, 305764).
cost(24, 15, 435313).
cost(24, 16, 128343).
cost(24, 17, 401526).
cost(24, 18, 344827).
cost(24, 19, 74774).
cost(24, 20, 135948).
cost(24, 21, 400729).
cost(24, 22, 238056).
cost(24, 23, 204535).
cost(24, 25, 139610).
cost(24, 26, 463783).
cost(24, 27, 457087).
cost(24, 28, 166574).
cost(25, 1, 196128).
cost(25, 2, 202519).
cost(25, 3, 674292).
cost(25, 4, 152746).
cost(25, 5, 469683).
cost(25, 6, 212691).
cost(25, 7, 130108).
cost(25, 8, 645203).
cost(25, 9, 290983).
cost(25, 10, 40902).
cost(25, 11, 233622).
cost(25, 12, 38912).
cost(25, 13, 279388).
cost(25, 14, 278870).
cost(25, 15, 409978).
cost(25, 16, 67490).
cost(25, 17, 269050).
cost(25, 18, 231526).
cost(25, 19, 199990).
cost(25, 20, 89352).
cost(25, 21, 340145).
cost(25, 22, 376135).
cost(25, 23, 244555).
cost(25, 24, 139610).
cost(25, 26, 403452).
cost(25, 27, 499775).
cost(25, 28, 256140).
cost(26, 1, 253554).
cost(26, 2, 605857).
cost(26, 3, 1077421).
cost(26, 4, 416368).
cost(26, 5, 727260).
cost(26, 6, 535516).
cost(26, 7, 520204).
cost(26, 8, 682288).
cost(26, 9, 577374).
cost(26, 10, 363302).
cost(26, 11, 635934).
cost(26, 12, 390546).
cost(26, 13, 663735).
cost(26, 14, 677287).
cost(26, 15, 113253).
cost(26, 16, 354973).
cost(26, 17, 506602).
cost(26, 18, 551264).
cost(26, 19, 537170).
cost(26, 20, 337637).
cost(26, 21, 714197).
cost(26, 22, 598324).
cost(26, 23, 641835).
cost(26, 24, 463783).
cost(26, 25, 403452).
cost(26, 27, 900670).
cost(26, 28, 628334).
cost(27, 1, 686123).
cost(27, 2, 299311).
cost(27, 3, 210148).
cost(27, 4, 558226).
cost(27, 5, 597952).
cost(27, 6, 412393).
cost(27, 7, 406432).
cost(27, 8, 842717).
cost(27, 9, 519675).
cost(27, 10, 540659).
cost(27, 11, 282226).
cost(27, 12, 510150).
cost(27, 13, 252447).
cost(27, 14, 265828).
cost(27, 15, 888983).
cost(27, 16, 546173).
cost(27, 17, 579844).
cost(27, 18, 476499).
cost(27, 19, 398982).
cost(27, 20, 564763).
cost(27, 21, 330716).
cost(27, 22, 519261).
cost(27, 23, 259453).
cost(27, 24, 457087).
cost(27, 25, 499775).
cost(27, 26, 900670).
cost(27, 28, 297803).
cost(28, 1, 451597).
cost(28, 2, 143581).
cost(28, 3, 502843).
cost(28, 4, 376303).
cost(28, 5, 586131).
cost(28, 6, 114788).
cost(28, 7, 236280).
cost(28, 8, 590476).
cost(28, 9, 434303).
cost(28, 10, 293467).
cost(28, 11, 182631).
cost(28, 12, 249348).
cost(28, 13, 46883).
cost(28, 14, 229306).
cost(28, 15, 601649).
cost(28, 16, 279166).
cost(28, 17, 456444).
cost(28, 18, 369609).
cost(28, 19, 101461).
cost(28, 20, 293035).
cost(28, 21, 344022).
cost(28, 22, 259151).
cost(28, 23, 87855).
cost(28, 24, 166574).
cost(28, 25, 256140).
cost(28, 26, 628334).
cost(28, 27, 297803).
