dimension(28).
point(1, 17092.0, -145227.0).
point(2, -138706.0, -20714.0).
point(3, 64822.0, 329673.0).
point(4, -41209.0, -66331.0).
point(5, 10354.0, 303950.0).
point(6, -132034.0, 43253.0).
point(7, 122829.0, -152879.0).
point(8, 112242.0, -97478.0).
point(9, -100289.0, 390038.0).
point(10, 301315.0, 15290.0).
point(11, -142443.0, 310938.0).
point(12, -56847.0, -203756.0).
point(13, 307494.0, 154453.0).
point(14, -201984.0, -101808.0).
point(15, 120656.0, 109857.0).
point(16, 110589.0, 28116.0).
point(17, 184298.0, 96742.0).
point(18, 212821.0, 57754.0).
point(19, 15399.0, 124708.0).
point(20, 32292.0, -264763.0).
point(21, -200931.0, -28109.0).
point(22, -247764.0, -367911.0).
point(23, -6501.0, 84547.0).
point(24, 103017.0, -20189.0).
point(25, -69189.0, 81959.0).
point(26, -236338.0, 192698.0).
point(27, 2120.0, -286466.0).
point(28, 201431.0, -201897.0).
cost(1, 2, 199440).
cost(1, 3, 477293).
cost(1, 4, 98100).
cost(1, 5, 449228).
cost(1, 6, 240340).
cost(1, 7, 106014).
cost(1, 8, 106459).
cost(1, 9, 547984).
cost(1, 10, 326418).
cost(1, 11, 483258).
cost(1, 12, 94301).
cost(1, 13, 417303).
cost(1, 14, 223337).
cost(1, 15, 275306).
cost(1, 16, 196950).
cost(1, 17, 294120).
cost(1, 18, 281977).
cost(1, 19, 269940).
cost(1, 20, 120499).
cost(1, 21, 247489).
cost(1, 22, 346030).
cost(1, 23, 230982).
cost(1, 24, 151716).
cost(1, 25, 243018).
cost(1, 26, 422398).
cost(1, 27, 142030).
cost(1, 28, 192853).
cost(2, 1, 199440).
cost(2, 3, 405209).
cost(2, 4, 107641).
cost(2, 5, 357247).
cost(2, 6, 64314).
cost(2, 7, 293033).
cost(2, 8, 262426).
cost(2, 9, 412545).
cost(2, 10, 441492).
cost(2, 11, 331673).
cost(2, 12, 200513).
cost(2, 13, 479352).
cost(2, 14, 102861).
cost(2, 15, 290375).
cost(2, 16, 254032).
cost(2, 17, 343697).
cost(2, 18, 360178).
cost(2, 19, 211887).
cost(2, 20, 297994).
cost(2, 21, 62663).
cost(2, 22, 363922).
cost(2, 23, 168991).
cost(2, 24, 241724).
cost(2, 25, 123993).
cost(2, 26, 234684).
cost(2, 27, 300759).
cost(2, 28, 385384).
cost(3, 1, 477293).
cost(3, 2, 405209).
cost(3, 4, 409953).
cost(3, 5, 60236).
cost(3, 6, 347547).
cost(3, 7, 486026).
cost(3, 8, 429775).
cost(3, 9, 175800).
cost(3, 10, 393403).
cost(3, 11, 208110).
cost(3, 12, 547129).
cost(3, 13, 299319).
cost(3, 14, 507308).
cost(3, 15, 226796).
cost(3, 16, 305010).
cost(3, 17, 261785).
cost(3, 18, 309586).
cost(3, 19, 210839).
cost(3, 20, 595325).
cost(3, 21, 445682).
cost(3, 22, 764417).
cost(3, 23, 255291).
cost(3, 24, 351941).
cost(3, 25, 281640).
cost(3, 26, 330847).
cost(3, 27, 619321).
cost(3, 28, 548843).
cost(4, 1, 98100).
cost(4, 2, 107641).
cost(4, 3, 409953).
cost(4, 5, 373854).
cost(4, 6, 142330).
cost(4, 7, 185470).
cost(4, 8, 156580).
cost(4, 9, 460177).
cost(4, 10, 352115).
cost(4, 11, 390615).
cost(4, 12, 138312).
cost(4, 13, 412722).
cost(4, 14, 164643).
cost(4, 15, 239254).
cost(4, 16, 178782).
cost(4, 17, 278292).
cost(4, 18, 282716).
cost(4, 19, 199250).
cost(4, 20, 211607).
cost(4, 21, 164232).
cost(4, 22, 365534).
cost(4, 23, 154819).
cost(4, 24, 151427).
cost(4, 25, 150907).
cost(4, 26, 324301).
cost(4, 27, 224359).
cost(4, 28, 277943).
cost(5, 1, 449228).
cost(5, 2, 357247).
cost(5, 3, 60236).
cost(5, 4, 373854).
cost(5, 6, 297048).
cost(5, 7, 470471).
cost(5, 8, 414156).
cost(5, 9, 140189).
cost(5, 10, 409857).
cost(5, 11, 152957).
cost(5, 12, 512134).
cost(5, 13, 332628).
cost(5, 14, 457960).
cost(5, 15, 223246).
cost(5, 16, 293482).
cost(5, 17, 270540).
cost(5, 18, 318756).
cost(5, 19, 179313).
cost(5, 20, 569136).
cost(5, 21, 393579).
cost(5, 22, 719738).
cost(5, 23, 220049).
cost(5, 24, 337124).
cost(5, 25, 235812).
cost(5, 26, 270618).
cost(5, 27, 590473).
cost(5, 28, 540732).
cost(6, 1, 240340).
cost(6, 2, 64314).
cost(6, 3, 347547).
cost(6, 4, 142330).
cost(6, 5, 297048).
cost(6, 7, 321594).
cost(6, 8, 281915).
cost(6, 9, 348235).
cost(6, 10, 434250).
cost(6, 11, 267887).
cost(6, 12, 258199).
cost(6, 13, 453377).
cost(6, 14, 161046).
cost(6, 15, 261320).
cost(6, 16, 243095).
cost(6, 17, 320822).
cost(6, 18, 345160).
cost(6, 19, 168438).
cost(6, 20, 349109).
cost(6, 21, 99193).
cost(6, 22, 427141).
cost(6, 23, 132150).
cost(6, 24, 243462).
cost(6, 25, 73808).
cost(6, 26, 182245).
cost(6, 27, 355966).
cost(6, 28, 413881).
cost(7, 1, 106014).
cost(7, 2, 293033).
cost(7, 3, 486026).
cost(7, 4, 185470).
cost(7, 5, 470471).
cost(7, 6, 321594).
cost(7, 8, 56404).
cost(7, 9, 586976).
cost(7, 10, 245231).
cost(7, 11, 534318).
cost(7, 12, 186740).
cost(7, 13, 358544).
cost(7, 14, 328803).
cost(7, 15, 262745).
cost(7, 16, 181408).
cost(7, 17, 257078).
cost(7, 18, 229052).
cost(7, 19, 297650).
cost(7, 20, 143927).
cost(7, 21, 346970).
cost(7, 22, 428460).
cost(7, 23, 270365).
cost(7, 24, 134161).
cost(7, 25, 303348).
cost(7, 26, 498422).
cost(7, 27, 180045).
cost(7, 28, 92634).
cost(8, 1, 106459).
cost(8, 2, 262426).
cost(8, 3, 429775).
cost(8, 4, 156580).
cost(8, 5, 414156).
cost(8, 6, 281915).
cost(8, 7, 56404).
cost(8, 9, 531828).
cost(8, 10, 220148).
cost(8, 11, 481319).
cost(8, 12, 199715).
cost(8, 13, 318736).
cost(8, 14, 314256).
cost(8, 15, 207506).
cost(8, 16, 125605).
cost(8, 17, 207156).
cost(8, 18, 184968).
cost(8, 19, 242374).
cost(8, 20, 185408).
cost(8, 21, 320764).
cost(8, 22, 450265).
cost(8, 23, 217332).
cost(8, 24, 77838).
cost(8, 25, 255176).
cost(8, 26, 453553).
cost(8, 27, 218731).
cost(8, 28, 137324).
cost(9, 1, 547984).
cost(9, 2, 412545).
cost(9, 3, 175800).
cost(9, 4, 460177).
cost(9, 5, 140189).
cost(9, 6, 348235).
cost(9, 7, 586976).
cost(9, 8, 531828).
cost(9, 10, 549292).
cost(9, 11, 89631).
cost(9, 12, 595381).
cost(9, 13, 470943).
cost(9, 14, 502249).
cost(9, 15, 356817).
cost(9, 16, 418876).
cost(9, 17, 408671).
cost(9, 18, 456564).
cost(9, 19, 289454).
cost(9, 20, 668088).
cost(9, 21, 430088).
cost(9, 22, 772163).
cost(9, 23, 319564).
cost(9, 24, 457842).
cost(9, 25, 309645).
cost(9, 26, 239692).
cost(9, 27, 684211).
cost(9, 28, 664396).
cost(10, 1, 326418).
cost(10, 2, 441492).
cost(10, 3, 393403).
cost(10, 4, 352115).
cost(10, 5, 409857).
cost(10, 6, 434250).
cost(10, 7, 245231).
cost(10, 8, 220148).
cost(10, 9, 549292).
cost(10, 11, 533225).
cost(10, 12, 419835).
cost(10, 13, 139300).
cost(10, 14, 516742).
cost(10, 15, 203913).
cost(10, 16, 191157).
cost(10, 17, 142574).
cost(10, 18, 98155).
cost(10, 19, 306138).
cost(10, 20, 388334).
cost(10, 21, 504118).
cost(10, 22, 669575).
cost(10, 23, 315511).
cost(10, 24, 201447).
cost(10, 25, 376454).
cost(10, 26, 566166).
cost(10, 27, 424940).
cost(10, 28, 239054).
cost(11, 1, 483258).
cost(11, 2, 331673).
cost(11, 3, 208110).
cost(11, 4, 390615).
cost(11, 5, 152957).
cost(11, 6, 267887).
cost(11, 7, 534318).
cost(11, 8, 481319).
cost(11, 9, 89631).
cost(11, 10, 533225).
cost(11, 12, 521763).
cost(11, 13, 476373).
cost(11, 14, 417018).
cost(11, 15, 331141).
cost(11, 16, 379491).
cost(11, 17, 390691).
cost(11, 18, 436251).
cost(11, 19, 244122).
cost(11, 20, 601634).
cost(11, 21, 344055).
cost(11, 22, 686971).
cost(11, 23, 264070).
cost(11, 24, 412184).
cost(11, 25, 240411).
cost(11, 26, 150987).
cost(11, 27, 614646).
cost(11, 28, 617454).
cost(12, 1, 94301).
cost(12, 2, 200513).
cost(12, 3, 547129).
cost(12, 4, 138312).
cost(12, 5, 512134).
cost(12, 6, 258199).
cost(12, 7, 186740).
cost(12, 8, 199715).
cost(12, 9, 595381).
cost(12, 10, 419835).
cost(12, 11, 521763).
cost(12, 13, 510938).
cost(12, 14, 177364).
cost(12, 15, 360362).
cost(12, 16, 286006).
cost(12, 17, 385292).
cost(12, 18, 375644).
cost(12, 19, 336315).
cost(12, 20, 108017).
cost(12, 21, 227183).
cost(12, 22, 251786).
cost(12, 23, 292666).
cost(12, 24, 243420).
cost(12, 25, 285981).
cost(12, 26, 435193).
cost(12, 27, 101578).
cost(12, 28, 258285).
cost(13, 1, 417303).
cost(13, 2, 479352).
cost(13, 3, 299319).
cost(13, 4, 412722).
cost(13, 5, 332628).
cost(13, 6, 453377).
cost(13, 7, 358544).
cost(13, 8, 318736).
cost(13, 9, 470943).
cost(13, 10, 139300).
cost(13, 11, 476373).
cost(13, 12, 510938).
cost(13, 14, 570296).
cost(13, 15, 192087).
cost(13, 16, 233950).
cost(13, 17, 136043).
cost(13, 18, 135328).
cost(13, 19, 293606).
cost(13, 20, 501476).
cost(13, 21, 540208).
cost(13, 22, 762349).
cost(13, 23, 321683).
cost(13, 24, 268906).
cost(13, 25, 383595).
cost(13, 26, 545175).
cost(13, 27, 536342).
cost(13, 28, 371799).
cost(14, 1, 223337).
cost(14, 2, 102861).
cost(14, 3, 507308).
cost(14, 4, 164643).
cost(14, 5, 457960).
cost(14, 6, 161046).
cost(14, 7, 328803).
cost(14, 8, 314256).
cost(14, 9, 502249).
cost(14, 10, 516742).
cost(14, 11, 417018).
cost(14, 12, 177364).
cost(14, 13, 570296).
cost(14, 15, 385874).
cost(14, 16, 338500).
cost(14, 17, 434322).
cost(14, 18, 444436).
cost(14, 19, 313950).
cost(14, 20, 285376).
cost(14, 21, 73707).
cost(14, 22, 270012).
cost(14, 23, 270077).
cost(14, 24, 315733).
cost(14, 25, 226726).
cost(14, 26, 296503).
cost(14, 27, 275240).
cost(14, 28, 415646).
cost(15, 1, 275306).
cost(15, 2, 290375).
cost(15, 3, 226796).
cost(15, 4, 239254).
cost(15, 5, 223246).
cost(15, 6, 261320).
cost(15, 7, 262745).
cost(15, 8, 207506).
cost(15, 9, 356817).
cost(15, 10, 203913).
cost(15, 11, 331141).
cost(15, 12, 360362).
cost(15, 13, 192087).
cost(15, 14, 385874).
cost(15, 16, 82359).
cost(15, 17, 64979).
cost(15, 18, 105873).
cost(15, 19, 106300).
cost(15, 20, 384900).
cost(15, 21, 349933).
cost(15, 22, 603320).
cost(15, 23, 129651).
cost(15, 24, 131237).
cost(15, 25, 191884).
cost(15, 26, 366480).
cost(15, 27, 413670).
cost(15, 28, 322048).
cost(16, 1, 196950).
cost(16, 2, 254032).
cost(16, 3, 305010).
cost(16, 4, 178782).
cost(16, 5, 293482).
cost(16, 6, 243095).
cost(16, 7, 181408).
cost(16, 8, 125605).
cost(16, 9, 418876).
cost(16, 10, 191157).
cost(16, 11, 379491).
cost(16, 12, 286006).
cost(16, 13, 233950).
cost(16, 14, 338500).
cost(16, 15, 82359).
cost(16, 17, 100710).
cost(16, 18, 106441).
cost(16, 19, 135614).
cost(16, 20, 303164).
cost(16, 21, 316553).
cost(16, 22, 534092).
cost(16, 23, 129979).
cost(16, 24, 48895).
cost(16, 25, 187668).
cost(16, 26, 383986).
cost(16, 27, 332757).
cost(16, 28, 247302).
cost(17, 1, 294120).
cost(17, 2, 343697).
cost(17, 3, 261785).
cost(17, 4, 278292).
cost(17, 5, 270540).
cost(17, 6, 320822).
cost(17, 7, 257078).
cost(17, 8, 207156).
cost(17, 9, 408671).
cost(17, 10, 142574).
cost(17, 11, 390691).
cost(17, 12, 385292).
cost(17, 13, 136043).
cost(17, 14, 434322).
cost(17, 15, 64979).
cost(17, 16, 100710).
cost(17, 18, 48308).
cost(17, 19, 171199).
cost(17, 20, 392163).
cost(17, 21, 404956).
cost(17, 22, 634492).
cost(17, 23, 191188).
cost(17, 24, 142406).
cost(17, 25, 253918).
cost(17, 26, 431442).
cost(17, 27, 424308).
cost(17, 28, 299130).
cost(18, 1, 281977).
cost(18, 2, 360178).
cost(18, 3, 309586).
cost(18, 4, 282716).
cost(18, 5, 318756).
cost(18, 6, 345160).
cost(18, 7, 229052).
cost(18, 8, 184968).
cost(18, 9, 456564).
cost(18, 10, 98155).
cost(18, 11, 436251).
cost(18, 12, 375644).
cost(18, 13, 135328).
cost(18, 14, 444436).
cost(18, 15, 105873).
cost(18, 16, 106441).
cost(18, 17, 48308).
cost(18, 19, 208467).
cost(18, 20, 369605).
cost(18, 21, 422567).
cost(18, 22, 627160).
cost(18, 23, 220952).
cost(18, 24, 134655).
cost(18, 25, 283047).
cost(18, 26, 468992).
cost(18, 27, 403587).
cost(18, 28, 259901).
cost(19, 1, 269940).
cost(19, 2, 211887).
cost(19, 3, 210839).
cost(19, 4, 199250).
cost(19, 5, 179313).
cost(19, 6, 168438).
cost(19, 7, 297650).
cost(19, 8, 242374).
cost(19, 9, 289454).
cost(19, 10, 306138).
cost(19, 11, 244122).
cost(19, 12, 336315).
cost(19, 13, 293606).
cost(19, 14, 313950).
cost(19, 15, 106300).
cost(19, 16, 135614).
cost(19, 17, 171199).
cost(19, 18, 208467).
cost(19, 20, 389837).
cost(19, 21, 264862).
cost(19, 22, 558505).
cost(19, 23, 45744).
cost(19, 24, 169328).
cost(19, 25, 94777).
cost(19, 26, 260757).
cost(19, 27, 411388).
cost(19, 28, 375871).
cost(20, 1, 120499).
cost(20, 2, 297994).
cost(20, 3, 595325).
cost(20, 4, 211607).
cost(20, 5, 569136).
cost(20, 6, 349109).
cost(20, 7, 143927).
cost(20, 8, 185408).
cost(20, 9, 668088).
cost(20, 10, 388334).
cost(20, 11, 601634).
cost(20, 12, 108017).
cost(20, 13, 501476).
cost(20, 14, 285376).
cost(20, 15, 384900).
cost(20, 16, 303164).
cost(20, 17, 392163).
cost(20, 18, 369605).
cost(20, 19, 389837).
cost(20, 21, 332262).
cost(20, 22, 298447).
cost(20, 23, 351457).
cost(20, 24, 254595).
cost(20, 25, 361268).
cost(20, 26, 530502).
cost(20, 27, 37167).
cost(20, 28, 180444).
cost(21, 1, 247489).
cost(21, 2, 62663).
cost(21, 3, 445682).
cost(21, 4, 164232).
cost(21, 5, 393579).
cost(21, 6, 99193).
cost(21, 7, 346970).
cost(21, 8, 320764).
cost(21, 9, 430088).
cost(21, 10, 504118).
cost(21, 11, 344055).
cost(21, 12, 227183).
cost(21, 13, 540208).
cost(21, 14, 73707).
cost(21, 15, 349933).
cost(21, 16, 316553).
cost(21, 17, 404956).
cost(21, 18, 422567).
cost(21, 19, 264862).
cost(21, 20, 332262).
cost(21, 22, 343014).
cost(21, 23, 224710).
cost(21, 24, 304051).
cost(21, 25, 171671).
cost(21, 26, 223628).
cost(21, 27, 328600).
cost(21, 28, 438289).
cost(22, 1, 346030).
cost(22, 2, 363922).
cost(22, 3, 764417).
cost(22, 4, 365534).
cost(22, 5, 719738).
cost(22, 6, 427141).
cost(22, 7, 428460).
cost(22, 8, 450265).
cost(22, 9, 772163).
cost(22, 10, 669575).
cost(22, 11, 686971).
cost(22, 12, 251786).
cost(22, 13, 762349).
cost(22, 14, 270012).
cost(22, 15, 603320).
cost(22, 16, 534092).
cost(22, 17, 634492).
cost(22, 18, 627160).
cost(22, 19, 558505).
cost(22, 20, 298447).
cost(22, 21, 343014).
cost(22, 23, 512763).
cost(22, 24, 493921).
cost(22, 25, 484017).
cost(22, 26, 560725).
cost(22, 27, 262822).
cost(22, 28, 478891).
cost(23, 1, 230982).
cost(23, 2, 168991).
cost(23, 3, 255291).
cost(23, 4, 154819).
cost(23, 5, 220049).
cost(23, 6, 132150).
cost(23, 7, 270365).
cost(23, 8, 217332).
cost(23, 9, 319564).
cost(23, 10, 315511).
cost(23, 11, 264070).
cost(23, 12, 292666).
cost(23, 13, 321683).
cost(23, 14, 270077).
cost(23, 15, 129651).
cost(23, 16, 129979).
cost(23, 17, 191188).
cost(23, 18, 220952).
cost(23, 19, 45744).
cost(23, 20, 351457).
cost(23, 21, 224710).
cost(23, 22, 512763).
cost(23, 24, 151538).
cost(23, 25, 62741).
cost(23, 26, 254011).
cost(23, 27, 371113).
cost(23, 28, 353957).
cost(24, 1, 151716).
cost(24, 2, 241724).
cost(24, 3, 351941).
cost(24, 4, 151427).
cost(24, 5, 337124).
cost(24, 6, 243462).
cost(24, 7, 134161).
cost(24, 8, 77838).
cost(24, 9, 457842).
cost(24, 10, 201447).
cost(24, 11, 412184).
cost(24, 12, 243420).
cost(24, 13, 268906).
cost(24, 14, 315733).
cost(24, 15, 131237).
cost(24, 16, 48895).
cost(24, 17, 142406).
cost(24, 18, 134655).
cost(24, 19, 169328).
cost(24, 20, 254595).
cost(24, 21, 304051).
cost(24, 22, 493921).
cost(24, 23, 151538).
cost(24, 25, 200223).
cost(24, 26, 400603).
cost(24, 27, 284752).
cost(24, 28, 206647).
cost(25, 1, 243018).
cost(25, 2, 123993).
cost(25, 3, 281640).
cost(25, 4, 150907).
cost(25, 5, 235812).
cost(25, 6, 73808).
cost(25, 7, 303348).
cost(25, 8, 255176).
cost(25, 9, 309645).
cost(25, 10, 376454).
cost(25, 11, 240411).
cost(25, 12, 285981).
cost(25, 13, 383595).
cost(25, 14, 226726).
cost(25, 15, 191884).
cost(25, 16, 187668).
cost(25, 17, 253918).
cost(25, 18, 283047).
cost(25, 19, 94777).
cost(25, 20, 361268).
cost(25, 21, 171671).
cost(25, 22, 484017).
cost(25, 23, 62741).
cost(25, 24, 200223).
cost(25, 26, 200504).
cost(25, 27, 375263).
cost(25, 28, 392185).
cost(26, 1, 422398).
cost(26, 2, 234684).
cost(26, 3, 330847).
cost(26, 4, 324301).
cost(26, 5, 270618).
cost(26, 6, 182245).
cost(26, 7, 498422).
cost(26, 8, 453553).
cost(26, 9, 239692).
cost(26, 10, 566166).
cost(26, 11, 150987).
cost(26, 12, 435193).
cost(26, 13, 545175).
cost(26, 14, 296503).
cost(26, 15, 366480).
cost(26, 16, 383986).
cost(26, 17, 431442).
cost(26, 18, 468992).
cost(26, 19, 260757).
cost(26, 20, 530502).
cost(26, 21, 223628).
cost(26, 22, 560725).
cost(26, 23, 254011).
cost(26, 24, 400603).
cost(26, 25, 200504).
cost(26, 27, 535220).
cost(26, 28, 589361).
cost(27, 1, 142030).
cost(27, 2, 300759).
cost(27, 3, 619321).
cost(27, 4, 224359).
cost(27, 5, 590473).
cost(27, 6, 355966).
cost(27, 7, 180045).
cost(27, 8, 218731).
cost(27, 9, 684211).
cost(27, 10, 424940).
cost(27, 11, 614646).
cost(27, 12, 101578).
cost(27, 13, 536342).
cost(27, 14, 275240).
cost(27, 15, 413670).
cost(27, 16, 332757).
cost(27, 17, 424308).
cost(27, 18, 403587).
cost(27, 19, 411388).
cost(27, 20, 37167).
cost(27, 21, 328600).
cost(27, 22, 262822).
cost(27, 23, 371113).
cost(27, 24, 284752).
cost(27, 25, 375263).
cost(27, 26, 535220).
cost(27, 28, 216510).
cost(28, 1, 192853).
cost(28, 2, 385384).
cost(28, 3, 548843).
cost(28, 4, 277943).
cost(28, 5, 540732).
cost(28, 6, 413881).
cost(28, 7, 92634).
cost(28, 8, 137324).
cost(28, 9, 664396).
cost(28, 10, 239054).
cost(28, 11, 617454).
cost(28, 12, 258285).
cost(28, 13, 371799).
cost(28, 14, 415646).
cost(28, 15, 322048).
cost(28, 16, 247302).
cost(28, 17, 299130).
cost(28, 18, 259901).
cost(28, 19, 375871).
cost(28, 20, 180444).
cost(28, 21, 438289).
cost(28, 22, 478891).
cost(28, 23, 353957).
cost(28, 24, 206647).
cost(28, 25, 392185).
cost(28, 26, 589361).
cost(28, 27, 216510).
