dimension(28).
point(1, 234188.0, 78666.0).
point(2, -218754.0, 356350.0).
point(3, 128646.0, 467465.0).
point(4, 125564.0, 87058.0).
point(5, 74018.0, 142020.0).
point(6, -153077.0, 157158.0).
point(7, -52486.0, 263335.0).
point(8, -309243.0, -282990.0).
point(9, 108816.0, 213193.0).
point(10, 230955.0, 147694.0).
point(11, 319642.0, -218875.0).
point(12, 96954.0, -318102.0).
point(13, -60837.0, -59388.0).
point(14, 72371.0, 235263.0).
point(15, 140070.0, -464727.0).
point(16, -6673.0, 253497.0).
point(17, 36287.0, -78527.0).
point(18, -11145.0, 4736.0).
point(19, 258330.0, 20858.0).
point(20, 89707.0, -11843.0).
point(21, -165743.0, -43315.0).
point(22, 211827.0, -93815.0).
point(23, 206086.0, 188750.0).
point(24, 14915.0, 471425.0).
point(25, 64412.0, -97283.0).
point(26, -290441.0, -68661.0).
point(27, -219515.0, -93151.0).
point(28, -241814.0, -59561.0).
cost(1, 2, 531286).
cost(1, 3, 402869).
cost(1, 4, 108948).
cost(1, 5, 172244).
cost(1, 6, 395139).
cost(1, 7, 341005).
cost(1, 8, 652773).
cost(1, 9, 183890).
cost(1, 10, 69104).
cost(1, 11, 309569).
cost(1, 12, 419831).
cost(1, 13, 325728).
cost(1, 14, 225183).
cost(1, 15, 551484).
cost(1, 16, 297624).
cost(1, 17, 252734).
cost(1, 18, 256230).
cost(1, 19, 62647).
cost(1, 20, 170489).
cost(1, 21, 418120).
cost(1, 22, 173924).
cost(1, 23, 113614).
cost(1, 24, 449822).
cost(1, 25, 244503).
cost(1, 26, 544923).
cost(1, 27, 485147).
cost(1, 28, 495666).
cost(2, 1, 531286).
cost(2, 3, 364737).
cost(2, 4, 437119).
cost(2, 5, 362840).
cost(2, 6, 209740).
cost(2, 7, 190517).
cost(2, 8, 645712).
cost(2, 9, 357486).
cost(2, 10, 495758).
cost(2, 11, 787879).
cost(2, 12, 744686).
cost(2, 13, 444720).
cost(2, 14, 315303).
cost(2, 15, 896059).
cost(2, 16, 235706).
cost(2, 17, 504147).
cost(2, 18, 408331).
cost(2, 19, 583236).
cost(2, 20, 480327).
cost(2, 21, 403165).
cost(2, 22, 622935).
cost(2, 23, 456704).
cost(2, 24, 260468).
cost(2, 25, 534758).
cost(2, 26, 431014).
cost(2, 27, 449502).
cost(2, 28, 416550).
cost(3, 1, 402869).
cost(3, 2, 364737).
cost(3, 4, 380419).
cost(3, 5, 329998).
cost(3, 6, 419116).
cost(3, 7, 272906).
cost(3, 8, 868867).
cost(3, 9, 255044).
cost(3, 10, 335739).
cost(3, 11, 712420).
cost(3, 12, 786206).
cost(3, 13, 559891).
cost(3, 14, 238924).
cost(3, 15, 932262).
cost(3, 16, 253167).
cost(3, 17, 553749).
cost(3, 18, 483384).
cost(3, 19, 465055).
cost(3, 20, 480887).
cost(3, 21, 589543).
cost(3, 22, 567410).
cost(3, 23, 289273).
cost(3, 24, 113800).
cost(3, 25, 568389).
cost(3, 26, 680489).
cost(3, 27, 659929).
cost(3, 28, 644203).
cost(4, 1, 108948).
cost(4, 2, 437119).
cost(4, 3, 380419).
cost(4, 5, 75351).
cost(4, 6, 287324).
cost(4, 7, 250550).
cost(4, 8, 570958).
cost(4, 9, 127242).
cost(4, 10, 121589).
cost(4, 11, 362300).
cost(4, 12, 406169).
cost(4, 13, 237048).
cost(4, 14, 157462).
cost(4, 15, 551976).
cost(4, 16, 212576).
cost(4, 17, 188119).
cost(4, 18, 159582).
cost(4, 19, 148355).
cost(4, 20, 105200).
cost(4, 21, 319150).
cost(4, 22, 200390).
cost(4, 23, 129711).
cost(4, 24, 399976).
cost(4, 25, 194219).
cost(4, 26, 444194).
cost(4, 27, 389300).
cost(4, 28, 395555).
cost(5, 1, 172244).
cost(5, 2, 362840).
cost(5, 3, 329998).
cost(5, 4, 75351).
cost(5, 6, 227599).
cost(5, 7, 175273).
cost(5, 8, 572296).
cost(5, 9, 79224).
cost(5, 10, 157040).
cost(5, 11, 436551).
cost(5, 12, 460693).
cost(5, 13, 242386).
cost(5, 14, 93258).
cost(5, 15, 610332).
cost(5, 16, 137616).
cost(5, 17, 223751).
cost(5, 18, 161554).
cost(5, 19, 220570).
cost(5, 20, 154661).
cost(5, 21, 303042).
cost(5, 22, 273147).
cost(5, 23, 140092).
cost(5, 24, 334665).
cost(5, 25, 239496).
cost(5, 26, 420971).
cost(5, 27, 376121).
cost(5, 28, 374680).
cost(6, 1, 395139).
cost(6, 2, 209740).
cost(6, 3, 419116).
cost(6, 4, 287324).
cost(6, 5, 227599).
cost(6, 7, 146260).
cost(6, 8, 467031).
cost(6, 9, 267821).
cost(6, 10, 384149).
cost(6, 11, 604040).
cost(6, 12, 537017).
cost(6, 13, 235373).
cost(6, 14, 238594).
cost(6, 15, 687514).
cost(6, 16, 175258).
cost(6, 17, 302334).
cost(6, 18, 208272).
cost(6, 19, 433398).
cost(6, 20, 295813).
cost(6, 21, 200873).
cost(6, 22, 442880).
cost(6, 23, 360550).
cost(6, 24, 356350).
cost(6, 25, 334726).
cost(6, 26, 264316).
cost(6, 27, 258976).
cost(6, 28, 234182).
cost(7, 1, 341005).
cost(7, 2, 190517).
cost(7, 3, 272906).
cost(7, 4, 250550).
cost(7, 5, 175273).
cost(7, 6, 146260).
cost(7, 8, 603652).
cost(7, 9, 168916).
cost(7, 10, 306124).
cost(7, 11, 609102).
cost(7, 12, 600334).
cost(7, 13, 322831).
cost(7, 14, 127974).
cost(7, 15, 753095).
cost(7, 16, 46857).
cost(7, 17, 353200).
cost(7, 18, 261883).
cost(7, 19, 394210).
cost(7, 20, 309745).
cost(7, 21, 326897).
cost(7, 22, 444317).
cost(7, 23, 269114).
cost(7, 24, 218733).
cost(7, 25, 379092).
cost(7, 26, 408465).
cost(7, 27, 393676).
cost(7, 28, 374309).
cost(8, 1, 652773).
cost(8, 2, 645712).
cost(8, 3, 868867).
cost(8, 4, 570958).
cost(8, 5, 572296).
cost(8, 6, 467031).
cost(8, 7, 603652).
cost(8, 9, 648823).
cost(8, 10, 690871).
cost(8, 11, 632145).
cost(8, 12, 407712).
cost(8, 13, 334221).
cost(8, 14, 643596).
cost(8, 15, 484676).
cost(8, 16, 615928).
cost(8, 17, 401492).
cost(8, 18, 414305).
cost(8, 19, 643788).
cost(8, 20, 482371).
cost(8, 21, 279350).
cost(8, 22, 554347).
cost(8, 23, 698643).
cost(8, 24, 821109).
cost(8, 25, 417259).
cost(8, 26, 215152).
cost(8, 27, 209976).
cost(8, 28, 233382).
cost(9, 1, 183890).
cost(9, 2, 357486).
cost(9, 3, 255044).
cost(9, 4, 127242).
cost(9, 5, 79224).
cost(9, 6, 267821).
cost(9, 7, 168916).
cost(9, 8, 648823).
cost(9, 10, 138593).
cost(9, 11, 480760).
cost(9, 12, 531427).
cost(9, 13, 321065).
cost(9, 14, 42607).
cost(9, 15, 678640).
cost(9, 16, 122320).
cost(9, 17, 300601).
cost(9, 18, 240510).
cost(9, 19, 243613).
cost(9, 20, 225846).
cost(9, 21, 375738).
cost(9, 22, 323829).
cost(9, 23, 100294).
cost(9, 24, 274775).
cost(9, 25, 313635).
cost(9, 26, 488721).
cost(9, 27, 449052).
cost(9, 28, 444225).
cost(10, 1, 69104).
cost(10, 2, 495758).
cost(10, 3, 335739).
cost(10, 4, 121589).
cost(10, 5, 157040).
cost(10, 6, 384149).
cost(10, 7, 306124).
cost(10, 8, 690871).
cost(10, 9, 138593).
cost(10, 11, 377145).
cost(10, 12, 484688).
cost(10, 13, 357807).
cost(10, 14, 181155).
cost(10, 15, 619128).
cost(10, 16, 260118).
cost(10, 17, 298449).
cost(10, 18, 281157).
cost(10, 19, 129757).
cost(10, 20, 213080).
cost(10, 21, 440288).
cost(10, 22, 242265).
cost(10, 23, 48001).
cost(10, 24, 389198).
cost(10, 25, 296227).
cost(10, 26, 564503).
cost(10, 27, 510813).
cost(10, 28, 516203).
cost(11, 1, 309569).
cost(11, 2, 787879).
cost(11, 3, 712420).
cost(11, 4, 362300).
cost(11, 5, 436551).
cost(11, 6, 604040).
cost(11, 7, 609102).
cost(11, 8, 632145).
cost(11, 9, 480760).
cost(11, 10, 377145).
cost(11, 12, 243795).
cost(11, 13, 412553).
cost(11, 14, 517092).
cost(11, 15, 304449).
cost(11, 16, 574123).
cost(11, 17, 316208).
cost(11, 18, 399277).
cost(11, 19, 247449).
cost(11, 20, 309406).
cost(11, 21, 516159).
cost(11, 22, 165118).
cost(11, 23, 423147).
cost(11, 24, 754568).
cost(11, 25, 282714).
cost(11, 26, 628304).
cost(11, 27, 553622).
cost(11, 28, 583621).
cost(12, 1, 419831).
cost(12, 2, 744686).
cost(12, 3, 786206).
cost(12, 4, 406169).
cost(12, 5, 460693).
cost(12, 6, 537017).
cost(12, 7, 600334).
cost(12, 8, 407712).
cost(12, 9, 531427).
cost(12, 10, 484688).
cost(12, 11, 243795).
cost(12, 13, 303036).
cost(12, 14, 553911).
cost(12, 15, 152833).
cost(12, 16, 580916).
cost(12, 17, 247137).
cost(12, 18, 340455).
cost(12, 19, 375415).
cost(12, 20, 306345).
cost(12, 21, 380155).
cost(12, 22, 251993).
cost(12, 23, 518468).
cost(12, 24, 793778).
cost(12, 25, 223204).
cost(12, 26, 460756).
cost(12, 27, 388273).
cost(12, 28, 426154).
cost(13, 1, 325728).
cost(13, 2, 444720).
cost(13, 3, 559891).
cost(13, 4, 237048).
cost(13, 5, 242386).
cost(13, 6, 235373).
cost(13, 7, 322831).
cost(13, 8, 334221).
cost(13, 9, 321065).
cost(13, 10, 357807).
cost(13, 11, 412553).
cost(13, 12, 303036).
cost(13, 14, 323363).
cost(13, 15, 452397).
cost(13, 16, 317539).
cost(13, 17, 98992).
cost(13, 18, 81124).
cost(13, 19, 329100).
cost(13, 20, 157873).
cost(13, 21, 106130).
cost(13, 22, 274829).
cost(13, 23, 364445).
cost(13, 24, 536191).
cost(13, 25, 130856).
cost(13, 26, 229791).
cost(13, 27, 162230).
cost(13, 28, 180977).
cost(14, 1, 225183).
cost(14, 2, 315303).
cost(14, 3, 238924).
cost(14, 4, 157462).
cost(14, 5, 93258).
cost(14, 6, 238594).
cost(14, 7, 127974).
cost(14, 8, 643596).
cost(14, 9, 42607).
cost(14, 10, 181155).
cost(14, 11, 517092).
cost(14, 12, 553911).
cost(14, 13, 323363).
cost(14, 15, 703256).
cost(14, 16, 81120).
cost(14, 17, 315858).
cost(14, 18, 245189).
cost(14, 19, 283814).
cost(14, 20, 247713).
cost(14, 21, 366475).
cost(14, 22, 357408).
cost(14, 23, 141574).
cost(14, 24, 243051).
cost(14, 25, 332641).
cost(14, 26, 473289).
cost(14, 27, 439378).
cost(14, 28, 430852).
cost(15, 1, 551484).
cost(15, 2, 896059).
cost(15, 3, 932262).
cost(15, 4, 551976).
cost(15, 5, 610332).
cost(15, 6, 687514).
cost(15, 7, 753095).
cost(15, 8, 484676).
cost(15, 9, 678640).
cost(15, 10, 619128).
cost(15, 11, 304449).
cost(15, 12, 152833).
cost(15, 13, 452397).
cost(15, 14, 703256).
cost(15, 16, 733062).
cost(15, 17, 399902).
cost(15, 18, 493215).
cost(15, 19, 499778).
cost(15, 20, 455676).
cost(15, 21, 520682).
cost(15, 22, 377789).
cost(15, 23, 656803).
cost(15, 24, 944481).
cost(15, 25, 375152).
cost(15, 26, 584985).
cost(15, 27, 517078).
cost(15, 28, 556772).
cost(16, 1, 297624).
cost(16, 2, 235706).
cost(16, 3, 253167).
cost(16, 4, 212576).
cost(16, 5, 137616).
cost(16, 6, 175258).
cost(16, 7, 46857).
cost(16, 8, 615928).
cost(16, 9, 122320).
cost(16, 10, 260118).
cost(16, 11, 574123).
cost(16, 12, 580916).
cost(16, 13, 317539).
cost(16, 14, 81120).
cost(16, 15, 733062).
cost(16, 17, 334792).
cost(16, 18, 248801).
cost(16, 19, 352629).
cost(16, 20, 282302).
cost(16, 21, 336750).
cost(16, 22, 410327).
cost(16, 23, 222393).
cost(16, 24, 218995).
cost(16, 25, 357910).
cost(16, 26, 429313).
cost(16, 27, 406776).
cost(16, 28, 391531).
cost(17, 1, 252734).
cost(17, 2, 504147).
cost(17, 3, 553749).
cost(17, 4, 188119).
cost(17, 5, 223751).
cost(17, 6, 302334).
cost(17, 7, 353200).
cost(17, 8, 401492).
cost(17, 9, 300601).
cost(17, 10, 298449).
cost(17, 11, 316208).
cost(17, 12, 247137).
cost(17, 13, 98992).
cost(17, 14, 315858).
cost(17, 15, 399902).
cost(17, 16, 334792).
cost(17, 18, 95825).
cost(17, 19, 243270).
cost(17, 20, 85443).
cost(17, 21, 205076).
cost(17, 22, 176204).
cost(17, 23, 316652).
cost(17, 24, 550367).
cost(17, 25, 33805).
cost(17, 26, 326877).
cost(17, 27, 256220).
cost(17, 28, 278747).
cost(18, 1, 256230).
cost(18, 2, 408331).
cost(18, 3, 483384).
cost(18, 4, 159582).
cost(18, 5, 161554).
cost(18, 6, 208272).
cost(18, 7, 261883).
cost(18, 8, 414305).
cost(18, 9, 240510).
cost(18, 10, 281157).
cost(18, 11, 399277).
cost(18, 12, 340455).
cost(18, 13, 81124).
cost(18, 14, 245189).
cost(18, 15, 493215).
cost(18, 16, 248801).
cost(18, 17, 95825).
cost(18, 19, 269957).
cost(18, 20, 102206).
cost(18, 21, 161893).
cost(18, 22, 243780).
cost(18, 23, 284694).
cost(18, 24, 467416).
cost(18, 25, 126952).
cost(18, 26, 288779).
cost(18, 27, 230217).
cost(18, 28, 239463).
cost(19, 1, 62647).
cost(19, 2, 583236).
cost(19, 3, 465055).
cost(19, 4, 148355).
cost(19, 5, 220570).
cost(19, 6, 433398).
cost(19, 7, 394210).
cost(19, 8, 643788).
cost(19, 9, 243613).
cost(19, 10, 129757).
cost(19, 11, 247449).
cost(19, 12, 375415).
cost(19, 13, 329100).
cost(19, 14, 283814).
cost(19, 15, 499778).
cost(19, 16, 352629).
cost(19, 17, 243270).
cost(19, 18, 269957).
cost(19, 20, 171765).
cost(19, 21, 428901).
cost(19, 22, 123743).
cost(19, 23, 175833).
cost(19, 24, 512115).
cost(19, 25, 227072).
cost(19, 26, 556025).
cost(19, 27, 491257).
cost(19, 28, 506568).
cost(20, 1, 170489).
cost(20, 2, 480327).
cost(20, 3, 480887).
cost(20, 4, 105200).
cost(20, 5, 154661).
cost(20, 6, 295813).
cost(20, 7, 309745).
cost(20, 8, 482371).
cost(20, 9, 225846).
cost(20, 10, 213080).
cost(20, 11, 309406).
cost(20, 12, 306345).
cost(20, 13, 157873).
cost(20, 14, 247713).
cost(20, 15, 455676).
cost(20, 16, 282302).
cost(20, 17, 85443).
cost(20, 18, 102206).
cost(20, 19, 171765).
cost(20, 21, 257381).
cost(20, 22, 147081).
cost(20, 23, 231909).
cost(20, 24, 489021).
cost(20, 25, 89106).
cost(20, 26, 384371).
cost(20, 27, 319733).
cost(20, 28, 334938).
cost(21, 1, 418120).
cost(21, 2, 403165).
cost(21, 3, 589543).
cost(21, 4, 319150).
cost(21, 5, 303042).
cost(21, 6, 200873).
cost(21, 7, 326897).
cost(21, 8, 279350).
cost(21, 9, 375738).
cost(21, 10, 440288).
cost(21, 11, 516159).
cost(21, 12, 380155).
cost(21, 13, 106130).
cost(21, 14, 366475).
cost(21, 15, 520682).
cost(21, 16, 336750).
cost(21, 17, 205076).
cost(21, 18, 161893).
cost(21, 19, 428901).
cost(21, 20, 257381).
cost(21, 22, 380932).
cost(21, 23, 438305).
cost(21, 24, 545522).
cost(21, 25, 236398).
cost(21, 26, 127248).
cost(21, 27, 73315).
cost(21, 28, 77786).
cost(22, 1, 173924).
cost(22, 2, 622935).
cost(22, 3, 567410).
cost(22, 4, 200390).
cost(22, 5, 273147).
cost(22, 6, 442880).
cost(22, 7, 444317).
cost(22, 8, 554347).
cost(22, 9, 323829).
cost(22, 10, 242265).
cost(22, 11, 165118).
cost(22, 12, 251993).
cost(22, 13, 274829).
cost(22, 14, 357408).
cost(22, 15, 377789).
cost(22, 16, 410327).
cost(22, 17, 176204).
cost(22, 18, 243780).
cost(22, 19, 123743).
cost(22, 20, 147081).
cost(22, 21, 380932).
cost(22, 23, 282623).
cost(22, 24, 598557).
cost(22, 25, 147456).
cost(22, 26, 502897).
cost(22, 27, 431343).
cost(22, 28, 454932).
cost(23, 1, 113614).
cost(23, 2, 456704).
cost(23, 3, 289273).
cost(23, 4, 129711).
cost(23, 5, 140092).
cost(23, 6, 360550).
cost(23, 7, 269114).
cost(23, 8, 698643).
cost(23, 9, 100294).
cost(23, 10, 48001).
cost(23, 11, 423147).
cost(23, 12, 518468).
cost(23, 13, 364445).
cost(23, 14, 141574).
cost(23, 15, 656803).
cost(23, 16, 222393).
cost(23, 17, 316652).
cost(23, 18, 284694).
cost(23, 19, 175833).
cost(23, 20, 231909).
cost(23, 21, 438305).
cost(23, 22, 282623).
cost(23, 24, 341250).
cost(23, 25, 319196).
cost(23, 26, 559285).
cost(23, 27, 510494).
cost(23, 28, 512126).
cost(24, 1, 449822).
cost(24, 2, 260468).
cost(24, 3, 113800).
cost(24, 4, 399976).
cost(24, 5, 334665).
cost(24, 6, 356350).
cost(24, 7, 218733).
cost(24, 8, 821109).
cost(24, 9, 274775).
cost(24, 10, 389198).
cost(24, 11, 754568).
cost(24, 12, 793778).
cost(24, 13, 536191).
cost(24, 14, 243051).
cost(24, 15, 944481).
cost(24, 16, 218995).
cost(24, 17, 550367).
cost(24, 18, 467416).
cost(24, 19, 512115).
cost(24, 20, 489021).
cost(24, 21, 545522).
cost(24, 22, 598557).
cost(24, 23, 341250).
cost(24, 25, 570858).
cost(24, 26, 620431).
cost(24, 27, 611313).
cost(24, 28, 589793).
cost(25, 1, 244503).
cost(25, 2, 534758).
cost(25, 3, 568389).
cost(25, 4, 194219).
cost(25, 5, 239496).
cost(25, 6, 334726).
cost(25, 7, 379092).
cost(25, 8, 417259).
cost(25, 9, 313635).
cost(25, 10, 296227).
cost(25, 11, 282714).
cost(25, 12, 223204).
cost(25, 13, 130856).
cost(25, 14, 332641).
cost(25, 15, 375152).
cost(25, 16, 357910).
cost(25, 17, 33805).
cost(25, 18, 126952).
cost(25, 19, 227072).
cost(25, 20, 89106).
cost(25, 21, 236398).
cost(25, 22, 147456).
cost(25, 23, 319196).
cost(25, 24, 570858).
cost(25, 26, 356005).
cost(25, 27, 283957).
cost(25, 28, 308541).
cost(26, 1, 544923).
cost(26, 2, 431014).
cost(26, 3, 680489).
cost(26, 4, 444194).
cost(26, 5, 420971).
cost(26, 6, 264316).
cost(26, 7, 408465).
cost(26, 8, 215152).
cost(26, 9, 488721).
cost(26, 10, 564503).
cost(26, 11, 628304).
cost(26, 12, 460756).
cost(26, 13, 229791).
cost(26, 14, 473289).
cost(26, 15, 584985).
cost(26, 16, 429313).
cost(26, 17, 326877).
cost(26, 18, 288779).
cost(26, 19, 556025).
cost(26, 20, 384371).
cost(26, 21, 127248).
cost(26, 22, 502897).
cost(26, 23, 559285).
cost(26, 24, 620431).
cost(26, 25, 356005).
cost(26, 27, 75035).
cost(26, 28, 49471).
cost(27, 1, 485147).
cost(27, 2, 449502).
cost(27, 3, 659929).
cost(27, 4, 389300).
cost(27, 5, 376121).
cost(27, 6, 258976).
cost(27, 7, 393676).
cost(27, 8, 209976).
cost(27, 9, 449052).
cost(27, 10, 510813).
cost(27, 11, 553622).
cost(27, 12, 388273).
cost(27, 13, 162230).
cost(27, 14, 439378).
cost(27, 15, 517078).
cost(27, 16, 406776).
cost(27, 17, 256220).
cost(27, 18, 230217).
cost(27, 19, 491257).
cost(27, 20, 319733).
cost(27, 21, 73315).
cost(27, 22, 431343).
cost(27, 23, 510494).
cost(27, 24, 611313).
cost(27, 25, 283957).
cost(27, 26, 75035).
cost(27, 28, 40318).
cost(28, 1, 495666).
cost(28, 2, 416550).
cost(28, 3, 644203).
cost(28, 4, 395555).
cost(28, 5, 374680).
cost(28, 6, 234182).
cost(28, 7, 374309).
cost(28, 8, 233382).
cost(28, 9, 444225).
cost(28, 10, 516203).
cost(28, 11, 583621).
cost(28, 12, 426154).
cost(28, 13, 180977).
cost(28, 14, 430852).
cost(28, 15, 556772).
cost(28, 16, 391531).
cost(28, 17, 278747).
cost(28, 18, 239463).
cost(28, 19, 506568).
cost(28, 20, 334938).
cost(28, 21, 77786).
cost(28, 22, 454932).
cost(28, 23, 512126).
cost(28, 24, 589793).
cost(28, 25, 308541).
cost(28, 26, 49471).
cost(28, 27, 40318).
