dimension(28).
point(1, 117781.0, -27512.0).
point(2, 48877.0, 43040.0).
point(3, -67845.0, 73847.0).
point(4, 197529.0, 10713.0).
point(5, 312059.0, 43727.0).
point(6, 225961.0, 252655.0).
point(7, 395725.0, -215399.0).
point(8, -99783.0, -28225.0).
point(9, 325679.0, -86099.0).
point(10, 67515.0, -137859.0).
point(11, 71255.0, 10869.0).
point(12, 73654.0, -2959.0).
point(13, -273030.0, -228277.0).
point(14, -130606.0, -75442.0).
point(15, -19416.0, -86177.0).
point(16, 6261.0, -214935.0).
point(17, -251893.0, -118682.0).
point(18, -155330.0, -45239.0).
point(19, -97935.0, 105397.0).
point(20, -167290.0, 39261.0).
point(21, 183842.0, 143184.0).
point(22, 150301.0, -128049.0).
point(23, -53722.0, -109435.0).
point(24, -78945.0, -83858.0).
point(25, -23166.0, 382652.0).
point(26, -67560.0, -7568.0).
point(27, -230548.0, -271893.0).
point(28, -37838.0, -129508.0).
cost(1, 2, 98617).
cost(1, 3, 211496).
cost(1, 4, 88436).
cost(1, 5, 206927).
cost(1, 6, 300327).
cost(1, 7, 335491).
cost(1, 8, 217565).
cost(1, 9, 215995).
cost(1, 10, 121256).
cost(1, 11, 60314).
cost(1, 12, 50498).
cost(1, 13, 439363).
cost(1, 14, 252969).
cost(1, 15, 149213).
cost(1, 16, 218092).
cost(1, 17, 380750).
cost(1, 18, 273686).
cost(1, 19, 253374).
cost(1, 20, 292787).
cost(1, 21, 183033).
cost(1, 22, 105666).
cost(1, 23, 190065).
cost(1, 24, 204636).
cost(1, 25, 433706).
cost(1, 26, 186411).
cost(1, 27, 425506).
cost(1, 28, 186066).
cost(2, 1, 98617).
cost(2, 3, 120719).
cost(2, 4, 152126).
cost(2, 5, 263183).
cost(2, 6, 274403).
cost(2, 7, 432544).
cost(2, 8, 164859).
cost(2, 9, 305444).
cost(2, 10, 181857).
cost(2, 11, 39189).
cost(2, 12, 52248).
cost(2, 13, 420995).
cost(2, 14, 215063).
cost(2, 15, 146154).
cost(2, 16, 261471).
cost(2, 17, 341492).
cost(2, 18, 222472).
cost(2, 19, 159506).
cost(2, 20, 216200).
cost(2, 21, 168061).
cost(2, 22, 198893).
cost(2, 23, 183780).
cost(2, 24, 180115).
cost(2, 25, 347169).
cost(2, 26, 126960).
cost(2, 27, 421024).
cost(2, 28, 193112).
cost(3, 1, 211496).
cost(3, 2, 120719).
cost(3, 4, 272781).
cost(3, 5, 381096).
cost(3, 6, 343939).
cost(3, 7, 546407).
cost(3, 8, 106952).
cost(3, 9, 424787).
cost(3, 10, 251280).
cost(3, 11, 152693).
cost(3, 12, 161000).
cost(3, 13, 365212).
cost(3, 14, 161945).
cost(3, 15, 167192).
cost(3, 16, 298139).
cost(3, 17, 266348).
cost(3, 18, 147767).
cost(3, 19, 43598).
cost(3, 20, 105288).
cost(3, 21, 261063).
cost(3, 22, 297237).
cost(3, 23, 183825).
cost(3, 24, 158095).
cost(3, 25, 312020).
cost(3, 26, 81415).
cost(3, 27, 382110).
cost(3, 28, 205557).
cost(4, 1, 88436).
cost(4, 2, 152126).
cost(4, 3, 272781).
cost(4, 5, 119193).
cost(4, 6, 243607).
cost(4, 7, 300680).
cost(4, 8, 299851).
cost(4, 9, 160608).
cost(4, 10, 197427).
cost(4, 11, 126274).
cost(4, 12, 124627).
cost(4, 13, 527771).
cost(4, 14, 339257).
cost(4, 15, 237598).
cost(4, 16, 295805).
cost(4, 17, 467679).
cost(4, 18, 357268).
cost(4, 19, 310264).
cost(4, 20, 365934).
cost(4, 21, 133176).
cost(4, 22, 146579).
cost(4, 23, 278501).
cost(4, 24, 292201).
cost(4, 25, 432487).
cost(4, 26, 265719).
cost(4, 27, 512948).
cost(4, 28, 273970).
cost(5, 1, 206927).
cost(5, 2, 263183).
cost(5, 3, 381096).
cost(5, 4, 119193).
cost(5, 6, 225973).
cost(5, 7, 272298).
cost(5, 8, 418080).
cost(5, 9, 130538).
cost(5, 10, 304590).
cost(5, 11, 243035).
cost(5, 12, 242933).
cost(5, 13, 645225).
cost(5, 14, 458425).
cost(5, 15, 356021).
cost(5, 16, 400523).
cost(5, 17, 586872).
cost(5, 18, 475781).
cost(5, 19, 414606).
cost(5, 20, 479370).
cost(5, 21, 162269).
cost(5, 22, 235951).
cost(5, 23, 396553).
cost(5, 24, 411293).
cost(5, 25, 476703).
cost(5, 26, 383069).
cost(5, 27, 627725).
cost(5, 28, 390433).
cost(6, 1, 300327).
cost(6, 2, 274403).
cost(6, 3, 343939).
cost(6, 4, 243607).
cost(6, 5, 225973).
cost(6, 7, 497890).
cost(6, 8, 430119).
cost(6, 9, 353126).
cost(6, 10, 421434).
cost(6, 11, 287044).
cost(6, 12, 297550).
cost(6, 13, 693028).
cost(6, 14, 484549).
cost(6, 15, 418350).
cost(6, 16, 516632).
cost(6, 17, 605174).
cost(6, 18, 483863).
cost(6, 19, 355800).
cost(6, 20, 447419).
cost(6, 21, 117294).
cost(6, 22, 388149).
cost(6, 23, 457528).
cost(6, 24, 454102).
cost(6, 25, 281004).
cost(6, 26, 392263).
cost(6, 27, 695378).
cost(6, 28, 464369).
cost(7, 1, 335491).
cost(7, 2, 432544).
cost(7, 3, 546407).
cost(7, 4, 300680).
cost(7, 5, 272298).
cost(7, 6, 497890).
cost(7, 8, 529681).
cost(7, 9, 147054).
cost(7, 10, 337245).
cost(7, 11, 395573).
cost(7, 12, 385824).
cost(7, 13, 668879).
cost(7, 14, 544621).
cost(7, 15, 434788).
cost(7, 16, 389464).
cost(7, 17, 654800).
cost(7, 18, 576729).
cost(7, 19, 588736).
cost(7, 20, 617930).
cost(7, 21, 416505).
cost(7, 22, 260505).
cost(7, 23, 461769).
cost(7, 24, 492559).
cost(7, 25, 730161).
cost(7, 26, 507766).
cost(7, 27, 628816).
cost(7, 28, 441989).
cost(8, 1, 217565).
cost(8, 2, 164859).
cost(8, 3, 106952).
cost(8, 4, 299851).
cost(8, 5, 418080).
cost(8, 6, 430119).
cost(8, 7, 529681).
cost(8, 9, 429380).
cost(8, 10, 200021).
cost(8, 11, 175449).
cost(8, 12, 175268).
cost(8, 13, 264642).
cost(8, 14, 56387).
cost(8, 15, 99082).
cost(8, 16, 214723).
cost(8, 17, 176974).
cost(8, 18, 58094).
cost(8, 19, 133635).
cost(8, 20, 95454).
cost(8, 21, 331397).
cost(8, 22, 269271).
cost(8, 23, 93363).
cost(8, 24, 59408).
cost(8, 25, 417959).
cost(8, 26, 38276).
cost(8, 27, 276539).
cost(8, 28, 118724).
cost(9, 1, 215995).
cost(9, 2, 305444).
cost(9, 3, 424787).
cost(9, 4, 160608).
cost(9, 5, 130538).
cost(9, 6, 353126).
cost(9, 7, 147054).
cost(9, 8, 429380).
cost(9, 10, 263302).
cost(9, 11, 272276).
cost(9, 12, 265384).
cost(9, 13, 615359).
cost(9, 14, 456409).
cost(9, 15, 345095).
cost(9, 16, 344422).
cost(9, 17, 578490).
cost(9, 18, 482741).
cost(9, 19, 464887).
cost(9, 20, 508659).
cost(9, 21, 269608).
cost(9, 22, 180325).
cost(9, 23, 380118).
cost(9, 24, 404630).
cost(9, 25, 584312).
cost(9, 26, 401004).
cost(9, 27, 586437).
cost(9, 28, 366100).
cost(10, 1, 121256).
cost(10, 2, 181857).
cost(10, 3, 251280).
cost(10, 4, 197427).
cost(10, 5, 304590).
cost(10, 6, 421434).
cost(10, 7, 337245).
cost(10, 8, 200021).
cost(10, 9, 263302).
cost(10, 11, 148775).
cost(10, 12, 135040).
cost(10, 13, 352344).
cost(10, 14, 207721).
cost(10, 15, 101134).
cost(10, 16, 98452).
cost(10, 17, 319983).
cost(10, 18, 241326).
cost(10, 19, 294189).
cost(10, 20, 294117).
cost(10, 21, 304166).
cost(10, 22, 83365).
cost(10, 23, 124524).
cost(10, 24, 156098).
cost(10, 25, 528351).
cost(10, 26, 187673).
cost(10, 27, 326813).
cost(10, 28, 105683).
cost(11, 1, 60314).
cost(11, 2, 39189).
cost(11, 3, 152693).
cost(11, 4, 126274).
cost(11, 5, 243035).
cost(11, 6, 287044).
cost(11, 7, 395573).
cost(11, 8, 175449).
cost(11, 9, 272276).
cost(11, 10, 148775).
cost(11, 12, 14035).
cost(11, 13, 419193).
cost(11, 14, 219539).
cost(11, 15, 132812).
cost(11, 16, 234972).
cost(11, 17, 348150).
cost(11, 18, 233429).
cost(11, 19, 193806).
cost(11, 20, 240229).
cost(11, 21, 173733).
cost(11, 22, 159833).
cost(11, 23, 173471).
cost(11, 24, 177576).
cost(11, 25, 383586).
cost(11, 26, 140034).
cost(11, 27, 413569).
cost(11, 28, 177784).
cost(12, 1, 50498).
cost(12, 2, 52248).
cost(12, 3, 161000).
cost(12, 4, 124627).
cost(12, 5, 242933).
cost(12, 6, 297550).
cost(12, 7, 385824).
cost(12, 8, 175268).
cost(12, 9, 265384).
cost(12, 10, 135040).
cost(12, 11, 14035).
cost(12, 13, 413471).
cost(12, 14, 216739).
cost(12, 15, 124849).
cost(12, 16, 222431).
cost(12, 17, 345503).
cost(12, 18, 232855).
cost(12, 19, 202938).
cost(12, 20, 244615).
cost(12, 21, 183028).
cost(12, 22, 146705).
cost(12, 23, 166017).
cost(12, 24, 172717).
cost(12, 25, 397580).
cost(12, 26, 141289).
cost(12, 27, 406035).
cost(12, 28, 168657).
cost(13, 1, 439363).
cost(13, 2, 420995).
cost(13, 3, 365212).
cost(13, 4, 527771).
cost(13, 5, 645225).
cost(13, 6, 693028).
cost(13, 7, 668879).
cost(13, 8, 264642).
cost(13, 9, 615359).
cost(13, 10, 352344).
cost(13, 11, 419193).
cost(13, 12, 413471).
cost(13, 14, 208909).
cost(13, 15, 290710).
cost(13, 16, 279609).
cost(13, 17, 111615).
cost(13, 18, 217615).
cost(13, 19, 376824).
cost(13, 20, 287676).
cost(13, 21, 588825).
cost(13, 22, 435034).
cost(13, 23, 249438).
cost(13, 24, 241921).
cost(13, 25, 660050).
cost(13, 26, 301547).
cost(13, 27, 60886).
cost(13, 28, 255089).
cost(14, 1, 252969).
cost(14, 2, 215063).
cost(14, 3, 161945).
cost(14, 4, 339257).
cost(14, 5, 458425).
cost(14, 6, 484549).
cost(14, 7, 544621).
cost(14, 8, 56387).
cost(14, 9, 456409).
cost(14, 10, 207721).
cost(14, 11, 219539).
cost(14, 12, 216739).
cost(14, 13, 208909).
cost(14, 15, 111707).
cost(14, 16, 195425).
cost(14, 17, 128764).
cost(14, 18, 39032).
cost(14, 19, 183767).
cost(14, 20, 120426).
cost(14, 21, 382982).
cost(14, 22, 285791).
cost(14, 23, 84064).
cost(14, 24, 52342).
cost(14, 25, 470525).
cost(14, 26, 92637).
cost(14, 27, 220412).
cost(14, 28, 107373).
cost(15, 1, 149213).
cost(15, 2, 146154).
cost(15, 3, 167192).
cost(15, 4, 237598).
cost(15, 5, 356021).
cost(15, 6, 418350).
cost(15, 7, 434788).
cost(15, 8, 99082).
cost(15, 9, 345095).
cost(15, 10, 101134).
cost(15, 11, 132812).
cost(15, 12, 124849).
cost(15, 13, 290710).
cost(15, 14, 111707).
cost(15, 16, 131293).
cost(15, 17, 234738).
cost(15, 18, 141946).
cost(15, 19, 207041).
cost(15, 20, 193911).
cost(15, 21, 306464).
cost(15, 22, 174806).
cost(15, 23, 41447).
cost(15, 24, 59574).
cost(15, 25, 468844).
cost(15, 26, 92180).
cost(15, 27, 281189).
cost(15, 28, 47084).
cost(16, 1, 218092).
cost(16, 2, 261471).
cost(16, 3, 298139).
cost(16, 4, 295805).
cost(16, 5, 400523).
cost(16, 6, 516632).
cost(16, 7, 389464).
cost(16, 8, 214723).
cost(16, 9, 344422).
cost(16, 10, 98452).
cost(16, 11, 234972).
cost(16, 12, 222431).
cost(16, 13, 279609).
cost(16, 14, 195425).
cost(16, 15, 131293).
cost(16, 17, 275514).
cost(16, 18, 234325).
cost(16, 19, 336852).
cost(16, 20, 307791).
cost(16, 21, 399730).
cost(16, 22, 168216).
cost(16, 23, 121360).
cost(16, 24, 156337).
cost(16, 25, 598311).
cost(16, 26, 220115).
cost(16, 27, 243563).
cost(16, 28, 96138).
cost(17, 1, 380750).
cost(17, 2, 341492).
cost(17, 3, 266348).
cost(17, 4, 467679).
cost(17, 5, 586872).
cost(17, 6, 605174).
cost(17, 7, 654800).
cost(17, 8, 176974).
cost(17, 9, 578490).
cost(17, 10, 319983).
cost(17, 11, 348150).
cost(17, 12, 345503).
cost(17, 13, 111615).
cost(17, 14, 128764).
cost(17, 15, 234738).
cost(17, 16, 275514).
cost(17, 18, 121319).
cost(17, 19, 271872).
cost(17, 20, 179175).
cost(17, 21, 508369).
cost(17, 22, 402303).
cost(17, 23, 198387).
cost(17, 24, 176419).
cost(17, 25, 551046).
cost(17, 26, 215232).
cost(17, 27, 154691).
cost(17, 28, 214329).
cost(18, 1, 273686).
cost(18, 2, 222472).
cost(18, 3, 147767).
cost(18, 4, 357268).
cost(18, 5, 475781).
cost(18, 6, 483863).
cost(18, 7, 576729).
cost(18, 8, 58094).
cost(18, 9, 482741).
cost(18, 10, 241326).
cost(18, 11, 233429).
cost(18, 12, 232855).
cost(18, 13, 217615).
cost(18, 14, 39032).
cost(18, 15, 141946).
cost(18, 16, 234325).
cost(18, 17, 121319).
cost(18, 19, 161200).
cost(18, 20, 85342).
cost(18, 21, 387996).
cost(18, 22, 316651).
cost(18, 23, 120189).
cost(18, 24, 85593).
cost(18, 25, 447837).
cost(18, 26, 95513).
cost(18, 27, 238809).
cost(18, 28, 144588).
cost(19, 1, 253374).
cost(19, 2, 159506).
cost(19, 3, 43598).
cost(19, 4, 310264).
cost(19, 5, 414606).
cost(19, 6, 355800).
cost(19, 7, 588736).
cost(19, 8, 133635).
cost(19, 9, 464887).
cost(19, 10, 294189).
cost(19, 11, 193806).
cost(19, 12, 202938).
cost(19, 13, 376824).
cost(19, 14, 183767).
cost(19, 15, 207041).
cost(19, 16, 336852).
cost(19, 17, 271872).
cost(19, 18, 161200).
cost(19, 20, 95834).
cost(19, 21, 284299).
cost(19, 22, 340761).
cost(19, 23, 219334).
cost(19, 24, 190205).
cost(19, 25, 287160).
cost(19, 26, 116977).
cost(19, 27, 399917).
cost(19, 28, 242471).
cost(20, 1, 292787).
cost(20, 2, 216200).
cost(20, 3, 105288).
cost(20, 4, 365934).
cost(20, 5, 479370).
cost(20, 6, 447419).
cost(20, 7, 617930).
cost(20, 8, 95454).
cost(20, 9, 508659).
cost(20, 10, 294117).
cost(20, 11, 240229).
cost(20, 12, 244615).
cost(20, 13, 287676).
cost(20, 14, 120426).
cost(20, 15, 193911).
cost(20, 16, 307791).
cost(20, 17, 179175).
cost(20, 18, 85342).
cost(20, 19, 95834).
cost(20, 21, 366188).
cost(20, 22, 358966).
cost(20, 23, 187105).
cost(20, 24, 151536).
cost(20, 25, 372410).
cost(20, 26, 110177).
cost(20, 27, 317519).
cost(20, 28, 212699).
cost(21, 1, 183033).
cost(21, 2, 168061).
cost(21, 3, 261063).
cost(21, 4, 133176).
cost(21, 5, 162269).
cost(21, 6, 117294).
cost(21, 7, 416505).
cost(21, 8, 331397).
cost(21, 9, 269608).
cost(21, 10, 304166).
cost(21, 11, 173733).
cost(21, 12, 183028).
cost(21, 13, 588825).
cost(21, 14, 382982).
cost(21, 15, 306464).
cost(21, 16, 399730).
cost(21, 17, 508369).
cost(21, 18, 387996).
cost(21, 19, 284299).
cost(21, 20, 366188).
cost(21, 22, 273299).
cost(21, 23, 346775).
cost(21, 24, 347282).
cost(21, 25, 316539).
cost(21, 26, 293137).
cost(21, 27, 586522).
cost(21, 28, 351430).
cost(22, 1, 105666).
cost(22, 2, 198893).
cost(22, 3, 297237).
cost(22, 4, 146579).
cost(22, 5, 235951).
cost(22, 6, 388149).
cost(22, 7, 260505).
cost(22, 8, 269271).
cost(22, 9, 180325).
cost(22, 10, 83365).
cost(22, 11, 159833).
cost(22, 12, 146705).
cost(22, 13, 435034).
cost(22, 14, 285791).
cost(22, 15, 174806).
cost(22, 16, 168216).
cost(22, 17, 402303).
cost(22, 18, 316651).
cost(22, 19, 340761).
cost(22, 20, 358966).
cost(22, 21, 273299).
cost(22, 23, 204870).
cost(22, 24, 233466).
cost(22, 25, 539357).
cost(22, 26, 248956).
cost(22, 27, 407108).
cost(22, 28, 188145).
cost(23, 1, 190065).
cost(23, 2, 183780).
cost(23, 3, 183825).
cost(23, 4, 278501).
cost(23, 5, 396553).
cost(23, 6, 457528).
cost(23, 7, 461769).
cost(23, 8, 93363).
cost(23, 9, 380118).
cost(23, 10, 124524).
cost(23, 11, 173471).
cost(23, 12, 166017).
cost(23, 13, 249438).
cost(23, 14, 84064).
cost(23, 15, 41447).
cost(23, 16, 121360).
cost(23, 17, 198387).
cost(23, 18, 120189).
cost(23, 19, 219334).
cost(23, 20, 187105).
cost(23, 21, 346775).
cost(23, 22, 204870).
cost(23, 24, 35922).
cost(23, 25, 493035).
cost(23, 26, 102803).
cost(23, 27, 240125).
cost(23, 28, 25597).
cost(24, 1, 204636).
cost(24, 2, 180115).
cost(24, 3, 158095).
cost(24, 4, 292201).
cost(24, 5, 411293).
cost(24, 6, 454102).
cost(24, 7, 492559).
cost(24, 8, 59408).
cost(24, 9, 404630).
cost(24, 10, 156098).
cost(24, 11, 177576).
cost(24, 12, 172717).
cost(24, 13, 241921).
cost(24, 14, 52342).
cost(24, 15, 59574).
cost(24, 16, 156337).
cost(24, 17, 176419).
cost(24, 18, 85593).
cost(24, 19, 190205).
cost(24, 20, 151536).
cost(24, 21, 347282).
cost(24, 22, 233466).
cost(24, 23, 35922).
cost(24, 25, 469833).
cost(24, 26, 77135).
cost(24, 27, 241538).
cost(24, 28, 61431).
cost(25, 1, 433706).
cost(25, 2, 347169).
cost(25, 3, 312020).
cost(25, 4, 432487).
cost(25, 5, 476703).
cost(25, 6, 281004).
cost(25, 7, 730161).
cost(25, 8, 417959).
cost(25, 9, 584312).
cost(25, 10, 528351).
cost(25, 11, 383586).
cost(25, 12, 397580).
cost(25, 13, 660050).
cost(25, 14, 470525).
cost(25, 15, 468844).
cost(25, 16, 598311).
cost(25, 17, 551046).
cost(25, 18, 447837).
cost(25, 19, 287160).
cost(25, 20, 372410).
cost(25, 21, 316539).
cost(25, 22, 539357).
cost(25, 23, 493035).
cost(25, 24, 469833).
cost(25, 26, 392737).
cost(25, 27, 686612).
cost(25, 28, 512370).
cost(26, 1, 186411).
cost(26, 2, 126960).
cost(26, 3, 81415).
cost(26, 4, 265719).
cost(26, 5, 383069).
cost(26, 6, 392263).
cost(26, 7, 507766).
cost(26, 8, 38276).
cost(26, 9, 401004).
cost(26, 10, 187673).
cost(26, 11, 140034).
cost(26, 12, 141289).
cost(26, 13, 301547).
cost(26, 14, 92637).
cost(26, 15, 92180).
cost(26, 16, 220115).
cost(26, 17, 215232).
cost(26, 18, 95513).
cost(26, 19, 116977).
cost(26, 20, 110177).
cost(26, 21, 293137).
cost(26, 22, 248956).
cost(26, 23, 102803).
cost(26, 24, 77135).
cost(26, 25, 392737).
cost(26, 27, 310536).
cost(26, 28, 125510).
cost(27, 1, 425506).
cost(27, 2, 421024).
cost(27, 3, 382110).
cost(27, 4, 512948).
cost(27, 5, 627725).
cost(27, 6, 695378).
cost(27, 7, 628816).
cost(27, 8, 276539).
cost(27, 9, 586437).
cost(27, 10, 326813).
cost(27, 11, 413569).
cost(27, 12, 406035).
cost(27, 13, 60886).
cost(27, 14, 220412).
cost(27, 15, 281189).
cost(27, 16, 243563).
cost(27, 17, 154691).
cost(27, 18, 238809).
cost(27, 19, 399917).
cost(27, 20, 317519).
cost(27, 21, 586522).
cost(27, 22, 407108).
cost(27, 23, 240125).
cost(27, 24, 241538).
cost(27, 25, 686612).
cost(27, 26, 310536).
cost(27, 28, 239605).
cost(28, 1, 186066).
cost(28, 2, 193112).
cost(28, 3, 205557).
cost(28, 4, 273970).
cost(28, 5, 390433).
cost(28, 6, 464369).
cost(28, 7, 441989).
cost(28, 8, 118724).
cost(28, 9, 366100).
cost(28, 10, 105683).
cost(28, 11, 177784).
cost(28, 12, 168657).
cost(28, 13, 255089).
cost(28, 14, 107373).
cost(28, 15, 47084).
cost(28, 16, 96138).
cost(28, 17, 214329).
cost(28, 18, 144588).
cost(28, 19, 242471).
cost(28, 20, 212699).
cost(28, 21, 351430).
cost(28, 22, 188145).
cost(28, 23, 25597).
cost(28, 24, 61431).
cost(28, 25, 512370).
cost(28, 26, 125510).
cost(28, 27, 239605).
