dimension(28).
point(1, -82546.0, 111146.0).
point(2, -221741.0, -12695.0).
point(3, -65615.0, -182291.0).
point(4, 37745.0, 83171.0).
point(5, -310078.0, -242037.0).
point(6, 83104.0, -188903.0).
point(7, 222853.0, -186052.0).
point(8, -149235.0, 186751.0).
point(9, -31136.0, 44430.0).
point(10, -368740.0, -139546.0).
point(11, -155058.0, -209525.0).
point(12, -151762.0, -64096.0).
point(13, 14536.0, -445310.0).
point(14, -120449.0, 108854.0).
point(15, -34123.0, 52401.0).
point(16, -278960.0, 220605.0).
point(17, 457280.0, 144006.0).
point(18, -49172.0, 238719.0).
point(19, -7968.0, 237735.0).
point(20, 179137.0, 109785.0).
point(21, 175978.0, -216760.0).
point(22, -239909.0, -144482.0).
point(23, 214189.0, -205802.0).
point(24, 52755.0, 328848.0).
point(25, -220088.0, 87312.0).
point(26, 95089.0, -254899.0).
point(27, 122222.0, 360112.0).
point(28, -319637.0, -395896.0).
cost(1, 2, 186311).
cost(1, 3, 293925).
cost(1, 4, 123501).
cost(1, 5, 420130).
cost(1, 6, 342738).
cost(1, 7, 426140).
cost(1, 8, 100814).
cost(1, 9, 84226).
cost(1, 10, 380465).
cost(1, 11, 328767).
cost(1, 12, 188416).
cost(1, 13, 564861).
cost(1, 14, 37972).
cost(1, 15, 76130).
cost(1, 16, 224855).
cost(1, 17, 540825).
cost(1, 18, 131866).
cost(1, 19, 146924).
cost(1, 20, 261687).
cost(1, 21, 417561).
cost(1, 22, 300181).
cost(1, 23, 434175).
cost(1, 24, 256321).
cost(1, 25, 139592).
cost(1, 26, 406870).
cost(1, 27, 322357).
cost(1, 28, 559735).
cost(2, 1, 186311).
cost(2, 3, 230517).
cost(2, 4, 276628).
cost(2, 5, 245767).
cost(2, 6, 352108).
cost(2, 7, 477196).
cost(2, 8, 212216).
cost(2, 9, 198981).
cost(2, 10, 194165).
cost(2, 11, 207819).
cost(2, 12, 86828).
cost(2, 13, 492933).
cost(2, 14, 158222).
cost(2, 15, 198590).
cost(2, 16, 240214).
cost(2, 17, 696868).
cost(2, 18, 304941).
cost(2, 19, 329263).
cost(2, 20, 419171).
cost(2, 21, 447016).
cost(2, 22, 133033).
cost(2, 23, 476786).
cost(2, 24, 438178).
cost(2, 25, 100021).
cost(2, 26, 398803).
cost(2, 27, 507243).
cost(2, 28, 395508).
cost(3, 1, 293925).
cost(3, 2, 230517).
cost(3, 4, 284874).
cost(3, 5, 251658).
cost(3, 6, 148866).
cost(3, 7, 288493).
cost(3, 8, 378397).
cost(3, 9, 229328).
cost(3, 10, 306124).
cost(3, 11, 93497).
cost(3, 12, 146258).
cost(3, 13, 274960).
cost(3, 14, 296264).
cost(3, 15, 236795).
cost(3, 16, 455896).
cost(3, 17, 616351).
cost(3, 18, 421331).
cost(3, 19, 423963).
cost(3, 20, 381067).
cost(3, 21, 244040).
cost(3, 22, 178348).
cost(3, 23, 280790).
cost(3, 24, 524666).
cost(3, 25, 310721).
cost(3, 26, 176345).
cost(3, 27, 574007).
cost(3, 28, 331895).
cost(4, 1, 123501).
cost(4, 2, 276628).
cost(4, 3, 284874).
cost(4, 5, 476173).
cost(4, 6, 275829).
cost(4, 7, 326720).
cost(4, 8, 213753).
cost(4, 9, 79028).
cost(4, 10, 463501).
cost(4, 11, 350491).
cost(4, 12, 240001).
cost(4, 13, 528990).
cost(4, 14, 160265).
cost(4, 15, 78178).
cost(4, 16, 345239).
cost(4, 17, 423923).
cost(4, 18, 178185).
cost(4, 19, 161182).
cost(4, 20, 143875).
cost(4, 21, 330253).
cost(4, 22, 359051).
cost(4, 23, 338582).
cost(4, 24, 246135).
cost(4, 25, 257866).
cost(4, 26, 342899).
cost(4, 27, 289539).
cost(4, 28, 597685).
cost(5, 1, 420130).
cost(5, 2, 245767).
cost(5, 3, 251658).
cost(5, 4, 476173).
cost(5, 6, 396756).
cost(5, 7, 535864).
cost(5, 8, 457962).
cost(5, 9, 399840).
cost(5, 10, 118092).
cost(5, 11, 158393).
cost(5, 12, 238174).
cost(5, 13, 383007).
cost(5, 14, 398853).
cost(5, 15, 403540).
cost(5, 16, 463687).
cost(5, 17, 858992).
cost(5, 18, 546990).
cost(5, 19, 566967).
cost(5, 20, 602586).
cost(5, 21, 486713).
cost(5, 22, 120169).
cost(5, 23, 525518).
cost(5, 24, 676430).
cost(5, 25, 341422).
cost(5, 26, 405371).
cost(5, 27, 741260).
cost(5, 28, 154156).
cost(6, 1, 342738).
cost(6, 2, 352108).
cost(6, 3, 148866).
cost(6, 4, 275829).
cost(6, 5, 396756).
cost(6, 7, 139778).
cost(6, 8, 441698).
cost(6, 9, 259798).
cost(6, 10, 454532).
cost(6, 11, 239053).
cost(6, 12, 265968).
cost(6, 13, 265417).
cost(6, 14, 360684).
cost(6, 15, 268272).
cost(6, 16, 546614).
cost(6, 17, 500835).
cost(6, 18, 447613).
cost(6, 19, 436250).
cost(6, 20, 313746).
cost(6, 21, 96962).
cost(6, 22, 326053).
cost(6, 23, 132170).
cost(6, 24, 518640).
cost(6, 25, 410146).
cost(6, 26, 67075).
cost(6, 27, 550407).
cost(6, 28, 452821).
cost(7, 1, 426140).
cost(7, 2, 477196).
cost(7, 3, 288493).
cost(7, 4, 326720).
cost(7, 5, 535864).
cost(7, 6, 139778).
cost(7, 8, 526718).
cost(7, 9, 342976).
cost(7, 10, 593418).
cost(7, 11, 378639).
cost(7, 12, 393967).
cost(7, 13, 332582).
cost(7, 14, 452577).
cost(7, 15, 350566).
cost(7, 16, 645900).
cost(7, 17, 404839).
cost(7, 18, 504409).
cost(7, 19, 482570).
cost(7, 20, 299050).
cost(7, 21, 56038).
cost(7, 22, 464625).
cost(7, 23, 21567).
cost(7, 24, 542269).
cost(7, 25, 520504).
cost(7, 26, 145133).
cost(7, 27, 555357).
cost(7, 28, 581661).
cost(8, 1, 100814).
cost(8, 2, 212216).
cost(8, 3, 378397).
cost(8, 4, 213753).
cost(8, 5, 457962).
cost(8, 6, 441698).
cost(8, 7, 526718).
cost(8, 9, 184940).
cost(8, 10, 393258).
cost(8, 11, 396319).
cost(8, 12, 250860).
cost(8, 13, 652933).
cost(8, 14, 83046).
cost(8, 15, 176920).
cost(8, 16, 134070).
cost(8, 17, 608019).
cost(8, 18, 112753).
cost(8, 19, 150186).
cost(8, 20, 337271).
cost(8, 21, 518252).
cost(8, 22, 343420).
cost(8, 23, 534953).
cost(8, 24, 246965).
cost(8, 25, 122099).
cost(8, 26, 504727).
cost(8, 27, 322092).
cost(8, 28, 607054).
cost(9, 1, 84226).
cost(9, 2, 198981).
cost(9, 3, 229328).
cost(9, 4, 79028).
cost(9, 5, 399840).
cost(9, 6, 259798).
cost(9, 7, 342976).
cost(9, 8, 184940).
cost(9, 10, 384478).
cost(9, 11, 282577).
cost(9, 12, 162261).
cost(9, 13, 491865).
cost(9, 14, 110124).
cost(9, 15, 8512).
cost(9, 16, 304063).
cost(9, 17, 498463).
cost(9, 18, 195124).
cost(9, 19, 194688).
cost(9, 20, 220195).
cost(9, 21, 333341).
cost(9, 22, 281556).
cost(9, 23, 350429).
cost(9, 24, 296532).
cost(9, 25, 193757).
cost(9, 26, 324855).
cost(9, 27, 350961).
cost(9, 28, 526422).
cost(10, 1, 380465).
cost(10, 2, 194165).
cost(10, 3, 306124).
cost(10, 4, 463501).
cost(10, 5, 118092).
cost(10, 6, 454532).
cost(10, 7, 593418).
cost(10, 8, 393258).
cost(10, 9, 384478).
cost(10, 11, 224849).
cost(10, 12, 229722).
cost(10, 13, 490298).
cost(10, 14, 351214).
cost(10, 15, 385762).
cost(10, 16, 371173).
cost(10, 17, 873333).
cost(10, 18, 495185).
cost(10, 19, 522013).
cost(10, 20, 601943).
cost(10, 21, 550163).
cost(10, 22, 128926).
cost(10, 23, 586682).
cost(10, 24, 630120).
cost(10, 25, 271223).
cost(10, 26, 477958).
cost(10, 27, 700501).
cost(10, 28, 261010).
cost(11, 1, 328767).
cost(11, 2, 207819).
cost(11, 3, 93497).
cost(11, 4, 350491).
cost(11, 5, 158393).
cost(11, 6, 239053).
cost(11, 7, 378639).
cost(11, 8, 396319).
cost(11, 9, 282577).
cost(11, 10, 224849).
cost(11, 12, 145466).
cost(11, 13, 290442).
cost(11, 14, 320255).
cost(11, 15, 288497).
cost(11, 16, 447620).
cost(11, 17, 707066).
cost(11, 18, 460581).
cost(11, 19, 470826).
cost(11, 20, 462218).
cost(11, 21, 331115).
cost(11, 22, 106913).
cost(11, 23, 369266).
cost(11, 24, 577089).
cost(11, 25, 303877).
cost(11, 26, 254229).
cost(11, 27, 633538).
cost(11, 28, 248637).
cost(12, 1, 188416).
cost(12, 2, 86828).
cost(12, 3, 146258).
cost(12, 4, 240001).
cost(12, 5, 238174).
cost(12, 6, 265968).
cost(12, 7, 393967).
cost(12, 8, 250860).
cost(12, 9, 162261).
cost(12, 10, 229722).
cost(12, 11, 145466).
cost(12, 13, 415908).
cost(12, 14, 175762).
cost(12, 15, 165561).
cost(12, 16, 311824).
cost(12, 17, 643614).
cost(12, 18, 319721).
cost(12, 19, 334333).
cost(12, 20, 373803).
cost(12, 21, 361552).
cost(12, 22, 119297).
cost(12, 23, 392429).
cost(12, 24, 442981).
cost(12, 25, 166111).
cost(12, 26, 311996).
cost(12, 27, 504995).
cost(12, 28, 371851).
cost(13, 1, 564861).
cost(13, 2, 492933).
cost(13, 3, 274960).
cost(13, 4, 528990).
cost(13, 5, 383007).
cost(13, 6, 265417).
cost(13, 7, 332582).
cost(13, 8, 652933).
cost(13, 9, 491865).
cost(13, 10, 490298).
cost(13, 11, 290442).
cost(13, 12, 415908).
cost(13, 14, 570367).
cost(13, 15, 500084).
cost(13, 16, 727724).
cost(13, 17, 737099).
cost(13, 18, 686989).
cost(13, 19, 683416).
cost(13, 20, 578985).
cost(13, 21, 279819).
cost(13, 22, 394005).
cost(13, 23, 311810).
cost(13, 24, 775101).
cost(13, 25, 582009).
cost(13, 26, 206749).
cost(13, 27, 812589).
cost(13, 28, 337807).
cost(14, 1, 37972).
cost(14, 2, 158222).
cost(14, 3, 296264).
cost(14, 4, 160265).
cost(14, 5, 398853).
cost(14, 6, 360684).
cost(14, 7, 452577).
cost(14, 8, 83046).
cost(14, 9, 110124).
cost(14, 10, 351214).
cost(14, 11, 320255).
cost(14, 12, 175762).
cost(14, 13, 570367).
cost(14, 15, 103146).
cost(14, 16, 193943).
cost(14, 17, 578797).
cost(14, 18, 148140).
cost(14, 19, 171062).
cost(14, 20, 299587).
cost(14, 21, 440333).
cost(14, 22, 280089).
cost(14, 23, 459338).
cost(14, 24, 279995).
cost(14, 25, 101941).
cost(14, 26, 422815).
cost(14, 27, 349313).
cost(14, 28, 542631).
cost(15, 1, 76130).
cost(15, 2, 198590).
cost(15, 3, 236795).
cost(15, 4, 78178).
cost(15, 5, 403540).
cost(15, 6, 268272).
cost(15, 7, 350566).
cost(15, 8, 176920).
cost(15, 9, 8512).
cost(15, 10, 385762).
cost(15, 11, 288497).
cost(15, 12, 165561).
cost(15, 13, 500084).
cost(15, 14, 103146).
cost(15, 16, 297048).
cost(15, 17, 499868).
cost(15, 18, 186925).
cost(15, 19, 187170).
cost(15, 20, 220846).
cost(15, 21, 341453).
cost(15, 22, 284800).
cost(15, 23, 358228).
cost(15, 24, 289777).
cost(15, 25, 189214).
cost(15, 26, 333360).
cost(15, 27, 345152).
cost(15, 28, 531496).
cost(16, 1, 224855).
cost(16, 2, 240214).
cost(16, 3, 455896).
cost(16, 4, 345239).
cost(16, 5, 463687).
cost(16, 6, 546614).
cost(16, 7, 645900).
cost(16, 8, 134070).
cost(16, 9, 304063).
cost(16, 10, 371173).
cost(16, 11, 447620).
cost(16, 12, 311824).
cost(16, 13, 727724).
cost(16, 14, 193943).
cost(16, 15, 297048).
cost(16, 17, 740214).
cost(16, 18, 230501).
cost(16, 19, 271533).
cost(16, 20, 471311).
cost(16, 21, 631076).
cost(16, 22, 367170).
cost(16, 23, 651935).
cost(16, 24, 348929).
cost(16, 25, 145715).
cost(16, 26, 604993).
cost(16, 27, 424746).
cost(16, 28, 617841).
cost(17, 1, 540825).
cost(17, 2, 696868).
cost(17, 3, 616351).
cost(17, 4, 423923).
cost(17, 5, 858992).
cost(17, 6, 500835).
cost(17, 7, 404839).
cost(17, 8, 608019).
cost(17, 9, 498463).
cost(17, 10, 873333).
cost(17, 11, 707066).
cost(17, 12, 643614).
cost(17, 13, 737099).
cost(17, 14, 578797).
cost(17, 15, 499868).
cost(17, 16, 740214).
cost(17, 18, 515232).
cost(17, 19, 474595).
cost(17, 20, 280240).
cost(17, 21, 457475).
cost(17, 22, 754518).
cost(17, 23, 425980).
cost(17, 24, 444755).
cost(17, 25, 679736).
cost(17, 26, 538802).
cost(17, 27, 398705).
cost(17, 28, 946094).
cost(18, 1, 131866).
cost(18, 2, 304941).
cost(18, 3, 421331).
cost(18, 4, 178185).
cost(18, 5, 546990).
cost(18, 6, 447613).
cost(18, 7, 504409).
cost(18, 8, 112753).
cost(18, 9, 195124).
cost(18, 10, 495185).
cost(18, 11, 460581).
cost(18, 12, 319721).
cost(18, 13, 686989).
cost(18, 14, 148140).
cost(18, 15, 186925).
cost(18, 16, 230501).
cost(18, 17, 515232).
cost(18, 19, 41216).
cost(18, 20, 262200).
cost(18, 21, 508088).
cost(18, 22, 428046).
cost(18, 23, 516680).
cost(18, 24, 136060).
cost(18, 25, 228334).
cost(18, 26, 514266).
cost(18, 27, 210029).
cost(18, 28, 689846).
cost(19, 1, 146924).
cost(19, 2, 329263).
cost(19, 3, 423963).
cost(19, 4, 161182).
cost(19, 5, 566967).
cost(19, 6, 436250).
cost(19, 7, 482570).
cost(19, 8, 150186).
cost(19, 9, 194688).
cost(19, 10, 522013).
cost(19, 11, 470826).
cost(19, 12, 334333).
cost(19, 13, 683416).
cost(19, 14, 171062).
cost(19, 15, 187170).
cost(19, 16, 271533).
cost(19, 17, 474595).
cost(19, 18, 41216).
cost(19, 20, 226670).
cost(19, 21, 490308).
cost(19, 22, 447087).
cost(19, 23, 496063).
cost(19, 24, 109494).
cost(19, 25, 260042).
cost(19, 26, 503298).
cost(19, 27, 178677).
cost(19, 28, 706134).
cost(20, 1, 261687).
cost(20, 2, 419171).
cost(20, 3, 381067).
cost(20, 4, 143875).
cost(20, 5, 602586).
cost(20, 6, 313746).
cost(20, 7, 299050).
cost(20, 8, 337271).
cost(20, 9, 220195).
cost(20, 10, 601943).
cost(20, 11, 462218).
cost(20, 12, 373803).
cost(20, 13, 578985).
cost(20, 14, 299587).
cost(20, 15, 220846).
cost(20, 16, 471311).
cost(20, 17, 280240).
cost(20, 18, 262200).
cost(20, 19, 226670).
cost(20, 21, 326560).
cost(20, 22, 490154).
cost(20, 23, 317528).
cost(20, 24, 252905).
cost(20, 25, 399857).
cost(20, 26, 374244).
cost(20, 27, 256716).
cost(20, 28, 710274).
cost(21, 1, 417561).
cost(21, 2, 447016).
cost(21, 3, 244040).
cost(21, 4, 330253).
cost(21, 5, 486713).
cost(21, 6, 96962).
cost(21, 7, 56038).
cost(21, 8, 518252).
cost(21, 9, 333341).
cost(21, 10, 550163).
cost(21, 11, 331115).
cost(21, 12, 361552).
cost(21, 13, 279819).
cost(21, 14, 440333).
cost(21, 15, 341453).
cost(21, 16, 631076).
cost(21, 17, 457475).
cost(21, 18, 508088).
cost(21, 19, 490308).
cost(21, 20, 326560).
cost(21, 22, 422121).
cost(21, 23, 39751).
cost(21, 24, 559350).
cost(21, 25, 499328).
cost(21, 26, 89429).
cost(21, 27, 579371).
cost(21, 28, 526995).
cost(22, 1, 300181).
cost(22, 2, 133033).
cost(22, 3, 178348).
cost(22, 4, 359051).
cost(22, 5, 120169).
cost(22, 6, 326053).
cost(22, 7, 464625).
cost(22, 8, 343420).
cost(22, 9, 281556).
cost(22, 10, 128926).
cost(22, 11, 106913).
cost(22, 12, 119297).
cost(22, 13, 394005).
cost(22, 14, 280089).
cost(22, 15, 284800).
cost(22, 16, 367170).
cost(22, 17, 754518).
cost(22, 18, 428046).
cost(22, 19, 447087).
cost(22, 20, 490154).
cost(22, 21, 422121).
cost(22, 23, 458220).
cost(22, 24, 556501).
cost(22, 25, 232640).
cost(22, 26, 352726).
cost(22, 27, 621091).
cost(22, 28, 263753).
cost(23, 1, 434175).
cost(23, 2, 476786).
cost(23, 3, 280790).
cost(23, 4, 338582).
cost(23, 5, 525518).
cost(23, 6, 132170).
cost(23, 7, 21567).
cost(23, 8, 534953).
cost(23, 9, 350429).
cost(23, 10, 586682).
cost(23, 11, 369266).
cost(23, 12, 392429).
cost(23, 13, 311810).
cost(23, 14, 459338).
cost(23, 15, 358228).
cost(23, 16, 651935).
cost(23, 17, 425980).
cost(23, 18, 516680).
cost(23, 19, 496063).
cost(23, 20, 317528).
cost(23, 21, 39751).
cost(23, 22, 458220).
cost(23, 24, 558490).
cost(23, 25, 523939).
cost(23, 26, 128823).
cost(23, 27, 573338).
cost(23, 28, 566662).
cost(24, 1, 256321).
cost(24, 2, 438178).
cost(24, 3, 524666).
cost(24, 4, 246135).
cost(24, 5, 676430).
cost(24, 6, 518640).
cost(24, 7, 542269).
cost(24, 8, 246965).
cost(24, 9, 296532).
cost(24, 10, 630120).
cost(24, 11, 577089).
cost(24, 12, 442981).
cost(24, 13, 775101).
cost(24, 14, 279995).
cost(24, 15, 289777).
cost(24, 16, 348929).
cost(24, 17, 444755).
cost(24, 18, 136060).
cost(24, 19, 109494).
cost(24, 20, 252905).
cost(24, 21, 559350).
cost(24, 22, 556501).
cost(24, 23, 558490).
cost(24, 25, 364394).
cost(24, 26, 585280).
cost(24, 27, 76178).
cost(24, 28, 814819).
cost(25, 1, 139592).
cost(25, 2, 100021).
cost(25, 3, 310721).
cost(25, 4, 257866).
cost(25, 5, 341422).
cost(25, 6, 410146).
cost(25, 7, 520504).
cost(25, 8, 122099).
cost(25, 9, 193757).
cost(25, 10, 271223).
cost(25, 11, 303877).
cost(25, 12, 166111).
cost(25, 13, 582009).
cost(25, 14, 101941).
cost(25, 15, 189214).
cost(25, 16, 145715).
cost(25, 17, 679736).
cost(25, 18, 228334).
cost(25, 19, 260042).
cost(25, 20, 399857).
cost(25, 21, 499328).
cost(25, 22, 232640).
cost(25, 23, 523939).
cost(25, 24, 364394).
cost(25, 26, 465236).
cost(25, 27, 437717).
cost(25, 28, 493356).
cost(26, 1, 406870).
cost(26, 2, 398803).
cost(26, 3, 176345).
cost(26, 4, 342899).
cost(26, 5, 405371).
cost(26, 6, 67075).
cost(26, 7, 145133).
cost(26, 8, 504727).
cost(26, 9, 324855).
cost(26, 10, 477958).
cost(26, 11, 254229).
cost(26, 12, 311996).
cost(26, 13, 206749).
cost(26, 14, 422815).
cost(26, 15, 333360).
cost(26, 16, 604993).
cost(26, 17, 538802).
cost(26, 18, 514266).
cost(26, 19, 503298).
cost(26, 20, 374244).
cost(26, 21, 89429).
cost(26, 22, 352726).
cost(26, 23, 128823).
cost(26, 24, 585280).
cost(26, 25, 465236).
cost(26, 27, 615609).
cost(26, 28, 438039).
cost(27, 1, 322357).
cost(27, 2, 507243).
cost(27, 3, 574007).
cost(27, 4, 289539).
cost(27, 5, 741260).
cost(27, 6, 550407).
cost(27, 7, 555357).
cost(27, 8, 322092).
cost(27, 9, 350961).
cost(27, 10, 700501).
cost(27, 11, 633538).
cost(27, 12, 504995).
cost(27, 13, 812589).
cost(27, 14, 349313).
cost(27, 15, 345152).
cost(27, 16, 424746).
cost(27, 17, 398705).
cost(27, 18, 210029).
cost(27, 19, 178677).
cost(27, 20, 256716).
cost(27, 21, 579371).
cost(27, 22, 621091).
cost(27, 23, 573338).
cost(27, 24, 76178).
cost(27, 25, 437717).
cost(27, 26, 615609).
cost(27, 28, 875664).
cost(28, 1, 559735).
cost(28, 2, 395508).
cost(28, 3, 331895).
cost(28, 4, 597685).
cost(28, 5, 154156).
cost(28, 6, 452821).
cost(28, 7, 581661).
cost(28, 8, 607054).
cost(28, 9, 526422).
cost(28, 10, 261010).
cost(28, 11, 248637).
cost(28, 12, 371851).
cost(28, 13, 337807).
cost(28, 14, 542631).
cost(28, 15, 531496).
cost(28, 16, 617841).
cost(28, 17, 946094).
cost(28, 18, 689846).
cost(28, 19, 706134).
cost(28, 20, 710274).
cost(28, 21, 526995).
cost(28, 22, 263753).
cost(28, 23, 566662).
cost(28, 24, 814819).
cost(28, 25, 493356).
cost(28, 26, 438039).
cost(28, 27, 875664).
