dimension(28).
point(1, -156836.0, -51101.0).
point(2, 136027.0, -206195.0).
point(3, -7713.0, -75291.0).
point(4, -200432.0, 312305.0).
point(5, -161019.0, 77941.0).
point(6, 158556.0, 6148.0).
point(7, -83285.0, 19522.0).
point(8, -312044.0, -93850.0).
point(9, 58806.0, 206112.0).
point(10, -44093.0, -319437.0).
point(11, -256415.0, 287899.0).
point(12, -137918.0, -59764.0).
point(13, -104011.0, 205270.0).
point(14, -146487.0, -249068.0).
point(15, 251739.0, -497913.0).
point(16, 37646.0, -188725.0).
point(17, 260865.0, 177245.0).
point(18, -161508.0, -288625.0).
point(19, 124465.0, 34034.0).
point(20, 263254.0, -80070.0).
point(21, -416959.0, 200621.0).
point(22, -107021.0, 168294.0).
point(23, 336689.0, -475224.0).
point(24, 376486.0, 206694.0).
point(25, -408092.0, -275974.0).
point(26, 52093.0, 353194.0).
point(27, 223919.0, -204480.0).
point(28, -343706.0, -229047.0).
cost(1, 2, 331395).
cost(1, 3, 151072).
cost(1, 4, 366012).
cost(1, 5, 129110).
cost(1, 6, 320546).
cost(1, 7, 101967).
cost(1, 8, 160988).
cost(1, 9, 335649).
cost(1, 10, 291059).
cost(1, 11, 353323).
cost(1, 12, 20807).
cost(1, 13, 261757).
cost(1, 14, 198237).
cost(1, 15, 605454).
cost(1, 16, 238251).
cost(1, 17, 476042).
cost(1, 18, 237570).
cost(1, 19, 293902).
cost(1, 20, 421088).
cost(1, 21, 361978).
cost(1, 22, 224979).
cost(1, 23, 650728).
cost(1, 24, 592360).
cost(1, 25, 337191).
cost(1, 26, 455089).
cost(1, 27, 410487).
cost(1, 28, 258041).
cost(2, 1, 331395).
cost(2, 3, 194415).
cost(2, 4, 618099).
cost(2, 5, 411059).
cost(2, 6, 213535).
cost(2, 7, 314716).
cost(2, 8, 461940).
cost(2, 9, 419476).
cost(2, 10, 212760).
cost(2, 11, 630983).
cost(2, 12, 310625).
cost(2, 13, 476363).
cost(2, 14, 285749).
cost(2, 15, 313829).
cost(2, 16, 99920).
cost(2, 17, 403250).
cost(2, 18, 308742).
cost(2, 19, 240507).
cost(2, 20, 179149).
cost(2, 21, 686508).
cost(2, 22, 446446).
cost(2, 23, 335622).
cost(2, 24, 477805).
cost(2, 25, 548575).
cost(2, 26, 565651).
cost(2, 27, 87909).
cost(2, 28, 480277).
cost(3, 1, 151072).
cost(3, 2, 194415).
cost(3, 4, 432864).
cost(3, 5, 216755).
cost(3, 6, 185142).
cost(3, 7, 121246).
cost(3, 8, 304896).
cost(3, 9, 289158).
cost(3, 10, 246842).
cost(3, 11, 440181).
cost(3, 12, 131128).
cost(3, 13, 296627).
cost(3, 14, 222389).
cost(3, 15, 495908).
cost(3, 16, 122167).
cost(3, 17, 368658).
cost(3, 18, 262991).
cost(3, 19, 171531).
cost(3, 20, 271009).
cost(3, 21, 493568).
cost(3, 22, 263051).
cost(3, 23, 527787).
cost(3, 24, 476576).
cost(3, 25, 447858).
cost(3, 26, 432639).
cost(3, 27, 265223).
cost(3, 28, 369503).
cost(4, 1, 366012).
cost(4, 2, 618099).
cost(4, 3, 432864).
cost(4, 5, 237655).
cost(4, 6, 471810).
cost(4, 7, 315349).
cost(4, 8, 421211).
cost(4, 9, 280145).
cost(4, 10, 650799).
cost(4, 11, 61072).
cost(4, 12, 377284).
cost(4, 13, 144061).
cost(4, 14, 563959).
cost(4, 15, 927853).
cost(4, 16, 554718).
cost(4, 17, 480662).
cost(4, 18, 602189).
cost(4, 19, 427777).
cost(4, 20, 607423).
cost(4, 21, 243633).
cost(4, 22, 171653).
cost(4, 23, 953258).
cost(4, 24, 586505).
cost(4, 25, 623855).
cost(4, 26, 255814).
cost(4, 27, 668686).
cost(4, 28, 559991).
cost(5, 1, 129110).
cost(5, 2, 411059).
cost(5, 3, 216755).
cost(5, 4, 237655).
cost(5, 6, 327540).
cost(5, 7, 97239).
cost(5, 8, 228737).
cost(5, 9, 254462).
cost(5, 10, 414223).
cost(5, 11, 230614).
cost(5, 12, 139629).
cost(5, 13, 139508).
cost(5, 14, 327332).
cost(5, 15, 708503).
cost(5, 16, 332534).
cost(5, 17, 433414).
cost(5, 18, 366566).
cost(5, 19, 288841).
cost(5, 20, 452742).
cost(5, 21, 283823).
cost(5, 22, 105259).
cost(5, 23, 744113).
cost(5, 24, 552711).
cost(5, 25, 431626).
cost(5, 26, 348111).
cost(5, 27, 477429).
cost(5, 28, 357234).
cost(6, 1, 320546).
cost(6, 2, 213535).
cost(6, 3, 185142).
cost(6, 4, 471810).
cost(6, 5, 327540).
cost(6, 7, 242211).
cost(6, 8, 481107).
cost(6, 9, 223463).
cost(6, 10, 383500).
cost(6, 11, 501582).
cost(6, 12, 303712).
cost(6, 13, 329531).
cost(6, 14, 397727).
cost(6, 15, 512602).
cost(6, 16, 229335).
cost(6, 17, 199352).
cost(6, 18, 435123).
cost(6, 19, 44043).
cost(6, 20, 135629).
cost(6, 21, 607484).
cost(6, 22, 311163).
cost(6, 23, 513274).
cost(6, 24, 296162).
cost(6, 25, 632995).
cost(6, 26, 363009).
cost(6, 27, 220537).
cost(6, 28, 554602).
cost(7, 1, 101967).
cost(7, 2, 314716).
cost(7, 3, 121246).
cost(7, 4, 315349).
cost(7, 5, 97239).
cost(7, 6, 242211).
cost(7, 8, 255311).
cost(7, 9, 234533).
cost(7, 10, 341217).
cost(7, 11, 319375).
cost(7, 12, 96286).
cost(7, 13, 186901).
cost(7, 14, 275926).
cost(7, 15, 616425).
cost(7, 16, 240813).
cost(7, 17, 378571).
cost(7, 18, 317920).
cost(7, 19, 208256).
cost(7, 20, 360566).
cost(7, 21, 379651).
cost(7, 22, 150654).
cost(7, 23, 648962).
cost(7, 24, 496410).
cost(7, 25, 439110).
cost(7, 26, 360089).
cost(7, 27, 380199).
cost(7, 28, 360008).
cost(8, 1, 160988).
cost(8, 2, 461940).
cost(8, 3, 304896).
cost(8, 4, 421211).
cost(8, 5, 228737).
cost(8, 6, 481107).
cost(8, 7, 255311).
cost(8, 9, 476977).
cost(8, 10, 350267).
cost(8, 11, 385781).
cost(8, 12, 177431).
cost(8, 13, 364349).
cost(8, 14, 226940).
cost(8, 15, 693627).
cost(8, 16, 362332).
cost(8, 17, 633812).
cost(8, 18, 246167).
cost(8, 19, 454856).
cost(8, 20, 575463).
cost(8, 21, 312603).
cost(8, 22, 332797).
cost(8, 23, 752529).
cost(8, 24, 751266).
cost(8, 25, 205899).
cost(8, 26, 576580).
cost(8, 27, 547262).
cost(8, 28, 138855).
cost(9, 1, 335649).
cost(9, 2, 419476).
cost(9, 3, 289158).
cost(9, 4, 280145).
cost(9, 5, 254462).
cost(9, 6, 223463).
cost(9, 7, 234533).
cost(9, 8, 476977).
cost(9, 10, 535528).
cost(9, 11, 325658).
cost(9, 12, 330742).
cost(9, 13, 162819).
cost(9, 14, 499334).
cost(9, 15, 729982).
cost(9, 16, 395404).
cost(9, 17, 204111).
cost(9, 18, 541575).
cost(9, 19, 184179).
cost(9, 20, 351709).
cost(9, 21, 475797).
cost(9, 22, 170085).
cost(9, 23, 735825).
cost(9, 24, 317681).
cost(9, 25, 671119).
cost(9, 26, 147235).
cost(9, 27, 442547).
cost(9, 28, 592773).
cost(10, 1, 291059).
cost(10, 2, 212760).
cost(10, 3, 246842).
cost(10, 4, 650799).
cost(10, 5, 414223).
cost(10, 6, 383500).
cost(10, 7, 341217).
cost(10, 8, 350267).
cost(10, 9, 535528).
cost(10, 11, 643380).
cost(10, 12, 276104).
cost(10, 13, 528117).
cost(10, 14, 124243).
cost(10, 15, 345500).
cost(10, 16, 154165).
cost(10, 17, 582831).
cost(10, 18, 121391).
cost(10, 19, 391604).
cost(10, 20, 389562).
cost(10, 21, 639914).
cost(10, 22, 491774).
cost(10, 23, 411418).
cost(10, 24, 673573).
cost(10, 25, 366585).
cost(10, 26, 679473).
cost(10, 27, 291626).
cost(10, 28, 312951).
cost(11, 1, 353323).
cost(11, 2, 630983).
cost(11, 3, 440181).
cost(11, 4, 61072).
cost(11, 5, 230614).
cost(11, 6, 501582).
cost(11, 7, 319375).
cost(11, 8, 385781).
cost(11, 9, 325658).
cost(11, 10, 643380).
cost(11, 12, 367302).
cost(11, 13, 173362).
cost(11, 14, 548104).
cost(11, 15, 935800).
cost(11, 16, 560038).
cost(11, 17, 528983).
cost(11, 18, 584284).
cost(11, 19, 457730).
cost(11, 20, 636755).
cost(11, 21, 182734).
cost(11, 22, 191374).
cost(11, 23, 966504).
cost(11, 24, 638089).
cost(11, 25, 583917).
cost(11, 26, 315342).
cost(11, 27, 687865).
cost(11, 28, 524264).
cost(12, 1, 20807).
cost(12, 2, 310625).
cost(12, 3, 131128).
cost(12, 4, 377284).
cost(12, 5, 139629).
cost(12, 6, 303712).
cost(12, 7, 96286).
cost(12, 8, 177431).
cost(12, 9, 330742).
cost(12, 10, 276104).
cost(12, 11, 367302).
cost(12, 13, 267194).
cost(12, 14, 189498).
cost(12, 15, 586351).
cost(12, 16, 217839).
cost(12, 17, 463898).
cost(12, 18, 230074).
cost(12, 19, 278645).
cost(12, 20, 401686).
cost(12, 21, 381660).
cost(12, 22, 230141).
cost(12, 23, 630761).
cost(12, 24, 579320).
cost(12, 25, 346036).
cost(12, 26, 454575).
cost(12, 27, 389703).
cost(12, 28, 266468).
cost(13, 1, 261757).
cost(13, 2, 476363).
cost(13, 3, 296627).
cost(13, 4, 144061).
cost(13, 5, 139508).
cost(13, 6, 329531).
cost(13, 7, 186901).
cost(13, 8, 364349).
cost(13, 9, 162819).
cost(13, 10, 528117).
cost(13, 11, 173362).
cost(13, 12, 267194).
cost(13, 14, 456319).
cost(13, 15, 788051).
cost(13, 16, 418687).
cost(13, 17, 365951).
cost(13, 18, 497231).
cost(13, 19, 285522).
cost(13, 20, 465083).
cost(13, 21, 312983).
cost(13, 22, 37098).
cost(13, 23, 810733).
cost(13, 24, 480499).
cost(13, 25, 569264).
cost(13, 26, 215058).
cost(13, 27, 524817).
cost(13, 28, 496070).
cost(14, 1, 198237).
cost(14, 2, 285749).
cost(14, 3, 222389).
cost(14, 4, 563959).
cost(14, 5, 327332).
cost(14, 6, 397727).
cost(14, 7, 275926).
cost(14, 8, 226940).
cost(14, 9, 499334).
cost(14, 10, 124243).
cost(14, 11, 548104).
cost(14, 12, 189498).
cost(14, 13, 456319).
cost(14, 15, 469583).
cost(14, 16, 193769).
cost(14, 17, 589643).
cost(14, 18, 42313).
cost(14, 19, 391870).
cost(14, 20, 443225).
cost(14, 21, 524762).
cost(14, 22, 419224).
cost(14, 23, 533484).
cost(14, 24, 693700).
cost(14, 25, 262985).
cost(14, 26, 634156).
cost(14, 27, 373080).
cost(14, 28, 198233).
cost(15, 1, 605454).
cost(15, 2, 313829).
cost(15, 3, 495908).
cost(15, 4, 927853).
cost(15, 5, 708503).
cost(15, 6, 512602).
cost(15, 7, 616425).
cost(15, 8, 693627).
cost(15, 9, 729982).
cost(15, 10, 345500).
cost(15, 11, 935800).
cost(15, 12, 586351).
cost(15, 13, 788051).
cost(15, 14, 469583).
cost(15, 16, 376076).
cost(15, 17, 675220).
cost(15, 18, 463222).
cost(15, 19, 546961).
cost(15, 20, 418002).
cost(15, 21, 967009).
cost(15, 22, 756664).
cost(15, 23, 87928).
cost(15, 24, 715565).
cost(15, 25, 696156).
cost(15, 26, 874209).
cost(15, 27, 294749).
cost(15, 28, 653333).
cost(16, 1, 238251).
cost(16, 2, 99920).
cost(16, 3, 122167).
cost(16, 4, 554718).
cost(16, 5, 332534).
cost(16, 6, 229335).
cost(16, 7, 240813).
cost(16, 8, 362332).
cost(16, 9, 395404).
cost(16, 10, 154165).
cost(16, 11, 560038).
cost(16, 12, 217839).
cost(16, 13, 418687).
cost(16, 14, 193769).
cost(16, 15, 376076).
cost(16, 17, 428673).
cost(16, 18, 222806).
cost(16, 19, 239080).
cost(16, 20, 250409).
cost(16, 21, 598545).
cost(16, 22, 385216).
cost(16, 23, 414136).
cost(16, 24, 520739).
cost(16, 25, 454197).
cost(16, 26, 542112).
cost(16, 27, 186938).
cost(16, 28, 383478).
cost(17, 1, 476042).
cost(17, 2, 403250).
cost(17, 3, 368658).
cost(17, 4, 480662).
cost(17, 5, 433414).
cost(17, 6, 199352).
cost(17, 7, 378571).
cost(17, 8, 633812).
cost(17, 9, 204111).
cost(17, 10, 582831).
cost(17, 11, 528983).
cost(17, 12, 463898).
cost(17, 13, 365951).
cost(17, 14, 589643).
cost(17, 15, 675220).
cost(17, 16, 428673).
cost(17, 18, 628835).
cost(17, 19, 197773).
cost(17, 20, 257326).
cost(17, 21, 678227).
cost(17, 22, 367995).
cost(17, 23, 656860).
cost(17, 24, 119312).
cost(17, 25, 808029).
cost(17, 26, 273027).
cost(17, 27, 383509).
cost(17, 28, 728409).
cost(18, 1, 237570).
cost(18, 2, 308742).
cost(18, 3, 262991).
cost(18, 4, 602189).
cost(18, 5, 366566).
cost(18, 6, 435123).
cost(18, 7, 317920).
cost(18, 8, 246167).
cost(18, 9, 541575).
cost(18, 10, 121391).
cost(18, 11, 584284).
cost(18, 12, 230074).
cost(18, 13, 497231).
cost(18, 14, 42313).
cost(18, 15, 463222).
cost(18, 16, 222806).
cost(18, 17, 628835).
cost(18, 19, 431149).
cost(18, 20, 473200).
cost(18, 21, 551921).
cost(18, 22, 460156).
cost(18, 23, 531996).
cost(18, 24, 731285).
cost(18, 25, 246908).
cost(18, 26, 676430).
cost(18, 27, 394505).
cost(18, 28, 191692).
cost(19, 1, 293902).
cost(19, 2, 240507).
cost(19, 3, 171531).
cost(19, 4, 427777).
cost(19, 5, 288841).
cost(19, 6, 44043).
cost(19, 7, 208256).
cost(19, 8, 454856).
cost(19, 9, 184179).
cost(19, 10, 391604).
cost(19, 11, 457730).
cost(19, 12, 278645).
cost(19, 13, 285522).
cost(19, 14, 391870).
cost(19, 15, 546961).
cost(19, 16, 239080).
cost(19, 17, 197773).
cost(19, 18, 431149).
cost(19, 20, 179672).
cost(19, 21, 566473).
cost(19, 22, 267603).
cost(19, 23, 551709).
cost(19, 24, 305493).
cost(19, 25, 616216).
cost(19, 26, 327263).
cost(19, 27, 258418).
cost(19, 28, 537025).
cost(20, 1, 421088).
cost(20, 2, 179149).
cost(20, 3, 271009).
cost(20, 4, 607423).
cost(20, 5, 452742).
cost(20, 6, 135629).
cost(20, 7, 360566).
cost(20, 8, 575463).
cost(20, 9, 351709).
cost(20, 10, 389562).
cost(20, 11, 636755).
cost(20, 12, 401686).
cost(20, 13, 465083).
cost(20, 14, 443225).
cost(20, 15, 418002).
cost(20, 16, 250409).
cost(20, 17, 257326).
cost(20, 18, 473200).
cost(20, 19, 179672).
cost(20, 21, 735851).
cost(20, 22, 445857).
cost(20, 23, 401920).
cost(20, 24, 308310).
cost(20, 25, 699345).
cost(20, 26, 481982).
cost(20, 27, 130480).
cost(20, 28, 624976).
cost(21, 1, 361978).
cost(21, 2, 686508).
cost(21, 3, 493568).
cost(21, 4, 243633).
cost(21, 5, 283823).
cost(21, 6, 607484).
cost(21, 7, 379651).
cost(21, 8, 312603).
cost(21, 9, 475797).
cost(21, 10, 639914).
cost(21, 11, 182734).
cost(21, 12, 381660).
cost(21, 13, 312983).
cost(21, 14, 524762).
cost(21, 15, 967009).
cost(21, 16, 598545).
cost(21, 17, 678227).
cost(21, 18, 551921).
cost(21, 19, 566473).
cost(21, 20, 735851).
cost(21, 22, 311619).
cost(21, 23, 1012300).
cost(21, 24, 793468).
cost(21, 25, 476677).
cost(21, 26, 493243).
cost(21, 27, 758176).
cost(21, 28, 435868).
cost(22, 1, 224979).
cost(22, 2, 446446).
cost(22, 3, 263051).
cost(22, 4, 171653).
cost(22, 5, 105259).
cost(22, 6, 311163).
cost(22, 7, 150654).
cost(22, 8, 332797).
cost(22, 9, 170085).
cost(22, 10, 491774).
cost(22, 11, 191374).
cost(22, 12, 230141).
cost(22, 13, 37098).
cost(22, 14, 419224).
cost(22, 15, 756664).
cost(22, 16, 385216).
cost(22, 17, 367995).
cost(22, 18, 460156).
cost(22, 19, 267603).
cost(22, 20, 445857).
cost(22, 21, 311619).
cost(22, 23, 781661).
cost(22, 24, 485029).
cost(22, 25, 536673).
cost(22, 26, 243937).
cost(22, 27, 498479).
cost(22, 28, 462493).
cost(23, 1, 650728).
cost(23, 2, 335622).
cost(23, 3, 527787).
cost(23, 4, 953258).
cost(23, 5, 744113).
cost(23, 6, 513274).
cost(23, 7, 648962).
cost(23, 8, 752529).
cost(23, 9, 735825).
cost(23, 10, 411418).
cost(23, 11, 966504).
cost(23, 12, 630761).
cost(23, 13, 810733).
cost(23, 14, 533484).
cost(23, 15, 87928).
cost(23, 16, 414136).
cost(23, 17, 656860).
cost(23, 18, 531996).
cost(23, 19, 551709).
cost(23, 20, 401920).
cost(23, 21, 1012300).
cost(23, 22, 781661).
cost(23, 24, 683078).
cost(23, 25, 770973).
cost(23, 26, 875940).
cost(23, 27, 293291).
cost(23, 28, 723561).
cost(24, 1, 592360).
cost(24, 2, 477805).
cost(24, 3, 476576).
cost(24, 4, 586505).
cost(24, 5, 552711).
cost(24, 6, 296162).
cost(24, 7, 496410).
cost(24, 8, 751266).
cost(24, 9, 317681).
cost(24, 10, 673573).
cost(24, 11, 638089).
cost(24, 12, 579320).
cost(24, 13, 480499).
cost(24, 14, 693700).
cost(24, 15, 715565).
cost(24, 16, 520739).
cost(24, 17, 119312).
cost(24, 18, 731285).
cost(24, 19, 305493).
cost(24, 20, 308310).
cost(24, 21, 793468).
cost(24, 22, 485029).
cost(24, 23, 683078).
cost(24, 25, 921157).
cost(24, 26, 355940).
cost(24, 27, 438567).
cost(24, 28, 841752).
cost(25, 1, 337191).
cost(25, 2, 548575).
cost(25, 3, 447858).
cost(25, 4, 623855).
cost(25, 5, 431626).
cost(25, 6, 632995).
cost(25, 7, 439110).
cost(25, 8, 205899).
cost(25, 9, 671119).
cost(25, 10, 366585).
cost(25, 11, 583917).
cost(25, 12, 346036).
cost(25, 13, 569264).
cost(25, 14, 262985).
cost(25, 15, 696156).
cost(25, 16, 454197).
cost(25, 17, 808029).
cost(25, 18, 246908).
cost(25, 19, 616216).
cost(25, 20, 699345).
cost(25, 21, 476677).
cost(25, 22, 536673).
cost(25, 23, 770973).
cost(25, 24, 921157).
cost(25, 26, 779502).
cost(25, 27, 636042).
cost(25, 28, 79672).
cost(26, 1, 455089).
cost(26, 2, 565651).
cost(26, 3, 432639).
cost(26, 4, 255814).
cost(26, 5, 348111).
cost(26, 6, 363009).
cost(26, 7, 360089).
cost(26, 8, 576580).
cost(26, 9, 147235).
cost(26, 10, 679473).
cost(26, 11, 315342).
cost(26, 12, 454575).
cost(26, 13, 215058).
cost(26, 14, 634156).
cost(26, 15, 874209).
cost(26, 16, 542112).
cost(26, 17, 273027).
cost(26, 18, 676430).
cost(26, 19, 327263).
cost(26, 20, 481982).
cost(26, 21, 493243).
cost(26, 22, 243937).
cost(26, 23, 875940).
cost(26, 24, 355940).
cost(26, 25, 779502).
cost(26, 27, 583545).
cost(26, 28, 704032).
cost(27, 1, 410487).
cost(27, 2, 87909).
cost(27, 3, 265223).
cost(27, 4, 668686).
cost(27, 5, 477429).
cost(27, 6, 220537).
cost(27, 7, 380199).
cost(27, 8, 547262).
cost(27, 9, 442547).
cost(27, 10, 291626).
cost(27, 11, 687865).
cost(27, 12, 389703).
cost(27, 13, 524817).
cost(27, 14, 373080).
cost(27, 15, 294749).
cost(27, 16, 186938).
cost(27, 17, 383509).
cost(27, 18, 394505).
cost(27, 19, 258418).
cost(27, 20, 130480).
cost(27, 21, 758176).
cost(27, 22, 498479).
cost(27, 23, 293291).
cost(27, 24, 438567).
cost(27, 25, 636042).
cost(27, 26, 583545).
cost(27, 28, 568156).
cost(28, 1, 258041).
cost(28, 2, 480277).
cost(28, 3, 369503).
cost(28, 4, 559991).
cost(28, 5, 357234).
cost(28, 6, 554602).
cost(28, 7, 360008).
cost(28, 8, 138855).
cost(28, 9, 592773).
cost(28, 10, 312951).
cost(28, 11, 524264).
cost(28, 12, 266468).
cost(28, 13, 496070).
cost(28, 14, 198233).
cost(28, 15, 653333).
cost(28, 16, 383478).
cost(28, 17, 728409).
cost(28, 18, 191692).
cost(28, 19, 537025).
cost(28, 20, 624976).
cost(28, 21, 435868).
cost(28, 22, 462493).
cost(28, 23, 723561).
cost(28, 24, 841752).
cost(28, 25, 79672).
cost(28, 26, 704032).
cost(28, 27, 568156).
