dimension(28).
point(1, -162937.0, 349526.0).
point(2, -256367.0, -300805.0).
point(3, -22630.0, -265804.0).
point(4, -187311.0, 8933.0).
point(5, 64551.0, -7228.0).
point(6, -15171.0, 100626.0).
point(7, -127587.0, -182531.0).
point(8, 101096.0, -86426.0).
point(9, 236905.0, 177154.0).
point(10, 53771.0, -85340.0).
point(11, 604801.0, 35175.0).
point(12, -319979.0, -318156.0).
point(13, 73355.0, 99345.0).
point(14, 18444.0, -102396.0).
point(15, -202315.0, -153593.0).
point(16, 113389.0, 205452.0).
point(17, 41042.0, -221908.0).
point(18, 2235.0, -113110.0).
point(19, -70915.0, -53317.0).
point(20, 50904.0, -19357.0).
point(21, -41968.0, -212685.0).
point(22, -291037.0, 72729.0).
point(23, -33942.0, -107923.0).
point(24, -160071.0, 293348.0).
point(25, 278947.0, -155428.0).
point(26, -127465.0, -46523.0).
point(27, 23533.0, -331396.0).
point(28, -174017.0, 332715.0).
cost(1, 2, 657008).
cost(1, 3, 631124).
cost(1, 4, 341464).
cost(1, 5, 423113).
cost(1, 6, 289458).
cost(1, 7, 533230).
cost(1, 8, 509674).
cost(1, 9, 435414).
cost(1, 10, 485871).
cost(1, 11, 829601).
cost(1, 12, 685902).
cost(1, 13, 344129).
cost(1, 14, 486963).
cost(1, 15, 504658).
cost(1, 16, 311630).
cost(1, 17, 606749).
cost(1, 18, 491237).
cost(1, 19, 413220).
cost(1, 20, 426383).
cost(1, 21, 575078).
cost(1, 22, 305002).
cost(1, 23, 475289).
cost(1, 24, 56251).
cost(1, 25, 670999).
cost(1, 26, 397634).
cost(1, 27, 705993).
cost(1, 28, 20134).
cost(2, 1, 657008).
cost(2, 3, 236343).
cost(2, 4, 317343).
cost(2, 5, 434943).
cost(2, 6, 468319).
cost(2, 7, 174851).
cost(2, 8, 416819).
cost(2, 9, 686849).
cost(2, 10, 377638).
cost(2, 11, 924388).
cost(2, 12, 65936).
cost(2, 13, 518495).
cost(2, 14, 338950).
cost(2, 15, 156822).
cost(2, 16, 626910).
cost(2, 17, 307696).
cost(2, 18, 319538).
cost(2, 19, 309262).
cost(2, 20, 416687).
cost(2, 21, 231802).
cost(2, 22, 375140).
cost(2, 23, 294408).
cost(2, 24, 601906).
cost(2, 25, 554703).
cost(2, 26, 285088).
cost(2, 27, 281567).
cost(2, 28, 638850).
cost(3, 1, 631124).
cost(3, 2, 236343).
cost(3, 4, 320313).
cost(3, 5, 272877).
cost(3, 6, 366506).
cost(3, 7, 133979).
cost(3, 8, 217910).
cost(3, 9, 513391).
cost(3, 10, 195970).
cost(3, 11, 695886).
cost(3, 12, 301922).
cost(3, 13, 377554).
cost(3, 14, 168491).
cost(3, 15, 211844).
cost(3, 16, 490493).
cost(3, 17, 77337).
cost(3, 18, 154705).
cost(3, 19, 217904).
cost(3, 20, 257184).
cost(3, 21, 56530).
cost(3, 22, 432027).
cost(3, 23, 158286).
cost(3, 24, 575796).
cost(3, 25, 321141).
cost(3, 26, 243053).
cost(3, 27, 80208).
cost(3, 28, 617368).
cost(4, 1, 341464).
cost(4, 2, 317343).
cost(4, 3, 320313).
cost(4, 5, 252380).
cost(4, 6, 195038).
cost(4, 7, 200563).
cost(4, 8, 303763).
cost(4, 9, 456352).
cost(4, 10, 258859).
cost(4, 11, 792547).
cost(4, 12, 352970).
cost(4, 13, 275901).
cost(4, 14, 233943).
cost(4, 15, 163217).
cost(4, 16, 359222).
cost(4, 17, 324704).
cost(4, 18, 225438).
cost(4, 19, 131997).
cost(4, 20, 239889).
cost(4, 21, 265027).
cost(4, 22, 121774).
cost(4, 23, 192814).
cost(4, 24, 285716).
cost(4, 25, 494379).
cost(4, 26, 81590).
cost(4, 27, 400349).
cost(4, 28, 324055).
cost(5, 1, 423113).
cost(5, 2, 434943).
cost(5, 3, 272877).
cost(5, 4, 252380).
cost(5, 6, 134120).
cost(5, 7, 260093).
cost(5, 8, 87223).
cost(5, 9, 252394).
cost(5, 10, 78852).
cost(5, 11, 541912).
cost(5, 12, 494509).
cost(5, 13, 106936).
cost(5, 14, 105749).
cost(5, 15, 304368).
cost(5, 16, 218215).
cost(5, 17, 215963).
cost(5, 18, 122859).
cost(5, 19, 143092).
cost(5, 20, 18258).
cost(5, 21, 231428).
cost(5, 22, 364467).
cost(5, 23, 140856).
cost(5, 24, 375235).
cost(5, 25, 260632).
cost(5, 26, 195996).
cost(5, 27, 326753).
cost(5, 28, 415302).
cost(6, 1, 289458).
cost(6, 2, 468319).
cost(6, 3, 366506).
cost(6, 4, 195038).
cost(6, 5, 134120).
cost(6, 7, 304656).
cost(6, 8, 220242).
cost(6, 9, 263437).
cost(6, 10, 198334).
cost(6, 11, 623417).
cost(6, 12, 517964).
cost(6, 13, 88535).
cost(6, 14, 205786).
cost(6, 15, 315674).
cost(6, 16, 165880).
cost(6, 17, 327396).
cost(6, 18, 214444).
cost(6, 19, 163725).
cost(6, 20, 136974).
cost(6, 21, 314455).
cost(6, 22, 277273).
cost(6, 23, 209392).
cost(6, 24, 241118).
cost(6, 25, 389960).
cost(6, 26, 185102).
cost(6, 27, 433752).
cost(6, 28, 281243).
cost(7, 1, 533230).
cost(7, 2, 174851).
cost(7, 3, 133979).
cost(7, 4, 200563).
cost(7, 5, 260093).
cost(7, 6, 304656).
cost(7, 8, 248057).
cost(7, 9, 512082).
cost(7, 10, 205759).
cost(7, 11, 764060).
cost(7, 12, 235391).
cost(7, 13, 346167).
cost(7, 14, 166573).
cost(7, 15, 80135).
cost(7, 16, 456728).
cost(7, 17, 173165).
cost(7, 18, 147218).
cost(7, 19, 141096).
cost(7, 20, 241836).
cost(7, 21, 90774).
cost(7, 22, 303107).
cost(7, 23, 119732).
cost(7, 24, 476986).
cost(7, 25, 407436).
cost(7, 26, 136008).
cost(7, 27, 212127).
cost(7, 28, 517334).
cost(8, 1, 509674).
cost(8, 2, 416819).
cost(8, 3, 217910).
cost(8, 4, 303763).
cost(8, 5, 87223).
cost(8, 6, 220242).
cost(8, 7, 248057).
cost(8, 9, 296511).
cost(8, 10, 47337).
cost(8, 11, 518175).
cost(8, 12, 480628).
cost(8, 13, 187831).
cost(8, 14, 84181).
cost(8, 15, 310757).
cost(8, 16, 292137).
cost(8, 17, 148195).
cost(8, 18, 102399).
cost(8, 19, 175168).
cost(8, 20, 83770).
cost(8, 21, 190810).
cost(8, 22, 423200).
cost(8, 23, 136738).
cost(8, 24, 460908).
cost(8, 25, 190768).
cost(8, 26, 232018).
cost(8, 27, 256956).
cost(8, 28, 501364).
cost(9, 1, 435414).
cost(9, 2, 686849).
cost(9, 3, 513391).
cost(9, 4, 456352).
cost(9, 5, 252394).
cost(9, 6, 263437).
cost(9, 7, 512082).
cost(9, 8, 296511).
cost(9, 10, 320064).
cost(9, 11, 394342).
cost(9, 12, 745286).
cost(9, 13, 181116).
cost(9, 14, 354786).
cost(9, 15, 549825).
cost(9, 16, 126716).
cost(9, 17, 444537).
cost(9, 18, 373260).
cost(9, 19, 384539).
cost(9, 20, 270579).
cost(9, 21, 479317).
cost(9, 22, 538170).
cost(9, 23, 393226).
cost(9, 24, 413631).
cost(9, 25, 335229).
cost(9, 26, 427548).
cost(9, 27, 551499).
cost(9, 28, 439382).
cost(10, 1, 485871).
cost(10, 2, 377638).
cost(10, 3, 195970).
cost(10, 4, 258859).
cost(10, 5, 78852).
cost(10, 6, 198334).
cost(10, 7, 205759).
cost(10, 8, 47337).
cost(10, 9, 320064).
cost(10, 11, 564055).
cost(10, 12, 440332).
cost(10, 13, 185720).
cost(10, 14, 39229).
cost(10, 15, 265025).
cost(10, 16, 296841).
cost(10, 17, 137160).
cost(10, 18, 58542).
cost(10, 19, 128733).
cost(10, 20, 66045).
cost(10, 21, 159320).
cost(10, 22, 379313).
cost(10, 23, 90574).
cost(10, 24, 434894).
cost(10, 25, 235832).
cost(10, 26, 185346).
cost(10, 27, 247907).
cost(10, 28, 476085).
cost(11, 1, 829601).
cost(11, 2, 924388).
cost(11, 3, 695886).
cost(11, 4, 792547).
cost(11, 5, 541912).
cost(11, 6, 623417).
cost(11, 7, 764060).
cost(11, 8, 518175).
cost(11, 9, 394342).
cost(11, 10, 564055).
cost(11, 12, 989980).
cost(11, 13, 535306).
cost(11, 14, 602279).
cost(11, 15, 828897).
cost(11, 16, 520077).
cost(11, 17, 619609).
cost(11, 18, 620543).
cost(11, 19, 681486).
cost(11, 20, 556575).
cost(11, 21, 692636).
cost(11, 22, 896625).
cost(11, 23, 654576).
cost(11, 24, 807269).
cost(11, 25, 377505).
cost(11, 26, 736809).
cost(11, 27, 687202).
cost(11, 28, 833719).
cost(12, 1, 685902).
cost(12, 2, 65936).
cost(12, 3, 301922).
cost(12, 4, 352970).
cost(12, 5, 494509).
cost(12, 6, 517964).
cost(12, 7, 235391).
cost(12, 8, 480628).
cost(12, 9, 745286).
cost(12, 10, 440332).
cost(12, 11, 989980).
cost(12, 13, 573602).
cost(12, 14, 401351).
cost(12, 15, 202301).
cost(12, 16, 679686).
cost(12, 17, 373631).
cost(12, 18, 381924).
cost(12, 19, 363555).
cost(12, 20, 476272).
cost(12, 21, 297345).
cost(12, 22, 391955).
cost(12, 23, 354986).
cost(12, 24, 632066).
cost(12, 25, 620639).
cost(12, 26, 332936).
cost(12, 27, 343767).
cost(12, 28, 667037).
cost(13, 1, 344129).
cost(13, 2, 518495).
cost(13, 3, 377554).
cost(13, 4, 275901).
cost(13, 5, 106936).
cost(13, 6, 88535).
cost(13, 7, 346167).
cost(13, 8, 187831).
cost(13, 9, 181116).
cost(13, 10, 185720).
cost(13, 11, 535306).
cost(13, 12, 573602).
cost(13, 14, 209080).
cost(13, 15, 374128).
cost(13, 16, 113408).
cost(13, 17, 322874).
cost(13, 18, 224043).
cost(13, 19, 210046).
cost(13, 20, 120807).
cost(13, 21, 332659).
cost(13, 22, 365363).
cost(13, 23, 233394).
cost(13, 24, 303521).
cost(13, 25, 327380).
cost(13, 26, 248206).
cost(13, 27, 433613).
cost(13, 28, 340080).
cost(14, 1, 486963).
cost(14, 2, 338950).
cost(14, 3, 168491).
cost(14, 4, 233943).
cost(14, 5, 105749).
cost(14, 6, 205786).
cost(14, 7, 166573).
cost(14, 8, 84181).
cost(14, 9, 354786).
cost(14, 10, 39229).
cost(14, 11, 602279).
cost(14, 12, 401351).
cost(14, 13, 209080).
cost(14, 15, 226618).
cost(14, 16, 322157).
cost(14, 17, 121630).
cost(14, 18, 19430).
cost(14, 19, 101950).
cost(14, 20, 89158).
cost(14, 21, 125751).
cost(14, 22, 355594).
cost(14, 23, 52677).
cost(14, 24, 434144).
cost(14, 25, 265846).
cost(14, 26, 156241).
cost(14, 27, 229057).
cost(14, 28, 475776).
cost(15, 1, 504658).
cost(15, 2, 156822).
cost(15, 3, 211844).
cost(15, 4, 163217).
cost(15, 5, 304368).
cost(15, 6, 315674).
cost(15, 7, 80135).
cost(15, 8, 310757).
cost(15, 9, 549825).
cost(15, 10, 265025).
cost(15, 11, 828897).
cost(15, 12, 202301).
cost(15, 13, 374128).
cost(15, 14, 226618).
cost(15, 16, 478103).
cost(15, 17, 252764).
cost(15, 18, 208518).
cost(15, 19, 165291).
cost(15, 20, 286599).
cost(15, 21, 170889).
cost(15, 22, 243091).
cost(15, 23, 174457).
cost(15, 24, 448933).
cost(15, 25, 481265).
cost(15, 26, 130639).
cost(15, 27, 287439).
cost(15, 28, 487131).
cost(16, 1, 311630).
cost(16, 2, 626910).
cost(16, 3, 490493).
cost(16, 4, 359222).
cost(16, 5, 218215).
cost(16, 6, 165880).
cost(16, 7, 456728).
cost(16, 8, 292137).
cost(16, 9, 126716).
cost(16, 10, 296841).
cost(16, 11, 520077).
cost(16, 12, 679686).
cost(16, 13, 113408).
cost(16, 14, 322157).
cost(16, 15, 478103).
cost(16, 17, 433440).
cost(16, 18, 337397).
cost(16, 19, 317694).
cost(16, 20, 233331).
cost(16, 21, 446065).
cost(16, 22, 425647).
cost(16, 23, 346281).
cost(16, 24, 287239).
cost(16, 25, 397044).
cost(16, 26, 348571).
cost(16, 27, 544316).
cost(16, 28, 314322).
cost(17, 1, 606749).
cost(17, 2, 307696).
cost(17, 3, 77337).
cost(17, 4, 324704).
cost(17, 5, 215963).
cost(17, 6, 327396).
cost(17, 7, 173165).
cost(17, 8, 148195).
cost(17, 9, 444537).
cost(17, 10, 137160).
cost(17, 11, 619609).
cost(17, 12, 373631).
cost(17, 13, 322874).
cost(17, 14, 121630).
cost(17, 15, 252764).
cost(17, 16, 433440).
cost(17, 18, 115512).
cost(17, 19, 202379).
cost(17, 20, 202791).
cost(17, 21, 83521).
cost(17, 22, 443945).
cost(17, 23, 136437).
cost(17, 24, 553114).
cost(17, 25, 247019).
cost(17, 26, 243217).
cost(17, 27, 110879).
cost(17, 28, 594859).
cost(18, 1, 491237).
cost(18, 2, 319538).
cost(18, 3, 154705).
cost(18, 4, 225438).
cost(18, 5, 122859).
cost(18, 6, 214444).
cost(18, 7, 147218).
cost(18, 8, 102399).
cost(18, 9, 373260).
cost(18, 10, 58542).
cost(18, 11, 620543).
cost(18, 12, 381924).
cost(18, 13, 224043).
cost(18, 14, 19430).
cost(18, 15, 208518).
cost(18, 16, 337397).
cost(18, 17, 115512).
cost(18, 19, 94478).
cost(18, 20, 105633).
cost(18, 21, 108945).
cost(18, 22, 347195).
cost(18, 23, 36547).
cost(18, 24, 437666).
cost(18, 25, 279929).
cost(18, 26, 145794).
cost(18, 27, 219323).
cost(18, 28, 479400).
cost(19, 1, 413220).
cost(19, 2, 309262).
cost(19, 3, 217904).
cost(19, 4, 131997).
cost(19, 5, 143092).
cost(19, 6, 163725).
cost(19, 7, 141096).
cost(19, 8, 175168).
cost(19, 9, 384539).
cost(19, 10, 128733).
cost(19, 11, 681486).
cost(19, 12, 363555).
cost(19, 13, 210046).
cost(19, 14, 101950).
cost(19, 15, 165291).
cost(19, 16, 317694).
cost(19, 17, 202379).
cost(19, 18, 94478).
cost(19, 20, 126464).
cost(19, 21, 161976).
cost(19, 22, 253656).
cost(19, 23, 65946).
cost(19, 24, 357946).
cost(19, 25, 364459).
cost(19, 26, 56957).
cost(19, 27, 293681).
cost(19, 28, 399563).
cost(20, 1, 426383).
cost(20, 2, 416687).
cost(20, 3, 257184).
cost(20, 4, 239889).
cost(20, 5, 18258).
cost(20, 6, 136974).
cost(20, 7, 241836).
cost(20, 8, 83770).
cost(20, 9, 270579).
cost(20, 10, 66045).
cost(20, 11, 556575).
cost(20, 12, 476272).
cost(20, 13, 120807).
cost(20, 14, 89158).
cost(20, 15, 286599).
cost(20, 16, 233331).
cost(20, 17, 202791).
cost(20, 18, 105633).
cost(20, 19, 126464).
cost(20, 21, 214478).
cost(20, 22, 354124).
cost(20, 23, 122649).
cost(20, 24, 377220).
cost(20, 25, 265554).
cost(20, 26, 180426).
cost(20, 27, 313237).
cost(20, 28, 417785).
cost(21, 1, 575078).
cost(21, 2, 231802).
cost(21, 3, 56530).
cost(21, 4, 265027).
cost(21, 5, 231428).
cost(21, 6, 314455).
cost(21, 7, 90774).
cost(21, 8, 190810).
cost(21, 9, 479317).
cost(21, 10, 159320).
cost(21, 11, 692636).
cost(21, 12, 297345).
cost(21, 13, 332659).
cost(21, 14, 125751).
cost(21, 15, 170889).
cost(21, 16, 446065).
cost(21, 17, 83521).
cost(21, 18, 108945).
cost(21, 19, 161976).
cost(21, 20, 214478).
cost(21, 22, 378809).
cost(21, 23, 105069).
cost(21, 24, 519632).
cost(21, 25, 325983).
cost(21, 26, 186868).
cost(21, 27, 135583).
cost(21, 28, 561158).
cost(22, 1, 305002).
cost(22, 2, 375140).
cost(22, 3, 432027).
cost(22, 4, 121774).
cost(22, 5, 364467).
cost(22, 6, 277273).
cost(22, 7, 303107).
cost(22, 8, 423200).
cost(22, 9, 538170).
cost(22, 10, 379313).
cost(22, 11, 896625).
cost(22, 12, 391955).
cost(22, 13, 365363).
cost(22, 14, 355594).
cost(22, 15, 243091).
cost(22, 16, 425647).
cost(22, 17, 443945).
cost(22, 18, 347195).
cost(22, 19, 253656).
cost(22, 20, 354124).
cost(22, 21, 378809).
cost(22, 23, 314218).
cost(22, 24, 256564).
cost(22, 25, 613952).
cost(22, 26, 202427).
cost(22, 27, 512124).
cost(22, 28, 285108).
cost(23, 1, 475289).
cost(23, 2, 294408).
cost(23, 3, 158286).
cost(23, 4, 192814).
cost(23, 5, 140856).
cost(23, 6, 209392).
cost(23, 7, 119732).
cost(23, 8, 136738).
cost(23, 9, 393226).
cost(23, 10, 90574).
cost(23, 11, 654576).
cost(23, 12, 354986).
cost(23, 13, 233394).
cost(23, 14, 52677).
cost(23, 15, 174457).
cost(23, 16, 346281).
cost(23, 17, 136437).
cost(23, 18, 36547).
cost(23, 19, 65946).
cost(23, 20, 122649).
cost(23, 21, 105069).
cost(23, 22, 314218).
cost(23, 24, 420627).
cost(23, 25, 316475).
cost(23, 26, 111877).
cost(23, 27, 230746).
cost(23, 28, 462367).
cost(24, 1, 56251).
cost(24, 2, 601906).
cost(24, 3, 575796).
cost(24, 4, 285716).
cost(24, 5, 375235).
cost(24, 6, 241118).
cost(24, 7, 476986).
cost(24, 8, 460908).
cost(24, 9, 413631).
cost(24, 10, 434894).
cost(24, 11, 807269).
cost(24, 12, 632066).
cost(24, 13, 303521).
cost(24, 14, 434144).
cost(24, 15, 448933).
cost(24, 16, 287239).
cost(24, 17, 553114).
cost(24, 18, 437666).
cost(24, 19, 357946).
cost(24, 20, 377220).
cost(24, 21, 519632).
cost(24, 22, 256564).
cost(24, 23, 420627).
cost(24, 25, 627803).
cost(24, 26, 341431).
cost(24, 27, 651165).
cost(24, 28, 41764).
cost(25, 1, 670999).
cost(25, 2, 554703).
cost(25, 3, 321141).
cost(25, 4, 494379).
cost(25, 5, 260632).
cost(25, 6, 389960).
cost(25, 7, 407436).
cost(25, 8, 190768).
cost(25, 9, 335229).
cost(25, 10, 235832).
cost(25, 11, 377505).
cost(25, 12, 620639).
cost(25, 13, 327380).
cost(25, 14, 265846).
cost(25, 15, 481265).
cost(25, 16, 397044).
cost(25, 17, 247019).
cost(25, 18, 279929).
cost(25, 19, 364459).
cost(25, 20, 265554).
cost(25, 21, 325983).
cost(25, 22, 613952).
cost(25, 23, 316475).
cost(25, 24, 627803).
cost(25, 26, 420751).
cost(25, 27, 310163).
cost(25, 28, 665928).
cost(26, 1, 397634).
cost(26, 2, 285088).
cost(26, 3, 243053).
cost(26, 4, 81590).
cost(26, 5, 195996).
cost(26, 6, 185102).
cost(26, 7, 136008).
cost(26, 8, 232018).
cost(26, 9, 427548).
cost(26, 10, 185346).
cost(26, 11, 736809).
cost(26, 12, 332936).
cost(26, 13, 248206).
cost(26, 14, 156241).
cost(26, 15, 130639).
cost(26, 16, 348571).
cost(26, 17, 243217).
cost(26, 18, 145794).
cost(26, 19, 56957).
cost(26, 20, 180426).
cost(26, 21, 186868).
cost(26, 22, 202427).
cost(26, 23, 111877).
cost(26, 24, 341431).
cost(26, 25, 420751).
cost(26, 27, 322417).
cost(26, 28, 382084).
cost(27, 1, 705993).
cost(27, 2, 281567).
cost(27, 3, 80208).
cost(27, 4, 400349).
cost(27, 5, 326753).
cost(27, 6, 433752).
cost(27, 7, 212127).
cost(27, 8, 256956).
cost(27, 9, 551499).
cost(27, 10, 247907).
cost(27, 11, 687202).
cost(27, 12, 343767).
cost(27, 13, 433613).
cost(27, 14, 229057).
cost(27, 15, 287439).
cost(27, 16, 544316).
cost(27, 17, 110879).
cost(27, 18, 219323).
cost(27, 19, 293681).
cost(27, 20, 313237).
cost(27, 21, 135583).
cost(27, 22, 512124).
cost(27, 23, 230746).
cost(27, 24, 651165).
cost(27, 25, 310163).
cost(27, 26, 322417).
cost(27, 28, 692870).
cost(28, 1, 20134).
cost(28, 2, 638850).
cost(28, 3, 617368).
cost(28, 4, 324055).
cost(28, 5, 415302).
cost(28, 6, 281243).
cost(28, 7, 517334).
cost(28, 8, 501364).
cost(28, 9, 439382).
cost(28, 10, 476085).
cost(28, 11, 833719).
cost(28, 12, 667037).
cost(28, 13, 340080).
cost(28, 14, 475776).
cost(28, 15, 487131).
cost(28, 16, 314322).
cost(28, 17, 594859).
cost(28, 18, 479400).
cost(28, 19, 399563).
cost(28, 20, 417785).
cost(28, 21, 561158).
cost(28, 22, 285108).
cost(28, 23, 462367).
cost(28, 24, 41764).
cost(28, 25, 665928).
cost(28, 26, 382084).
cost(28, 27, 692870).
