dimension(28).
point(1, -6994.0, 364826.0).
point(2, 16309.0, -64919.0).
point(3, -45117.0, 217049.0).
point(4, 115595.0, 189466.0).
point(5, -54978.0, 109548.0).
point(6, -15889.0, -91081.0).
point(7, -240571.0, 109986.0).
point(8, -34182.0, 207435.0).
point(9, 67021.0, 118843.0).
point(10, -14683.0, 99167.0).
point(11, -174607.0, -249043.0).
point(12, -248606.0, -253517.0).
point(13, 37754.0, -48052.0).
point(14, 45215.0, -206772.0).
point(15, -108945.0, 108368.0).
point(16, 194008.0, -115216.0).
point(17, 250217.0, 150572.0).
point(18, 190449.0, -163325.0).
point(19, 65666.0, 237364.0).
point(20, -247106.0, 202682.0).
point(21, 44938.0, 291504.0).
point(22, -2638.0, 439630.0).
point(23, -130554.0, -155875.0).
point(24, -7332.0, 357257.0).
point(25, 14079.0, 76621.0).
point(26, -16777.0, -289368.0).
point(27, 70358.0, 261512.0).
point(28, 134141.0, -327062.0).
cost(1, 2, 430376).
cost(1, 3, 152615).
cost(1, 4, 213961).
cost(1, 5, 259749).
cost(1, 6, 455994).
cost(1, 7, 345690).
cost(1, 8, 159722).
cost(1, 9, 256877).
cost(1, 10, 265770).
cost(1, 11, 636341).
cost(1, 12, 663871).
cost(1, 13, 415296).
cost(1, 14, 573977).
cost(1, 15, 275980).
cost(1, 16, 520425).
cost(1, 17, 334757).
cost(1, 18, 563850).
cost(1, 19, 146718).
cost(1, 20, 289732).
cost(1, 21, 89850).
cost(1, 22, 74931).
cost(1, 23, 535160).
cost(1, 24, 7577).
cost(1, 25, 288974).
cost(1, 26, 654267).
cost(1, 27, 129062).
cost(1, 28, 706136).
cost(2, 1, 430376).
cost(2, 3, 288581).
cost(2, 4, 273074).
cost(2, 5, 188469).
cost(2, 6, 41487).
cost(2, 7, 310772).
cost(2, 8, 276995).
cost(2, 9, 190631).
cost(2, 10, 166987).
cost(2, 11, 265237).
cost(2, 12, 325191).
cost(2, 13, 27283).
cost(2, 14, 144768).
cost(2, 15, 213815).
cost(2, 16, 184680).
cost(2, 17, 318040).
cost(2, 18, 200021).
cost(2, 19, 306286).
cost(2, 20, 375497).
cost(2, 21, 357571).
cost(2, 22, 504905).
cost(2, 23, 172748).
cost(2, 24, 422837).
cost(2, 25, 141558).
cost(2, 26, 226874).
cost(2, 27, 330875).
cost(2, 28, 287408).
cost(3, 1, 152615).
cost(3, 2, 288581).
cost(3, 4, 163062).
cost(3, 5, 107952).
cost(3, 6, 309513).
cost(3, 7, 222856).
cost(3, 8, 14560).
cost(3, 9, 149062).
cost(3, 10, 121747).
cost(3, 11, 483745).
cost(3, 12, 512679).
cost(3, 13, 277752).
cost(3, 14, 433341).
cost(3, 15, 126038).
cost(3, 16, 409366).
cost(3, 17, 302723).
cost(3, 18, 447410).
cost(3, 19, 112630).
cost(3, 20, 202499).
cost(3, 21, 116848).
cost(3, 22, 226598).
cost(3, 23, 382586).
cost(3, 24, 145210).
cost(3, 25, 152395).
cost(3, 26, 507209).
cost(3, 27, 123739).
cost(3, 28, 572879).
cost(4, 1, 213961).
cost(4, 2, 273074).
cost(4, 3, 163062).
cost(4, 5, 188367).
cost(4, 6, 309830).
cost(4, 7, 364926).
cost(4, 8, 150851).
cost(4, 9, 85715).
cost(4, 10, 158513).
cost(4, 11, 525840).
cost(4, 12, 573477).
cost(4, 13, 249948).
cost(4, 14, 402440).
cost(4, 15, 238736).
cost(4, 16, 314610).
cost(4, 17, 140128).
cost(4, 18, 360645).
cost(4, 19, 69189).
cost(4, 20, 362942).
cost(4, 21, 124114).
cost(4, 22, 276697).
cost(4, 23, 424087).
cost(4, 24, 208002).
cost(4, 25, 151788).
cost(4, 26, 496794).
cost(4, 27, 85071).
cost(4, 28, 516861).
cost(5, 1, 259749).
cost(5, 2, 188469).
cost(5, 3, 107952).
cost(5, 4, 188367).
cost(5, 6, 204401).
cost(5, 7, 185594).
cost(5, 8, 100072).
cost(5, 9, 122353).
cost(5, 10, 41611).
cost(5, 11, 378019).
cost(5, 12, 411471).
cost(5, 13, 182858).
cost(5, 14, 331809).
cost(5, 15, 53980).
cost(5, 16, 335429).
cost(5, 17, 307940).
cost(5, 18, 367007).
cost(5, 19, 175761).
cost(5, 20, 213511).
cost(5, 21, 207584).
cost(5, 22, 334206).
cost(5, 23, 275973).
cost(5, 24, 252250).
cost(5, 25, 76505).
cost(5, 26, 400741).
cost(5, 27, 196983).
cost(5, 28, 475809).
cost(6, 1, 455994).
cost(6, 2, 41487).
cost(6, 3, 309513).
cost(6, 4, 309830).
cost(6, 5, 204401).
cost(6, 7, 301513).
cost(6, 8, 299076).
cost(6, 9, 225704).
cost(6, 10, 190252).
cost(6, 11, 223927).
cost(6, 12, 283800).
cost(6, 13, 68768).
cost(6, 14, 130836).
cost(6, 15, 220089).
cost(6, 16, 211280).
cost(6, 17, 359456).
cost(6, 18, 218620).
cost(6, 19, 338419).
cost(6, 20, 373842).
cost(6, 21, 387390).
cost(6, 22, 530876).
cost(6, 23, 131705).
cost(6, 24, 448420).
cost(6, 25, 170359).
cost(6, 26, 198289).
cost(6, 27, 362988).
cost(6, 28, 279636).
cost(7, 1, 345690).
cost(7, 2, 310772).
cost(7, 3, 222856).
cost(7, 4, 364926).
cost(7, 5, 185594).
cost(7, 6, 301513).
cost(7, 8, 228238).
cost(7, 9, 307719).
cost(7, 10, 226147).
cost(7, 11, 365038).
cost(7, 12, 363592).
cost(7, 13, 320064).
cost(7, 14, 426625).
cost(7, 15, 131636).
cost(7, 16, 489464).
cost(7, 17, 492463).
cost(7, 18, 510370).
cost(7, 19, 331672).
cost(7, 20, 92926).
cost(7, 21, 338326).
cost(7, 22, 406543).
cost(7, 23, 287725).
cost(7, 24, 339917).
cost(7, 25, 256826).
cost(7, 26, 457785).
cost(7, 27, 345886).
cost(7, 28, 575691).
cost(8, 1, 159722).
cost(8, 2, 276995).
cost(8, 3, 14560).
cost(8, 4, 150851).
cost(8, 5, 100072).
cost(8, 6, 299076).
cost(8, 7, 228238).
cost(8, 9, 134501).
cost(8, 10, 110010).
cost(8, 11, 477589).
cost(8, 12, 508384).
cost(8, 13, 265421).
cost(8, 14, 421748).
cost(8, 15, 124112).
cost(8, 16, 395189).
cost(8, 17, 290028).
cost(8, 18, 433500).
cost(8, 19, 104237).
cost(8, 20, 212977).
cost(8, 21, 115445).
cost(8, 22, 234328).
cost(8, 23, 375875).
cost(8, 24, 152209).
cost(8, 25, 139433).
cost(8, 26, 497108).
cost(8, 27, 117698).
cost(8, 28, 560375).
cost(9, 1, 256877).
cost(9, 2, 190631).
cost(9, 3, 149062).
cost(9, 4, 85715).
cost(9, 5, 122353).
cost(9, 6, 225704).
cost(9, 7, 307719).
cost(9, 8, 134501).
cost(9, 10, 84040).
cost(9, 11, 440141).
cost(9, 12, 488132).
cost(9, 13, 169442).
cost(9, 14, 326344).
cost(9, 15, 176278).
cost(9, 16, 266288).
cost(9, 17, 185923).
cost(9, 18, 307983).
cost(9, 19, 118529).
cost(9, 20, 325123).
cost(9, 21, 174067).
cost(9, 22, 328263).
cost(9, 23, 338387).
cost(9, 24, 249739).
cost(9, 25, 67717).
cost(9, 26, 416723).
cost(9, 27, 142708).
cost(9, 28, 450928).
cost(10, 1, 265770).
cost(10, 2, 166987).
cost(10, 3, 121747).
cost(10, 4, 158513).
cost(10, 5, 41611).
cost(10, 6, 190252).
cost(10, 7, 226147).
cost(10, 8, 110010).
cost(10, 9, 84040).
cost(10, 11, 383179).
cost(10, 12, 423209).
cost(10, 13, 156279).
cost(10, 14, 311747).
cost(10, 15, 94710).
cost(10, 16, 299186).
cost(10, 17, 269842).
cost(10, 18, 333138).
cost(10, 19, 159857).
cost(10, 20, 254432).
cost(10, 21, 201366).
cost(10, 22, 340676).
cost(10, 23, 280129).
cost(10, 24, 258195).
cost(10, 25, 36546).
cost(10, 26, 388541).
cost(10, 27, 183270).
cost(10, 28, 451464).
cost(11, 1, 636341).
cost(11, 2, 265237).
cost(11, 3, 483745).
cost(11, 4, 525840).
cost(11, 5, 378019).
cost(11, 6, 223927).
cost(11, 7, 365038).
cost(11, 8, 477589).
cost(11, 9, 440141).
cost(11, 10, 383179).
cost(11, 12, 74134).
cost(11, 13, 292395).
cost(11, 14, 223849).
cost(11, 15, 363393).
cost(11, 16, 392156).
cost(11, 17, 583239).
cost(11, 18, 374985).
cost(11, 19, 542515).
cost(11, 20, 457506).
cost(11, 21, 583430).
cost(11, 22, 709820).
cost(11, 23, 103058).
cost(11, 24, 628952).
cost(11, 25, 376377).
cost(11, 26, 162900).
cost(11, 27, 566281).
cost(11, 28, 318453).
cost(12, 1, 663871).
cost(12, 2, 325191).
cost(12, 3, 512679).
cost(12, 4, 573477).
cost(12, 5, 411471).
cost(12, 6, 283800).
cost(12, 7, 363592).
cost(12, 8, 508384).
cost(12, 9, 488132).
cost(12, 10, 423209).
cost(12, 11, 74134).
cost(12, 13, 352446).
cost(12, 14, 297516).
cost(12, 15, 387899).
cost(12, 16, 463718).
cost(12, 17, 641960).
cost(12, 18, 448223).
cost(12, 19, 582865).
cost(12, 20, 456201).
cost(12, 21, 619044).
cost(12, 22, 735495).
cost(12, 23, 153200).
cost(12, 24, 656702).
cost(12, 25, 421894).
cost(12, 26, 234585).
cost(12, 27, 605799).
cost(12, 28, 389749).
cost(13, 1, 415296).
cost(13, 2, 27283).
cost(13, 3, 277752).
cost(13, 4, 249948).
cost(13, 5, 182858).
cost(13, 6, 68768).
cost(13, 7, 320064).
cost(13, 8, 265421).
cost(13, 9, 169442).
cost(13, 10, 156279).
cost(13, 11, 292395).
cost(13, 12, 352446).
cost(13, 14, 158895).
cost(13, 15, 214448).
cost(13, 16, 170077).
cost(13, 17, 290847).
cost(13, 18, 191321).
cost(13, 19, 286778).
cost(13, 20, 379490).
cost(13, 21, 339632).
cost(13, 22, 489352).
cost(13, 23, 199883).
cost(13, 24, 407809).
cost(13, 25, 126901).
cost(13, 26, 247401).
cost(13, 27, 311276).
cost(13, 28, 295190).
cost(14, 1, 573977).
cost(14, 2, 144768).
cost(14, 3, 433341).
cost(14, 4, 402440).
cost(14, 5, 331809).
cost(14, 6, 130836).
cost(14, 7, 426625).
cost(14, 8, 421748).
cost(14, 9, 326344).
cost(14, 10, 311747).
cost(14, 11, 223849).
cost(14, 12, 297516).
cost(14, 13, 158895).
cost(14, 15, 350825).
cost(14, 16, 174705).
cost(14, 17, 411972).
cost(14, 18, 151593).
cost(14, 19, 444607).
cost(14, 20, 503095).
cost(14, 21, 498276).
cost(14, 22, 648171).
cost(14, 23, 182990).
cost(14, 24, 566471).
cost(14, 25, 285098).
cost(14, 26, 103272).
cost(14, 27, 468959).
cost(14, 28, 149591).
cost(15, 1, 275980).
cost(15, 2, 213815).
cost(15, 3, 126038).
cost(15, 4, 238736).
cost(15, 5, 53980).
cost(15, 6, 220089).
cost(15, 7, 131636).
cost(15, 8, 124112).
cost(15, 9, 176278).
cost(15, 10, 94710).
cost(15, 11, 363393).
cost(15, 12, 387899).
cost(15, 13, 214448).
cost(15, 14, 350825).
cost(15, 16, 376524).
cost(15, 17, 361633).
cost(15, 18, 404294).
cost(15, 19, 217092).
cost(15, 20, 167283).
cost(15, 21, 239204).
cost(15, 22, 347902).
cost(15, 23, 265125).
cost(15, 24, 268833).
cost(15, 25, 127054).
cost(15, 26, 408275).
cost(15, 27, 235802).
cost(15, 28, 498688).
cost(16, 1, 520425).
cost(16, 2, 184680).
cost(16, 3, 409366).
cost(16, 4, 314610).
cost(16, 5, 335429).
cost(16, 6, 211280).
cost(16, 7, 489464).
cost(16, 8, 395189).
cost(16, 9, 266288).
cost(16, 10, 299186).
cost(16, 11, 392156).
cost(16, 12, 463718).
cost(16, 13, 170077).
cost(16, 14, 174705).
cost(16, 15, 376524).
cost(16, 17, 271667).
cost(16, 18, 48240).
cost(16, 19, 375212).
cost(16, 20, 543729).
cost(16, 21, 433178).
cost(16, 22, 588663).
cost(16, 23, 327099).
cost(16, 24, 513584).
cost(16, 25, 263013).
cost(16, 26, 273421).
cost(16, 27, 396501).
cost(16, 28, 220143).
cost(17, 1, 334757).
cost(17, 2, 318040).
cost(17, 3, 302723).
cost(17, 4, 140128).
cost(17, 5, 307940).
cost(17, 6, 359456).
cost(17, 7, 492463).
cost(17, 8, 290028).
cost(17, 9, 185923).
cost(17, 10, 269842).
cost(17, 11, 583239).
cost(17, 12, 641960).
cost(17, 13, 290847).
cost(17, 14, 411972).
cost(17, 15, 361633).
cost(17, 16, 271667).
cost(17, 18, 319536).
cost(17, 19, 203941).
cost(17, 20, 500046).
cost(17, 21, 249001).
cost(17, 22, 384045).
cost(17, 23, 488770).
cost(17, 24, 330227).
cost(17, 25, 247447).
cost(17, 26, 514619).
cost(17, 27, 211322).
cost(17, 28, 491536).
cost(18, 1, 563850).
cost(18, 2, 200021).
cost(18, 3, 447410).
cost(18, 4, 360645).
cost(18, 5, 367007).
cost(18, 6, 218620).
cost(18, 7, 510370).
cost(18, 8, 433500).
cost(18, 9, 307983).
cost(18, 10, 333138).
cost(18, 11, 374985).
cost(18, 12, 448223).
cost(18, 13, 191321).
cost(18, 14, 151593).
cost(18, 15, 404294).
cost(18, 16, 48240).
cost(18, 17, 319536).
cost(18, 19, 419669).
cost(18, 20, 570452).
cost(18, 21, 477538).
cost(18, 22, 633117).
cost(18, 23, 321089).
cost(18, 24, 556887).
cost(18, 25, 297793).
cost(18, 26, 242548).
cost(18, 27, 441484).
cost(18, 28, 173148).
cost(19, 1, 146718).
cost(19, 2, 306286).
cost(19, 3, 112630).
cost(19, 4, 69189).
cost(19, 5, 175761).
cost(19, 6, 338419).
cost(19, 7, 331672).
cost(19, 8, 104237).
cost(19, 9, 118529).
cost(19, 10, 159857).
cost(19, 11, 542515).
cost(19, 12, 582865).
cost(19, 13, 286778).
cost(19, 14, 444607).
cost(19, 15, 217092).
cost(19, 16, 375212).
cost(19, 17, 203941).
cost(19, 18, 419669).
cost(19, 20, 314689).
cost(19, 21, 57972).
cost(19, 22, 213488).
cost(19, 23, 439476).
cost(19, 24, 140368).
cost(19, 25, 168818).
cost(19, 26, 533145).
cost(19, 27, 24600).
cost(19, 28, 568564).
cost(20, 1, 289732).
cost(20, 2, 375497).
cost(20, 3, 202499).
cost(20, 4, 362942).
cost(20, 5, 213511).
cost(20, 6, 373842).
cost(20, 7, 92926).
cost(20, 8, 212977).
cost(20, 9, 325123).
cost(20, 10, 254432).
cost(20, 11, 457506).
cost(20, 12, 456201).
cost(20, 13, 379490).
cost(20, 14, 503095).
cost(20, 15, 167283).
cost(20, 16, 543729).
cost(20, 17, 500046).
cost(20, 18, 570452).
cost(20, 19, 314689).
cost(20, 21, 305252).
cost(20, 22, 340454).
cost(20, 23, 377025).
cost(20, 24, 285281).
cost(20, 25, 290015).
cost(20, 26, 543291).
cost(20, 27, 322869).
cost(20, 28, 652670).
cost(21, 1, 89850).
cost(21, 2, 357571).
cost(21, 3, 116848).
cost(21, 4, 124114).
cost(21, 5, 207584).
cost(21, 6, 387390).
cost(21, 7, 338326).
cost(21, 8, 115445).
cost(21, 9, 174067).
cost(21, 10, 201366).
cost(21, 11, 583430).
cost(21, 12, 619044).
cost(21, 13, 339632).
cost(21, 14, 498276).
cost(21, 15, 239204).
cost(21, 16, 433178).
cost(21, 17, 249001).
cost(21, 18, 477538).
cost(21, 19, 57972).
cost(21, 20, 305252).
cost(21, 22, 155579).
cost(21, 23, 480568).
cost(21, 24, 83998).
cost(21, 25, 217087).
cost(21, 26, 584141).
cost(21, 27, 39315).
cost(21, 28, 624965).
cost(22, 1, 74931).
cost(22, 2, 504905).
cost(22, 3, 226598).
cost(22, 4, 276697).
cost(22, 5, 334206).
cost(22, 6, 530876).
cost(22, 7, 406543).
cost(22, 8, 234328).
cost(22, 9, 328263).
cost(22, 10, 340676).
cost(22, 11, 709820).
cost(22, 12, 735495).
cost(22, 13, 489352).
cost(22, 14, 648171).
cost(22, 15, 347902).
cost(22, 16, 588663).
cost(22, 17, 384045).
cost(22, 18, 633117).
cost(22, 19, 213488).
cost(22, 20, 340454).
cost(22, 21, 155579).
cost(22, 23, 609088).
cost(22, 24, 82507).
cost(22, 25, 363394).
cost(22, 26, 729135).
cost(22, 27, 192495).
cost(22, 28, 778797).
cost(23, 1, 535160).
cost(23, 2, 172748).
cost(23, 3, 382586).
cost(23, 4, 424087).
cost(23, 5, 275973).
cost(23, 6, 131705).
cost(23, 7, 287725).
cost(23, 8, 375875).
cost(23, 9, 338387).
cost(23, 10, 280129).
cost(23, 11, 103058).
cost(23, 12, 153200).
cost(23, 13, 199883).
cost(23, 14, 182990).
cost(23, 15, 265125).
cost(23, 16, 327099).
cost(23, 17, 488770).
cost(23, 18, 321089).
cost(23, 19, 439476).
cost(23, 20, 377025).
cost(23, 21, 480568).
cost(23, 22, 609088).
cost(23, 24, 527720).
cost(23, 25, 273812).
cost(23, 26, 175401).
cost(23, 27, 463225).
cost(23, 28, 315228).
cost(24, 1, 7577).
cost(24, 2, 422837).
cost(24, 3, 145210).
cost(24, 4, 208002).
cost(24, 5, 252250).
cost(24, 6, 448420).
cost(24, 7, 339917).
cost(24, 8, 152209).
cost(24, 9, 249739).
cost(24, 10, 258195).
cost(24, 11, 628952).
cost(24, 12, 656702).
cost(24, 13, 407809).
cost(24, 14, 566471).
cost(24, 15, 268833).
cost(24, 16, 513584).
cost(24, 17, 330227).
cost(24, 18, 556887).
cost(24, 19, 140368).
cost(24, 20, 285281).
cost(24, 21, 83998).
cost(24, 22, 82507).
cost(24, 23, 527720).
cost(24, 25, 281452).
cost(24, 26, 646694).
cost(24, 27, 123300).
cost(24, 28, 698790).
cost(25, 1, 288974).
cost(25, 2, 141558).
cost(25, 3, 152395).
cost(25, 4, 151788).
cost(25, 5, 76505).
cost(25, 6, 170359).
cost(25, 7, 256826).
cost(25, 8, 139433).
cost(25, 9, 67717).
cost(25, 10, 36546).
cost(25, 11, 376377).
cost(25, 12, 421894).
cost(25, 13, 126901).
cost(25, 14, 285098).
cost(25, 15, 127054).
cost(25, 16, 263013).
cost(25, 17, 247447).
cost(25, 18, 297793).
cost(25, 19, 168818).
cost(25, 20, 290015).
cost(25, 21, 217087).
cost(25, 22, 363394).
cost(25, 23, 273812).
cost(25, 24, 281452).
cost(25, 26, 367287).
cost(25, 27, 193267).
cost(25, 28, 421159).
cost(26, 1, 654267).
cost(26, 2, 226874).
cost(26, 3, 507209).
cost(26, 4, 496794).
cost(26, 5, 400741).
cost(26, 6, 198289).
cost(26, 7, 457785).
cost(26, 8, 497108).
cost(26, 9, 416723).
cost(26, 10, 388541).
cost(26, 11, 162900).
cost(26, 12, 234585).
cost(26, 13, 247401).
cost(26, 14, 103272).
cost(26, 15, 408275).
cost(26, 16, 273421).
cost(26, 17, 514619).
cost(26, 18, 242548).
cost(26, 19, 533145).
cost(26, 20, 543291).
cost(26, 21, 584141).
cost(26, 22, 729135).
cost(26, 23, 175401).
cost(26, 24, 646694).
cost(26, 25, 367287).
cost(26, 27, 557729).
cost(26, 28, 155554).
cost(27, 1, 129062).
cost(27, 2, 330875).
cost(27, 3, 123739).
cost(27, 4, 85071).
cost(27, 5, 196983).
cost(27, 6, 362988).
cost(27, 7, 345886).
cost(27, 8, 117698).
cost(27, 9, 142708).
cost(27, 10, 183270).
cost(27, 11, 566281).
cost(27, 12, 605799).
cost(27, 13, 311276).
cost(27, 14, 468959).
cost(27, 15, 235802).
cost(27, 16, 396501).
cost(27, 17, 211322).
cost(27, 18, 441484).
cost(27, 19, 24600).
cost(27, 20, 322869).
cost(27, 21, 39315).
cost(27, 22, 192495).
cost(27, 23, 463225).
cost(27, 24, 123300).
cost(27, 25, 193267).
cost(27, 26, 557729).
cost(27, 28, 592020).
cost(28, 1, 706136).
cost(28, 2, 287408).
cost(28, 3, 572879).
cost(28, 4, 516861).
cost(28, 5, 475809).
cost(28, 6, 279636).
cost(28, 7, 575691).
cost(28, 8, 560375).
cost(28, 9, 450928).
cost(28, 10, 451464).
cost(28, 11, 318453).
cost(28, 12, 389749).
cost(28, 13, 295190).
cost(28, 14, 149591).
cost(28, 15, 498688).
cost(28, 16, 220143).
cost(28, 17, 491536).
cost(28, 18, 173148).
cost(28, 19, 568564).
cost(28, 20, 652670).
cost(28, 21, 624965).
cost(28, 22, 778797).
cost(28, 23, 315228).
cost(28, 24, 698790).
cost(28, 25, 421159).
cost(28, 26, 155554).
cost(28, 27, 592020).
