dimension(28).
point(1, -243318.0, -165594.0).
point(2, -16156.0, 432465.0).
point(3, 406093.0, -32130.0).
point(4, 216522.0, -79289.0).
point(5, -127871.0, -88749.0).
point(6, -223933.0, 80506.0).
point(7, -282426.0, -355307.0).
point(8, -38232.0, -40263.0).
point(9, 57140.0, -106089.0).
point(10, -258711.0, -258419.0).
point(11, -301332.0, 130552.0).
point(12, 204228.0, -60689.0).
point(13, 111290.0, 352045.0).
point(14, 126388.0, 87410.0).
point(15, 175155.0, 309940.0).
point(16, -20915.0, 160595.0).
point(17, -51205.0, -143985.0).
point(18, -107913.0, -9591.0).
point(19, -120403.0, 50855.0).
point(20, 68671.0, 131822.0).
point(21, 84703.0, 467823.0).
point(22, -324213.0, 138136.0).
point(23, -7634.0, 4099.0).
point(24, 260588.0, 215639.0).
point(25, 260261.0, -86265.0).
point(26, 103354.0, -4156.0).
point(27, 206434.0, 143258.0).
point(28, 123840.0, 196817.0).
cost(1, 2, 639748).
cost(1, 3, 662984).
cost(1, 4, 467869).
cost(1, 5, 138684).
cost(1, 6, 246862).
cost(1, 7, 193702).
cost(1, 8, 240350).
cost(1, 9, 306294).
cost(1, 10, 94093).
cost(1, 11, 301775).
cost(1, 12, 459676).
cost(1, 13, 627453).
cost(1, 14, 447988).
cost(1, 15, 633445).
cost(1, 16, 394794).
cost(1, 17, 193324).
cost(1, 18, 206571).
cost(1, 19, 248914).
cost(1, 20, 431038).
cost(1, 21, 713313).
cost(1, 22, 314318).
cost(1, 23, 290418).
cost(1, 24, 631870).
cost(1, 25, 509789).
cost(1, 26, 382418).
cost(1, 27, 545588).
cost(1, 28, 515894).
cost(2, 1, 639748).
cost(2, 3, 627808).
cost(2, 4, 562167).
cost(2, 5, 533052).
cost(2, 6, 408713).
cost(2, 7, 831555).
cost(2, 8, 473243).
cost(2, 9, 543519).
cost(2, 10, 732225).
cost(2, 11, 415303).
cost(2, 12, 540157).
cost(2, 13, 150698).
cost(2, 14, 373339).
cost(2, 15, 227183).
cost(2, 16, 271912).
cost(2, 17, 577515).
cost(2, 18, 451479).
cost(2, 19, 395593).
cost(2, 20, 312381).
cost(2, 21, 106877).
cost(2, 22, 426062).
cost(2, 23, 428451).
cost(2, 24, 351569).
cost(2, 25, 587782).
cost(2, 26, 452681).
cost(2, 27, 364948).
cost(2, 28, 274096).
cost(3, 1, 662984).
cost(3, 2, 627808).
cost(3, 4, 195349).
cost(3, 5, 536957).
cost(3, 6, 640015).
cost(3, 7, 760593).
cost(3, 8, 444399).
cost(3, 9, 356705).
cost(3, 10, 702261).
cost(3, 11, 725889).
cost(3, 12, 203875).
cost(3, 13, 484251).
cost(3, 14, 304179).
cost(3, 15, 412728).
cost(3, 16, 468486).
cost(3, 17, 470779).
cost(3, 18, 514500).
cost(3, 19, 532996).
cost(3, 20, 375145).
cost(3, 21, 594344).
cost(3, 22, 749892).
cost(3, 23, 415310).
cost(3, 24, 287335).
cost(3, 25, 155556).
cost(3, 26, 304029).
cost(3, 27, 265753).
cost(3, 28, 363433).
cost(4, 1, 467869).
cost(4, 2, 562167).
cost(4, 3, 195349).
cost(4, 5, 344523).
cost(4, 6, 468546).
cost(4, 7, 570206).
cost(4, 8, 257726).
cost(4, 9, 161619).
cost(4, 10, 507872).
cost(4, 11, 558754).
cost(4, 12, 22296).
cost(4, 13, 443985).
cost(4, 14, 189506).
cost(4, 15, 391421).
cost(4, 16, 337521).
cost(4, 17, 275433).
cost(4, 18, 331837).
cost(4, 19, 361187).
cost(4, 20, 257736).
cost(4, 21, 562768).
cost(4, 22, 582810).
cost(4, 23, 239164).
cost(4, 24, 298202).
cost(4, 25, 44292).
cost(4, 26, 135838).
cost(4, 27, 222776).
cost(4, 28, 291246).
cost(5, 1, 138684).
cost(5, 2, 533052).
cost(5, 3, 536957).
cost(5, 4, 344523).
cost(5, 6, 194615).
cost(5, 7, 308124).
cost(5, 8, 101912).
cost(5, 9, 185822).
cost(5, 10, 214259).
cost(5, 11, 279610).
cost(5, 12, 333282).
cost(5, 13, 501495).
cost(5, 14, 309321).
cost(5, 15, 500777).
cost(5, 16, 271315).
cost(5, 17, 94492).
cost(5, 18, 81635).
cost(5, 19, 139804).
cost(5, 20, 295432).
cost(5, 21, 595785).
cost(5, 22, 300045).
cost(5, 23, 151913).
cost(5, 24, 493510).
cost(5, 25, 388140).
cost(5, 26, 246213).
cost(5, 27, 406924).
cost(5, 28, 380666).
cost(6, 1, 246862).
cost(6, 2, 408713).
cost(6, 3, 640015).
cost(6, 4, 468546).
cost(6, 5, 194615).
cost(6, 7, 439721).
cost(6, 8, 221518).
cost(6, 9, 337372).
cost(6, 10, 340705).
cost(6, 11, 92169).
cost(6, 12, 450841).
cost(6, 13, 431402).
cost(6, 14, 350389).
cost(6, 15, 460338).
cost(6, 16, 218244).
cost(6, 17, 283251).
cost(6, 18, 146895).
cost(6, 19, 107692).
cost(6, 20, 297070).
cost(6, 21, 495248).
cost(6, 22, 115660).
cost(6, 23, 229398).
cost(6, 24, 503012).
cost(6, 25, 512110).
cost(6, 26, 338060).
cost(6, 27, 434918).
cost(6, 28, 366707).
cost(7, 1, 193702).
cost(7, 2, 831555).
cost(7, 3, 760593).
cost(7, 4, 570206).
cost(7, 5, 308124).
cost(7, 6, 439721).
cost(7, 8, 398602).
cost(7, 9, 421206).
cost(7, 10, 99748).
cost(7, 11, 486227).
cost(7, 12, 568887).
cost(7, 13, 809543).
cost(7, 14, 602600).
cost(7, 15, 807424).
cost(7, 16, 578397).
cost(7, 17, 313241).
cost(7, 18, 387265).
cost(7, 19, 437286).
cost(7, 20, 600470).
cost(7, 21, 901292).
cost(7, 22, 495209).
cost(7, 23, 452419).
cost(7, 24, 787936).
cost(7, 25, 605717).
cost(7, 26, 521664).
cost(7, 27, 698249).
cost(7, 28, 685487).
cost(8, 1, 240350).
cost(8, 2, 473243).
cost(8, 3, 444399).
cost(8, 4, 257726).
cost(8, 5, 101912).
cost(8, 6, 221518).
cost(8, 7, 398602).
cost(8, 9, 115883).
cost(8, 10, 310166).
cost(8, 11, 313687).
cost(8, 12, 243319).
cost(8, 13, 419836).
cost(8, 14, 208327).
cost(8, 15, 410093).
cost(8, 16, 201603).
cost(8, 17, 104530).
cost(8, 18, 76133).
cost(8, 19, 122697).
cost(8, 20, 202587).
cost(8, 21, 522747).
cost(8, 22, 337063).
cost(8, 23, 53891).
cost(8, 24, 393420).
cost(8, 25, 302017).
cost(8, 26, 146117).
cost(8, 27, 305845).
cost(8, 28, 287183).
cost(9, 1, 306294).
cost(9, 2, 543519).
cost(9, 3, 356705).
cost(9, 4, 161619).
cost(9, 5, 185822).
cost(9, 6, 337372).
cost(9, 7, 421206).
cost(9, 8, 115883).
cost(9, 10, 350665).
cost(9, 11, 429536).
cost(9, 12, 153935).
cost(9, 13, 461323).
cost(9, 14, 205517).
cost(9, 15, 432444).
cost(9, 16, 277872).
cost(9, 17, 114781).
cost(9, 18, 191192).
cost(9, 19, 236966).
cost(9, 20, 238190).
cost(9, 21, 574573).
cost(9, 22, 452853).
cost(9, 23, 127817).
cost(9, 24, 380657).
cost(9, 25, 204086).
cost(9, 26, 111920).
cost(9, 27, 290625).
cost(9, 28, 310163).
cost(10, 1, 94093).
cost(10, 2, 732225).
cost(10, 3, 702261).
cost(10, 4, 507872).
cost(10, 5, 214259).
cost(10, 6, 340705).
cost(10, 7, 99748).
cost(10, 8, 310166).
cost(10, 9, 350665).
cost(10, 11, 391299).
cost(10, 12, 503398).
cost(10, 13, 713840).
cost(10, 14, 517590).
cost(10, 15, 715033).
cost(10, 16, 481788).
cost(10, 17, 236968).
cost(10, 18, 290956).
cost(10, 19, 338791).
cost(10, 20, 509379).
cost(10, 21, 803343).
cost(10, 22, 401928).
cost(10, 23, 363257).
cost(10, 24, 703138).
cost(10, 25, 546781).
cost(10, 26, 442426).
cost(10, 27, 614577).
cost(10, 28, 594630).
cost(11, 1, 301775).
cost(11, 2, 415303).
cost(11, 3, 725889).
cost(11, 4, 558754).
cost(11, 5, 279610).
cost(11, 6, 92169).
cost(11, 7, 486227).
cost(11, 8, 313687).
cost(11, 9, 429536).
cost(11, 10, 391299).
cost(11, 12, 540522).
cost(11, 13, 468312).
cost(11, 14, 429890).
cost(11, 15, 509136).
cost(11, 16, 282022).
cost(11, 17, 371395).
cost(11, 18, 238853).
cost(11, 19, 197704).
cost(11, 20, 370005).
cost(11, 21, 512616).
cost(11, 22, 24105).
cost(11, 23, 319764).
cost(11, 24, 568326).
cost(11, 25, 601994).
cost(11, 26, 426517).
cost(11, 27, 507925).
cost(11, 28, 430305).
cost(12, 1, 459676).
cost(12, 2, 540157).
cost(12, 3, 203875).
cost(12, 4, 22296).
cost(12, 5, 333282).
cost(12, 6, 450841).
cost(12, 7, 568887).
cost(12, 8, 243319).
cost(12, 9, 153935).
cost(12, 10, 503398).
cost(12, 11, 540522).
cost(12, 13, 423068).
cost(12, 14, 167309).
cost(12, 15, 371768).
cost(12, 16, 315683).
cost(12, 17, 268671).
cost(12, 18, 316296).
cost(12, 19, 343260).
cost(12, 20, 235449).
cost(12, 21, 541859).
cost(12, 22, 564607).
cost(12, 23, 221547).
cost(12, 24, 282017).
cost(12, 25, 61594).
cost(12, 26, 115635).
cost(12, 27, 203959).
cost(12, 28, 269762).
cost(13, 1, 627453).
cost(13, 2, 150698).
cost(13, 3, 484251).
cost(13, 4, 443985).
cost(13, 5, 501495).
cost(13, 6, 431402).
cost(13, 7, 809543).
cost(13, 8, 419836).
cost(13, 9, 461323).
cost(13, 10, 713840).
cost(13, 11, 468312).
cost(13, 12, 423068).
cost(13, 14, 265065).
cost(13, 15, 76496).
cost(13, 16, 232661).
cost(13, 17, 521968).
cost(13, 18, 422884).
cost(13, 19, 379996).
cost(13, 20, 224309).
cost(13, 21, 118791).
cost(13, 22, 485201).
cost(13, 23, 367708).
cost(13, 24, 202229).
cost(13, 25, 462934).
cost(13, 26, 356289).
cost(13, 27, 229444).
cost(13, 28, 155734).
cost(14, 1, 447988).
cost(14, 2, 373339).
cost(14, 3, 304179).
cost(14, 4, 189506).
cost(14, 5, 309321).
cost(14, 6, 350389).
cost(14, 7, 602600).
cost(14, 8, 208327).
cost(14, 9, 205517).
cost(14, 10, 517590).
cost(14, 11, 429890).
cost(14, 12, 167309).
cost(14, 13, 265065).
cost(14, 15, 227811).
cost(14, 16, 164482).
cost(14, 17, 291690).
cost(14, 18, 253587).
cost(14, 19, 249484).
cost(14, 20, 72826).
cost(14, 21, 382690).
cost(14, 22, 453447).
cost(14, 23, 157806).
cost(14, 24, 185613).
cost(14, 25, 219283).
cost(14, 26, 94419).
cost(14, 27, 97603).
cost(14, 28, 109437).
cost(15, 1, 633445).
cost(15, 2, 227183).
cost(15, 3, 412728).
cost(15, 4, 391421).
cost(15, 5, 500777).
cost(15, 6, 460338).
cost(15, 7, 807424).
cost(15, 8, 410093).
cost(15, 9, 432444).
cost(15, 10, 715033).
cost(15, 11, 509136).
cost(15, 12, 371768).
cost(15, 13, 76496).
cost(15, 14, 227811).
cost(15, 16, 246470).
cost(15, 17, 507234).
cost(15, 18, 426881).
cost(15, 19, 393039).
cost(15, 20, 207521).
cost(15, 21, 181958).
cost(15, 22, 528096).
cost(15, 23, 356301).
cost(15, 24, 127246).
cost(15, 25, 405242).
cost(15, 26, 322198).
cost(15, 27, 169591).
cost(15, 28, 124218).
cost(16, 1, 394794).
cost(16, 2, 271912).
cost(16, 3, 468486).
cost(16, 4, 337521).
cost(16, 5, 271315).
cost(16, 6, 218244).
cost(16, 7, 578397).
cost(16, 8, 201603).
cost(16, 9, 277872).
cost(16, 10, 481788).
cost(16, 11, 282022).
cost(16, 12, 315683).
cost(16, 13, 232661).
cost(16, 14, 164482).
cost(16, 15, 246470).
cost(16, 17, 306082).
cost(16, 18, 191133).
cost(16, 19, 148124).
cost(16, 20, 94093).
cost(16, 21, 324876).
cost(16, 22, 304128).
cost(16, 23, 157059).
cost(16, 24, 286834).
cost(16, 25, 374165).
cost(16, 26, 206363).
cost(16, 27, 228009).
cost(16, 28, 149218).
cost(17, 1, 193324).
cost(17, 2, 577515).
cost(17, 3, 470779).
cost(17, 4, 275433).
cost(17, 5, 94492).
cost(17, 6, 283251).
cost(17, 7, 313241).
cost(17, 8, 104530).
cost(17, 9, 114781).
cost(17, 10, 236968).
cost(17, 11, 371395).
cost(17, 12, 268671).
cost(17, 13, 521968).
cost(17, 14, 291690).
cost(17, 15, 507234).
cost(17, 16, 306082).
cost(17, 18, 145868).
cost(17, 19, 206763).
cost(17, 20, 300732).
cost(17, 21, 626722).
cost(17, 22, 392588).
cost(17, 23, 154361).
cost(17, 24, 475967).
cost(17, 25, 316769).
cost(17, 26, 208424).
cost(17, 27, 385858).
cost(17, 28, 383128).
cost(18, 1, 206571).
cost(18, 2, 451479).
cost(18, 3, 514500).
cost(18, 4, 331837).
cost(18, 5, 81635).
cost(18, 6, 146895).
cost(18, 7, 387265).
cost(18, 8, 76133).
cost(18, 9, 191192).
cost(18, 10, 290956).
cost(18, 11, 238853).
cost(18, 12, 316296).
cost(18, 13, 422884).
cost(18, 14, 253587).
cost(18, 15, 426881).
cost(18, 16, 191133).
cost(18, 17, 145868).
cost(18, 19, 61723).
cost(18, 20, 226229).
cost(18, 21, 514806).
cost(18, 22, 261933).
cost(18, 23, 101209).
cost(18, 24, 431881).
cost(18, 25, 376073).
cost(18, 26, 211337).
cost(18, 27, 349538).
cost(18, 28, 310345).
cost(19, 1, 248914).
cost(19, 2, 395593).
cost(19, 3, 532996).
cost(19, 4, 361187).
cost(19, 5, 139804).
cost(19, 6, 107692).
cost(19, 7, 437286).
cost(19, 8, 122697).
cost(19, 9, 236966).
cost(19, 10, 338791).
cost(19, 11, 197704).
cost(19, 12, 343260).
cost(19, 13, 379996).
cost(19, 14, 249484).
cost(19, 15, 393039).
cost(19, 16, 148124).
cost(19, 17, 206763).
cost(19, 18, 61723).
cost(19, 20, 205681).
cost(19, 21, 464684).
cost(19, 22, 221713).
cost(19, 23, 122078).
cost(19, 24, 415100).
cost(19, 25, 404607).
cost(19, 26, 230420).
cost(19, 27, 339648).
cost(19, 28, 284534).
cost(20, 1, 431038).
cost(20, 2, 312381).
cost(20, 3, 375145).
cost(20, 4, 257736).
cost(20, 5, 295432).
cost(20, 6, 297070).
cost(20, 7, 600470).
cost(20, 8, 202587).
cost(20, 9, 238190).
cost(20, 10, 509379).
cost(20, 11, 370005).
cost(20, 12, 235449).
cost(20, 13, 224309).
cost(20, 14, 72826).
cost(20, 15, 207521).
cost(20, 16, 94093).
cost(20, 17, 300732).
cost(20, 18, 226229).
cost(20, 19, 205681).
cost(20, 21, 336383).
cost(20, 22, 392935).
cost(20, 23, 148780).
cost(20, 24, 209422).
cost(20, 25, 290291).
cost(20, 26, 140331).
cost(20, 27, 138237).
cost(20, 28, 85252).
cost(21, 1, 713313).
cost(21, 2, 106877).
cost(21, 3, 594344).
cost(21, 4, 562768).
cost(21, 5, 595785).
cost(21, 6, 495248).
cost(21, 7, 901292).
cost(21, 8, 522747).
cost(21, 9, 574573).
cost(21, 10, 803343).
cost(21, 11, 512616).
cost(21, 12, 541859).
cost(21, 13, 118791).
cost(21, 14, 382690).
cost(21, 15, 181958).
cost(21, 16, 324876).
cost(21, 17, 626722).
cost(21, 18, 514806).
cost(21, 19, 464684).
cost(21, 20, 336383).
cost(21, 22, 525267).
cost(21, 23, 472828).
cost(21, 24, 307461).
cost(21, 25, 581235).
cost(21, 26, 472347).
cost(21, 27, 346642).
cost(21, 28, 273817).
cost(22, 1, 314318).
cost(22, 2, 426062).
cost(22, 3, 749892).
cost(22, 4, 582810).
cost(22, 5, 300045).
cost(22, 6, 115660).
cost(22, 7, 495209).
cost(22, 8, 337063).
cost(22, 9, 452853).
cost(22, 10, 401928).
cost(22, 11, 24105).
cost(22, 12, 564607).
cost(22, 13, 485201).
cost(22, 14, 453447).
cost(22, 15, 528096).
cost(22, 16, 304128).
cost(22, 17, 392588).
cost(22, 18, 261933).
cost(22, 19, 221713).
cost(22, 20, 392935).
cost(22, 21, 525267).
cost(22, 23, 343785).
cost(22, 24, 589914).
cost(22, 25, 626072).
cost(22, 26, 450622).
cost(22, 27, 530672).
cost(22, 28, 451879).
cost(23, 1, 290418).
cost(23, 2, 428451).
cost(23, 3, 415310).
cost(23, 4, 239164).
cost(23, 5, 151913).
cost(23, 6, 229398).
cost(23, 7, 452419).
cost(23, 8, 53891).
cost(23, 9, 127817).
cost(23, 10, 363257).
cost(23, 11, 319764).
cost(23, 12, 221547).
cost(23, 13, 367708).
cost(23, 14, 157806).
cost(23, 15, 356301).
cost(23, 16, 157059).
cost(23, 17, 154361).
cost(23, 18, 101209).
cost(23, 19, 122078).
cost(23, 20, 148780).
cost(23, 21, 472828).
cost(23, 22, 343785).
cost(23, 24, 341602).
cost(23, 25, 282725).
cost(23, 26, 111295).
cost(23, 27, 255324).
cost(23, 28, 233293).
cost(24, 1, 631870).
cost(24, 2, 351569).
cost(24, 3, 287335).
cost(24, 4, 298202).
cost(24, 5, 493510).
cost(24, 6, 503012).
cost(24, 7, 787936).
cost(24, 8, 393420).
cost(24, 9, 380657).
cost(24, 10, 703138).
cost(24, 11, 568326).
cost(24, 12, 282017).
cost(24, 13, 202229).
cost(24, 14, 185613).
cost(24, 15, 127246).
cost(24, 16, 286834).
cost(24, 17, 475967).
cost(24, 18, 431881).
cost(24, 19, 415100).
cost(24, 20, 209422).
cost(24, 21, 307461).
cost(24, 22, 589914).
cost(24, 23, 341602).
cost(24, 25, 301904).
cost(24, 26, 270245).
cost(24, 27, 90397).
cost(24, 28, 138037).
cost(25, 1, 509789).
cost(25, 2, 587782).
cost(25, 3, 155556).
cost(25, 4, 44292).
cost(25, 5, 388140).
cost(25, 6, 512110).
cost(25, 7, 605717).
cost(25, 8, 302017).
cost(25, 9, 204086).
cost(25, 10, 546781).
cost(25, 11, 601994).
cost(25, 12, 61594).
cost(25, 13, 462934).
cost(25, 14, 219283).
cost(25, 15, 405242).
cost(25, 16, 374165).
cost(25, 17, 316769).
cost(25, 18, 376073).
cost(25, 19, 404607).
cost(25, 20, 290291).
cost(25, 21, 581235).
cost(25, 22, 626072).
cost(25, 23, 282725).
cost(25, 24, 301904).
cost(25, 26, 177092).
cost(25, 27, 235750).
cost(25, 28, 314239).
cost(26, 1, 382418).
cost(26, 2, 452681).
cost(26, 3, 304029).
cost(26, 4, 135838).
cost(26, 5, 246213).
cost(26, 6, 338060).
cost(26, 7, 521664).
cost(26, 8, 146117).
cost(26, 9, 111920).
cost(26, 10, 442426).
cost(26, 11, 426517).
cost(26, 12, 115635).
cost(26, 13, 356289).
cost(26, 14, 94419).
cost(26, 15, 322198).
cost(26, 16, 206363).
cost(26, 17, 208424).
cost(26, 18, 211337).
cost(26, 19, 230420).
cost(26, 20, 140331).
cost(26, 21, 472347).
cost(26, 22, 450622).
cost(26, 23, 111295).
cost(26, 24, 270245).
cost(26, 25, 177092).
cost(26, 27, 179879).
cost(26, 28, 202014).
cost(27, 1, 545588).
cost(27, 2, 364948).
cost(27, 3, 265753).
cost(27, 4, 222776).
cost(27, 5, 406924).
cost(27, 6, 434918).
cost(27, 7, 698249).
cost(27, 8, 305845).
cost(27, 9, 290625).
cost(27, 10, 614577).
cost(27, 11, 507925).
cost(27, 12, 203959).
cost(27, 13, 229444).
cost(27, 14, 97603).
cost(27, 15, 169591).
cost(27, 16, 228009).
cost(27, 17, 385858).
cost(27, 18, 349538).
cost(27, 19, 339648).
cost(27, 20, 138237).
cost(27, 21, 346642).
cost(27, 22, 530672).
cost(27, 23, 255324).
cost(27, 24, 90397).
cost(27, 25, 235750).
cost(27, 26, 179879).
cost(27, 28, 98440).
cost(28, 1, 515894).
cost(28, 2, 274096).
cost(28, 3, 363433).
cost(28, 4, 291246).
cost(28, 5, 380666).
cost(28, 6, 366707).
cost(28, 7, 685487).
cost(28, 8, 287183).
cost(28, 9, 310163).
cost(28, 10, 594630).
cost(28, 11, 430305).
cost(28, 12, 269762).
cost(28, 13, 155734).
cost(28, 14, 109437).
cost(28, 15, 124218).
cost(28, 16, 149218).
cost(28, 17, 383128).
cost(28, 18, 310345).
cost(28, 19, 284534).
cost(28, 20, 85252).
cost(28, 21, 273817).
cost(28, 22, 451879).
cost(28, 23, 233293).
cost(28, 24, 138037).
cost(28, 25, 314239).
cost(28, 26, 202014).
cost(28, 27, 98440).
