dimension(29).
point(1, -154108.0, -50212.0).
point(2, 133661.0, -202609.0).
point(3, -7579.0, -73982.0).
point(4, -196946.0, 306873.0).
point(5, -158218.0, 76585.0).
point(6, 155798.0, 6041.0).
point(7, -81836.0, 19183.0).
point(8, -306617.0, -92218.0).
point(9, 57784.0, 202527.0).
point(10, -43327.0, -313881.0).
point(11, -251955.0, 282892.0).
point(12, -135519.0, -58724.0).
point(13, -102202.0, 201700.0).
point(14, -143939.0, -244736.0).
point(15, 247360.0, -489253.0).
point(16, 36991.0, -185443.0).
point(17, 256328.0, 174162.0).
point(18, -158699.0, -283605.0).
point(19, 122301.0, 33442.0).
point(20, 258675.0, -78678.0).
point(21, -409707.0, 197131.0).
point(22, -105159.0, 165367.0).
point(23, 330833.0, -466959.0).
point(24, 369937.0, 203099.0).
point(25, -400994.0, -271174.0).
point(26, 51187.0, 347051.0).
point(27, 220025.0, -200923.0).
point(28, -337728.0, -225063.0).
point(29, -134524.0, -69246.0).
cost(1, 2, 325631).
cost(1, 3, 148444).
cost(1, 4, 359645).
cost(1, 5, 126864).
cost(1, 6, 314970).
cost(1, 7, 100194).
cost(1, 8, 158188).
cost(1, 9, 329811).
cost(1, 10, 285996).
cost(1, 11, 347178).
cost(1, 12, 20445).
cost(1, 13, 257204).
cost(1, 14, 194790).
cost(1, 15, 594923).
cost(1, 16, 234107).
cost(1, 17, 467762).
cost(1, 18, 233438).
cost(1, 19, 288790).
cost(1, 20, 413763).
cost(1, 21, 355682).
cost(1, 22, 221066).
cost(1, 23, 639411).
cost(1, 24, 582056).
cost(1, 25, 331326).
cost(1, 26, 447173).
cost(1, 27, 403348).
cost(1, 28, 253553).
cost(1, 29, 27310).
cost(2, 1, 325631).
cost(2, 3, 191033).
cost(2, 4, 607349).
cost(2, 5, 403909).
cost(2, 6, 209821).
cost(2, 7, 309242).
cost(2, 8, 453906).
cost(2, 9, 412180).
cost(2, 10, 209060).
cost(2, 11, 620009).
cost(2, 12, 305222).
cost(2, 13, 468078).
cost(2, 14, 280778).
cost(2, 15, 308370).
cost(2, 16, 98182).
cost(2, 17, 396237).
cost(2, 18, 303372).
cost(2, 19, 236324).
cost(2, 20, 176032).
cost(2, 21, 674567).
cost(2, 22, 438681).
cost(2, 23, 329784).
cost(2, 24, 469495).
cost(2, 25, 539034).
cost(2, 26, 555813).
cost(2, 27, 86380).
cost(2, 28, 471923).
cost(2, 29, 299514).
cost(3, 1, 148444).
cost(3, 2, 191033).
cost(3, 4, 425336).
cost(3, 5, 212985).
cost(3, 6, 181922).
cost(3, 7, 119138).
cost(3, 8, 299594).
cost(3, 9, 284129).
cost(3, 10, 242548).
cost(3, 11, 432526).
cost(3, 12, 128847).
cost(3, 13, 291469).
cost(3, 14, 218520).
cost(3, 15, 487282).
cost(3, 16, 120042).
cost(3, 17, 362246).
cost(3, 18, 258416).
cost(3, 19, 168549).
cost(3, 20, 266295).
cost(3, 21, 484984).
cost(3, 22, 258476).
cost(3, 23, 518607).
cost(3, 24, 468286).
cost(3, 25, 440068).
cost(3, 26, 425114).
cost(3, 27, 260610).
cost(3, 28, 363076).
cost(3, 29, 127033).
cost(4, 1, 359645).
cost(4, 2, 607349).
cost(4, 3, 425336).
cost(4, 5, 233522).
cost(4, 6, 463604).
cost(4, 7, 309864).
cost(4, 8, 413886).
cost(4, 9, 275273).
cost(4, 10, 639480).
cost(4, 11, 60009).
cost(4, 12, 370722).
cost(4, 13, 141555).
cost(4, 14, 554150).
cost(4, 15, 911715).
cost(4, 16, 545070).
cost(4, 17, 472302).
cost(4, 18, 591715).
cost(4, 19, 420337).
cost(4, 20, 596859).
cost(4, 21, 239396).
cost(4, 22, 168668).
cost(4, 23, 936679).
cost(4, 24, 576303).
cost(4, 25, 613004).
cost(4, 26, 251365).
cost(4, 27, 657055).
cost(4, 28, 550250).
cost(4, 29, 381264).
cost(5, 1, 126864).
cost(5, 2, 403909).
cost(5, 3, 212985).
cost(5, 4, 233522).
cost(5, 6, 321842).
cost(5, 7, 95547).
cost(5, 8, 224759).
cost(5, 9, 250037).
cost(5, 10, 407018).
cost(5, 11, 226604).
cost(5, 12, 137200).
cost(5, 13, 137082).
cost(5, 14, 321638).
cost(5, 15, 696180).
cost(5, 16, 326749).
cost(5, 17, 425875).
cost(5, 18, 360190).
cost(5, 19, 283817).
cost(5, 20, 444867).
cost(5, 21, 278887).
cost(5, 22, 103429).
cost(5, 23, 731171).
cost(5, 24, 543096).
cost(5, 25, 424119).
cost(5, 26, 342056).
cost(5, 27, 469125).
cost(5, 28, 351020).
cost(5, 29, 147743).
cost(6, 1, 314970).
cost(6, 2, 209821).
cost(6, 3, 181922).
cost(6, 4, 463604).
cost(6, 5, 321842).
cost(6, 7, 237997).
cost(6, 8, 472739).
cost(6, 9, 219576).
cost(6, 10, 376830).
cost(6, 11, 492858).
cost(6, 12, 298429).
cost(6, 13, 323800).
cost(6, 14, 390809).
cost(6, 15, 503686).
cost(6, 16, 225347).
cost(6, 17, 195885).
cost(6, 18, 427555).
cost(6, 19, 43277).
cost(6, 20, 133270).
cost(6, 21, 596918).
cost(6, 22, 305750).
cost(6, 23, 504347).
cost(6, 24, 291011).
cost(6, 25, 621985).
cost(6, 26, 356695).
cost(6, 27, 216701).
cost(6, 28, 544956).
cost(6, 29, 299925).
cost(7, 1, 100194).
cost(7, 2, 309242).
cost(7, 3, 119138).
cost(7, 4, 309864).
cost(7, 5, 95547).
cost(7, 6, 237997).
cost(7, 8, 250872).
cost(7, 9, 230453).
cost(7, 10, 335283).
cost(7, 11, 313820).
cost(7, 12, 94612).
cost(7, 13, 183650).
cost(7, 14, 271127).
cost(7, 15, 605704).
cost(7, 16, 236626).
cost(7, 17, 371986).
cost(7, 18, 312392).
cost(7, 19, 204634).
cost(7, 20, 354294).
cost(7, 21, 373048).
cost(7, 22, 148033).
cost(7, 23, 637675).
cost(7, 24, 487774).
cost(7, 25, 431473).
cost(7, 26, 353826).
cost(7, 27, 373586).
cost(7, 28, 353747).
cost(7, 29, 102935).
cost(8, 1, 158188).
cost(8, 2, 453906).
cost(8, 3, 299594).
cost(8, 4, 413886).
cost(8, 5, 224759).
cost(8, 6, 472739).
cost(8, 7, 250872).
cost(8, 9, 468682).
cost(8, 10, 344175).
cost(8, 11, 379072).
cost(8, 12, 174346).
cost(8, 13, 358013).
cost(8, 14, 222993).
cost(8, 15, 681562).
cost(8, 16, 356030).
cost(8, 17, 622788).
cost(8, 18, 241886).
cost(8, 19, 446946).
cost(8, 20, 565454).
cost(8, 21, 307165).
cost(8, 22, 327010).
cost(8, 23, 739441).
cost(8, 24, 738199).
cost(8, 25, 202317).
cost(8, 26, 566552).
cost(8, 27, 537744).
cost(8, 28, 136439).
cost(8, 29, 173619).
cost(9, 1, 329811).
cost(9, 2, 412180).
cost(9, 3, 284129).
cost(9, 4, 275273).
cost(9, 5, 250037).
cost(9, 6, 219576).
cost(9, 7, 230453).
cost(9, 8, 468682).
cost(9, 10, 526214).
cost(9, 11, 319995).
cost(9, 12, 324989).
cost(9, 13, 159988).
cost(9, 14, 490649).
cost(9, 15, 717286).
cost(9, 16, 388527).
cost(9, 17, 200560).
cost(9, 18, 532155).
cost(9, 19, 180976).
cost(9, 20, 345591).
cost(9, 21, 467522).
cost(9, 22, 167127).
cost(9, 23, 723026).
cost(9, 24, 312154).
cost(9, 25, 659447).
cost(9, 26, 144674).
cost(9, 27, 434849).
cost(9, 28, 582463).
cost(9, 29, 332931).
cost(10, 1, 285996).
cost(10, 2, 209060).
cost(10, 3, 242548).
cost(10, 4, 639480).
cost(10, 5, 407018).
cost(10, 6, 376830).
cost(10, 7, 335283).
cost(10, 8, 344175).
cost(10, 9, 526214).
cost(10, 11, 632190).
cost(10, 12, 271301).
cost(10, 13, 518932).
cost(10, 14, 122081).
cost(10, 15, 339491).
cost(10, 16, 151484).
cost(10, 17, 572695).
cost(10, 18, 119278).
cost(10, 19, 384793).
cost(10, 20, 382787).
cost(10, 21, 628783).
cost(10, 22, 483220).
cost(10, 23, 404263).
cost(10, 24, 661858).
cost(10, 25, 360208).
cost(10, 26, 667656).
cost(10, 27, 286555).
cost(10, 28, 307507).
cost(10, 29, 261081).
cost(11, 1, 347178).
cost(11, 2, 620009).
cost(11, 3, 432526).
cost(11, 4, 60009).
cost(11, 5, 226604).
cost(11, 6, 492858).
cost(11, 7, 313820).
cost(11, 8, 379072).
cost(11, 9, 319995).
cost(11, 10, 632190).
cost(11, 12, 360914).
cost(11, 13, 170347).
cost(11, 14, 538571).
cost(11, 15, 919523).
cost(11, 16, 550298).
cost(11, 17, 519782).
cost(11, 18, 574122).
cost(11, 19, 449770).
cost(11, 20, 625680).
cost(11, 21, 179557).
cost(11, 22, 188046).
cost(11, 23, 949694).
cost(11, 24, 626990).
cost(11, 25, 573761).
cost(11, 26, 309857).
cost(11, 27, 675901).
cost(11, 28, 515146).
cost(11, 29, 371202).
cost(12, 1, 20445).
cost(12, 2, 305222).
cost(12, 3, 128847).
cost(12, 4, 370722).
cost(12, 5, 137200).
cost(12, 6, 298429).
cost(12, 7, 94612).
cost(12, 8, 174346).
cost(12, 9, 324989).
cost(12, 10, 271301).
cost(12, 11, 360914).
cost(12, 13, 262547).
cost(12, 14, 186202).
cost(12, 15, 576152).
cost(12, 16, 214050).
cost(12, 17, 455829).
cost(12, 18, 226073).
cost(12, 19, 273799).
cost(12, 20, 394699).
cost(12, 21, 375021).
cost(12, 22, 226138).
cost(12, 23, 619790).
cost(12, 24, 569243).
cost(12, 25, 340018).
cost(12, 26, 446668).
cost(12, 27, 382926).
cost(12, 28, 261834).
cost(12, 29, 10569).
cost(13, 1, 257204).
cost(13, 2, 468078).
cost(13, 3, 291469).
cost(13, 4, 141555).
cost(13, 5, 137082).
cost(13, 6, 323800).
cost(13, 7, 183650).
cost(13, 8, 358013).
cost(13, 9, 159988).
cost(13, 10, 518932).
cost(13, 11, 170347).
cost(13, 12, 262547).
cost(13, 14, 448383).
cost(13, 15, 774345).
cost(13, 16, 411405).
cost(13, 17, 359586).
cost(13, 18, 488582).
cost(13, 19, 280557).
cost(13, 20, 456995).
cost(13, 21, 307539).
cost(13, 22, 36453).
cost(13, 23, 796633).
cost(13, 24, 472141).
cost(13, 25, 559363).
cost(13, 26, 211318).
cost(13, 27, 515689).
cost(13, 28, 487441).
cost(13, 29, 272867).
cost(14, 1, 194790).
cost(14, 2, 280778).
cost(14, 3, 218520).
cost(14, 4, 554150).
cost(14, 5, 321638).
cost(14, 6, 390809).
cost(14, 7, 271127).
cost(14, 8, 222993).
cost(14, 9, 490649).
cost(14, 10, 122081).
cost(14, 11, 538571).
cost(14, 12, 186202).
cost(14, 13, 448383).
cost(14, 15, 461415).
cost(14, 16, 190398).
cost(14, 17, 579387).
cost(14, 18, 41577).
cost(14, 19, 385054).
cost(14, 20, 435515).
cost(14, 21, 515635).
cost(14, 22, 411932).
cost(14, 23, 524206).
cost(14, 24, 681634).
cost(14, 25, 258411).
cost(14, 26, 623126).
cost(14, 27, 366592).
cost(14, 28, 194785).
cost(14, 29, 175742).
cost(15, 1, 594923).
cost(15, 2, 308370).
cost(15, 3, 487282).
cost(15, 4, 911715).
cost(15, 5, 696180).
cost(15, 6, 503686).
cost(15, 7, 605704).
cost(15, 8, 681562).
cost(15, 9, 717286).
cost(15, 10, 339491).
cost(15, 11, 919523).
cost(15, 12, 576152).
cost(15, 13, 774345).
cost(15, 14, 461415).
cost(15, 16, 369534).
cost(15, 17, 663476).
cost(15, 18, 455165).
cost(15, 19, 537448).
cost(15, 20, 410731).
cost(15, 21, 950189).
cost(15, 22, 743503).
cost(15, 23, 86399).
cost(15, 24, 703119).
cost(15, 25, 684048).
cost(15, 26, 859004).
cost(15, 27, 289623).
cost(15, 28, 641969).
cost(15, 29, 567663).
cost(16, 1, 234107).
cost(16, 2, 98182).
cost(16, 3, 120042).
cost(16, 4, 545070).
cost(16, 5, 326749).
cost(16, 6, 225347).
cost(16, 7, 236626).
cost(16, 8, 356030).
cost(16, 9, 388527).
cost(16, 10, 151484).
cost(16, 11, 550298).
cost(16, 12, 214050).
cost(16, 13, 411405).
cost(16, 14, 190398).
cost(16, 15, 369534).
cost(16, 17, 421218).
cost(16, 18, 218930).
cost(16, 19, 234922).
cost(16, 20, 246054).
cost(16, 21, 588134).
cost(16, 22, 378516).
cost(16, 23, 406933).
cost(16, 24, 511681).
cost(16, 25, 446297).
cost(16, 26, 532683).
cost(16, 27, 183687).
cost(16, 28, 376808).
cost(16, 29, 207169).
cost(17, 1, 467762).
cost(17, 2, 396237).
cost(17, 3, 362246).
cost(17, 4, 472302).
cost(17, 5, 425875).
cost(17, 6, 195885).
cost(17, 7, 371986).
cost(17, 8, 622788).
cost(17, 9, 200560).
cost(17, 10, 572695).
cost(17, 11, 519782).
cost(17, 12, 455829).
cost(17, 13, 359586).
cost(17, 14, 579387).
cost(17, 15, 663476).
cost(17, 16, 421218).
cost(17, 18, 617898).
cost(17, 19, 194333).
cost(17, 20, 252851).
cost(17, 21, 666431).
cost(17, 22, 361594).
cost(17, 23, 645436).
cost(17, 24, 117236).
cost(17, 25, 793975).
cost(17, 26, 268279).
cost(17, 27, 376838).
cost(17, 28, 715740).
cost(17, 29, 460448).
cost(18, 1, 233438).
cost(18, 2, 303372).
cost(18, 3, 258416).
cost(18, 4, 591715).
cost(18, 5, 360190).
cost(18, 6, 427555).
cost(18, 7, 312392).
cost(18, 8, 241886).
cost(18, 9, 532155).
cost(18, 10, 119278).
cost(18, 11, 574122).
cost(18, 12, 226073).
cost(18, 13, 488582).
cost(18, 14, 41577).
cost(18, 15, 455165).
cost(18, 16, 218930).
cost(18, 17, 617898).
cost(18, 19, 423651).
cost(18, 20, 464969).
cost(18, 21, 542321).
cost(18, 22, 452153).
cost(18, 23, 522743).
cost(18, 24, 718566).
cost(18, 25, 242614).
cost(18, 26, 664665).
cost(18, 27, 387644).
cost(18, 28, 188358).
cost(18, 29, 215718).
cost(19, 1, 288790).
cost(19, 2, 236324).
cost(19, 3, 168549).
cost(19, 4, 420337).
cost(19, 5, 283817).
cost(19, 6, 43277).
cost(19, 7, 204634).
cost(19, 8, 446946).
cost(19, 9, 180976).
cost(19, 10, 384793).
cost(19, 11, 449770).
cost(19, 12, 273799).
cost(19, 13, 280557).
cost(19, 14, 385054).
cost(19, 15, 537448).
cost(19, 16, 234922).
cost(19, 17, 194333).
cost(19, 18, 423651).
cost(19, 20, 176547).
cost(19, 21, 556621).
cost(19, 22, 262949).
cost(19, 23, 542113).
cost(19, 24, 300178).
cost(19, 25, 605499).
cost(19, 26, 321571).
cost(19, 27, 253923).
cost(19, 28, 527685).
cost(19, 29, 276593).
cost(20, 1, 413763).
cost(20, 2, 176032).
cost(20, 3, 266295).
cost(20, 4, 596859).
cost(20, 5, 444867).
cost(20, 6, 133270).
cost(20, 7, 354294).
cost(20, 8, 565454).
cost(20, 9, 345591).
cost(20, 10, 382787).
cost(20, 11, 625680).
cost(20, 12, 394699).
cost(20, 13, 456995).
cost(20, 14, 435515).
cost(20, 15, 410731).
cost(20, 16, 246054).
cost(20, 17, 252851).
cost(20, 18, 464969).
cost(20, 19, 176547).
cost(20, 21, 723053).
cost(20, 22, 438102).
cost(20, 23, 394929).
cost(20, 24, 302948).
cost(20, 25, 687181).
cost(20, 26, 473599).
cost(20, 27, 128209).
cost(20, 28, 614105).
cost(20, 29, 393312).
cost(21, 1, 355682).
cost(21, 2, 674567).
cost(21, 3, 484984).
cost(21, 4, 239396).
cost(21, 5, 278887).
cost(21, 6, 596918).
cost(21, 7, 373048).
cost(21, 8, 307165).
cost(21, 9, 467522).
cost(21, 10, 628783).
cost(21, 11, 179557).
cost(21, 12, 375021).
cost(21, 13, 307539).
cost(21, 14, 515635).
cost(21, 15, 950189).
cost(21, 16, 588134).
cost(21, 17, 666431).
cost(21, 18, 542321).
cost(21, 19, 556621).
cost(21, 20, 723053).
cost(21, 22, 306200).
cost(21, 23, 994693).
cost(21, 24, 779667).
cost(21, 25, 468386).
cost(21, 26, 484664).
cost(21, 27, 744990).
cost(21, 28, 428286).
cost(21, 29, 382991).
cost(22, 1, 221066).
cost(22, 2, 438681).
cost(22, 3, 258476).
cost(22, 4, 168668).
cost(22, 5, 103429).
cost(22, 6, 305750).
cost(22, 7, 148033).
cost(22, 8, 327010).
cost(22, 9, 167127).
cost(22, 10, 483220).
cost(22, 11, 188046).
cost(22, 12, 226138).
cost(22, 13, 36453).
cost(22, 14, 411932).
cost(22, 15, 743503).
cost(22, 16, 378516).
cost(22, 17, 361594).
cost(22, 18, 452153).
cost(22, 19, 262949).
cost(22, 20, 438102).
cost(22, 21, 306200).
cost(22, 23, 768066).
cost(22, 24, 476592).
cost(22, 25, 527339).
cost(22, 26, 239694).
cost(22, 27, 489809).
cost(22, 28, 454449).
cost(22, 29, 236444).
cost(23, 1, 639411).
cost(23, 2, 329784).
cost(23, 3, 518607).
cost(23, 4, 936679).
cost(23, 5, 731171).
cost(23, 6, 504347).
cost(23, 7, 637675).
cost(23, 8, 739441).
cost(23, 9, 723026).
cost(23, 10, 404263).
cost(23, 11, 949694).
cost(23, 12, 619790).
cost(23, 13, 796633).
cost(23, 14, 524206).
cost(23, 15, 86399).
cost(23, 16, 406933).
cost(23, 17, 645436).
cost(23, 18, 522743).
cost(23, 19, 542113).
cost(23, 20, 394929).
cost(23, 21, 994693).
cost(23, 22, 768066).
cost(23, 24, 671198).
cost(23, 25, 757564).
cost(23, 26, 860706).
cost(23, 27, 288190).
cost(23, 28, 710976).
cost(23, 29, 612154).
cost(24, 1, 582056).
cost(24, 2, 469495).
cost(24, 3, 468286).
cost(24, 4, 576303).
cost(24, 5, 543096).
cost(24, 6, 291011).
cost(24, 7, 487774).
cost(24, 8, 738199).
cost(24, 9, 312154).
cost(24, 10, 661858).
cost(24, 11, 626990).
cost(24, 12, 569243).
cost(24, 13, 472141).
cost(24, 14, 681634).
cost(24, 15, 703119).
cost(24, 16, 511681).
cost(24, 17, 117236).
cost(24, 18, 718566).
cost(24, 19, 300178).
cost(24, 20, 302948).
cost(24, 21, 779667).
cost(24, 22, 476592).
cost(24, 23, 671198).
cost(24, 25, 905135).
cost(24, 26, 349748).
cost(24, 27, 430938).
cost(24, 28, 827111).
cost(24, 29, 573282).
cost(25, 1, 331326).
cost(25, 2, 539034).
cost(25, 3, 440068).
cost(25, 4, 613004).
cost(25, 5, 424119).
cost(25, 6, 621985).
cost(25, 7, 431473).
cost(25, 8, 202317).
cost(25, 9, 659447).
cost(25, 10, 360208).
cost(25, 11, 573761).
cost(25, 12, 340018).
cost(25, 13, 559363).
cost(25, 14, 258411).
cost(25, 15, 684048).
cost(25, 16, 446297).
cost(25, 17, 793975).
cost(25, 18, 242614).
cost(25, 19, 605499).
cost(25, 20, 687181).
cost(25, 21, 468386).
cost(25, 22, 527339).
cost(25, 23, 757564).
cost(25, 24, 905135).
cost(25, 26, 765944).
cost(25, 27, 624980).
cost(25, 28, 78287).
cost(25, 29, 334337).
cost(26, 1, 447173).
cost(26, 2, 555813).
cost(26, 3, 425114).
cost(26, 4, 251365).
cost(26, 5, 342056).
cost(26, 6, 356695).
cost(26, 7, 353826).
cost(26, 8, 566552).
cost(26, 9, 144674).
cost(26, 10, 667656).
cost(26, 11, 309857).
cost(26, 12, 446668).
cost(26, 13, 211318).
cost(26, 14, 623126).
cost(26, 15, 859004).
cost(26, 16, 532683).
cost(26, 17, 268279).
cost(26, 18, 664665).
cost(26, 19, 321571).
cost(26, 20, 473599).
cost(26, 21, 484664).
cost(26, 22, 239694).
cost(26, 23, 860706).
cost(26, 24, 349748).
cost(26, 25, 765944).
cost(26, 27, 573395).
cost(26, 28, 691787).
cost(26, 29, 455842).
cost(27, 1, 403348).
cost(27, 2, 86380).
cost(27, 3, 260610).
cost(27, 4, 657055).
cost(27, 5, 469125).
cost(27, 6, 216701).
cost(27, 7, 373586).
cost(27, 8, 537744).
cost(27, 9, 434849).
cost(27, 10, 286555).
cost(27, 11, 675901).
cost(27, 12, 382926).
cost(27, 13, 515689).
cost(27, 14, 366592).
cost(27, 15, 289623).
cost(27, 16, 183687).
cost(27, 17, 376838).
cost(27, 18, 387644).
cost(27, 19, 253923).
cost(27, 20, 128209).
cost(27, 21, 744990).
cost(27, 22, 489809).
cost(27, 23, 288190).
cost(27, 24, 430938).
cost(27, 25, 624980).
cost(27, 26, 573395).
cost(27, 28, 558275).
cost(27, 29, 378211).
cost(28, 1, 253553).
cost(28, 2, 471923).
cost(28, 3, 363076).
cost(28, 4, 550250).
cost(28, 5, 351020).
cost(28, 6, 544956).
cost(28, 7, 353747).
cost(28, 8, 136439).
cost(28, 9, 582463).
cost(28, 10, 307507).
cost(28, 11, 515146).
cost(28, 12, 261834).
cost(28, 13, 487441).
cost(28, 14, 194785).
cost(28, 15, 641969).
cost(28, 16, 376808).
cost(28, 17, 715740).
cost(28, 18, 188358).
cost(28, 19, 527685).
cost(28, 20, 614105).
cost(28, 21, 428286).
cost(28, 22, 454449).
cost(28, 23, 710976).
cost(28, 24, 827111).
cost(28, 25, 78287).
cost(28, 26, 691787).
cost(28, 27, 558275).
cost(28, 29, 256068).
cost(29, 1, 27310).
cost(29, 2, 299514).
cost(29, 3, 127033).
cost(29, 4, 381264).
cost(29, 5, 147743).
cost(29, 6, 299925).
cost(29, 7, 102935).
cost(29, 8, 173619).
cost(29, 9, 332931).
cost(29, 10, 261081).
cost(29, 11, 371202).
cost(29, 12, 10569).
cost(29, 13, 272867).
cost(29, 14, 175742).
cost(29, 15, 567663).
cost(29, 16, 207169).
cost(29, 17, 460448).
cost(29, 18, 215718).
cost(29, 19, 276593).
cost(29, 20, 393312).
cost(29, 21, 382991).
cost(29, 22, 236444).
cost(29, 23, 612154).
cost(29, 24, 573282).
cost(29, 25, 334337).
cost(29, 26, 455842).
cost(29, 27, 378211).
cost(29, 28, 256068).
