dimension(29).
point(1, 230115.0, 77298.0).
point(2, -214949.0, 350152.0).
point(3, 126408.0, 459335.0).
point(4, 123380.0, 85543.0).
point(5, 72730.0, 139550.0).
point(6, -150415.0, 154424.0).
point(7, -51573.0, 258755.0).
point(8, -303865.0, -278068.0).
point(9, 106923.0, 209485.0).
point(10, 226939.0, 145125.0).
point(11, 314083.0, -215068.0).
point(12, 95268.0, -312569.0).
point(13, -59778.0, -58355.0).
point(14, 71112.0, 231171.0).
point(15, 137634.0, -456644.0).
point(16, -6557.0, 249088.0).
point(17, 35656.0, -77161.0).
point(18, -10951.0, 4654.0).
point(19, 253837.0, 20495.0).
point(20, 88147.0, -11637.0).
point(21, -162860.0, -42561.0).
point(22, 208143.0, -92183.0).
point(23, 202502.0, 185467.0).
point(24, 14656.0, 463225.0).
point(25, 63291.0, -95591.0).
point(26, -285390.0, -67467.0).
point(27, -215697.0, -91531.0).
point(28, -237609.0, -58525.0).
point(29, -134941.0, -1717.0).
cost(1, 2, 522045).
cost(1, 3, 395863).
cost(1, 4, 107053).
cost(1, 5, 169249).
cost(1, 6, 388267).
cost(1, 7, 335074).
cost(1, 8, 641420).
cost(1, 9, 180692).
cost(1, 10, 67901).
cost(1, 11, 304185).
cost(1, 12, 412529).
cost(1, 13, 320062).
cost(1, 14, 221266).
cost(1, 15, 541892).
cost(1, 16, 292447).
cost(1, 17, 248338).
cost(1, 18, 251774).
cost(1, 19, 61557).
cost(1, 20, 167524).
cost(1, 21, 410847).
cost(1, 22, 170899).
cost(1, 23, 111638).
cost(1, 24, 441998).
cost(1, 25, 240252).
cost(1, 26, 535446).
cost(1, 27, 476709).
cost(1, 28, 487046).
cost(1, 29, 373509).
cost(2, 1, 522045).
cost(2, 3, 358393).
cost(2, 4, 429517).
cost(2, 5, 356528).
cost(2, 6, 206092).
cost(2, 7, 187203).
cost(2, 8, 634481).
cost(2, 9, 351267).
cost(2, 10, 487136).
cost(2, 11, 774176).
cost(2, 12, 731733).
cost(2, 13, 436985).
cost(2, 14, 309818).
cost(2, 15, 880474).
cost(2, 16, 231606).
cost(2, 17, 495378).
cost(2, 18, 401228).
cost(2, 19, 573092).
cost(2, 20, 471973).
cost(2, 21, 396152).
cost(2, 22, 612101).
cost(2, 23, 448761).
cost(2, 24, 255937).
cost(2, 25, 525456).
cost(2, 26, 423518).
cost(2, 27, 441684).
cost(2, 28, 409305).
cost(2, 29, 360850).
cost(3, 1, 395863).
cost(3, 2, 358393).
cost(3, 4, 373804).
cost(3, 5, 324259).
cost(3, 6, 411827).
cost(3, 7, 268160).
cost(3, 8, 853755).
cost(3, 9, 250609).
cost(3, 10, 329901).
cost(3, 11, 700030).
cost(3, 12, 772532).
cost(3, 13, 550153).
cost(3, 14, 234769).
cost(3, 15, 916048).
cost(3, 16, 248764).
cost(3, 17, 544118).
cost(3, 18, 474976).
cost(3, 19, 456967).
cost(3, 20, 472524).
cost(3, 21, 579289).
cost(3, 22, 557542).
cost(3, 23, 284243).
cost(3, 24, 111820).
cost(3, 25, 558504).
cost(3, 26, 668654).
cost(3, 27, 648451).
cost(3, 28, 632999).
cost(3, 29, 529974).
cost(4, 1, 107053).
cost(4, 2, 429517).
cost(4, 3, 373804).
cost(4, 5, 74042).
cost(4, 6, 282327).
cost(4, 7, 246193).
cost(4, 8, 561027).
cost(4, 9, 125030).
cost(4, 10, 119476).
cost(4, 11, 355998).
cost(4, 12, 399103).
cost(4, 13, 232924).
cost(4, 14, 154724).
cost(4, 15, 542374).
cost(4, 16, 208879).
cost(4, 17, 184846).
cost(4, 18, 156805).
cost(4, 19, 145775).
cost(4, 20, 103370).
cost(4, 21, 313598).
cost(4, 22, 196904).
cost(4, 23, 127456).
cost(4, 24, 393020).
cost(4, 25, 190841).
cost(4, 26, 436469).
cost(4, 27, 382529).
cost(4, 28, 388676).
cost(4, 29, 272661).
cost(5, 1, 169249).
cost(5, 2, 356528).
cost(5, 3, 324259).
cost(5, 4, 74042).
cost(5, 6, 223640).
cost(5, 7, 172224).
cost(5, 8, 562342).
cost(5, 9, 77846).
cost(5, 10, 154310).
cost(5, 11, 428958).
cost(5, 12, 452680).
cost(5, 13, 238170).
cost(5, 14, 91635).
cost(5, 15, 599716).
cost(5, 16, 135222).
cost(5, 17, 219859).
cost(5, 18, 158743).
cost(5, 19, 216734).
cost(5, 20, 151971).
cost(5, 21, 297770).
cost(5, 22, 268397).
cost(5, 23, 137656).
cost(5, 24, 328844).
cost(5, 25, 235330).
cost(5, 26, 413650).
cost(5, 27, 369579).
cost(5, 28, 368163).
cost(5, 29, 251165).
cost(6, 1, 388267).
cost(6, 2, 206092).
cost(6, 3, 411827).
cost(6, 4, 282327).
cost(6, 5, 223640).
cost(6, 7, 143717).
cost(6, 8, 458908).
cost(6, 9, 263163).
cost(6, 10, 377469).
cost(6, 11, 593534).
cost(6, 12, 527677).
cost(6, 13, 231279).
cost(6, 14, 234445).
cost(6, 15, 675556).
cost(6, 16, 172210).
cost(6, 17, 297076).
cost(6, 18, 204649).
cost(6, 19, 425860).
cost(6, 20, 290668).
cost(6, 21, 197378).
cost(6, 22, 435177).
cost(6, 23, 354280).
cost(6, 24, 350152).
cost(6, 25, 328904).
cost(6, 26, 259719).
cost(6, 27, 254471).
cost(6, 28, 230109).
cost(6, 29, 156906).
cost(7, 1, 335074).
cost(7, 2, 187203).
cost(7, 3, 268160).
cost(7, 4, 246193).
cost(7, 5, 172224).
cost(7, 6, 143717).
cost(7, 8, 593153).
cost(7, 9, 165977).
cost(7, 10, 300800).
cost(7, 11, 598509).
cost(7, 12, 589893).
cost(7, 13, 317216).
cost(7, 14, 125748).
cost(7, 15, 739997).
cost(7, 16, 46042).
cost(7, 17, 347057).
cost(7, 18, 257328).
cost(7, 19, 387354).
cost(7, 20, 304358).
cost(7, 21, 321210).
cost(7, 22, 436589).
cost(7, 23, 264434).
cost(7, 24, 214929).
cost(7, 25, 372498).
cost(7, 26, 401362).
cost(7, 27, 386829).
cost(7, 28, 367799).
cost(7, 29, 273488).
cost(8, 1, 641420).
cost(8, 2, 634481).
cost(8, 3, 853755).
cost(8, 4, 561027).
cost(8, 5, 562342).
cost(8, 6, 458908).
cost(8, 7, 593153).
cost(8, 9, 637538).
cost(8, 10, 678856).
cost(8, 11, 621151).
cost(8, 12, 400621).
cost(8, 13, 328409).
cost(8, 14, 632402).
cost(8, 15, 476247).
cost(8, 16, 605215).
cost(8, 17, 394510).
cost(8, 18, 407100).
cost(8, 19, 632591).
cost(8, 20, 473982).
cost(8, 21, 274492).
cost(8, 22, 544707).
cost(8, 23, 686493).
cost(8, 24, 806828).
cost(8, 25, 410002).
cost(8, 26, 211410).
cost(8, 27, 206324).
cost(8, 28, 229323).
cost(8, 29, 323891).
cost(9, 1, 180692).
cost(9, 2, 351267).
cost(9, 3, 250609).
cost(9, 4, 125030).
cost(9, 5, 77846).
cost(9, 6, 263163).
cost(9, 7, 165977).
cost(9, 8, 637538).
cost(9, 10, 136184).
cost(9, 11, 472399).
cost(9, 12, 522184).
cost(9, 13, 315480).
cost(9, 14, 41865).
cost(9, 15, 666837).
cost(9, 16, 120192).
cost(9, 17, 295373).
cost(9, 18, 236326).
cost(9, 19, 239376).
cost(9, 20, 221918).
cost(9, 21, 369202).
cost(9, 22, 318197).
cost(9, 23, 98551).
cost(9, 24, 269995).
cost(9, 25, 308180).
cost(9, 26, 480221).
cost(9, 27, 441242).
cost(9, 28, 436499).
cost(9, 29, 321099).
cost(10, 1, 67901).
cost(10, 2, 487136).
cost(10, 3, 329901).
cost(10, 4, 119476).
cost(10, 5, 154310).
cost(10, 6, 377469).
cost(10, 7, 300800).
cost(10, 8, 678856).
cost(10, 9, 136184).
cost(10, 11, 370585).
cost(10, 12, 476257).
cost(10, 13, 351583).
cost(10, 14, 178006).
cost(10, 15, 608360).
cost(10, 16, 255595).
cost(10, 17, 293258).
cost(10, 18, 276268).
cost(10, 19, 127500).
cost(10, 20, 209374).
cost(10, 21, 432631).
cost(10, 22, 238051).
cost(10, 23, 47166).
cost(10, 24, 382429).
cost(10, 25, 291075).
cost(10, 26, 554686).
cost(10, 27, 501929).
cost(10, 28, 507226).
cost(10, 29, 390538).
cost(11, 1, 304185).
cost(11, 2, 774176).
cost(11, 3, 700030).
cost(11, 4, 355998).
cost(11, 5, 428958).
cost(11, 6, 593534).
cost(11, 7, 598509).
cost(11, 8, 621151).
cost(11, 9, 472399).
cost(11, 10, 370585).
cost(11, 12, 239555).
cost(11, 13, 405378).
cost(11, 14, 508099).
cost(11, 15, 299154).
cost(11, 16, 564137).
cost(11, 17, 310709).
cost(11, 18, 392333).
cost(11, 19, 243145).
cost(11, 20, 304025).
cost(11, 21, 507182).
cost(11, 22, 162247).
cost(11, 23, 415787).
cost(11, 24, 741443).
cost(11, 25, 277797).
cost(11, 26, 617377).
cost(11, 27, 543993).
cost(11, 28, 573472).
cost(11, 29, 497133).
cost(12, 1, 412529).
cost(12, 2, 731733).
cost(12, 3, 772532).
cost(12, 4, 399103).
cost(12, 5, 452680).
cost(12, 6, 527677).
cost(12, 7, 589893).
cost(12, 8, 400621).
cost(12, 9, 522184).
cost(12, 10, 476257).
cost(12, 11, 239555).
cost(12, 13, 297765).
cost(12, 14, 544276).
cost(12, 15, 150175).
cost(12, 16, 570813).
cost(12, 17, 242838).
cost(12, 18, 334534).
cost(12, 19, 368884).
cost(12, 20, 301016).
cost(12, 21, 373543).
cost(12, 22, 247610).
cost(12, 23, 509450).
cost(12, 24, 779971).
cost(12, 25, 219322).
cost(12, 26, 452742).
cost(12, 27, 381519).
cost(12, 28, 418743).
cost(12, 29, 386814).
cost(13, 1, 320062).
cost(13, 2, 436985).
cost(13, 3, 550153).
cost(13, 4, 232924).
cost(13, 5, 238170).
cost(13, 6, 231279).
cost(13, 7, 317216).
cost(13, 8, 328409).
cost(13, 9, 315480).
cost(13, 10, 351583).
cost(13, 11, 405378).
cost(13, 12, 297765).
cost(13, 14, 317738).
cost(13, 15, 444529).
cost(13, 16, 312016).
cost(13, 17, 97269).
cost(13, 18, 79713).
cost(13, 19, 323375).
cost(13, 20, 155127).
cost(13, 21, 104285).
cost(13, 22, 270048).
cost(13, 23, 358106).
cost(13, 24, 526864).
cost(13, 25, 128579).
cost(13, 26, 225796).
cost(13, 27, 159409).
cost(13, 28, 177831).
cost(13, 29, 94113).
cost(14, 1, 221266).
cost(14, 2, 309818).
cost(14, 3, 234769).
cost(14, 4, 154724).
cost(14, 5, 91635).
cost(14, 6, 234445).
cost(14, 7, 125748).
cost(14, 8, 632402).
cost(14, 9, 41865).
cost(14, 10, 178006).
cost(14, 11, 508099).
cost(14, 12, 544276).
cost(14, 13, 317738).
cost(14, 15, 691024).
cost(14, 16, 79709).
cost(14, 17, 310364).
cost(14, 18, 240924).
cost(14, 19, 278878).
cost(14, 20, 243405).
cost(14, 21, 360100).
cost(14, 22, 351191).
cost(14, 23, 139112).
cost(14, 24, 238823).
cost(14, 25, 326856).
cost(14, 26, 465057).
cost(14, 27, 431736).
cost(14, 28, 423359).
cost(14, 29, 310958).
cost(15, 1, 541892).
cost(15, 2, 880474).
cost(15, 3, 916048).
cost(15, 4, 542374).
cost(15, 5, 599716).
cost(15, 6, 675556).
cost(15, 7, 739997).
cost(15, 8, 476247).
cost(15, 9, 666837).
cost(15, 10, 608360).
cost(15, 11, 299154).
cost(15, 12, 150175).
cost(15, 13, 444529).
cost(15, 14, 691024).
cost(15, 16, 720312).
cost(15, 17, 392946).
cost(15, 18, 484637).
cost(15, 19, 491085).
cost(15, 20, 447750).
cost(15, 21, 511626).
cost(15, 22, 371219).
cost(15, 23, 645379).
cost(15, 24, 928053).
cost(15, 25, 368627).
cost(15, 26, 574811).
cost(15, 27, 508085).
cost(15, 28, 547089).
cost(15, 29, 530335).
cost(16, 1, 292447).
cost(16, 2, 231606).
cost(16, 3, 248764).
cost(16, 4, 208879).
cost(16, 5, 135222).
cost(16, 6, 172210).
cost(16, 7, 46042).
cost(16, 8, 605215).
cost(16, 9, 120192).
cost(16, 10, 255595).
cost(16, 11, 564137).
cost(16, 12, 570813).
cost(16, 13, 312016).
cost(16, 14, 79709).
cost(16, 15, 720312).
cost(16, 17, 328969).
cost(16, 18, 244473).
cost(16, 19, 346496).
cost(16, 20, 277392).
cost(16, 21, 330892).
cost(16, 22, 403190).
cost(16, 23, 218525).
cost(16, 24, 215185).
cost(16, 25, 351685).
cost(16, 26, 421847).
cost(16, 27, 399701).
cost(16, 28, 384722).
cost(16, 29, 281755).
cost(17, 1, 248338).
cost(17, 2, 495378).
cost(17, 3, 544118).
cost(17, 4, 184846).
cost(17, 5, 219859).
cost(17, 6, 297076).
cost(17, 7, 347057).
cost(17, 8, 394510).
cost(17, 9, 295373).
cost(17, 10, 293258).
cost(17, 11, 310709).
cost(17, 12, 242838).
cost(17, 13, 97269).
cost(17, 14, 310364).
cost(17, 15, 392946).
cost(17, 16, 328969).
cost(17, 18, 94159).
cost(17, 19, 239039).
cost(17, 20, 83957).
cost(17, 21, 201509).
cost(17, 22, 173140).
cost(17, 23, 311145).
cost(17, 24, 540794).
cost(17, 25, 33217).
cost(17, 26, 321192).
cost(17, 27, 251763).
cost(17, 28, 273900).
cost(17, 29, 186535).
cost(18, 1, 251774).
cost(18, 2, 401228).
cost(18, 3, 474976).
cost(18, 4, 156805).
cost(18, 5, 158743).
cost(18, 6, 204649).
cost(18, 7, 257328).
cost(18, 8, 407100).
cost(18, 9, 236326).
cost(18, 10, 276268).
cost(18, 11, 392333).
cost(18, 12, 334534).
cost(18, 13, 79713).
cost(18, 14, 240924).
cost(18, 15, 484637).
cost(18, 16, 244473).
cost(18, 17, 94159).
cost(18, 19, 265261).
cost(18, 20, 100428).
cost(18, 21, 159077).
cost(18, 22, 239540).
cost(18, 23, 279742).
cost(18, 24, 459285).
cost(18, 25, 124743).
cost(18, 26, 283757).
cost(18, 27, 226213).
cost(18, 28, 235299).
cost(18, 29, 124154).
cost(19, 1, 61557).
cost(19, 2, 573092).
cost(19, 3, 456967).
cost(19, 4, 145775).
cost(19, 5, 216734).
cost(19, 6, 425860).
cost(19, 7, 387354).
cost(19, 8, 632591).
cost(19, 9, 239376).
cost(19, 10, 127500).
cost(19, 11, 243145).
cost(19, 12, 368884).
cost(19, 13, 323375).
cost(19, 14, 278878).
cost(19, 15, 491085).
cost(19, 16, 346496).
cost(19, 17, 239039).
cost(19, 18, 265261).
cost(19, 20, 168777).
cost(19, 21, 421441).
cost(19, 22, 121591).
cost(19, 23, 172775).
cost(19, 24, 503207).
cost(19, 25, 223123).
cost(19, 26, 546354).
cost(19, 27, 482713).
cost(19, 28, 497758).
cost(19, 29, 389412).
cost(20, 1, 167524).
cost(20, 2, 471973).
cost(20, 3, 472524).
cost(20, 4, 103370).
cost(20, 5, 151971).
cost(20, 6, 290668).
cost(20, 7, 304358).
cost(20, 8, 473982).
cost(20, 9, 221918).
cost(20, 10, 209374).
cost(20, 11, 304025).
cost(20, 12, 301016).
cost(20, 13, 155127).
cost(20, 14, 243405).
cost(20, 15, 447750).
cost(20, 16, 277392).
cost(20, 17, 83957).
cost(20, 18, 100428).
cost(20, 19, 168777).
cost(20, 21, 252905).
cost(20, 22, 144522).
cost(20, 23, 227875).
cost(20, 24, 480515).
cost(20, 25, 87556).
cost(20, 26, 377686).
cost(20, 27, 314172).
cost(20, 28, 329113).
cost(20, 29, 223308).
cost(21, 1, 410847).
cost(21, 2, 396152).
cost(21, 3, 579289).
cost(21, 4, 313598).
cost(21, 5, 297770).
cost(21, 6, 197378).
cost(21, 7, 321210).
cost(21, 8, 274492).
cost(21, 9, 369202).
cost(21, 10, 432631).
cost(21, 11, 507182).
cost(21, 12, 373543).
cost(21, 13, 104285).
cost(21, 14, 360100).
cost(21, 15, 511626).
cost(21, 16, 330892).
cost(21, 17, 201509).
cost(21, 18, 159077).
cost(21, 19, 421441).
cost(21, 20, 252905).
cost(21, 22, 374307).
cost(21, 23, 430681).
cost(21, 24, 536033).
cost(21, 25, 232285).
cost(21, 26, 125036).
cost(21, 27, 72040).
cost(21, 28, 76435).
cost(21, 29, 49474).
cost(22, 1, 170899).
cost(22, 2, 612101).
cost(22, 3, 557542).
cost(22, 4, 196904).
cost(22, 5, 268397).
cost(22, 6, 435177).
cost(22, 7, 436589).
cost(22, 8, 544707).
cost(22, 9, 318197).
cost(22, 10, 238051).
cost(22, 11, 162247).
cost(22, 12, 247610).
cost(22, 13, 270048).
cost(22, 14, 351191).
cost(22, 15, 371219).
cost(22, 16, 403190).
cost(22, 17, 173140).
cost(22, 18, 239540).
cost(22, 19, 121591).
cost(22, 20, 144522).
cost(22, 21, 374307).
cost(22, 23, 277707).
cost(22, 24, 588146).
cost(22, 25, 144892).
cost(22, 26, 494151).
cost(22, 27, 423841).
cost(22, 28, 447021).
cost(22, 29, 354811).
cost(23, 1, 111638).
cost(23, 2, 448761).
cost(23, 3, 284243).
cost(23, 4, 127456).
cost(23, 5, 137656).
cost(23, 6, 354280).
cost(23, 7, 264434).
cost(23, 8, 686493).
cost(23, 9, 98551).
cost(23, 10, 47166).
cost(23, 11, 415787).
cost(23, 12, 509450).
cost(23, 13, 358106).
cost(23, 14, 139112).
cost(23, 15, 645379).
cost(23, 16, 218525).
cost(23, 17, 311145).
cost(23, 18, 279742).
cost(23, 19, 172775).
cost(23, 20, 227875).
cost(23, 21, 430681).
cost(23, 22, 277707).
cost(23, 24, 335314).
cost(23, 25, 313645).
cost(23, 26, 549558).
cost(23, 27, 501616).
cost(23, 28, 503219).
cost(23, 29, 385883).
cost(24, 1, 441998).
cost(24, 2, 255937).
cost(24, 3, 111820).
cost(24, 4, 393020).
cost(24, 5, 328844).
cost(24, 6, 350152).
cost(24, 7, 214929).
cost(24, 8, 806828).
cost(24, 9, 269995).
cost(24, 10, 382429).
cost(24, 11, 741443).
cost(24, 12, 779971).
cost(24, 13, 526864).
cost(24, 14, 238823).
cost(24, 15, 928053).
cost(24, 16, 215185).
cost(24, 17, 540794).
cost(24, 18, 459285).
cost(24, 19, 503207).
cost(24, 20, 480515).
cost(24, 21, 536033).
cost(24, 22, 588146).
cost(24, 23, 335314).
cost(24, 25, 560928).
cost(24, 26, 609641).
cost(24, 27, 600680).
cost(24, 28, 579535).
cost(24, 29, 488416).
cost(25, 1, 240252).
cost(25, 2, 525456).
cost(25, 3, 558504).
cost(25, 4, 190841).
cost(25, 5, 235330).
cost(25, 6, 328904).
cost(25, 7, 372498).
cost(25, 8, 410002).
cost(25, 9, 308180).
cost(25, 10, 291075).
cost(25, 11, 277797).
cost(25, 12, 219322).
cost(25, 13, 128579).
cost(25, 14, 326856).
cost(25, 15, 368627).
cost(25, 16, 351685).
cost(25, 17, 33217).
cost(25, 18, 124743).
cost(25, 19, 223123).
cost(25, 20, 87556).
cost(25, 21, 232285).
cost(25, 22, 144892).
cost(25, 23, 313645).
cost(25, 24, 560928).
cost(25, 26, 349813).
cost(25, 27, 279018).
cost(25, 28, 303174).
cost(25, 29, 219336).
cost(26, 1, 535446).
cost(26, 2, 423518).
cost(26, 3, 668654).
cost(26, 4, 436469).
cost(26, 5, 413650).
cost(26, 6, 259719).
cost(26, 7, 401362).
cost(26, 8, 211410).
cost(26, 9, 480221).
cost(26, 10, 554686).
cost(26, 11, 617377).
cost(26, 12, 452742).
cost(26, 13, 225796).
cost(26, 14, 465057).
cost(26, 15, 574811).
cost(26, 16, 421847).
cost(26, 17, 321192).
cost(26, 18, 283757).
cost(26, 19, 546354).
cost(26, 20, 377686).
cost(26, 21, 125036).
cost(26, 22, 494151).
cost(26, 23, 549558).
cost(26, 24, 609641).
cost(26, 25, 349813).
cost(26, 27, 73731).
cost(26, 28, 48611).
cost(26, 29, 164189).
cost(27, 1, 476709).
cost(27, 2, 441684).
cost(27, 3, 648451).
cost(27, 4, 382529).
cost(27, 5, 369579).
cost(27, 6, 254471).
cost(27, 7, 386829).
cost(27, 8, 206324).
cost(27, 9, 441242).
cost(27, 10, 501929).
cost(27, 11, 543993).
cost(27, 12, 381519).
cost(27, 13, 159409).
cost(27, 14, 431736).
cost(27, 15, 508085).
cost(27, 16, 399701).
cost(27, 17, 251763).
cost(27, 18, 226213).
cost(27, 19, 482713).
cost(27, 20, 314172).
cost(27, 21, 72040).
cost(27, 22, 423841).
cost(27, 23, 501616).
cost(27, 24, 600680).
cost(27, 25, 279018).
cost(27, 26, 73731).
cost(27, 28, 39617).
cost(27, 29, 120781).
cost(28, 1, 487046).
cost(28, 2, 409305).
cost(28, 3, 632999).
cost(28, 4, 388676).
cost(28, 5, 368163).
cost(28, 6, 230109).
cost(28, 7, 367799).
cost(28, 8, 229323).
cost(28, 9, 436499).
cost(28, 10, 507226).
cost(28, 11, 573472).
cost(28, 12, 418743).
cost(28, 13, 177831).
cost(28, 14, 423359).
cost(28, 15, 547089).
cost(28, 16, 384722).
cost(28, 17, 273900).
cost(28, 18, 235299).
cost(28, 19, 497758).
cost(28, 20, 329113).
cost(28, 21, 76435).
cost(28, 22, 447021).
cost(28, 23, 503219).
cost(28, 24, 579535).
cost(28, 25, 303174).
cost(28, 26, 48611).
cost(28, 27, 39617).
cost(28, 29, 117337).
cost(29, 1, 373509).
cost(29, 2, 360850).
cost(29, 3, 529974).
cost(29, 4, 272661).
cost(29, 5, 251165).
cost(29, 6, 156906).
cost(29, 7, 273488).
cost(29, 8, 323891).
cost(29, 9, 321099).
cost(29, 10, 390538).
cost(29, 11, 497133).
cost(29, 12, 386814).
cost(29, 13, 94113).
cost(29, 14, 310958).
cost(29, 15, 530335).
cost(29, 16, 281755).
cost(29, 17, 186535).
cost(29, 18, 124154).
cost(29, 19, 389412).
cost(29, 20, 223308).
cost(29, 21, 49474).
cost(29, 22, 354811).
cost(29, 23, 385883).
cost(29, 24, 488416).
cost(29, 25, 219336).
cost(29, 26, 164189).
cost(29, 27, 120781).
cost(29, 28, 117337).
