dimension(29).
point(1, -81110.0, 109213.0).
point(2, -217885.0, -12475.0).
point(3, -64474.0, -179121.0).
point(4, 37088.0, 81725.0).
point(5, -304685.0, -237827.0).
point(6, 81659.0, -185617.0).
point(7, 218977.0, -182817.0).
point(8, -146639.0, 183503.0).
point(9, -30595.0, 43657.0).
point(10, -362326.0, -137119.0).
point(11, -152361.0, -205881.0).
point(12, -149122.0, -62982.0).
point(13, 14283.0, -437565.0).
point(14, -118354.0, 106961.0).
point(15, -33530.0, 51490.0).
point(16, -274108.0, 216768.0).
point(17, 449327.0, 141502.0).
point(18, -48317.0, 234568.0).
point(19, -7829.0, 233600.0).
point(20, 176021.0, 107875.0).
point(21, 172918.0, -212990.0).
point(22, -235737.0, -141969.0).
point(23, 210464.0, -202222.0).
point(24, 51837.0, 323128.0).
point(25, -216260.0, 85794.0).
point(26, 93435.0, -250465.0).
point(27, 120096.0, 353848.0).
point(28, -314078.0, -389010.0).
point(29, -76772.0, -230604.0).
cost(1, 2, 183072).
cost(1, 3, 288814).
cost(1, 4, 121352).
cost(1, 5, 412823).
cost(1, 6, 336777).
cost(1, 7, 418729).
cost(1, 8, 99061).
cost(1, 9, 82761).
cost(1, 10, 373847).
cost(1, 11, 323049).
cost(1, 12, 185140).
cost(1, 13, 555037).
cost(1, 14, 37312).
cost(1, 15, 74805).
cost(1, 16, 220944).
cost(1, 17, 531419).
cost(1, 18, 129573).
cost(1, 19, 144368).
cost(1, 20, 257134).
cost(1, 21, 410299).
cost(1, 22, 294961).
cost(1, 23, 426623).
cost(1, 24, 251862).
cost(1, 25, 137164).
cost(1, 26, 399793).
cost(1, 27, 316749).
cost(1, 28, 550000).
cost(1, 29, 339845).
cost(2, 1, 183072).
cost(2, 3, 226508).
cost(2, 4, 271818).
cost(2, 5, 241491).
cost(2, 6, 345984).
cost(2, 7, 468897).
cost(2, 8, 208527).
cost(2, 9, 195521).
cost(2, 10, 190786).
cost(2, 11, 204204).
cost(2, 12, 85319).
cost(2, 13, 484359).
cost(2, 14, 155471).
cost(2, 15, 195137).
cost(2, 16, 236037).
cost(2, 17, 684749).
cost(2, 18, 299639).
cost(2, 19, 323537).
cost(2, 20, 411881).
cost(2, 21, 439242).
cost(2, 22, 130719).
cost(2, 23, 468494).
cost(2, 24, 430557).
cost(2, 25, 98282).
cost(2, 26, 391867).
cost(2, 27, 498421).
cost(2, 28, 388628).
cost(2, 29, 259794).
cost(3, 1, 288814).
cost(3, 2, 226508).
cost(3, 4, 279920).
cost(3, 5, 247281).
cost(3, 6, 146277).
cost(3, 7, 283475).
cost(3, 8, 371816).
cost(3, 9, 225339).
cost(3, 10, 300799).
cost(3, 11, 91871).
cost(3, 12, 143713).
cost(3, 13, 270178).
cost(3, 14, 291112).
cost(3, 15, 232678).
cost(3, 16, 447967).
cost(3, 17, 605632).
cost(3, 18, 414004).
cost(3, 19, 416590).
cost(3, 20, 374439).
cost(3, 21, 239796).
cost(3, 22, 175246).
cost(3, 23, 275907).
cost(3, 24, 515541).
cost(3, 25, 305318).
cost(3, 26, 173278).
cost(3, 27, 564023).
cost(3, 28, 326122).
cost(3, 29, 52931).
cost(4, 1, 121352).
cost(4, 2, 271818).
cost(4, 3, 279920).
cost(4, 5, 467891).
cost(4, 6, 271032).
cost(4, 7, 321039).
cost(4, 8, 210034).
cost(4, 9, 77654).
cost(4, 10, 455439).
cost(4, 11, 344395).
cost(4, 12, 235827).
cost(4, 13, 519791).
cost(4, 14, 157477).
cost(4, 15, 76818).
cost(4, 16, 339234).
cost(4, 17, 416550).
cost(4, 18, 175086).
cost(4, 19, 158378).
cost(4, 20, 141373).
cost(4, 21, 324510).
cost(4, 22, 352807).
cost(4, 23, 332694).
cost(4, 24, 241853).
cost(4, 25, 253381).
cost(4, 26, 336935).
cost(4, 27, 284502).
cost(4, 28, 587290).
cost(4, 29, 332436).
cost(5, 1, 412823).
cost(5, 2, 241491).
cost(5, 3, 247281).
cost(5, 4, 467891).
cost(5, 6, 389856).
cost(5, 7, 526543).
cost(5, 8, 449997).
cost(5, 9, 392885).
cost(5, 10, 116037).
cost(5, 11, 155638).
cost(5, 12, 234031).
cost(5, 13, 376345).
cost(5, 14, 391916).
cost(5, 15, 396522).
cost(5, 16, 455622).
cost(5, 17, 844052).
cost(5, 18, 537477).
cost(5, 19, 557106).
cost(5, 20, 592105).
cost(5, 21, 478248).
cost(5, 22, 118079).
cost(5, 23, 516378).
cost(5, 24, 664664).
cost(5, 25, 335484).
cost(5, 26, 398321).
cost(5, 27, 728367).
cost(5, 28, 151475).
cost(5, 29, 228027).
cost(6, 1, 336777).
cost(6, 2, 345984).
cost(6, 3, 146277).
cost(6, 4, 271032).
cost(6, 5, 389856).
cost(6, 7, 137347).
cost(6, 8, 434016).
cost(6, 9, 255279).
cost(6, 10, 446626).
cost(6, 11, 234896).
cost(6, 12, 261341).
cost(6, 13, 260801).
cost(6, 14, 354411).
cost(6, 15, 263606).
cost(6, 16, 537107).
cost(6, 17, 492125).
cost(6, 18, 439829).
cost(6, 19, 428662).
cost(6, 20, 308288).
cost(6, 21, 95276).
cost(6, 22, 320383).
cost(6, 23, 129871).
cost(6, 24, 509618).
cost(6, 25, 403013).
cost(6, 26, 65909).
cost(6, 27, 540833).
cost(6, 28, 444945).
cost(6, 29, 164694).
cost(7, 1, 418729).
cost(7, 2, 468897).
cost(7, 3, 283475).
cost(7, 4, 321039).
cost(7, 5, 526543).
cost(7, 6, 137347).
cost(7, 8, 517557).
cost(7, 9, 337011).
cost(7, 10, 583096).
cost(7, 11, 372054).
cost(7, 12, 387114).
cost(7, 13, 326797).
cost(7, 14, 444706).
cost(7, 15, 344470).
cost(7, 16, 634666).
cost(7, 17, 397799).
cost(7, 18, 495637).
cost(7, 19, 474177).
cost(7, 20, 293849).
cost(7, 21, 55062).
cost(7, 22, 456545).
cost(7, 23, 21190).
cost(7, 24, 532838).
cost(7, 25, 511452).
cost(7, 26, 142608).
cost(7, 27, 545698).
cost(7, 28, 571545).
cost(7, 29, 299585).
cost(8, 1, 99061).
cost(8, 2, 208527).
cost(8, 3, 371816).
cost(8, 4, 210034).
cost(8, 5, 449997).
cost(8, 6, 434016).
cost(8, 7, 517557).
cost(8, 9, 181723).
cost(8, 10, 386419).
cost(8, 11, 389426).
cost(8, 12, 246498).
cost(8, 13, 641577).
cost(8, 14, 81601).
cost(8, 15, 173842).
cost(8, 16, 131738).
cost(8, 17, 597444).
cost(8, 18, 110792).
cost(8, 19, 147573).
cost(8, 20, 331405).
cost(8, 21, 509238).
cost(8, 22, 337447).
cost(8, 23, 525648).
cost(8, 24, 242668).
cost(8, 25, 119976).
cost(8, 26, 495947).
cost(8, 27, 316489).
cost(8, 28, 596496).
cost(8, 29, 419960).
cost(9, 1, 82761).
cost(9, 2, 195521).
cost(9, 3, 225339).
cost(9, 4, 77654).
cost(9, 5, 392885).
cost(9, 6, 255279).
cost(9, 7, 337011).
cost(9, 8, 181723).
cost(9, 10, 377790).
cost(9, 11, 277662).
cost(9, 12, 159438).
cost(9, 13, 483310).
cost(9, 14, 108208).
cost(9, 15, 8365).
cost(9, 16, 298774).
cost(9, 17, 489795).
cost(9, 18, 191732).
cost(9, 19, 191302).
cost(9, 20, 216366).
cost(9, 21, 327544).
cost(9, 22, 276659).
cost(9, 23, 344334).
cost(9, 24, 291374).
cost(9, 25, 190386).
cost(9, 26, 319204).
cost(9, 27, 344857).
cost(9, 28, 517265).
cost(9, 29, 278121).
cost(10, 1, 373847).
cost(10, 2, 190786).
cost(10, 3, 300799).
cost(10, 4, 455439).
cost(10, 5, 116037).
cost(10, 6, 446626).
cost(10, 7, 583096).
cost(10, 8, 386419).
cost(10, 9, 377790).
cost(10, 11, 220938).
cost(10, 12, 225726).
cost(10, 13, 481770).
cost(10, 14, 345105).
cost(10, 15, 379052).
cost(10, 16, 364717).
cost(10, 17, 858143).
cost(10, 18, 486573).
cost(10, 19, 512933).
cost(10, 20, 591472).
cost(10, 21, 540595).
cost(10, 22, 126682).
cost(10, 23, 576478).
cost(10, 24, 619159).
cost(10, 25, 266506).
cost(10, 26, 469644).
cost(10, 27, 688316).
cost(10, 28, 256470).
cost(10, 29, 300467).
cost(11, 1, 323049).
cost(11, 2, 204204).
cost(11, 3, 91871).
cost(11, 4, 344395).
cost(11, 5, 155638).
cost(11, 6, 234896).
cost(11, 7, 372054).
cost(11, 8, 389426).
cost(11, 9, 277662).
cost(11, 10, 220938).
cost(11, 12, 142936).
cost(11, 13, 285390).
cost(11, 14, 314685).
cost(11, 15, 283480).
cost(11, 16, 439835).
cost(11, 17, 694769).
cost(11, 18, 452571).
cost(11, 19, 462637).
cost(11, 20, 454178).
cost(11, 21, 325357).
cost(11, 22, 105054).
cost(11, 23, 362843).
cost(11, 24, 567051).
cost(11, 25, 298592).
cost(11, 26, 249807).
cost(11, 27, 622519).
cost(11, 28, 244313).
cost(11, 29, 79529).
cost(12, 1, 185140).
cost(12, 2, 85319).
cost(12, 3, 143713).
cost(12, 4, 235827).
cost(12, 5, 234031).
cost(12, 6, 261341).
cost(12, 7, 387114).
cost(12, 8, 246498).
cost(12, 9, 159438).
cost(12, 10, 225726).
cost(12, 11, 142936).
cost(12, 13, 408673).
cost(12, 14, 172706).
cost(12, 15, 162682).
cost(12, 16, 306401).
cost(12, 17, 632420).
cost(12, 18, 314162).
cost(12, 19, 328519).
cost(12, 20, 367301).
cost(12, 21, 355264).
cost(12, 22, 117222).
cost(12, 23, 385603).
cost(12, 24, 435276).
cost(12, 25, 163223).
cost(12, 26, 306568).
cost(12, 27, 496211).
cost(12, 28, 365383).
cost(12, 29, 182570).
cost(13, 1, 555037).
cost(13, 2, 484359).
cost(13, 3, 270178).
cost(13, 4, 519791).
cost(13, 5, 376345).
cost(13, 6, 260801).
cost(13, 7, 326797).
cost(13, 8, 641577).
cost(13, 9, 483310).
cost(13, 10, 481770).
cost(13, 11, 285390).
cost(13, 12, 408673).
cost(13, 14, 560447).
cost(13, 15, 491387).
cost(13, 16, 715067).
cost(13, 17, 724280).
cost(13, 18, 675042).
cost(13, 19, 671529).
cost(13, 20, 568915).
cost(13, 21, 274953).
cost(13, 22, 387152).
cost(13, 23, 306388).
cost(13, 24, 761619).
cost(13, 25, 571887).
cost(13, 26, 203154).
cost(13, 27, 798455).
cost(13, 28, 331932).
cost(13, 29, 226106).
cost(14, 1, 37312).
cost(14, 2, 155471).
cost(14, 3, 291112).
cost(14, 4, 157477).
cost(14, 5, 391916).
cost(14, 6, 354411).
cost(14, 7, 444706).
cost(14, 8, 81601).
cost(14, 9, 108208).
cost(14, 10, 345105).
cost(14, 11, 314685).
cost(14, 12, 172706).
cost(14, 13, 560447).
cost(14, 15, 101352).
cost(14, 16, 190570).
cost(14, 17, 568731).
cost(14, 18, 145563).
cost(14, 19, 168087).
cost(14, 20, 294376).
cost(14, 21, 432675).
cost(14, 22, 275218).
cost(14, 23, 451348).
cost(14, 24, 275124).
cost(14, 25, 100168).
cost(14, 26, 415461).
cost(14, 27, 343237).
cost(14, 28, 533193).
cost(14, 29, 340116).
cost(15, 1, 74805).
cost(15, 2, 195137).
cost(15, 3, 232678).
cost(15, 4, 76818).
cost(15, 5, 396522).
cost(15, 6, 263606).
cost(15, 7, 344470).
cost(15, 8, 173842).
cost(15, 9, 8365).
cost(15, 10, 379052).
cost(15, 11, 283480).
cost(15, 12, 162682).
cost(15, 13, 491387).
cost(15, 14, 101352).
cost(15, 16, 291881).
cost(15, 17, 491175).
cost(15, 18, 183674).
cost(15, 19, 183915).
cost(15, 20, 217004).
cost(15, 21, 335515).
cost(15, 22, 279846).
cost(15, 23, 351998).
cost(15, 24, 284736).
cost(15, 25, 185922).
cost(15, 26, 327562).
cost(15, 27, 339148).
cost(15, 28, 522252).
cost(15, 29, 285389).
cost(16, 1, 220944).
cost(16, 2, 236037).
cost(16, 3, 447967).
cost(16, 4, 339234).
cost(16, 5, 455622).
cost(16, 6, 537107).
cost(16, 7, 634666).
cost(16, 8, 131738).
cost(16, 9, 298774).
cost(16, 10, 364717).
cost(16, 11, 439835).
cost(16, 12, 306401).
cost(16, 13, 715067).
cost(16, 14, 190570).
cost(16, 15, 291881).
cost(16, 17, 727340).
cost(16, 18, 226492).
cost(16, 19, 266810).
cost(16, 20, 463113).
cost(16, 21, 620100).
cost(16, 22, 360783).
cost(16, 23, 640596).
cost(16, 24, 342859).
cost(16, 25, 143180).
cost(16, 26, 594470).
cost(16, 27, 417358).
cost(16, 28, 607095).
cost(16, 29, 488961).
cost(17, 1, 531419).
cost(17, 2, 684749).
cost(17, 3, 605632).
cost(17, 4, 416550).
cost(17, 5, 844052).
cost(17, 6, 492125).
cost(17, 7, 397799).
cost(17, 8, 597444).
cost(17, 9, 489795).
cost(17, 10, 858143).
cost(17, 11, 694769).
cost(17, 12, 632420).
cost(17, 13, 724280).
cost(17, 14, 568731).
cost(17, 15, 491175).
cost(17, 16, 727340).
cost(17, 18, 506271).
cost(17, 19, 466341).
cost(17, 20, 275367).
cost(17, 21, 449518).
cost(17, 22, 741396).
cost(17, 23, 418571).
cost(17, 24, 437020).
cost(17, 25, 667914).
cost(17, 26, 529431).
cost(17, 27, 391770).
cost(17, 28, 929640).
cost(17, 29, 644394).
cost(18, 1, 129573).
cost(18, 2, 299639).
cost(18, 3, 414004).
cost(18, 4, 175086).
cost(18, 5, 537477).
cost(18, 6, 439829).
cost(18, 7, 495637).
cost(18, 8, 110792).
cost(18, 9, 191732).
cost(18, 10, 486573).
cost(18, 11, 452571).
cost(18, 12, 314162).
cost(18, 13, 675042).
cost(18, 14, 145563).
cost(18, 15, 183674).
cost(18, 16, 226492).
cost(18, 17, 506271).
cost(18, 19, 40500).
cost(18, 20, 257641).
cost(18, 21, 499253).
cost(18, 22, 420602).
cost(18, 23, 507694).
cost(18, 24, 133693).
cost(18, 25, 224363).
cost(18, 26, 505322).
cost(18, 27, 206375).
cost(18, 28, 677848).
cost(18, 29, 466041).
cost(19, 1, 144368).
cost(19, 2, 323537).
cost(19, 3, 416590).
cost(19, 4, 158378).
cost(19, 5, 557106).
cost(19, 6, 428662).
cost(19, 7, 474177).
cost(19, 8, 147573).
cost(19, 9, 191302).
cost(19, 10, 512933).
cost(19, 11, 462637).
cost(19, 12, 328519).
cost(19, 13, 671529).
cost(19, 14, 168087).
cost(19, 15, 183915).
cost(19, 16, 266810).
cost(19, 17, 466341).
cost(19, 18, 40500).
cost(19, 20, 222728).
cost(19, 21, 481780).
cost(19, 22, 439311).
cost(19, 23, 487435).
cost(19, 24, 107589).
cost(19, 25, 255519).
cost(19, 26, 494544).
cost(19, 27, 175569).
cost(19, 28, 693853).
cost(19, 29, 469296).
cost(20, 1, 257134).
cost(20, 2, 411881).
cost(20, 3, 374439).
cost(20, 4, 141373).
cost(20, 5, 592105).
cost(20, 6, 308288).
cost(20, 7, 293849).
cost(20, 8, 331405).
cost(20, 9, 216366).
cost(20, 10, 591472).
cost(20, 11, 454178).
cost(20, 12, 367301).
cost(20, 13, 568915).
cost(20, 14, 294376).
cost(20, 15, 217004).
cost(20, 16, 463113).
cost(20, 17, 275367).
cost(20, 18, 257641).
cost(20, 19, 222728).
cost(20, 21, 320880).
cost(20, 22, 481629).
cost(20, 23, 312004).
cost(20, 24, 248507).
cost(20, 25, 392902).
cost(20, 26, 367734).
cost(20, 27, 252251).
cost(20, 28, 697920).
cost(20, 29, 422460).
cost(21, 1, 410299).
cost(21, 2, 439242).
cost(21, 3, 239796).
cost(21, 4, 324510).
cost(21, 5, 478248).
cost(21, 6, 95276).
cost(21, 7, 55062).
cost(21, 8, 509238).
cost(21, 9, 327544).
cost(21, 10, 540595).
cost(21, 11, 325357).
cost(21, 12, 355264).
cost(21, 13, 274953).
cost(21, 14, 432675).
cost(21, 15, 335515).
cost(21, 16, 620100).
cost(21, 17, 449518).
cost(21, 18, 499253).
cost(21, 19, 481780).
cost(21, 20, 320880).
cost(21, 22, 414781).
cost(21, 23, 39060).
cost(21, 24, 549621).
cost(21, 25, 490644).
cost(21, 26, 87874).
cost(21, 27, 569294).
cost(21, 28, 517830).
cost(21, 29, 250311).
cost(22, 1, 294961).
cost(22, 2, 130719).
cost(22, 3, 175246).
cost(22, 4, 352807).
cost(22, 5, 118079).
cost(22, 6, 320383).
cost(22, 7, 456545).
cost(22, 8, 337447).
cost(22, 9, 276659).
cost(22, 10, 126682).
cost(22, 11, 105054).
cost(22, 12, 117222).
cost(22, 13, 387152).
cost(22, 14, 275218).
cost(22, 15, 279846).
cost(22, 16, 360783).
cost(22, 17, 741396).
cost(22, 18, 420602).
cost(22, 19, 439311).
cost(22, 20, 481629).
cost(22, 21, 414781).
cost(22, 23, 450251).
cost(22, 24, 546822).
cost(22, 25, 228594).
cost(22, 26, 346591).
cost(22, 27, 610288).
cost(22, 28, 259165).
cost(22, 29, 182006).
cost(23, 1, 426623).
cost(23, 2, 468494).
cost(23, 3, 275907).
cost(23, 4, 332694).
cost(23, 5, 516378).
cost(23, 6, 129871).
cost(23, 7, 21190).
cost(23, 8, 525648).
cost(23, 9, 344334).
cost(23, 10, 576478).
cost(23, 11, 362843).
cost(23, 12, 385603).
cost(23, 13, 306388).
cost(23, 14, 451348).
cost(23, 15, 351998).
cost(23, 16, 640596).
cost(23, 17, 418571).
cost(23, 18, 507694).
cost(23, 19, 487435).
cost(23, 20, 312004).
cost(23, 21, 39060).
cost(23, 22, 450251).
cost(23, 24, 548776).
cost(23, 25, 514827).
cost(23, 26, 126583).
cost(23, 27, 563365).
cost(23, 28, 556807).
cost(23, 29, 288635).
cost(24, 1, 251862).
cost(24, 2, 430557).
cost(24, 3, 515541).
cost(24, 4, 241853).
cost(24, 5, 664664).
cost(24, 6, 509618).
cost(24, 7, 532838).
cost(24, 8, 242668).
cost(24, 9, 291374).
cost(24, 10, 619159).
cost(24, 11, 567051).
cost(24, 12, 435276).
cost(24, 13, 761619).
cost(24, 14, 275124).
cost(24, 15, 284736).
cost(24, 16, 342859).
cost(24, 17, 437020).
cost(24, 18, 133693).
cost(24, 19, 107589).
cost(24, 20, 248507).
cost(24, 21, 549621).
cost(24, 22, 546822).
cost(24, 23, 548776).
cost(24, 25, 358055).
cost(24, 26, 575099).
cost(24, 27, 74853).
cost(24, 28, 800646).
cost(24, 29, 568471).
cost(25, 1, 137164).
cost(25, 2, 98282).
cost(25, 3, 305318).
cost(25, 4, 253381).
cost(25, 5, 335484).
cost(25, 6, 403013).
cost(25, 7, 511452).
cost(25, 8, 119976).
cost(25, 9, 190386).
cost(25, 10, 266506).
cost(25, 11, 298592).
cost(25, 12, 163223).
cost(25, 13, 571887).
cost(25, 14, 100168).
cost(25, 15, 185922).
cost(25, 16, 143180).
cost(25, 17, 667914).
cost(25, 18, 224363).
cost(25, 19, 255519).
cost(25, 20, 392902).
cost(25, 21, 490644).
cost(25, 22, 228594).
cost(25, 23, 514827).
cost(25, 24, 358055).
cost(25, 26, 457145).
cost(25, 27, 430103).
cost(25, 28, 484775).
cost(25, 29, 345781).
cost(26, 1, 399793).
cost(26, 2, 391867).
cost(26, 3, 173278).
cost(26, 4, 336935).
cost(26, 5, 398321).
cost(26, 6, 65909).
cost(26, 7, 142608).
cost(26, 8, 495947).
cost(26, 9, 319204).
cost(26, 10, 469644).
cost(26, 11, 249807).
cost(26, 12, 306568).
cost(26, 13, 203154).
cost(26, 14, 415461).
cost(26, 15, 327562).
cost(26, 16, 594470).
cost(26, 17, 529431).
cost(26, 18, 505322).
cost(26, 19, 494544).
cost(26, 20, 367734).
cost(26, 21, 87874).
cost(26, 22, 346591).
cost(26, 23, 126583).
cost(26, 24, 575099).
cost(26, 25, 457145).
cost(26, 27, 604901).
cost(26, 28, 430420).
cost(26, 29, 171362).
cost(27, 1, 316749).
cost(27, 2, 498421).
cost(27, 3, 564023).
cost(27, 4, 284502).
cost(27, 5, 728367).
cost(27, 6, 540833).
cost(27, 7, 545698).
cost(27, 8, 316489).
cost(27, 9, 344857).
cost(27, 10, 688316).
cost(27, 11, 622519).
cost(27, 12, 496211).
cost(27, 13, 798455).
cost(27, 14, 343237).
cost(27, 15, 339148).
cost(27, 16, 417358).
cost(27, 17, 391770).
cost(27, 18, 206375).
cost(27, 19, 175569).
cost(27, 20, 252251).
cost(27, 21, 569294).
cost(27, 22, 610288).
cost(27, 23, 563365).
cost(27, 24, 74853).
cost(27, 25, 430103).
cost(27, 26, 604901).
cost(27, 28, 860433).
cost(27, 29, 616718).
cost(28, 1, 550000).
cost(28, 2, 388628).
cost(28, 3, 326122).
cost(28, 4, 587290).
cost(28, 5, 151475).
cost(28, 6, 444945).
cost(28, 7, 571545).
cost(28, 8, 596496).
cost(28, 9, 517265).
cost(28, 10, 256470).
cost(28, 11, 244313).
cost(28, 12, 365383).
cost(28, 13, 331932).
cost(28, 14, 533193).
cost(28, 15, 522252).
cost(28, 16, 607095).
cost(28, 17, 929640).
cost(28, 18, 677848).
cost(28, 19, 693853).
cost(28, 20, 697920).
cost(28, 21, 517830).
cost(28, 22, 259165).
cost(28, 23, 556807).
cost(28, 24, 800646).
cost(28, 25, 484775).
cost(28, 26, 430420).
cost(28, 27, 860433).
cost(28, 29, 285318).
cost(29, 1, 339845).
cost(29, 2, 259794).
cost(29, 3, 52931).
cost(29, 4, 332436).
cost(29, 5, 228027).
cost(29, 6, 164694).
cost(29, 7, 299585).
cost(29, 8, 419960).
cost(29, 9, 278121).
cost(29, 10, 300467).
cost(29, 11, 79529).
cost(29, 12, 182570).
cost(29, 13, 226106).
cost(29, 14, 340116).
cost(29, 15, 285389).
cost(29, 16, 488961).
cost(29, 17, 644394).
cost(29, 18, 466041).
cost(29, 19, 469296).
cost(29, 20, 422460).
cost(29, 21, 250311).
cost(29, 22, 182006).
cost(29, 23, 288635).
cost(29, 24, 568471).
cost(29, 25, 345781).
cost(29, 26, 171362).
cost(29, 27, 616718).
cost(29, 28, 285318).
