dimension(29).
point(1, -160103.0, 343447.0).
point(2, -251908.0, -295573.0).
point(3, -22236.0, -261181.0).
point(4, -184054.0, 8778.0).
point(5, 63428.0, -7102.0).
point(6, -14907.0, 98876.0).
point(7, -125368.0, -179357.0).
point(8, 99338.0, -84923.0).
point(9, 232785.0, 174073.0).
point(10, 52836.0, -83855.0).
point(11, 594281.0, 34564.0).
point(12, -314413.0, -312623.0).
point(13, 72079.0, 97618.0).
point(14, 18123.0, -100616.0).
point(15, -198796.0, -150921.0).
point(16, 111417.0, 201879.0).
point(17, 40328.0, -218049.0).
point(18, 2196.0, -111143.0).
point(19, -69682.0, -52389.0).
point(20, 50019.0, -19020.0).
point(21, -41238.0, -208986.0).
point(22, -285975.0, 71464.0).
point(23, -33352.0, -106046.0).
point(24, -157287.0, 288246.0).
point(25, 274095.0, -152725.0).
point(26, -125248.0, -45713.0).
point(27, 23124.0, -325632.0).
point(28, -170990.0, 326928.0).
point(29, 211914.0, 73983.0).
cost(1, 2, 645581).
cost(1, 3, 620147).
cost(1, 4, 335525).
cost(1, 5, 415753).
cost(1, 6, 284424).
cost(1, 7, 523957).
cost(1, 8, 500810).
cost(1, 9, 427842).
cost(1, 10, 477420).
cost(1, 11, 815171).
cost(1, 12, 673973).
cost(1, 13, 338143).
cost(1, 14, 478494).
cost(1, 15, 495880).
cost(1, 16, 306210).
cost(1, 17, 596197).
cost(1, 18, 482694).
cost(1, 19, 406032).
cost(1, 20, 418967).
cost(1, 21, 565076).
cost(1, 22, 299697).
cost(1, 23, 467022).
cost(1, 24, 55273).
cost(1, 25, 659329).
cost(1, 26, 390718).
cost(1, 27, 693714).
cost(1, 28, 19784).
cost(1, 29, 459356).
cost(2, 1, 645581).
cost(2, 3, 232233).
cost(2, 4, 311823).
cost(2, 5, 427378).
cost(2, 6, 460173).
cost(2, 7, 171810).
cost(2, 8, 409569).
cost(2, 9, 674903).
cost(2, 10, 371071).
cost(2, 11, 908310).
cost(2, 12, 64789).
cost(2, 13, 509477).
cost(2, 14, 333054).
cost(2, 15, 154094).
cost(2, 16, 616006).
cost(2, 17, 302344).
cost(2, 18, 313980).
cost(2, 19, 303883).
cost(2, 20, 409440).
cost(2, 21, 227770).
cost(2, 22, 368615).
cost(2, 23, 289287).
cost(2, 24, 591437).
cost(2, 25, 545055).
cost(2, 26, 280130).
cost(2, 27, 276670).
cost(2, 28, 627738).
cost(2, 29, 593045).
cost(3, 1, 620147).
cost(3, 2, 232233).
cost(3, 4, 314743).
cost(3, 5, 268131).
cost(3, 6, 360132).
cost(3, 7, 131649).
cost(3, 8, 214119).
cost(3, 9, 504462).
cost(3, 10, 192562).
cost(3, 11, 683782).
cost(3, 12, 296671).
cost(3, 13, 370988).
cost(3, 14, 165560).
cost(3, 15, 208160).
cost(3, 16, 481962).
cost(3, 17, 75991).
cost(3, 18, 152014).
cost(3, 19, 214115).
cost(3, 20, 252711).
cost(3, 21, 55546).
cost(3, 22, 424513).
cost(3, 23, 155533).
cost(3, 24, 565782).
cost(3, 25, 315555).
cost(3, 26, 238826).
cost(3, 27, 78813).
cost(3, 28, 606630).
cost(3, 29, 408853).
cost(4, 1, 335525).
cost(4, 2, 311823).
cost(4, 3, 314743).
cost(4, 5, 247991).
cost(4, 6, 191646).
cost(4, 7, 197076).
cost(4, 8, 298481).
cost(4, 9, 448416).
cost(4, 10, 254358).
cost(4, 11, 778762).
cost(4, 12, 346831).
cost(4, 13, 271103).
cost(4, 14, 229875).
cost(4, 15, 160378).
cost(4, 16, 352975).
cost(4, 17, 319058).
cost(4, 18, 221518).
cost(4, 19, 129701).
cost(4, 20, 235718).
cost(4, 21, 260418).
cost(4, 22, 119655).
cost(4, 23, 189461).
cost(4, 24, 280747).
cost(4, 25, 485782).
cost(4, 26, 80171).
cost(4, 27, 393386).
cost(4, 28, 318418).
cost(4, 29, 401301).
cost(5, 1, 415753).
cost(5, 2, 427378).
cost(5, 3, 268131).
cost(5, 4, 247991).
cost(5, 6, 131787).
cost(5, 7, 255569).
cost(5, 8, 85707).
cost(5, 9, 248004).
cost(5, 10, 77480).
cost(5, 11, 532486).
cost(5, 12, 485908).
cost(5, 13, 105077).
cost(5, 14, 103911).
cost(5, 15, 299074).
cost(5, 16, 214420).
cost(5, 17, 212208).
cost(5, 18, 120722).
cost(5, 19, 140603).
cost(5, 20, 17940).
cost(5, 21, 227403).
cost(5, 22, 358127).
cost(5, 23, 138406).
cost(5, 24, 368708).
cost(5, 25, 256099).
cost(5, 26, 192586).
cost(5, 27, 321070).
cost(5, 28, 408078).
cost(5, 29, 169183).
cost(6, 1, 284424).
cost(6, 2, 460173).
cost(6, 3, 360132).
cost(6, 4, 191646).
cost(6, 5, 131787).
cost(6, 7, 299358).
cost(6, 8, 216412).
cost(6, 9, 258855).
cost(6, 10, 194884).
cost(6, 11, 612573).
cost(6, 12, 508955).
cost(6, 13, 86995).
cost(6, 14, 202208).
cost(6, 15, 310183).
cost(6, 16, 162995).
cost(6, 17, 321702).
cost(6, 18, 210714).
cost(6, 19, 160877).
cost(6, 20, 134591).
cost(6, 21, 308986).
cost(6, 22, 272451).
cost(6, 23, 205750).
cost(6, 24, 236924).
cost(6, 25, 383178).
cost(6, 26, 181882).
cost(6, 27, 426208).
cost(6, 28, 276351).
cost(6, 29, 228183).
cost(7, 1, 523957).
cost(7, 2, 171810).
cost(7, 3, 131649).
cost(7, 4, 197076).
cost(7, 5, 255569).
cost(7, 6, 299358).
cost(7, 8, 243743).
cost(7, 9, 503176).
cost(7, 10, 202181).
cost(7, 11, 750771).
cost(7, 12, 231296).
cost(7, 13, 340148).
cost(7, 14, 163676).
cost(7, 15, 78742).
cost(7, 16, 448785).
cost(7, 17, 170154).
cost(7, 18, 144657).
cost(7, 19, 138643).
cost(7, 20, 237631).
cost(7, 21, 89195).
cost(7, 22, 297835).
cost(7, 23, 117650).
cost(7, 24, 468691).
cost(7, 25, 400350).
cost(7, 26, 133644).
cost(7, 27, 208438).
cost(7, 28, 508336).
cost(7, 29, 421830).
cost(8, 1, 500810).
cost(8, 2, 409569).
cost(8, 3, 214119).
cost(8, 4, 298481).
cost(8, 5, 85707).
cost(8, 6, 216412).
cost(8, 7, 243743).
cost(8, 9, 291354).
cost(8, 10, 46514).
cost(8, 11, 509162).
cost(8, 12, 472268).
cost(8, 13, 184565).
cost(8, 14, 82717).
cost(8, 15, 305352).
cost(8, 16, 287056).
cost(8, 17, 145618).
cost(8, 18, 100618).
cost(8, 19, 172123).
cost(8, 20, 82314).
cost(8, 21, 187492).
cost(8, 22, 415840).
cost(8, 23, 134361).
cost(8, 24, 452892).
cost(8, 25, 187449).
cost(8, 26, 227983).
cost(8, 27, 252486).
cost(8, 28, 492644).
cost(8, 29, 194742).
cost(9, 1, 427842).
cost(9, 2, 674903).
cost(9, 3, 504462).
cost(9, 4, 448416).
cost(9, 5, 248004).
cost(9, 6, 258855).
cost(9, 7, 503176).
cost(9, 8, 291354).
cost(9, 10, 314497).
cost(9, 11, 387482).
cost(9, 12, 732324).
cost(9, 13, 177966).
cost(9, 14, 348617).
cost(9, 15, 540262).
cost(9, 16, 124513).
cost(9, 17, 436806).
cost(9, 18, 366769).
cost(9, 19, 377851).
cost(9, 20, 265873).
cost(9, 21, 470981).
cost(9, 22, 528810).
cost(9, 23, 386388).
cost(9, 24, 406438).
cost(9, 25, 329399).
cost(9, 26, 420111).
cost(9, 27, 541907).
cost(9, 28, 431739).
cost(9, 29, 102243).
cost(10, 1, 477420).
cost(10, 2, 371071).
cost(10, 3, 192562).
cost(10, 4, 254358).
cost(10, 5, 77480).
cost(10, 6, 194884).
cost(10, 7, 202181).
cost(10, 8, 46514).
cost(10, 9, 314497).
cost(10, 11, 554243).
cost(10, 12, 432674).
cost(10, 13, 182490).
cost(10, 14, 38548).
cost(10, 15, 260416).
cost(10, 16, 291677).
cost(10, 17, 134776).
cost(10, 18, 57524).
cost(10, 19, 126494).
cost(10, 20, 64896).
cost(10, 21, 156549).
cost(10, 22, 372716).
cost(10, 23, 88999).
cost(10, 24, 427330).
cost(10, 25, 231730).
cost(10, 26, 182123).
cost(10, 27, 243596).
cost(10, 28, 467804).
cost(10, 29, 224095).
cost(11, 1, 815171).
cost(11, 2, 908310).
cost(11, 3, 683782).
cost(11, 4, 778762).
cost(11, 5, 532486).
cost(11, 6, 612573).
cost(11, 7, 750771).
cost(11, 8, 509162).
cost(11, 9, 387482).
cost(11, 10, 554243).
cost(11, 12, 972761).
cost(11, 13, 525995).
cost(11, 14, 591804).
cost(11, 15, 814479).
cost(11, 16, 511030).
cost(11, 17, 608833).
cost(11, 18, 609750).
cost(11, 19, 669633).
cost(11, 20, 546893).
cost(11, 21, 680589).
cost(11, 22, 881029).
cost(11, 23, 643191).
cost(11, 24, 793227).
cost(11, 25, 370940).
cost(11, 26, 723993).
cost(11, 27, 675249).
cost(11, 28, 819217).
cost(11, 29, 384394).
cost(12, 1, 673973).
cost(12, 2, 64789).
cost(12, 3, 296671).
cost(12, 4, 346831).
cost(12, 5, 485908).
cost(12, 6, 508955).
cost(12, 7, 231296).
cost(12, 8, 472268).
cost(12, 9, 732324).
cost(12, 10, 432674).
cost(12, 11, 972761).
cost(12, 13, 563626).
cost(12, 14, 394369).
cost(12, 15, 198783).
cost(12, 16, 667865).
cost(12, 17, 367131).
cost(12, 18, 375280).
cost(12, 19, 357232).
cost(12, 20, 467989).
cost(12, 21, 292173).
cost(12, 22, 385138).
cost(12, 23, 348811).
cost(12, 24, 621073).
cost(12, 25, 609843).
cost(12, 26, 327146).
cost(12, 27, 337788).
cost(12, 28, 655435).
cost(12, 29, 653058).
cost(13, 1, 338143).
cost(13, 2, 509477).
cost(13, 3, 370988).
cost(13, 4, 271103).
cost(13, 5, 105077).
cost(13, 6, 86995).
cost(13, 7, 340148).
cost(13, 8, 184565).
cost(13, 9, 177966).
cost(13, 10, 182490).
cost(13, 11, 525995).
cost(13, 12, 563626).
cost(13, 14, 205446).
cost(13, 15, 367621).
cost(13, 16, 111435).
cost(13, 17, 317260).
cost(13, 18, 220147).
cost(13, 19, 206394).
cost(13, 20, 118706).
cost(13, 21, 326874).
cost(13, 22, 359008).
cost(13, 23, 229335).
cost(13, 24, 298241).
cost(13, 25, 321686).
cost(13, 26, 243889).
cost(13, 27, 426072).
cost(13, 28, 334164).
cost(13, 29, 141818).
cost(14, 1, 478494).
cost(14, 2, 333054).
cost(14, 3, 165560).
cost(14, 4, 229875).
cost(14, 5, 103911).
cost(14, 6, 202208).
cost(14, 7, 163676).
cost(14, 8, 82717).
cost(14, 9, 348617).
cost(14, 10, 38548).
cost(14, 11, 591804).
cost(14, 12, 394369).
cost(14, 13, 205446).
cost(14, 15, 222676).
cost(14, 16, 316555).
cost(14, 17, 119514).
cost(14, 18, 19092).
cost(14, 19, 100178).
cost(14, 20, 87609).
cost(14, 21, 123563).
cost(14, 22, 349410).
cost(14, 23, 51761).
cost(14, 24, 426594).
cost(14, 25, 261222).
cost(14, 26, 153524).
cost(14, 27, 225072).
cost(14, 28, 467501).
cost(14, 29, 260844).
cost(15, 1, 495880).
cost(15, 2, 154094).
cost(15, 3, 208160).
cost(15, 4, 160378).
cost(15, 5, 299074).
cost(15, 6, 310183).
cost(15, 7, 78742).
cost(15, 8, 305352).
cost(15, 9, 540262).
cost(15, 10, 260416).
cost(15, 11, 814479).
cost(15, 12, 198783).
cost(15, 13, 367621).
cost(15, 14, 222676).
cost(15, 16, 469787).
cost(15, 17, 248368).
cost(15, 18, 204890).
cost(15, 19, 162416).
cost(15, 20, 281615).
cost(15, 21, 167917).
cost(15, 22, 238862).
cost(15, 23, 171422).
cost(15, 24, 441124).
cost(15, 25, 472894).
cost(15, 26, 128367).
cost(15, 27, 282440).
cost(15, 28, 478657).
cost(15, 29, 468257).
cost(16, 1, 306210).
cost(16, 2, 616006).
cost(16, 3, 481962).
cost(16, 4, 352975).
cost(16, 5, 214420).
cost(16, 6, 162995).
cost(16, 7, 448785).
cost(16, 8, 287056).
cost(16, 9, 124513).
cost(16, 10, 291677).
cost(16, 11, 511030).
cost(16, 12, 667865).
cost(16, 13, 111435).
cost(16, 14, 316555).
cost(16, 15, 469787).
cost(16, 17, 425903).
cost(16, 18, 331530).
cost(16, 19, 312168).
cost(16, 20, 229273).
cost(16, 21, 438308).
cost(16, 22, 418245).
cost(16, 23, 340259).
cost(16, 24, 282243).
cost(16, 25, 390139).
cost(16, 26, 342509).
cost(16, 27, 534849).
cost(16, 28, 308854).
cost(16, 29, 162656).
cost(17, 1, 596197).
cost(17, 2, 302344).
cost(17, 3, 75991).
cost(17, 4, 319058).
cost(17, 5, 212208).
cost(17, 6, 321702).
cost(17, 7, 170154).
cost(17, 8, 145618).
cost(17, 9, 436806).
cost(17, 10, 134776).
cost(17, 11, 608833).
cost(17, 12, 367131).
cost(17, 13, 317260).
cost(17, 14, 119514).
cost(17, 15, 248368).
cost(17, 16, 425903).
cost(17, 18, 113503).
cost(17, 19, 198860).
cost(17, 20, 199265).
cost(17, 21, 82068).
cost(17, 22, 436224).
cost(17, 23, 134065).
cost(17, 24, 543495).
cost(17, 25, 242723).
cost(17, 26, 238988).
cost(17, 27, 108950).
cost(17, 28, 584513).
cost(17, 29, 338710).
cost(18, 1, 482694).
cost(18, 2, 313980).
cost(18, 3, 152014).
cost(18, 4, 221518).
cost(18, 5, 120722).
cost(18, 6, 210714).
cost(18, 7, 144657).
cost(18, 8, 100618).
cost(18, 9, 366769).
cost(18, 10, 57524).
cost(18, 11, 609750).
cost(18, 12, 375280).
cost(18, 13, 220147).
cost(18, 14, 19092).
cost(18, 15, 204890).
cost(18, 16, 331530).
cost(18, 17, 113503).
cost(18, 19, 92836).
cost(18, 20, 103796).
cost(18, 21, 107050).
cost(18, 22, 341157).
cost(18, 23, 35912).
cost(18, 24, 430054).
cost(18, 25, 275060).
cost(18, 26, 143259).
cost(18, 27, 215508).
cost(18, 28, 471062).
cost(18, 29, 279738).
cost(19, 1, 406032).
cost(19, 2, 303883).
cost(19, 3, 214115).
cost(19, 4, 129701).
cost(19, 5, 140603).
cost(19, 6, 160877).
cost(19, 7, 138643).
cost(19, 8, 172123).
cost(19, 9, 377851).
cost(19, 10, 126494).
cost(19, 11, 669633).
cost(19, 12, 357232).
cost(19, 13, 206394).
cost(19, 14, 100178).
cost(19, 15, 162416).
cost(19, 16, 312168).
cost(19, 17, 198860).
cost(19, 18, 92836).
cost(19, 20, 124265).
cost(19, 21, 159159).
cost(19, 22, 249243).
cost(19, 23, 64799).
cost(19, 24, 351720).
cost(19, 25, 358120).
cost(19, 26, 55966).
cost(19, 27, 288574).
cost(19, 28, 392613).
cost(19, 29, 308652).
cost(20, 1, 418967).
cost(20, 2, 409440).
cost(20, 3, 252711).
cost(20, 4, 235718).
cost(20, 5, 17940).
cost(20, 6, 134591).
cost(20, 7, 237631).
cost(20, 8, 82314).
cost(20, 9, 265873).
cost(20, 10, 64896).
cost(20, 11, 546893).
cost(20, 12, 467989).
cost(20, 13, 118706).
cost(20, 14, 87609).
cost(20, 15, 281615).
cost(20, 16, 229273).
cost(20, 17, 199265).
cost(20, 18, 103796).
cost(20, 19, 124265).
cost(20, 21, 210748).
cost(20, 22, 347965).
cost(20, 23, 120517).
cost(20, 24, 370659).
cost(20, 25, 260935).
cost(20, 26, 177288).
cost(20, 27, 307789).
cost(20, 28, 410518).
cost(20, 29, 186707).
cost(21, 1, 565076).
cost(21, 2, 227770).
cost(21, 3, 55546).
cost(21, 4, 260418).
cost(21, 5, 227403).
cost(21, 6, 308986).
cost(21, 7, 89195).
cost(21, 8, 187492).
cost(21, 9, 470981).
cost(21, 10, 156549).
cost(21, 11, 680589).
cost(21, 12, 292173).
cost(21, 13, 326874).
cost(21, 14, 123563).
cost(21, 15, 167917).
cost(21, 16, 438308).
cost(21, 17, 82068).
cost(21, 18, 107050).
cost(21, 19, 159159).
cost(21, 20, 210748).
cost(21, 22, 372221).
cost(21, 23, 103242).
cost(21, 24, 510595).
cost(21, 25, 320313).
cost(21, 26, 183618).
cost(21, 27, 133224).
cost(21, 28, 551398).
cost(21, 29, 379681).
cost(22, 1, 299697).
cost(22, 2, 368615).
cost(22, 3, 424513).
cost(22, 4, 119655).
cost(22, 5, 358127).
cost(22, 6, 272451).
cost(22, 7, 297835).
cost(22, 8, 415840).
cost(22, 9, 528810).
cost(22, 10, 372716).
cost(22, 11, 881029).
cost(22, 12, 385138).
cost(22, 13, 359008).
cost(22, 14, 349410).
cost(22, 15, 238862).
cost(22, 16, 418245).
cost(22, 17, 436224).
cost(22, 18, 341157).
cost(22, 19, 249243).
cost(22, 20, 347965).
cost(22, 21, 372221).
cost(22, 23, 308753).
cost(22, 24, 252101).
cost(22, 25, 603274).
cost(22, 26, 198906).
cost(22, 27, 503217).
cost(22, 28, 280149).
cost(22, 29, 497895).
cost(23, 1, 467022).
cost(23, 2, 289287).
cost(23, 3, 155533).
cost(23, 4, 189461).
cost(23, 5, 138406).
cost(23, 6, 205750).
cost(23, 7, 117650).
cost(23, 8, 134361).
cost(23, 9, 386388).
cost(23, 10, 88999).
cost(23, 11, 643191).
cost(23, 12, 348811).
cost(23, 13, 229335).
cost(23, 14, 51761).
cost(23, 15, 171422).
cost(23, 16, 340259).
cost(23, 17, 134065).
cost(23, 18, 35912).
cost(23, 19, 64799).
cost(23, 20, 120517).
cost(23, 21, 103242).
cost(23, 22, 308753).
cost(23, 24, 413311).
cost(23, 25, 310970).
cost(23, 26, 109932).
cost(23, 27, 226732).
cost(23, 28, 454324).
cost(23, 29, 304246).
cost(24, 1, 55273).
cost(24, 2, 591437).
cost(24, 3, 565782).
cost(24, 4, 280747).
cost(24, 5, 368708).
cost(24, 6, 236924).
cost(24, 7, 468691).
cost(24, 8, 452892).
cost(24, 9, 406438).
cost(24, 10, 427330).
cost(24, 11, 793227).
cost(24, 12, 621073).
cost(24, 13, 298241).
cost(24, 14, 426594).
cost(24, 15, 441124).
cost(24, 16, 282243).
cost(24, 17, 543495).
cost(24, 18, 430054).
cost(24, 19, 351720).
cost(24, 20, 370659).
cost(24, 21, 510595).
cost(24, 22, 252101).
cost(24, 23, 413311).
cost(24, 25, 616884).
cost(24, 26, 335492).
cost(24, 27, 639839).
cost(24, 28, 41037).
cost(24, 29, 426870).
cost(25, 1, 659329).
cost(25, 2, 545055).
cost(25, 3, 315555).
cost(25, 4, 485782).
cost(25, 5, 256099).
cost(25, 6, 383178).
cost(25, 7, 400350).
cost(25, 8, 187449).
cost(25, 9, 329399).
cost(25, 10, 231730).
cost(25, 11, 370940).
cost(25, 12, 609843).
cost(25, 13, 321686).
cost(25, 14, 261222).
cost(25, 15, 472894).
cost(25, 16, 390139).
cost(25, 17, 242723).
cost(25, 18, 275060).
cost(25, 19, 358120).
cost(25, 20, 260935).
cost(25, 21, 320313).
cost(25, 22, 603274).
cost(25, 23, 310970).
cost(25, 24, 616884).
cost(25, 26, 413432).
cost(25, 27, 304768).
cost(25, 28, 654345).
cost(25, 29, 235081).
cost(26, 1, 390718).
cost(26, 2, 280130).
cost(26, 3, 238826).
cost(26, 4, 80171).
cost(26, 5, 192586).
cost(26, 6, 181882).
cost(26, 7, 133644).
cost(26, 8, 227983).
cost(26, 9, 420111).
cost(26, 10, 182123).
cost(26, 11, 723993).
cost(26, 12, 327146).
cost(26, 13, 243889).
cost(26, 14, 153524).
cost(26, 15, 128367).
cost(26, 16, 342509).
cost(26, 17, 238988).
cost(26, 18, 143259).
cost(26, 19, 55966).
cost(26, 20, 177288).
cost(26, 21, 183618).
cost(26, 22, 198906).
cost(26, 23, 109932).
cost(26, 24, 335492).
cost(26, 25, 413432).
cost(26, 27, 316811).
cost(26, 28, 375438).
cost(26, 29, 357778).
cost(27, 1, 693714).
cost(27, 2, 276670).
cost(27, 3, 78813).
cost(27, 4, 393386).
cost(27, 5, 321070).
cost(27, 6, 426208).
cost(27, 7, 208438).
cost(27, 8, 252486).
cost(27, 9, 541907).
cost(27, 10, 243596).
cost(27, 11, 675249).
cost(27, 12, 337788).
cost(27, 13, 426072).
cost(27, 14, 225072).
cost(27, 15, 282440).
cost(27, 16, 534849).
cost(27, 17, 108950).
cost(27, 18, 215508).
cost(27, 19, 288574).
cost(27, 20, 307789).
cost(27, 21, 133224).
cost(27, 22, 503217).
cost(27, 23, 226732).
cost(27, 24, 639839).
cost(27, 25, 304768).
cost(27, 26, 316811).
cost(27, 28, 680819).
cost(27, 29, 441966).
cost(28, 1, 19784).
cost(28, 2, 627738).
cost(28, 3, 606630).
cost(28, 4, 318418).
cost(28, 5, 408078).
cost(28, 6, 276351).
cost(28, 7, 508336).
cost(28, 8, 492644).
cost(28, 9, 431739).
cost(28, 10, 467804).
cost(28, 11, 819217).
cost(28, 12, 655435).
cost(28, 13, 334164).
cost(28, 14, 467501).
cost(28, 15, 478657).
cost(28, 16, 308854).
cost(28, 17, 584513).
cost(28, 18, 471062).
cost(28, 19, 392613).
cost(28, 20, 410518).
cost(28, 21, 551398).
cost(28, 22, 280149).
cost(28, 23, 454324).
cost(28, 24, 41037).
cost(28, 25, 654345).
cost(28, 26, 375438).
cost(28, 27, 680819).
cost(28, 29, 458908).
cost(29, 1, 459356).
cost(29, 2, 593045).
cost(29, 3, 408853).
cost(29, 4, 401301).
cost(29, 5, 169183).
cost(29, 6, 228183).
cost(29, 7, 421830).
cost(29, 8, 194742).
cost(29, 9, 102243).
cost(29, 10, 224095).
cost(29, 11, 384394).
cost(29, 12, 653058).
cost(29, 13, 141818).
cost(29, 14, 260844).
cost(29, 15, 468257).
cost(29, 16, 162656).
cost(29, 17, 338710).
cost(29, 18, 279738).
cost(29, 19, 308652).
cost(29, 20, 186707).
cost(29, 21, 379681).
cost(29, 22, 497895).
cost(29, 23, 304246).
cost(29, 24, 426870).
cost(29, 25, 235081).
cost(29, 26, 357778).
cost(29, 27, 441966).
cost(29, 28, 458908).
