dimension(29).
point(1, 221566.0, 231980.0).
point(2, -351363.0, -332474.0).
point(3, 85276.0, -299307.0).
point(4, -55443.0, -411850.0).
point(5, 391979.0, 337837.0).
point(6, 267185.0, -109353.0).
point(7, -173445.0, 128545.0).
point(8, 163609.0, 29699.0).
point(9, 77880.0, -30638.0).
point(10, -948.0, -310650.0).
point(11, -12175.0, 89655.0).
point(12, -217265.0, 538929.0).
point(13, -67084.0, -129066.0).
point(14, 182198.0, 141188.0).
point(15, -37611.0, -209594.0).
point(16, -297659.0, 201532.0).
point(17, -91263.0, -88988.0).
point(18, -18267.0, 225942.0).
point(19, -92273.0, -21988.0).
point(20, 161506.0, -239978.0).
point(21, -249835.0, 48937.0).
point(22, 105217.0, 2272.0).
point(23, -297841.0, -6218.0).
point(24, -52608.0, 357465.0).
point(25, 218113.0, 58416.0).
point(26, 121440.0, -153942.0).
point(27, 195723.0, -92542.0).
point(28, 147841.0, -66785.0).
point(29, 107909.0, -388222.0).
cost(1, 2, 804274).
cost(1, 3, 548490).
cost(1, 4, 700893).
cost(1, 5, 200615).
cost(1, 6, 344368).
cost(1, 7, 408329).
cost(1, 8, 210420).
cost(1, 9, 299356).
cost(1, 10, 586481).
cost(1, 11, 273663).
cost(1, 12, 535528).
cost(1, 13, 462248).
cost(1, 14, 98960).
cost(1, 15, 512016).
cost(1, 16, 520117).
cost(1, 17, 448199).
cost(1, 18, 239909).
cost(1, 19, 403726).
cost(1, 20, 475764).
cost(1, 21, 505691).
cost(1, 22, 257493).
cost(1, 23, 571421).
cost(1, 24, 301526).
cost(1, 25, 173598).
cost(1, 26, 398699).
cost(1, 27, 325549).
cost(1, 28, 307727).
cost(1, 29, 630530).
cost(2, 1, 804274).
cost(2, 3, 437897).
cost(2, 4, 306381).
cost(2, 5, 1000937).
cost(2, 6, 657560).
cost(2, 7, 494159).
cost(2, 8, 629576).
cost(2, 9, 524742).
cost(2, 10, 351094).
cost(2, 11, 541518).
cost(2, 12, 881661).
cost(2, 13, 349556).
cost(2, 14, 713473).
cost(2, 15, 336957).
cost(2, 16, 536700).
cost(2, 17, 356283).
cost(2, 18, 650216).
cost(2, 19, 404387).
cost(2, 20, 521143).
cost(2, 21, 394693).
cost(2, 22, 566145).
cost(2, 23, 330617).
cost(2, 24, 751845).
cost(2, 25, 690723).
cost(2, 26, 505387).
cost(2, 27, 597386).
cost(2, 28, 565504).
cost(2, 29, 462643).
cost(3, 1, 548490).
cost(3, 2, 437897).
cost(3, 4, 180188).
cost(3, 5, 707120).
cost(3, 6, 263008).
cost(3, 7, 499994).
cost(3, 8, 338203).
cost(3, 9, 268771).
cost(3, 10, 86967).
cost(3, 11, 400984).
cost(3, 12, 891163).
cost(3, 13, 228463).
cost(3, 14, 451032).
cost(3, 15, 152150).
cost(3, 16, 630459).
cost(3, 17, 274591).
cost(3, 18, 535358).
cost(3, 19, 329286).
cost(3, 20, 96597).
cost(3, 21, 483294).
cost(3, 22, 302238).
cost(3, 23, 482369).
cost(3, 24, 671090).
cost(3, 25, 381591).
cost(3, 26, 149796).
cost(3, 27, 234415).
cost(3, 28, 240792).
cost(3, 29, 91750).
cost(4, 1, 700893).
cost(4, 2, 306381).
cost(4, 3, 180188).
cost(4, 5, 873050).
cost(4, 6, 442259).
cost(4, 7, 553129).
cost(4, 8, 492899).
cost(4, 9, 403853).
cost(4, 10, 114940).
cost(4, 11, 503368).
cost(4, 12, 964452).
cost(4, 13, 283024).
cost(4, 14, 601934).
cost(4, 15, 203041).
cost(4, 16, 659474).
cost(4, 17, 324843).
cost(4, 18, 638875).
cost(4, 19, 391598).
cost(4, 20, 276779).
cost(4, 21, 500113).
cost(4, 22, 444194).
cost(4, 23, 472540).
cost(4, 24, 769320).
cost(4, 25, 544043).
cost(4, 26, 312737).
cost(4, 27, 406254).
cost(4, 28, 400492).
cost(4, 29, 165052).
cost(5, 1, 200615).
cost(5, 2, 1000937).
cost(5, 3, 707120).
cost(5, 4, 873050).
cost(5, 6, 464276).
cost(5, 7, 602916).
cost(5, 8, 383539).
cost(5, 9, 484182).
cost(5, 10, 758239).
cost(5, 11, 474273).
cost(5, 12, 641573).
cost(5, 13, 654780).
cost(5, 14, 287539).
cost(5, 15, 695865).
cost(5, 16, 702979).
cost(5, 17, 644750).
cost(5, 18, 425232).
cost(5, 19, 603303).
cost(5, 20, 622084).
cost(5, 21, 703838).
cost(5, 22, 441403).
cost(5, 23, 770860).
cost(5, 24, 445020).
cost(5, 25, 329098).
cost(5, 26, 561282).
cost(5, 27, 473014).
cost(5, 28, 472570).
cost(5, 29, 779652).
cost(6, 1, 344368).
cost(6, 2, 657560).
cost(6, 3, 263008).
cost(6, 4, 442259).
cost(6, 5, 464276).
cost(6, 7, 500750).
cost(6, 8, 173388).
cost(6, 9, 205018).
cost(6, 10, 335285).
cost(6, 11, 342996).
cost(6, 12, 809297).
cost(6, 13, 334850).
cost(6, 14, 264563).
cost(6, 15, 320856).
cost(6, 16, 644747).
cost(6, 17, 359026).
cost(6, 18, 440347).
cost(6, 19, 369923).
cost(6, 20, 168021).
cost(6, 21, 540708).
cost(6, 22, 196707).
cost(6, 23, 574362).
cost(6, 24, 565850).
cost(6, 25, 174798).
cost(6, 26, 152413).
cost(6, 27, 73413).
cost(6, 28, 126708).
cost(6, 29, 321149).
cost(7, 1, 408329).
cost(7, 2, 494159).
cost(7, 3, 499994).
cost(7, 4, 553129).
cost(7, 5, 602916).
cost(7, 6, 500750).
cost(7, 8, 351249).
cost(7, 9, 297495).
cost(7, 10, 471855).
cost(7, 11, 165893).
cost(7, 12, 412717).
cost(7, 13, 278704).
cost(7, 14, 355868).
cost(7, 15, 364402).
cost(7, 16, 144070).
cost(7, 17, 232539).
cost(7, 18, 183211).
cost(7, 19, 171024).
cost(7, 20, 497997).
cost(7, 21, 110331).
cost(7, 22, 305937).
cost(7, 23, 183400).
cost(7, 24, 258855).
cost(7, 25, 397789).
cost(7, 26, 408358).
cost(7, 27, 430307).
cost(7, 28, 376003).
cost(7, 29, 588395).
cost(8, 1, 210420).
cost(8, 2, 629576).
cost(8, 3, 338203).
cost(8, 4, 492899).
cost(8, 5, 383539).
cost(8, 6, 173388).
cost(8, 7, 351249).
cost(8, 9, 104833).
cost(8, 10, 378043).
cost(8, 11, 185728).
cost(8, 12, 635909).
cost(8, 13, 280046).
cost(8, 14, 113028).
cost(8, 15, 312651).
cost(8, 16, 492234).
cost(8, 17, 281152).
cost(8, 18, 267563).
cost(8, 19, 261050).
cost(8, 20, 269685).
cost(8, 21, 413891).
cost(8, 22, 64513).
cost(8, 23, 462846).
cost(8, 24, 392658).
cost(8, 25, 61606).
cost(8, 26, 188420).
cost(8, 27, 126389).
cost(8, 28, 97764).
cost(8, 29, 421616).
cost(9, 1, 299356).
cost(9, 2, 524742).
cost(9, 3, 268771).
cost(9, 4, 403853).
cost(9, 5, 484182).
cost(9, 6, 205018).
cost(9, 7, 297495).
cost(9, 8, 104833).
cost(9, 10, 290896).
cost(9, 11, 150267).
cost(9, 12, 641496).
cost(9, 13, 175222).
cost(9, 14, 201013).
cost(9, 15, 212987).
cost(9, 16, 441512).
cost(9, 17, 178925).
cost(9, 18, 274003).
cost(9, 19, 170373).
cost(9, 20, 225425).
cost(9, 21, 337238).
cost(9, 22, 42783).
cost(9, 23, 376514).
cost(9, 24, 409452).
cost(9, 25, 166120).
cost(9, 26, 130772).
cost(9, 27, 133113).
cost(9, 28, 78747).
cost(9, 29, 358843).
cost(10, 1, 586481).
cost(10, 2, 351094).
cost(10, 3, 86967).
cost(10, 4, 114940).
cost(10, 5, 758239).
cost(10, 6, 335285).
cost(10, 7, 471855).
cost(10, 8, 378043).
cost(10, 9, 290896).
cost(10, 11, 400462).
cost(10, 12, 876686).
cost(10, 13, 193253).
cost(10, 14, 487545).
cost(10, 15, 107501).
cost(10, 16, 591919).
cost(10, 17, 239355).
cost(10, 18, 536871).
cost(10, 19, 302764).
cost(10, 20, 177160).
cost(10, 21, 437319).
cost(10, 22, 330441).
cost(10, 23, 425234).
cost(10, 24, 670109).
cost(10, 25, 429182).
cost(10, 26, 198837).
cost(10, 27, 293684).
cost(10, 28, 285672).
cost(10, 29, 133668).
cost(11, 1, 273663).
cost(11, 2, 541518).
cost(11, 3, 400984).
cost(11, 4, 503368).
cost(11, 5, 474273).
cost(11, 6, 342996).
cost(11, 7, 165893).
cost(11, 8, 185728).
cost(11, 9, 150267).
cost(11, 10, 400462).
cost(11, 12, 493871).
cost(11, 13, 225508).
cost(11, 14, 201088).
cost(11, 15, 300328).
cost(11, 16, 306623).
cost(11, 17, 195367).
cost(11, 18, 136423).
cost(11, 19, 137404).
cost(11, 20, 372590).
cost(11, 21, 241123).
cost(11, 22, 146344).
cost(11, 23, 301325).
cost(11, 24, 270845).
cost(11, 25, 232397).
cost(11, 26, 277835).
cost(11, 27, 276437).
cost(11, 28, 223782).
cost(11, 29, 492734).
cost(12, 1, 535528).
cost(12, 2, 881661).
cost(12, 3, 891163).
cost(12, 4, 964452).
cost(12, 5, 641573).
cost(12, 6, 809297).
cost(12, 7, 412717).
cost(12, 8, 635909).
cost(12, 9, 641496).
cost(12, 10, 876686).
cost(12, 11, 493871).
cost(12, 13, 684669).
cost(12, 14, 563710).
cost(12, 15, 769781).
cost(12, 16, 346843).
cost(12, 17, 640434).
cost(12, 18, 370892).
cost(12, 19, 574675).
cost(12, 20, 866120).
cost(12, 21, 491073).
cost(12, 22, 626095).
cost(12, 23, 551070).
cost(12, 24, 245033).
cost(12, 25, 648419).
cost(12, 26, 771227).
cost(12, 27, 754529).
cost(12, 28, 707242).
cost(12, 29, 982521).
cost(13, 1, 462248).
cost(13, 2, 349556).
cost(13, 3, 228463).
cost(13, 4, 283024).
cost(13, 5, 654780).
cost(13, 6, 334850).
cost(13, 7, 278704).
cost(13, 8, 280046).
cost(13, 9, 175222).
cost(13, 10, 193253).
cost(13, 11, 225508).
cost(13, 12, 684669).
cost(13, 14, 367667).
cost(13, 15, 85752).
cost(13, 16, 403063).
cost(13, 17, 46807).
cost(13, 18, 358349).
cost(13, 19, 110001).
cost(13, 20, 254076).
cost(13, 21, 255114).
cost(13, 22, 216650).
cost(13, 23, 261420).
cost(13, 24, 486746).
cost(13, 25, 341302).
cost(13, 26, 190158).
cost(13, 27, 265333).
cost(13, 28, 223767).
cost(13, 29, 312705).
cost(14, 1, 98960).
cost(14, 2, 713473).
cost(14, 3, 451032).
cost(14, 4, 601934).
cost(14, 5, 287539).
cost(14, 6, 264563).
cost(14, 7, 355868).
cost(14, 8, 113028).
cost(14, 9, 201013).
cost(14, 10, 487545).
cost(14, 11, 201088).
cost(14, 12, 563710).
cost(14, 13, 367667).
cost(14, 15, 413961).
cost(14, 16, 483636).
cost(14, 17, 357438).
cost(14, 18, 217645).
cost(14, 19, 319313).
cost(14, 20, 381727).
cost(14, 21, 441772).
cost(14, 22, 158820).
cost(14, 23, 502161).
cost(14, 24, 319233).
cost(14, 25, 90228).
cost(14, 26, 301319).
cost(14, 27, 234121).
cost(14, 28, 210792).
cost(14, 29, 534597).
cost(15, 1, 512016).
cost(15, 2, 336957).
cost(15, 3, 152150).
cost(15, 4, 203041).
cost(15, 5, 695865).
cost(15, 6, 320856).
cost(15, 7, 364402).
cost(15, 8, 312651).
cost(15, 9, 212987).
cost(15, 10, 107501).
cost(15, 11, 300328).
cost(15, 12, 769781).
cost(15, 13, 85752).
cost(15, 14, 413961).
cost(15, 16, 486466).
cost(15, 17, 132001).
cost(15, 18, 435965).
cost(15, 19, 195407).
cost(15, 20, 201422).
cost(15, 21, 334481).
cost(15, 22, 255513).
cost(15, 23, 330275).
cost(15, 24, 567257).
cost(15, 25, 370438).
cost(15, 26, 168506).
cost(15, 27, 261048).
cost(15, 28, 234066).
cost(15, 29, 230400).
cost(16, 1, 520117).
cost(16, 2, 536700).
cost(16, 3, 630459).
cost(16, 4, 659474).
cost(16, 5, 702979).
cost(16, 6, 644747).
cost(16, 7, 144070).
cost(16, 8, 492234).
cost(16, 9, 441512).
cost(16, 10, 591919).
cost(16, 11, 306623).
cost(16, 12, 346843).
cost(16, 13, 403063).
cost(16, 14, 483636).
cost(16, 15, 486466).
cost(16, 17, 356372).
cost(16, 18, 280456).
cost(16, 19, 303553).
cost(16, 20, 636996).
cost(16, 21, 159914).
cost(16, 22, 449459).
cost(16, 23, 207750).
cost(16, 24, 290457).
cost(16, 25, 535260).
cost(16, 26, 549550).
cost(16, 27, 574374).
cost(16, 28, 520062).
cost(16, 29, 715748).
cost(17, 1, 448199).
cost(17, 2, 356283).
cost(17, 3, 274591).
cost(17, 4, 324843).
cost(17, 5, 644750).
cost(17, 6, 359026).
cost(17, 7, 232539).
cost(17, 8, 281152).
cost(17, 9, 178925).
cost(17, 10, 239355).
cost(17, 11, 195367).
cost(17, 12, 640434).
cost(17, 13, 46807).
cost(17, 14, 357438).
cost(17, 15, 132001).
cost(17, 16, 356372).
cost(17, 18, 323279).
cost(17, 19, 67008).
cost(17, 20, 294432).
cost(17, 21, 210163).
cost(17, 22, 216640).
cost(17, 23, 222543).
cost(17, 24, 448123).
cost(17, 25, 342697).
cost(17, 26, 222400).
cost(17, 27, 287008).
cost(17, 28, 240133).
cost(17, 29, 359459).
cost(18, 1, 239909).
cost(18, 2, 650216).
cost(18, 3, 535358).
cost(18, 4, 638875).
cost(18, 5, 425232).
cost(18, 6, 440347).
cost(18, 7, 183211).
cost(18, 8, 267563).
cost(18, 9, 274003).
cost(18, 10, 536871).
cost(18, 11, 136423).
cost(18, 12, 370892).
cost(18, 13, 358349).
cost(18, 14, 217645).
cost(18, 15, 435965).
cost(18, 16, 280456).
cost(18, 17, 323279).
cost(18, 19, 258740).
cost(18, 20, 499399).
cost(18, 21, 291470).
cost(18, 22, 255493).
cost(18, 23, 363400).
cost(18, 24, 135932).
cost(18, 25, 289725).
cost(18, 26, 404759).
cost(18, 27, 383698).
cost(18, 28, 336572).
cost(18, 29, 626991).
cost(19, 1, 403726).
cost(19, 2, 404387).
cost(19, 3, 329286).
cost(19, 4, 391598).
cost(19, 5, 603303).
cost(19, 6, 369923).
cost(19, 7, 171024).
cost(19, 8, 261050).
cost(19, 9, 170373).
cost(19, 10, 302764).
cost(19, 11, 137404).
cost(19, 12, 574675).
cost(19, 13, 110001).
cost(19, 14, 319313).
cost(19, 15, 195407).
cost(19, 16, 303553).
cost(19, 17, 67008).
cost(19, 18, 258740).
cost(19, 20, 334550).
cost(19, 21, 172789).
cost(19, 22, 198974).
cost(19, 23, 206172).
cost(19, 24, 381520).
cost(19, 25, 320631).
cost(19, 26, 251167).
cost(19, 27, 296512).
cost(19, 28, 244257).
cost(19, 29, 417373).
cost(20, 1, 475764).
cost(20, 2, 521143).
cost(20, 3, 96597).
cost(20, 4, 276779).
cost(20, 5, 622084).
cost(20, 6, 168021).
cost(20, 7, 497997).
cost(20, 8, 269685).
cost(20, 9, 225425).
cost(20, 10, 177160).
cost(20, 11, 372590).
cost(20, 12, 866120).
cost(20, 13, 254076).
cost(20, 14, 381727).
cost(20, 15, 201422).
cost(20, 16, 636996).
cost(20, 17, 294432).
cost(20, 18, 499399).
cost(20, 19, 334550).
cost(20, 21, 502666).
cost(20, 22, 248704).
cost(20, 23, 515406).
cost(20, 24, 634652).
cost(20, 25, 303716).
cost(20, 26, 94908).
cost(20, 27, 151354).
cost(20, 28, 173731).
cost(20, 29, 157635).
cost(21, 1, 505691).
cost(21, 2, 394693).
cost(21, 3, 483294).
cost(21, 4, 500113).
cost(21, 5, 703838).
cost(21, 6, 540708).
cost(21, 7, 110331).
cost(21, 8, 413891).
cost(21, 9, 337238).
cost(21, 10, 437319).
cost(21, 11, 241123).
cost(21, 12, 491073).
cost(21, 13, 255114).
cost(21, 14, 441772).
cost(21, 15, 334481).
cost(21, 16, 159914).
cost(21, 17, 210163).
cost(21, 18, 291470).
cost(21, 19, 172789).
cost(21, 20, 502666).
cost(21, 22, 358105).
cost(21, 23, 73121).
cost(21, 24, 366180).
cost(21, 25, 468044).
cost(21, 26, 423090).
cost(21, 27, 467481).
cost(21, 28, 414171).
cost(21, 29, 564879).
cost(22, 1, 257493).
cost(22, 2, 566145).
cost(22, 3, 302238).
cost(22, 4, 444194).
cost(22, 5, 441403).
cost(22, 6, 196707).
cost(22, 7, 305937).
cost(22, 8, 64513).
cost(22, 9, 42783).
cost(22, 10, 330441).
cost(22, 11, 146344).
cost(22, 12, 626095).
cost(22, 13, 216650).
cost(22, 14, 158820).
cost(22, 15, 255513).
cost(22, 16, 449459).
cost(22, 17, 216640).
cost(22, 18, 255493).
cost(22, 19, 198974).
cost(22, 20, 248704).
cost(22, 21, 358105).
cost(22, 23, 403147).
cost(22, 24, 388678).
cost(22, 25, 126086).
cost(22, 26, 157054).
cost(22, 27, 131076).
cost(22, 28, 81152).
cost(22, 29, 390503).
cost(23, 1, 571421).
cost(23, 2, 330617).
cost(23, 3, 482369).
cost(23, 4, 472540).
cost(23, 5, 770860).
cost(23, 6, 574362).
cost(23, 7, 183400).
cost(23, 8, 462846).
cost(23, 9, 376514).
cost(23, 10, 425234).
cost(23, 11, 301325).
cost(23, 12, 551070).
cost(23, 13, 261420).
cost(23, 14, 502161).
cost(23, 15, 330275).
cost(23, 16, 207750).
cost(23, 17, 222543).
cost(23, 18, 363400).
cost(23, 19, 206172).
cost(23, 20, 515406).
cost(23, 21, 73121).
cost(23, 22, 403147).
cost(23, 24, 438639).
cost(23, 25, 519987).
cost(23, 26, 444544).
cost(23, 27, 501056).
cost(23, 28, 449779).
cost(23, 29, 557279).
cost(24, 1, 301526).
cost(24, 2, 751845).
cost(24, 3, 671090).
cost(24, 4, 769320).
cost(24, 5, 445020).
cost(24, 6, 565850).
cost(24, 7, 258855).
cost(24, 8, 392658).
cost(24, 9, 409452).
cost(24, 10, 670109).
cost(24, 11, 270845).
cost(24, 12, 245033).
cost(24, 13, 486746).
cost(24, 14, 319233).
cost(24, 15, 567257).
cost(24, 16, 290457).
cost(24, 17, 448123).
cost(24, 18, 135932).
cost(24, 19, 381520).
cost(24, 20, 634652).
cost(24, 21, 366180).
cost(24, 22, 388678).
cost(24, 23, 438639).
cost(24, 25, 403386).
cost(24, 26, 540213).
cost(24, 27, 513979).
cost(24, 28, 469220).
cost(24, 29, 762768).
cost(25, 1, 173598).
cost(25, 2, 690723).
cost(25, 3, 381591).
cost(25, 4, 544043).
cost(25, 5, 329098).
cost(25, 6, 174798).
cost(25, 7, 397789).
cost(25, 8, 61606).
cost(25, 9, 166120).
cost(25, 10, 429182).
cost(25, 11, 232397).
cost(25, 12, 648419).
cost(25, 13, 341302).
cost(25, 14, 90228).
cost(25, 15, 370438).
cost(25, 16, 535260).
cost(25, 17, 342697).
cost(25, 18, 289725).
cost(25, 19, 320631).
cost(25, 20, 303716).
cost(25, 21, 468044).
cost(25, 22, 126086).
cost(25, 23, 519987).
cost(25, 24, 403386).
cost(25, 26, 233327).
cost(25, 27, 152609).
cost(25, 28, 143574).
cost(25, 29, 460033).
cost(26, 1, 398699).
cost(26, 2, 505387).
cost(26, 3, 149796).
cost(26, 4, 312737).
cost(26, 5, 561282).
cost(26, 6, 152413).
cost(26, 7, 408358).
cost(26, 8, 188420).
cost(26, 9, 130772).
cost(26, 10, 198837).
cost(26, 11, 277835).
cost(26, 12, 771227).
cost(26, 13, 190158).
cost(26, 14, 301319).
cost(26, 15, 168506).
cost(26, 16, 549550).
cost(26, 17, 222400).
cost(26, 18, 404759).
cost(26, 19, 251167).
cost(26, 20, 94908).
cost(26, 21, 423090).
cost(26, 22, 157054).
cost(26, 23, 444544).
cost(26, 24, 540213).
cost(26, 25, 233327).
cost(26, 27, 96374).
cost(26, 28, 91068).
cost(26, 29, 234670).
cost(27, 1, 325549).
cost(27, 2, 597386).
cost(27, 3, 234415).
cost(27, 4, 406254).
cost(27, 5, 473014).
cost(27, 6, 73413).
cost(27, 7, 430307).
cost(27, 8, 126389).
cost(27, 9, 133113).
cost(27, 10, 293684).
cost(27, 11, 276437).
cost(27, 12, 754529).
cost(27, 13, 265333).
cost(27, 14, 234121).
cost(27, 15, 261048).
cost(27, 16, 574374).
cost(27, 17, 287008).
cost(27, 18, 383698).
cost(27, 19, 296512).
cost(27, 20, 151354).
cost(27, 21, 467481).
cost(27, 22, 131076).
cost(27, 23, 501056).
cost(27, 24, 513979).
cost(27, 25, 152609).
cost(27, 26, 96374).
cost(27, 28, 54370).
cost(27, 29, 308444).
cost(28, 1, 307727).
cost(28, 2, 565504).
cost(28, 3, 240792).
cost(28, 4, 400492).
cost(28, 5, 472570).
cost(28, 6, 126708).
cost(28, 7, 376003).
cost(28, 8, 97764).
cost(28, 9, 78747).
cost(28, 10, 285672).
cost(28, 11, 223782).
cost(28, 12, 707242).
cost(28, 13, 223767).
cost(28, 14, 210792).
cost(28, 15, 234066).
cost(28, 16, 520062).
cost(28, 17, 240133).
cost(28, 18, 336572).
cost(28, 19, 244257).
cost(28, 20, 173731).
cost(28, 21, 414171).
cost(28, 22, 81152).
cost(28, 23, 449779).
cost(28, 24, 469220).
cost(28, 25, 143574).
cost(28, 26, 91068).
cost(28, 27, 54370).
cost(28, 29, 323908).
cost(29, 1, 630530).
cost(29, 2, 462643).
cost(29, 3, 91750).
cost(29, 4, 165052).
cost(29, 5, 779652).
cost(29, 6, 321149).
cost(29, 7, 588395).
cost(29, 8, 421616).
cost(29, 9, 358843).
cost(29, 10, 133668).
cost(29, 11, 492734).
cost(29, 12, 982521).
cost(29, 13, 312705).
cost(29, 14, 534597).
cost(29, 15, 230400).
cost(29, 16, 715748).
cost(29, 17, 359459).
cost(29, 18, 626991).
cost(29, 19, 417373).
cost(29, 20, 157635).
cost(29, 21, 564879).
cost(29, 22, 390503).
cost(29, 23, 557279).
cost(29, 24, 762768).
cost(29, 25, 460033).
cost(29, 26, 234670).
cost(29, 27, 308444).
cost(29, 28, 323908).
