dimension(29).
point(1, -125494.0, 91690.0).
point(2, -125364.0, 177372.0).
point(3, 28578.0, 169765.0).
point(4, 9366.0, 124843.0).
point(5, 54240.0, -63925.0).
point(6, -208410.0, 279781.0).
point(7, 124090.0, -44686.0).
point(8, -121949.0, 126287.0).
point(9, -48322.0, 41687.0).
point(10, 129537.0, 235019.0).
point(11, 131659.0, -391886.0).
point(12, 77411.0, -57890.0).
point(13, 164782.0, -460950.0).
point(14, 226105.0, -128205.0).
point(15, 498363.0, 249702.0).
point(16, 295315.0, -100806.0).
point(17, 277985.0, 17546.0).
point(18, -289559.0, -66161.0).
point(19, 73147.0, -2013.0).
point(20, -218018.0, 75158.0).
point(21, -69711.0, -59983.0).
point(22, 280873.0, 200756.0).
point(23, -83193.0, -308494.0).
point(24, 158742.0, -50590.0).
point(25, 165018.0, -230624.0).
point(26, -221751.0, -169645.0).
point(27, 8017.0, -107452.0).
point(28, -171960.0, -153116.0).
point(29, 250221.0, 38908.0).
cost(1, 2, 85682).
cost(1, 3, 172725).
cost(1, 4, 138875).
cost(1, 5, 237740).
cost(1, 6, 205556).
cost(1, 7, 284413).
cost(1, 8, 34778).
cost(1, 9, 91956).
cost(1, 10, 292547).
cost(1, 11, 547698).
cost(1, 12, 252081).
cost(1, 13, 624236).
cost(1, 14, 414699).
cost(1, 15, 643557).
cost(1, 16, 462747).
cost(1, 17, 410235).
cost(1, 18, 227671).
cost(1, 19, 219633).
cost(1, 20, 93989).
cost(1, 21, 161606).
cost(1, 22, 420749).
cost(1, 23, 402413).
cost(1, 24, 317858).
cost(1, 25, 433917).
cost(1, 26, 278498).
cost(1, 27, 239756).
cost(1, 28, 249177).
cost(1, 29, 379404).
cost(2, 1, 85682).
cost(2, 3, 154130).
cost(2, 4, 144608).
cost(2, 5, 300802).
cost(2, 6, 131849).
cost(2, 7, 333972).
cost(2, 8, 51199).
cost(2, 9, 156032).
cost(2, 10, 261338).
cost(2, 11, 624592).
cost(2, 12, 310590).
cost(2, 13, 701170).
cost(2, 14, 465734).
cost(2, 15, 627907).
cost(2, 16, 504335).
cost(2, 17, 433860).
cost(2, 18, 293715).
cost(2, 19, 267555).
cost(2, 20, 137958).
cost(2, 21, 243792).
cost(2, 22, 406909).
cost(2, 23, 487693).
cost(2, 24, 364257).
cost(2, 25, 500782).
cost(2, 26, 360154).
cost(2, 27, 314508).
cost(2, 28, 333757).
cost(2, 29, 400295).
cost(3, 1, 172725).
cost(3, 2, 154130).
cost(3, 4, 48858).
cost(3, 5, 235095).
cost(3, 6, 261279).
cost(3, 7, 234759).
cost(3, 8, 156680).
cost(3, 9, 149391).
cost(3, 10, 120211).
cost(3, 11, 571032).
cost(3, 12, 232834).
cost(3, 13, 645254).
cost(3, 14, 357496).
cost(3, 15, 476537).
cost(3, 16, 379944).
cost(3, 17, 292189).
cost(3, 18, 396071).
cost(3, 19, 177466).
cost(3, 20, 264121).
cost(3, 21, 249890).
cost(3, 22, 254191).
cost(3, 23, 491146).
cost(3, 24, 255928).
cost(3, 25, 422998).
cost(3, 26, 421739).
cost(3, 27, 277978).
cost(3, 28, 380089).
cost(3, 29, 257389).
cost(4, 1, 138875).
cost(4, 2, 144608).
cost(4, 3, 48858).
cost(4, 5, 194028).
cost(4, 6, 267268).
cost(4, 7, 204699).
cost(4, 8, 131323).
cost(4, 9, 101207).
cost(4, 10, 163033).
cost(4, 11, 531003).
cost(4, 12, 194991).
cost(4, 13, 606059).
cost(4, 14, 333180).
cost(4, 15, 504686).
cost(4, 16, 364259).
cost(4, 17, 289256).
cost(4, 18, 354737).
cost(4, 19, 141988).
cost(4, 20, 232749).
cost(4, 21, 201032).
cost(4, 22, 281920).
cost(4, 23, 443112).
cost(4, 24, 230413).
cost(4, 25, 388052).
cost(4, 26, 374350).
cost(4, 27, 232299).
cost(4, 28, 331874).
cost(4, 29, 255726).
cost(5, 1, 237740).
cost(5, 2, 300802).
cost(5, 3, 235095).
cost(5, 4, 194028).
cost(5, 6, 432572).
cost(5, 7, 72451).
cost(5, 8, 259274).
cost(5, 9, 147217).
cost(5, 10, 308281).
cost(5, 11, 336975).
cost(5, 12, 23944).
cost(5, 13, 412127).
cost(5, 14, 183492).
cost(5, 15, 543698).
cost(5, 16, 243880).
cost(5, 17, 238116).
cost(5, 18, 343806).
cost(5, 19, 64735).
cost(5, 20, 305726).
cost(5, 21, 124014).
cost(5, 22, 348452).
cost(5, 23, 280538).
cost(5, 24, 105349).
cost(5, 25, 200151).
cost(5, 26, 295547).
cost(5, 27, 63491).
cost(5, 28, 243149).
cost(5, 29, 221321).
cost(6, 1, 205556).
cost(6, 2, 131849).
cost(6, 3, 261279).
cost(6, 4, 267268).
cost(6, 5, 432572).
cost(6, 7, 464581).
cost(6, 8, 176170).
cost(6, 9, 286909).
cost(6, 10, 340899).
cost(6, 11, 752850).
cost(6, 12, 442397).
cost(6, 13, 829430).
cost(6, 14, 596033).
cost(6, 15, 707413).
cost(6, 16, 631336).
cost(6, 17, 552582).
cost(6, 18, 355332).
cost(6, 19, 398349).
cost(6, 20, 204848).
cost(6, 21, 366984).
cost(6, 22, 495624).
cost(6, 23, 601454).
cost(6, 24, 493908).
cost(6, 25, 632425).
cost(6, 26, 449624).
cost(6, 27, 443610).
cost(6, 28, 434429).
cost(6, 29, 518037).
cost(7, 1, 284413).
cost(7, 2, 333972).
cost(7, 3, 234759).
cost(7, 4, 204699).
cost(7, 5, 72451).
cost(7, 6, 464581).
cost(7, 8, 299611).
cost(7, 9, 192837).
cost(7, 10, 279758).
cost(7, 11, 347282).
cost(7, 12, 48511).
cost(7, 13, 418248).
cost(7, 14, 131843).
cost(7, 15, 476177).
cost(7, 16, 180187).
cost(7, 17, 166001).
cost(7, 18, 414206).
cost(7, 19, 66454).
cost(7, 20, 362492).
cost(7, 21, 194404).
cost(7, 22, 291243).
cost(7, 23, 335501).
cost(7, 24, 35151).
cost(7, 25, 190389).
cost(7, 26, 367724).
cost(7, 27, 131956).
cost(7, 28, 315282).
cost(7, 29, 151318).
cost(8, 1, 34778).
cost(8, 2, 51199).
cost(8, 3, 156680).
cost(8, 4, 131323).
cost(8, 5, 259274).
cost(8, 6, 176170).
cost(8, 7, 299611).
cost(8, 9, 112152).
cost(8, 10, 273985).
cost(8, 11, 576906).
cost(8, 12, 271414).
cost(8, 13, 653500).
cost(8, 14, 431170).
cost(8, 15, 632470).
cost(8, 16, 475058).
cost(8, 17, 414454).
cost(8, 18, 255205).
cost(8, 19, 233502).
cost(8, 20, 108828).
cost(8, 21, 193456).
cost(8, 22, 409648).
cost(8, 23, 436505).
cost(8, 24, 331772).
cost(8, 25, 457969).
cost(8, 26, 312308).
cost(8, 27, 267442).
cost(8, 28, 283844).
cost(8, 29, 382290).
cost(9, 1, 91956).
cost(9, 2, 156032).
cost(9, 3, 149391).
cost(9, 4, 101207).
cost(9, 5, 147217).
cost(9, 6, 286909).
cost(9, 7, 192837).
cost(9, 8, 112152).
cost(9, 10, 262700).
cost(9, 11, 469445).
cost(9, 12, 160388).
cost(9, 13, 545946).
cost(9, 14, 322759).
cost(9, 15, 584923).
cost(9, 16, 372009).
cost(9, 17, 327199).
cost(9, 18, 264247).
cost(9, 19, 129091).
cost(9, 20, 172965).
cost(9, 21, 103896).
cost(9, 22, 365612).
cost(9, 23, 351913).
cost(9, 24, 226695).
cost(9, 25, 345930).
cost(9, 26, 273384).
cost(9, 27, 159426).
cost(9, 28, 230726).
cost(9, 29, 298556).
cost(10, 1, 292547).
cost(10, 2, 261338).
cost(10, 3, 120211).
cost(10, 4, 163033).
cost(10, 5, 308281).
cost(10, 6, 340899).
cost(10, 7, 279758).
cost(10, 8, 273985).
cost(10, 9, 262700).
cost(10, 11, 626909).
cost(10, 12, 297511).
cost(10, 13, 696861).
cost(10, 14, 375842).
cost(10, 15, 369118).
cost(10, 16, 374514).
cost(10, 17, 263308).
cost(10, 18, 516092).
cost(10, 19, 243647).
cost(10, 20, 382557).
cost(10, 21, 355986).
cost(10, 22, 155166).
cost(10, 23, 583661).
cost(10, 24, 287098).
cost(10, 25, 466993).
cost(10, 26, 535870).
cost(10, 27, 363392).
cost(10, 28, 491477).
cost(10, 29, 230270).
cost(11, 1, 547698).
cost(11, 2, 624592).
cost(11, 3, 571032).
cost(11, 4, 531003).
cost(11, 5, 336975).
cost(11, 6, 752850).
cost(11, 7, 347282).
cost(11, 8, 576906).
cost(11, 9, 469445).
cost(11, 10, 626909).
cost(11, 12, 338373).
cost(11, 13, 76596).
cost(11, 14, 280085).
cost(11, 15, 738991).
cost(11, 16, 333932).
cost(11, 17, 434794).
cost(11, 18, 532467).
cost(11, 19, 394239).
cost(11, 20, 583442).
cost(11, 21, 388213).
cost(11, 22, 611138).
cost(11, 23, 230468).
cost(11, 24, 342369).
cost(11, 25, 164676).
cost(11, 26, 417480).
cost(11, 27, 310145).
cost(11, 28, 386258).
cost(11, 29, 446811).
cost(12, 1, 252081).
cost(12, 2, 310590).
cost(12, 3, 232834).
cost(12, 4, 194991).
cost(12, 5, 23944).
cost(12, 6, 442397).
cost(12, 7, 48511).
cost(12, 8, 271414).
cost(12, 9, 160388).
cost(12, 10, 297511).
cost(12, 11, 338373).
cost(12, 13, 412421).
cost(12, 14, 164481).
cost(12, 15, 521357).
cost(12, 16, 222090).
cost(12, 17, 214291).
cost(12, 18, 367063).
cost(12, 19, 56039).
cost(12, 20, 324006).
cost(12, 21, 147137).
cost(12, 22, 329081).
cost(12, 23, 297651).
cost(12, 24, 81658).
cost(12, 25, 193680).
cost(12, 26, 319354).
cost(12, 27, 85276).
cost(12, 28, 266934).
cost(12, 29, 198074).
cost(13, 1, 624236).
cost(13, 2, 701170).
cost(13, 3, 645254).
cost(13, 4, 606059).
cost(13, 5, 412127).
cost(13, 6, 829430).
cost(13, 7, 418248).
cost(13, 8, 653500).
cost(13, 9, 545946).
cost(13, 10, 696861).
cost(13, 11, 76596).
cost(13, 12, 412421).
cost(13, 14, 338349).
cost(13, 15, 785049).
cost(13, 16, 383070).
cost(13, 17, 491705).
cost(13, 18, 601900).
cost(13, 19, 467996).
cost(13, 20, 658747).
cost(13, 21, 464501).
cost(13, 22, 671812).
cost(13, 23, 291092).
cost(13, 24, 410404).
cost(13, 25, 230326).
cost(13, 26, 484011).
cost(13, 27, 386699).
cost(13, 28, 456242).
cost(13, 29, 507107).
cost(14, 1, 414699).
cost(14, 2, 465734).
cost(14, 3, 357496).
cost(14, 4, 333180).
cost(14, 5, 183492).
cost(14, 6, 596033).
cost(14, 7, 131843).
cost(14, 8, 431170).
cost(14, 9, 322759).
cost(14, 10, 375842).
cost(14, 11, 280085).
cost(14, 12, 164481).
cost(14, 13, 338349).
cost(14, 15, 465766).
cost(14, 16, 74436).
cost(14, 17, 154709).
cost(14, 18, 519383).
cost(14, 19, 198294).
cost(14, 20, 488469).
cost(14, 21, 303581).
cost(14, 22, 333489).
cost(14, 23, 358008).
cost(14, 24, 102771).
cost(14, 25, 119253).
cost(14, 26, 449769).
cost(14, 27, 219073).
cost(14, 28, 398844).
cost(14, 29, 168844).
cost(15, 1, 643557).
cost(15, 2, 627907).
cost(15, 3, 476537).
cost(15, 4, 504686).
cost(15, 5, 543698).
cost(15, 6, 707413).
cost(15, 7, 476177).
cost(15, 8, 632470).
cost(15, 9, 584923).
cost(15, 10, 369118).
cost(15, 11, 738991).
cost(15, 12, 521357).
cost(15, 13, 785049).
cost(15, 14, 465766).
cost(15, 16, 405073).
cost(15, 17, 320098).
cost(15, 18, 848876).
cost(15, 19, 494135).
cost(15, 20, 737338).
cost(15, 21, 647003).
cost(15, 22, 222930).
cost(15, 23, 806096).
cost(15, 24, 453341).
cost(15, 25, 584664).
cost(15, 26, 833316).
cost(15, 27, 606629).
cost(15, 28, 782046).
cost(15, 29, 325590).
cost(16, 1, 462747).
cost(16, 2, 504335).
cost(16, 3, 379944).
cost(16, 4, 364259).
cost(16, 5, 243880).
cost(16, 6, 631336).
cost(16, 7, 180187).
cost(16, 8, 475058).
cost(16, 9, 372009).
cost(16, 10, 374514).
cost(16, 11, 333932).
cost(16, 12, 222090).
cost(16, 13, 383070).
cost(16, 14, 74436).
cost(16, 15, 405073).
cost(16, 17, 119614).
cost(16, 18, 585899).
cost(16, 19, 243143).
cost(16, 20, 542655).
cost(16, 21, 367302).
cost(16, 22, 301908).
cost(16, 23, 431744).
cost(16, 24, 145512).
cost(16, 25, 183929).
cost(16, 26, 521628).
cost(16, 27, 287375).
cost(16, 28, 470194).
cost(16, 29, 146811).
cost(17, 1, 410235).
cost(17, 2, 433860).
cost(17, 3, 292189).
cost(17, 4, 289256).
cost(17, 5, 238116).
cost(17, 6, 552582).
cost(17, 7, 166001).
cost(17, 8, 414454).
cost(17, 9, 327199).
cost(17, 10, 263308).
cost(17, 11, 434794).
cost(17, 12, 214291).
cost(17, 13, 491705).
cost(17, 14, 154709).
cost(17, 15, 320098).
cost(17, 16, 119614).
cost(17, 18, 573684).
cost(17, 19, 205770).
cost(17, 20, 499338).
cost(17, 21, 356235).
cost(17, 22, 183233).
cost(17, 23, 486571).
cost(17, 24, 137337).
cost(17, 25, 272672).
cost(17, 26, 533645).
cost(17, 27, 297502).
cost(17, 28, 481223).
cost(17, 29, 35031).
cost(18, 1, 227671).
cost(18, 2, 293715).
cost(18, 3, 396071).
cost(18, 4, 354737).
cost(18, 5, 343806).
cost(18, 6, 355332).
cost(18, 7, 414206).
cost(18, 8, 255205).
cost(18, 9, 264247).
cost(18, 10, 516092).
cost(18, 11, 532467).
cost(18, 12, 367063).
cost(18, 13, 601900).
cost(18, 14, 519383).
cost(18, 15, 848876).
cost(18, 16, 585899).
cost(18, 17, 573684).
cost(18, 19, 368335).
cost(18, 20, 158396).
cost(18, 21, 219935).
cost(18, 22, 629792).
cost(18, 23, 318296).
cost(18, 24, 448571).
cost(18, 25, 483413).
cost(18, 26, 123721).
cost(18, 27, 300427).
cost(18, 28, 146256).
cost(18, 29, 549911).
cost(19, 1, 219633).
cost(19, 2, 267555).
cost(19, 3, 177466).
cost(19, 4, 141988).
cost(19, 5, 64735).
cost(19, 6, 398349).
cost(19, 7, 66454).
cost(19, 8, 233502).
cost(19, 9, 129091).
cost(19, 10, 243647).
cost(19, 11, 394239).
cost(19, 12, 56039).
cost(19, 13, 467996).
cost(19, 14, 198294).
cost(19, 15, 494135).
cost(19, 16, 243143).
cost(19, 17, 205770).
cost(19, 18, 368335).
cost(19, 20, 301218).
cost(19, 21, 154172).
cost(19, 22, 290285).
cost(19, 23, 344053).
cost(19, 24, 98419).
cost(19, 25, 246380).
cost(19, 26, 339213).
cost(19, 27, 123933).
cost(19, 28, 287940).
cost(19, 29, 181741).
cost(20, 1, 93989).
cost(20, 2, 137958).
cost(20, 3, 264121).
cost(20, 4, 232749).
cost(20, 5, 305726).
cost(20, 6, 204848).
cost(20, 7, 362492).
cost(20, 8, 108828).
cost(20, 9, 172965).
cost(20, 10, 382557).
cost(20, 11, 583442).
cost(20, 12, 324006).
cost(20, 13, 658747).
cost(20, 14, 488469).
cost(20, 15, 737338).
cost(20, 16, 542655).
cost(20, 17, 499338).
cost(20, 18, 158396).
cost(20, 19, 301218).
cost(20, 21, 200644).
cost(20, 22, 514458).
cost(20, 23, 406653).
cost(20, 24, 397191).
cost(20, 25, 490122).
cost(20, 26, 244831).
cost(20, 27, 290583).
cost(20, 28, 232874).
cost(20, 29, 469640).
cost(21, 1, 161606).
cost(21, 2, 243792).
cost(21, 3, 249890).
cost(21, 4, 201032).
cost(21, 5, 124014).
cost(21, 6, 366984).
cost(21, 7, 194404).
cost(21, 8, 193456).
cost(21, 9, 103896).
cost(21, 10, 355986).
cost(21, 11, 388213).
cost(21, 12, 147137).
cost(21, 13, 464501).
cost(21, 14, 303581).
cost(21, 15, 647003).
cost(21, 16, 367302).
cost(21, 17, 356235).
cost(21, 18, 219935).
cost(21, 19, 154172).
cost(21, 20, 200644).
cost(21, 22, 436914).
cost(21, 23, 248876).
cost(21, 24, 228646).
cost(21, 25, 290200).
cost(21, 26, 187462).
cost(21, 27, 91077).
cost(21, 28, 138306).
cost(21, 29, 334867).
cost(22, 1, 420749).
cost(22, 2, 406909).
cost(22, 3, 254191).
cost(22, 4, 281920).
cost(22, 5, 348452).
cost(22, 6, 495624).
cost(22, 7, 291243).
cost(22, 8, 409648).
cost(22, 9, 365612).
cost(22, 10, 155166).
cost(22, 11, 611138).
cost(22, 12, 329081).
cost(22, 13, 671812).
cost(22, 14, 333489).
cost(22, 15, 222930).
cost(22, 16, 301908).
cost(22, 17, 183233).
cost(22, 18, 629792).
cost(22, 19, 290285).
cost(22, 20, 514458).
cost(22, 21, 436914).
cost(22, 23, 626003).
cost(22, 24, 279447).
cost(22, 25, 446667).
cost(22, 26, 624362).
cost(22, 27, 411634).
cost(22, 28, 574703).
cost(22, 29, 164725).
cost(23, 1, 402413).
cost(23, 2, 487693).
cost(23, 3, 491146).
cost(23, 4, 443112).
cost(23, 5, 280538).
cost(23, 6, 601454).
cost(23, 7, 335501).
cost(23, 8, 436505).
cost(23, 9, 351913).
cost(23, 10, 583661).
cost(23, 11, 230468).
cost(23, 12, 297651).
cost(23, 13, 291092).
cost(23, 14, 358008).
cost(23, 15, 806096).
cost(23, 16, 431744).
cost(23, 17, 486571).
cost(23, 18, 318296).
cost(23, 19, 344053).
cost(23, 20, 406653).
cost(23, 21, 248876).
cost(23, 22, 626003).
cost(23, 24, 353620).
cost(23, 25, 260139).
cost(23, 26, 196156).
cost(23, 27, 220765).
cost(23, 28, 178947).
cost(23, 29, 481511).
cost(24, 1, 317858).
cost(24, 2, 364257).
cost(24, 3, 255928).
cost(24, 4, 230413).
cost(24, 5, 105349).
cost(24, 6, 493908).
cost(24, 7, 35151).
cost(24, 8, 331772).
cost(24, 9, 226695).
cost(24, 10, 287098).
cost(24, 11, 342369).
cost(24, 12, 81658).
cost(24, 13, 410404).
cost(24, 14, 102771).
cost(24, 15, 453341).
cost(24, 16, 145512).
cost(24, 17, 137337).
cost(24, 18, 448571).
cost(24, 19, 98419).
cost(24, 20, 397191).
cost(24, 21, 228646).
cost(24, 22, 279447).
cost(24, 23, 353620).
cost(24, 25, 180143).
cost(24, 26, 398684).
cost(24, 27, 161094).
cost(24, 28, 346230).
cost(24, 29, 127978).
cost(25, 1, 433917).
cost(25, 2, 500782).
cost(25, 3, 422998).
cost(25, 4, 388052).
cost(25, 5, 200151).
cost(25, 6, 632425).
cost(25, 7, 190389).
cost(25, 8, 457969).
cost(25, 9, 345930).
cost(25, 10, 466993).
cost(25, 11, 164676).
cost(25, 12, 193680).
cost(25, 13, 230326).
cost(25, 14, 119253).
cost(25, 15, 584664).
cost(25, 16, 183929).
cost(25, 17, 272672).
cost(25, 18, 483413).
cost(25, 19, 246380).
cost(25, 20, 490122).
cost(25, 21, 290200).
cost(25, 22, 446667).
cost(25, 23, 260139).
cost(25, 24, 180143).
cost(25, 26, 391547).
cost(25, 27, 199551).
cost(25, 28, 345777).
cost(25, 29, 282678).
cost(26, 1, 278498).
cost(26, 2, 360154).
cost(26, 3, 421739).
cost(26, 4, 374350).
cost(26, 5, 295547).
cost(26, 6, 449624).
cost(26, 7, 367724).
cost(26, 8, 312308).
cost(26, 9, 273384).
cost(26, 10, 535870).
cost(26, 11, 417480).
cost(26, 12, 319354).
cost(26, 13, 484011).
cost(26, 14, 449769).
cost(26, 15, 833316).
cost(26, 16, 521628).
cost(26, 17, 533645).
cost(26, 18, 123721).
cost(26, 19, 339213).
cost(26, 20, 244831).
cost(26, 21, 187462).
cost(26, 22, 624362).
cost(26, 23, 196156).
cost(26, 24, 398684).
cost(26, 25, 391547).
cost(26, 27, 238036).
cost(26, 28, 52463).
cost(26, 29, 515996).
cost(27, 1, 239756).
cost(27, 2, 314508).
cost(27, 3, 277978).
cost(27, 4, 232299).
cost(27, 5, 63491).
cost(27, 6, 443610).
cost(27, 7, 131956).
cost(27, 8, 267442).
cost(27, 9, 159426).
cost(27, 10, 363392).
cost(27, 11, 310145).
cost(27, 12, 85276).
cost(27, 13, 386699).
cost(27, 14, 219073).
cost(27, 15, 606629).
cost(27, 16, 287375).
cost(27, 17, 297502).
cost(27, 18, 300427).
cost(27, 19, 123933).
cost(27, 20, 290583).
cost(27, 21, 91077).
cost(27, 22, 411634).
cost(27, 23, 220765).
cost(27, 24, 161094).
cost(27, 25, 199551).
cost(27, 26, 238036).
cost(27, 28, 185680).
cost(27, 29, 282991).
cost(28, 1, 249177).
cost(28, 2, 333757).
cost(28, 3, 380089).
cost(28, 4, 331874).
cost(28, 5, 243149).
cost(28, 6, 434429).
cost(28, 7, 315282).
cost(28, 8, 283844).
cost(28, 9, 230726).
cost(28, 10, 491477).
cost(28, 11, 386258).
cost(28, 12, 266934).
cost(28, 13, 456242).
cost(28, 14, 398844).
cost(28, 15, 782046).
cost(28, 16, 470194).
cost(28, 17, 481223).
cost(28, 18, 146256).
cost(28, 19, 287940).
cost(28, 20, 232874).
cost(28, 21, 138306).
cost(28, 22, 574703).
cost(28, 23, 178947).
cost(28, 24, 346230).
cost(28, 25, 345777).
cost(28, 26, 52463).
cost(28, 27, 185680).
cost(28, 29, 463800).
cost(29, 1, 379404).
cost(29, 2, 400295).
cost(29, 3, 257389).
cost(29, 4, 255726).
cost(29, 5, 221321).
cost(29, 6, 518037).
cost(29, 7, 151318).
cost(29, 8, 382290).
cost(29, 9, 298556).
cost(29, 10, 230270).
cost(29, 11, 446811).
cost(29, 12, 198074).
cost(29, 13, 507107).
cost(29, 14, 168844).
cost(29, 15, 325590).
cost(29, 16, 146811).
cost(29, 17, 35031).
cost(29, 18, 549911).
cost(29, 19, 181741).
cost(29, 20, 469640).
cost(29, 21, 334867).
cost(29, 22, 164725).
cost(29, 23, 481511).
cost(29, 24, 127978).
cost(29, 25, 282678).
cost(29, 26, 515996).
cost(29, 27, 282991).
cost(29, 28, 463800).
