dimension(29).
point(1, -172358.0, 223560.0).
point(2, 224363.0, 91227.0).
point(3, -148817.0, 43255.0).
point(4, 597640.0, -41912.0).
point(5, -59430.0, 54401.0).
point(6, -65308.0, 222803.0).
point(7, 22184.0, 127217.0).
point(8, 125920.0, -51052.0).
point(9, 69266.0, 206604.0).
point(10, 21791.0, 209624.0).
point(11, -105625.0, -356719.0).
point(12, 149311.0, -278329.0).
point(13, -137628.0, -95778.0).
point(14, 152142.0, 217200.0).
point(15, -171488.0, -9212.0).
point(16, -11764.0, 95134.0).
point(17, 34532.0, 268767.0).
point(18, 80296.0, -401706.0).
point(19, 249039.0, -14157.0).
point(20, -29735.0, -7953.0).
point(21, 64269.0, -3201.0).
point(22, -30515.0, -12808.0).
point(23, -33335.0, 312499.0).
point(24, -75011.0, -210043.0).
point(25, -6975.0, 155670.0).
point(26, -284500.0, -266105.0).
point(27, -186367.0, -35635.0).
point(28, -227020.0, 101183.0).
point(29, -61639.0, -159428.0).
cost(1, 2, 418210).
cost(1, 3, 181835).
cost(1, 4, 814477).
cost(1, 5, 203390).
cost(1, 6, 107053).
cost(1, 7, 217091).
cost(1, 8, 405440).
cost(1, 9, 242218).
cost(1, 10, 194649).
cost(1, 11, 584104).
cost(1, 12, 596124).
cost(1, 13, 321221).
cost(1, 14, 324562).
cost(1, 15, 232774).
cost(1, 16, 205630).
cost(1, 17, 211771).
cost(1, 18, 674382).
cost(1, 19, 483823).
cost(1, 20, 271918).
cost(1, 21, 327739).
cost(1, 22, 275662).
cost(1, 23, 165038).
cost(1, 24, 444396).
cost(1, 25, 178775).
cost(1, 26, 502342).
cost(1, 27, 259573).
cost(1, 28, 134030).
cost(1, 29, 398671).
cost(2, 1, 418210).
cost(2, 3, 376251).
cost(2, 4, 396310).
cost(2, 5, 286172).
cost(2, 6, 318153).
cost(2, 7, 205357).
cost(2, 8, 173015).
cost(2, 9, 193305).
cost(2, 10, 234634).
cost(2, 11, 556370).
cost(2, 12, 377100).
cost(2, 13, 407441).
cost(2, 14, 145207).
cost(2, 15, 408394).
cost(2, 16, 236159).
cost(2, 17, 259916).
cost(2, 18, 513555).
cost(2, 19, 108234).
cost(2, 20, 272768).
cost(2, 21, 185868).
cost(2, 22, 275293).
cost(2, 23, 339661).
cost(2, 24, 424722).
cost(2, 25, 240146).
cost(2, 26, 621794).
cost(2, 27, 429876).
cost(2, 28, 451493).
cost(2, 29, 380296).
cost(3, 1, 181835).
cost(3, 2, 376251).
cost(3, 4, 751300).
cost(3, 5, 90079).
cost(3, 6, 198018).
cost(3, 7, 190502).
cost(3, 8, 290472).
cost(3, 9, 272476).
cost(3, 10, 238298).
cost(3, 11, 402299).
cost(3, 12, 438516).
cost(3, 13, 139483).
cost(3, 14, 347611).
cost(3, 15, 57156).
cost(3, 16, 146543).
cost(3, 17, 290642).
cost(3, 18, 500483).
cost(3, 19, 401977).
cost(3, 20, 129626).
cost(3, 21, 218091).
cost(3, 22, 130914).
cost(3, 23, 292965).
cost(3, 24, 263832).
cost(3, 25, 180987).
cost(3, 26, 337807).
cost(3, 27, 87371).
cost(3, 28, 97321).
cost(3, 29, 220636).
cost(4, 1, 814477).
cost(4, 2, 396310).
cost(4, 3, 751300).
cost(4, 5, 664091).
cost(4, 6, 713845).
cost(4, 7, 599795).
cost(4, 8, 471809).
cost(4, 9, 583900).
cost(4, 10, 628389).
cost(4, 11, 770510).
cost(4, 12, 506845).
cost(4, 13, 737238).
cost(4, 14, 515371).
cost(4, 15, 769823).
cost(4, 16, 624624).
cost(4, 17, 643127).
cost(4, 18, 630156).
cost(4, 19, 349704).
cost(4, 20, 628293).
cost(4, 21, 534774).
cost(4, 22, 628829).
cost(4, 23, 723696).
cost(4, 24, 693345).
cost(4, 25, 636080).
cost(4, 26, 910183).
cost(4, 27, 784032).
cost(4, 28, 836983).
cost(4, 29, 669671).
cost(5, 1, 203390).
cost(5, 2, 286172).
cost(5, 3, 90079).
cost(5, 4, 664091).
cost(5, 6, 168505).
cost(5, 7, 109376).
cost(5, 8, 213249).
cost(5, 9, 199320).
cost(5, 10, 175189).
cost(5, 11, 413707).
cost(5, 12, 392788).
cost(5, 13, 169318).
cost(5, 14, 266957).
cost(5, 15, 128855).
cost(5, 16, 62699).
cost(5, 17, 234055).
cost(5, 18, 477029).
cost(5, 19, 315996).
cost(5, 20, 69064).
cost(5, 21, 136453).
cost(5, 22, 73165).
cost(5, 23, 259414).
cost(5, 24, 264903).
cost(5, 25, 114048).
cost(5, 26, 391638).
cost(5, 27, 155626).
cost(5, 28, 173997).
cost(5, 29, 213840).
cost(6, 1, 107053).
cost(6, 2, 318153).
cost(6, 3, 198018).
cost(6, 4, 713845).
cost(6, 5, 168505).
cost(6, 7, 129582).
cost(6, 8, 334013).
cost(6, 9, 135545).
cost(6, 10, 88090).
cost(6, 11, 580923).
cost(6, 12, 545156).
cost(6, 13, 326686).
cost(6, 14, 217522).
cost(6, 15, 255157).
cost(6, 16, 138443).
cost(6, 17, 109912).
cost(6, 18, 641258).
cost(6, 19, 393655).
cost(6, 20, 233482).
cost(6, 21, 260515).
cost(6, 22, 238166).
cost(6, 23, 95224).
cost(6, 24, 432955).
cost(6, 25, 88936).
cost(6, 26, 535795).
cost(6, 27, 285387).
cost(6, 28, 202342).
cost(6, 29, 382249).
cost(7, 1, 217091).
cost(7, 2, 205357).
cost(7, 3, 190502).
cost(7, 4, 599795).
cost(7, 5, 109376).
cost(7, 6, 129582).
cost(7, 8, 206255).
cost(7, 9, 92298).
cost(7, 10, 82408).
cost(7, 11, 500529).
cost(7, 12, 425005).
cost(7, 13, 274348).
cost(7, 14, 158070).
cost(7, 15, 236900).
cost(7, 16, 46710).
cost(7, 17, 142088).
cost(7, 18, 532106).
cost(7, 19, 267301).
cost(7, 20, 144798).
cost(7, 21, 137040).
cost(7, 22, 149613).
cost(7, 23, 193421).
cost(7, 24, 350986).
cost(7, 25, 40741).
cost(7, 26, 498756).
cost(7, 27, 264602).
cost(7, 28, 250560).
cost(7, 29, 298650).
cost(8, 1, 405440).
cost(8, 2, 173015).
cost(8, 3, 290472).
cost(8, 4, 471809).
cost(8, 5, 213249).
cost(8, 6, 334013).
cost(8, 7, 206255).
cost(8, 9, 263811).
cost(8, 10, 280704).
cost(8, 11, 383465).
cost(8, 12, 228478).
cost(8, 13, 267316).
cost(8, 14, 269531).
cost(8, 15, 300337).
cost(8, 16, 200816).
cost(8, 17, 332620).
cost(8, 18, 353610).
cost(8, 19, 128528).
cost(8, 20, 161512).
cost(8, 21, 78042).
cost(8, 22, 161042).
cost(8, 23, 396902).
cost(8, 24, 256225).
cost(8, 25, 245754).
cost(8, 26, 463349).
cost(8, 27, 312667).
cost(8, 28, 384372).
cost(8, 29, 216619).
cost(9, 1, 242218).
cost(9, 2, 193305).
cost(9, 3, 272476).
cost(9, 4, 583900).
cost(9, 5, 199320).
cost(9, 6, 135545).
cost(9, 7, 92298).
cost(9, 8, 263811).
cost(9, 10, 47571).
cost(9, 11, 589847).
cost(9, 12, 491495).
cost(9, 13, 366388).
cost(9, 14, 83551).
cost(9, 15, 323325).
cost(9, 16, 137809).
cost(9, 17, 71209).
cost(9, 18, 608410).
cost(9, 19, 284699).
cost(9, 20, 236296).
cost(9, 21, 209864).
cost(9, 22, 241035).
cost(9, 23, 147447).
cost(9, 24, 440920).
cost(9, 25, 91689).
cost(9, 26, 590427).
cost(9, 27, 352176).
cost(9, 28, 314482).
cost(9, 29, 388736).
cost(10, 1, 194649).
cost(10, 2, 234634).
cost(10, 3, 238298).
cost(10, 4, 628389).
cost(10, 5, 175189).
cost(10, 6, 88090).
cost(10, 7, 82408).
cost(10, 8, 280704).
cost(10, 9, 47571).
cost(10, 11, 580499).
cost(10, 12, 504341).
cost(10, 13, 344507).
cost(10, 14, 130571).
cost(10, 15, 291969).
cost(10, 16, 119306).
cost(10, 17, 60500).
cost(10, 18, 614123).
cost(10, 19, 318935).
cost(10, 20, 223595).
cost(10, 21, 217023).
cost(10, 22, 228499).
cost(10, 23, 116714).
cost(10, 24, 430687).
cost(10, 25, 61143).
cost(10, 26, 565802).
cost(10, 27, 321686).
cost(10, 28, 271415).
cost(10, 29, 378365).
cost(11, 1, 584104).
cost(11, 2, 556370).
cost(11, 3, 402299).
cost(11, 4, 770510).
cost(11, 5, 413707).
cost(11, 6, 580923).
cost(11, 7, 500529).
cost(11, 8, 383465).
cost(11, 9, 589847).
cost(11, 10, 580499).
cost(11, 12, 266716).
cost(11, 13, 262896).
cost(11, 14, 629148).
cost(11, 15, 353693).
cost(11, 16, 461499).
cost(11, 17, 640997).
cost(11, 18, 191286).
cost(11, 19, 493087).
cost(11, 20, 356927).
cost(11, 21, 392223).
cost(11, 22, 352017).
cost(11, 23, 673111).
cost(11, 24, 149837).
cost(11, 25, 521799).
cost(11, 26, 200517).
cost(11, 27, 331080).
cost(11, 28, 473720).
cost(11, 29, 202135).
cost(12, 1, 596124).
cost(12, 2, 377100).
cost(12, 3, 438516).
cost(12, 4, 506845).
cost(12, 5, 392788).
cost(12, 6, 545156).
cost(12, 7, 425005).
cost(12, 8, 228478).
cost(12, 9, 491495).
cost(12, 10, 504341).
cost(12, 11, 266716).
cost(12, 13, 340087).
cost(12, 14, 495537).
cost(12, 15, 418731).
cost(12, 16, 406718).
cost(12, 17, 559006).
cost(12, 18, 141368).
cost(12, 19, 282369).
cost(12, 20, 324285).
cost(12, 21, 287971).
cost(12, 22, 320685).
cost(12, 23, 618415).
cost(12, 24, 234485).
cost(12, 25, 461281).
cost(12, 26, 433983).
cost(12, 27, 414222).
cost(12, 28, 534466).
cost(12, 29, 242152).
cost(13, 1, 321221).
cost(13, 2, 407441).
cost(13, 3, 139483).
cost(13, 4, 737238).
cost(13, 5, 169318).
cost(13, 6, 326686).
cost(13, 7, 274348).
cost(13, 8, 267316).
cost(13, 9, 366388).
cost(13, 10, 344507).
cost(13, 11, 262896).
cost(13, 12, 340087).
cost(13, 14, 426523).
cost(13, 15, 92953).
cost(13, 16, 228668).
cost(13, 17, 403153).
cost(13, 18, 375610).
cost(13, 19, 395188).
cost(13, 20, 139119).
cost(13, 21, 222110).
cost(13, 22, 135489).
cost(13, 23, 421387).
cost(13, 24, 130297).
cost(13, 25, 283366).
cost(13, 26, 224906).
cost(13, 27, 77412).
cost(13, 28, 216297).
cost(13, 29, 99124).
cost(14, 1, 324562).
cost(14, 2, 145207).
cost(14, 3, 347611).
cost(14, 4, 515371).
cost(14, 5, 266957).
cost(14, 6, 217522).
cost(14, 7, 158070).
cost(14, 8, 269531).
cost(14, 9, 83551).
cost(14, 10, 130571).
cost(14, 11, 629148).
cost(14, 12, 495537).
cost(14, 13, 426523).
cost(14, 15, 394967).
cost(14, 16, 204366).
cost(14, 17, 128418).
cost(14, 18, 623062).
cost(14, 19, 250829).
cost(14, 20, 289436).
cost(14, 21, 237273).
cost(14, 22, 293713).
cost(14, 23, 208527).
cost(14, 24, 483875).
cost(14, 25, 170599).
cost(14, 26, 651337).
cost(14, 27, 422509).
cost(14, 28, 396515).
cost(14, 29, 433072).
cost(15, 1, 232774).
cost(15, 2, 408394).
cost(15, 3, 57156).
cost(15, 4, 769823).
cost(15, 5, 128855).
cost(15, 6, 255157).
cost(15, 7, 236900).
cost(15, 8, 300337).
cost(15, 9, 323325).
cost(15, 10, 291969).
cost(15, 11, 353693).
cost(15, 12, 418731).
cost(15, 13, 92953).
cost(15, 14, 394967).
cost(15, 16, 190787).
cost(15, 17, 346001).
cost(15, 18, 466312).
cost(15, 19, 420556).
cost(15, 20, 141759).
cost(15, 21, 235834).
cost(15, 22, 141019).
cost(15, 23, 350120).
cost(15, 24, 222802).
cost(15, 25, 232918).
cost(15, 26, 280652).
cost(15, 27, 30324).
cost(15, 28, 123575).
cost(15, 29, 186096).
cost(16, 1, 205630).
cost(16, 2, 236159).
cost(16, 3, 146543).
cost(16, 4, 624624).
cost(16, 5, 62699).
cost(16, 6, 138443).
cost(16, 7, 46710).
cost(16, 8, 200816).
cost(16, 9, 137809).
cost(16, 10, 119306).
cost(16, 11, 461499).
cost(16, 12, 406718).
cost(16, 13, 228668).
cost(16, 14, 204366).
cost(16, 15, 190787).
cost(16, 17, 179699).
cost(16, 18, 505297).
cost(16, 19, 282777).
cost(16, 20, 104642).
cost(16, 21, 124301).
cost(16, 22, 109559).
cost(16, 23, 218433).
cost(16, 24, 311662).
cost(16, 25, 60725).
cost(16, 26, 452635).
cost(16, 27, 218144).
cost(16, 28, 215341).
cost(16, 29, 259402).
cost(17, 1, 211771).
cost(17, 2, 259916).
cost(17, 3, 290642).
cost(17, 4, 643127).
cost(17, 5, 234055).
cost(17, 6, 109912).
cost(17, 7, 142088).
cost(17, 8, 332620).
cost(17, 9, 71209).
cost(17, 10, 60500).
cost(17, 11, 640997).
cost(17, 12, 559006).
cost(17, 13, 403153).
cost(17, 14, 128418).
cost(17, 15, 346001).
cost(17, 16, 179699).
cost(17, 18, 672033).
cost(17, 19, 355048).
cost(17, 20, 284085).
cost(17, 21, 273589).
cost(17, 22, 288991).
cost(17, 23, 80737).
cost(17, 24, 491181).
cost(17, 25, 120473).
cost(17, 26, 622792).
cost(17, 27, 376108).
cost(17, 28, 310635).
cost(17, 29, 438862).
cost(18, 1, 674382).
cost(18, 2, 513555).
cost(18, 3, 500483).
cost(18, 4, 630156).
cost(18, 5, 477029).
cost(18, 6, 641258).
cost(18, 7, 532106).
cost(18, 8, 353610).
cost(18, 9, 608410).
cost(18, 10, 614123).
cost(18, 11, 191286).
cost(18, 12, 141368).
cost(18, 13, 375610).
cost(18, 14, 623062).
cost(18, 15, 466312).
cost(18, 16, 505297).
cost(18, 17, 672033).
cost(18, 19, 422692).
cost(18, 20, 408838).
cost(18, 21, 398827).
cost(18, 22, 404377).
cost(18, 23, 723188).
cost(18, 24, 246688).
cost(18, 25, 564167).
cost(18, 26, 389183).
cost(18, 27, 452899).
cost(18, 28, 589356).
cost(18, 29, 280792).
cost(19, 1, 483823).
cost(19, 2, 108234).
cost(19, 3, 401977).
cost(19, 4, 349704).
cost(19, 5, 315996).
cost(19, 6, 393655).
cost(19, 7, 267301).
cost(19, 8, 128528).
cost(19, 9, 284699).
cost(19, 10, 318935).
cost(19, 11, 493087).
cost(19, 12, 282369).
cost(19, 13, 395188).
cost(19, 14, 250829).
cost(19, 15, 420556).
cost(19, 16, 282777).
cost(19, 17, 355048).
cost(19, 18, 422692).
cost(19, 20, 278843).
cost(19, 21, 185095).
cost(19, 22, 279557).
cost(19, 23, 431786).
cost(19, 24, 378655).
cost(19, 25, 307220).
cost(19, 26, 590035).
cost(19, 27, 435935).
cost(19, 28, 489832).
cost(19, 29, 342964).
cost(20, 1, 271918).
cost(20, 2, 272768).
cost(20, 3, 129626).
cost(20, 4, 628293).
cost(20, 5, 69064).
cost(20, 6, 233482).
cost(20, 7, 144798).
cost(20, 8, 161512).
cost(20, 9, 236296).
cost(20, 10, 223595).
cost(20, 11, 356927).
cost(20, 12, 324285).
cost(20, 13, 139119).
cost(20, 14, 289436).
cost(20, 15, 141759).
cost(20, 16, 104642).
cost(20, 17, 284085).
cost(20, 18, 408838).
cost(20, 19, 278843).
cost(20, 21, 94124).
cost(20, 22, 4917).
cost(20, 23, 320472).
cost(20, 24, 207100).
cost(20, 25, 165198).
cost(20, 26, 362695).
cost(20, 27, 159059).
cost(20, 28, 225460).
cost(20, 29, 154798).
cost(21, 1, 327739).
cost(21, 2, 185868).
cost(21, 3, 218091).
cost(21, 4, 534774).
cost(21, 5, 136453).
cost(21, 6, 260515).
cost(21, 7, 137040).
cost(21, 8, 78042).
cost(21, 9, 209864).
cost(21, 10, 217023).
cost(21, 11, 392223).
cost(21, 12, 287971).
cost(21, 13, 222110).
cost(21, 14, 237273).
cost(21, 15, 235834).
cost(21, 16, 124301).
cost(21, 17, 273589).
cost(21, 18, 398827).
cost(21, 19, 185095).
cost(21, 20, 94124).
cost(21, 22, 95270).
cost(21, 23, 330444).
cost(21, 24, 249364).
cost(21, 25, 174114).
cost(21, 26, 436759).
cost(21, 27, 252726).
cost(21, 28, 309427).
cost(21, 29, 200648).
cost(22, 1, 275662).
cost(22, 2, 275293).
cost(22, 3, 130914).
cost(22, 4, 628829).
cost(22, 5, 73165).
cost(22, 6, 238166).
cost(22, 7, 149613).
cost(22, 8, 161042).
cost(22, 9, 241035).
cost(22, 10, 228499).
cost(22, 11, 352017).
cost(22, 12, 320685).
cost(22, 13, 135489).
cost(22, 14, 293713).
cost(22, 15, 141019).
cost(22, 16, 109559).
cost(22, 17, 288991).
cost(22, 18, 404377).
cost(22, 19, 279557).
cost(22, 20, 4917).
cost(22, 21, 95270).
cost(22, 23, 325319).
cost(22, 24, 202192).
cost(22, 25, 170115).
cost(22, 26, 358703).
cost(22, 27, 157515).
cost(22, 28, 227174).
cost(22, 29, 149887).
cost(23, 1, 165038).
cost(23, 2, 339661).
cost(23, 3, 292965).
cost(23, 4, 723696).
cost(23, 5, 259414).
cost(23, 6, 95224).
cost(23, 7, 193421).
cost(23, 8, 396902).
cost(23, 9, 147447).
cost(23, 10, 116714).
cost(23, 11, 673111).
cost(23, 12, 618415).
cost(23, 13, 421387).
cost(23, 14, 208527).
cost(23, 15, 350120).
cost(23, 16, 218433).
cost(23, 17, 80737).
cost(23, 18, 723188).
cost(23, 19, 431786).
cost(23, 20, 320472).
cost(23, 21, 330444).
cost(23, 22, 325319).
cost(23, 24, 524201).
cost(23, 25, 159029).
cost(23, 26, 630767).
cost(23, 27, 380284).
cost(23, 28, 286650).
cost(23, 29, 472775).
cost(24, 1, 444396).
cost(24, 2, 424722).
cost(24, 3, 263832).
cost(24, 4, 693345).
cost(24, 5, 264903).
cost(24, 6, 432955).
cost(24, 7, 350986).
cost(24, 8, 256225).
cost(24, 9, 440920).
cost(24, 10, 430687).
cost(24, 11, 149837).
cost(24, 12, 234485).
cost(24, 13, 130297).
cost(24, 14, 483875).
cost(24, 15, 222802).
cost(24, 16, 311662).
cost(24, 17, 491181).
cost(24, 18, 246688).
cost(24, 19, 378655).
cost(24, 20, 207100).
cost(24, 21, 249364).
cost(24, 22, 202192).
cost(24, 23, 524201).
cost(24, 25, 371988).
cost(24, 26, 216861).
cost(24, 27, 206926).
cost(24, 28, 346364).
cost(24, 29, 52352).
cost(25, 1, 178775).
cost(25, 2, 240146).
cost(25, 3, 180987).
cost(25, 4, 636080).
cost(25, 5, 114048).
cost(25, 6, 88936).
cost(25, 7, 40741).
cost(25, 8, 245754).
cost(25, 9, 91689).
cost(25, 10, 61143).
cost(25, 11, 521799).
cost(25, 12, 461281).
cost(25, 13, 283366).
cost(25, 14, 170599).
cost(25, 15, 232918).
cost(25, 16, 60725).
cost(25, 17, 120473).
cost(25, 18, 564167).
cost(25, 19, 307220).
cost(25, 20, 165198).
cost(25, 21, 174114).
cost(25, 22, 170115).
cost(25, 23, 159029).
cost(25, 24, 371988).
cost(25, 26, 504890).
cost(25, 27, 262258).
cost(25, 28, 226691).
cost(25, 29, 319804).
cost(26, 1, 502342).
cost(26, 2, 621794).
cost(26, 3, 337807).
cost(26, 4, 910183).
cost(26, 5, 391638).
cost(26, 6, 535795).
cost(26, 7, 498756).
cost(26, 8, 463349).
cost(26, 9, 590427).
cost(26, 10, 565802).
cost(26, 11, 200517).
cost(26, 12, 433983).
cost(26, 13, 224906).
cost(26, 14, 651337).
cost(26, 15, 280652).
cost(26, 16, 452635).
cost(26, 17, 622792).
cost(26, 18, 389183).
cost(26, 19, 590035).
cost(26, 20, 362695).
cost(26, 21, 436759).
cost(26, 22, 358703).
cost(26, 23, 630767).
cost(26, 24, 216861).
cost(26, 25, 504890).
cost(26, 27, 250493).
cost(26, 28, 371759).
cost(26, 29, 247077).
cost(27, 1, 259573).
cost(27, 2, 429876).
cost(27, 3, 87371).
cost(27, 4, 784032).
cost(27, 5, 155626).
cost(27, 6, 285387).
cost(27, 7, 264602).
cost(27, 8, 312667).
cost(27, 9, 352176).
cost(27, 10, 321686).
cost(27, 11, 331080).
cost(27, 12, 414222).
cost(27, 13, 77412).
cost(27, 14, 422509).
cost(27, 15, 30324).
cost(27, 16, 218144).
cost(27, 17, 376108).
cost(27, 18, 452899).
cost(27, 19, 435935).
cost(27, 20, 159059).
cost(27, 21, 252726).
cost(27, 22, 157515).
cost(27, 23, 380284).
cost(27, 24, 206926).
cost(27, 25, 262258).
cost(27, 26, 250493).
cost(27, 28, 142730).
cost(27, 29, 175732).
cost(28, 1, 134030).
cost(28, 2, 451493).
cost(28, 3, 97321).
cost(28, 4, 836983).
cost(28, 5, 173997).
cost(28, 6, 202342).
cost(28, 7, 250560).
cost(28, 8, 384372).
cost(28, 9, 314482).
cost(28, 10, 271415).
cost(28, 11, 473720).
cost(28, 12, 534466).
cost(28, 13, 216297).
cost(28, 14, 396515).
cost(28, 15, 123575).
cost(28, 16, 215341).
cost(28, 17, 310635).
cost(28, 18, 589356).
cost(28, 19, 489832).
cost(28, 20, 225460).
cost(28, 21, 309427).
cost(28, 22, 227174).
cost(28, 23, 286650).
cost(28, 24, 346364).
cost(28, 25, 226691).
cost(28, 26, 371759).
cost(28, 27, 142730).
cost(28, 29, 308657).
cost(29, 1, 398671).
cost(29, 2, 380296).
cost(29, 3, 220636).
cost(29, 4, 669671).
cost(29, 5, 213840).
cost(29, 6, 382249).
cost(29, 7, 298650).
cost(29, 8, 216619).
cost(29, 9, 388736).
cost(29, 10, 378365).
cost(29, 11, 202135).
cost(29, 12, 242152).
cost(29, 13, 99124).
cost(29, 14, 433072).
cost(29, 15, 186096).
cost(29, 16, 259402).
cost(29, 17, 438862).
cost(29, 18, 280792).
cost(29, 19, 342964).
cost(29, 20, 154798).
cost(29, 21, 200648).
cost(29, 22, 149887).
cost(29, 23, 472775).
cost(29, 24, 52352).
cost(29, 25, 319804).
cost(29, 26, 247077).
cost(29, 27, 175732).
cost(29, 28, 308657).
