dimension(29).
point(1, -239086.0, -162714.0).
point(2, -15875.0, 424944.0).
point(3, 399030.0, -31571.0).
point(4, 212756.0, -77910.0).
point(5, -125647.0, -87206.0).
point(6, -220039.0, 79106.0).
point(7, -277514.0, -349127.0).
point(8, -37567.0, -39562.0).
point(9, 56147.0, -104243.0).
point(10, -254211.0, -253924.0).
point(11, -296091.0, 128282.0).
point(12, 200676.0, -59634.0).
point(13, 109354.0, 345922.0).
point(14, 124189.0, 85889.0).
point(15, 172109.0, 304550.0).
point(16, -20552.0, 157802.0).
point(17, -50314.0, -141480.0).
point(18, -106036.0, -9424.0).
point(19, -118308.0, 49970.0).
point(20, 67477.0, 129530.0).
point(21, 83230.0, 459687.0).
point(22, -318574.0, 135734.0).
point(23, -7501.0, 4027.0).
point(24, 256055.0, 211889.0).
point(25, 255735.0, -84765.0).
point(26, 101557.0, -4084.0).
point(27, 202843.0, 140767.0).
point(28, 121686.0, 193393.0).
point(29, 12904.0, 299045.0).
cost(1, 2, 628622).
cost(1, 3, 651453).
cost(1, 4, 459731).
cost(1, 5, 136271).
cost(1, 6, 242569).
cost(1, 7, 190333).
cost(1, 8, 236170).
cost(1, 9, 300967).
cost(1, 10, 92456).
cost(1, 11, 296527).
cost(1, 12, 451681).
cost(1, 13, 616540).
cost(1, 14, 440196).
cost(1, 15, 622428).
cost(1, 16, 387927).
cost(1, 17, 189962).
cost(1, 18, 202978).
cost(1, 19, 244585).
cost(1, 20, 423542).
cost(1, 21, 700907).
cost(1, 22, 308852).
cost(1, 23, 285367).
cost(1, 24, 620880).
cost(1, 25, 500923).
cost(1, 26, 375767).
cost(1, 27, 536099).
cost(1, 28, 506921).
cost(1, 29, 526042).
cost(2, 1, 628622).
cost(2, 3, 616889).
cost(2, 4, 552390).
cost(2, 5, 523782).
cost(2, 6, 401605).
cost(2, 7, 817093).
cost(2, 8, 465012).
cost(2, 9, 534066).
cost(2, 10, 719490).
cost(2, 11, 408080).
cost(2, 12, 530764).
cost(2, 13, 148077).
cost(2, 14, 366846).
cost(2, 15, 223232).
cost(2, 16, 267183).
cost(2, 17, 567470).
cost(2, 18, 443627).
cost(2, 19, 388713).
cost(2, 20, 306948).
cost(2, 21, 105018).
cost(2, 22, 418652).
cost(2, 23, 421000).
cost(2, 24, 345454).
cost(2, 25, 577560).
cost(2, 26, 444809).
cost(2, 27, 358600).
cost(2, 28, 269330).
cost(2, 29, 129146).
cost(3, 1, 651453).
cost(3, 2, 616889).
cost(3, 4, 191951).
cost(3, 5, 527618).
cost(3, 6, 628885).
cost(3, 7, 747364).
cost(3, 8, 436670).
cost(3, 9, 350500).
cost(3, 10, 690047).
cost(3, 11, 713264).
cost(3, 12, 200329).
cost(3, 13, 475829).
cost(3, 14, 298889).
cost(3, 15, 405550).
cost(3, 16, 460338).
cost(3, 17, 462591).
cost(3, 18, 505551).
cost(3, 19, 523725).
cost(3, 20, 368620).
cost(3, 21, 584007).
cost(3, 22, 736849).
cost(3, 23, 408087).
cost(3, 24, 282338).
cost(3, 25, 152850).
cost(3, 26, 298740).
cost(3, 27, 261132).
cost(3, 28, 357111).
cost(3, 29, 508331).
cost(4, 1, 459731).
cost(4, 2, 552390).
cost(4, 3, 191951).
cost(4, 5, 338531).
cost(4, 6, 460397).
cost(4, 7, 560289).
cost(4, 8, 253243).
cost(4, 9, 158807).
cost(4, 10, 499038).
cost(4, 11, 549036).
cost(4, 12, 21908).
cost(4, 13, 436263).
cost(4, 14, 186210).
cost(4, 15, 384614).
cost(4, 16, 331652).
cost(4, 17, 270642).
cost(4, 18, 326065).
cost(4, 19, 354904).
cost(4, 20, 253254).
cost(4, 21, 552981).
cost(4, 22, 572674).
cost(4, 23, 235004).
cost(4, 24, 293016).
cost(4, 25, 43522).
cost(4, 26, 133475).
cost(4, 27, 218902).
cost(4, 28, 286180).
cost(4, 29, 426657).
cost(5, 1, 136271).
cost(5, 2, 523782).
cost(5, 3, 527618).
cost(5, 4, 338531).
cost(5, 6, 191232).
cost(5, 7, 302764).
cost(5, 8, 100140).
cost(5, 9, 182591).
cost(5, 10, 210532).
cost(5, 11, 274748).
cost(5, 12, 327486).
cost(5, 13, 492773).
cost(5, 14, 303941).
cost(5, 15, 492068).
cost(5, 16, 266597).
cost(5, 17, 92848).
cost(5, 18, 80216).
cost(5, 19, 137372).
cost(5, 20, 290295).
cost(5, 21, 585424).
cost(5, 22, 294827).
cost(5, 23, 149271).
cost(5, 24, 484927).
cost(5, 25, 381390).
cost(5, 26, 241932).
cost(5, 27, 399847).
cost(5, 28, 374045).
cost(5, 29, 410349).
cost(6, 1, 242569).
cost(6, 2, 401605).
cost(6, 3, 628885).
cost(6, 4, 460397).
cost(6, 5, 191232).
cost(6, 7, 432073).
cost(6, 8, 217665).
cost(6, 9, 331505).
cost(6, 10, 334779).
cost(6, 11, 90566).
cost(6, 12, 443001).
cost(6, 13, 423899).
cost(6, 14, 344295).
cost(6, 15, 452333).
cost(6, 16, 214448).
cost(6, 17, 278325).
cost(6, 18, 144341).
cost(6, 19, 105821).
cost(6, 20, 291904).
cost(6, 21, 486635).
cost(6, 22, 113648).
cost(6, 23, 225409).
cost(6, 24, 494264).
cost(6, 25, 503204).
cost(6, 26, 332182).
cost(6, 27, 427354).
cost(6, 28, 360330).
cost(6, 29, 320368).
cost(7, 1, 190333).
cost(7, 2, 817093).
cost(7, 3, 747364).
cost(7, 4, 560289).
cost(7, 5, 302764).
cost(7, 6, 432073).
cost(7, 8, 391670).
cost(7, 9, 413881).
cost(7, 10, 98013).
cost(7, 11, 477770).
cost(7, 12, 558992).
cost(7, 13, 795462).
cost(7, 14, 592118).
cost(7, 15, 793382).
cost(7, 16, 568337).
cost(7, 17, 307794).
cost(7, 18, 380530).
cost(7, 19, 429680).
cost(7, 20, 590027).
cost(7, 21, 885616).
cost(7, 22, 486596).
cost(7, 23, 444550).
cost(7, 24, 774232).
cost(7, 25, 595182).
cost(7, 26, 512591).
cost(7, 27, 686104).
cost(7, 28, 673564).
cost(7, 29, 710260).
cost(8, 1, 236170).
cost(8, 2, 465012).
cost(8, 3, 436670).
cost(8, 4, 253243).
cost(8, 5, 100140).
cost(8, 6, 217665).
cost(8, 7, 391670).
cost(8, 9, 113868).
cost(8, 10, 304772).
cost(8, 11, 308231).
cost(8, 12, 239087).
cost(8, 13, 412533).
cost(8, 14, 204702).
cost(8, 15, 402960).
cost(8, 16, 198096).
cost(8, 17, 102712).
cost(8, 18, 74808).
cost(8, 19, 120562).
cost(8, 20, 199064).
cost(8, 21, 513655).
cost(8, 22, 331200).
cost(8, 23, 52952).
cost(8, 24, 386577).
cost(8, 25, 296765).
cost(8, 26, 143576).
cost(8, 27, 300525).
cost(8, 28, 282187).
cost(8, 29, 342348).
cost(9, 1, 300967).
cost(9, 2, 534066).
cost(9, 3, 350500).
cost(9, 4, 158807).
cost(9, 5, 182591).
cost(9, 6, 331505).
cost(9, 7, 413881).
cost(9, 8, 113868).
cost(9, 10, 344567).
cost(9, 11, 422066).
cost(9, 12, 151257).
cost(9, 13, 453298).
cost(9, 14, 201940).
cost(9, 15, 424922).
cost(9, 16, 273039).
cost(9, 17, 112785).
cost(9, 18, 187867).
cost(9, 19, 232844).
cost(9, 20, 234047).
cost(9, 21, 564580).
cost(9, 22, 444977).
cost(9, 23, 125592).
cost(9, 24, 374036).
cost(9, 25, 200536).
cost(9, 26, 109972).
cost(9, 27, 285569).
cost(9, 28, 304766).
cost(9, 29, 405600).
cost(10, 1, 92456).
cost(10, 2, 719490).
cost(10, 3, 690047).
cost(10, 4, 499038).
cost(10, 5, 210532).
cost(10, 6, 334779).
cost(10, 7, 98013).
cost(10, 8, 304772).
cost(10, 9, 344567).
cost(10, 11, 384494).
cost(10, 12, 494642).
cost(10, 13, 701423).
cost(10, 14, 508586).
cost(10, 15, 702597).
cost(10, 16, 473408).
cost(10, 17, 232847).
cost(10, 18, 285895).
cost(10, 19, 332898).
cost(10, 20, 500520).
cost(10, 21, 789371).
cost(10, 22, 394938).
cost(10, 23, 356938).
cost(10, 24, 690907).
cost(10, 25, 537271).
cost(10, 26, 434731).
cost(10, 27, 603887).
cost(10, 28, 584287).
cost(10, 29, 614105).
cost(11, 1, 296527).
cost(11, 2, 408080).
cost(11, 3, 713264).
cost(11, 4, 549036).
cost(11, 5, 274748).
cost(11, 6, 90566).
cost(11, 7, 477770).
cost(11, 8, 308231).
cost(11, 9, 422066).
cost(11, 10, 384494).
cost(11, 12, 531121).
cost(11, 13, 460166).
cost(11, 14, 422413).
cost(11, 15, 500282).
cost(11, 16, 277116).
cost(11, 17, 364935).
cost(11, 18, 234699).
cost(11, 19, 194267).
cost(11, 20, 363570).
cost(11, 21, 503700).
cost(11, 22, 23686).
cost(11, 23, 314203).
cost(11, 24, 558440).
cost(11, 25, 591524).
cost(11, 26, 419100).
cost(11, 27, 499090).
cost(11, 28, 422820).
cost(11, 29, 353041).
cost(12, 1, 451681).
cost(12, 2, 530764).
cost(12, 3, 200329).
cost(12, 4, 21908).
cost(12, 5, 327486).
cost(12, 6, 443001).
cost(12, 7, 558992).
cost(12, 8, 239087).
cost(12, 9, 151257).
cost(12, 10, 494642).
cost(12, 11, 531121).
cost(12, 13, 415711).
cost(12, 14, 164400).
cost(12, 15, 365303).
cost(12, 16, 310194).
cost(12, 17, 263998).
cost(12, 18, 310795).
cost(12, 19, 337289).
cost(12, 20, 231355).
cost(12, 21, 532436).
cost(12, 22, 554788).
cost(12, 23, 217693).
cost(12, 24, 277113).
cost(12, 25, 60523).
cost(12, 26, 113624).
cost(12, 27, 200413).
cost(12, 28, 265070).
cost(12, 29, 404857).
cost(13, 1, 616540).
cost(13, 2, 148077).
cost(13, 3, 475829).
cost(13, 4, 436263).
cost(13, 5, 492773).
cost(13, 6, 423899).
cost(13, 7, 795462).
cost(13, 8, 412533).
cost(13, 9, 453298).
cost(13, 10, 701423).
cost(13, 11, 460166).
cost(13, 12, 415711).
cost(13, 14, 260456).
cost(13, 15, 75165).
cost(13, 16, 228615).
cost(13, 17, 512888).
cost(13, 18, 415528).
cost(13, 19, 373387).
cost(13, 20, 220407).
cost(13, 21, 116726).
cost(13, 22, 476761).
cost(13, 23, 361313).
cost(13, 24, 198711).
cost(13, 25, 454883).
cost(13, 26, 350093).
cost(13, 27, 225452).
cost(13, 28, 153027).
cost(13, 29, 107238).
cost(14, 1, 440196).
cost(14, 2, 366846).
cost(14, 3, 298889).
cost(14, 4, 186210).
cost(14, 5, 303941).
cost(14, 6, 344295).
cost(14, 7, 592118).
cost(14, 8, 204702).
cost(14, 9, 201940).
cost(14, 10, 508586).
cost(14, 11, 422413).
cost(14, 12, 164400).
cost(14, 13, 260456).
cost(14, 15, 223850).
cost(14, 16, 161621).
cost(14, 17, 286615).
cost(14, 18, 249175).
cost(14, 19, 245143).
cost(14, 20, 71560).
cost(14, 21, 376035).
cost(14, 22, 445560).
cost(14, 23, 155060).
cost(14, 24, 182386).
cost(14, 25, 215470).
cost(14, 26, 92776).
cost(14, 27, 95906).
cost(14, 28, 107533).
cost(14, 29, 240458).
cost(15, 1, 622428).
cost(15, 2, 223232).
cost(15, 3, 405550).
cost(15, 4, 384614).
cost(15, 5, 492068).
cost(15, 6, 452333).
cost(15, 7, 793382).
cost(15, 8, 402960).
cost(15, 9, 424922).
cost(15, 10, 702597).
cost(15, 11, 500282).
cost(15, 12, 365303).
cost(15, 13, 75165).
cost(15, 14, 223850).
cost(15, 16, 242184).
cost(15, 17, 498412).
cost(15, 18, 419457).
cost(15, 19, 386203).
cost(15, 20, 203911).
cost(15, 21, 178793).
cost(15, 22, 518911).
cost(15, 23, 350105).
cost(15, 24, 125032).
cost(15, 25, 398195).
cost(15, 26, 316595).
cost(15, 27, 166642).
cost(15, 28, 122059).
cost(15, 29, 159300).
cost(16, 1, 387927).
cost(16, 2, 267183).
cost(16, 3, 460338).
cost(16, 4, 331652).
cost(16, 5, 266597).
cost(16, 6, 214448).
cost(16, 7, 568337).
cost(16, 8, 198096).
cost(16, 9, 273039).
cost(16, 10, 473408).
cost(16, 11, 277116).
cost(16, 12, 310194).
cost(16, 13, 228615).
cost(16, 14, 161621).
cost(16, 15, 242184).
cost(16, 17, 300758).
cost(16, 18, 187809).
cost(16, 19, 145547).
cost(16, 20, 92458).
cost(16, 21, 319226).
cost(16, 22, 298838).
cost(16, 23, 154328).
cost(16, 24, 281845).
cost(16, 25, 367659).
cost(16, 26, 202775).
cost(16, 27, 224044).
cost(16, 28, 146623).
cost(16, 29, 145151).
cost(17, 1, 189962).
cost(17, 2, 567470).
cost(17, 3, 462591).
cost(17, 4, 270642).
cost(17, 5, 92848).
cost(17, 6, 278325).
cost(17, 7, 307794).
cost(17, 8, 102712).
cost(17, 9, 112785).
cost(17, 10, 232847).
cost(17, 11, 364935).
cost(17, 12, 263998).
cost(17, 13, 512888).
cost(17, 14, 286615).
cost(17, 15, 498412).
cost(17, 16, 300758).
cost(17, 18, 143331).
cost(17, 19, 203166).
cost(17, 20, 295502).
cost(17, 21, 615821).
cost(17, 22, 385760).
cost(17, 23, 151675).
cost(17, 24, 467688).
cost(17, 25, 311260).
cost(17, 26, 204799).
cost(17, 27, 379146).
cost(17, 28, 376462).
cost(17, 29, 445038).
cost(18, 1, 202978).
cost(18, 2, 443627).
cost(18, 3, 505551).
cost(18, 4, 326065).
cost(18, 5, 80216).
cost(18, 6, 144341).
cost(18, 7, 380530).
cost(18, 8, 74808).
cost(18, 9, 187867).
cost(18, 10, 285895).
cost(18, 11, 234699).
cost(18, 12, 310795).
cost(18, 13, 415528).
cost(18, 14, 249175).
cost(18, 15, 419457).
cost(18, 16, 187809).
cost(18, 17, 143331).
cost(18, 19, 60649).
cost(18, 20, 222295).
cost(18, 21, 505852).
cost(18, 22, 257378).
cost(18, 23, 99449).
cost(18, 24, 424369).
cost(18, 25, 369533).
cost(18, 26, 207662).
cost(18, 27, 343458).
cost(18, 28, 304946).
cost(18, 29, 330605).
cost(19, 1, 244585).
cost(19, 2, 388713).
cost(19, 3, 523725).
cost(19, 4, 354904).
cost(19, 5, 137372).
cost(19, 6, 105821).
cost(19, 7, 429680).
cost(19, 8, 120562).
cost(19, 9, 232844).
cost(19, 10, 332898).
cost(19, 11, 194267).
cost(19, 12, 337289).
cost(19, 13, 373387).
cost(19, 14, 245143).
cost(19, 15, 386203).
cost(19, 16, 145547).
cost(19, 17, 203166).
cost(19, 18, 60649).
cost(19, 20, 202104).
cost(19, 21, 456602).
cost(19, 22, 217858).
cost(19, 23, 119954).
cost(19, 24, 407879).
cost(19, 25, 397570).
cost(19, 26, 226412).
cost(19, 27, 333740).
cost(19, 28, 279584).
cost(19, 29, 281523).
cost(20, 1, 423542).
cost(20, 2, 306948).
cost(20, 3, 368620).
cost(20, 4, 253254).
cost(20, 5, 290295).
cost(20, 6, 291904).
cost(20, 7, 590027).
cost(20, 8, 199064).
cost(20, 9, 234047).
cost(20, 10, 500520).
cost(20, 11, 363570).
cost(20, 12, 231355).
cost(20, 13, 220407).
cost(20, 14, 71560).
cost(20, 15, 203911).
cost(20, 16, 92458).
cost(20, 17, 295502).
cost(20, 18, 222295).
cost(20, 19, 202104).
cost(20, 21, 330533).
cost(20, 22, 386101).
cost(20, 23, 146194).
cost(20, 24, 205778).
cost(20, 25, 285243).
cost(20, 26, 137892).
cost(20, 27, 135832).
cost(20, 28, 83768).
cost(20, 29, 178083).
cost(21, 1, 700907).
cost(21, 2, 105018).
cost(21, 3, 584007).
cost(21, 4, 552981).
cost(21, 5, 585424).
cost(21, 6, 486635).
cost(21, 7, 885616).
cost(21, 8, 513655).
cost(21, 9, 564580).
cost(21, 10, 789371).
cost(21, 11, 503700).
cost(21, 12, 532436).
cost(21, 13, 116726).
cost(21, 14, 376035).
cost(21, 15, 178793).
cost(21, 16, 319226).
cost(21, 17, 615821).
cost(21, 18, 505852).
cost(21, 19, 456602).
cost(21, 20, 330533).
cost(21, 22, 516132).
cost(21, 23, 464605).
cost(21, 24, 302113).
cost(21, 25, 571127).
cost(21, 26, 464133).
cost(21, 27, 340613).
cost(21, 28, 269056).
cost(21, 29, 175361).
cost(22, 1, 308852).
cost(22, 2, 418652).
cost(22, 3, 736849).
cost(22, 4, 572674).
cost(22, 5, 294827).
cost(22, 6, 113648).
cost(22, 7, 486596).
cost(22, 8, 331200).
cost(22, 9, 444977).
cost(22, 10, 394938).
cost(22, 11, 23686).
cost(22, 12, 554788).
cost(22, 13, 476761).
cost(22, 14, 445560).
cost(22, 15, 518911).
cost(22, 16, 298838).
cost(22, 17, 385760).
cost(22, 18, 257378).
cost(22, 19, 217858).
cost(22, 20, 386101).
cost(22, 21, 516132).
cost(22, 23, 337806).
cost(22, 24, 579653).
cost(22, 25, 615183).
cost(22, 26, 442786).
cost(22, 27, 521441).
cost(22, 28, 444020).
cost(22, 29, 369524).
cost(23, 1, 285367).
cost(23, 2, 421000).
cost(23, 3, 408087).
cost(23, 4, 235004).
cost(23, 5, 149271).
cost(23, 6, 225409).
cost(23, 7, 444550).
cost(23, 8, 52952).
cost(23, 9, 125592).
cost(23, 10, 356938).
cost(23, 11, 314203).
cost(23, 12, 217693).
cost(23, 13, 361313).
cost(23, 14, 155060).
cost(23, 15, 350105).
cost(23, 16, 154328).
cost(23, 17, 151675).
cost(23, 18, 99449).
cost(23, 19, 119954).
cost(23, 20, 146194).
cost(23, 21, 464605).
cost(23, 22, 337806).
cost(23, 24, 335661).
cost(23, 25, 277808).
cost(23, 26, 109359).
cost(23, 27, 250883).
cost(23, 28, 229235).
cost(23, 29, 295723).
cost(24, 1, 620880).
cost(24, 2, 345454).
cost(24, 3, 282338).
cost(24, 4, 293016).
cost(24, 5, 484927).
cost(24, 6, 494264).
cost(24, 7, 774232).
cost(24, 8, 386577).
cost(24, 9, 374036).
cost(24, 10, 690907).
cost(24, 11, 558440).
cost(24, 12, 277113).
cost(24, 13, 198711).
cost(24, 14, 182386).
cost(24, 15, 125032).
cost(24, 16, 281845).
cost(24, 17, 467688).
cost(24, 18, 424369).
cost(24, 19, 407879).
cost(24, 20, 205778).
cost(24, 21, 302113).
cost(24, 22, 579653).
cost(24, 23, 335661).
cost(24, 25, 296654).
cost(24, 26, 265545).
cost(24, 27, 88825).
cost(24, 28, 135636).
cost(24, 29, 258299).
cost(25, 1, 500923).
cost(25, 2, 577560).
cost(25, 3, 152850).
cost(25, 4, 43522).
cost(25, 5, 381390).
cost(25, 6, 503204).
cost(25, 7, 595182).
cost(25, 8, 296765).
cost(25, 9, 200536).
cost(25, 10, 537271).
cost(25, 11, 591524).
cost(25, 12, 60523).
cost(25, 13, 454883).
cost(25, 14, 215470).
cost(25, 15, 398195).
cost(25, 16, 367659).
cost(25, 17, 311260).
cost(25, 18, 369533).
cost(25, 19, 397570).
cost(25, 20, 285243).
cost(25, 21, 571127).
cost(25, 22, 615183).
cost(25, 23, 277808).
cost(25, 24, 296654).
cost(25, 26, 174012).
cost(25, 27, 231651).
cost(25, 28, 308773).
cost(25, 29, 454177).
cost(26, 1, 375767).
cost(26, 2, 444809).
cost(26, 3, 298740).
cost(26, 4, 133475).
cost(26, 5, 241932).
cost(26, 6, 332182).
cost(26, 7, 512591).
cost(26, 8, 143576).
cost(26, 9, 109972).
cost(26, 10, 434731).
cost(26, 11, 419100).
cost(26, 12, 113624).
cost(26, 13, 350093).
cost(26, 14, 92776).
cost(26, 15, 316595).
cost(26, 16, 202775).
cost(26, 17, 204799).
cost(26, 18, 207662).
cost(26, 19, 226412).
cost(26, 20, 137892).
cost(26, 21, 464133).
cost(26, 22, 442786).
cost(26, 23, 109359).
cost(26, 24, 265545).
cost(26, 25, 174012).
cost(26, 27, 176750).
cost(26, 28, 198500).
cost(26, 29, 315827).
cost(27, 1, 536099).
cost(27, 2, 358600).
cost(27, 3, 261132).
cost(27, 4, 218902).
cost(27, 5, 399847).
cost(27, 6, 427354).
cost(27, 7, 686104).
cost(27, 8, 300525).
cost(27, 9, 285569).
cost(27, 10, 603887).
cost(27, 11, 499090).
cost(27, 12, 200413).
cost(27, 13, 225452).
cost(27, 14, 95906).
cost(27, 15, 166642).
cost(27, 16, 224044).
cost(27, 17, 379146).
cost(27, 18, 343458).
cost(27, 19, 333740).
cost(27, 20, 135832).
cost(27, 21, 340613).
cost(27, 22, 521441).
cost(27, 23, 250883).
cost(27, 24, 88825).
cost(27, 25, 231651).
cost(27, 26, 176750).
cost(27, 28, 96726).
cost(27, 29, 247242).
cost(28, 1, 506921).
cost(28, 2, 269330).
cost(28, 3, 357111).
cost(28, 4, 286180).
cost(28, 5, 374045).
cost(28, 6, 360330).
cost(28, 7, 673564).
cost(28, 8, 282187).
cost(28, 9, 304766).
cost(28, 10, 584287).
cost(28, 11, 422820).
cost(28, 12, 265070).
cost(28, 13, 153027).
cost(28, 14, 107533).
cost(28, 15, 122059).
cost(28, 16, 146623).
cost(28, 17, 376462).
cost(28, 18, 304946).
cost(28, 19, 279584).
cost(28, 20, 83768).
cost(28, 21, 269056).
cost(28, 22, 444020).
cost(28, 23, 229235).
cost(28, 24, 135636).
cost(28, 25, 308773).
cost(28, 26, 198500).
cost(28, 27, 96726).
cost(28, 29, 151644).
cost(29, 1, 526042).
cost(29, 2, 129146).
cost(29, 3, 508331).
cost(29, 4, 426657).
cost(29, 5, 410349).
cost(29, 6, 320368).
cost(29, 7, 710260).
cost(29, 8, 342348).
cost(29, 9, 405600).
cost(29, 10, 614105).
cost(29, 11, 353041).
cost(29, 12, 404857).
cost(29, 13, 107238).
cost(29, 14, 240458).
cost(29, 15, 159300).
cost(29, 16, 145151).
cost(29, 17, 445038).
cost(29, 18, 330605).
cost(29, 19, 281523).
cost(29, 20, 178083).
cost(29, 21, 175361).
cost(29, 22, 369524).
cost(29, 23, 295723).
cost(29, 24, 258299).
cost(29, 25, 454177).
cost(29, 26, 315827).
cost(29, 27, 247242).
cost(29, 28, 151644).
