dimension(25).
point(1, 290522.0, -82568.0).
point(2, -114574.0, -21890.0).
point(3, -549543.0, 225843.0).
point(4, 165853.0, 36671.0).
point(5, 100686.0, 394096.0).
point(6, -93029.0, -241788.0).
point(7, 4022.0, 9440.0).
point(8, -57041.0, -770794.0).
point(9, 100314.0, 204824.0).
point(10, 125924.0, -113219.0).
point(11, -126579.0, 26973.0).
point(12, 82133.0, -143829.0).
point(13, -211298.0, -118822.0).
point(14, -146445.0, 81769.0).
point(15, 413900.0, -384428.0).
point(16, 113949.0, -167502.0).
point(17, 175854.0, 166805.0).
point(18, 69318.0, 141899.0).
point(19, -92807.0, -219122.0).
point(20, 127478.0, -186629.0).
point(21, -112308.0, 199089.0).
point(22, -142736.0, -429909.0).
point(23, -172240.0, -65852.0).
point(24, -13878.0, -213421.0).
point(25, 83938.0, -102688.0).
cost(1, 2, 409615).
cost(1, 3, 894889).
cost(1, 4, 172512).
cost(1, 5, 513075).
cost(1, 6, 415286).
cost(1, 7, 300911).
cost(1, 8, 771009).
cost(1, 9, 344635).
cost(1, 10, 167428).
cost(1, 11, 431245).
cost(1, 12, 217207).
cost(1, 13, 503128).
cost(1, 14, 466848).
cost(1, 15, 326101).
cost(1, 16, 195938).
cost(1, 17, 274473).
cost(1, 18, 315145).
cost(1, 19, 406925).
cost(1, 20, 193422).
cost(1, 21, 491531).
cost(1, 22, 555300).
cost(1, 23, 463064).
cost(1, 24, 331333).
cost(1, 25, 207561).
cost(2, 1, 409615).
cost(2, 3, 500569).
cost(2, 4, 286476).
cost(2, 5, 468381).
cost(2, 6, 220951).
cost(2, 7, 122665).
cost(2, 8, 751111).
cost(2, 9, 312372).
cost(2, 10, 257255).
cost(2, 11, 50316).
cost(2, 12, 231436).
cost(2, 13, 136936).
cost(2, 14, 108448).
cost(2, 15, 640873).
cost(2, 16, 270972).
cost(2, 17, 346344).
cost(2, 18, 246258).
cost(2, 19, 198429).
cost(2, 20, 292794).
cost(2, 21, 220991).
cost(2, 22, 408990).
cost(2, 23, 72512).
cost(2, 24, 216388).
cost(2, 25, 214325).
cost(3, 1, 894889).
cost(3, 2, 500569).
cost(3, 4, 739985).
cost(3, 5, 671645).
cost(3, 6, 653516).
cost(3, 7, 594361).
cost(3, 8, 1111685).
cost(3, 9, 650197).
cost(3, 10, 755790).
cost(3, 11, 467384).
cost(3, 12, 731896).
cost(3, 13, 482912).
cost(3, 14, 428072).
cost(3, 15, 1140462).
cost(3, 16, 771325).
cost(3, 17, 727796).
cost(3, 18, 624528).
cost(3, 19, 637653).
cost(3, 20, 792774).
cost(3, 21, 438053).
cost(3, 22, 771688).
cost(3, 23, 476910).
cost(3, 24, 692741).
cost(3, 25, 713604).
cost(4, 1, 172512).
cost(4, 2, 286476).
cost(4, 3, 739985).
cost(4, 5, 363317).
cost(4, 6, 380210).
cost(4, 7, 164106).
cost(4, 8, 837664).
cost(4, 9, 180474).
cost(4, 10, 155117).
cost(4, 11, 292593).
cost(4, 12, 198971).
cost(4, 13, 407947).
cost(4, 14, 315537).
cost(4, 15, 488725).
cost(4, 16, 210667).
cost(4, 17, 130518).
cost(4, 18, 142800).
cost(4, 19, 363779).
cost(4, 20, 226573).
cost(4, 21, 322107).
cost(4, 22, 559396).
cost(4, 23, 353296).
cost(4, 24, 307976).
cost(4, 25, 161651).
cost(5, 1, 513075).
cost(5, 2, 468381).
cost(5, 3, 671645).
cost(5, 4, 363317).
cost(5, 6, 664736).
cost(5, 7, 396616).
cost(5, 8, 1175520).
cost(5, 9, 189272).
cost(5, 10, 507942).
cost(5, 11, 431774).
cost(5, 12, 538245).
cost(5, 13, 600349).
cost(5, 14, 398274).
cost(5, 15, 839168).
cost(5, 16, 561755).
cost(5, 17, 239398).
cost(5, 18, 254140).
cost(5, 19, 643021).
cost(5, 20, 581343).
cost(5, 21, 288780).
cost(5, 22, 859208).
cost(5, 23, 534828).
cost(5, 24, 618225).
cost(5, 25, 497066).
cost(6, 1, 415286).
cost(6, 2, 220951).
cost(6, 3, 653516).
cost(6, 4, 380210).
cost(6, 5, 664736).
cost(6, 7, 269322).
cost(6, 8, 530229).
cost(6, 9, 486666).
cost(6, 10, 253910).
cost(6, 11, 270847).
cost(6, 12, 200693).
cost(6, 13, 170611).
cost(6, 14, 327937).
cost(6, 15, 526615).
cost(6, 16, 219905).
cost(6, 17, 489128).
cost(6, 18, 416620).
cost(6, 19, 22667).
cost(6, 20, 227301).
cost(6, 21, 441298).
cost(6, 22, 194577).
cost(6, 23, 192945).
cost(6, 24, 84081).
cost(6, 25, 225091).
cost(7, 1, 300911).
cost(7, 2, 122665).
cost(7, 3, 594361).
cost(7, 4, 164106).
cost(7, 5, 396616).
cost(7, 6, 269322).
cost(7, 8, 782620).
cost(7, 9, 217823).
cost(7, 10, 172932).
cost(7, 11, 131773).
cost(7, 12, 172025).
cost(7, 13, 250627).
cost(7, 14, 166949).
cost(7, 15, 568447).
cost(7, 16, 208308).
cost(7, 17, 233002).
cost(7, 18, 147679).
cost(7, 19, 248227).
cost(7, 20, 231699).
cost(7, 21, 222485).
cost(7, 22, 463212).
cost(7, 23, 191669).
cost(7, 24, 223579).
cost(7, 25, 137693).
cost(8, 1, 771009).
cost(8, 2, 751111).
cost(8, 3, 1111685).
cost(8, 4, 837664).
cost(8, 5, 1175520).
cost(8, 6, 530229).
cost(8, 7, 782620).
cost(8, 9, 988226).
cost(8, 10, 682555).
cost(8, 11, 800792).
cost(8, 12, 642226).
cost(8, 13, 669972).
cost(8, 14, 857238).
cost(8, 15, 609150).
cost(8, 16, 627056).
cost(8, 17, 966091).
cost(8, 18, 921398).
cost(8, 19, 552830).
cost(8, 20, 612614).
cost(8, 21, 971456).
cost(8, 22, 351491).
cost(8, 23, 714293).
cost(8, 24, 559042).
cost(8, 25, 682818).
cost(9, 1, 344635).
cost(9, 2, 312372).
cost(9, 3, 650197).
cost(9, 4, 180474).
cost(9, 5, 189272).
cost(9, 6, 486666).
cost(9, 7, 217823).
cost(9, 8, 988226).
cost(9, 10, 319072).
cost(9, 11, 288290).
cost(9, 12, 349127).
cost(9, 13, 449276).
cost(9, 14, 275740).
cost(9, 15, 667498).
cost(9, 16, 372576).
cost(9, 17, 84568).
cost(9, 18, 70145).
cost(9, 19, 465860).
cost(9, 20, 392394).
cost(9, 21, 212699).
cost(9, 22, 679676).
cost(9, 23, 384124).
cost(9, 24, 433554).
cost(9, 25, 307948).
cost(10, 1, 167428).
cost(10, 2, 257255).
cost(10, 3, 755790).
cost(10, 4, 155117).
cost(10, 5, 507942).
cost(10, 6, 253910).
cost(10, 7, 172932).
cost(10, 8, 682555).
cost(10, 9, 319072).
cost(10, 11, 288811).
cost(10, 12, 53429).
cost(10, 13, 337269).
cost(10, 14, 334970).
cost(10, 15, 395581).
cost(10, 16, 55588).
cost(10, 17, 284441).
cost(10, 18, 261322).
cost(10, 19, 243020).
cost(10, 20, 73426).
cost(10, 21, 392799).
cost(10, 22, 415296).
cost(10, 23, 301903).
cost(10, 24, 172003).
cost(10, 25, 43287).
cost(11, 1, 431245).
cost(11, 2, 50316).
cost(11, 3, 467384).
cost(11, 4, 292593).
cost(11, 5, 431774).
cost(11, 6, 270847).
cost(11, 7, 131773).
cost(11, 8, 800792).
cost(11, 9, 288290).
cost(11, 10, 288811).
cost(11, 12, 269692).
cost(11, 13, 168622).
cost(11, 14, 58286).
cost(11, 15, 679241).
cost(11, 16, 309313).
cost(11, 17, 333195).
cost(11, 18, 227120).
cost(11, 19, 248401).
cost(11, 20, 331920).
cost(11, 21, 172707).
cost(11, 22, 457168).
cost(11, 23, 103448).
cost(11, 24, 265501).
cost(11, 25, 247244).
cost(12, 1, 217207).
cost(12, 2, 231436).
cost(12, 3, 731896).
cost(12, 4, 198971).
cost(12, 5, 538245).
cost(12, 6, 200693).
cost(12, 7, 172025).
cost(12, 8, 642226).
cost(12, 9, 349127).
cost(12, 10, 53429).
cost(12, 11, 269692).
cost(12, 13, 294495).
cost(12, 14, 321158).
cost(12, 15, 409826).
cost(12, 16, 39657).
cost(12, 17, 324464).
cost(12, 18, 286015).
cost(12, 19, 190455).
cost(12, 20, 62354).
cost(12, 21, 394208).
cost(12, 22, 363879).
cost(12, 23, 266056).
cost(12, 24, 118580).
cost(12, 25, 41181).
cost(13, 1, 503128).
cost(13, 2, 136936).
cost(13, 3, 482912).
cost(13, 4, 407947).
cost(13, 5, 600349).
cost(13, 6, 170611).
cost(13, 7, 250627).
cost(13, 8, 669972).
cost(13, 9, 449276).
cost(13, 10, 337269).
cost(13, 11, 168622).
cost(13, 12, 294495).
cost(13, 14, 210814).
cost(13, 15, 679278).
cost(13, 16, 328870).
cost(13, 17, 481113).
cost(13, 18, 383041).
cost(13, 19, 155242).
cost(13, 20, 345495).
cost(13, 21, 332966).
cost(13, 22, 318553).
cost(13, 23, 65813).
cost(13, 24, 218915).
cost(13, 25, 295677).
cost(14, 1, 466848).
cost(14, 2, 108448).
cost(14, 3, 428072).
cost(14, 4, 315537).
cost(14, 5, 398274).
cost(14, 6, 327937).
cost(14, 7, 166949).
cost(14, 8, 857238).
cost(14, 9, 275740).
cost(14, 10, 334970).
cost(14, 11, 58286).
cost(14, 12, 321158).
cost(14, 13, 210814).
cost(14, 15, 728921).
cost(14, 16, 360473).
cost(14, 17, 333328).
cost(14, 18, 223985).
cost(14, 19, 305634).
cost(14, 20, 383499).
cost(14, 21, 122186).
cost(14, 22, 511691).
cost(14, 23, 149858).
cost(14, 24, 323591).
cost(14, 25, 295128).
cost(15, 1, 326101).
cost(15, 2, 640873).
cost(15, 3, 1140462).
cost(15, 4, 488725).
cost(15, 5, 839168).
cost(15, 6, 526615).
cost(15, 7, 568447).
cost(15, 8, 609150).
cost(15, 9, 667498).
cost(15, 10, 395581).
cost(15, 11, 679241).
cost(15, 12, 409826).
cost(15, 13, 679278).
cost(15, 14, 728921).
cost(15, 16, 370172).
cost(15, 17, 600436).
cost(15, 18, 629092).
cost(15, 19, 532990).
cost(15, 20, 348083).
cost(15, 21, 785740).
cost(15, 22, 558491).
cost(15, 23, 667121).
cost(15, 24, 460692).
cost(15, 25, 433881).
cost(16, 1, 195938).
cost(16, 2, 270972).
cost(16, 3, 771325).
cost(16, 4, 210667).
cost(16, 5, 561755).
cost(16, 6, 219905).
cost(16, 7, 208308).
cost(16, 8, 627056).
cost(16, 9, 372576).
cost(16, 10, 55588).
cost(16, 11, 309313).
cost(16, 12, 39657).
cost(16, 13, 328870).
cost(16, 14, 360473).
cost(16, 15, 370172).
cost(16, 17, 339990).
cost(16, 18, 312603).
cost(16, 19, 213102).
cost(16, 20, 23428).
cost(16, 21, 430791).
cost(16, 22, 367076).
cost(16, 23, 303705).
cost(16, 24, 135825).
cost(16, 25, 71425).
cost(17, 1, 274473).
cost(17, 2, 346344).
cost(17, 3, 727796).
cost(17, 4, 130518).
cost(17, 5, 239398).
cost(17, 6, 489128).
cost(17, 7, 233002).
cost(17, 8, 966091).
cost(17, 9, 84568).
cost(17, 10, 284441).
cost(17, 11, 333195).
cost(17, 12, 324464).
cost(17, 13, 481113).
cost(17, 14, 333328).
cost(17, 15, 600436).
cost(17, 16, 339990).
cost(17, 18, 109409).
cost(17, 19, 470232).
cost(17, 20, 356729).
cost(17, 21, 289965).
cost(17, 22, 676437).
cost(17, 23, 418687).
cost(17, 24, 424935).
cost(17, 25, 284737).
cost(18, 1, 315145).
cost(18, 2, 246258).
cost(18, 3, 624528).
cost(18, 4, 142800).
cost(18, 5, 254140).
cost(18, 6, 416620).
cost(18, 7, 147679).
cost(18, 8, 921398).
cost(18, 9, 70145).
cost(18, 10, 261322).
cost(18, 11, 227120).
cost(18, 12, 286015).
cost(18, 13, 383041).
cost(18, 14, 223985).
cost(18, 15, 629092).
cost(18, 16, 312603).
cost(18, 17, 109409).
cost(18, 19, 395753).
cost(18, 20, 333636).
cost(18, 21, 190417).
cost(18, 22, 609862).
cost(18, 23, 318608).
cost(18, 24, 364930).
cost(18, 25, 245024).
cost(19, 1, 406925).
cost(19, 2, 198429).
cost(19, 3, 637653).
cost(19, 4, 363779).
cost(19, 5, 643021).
cost(19, 6, 22667).
cost(19, 7, 248227).
cost(19, 8, 552830).
cost(19, 9, 465860).
cost(19, 10, 243020).
cost(19, 11, 248401).
cost(19, 12, 190455).
cost(19, 13, 155242).
cost(19, 14, 305634).
cost(19, 15, 532990).
cost(19, 16, 213102).
cost(19, 17, 470232).
cost(19, 18, 395753).
cost(19, 20, 222669).
cost(19, 21, 418665).
cost(19, 22, 216620).
cost(19, 23, 172631).
cost(19, 24, 79135).
cost(19, 25, 211650).
cost(20, 1, 193422).
cost(20, 2, 292794).
cost(20, 3, 792774).
cost(20, 4, 226573).
cost(20, 5, 581343).
cost(20, 6, 227301).
cost(20, 7, 231699).
cost(20, 8, 612614).
cost(20, 9, 392394).
cost(20, 10, 73426).
cost(20, 11, 331920).
cost(20, 12, 62354).
cost(20, 13, 345495).
cost(20, 14, 383499).
cost(20, 15, 348083).
cost(20, 16, 23428).
cost(20, 17, 356729).
cost(20, 18, 333636).
cost(20, 19, 222669).
cost(20, 21, 454176).
cost(20, 22, 363594).
cost(20, 23, 323138).
cost(20, 24, 143873).
cost(20, 25, 94561).
cost(21, 1, 491531).
cost(21, 2, 220991).
cost(21, 3, 438053).
cost(21, 4, 322107).
cost(21, 5, 288780).
cost(21, 6, 441298).
cost(21, 7, 222485).
cost(21, 8, 971456).
cost(21, 9, 212699).
cost(21, 10, 392799).
cost(21, 11, 172707).
cost(21, 12, 394208).
cost(21, 13, 332966).
cost(21, 14, 122186).
cost(21, 15, 785740).
cost(21, 16, 430791).
cost(21, 17, 289965).
cost(21, 18, 190417).
cost(21, 19, 418665).
cost(21, 20, 454176).
cost(21, 22, 629734).
cost(21, 23, 271635).
cost(21, 24, 424091).
cost(21, 25, 359975).
cost(22, 1, 555300).
cost(22, 2, 408990).
cost(22, 3, 771688).
cost(22, 4, 559396).
cost(22, 5, 859208).
cost(22, 6, 194577).
cost(22, 7, 463212).
cost(22, 8, 351491).
cost(22, 9, 679676).
cost(22, 10, 415296).
cost(22, 11, 457168).
cost(22, 12, 363879).
cost(22, 13, 318553).
cost(22, 14, 511691).
cost(22, 15, 558491).
cost(22, 16, 367076).
cost(22, 17, 676437).
cost(22, 18, 609862).
cost(22, 19, 216620).
cost(22, 20, 363594).
cost(22, 21, 629734).
cost(22, 23, 365251).
cost(22, 24, 251935).
cost(22, 25, 398064).
cost(23, 1, 463064).
cost(23, 2, 72512).
cost(23, 3, 476910).
cost(23, 4, 353296).
cost(23, 5, 534828).
cost(23, 6, 192945).
cost(23, 7, 191669).
cost(23, 8, 714293).
cost(23, 9, 384124).
cost(23, 10, 301903).
cost(23, 11, 103448).
cost(23, 12, 266056).
cost(23, 13, 65813).
cost(23, 14, 149858).
cost(23, 15, 667121).
cost(23, 16, 303705).
cost(23, 17, 418687).
cost(23, 18, 318608).
cost(23, 19, 172631).
cost(23, 20, 323138).
cost(23, 21, 271635).
cost(23, 22, 365251).
cost(23, 24, 216460).
cost(23, 25, 258813).
cost(24, 1, 331333).
cost(24, 2, 216388).
cost(24, 3, 692741).
cost(24, 4, 307976).
cost(24, 5, 618225).
cost(24, 6, 84081).
cost(24, 7, 223579).
cost(24, 8, 559042).
cost(24, 9, 433554).
cost(24, 10, 172003).
cost(24, 11, 265501).
cost(24, 12, 118580).
cost(24, 13, 218915).
cost(24, 14, 323591).
cost(24, 15, 460692).
cost(24, 16, 135825).
cost(24, 17, 424935).
cost(24, 18, 364930).
cost(24, 19, 79135).
cost(24, 20, 143873).
cost(24, 21, 424091).
cost(24, 22, 251935).
cost(24, 23, 216460).
cost(24, 25, 147749).
cost(25, 1, 207561).
cost(25, 2, 214325).
cost(25, 3, 713604).
cost(25, 4, 161651).
cost(25, 5, 497066).
cost(25, 6, 225091).
cost(25, 7, 137693).
cost(25, 8, 682818).
cost(25, 9, 307948).
cost(25, 10, 43287).
cost(25, 11, 247244).
cost(25, 12, 41181).
cost(25, 13, 295677).
cost(25, 14, 295128).
cost(25, 15, 433881).
cost(25, 16, 71425).
cost(25, 17, 284737).
cost(25, 18, 245024).
cost(25, 19, 211650).
cost(25, 20, 94561).
cost(25, 21, 359975).
cost(25, 22, 398064).
cost(25, 23, 258813).
cost(25, 24, 147749).
