dimension(25).
point(1, 141232.0, -103893.0).
point(2, 222822.0, -198909.0).
point(3, -187399.0, 338005.0).
point(4, -110058.0, 75127.0).
point(5, -150858.0, -25597.0).
point(6, -401720.0, -106791.0).
point(7, 224078.0, -226312.0).
point(8, -15999.0, 393979.0).
point(9, 50683.0, 212197.0).
point(10, -211661.0, 329682.0).
point(11, -33984.0, 81666.0).
point(12, 267686.0, -329862.0).
point(13, 329877.0, -183259.0).
point(14, -194187.0, -159033.0).
point(15, -5892.0, -6744.0).
point(16, 193758.0, -205484.0).
point(17, 214422.0, -6344.0).
point(18, -157067.0, -159796.0).
point(19, -86727.0, -133498.0).
point(20, 397380.0, -28393.0).
point(21, 240877.0, 27274.0).
point(22, -134201.0, 8228.0).
point(23, -192225.0, -95883.0).
point(24, -42047.0, 53582.0).
point(25, 207229.0, -302801.0).
cost(1, 2, 125240).
cost(1, 3, 550702).
cost(1, 4, 308537).
cost(1, 5, 302402).
cost(1, 6, 542960).
cost(1, 7, 147817).
cost(1, 8, 522109).
cost(1, 9, 328804).
cost(1, 10, 559036).
cost(1, 11, 255211).
cost(1, 12, 258945).
cost(1, 13, 204660).
cost(1, 14, 339921).
cost(1, 15, 176305).
cost(1, 16, 114367).
cost(1, 17, 121953).
cost(1, 18, 303492).
cost(1, 19, 229873).
cost(1, 20, 267043).
cost(1, 21, 164724).
cost(1, 22, 297379).
cost(1, 23, 333553).
cost(1, 24, 241639).
cost(1, 25, 209571).
cost(2, 1, 125240).
cost(2, 3, 675691).
cost(2, 4, 431167).
cost(2, 5, 411915).
cost(2, 6, 631299).
cost(2, 7, 27432).
cost(2, 8, 639180).
cost(2, 9, 445690).
cost(2, 10, 684240).
cost(2, 11, 380357).
cost(2, 12, 138425).
cost(2, 13, 108193).
cost(2, 14, 418911).
cost(2, 15, 298726).
cost(2, 16, 29798).
cost(2, 17, 192748).
cost(2, 18, 381897).
cost(2, 19, 316385).
cost(2, 20, 244021).
cost(2, 21, 226902).
cost(2, 22, 412760).
cost(2, 23, 427643).
cost(2, 24, 365933).
cost(2, 25, 105056).
cost(3, 1, 550702).
cost(3, 2, 675691).
cost(3, 4, 274019).
cost(3, 5, 365434).
cost(3, 6, 493738).
cost(3, 7, 698403).
cost(3, 8, 180308).
cost(3, 9, 269278).
cost(3, 10, 25650).
cost(3, 11, 298740).
cost(3, 12, 808176).
cost(3, 13, 734364).
cost(3, 14, 497084).
cost(3, 15, 389611).
cost(3, 16, 663823).
cost(3, 17, 529185).
cost(3, 18, 498724).
cost(3, 19, 482131).
cost(3, 20, 690083).
cost(3, 21, 529126).
cost(3, 22, 334040).
cost(3, 23, 433915).
cost(3, 24, 319411).
cost(3, 25, 752571).
cost(4, 1, 308537).
cost(4, 2, 431167).
cost(4, 3, 274019).
cost(4, 5, 108674).
cost(4, 6, 343745).
cost(4, 7, 450014).
cost(4, 8, 332436).
cost(4, 9, 211248).
cost(4, 10, 274083).
cost(4, 11, 76355).
cost(4, 12, 553811).
cost(4, 13, 510202).
cost(4, 14, 248814).
cost(4, 15, 132489).
cost(4, 16, 413578).
cost(4, 17, 334552).
cost(4, 18, 239580).
cost(4, 19, 209926).
cost(4, 20, 517890).
cost(4, 21, 354183).
cost(4, 22, 71122).
cost(4, 23, 189726).
cost(4, 24, 71342).
cost(4, 25, 493458).
cost(5, 1, 302402).
cost(5, 2, 411915).
cost(5, 3, 365434).
cost(5, 4, 108674).
cost(5, 6, 263674).
cost(5, 7, 425281).
cost(5, 8, 440716).
cost(5, 9, 311713).
cost(5, 10, 360444).
cost(5, 11, 158634).
cost(5, 12, 517452).
cost(5, 13, 505928).
cost(5, 14, 140295).
cost(5, 15, 146187).
cost(5, 16, 388741).
cost(5, 17, 365787).
cost(5, 18, 134343).
cost(5, 19, 125521).
cost(5, 20, 548245).
cost(5, 21, 395287).
cost(5, 22, 37704).
cost(5, 23, 81556).
cost(5, 24, 134570).
cost(5, 25, 452845).
cost(6, 1, 542960).
cost(6, 2, 631299).
cost(6, 3, 493738).
cost(6, 4, 343745).
cost(6, 5, 263674).
cost(6, 7, 637109).
cost(6, 8, 632101).
cost(6, 9, 553554).
cost(6, 10, 476058).
cost(6, 11, 413214).
cost(6, 12, 705596).
cost(6, 13, 735582).
cost(6, 14, 214007).
cost(6, 15, 408276).
cost(6, 16, 603601).
cost(6, 17, 624276).
cost(6, 18, 250329).
cost(6, 19, 316123).
cost(6, 20, 802937).
cost(6, 21, 656433).
cost(6, 22, 291197).
cost(6, 23, 209779).
cost(6, 24, 393807).
cost(6, 25, 639718).
cost(7, 1, 147817).
cost(7, 2, 27432).
cost(7, 3, 698403).
cost(7, 4, 450014).
cost(7, 5, 425281).
cost(7, 6, 637109).
cost(7, 8, 665130).
cost(7, 9, 471546).
cost(7, 10, 706398).
cost(7, 11, 401804).
cost(7, 12, 112358).
cost(7, 13, 114223).
cost(7, 14, 423641).
cost(7, 15, 317956).
cost(7, 16, 36785).
cost(7, 17, 220180).
cost(7, 18, 386906).
cost(7, 19, 324367).
cost(7, 20, 263069).
cost(7, 21, 254142).
cost(7, 22, 428221).
cost(7, 23, 436257).
cost(7, 24, 386216).
cost(7, 25, 78323).
cost(8, 1, 522109).
cost(8, 2, 639180).
cost(8, 3, 180308).
cost(8, 4, 332436).
cost(8, 5, 440716).
cost(8, 6, 632101).
cost(8, 7, 665130).
cost(8, 9, 193626).
cost(8, 10, 205956).
cost(8, 11, 312830).
cost(8, 12, 777446).
cost(8, 13, 672929).
cost(8, 14, 581011).
cost(8, 15, 400850).
cost(8, 16, 635101).
cost(8, 17, 461901).
cost(8, 18, 571460).
cost(8, 19, 532198).
cost(8, 20, 590999).
cost(8, 21, 447725).
cost(8, 22, 403455).
cost(8, 23, 520596).
cost(8, 24, 341392).
cost(8, 25, 731665).
cost(9, 1, 328804).
cost(9, 2, 445690).
cost(9, 3, 269278).
cost(9, 4, 211248).
cost(9, 5, 311713).
cost(9, 6, 553554).
cost(9, 7, 471546).
cost(9, 8, 193626).
cost(9, 10, 287449).
cost(9, 11, 155585).
cost(9, 12, 583882).
cost(9, 13, 484081).
cost(9, 14, 444717).
cost(9, 15, 226132).
cost(9, 16, 441506).
cost(9, 17, 273076).
cost(9, 18, 426074).
cost(9, 19, 372003).
cost(9, 20, 421998).
cost(9, 21, 265274).
cost(9, 22, 275292).
cost(9, 23, 392323).
cost(9, 24, 183732).
cost(9, 25, 538265).
cost(10, 1, 559036).
cost(10, 2, 684240).
cost(10, 3, 25650).
cost(10, 4, 274083).
cost(10, 5, 360444).
cost(10, 6, 476058).
cost(10, 7, 706398).
cost(10, 8, 205956).
cost(10, 9, 287449).
cost(10, 11, 305092).
cost(10, 12, 815335).
cost(10, 13, 745903).
cost(10, 14, 489027).
cost(10, 15, 394364).
cost(10, 16, 671392).
cost(10, 17, 542642).
cost(10, 18, 492513).
cost(10, 19, 479733).
cost(10, 20, 706505).
cost(10, 21, 544280).
cost(10, 22, 330655).
cost(10, 23, 426009).
cost(10, 24, 324037).
cost(10, 25, 758620).
cost(11, 1, 255211).
cost(11, 2, 380357).
cost(11, 3, 298740).
cost(11, 4, 76355).
cost(11, 5, 158634).
cost(11, 6, 413214).
cost(11, 7, 401804).
cost(11, 8, 312830).
cost(11, 9, 155585).
cost(11, 10, 305092).
cost(11, 12, 510255).
cost(11, 13, 450089).
cost(11, 14, 289138).
cost(11, 15, 92766).
cost(11, 16, 366499).
cost(11, 17, 263536).
cost(11, 18, 271023).
cost(11, 19, 221534).
cost(11, 20, 445183).
cost(11, 21, 280191).
cost(11, 22, 124244).
cost(11, 23, 237832).
cost(11, 24, 29219).
cost(11, 25, 453871).
cost(12, 1, 258945).
cost(12, 2, 138425).
cost(12, 3, 808176).
cost(12, 4, 553811).
cost(12, 5, 517452).
cost(12, 6, 705596).
cost(12, 7, 112358).
cost(12, 8, 777446).
cost(12, 9, 583882).
cost(12, 10, 815335).
cost(12, 11, 510255).
cost(12, 13, 159249).
cost(12, 14, 492452).
cost(12, 15, 423379).
cost(12, 16, 144690).
cost(12, 17, 327873).
cost(12, 18, 457534).
cost(12, 19, 405176).
cost(12, 20, 328183).
cost(12, 21, 358141).
cost(12, 22, 525184).
cost(12, 23, 516008).
cost(12, 24, 492914).
cost(12, 25, 66237).
cost(13, 1, 204660).
cost(13, 2, 108193).
cost(13, 3, 734364).
cost(13, 4, 510202).
cost(13, 5, 505928).
cost(13, 6, 735582).
cost(13, 7, 114223).
cost(13, 8, 672929).
cost(13, 9, 484081).
cost(13, 10, 745903).
cost(13, 11, 450089).
cost(13, 12, 159249).
cost(13, 14, 524624).
cost(13, 15, 379339).
cost(13, 16, 137921).
cost(13, 17, 211255).
cost(13, 18, 487509).
cost(13, 19, 419565).
cost(13, 20, 168938).
cost(13, 21, 228572).
cost(13, 22, 502032).
cost(13, 23, 529363).
cost(13, 24, 440932).
cost(13, 25, 171268).
cost(14, 1, 339921).
cost(14, 2, 418911).
cost(14, 3, 497084).
cost(14, 4, 248814).
cost(14, 5, 140295).
cost(14, 6, 214007).
cost(14, 7, 423641).
cost(14, 8, 581011).
cost(14, 9, 444717).
cost(14, 10, 489027).
cost(14, 11, 289138).
cost(14, 12, 492452).
cost(14, 13, 524624).
cost(14, 15, 242171).
cost(14, 16, 390716).
cost(14, 17, 436206).
cost(14, 18, 37128).
cost(14, 19, 110452).
cost(14, 20, 605820).
cost(14, 21, 473277).
cost(14, 22, 177692).
cost(14, 23, 63180).
cost(14, 24, 261442).
cost(14, 25, 426385).
cost(15, 1, 176305).
cost(15, 2, 298726).
cost(15, 3, 389611).
cost(15, 4, 132489).
cost(15, 5, 146187).
cost(15, 6, 408276).
cost(15, 7, 317956).
cost(15, 8, 400850).
cost(15, 9, 226132).
cost(15, 10, 394364).
cost(15, 11, 92766).
cost(15, 12, 423379).
cost(15, 13, 379339).
cost(15, 14, 242171).
cost(15, 16, 281705).
cost(15, 17, 220314).
cost(15, 18, 215125).
cost(15, 19, 150336).
cost(15, 20, 403853).
cost(15, 21, 249103).
cost(15, 22, 129180).
cost(15, 23, 206557).
cost(15, 24, 70331).
cost(15, 25, 364788).
cost(16, 1, 114367).
cost(16, 2, 29798).
cost(16, 3, 663823).
cost(16, 4, 413578).
cost(16, 5, 388741).
cost(16, 6, 603601).
cost(16, 7, 36785).
cost(16, 8, 635101).
cost(16, 9, 441506).
cost(16, 10, 671392).
cost(16, 11, 366499).
cost(16, 12, 144690).
cost(16, 13, 137921).
cost(16, 14, 390716).
cost(16, 15, 281705).
cost(16, 17, 200209).
cost(16, 18, 353787).
cost(16, 19, 289575).
cost(16, 20, 269858).
cost(16, 21, 237479).
cost(16, 22, 391446).
cost(16, 23, 401242).
cost(16, 24, 350313).
cost(16, 25, 98245).
cost(17, 1, 121953).
cost(17, 2, 192748).
cost(17, 3, 529185).
cost(17, 4, 334552).
cost(17, 5, 365787).
cost(17, 6, 624276).
cost(17, 7, 220180).
cost(17, 8, 461901).
cost(17, 9, 273076).
cost(17, 10, 542642).
cost(17, 11, 263536).
cost(17, 12, 327873).
cost(17, 13, 211255).
cost(17, 14, 436206).
cost(17, 15, 220314).
cost(17, 16, 200209).
cost(17, 18, 401935).
cost(17, 19, 326893).
cost(17, 20, 184282).
cost(17, 21, 42779).
cost(17, 22, 348927).
cost(17, 23, 416388).
cost(17, 24, 263377).
cost(17, 25, 296544).
cost(18, 1, 303492).
cost(18, 2, 381897).
cost(18, 3, 498724).
cost(18, 4, 239580).
cost(18, 5, 134343).
cost(18, 6, 250329).
cost(18, 7, 386906).
cost(18, 8, 571460).
cost(18, 9, 426074).
cost(18, 10, 492513).
cost(18, 11, 271023).
cost(18, 12, 457534).
cost(18, 13, 487509).
cost(18, 14, 37128).
cost(18, 15, 215125).
cost(18, 16, 353787).
cost(18, 17, 401935).
cost(18, 19, 75095).
cost(18, 20, 569805).
cost(18, 21, 439721).
cost(18, 22, 169573).
cost(18, 23, 72945).
cost(18, 24, 242404).
cost(18, 25, 391359).
cost(19, 1, 229873).
cost(19, 2, 316385).
cost(19, 3, 482131).
cost(19, 4, 209926).
cost(19, 5, 125521).
cost(19, 6, 316123).
cost(19, 7, 324367).
cost(19, 8, 532198).
cost(19, 9, 372003).
cost(19, 10, 479733).
cost(19, 11, 221534).
cost(19, 12, 405176).
cost(19, 13, 419565).
cost(19, 14, 110452).
cost(19, 15, 150336).
cost(19, 16, 289575).
cost(19, 17, 326893).
cost(19, 18, 75095).
cost(19, 20, 495385).
cost(19, 21, 364927).
cost(19, 22, 149466).
cost(19, 23, 112003).
cost(19, 24, 192341).
cost(19, 25, 339225).
cost(20, 1, 267043).
cost(20, 2, 244021).
cost(20, 3, 690083).
cost(20, 4, 517890).
cost(20, 5, 548245).
cost(20, 6, 802937).
cost(20, 7, 263069).
cost(20, 8, 590999).
cost(20, 9, 421998).
cost(20, 10, 706505).
cost(20, 11, 445183).
cost(20, 12, 328183).
cost(20, 13, 168938).
cost(20, 14, 605820).
cost(20, 15, 403853).
cost(20, 16, 269858).
cost(20, 17, 184282).
cost(20, 18, 569805).
cost(20, 19, 495385).
cost(20, 21, 166108).
cost(20, 22, 532841).
cost(20, 23, 593455).
cost(20, 24, 447008).
cost(20, 25, 333852).
cost(21, 1, 164724).
cost(21, 2, 226902).
cost(21, 3, 529126).
cost(21, 4, 354183).
cost(21, 5, 395287).
cost(21, 6, 656433).
cost(21, 7, 254142).
cost(21, 8, 447725).
cost(21, 9, 265274).
cost(21, 10, 544280).
cost(21, 11, 280191).
cost(21, 12, 358141).
cost(21, 13, 228572).
cost(21, 14, 473277).
cost(21, 15, 249103).
cost(21, 16, 237479).
cost(21, 17, 42779).
cost(21, 18, 439721).
cost(21, 19, 364927).
cost(21, 20, 166108).
cost(21, 22, 375561).
cost(21, 23, 450272).
cost(21, 24, 284145).
cost(21, 25, 331786).
cost(22, 1, 297379).
cost(22, 2, 412760).
cost(22, 3, 334040).
cost(22, 4, 71122).
cost(22, 5, 37704).
cost(22, 6, 291197).
cost(22, 7, 428221).
cost(22, 8, 403455).
cost(22, 9, 275292).
cost(22, 10, 330655).
cost(22, 11, 124244).
cost(22, 12, 525184).
cost(22, 13, 502032).
cost(22, 14, 177692).
cost(22, 15, 129180).
cost(22, 16, 391446).
cost(22, 17, 348927).
cost(22, 18, 169573).
cost(22, 19, 149466).
cost(22, 20, 532841).
cost(22, 21, 375561).
cost(22, 23, 119188).
cost(22, 24, 102710).
cost(22, 25, 461859).
cost(23, 1, 333553).
cost(23, 2, 427643).
cost(23, 3, 433915).
cost(23, 4, 189726).
cost(23, 5, 81556).
cost(23, 6, 209779).
cost(23, 7, 436257).
cost(23, 8, 520596).
cost(23, 9, 392323).
cost(23, 10, 426009).
cost(23, 11, 237832).
cost(23, 12, 516008).
cost(23, 13, 529363).
cost(23, 14, 63180).
cost(23, 15, 206557).
cost(23, 16, 401242).
cost(23, 17, 416388).
cost(23, 18, 72945).
cost(23, 19, 112003).
cost(23, 20, 593455).
cost(23, 21, 450272).
cost(23, 22, 119188).
cost(23, 24, 211880).
cost(23, 25, 449865).
cost(24, 1, 241639).
cost(24, 2, 365933).
cost(24, 3, 319411).
cost(24, 4, 71342).
cost(24, 5, 134570).
cost(24, 6, 393807).
cost(24, 7, 386216).
cost(24, 8, 341392).
cost(24, 9, 183732).
cost(24, 10, 324037).
cost(24, 11, 29219).
cost(24, 12, 492914).
cost(24, 13, 440932).
cost(24, 14, 261442).
cost(24, 15, 70331).
cost(24, 16, 350313).
cost(24, 17, 263377).
cost(24, 18, 242404).
cost(24, 19, 192341).
cost(24, 20, 447008).
cost(24, 21, 284145).
cost(24, 22, 102710).
cost(24, 23, 211880).
cost(24, 25, 434911).
cost(25, 1, 209571).
cost(25, 2, 105056).
cost(25, 3, 752571).
cost(25, 4, 493458).
cost(25, 5, 452845).
cost(25, 6, 639718).
cost(25, 7, 78323).
cost(25, 8, 731665).
cost(25, 9, 538265).
cost(25, 10, 758620).
cost(25, 11, 453871).
cost(25, 12, 66237).
cost(25, 13, 171268).
cost(25, 14, 426385).
cost(25, 15, 364788).
cost(25, 16, 98245).
cost(25, 17, 296544).
cost(25, 18, 391359).
cost(25, 19, 339225).
cost(25, 20, 333852).
cost(25, 21, 331786).
cost(25, 22, 461859).
cost(25, 23, 449865).
cost(25, 24, 434911).
