dimension(25).
point(1, -121855.0, -376474.0).
point(2, -13597.0, -32858.0).
point(3, -85629.0, 244904.0).
point(4, 201292.0, -128060.0).
point(5, -65327.0, -172092.0).
point(6, -20428.0, -170752.0).
point(7, -63250.0, 151011.0).
point(8, -6363.0, 63896.0).
point(9, 30386.0, 196024.0).
point(10, -331549.0, -51502.0).
point(11, -264508.0, 46316.0).
point(12, 472268.0, -198803.0).
point(13, -276651.0, 30271.0).
point(14, 80545.0, -114588.0).
point(15, -99223.0, -168155.0).
point(16, -217174.0, -153281.0).
point(17, -108713.0, -118429.0).
point(18, 222947.0, -112459.0).
point(19, 99365.0, 271551.0).
point(20, 8869.0, 42026.0).
point(21, 40831.0, -68287.0).
point(22, 149500.0, 31941.0).
point(23, -68288.0, 53290.0).
point(24, -52221.0, 10014.0).
point(25, 184224.0, 158334.0).
cost(1, 2, 360266).
cost(1, 3, 622433).
cost(1, 4, 407595).
cost(1, 5, 212055).
cost(1, 6, 229366).
cost(1, 7, 530731).
cost(1, 8, 455263).
cost(1, 9, 592395).
cost(1, 10, 386754).
cost(1, 11, 446208).
cost(1, 12, 620120).
cost(1, 13, 435205).
cost(1, 14, 330983).
cost(1, 15, 209545).
cost(1, 16, 242695).
cost(1, 17, 258379).
cost(1, 18, 434272).
cost(1, 19, 684744).
cost(1, 20, 438442).
cost(1, 21, 348491).
cost(1, 22, 490343).
cost(1, 23, 433090).
cost(1, 24, 392711).
cost(1, 25, 616201).
cost(2, 1, 360266).
cost(2, 3, 286950).
cost(2, 4, 235033).
cost(2, 5, 148533).
cost(2, 6, 138063).
cost(2, 7, 190455).
cost(2, 8, 97024).
cost(2, 9, 233070).
cost(2, 10, 318498).
cost(2, 11, 263106).
cost(2, 12, 513422).
cost(2, 13, 270523).
cost(2, 14, 124670).
cost(2, 15, 160116).
cost(2, 16, 236528).
cost(2, 17, 127943).
cost(2, 18, 249578).
cost(2, 19, 324693).
cost(2, 20, 78181).
cost(2, 21, 64943).
cost(2, 22, 175498).
cost(2, 23, 102042).
cost(2, 24, 57705).
cost(2, 25, 275114).
cost(3, 1, 622433).
cost(3, 2, 286950).
cost(3, 4, 470559).
cost(3, 5, 417490).
cost(3, 6, 420739).
cost(3, 7, 96523).
cost(3, 8, 197603).
cost(3, 9, 125892).
cost(3, 10, 385140).
cost(3, 11, 267273).
cost(3, 12, 712829).
cost(3, 13, 287327).
cost(3, 14, 396041).
cost(3, 15, 413283).
cost(3, 16, 419351).
cost(3, 17, 364066).
cost(3, 18, 472152).
cost(3, 19, 186903).
cost(3, 20, 223807).
cost(3, 21, 337758).
cost(3, 22, 317236).
cost(3, 23, 192397).
cost(3, 24, 237254).
cost(3, 25, 283399).
cost(4, 1, 407595).
cost(4, 2, 235033).
cost(4, 3, 470559).
cost(4, 5, 270230).
cost(4, 6, 225793).
cost(4, 7, 384530).
cost(4, 8, 282786).
cost(4, 9, 366387).
cost(4, 10, 538313).
cost(4, 11, 497370).
cost(4, 12, 280058).
cost(4, 13, 503486).
cost(4, 14, 121496).
cost(4, 15, 303178).
cost(4, 16, 419225).
cost(4, 17, 310155).
cost(4, 18, 26690).
cost(4, 19, 412405).
cost(4, 20, 256819).
cost(4, 21, 171232).
cost(4, 22, 168175).
cost(4, 23, 324902).
cost(4, 24, 288675).
cost(4, 25, 286902).
cost(5, 1, 212055).
cost(5, 2, 148533).
cost(5, 3, 417490).
cost(5, 4, 270230).
cost(5, 6, 44919).
cost(5, 7, 323110).
cost(5, 8, 243243).
cost(5, 9, 380356).
cost(5, 10, 292260).
cost(5, 11, 295593).
cost(5, 12, 538258).
cost(5, 13, 292590).
cost(5, 14, 156797).
cost(5, 15, 34124).
cost(5, 16, 153008).
cost(5, 17, 69008).
cost(5, 18, 294377).
cost(5, 19, 473226).
cost(5, 20, 226609).
cost(5, 21, 148476).
cost(5, 22, 296277).
cost(5, 23, 225401).
cost(5, 24, 182577).
cost(5, 25, 414074).
cost(6, 1, 229366).
cost(6, 2, 138063).
cost(6, 3, 420739).
cost(6, 4, 225793).
cost(6, 5, 44919).
cost(6, 7, 324600).
cost(6, 8, 235069).
cost(6, 9, 370279).
cost(6, 10, 333192).
cost(6, 11, 326640).
cost(6, 12, 493494).
cost(6, 13, 325669).
cost(6, 14, 115542).
cost(6, 15, 78838).
cost(6, 16, 197520).
cost(6, 17, 102625).
cost(6, 18, 250259).
cost(6, 19, 458238).
cost(6, 20, 214785).
cost(6, 21, 119381).
cost(6, 22, 264499).
cost(6, 23, 229097).
cost(6, 24, 183541).
cost(6, 25, 387531).
cost(7, 1, 530731).
cost(7, 2, 190455).
cost(7, 3, 96523).
cost(7, 4, 384530).
cost(7, 5, 323110).
cost(7, 6, 324600).
cost(7, 8, 104044).
cost(7, 9, 103894).
cost(7, 10, 336149).
cost(7, 11, 226861).
cost(7, 12, 639648).
cost(7, 13, 245190).
cost(7, 14, 302026).
cost(7, 15, 321187).
cost(7, 16, 341008).
cost(7, 17, 273249).
cost(7, 18, 389005).
cost(7, 19, 202419).
cost(7, 20, 130686).
cost(7, 21, 242744).
cost(7, 22, 243804).
cost(7, 23, 97851).
cost(7, 24, 141428).
cost(7, 25, 247582).
cost(8, 1, 455263).
cost(8, 2, 97024).
cost(8, 3, 197603).
cost(8, 4, 282786).
cost(8, 5, 243243).
cost(8, 6, 235069).
cost(8, 7, 104044).
cost(8, 9, 137143).
cost(8, 10, 345055).
cost(8, 11, 258743).
cost(8, 12, 545984).
cost(8, 13, 272372).
cost(8, 14, 198518).
cost(8, 15, 249941).
cost(8, 16, 302667).
cost(8, 17, 209088).
cost(8, 18, 289282).
cost(8, 19, 233021).
cost(8, 20, 26652).
cost(8, 21, 140355).
cost(8, 22, 159105).
cost(8, 23, 62827).
cost(8, 24, 70755).
cost(8, 25, 212702).
cost(9, 1, 592395).
cost(9, 2, 233070).
cost(9, 3, 125892).
cost(9, 4, 366387).
cost(9, 5, 380356).
cost(9, 6, 370279).
cost(9, 7, 103894).
cost(9, 8, 137143).
cost(9, 10, 438482).
cost(9, 11, 330719).
cost(9, 12, 592577).
cost(9, 13, 348921).
cost(9, 14, 314636).
cost(9, 15, 386555).
cost(9, 16, 428135).
cost(9, 17, 343845).
cost(9, 18, 363650).
cost(9, 19, 102286).
cost(9, 20, 155494).
cost(9, 21, 264517).
cost(9, 22, 202759).
cost(9, 23, 173521).
cost(9, 24, 203528).
cost(9, 25, 158388).
cost(10, 1, 386754).
cost(10, 2, 318498).
cost(10, 3, 385140).
cost(10, 4, 538313).
cost(10, 5, 292260).
cost(10, 6, 333192).
cost(10, 7, 336149).
cost(10, 8, 345055).
cost(10, 9, 438482).
cost(10, 11, 118587).
cost(10, 12, 817202).
cost(10, 13, 98492).
cost(10, 14, 416895).
cost(10, 15, 259968).
cost(10, 16, 153103).
cost(10, 17, 232670).
cost(10, 18, 557837).
cost(10, 19, 538563).
cost(10, 20, 353032).
cost(10, 21, 372758).
cost(10, 22, 488232).
cost(10, 23, 283351).
cost(10, 24, 286022).
cost(10, 25, 556824).
cost(11, 1, 446208).
cost(11, 2, 263106).
cost(11, 3, 267273).
cost(11, 4, 497370).
cost(11, 5, 295593).
cost(11, 6, 326640).
cost(11, 7, 226861).
cost(11, 8, 258743).
cost(11, 9, 330719).
cost(11, 10, 118587).
cost(11, 12, 776481).
cost(11, 13, 20122).
cost(11, 14, 380725).
cost(11, 15, 270771).
cost(11, 16, 205133).
cost(11, 17, 226744).
cost(11, 18, 512662).
cost(11, 19, 427942).
cost(11, 20, 273411).
cost(11, 21, 326138).
cost(11, 22, 414257).
cost(11, 23, 196344).
cost(11, 24, 215369).
cost(11, 25, 462502).
cost(12, 1, 620120).
cost(12, 2, 513422).
cost(12, 3, 712829).
cost(12, 4, 280058).
cost(12, 5, 538258).
cost(12, 6, 493494).
cost(12, 7, 639648).
cost(12, 8, 545984).
cost(12, 9, 592577).
cost(12, 10, 817202).
cost(12, 11, 776481).
cost(12, 13, 783170).
cost(12, 14, 400673).
cost(12, 15, 572312).
cost(12, 16, 690943).
cost(12, 17, 586514).
cost(12, 18, 263849).
cost(12, 19, 600241).
cost(12, 20, 522243).
cost(12, 21, 450746).
cost(12, 22, 396764).
cost(12, 23, 596449).
cost(12, 24, 564529).
cost(12, 25, 458820).
cost(13, 1, 435205).
cost(13, 2, 270523).
cost(13, 3, 287327).
cost(13, 4, 503486).
cost(13, 5, 292590).
cost(13, 6, 325669).
cost(13, 7, 245190).
cost(13, 8, 272372).
cost(13, 9, 348921).
cost(13, 10, 98492).
cost(13, 11, 20122).
cost(13, 12, 783170).
cost(13, 14, 385452).
cost(13, 15, 266183).
cost(13, 16, 192948).
cost(13, 17, 224310).
cost(13, 18, 519586).
cost(13, 19, 446771).
cost(13, 20, 285762).
cost(13, 21, 332428).
cost(13, 22, 426154).
cost(13, 23, 209631).
cost(13, 24, 225342).
cost(13, 25, 478337).
cost(14, 1, 330983).
cost(14, 2, 124670).
cost(14, 3, 396041).
cost(14, 4, 121496).
cost(14, 5, 156797).
cost(14, 6, 115542).
cost(14, 7, 302026).
cost(14, 8, 198518).
cost(14, 9, 314636).
cost(14, 10, 416895).
cost(14, 11, 380725).
cost(14, 12, 400673).
cost(14, 13, 385452).
cost(14, 15, 187579).
cost(14, 16, 300223).
cost(14, 17, 189297).
cost(14, 18, 142418).
cost(14, 19, 386597).
cost(14, 20, 172236).
cost(14, 21, 61000).
cost(14, 22, 161943).
cost(14, 23, 224353).
cost(14, 24, 182078).
cost(14, 25, 291952).
cost(15, 1, 209545).
cost(15, 2, 160116).
cost(15, 3, 413283).
cost(15, 4, 303178).
cost(15, 5, 34124).
cost(15, 6, 78838).
cost(15, 7, 321187).
cost(15, 8, 249941).
cost(15, 9, 386555).
cost(15, 10, 259968).
cost(15, 11, 270771).
cost(15, 12, 572312).
cost(15, 13, 266183).
cost(15, 14, 187579).
cost(15, 16, 118885).
cost(15, 17, 50623).
cost(15, 18, 326949).
cost(15, 19, 482471).
cost(15, 20, 236347).
cost(15, 21, 172014).
cost(15, 22, 319220).
cost(15, 23, 223595).
cost(15, 24, 184264).
cost(15, 25, 432362).
cost(16, 1, 242695).
cost(16, 2, 236528).
cost(16, 3, 419351).
cost(16, 4, 419225).
cost(16, 5, 153008).
cost(16, 6, 197520).
cost(16, 7, 341008).
cost(16, 8, 302667).
cost(16, 9, 428135).
cost(16, 10, 153103).
cost(16, 11, 205133).
cost(16, 12, 690943).
cost(16, 13, 192948).
cost(16, 14, 300223).
cost(16, 15, 118885).
cost(16, 17, 113923).
cost(16, 18, 442010).
cost(16, 19, 529792).
cost(16, 20, 298731).
cost(16, 21, 271644).
cost(16, 22, 410800).
cost(16, 23, 254634).
cost(16, 24, 232109).
cost(16, 25, 508158).
cost(17, 1, 258379).
cost(17, 2, 127943).
cost(17, 3, 364066).
cost(17, 4, 310155).
cost(17, 5, 69008).
cost(17, 6, 102625).
cost(17, 7, 273249).
cost(17, 8, 209088).
cost(17, 9, 343845).
cost(17, 10, 232670).
cost(17, 11, 226744).
cost(17, 12, 586514).
cost(17, 13, 224310).
cost(17, 14, 189297).
cost(17, 15, 50623).
cost(17, 16, 113923).
cost(17, 18, 331714).
cost(17, 19, 442019).
cost(17, 20, 198925).
cost(17, 21, 157726).
cost(17, 22, 298806).
cost(17, 23, 176413).
cost(17, 24, 140317).
cost(17, 25, 403001).
cost(18, 1, 434272).
cost(18, 2, 249578).
cost(18, 3, 472152).
cost(18, 4, 26690).
cost(18, 5, 294377).
cost(18, 6, 250259).
cost(18, 7, 389005).
cost(18, 8, 289282).
cost(18, 9, 363650).
cost(18, 10, 557837).
cost(18, 11, 512662).
cost(18, 12, 263849).
cost(18, 13, 519586).
cost(18, 14, 142418).
cost(18, 15, 326949).
cost(18, 16, 442010).
cost(18, 17, 331714).
cost(18, 19, 403406).
cost(18, 20, 263998).
cost(18, 21, 187396).
cost(18, 22, 162006).
cost(18, 23, 335098).
cost(18, 24, 301193).
cost(18, 25, 273548).
cost(19, 1, 684744).
cost(19, 2, 324693).
cost(19, 3, 186903).
cost(19, 4, 412405).
cost(19, 5, 473226).
cost(19, 6, 458238).
cost(19, 7, 202419).
cost(19, 8, 233021).
cost(19, 9, 102286).
cost(19, 10, 538563).
cost(19, 11, 427942).
cost(19, 12, 600241).
cost(19, 13, 446771).
cost(19, 14, 386597).
cost(19, 15, 482471).
cost(19, 16, 529792).
cost(19, 17, 442019).
cost(19, 18, 403406).
cost(19, 20, 246721).
cost(19, 21, 344842).
cost(19, 22, 244799).
cost(19, 23, 275219).
cost(19, 24, 302291).
cost(19, 25, 141489).
cost(20, 1, 438442).
cost(20, 2, 78181).
cost(20, 3, 223807).
cost(20, 4, 256819).
cost(20, 5, 226609).
cost(20, 6, 214785).
cost(20, 7, 130686).
cost(20, 8, 26652).
cost(20, 9, 155494).
cost(20, 10, 353032).
cost(20, 11, 273411).
cost(20, 12, 522243).
cost(20, 13, 285762).
cost(20, 14, 172236).
cost(20, 15, 236347).
cost(20, 16, 298731).
cost(20, 17, 198925).
cost(20, 18, 263998).
cost(20, 19, 246721).
cost(20, 21, 114850).
cost(20, 22, 140992).
cost(20, 23, 77975).
cost(20, 24, 68969).
cost(20, 25, 210421).
cost(21, 1, 348491).
cost(21, 2, 64943).
cost(21, 3, 337758).
cost(21, 4, 171232).
cost(21, 5, 148476).
cost(21, 6, 119381).
cost(21, 7, 242744).
cost(21, 8, 140355).
cost(21, 9, 264517).
cost(21, 10, 372758).
cost(21, 11, 326138).
cost(21, 12, 450746).
cost(21, 13, 332428).
cost(21, 14, 61000).
cost(21, 15, 172014).
cost(21, 16, 271644).
cost(21, 17, 157726).
cost(21, 18, 187396).
cost(21, 19, 344842).
cost(21, 20, 114850).
cost(21, 22, 147833).
cost(21, 23, 163364).
cost(21, 24, 121613).
cost(21, 25, 268176).
cost(22, 1, 490343).
cost(22, 2, 175498).
cost(22, 3, 317236).
cost(22, 4, 168175).
cost(22, 5, 296277).
cost(22, 6, 264499).
cost(22, 7, 243804).
cost(22, 8, 159105).
cost(22, 9, 202759).
cost(22, 10, 488232).
cost(22, 11, 414257).
cost(22, 12, 396764).
cost(22, 13, 426154).
cost(22, 14, 161943).
cost(22, 15, 319220).
cost(22, 16, 410800).
cost(22, 17, 298806).
cost(22, 18, 162006).
cost(22, 19, 244799).
cost(22, 20, 140992).
cost(22, 21, 147833).
cost(22, 23, 218832).
cost(22, 24, 202909).
cost(22, 25, 131076).
cost(23, 1, 433090).
cost(23, 2, 102042).
cost(23, 3, 192397).
cost(23, 4, 324902).
cost(23, 5, 225401).
cost(23, 6, 229097).
cost(23, 7, 97851).
cost(23, 8, 62827).
cost(23, 9, 173521).
cost(23, 10, 283351).
cost(23, 11, 196344).
cost(23, 12, 596449).
cost(23, 13, 209631).
cost(23, 14, 224353).
cost(23, 15, 223595).
cost(23, 16, 254634).
cost(23, 17, 176413).
cost(23, 18, 335098).
cost(23, 19, 275219).
cost(23, 20, 77975).
cost(23, 21, 163364).
cost(23, 22, 218832).
cost(23, 24, 46162).
cost(23, 25, 273490).
cost(24, 1, 392711).
cost(24, 2, 57705).
cost(24, 3, 237254).
cost(24, 4, 288675).
cost(24, 5, 182577).
cost(24, 6, 183541).
cost(24, 7, 141428).
cost(24, 8, 70755).
cost(24, 9, 203528).
cost(24, 10, 286022).
cost(24, 11, 215369).
cost(24, 12, 564529).
cost(24, 13, 225342).
cost(24, 14, 182078).
cost(24, 15, 184264).
cost(24, 16, 232109).
cost(24, 17, 140317).
cost(24, 18, 301193).
cost(24, 19, 302291).
cost(24, 20, 68969).
cost(24, 21, 121613).
cost(24, 22, 202909).
cost(24, 23, 46162).
cost(24, 25, 279115).
cost(25, 1, 616201).
cost(25, 2, 275114).
cost(25, 3, 283399).
cost(25, 4, 286902).
cost(25, 5, 414074).
cost(25, 6, 387531).
cost(25, 7, 247582).
cost(25, 8, 212702).
cost(25, 9, 158388).
cost(25, 10, 556824).
cost(25, 11, 462502).
cost(25, 12, 458820).
cost(25, 13, 478337).
cost(25, 14, 291952).
cost(25, 15, 432362).
cost(25, 16, 508158).
cost(25, 17, 403001).
cost(25, 18, 273548).
cost(25, 19, 141489).
cost(25, 20, 210421).
cost(25, 21, 268176).
cost(25, 22, 131076).
cost(25, 23, 273490).
cost(25, 24, 279115).
