dimension(25).
point(1, 432145.0, -214889.0).
point(2, -119945.0, -116409.0).
point(3, 337499.0, 207527.0).
point(4, 240558.0, -90261.0).
point(5, 291207.0, 160118.0).
point(6, -62976.0, 426252.0).
point(7, 453593.0, 187929.0).
point(8, -258805.0, 365638.0).
point(9, 142354.0, 180389.0).
point(10, 887.0, -247269.0).
point(11, -139906.0, 190955.0).
point(12, 235697.0, 232351.0).
point(13, -107910.0, 85966.0).
point(14, -59269.0, -207089.0).
point(15, -306559.0, -264558.0).
point(16, 77932.0, -345020.0).
point(17, -1951.0, 85558.0).
point(18, -328669.0, -72591.0).
point(19, -149814.0, 9681.0).
point(20, -452717.0, 113767.0).
point(21, 324941.0, 221615.0).
point(22, -403614.0, -44387.0).
point(23, -112956.0, -66469.0).
point(24, 437470.0, 97993.0).
point(25, -397469.0, -115081.0).
cost(1, 2, 560804).
cost(1, 3, 432889).
cost(1, 4, 228556).
cost(1, 5, 400617).
cost(1, 6, 810066).
cost(1, 7, 403389).
cost(1, 8, 902454).
cost(1, 9, 490126).
cost(1, 10, 432472).
cost(1, 11, 701393).
cost(1, 12, 488483).
cost(1, 13, 618202).
cost(1, 14, 491476).
cost(1, 15, 740372).
cost(1, 16, 377360).
cost(1, 17, 527928).
cost(1, 18, 774007).
cost(1, 19, 623785).
cost(1, 20, 943926).
cost(1, 21, 449476).
cost(1, 22, 852974).
cost(1, 23, 564946).
cost(1, 24, 312927).
cost(1, 25, 835596).
cost(2, 1, 560804).
cost(2, 3, 560526).
cost(2, 4, 361450).
cost(2, 5, 495493).
cost(2, 6, 545643).
cost(2, 7, 649282).
cost(2, 8, 501649).
cost(2, 9, 396093).
cost(2, 10, 178114).
cost(2, 11, 308011).
cost(2, 12, 498111).
cost(2, 13, 202733).
cost(2, 14, 109107).
cost(2, 15, 238271).
cost(2, 16, 302355).
cost(2, 17, 233909).
cost(2, 18, 213274).
cost(2, 19, 129579).
cost(2, 20, 404621).
cost(2, 21, 558734).
cost(2, 22, 292669).
cost(2, 23, 50427).
cost(2, 24, 597227).
cost(2, 25, 277527).
cost(3, 1, 432889).
cost(3, 2, 560526).
cost(3, 4, 313170).
cost(3, 5, 66261).
cost(3, 6, 456312).
cost(3, 7, 117737).
cost(3, 8, 616910).
cost(3, 9, 197023).
cost(3, 10, 565815).
cost(3, 11, 477693).
cost(3, 12, 104785).
cost(3, 13, 461699).
cost(3, 14, 573874).
cost(3, 15, 798546).
cost(3, 16, 610478).
cost(3, 17, 360698).
cost(3, 18, 722666).
cost(3, 19, 525944).
cost(3, 20, 795759).
cost(3, 21, 18873).
cost(3, 22, 782757).
cost(3, 23, 527241).
cost(3, 24, 148297).
cost(3, 25, 802654).
cost(4, 1, 228556).
cost(4, 2, 361450).
cost(4, 3, 313170).
cost(4, 5, 255451).
cost(4, 6, 599098).
cost(4, 7, 350391).
cost(4, 8, 676171).
cost(4, 9, 287916).
cost(4, 10, 286520).
cost(4, 11, 473112).
cost(4, 12, 322649).
cost(4, 13, 390494).
cost(4, 14, 321784).
cost(4, 15, 574209).
cost(4, 16, 302241).
cost(4, 17, 299538).
cost(4, 18, 569501).
cost(4, 19, 402962).
cost(4, 20, 722674).
cost(4, 21, 323090).
cost(4, 22, 645803).
cost(4, 23, 354314).
cost(4, 24, 272422).
cost(4, 25, 638510).
cost(5, 1, 400617).
cost(5, 2, 495493).
cost(5, 3, 66261).
cost(5, 4, 255451).
cost(5, 6, 443027).
cost(5, 7, 164750).
cost(5, 8, 587156).
cost(5, 9, 150227).
cost(5, 10, 500250).
cost(5, 11, 432214).
cost(5, 12, 91099).
cost(5, 13, 405947).
cost(5, 14, 507616).
cost(5, 15, 733263).
cost(5, 16, 548316).
cost(5, 17, 302491).
cost(5, 18, 662118).
cost(5, 19, 465973).
cost(5, 20, 745367).
cost(5, 21, 70142).
cost(5, 22, 724292).
cost(5, 23, 463346).
cost(5, 24, 158910).
cost(5, 25, 741626).
cost(6, 1, 810066).
cost(6, 2, 545643).
cost(6, 3, 456312).
cost(6, 4, 599098).
cost(6, 5, 443027).
cost(6, 7, 568895).
cost(6, 8, 204995).
cost(6, 9, 320326).
cost(6, 10, 676542).
cost(6, 11, 247554).
cost(6, 12, 356094).
cost(6, 13, 343240).
cost(6, 14, 633352).
cost(6, 15, 732497).
cost(6, 16, 784038).
cost(6, 17, 346116).
cost(6, 18, 565188).
cost(6, 19, 425526).
cost(6, 20, 499545).
cost(6, 21, 438584).
cost(6, 22, 580978).
cost(6, 23, 495249).
cost(6, 24, 598498).
cost(6, 25, 636339).
cost(7, 1, 403389).
cost(7, 2, 649282).
cost(7, 3, 117737).
cost(7, 4, 350391).
cost(7, 5, 164750).
cost(7, 6, 568895).
cost(7, 8, 734228).
cost(7, 9, 311330).
cost(7, 10, 627965).
cost(7, 11, 593507).
cost(7, 12, 222378).
cost(7, 13, 570686).
cost(7, 14, 647354).
cost(7, 15, 884633).
cost(7, 16, 652040).
cost(7, 17, 466905).
cost(7, 18, 824503).
cost(7, 19, 629184).
cost(7, 20, 909339).
cost(7, 21, 132989).
cost(7, 22, 888130).
cost(7, 23, 621044).
cost(7, 24, 91370).
cost(7, 25, 903394).
cost(8, 1, 902454).
cost(8, 2, 501649).
cost(8, 3, 616910).
cost(8, 4, 676171).
cost(8, 5, 587156).
cost(8, 6, 204995).
cost(8, 7, 734228).
cost(8, 9, 441866).
cost(8, 10, 665654).
cost(8, 11, 211308).
cost(8, 12, 512150).
cost(8, 13, 317783).
cost(8, 14, 606491).
cost(8, 15, 632003).
cost(8, 16, 786401).
cost(8, 17, 380025).
cost(8, 18, 443763).
cost(8, 19, 372269).
cost(8, 20, 317869).
cost(8, 21, 601250).
cost(8, 22, 434845).
cost(8, 23, 456057).
cost(8, 24, 745944).
cost(8, 25, 500318).
cost(9, 1, 490126).
cost(9, 2, 396093).
cost(9, 3, 197023).
cost(9, 4, 287916).
cost(9, 5, 150227).
cost(9, 6, 320326).
cost(9, 7, 311330).
cost(9, 8, 441866).
cost(9, 10, 450449).
cost(9, 11, 282458).
cost(9, 12, 106831).
cost(9, 13, 267484).
cost(9, 14, 436796).
cost(9, 15, 632061).
cost(9, 16, 529344).
cost(9, 17, 172676).
cost(9, 18, 534660).
cost(9, 19, 338383).
cost(9, 20, 598789).
cost(9, 21, 187183).
cost(9, 22, 590428).
cost(9, 23, 355137).
cost(9, 24, 306403).
cost(9, 25, 615395).
cost(10, 1, 432472).
cost(10, 2, 178114).
cost(10, 3, 565815).
cost(10, 4, 286520).
cost(10, 5, 500250).
cost(10, 6, 676542).
cost(10, 7, 627965).
cost(10, 8, 665654).
cost(10, 9, 450449).
cost(10, 11, 460286).
cost(10, 12, 534014).
cost(10, 13, 350546).
cost(10, 14, 72341).
cost(10, 15, 307932).
cost(10, 16, 124464).
cost(10, 17, 332839).
cost(10, 18, 372987).
cost(10, 19, 297883).
cost(10, 20, 579744).
cost(10, 21, 569968).
cost(10, 22, 452529).
cost(10, 23, 213656).
cost(10, 24, 556606).
cost(10, 25, 419716).
cost(11, 1, 701393).
cost(11, 2, 308011).
cost(11, 3, 477693).
cost(11, 4, 473112).
cost(11, 5, 432214).
cost(11, 6, 247554).
cost(11, 7, 593507).
cost(11, 8, 211308).
cost(11, 9, 282458).
cost(11, 10, 460286).
cost(11, 12, 377877).
cost(11, 13, 109756).
cost(11, 14, 406130).
cost(11, 15, 485042).
cost(11, 16, 578552).
cost(11, 17, 173609).
cost(11, 18, 324173).
cost(11, 19, 181545).
cost(11, 20, 322194).
cost(11, 21, 465857).
cost(11, 22, 353451).
cost(11, 23, 258831).
cost(11, 24, 584812).
cost(11, 25, 399996).
cost(12, 1, 488483).
cost(12, 2, 498111).
cost(12, 3, 104785).
cost(12, 4, 322649).
cost(12, 5, 91099).
cost(12, 6, 356094).
cost(12, 7, 222378).
cost(12, 8, 512150).
cost(12, 9, 106831).
cost(12, 10, 534014).
cost(12, 11, 377877).
cost(12, 13, 373489).
cost(12, 14, 529257).
cost(12, 15, 735500).
cost(12, 16, 598537).
cost(12, 17, 279329).
cost(12, 18, 641482).
cost(12, 19, 445197).
cost(12, 20, 698553).
cost(12, 21, 89887).
cost(12, 22, 696637).
cost(12, 23, 459187).
cost(12, 24, 242414).
cost(12, 25, 722224).
cost(13, 1, 618202).
cost(13, 2, 202733).
cost(13, 3, 461699).
cost(13, 4, 390494).
cost(13, 5, 405947).
cost(13, 6, 343240).
cost(13, 7, 570686).
cost(13, 8, 317783).
cost(13, 9, 267484).
cost(13, 10, 350546).
cost(13, 11, 109756).
cost(13, 12, 373489).
cost(13, 14, 297064).
cost(13, 15, 402900).
cost(13, 16, 469347).
cost(13, 17, 105960).
cost(13, 18, 271799).
cost(13, 19, 87036).
cost(13, 20, 345926).
cost(13, 21, 453608).
cost(13, 22, 323161).
cost(13, 23, 152518).
cost(13, 24, 545513).
cost(13, 25, 352511).
cost(14, 1, 491476).
cost(14, 2, 109107).
cost(14, 3, 573874).
cost(14, 4, 321784).
cost(14, 5, 507616).
cost(14, 6, 633352).
cost(14, 7, 647354).
cost(14, 8, 606491).
cost(14, 9, 436796).
cost(14, 10, 72341).
cost(14, 11, 406130).
cost(14, 12, 529257).
cost(14, 13, 297064).
cost(14, 15, 253880).
cost(14, 16, 194548).
cost(14, 17, 298207).
cost(14, 18, 301108).
cost(14, 19, 234920).
cost(14, 20, 507691).
cost(14, 21, 575677).
cost(14, 22, 380848).
cost(14, 23, 150520).
cost(14, 24, 582945).
cost(14, 25, 350492).
cost(15, 1, 740372).
cost(15, 2, 238271).
cost(15, 3, 798546).
cost(15, 4, 574209).
cost(15, 5, 733263).
cost(15, 6, 732497).
cost(15, 7, 884633).
cost(15, 8, 632003).
cost(15, 9, 632061).
cost(15, 10, 307932).
cost(15, 11, 485042).
cost(15, 12, 735500).
cost(15, 13, 402900).
cost(15, 14, 253880).
cost(15, 16, 392820).
cost(15, 17, 464077).
cost(15, 18, 193236).
cost(15, 19, 315873).
cost(15, 20, 405576).
cost(15, 21, 796967).
cost(15, 22, 240614).
cost(15, 23, 276986).
cost(15, 24, 827661).
cost(15, 25, 174951).
cost(16, 1, 377360).
cost(16, 2, 302355).
cost(16, 3, 610478).
cost(16, 4, 302241).
cost(16, 5, 548316).
cost(16, 6, 784038).
cost(16, 7, 652040).
cost(16, 8, 786401).
cost(16, 9, 529344).
cost(16, 10, 124464).
cost(16, 11, 578552).
cost(16, 12, 598537).
cost(16, 13, 469347).
cost(16, 14, 194548).
cost(16, 15, 392820).
cost(16, 17, 437925).
cost(16, 18, 489430).
cost(16, 19, 421522).
cost(16, 20, 701480).
cost(16, 21, 618133).
cost(16, 22, 567685).
cost(16, 23, 337682).
cost(16, 24, 570551).
cost(16, 25, 528089).
cost(17, 1, 527928).
cost(17, 2, 233909).
cost(17, 3, 360698).
cost(17, 4, 299538).
cost(17, 5, 302491).
cost(17, 6, 346116).
cost(17, 7, 466905).
cost(17, 8, 380025).
cost(17, 9, 172676).
cost(17, 10, 332839).
cost(17, 11, 173609).
cost(17, 12, 279329).
cost(17, 13, 105960).
cost(17, 14, 298207).
cost(17, 15, 464077).
cost(17, 16, 437925).
cost(17, 18, 362982).
cost(17, 19, 166195).
cost(17, 20, 451648).
cost(17, 21, 354076).
cost(17, 22, 422160).
cost(17, 23, 188240).
cost(17, 24, 439597).
cost(17, 25, 443498).
cost(18, 1, 774007).
cost(18, 2, 213274).
cost(18, 3, 722666).
cost(18, 4, 569501).
cost(18, 5, 662118).
cost(18, 6, 565188).
cost(18, 7, 824503).
cost(18, 8, 443763).
cost(18, 9, 534660).
cost(18, 10, 372987).
cost(18, 11, 324173).
cost(18, 12, 641482).
cost(18, 13, 271799).
cost(18, 14, 301108).
cost(18, 15, 193236).
cost(18, 16, 489430).
cost(18, 17, 362982).
cost(18, 19, 196870).
cost(18, 20, 223869).
cost(18, 21, 716773).
cost(18, 22, 80076).
cost(18, 23, 215800).
cost(18, 24, 784900).
cost(18, 25, 80863).
cost(19, 1, 623785).
cost(19, 2, 129579).
cost(19, 3, 525944).
cost(19, 4, 402962).
cost(19, 5, 465973).
cost(19, 6, 425526).
cost(19, 7, 629184).
cost(19, 8, 372269).
cost(19, 9, 338383).
cost(19, 10, 297883).
cost(19, 11, 181545).
cost(19, 12, 445197).
cost(19, 13, 87036).
cost(19, 14, 234920).
cost(19, 15, 315873).
cost(19, 16, 421522).
cost(19, 17, 166195).
cost(19, 18, 196870).
cost(19, 20, 320288).
cost(19, 21, 519912).
cost(19, 22, 259495).
cost(19, 23, 84601).
cost(19, 24, 593887).
cost(19, 25, 277306).
cost(20, 1, 943926).
cost(20, 2, 404621).
cost(20, 3, 795759).
cost(20, 4, 722674).
cost(20, 5, 745367).
cost(20, 6, 499545).
cost(20, 7, 909339).
cost(20, 8, 317869).
cost(20, 9, 598789).
cost(20, 10, 579744).
cost(20, 11, 322194).
cost(20, 12, 698553).
cost(20, 13, 345926).
cost(20, 14, 507691).
cost(20, 15, 405576).
cost(20, 16, 701480).
cost(20, 17, 451648).
cost(20, 18, 223869).
cost(20, 19, 320288).
cost(20, 21, 785101).
cost(20, 22, 165601).
cost(20, 23, 384607).
cost(20, 24, 890327).
cost(20, 25, 235422).
cost(21, 1, 449476).
cost(21, 2, 558734).
cost(21, 3, 18873).
cost(21, 4, 323090).
cost(21, 5, 70142).
cost(21, 6, 438584).
cost(21, 7, 132989).
cost(21, 8, 601250).
cost(21, 9, 187183).
cost(21, 10, 569968).
cost(21, 11, 465857).
cost(21, 12, 89887).
cost(21, 13, 453608).
cost(21, 14, 575677).
cost(21, 15, 796967).
cost(21, 16, 618133).
cost(21, 17, 354076).
cost(21, 18, 716773).
cost(21, 19, 519912).
cost(21, 20, 785101).
cost(21, 22, 775596).
cost(21, 23, 524162).
cost(21, 24, 167168).
cost(21, 25, 797020).
cost(22, 1, 852974).
cost(22, 2, 292669).
cost(22, 3, 782757).
cost(22, 4, 645803).
cost(22, 5, 724292).
cost(22, 6, 580978).
cost(22, 7, 888130).
cost(22, 8, 434845).
cost(22, 9, 590428).
cost(22, 10, 452529).
cost(22, 11, 353451).
cost(22, 12, 696637).
cost(22, 13, 323161).
cost(22, 14, 380848).
cost(22, 15, 240614).
cost(22, 16, 567685).
cost(22, 17, 422160).
cost(22, 18, 80076).
cost(22, 19, 259495).
cost(22, 20, 165601).
cost(22, 21, 775596).
cost(22, 23, 291496).
cost(22, 24, 853050).
cost(22, 25, 70961).
cost(23, 1, 564946).
cost(23, 2, 50427).
cost(23, 3, 527241).
cost(23, 4, 354314).
cost(23, 5, 463346).
cost(23, 6, 495249).
cost(23, 7, 621044).
cost(23, 8, 456057).
cost(23, 9, 355137).
cost(23, 10, 213656).
cost(23, 11, 258831).
cost(23, 12, 459187).
cost(23, 13, 152518).
cost(23, 14, 150520).
cost(23, 15, 276986).
cost(23, 16, 337682).
cost(23, 17, 188240).
cost(23, 18, 215800).
cost(23, 19, 84601).
cost(23, 20, 384607).
cost(23, 21, 524162).
cost(23, 22, 291496).
cost(23, 24, 574471).
cost(23, 25, 288636).
cost(24, 1, 312927).
cost(24, 2, 597227).
cost(24, 3, 148297).
cost(24, 4, 272422).
cost(24, 5, 158910).
cost(24, 6, 598498).
cost(24, 7, 91370).
cost(24, 8, 745944).
cost(24, 9, 306403).
cost(24, 10, 556606).
cost(24, 11, 584812).
cost(24, 12, 242414).
cost(24, 13, 545513).
cost(24, 14, 582945).
cost(24, 15, 827661).
cost(24, 16, 570551).
cost(24, 17, 439597).
cost(24, 18, 784900).
cost(24, 19, 593887).
cost(24, 20, 890327).
cost(24, 21, 167168).
cost(24, 22, 853050).
cost(24, 23, 574471).
cost(24, 25, 861698).
cost(25, 1, 835596).
cost(25, 2, 277527).
cost(25, 3, 802654).
cost(25, 4, 638510).
cost(25, 5, 741626).
cost(25, 6, 636339).
cost(25, 7, 903394).
cost(25, 8, 500318).
cost(25, 9, 615395).
cost(25, 10, 419716).
cost(25, 11, 399996).
cost(25, 12, 722224).
cost(25, 13, 352511).
cost(25, 14, 350492).
cost(25, 15, 174951).
cost(25, 16, 528089).
cost(25, 17, 443498).
cost(25, 18, 80863).
cost(25, 19, 277306).
cost(25, 20, 235422).
cost(25, 21, 797020).
cost(25, 22, 70961).
cost(25, 23, 288636).
cost(25, 24, 861698).
