dimension(25).
point(1, -47088.0, -161546.0).
point(2, -176351.0, 50478.0).
point(3, 49674.0, 329652.0).
point(4, -282328.0, 128137.0).
point(5, -204028.0, -65839.0).
point(6, 20388.0, -75032.0).
point(7, 349990.0, -53491.0).
point(8, 432305.0, 76699.0).
point(9, 5234.0, -83068.0).
point(10, 172431.0, 125291.0).
point(11, -396083.0, 177381.0).
point(12, -179077.0, 51672.0).
point(13, -32118.0, -477135.0).
point(14, -144438.0, 144709.0).
point(15, -254839.0, -3064.0).
point(16, 109473.0, 22314.0).
point(17, -127904.0, -236449.0).
point(18, -190068.0, 34513.0).
point(19, 213253.0, 311932.0).
point(20, -485527.0, -4634.0).
point(21, 94089.0, -126189.0).
point(22, -537500.0, -197025.0).
point(23, 139620.0, 50022.0).
point(24, 389107.0, 672877.0).
point(25, -96395.0, -153662.0).
cost(1, 2, 248321).
cost(1, 3, 500638).
cost(1, 4, 373168).
cost(1, 5, 183821).
cost(1, 6, 109716).
cost(1, 7, 411518).
cost(1, 8, 535330).
cost(1, 9, 94321).
cost(1, 10, 361198).
cost(1, 11, 486486).
cost(1, 12, 250765).
cost(1, 13, 315944).
cost(1, 14, 321355).
cost(1, 15, 261299).
cost(1, 16, 241487).
cost(1, 17, 110189).
cost(1, 18, 242657).
cost(1, 19, 540332).
cost(1, 20, 465672).
cost(1, 21, 145537).
cost(1, 22, 491694).
cost(1, 23, 282172).
cost(1, 24, 941556).
cost(1, 25, 49933).
cost(2, 1, 248321).
cost(2, 3, 359201).
cost(2, 4, 131385).
cost(2, 5, 119564).
cost(2, 6, 233365).
cost(2, 7, 536511).
cost(2, 8, 609221).
cost(2, 9, 225406).
cost(2, 10, 356715).
cost(2, 11, 253745).
cost(2, 12, 2976).
cost(2, 13, 546972).
cost(2, 14, 99488).
cost(2, 15, 95011).
cost(2, 16, 287208).
cost(2, 17, 290988).
cost(2, 18, 21048).
cost(2, 19, 469201).
cost(2, 20, 314050).
cost(2, 21, 323031).
cost(2, 22, 437820).
cost(2, 23, 315971).
cost(2, 24, 840906).
cost(2, 25, 219240).
cost(3, 1, 500638).
cost(3, 2, 359201).
cost(3, 4, 388373).
cost(3, 5, 469870).
cost(3, 6, 405742).
cost(3, 7, 486814).
cost(3, 8, 458685).
cost(3, 9, 415106).
cost(3, 10, 238396).
cost(3, 11, 471048).
cost(3, 12, 360000).
cost(3, 13, 810922).
cost(3, 14, 268111).
cost(3, 15, 451030).
cost(3, 16, 313102).
cost(3, 17, 593299).
cost(3, 18, 380241).
cost(3, 19, 164536).
cost(3, 20, 631021).
cost(3, 21, 458000).
cost(3, 22, 788772).
cost(3, 23, 293740).
cost(3, 24, 482720).
cost(3, 25, 504905).
cost(4, 1, 373168).
cost(4, 2, 131385).
cost(4, 3, 388373).
cost(4, 5, 209183).
cost(4, 6, 364575).
cost(4, 7, 657887).
cost(4, 8, 716482).
cost(4, 9, 356790).
cost(4, 10, 454768).
cost(4, 11, 123956).
cost(4, 12, 128482).
cost(4, 13, 654950).
cost(4, 14, 138882).
cost(4, 15, 134050).
cost(4, 16, 405841).
cost(4, 17, 395942).
cost(4, 18, 131443).
cost(4, 19, 528565).
cost(4, 20, 242730).
cost(4, 21, 454281).
cost(4, 22, 413332).
cost(4, 23, 429118).
cost(4, 24, 864619).
cost(4, 25, 337612).
cost(5, 1, 183821).
cost(5, 2, 119564).
cost(5, 3, 469870).
cost(5, 4, 209183).
cost(5, 6, 224604).
cost(5, 7, 554156).
cost(5, 8, 652102).
cost(5, 9, 209970).
cost(5, 10, 422199).
cost(5, 11, 309905).
cost(5, 12, 120131).
cost(5, 13, 445777).
cost(5, 14, 218818).
cost(5, 15, 80762).
cost(5, 16, 325659).
cost(5, 17, 186822).
cost(5, 18, 101318).
cost(5, 19, 562880).
cost(5, 20, 288076).
cost(5, 21, 304164).
cost(5, 22, 358348).
cost(5, 23, 362654).
cost(5, 24, 947370).
cost(5, 25, 138916).
cost(6, 1, 109716).
cost(6, 2, 233365).
cost(6, 3, 405742).
cost(6, 4, 364575).
cost(6, 5, 224604).
cost(6, 7, 330305).
cost(6, 8, 438974).
cost(6, 9, 17153).
cost(6, 10, 251488).
cost(6, 11, 486991).
cost(6, 12, 236305).
cost(6, 13, 405517).
cost(6, 14, 274688).
cost(6, 15, 284481).
cost(6, 16, 131956).
cost(6, 17, 219194).
cost(6, 18, 237259).
cost(6, 19, 432363).
cost(6, 20, 510789).
cost(6, 21, 89716).
cost(6, 22, 571070).
cost(6, 23, 172785).
cost(6, 24, 833859).
cost(6, 25, 140787).
cost(7, 1, 411518).
cost(7, 2, 536511).
cost(7, 3, 486814).
cost(7, 4, 657887).
cost(7, 5, 554156).
cost(7, 6, 330305).
cost(7, 8, 154030).
cost(7, 9, 346022).
cost(7, 10, 251973).
cost(7, 11, 780978).
cost(7, 12, 539417).
cost(7, 13, 570509).
cost(7, 14, 532675).
cost(7, 15, 606928).
cost(7, 16, 252180).
cost(7, 17, 511719).
cost(7, 18, 547181).
cost(7, 19, 390168).
cost(7, 20, 836944).
cost(7, 21, 266027).
cost(7, 22, 899022).
cost(7, 23, 234458).
cost(7, 24, 727421).
cost(7, 25, 457486).
cost(8, 1, 535330).
cost(8, 2, 609221).
cost(8, 3, 458685).
cost(8, 4, 716482).
cost(8, 5, 652102).
cost(8, 6, 438974).
cost(8, 7, 154030).
cost(8, 9, 455977).
cost(8, 10, 264378).
cost(8, 11, 834484).
cost(8, 12, 611894).
cost(8, 13, 722787).
cost(8, 14, 580739).
cost(8, 15, 691758).
cost(8, 16, 327381).
cost(8, 17, 641791).
cost(8, 18, 623801).
cost(8, 19, 321432).
cost(8, 20, 921429).
cost(8, 21, 394403).
cost(8, 22, 1007694).
cost(8, 23, 293898).
cost(8, 24, 597741).
cost(8, 25, 576706).
cost(9, 1, 94321).
cost(9, 2, 225406).
cost(9, 3, 415106).
cost(9, 4, 356790).
cost(9, 5, 209970).
cost(9, 6, 17153).
cost(9, 7, 346022).
cost(9, 8, 455977).
cost(9, 10, 267148).
cost(9, 11, 478423).
cost(9, 12, 228310).
cost(9, 13, 395833).
cost(9, 14, 272551).
cost(9, 15, 272100).
cost(9, 16, 148227).
cost(9, 17, 203105).
cost(9, 18, 227965).
cost(9, 19, 446427).
cost(9, 20, 496989).
cost(9, 21, 98766).
cost(9, 22, 554569).
cost(9, 23, 189136).
cost(9, 24, 847827).
cost(9, 25, 123742).
cost(10, 1, 361198).
cost(10, 2, 356715).
cost(10, 3, 238396).
cost(10, 4, 454768).
cost(10, 5, 422199).
cost(10, 6, 251488).
cost(10, 7, 251973).
cost(10, 8, 264378).
cost(10, 9, 267148).
cost(10, 11, 570895).
cost(10, 12, 359135).
cost(10, 13, 636205).
cost(10, 14, 317463).
cost(10, 15, 446133).
cost(10, 16, 120698).
cost(10, 17, 470167).
cost(10, 18, 373693).
cost(10, 19, 191053).
cost(10, 20, 670663).
cost(10, 21, 263400).
cost(10, 22, 779673).
cost(10, 23, 82110).
cost(10, 24, 588896).
cost(10, 25, 387404).
cost(11, 1, 486486).
cost(11, 2, 253745).
cost(11, 3, 471048).
cost(11, 4, 123956).
cost(11, 5, 309905).
cost(11, 6, 486991).
cost(11, 7, 780978).
cost(11, 8, 834484).
cost(11, 9, 478423).
cost(11, 10, 570895).
cost(11, 12, 250787).
cost(11, 13, 748907).
cost(11, 14, 253757).
cost(11, 15, 229151).
cost(11, 16, 528803).
cost(11, 17, 493128).
cost(11, 18, 250706).
cost(11, 19, 624015).
cost(11, 20, 202805).
cost(11, 21, 576562).
cost(11, 22, 400223).
cost(11, 23, 550634).
cost(11, 24, 928461).
cost(11, 25, 446545).
cost(12, 1, 250765).
cost(12, 2, 2976).
cost(12, 3, 360000).
cost(12, 4, 128482).
cost(12, 5, 120131).
cost(12, 6, 236305).
cost(12, 7, 539417).
cost(12, 8, 611894).
cost(12, 9, 228310).
cost(12, 10, 359135).
cost(12, 11, 250787).
cost(12, 13, 548848).
cost(12, 14, 99276).
cost(12, 15, 93466).
cost(12, 16, 290040).
cost(12, 17, 292630).
cost(12, 18, 20377).
cost(12, 19, 470806).
cost(12, 20, 311580).
cost(12, 21, 325967).
cost(12, 22, 436254).
cost(12, 23, 318701).
cost(12, 24, 841860).
cost(12, 25, 221356).
cost(13, 1, 315944).
cost(13, 2, 546972).
cost(13, 3, 810922).
cost(13, 4, 654950).
cost(13, 5, 445777).
cost(13, 6, 405517).
cost(13, 7, 570509).
cost(13, 8, 722787).
cost(13, 9, 395833).
cost(13, 10, 636205).
cost(13, 11, 748907).
cost(13, 12, 548848).
cost(13, 14, 631906).
cost(13, 15, 523782).
cost(13, 16, 519131).
cost(13, 17, 259046).
cost(13, 18, 535474).
cost(13, 19, 826337).
cost(13, 20, 654856).
cost(13, 21, 372949).
cost(13, 22, 577817).
cost(13, 23, 554426).
cost(13, 24, 1224728).
cost(13, 25, 329797).
cost(14, 1, 321355).
cost(14, 2, 99488).
cost(14, 3, 268111).
cost(14, 4, 138882).
cost(14, 5, 218818).
cost(14, 6, 274688).
cost(14, 7, 532675).
cost(14, 8, 580739).
cost(14, 9, 272551).
cost(14, 10, 317463).
cost(14, 11, 253757).
cost(14, 12, 99276).
cost(14, 13, 631906).
cost(14, 15, 184459).
cost(14, 16, 281871).
cost(14, 17, 381516).
cost(14, 18, 119270).
cost(14, 19, 394850).
cost(14, 20, 372351).
cost(14, 21, 360944).
cost(14, 22, 520845).
cost(14, 23, 299424).
cost(14, 24, 750754).
cost(14, 25, 302214).
cost(15, 1, 261299).
cost(15, 2, 95011).
cost(15, 3, 451030).
cost(15, 4, 134050).
cost(15, 5, 80762).
cost(15, 6, 284481).
cost(15, 7, 606928).
cost(15, 8, 691758).
cost(15, 9, 272100).
cost(15, 10, 446133).
cost(15, 11, 229151).
cost(15, 12, 93466).
cost(15, 13, 523782).
cost(15, 14, 184459).
cost(15, 16, 365195).
cost(15, 17, 265671).
cost(15, 18, 74882).
cost(15, 19, 564210).
cost(15, 20, 230693).
cost(15, 21, 370014).
cost(15, 22, 342809).
cost(15, 23, 398015).
cost(15, 24, 933575).
cost(15, 25, 218596).
cost(16, 1, 241487).
cost(16, 2, 287208).
cost(16, 3, 313102).
cost(16, 4, 405841).
cost(16, 5, 325659).
cost(16, 6, 131956).
cost(16, 7, 252180).
cost(16, 8, 327381).
cost(16, 9, 148227).
cost(16, 10, 120698).
cost(16, 11, 528803).
cost(16, 12, 290040).
cost(16, 13, 519131).
cost(16, 14, 281871).
cost(16, 15, 365195).
cost(16, 17, 351150).
cost(16, 18, 299789).
cost(16, 19, 307651).
cost(16, 20, 595610).
cost(16, 21, 149298).
cost(16, 22, 683142).
cost(16, 23, 40946).
cost(16, 24, 708115).
cost(16, 25, 270831).
cost(17, 1, 110189).
cost(17, 2, 290988).
cost(17, 3, 593299).
cost(17, 4, 395942).
cost(17, 5, 186822).
cost(17, 6, 219194).
cost(17, 7, 511719).
cost(17, 8, 641791).
cost(17, 9, 203105).
cost(17, 10, 470167).
cost(17, 11, 493128).
cost(17, 12, 292630).
cost(17, 13, 259046).
cost(17, 14, 381516).
cost(17, 15, 265671).
cost(17, 16, 351150).
cost(17, 18, 278001).
cost(17, 19, 645840).
cost(17, 20, 426184).
cost(17, 21, 247867).
cost(17, 22, 411489).
cost(17, 23, 391963).
cost(17, 24, 1046028).
cost(17, 25, 88580).
cost(18, 1, 242657).
cost(18, 2, 21048).
cost(18, 3, 380241).
cost(18, 4, 131443).
cost(18, 5, 101318).
cost(18, 6, 237259).
cost(18, 7, 547181).
cost(18, 8, 623801).
cost(18, 9, 227965).
cost(18, 10, 373693).
cost(18, 11, 250706).
cost(18, 12, 20377).
cost(18, 13, 535474).
cost(18, 14, 119270).
cost(18, 15, 74882).
cost(18, 16, 299789).
cost(18, 17, 278001).
cost(18, 19, 489519).
cost(18, 20, 298041).
cost(18, 21, 326451).
cost(18, 22, 417515).
cost(18, 23, 330053).
cost(18, 24, 861947).
cost(18, 25, 210201).
cost(19, 1, 540332).
cost(19, 2, 469201).
cost(19, 3, 164536).
cost(19, 4, 528565).
cost(19, 5, 562880).
cost(19, 6, 432363).
cost(19, 7, 390168).
cost(19, 8, 321432).
cost(19, 9, 446427).
cost(19, 10, 191053).
cost(19, 11, 624015).
cost(19, 12, 470806).
cost(19, 13, 826337).
cost(19, 14, 394850).
cost(19, 15, 564210).
cost(19, 16, 307651).
cost(19, 17, 645840).
cost(19, 18, 489519).
cost(19, 20, 767142).
cost(19, 21, 454038).
cost(19, 22, 907010).
cost(19, 23, 272064).
cost(19, 24, 401505).
cost(19, 25, 559160).
cost(20, 1, 465672).
cost(20, 2, 314050).
cost(20, 3, 631021).
cost(20, 4, 242730).
cost(20, 5, 288076).
cost(20, 6, 510789).
cost(20, 7, 836944).
cost(20, 8, 921429).
cost(20, 9, 496989).
cost(20, 10, 670663).
cost(20, 11, 202805).
cost(20, 12, 311580).
cost(20, 13, 654856).
cost(20, 14, 372351).
cost(20, 15, 230693).
cost(20, 16, 595610).
cost(20, 17, 426184).
cost(20, 18, 298041).
cost(20, 19, 767142).
cost(20, 21, 592225).
cost(20, 22, 199287).
cost(20, 23, 627532).
cost(20, 24, 1106348).
cost(20, 25, 416693).
cost(21, 1, 145537).
cost(21, 2, 323031).
cost(21, 3, 458000).
cost(21, 4, 454281).
cost(21, 5, 304164).
cost(21, 6, 89716).
cost(21, 7, 266027).
cost(21, 8, 394403).
cost(21, 9, 98766).
cost(21, 10, 263400).
cost(21, 11, 576562).
cost(21, 12, 325967).
cost(21, 13, 372949).
cost(21, 14, 360944).
cost(21, 15, 370014).
cost(21, 16, 149298).
cost(21, 17, 247867).
cost(21, 18, 326451).
cost(21, 19, 454038).
cost(21, 20, 592225).
cost(21, 22, 635549).
cost(21, 23, 181998).
cost(21, 24, 851788).
cost(21, 25, 192455).
cost(22, 1, 491694).
cost(22, 2, 437820).
cost(22, 3, 788772).
cost(22, 4, 413332).
cost(22, 5, 358348).
cost(22, 6, 571070).
cost(22, 7, 899022).
cost(22, 8, 1007694).
cost(22, 9, 554569).
cost(22, 10, 779673).
cost(22, 11, 400223).
cost(22, 12, 436254).
cost(22, 13, 577817).
cost(22, 14, 520845).
cost(22, 15, 342809).
cost(22, 16, 683142).
cost(22, 17, 411489).
cost(22, 18, 417515).
cost(22, 19, 907010).
cost(22, 20, 199287).
cost(22, 21, 635549).
cost(22, 23, 720780).
cost(22, 24, 1270956).
cost(22, 25, 443231).
cost(23, 1, 282172).
cost(23, 2, 315971).
cost(23, 3, 293740).
cost(23, 4, 429118).
cost(23, 5, 362654).
cost(23, 6, 172785).
cost(23, 7, 234458).
cost(23, 8, 293898).
cost(23, 9, 189136).
cost(23, 10, 82110).
cost(23, 11, 550634).
cost(23, 12, 318701).
cost(23, 13, 554426).
cost(23, 14, 299424).
cost(23, 15, 398015).
cost(23, 16, 40946).
cost(23, 17, 391963).
cost(23, 18, 330053).
cost(23, 19, 272064).
cost(23, 20, 627532).
cost(23, 21, 181998).
cost(23, 22, 720780).
cost(23, 24, 670964).
cost(23, 25, 311754).
cost(24, 1, 941556).
cost(24, 2, 840906).
cost(24, 3, 482720).
cost(24, 4, 864619).
cost(24, 5, 947370).
cost(24, 6, 833859).
cost(24, 7, 727421).
cost(24, 8, 597741).
cost(24, 9, 847827).
cost(24, 10, 588896).
cost(24, 11, 928461).
cost(24, 12, 841860).
cost(24, 13, 1224728).
cost(24, 14, 750754).
cost(24, 15, 933575).
cost(24, 16, 708115).
cost(24, 17, 1046028).
cost(24, 18, 861947).
cost(24, 19, 401505).
cost(24, 20, 1106348).
cost(24, 21, 851788).
cost(24, 22, 1270956).
cost(24, 23, 670964).
cost(24, 25, 958582).
cost(25, 1, 49933).
cost(25, 2, 219240).
cost(25, 3, 504905).
cost(25, 4, 337612).
cost(25, 5, 138916).
cost(25, 6, 140787).
cost(25, 7, 457486).
cost(25, 8, 576706).
cost(25, 9, 123742).
cost(25, 10, 387404).
cost(25, 11, 446545).
cost(25, 12, 221356).
cost(25, 13, 329797).
cost(25, 14, 302214).
cost(25, 15, 218596).
cost(25, 16, 270831).
cost(25, 17, 88580).
cost(25, 18, 210201).
cost(25, 19, 559160).
cost(25, 20, 416693).
cost(25, 21, 192455).
cost(25, 22, 443231).
cost(25, 23, 311754).
cost(25, 24, 958582).
