dimension(25).
point(1, 247841.0, 83253.0).
point(2, -231507.0, 377126.0).
point(3, 136146.0, 494719.0).
point(4, 132885.0, 92133.0).
point(5, 78333.0, 150300.0).
point(6, -162002.0, 166320.0).
point(7, -55546.0, 278688.0).
point(8, -327272.0, -299489.0).
point(9, 115160.0, 225622.0).
point(10, 244420.0, 156304.0).
point(11, 338278.0, -231635.0).
point(12, 102607.0, -336648.0).
point(13, -64383.0, -62851.0).
point(14, 76590.0, 248979.0).
point(15, 148237.0, -491820.0).
point(16, -7062.0, 268276.0).
point(17, 38402.0, -83105.0).
point(18, -11795.0, 5012.0).
point(19, 273391.0, 22074.0).
point(20, 94937.0, -12534.0).
point(21, -175406.0, -45840.0).
point(22, 224177.0, -99284.0).
point(23, 218101.0, 199754.0).
point(24, 15785.0, 498909.0).
point(25, 68167.0, -102955.0).
cost(1, 2, 562260).
cost(1, 3, 426357).
cost(1, 4, 115298).
cost(1, 5, 182286).
cost(1, 6, 418176).
cost(1, 7, 360886).
cost(1, 8, 690830).
cost(1, 9, 194610).
cost(1, 10, 73131).
cost(1, 11, 327618).
cost(1, 12, 444308).
cost(1, 13, 344718).
cost(1, 14, 238311).
cost(1, 15, 583635).
cost(1, 16, 314975).
cost(1, 17, 267469).
cost(1, 18, 271169).
cost(1, 19, 66300).
cost(1, 20, 180429).
cost(1, 21, 442496).
cost(1, 22, 184065).
cost(1, 23, 120237).
cost(1, 24, 476046).
cost(1, 25, 258759).
cost(2, 1, 562260).
cost(2, 3, 386001).
cost(2, 4, 462604).
cost(2, 5, 383993).
cost(2, 6, 221969).
cost(2, 7, 201624).
cost(2, 8, 683358).
cost(2, 9, 378327).
cost(2, 10, 524661).
cost(2, 11, 833813).
cost(2, 12, 788102).
cost(2, 13, 470649).
cost(2, 14, 333685).
cost(2, 15, 948300).
cost(2, 16, 249447).
cost(2, 17, 533539).
cost(2, 18, 432137).
cost(2, 19, 617239).
cost(2, 20, 508331).
cost(2, 21, 426670).
cost(2, 22, 659253).
cost(2, 23, 483330).
cost(2, 24, 275653).
cost(2, 25, 565935).
cost(3, 1, 426357).
cost(3, 2, 386001).
cost(3, 4, 402599).
cost(3, 5, 349237).
cost(3, 6, 443552).
cost(3, 7, 288817).
cost(3, 8, 919523).
cost(3, 9, 269914).
cost(3, 10, 355314).
cost(3, 11, 753955).
cost(3, 12, 832043).
cost(3, 13, 592534).
cost(3, 14, 252854).
cost(3, 15, 986613).
cost(3, 16, 267927).
cost(3, 17, 586033).
cost(3, 18, 511566).
cost(3, 19, 492168).
cost(3, 20, 508924).
cost(3, 21, 623914).
cost(3, 22, 600491).
cost(3, 23, 306139).
cost(3, 24, 120434).
cost(3, 25, 601528).
cost(4, 1, 115298).
cost(4, 2, 462604).
cost(4, 3, 402599).
cost(4, 5, 79745).
cost(4, 6, 304076).
cost(4, 7, 265158).
cost(4, 8, 604245).
cost(4, 9, 134661).
cost(4, 10, 128678).
cost(4, 11, 383421).
cost(4, 12, 429849).
cost(4, 13, 250868).
cost(4, 14, 166643).
cost(4, 15, 584155).
cost(4, 16, 224970).
cost(4, 17, 199086).
cost(4, 18, 168886).
cost(4, 19, 157004).
cost(4, 20, 111334).
cost(4, 21, 337757).
cost(4, 22, 212072).
cost(4, 23, 137274).
cost(4, 24, 423296).
cost(4, 25, 205543).
cost(5, 1, 182286).
cost(5, 2, 383993).
cost(5, 3, 349237).
cost(5, 4, 79745).
cost(5, 6, 240868).
cost(5, 7, 185491).
cost(5, 8, 605661).
cost(5, 9, 83843).
cost(5, 10, 166195).
cost(5, 11, 462002).
cost(5, 12, 487553).
cost(5, 13, 256517).
cost(5, 14, 98694).
cost(5, 15, 645914).
cost(5, 16, 145639).
cost(5, 17, 236796).
cost(5, 18, 170973).
cost(5, 19, 233430).
cost(5, 20, 163678).
cost(5, 21, 320709).
cost(5, 22, 289072).
cost(5, 23, 148259).
cost(5, 24, 354176).
cost(5, 25, 253459).
cost(6, 1, 418176).
cost(6, 2, 221969).
cost(6, 3, 443552).
cost(6, 4, 304076).
cost(6, 5, 240868).
cost(6, 7, 154788).
cost(6, 8, 494259).
cost(6, 9, 283435).
cost(6, 10, 406545).
cost(6, 11, 639256).
cost(6, 12, 568326).
cost(6, 13, 249096).
cost(6, 14, 252505).
cost(6, 15, 727596).
cost(6, 16, 185476).
cost(6, 17, 319960).
cost(6, 18, 220414).
cost(6, 19, 458665).
cost(6, 20, 313060).
cost(6, 21, 212583).
cost(6, 22, 468700).
cost(6, 23, 381571).
cost(6, 24, 377126).
cost(6, 25, 354241).
cost(7, 1, 360886).
cost(7, 2, 201624).
cost(7, 3, 288817).
cost(7, 4, 265158).
cost(7, 5, 185491).
cost(7, 6, 154788).
cost(7, 8, 638846).
cost(7, 9, 178764).
cost(7, 10, 323971).
cost(7, 11, 644614).
cost(7, 12, 635335).
cost(7, 13, 341653).
cost(7, 14, 135435).
cost(7, 15, 797001).
cost(7, 16, 49589).
cost(7, 17, 373792).
cost(7, 18, 277151).
cost(7, 19, 417193).
cost(7, 20, 327804).
cost(7, 21, 345955).
cost(7, 22, 470221).
cost(7, 23, 284804).
cost(7, 24, 231485).
cost(7, 25, 401194).
cost(8, 1, 690830).
cost(8, 2, 683358).
cost(8, 3, 919523).
cost(8, 4, 604245).
cost(8, 5, 605661).
cost(8, 6, 494259).
cost(8, 7, 638846).
cost(8, 9, 686650).
cost(8, 10, 731149).
cost(8, 11, 669000).
cost(8, 12, 431482).
cost(8, 13, 353706).
cost(8, 14, 681118).
cost(8, 15, 512933).
cost(8, 16, 651837).
cost(8, 17, 424899).
cost(8, 18, 438459).
cost(8, 19, 681321).
cost(8, 20, 510493).
cost(8, 21, 295637).
cost(8, 22, 586667).
cost(8, 23, 739375).
cost(8, 24, 868981).
cost(8, 25, 441585).
cost(9, 1, 194610).
cost(9, 2, 378327).
cost(9, 3, 269914).
cost(9, 4, 134661).
cost(9, 5, 83843).
cost(9, 6, 283435).
cost(9, 7, 178764).
cost(9, 8, 686650).
cost(9, 10, 146674).
cost(9, 11, 508788).
cost(9, 12, 562410).
cost(9, 13, 339783).
cost(9, 14, 45091).
cost(9, 15, 718204).
cost(9, 16, 129451).
cost(9, 17, 318126).
cost(9, 18, 254532).
cost(9, 19, 257816).
cost(9, 20, 239013).
cost(9, 21, 397643).
cost(9, 22, 342708).
cost(9, 23, 106141).
cost(9, 24, 290794).
cost(9, 25, 331920).
cost(10, 1, 73131).
cost(10, 2, 524661).
cost(10, 3, 355314).
cost(10, 4, 128678).
cost(10, 5, 166195).
cost(10, 6, 406545).
cost(10, 7, 323971).
cost(10, 8, 731149).
cost(10, 9, 146674).
cost(10, 11, 399132).
cost(10, 12, 512945).
cost(10, 13, 378666).
cost(10, 14, 191717).
cost(10, 15, 655222).
cost(10, 16, 275283).
cost(10, 17, 315848).
cost(10, 18, 297549).
cost(10, 19, 137321).
cost(10, 20, 225503).
cost(10, 21, 465957).
cost(10, 22, 256388).
cost(10, 23, 50800).
cost(10, 24, 411889).
cost(10, 25, 313497).
cost(11, 1, 327618).
cost(11, 2, 833813).
cost(11, 3, 753955).
cost(11, 4, 383421).
cost(11, 5, 462002).
cost(11, 6, 639256).
cost(11, 7, 644614).
cost(11, 8, 669000).
cost(11, 9, 508788).
cost(11, 10, 399132).
cost(11, 12, 258009).
cost(11, 13, 436605).
cost(11, 14, 547239).
cost(11, 15, 322198).
cost(11, 16, 607594).
cost(11, 17, 334644).
cost(11, 18, 422555).
cost(11, 19, 261875).
cost(11, 20, 327445).
cost(11, 21, 546252).
cost(11, 22, 174745).
cost(11, 23, 447816).
cost(11, 24, 798559).
cost(11, 25, 299196).
cost(12, 1, 444308).
cost(12, 2, 788102).
cost(12, 3, 832043).
cost(12, 4, 429849).
cost(12, 5, 487553).
cost(12, 6, 568326).
cost(12, 7, 635335).
cost(12, 8, 431482).
cost(12, 9, 562410).
cost(12, 10, 512945).
cost(12, 11, 258009).
cost(12, 13, 320703).
cost(12, 14, 586205).
cost(12, 15, 161742).
cost(12, 16, 614785).
cost(12, 17, 261546).
cost(12, 18, 360305).
cost(12, 19, 397302).
cost(12, 20, 324205).
cost(12, 21, 402319).
cost(12, 22, 266685).
cost(12, 23, 548695).
cost(12, 24, 840056).
cost(12, 25, 236217).
cost(13, 1, 344718).
cost(13, 2, 470649).
cost(13, 3, 592534).
cost(13, 4, 250868).
cost(13, 5, 256517).
cost(13, 6, 249096).
cost(13, 7, 341653).
cost(13, 8, 353706).
cost(13, 9, 339783).
cost(13, 10, 378666).
cost(13, 11, 436605).
cost(13, 12, 320703).
cost(13, 14, 342215).
cost(13, 15, 478771).
cost(13, 16, 336052).
cost(13, 17, 104762).
cost(13, 18, 85854).
cost(13, 19, 348287).
cost(13, 20, 167077).
cost(13, 21, 112319).
cost(13, 22, 290851).
cost(13, 23, 385692).
cost(13, 24, 567452).
cost(13, 25, 138484).
cost(14, 1, 238311).
cost(14, 2, 333685).
cost(14, 3, 252854).
cost(14, 4, 166643).
cost(14, 5, 98694).
cost(14, 6, 252505).
cost(14, 7, 135435).
cost(14, 8, 681118).
cost(14, 9, 45091).
cost(14, 10, 191717).
cost(14, 11, 547239).
cost(14, 12, 586205).
cost(14, 13, 342215).
cost(14, 15, 744256).
cost(14, 16, 85849).
cost(14, 17, 334273).
cost(14, 18, 259484).
cost(14, 19, 300361).
cost(14, 20, 262156).
cost(14, 21, 387840).
cost(14, 22, 378245).
cost(14, 23, 149828).
cost(14, 24, 257220).
cost(14, 25, 352035).
cost(15, 1, 583635).
cost(15, 2, 948300).
cost(15, 3, 986613).
cost(15, 4, 584155).
cost(15, 5, 645914).
cost(15, 6, 727596).
cost(15, 7, 797001).
cost(15, 8, 512933).
cost(15, 9, 718204).
cost(15, 10, 655222).
cost(15, 11, 322198).
cost(15, 12, 161742).
cost(15, 13, 478771).
cost(15, 14, 744256).
cost(15, 16, 775799).
cost(15, 17, 423216).
cost(15, 18, 521970).
cost(15, 19, 528915).
cost(15, 20, 482241).
cost(15, 21, 551038).
cost(15, 22, 399814).
cost(15, 23, 695094).
cost(15, 24, 999544).
cost(15, 25, 397023).
cost(16, 1, 314975).
cost(16, 2, 249447).
cost(16, 3, 267927).
cost(16, 4, 224970).
cost(16, 5, 145639).
cost(16, 6, 185476).
cost(16, 7, 49589).
cost(16, 8, 651837).
cost(16, 9, 129451).
cost(16, 10, 275283).
cost(16, 11, 607594).
cost(16, 12, 614785).
cost(16, 13, 336052).
cost(16, 14, 85849).
cost(16, 15, 775799).
cost(16, 17, 354310).
cost(16, 18, 263307).
cost(16, 19, 373188).
cost(16, 20, 298761).
cost(16, 21, 356383).
cost(16, 22, 434249).
cost(16, 23, 235359).
cost(16, 24, 231762).
cost(16, 25, 378777).
cost(17, 1, 267469).
cost(17, 2, 533539).
cost(17, 3, 586033).
cost(17, 4, 199086).
cost(17, 5, 236796).
cost(17, 6, 319960).
cost(17, 7, 373792).
cost(17, 8, 424899).
cost(17, 9, 318126).
cost(17, 10, 315848).
cost(17, 11, 334644).
cost(17, 12, 261546).
cost(17, 13, 104762).
cost(17, 14, 334273).
cost(17, 15, 423216).
cost(17, 16, 354310).
cost(17, 18, 101412).
cost(17, 19, 257454).
cost(17, 20, 90424).
cost(17, 21, 217031).
cost(17, 22, 186478).
cost(17, 23, 335113).
cost(17, 24, 582453).
cost(17, 25, 35777).
cost(18, 1, 271169).
cost(18, 2, 432137).
cost(18, 3, 511566).
cost(18, 4, 168886).
cost(18, 5, 170973).
cost(18, 6, 220414).
cost(18, 7, 277151).
cost(18, 8, 438459).
cost(18, 9, 254532).
cost(18, 10, 297549).
cost(18, 11, 422555).
cost(18, 12, 360305).
cost(18, 13, 85854).
cost(18, 14, 259484).
cost(18, 15, 521970).
cost(18, 16, 263307).
cost(18, 17, 101412).
cost(18, 19, 285696).
cost(18, 20, 108165).
cost(18, 21, 171332).
cost(18, 22, 257993).
cost(18, 23, 301292).
cost(18, 24, 494666).
cost(18, 25, 134353).
cost(19, 1, 66300).
cost(19, 2, 617239).
cost(19, 3, 492168).
cost(19, 4, 157004).
cost(19, 5, 233430).
cost(19, 6, 458665).
cost(19, 7, 417193).
cost(19, 8, 681321).
cost(19, 9, 257816).
cost(19, 10, 137321).
cost(19, 11, 261875).
cost(19, 12, 397302).
cost(19, 13, 348287).
cost(19, 14, 300361).
cost(19, 15, 528915).
cost(19, 16, 373188).
cost(19, 17, 257454).
cost(19, 18, 285696).
cost(19, 20, 181779).
cost(19, 21, 453906).
cost(19, 22, 130957).
cost(19, 23, 186084).
cost(19, 24, 541971).
cost(19, 25, 240311).
cost(20, 1, 180429).
cost(20, 2, 508331).
cost(20, 3, 508924).
cost(20, 4, 111334).
cost(20, 5, 163678).
cost(20, 6, 313060).
cost(20, 7, 327804).
cost(20, 8, 510493).
cost(20, 9, 239013).
cost(20, 10, 225503).
cost(20, 11, 327445).
cost(20, 12, 324205).
cost(20, 13, 167077).
cost(20, 14, 262156).
cost(20, 15, 482241).
cost(20, 16, 298761).
cost(20, 17, 90424).
cost(20, 18, 108165).
cost(20, 19, 181779).
cost(20, 21, 272387).
cost(20, 22, 155655).
cost(20, 23, 245429).
cost(20, 24, 517532).
cost(20, 25, 94301).
cost(21, 1, 442496).
cost(21, 2, 426670).
cost(21, 3, 623914).
cost(21, 4, 337757).
cost(21, 5, 320709).
cost(21, 6, 212583).
cost(21, 7, 345955).
cost(21, 8, 295637).
cost(21, 9, 397643).
cost(21, 10, 465957).
cost(21, 11, 546252).
cost(21, 12, 402319).
cost(21, 13, 112319).
cost(21, 14, 387840).
cost(21, 15, 551038).
cost(21, 16, 356383).
cost(21, 17, 217031).
cost(21, 18, 171332).
cost(21, 19, 453906).
cost(21, 20, 272387).
cost(21, 22, 403141).
cost(21, 23, 463858).
cost(21, 24, 577326).
cost(21, 25, 250180).
cost(22, 1, 184065).
cost(22, 2, 659253).
cost(22, 3, 600491).
cost(22, 4, 212072).
cost(22, 5, 289072).
cost(22, 6, 468700).
cost(22, 7, 470221).
cost(22, 8, 586667).
cost(22, 9, 342708).
cost(22, 10, 256388).
cost(22, 11, 174745).
cost(22, 12, 266685).
cost(22, 13, 290851).
cost(22, 14, 378245).
cost(22, 15, 399814).
cost(22, 16, 434249).
cost(22, 17, 186478).
cost(22, 18, 257993).
cost(22, 19, 130957).
cost(22, 20, 155655).
cost(22, 21, 403141).
cost(22, 23, 299100).
cost(22, 24, 633453).
cost(22, 25, 156053).
cost(23, 1, 120237).
cost(23, 2, 483330).
cost(23, 3, 306139).
cost(23, 4, 137274).
cost(23, 5, 148259).
cost(23, 6, 381571).
cost(23, 7, 284804).
cost(23, 8, 739375).
cost(23, 9, 106141).
cost(23, 10, 50800).
cost(23, 11, 447816).
cost(23, 12, 548695).
cost(23, 13, 385692).
cost(23, 14, 149828).
cost(23, 15, 695094).
cost(23, 16, 235359).
cost(23, 17, 335113).
cost(23, 18, 301292).
cost(23, 19, 186084).
cost(23, 20, 245429).
cost(23, 21, 463858).
cost(23, 22, 299100).
cost(23, 24, 361145).
cost(23, 25, 337806).
cost(24, 1, 476046).
cost(24, 2, 275653).
cost(24, 3, 120434).
cost(24, 4, 423296).
cost(24, 5, 354176).
cost(24, 6, 377126).
cost(24, 7, 231485).
cost(24, 8, 868981).
cost(24, 9, 290794).
cost(24, 10, 411889).
cost(24, 11, 798559).
cost(24, 12, 840056).
cost(24, 13, 567452).
cost(24, 14, 257220).
cost(24, 15, 999544).
cost(24, 16, 231762).
cost(24, 17, 582453).
cost(24, 18, 494666).
cost(24, 19, 541971).
cost(24, 20, 517532).
cost(24, 21, 577326).
cost(24, 22, 633453).
cost(24, 23, 361145).
cost(24, 25, 604139).
cost(25, 1, 258759).
cost(25, 2, 565935).
cost(25, 3, 601528).
cost(25, 4, 205543).
cost(25, 5, 253459).
cost(25, 6, 354241).
cost(25, 7, 401194).
cost(25, 8, 441585).
cost(25, 9, 331920).
cost(25, 10, 313497).
cost(25, 11, 299196).
cost(25, 12, 236217).
cost(25, 13, 138484).
cost(25, 14, 352035).
cost(25, 15, 397023).
cost(25, 16, 378777).
cost(25, 17, 35777).
cost(25, 18, 134353).
cost(25, 19, 240311).
cost(25, 20, 94301).
cost(25, 21, 250180).
cost(25, 22, 156053).
cost(25, 23, 337806).
cost(25, 24, 604139).
