dimension(25).
point(1, -165979.0, -54080.0).
point(2, 143957.0, -218217.0).
point(3, -8163.0, -79681.0).
point(4, -212117.0, 330512.0).
point(5, -170406.0, 82485.0).
point(6, 167800.0, 6506.0).
point(7, -88140.0, 20660.0).
point(8, -330236.0, -99322.0).
point(9, 62235.0, 218128.0).
point(10, -46664.0, -338060.0).
point(11, -271364.0, 304684.0).
point(12, -145959.0, -63248.0).
point(13, -110075.0, 217238.0).
point(14, -155027.0, -263589.0).
point(15, 266415.0, -526941.0).
point(16, 39841.0, -199728.0).
point(17, 276074.0, 187578.0).
point(18, -170924.0, -305452.0).
point(19, 131722.0, 36018.0).
point(20, 278602.0, -84738.0).
point(21, -441268.0, 212317.0).
point(22, -113260.0, 178106.0).
point(23, 356318.0, -502930.0).
point(24, 398435.0, 218744.0).
point(25, -431884.0, -292063.0).
cost(1, 2, 350715).
cost(1, 3, 159879).
cost(1, 4, 387350).
cost(1, 5, 136637).
cost(1, 6, 339233).
cost(1, 7, 107912).
cost(1, 8, 170374).
cost(1, 9, 355217).
cost(1, 10, 308027).
cost(1, 11, 373922).
cost(1, 12, 22019).
cost(1, 13, 277018).
cost(1, 14, 209795).
cost(1, 15, 640751).
cost(1, 16, 252141).
cost(1, 17, 503795).
cost(1, 18, 251421).
cost(1, 19, 311036).
cost(1, 20, 445637).
cost(1, 21, 383081).
cost(1, 22, 238096).
cost(1, 23, 688666).
cost(1, 24, 626894).
cost(1, 25, 356849).
cost(2, 1, 350715).
cost(2, 3, 205749).
cost(2, 4, 654135).
cost(2, 5, 435024).
cost(2, 6, 225984).
cost(2, 7, 333063).
cost(2, 8, 488871).
cost(2, 9, 443932).
cost(2, 10, 225164).
cost(2, 11, 667770).
cost(2, 12, 328735).
cost(2, 13, 504136).
cost(2, 14, 302407).
cost(2, 15, 332124).
cost(2, 16, 105745).
cost(2, 17, 426760).
cost(2, 18, 326741).
cost(2, 19, 254529).
cost(2, 20, 189594).
cost(2, 21, 726531).
cost(2, 22, 472475).
cost(2, 23, 355188).
cost(2, 24, 505662).
cost(2, 25, 580557).
cost(3, 1, 159879).
cost(3, 2, 205749).
cost(3, 4, 458100).
cost(3, 5, 229392).
cost(3, 6, 195937).
cost(3, 7, 128315).
cost(3, 8, 322671).
cost(3, 9, 306016).
cost(3, 10, 261232).
cost(3, 11, 465845).
cost(3, 12, 138772).
cost(3, 13, 313922).
cost(3, 14, 235353).
cost(3, 15, 524819).
cost(3, 16, 129289).
cost(3, 17, 390151).
cost(3, 18, 278323).
cost(3, 19, 181533).
cost(3, 20, 286810).
cost(3, 21, 522344).
cost(3, 22, 278387).
cost(3, 23, 558557).
cost(3, 24, 504360).
cost(3, 25, 473968).
cost(4, 1, 387350).
cost(4, 2, 654135).
cost(4, 3, 458100).
cost(4, 5, 251510).
cost(4, 6, 499316).
cost(4, 7, 333734).
cost(4, 8, 445768).
cost(4, 9, 296478).
cost(4, 10, 688740).
cost(4, 11, 64632).
cost(4, 12, 399279).
cost(4, 13, 152458).
cost(4, 14, 596838).
cost(4, 15, 981946).
cost(4, 16, 587058).
cost(4, 17, 508685).
cost(4, 18, 637297).
cost(4, 19, 452716).
cost(4, 20, 642836).
cost(4, 21, 257838).
cost(4, 22, 181660).
cost(4, 23, 1008833).
cost(4, 24, 620698).
cost(4, 25, 660225).
cost(5, 1, 136637).
cost(5, 2, 435024).
cost(5, 3, 229392).
cost(5, 4, 251510).
cost(5, 6, 346635).
cost(5, 7, 102908).
cost(5, 8, 242073).
cost(5, 9, 269297).
cost(5, 10, 438372).
cost(5, 11, 244059).
cost(5, 12, 147769).
cost(5, 13, 147642).
cost(5, 14, 346416).
cost(5, 15, 749808).
cost(5, 16, 351920).
cost(5, 17, 458682).
cost(5, 18, 387937).
cost(5, 19, 305680).
cost(5, 20, 479136).
cost(5, 21, 300371).
cost(5, 22, 111396).
cost(5, 23, 787495).
cost(5, 24, 584933).
cost(5, 25, 456790).
cost(6, 1, 339233).
cost(6, 2, 225984).
cost(6, 3, 195937).
cost(6, 4, 499316).
cost(6, 5, 346635).
cost(6, 7, 256331).
cost(6, 8, 509156).
cost(6, 9, 236491).
cost(6, 10, 405858).
cost(6, 11, 530825).
cost(6, 12, 321419).
cost(6, 13, 348744).
cost(6, 14, 420914).
cost(6, 15, 542486).
cost(6, 16, 242706).
cost(6, 17, 210975).
cost(6, 18, 460491).
cost(6, 19, 46611).
cost(6, 20, 143536).
cost(6, 21, 642901).
cost(6, 22, 329304).
cost(6, 23, 543198).
cost(6, 24, 313429).
cost(6, 25, 669899).
cost(7, 1, 107912).
cost(7, 2, 333063).
cost(7, 3, 128315).
cost(7, 4, 333734).
cost(7, 5, 102908).
cost(7, 6, 256331).
cost(7, 8, 270197).
cost(7, 9, 248206).
cost(7, 10, 361110).
cost(7, 11, 337995).
cost(7, 12, 101900).
cost(7, 13, 197798).
cost(7, 14, 292013).
cost(7, 15, 652362).
cost(7, 16, 254853).
cost(7, 17, 400641).
cost(7, 18, 336455).
cost(7, 19, 220398).
cost(7, 20, 381587).
cost(7, 21, 401786).
cost(7, 22, 159437).
cost(7, 23, 686796).
cost(7, 24, 525350).
cost(7, 25, 464710).
cost(8, 1, 170374).
cost(8, 2, 488871).
cost(8, 3, 322671).
cost(8, 4, 445768).
cost(8, 5, 242073).
cost(8, 6, 509156).
cost(8, 7, 270197).
cost(8, 9, 504785).
cost(8, 10, 370687).
cost(8, 11, 408273).
cost(8, 12, 187775).
cost(8, 13, 385592).
cost(8, 14, 240170).
cost(8, 15, 734064).
cost(8, 16, 383456).
cost(8, 17, 670763).
cost(8, 18, 260519).
cost(8, 19, 481375).
cost(8, 20, 609013).
cost(8, 21, 330828).
cost(8, 22, 352200).
cost(8, 23, 796402).
cost(8, 24, 795064).
cost(8, 25, 217902).
cost(9, 1, 355217).
cost(9, 2, 443932).
cost(9, 3, 306016).
cost(9, 4, 296478).
cost(9, 5, 269297).
cost(9, 6, 236491).
cost(9, 7, 248206).
cost(9, 8, 504785).
cost(9, 10, 566749).
cost(9, 11, 344645).
cost(9, 12, 350025).
cost(9, 13, 172312).
cost(9, 14, 528445).
cost(9, 15, 772540).
cost(9, 16, 418456).
cost(9, 17, 216010).
cost(9, 18, 573148).
cost(9, 19, 194917).
cost(9, 20, 372213).
cost(9, 21, 503537).
cost(9, 22, 180001).
cost(9, 23, 778723).
cost(9, 24, 336201).
cost(9, 25, 710245).
cost(10, 1, 308027).
cost(10, 2, 225164).
cost(10, 3, 261232).
cost(10, 4, 688740).
cost(10, 5, 438372).
cost(10, 6, 405858).
cost(10, 7, 361110).
cost(10, 8, 370687).
cost(10, 9, 566749).
cost(10, 11, 680889).
cost(10, 12, 292201).
cost(10, 13, 558907).
cost(10, 14, 131486).
cost(10, 15, 365643).
cost(10, 16, 163153).
cost(10, 17, 616810).
cost(10, 18, 128467).
cost(10, 19, 414434).
cost(10, 20, 412274).
cost(10, 21, 677220).
cost(10, 22, 520444).
cost(10, 23, 435404).
cost(10, 24, 712842).
cost(10, 25, 387956).
cost(11, 1, 373922).
cost(11, 2, 667770).
cost(11, 3, 465845).
cost(11, 4, 64632).
cost(11, 5, 244059).
cost(11, 6, 530825).
cost(11, 7, 337995).
cost(11, 8, 408273).
cost(11, 9, 344645).
cost(11, 10, 680889).
cost(11, 12, 388716).
cost(11, 13, 183469).
cost(11, 14, 580059).
cost(11, 15, 990357).
cost(11, 16, 592689).
cost(11, 17, 559823).
cost(11, 18, 618348).
cost(11, 19, 484417).
cost(11, 20, 673878).
cost(11, 21, 193388).
cost(11, 22, 202531).
cost(11, 23, 1022851).
cost(11, 24, 675290).
cost(11, 25, 617959).
cost(12, 1, 22019).
cost(12, 2, 328735).
cost(12, 3, 138772).
cost(12, 4, 399279).
cost(12, 5, 147769).
cost(12, 6, 321419).
cost(12, 7, 101900).
cost(12, 8, 187775).
cost(12, 9, 350025).
cost(12, 10, 292201).
cost(12, 11, 388716).
cost(12, 13, 282772).
cost(12, 14, 200546).
cost(12, 15, 620535).
cost(12, 16, 230539).
cost(12, 17, 490944).
cost(12, 18, 243487).
cost(12, 19, 294891).
cost(12, 20, 425105).
cost(12, 21, 403910).
cost(12, 22, 243559).
cost(12, 23, 667535).
cost(12, 24, 613094).
cost(12, 25, 366210).
cost(13, 1, 277018).
cost(13, 2, 504136).
cost(13, 3, 313922).
cost(13, 4, 152458).
cost(13, 5, 147642).
cost(13, 6, 348744).
cost(13, 7, 197798).
cost(13, 8, 385592).
cost(13, 9, 172312).
cost(13, 10, 558907).
cost(13, 11, 183469).
cost(13, 12, 282772).
cost(13, 14, 482924).
cost(13, 15, 833995).
cost(13, 16, 443098).
cost(13, 17, 387286).
cost(13, 18, 526220).
cost(13, 19, 302170).
cost(13, 20, 492198).
cost(13, 21, 331230).
cost(13, 22, 39261).
cost(13, 23, 858000).
cost(13, 24, 508512).
cost(13, 25, 602452).
cost(14, 1, 209795).
cost(14, 2, 302407).
cost(14, 3, 235353).
cost(14, 4, 596838).
cost(14, 5, 346416).
cost(14, 6, 420914).
cost(14, 7, 292013).
cost(14, 8, 240170).
cost(14, 9, 528445).
cost(14, 10, 131486).
cost(14, 11, 580059).
cost(14, 12, 200546).
cost(14, 13, 482924).
cost(14, 15, 496958).
cost(14, 16, 205065).
cost(14, 17, 624019).
cost(14, 18, 44780).
cost(14, 19, 414716).
cost(14, 20, 469065).
cost(14, 21, 555356).
cost(14, 22, 443665).
cost(14, 23, 564586).
cost(14, 24, 734143).
cost(14, 25, 278317).
cost(15, 1, 640751).
cost(15, 2, 332124).
cost(15, 3, 524819).
cost(15, 4, 981946).
cost(15, 5, 749808).
cost(15, 6, 542486).
cost(15, 7, 652362).
cost(15, 8, 734064).
cost(15, 9, 772540).
cost(15, 10, 365643).
cost(15, 11, 990357).
cost(15, 12, 620535).
cost(15, 13, 833995).
cost(15, 14, 496958).
cost(15, 16, 398000).
cost(15, 17, 714584).
cost(15, 18, 490227).
cost(15, 19, 578848).
cost(15, 20, 442371).
cost(15, 21, 1023385).
cost(15, 22, 800777).
cost(15, 23, 93054).
cost(15, 24, 757282).
cost(15, 25, 736742).
cost(16, 1, 252141).
cost(16, 2, 105745).
cost(16, 3, 129289).
cost(16, 4, 587058).
cost(16, 5, 351920).
cost(16, 6, 242706).
cost(16, 7, 254853).
cost(16, 8, 383456).
cost(16, 9, 418456).
cost(16, 10, 163153).
cost(16, 11, 592689).
cost(16, 12, 230539).
cost(16, 13, 443098).
cost(16, 14, 205065).
cost(16, 15, 398000).
cost(16, 17, 453665).
cost(16, 18, 235795).
cost(16, 19, 253018).
cost(16, 20, 265009).
cost(16, 21, 633441).
cost(16, 22, 407674).
cost(16, 23, 438280).
cost(16, 24, 551098).
cost(16, 25, 480677).
cost(17, 1, 503795).
cost(17, 2, 426760).
cost(17, 3, 390151).
cost(17, 4, 508685).
cost(17, 5, 458682).
cost(17, 6, 210975).
cost(17, 7, 400641).
cost(17, 8, 670763).
cost(17, 9, 216010).
cost(17, 10, 616810).
cost(17, 11, 559823).
cost(17, 12, 490944).
cost(17, 13, 387286).
cost(17, 14, 624019).
cost(17, 15, 714584).
cost(17, 16, 453665).
cost(17, 18, 665497).
cost(17, 19, 209303).
cost(17, 20, 272328).
cost(17, 21, 717768).
cost(17, 22, 389449).
cost(17, 23, 695155).
cost(17, 24, 126268).
cost(17, 25, 855137).
cost(18, 1, 251421).
cost(18, 2, 326741).
cost(18, 3, 278323).
cost(18, 4, 637297).
cost(18, 5, 387937).
cost(18, 6, 460491).
cost(18, 7, 336455).
cost(18, 8, 260519).
cost(18, 9, 573148).
cost(18, 10, 128467).
cost(18, 11, 618348).
cost(18, 12, 243487).
cost(18, 13, 526220).
cost(18, 14, 44780).
cost(18, 15, 490227).
cost(18, 16, 235795).
cost(18, 17, 665497).
cost(18, 19, 456285).
cost(18, 20, 500788).
cost(18, 21, 584098).
cost(18, 22, 486984).
cost(18, 23, 563011).
cost(18, 24, 773919).
cost(18, 25, 261303).
cost(19, 1, 311036).
cost(19, 2, 254529).
cost(19, 3, 181533).
cost(19, 4, 452716).
cost(19, 5, 305680).
cost(19, 6, 46611).
cost(19, 7, 220398).
cost(19, 8, 481375).
cost(19, 9, 194917).
cost(19, 10, 414434).
cost(19, 11, 484417).
cost(19, 12, 294891).
cost(19, 13, 302170).
cost(19, 14, 414716).
cost(19, 15, 578848).
cost(19, 16, 253018).
cost(19, 17, 209303).
cost(19, 18, 456285).
cost(19, 20, 190147).
cost(19, 21, 599499).
cost(19, 22, 283205).
cost(19, 23, 583874).
cost(19, 24, 323303).
cost(19, 25, 652142).
cost(20, 1, 445637).
cost(20, 2, 189594).
cost(20, 3, 286810).
cost(20, 4, 642836).
cost(20, 5, 479136).
cost(20, 6, 143536).
cost(20, 7, 381587).
cost(20, 8, 609013).
cost(20, 9, 372213).
cost(20, 10, 412274).
cost(20, 11, 673878).
cost(20, 12, 425105).
cost(20, 13, 492198).
cost(20, 14, 469065).
cost(20, 15, 442371).
cost(20, 16, 265009).
cost(20, 17, 272328).
cost(20, 18, 500788).
cost(20, 19, 190147).
cost(20, 21, 778752).
cost(20, 22, 471850).
cost(20, 23, 425352).
cost(20, 24, 326284).
cost(20, 25, 740118).
cost(21, 1, 383081).
cost(21, 2, 726531).
cost(21, 3, 522344).
cost(21, 4, 257838).
cost(21, 5, 300371).
cost(21, 6, 642901).
cost(21, 7, 401786).
cost(21, 8, 330828).
cost(21, 9, 503537).
cost(21, 10, 677220).
cost(21, 11, 193388).
cost(21, 12, 403910).
cost(21, 13, 331230).
cost(21, 14, 555356).
cost(21, 15, 1023385).
cost(21, 16, 633441).
cost(21, 17, 717768).
cost(21, 18, 584098).
cost(21, 19, 599499).
cost(21, 20, 778752).
cost(21, 22, 329787).
cost(21, 23, 1071318).
cost(21, 24, 839728).
cost(21, 25, 504467).
cost(22, 1, 238096).
cost(22, 2, 472475).
cost(22, 3, 278387).
cost(22, 4, 181660).
cost(22, 5, 111396).
cost(22, 6, 329304).
cost(22, 7, 159437).
cost(22, 8, 352200).
cost(22, 9, 180001).
cost(22, 10, 520444).
cost(22, 11, 202531).
cost(22, 12, 243559).
cost(22, 13, 39261).
cost(22, 14, 443665).
cost(22, 15, 800777).
cost(22, 16, 407674).
cost(22, 17, 389449).
cost(22, 18, 486984).
cost(22, 19, 283205).
cost(22, 20, 471850).
cost(22, 21, 329787).
cost(22, 23, 827232).
cost(22, 24, 513306).
cost(22, 25, 567961).
cost(23, 1, 688666).
cost(23, 2, 355188).
cost(23, 3, 558557).
cost(23, 4, 1008833).
cost(23, 5, 787495).
cost(23, 6, 543198).
cost(23, 7, 686796).
cost(23, 8, 796402).
cost(23, 9, 778723).
cost(23, 10, 435404).
cost(23, 11, 1022851).
cost(23, 12, 667535).
cost(23, 13, 858000).
cost(23, 14, 564586).
cost(23, 15, 93054).
cost(23, 16, 438280).
cost(23, 17, 695155).
cost(23, 18, 563011).
cost(23, 19, 583874).
cost(23, 20, 425352).
cost(23, 21, 1071318).
cost(23, 22, 827232).
cost(23, 24, 722902).
cost(23, 25, 815921).
cost(24, 1, 626894).
cost(24, 2, 505662).
cost(24, 3, 504360).
cost(24, 4, 620698).
cost(24, 5, 584933).
cost(24, 6, 313429).
cost(24, 7, 525350).
cost(24, 8, 795064).
cost(24, 9, 336201).
cost(24, 10, 712842).
cost(24, 11, 675290).
cost(24, 12, 613094).
cost(24, 13, 508512).
cost(24, 14, 734143).
cost(24, 15, 757282).
cost(24, 16, 551098).
cost(24, 17, 126268).
cost(24, 18, 773919).
cost(24, 19, 323303).
cost(24, 20, 326284).
cost(24, 21, 839728).
cost(24, 22, 513306).
cost(24, 23, 722902).
cost(24, 25, 974861).
cost(25, 1, 356849).
cost(25, 2, 580557).
cost(25, 3, 473968).
cost(25, 4, 660225).
cost(25, 5, 456790).
cost(25, 6, 669899).
cost(25, 7, 464710).
cost(25, 8, 217902).
cost(25, 9, 710245).
cost(25, 10, 387956).
cost(25, 11, 617959).
cost(25, 12, 366210).
cost(25, 13, 602452).
cost(25, 14, 278317).
cost(25, 15, 736742).
cost(25, 16, 480677).
cost(25, 17, 855137).
cost(25, 18, 261303).
cost(25, 19, 652142).
cost(25, 20, 740118).
cost(25, 21, 504467).
cost(25, 22, 567961).
cost(25, 23, 815921).
cost(25, 24, 974861).
