dimension(25).
point(1, 238634.0, 249851.0).
point(2, -378429.0, -358086.0).
point(3, 91845.0, -322363.0).
point(4, -59714.0, -443576.0).
point(5, 422175.0, 363862.0).
point(6, 287768.0, -117777.0).
point(7, -186806.0, 138448.0).
point(8, 176212.0, 31987.0).
point(9, 83879.0, -32998.0).
point(10, -1022.0, -334580.0).
point(11, -13113.0, 96561.0).
point(12, -234001.0, 580444.0).
point(13, -72252.0, -139008.0).
point(14, 196234.0, 152064.0).
point(15, -40508.0, -225740.0).
point(16, -320589.0, 217057.0).
point(17, -98293.0, -95843.0).
point(18, -19674.0, 243347.0).
point(19, -99381.0, -23682.0).
point(20, 173947.0, -258464.0).
point(21, -269080.0, 52707.0).
point(22, 113322.0, 2447.0).
point(23, -320785.0, -6697.0).
point(24, -56661.0, 385002.0).
point(25, 234915.0, 62916.0).
cost(1, 2, 866230).
cost(1, 3, 590742).
cost(1, 4, 754886).
cost(1, 5, 216069).
cost(1, 6, 370897).
cost(1, 7, 439784).
cost(1, 8, 226630).
cost(1, 9, 322417).
cost(1, 10, 631660).
cost(1, 11, 294745).
cost(1, 12, 576780).
cost(1, 13, 497857).
cost(1, 14, 106584).
cost(1, 15, 551459).
cost(1, 16, 560184).
cost(1, 17, 482726).
cost(1, 18, 258390).
cost(1, 19, 434827).
cost(1, 20, 512414).
cost(1, 21, 544646).
cost(1, 22, 277330).
cost(1, 23, 615440).
cost(1, 24, 324754).
cost(1, 25, 186972).
cost(2, 1, 866230).
cost(2, 3, 471629).
cost(2, 4, 329982).
cost(2, 5, 1078043).
cost(2, 6, 708214).
cost(2, 7, 532227).
cost(2, 8, 678073).
cost(2, 9, 565164).
cost(2, 10, 378138).
cost(2, 11, 583232).
cost(2, 12, 949578).
cost(2, 13, 376483).
cost(2, 14, 768434).
cost(2, 15, 362913).
cost(2, 16, 578044).
cost(2, 17, 383729).
cost(2, 18, 700305).
cost(2, 19, 435539).
cost(2, 20, 561288).
cost(2, 21, 425098).
cost(2, 22, 609757).
cost(2, 23, 356086).
cost(2, 24, 809762).
cost(2, 25, 743931).
cost(3, 1, 590742).
cost(3, 2, 471629).
cost(3, 4, 194069).
cost(3, 5, 761592).
cost(3, 6, 283269).
cost(3, 7, 538510).
cost(3, 8, 364255).
cost(3, 9, 289475).
cost(3, 10, 93667).
cost(3, 11, 431872).
cost(3, 12, 959810).
cost(3, 13, 246063).
cost(3, 14, 485776).
cost(3, 15, 163870).
cost(3, 16, 679026).
cost(3, 17, 295743).
cost(3, 18, 576597).
cost(3, 19, 354652).
cost(3, 20, 104038).
cost(3, 21, 520523).
cost(3, 22, 325519).
cost(3, 23, 519527).
cost(3, 24, 722786).
cost(3, 25, 410985).
cost(4, 1, 754886).
cost(4, 2, 329982).
cost(4, 3, 194069).
cost(4, 5, 940305).
cost(4, 6, 476328).
cost(4, 7, 595738).
cost(4, 8, 530868).
cost(4, 9, 434963).
cost(4, 10, 123794).
cost(4, 11, 542144).
cost(4, 12, 1038746).
cost(4, 13, 304826).
cost(4, 14, 648303).
cost(4, 15, 218681).
cost(4, 16, 710276).
cost(4, 17, 349867).
cost(4, 18, 688089).
cost(4, 19, 421763).
cost(4, 20, 298101).
cost(4, 21, 538638).
cost(4, 22, 478412).
cost(4, 23, 508941).
cost(4, 24, 828584).
cost(4, 25, 585953).
cost(5, 1, 216069).
cost(5, 2, 1078043).
cost(5, 3, 761592).
cost(5, 4, 940305).
cost(5, 6, 500041).
cost(5, 7, 649361).
cost(5, 8, 413085).
cost(5, 9, 521481).
cost(5, 10, 816650).
cost(5, 11, 510809).
cost(5, 12, 690995).
cost(5, 13, 705221).
cost(5, 14, 309690).
cost(5, 15, 749471).
cost(5, 16, 757133).
cost(5, 17, 694417).
cost(5, 18, 457990).
cost(5, 19, 649778).
cost(5, 20, 670005).
cost(5, 21, 758057).
cost(5, 22, 475406).
cost(5, 23, 830243).
cost(5, 24, 479302).
cost(5, 25, 354450).
cost(6, 1, 370897).
cost(6, 2, 708214).
cost(6, 3, 283269).
cost(6, 4, 476328).
cost(6, 5, 500041).
cost(6, 7, 539325).
cost(6, 8, 186746).
cost(6, 9, 220813).
cost(6, 10, 361114).
cost(6, 11, 369419).
cost(6, 12, 871640).
cost(6, 13, 360645).
cost(6, 14, 284943).
cost(6, 15, 345574).
cost(6, 16, 694415).
cost(6, 17, 386684).
cost(6, 18, 474269).
cost(6, 19, 398420).
cost(6, 20, 180964).
cost(6, 21, 582361).
cost(6, 22, 211861).
cost(6, 23, 618608).
cost(6, 24, 609441).
cost(6, 25, 188264).
cost(7, 1, 439784).
cost(7, 2, 532227).
cost(7, 3, 538510).
cost(7, 4, 595738).
cost(7, 5, 649361).
cost(7, 6, 539325).
cost(7, 8, 378307).
cost(7, 9, 320412).
cost(7, 10, 508204).
cost(7, 11, 178672).
cost(7, 12, 444509).
cost(7, 13, 300174).
cost(7, 14, 383282).
cost(7, 15, 392474).
cost(7, 16, 155169).
cost(7, 17, 250453).
cost(7, 18, 197324).
cost(7, 19, 184199).
cost(7, 20, 536360).
cost(7, 21, 118830).
cost(7, 22, 329504).
cost(7, 23, 197528).
cost(7, 24, 278795).
cost(7, 25, 428432).
cost(8, 1, 226630).
cost(8, 2, 678073).
cost(8, 3, 364255).
cost(8, 4, 530868).
cost(8, 5, 413085).
cost(8, 6, 186746).
cost(8, 7, 378307).
cost(8, 9, 112909).
cost(8, 10, 407165).
cost(8, 11, 200034).
cost(8, 12, 684894).
cost(8, 13, 301618).
cost(8, 14, 121735).
cost(8, 15, 336735).
cost(8, 16, 530153).
cost(8, 17, 302809).
cost(8, 18, 288174).
cost(8, 19, 281159).
cost(8, 20, 290460).
cost(8, 21, 445774).
cost(8, 22, 69482).
cost(8, 23, 498500).
cost(8, 24, 422906).
cost(8, 25, 66352).
cost(9, 1, 322417).
cost(9, 2, 565164).
cost(9, 3, 289475).
cost(9, 4, 434963).
cost(9, 5, 521481).
cost(9, 6, 220813).
cost(9, 7, 320412).
cost(9, 8, 112909).
cost(9, 10, 313305).
cost(9, 11, 161842).
cost(9, 12, 690912).
cost(9, 13, 188719).
cost(9, 14, 216498).
cost(9, 15, 229394).
cost(9, 16, 475523).
cost(9, 17, 192707).
cost(9, 18, 295110).
cost(9, 19, 183497).
cost(9, 20, 242790).
cost(9, 21, 363215).
cost(9, 22, 46079).
cost(9, 23, 405518).
cost(9, 24, 440994).
cost(9, 25, 178917).
cost(10, 1, 631660).
cost(10, 2, 378138).
cost(10, 3, 93667).
cost(10, 4, 123794).
cost(10, 5, 816650).
cost(10, 6, 361114).
cost(10, 7, 508204).
cost(10, 8, 407165).
cost(10, 9, 313305).
cost(10, 11, 431311).
cost(10, 12, 944218).
cost(10, 13, 208140).
cost(10, 14, 525102).
cost(10, 15, 115781).
cost(10, 16, 637516).
cost(10, 17, 257793).
cost(10, 18, 578228).
cost(10, 19, 326086).
cost(10, 20, 190808).
cost(10, 21, 471006).
cost(10, 22, 355896).
cost(10, 23, 457991).
cost(10, 24, 721730).
cost(10, 25, 462244).
cost(11, 1, 294745).
cost(11, 2, 583232).
cost(11, 3, 431872).
cost(11, 4, 542144).
cost(11, 5, 510809).
cost(11, 6, 369419).
cost(11, 7, 178672).
cost(11, 8, 200034).
cost(11, 9, 161842).
cost(11, 10, 431311).
cost(11, 12, 531916).
cost(11, 13, 242879).
cost(11, 14, 216580).
cost(11, 15, 323463).
cost(11, 16, 330244).
cost(11, 17, 210416).
cost(11, 18, 146933).
cost(11, 19, 147988).
cost(11, 20, 401291).
cost(11, 21, 259697).
cost(11, 22, 157617).
cost(11, 23, 324537).
cost(11, 24, 291710).
cost(11, 25, 250300).
cost(12, 1, 576780).
cost(12, 2, 949578).
cost(12, 3, 959810).
cost(12, 4, 1038746).
cost(12, 5, 690995).
cost(12, 6, 871640).
cost(12, 7, 444509).
cost(12, 8, 684894).
cost(12, 9, 690912).
cost(12, 10, 944218).
cost(12, 11, 531916).
cost(12, 13, 737410).
cost(12, 14, 607134).
cost(12, 15, 829079).
cost(12, 16, 373561).
cost(12, 17, 689769).
cost(12, 18, 399463).
cost(12, 19, 618943).
cost(12, 20, 932839).
cost(12, 21, 528902).
cost(12, 22, 674325).
cost(12, 23, 593520).
cost(12, 24, 263907).
cost(12, 25, 698368).
cost(13, 1, 497857).
cost(13, 2, 376483).
cost(13, 3, 246063).
cost(13, 4, 304826).
cost(13, 5, 705221).
cost(13, 6, 360645).
cost(13, 7, 300174).
cost(13, 8, 301618).
cost(13, 9, 188719).
cost(13, 10, 208140).
cost(13, 11, 242879).
cost(13, 12, 737410).
cost(13, 14, 395989).
cost(13, 15, 92359).
cost(13, 16, 434112).
cost(13, 17, 50412).
cost(13, 18, 385953).
cost(13, 19, 118474).
cost(13, 20, 273649).
cost(13, 21, 274765).
cost(13, 22, 233339).
cost(13, 23, 281558).
cost(13, 24, 524242).
cost(13, 25, 367593).
cost(14, 1, 106584).
cost(14, 2, 768434).
cost(14, 3, 485776).
cost(14, 4, 648303).
cost(14, 5, 309690).
cost(14, 6, 284943).
cost(14, 7, 383282).
cost(14, 8, 121735).
cost(14, 9, 216498).
cost(14, 10, 525102).
cost(14, 11, 216580).
cost(14, 12, 607134).
cost(14, 13, 395989).
cost(14, 15, 445850).
cost(14, 16, 520894).
cost(14, 17, 384973).
cost(14, 18, 234412).
cost(14, 19, 343911).
cost(14, 20, 411133).
cost(14, 21, 475803).
cost(14, 22, 171055).
cost(14, 23, 540845).
cost(14, 24, 343826).
cost(14, 25, 97178).
cost(15, 1, 551459).
cost(15, 2, 362913).
cost(15, 3, 163870).
cost(15, 4, 218681).
cost(15, 5, 749471).
cost(15, 6, 345574).
cost(15, 7, 392474).
cost(15, 8, 336735).
cost(15, 9, 229394).
cost(15, 10, 115781).
cost(15, 11, 323463).
cost(15, 12, 829079).
cost(15, 13, 92359).
cost(15, 14, 445850).
cost(15, 16, 523941).
cost(15, 17, 142170).
cost(15, 18, 469549).
cost(15, 19, 210460).
cost(15, 20, 216937).
cost(15, 21, 360247).
cost(15, 22, 275196).
cost(15, 23, 355718).
cost(15, 24, 610956).
cost(15, 25, 398974).
cost(16, 1, 560184).
cost(16, 2, 578044).
cost(16, 3, 679026).
cost(16, 4, 710276).
cost(16, 5, 757133).
cost(16, 6, 694415).
cost(16, 7, 155169).
cost(16, 8, 530153).
cost(16, 9, 475523).
cost(16, 10, 637516).
cost(16, 11, 330244).
cost(16, 12, 373561).
cost(16, 13, 434112).
cost(16, 14, 520894).
cost(16, 15, 523941).
cost(16, 17, 383825).
cost(16, 18, 302061).
cost(16, 19, 326938).
cost(16, 20, 686066).
cost(16, 21, 172233).
cost(16, 22, 484083).
cost(16, 23, 223754).
cost(16, 24, 312831).
cost(16, 25, 576493).
cost(17, 1, 482726).
cost(17, 2, 383729).
cost(17, 3, 295743).
cost(17, 4, 349867).
cost(17, 5, 694417).
cost(17, 6, 386684).
cost(17, 7, 250453).
cost(17, 8, 302809).
cost(17, 9, 192707).
cost(17, 10, 257793).
cost(17, 11, 210416).
cost(17, 12, 689769).
cost(17, 13, 50412).
cost(17, 14, 384973).
cost(17, 15, 142170).
cost(17, 16, 383825).
cost(17, 18, 348182).
cost(17, 19, 72169).
cost(17, 20, 317112).
cost(17, 21, 226352).
cost(17, 22, 233328).
cost(17, 23, 239687).
cost(17, 24, 482644).
cost(17, 25, 369096).
cost(18, 1, 258390).
cost(18, 2, 700305).
cost(18, 3, 576597).
cost(18, 4, 688089).
cost(18, 5, 457990).
cost(18, 6, 474269).
cost(18, 7, 197324).
cost(18, 8, 288174).
cost(18, 9, 295110).
cost(18, 10, 578228).
cost(18, 11, 146933).
cost(18, 12, 399463).
cost(18, 13, 385953).
cost(18, 14, 234412).
cost(18, 15, 469549).
cost(18, 16, 302061).
cost(18, 17, 348182).
cost(18, 19, 278671).
cost(18, 20, 537869).
cost(18, 21, 313922).
cost(18, 22, 275174).
cost(18, 23, 391395).
cost(18, 24, 146404).
cost(18, 25, 312043).
cost(19, 1, 434827).
cost(19, 2, 435539).
cost(19, 3, 354652).
cost(19, 4, 421763).
cost(19, 5, 649778).
cost(19, 6, 398420).
cost(19, 7, 184199).
cost(19, 8, 281159).
cost(19, 9, 183497).
cost(19, 10, 326086).
cost(19, 11, 147988).
cost(19, 12, 618943).
cost(19, 13, 118474).
cost(19, 14, 343911).
cost(19, 15, 210460).
cost(19, 16, 326938).
cost(19, 17, 72169).
cost(19, 18, 278671).
cost(19, 20, 360320).
cost(19, 21, 186100).
cost(19, 22, 214302).
cost(19, 23, 222055).
cost(19, 24, 410911).
cost(19, 25, 345330).
cost(20, 1, 512414).
cost(20, 2, 561288).
cost(20, 3, 104038).
cost(20, 4, 298101).
cost(20, 5, 670005).
cost(20, 6, 180964).
cost(20, 7, 536360).
cost(20, 8, 290460).
cost(20, 9, 242790).
cost(20, 10, 190808).
cost(20, 11, 401291).
cost(20, 12, 932839).
cost(20, 13, 273649).
cost(20, 14, 411133).
cost(20, 15, 216937).
cost(20, 16, 686066).
cost(20, 17, 317112).
cost(20, 18, 537869).
cost(20, 19, 360320).
cost(20, 21, 541387).
cost(20, 22, 267862).
cost(20, 23, 555109).
cost(20, 24, 683541).
cost(20, 25, 327112).
cost(21, 1, 544646).
cost(21, 2, 425098).
cost(21, 3, 520523).
cost(21, 4, 538638).
cost(21, 5, 758057).
cost(21, 6, 582361).
cost(21, 7, 118830).
cost(21, 8, 445774).
cost(21, 9, 363215).
cost(21, 10, 471006).
cost(21, 11, 259697).
cost(21, 12, 528902).
cost(21, 13, 274765).
cost(21, 14, 475803).
cost(21, 15, 360247).
cost(21, 16, 172233).
cost(21, 17, 226352).
cost(21, 18, 313922).
cost(21, 19, 186100).
cost(21, 20, 541387).
cost(21, 22, 385691).
cost(21, 23, 78754).
cost(21, 24, 394388).
cost(21, 25, 504098).
cost(22, 1, 277330).
cost(22, 2, 609757).
cost(22, 3, 325519).
cost(22, 4, 478412).
cost(22, 5, 475406).
cost(22, 6, 211861).
cost(22, 7, 329504).
cost(22, 8, 69482).
cost(22, 9, 46079).
cost(22, 10, 355896).
cost(22, 11, 157617).
cost(22, 12, 674325).
cost(22, 13, 233339).
cost(22, 14, 171055).
cost(22, 15, 275196).
cost(22, 16, 484083).
cost(22, 17, 233328).
cost(22, 18, 275174).
cost(22, 19, 214302).
cost(22, 20, 267862).
cost(22, 21, 385691).
cost(22, 23, 434203).
cost(22, 24, 418620).
cost(22, 25, 135799).
cost(23, 1, 615440).
cost(23, 2, 356086).
cost(23, 3, 519527).
cost(23, 4, 508941).
cost(23, 5, 830243).
cost(23, 6, 618608).
cost(23, 7, 197528).
cost(23, 8, 498500).
cost(23, 9, 405518).
cost(23, 10, 457991).
cost(23, 11, 324537).
cost(23, 12, 593520).
cost(23, 13, 281558).
cost(23, 14, 540845).
cost(23, 15, 355718).
cost(23, 16, 223754).
cost(23, 17, 239687).
cost(23, 18, 391395).
cost(23, 19, 222055).
cost(23, 20, 555109).
cost(23, 21, 78754).
cost(23, 22, 434203).
cost(23, 24, 472429).
cost(23, 25, 560043).
cost(24, 1, 324754).
cost(24, 2, 809762).
cost(24, 3, 722786).
cost(24, 4, 828584).
cost(24, 5, 479302).
cost(24, 6, 609441).
cost(24, 7, 278795).
cost(24, 8, 422906).
cost(24, 9, 440994).
cost(24, 10, 721730).
cost(24, 11, 291710).
cost(24, 12, 263907).
cost(24, 13, 524242).
cost(24, 14, 343826).
cost(24, 15, 610956).
cost(24, 16, 312831).
cost(24, 17, 482644).
cost(24, 18, 146404).
cost(24, 19, 410911).
cost(24, 20, 683541).
cost(24, 21, 394388).
cost(24, 22, 418620).
cost(24, 23, 472429).
cost(24, 25, 434461).
cost(25, 1, 186972).
cost(25, 2, 743931).
cost(25, 3, 410985).
cost(25, 4, 585953).
cost(25, 5, 354450).
cost(25, 6, 188264).
cost(25, 7, 428432).
cost(25, 8, 66352).
cost(25, 9, 178917).
cost(25, 10, 462244).
cost(25, 11, 250300).
cost(25, 12, 698368).
cost(25, 13, 367593).
cost(25, 14, 97178).
cost(25, 15, 398974).
cost(25, 16, 576493).
cost(25, 17, 369096).
cost(25, 18, 312043).
cost(25, 19, 345330).
cost(25, 20, 327112).
cost(25, 21, 504098).
cost(25, 22, 135799).
cost(25, 23, 560043).
cost(25, 24, 434461).
