dimension(25).
point(1, 18088.0, -153694.0).
point(2, -146792.0, -21921.0).
point(3, 68601.0, 348894.0).
point(4, -43612.0, -70198.0).
point(5, 10958.0, 321671.0).
point(6, -139732.0, 45775.0).
point(7, 129990.0, -161792.0).
point(8, 118785.0, -103161.0).
point(9, -106136.0, 412778.0).
point(10, 318882.0, 16182.0).
point(11, -150748.0, 329065.0).
point(12, -60161.0, -215635.0).
point(13, 325421.0, 163458.0).
point(14, -213760.0, -107743.0).
point(15, 127690.0, 116262.0).
point(16, 117036.0, 29755.0).
point(17, 195043.0, 102382.0).
point(18, 225229.0, 61121.0).
point(19, 16297.0, 131978.0).
point(20, 34174.0, -280199.0).
point(21, -212646.0, -29748.0).
point(22, -262208.0, -389360.0).
point(23, -6880.0, 89477.0).
point(24, 109023.0, -21366.0).
point(25, -73223.0, 86738.0).
cost(1, 2, 211068).
cost(1, 3, 505120).
cost(1, 4, 103819).
cost(1, 5, 475418).
cost(1, 6, 254352).
cost(1, 7, 112195).
cost(1, 8, 112665).
cost(1, 9, 579933).
cost(1, 10, 345449).
cost(1, 11, 511431).
cost(1, 12, 99798).
cost(1, 13, 441632).
cost(1, 14, 236358).
cost(1, 15, 291357).
cost(1, 16, 208433).
cost(1, 17, 311268).
cost(1, 18, 298417).
cost(1, 19, 285678).
cost(1, 20, 127524).
cost(1, 21, 261918).
cost(1, 22, 366203).
cost(1, 23, 244449).
cost(1, 24, 160561).
cost(1, 25, 257187).
cost(2, 1, 211068).
cost(2, 3, 428833).
cost(2, 4, 113916).
cost(2, 5, 378075).
cost(2, 6, 68063).
cost(2, 7, 310116).
cost(2, 8, 277725).
cost(2, 9, 436596).
cost(2, 10, 467230).
cost(2, 11, 351008).
cost(2, 12, 212203).
cost(2, 13, 507297).
cost(2, 14, 108858).
cost(2, 15, 307303).
cost(2, 16, 268841).
cost(2, 17, 363734).
cost(2, 18, 381177).
cost(2, 19, 224239).
cost(2, 20, 315367).
cost(2, 21, 66318).
cost(2, 22, 385139).
cost(2, 23, 178843).
cost(2, 24, 255816).
cost(2, 25, 131222).
cost(3, 1, 505120).
cost(3, 2, 428833).
cost(3, 4, 433855).
cost(3, 5, 63748).
cost(3, 6, 367809).
cost(3, 7, 514363).
cost(3, 8, 454832).
cost(3, 9, 186049).
cost(3, 10, 416339).
cost(3, 11, 220243).
cost(3, 12, 579027).
cost(3, 13, 316770).
cost(3, 14, 536885).
cost(3, 15, 240019).
cost(3, 16, 322794).
cost(3, 17, 277048).
cost(3, 18, 327636).
cost(3, 19, 223133).
cost(3, 20, 630034).
cost(3, 21, 471667).
cost(3, 22, 808983).
cost(3, 23, 270175).
cost(3, 24, 372460).
cost(3, 25, 298060).
cost(4, 1, 103819).
cost(4, 2, 113916).
cost(4, 3, 433855).
cost(4, 5, 395650).
cost(4, 6, 150628).
cost(4, 7, 196283).
cost(4, 8, 165709).
cost(4, 9, 487006).
cost(4, 10, 372644).
cost(4, 11, 413387).
cost(4, 12, 146376).
cost(4, 13, 436784).
cost(4, 14, 174241).
cost(4, 15, 253203).
cost(4, 16, 189205).
cost(4, 17, 294517).
cost(4, 18, 299199).
cost(4, 19, 210865).
cost(4, 20, 223944).
cost(4, 21, 173806).
cost(4, 22, 386844).
cost(4, 23, 163845).
cost(4, 24, 160256).
cost(4, 25, 159705).
cost(5, 1, 475418).
cost(5, 2, 378075).
cost(5, 3, 63748).
cost(5, 4, 395650).
cost(5, 6, 314366).
cost(5, 7, 497901).
cost(5, 8, 438302).
cost(5, 9, 148363).
cost(5, 10, 433752).
cost(5, 11, 161875).
cost(5, 12, 541992).
cost(5, 13, 352020).
cost(5, 14, 484659).
cost(5, 15, 236261).
cost(5, 16, 310592).
cost(5, 17, 286313).
cost(5, 18, 337340).
cost(5, 19, 189768).
cost(5, 20, 602318).
cost(5, 21, 416526).
cost(5, 22, 761699).
cost(5, 23, 232878).
cost(5, 24, 356779).
cost(5, 25, 249560).
cost(6, 1, 254352).
cost(6, 2, 68063).
cost(6, 3, 367809).
cost(6, 4, 150628).
cost(6, 5, 314366).
cost(6, 7, 340344).
cost(6, 8, 298350).
cost(6, 9, 368538).
cost(6, 10, 459568).
cost(6, 11, 283504).
cost(6, 12, 273252).
cost(6, 13, 479809).
cost(6, 14, 170435).
cost(6, 15, 276555).
cost(6, 16, 257267).
cost(6, 17, 339527).
cost(6, 18, 365283).
cost(6, 19, 178258).
cost(6, 20, 369462).
cost(6, 21, 104977).
cost(6, 22, 452043).
cost(6, 23, 139855).
cost(6, 24, 257657).
cost(6, 25, 78112).
cost(7, 1, 112195).
cost(7, 2, 310116).
cost(7, 3, 514363).
cost(7, 4, 196283).
cost(7, 5, 497901).
cost(7, 6, 340344).
cost(7, 8, 59692).
cost(7, 9, 621197).
cost(7, 10, 259528).
cost(7, 11, 565468).
cost(7, 12, 197627).
cost(7, 13, 379448).
cost(7, 14, 347973).
cost(7, 15, 278064).
cost(7, 16, 191985).
cost(7, 17, 272066).
cost(7, 18, 242406).
cost(7, 19, 315003).
cost(7, 20, 152318).
cost(7, 21, 367199).
cost(7, 22, 453438).
cost(7, 23, 286128).
cost(7, 24, 141983).
cost(7, 25, 321034).
cost(8, 1, 112665).
cost(8, 2, 277725).
cost(8, 3, 454832).
cost(8, 4, 165709).
cost(8, 5, 438302).
cost(8, 6, 298350).
cost(8, 7, 59692).
cost(8, 9, 562834).
cost(8, 10, 232984).
cost(8, 11, 509379).
cost(8, 12, 211358).
cost(8, 13, 337319).
cost(8, 14, 332577).
cost(8, 15, 219604).
cost(8, 16, 132928).
cost(8, 17, 219233).
cost(8, 18, 195752).
cost(8, 19, 256504).
cost(8, 20, 196218).
cost(8, 21, 339464).
cost(8, 22, 476514).
cost(8, 23, 230002).
cost(8, 24, 82375).
cost(8, 25, 270053).
cost(9, 1, 579933).
cost(9, 2, 436596).
cost(9, 3, 186049).
cost(9, 4, 487006).
cost(9, 5, 148363).
cost(9, 6, 368538).
cost(9, 7, 621197).
cost(9, 8, 562834).
cost(9, 10, 581316).
cost(9, 11, 94858).
cost(9, 12, 630093).
cost(9, 13, 498399).
cost(9, 14, 531531).
cost(9, 15, 377619).
cost(9, 16, 443297).
cost(9, 17, 432498).
cost(9, 18, 483183).
cost(9, 19, 306331).
cost(9, 20, 707039).
cost(9, 21, 455163).
cost(9, 22, 817180).
cost(9, 23, 338194).
cost(9, 24, 484535).
cost(9, 25, 327697).
cost(10, 1, 345449).
cost(10, 2, 467230).
cost(10, 3, 416339).
cost(10, 4, 372644).
cost(10, 5, 433752).
cost(10, 6, 459568).
cost(10, 7, 259528).
cost(10, 8, 232984).
cost(10, 9, 581316).
cost(10, 11, 564312).
cost(10, 12, 444312).
cost(10, 13, 147421).
cost(10, 14, 546868).
cost(10, 15, 215802).
cost(10, 16, 202302).
cost(10, 17, 150886).
cost(10, 18, 103877).
cost(10, 19, 323985).
cost(10, 20, 410975).
cost(10, 21, 533509).
cost(10, 22, 708611).
cost(10, 23, 333906).
cost(10, 24, 213192).
cost(10, 25, 398402).
cost(11, 1, 511431).
cost(11, 2, 351008).
cost(11, 3, 220243).
cost(11, 4, 413387).
cost(11, 5, 161875).
cost(11, 6, 283504).
cost(11, 7, 565468).
cost(11, 8, 509379).
cost(11, 9, 94858).
cost(11, 10, 564312).
cost(11, 12, 552181).
cost(11, 13, 504145).
cost(11, 14, 441330).
cost(11, 15, 350447).
cost(11, 16, 401615).
cost(11, 17, 413469).
cost(11, 18, 461685).
cost(11, 19, 258355).
cost(11, 20, 636709).
cost(11, 21, 364113).
cost(11, 22, 727020).
cost(11, 23, 279465).
cost(11, 24, 436214).
cost(11, 25, 254426).
cost(12, 1, 99798).
cost(12, 2, 212203).
cost(12, 3, 579027).
cost(12, 4, 146376).
cost(12, 5, 541992).
cost(12, 6, 273252).
cost(12, 7, 197627).
cost(12, 8, 211358).
cost(12, 9, 630093).
cost(12, 10, 444312).
cost(12, 11, 552181).
cost(12, 13, 540726).
cost(12, 14, 187705).
cost(12, 15, 381371).
cost(12, 16, 302680).
cost(12, 17, 407755).
cost(12, 18, 397544).
cost(12, 19, 355922).
cost(12, 20, 114314).
cost(12, 21, 240428).
cost(12, 22, 266465).
cost(12, 23, 309729).
cost(12, 24, 257611).
cost(12, 25, 302655).
cost(13, 1, 441632).
cost(13, 2, 507297).
cost(13, 3, 316770).
cost(13, 4, 436784).
cost(13, 5, 352020).
cost(13, 6, 479809).
cost(13, 7, 379448).
cost(13, 8, 337319).
cost(13, 9, 498399).
cost(13, 10, 147421).
cost(13, 11, 504145).
cost(13, 12, 540726).
cost(13, 14, 603545).
cost(13, 15, 203286).
cost(13, 16, 247590).
cost(13, 17, 143975).
cost(13, 18, 143218).
cost(13, 19, 310723).
cost(13, 20, 530713).
cost(13, 21, 571703).
cost(13, 22, 806793).
cost(13, 23, 340437).
cost(13, 24, 284584).
cost(13, 25, 405959).
cost(14, 1, 236358).
cost(14, 2, 108858).
cost(14, 3, 536885).
cost(14, 4, 174241).
cost(14, 5, 484659).
cost(14, 6, 170435).
cost(14, 7, 347973).
cost(14, 8, 332577).
cost(14, 9, 531531).
cost(14, 10, 546868).
cost(14, 11, 441330).
cost(14, 12, 187705).
cost(14, 13, 603545).
cost(14, 15, 408370).
cost(14, 16, 358234).
cost(14, 17, 459644).
cost(14, 18, 470347).
cost(14, 19, 332253).
cost(14, 20, 302014).
cost(14, 21, 78003).
cost(14, 22, 285754).
cost(14, 23, 285823).
cost(14, 24, 334140).
cost(14, 25, 239945).
cost(15, 1, 291357).
cost(15, 2, 307303).
cost(15, 3, 240019).
cost(15, 4, 253203).
cost(15, 5, 236261).
cost(15, 6, 276555).
cost(15, 7, 278064).
cost(15, 8, 219604).
cost(15, 9, 377619).
cost(15, 10, 215802).
cost(15, 11, 350447).
cost(15, 12, 381371).
cost(15, 13, 203286).
cost(15, 14, 408370).
cost(15, 16, 87161).
cost(15, 17, 68768).
cost(15, 18, 112046).
cost(15, 19, 112496).
cost(15, 20, 407341).
cost(15, 21, 370334).
cost(15, 22, 638494).
cost(15, 23, 137210).
cost(15, 24, 138888).
cost(15, 25, 203071).
cost(16, 1, 208433).
cost(16, 2, 268841).
cost(16, 3, 322794).
cost(16, 4, 189205).
cost(16, 5, 310592).
cost(16, 6, 257267).
cost(16, 7, 191985).
cost(16, 8, 132928).
cost(16, 9, 443297).
cost(16, 10, 202302).
cost(16, 11, 401615).
cost(16, 12, 302680).
cost(16, 13, 247590).
cost(16, 14, 358234).
cost(16, 15, 87161).
cost(16, 17, 106582).
cost(16, 18, 112648).
cost(16, 19, 143520).
cost(16, 20, 320839).
cost(16, 21, 335009).
cost(16, 22, 565229).
cost(16, 23, 137557).
cost(16, 24, 51745).
cost(16, 25, 198609).
cost(17, 1, 311268).
cost(17, 2, 363734).
cost(17, 3, 277048).
cost(17, 4, 294517).
cost(17, 5, 286313).
cost(17, 6, 339527).
cost(17, 7, 272066).
cost(17, 8, 219233).
cost(17, 9, 432498).
cost(17, 10, 150886).
cost(17, 11, 413469).
cost(17, 12, 407755).
cost(17, 13, 143975).
cost(17, 14, 459644).
cost(17, 15, 68768).
cost(17, 16, 106582).
cost(17, 18, 51124).
cost(17, 19, 181180).
cost(17, 20, 415027).
cost(17, 21, 428566).
cost(17, 22, 671482).
cost(17, 23, 202335).
cost(17, 24, 150708).
cost(17, 25, 268722).
cost(18, 1, 298417).
cost(18, 2, 381177).
cost(18, 3, 327636).
cost(18, 4, 299199).
cost(18, 5, 337340).
cost(18, 6, 365283).
cost(18, 7, 242406).
cost(18, 8, 195752).
cost(18, 9, 483183).
cost(18, 10, 103877).
cost(18, 11, 461685).
cost(18, 12, 397544).
cost(18, 13, 143218).
cost(18, 14, 470347).
cost(18, 15, 112046).
cost(18, 16, 112648).
cost(18, 17, 51124).
cost(18, 19, 220620).
cost(18, 20, 391154).
cost(18, 21, 447204).
cost(18, 22, 663723).
cost(18, 23, 233835).
cost(18, 24, 142506).
cost(18, 25, 299549).
cost(19, 1, 285678).
cost(19, 2, 224239).
cost(19, 3, 223133).
cost(19, 4, 210865).
cost(19, 5, 189768).
cost(19, 6, 178258).
cost(19, 7, 315003).
cost(19, 8, 256504).
cost(19, 9, 306331).
cost(19, 10, 323985).
cost(19, 11, 258355).
cost(19, 12, 355922).
cost(19, 13, 310723).
cost(19, 14, 332253).
cost(19, 15, 112496).
cost(19, 16, 143520).
cost(19, 17, 181180).
cost(19, 18, 220620).
cost(19, 20, 412564).
cost(19, 21, 280304).
cost(19, 22, 591065).
cost(19, 23, 48410).
cost(19, 24, 179200).
cost(19, 25, 100302).
cost(20, 1, 127524).
cost(20, 2, 315367).
cost(20, 3, 630034).
cost(20, 4, 223944).
cost(20, 5, 602318).
cost(20, 6, 369462).
cost(20, 7, 152318).
cost(20, 8, 196218).
cost(20, 9, 707039).
cost(20, 10, 410975).
cost(20, 11, 636709).
cost(20, 12, 114314).
cost(20, 13, 530713).
cost(20, 14, 302014).
cost(20, 15, 407341).
cost(20, 16, 320839).
cost(20, 17, 415027).
cost(20, 18, 391154).
cost(20, 19, 412564).
cost(20, 21, 351633).
cost(20, 22, 315846).
cost(20, 23, 371949).
cost(20, 24, 269438).
cost(20, 25, 382331).
cost(21, 1, 261918).
cost(21, 2, 66318).
cost(21, 3, 471667).
cost(21, 4, 173806).
cost(21, 5, 416526).
cost(21, 6, 104977).
cost(21, 7, 367199).
cost(21, 8, 339464).
cost(21, 9, 455163).
cost(21, 10, 533509).
cost(21, 11, 364113).
cost(21, 12, 240428).
cost(21, 13, 571703).
cost(21, 14, 78003).
cost(21, 15, 370334).
cost(21, 16, 335009).
cost(21, 17, 428566).
cost(21, 18, 447204).
cost(21, 19, 280304).
cost(21, 20, 351633).
cost(21, 22, 363011).
cost(21, 23, 237811).
cost(21, 24, 321778).
cost(21, 25, 181680).
cost(22, 1, 366203).
cost(22, 2, 385139).
cost(22, 3, 808983).
cost(22, 4, 386844).
cost(22, 5, 761699).
cost(22, 6, 452043).
cost(22, 7, 453438).
cost(22, 8, 476514).
cost(22, 9, 817180).
cost(22, 10, 708611).
cost(22, 11, 727020).
cost(22, 12, 266465).
cost(22, 13, 806793).
cost(22, 14, 285754).
cost(22, 15, 638494).
cost(22, 16, 565229).
cost(22, 17, 671482).
cost(22, 18, 663723).
cost(22, 19, 591065).
cost(22, 20, 315846).
cost(22, 21, 363011).
cost(22, 23, 542658).
cost(22, 24, 522716).
cost(22, 25, 512235).
cost(23, 1, 244449).
cost(23, 2, 178843).
cost(23, 3, 270175).
cost(23, 4, 163845).
cost(23, 5, 232878).
cost(23, 6, 139855).
cost(23, 7, 286128).
cost(23, 8, 230002).
cost(23, 9, 338194).
cost(23, 10, 333906).
cost(23, 11, 279465).
cost(23, 12, 309729).
cost(23, 13, 340437).
cost(23, 14, 285823).
cost(23, 15, 137210).
cost(23, 16, 137557).
cost(23, 17, 202335).
cost(23, 18, 233835).
cost(23, 19, 48410).
cost(23, 20, 371949).
cost(23, 21, 237811).
cost(23, 22, 542658).
cost(23, 24, 160374).
cost(23, 25, 66400).
cost(24, 1, 160561).
cost(24, 2, 255816).
cost(24, 3, 372460).
cost(24, 4, 160256).
cost(24, 5, 356779).
cost(24, 6, 257657).
cost(24, 7, 141983).
cost(24, 8, 82375).
cost(24, 9, 484535).
cost(24, 10, 213192).
cost(24, 11, 436214).
cost(24, 12, 257611).
cost(24, 13, 284584).
cost(24, 14, 334140).
cost(24, 15, 138888).
cost(24, 16, 51745).
cost(24, 17, 150708).
cost(24, 18, 142506).
cost(24, 19, 179200).
cost(24, 20, 269438).
cost(24, 21, 321778).
cost(24, 22, 522716).
cost(24, 23, 160374).
cost(24, 25, 211896).
cost(25, 1, 257187).
cost(25, 2, 131222).
cost(25, 3, 298060).
cost(25, 4, 159705).
cost(25, 5, 249560).
cost(25, 6, 78112).
cost(25, 7, 321034).
cost(25, 8, 270053).
cost(25, 9, 327697).
cost(25, 10, 398402).
cost(25, 11, 254426).
cost(25, 12, 302655).
cost(25, 13, 405959).
cost(25, 14, 239945).
cost(25, 15, 203071).
cost(25, 16, 198609).
cost(25, 17, 268722).
cost(25, 18, 299549).
cost(25, 19, 100302).
cost(25, 20, 382331).
cost(25, 21, 181680).
cost(25, 22, 512235).
cost(25, 23, 66400).
cost(25, 24, 211896).
