dimension(29).
point(1, 408254.0, 874445.0).
point(2, 323414.0, 221874.0).
point(3, 181362.0, 910628.0).
point(4, 105789.0, 683792.0).
point(5, 682747.0, 524449.0).
point(6, 914679.0, 705071.0).
point(7, 823257.0, 647814.0).
point(8, 929527.0, 111187.0).
point(9, 983450.0, 801863.0).
point(10, 235855.0, 40939.0).
point(11, 114943.0, 748954.0).
point(12, 21508.0, 577430.0).
point(13, 546242.0, 592557.0).
point(14, 856071.0, 72019.0).
point(15, 230455.0, 722642.0).
point(16, 731338.0, 161603.0).
point(17, 256737.0, 171811.0).
point(18, 202973.0, 555125.0).
point(19, 36952.0, 293674.0).
point(20, 889846.0, 171763.0).
point(21, 729520.0, 167533.0).
point(22, 351338.0, 293944.0).
point(23, 363527.0, 237635.0).
point(24, 994303.0, 555034.0).
point(25, 480754.0, 745642.0).
point(26, 611375.0, 25987.0).
point(27, 382517.0, 46647.0).
point(28, 547666.0, 246651.0).
point(29, 617707.0, 151602.0).
cost(1, 2, 658063).
cost(1, 3, 229759).
cost(1, 4, 357538).
cost(1, 5, 444796).
cost(1, 6, 533998).
cost(1, 7, 472852).
cost(1, 8, 924277).
cost(1, 9, 579757).
cost(1, 10, 851148).
cost(1, 11, 319029).
cost(1, 12, 487638).
cost(1, 13, 313850).
cost(1, 14, 918927).
cost(1, 15, 233788).
cost(1, 16, 782641).
cost(1, 17, 718785).
cost(1, 18, 379612).
cost(1, 19, 689319).
cost(1, 20, 851876).
cost(1, 21, 776490).
cost(1, 22, 583285).
cost(1, 23, 638379).
cost(1, 24, 667440).
cost(1, 25, 147805).
cost(1, 26, 872433).
cost(1, 27, 828198).
cost(1, 28, 643087).
cost(1, 29, 752577).
cost(2, 1, 658063).
cost(2, 3, 703250).
cost(2, 4, 510616).
cost(2, 5, 469757).
cost(2, 6, 763593).
cost(2, 7, 656710).
cost(2, 8, 616137).
cost(2, 9, 878655).
cost(2, 10, 201008).
cost(2, 11, 566810).
cost(2, 12, 466441).
cost(2, 13, 432502).
cost(2, 14, 553335).
cost(2, 15, 509323).
cost(2, 16, 412352).
cost(2, 17, 83379).
cost(2, 18, 354348).
cost(2, 19, 295323).
cost(2, 20, 568644).
cost(2, 21, 409726).
cost(2, 22, 77291).
cost(2, 23, 43098).
cost(2, 24, 749058).
cost(2, 25, 546890).
cost(2, 26, 348272).
cost(2, 27, 184926).
cost(2, 28, 225617).
cost(2, 29, 302567).
cost(3, 1, 229759).
cost(3, 2, 703250).
cost(3, 4, 239094).
cost(3, 5, 632867).
cost(3, 6, 761582).
cost(3, 7, 693614).
cost(3, 8, 1094923).
cost(3, 9, 809429).
cost(3, 10, 871395).
cost(3, 11, 174785).
cost(3, 12, 369559).
cost(3, 13, 484052).
cost(3, 14, 1076335).
cost(3, 15, 194291).
cost(3, 16, 929253).
cost(3, 17, 742652).
cost(3, 18, 356159).
cost(3, 19, 633630).
cost(3, 20, 1023656).
cost(3, 21, 923400).
cost(3, 22, 639680).
cost(3, 23, 697211).
cost(3, 24, 887311).
cost(3, 25, 341842).
cost(3, 26, 983616).
cost(3, 27, 887089).
cost(3, 28, 758317).
cost(3, 29, 875510).
cost(4, 1, 357538).
cost(4, 2, 510616).
cost(4, 3, 239094).
cost(4, 5, 598557).
cost(4, 6, 809170).
cost(4, 7, 718370).
cost(4, 8, 1003205).
cost(4, 9, 885567).
cost(4, 10, 655879).
cost(4, 11, 65802).
cost(4, 12, 135706).
cost(4, 13, 449803).
cost(4, 14, 968085).
cost(4, 15, 130579).
cost(4, 16, 814858).
cost(4, 17, 533769).
cost(4, 18, 161245).
cost(4, 19, 396145).
cost(4, 20, 936440).
cost(4, 21, 809669).
cost(4, 22, 460734).
cost(4, 23, 515252).
cost(4, 24, 897795).
cost(4, 25, 380032).
cost(4, 26, 829653).
cost(4, 27, 694645).
cost(4, 28, 621569).
cost(4, 29, 738435).
cost(5, 1, 444796).
cost(5, 2, 469757).
cost(5, 3, 632867).
cost(5, 4, 598557).
cost(5, 6, 293967).
cost(5, 7, 186981).
cost(5, 8, 481338).
cost(5, 9, 409122).
cost(5, 10, 658403).
cost(5, 11, 610577).
cost(5, 12, 663358).
cost(5, 13, 152553).
cost(5, 14, 484494).
cost(5, 15, 493810).
cost(5, 16, 366085).
cost(5, 17, 553026).
cost(5, 18, 480754).
cost(5, 19, 685790).
cost(5, 20, 408996).
cost(5, 21, 359968).
cost(5, 22, 403689).
cost(5, 23, 429143).
cost(5, 24, 313054).
cost(5, 25, 299546).
cost(5, 26, 503546).
cost(5, 27, 564299).
cost(5, 28, 308899).
cost(5, 29, 378477).
cost(6, 1, 533998).
cost(6, 2, 763593).
cost(6, 3, 761582).
cost(6, 4, 809170).
cost(6, 5, 293967).
cost(6, 7, 107872).
cost(6, 8, 594070).
cost(6, 9, 118736).
cost(6, 10, 949670).
cost(6, 11, 800939).
cost(6, 12, 902245).
cost(6, 13, 385234).
cost(6, 14, 635759).
cost(6, 15, 684450).
cost(6, 16, 573560).
cost(6, 17, 846908).
cost(6, 18, 727330).
cost(6, 19, 969357).
cost(6, 20, 533886).
cost(6, 21, 568534).
cost(6, 22, 697408).
cost(6, 23, 722679).
cost(6, 24, 169856).
cost(6, 25, 435818).
cost(6, 26, 743739).
cost(6, 27, 846592).
cost(6, 28, 587237).
cost(6, 29, 628109).
cost(7, 1, 472852).
cost(7, 2, 656710).
cost(7, 3, 693614).
cost(7, 4, 718370).
cost(7, 5, 186981).
cost(7, 6, 107872).
cost(7, 8, 547048).
cost(7, 9, 222245).
cost(7, 10, 844594).
cost(7, 11, 715498).
cost(7, 12, 804833).
cost(7, 13, 282472).
cost(7, 14, 576729).
cost(7, 15, 597506).
cost(7, 16, 494823).
cost(7, 17, 739948).
cost(7, 18, 627171).
cost(7, 19, 862375).
cost(7, 20, 480686).
cost(7, 21, 489343).
cost(7, 22, 589857).
cost(7, 23, 616116).
cost(7, 24, 194589).
cost(7, 25, 356200).
cost(7, 26, 656934).
cost(7, 27, 745422).
cost(7, 28, 486705).
cost(7, 29, 537101).
cost(8, 1, 924277).
cost(8, 2, 616137).
cost(8, 3, 1094923).
cost(8, 4, 1003205).
cost(8, 5, 481338).
cost(8, 6, 594070).
cost(8, 7, 547048).
cost(8, 9, 692778).
cost(8, 10, 697220).
cost(8, 11, 1034550).
cost(8, 12, 1020726).
cost(8, 13, 615325).
cost(8, 14, 83246).
cost(8, 15, 928751).
cost(8, 16, 204501).
cost(8, 17, 675516).
cost(8, 18, 851447).
cost(8, 19, 911039).
cost(8, 20, 72416).
cost(8, 21, 207792).
cost(8, 22, 606385).
cost(8, 23, 579953).
cost(8, 24, 448549).
cost(8, 25, 777130).
cost(8, 26, 329363).
cost(8, 27, 550804).
cost(8, 28, 405177).
cost(8, 29, 314428).
cost(9, 1, 579757).
cost(9, 2, 878655).
cost(9, 3, 809429).
cost(9, 4, 885567).
cost(9, 5, 409122).
cost(9, 6, 118736).
cost(9, 7, 222245).
cost(9, 8, 692778).
cost(9, 10, 1066726).
cost(9, 11, 870117).
cost(9, 12, 987777).
cost(9, 13, 484727).
cost(9, 14, 740876).
cost(9, 15, 757151).
cost(9, 16, 688109).
cost(9, 17, 961809).
cost(9, 18, 818550).
cost(9, 19, 1074297).
cost(9, 20, 637015).
cost(9, 21, 683268).
cost(9, 22, 810893).
cost(9, 23, 838247).
cost(9, 24, 247067).
cost(9, 25, 505830).
cost(9, 26, 860479).
cost(9, 27, 965128).
cost(9, 28, 705810).
cost(9, 29, 746061).
cost(10, 1, 851148).
cost(10, 2, 201008).
cost(10, 3, 871395).
cost(10, 4, 655879).
cost(10, 5, 658403).
cost(10, 6, 949670).
cost(10, 7, 844594).
cost(10, 8, 697220).
cost(10, 9, 1066726).
cost(10, 11, 718265).
cost(10, 12, 577726).
cost(10, 13, 632947).
cost(10, 14, 620994).
cost(10, 15, 681724).
cost(10, 16, 509964).
cost(10, 17, 132528).
cost(10, 18, 515236).
cost(10, 19, 321617).
cost(10, 20, 666948).
cost(10, 21, 509638).
cost(10, 22, 278115).
cost(10, 23, 234498).
cost(10, 24, 916263).
cost(10, 25, 746044).
cost(10, 26, 375818).
cost(10, 27, 146773).
cost(10, 28, 373555).
cost(10, 29, 397564).
cost(11, 1, 319029).
cost(11, 2, 566810).
cost(11, 3, 174785).
cost(11, 4, 65802).
cost(11, 5, 610577).
cost(11, 6, 800939).
cost(11, 7, 715498).
cost(11, 8, 1034550).
cost(11, 9, 870117).
cost(11, 10, 718265).
cost(11, 12, 195322).
cost(11, 13, 458780).
cost(11, 14, 1003749).
cost(11, 15, 118471).
cost(11, 16, 851425).
cost(11, 17, 594306).
cost(11, 18, 212883).
cost(11, 19, 461912).
cost(11, 20, 966242).
cost(11, 21, 846023).
cost(11, 22, 512754).
cost(11, 23, 568543).
cost(11, 24, 900488).
cost(11, 25, 365826).
cost(11, 26, 876998).
cost(11, 27, 751552).
cost(11, 28, 662991).
cost(11, 29, 780770).
cost(12, 1, 487638).
cost(12, 2, 466441).
cost(12, 3, 369559).
cost(12, 4, 135706).
cost(12, 5, 663358).
cost(12, 6, 902245).
cost(12, 7, 804833).
cost(12, 8, 1020726).
cost(12, 9, 987777).
cost(12, 10, 577726).
cost(12, 11, 195322).
cost(12, 13, 524952).
cost(12, 14, 975672).
cost(12, 15, 254451).
cost(12, 16, 822661).
cost(12, 17, 468892).
cost(12, 18, 182831).
cost(12, 19, 284176).
cost(12, 20, 958424).
cost(12, 21, 818105).
cost(12, 22, 434916).
cost(12, 23, 482118).
cost(12, 24, 973053).
cost(12, 25, 489083).
cost(12, 26, 807485).
cost(12, 27, 641918).
cost(12, 28, 621496).
cost(12, 29, 732655).
cost(13, 1, 313850).
cost(13, 2, 432502).
cost(13, 3, 484052).
cost(13, 4, 449803).
cost(13, 5, 152553).
cost(13, 6, 385234).
cost(13, 7, 282472).
cost(13, 8, 615325).
cost(13, 9, 484727).
cost(13, 10, 632947).
cost(13, 11, 458780).
cost(13, 12, 524952).
cost(13, 14, 605767).
cost(13, 15, 341531).
cost(13, 16, 469022).
cost(13, 17, 510725).
cost(13, 18, 345304).
cost(13, 19, 590514).
cost(13, 20, 543260).
cost(13, 21, 462857).
cost(13, 22, 356591).
cost(13, 23, 399192).
cost(13, 24, 449629).
cost(13, 25, 166504).
cost(13, 26, 570302).
cost(13, 27, 569933).
cost(13, 28, 345909).
cost(13, 29, 446709).
cost(14, 1, 918927).
cost(14, 2, 553335).
cost(14, 3, 1076335).
cost(14, 4, 968085).
cost(14, 5, 484494).
cost(14, 6, 635759).
cost(14, 7, 576729).
cost(14, 8, 83246).
cost(14, 9, 740876).
cost(14, 10, 620994).
cost(14, 11, 1003749).
cost(14, 12, 975672).
cost(14, 13, 605767).
cost(14, 15, 902610).
cost(14, 16, 153570).
cost(14, 17, 607585).
cost(14, 18, 812360).
cost(14, 19, 848579).
cost(14, 20, 105307).
cost(14, 21, 158550).
cost(14, 22, 551367).
cost(14, 23, 519642).
cost(14, 24, 502406).
cost(14, 25, 771123).
cost(14, 26, 248988).
cost(14, 27, 474233).
cost(14, 28, 354415).
cost(14, 29, 251298).
cost(15, 1, 233788).
cost(15, 2, 509323).
cost(15, 3, 194291).
cost(15, 4, 130579).
cost(15, 5, 493810).
cost(15, 6, 684450).
cost(15, 7, 597506).
cost(15, 8, 928751).
cost(15, 9, 757151).
cost(15, 10, 681724).
cost(15, 11, 118471).
cost(15, 12, 254451).
cost(15, 13, 341531).
cost(15, 14, 902610).
cost(15, 16, 752096).
cost(15, 17, 551458).
cost(15, 18, 169756).
cost(15, 19, 470592).
cost(15, 20, 859223).
cost(15, 21, 746466).
cost(15, 22, 445415).
cost(15, 23, 502931).
cost(15, 24, 782021).
cost(15, 25, 251354).
cost(15, 26, 793995).
cost(15, 27, 692887).
cost(15, 28, 572005).
cost(15, 29, 689964).
cost(16, 1, 782641).
cost(16, 2, 412352).
cost(16, 3, 929253).
cost(16, 4, 814858).
cost(16, 5, 366085).
cost(16, 6, 573560).
cost(16, 7, 494823).
cost(16, 8, 204501).
cost(16, 9, 688109).
cost(16, 10, 509964).
cost(16, 11, 851425).
cost(16, 12, 822661).
cost(16, 13, 469022).
cost(16, 14, 153570).
cost(16, 15, 752096).
cost(16, 17, 474711).
cost(16, 18, 658809).
cost(16, 19, 706834).
cost(16, 20, 158833).
cost(16, 21, 6202).
cost(16, 22, 402386).
cost(16, 23, 375587).
cost(16, 24, 473221).
cost(16, 25, 635526).
cost(16, 26, 181060).
cost(16, 27, 367275).
cost(16, 28, 202407).
cost(16, 29, 114070).
cost(17, 1, 718785).
cost(17, 2, 83379).
cost(17, 3, 742652).
cost(17, 4, 533769).
cost(17, 5, 553026).
cost(17, 6, 846908).
cost(17, 7, 739948).
cost(17, 8, 675516).
cost(17, 9, 961809).
cost(17, 10, 132528).
cost(17, 11, 594306).
cost(17, 12, 468892).
cost(17, 13, 510725).
cost(17, 14, 607585).
cost(17, 15, 551458).
cost(17, 16, 474711).
cost(17, 18, 387066).
cost(17, 19, 251309).
cost(17, 20, 633109).
cost(17, 21, 472802).
cost(17, 22, 154486).
cost(17, 23, 125447).
cost(17, 24, 831182).
cost(17, 25, 616008).
cost(17, 26, 383448).
cost(17, 27, 177445).
cost(17, 28, 300401).
cost(17, 29, 361535).
cost(18, 1, 379612).
cost(18, 2, 354348).
cost(18, 3, 356159).
cost(18, 4, 161245).
cost(18, 5, 480754).
cost(18, 6, 727330).
cost(18, 7, 627171).
cost(18, 8, 851447).
cost(18, 9, 818550).
cost(18, 10, 515236).
cost(18, 11, 212883).
cost(18, 12, 182831).
cost(18, 13, 345304).
cost(18, 14, 812360).
cost(18, 15, 169756).
cost(18, 16, 658809).
cost(18, 17, 387066).
cost(18, 19, 309709).
cost(18, 20, 786614).
cost(18, 21, 653819).
cost(18, 22, 300379).
cost(18, 23, 355777).
cost(18, 24, 791330).
cost(18, 25, 336837).
cost(18, 26, 668415).
cost(18, 27, 539246).
cost(18, 28, 462568).
cost(18, 29, 578649).
cost(19, 1, 689319).
cost(19, 2, 295323).
cost(19, 3, 633630).
cost(19, 4, 396145).
cost(19, 5, 685790).
cost(19, 6, 969357).
cost(19, 7, 862375).
cost(19, 8, 911039).
cost(19, 9, 1074297).
cost(19, 10, 321617).
cost(19, 11, 461912).
cost(19, 12, 284176).
cost(19, 13, 590514).
cost(19, 14, 848579).
cost(19, 15, 470592).
cost(19, 16, 706834).
cost(19, 17, 251309).
cost(19, 18, 309709).
cost(19, 20, 861563).
cost(19, 21, 703962).
cost(19, 22, 314386).
cost(19, 23, 331348).
cost(19, 24, 992386).
cost(19, 25, 633431).
cost(19, 26, 633733).
cost(19, 27, 424779).
cost(19, 28, 512874).
cost(19, 29, 597880).
cost(20, 1, 851876).
cost(20, 2, 568644).
cost(20, 3, 1023656).
cost(20, 4, 936440).
cost(20, 5, 408996).
cost(20, 6, 533886).
cost(20, 7, 480686).
cost(20, 8, 72416).
cost(20, 9, 637015).
cost(20, 10, 666948).
cost(20, 11, 966242).
cost(20, 12, 958424).
cost(20, 13, 543260).
cost(20, 14, 105307).
cost(20, 15, 859223).
cost(20, 16, 158833).
cost(20, 17, 633109).
cost(20, 18, 786614).
cost(20, 19, 861563).
cost(20, 21, 160382).
cost(20, 22, 552195).
cost(20, 23, 530425).
cost(20, 24, 397250).
cost(20, 25, 704765).
cost(20, 26, 314319).
cost(20, 27, 522529).
cost(20, 28, 350279).
cost(20, 29, 272885).
cost(21, 1, 776490).
cost(21, 2, 409726).
cost(21, 3, 923400).
cost(21, 4, 809669).
cost(21, 5, 359968).
cost(21, 6, 568534).
cost(21, 7, 489343).
cost(21, 8, 207792).
cost(21, 9, 683268).
cost(21, 10, 509638).
cost(21, 11, 846023).
cost(21, 12, 818105).
cost(21, 13, 462857).
cost(21, 14, 158550).
cost(21, 15, 746466).
cost(21, 16, 6202).
cost(21, 17, 472802).
cost(21, 18, 653819).
cost(21, 19, 703962).
cost(21, 20, 160382).
cost(21, 22, 398750).
cost(21, 23, 372646).
cost(21, 24, 469326).
cost(21, 25, 629360).
cost(21, 26, 184373).
cost(21, 27, 367457).
cost(21, 28, 198319).
cost(21, 29, 112942).
cost(22, 1, 583285).
cost(22, 2, 77291).
cost(22, 3, 639680).
cost(22, 4, 460734).
cost(22, 5, 403689).
cost(22, 6, 697408).
cost(22, 7, 589857).
cost(22, 8, 606385).
cost(22, 9, 810893).
cost(22, 10, 278115).
cost(22, 11, 512754).
cost(22, 12, 434916).
cost(22, 13, 356591).
cost(22, 14, 551367).
cost(22, 15, 445415).
cost(22, 16, 402386).
cost(22, 17, 154486).
cost(22, 18, 300379).
cost(22, 19, 314386).
cost(22, 20, 552195).
cost(22, 21, 398750).
cost(22, 23, 57613).
cost(22, 24, 693954).
cost(22, 25, 469872).
cost(22, 26, 373390).
cost(22, 27, 249255).
cost(22, 28, 201944).
cost(22, 29, 302016).
cost(23, 1, 638379).
cost(23, 2, 43098).
cost(23, 3, 697211).
cost(23, 4, 515252).
cost(23, 5, 429143).
cost(23, 6, 722679).
cost(23, 7, 616116).
cost(23, 8, 579953).
cost(23, 9, 838247).
cost(23, 10, 234498).
cost(23, 11, 568543).
cost(23, 12, 482118).
cost(23, 13, 399192).
cost(23, 14, 519642).
cost(23, 15, 502931).
cost(23, 16, 375587).
cost(23, 17, 125447).
cost(23, 18, 355777).
cost(23, 19, 331348).
cost(23, 20, 530425).
cost(23, 21, 372646).
cost(23, 22, 57613).
cost(23, 24, 706131).
cost(23, 25, 521357).
cost(23, 26, 325919).
cost(23, 27, 191930).
cost(23, 28, 184360).
cost(23, 29, 268345).
cost(24, 1, 667440).
cost(24, 2, 749058).
cost(24, 3, 887311).
cost(24, 4, 897795).
cost(24, 5, 313054).
cost(24, 6, 169856).
cost(24, 7, 194589).
cost(24, 8, 448549).
cost(24, 9, 247067).
cost(24, 10, 916263).
cost(24, 11, 900488).
cost(24, 12, 973053).
cost(24, 13, 449629).
cost(24, 14, 502406).
cost(24, 15, 782021).
cost(24, 16, 473221).
cost(24, 17, 831182).
cost(24, 18, 791330).
cost(24, 19, 992386).
cost(24, 20, 397250).
cost(24, 21, 469326).
cost(24, 22, 693954).
cost(24, 23, 706131).
cost(24, 25, 547781).
cost(24, 26, 653088).
cost(24, 27, 795449).
cost(24, 28, 542757).
cost(24, 29, 551889).
cost(25, 1, 147805).
cost(25, 2, 546890).
cost(25, 3, 341842).
cost(25, 4, 380032).
cost(25, 5, 299546).
cost(25, 6, 435818).
cost(25, 7, 356200).
cost(25, 8, 777130).
cost(25, 9, 505830).
cost(25, 10, 746044).
cost(25, 11, 365826).
cost(25, 12, 489083).
cost(25, 13, 166504).
cost(25, 14, 771123).
cost(25, 15, 251354).
cost(25, 16, 635526).
cost(25, 17, 616008).
cost(25, 18, 336837).
cost(25, 19, 633431).
cost(25, 20, 704765).
cost(25, 21, 629360).
cost(25, 22, 469872).
cost(25, 23, 521357).
cost(25, 24, 547781).
cost(25, 26, 731413).
cost(25, 27, 705864).
cost(25, 28, 503457).
cost(25, 29, 609623).
cost(26, 1, 872433).
cost(26, 2, 348272).
cost(26, 3, 983616).
cost(26, 4, 829653).
cost(26, 5, 503546).
cost(26, 6, 743739).
cost(26, 7, 656934).
cost(26, 8, 329363).
cost(26, 9, 860479).
cost(26, 10, 375818).
cost(26, 11, 876998).
cost(26, 12, 807485).
cost(26, 13, 570302).
cost(26, 14, 248988).
cost(26, 15, 793995).
cost(26, 16, 181060).
cost(26, 17, 383448).
cost(26, 18, 668415).
cost(26, 19, 633733).
cost(26, 20, 314319).
cost(26, 21, 184373).
cost(26, 22, 373390).
cost(26, 23, 325919).
cost(26, 24, 653088).
cost(26, 25, 731413).
cost(26, 27, 229789).
cost(26, 28, 229677).
cost(26, 29, 125774).
cost(27, 1, 828198).
cost(27, 2, 184926).
cost(27, 3, 887089).
cost(27, 4, 694645).
cost(27, 5, 564299).
cost(27, 6, 846592).
cost(27, 7, 745422).
cost(27, 8, 550804).
cost(27, 9, 965128).
cost(27, 10, 146773).
cost(27, 11, 751552).
cost(27, 12, 641918).
cost(27, 13, 569933).
cost(27, 14, 474233).
cost(27, 15, 692887).
cost(27, 16, 367275).
cost(27, 17, 177445).
cost(27, 18, 539246).
cost(27, 19, 424779).
cost(27, 20, 522529).
cost(27, 21, 367457).
cost(27, 22, 249255).
cost(27, 23, 191930).
cost(27, 24, 795449).
cost(27, 25, 705864).
cost(27, 26, 229789).
cost(27, 28, 259376).
cost(27, 29, 257546).
cost(28, 1, 643087).
cost(28, 2, 225617).
cost(28, 3, 758317).
cost(28, 4, 621569).
cost(28, 5, 308899).
cost(28, 6, 587237).
cost(28, 7, 486705).
cost(28, 8, 405177).
cost(28, 9, 705810).
cost(28, 10, 373555).
cost(28, 11, 662991).
cost(28, 12, 621496).
cost(28, 13, 345909).
cost(28, 14, 354415).
cost(28, 15, 572005).
cost(28, 16, 202407).
cost(28, 17, 300401).
cost(28, 18, 462568).
cost(28, 19, 512874).
cost(28, 20, 350279).
cost(28, 21, 198319).
cost(28, 22, 201944).
cost(28, 23, 184360).
cost(28, 24, 542757).
cost(28, 25, 503457).
cost(28, 26, 229677).
cost(28, 27, 259376).
cost(28, 29, 118068).
cost(29, 1, 752577).
cost(29, 2, 302567).
cost(29, 3, 875510).
cost(29, 4, 738435).
cost(29, 5, 378477).
cost(29, 6, 628109).
cost(29, 7, 537101).
cost(29, 8, 314428).
cost(29, 9, 746061).
cost(29, 10, 397564).
cost(29, 11, 780770).
cost(29, 12, 732655).
cost(29, 13, 446709).
cost(29, 14, 251298).
cost(29, 15, 689964).
cost(29, 16, 114070).
cost(29, 17, 361535).
cost(29, 18, 578649).
cost(29, 19, 597880).
cost(29, 20, 272885).
cost(29, 21, 112942).
cost(29, 22, 302016).
cost(29, 23, 268345).
cost(29, 24, 551889).
cost(29, 25, 609623).
cost(29, 26, 125774).
cost(29, 27, 257546).
cost(29, 28, 118068).
nocross(1,3).
nocross(1,11).
nocross(1,15).
nocross(1,25).
nocross(2,15).
nocross(2,21).
nocross(2,22).
nocross(2,23).
nocross(2,26).
nocross(3,1).
nocross(3,11).
nocross(3,15).
nocross(3,25).
nocross(4,11).
nocross(4,12).
nocross(4,15).
nocross(4,18).
nocross(5,7).
nocross(5,13).
nocross(5,24).
nocross(5,28).
nocross(6,5).
nocross(6,24).
nocross(7,5).
nocross(7,6).
nocross(7,13).
nocross(7,24).
nocross(8,16).
nocross(8,20).
nocross(8,26).
nocross(9,6).
nocross(9,24).
nocross(10,17).
nocross(10,19).
nocross(11,3).
nocross(11,4).
nocross(11,12).
nocross(11,15).
nocross(11,18).
nocross(12,2).
nocross(12,15).
nocross(12,17).
nocross(12,19).
nocross(13,5).
nocross(13,15).
nocross(13,25).
nocross(13,28).
nocross(14,8).
nocross(14,16).
nocross(14,26).
nocross(14,29).
nocross(15,1).
nocross(15,2).
nocross(15,4).
nocross(15,5).
nocross(15,12).
nocross(15,18).
nocross(15,25).
nocross(16,20).
nocross(16,26).
nocross(16,29).
nocross(17,2).
nocross(17,10).
nocross(17,15).
nocross(17,26).
nocross(18,2).
nocross(18,4).
nocross(18,11).
nocross(18,15).
nocross(18,17).
nocross(18,19).
nocross(18,22).
nocross(19,2).
nocross(19,10).
nocross(19,12).
nocross(19,15).
nocross(19,17).
nocross(19,18).
nocross(19,21).
nocross(19,22).
nocross(19,23).
nocross(19,26).
nocross(20,5).
nocross(20,8).
nocross(20,14).
nocross(20,26).
nocross(20,29).
nocross(21,2).
nocross(21,26).
nocross(21,29).
nocross(22,2).
nocross(22,17).
nocross(22,21).
nocross(22,23).
nocross(23,2).
nocross(23,21).
nocross(23,22).
nocross(24,5).
nocross(24,6).
nocross(24,7).
nocross(25,1).
nocross(25,5).
nocross(25,15).
nocross(26,14).
nocross(26,16).
nocross(26,17).
nocross(26,21).
nocross(26,27).
nocross(27,2).
nocross(27,10).
nocross(27,17).
nocross(27,23).
nocross(27,26).
nocross(27,29).
nocross(28,5).
nocross(28,16).
nocross(28,20).
nocross(28,21).
nocross(28,22).
nocross(28,23).
nocross(28,25).
nocross(28,26).
nocross(28,29).
nocross(29,2).
nocross(29,5).
nocross(29,25).
nocross(29,26).
