dimension(27).
point(1, 415832.0, -206777.0).
point(2, -115417.0, -112015.0).
point(3, 324759.0, 199692.0).
point(4, 231477.0, -86854.0).
point(5, 280214.0, 154074.0).
point(6, -60599.0, 410161.0).
point(7, 436470.0, 180835.0).
point(8, -249036.0, 351835.0).
point(9, 136980.0, 173579.0).
point(10, 854.0, -237935.0).
point(11, -134625.0, 183747.0).
point(12, 226799.0, 223580.0).
point(13, -103837.0, 82720.0).
point(14, -57032.0, -199271.0).
point(15, -294987.0, -254571.0).
point(16, 74990.0, -331996.0).
point(17, -1878.0, 82328.0).
point(18, -316262.0, -69850.0).
point(19, -144159.0, 9316.0).
point(20, -435627.0, 109472.0).
point(21, 312675.0, 213249.0).
point(22, -388377.0, -42712.0).
point(23, -108692.0, -63960.0).
point(24, 420956.0, 94294.0).
point(25, -382465.0, -110737.0).
point(26, 123792.0, -250478.0).
point(27, -74770.0, -111243.0).
cost(1, 2, 539634).
cost(1, 3, 416547).
cost(1, 4, 219928).
cost(1, 5, 385494).
cost(1, 6, 779486).
cost(1, 7, 388161).
cost(1, 8, 868387).
cost(1, 9, 471624).
cost(1, 10, 416146).
cost(1, 11, 674916).
cost(1, 12, 470043).
cost(1, 13, 594865).
cost(1, 14, 472924).
cost(1, 15, 712424).
cost(1, 16, 363116).
cost(1, 17, 507999).
cost(1, 18, 744789).
cost(1, 19, 600238).
cost(1, 20, 908293).
cost(1, 21, 432508).
cost(1, 22, 820774).
cost(1, 23, 543619).
cost(1, 24, 301115).
cost(1, 25, 804053).
cost(1, 26, 295292).
cost(1, 27, 499817).
cost(2, 1, 539634).
cost(2, 3, 539366).
cost(2, 4, 347805).
cost(2, 5, 476788).
cost(2, 6, 525046).
cost(2, 7, 624772).
cost(2, 8, 482712).
cost(2, 9, 381141).
cost(2, 10, 171391).
cost(2, 11, 296385).
cost(2, 12, 479308).
cost(2, 13, 195079).
cost(2, 14, 104988).
cost(2, 15, 229276).
cost(2, 16, 290941).
cost(2, 17, 225078).
cost(2, 18, 205223).
cost(2, 19, 124689).
cost(2, 20, 389347).
cost(2, 21, 537642).
cost(2, 22, 281620).
cost(2, 23, 48523).
cost(2, 24, 574682).
cost(2, 25, 267051).
cost(2, 26, 276393).
cost(2, 27, 40654).
cost(3, 1, 416547).
cost(3, 2, 539366).
cost(3, 4, 301347).
cost(3, 5, 63759).
cost(3, 6, 439088).
cost(3, 7, 113291).
cost(3, 8, 593623).
cost(3, 9, 189586).
cost(3, 10, 544456).
cost(3, 11, 459661).
cost(3, 12, 100831).
cost(3, 13, 444271).
cost(3, 14, 552210).
cost(3, 15, 768401).
cost(3, 16, 587432).
cost(3, 17, 347082).
cost(3, 18, 695385).
cost(3, 19, 506090).
cost(3, 20, 765720).
cost(3, 21, 18161).
cost(3, 22, 753208).
cost(3, 23, 507338).
cost(3, 24, 142698).
cost(3, 25, 772355).
cost(3, 26, 492992).
cost(3, 27, 506265).
cost(4, 1, 219928).
cost(4, 2, 347805).
cost(4, 3, 301347).
cost(4, 5, 245808).
cost(4, 6, 576483).
cost(4, 7, 337164).
cost(4, 8, 650646).
cost(4, 9, 277047).
cost(4, 10, 275704).
cost(4, 11, 455253).
cost(4, 12, 310469).
cost(4, 13, 375754).
cost(4, 14, 309637).
cost(4, 15, 552534).
cost(4, 16, 290831).
cost(4, 17, 288231).
cost(4, 18, 548003).
cost(4, 19, 387751).
cost(4, 20, 695393).
cost(4, 21, 310894).
cost(4, 22, 621424).
cost(4, 23, 340939).
cost(4, 24, 262139).
cost(4, 25, 614406).
cost(4, 26, 195880).
cost(4, 27, 307217).
cost(5, 1, 385494).
cost(5, 2, 476788).
cost(5, 3, 63759).
cost(5, 4, 245808).
cost(5, 6, 426303).
cost(5, 7, 158531).
cost(5, 8, 564991).
cost(5, 9, 144556).
cost(5, 10, 481366).
cost(5, 11, 415899).
cost(5, 12, 87660).
cost(5, 13, 390623).
cost(5, 14, 488454).
cost(5, 15, 705583).
cost(5, 16, 527618).
cost(5, 17, 291073).
cost(5, 18, 637123).
cost(5, 19, 448383).
cost(5, 20, 717229).
cost(5, 21, 67494).
cost(5, 22, 696950).
cost(5, 23, 445855).
cost(5, 24, 152912).
cost(5, 25, 713630).
cost(5, 26, 433740).
cost(5, 27, 443178).
cost(6, 1, 779486).
cost(6, 2, 525046).
cost(6, 3, 439088).
cost(6, 4, 576483).
cost(6, 5, 426303).
cost(6, 7, 547419).
cost(6, 8, 197257).
cost(6, 9, 308234).
cost(6, 10, 651003).
cost(6, 11, 238208).
cost(6, 12, 342652).
cost(6, 13, 330283).
cost(6, 14, 609442).
cost(6, 15, 704845).
cost(6, 16, 754441).
cost(6, 17, 333050).
cost(6, 18, 543851).
cost(6, 19, 409462).
cost(6, 20, 480687).
cost(6, 21, 422028).
cost(6, 22, 559046).
cost(6, 23, 476554).
cost(6, 24, 575906).
cost(6, 25, 612317).
cost(6, 26, 685889).
cost(6, 27, 521597).
cost(7, 1, 388161).
cost(7, 2, 624772).
cost(7, 3, 113291).
cost(7, 4, 337164).
cost(7, 5, 158531).
cost(7, 6, 547419).
cost(7, 8, 706512).
cost(7, 9, 299578).
cost(7, 10, 604260).
cost(7, 11, 571102).
cost(7, 12, 213984).
cost(7, 13, 549143).
cost(7, 14, 622916).
cost(7, 15, 851239).
cost(7, 16, 627426).
cost(7, 17, 449280).
cost(7, 18, 793378).
cost(7, 19, 605433).
cost(7, 20, 875012).
cost(7, 21, 127968).
cost(7, 22, 854603).
cost(7, 23, 597600).
cost(7, 24, 87921).
cost(7, 25, 869292).
cost(7, 26, 532727).
cost(7, 27, 588792).
cost(8, 1, 868387).
cost(8, 2, 482712).
cost(8, 3, 593623).
cost(8, 4, 650646).
cost(8, 5, 564991).
cost(8, 6, 197257).
cost(8, 7, 706512).
cost(8, 9, 425186).
cost(8, 10, 640526).
cost(8, 11, 203331).
cost(8, 12, 492817).
cost(8, 13, 305787).
cost(8, 14, 583595).
cost(8, 15, 608144).
cost(8, 16, 756715).
cost(8, 17, 365679).
cost(8, 18, 427010).
cost(8, 19, 358216).
cost(8, 20, 305869).
cost(8, 21, 578555).
cost(8, 22, 418430).
cost(8, 23, 438842).
cost(8, 24, 717786).
cost(8, 25, 481431).
cost(8, 26, 708365).
cost(8, 27, 494783).
cost(9, 1, 471624).
cost(9, 2, 381141).
cost(9, 3, 189586).
cost(9, 4, 277047).
cost(9, 5, 144556).
cost(9, 6, 308234).
cost(9, 7, 299578).
cost(9, 8, 425186).
cost(9, 10, 433444).
cost(9, 11, 271795).
cost(9, 12, 102799).
cost(9, 13, 257387).
cost(9, 14, 420307).
cost(9, 15, 608201).
cost(9, 16, 509361).
cost(9, 17, 166157).
cost(9, 18, 514476).
cost(9, 19, 325609).
cost(9, 20, 576184).
cost(9, 21, 180118).
cost(9, 22, 568139).
cost(9, 23, 341730).
cost(9, 24, 294836).
cost(9, 25, 592164).
cost(9, 26, 424262).
cost(9, 27, 354911).
cost(10, 1, 416146).
cost(10, 2, 171391).
cost(10, 3, 544456).
cost(10, 4, 275704).
cost(10, 5, 481366).
cost(10, 6, 651003).
cost(10, 7, 604260).
cost(10, 8, 640526).
cost(10, 9, 433444).
cost(10, 11, 442911).
cost(10, 12, 513855).
cost(10, 13, 337313).
cost(10, 14, 69611).
cost(10, 15, 296308).
cost(10, 16, 119765).
cost(10, 17, 320275).
cost(10, 18, 358908).
cost(10, 19, 286639).
cost(10, 20, 557860).
cost(10, 21, 548452).
cost(10, 22, 435446).
cost(10, 23, 205591).
cost(10, 24, 535595).
cost(10, 25, 403872).
cost(10, 26, 123576).
cost(10, 27, 147546).
cost(11, 1, 674916).
cost(11, 2, 296385).
cost(11, 3, 459661).
cost(11, 4, 455253).
cost(11, 5, 415899).
cost(11, 6, 238208).
cost(11, 7, 571102).
cost(11, 8, 203331).
cost(11, 9, 271795).
cost(11, 10, 442911).
cost(11, 12, 363612).
cost(11, 13, 105614).
cost(11, 14, 390798).
cost(11, 15, 466732).
cost(11, 16, 556713).
cost(11, 17, 167056).
cost(11, 18, 311935).
cost(11, 19, 174691).
cost(11, 20, 310031).
cost(11, 21, 448272).
cost(11, 22, 340108).
cost(11, 23, 249061).
cost(11, 24, 562736).
cost(11, 25, 384897).
cost(11, 26, 505303).
cost(11, 27, 301001).
cost(12, 1, 470043).
cost(12, 2, 479308).
cost(12, 3, 100831).
cost(12, 4, 310469).
cost(12, 5, 87660).
cost(12, 6, 342652).
cost(12, 7, 213984).
cost(12, 8, 492817).
cost(12, 9, 102799).
cost(12, 10, 513855).
cost(12, 11, 363612).
cost(12, 13, 359391).
cost(12, 14, 509277).
cost(12, 15, 707735).
cost(12, 16, 575943).
cost(12, 17, 268785).
cost(12, 18, 617265).
cost(12, 19, 428391).
cost(12, 20, 672182).
cost(12, 21, 86495).
cost(12, 22, 670338).
cost(12, 23, 441852).
cost(12, 24, 233263).
cost(12, 25, 694961).
cost(12, 26, 485120).
cost(12, 27, 450611).
cost(13, 1, 594865).
cost(13, 2, 195079).
cost(13, 3, 444271).
cost(13, 4, 375754).
cost(13, 5, 390623).
cost(13, 6, 330283).
cost(13, 7, 549143).
cost(13, 8, 305787).
cost(13, 9, 257387).
cost(13, 10, 337313).
cost(13, 11, 105614).
cost(13, 12, 359391).
cost(13, 14, 285849).
cost(13, 15, 387690).
cost(13, 16, 451629).
cost(13, 17, 101960).
cost(13, 18, 261538).
cost(13, 19, 83750).
cost(13, 20, 332867).
cost(13, 21, 436486).
cost(13, 22, 310960).
cost(13, 23, 146760).
cost(13, 24, 524921).
cost(13, 25, 339204).
cost(13, 26, 403529).
cost(13, 27, 196129).
cost(14, 1, 472924).
cost(14, 2, 104988).
cost(14, 3, 552210).
cost(14, 4, 309637).
cost(14, 5, 488454).
cost(14, 6, 609442).
cost(14, 7, 622916).
cost(14, 8, 583595).
cost(14, 9, 420307).
cost(14, 10, 69611).
cost(14, 11, 390798).
cost(14, 12, 509277).
cost(14, 13, 285849).
cost(14, 15, 244296).
cost(14, 16, 187205).
cost(14, 17, 286949).
cost(14, 18, 289741).
cost(14, 19, 226052).
cost(14, 20, 488525).
cost(14, 21, 553946).
cost(14, 22, 366470).
cost(14, 23, 144837).
cost(14, 24, 560939).
cost(14, 25, 337261).
cost(14, 26, 187935).
cost(14, 27, 89797).
cost(15, 1, 712424).
cost(15, 2, 229276).
cost(15, 3, 768401).
cost(15, 4, 552534).
cost(15, 5, 705583).
cost(15, 6, 704845).
cost(15, 7, 851239).
cost(15, 8, 608144).
cost(15, 9, 608201).
cost(15, 10, 296308).
cost(15, 11, 466732).
cost(15, 12, 707735).
cost(15, 13, 387690).
cost(15, 14, 244296).
cost(15, 16, 377992).
cost(15, 17, 446558).
cost(15, 18, 185942).
cost(15, 19, 303950).
cost(15, 20, 390265).
cost(15, 21, 766882).
cost(15, 22, 231530).
cost(15, 23, 266530).
cost(15, 24, 796418).
cost(15, 25, 168347).
cost(15, 26, 418799).
cost(15, 27, 262752).
cost(16, 1, 363116).
cost(16, 2, 290941).
cost(16, 3, 587432).
cost(16, 4, 290831).
cost(16, 5, 527618).
cost(16, 6, 754441).
cost(16, 7, 627426).
cost(16, 8, 756715).
cost(16, 9, 509361).
cost(16, 10, 119765).
cost(16, 11, 556713).
cost(16, 12, 575943).
cost(16, 13, 451629).
cost(16, 14, 187205).
cost(16, 15, 377992).
cost(16, 17, 421394).
cost(16, 18, 470955).
cost(16, 19, 405611).
cost(16, 20, 674999).
cost(16, 21, 594799).
cost(16, 22, 546255).
cost(16, 23, 324934).
cost(16, 24, 549013).
cost(16, 25, 508154).
cost(16, 26, 95010).
cost(16, 27, 266758).
cost(17, 1, 507999).
cost(17, 2, 225078).
cost(17, 3, 347082).
cost(17, 4, 288231).
cost(17, 5, 291073).
cost(17, 6, 333050).
cost(17, 7, 449280).
cost(17, 8, 365679).
cost(17, 9, 166157).
cost(17, 10, 320275).
cost(17, 11, 167056).
cost(17, 12, 268785).
cost(17, 13, 101960).
cost(17, 14, 286949).
cost(17, 15, 446558).
cost(17, 16, 421394).
cost(17, 18, 349278).
cost(17, 19, 159921).
cost(17, 20, 434598).
cost(17, 21, 340711).
cost(17, 22, 406222).
cost(17, 23, 181134).
cost(17, 24, 423003).
cost(17, 25, 426756).
cost(17, 26, 355743).
cost(17, 27, 206840).
cost(18, 1, 744789).
cost(18, 2, 205223).
cost(18, 3, 695385).
cost(18, 4, 548003).
cost(18, 5, 637123).
cost(18, 6, 543851).
cost(18, 7, 793378).
cost(18, 8, 427010).
cost(18, 9, 514476).
cost(18, 10, 358908).
cost(18, 11, 311935).
cost(18, 12, 617265).
cost(18, 13, 261538).
cost(18, 14, 289741).
cost(18, 15, 185942).
cost(18, 16, 470955).
cost(18, 17, 349278).
cost(18, 19, 189438).
cost(18, 20, 215417).
cost(18, 21, 689715).
cost(18, 22, 77052).
cost(18, 23, 207654).
cost(18, 24, 755271).
cost(18, 25, 77811).
cost(18, 26, 475683).
cost(18, 27, 245014).
cost(19, 1, 600238).
cost(19, 2, 124689).
cost(19, 3, 506090).
cost(19, 4, 387751).
cost(19, 5, 448383).
cost(19, 6, 409462).
cost(19, 7, 605433).
cost(19, 8, 358216).
cost(19, 9, 325609).
cost(19, 10, 286639).
cost(19, 11, 174691).
cost(19, 12, 428391).
cost(19, 13, 83750).
cost(19, 14, 226052).
cost(19, 15, 303950).
cost(19, 16, 405611).
cost(19, 17, 159921).
cost(19, 18, 189438).
cost(19, 20, 308196).
cost(19, 21, 500286).
cost(19, 22, 249699).
cost(19, 23, 81408).
cost(19, 24, 571468).
cost(19, 25, 266838).
cost(19, 26, 373217).
cost(19, 27, 139102).
cost(20, 1, 908293).
cost(20, 2, 389347).
cost(20, 3, 765720).
cost(20, 4, 695393).
cost(20, 5, 717229).
cost(20, 6, 480687).
cost(20, 7, 875012).
cost(20, 8, 305869).
cost(20, 9, 576184).
cost(20, 10, 557860).
cost(20, 11, 310031).
cost(20, 12, 672182).
cost(20, 13, 332867).
cost(20, 14, 488525).
cost(20, 15, 390265).
cost(20, 16, 674999).
cost(20, 17, 434598).
cost(20, 18, 215417).
cost(20, 19, 308196).
cost(20, 21, 755464).
cost(20, 22, 159350).
cost(20, 23, 370088).
cost(20, 24, 856717).
cost(20, 25, 226535).
cost(20, 26, 665217).
cost(20, 27, 423005).
cost(21, 1, 432508).
cost(21, 2, 537642).
cost(21, 3, 18161).
cost(21, 4, 310894).
cost(21, 5, 67494).
cost(21, 6, 422028).
cost(21, 7, 127968).
cost(21, 8, 578555).
cost(21, 9, 180118).
cost(21, 10, 548452).
cost(21, 11, 448272).
cost(21, 12, 86495).
cost(21, 13, 436486).
cost(21, 14, 553946).
cost(21, 15, 766882).
cost(21, 16, 594799).
cost(21, 17, 340711).
cost(21, 18, 689715).
cost(21, 19, 500286).
cost(21, 20, 755464).
cost(21, 22, 746318).
cost(21, 23, 504376).
cost(21, 24, 160857).
cost(21, 25, 766933).
cost(21, 26, 500719).
cost(21, 27, 505380).
cost(22, 1, 820774).
cost(22, 2, 281620).
cost(22, 3, 753208).
cost(22, 4, 621424).
cost(22, 5, 696950).
cost(22, 6, 559046).
cost(22, 7, 854603).
cost(22, 8, 418430).
cost(22, 9, 568139).
cost(22, 10, 435446).
cost(22, 11, 340108).
cost(22, 12, 670338).
cost(22, 13, 310960).
cost(22, 14, 366470).
cost(22, 15, 231530).
cost(22, 16, 546255).
cost(22, 17, 406222).
cost(22, 18, 77052).
cost(22, 19, 249699).
cost(22, 20, 159350).
cost(22, 21, 746318).
cost(22, 23, 280491).
cost(22, 24, 820847).
cost(22, 25, 68281).
cost(22, 26, 552706).
cost(22, 27, 321008).
cost(23, 1, 543619).
cost(23, 2, 48523).
cost(23, 3, 507338).
cost(23, 4, 340939).
cost(23, 5, 445855).
cost(23, 6, 476554).
cost(23, 7, 597600).
cost(23, 8, 438842).
cost(23, 9, 341730).
cost(23, 10, 205591).
cost(23, 11, 249061).
cost(23, 12, 441852).
cost(23, 13, 146760).
cost(23, 14, 144837).
cost(23, 15, 266530).
cost(23, 16, 324934).
cost(23, 17, 181134).
cost(23, 18, 207654).
cost(23, 19, 81408).
cost(23, 20, 370088).
cost(23, 21, 504376).
cost(23, 22, 280491).
cost(23, 24, 552785).
cost(23, 25, 277740).
cost(23, 26, 298057).
cost(23, 27, 58193).
cost(24, 1, 301115).
cost(24, 2, 574682).
cost(24, 3, 142698).
cost(24, 4, 262139).
cost(24, 5, 152912).
cost(24, 6, 575906).
cost(24, 7, 87921).
cost(24, 8, 717786).
cost(24, 9, 294836).
cost(24, 10, 535595).
cost(24, 11, 562736).
cost(24, 12, 233263).
cost(24, 13, 524921).
cost(24, 14, 560939).
cost(24, 15, 796418).
cost(24, 16, 549013).
cost(24, 17, 423003).
cost(24, 18, 755271).
cost(24, 19, 571468).
cost(24, 20, 856717).
cost(24, 21, 160857).
cost(24, 22, 820847).
cost(24, 23, 552785).
cost(24, 25, 829170).
cost(24, 26, 455164).
cost(24, 27, 536647).
cost(25, 1, 804053).
cost(25, 2, 267051).
cost(25, 3, 772355).
cost(25, 4, 614406).
cost(25, 5, 713630).
cost(25, 6, 612317).
cost(25, 7, 869292).
cost(25, 8, 481431).
cost(25, 9, 592164).
cost(25, 10, 403872).
cost(25, 11, 384897).
cost(25, 12, 694961).
cost(25, 13, 339204).
cost(25, 14, 337261).
cost(25, 15, 168347).
cost(25, 16, 508154).
cost(25, 17, 426756).
cost(25, 18, 77811).
cost(25, 19, 266838).
cost(25, 20, 226535).
cost(25, 21, 766933).
cost(25, 22, 68281).
cost(25, 23, 277740).
cost(25, 24, 829170).
cost(25, 26, 525189).
cost(25, 27, 307695).
cost(26, 1, 295292).
cost(26, 2, 276393).
cost(26, 3, 492992).
cost(26, 4, 195880).
cost(26, 5, 433740).
cost(26, 6, 685889).
cost(26, 7, 532727).
cost(26, 8, 708365).
cost(26, 9, 424262).
cost(26, 10, 123576).
cost(26, 11, 505303).
cost(26, 12, 485120).
cost(26, 13, 403529).
cost(26, 14, 187935).
cost(26, 15, 418799).
cost(26, 16, 95010).
cost(26, 17, 355743).
cost(26, 18, 475683).
cost(26, 19, 373217).
cost(26, 20, 665217).
cost(26, 21, 500719).
cost(26, 22, 552706).
cost(26, 23, 298057).
cost(26, 24, 455164).
cost(26, 25, 525189).
cost(26, 27, 242514).
cost(27, 1, 499817).
cost(27, 2, 40654).
cost(27, 3, 506265).
cost(27, 4, 307217).
cost(27, 5, 443178).
cost(27, 6, 521597).
cost(27, 7, 588792).
cost(27, 8, 494783).
cost(27, 9, 354911).
cost(27, 10, 147546).
cost(27, 11, 301001).
cost(27, 12, 450611).
cost(27, 13, 196129).
cost(27, 14, 89797).
cost(27, 15, 262752).
cost(27, 16, 266758).
cost(27, 17, 206840).
cost(27, 18, 245014).
cost(27, 19, 139102).
cost(27, 20, 423005).
cost(27, 21, 505380).
cost(27, 22, 321008).
cost(27, 23, 58193).
cost(27, 24, 536647).
cost(27, 25, 307695).
cost(27, 26, 242514).
