dimension(27).
point(1, -159714.0, -52039.0).
point(2, 138523.0, -209979.0).
point(3, -7855.0, -76673.0).
point(4, -204110.0, 318036.0).
point(5, -163974.0, 79371.0).
point(6, 161465.0, 6260.0).
point(7, -84813.0, 19880.0).
point(8, -317770.0, -95572.0).
point(9, 59886.0, 209894.0).
point(10, -44903.0, -325298.0).
point(11, -261120.0, 293182.0).
point(12, -140449.0, -60861.0).
point(13, -105919.0, 209037.0).
point(14, -149175.0, -253638.0).
point(15, 256358.0, -507049.0).
point(16, 38337.0, -192188.0).
point(17, 265652.0, 180497.0).
point(18, -164472.0, -293921.0).
point(19, 126749.0, 34658.0).
point(20, 268084.0, -81540.0).
point(21, -424610.0, 204302.0).
point(22, -108984.0, 171382.0).
point(23, 342867.0, -483945.0).
point(24, 383394.0, 210487.0).
point(25, -415581.0, -281038.0).
point(26, 53049.0, 359675.0).
point(27, 228028.0, -208232.0).
cost(1, 2, 337476).
cost(1, 3, 153844).
cost(1, 4, 372728).
cost(1, 5, 131479).
cost(1, 6, 326427).
cost(1, 7, 103839).
cost(1, 8, 163942).
cost(1, 9, 341809).
cost(1, 10, 296398).
cost(1, 11, 359806).
cost(1, 12, 21189).
cost(1, 13, 266561).
cost(1, 14, 201874).
cost(1, 15, 616563).
cost(1, 16, 242623).
cost(1, 17, 484778).
cost(1, 18, 241929).
cost(1, 19, 299295).
cost(1, 20, 428814).
cost(1, 21, 368620).
cost(1, 22, 229108).
cost(1, 23, 662669).
cost(1, 24, 603230).
cost(1, 25, 343378).
cost(1, 26, 463440).
cost(1, 27, 418019).
cost(2, 1, 337476).
cost(2, 3, 197982).
cost(2, 4, 629442).
cost(2, 5, 418602).
cost(2, 6, 217453).
cost(2, 7, 320490).
cost(2, 8, 470417).
cost(2, 9, 427173).
cost(2, 10, 216665).
cost(2, 11, 642562).
cost(2, 12, 316325).
cost(2, 13, 485104).
cost(2, 14, 290992).
cost(2, 15, 319587).
cost(2, 16, 101753).
cost(2, 17, 410650).
cost(2, 18, 314408).
cost(2, 19, 244920).
cost(2, 20, 182435).
cost(2, 21, 699105).
cost(2, 22, 454638).
cost(2, 23, 341780).
cost(2, 24, 486573).
cost(2, 25, 558642).
cost(2, 26, 576031).
cost(2, 27, 89522).
cost(3, 1, 153844).
cost(3, 2, 197982).
cost(3, 4, 440807).
cost(3, 5, 220733).
cost(3, 6, 188540).
cost(3, 7, 123471).
cost(3, 8, 310491).
cost(3, 9, 294465).
cost(3, 10, 251370).
cost(3, 11, 448259).
cost(3, 12, 133533).
cost(3, 13, 302071).
cost(3, 14, 226468).
cost(3, 15, 505007).
cost(3, 16, 124408).
cost(3, 17, 375423).
cost(3, 18, 267816).
cost(3, 19, 174679).
cost(3, 20, 275982).
cost(3, 21, 502625).
cost(3, 22, 267878).
cost(3, 23, 537472).
cost(3, 24, 485321).
cost(3, 25, 456076).
cost(3, 26, 440578).
cost(3, 27, 270090).
cost(4, 1, 372728).
cost(4, 2, 629442).
cost(4, 3, 440807).
cost(4, 5, 242016).
cost(4, 6, 480468).
cost(4, 7, 321137).
cost(4, 8, 428941).
cost(4, 9, 285287).
cost(4, 10, 662741).
cost(4, 11, 62192).
cost(4, 12, 384208).
cost(4, 13, 146705).
cost(4, 14, 574307).
cost(4, 15, 944879).
cost(4, 16, 564897).
cost(4, 17, 489483).
cost(4, 18, 613239).
cost(4, 19, 435627).
cost(4, 20, 618569).
cost(4, 21, 248104).
cost(4, 22, 174804).
cost(4, 23, 970751).
cost(4, 24, 597267).
cost(4, 25, 635303).
cost(4, 26, 260508).
cost(4, 27, 680956).
cost(5, 1, 131479).
cost(5, 2, 418602).
cost(5, 3, 220733).
cost(5, 4, 242016).
cost(5, 6, 333550).
cost(5, 7, 99023).
cost(5, 8, 232934).
cost(5, 9, 259132).
cost(5, 10, 421823).
cost(5, 11, 234846).
cost(5, 12, 142192).
cost(5, 13, 142069).
cost(5, 14, 333338).
cost(5, 15, 721504).
cost(5, 16, 338636).
cost(5, 17, 441367).
cost(5, 18, 373292).
cost(5, 19, 294141).
cost(5, 20, 461049).
cost(5, 21, 289031).
cost(5, 22, 107191).
cost(5, 23, 757768).
cost(5, 24, 562853).
cost(5, 25, 439546).
cost(5, 26, 354499).
cost(5, 27, 486190).
cost(6, 1, 326427).
cost(6, 2, 217453).
cost(6, 3, 188540).
cost(6, 4, 480468).
cost(6, 5, 333550).
cost(6, 7, 246654).
cost(6, 8, 489935).
cost(6, 9, 227563).
cost(6, 10, 390536).
cost(6, 11, 510786).
cost(6, 12, 309285).
cost(6, 13, 335578).
cost(6, 14, 405024).
cost(6, 15, 522007).
cost(6, 16, 233543).
cost(6, 17, 203011).
cost(6, 18, 443107).
cost(6, 19, 44851).
cost(6, 20, 138118).
cost(6, 21, 618631).
cost(6, 22, 316872).
cost(6, 23, 522693).
cost(6, 24, 301598).
cost(6, 25, 644610).
cost(6, 26, 369670).
cost(6, 27, 224583).
cost(7, 1, 103839).
cost(7, 2, 320490).
cost(7, 3, 123471).
cost(7, 4, 321137).
cost(7, 5, 99023).
cost(7, 6, 246654).
cost(7, 8, 259996).
cost(7, 9, 238837).
cost(7, 10, 347478).
cost(7, 11, 325236).
cost(7, 12, 98053).
cost(7, 13, 190331).
cost(7, 14, 280989).
cost(7, 15, 627735).
cost(7, 16, 245232).
cost(7, 17, 385517).
cost(7, 18, 323754).
cost(7, 19, 212078).
cost(7, 20, 367182).
cost(7, 21, 386618).
cost(7, 22, 153418).
cost(7, 23, 660870).
cost(7, 24, 505518).
cost(7, 25, 447168).
cost(7, 26, 366697).
cost(7, 27, 387175).
cost(8, 1, 163942).
cost(8, 2, 470417).
cost(8, 3, 310491).
cost(8, 4, 428941).
cost(8, 5, 232934).
cost(8, 6, 489935).
cost(8, 7, 259996).
cost(8, 9, 485730).
cost(8, 10, 356694).
cost(8, 11, 392860).
cost(8, 12, 180686).
cost(8, 13, 371036).
cost(8, 14, 231104).
cost(8, 15, 706354).
cost(8, 16, 368981).
cost(8, 17, 645442).
cost(8, 18, 250684).
cost(8, 19, 463203).
cost(8, 20, 586022).
cost(8, 21, 318338).
cost(8, 22, 338904).
cost(8, 23, 766339).
cost(8, 24, 765051).
cost(8, 25, 209677).
cost(8, 26, 587160).
cost(8, 27, 557304).
cost(9, 1, 341809).
cost(9, 2, 427173).
cost(9, 3, 294465).
cost(9, 4, 285287).
cost(9, 5, 259132).
cost(9, 6, 227563).
cost(9, 7, 238837).
cost(9, 8, 485730).
cost(9, 10, 545354).
cost(9, 11, 331635).
cost(9, 12, 336812).
cost(9, 13, 165807).
cost(9, 14, 508496).
cost(9, 15, 743376).
cost(9, 16, 402659).
cost(9, 17, 207855).
cost(9, 18, 551513).
cost(9, 19, 187559).
cost(9, 20, 358162).
cost(9, 21, 484528).
cost(9, 22, 173206).
cost(9, 23, 749327).
cost(9, 24, 323509).
cost(9, 25, 683435).
cost(9, 26, 149937).
cost(9, 27, 450667).
cost(10, 1, 296398).
cost(10, 2, 216665).
cost(10, 3, 251370).
cost(10, 4, 662741).
cost(10, 5, 421823).
cost(10, 6, 390536).
cost(10, 7, 347478).
cost(10, 8, 356694).
cost(10, 9, 545354).
cost(10, 11, 655185).
cost(10, 12, 281169).
cost(10, 13, 537807).
cost(10, 14, 126522).
cost(10, 15, 351840).
cost(10, 16, 156994).
cost(10, 17, 593526).
cost(10, 18, 123617).
cost(10, 19, 398789).
cost(10, 20, 396710).
cost(10, 21, 651654).
cost(10, 22, 500797).
cost(10, 23, 418968).
cost(10, 24, 685933).
cost(10, 25, 373311).
cost(10, 26, 691941).
cost(10, 27, 296978).
cost(11, 1, 359806).
cost(11, 2, 642562).
cost(11, 3, 448259).
cost(11, 4, 62192).
cost(11, 5, 234846).
cost(11, 6, 510786).
cost(11, 7, 325236).
cost(11, 8, 392860).
cost(11, 9, 331635).
cost(11, 10, 655185).
cost(11, 12, 374043).
cost(11, 13, 176544).
cost(11, 14, 558161).
cost(11, 15, 952971).
cost(11, 16, 570314).
cost(11, 17, 538690).
cost(11, 18, 595005).
cost(11, 19, 466130).
cost(11, 20, 648439).
cost(11, 21, 186088).
cost(11, 22, 194886).
cost(11, 23, 984239).
cost(11, 24, 649797).
cost(11, 25, 594632).
cost(11, 26, 321128).
cost(11, 27, 700487).
cost(12, 1, 21189).
cost(12, 2, 316325).
cost(12, 3, 133533).
cost(12, 4, 384208).
cost(12, 5, 142192).
cost(12, 6, 309285).
cost(12, 7, 98053).
cost(12, 8, 180686).
cost(12, 9, 336812).
cost(12, 10, 281169).
cost(12, 11, 374043).
cost(12, 13, 272098).
cost(12, 14, 192974).
cost(12, 15, 597109).
cost(12, 16, 221836).
cost(12, 17, 472411).
cost(12, 18, 234295).
cost(12, 19, 283758).
cost(12, 20, 409056).
cost(12, 21, 388663).
cost(12, 22, 234365).
cost(12, 23, 642335).
cost(12, 24, 589950).
cost(12, 25, 352385).
cost(12, 26, 462917).
cost(12, 27, 396855).
cost(13, 1, 266561).
cost(13, 2, 485104).
cost(13, 3, 302071).
cost(13, 4, 146705).
cost(13, 5, 142069).
cost(13, 6, 335578).
cost(13, 7, 190331).
cost(13, 8, 371036).
cost(13, 9, 165807).
cost(13, 10, 537807).
cost(13, 11, 176544).
cost(13, 12, 272098).
cost(13, 14, 464693).
cost(13, 15, 802511).
cost(13, 16, 426370).
cost(13, 17, 372665).
cost(13, 18, 506355).
cost(13, 19, 290762).
cost(13, 20, 473617).
cost(13, 21, 318726).
cost(13, 22, 37780).
cost(13, 23, 825611).
cost(13, 24, 489315).
cost(13, 25, 579710).
cost(13, 26, 219004).
cost(13, 27, 534447).
cost(14, 1, 201874).
cost(14, 2, 290992).
cost(14, 3, 226468).
cost(14, 4, 574307).
cost(14, 5, 333338).
cost(14, 6, 405024).
cost(14, 7, 280989).
cost(14, 8, 231104).
cost(14, 9, 508496).
cost(14, 10, 126522).
cost(14, 11, 558161).
cost(14, 12, 192974).
cost(14, 13, 464693).
cost(14, 15, 478199).
cost(14, 16, 197324).
cost(14, 17, 600462).
cost(14, 18, 43090).
cost(14, 19, 399060).
cost(14, 20, 451357).
cost(14, 21, 534391).
cost(14, 22, 426916).
cost(14, 23, 543274).
cost(14, 24, 706429).
cost(14, 25, 267811).
cost(14, 26, 645792).
cost(14, 27, 379926).
cost(15, 1, 616563).
cost(15, 2, 319587).
cost(15, 3, 505007).
cost(15, 4, 944879).
cost(15, 5, 721504).
cost(15, 6, 522007).
cost(15, 7, 627735).
cost(15, 8, 706354).
cost(15, 9, 743376).
cost(15, 10, 351840).
cost(15, 11, 952971).
cost(15, 12, 597109).
cost(15, 13, 802511).
cost(15, 14, 478199).
cost(15, 16, 382976).
cost(15, 17, 687609).
cost(15, 18, 471722).
cost(15, 19, 556996).
cost(15, 20, 425671).
cost(15, 21, 984753).
cost(15, 22, 770547).
cost(15, 23, 89541).
cost(15, 24, 728695).
cost(15, 25, 708931).
cost(15, 26, 890250).
cost(15, 27, 300157).
cost(16, 1, 242623).
cost(16, 2, 101753).
cost(16, 3, 124408).
cost(16, 4, 564897).
cost(16, 5, 338636).
cost(16, 6, 233543).
cost(16, 7, 245232).
cost(16, 8, 368981).
cost(16, 9, 402659).
cost(16, 10, 156994).
cost(16, 11, 570314).
cost(16, 12, 221836).
cost(16, 13, 426370).
cost(16, 14, 197324).
cost(16, 15, 382976).
cost(16, 17, 436539).
cost(16, 18, 226894).
cost(16, 19, 243466).
cost(16, 20, 255003).
cost(16, 21, 609528).
cost(16, 22, 392284).
cost(16, 23, 421735).
cost(16, 24, 530294).
cost(16, 25, 462532).
cost(16, 26, 552059).
cost(16, 27, 190368).
cost(17, 1, 484778).
cost(17, 2, 410650).
cost(17, 3, 375423).
cost(17, 4, 489483).
cost(17, 5, 441367).
cost(17, 6, 203011).
cost(17, 7, 385517).
cost(17, 8, 645442).
cost(17, 9, 207855).
cost(17, 10, 593526).
cost(17, 11, 538690).
cost(17, 12, 472411).
cost(17, 13, 372665).
cost(17, 14, 600462).
cost(17, 15, 687609).
cost(17, 16, 436539).
cost(17, 18, 640374).
cost(17, 19, 201403).
cost(17, 20, 262048).
cost(17, 21, 690672).
cost(17, 22, 374747).
cost(17, 23, 668914).
cost(17, 24, 121501).
cost(17, 25, 822857).
cost(17, 26, 278037).
cost(17, 27, 390546).
cost(18, 1, 241929).
cost(18, 2, 314408).
cost(18, 3, 267816).
cost(18, 4, 613239).
cost(18, 5, 373292).
cost(18, 6, 443107).
cost(18, 7, 323754).
cost(18, 8, 250684).
cost(18, 9, 551513).
cost(18, 10, 123617).
cost(18, 11, 595005).
cost(18, 12, 234295).
cost(18, 13, 506355).
cost(18, 14, 43090).
cost(18, 15, 471722).
cost(18, 16, 226894).
cost(18, 17, 640374).
cost(18, 19, 439060).
cost(18, 20, 481882).
cost(18, 21, 562048).
cost(18, 22, 468600).
cost(18, 23, 541758).
cost(18, 24, 744704).
cost(18, 25, 251439).
cost(18, 26, 688842).
cost(18, 27, 401745).
cost(19, 1, 299295).
cost(19, 2, 244920).
cost(19, 3, 174679).
cost(19, 4, 435627).
cost(19, 5, 294141).
cost(19, 6, 44851).
cost(19, 7, 212078).
cost(19, 8, 463203).
cost(19, 9, 187559).
cost(19, 10, 398789).
cost(19, 11, 466130).
cost(19, 12, 283758).
cost(19, 13, 290762).
cost(19, 14, 399060).
cost(19, 15, 556996).
cost(19, 16, 243466).
cost(19, 17, 201403).
cost(19, 18, 439060).
cost(19, 20, 182969).
cost(19, 21, 576867).
cost(19, 22, 272513).
cost(19, 23, 561833).
cost(19, 24, 311099).
cost(19, 25, 627524).
cost(19, 26, 333268).
cost(19, 27, 263160).
cost(20, 1, 428814).
cost(20, 2, 182435).
cost(20, 3, 275982).
cost(20, 4, 618569).
cost(20, 5, 461049).
cost(20, 6, 138118).
cost(20, 7, 367182).
cost(20, 8, 586022).
cost(20, 9, 358162).
cost(20, 10, 396710).
cost(20, 11, 648439).
cost(20, 12, 409056).
cost(20, 13, 473617).
cost(20, 14, 451357).
cost(20, 15, 425671).
cost(20, 16, 255003).
cost(20, 17, 262048).
cost(20, 18, 481882).
cost(20, 19, 182969).
cost(20, 21, 749353).
cost(20, 22, 454037).
cost(20, 23, 409295).
cost(20, 24, 313968).
cost(20, 25, 712178).
cost(20, 26, 490827).
cost(20, 27, 132873).
cost(21, 1, 368620).
cost(21, 2, 699105).
cost(21, 3, 502625).
cost(21, 4, 248104).
cost(21, 5, 289031).
cost(21, 6, 618631).
cost(21, 7, 386618).
cost(21, 8, 318338).
cost(21, 9, 484528).
cost(21, 10, 651654).
cost(21, 11, 186088).
cost(21, 12, 388663).
cost(21, 13, 318726).
cost(21, 14, 534391).
cost(21, 15, 984753).
cost(21, 16, 609528).
cost(21, 17, 690672).
cost(21, 18, 562048).
cost(21, 19, 576867).
cost(21, 20, 749353).
cost(21, 22, 317338).
cost(21, 23, 1030876).
cost(21, 24, 808028).
cost(21, 25, 485424).
cost(21, 26, 502294).
cost(21, 27, 772089).
cost(22, 1, 229108).
cost(22, 2, 454638).
cost(22, 3, 267878).
cost(22, 4, 174804).
cost(22, 5, 107191).
cost(22, 6, 316872).
cost(22, 7, 153418).
cost(22, 8, 338904).
cost(22, 9, 173206).
cost(22, 10, 500797).
cost(22, 11, 194886).
cost(22, 12, 234365).
cost(22, 13, 37780).
cost(22, 14, 426916).
cost(22, 15, 770547).
cost(22, 16, 392284).
cost(22, 17, 374747).
cost(22, 18, 468600).
cost(22, 19, 272513).
cost(22, 20, 454037).
cost(22, 21, 317338).
cost(22, 23, 796004).
cost(22, 24, 493928).
cost(22, 25, 546521).
cost(22, 26, 248413).
cost(22, 27, 507626).
cost(23, 1, 662669).
cost(23, 2, 341780).
cost(23, 3, 537472).
cost(23, 4, 970751).
cost(23, 5, 757768).
cost(23, 6, 522693).
cost(23, 7, 660870).
cost(23, 8, 766339).
cost(23, 9, 749327).
cost(23, 10, 418968).
cost(23, 11, 984239).
cost(23, 12, 642335).
cost(23, 13, 825611).
cost(23, 14, 543274).
cost(23, 15, 89541).
cost(23, 16, 421735).
cost(23, 17, 668914).
cost(23, 18, 541758).
cost(23, 19, 561833).
cost(23, 20, 409295).
cost(23, 21, 1030876).
cost(23, 22, 796004).
cost(23, 24, 695614).
cost(23, 25, 785121).
cost(23, 26, 892014).
cost(23, 27, 298673).
cost(24, 1, 603230).
cost(24, 2, 486573).
cost(24, 3, 485321).
cost(24, 4, 597267).
cost(24, 5, 562853).
cost(24, 6, 301598).
cost(24, 7, 505518).
cost(24, 8, 765051).
cost(24, 9, 323509).
cost(24, 10, 685933).
cost(24, 11, 649797).
cost(24, 12, 589950).
cost(24, 13, 489315).
cost(24, 14, 706429).
cost(24, 15, 728695).
cost(24, 16, 530294).
cost(24, 17, 121501).
cost(24, 18, 744704).
cost(24, 19, 311099).
cost(24, 20, 313968).
cost(24, 21, 808028).
cost(24, 22, 493928).
cost(24, 23, 695614).
cost(24, 25, 938061).
cost(24, 26, 362471).
cost(24, 27, 446614).
cost(25, 1, 343378).
cost(25, 2, 558642).
cost(25, 3, 456076).
cost(25, 4, 635303).
cost(25, 5, 439546).
cost(25, 6, 644610).
cost(25, 7, 447168).
cost(25, 8, 209677).
cost(25, 9, 683435).
cost(25, 10, 373311).
cost(25, 11, 594632).
cost(25, 12, 352385).
cost(25, 13, 579710).
cost(25, 14, 267811).
cost(25, 15, 708931).
cost(25, 16, 462532).
cost(25, 17, 822857).
cost(25, 18, 251439).
cost(25, 19, 627524).
cost(25, 20, 712178).
cost(25, 21, 485424).
cost(25, 22, 546521).
cost(25, 23, 785121).
cost(25, 24, 938061).
cost(25, 26, 793806).
cost(25, 27, 647714).
cost(26, 1, 463440).
cost(26, 2, 576031).
cost(26, 3, 440578).
cost(26, 4, 260508).
cost(26, 5, 354499).
cost(26, 6, 369670).
cost(26, 7, 366697).
cost(26, 8, 587160).
cost(26, 9, 149937).
cost(26, 10, 691941).
cost(26, 11, 321128).
cost(26, 12, 462917).
cost(26, 13, 219004).
cost(26, 14, 645792).
cost(26, 15, 890250).
cost(26, 16, 552059).
cost(26, 17, 278037).
cost(26, 18, 688842).
cost(26, 19, 333268).
cost(26, 20, 490827).
cost(26, 21, 502294).
cost(26, 22, 248413).
cost(26, 23, 892014).
cost(26, 24, 362471).
cost(26, 25, 793806).
cost(26, 27, 594252).
cost(27, 1, 418019).
cost(27, 2, 89522).
cost(27, 3, 270090).
cost(27, 4, 680956).
cost(27, 5, 486190).
cost(27, 6, 224583).
cost(27, 7, 387175).
cost(27, 8, 557304).
cost(27, 9, 450667).
cost(27, 10, 296978).
cost(27, 11, 700487).
cost(27, 12, 396855).
cost(27, 13, 534447).
cost(27, 14, 379926).
cost(27, 15, 300157).
cost(27, 16, 190368).
cost(27, 17, 390546).
cost(27, 18, 401745).
cost(27, 19, 263160).
cost(27, 20, 132873).
cost(27, 21, 772089).
cost(27, 22, 507626).
cost(27, 23, 298673).
cost(27, 24, 446614).
cost(27, 25, 647714).
cost(27, 26, 594252).
