dimension(27).
point(1, -178627.0, 231692.0).
point(2, 232524.0, 94546.0).
point(3, -154230.0, 44828.0).
point(4, 619379.0, -43437.0).
point(5, -61592.0, 56380.0).
point(6, -67684.0, 230908.0).
point(7, 22991.0, 131845.0).
point(8, 130500.0, -52909.0).
point(9, 71785.0, 214119.0).
point(10, 22584.0, 217249.0).
point(11, -109467.0, -369695.0).
point(12, 154742.0, -288453.0).
point(13, -142634.0, -99262.0).
point(14, 157676.0, 225101.0).
point(15, -177726.0, -9548.0).
point(16, -12192.0, 98594.0).
point(17, 35788.0, 278543.0).
point(18, 83217.0, -416319.0).
point(19, 258098.0, -14672.0).
point(20, -30816.0, -8243.0).
point(21, 66606.0, -3317.0).
point(22, -31625.0, -13274.0).
point(23, -34548.0, 323866.0).
point(24, -77740.0, -217684.0).
point(25, -7229.0, 161332.0).
point(26, -294849.0, -275785.0).
point(27, -193146.0, -36931.0).
cost(1, 2, 433421).
cost(1, 3, 188450).
cost(1, 4, 844103).
cost(1, 5, 210788).
cost(1, 6, 110946).
cost(1, 7, 224987).
cost(1, 8, 420187).
cost(1, 9, 251028).
cost(1, 10, 201729).
cost(1, 11, 605351).
cost(1, 12, 617807).
cost(1, 13, 332905).
cost(1, 14, 336368).
cost(1, 15, 241242).
cost(1, 16, 213110).
cost(1, 17, 219474).
cost(1, 18, 698914).
cost(1, 19, 501422).
cost(1, 20, 281810).
cost(1, 21, 339659).
cost(1, 22, 285689).
cost(1, 23, 171040).
cost(1, 24, 460562).
cost(1, 25, 185278).
cost(1, 26, 520615).
cost(1, 27, 269015).
cost(2, 1, 433421).
cost(2, 3, 389937).
cost(2, 4, 410726).
cost(2, 5, 296582).
cost(2, 6, 329726).
cost(2, 7, 212827).
cost(2, 8, 179309).
cost(2, 9, 200337).
cost(2, 10, 243168).
cost(2, 11, 576609).
cost(2, 12, 390817).
cost(2, 13, 422262).
cost(2, 14, 150489).
cost(2, 15, 423250).
cost(2, 16, 244749).
cost(2, 17, 269370).
cost(2, 18, 532236).
cost(2, 19, 112172).
cost(2, 20, 282690).
cost(2, 21, 192629).
cost(2, 22, 285307).
cost(2, 23, 352016).
cost(2, 24, 440172).
cost(2, 25, 248881).
cost(2, 26, 644412).
cost(2, 27, 445512).
cost(3, 1, 188450).
cost(3, 2, 389937).
cost(3, 4, 778628).
cost(3, 5, 93355).
cost(3, 6, 205222).
cost(3, 7, 197432).
cost(3, 8, 301038).
cost(3, 9, 282387).
cost(3, 10, 246966).
cost(3, 11, 416933).
cost(3, 12, 454467).
cost(3, 13, 144556).
cost(3, 14, 360255).
cost(3, 15, 59235).
cost(3, 16, 151874).
cost(3, 17, 301213).
cost(3, 18, 518688).
cost(3, 19, 416599).
cost(3, 20, 134341).
cost(3, 21, 226023).
cost(3, 22, 135675).
cost(3, 23, 303621).
cost(3, 24, 273429).
cost(3, 25, 187570).
cost(3, 26, 350095).
cost(3, 27, 90548).
cost(4, 1, 844103).
cost(4, 2, 410726).
cost(4, 3, 778628).
cost(4, 5, 688248).
cost(4, 6, 739811).
cost(4, 7, 621613).
cost(4, 8, 488971).
cost(4, 9, 605140).
cost(4, 10, 651246).
cost(4, 11, 798537).
cost(4, 12, 525281).
cost(4, 13, 764055).
cost(4, 14, 534118).
cost(4, 15, 797825).
cost(4, 16, 647344).
cost(4, 17, 666520).
cost(4, 18, 653078).
cost(4, 19, 362424).
cost(4, 20, 651147).
cost(4, 21, 554227).
cost(4, 22, 651702).
cost(4, 23, 750021).
cost(4, 24, 718566).
cost(4, 25, 659218).
cost(4, 26, 943291).
cost(4, 27, 812551).
cost(5, 1, 210788).
cost(5, 2, 296582).
cost(5, 3, 93355).
cost(5, 4, 688248).
cost(5, 6, 174634).
cost(5, 7, 113355).
cost(5, 8, 221005).
cost(5, 9, 206570).
cost(5, 10, 181561).
cost(5, 11, 428756).
cost(5, 12, 407075).
cost(5, 13, 175477).
cost(5, 14, 276668).
cost(5, 15, 133543).
cost(5, 16, 64980).
cost(5, 17, 242568).
cost(5, 18, 494382).
cost(5, 19, 327491).
cost(5, 20, 71577).
cost(5, 21, 141416).
cost(5, 22, 75827).
cost(5, 23, 268850).
cost(5, 24, 274539).
cost(5, 25, 118196).
cost(5, 26, 405885).
cost(5, 27, 161287).
cost(6, 1, 110946).
cost(6, 2, 329726).
cost(6, 3, 205222).
cost(6, 4, 739811).
cost(6, 5, 174634).
cost(6, 7, 134296).
cost(6, 8, 346163).
cost(6, 9, 140476).
cost(6, 10, 91296).
cost(6, 11, 602055).
cost(6, 12, 564986).
cost(6, 13, 338570).
cost(6, 14, 225435).
cost(6, 15, 264440).
cost(6, 16, 143479).
cost(6, 17, 113910).
cost(6, 18, 664586).
cost(6, 19, 407975).
cost(6, 20, 241976).
cost(6, 21, 269991).
cost(6, 22, 246830).
cost(6, 23, 98687).
cost(6, 24, 448705).
cost(6, 25, 92172).
cost(6, 26, 555285).
cost(6, 27, 295768).
cost(7, 1, 224987).
cost(7, 2, 212827).
cost(7, 3, 197432).
cost(7, 4, 621613).
cost(7, 5, 113355).
cost(7, 6, 134296).
cost(7, 8, 213757).
cost(7, 9, 95655).
cost(7, 10, 85405).
cost(7, 11, 518736).
cost(7, 12, 440464).
cost(7, 13, 284327).
cost(7, 14, 163819).
cost(7, 15, 245518).
cost(7, 16, 48409).
cost(7, 17, 147255).
cost(7, 18, 551463).
cost(7, 19, 277024).
cost(7, 20, 150066).
cost(7, 21, 142025).
cost(7, 22, 155056).
cost(7, 23, 200456).
cost(7, 24, 363754).
cost(7, 25, 42222).
cost(7, 26, 516899).
cost(7, 27, 274227).
cost(8, 1, 420187).
cost(8, 2, 179309).
cost(8, 3, 301038).
cost(8, 4, 488971).
cost(8, 5, 221005).
cost(8, 6, 346163).
cost(8, 7, 213757).
cost(8, 9, 273407).
cost(8, 10, 290914).
cost(8, 11, 397414).
cost(8, 12, 236788).
cost(8, 13, 277039).
cost(8, 14, 279335).
cost(8, 15, 311261).
cost(8, 16, 208121).
cost(8, 17, 344718).
cost(8, 18, 366473).
cost(8, 19, 133204).
cost(8, 20, 167385).
cost(8, 21, 80881).
cost(8, 22, 166900).
cost(8, 23, 411340).
cost(8, 24, 265546).
cost(8, 25, 254693).
cost(8, 26, 480204).
cost(8, 27, 324040).
cost(9, 1, 251028).
cost(9, 2, 200337).
cost(9, 3, 282387).
cost(9, 4, 605140).
cost(9, 5, 206570).
cost(9, 6, 140476).
cost(9, 7, 95655).
cost(9, 8, 273407).
cost(9, 10, 49300).
cost(9, 11, 611303).
cost(9, 12, 509373).
cost(9, 13, 379715).
cost(9, 14, 86590).
cost(9, 15, 335086).
cost(9, 16, 142822).
cost(9, 17, 73799).
cost(9, 18, 630542).
cost(9, 19, 295056).
cost(9, 20, 244891).
cost(9, 21, 217498).
cost(9, 22, 249802).
cost(9, 23, 152811).
cost(9, 24, 456959).
cost(9, 25, 95025).
cost(9, 26, 611904).
cost(9, 27, 364986).
cost(10, 1, 201729).
cost(10, 2, 243168).
cost(10, 3, 246966).
cost(10, 4, 651246).
cost(10, 5, 181561).
cost(10, 6, 91296).
cost(10, 7, 85405).
cost(10, 8, 290914).
cost(10, 9, 49300).
cost(10, 11, 601615).
cost(10, 12, 522686).
cost(10, 13, 357038).
cost(10, 14, 135320).
cost(10, 15, 302590).
cost(10, 16, 123646).
cost(10, 17, 62700).
cost(10, 18, 636463).
cost(10, 19, 330536).
cost(10, 20, 231729).
cost(10, 21, 224916).
cost(10, 22, 236811).
cost(10, 23, 120960).
cost(10, 24, 446354).
cost(10, 25, 63368).
cost(10, 26, 586384).
cost(10, 27, 333387).
cost(11, 1, 605351).
cost(11, 2, 576609).
cost(11, 3, 416933).
cost(11, 4, 798537).
cost(11, 5, 428756).
cost(11, 6, 602055).
cost(11, 7, 518736).
cost(11, 8, 397414).
cost(11, 9, 611303).
cost(11, 10, 601615).
cost(11, 12, 276418).
cost(11, 13, 272459).
cost(11, 14, 652033).
cost(11, 15, 366559).
cost(11, 16, 478285).
cost(11, 17, 664313).
cost(11, 18, 198245).
cost(11, 19, 511024).
cost(11, 20, 369910).
cost(11, 21, 406491).
cost(11, 22, 364822).
cost(11, 23, 697596).
cost(11, 24, 155287).
cost(11, 25, 540779).
cost(11, 26, 207811).
cost(11, 27, 343124).
cost(12, 1, 617807).
cost(12, 2, 390817).
cost(12, 3, 454467).
cost(12, 4, 525281).
cost(12, 5, 407075).
cost(12, 6, 564986).
cost(12, 7, 440464).
cost(12, 8, 236788).
cost(12, 9, 509373).
cost(12, 10, 522686).
cost(12, 11, 276418).
cost(12, 13, 352457).
cost(12, 14, 513562).
cost(12, 15, 433962).
cost(12, 16, 421512).
cost(12, 17, 579340).
cost(12, 18, 146511).
cost(12, 19, 292641).
cost(12, 20, 336079).
cost(12, 21, 298447).
cost(12, 22, 332349).
cost(12, 23, 640910).
cost(12, 24, 243015).
cost(12, 25, 478060).
cost(12, 26, 449769).
cost(12, 27, 429289).
cost(13, 1, 332905).
cost(13, 2, 422262).
cost(13, 3, 144556).
cost(13, 4, 764055).
cost(13, 5, 175477).
cost(13, 6, 338570).
cost(13, 7, 284327).
cost(13, 8, 277039).
cost(13, 9, 379715).
cost(13, 10, 357038).
cost(13, 11, 272459).
cost(13, 12, 352457).
cost(13, 14, 442038).
cost(13, 15, 96333).
cost(13, 16, 236985).
cost(13, 17, 417817).
cost(13, 18, 389273).
cost(13, 19, 409563).
cost(13, 20, 144179).
cost(13, 21, 230189).
cost(13, 22, 140417).
cost(13, 23, 436715).
cost(13, 24, 135037).
cost(13, 25, 293673).
cost(13, 26, 233087).
cost(13, 27, 80229).
cost(14, 1, 336368).
cost(14, 2, 150489).
cost(14, 3, 360255).
cost(14, 4, 534118).
cost(14, 5, 276668).
cost(14, 6, 225435).
cost(14, 7, 163819).
cost(14, 8, 279335).
cost(14, 9, 86590).
cost(14, 10, 135320).
cost(14, 11, 652033).
cost(14, 12, 513562).
cost(14, 13, 442038).
cost(14, 15, 409334).
cost(14, 16, 211800).
cost(14, 17, 133089).
cost(14, 18, 645727).
cost(14, 19, 259953).
cost(14, 20, 299964).
cost(14, 21, 245903).
cost(14, 22, 304397).
cost(14, 23, 216112).
cost(14, 24, 501477).
cost(14, 25, 176805).
cost(14, 26, 675030).
cost(14, 27, 437878).
cost(15, 1, 241242).
cost(15, 2, 423250).
cost(15, 3, 59235).
cost(15, 4, 797825).
cost(15, 5, 133543).
cost(15, 6, 264440).
cost(15, 7, 245518).
cost(15, 8, 311261).
cost(15, 9, 335086).
cost(15, 10, 302590).
cost(15, 11, 366559).
cost(15, 12, 433962).
cost(15, 13, 96333).
cost(15, 14, 409334).
cost(15, 16, 197728).
cost(15, 17, 358587).
cost(15, 18, 483274).
cost(15, 19, 435854).
cost(15, 20, 146916).
cost(15, 21, 244411).
cost(15, 22, 146149).
cost(15, 23, 362856).
cost(15, 24, 230906).
cost(15, 25, 241390).
cost(15, 26, 290861).
cost(15, 27, 31426).
cost(16, 1, 213110).
cost(16, 2, 244749).
cost(16, 3, 151874).
cost(16, 4, 647344).
cost(16, 5, 64980).
cost(16, 6, 143479).
cost(16, 7, 48409).
cost(16, 8, 208121).
cost(16, 9, 142822).
cost(16, 10, 123646).
cost(16, 11, 478285).
cost(16, 12, 421512).
cost(16, 13, 236985).
cost(16, 14, 211800).
cost(16, 15, 197728).
cost(16, 17, 186236).
cost(16, 18, 523678).
cost(16, 19, 293063).
cost(16, 20, 108448).
cost(16, 21, 128821).
cost(16, 22, 113543).
cost(16, 23, 226379).
cost(16, 24, 322999).
cost(16, 25, 62934).
cost(16, 26, 469100).
cost(16, 27, 226078).
cost(17, 1, 219474).
cost(17, 2, 269370).
cost(17, 3, 301213).
cost(17, 4, 666520).
cost(17, 5, 242568).
cost(17, 6, 113910).
cost(17, 7, 147255).
cost(17, 8, 344718).
cost(17, 9, 73799).
cost(17, 10, 62700).
cost(17, 11, 664313).
cost(17, 12, 579340).
cost(17, 13, 417817).
cost(17, 14, 133089).
cost(17, 15, 358587).
cost(17, 16, 186236).
cost(17, 18, 696479).
cost(17, 19, 367963).
cost(17, 20, 294419).
cost(17, 21, 283540).
cost(17, 22, 299502).
cost(17, 23, 83674).
cost(17, 24, 509048).
cost(17, 25, 124855).
cost(17, 26, 645446).
cost(17, 27, 389788).
cost(18, 1, 698914).
cost(18, 2, 532236).
cost(18, 3, 518688).
cost(18, 4, 653078).
cost(18, 5, 494382).
cost(18, 6, 664586).
cost(18, 7, 551463).
cost(18, 8, 366473).
cost(18, 9, 630542).
cost(18, 10, 636463).
cost(18, 11, 198245).
cost(18, 12, 146511).
cost(18, 13, 389273).
cost(18, 14, 645727).
cost(18, 15, 483274).
cost(18, 16, 523678).
cost(18, 17, 696479).
cost(18, 19, 438068).
cost(18, 20, 423709).
cost(18, 21, 413336).
cost(18, 22, 419087).
cost(18, 23, 749495).
cost(18, 24, 255662).
cost(18, 25, 584689).
cost(18, 26, 403341).
cost(18, 27, 469374).
cost(19, 1, 501422).
cost(19, 2, 112172).
cost(19, 3, 416599).
cost(19, 4, 362424).
cost(19, 5, 327491).
cost(19, 6, 407975).
cost(19, 7, 277024).
cost(19, 8, 133204).
cost(19, 9, 295056).
cost(19, 10, 330536).
cost(19, 11, 511024).
cost(19, 12, 292641).
cost(19, 13, 409563).
cost(19, 14, 259953).
cost(19, 15, 435854).
cost(19, 16, 293063).
cost(19, 17, 367963).
cost(19, 18, 438068).
cost(19, 20, 288986).
cost(19, 21, 191828).
cost(19, 22, 289726).
cost(19, 23, 447493).
cost(19, 24, 392430).
cost(19, 25, 318396).
cost(19, 26, 611498).
cost(19, 27, 451793).
cost(20, 1, 281810).
cost(20, 2, 282690).
cost(20, 3, 134341).
cost(20, 4, 651147).
cost(20, 5, 71577).
cost(20, 6, 241976).
cost(20, 7, 150066).
cost(20, 8, 167385).
cost(20, 9, 244891).
cost(20, 10, 231729).
cost(20, 11, 369910).
cost(20, 12, 336079).
cost(20, 13, 144179).
cost(20, 14, 299964).
cost(20, 15, 146916).
cost(20, 16, 108448).
cost(20, 17, 294419).
cost(20, 18, 423709).
cost(20, 19, 288986).
cost(20, 21, 97546).
cost(20, 22, 5096).
cost(20, 23, 332130).
cost(20, 24, 214633).
cost(20, 25, 171208).
cost(20, 26, 375888).
cost(20, 27, 164845).
cost(21, 1, 339659).
cost(21, 2, 192629).
cost(21, 3, 226023).
cost(21, 4, 554227).
cost(21, 5, 141416).
cost(21, 6, 269991).
cost(21, 7, 142025).
cost(21, 8, 80881).
cost(21, 9, 217498).
cost(21, 10, 224916).
cost(21, 11, 406491).
cost(21, 12, 298447).
cost(21, 13, 230189).
cost(21, 14, 245903).
cost(21, 15, 244411).
cost(21, 16, 128821).
cost(21, 17, 283540).
cost(21, 18, 413336).
cost(21, 19, 191828).
cost(21, 20, 97546).
cost(21, 22, 98734).
cost(21, 23, 342463).
cost(21, 24, 258436).
cost(21, 25, 180446).
cost(21, 26, 452646).
cost(21, 27, 261918).
cost(22, 1, 285689).
cost(22, 2, 285307).
cost(22, 3, 135675).
cost(22, 4, 651702).
cost(22, 5, 75827).
cost(22, 6, 246830).
cost(22, 7, 155056).
cost(22, 8, 166900).
cost(22, 9, 249802).
cost(22, 10, 236811).
cost(22, 11, 364822).
cost(22, 12, 332349).
cost(22, 13, 140417).
cost(22, 14, 304397).
cost(22, 15, 146149).
cost(22, 16, 113543).
cost(22, 17, 299502).
cost(22, 18, 419087).
cost(22, 19, 289726).
cost(22, 20, 5096).
cost(22, 21, 98734).
cost(22, 23, 337153).
cost(22, 24, 209547).
cost(22, 25, 176302).
cost(22, 26, 371751).
cost(22, 27, 163244).
cost(23, 1, 171040).
cost(23, 2, 352016).
cost(23, 3, 303621).
cost(23, 4, 750021).
cost(23, 5, 268850).
cost(23, 6, 98687).
cost(23, 7, 200456).
cost(23, 8, 411340).
cost(23, 9, 152811).
cost(23, 10, 120960).
cost(23, 11, 697596).
cost(23, 12, 640910).
cost(23, 13, 436715).
cost(23, 14, 216112).
cost(23, 15, 362856).
cost(23, 16, 226379).
cost(23, 17, 83674).
cost(23, 18, 749495).
cost(23, 19, 447493).
cost(23, 20, 332130).
cost(23, 21, 342463).
cost(23, 22, 337153).
cost(23, 24, 543270).
cost(23, 25, 164814).
cost(23, 26, 653711).
cost(23, 27, 394116).
cost(24, 1, 460562).
cost(24, 2, 440172).
cost(24, 3, 273429).
cost(24, 4, 718566).
cost(24, 5, 274539).
cost(24, 6, 448705).
cost(24, 7, 363754).
cost(24, 8, 265546).
cost(24, 9, 456959).
cost(24, 10, 446354).
cost(24, 11, 155287).
cost(24, 12, 243015).
cost(24, 13, 135037).
cost(24, 14, 501477).
cost(24, 15, 230906).
cost(24, 16, 322999).
cost(24, 17, 509048).
cost(24, 18, 255662).
cost(24, 19, 392430).
cost(24, 20, 214633).
cost(24, 21, 258436).
cost(24, 22, 209547).
cost(24, 23, 543270).
cost(24, 25, 385519).
cost(24, 26, 224749).
cost(24, 27, 214453).
cost(25, 1, 185278).
cost(25, 2, 248881).
cost(25, 3, 187570).
cost(25, 4, 659218).
cost(25, 5, 118196).
cost(25, 6, 92172).
cost(25, 7, 42222).
cost(25, 8, 254693).
cost(25, 9, 95025).
cost(25, 10, 63368).
cost(25, 11, 540779).
cost(25, 12, 478060).
cost(25, 13, 293673).
cost(25, 14, 176805).
cost(25, 15, 241390).
cost(25, 16, 62934).
cost(25, 17, 124855).
cost(25, 18, 584689).
cost(25, 19, 318396).
cost(25, 20, 171208).
cost(25, 21, 180446).
cost(25, 22, 176302).
cost(25, 23, 164814).
cost(25, 24, 385519).
cost(25, 26, 523256).
cost(25, 27, 271797).
cost(26, 1, 520615).
cost(26, 2, 644412).
cost(26, 3, 350095).
cost(26, 4, 943291).
cost(26, 5, 405885).
cost(26, 6, 555285).
cost(26, 7, 516899).
cost(26, 8, 480204).
cost(26, 9, 611904).
cost(26, 10, 586384).
cost(26, 11, 207811).
cost(26, 12, 449769).
cost(26, 13, 233087).
cost(26, 14, 675030).
cost(26, 15, 290861).
cost(26, 16, 469100).
cost(26, 17, 645446).
cost(26, 18, 403341).
cost(26, 19, 611498).
cost(26, 20, 375888).
cost(26, 21, 452646).
cost(26, 22, 371751).
cost(26, 23, 653711).
cost(26, 24, 224749).
cost(26, 25, 523256).
cost(26, 27, 259605).
cost(27, 1, 269015).
cost(27, 2, 445512).
cost(27, 3, 90548).
cost(27, 4, 812551).
cost(27, 5, 161287).
cost(27, 6, 295768).
cost(27, 7, 274227).
cost(27, 8, 324040).
cost(27, 9, 364986).
cost(27, 10, 333387).
cost(27, 11, 343124).
cost(27, 12, 429289).
cost(27, 13, 80229).
cost(27, 14, 437878).
cost(27, 15, 31426).
cost(27, 16, 226078).
cost(27, 17, 389788).
cost(27, 18, 469374).
cost(27, 19, 451793).
cost(27, 20, 164845).
cost(27, 21, 261918).
cost(27, 22, 163244).
cost(27, 23, 394116).
cost(27, 24, 214453).
cost(27, 25, 271797).
cost(27, 26, 259605).
