dimension(27).
point(1, -165927.0, 355940.0).
point(2, -261071.0, -306325.0).
point(3, -23045.0, -270682.0).
point(4, -190749.0, 9097.0).
point(5, 65736.0, -7361.0).
point(6, -15450.0, 102473.0).
point(7, -129929.0, -185881.0).
point(8, 102951.0, -88012.0).
point(9, 241253.0, 180405.0).
point(10, 54758.0, -86906.0).
point(11, 615899.0, 35821.0).
point(12, -325850.0, -323995.0).
point(13, 74701.0, 101168.0).
point(14, 18783.0, -104275.0).
point(15, -206028.0, -156411.0).
point(16, 115469.0, 209222.0).
point(17, 41795.0, -225980.0).
point(18, 2276.0, -115186.0).
point(19, -72217.0, -54295.0).
point(20, 51838.0, -19712.0).
point(21, -42738.0, -216588.0).
point(22, -296378.0, 74064.0).
point(23, -34565.0, -109903.0).
point(24, -163008.0, 298731.0).
point(25, 284066.0, -158280.0).
point(26, -129804.0, -47376.0).
point(27, 23965.0, -337477.0).
cost(1, 2, 669065).
cost(1, 3, 642706).
cost(1, 4, 347730).
cost(1, 5, 430877).
cost(1, 6, 294769).
cost(1, 7, 543016).
cost(1, 8, 519027).
cost(1, 9, 443405).
cost(1, 10, 494787).
cost(1, 11, 844824).
cost(1, 12, 698489).
cost(1, 13, 350443).
cost(1, 14, 495899).
cost(1, 15, 513918).
cost(1, 16, 317348).
cost(1, 17, 617883).
cost(1, 18, 500252).
cost(1, 19, 420802).
cost(1, 20, 434207).
cost(1, 21, 585631).
cost(1, 22, 310599).
cost(1, 23, 484010).
cost(1, 24, 57283).
cost(1, 25, 683312).
cost(1, 26, 404930).
cost(1, 27, 718948).
cost(2, 1, 669065).
cost(2, 3, 240680).
cost(2, 4, 323166).
cost(2, 5, 442925).
cost(2, 6, 476912).
cost(2, 7, 178059).
cost(2, 8, 424467).
cost(2, 9, 699454).
cost(2, 10, 384568).
cost(2, 11, 941350).
cost(2, 12, 67146).
cost(2, 13, 528009).
cost(2, 14, 345170).
cost(2, 15, 159700).
cost(2, 16, 638413).
cost(2, 17, 313342).
cost(2, 18, 325401).
cost(2, 19, 314936).
cost(2, 20, 424334).
cost(2, 21, 236055).
cost(2, 22, 382024).
cost(2, 23, 299811).
cost(2, 24, 612951).
cost(2, 25, 564882).
cost(2, 26, 290320).
cost(2, 27, 286733).
cost(3, 1, 642706).
cost(3, 2, 240680).
cost(3, 4, 326192).
cost(3, 5, 277885).
cost(3, 6, 373232).
cost(3, 7, 136438).
cost(3, 8, 221908).
cost(3, 9, 522813).
cost(3, 10, 199567).
cost(3, 11, 708656).
cost(3, 12, 307462).
cost(3, 13, 384482).
cost(3, 14, 171583).
cost(3, 15, 215733).
cost(3, 16, 499494).
cost(3, 17, 78756).
cost(3, 18, 157544).
cost(3, 19, 221904).
cost(3, 20, 261903).
cost(3, 21, 57567).
cost(3, 22, 439955).
cost(3, 23, 161191).
cost(3, 24, 586362).
cost(3, 25, 327034).
cost(3, 26, 247514).
cost(3, 27, 81679).
cost(4, 1, 347730).
cost(4, 2, 323166).
cost(4, 3, 326192).
cost(4, 5, 257012).
cost(4, 6, 198617).
cost(4, 7, 204244).
cost(4, 8, 309338).
cost(4, 9, 464728).
cost(4, 10, 263610).
cost(4, 11, 807091).
cost(4, 12, 359448).
cost(4, 13, 280964).
cost(4, 14, 238237).
cost(4, 15, 166212).
cost(4, 16, 365813).
cost(4, 17, 330663).
cost(4, 18, 229576).
cost(4, 19, 134419).
cost(4, 20, 244292).
cost(4, 21, 269891).
cost(4, 22, 124009).
cost(4, 23, 196353).
cost(4, 24, 290959).
cost(4, 25, 503452).
cost(4, 26, 83087).
cost(4, 27, 407696).
cost(5, 1, 430877).
cost(5, 2, 442925).
cost(5, 3, 277885).
cost(5, 4, 257012).
cost(5, 6, 136582).
cost(5, 7, 264866).
cost(5, 8, 88823).
cost(5, 9, 257026).
cost(5, 10, 80299).
cost(5, 11, 551855).
cost(5, 12, 503584).
cost(5, 13, 108899).
cost(5, 14, 107689).
cost(5, 15, 309954).
cost(5, 16, 222220).
cost(5, 17, 219926).
cost(5, 18, 125114).
cost(5, 19, 145718).
cost(5, 20, 18593).
cost(5, 21, 235675).
cost(5, 22, 371156).
cost(5, 23, 143440).
cost(5, 24, 382121).
cost(5, 25, 265414).
cost(5, 26, 199592).
cost(5, 27, 332748).
cost(6, 1, 294769).
cost(6, 2, 476912).
cost(6, 3, 373232).
cost(6, 4, 198617).
cost(6, 5, 136582).
cost(6, 7, 310247).
cost(6, 8, 224284).
cost(6, 9, 268272).
cost(6, 10, 201974).
cost(6, 11, 634858).
cost(6, 12, 527469).
cost(6, 13, 90160).
cost(6, 14, 209563).
cost(6, 15, 321467).
cost(6, 16, 168923).
cost(6, 17, 333404).
cost(6, 18, 218380).
cost(6, 19, 166729).
cost(6, 20, 139488).
cost(6, 21, 320226).
cost(6, 22, 282361).
cost(6, 23, 213234).
cost(6, 24, 245541).
cost(6, 25, 397117).
cost(6, 26, 188498).
cost(6, 27, 441712).
cost(7, 1, 543016).
cost(7, 2, 178059).
cost(7, 3, 136438).
cost(7, 4, 204244).
cost(7, 5, 264866).
cost(7, 6, 310247).
cost(7, 8, 252609).
cost(7, 9, 521480).
cost(7, 10, 209536).
cost(7, 11, 778082).
cost(7, 12, 239709).
cost(7, 13, 352520).
cost(7, 14, 169631).
cost(7, 15, 81606).
cost(7, 16, 465109).
cost(7, 17, 176344).
cost(7, 18, 149920).
cost(7, 19, 143686).
cost(7, 20, 246275).
cost(7, 21, 92440).
cost(7, 22, 308669).
cost(7, 23, 121930).
cost(7, 24, 485740).
cost(7, 25, 414914).
cost(7, 26, 138505).
cost(7, 27, 216020).
cost(8, 1, 519027).
cost(8, 2, 424467).
cost(8, 3, 221908).
cost(8, 4, 309338).
cost(8, 5, 88823).
cost(8, 6, 224284).
cost(8, 7, 252609).
cost(8, 9, 301952).
cost(8, 10, 48206).
cost(8, 11, 527684).
cost(8, 12, 489447).
cost(8, 13, 191278).
cost(8, 14, 85725).
cost(8, 15, 316459).
cost(8, 16, 297497).
cost(8, 17, 150915).
cost(8, 18, 104278).
cost(8, 19, 178383).
cost(8, 20, 85308).
cost(8, 21, 194312).
cost(8, 22, 430967).
cost(8, 23, 139247).
cost(8, 24, 469366).
cost(8, 25, 194268).
cost(8, 26, 236276).
cost(8, 27, 261671).
cost(9, 1, 443405).
cost(9, 2, 699454).
cost(9, 3, 522813).
cost(9, 4, 464728).
cost(9, 5, 257026).
cost(9, 6, 268272).
cost(9, 7, 521480).
cost(9, 8, 301952).
cost(9, 10, 325938).
cost(9, 11, 401577).
cost(9, 12, 758963).
cost(9, 13, 184440).
cost(9, 14, 361297).
cost(9, 15, 559915).
cost(9, 16, 129043).
cost(9, 17, 452694).
cost(9, 18, 380111).
cost(9, 19, 391596).
cost(9, 20, 275545).
cost(9, 21, 488113).
cost(9, 22, 548047).
cost(9, 23, 400443).
cost(9, 24, 421222).
cost(9, 25, 341380).
cost(9, 26, 435393).
cost(9, 27, 561619).
cost(10, 1, 494787).
cost(10, 2, 384568).
cost(10, 3, 199567).
cost(10, 4, 263610).
cost(10, 5, 80299).
cost(10, 6, 201974).
cost(10, 7, 209536).
cost(10, 8, 48206).
cost(10, 9, 325938).
cost(10, 11, 574405).
cost(10, 12, 448412).
cost(10, 13, 189128).
cost(10, 14, 39949).
cost(10, 15, 269889).
cost(10, 16, 302287).
cost(10, 17, 139677).
cost(10, 18, 59616).
cost(10, 19, 131096).
cost(10, 20, 67257).
cost(10, 21, 162243).
cost(10, 22, 386274).
cost(10, 23, 92236).
cost(10, 24, 442875).
cost(10, 25, 240159).
cost(10, 26, 188748).
cost(10, 27, 252456).
cost(11, 1, 844824).
cost(11, 2, 941350).
cost(11, 3, 708656).
cost(11, 4, 807091).
cost(11, 5, 551855).
cost(11, 6, 634858).
cost(11, 7, 778082).
cost(11, 8, 527684).
cost(11, 9, 401577).
cost(11, 10, 574405).
cost(11, 12, 1008146).
cost(11, 13, 545129).
cost(11, 14, 613331).
cost(11, 15, 844107).
cost(11, 16, 529621).
cost(11, 17, 630980).
cost(11, 18, 631931).
cost(11, 19, 693992).
cost(11, 20, 566788).
cost(11, 21, 705346).
cost(11, 22, 913078).
cost(11, 23, 666588).
cost(11, 24, 822081).
cost(11, 25, 384432).
cost(11, 26, 750330).
cost(11, 27, 699812).
cost(12, 1, 698489).
cost(12, 2, 67146).
cost(12, 3, 307462).
cost(12, 4, 359448).
cost(12, 5, 503584).
cost(12, 6, 527469).
cost(12, 7, 239709).
cost(12, 8, 489447).
cost(12, 9, 758963).
cost(12, 10, 448412).
cost(12, 11, 1008146).
cost(12, 13, 584127).
cost(12, 14, 408716).
cost(12, 15, 206014).
cost(12, 16, 692158).
cost(12, 17, 380486).
cost(12, 18, 388932).
cost(12, 19, 370227).
cost(12, 20, 485012).
cost(12, 21, 302801).
cost(12, 22, 399149).
cost(12, 23, 361500).
cost(12, 24, 643665).
cost(12, 25, 632028).
cost(12, 26, 339046).
cost(12, 27, 350075).
cost(13, 1, 350443).
cost(13, 2, 528009).
cost(13, 3, 384482).
cost(13, 4, 280964).
cost(13, 5, 108899).
cost(13, 6, 90160).
cost(13, 7, 352520).
cost(13, 8, 191278).
cost(13, 9, 184440).
cost(13, 10, 189128).
cost(13, 11, 545129).
cost(13, 12, 584127).
cost(13, 14, 212917).
cost(13, 15, 380993).
cost(13, 16, 115489).
cost(13, 17, 328799).
cost(13, 18, 228154).
cost(13, 19, 213901).
cost(13, 20, 123023).
cost(13, 21, 338764).
cost(13, 22, 372068).
cost(13, 23, 237676).
cost(13, 24, 309090).
cost(13, 25, 333387).
cost(13, 26, 252760).
cost(13, 27, 441569).
cost(14, 1, 495899).
cost(14, 2, 345170).
cost(14, 3, 171583).
cost(14, 4, 238237).
cost(14, 5, 107689).
cost(14, 6, 209563).
cost(14, 7, 169631).
cost(14, 8, 85725).
cost(14, 9, 361297).
cost(14, 10, 39949).
cost(14, 11, 613331).
cost(14, 12, 408716).
cost(14, 13, 212917).
cost(14, 15, 230777).
cost(14, 16, 328068).
cost(14, 17, 123861).
cost(14, 18, 19787).
cost(14, 19, 103822).
cost(14, 20, 90794).
cost(14, 21, 128059).
cost(14, 22, 362120).
cost(14, 23, 53644).
cost(14, 24, 442111).
cost(14, 25, 270724).
cost(14, 26, 159109).
cost(14, 27, 233260).
cost(15, 1, 513918).
cost(15, 2, 159700).
cost(15, 3, 215733).
cost(15, 4, 166212).
cost(15, 5, 309954).
cost(15, 6, 321467).
cost(15, 7, 81606).
cost(15, 8, 316459).
cost(15, 9, 559915).
cost(15, 10, 269889).
cost(15, 11, 844107).
cost(15, 12, 206014).
cost(15, 13, 380993).
cost(15, 14, 230777).
cost(15, 16, 486876).
cost(15, 17, 257403).
cost(15, 18, 212344).
cost(15, 19, 168324).
cost(15, 20, 291859).
cost(15, 21, 174026).
cost(15, 22, 247552).
cost(15, 23, 177659).
cost(15, 24, 457171).
cost(15, 25, 490098).
cost(15, 26, 133037).
cost(15, 27, 292714).
cost(16, 1, 317348).
cost(16, 2, 638413).
cost(16, 3, 499494).
cost(16, 4, 365813).
cost(16, 5, 222220).
cost(16, 6, 168923).
cost(16, 7, 465109).
cost(16, 8, 297497).
cost(16, 9, 129043).
cost(16, 10, 302287).
cost(16, 11, 529621).
cost(16, 12, 692158).
cost(16, 13, 115489).
cost(16, 14, 328068).
cost(16, 15, 486876).
cost(16, 17, 441394).
cost(16, 18, 343589).
cost(16, 19, 323523).
cost(16, 20, 237612).
cost(16, 21, 454251).
cost(16, 22, 433458).
cost(16, 23, 352634).
cost(16, 24, 292509).
cost(16, 25, 404330).
cost(16, 26, 354967).
cost(16, 27, 554304).
cost(17, 1, 617883).
cost(17, 2, 313342).
cost(17, 3, 78756).
cost(17, 4, 330663).
cost(17, 5, 219926).
cost(17, 6, 333404).
cost(17, 7, 176344).
cost(17, 8, 150915).
cost(17, 9, 452694).
cost(17, 10, 139677).
cost(17, 11, 630980).
cost(17, 12, 380486).
cost(17, 13, 328799).
cost(17, 14, 123861).
cost(17, 15, 257403).
cost(17, 16, 441394).
cost(17, 18, 117631).
cost(17, 19, 206093).
cost(17, 20, 206512).
cost(17, 21, 85053).
cost(17, 22, 452092).
cost(17, 23, 138941).
cost(17, 24, 563264).
cost(17, 25, 251552).
cost(17, 26, 247680).
cost(17, 27, 112914).
cost(18, 1, 500252).
cost(18, 2, 325401).
cost(18, 3, 157544).
cost(18, 4, 229576).
cost(18, 5, 125114).
cost(18, 6, 218380).
cost(18, 7, 149920).
cost(18, 8, 104278).
cost(18, 9, 380111).
cost(18, 10, 59616).
cost(18, 11, 631931).
cost(18, 12, 388932).
cost(18, 13, 228154).
cost(18, 14, 19787).
cost(18, 15, 212344).
cost(18, 16, 343589).
cost(18, 17, 117631).
cost(18, 19, 96213).
cost(18, 20, 107572).
cost(18, 21, 110944).
cost(18, 22, 353567).
cost(18, 23, 37218).
cost(18, 24, 445697).
cost(18, 25, 285066).
cost(18, 26, 148470).
cost(18, 27, 223347).
cost(19, 1, 420802).
cost(19, 2, 314936).
cost(19, 3, 221904).
cost(19, 4, 134419).
cost(19, 5, 145718).
cost(19, 6, 166729).
cost(19, 7, 143686).
cost(19, 8, 178383).
cost(19, 9, 391596).
cost(19, 10, 131096).
cost(19, 11, 693992).
cost(19, 12, 370227).
cost(19, 13, 213901).
cost(19, 14, 103822).
cost(19, 15, 168324).
cost(19, 16, 323523).
cost(19, 17, 206093).
cost(19, 18, 96213).
cost(19, 20, 128785).
cost(19, 21, 164949).
cost(19, 22, 258310).
cost(19, 23, 67156).
cost(19, 24, 364514).
cost(19, 25, 371147).
cost(19, 26, 58001).
cost(19, 27, 299070).
cost(20, 1, 434207).
cost(20, 2, 424334).
cost(20, 3, 261903).
cost(20, 4, 244292).
cost(20, 5, 18593).
cost(20, 6, 139488).
cost(20, 7, 246275).
cost(20, 8, 85308).
cost(20, 9, 275545).
cost(20, 10, 67257).
cost(20, 11, 566788).
cost(20, 12, 485012).
cost(20, 13, 123023).
cost(20, 14, 90794).
cost(20, 15, 291859).
cost(20, 16, 237612).
cost(20, 17, 206512).
cost(20, 18, 107572).
cost(20, 19, 128785).
cost(20, 21, 218414).
cost(20, 22, 360622).
cost(20, 23, 124900).
cost(20, 24, 384142).
cost(20, 25, 270427).
cost(20, 26, 183737).
cost(20, 27, 318985).
cost(21, 1, 585631).
cost(21, 2, 236055).
cost(21, 3, 57567).
cost(21, 4, 269891).
cost(21, 5, 235675).
cost(21, 6, 320226).
cost(21, 7, 92440).
cost(21, 8, 194312).
cost(21, 9, 488113).
cost(21, 10, 162243).
cost(21, 11, 705346).
cost(21, 12, 302801).
cost(21, 13, 338764).
cost(21, 14, 128059).
cost(21, 15, 174026).
cost(21, 16, 454251).
cost(21, 17, 85053).
cost(21, 18, 110944).
cost(21, 19, 164949).
cost(21, 20, 218414).
cost(21, 22, 385761).
cost(21, 23, 106998).
cost(21, 24, 529168).
cost(21, 25, 331965).
cost(21, 26, 190298).
cost(21, 27, 138070).
cost(22, 1, 310599).
cost(22, 2, 382024).
cost(22, 3, 439955).
cost(22, 4, 124009).
cost(22, 5, 371156).
cost(22, 6, 282361).
cost(22, 7, 308669).
cost(22, 8, 430967).
cost(22, 9, 548047).
cost(22, 10, 386274).
cost(22, 11, 913078).
cost(22, 12, 399149).
cost(22, 13, 372068).
cost(22, 14, 362120).
cost(22, 15, 247552).
cost(22, 16, 433458).
cost(22, 17, 452092).
cost(22, 18, 353567).
cost(22, 19, 258310).
cost(22, 20, 360622).
cost(22, 21, 385761).
cost(22, 23, 319984).
cost(22, 24, 261272).
cost(22, 25, 625219).
cost(22, 26, 206142).
cost(22, 27, 521522).
cost(23, 1, 484010).
cost(23, 2, 299811).
cost(23, 3, 161191).
cost(23, 4, 196353).
cost(23, 5, 143440).
cost(23, 6, 213234).
cost(23, 7, 121930).
cost(23, 8, 139247).
cost(23, 9, 400443).
cost(23, 10, 92236).
cost(23, 11, 666588).
cost(23, 12, 361500).
cost(23, 13, 237676).
cost(23, 14, 53644).
cost(23, 15, 177659).
cost(23, 16, 352634).
cost(23, 17, 138941).
cost(23, 18, 37218).
cost(23, 19, 67156).
cost(23, 20, 124900).
cost(23, 21, 106998).
cost(23, 22, 319984).
cost(23, 24, 428345).
cost(23, 25, 322283).
cost(23, 26, 113930).
cost(23, 27, 234980).
cost(24, 1, 57283).
cost(24, 2, 612951).
cost(24, 3, 586362).
cost(24, 4, 290959).
cost(24, 5, 382121).
cost(24, 6, 245541).
cost(24, 7, 485740).
cost(24, 8, 469366).
cost(24, 9, 421222).
cost(24, 10, 442875).
cost(24, 11, 822081).
cost(24, 12, 643665).
cost(24, 13, 309090).
cost(24, 14, 442111).
cost(24, 15, 457171).
cost(24, 16, 292509).
cost(24, 17, 563264).
cost(24, 18, 445697).
cost(24, 19, 364514).
cost(24, 20, 384142).
cost(24, 21, 529168).
cost(24, 22, 261272).
cost(24, 23, 428345).
cost(24, 25, 639323).
cost(24, 26, 347696).
cost(24, 27, 663114).
cost(25, 1, 683312).
cost(25, 2, 564882).
cost(25, 3, 327034).
cost(25, 4, 503452).
cost(25, 5, 265414).
cost(25, 6, 397117).
cost(25, 7, 414914).
cost(25, 8, 194268).
cost(25, 9, 341380).
cost(25, 10, 240159).
cost(25, 11, 384432).
cost(25, 12, 632028).
cost(25, 13, 333387).
cost(25, 14, 270724).
cost(25, 15, 490098).
cost(25, 16, 404330).
cost(25, 17, 251552).
cost(25, 18, 285066).
cost(25, 19, 371147).
cost(25, 20, 270427).
cost(25, 21, 331965).
cost(25, 22, 625219).
cost(25, 23, 322283).
cost(25, 24, 639323).
cost(25, 26, 428472).
cost(25, 27, 315855).
cost(26, 1, 404930).
cost(26, 2, 290320).
cost(26, 3, 247514).
cost(26, 4, 83087).
cost(26, 5, 199592).
cost(26, 6, 188498).
cost(26, 7, 138505).
cost(26, 8, 236276).
cost(26, 9, 435393).
cost(26, 10, 188748).
cost(26, 11, 750330).
cost(26, 12, 339046).
cost(26, 13, 252760).
cost(26, 14, 159109).
cost(26, 15, 133037).
cost(26, 16, 354967).
cost(26, 17, 247680).
cost(26, 18, 148470).
cost(26, 19, 58001).
cost(26, 20, 183737).
cost(26, 21, 190298).
cost(26, 22, 206142).
cost(26, 23, 113930).
cost(26, 24, 347696).
cost(26, 25, 428472).
cost(26, 27, 328334).
cost(27, 1, 718948).
cost(27, 2, 286733).
cost(27, 3, 81679).
cost(27, 4, 407696).
cost(27, 5, 332748).
cost(27, 6, 441712).
cost(27, 7, 216020).
cost(27, 8, 261671).
cost(27, 9, 561619).
cost(27, 10, 252456).
cost(27, 11, 699812).
cost(27, 12, 350075).
cost(27, 13, 441569).
cost(27, 14, 233260).
cost(27, 15, 292714).
cost(27, 16, 554304).
cost(27, 17, 112914).
cost(27, 18, 223347).
cost(27, 19, 299070).
cost(27, 20, 318985).
cost(27, 21, 138070).
cost(27, 22, 521522).
cost(27, 23, 234980).
cost(27, 24, 663114).
cost(27, 25, 315855).
cost(27, 26, 328334).
