dimension(27).
point(1, -117255.0, -362262.0).
point(2, -13084.0, -31618.0).
point(3, -82396.0, 235659.0).
point(4, 193693.0, -123226.0).
point(5, -62861.0, -165596.0).
point(6, -19656.0, -164306.0).
point(7, -60862.0, 145311.0).
point(8, -6122.0, 61484.0).
point(9, 29239.0, 188624.0).
point(10, -319033.0, -49558.0).
point(11, -254523.0, 44567.0).
point(12, 454440.0, -191298.0).
point(13, -266208.0, 29128.0).
point(14, 77504.0, -110262.0).
point(15, -95477.0, -161807.0).
point(16, -208976.0, -147495.0).
point(17, -104609.0, -113958.0).
point(18, 214531.0, -108213.0).
point(19, 95614.0, 261300.0).
point(20, 8534.0, 40440.0).
point(21, 39290.0, -65709.0).
point(22, 143857.0, 30735.0).
point(23, -65710.0, 51279.0).
point(24, -50249.0, 9636.0).
point(25, 177270.0, 152357.0).
point(26, 299060.0, 218848.0).
point(27, 90108.0, -104634.0).
cost(1, 2, 346666).
cost(1, 3, 598936).
cost(1, 4, 392208).
cost(1, 5, 204050).
cost(1, 6, 220708).
cost(1, 7, 510696).
cost(1, 8, 438077).
cost(1, 9, 570031).
cost(1, 10, 372153).
cost(1, 11, 429363).
cost(1, 12, 596711).
cost(1, 13, 418776).
cost(1, 14, 318489).
cost(1, 15, 201635).
cost(1, 16, 233533).
cost(1, 17, 248626).
cost(1, 18, 417879).
cost(1, 19, 658895).
cost(1, 20, 421891).
cost(1, 21, 335336).
cost(1, 22, 471833).
cost(1, 23, 416741).
cost(1, 24, 377886).
cost(1, 25, 592940).
cost(1, 26, 714848).
cost(1, 27, 330714).
cost(2, 1, 346666).
cost(2, 3, 276118).
cost(2, 4, 226161).
cost(2, 5, 142926).
cost(2, 6, 132851).
cost(2, 7, 183266).
cost(2, 8, 93362).
cost(2, 9, 224272).
cost(2, 10, 306475).
cost(2, 11, 253174).
cost(2, 12, 494041).
cost(2, 13, 260311).
cost(2, 14, 119963).
cost(2, 15, 154071).
cost(2, 16, 227599).
cost(2, 17, 123113).
cost(2, 18, 240157).
cost(2, 19, 312436).
cost(2, 20, 75231).
cost(2, 21, 62492).
cost(2, 22, 168874).
cost(2, 23, 98191).
cost(2, 24, 55526).
cost(2, 25, 264729).
cost(2, 26, 400209).
cost(2, 27, 126412).
cost(3, 1, 598936).
cost(3, 2, 276118).
cost(3, 4, 452795).
cost(3, 5, 401730).
cost(3, 6, 404856).
cost(3, 7, 92879).
cost(3, 8, 190144).
cost(3, 9, 121139).
cost(3, 10, 370602).
cost(3, 11, 257184).
cost(3, 12, 685919).
cost(3, 13, 276481).
cost(3, 14, 381090).
cost(3, 15, 397681).
cost(3, 16, 403521).
cost(3, 17, 350322).
cost(3, 18, 454328).
cost(3, 19, 179847).
cost(3, 20, 215357).
cost(3, 21, 325008).
cost(3, 22, 305261).
cost(3, 23, 185133).
cost(3, 24, 228298).
cost(3, 25, 272701).
cost(3, 26, 381826).
cost(3, 27, 381519).
cost(4, 1, 392208).
cost(4, 2, 226161).
cost(4, 3, 452795).
cost(4, 5, 260029).
cost(4, 6, 217268).
cost(4, 7, 370014).
cost(4, 8, 272110).
cost(4, 9, 352556).
cost(4, 10, 517991).
cost(4, 11, 478594).
cost(4, 12, 269486).
cost(4, 13, 484480).
cost(4, 14, 116910).
cost(4, 15, 291732).
cost(4, 16, 403400).
cost(4, 17, 298446).
cost(4, 18, 25683).
cost(4, 19, 396837).
cost(4, 20, 247124).
cost(4, 21, 164768).
cost(4, 22, 161826).
cost(4, 23, 312637).
cost(4, 24, 277777).
cost(4, 25, 276072).
cost(4, 26, 357934).
cost(4, 27, 105240).
cost(5, 1, 204050).
cost(5, 2, 142926).
cost(5, 3, 401730).
cost(5, 4, 260029).
cost(5, 6, 43224).
cost(5, 7, 310913).
cost(5, 8, 234061).
cost(5, 9, 365998).
cost(5, 10, 281228).
cost(5, 11, 284434).
cost(5, 12, 517939).
cost(5, 13, 281545).
cost(5, 14, 150878).
cost(5, 15, 32835).
cost(5, 16, 147232).
cost(5, 17, 66403).
cost(5, 18, 283265).
cost(5, 19, 455362).
cost(5, 20, 218055).
cost(5, 21, 142871).
cost(5, 22, 285093).
cost(5, 23, 216894).
cost(5, 24, 175685).
cost(5, 25, 398443).
cost(5, 26, 528000).
cost(5, 27, 164669).
cost(6, 1, 220708).
cost(6, 2, 132851).
cost(6, 3, 404856).
cost(6, 4, 217268).
cost(6, 5, 43224).
cost(6, 7, 312347).
cost(6, 8, 226195).
cost(6, 9, 356301).
cost(6, 10, 320615).
cost(6, 11, 314309).
cost(6, 12, 474864).
cost(6, 13, 313376).
cost(6, 14, 111179).
cost(6, 15, 75862).
cost(6, 16, 190065).
cost(6, 17, 98752).
cost(6, 18, 240811).
cost(6, 19, 440939).
cost(6, 20, 206678).
cost(6, 21, 114874).
cost(6, 22, 254514).
cost(6, 23, 220449).
cost(6, 24, 176612).
cost(6, 25, 372901).
cost(6, 26, 498384).
cost(6, 27, 124936).
cost(7, 1, 510696).
cost(7, 2, 183266).
cost(7, 3, 92879).
cost(7, 4, 370014).
cost(7, 5, 310913).
cost(7, 6, 312347).
cost(7, 8, 100117).
cost(7, 9, 99971).
cost(7, 10, 323460).
cost(7, 11, 218298).
cost(7, 12, 615501).
cost(7, 13, 235935).
cost(7, 14, 290625).
cost(7, 15, 309063).
cost(7, 16, 328136).
cost(7, 17, 262934).
cost(7, 18, 374320).
cost(7, 19, 194777).
cost(7, 20, 125753).
cost(7, 21, 233581).
cost(7, 22, 234601).
cost(7, 23, 94157).
cost(7, 24, 136089).
cost(7, 25, 238236).
cost(7, 26, 367358).
cost(7, 27, 292001).
cost(8, 1, 438077).
cost(8, 2, 93362).
cost(8, 3, 190144).
cost(8, 4, 272110).
cost(8, 5, 234061).
cost(8, 6, 226195).
cost(8, 7, 100117).
cost(8, 9, 131966).
cost(8, 10, 332030).
cost(8, 11, 248976).
cost(8, 12, 525372).
cost(8, 13, 262091).
cost(8, 14, 191024).
cost(8, 15, 240506).
cost(8, 16, 291242).
cost(8, 17, 201195).
cost(8, 18, 278361).
cost(8, 19, 224225).
cost(8, 20, 25645).
cost(8, 21, 135057).
cost(8, 22, 153099).
cost(8, 23, 60456).
cost(8, 24, 68084).
cost(8, 25, 204672).
cost(8, 26, 343365).
cost(8, 27, 191978).
cost(9, 1, 570031).
cost(9, 2, 224272).
cost(9, 3, 121139).
cost(9, 4, 352556).
cost(9, 5, 365998).
cost(9, 6, 356301).
cost(9, 7, 99971).
cost(9, 8, 131966).
cost(9, 10, 421929).
cost(9, 11, 318235).
cost(9, 12, 570208).
cost(9, 13, 335750).
cost(9, 14, 302758).
cost(9, 15, 371962).
cost(9, 16, 411974).
cost(9, 17, 330864).
cost(9, 18, 349922).
cost(9, 19, 98425).
cost(9, 20, 149624).
cost(9, 21, 254532).
cost(9, 22, 195106).
cost(9, 23, 166970).
cost(9, 24, 195844).
cost(9, 25, 152409).
cost(9, 26, 271508).
cost(9, 27, 299508).
cost(10, 1, 372153).
cost(10, 2, 306475).
cost(10, 3, 370602).
cost(10, 4, 517991).
cost(10, 5, 281228).
cost(10, 6, 320615).
cost(10, 7, 323460).
cost(10, 8, 332030).
cost(10, 9, 421929).
cost(10, 11, 114110).
cost(10, 12, 786353).
cost(10, 13, 94773).
cost(10, 14, 401157).
cost(10, 15, 250154).
cost(10, 16, 147323).
cost(10, 17, 223886).
cost(10, 18, 536778).
cost(10, 19, 518232).
cost(10, 20, 339705).
cost(10, 21, 358687).
cost(10, 22, 469802).
cost(10, 23, 272655).
cost(10, 24, 275225).
cost(10, 25, 535804).
cost(10, 26, 673855).
cost(10, 27, 412831).
cost(11, 1, 429363).
cost(11, 2, 253174).
cost(11, 3, 257184).
cost(11, 4, 478594).
cost(11, 5, 284434).
cost(11, 6, 314309).
cost(11, 7, 218298).
cost(11, 8, 248976).
cost(11, 9, 318235).
cost(11, 10, 114110).
cost(11, 12, 747169).
cost(11, 13, 19362).
cost(11, 14, 366352).
cost(11, 15, 260549).
cost(11, 16, 197389).
cost(11, 17, 218184).
cost(11, 18, 493309).
cost(11, 19, 411788).
cost(11, 20, 263089).
cost(11, 21, 313826).
cost(11, 22, 398620).
cost(11, 23, 188932).
cost(11, 24, 207239).
cost(11, 25, 445044).
cost(11, 26, 580369).
cost(11, 27, 375542).
cost(12, 1, 596711).
cost(12, 2, 494041).
cost(12, 3, 685919).
cost(12, 4, 269486).
cost(12, 5, 517939).
cost(12, 6, 474864).
cost(12, 7, 615501).
cost(12, 8, 525372).
cost(12, 9, 570208).
cost(12, 10, 786353).
cost(12, 11, 747169).
cost(12, 13, 753605).
cost(12, 14, 385548).
cost(12, 15, 550707).
cost(12, 16, 664861).
cost(12, 17, 564373).
cost(12, 18, 253889).
cost(12, 19, 577582).
cost(12, 20, 502528).
cost(12, 21, 433730).
cost(12, 22, 381786).
cost(12, 23, 573933).
cost(12, 24, 543218).
cost(12, 25, 441500).
cost(12, 26, 438592).
cost(12, 27, 374498).
cost(13, 1, 418776).
cost(13, 2, 260311).
cost(13, 3, 276481).
cost(13, 4, 484480).
cost(13, 5, 281545).
cost(13, 6, 313376).
cost(13, 7, 235935).
cost(13, 8, 262091).
cost(13, 9, 335750).
cost(13, 10, 94773).
cost(13, 11, 19362).
cost(13, 12, 753605).
cost(13, 14, 370901).
cost(13, 15, 256135).
cost(13, 16, 185664).
cost(13, 17, 215842).
cost(13, 18, 499973).
cost(13, 19, 429906).
cost(13, 20, 274975).
cost(13, 21, 319880).
cost(13, 22, 410068).
cost(13, 23, 201718).
cost(13, 24, 216837).
cost(13, 25, 460280).
cost(13, 26, 596256).
cost(13, 27, 380596).
cost(14, 1, 318489).
cost(14, 2, 119963).
cost(14, 3, 381090).
cost(14, 4, 116910).
cost(14, 5, 150878).
cost(14, 6, 111179).
cost(14, 7, 290625).
cost(14, 8, 191024).
cost(14, 9, 302758).
cost(14, 10, 401157).
cost(14, 11, 366352).
cost(14, 12, 385548).
cost(14, 13, 370901).
cost(14, 15, 180497).
cost(14, 16, 288889).
cost(14, 17, 182151).
cost(14, 18, 137042).
cost(14, 19, 372003).
cost(14, 20, 165735).
cost(14, 21, 58697).
cost(14, 22, 155830).
cost(14, 23, 215884).
cost(14, 24, 175204).
cost(14, 25, 280931).
cost(14, 26, 396737).
cost(14, 27, 13803).
cost(15, 1, 201635).
cost(15, 2, 154071).
cost(15, 3, 397681).
cost(15, 4, 291732).
cost(15, 5, 32835).
cost(15, 6, 75862).
cost(15, 7, 309063).
cost(15, 8, 240506).
cost(15, 9, 371962).
cost(15, 10, 250154).
cost(15, 11, 260549).
cost(15, 12, 550707).
cost(15, 13, 256135).
cost(15, 14, 180497).
cost(15, 16, 114398).
cost(15, 17, 48713).
cost(15, 18, 314607).
cost(15, 19, 464258).
cost(15, 20, 227425).
cost(15, 21, 165520).
cost(15, 22, 307170).
cost(15, 23, 215155).
cost(15, 24, 177308).
cost(15, 25, 416041).
cost(15, 26, 548231).
cost(15, 27, 194192).
cost(16, 1, 233533).
cost(16, 2, 227599).
cost(16, 3, 403521).
cost(16, 4, 403400).
cost(16, 5, 147232).
cost(16, 6, 190065).
cost(16, 7, 328136).
cost(16, 8, 291242).
cost(16, 9, 411974).
cost(16, 10, 147323).
cost(16, 11, 197389).
cost(16, 12, 664861).
cost(16, 13, 185664).
cost(16, 14, 288889).
cost(16, 15, 114398).
cost(16, 17, 109623).
cost(16, 18, 425325).
cost(16, 19, 509793).
cost(16, 20, 287455).
cost(16, 21, 261390).
cost(16, 22, 395294).
cost(16, 23, 245023).
cost(16, 24, 223348).
cost(16, 25, 488976).
cost(16, 26, 626345).
cost(16, 27, 302140).
cost(17, 1, 248626).
cost(17, 2, 123113).
cost(17, 3, 350322).
cost(17, 4, 298446).
cost(17, 5, 66403).
cost(17, 6, 98752).
cost(17, 7, 262934).
cost(17, 8, 201195).
cost(17, 9, 330864).
cost(17, 10, 223886).
cost(17, 11, 218184).
cost(17, 12, 564373).
cost(17, 13, 215842).
cost(17, 14, 182151).
cost(17, 15, 48713).
cost(17, 16, 109623).
cost(17, 18, 319192).
cost(17, 19, 425333).
cost(17, 20, 191416).
cost(17, 21, 151772).
cost(17, 22, 287526).
cost(17, 23, 169754).
cost(17, 24, 135020).
cost(17, 25, 387788).
cost(17, 26, 523172).
cost(17, 27, 194940).
cost(18, 1, 417879).
cost(18, 2, 240157).
cost(18, 3, 454328).
cost(18, 4, 25683).
cost(18, 5, 283265).
cost(18, 6, 240811).
cost(18, 7, 374320).
cost(18, 8, 278361).
cost(18, 9, 349922).
cost(18, 10, 536778).
cost(18, 11, 493309).
cost(18, 12, 253889).
cost(18, 13, 499973).
cost(18, 14, 137042).
cost(18, 15, 314607).
cost(18, 16, 425325).
cost(18, 17, 319192).
cost(18, 19, 388177).
cost(18, 20, 254032).
cost(18, 21, 180322).
cost(18, 22, 155889).
cost(18, 23, 322448).
cost(18, 24, 289822).
cost(18, 25, 263221).
cost(18, 26, 337808).
cost(18, 27, 124474).
cost(19, 1, 658895).
cost(19, 2, 312436).
cost(19, 3, 179847).
cost(19, 4, 396837).
cost(19, 5, 455362).
cost(19, 6, 440939).
cost(19, 7, 194777).
cost(19, 8, 224225).
cost(19, 9, 98425).
cost(19, 10, 518232).
cost(19, 11, 411788).
cost(19, 12, 577582).
cost(19, 13, 429906).
cost(19, 14, 372003).
cost(19, 15, 464258).
cost(19, 16, 509793).
cost(19, 17, 425333).
cost(19, 18, 388177).
cost(19, 20, 237407).
cost(19, 21, 331824).
cost(19, 22, 235558).
cost(19, 23, 264829).
cost(19, 24, 290879).
cost(19, 25, 136148).
cost(19, 26, 207828).
cost(19, 27, 365975).
cost(20, 1, 421891).
cost(20, 2, 75231).
cost(20, 3, 215357).
cost(20, 4, 247124).
cost(20, 5, 218055).
cost(20, 6, 206678).
cost(20, 7, 125753).
cost(20, 8, 25645).
cost(20, 9, 149624).
cost(20, 10, 339705).
cost(20, 11, 263089).
cost(20, 12, 502528).
cost(20, 13, 274975).
cost(20, 14, 165735).
cost(20, 15, 227425).
cost(20, 16, 287455).
cost(20, 17, 191416).
cost(20, 18, 254032).
cost(20, 19, 237407).
cost(20, 21, 110515).
cost(20, 22, 135671).
cost(20, 23, 75031).
cost(20, 24, 66365).
cost(20, 25, 202478).
cost(20, 26, 340932).
cost(20, 27, 166436).
cost(21, 1, 335336).
cost(21, 2, 62492).
cost(21, 3, 325008).
cost(21, 4, 164768).
cost(21, 5, 142871).
cost(21, 6, 114874).
cost(21, 7, 233581).
cost(21, 8, 135057).
cost(21, 9, 254532).
cost(21, 10, 358687).
cost(21, 11, 313826).
cost(21, 12, 433730).
cost(21, 13, 319880).
cost(21, 14, 58697).
cost(21, 15, 165520).
cost(21, 16, 261390).
cost(21, 17, 151772).
cost(21, 18, 180322).
cost(21, 19, 331824).
cost(21, 20, 110515).
cost(21, 22, 142252).
cost(21, 23, 157198).
cost(21, 24, 117022).
cost(21, 25, 258053).
cost(21, 26, 385296).
cost(21, 27, 64013).
cost(22, 1, 471833).
cost(22, 2, 168874).
cost(22, 3, 305261).
cost(22, 4, 161826).
cost(22, 5, 285093).
cost(22, 6, 254514).
cost(22, 7, 234601).
cost(22, 8, 153099).
cost(22, 9, 195106).
cost(22, 10, 469802).
cost(22, 11, 398620).
cost(22, 12, 381786).
cost(22, 13, 410068).
cost(22, 14, 155830).
cost(22, 15, 307170).
cost(22, 16, 395294).
cost(22, 17, 287526).
cost(22, 18, 155889).
cost(22, 19, 235558).
cost(22, 20, 135671).
cost(22, 21, 142252).
cost(22, 23, 210572).
cost(22, 24, 195249).
cost(22, 25, 126128).
cost(22, 26, 243874).
cost(22, 27, 145649).
cost(23, 1, 416741).
cost(23, 2, 98191).
cost(23, 3, 185133).
cost(23, 4, 312637).
cost(23, 5, 216894).
cost(23, 6, 220449).
cost(23, 7, 94157).
cost(23, 8, 60456).
cost(23, 9, 166970).
cost(23, 10, 272655).
cost(23, 11, 188932).
cost(23, 12, 573933).
cost(23, 13, 201718).
cost(23, 14, 215884).
cost(23, 15, 215155).
cost(23, 16, 245023).
cost(23, 17, 169754).
cost(23, 18, 322448).
cost(23, 19, 264829).
cost(23, 20, 75031).
cost(23, 21, 157198).
cost(23, 22, 210572).
cost(23, 24, 44421).
cost(23, 25, 263165).
cost(23, 26, 401418).
cost(23, 27, 220427).
cost(24, 1, 377886).
cost(24, 2, 55526).
cost(24, 3, 228298).
cost(24, 4, 277777).
cost(24, 5, 175685).
cost(24, 6, 176612).
cost(24, 7, 136089).
cost(24, 8, 68084).
cost(24, 9, 195844).
cost(24, 10, 275225).
cost(24, 11, 207239).
cost(24, 12, 543218).
cost(24, 13, 216837).
cost(24, 14, 175204).
cost(24, 15, 177308).
cost(24, 16, 223348).
cost(24, 17, 135020).
cost(24, 18, 289822).
cost(24, 19, 290879).
cost(24, 20, 66365).
cost(24, 21, 117022).
cost(24, 22, 195249).
cost(24, 23, 44421).
cost(24, 25, 268578).
cost(24, 26, 407169).
cost(24, 27, 180991).
cost(25, 1, 592940).
cost(25, 2, 264729).
cost(25, 3, 272701).
cost(25, 4, 276072).
cost(25, 5, 398443).
cost(25, 6, 372901).
cost(25, 7, 238236).
cost(25, 8, 204672).
cost(25, 9, 152409).
cost(25, 10, 535804).
cost(25, 11, 445044).
cost(25, 12, 441500).
cost(25, 13, 460280).
cost(25, 14, 280931).
cost(25, 15, 416041).
cost(25, 16, 488976).
cost(25, 17, 387788).
cost(25, 18, 263221).
cost(25, 19, 136148).
cost(25, 20, 202478).
cost(25, 21, 258053).
cost(25, 22, 126128).
cost(25, 23, 263165).
cost(25, 24, 268578).
cost(25, 26, 138758).
cost(25, 27, 271370).
cost(26, 1, 714848).
cost(26, 2, 400209).
cost(26, 3, 381826).
cost(26, 4, 357934).
cost(26, 5, 528000).
cost(26, 6, 498384).
cost(26, 7, 367358).
cost(26, 8, 343365).
cost(26, 9, 271508).
cost(26, 10, 673855).
cost(26, 11, 580369).
cost(26, 12, 438592).
cost(26, 13, 596256).
cost(26, 14, 396737).
cost(26, 15, 548231).
cost(26, 16, 626345).
cost(26, 17, 523172).
cost(26, 18, 337808).
cost(26, 19, 207828).
cost(26, 20, 340932).
cost(26, 21, 385296).
cost(26, 22, 243874).
cost(26, 23, 401418).
cost(26, 24, 407169).
cost(26, 25, 138758).
cost(26, 27, 385099).
cost(27, 1, 330714).
cost(27, 2, 126412).
cost(27, 3, 381519).
cost(27, 4, 105240).
cost(27, 5, 164669).
cost(27, 6, 124936).
cost(27, 7, 292001).
cost(27, 8, 191978).
cost(27, 9, 299508).
cost(27, 10, 412831).
cost(27, 11, 375542).
cost(27, 12, 374498).
cost(27, 13, 380596).
cost(27, 14, 13803).
cost(27, 15, 194192).
cost(27, 16, 302140).
cost(27, 17, 194940).
cost(27, 18, 124474).
cost(27, 19, 365975).
cost(27, 20, 166436).
cost(27, 21, 64013).
cost(27, 22, 145649).
cost(27, 23, 220427).
cost(27, 24, 180991).
cost(27, 25, 271370).
cost(27, 26, 385099).
