dimension(27).
point(1, -7123.0, 371521.0).
point(2, 16609.0, -66110.0).
point(3, -45944.0, 221031.0).
point(4, 117716.0, 192943.0).
point(5, -55987.0, 111559.0).
point(6, -16181.0, -92752.0).
point(7, -244985.0, 112004.0).
point(8, -34809.0, 211242.0).
point(9, 68251.0, 121024.0).
point(10, -14952.0, 100987.0).
point(11, -177811.0, -253613.0).
point(12, -253168.0, -258169.0).
point(13, 38447.0, -48934.0).
point(14, 46044.0, -210567.0).
point(15, -110945.0, 110357.0).
point(16, 197568.0, -117330.0).
point(17, 254809.0, 153335.0).
point(18, 193944.0, -166322.0).
point(19, 66871.0, 241720.0).
point(20, -251641.0, 206402.0).
point(21, 45763.0, 296853.0).
point(22, -2687.0, 447697.0).
point(23, -132950.0, -158736.0).
point(24, -7467.0, 363813.0).
point(25, 14338.0, 78027.0).
point(26, -17085.0, -294678.0).
point(27, 71649.0, 266311.0).
cost(1, 2, 438274).
cost(1, 3, 155417).
cost(1, 4, 217887).
cost(1, 5, 264515).
cost(1, 6, 464361).
cost(1, 7, 352033).
cost(1, 8, 162653).
cost(1, 9, 261591).
cost(1, 10, 270647).
cost(1, 11, 648018).
cost(1, 12, 676053).
cost(1, 13, 422917).
cost(1, 14, 584511).
cost(1, 15, 281044).
cost(1, 16, 529975).
cost(1, 17, 340901).
cost(1, 18, 574198).
cost(1, 19, 149410).
cost(1, 20, 295048).
cost(1, 21, 91500).
cost(1, 22, 76305).
cost(1, 23, 544982).
cost(1, 24, 7716).
cost(1, 25, 294278).
cost(1, 26, 666273).
cost(1, 27, 131431).
cost(2, 1, 438274).
cost(2, 3, 293876).
cost(2, 4, 278085).
cost(2, 5, 191928).
cost(2, 6, 42249).
cost(2, 7, 316474).
cost(2, 8, 282078).
cost(2, 9, 194129).
cost(2, 10, 170051).
cost(2, 11, 270105).
cost(2, 12, 331159).
cost(2, 13, 27783).
cost(2, 14, 147425).
cost(2, 15, 217740).
cost(2, 16, 188068).
cost(2, 17, 323876).
cost(2, 18, 203691).
cost(2, 19, 311906).
cost(2, 20, 382388).
cost(2, 21, 364132).
cost(2, 22, 514169).
cost(2, 23, 175919).
cost(2, 24, 430597).
cost(2, 25, 144155).
cost(2, 26, 231038).
cost(2, 27, 336947).
cost(3, 1, 155417).
cost(3, 2, 293876).
cost(3, 4, 166053).
cost(3, 5, 109932).
cost(3, 6, 315191).
cost(3, 7, 226945).
cost(3, 8, 14826).
cost(3, 9, 151796).
cost(3, 10, 123980).
cost(3, 11, 492621).
cost(3, 12, 522087).
cost(3, 13, 282848).
cost(3, 14, 441292).
cost(3, 15, 128351).
cost(3, 16, 416877).
cost(3, 17, 308278).
cost(3, 18, 455619).
cost(3, 19, 114696).
cost(3, 20, 206217).
cost(3, 21, 118992).
cost(3, 22, 230757).
cost(3, 23, 389606).
cost(3, 24, 147876).
cost(3, 25, 155190).
cost(3, 26, 516516).
cost(3, 27, 126009).
cost(4, 1, 217887).
cost(4, 2, 278085).
cost(4, 3, 166053).
cost(4, 5, 191823).
cost(4, 6, 315516).
cost(4, 7, 371622).
cost(4, 8, 153619).
cost(4, 9, 87288).
cost(4, 10, 161421).
cost(4, 11, 535489).
cost(4, 12, 584001).
cost(4, 13, 254535).
cost(4, 14, 409826).
cost(4, 15, 243118).
cost(4, 16, 320384).
cost(4, 17, 142700).
cost(4, 18, 367263).
cost(4, 19, 70459).
cost(4, 20, 369602).
cost(4, 21, 126390).
cost(4, 22, 281774).
cost(4, 23, 431870).
cost(4, 24, 211819).
cost(4, 25, 154573).
cost(4, 26, 505911).
cost(4, 27, 86632).
cost(5, 1, 264515).
cost(5, 2, 191928).
cost(5, 3, 109932).
cost(5, 4, 191823).
cost(5, 6, 208153).
cost(5, 7, 188999).
cost(5, 8, 101908).
cost(5, 9, 124598).
cost(5, 10, 42375).
cost(5, 11, 384957).
cost(5, 12, 419022).
cost(5, 13, 186214).
cost(5, 14, 337899).
cost(5, 15, 54971).
cost(5, 16, 341585).
cost(5, 17, 313591).
cost(5, 18, 373742).
cost(5, 19, 178986).
cost(5, 20, 217430).
cost(5, 21, 211393).
cost(5, 22, 340338).
cost(5, 23, 281039).
cost(5, 24, 256878).
cost(5, 25, 77910).
cost(5, 26, 408095).
cost(5, 27, 200597).
cost(6, 1, 464361).
cost(6, 2, 42249).
cost(6, 3, 315191).
cost(6, 4, 315516).
cost(6, 5, 208153).
cost(6, 7, 307044).
cost(6, 8, 304564).
cost(6, 9, 229845).
cost(6, 10, 193743).
cost(6, 11, 228036).
cost(6, 12, 289008).
cost(6, 13, 70030).
cost(6, 14, 133238).
cost(6, 15, 224128).
cost(6, 16, 215157).
cost(6, 17, 366052).
cost(6, 18, 222632).
cost(6, 19, 344629).
cost(6, 20, 380703).
cost(6, 21, 394499).
cost(6, 22, 540617).
cost(6, 23, 134123).
cost(6, 24, 456648).
cost(6, 25, 173485).
cost(6, 26, 201928).
cost(6, 27, 369649).
cost(7, 1, 352033).
cost(7, 2, 316474).
cost(7, 3, 226945).
cost(7, 4, 371622).
cost(7, 5, 188999).
cost(7, 6, 307044).
cost(7, 8, 232427).
cost(7, 9, 313366).
cost(7, 10, 230297).
cost(7, 11, 371737).
cost(7, 12, 370263).
cost(7, 13, 325937).
cost(7, 14, 434454).
cost(7, 15, 134050).
cost(7, 16, 498445).
cost(7, 17, 501500).
cost(7, 18, 519735).
cost(7, 19, 337758).
cost(7, 20, 94632).
cost(7, 21, 344534).
cost(7, 22, 414003).
cost(7, 23, 293005).
cost(7, 24, 346154).
cost(7, 25, 261539).
cost(7, 26, 466185).
cost(7, 27, 352233).
cost(8, 1, 162653).
cost(8, 2, 282078).
cost(8, 3, 14826).
cost(8, 4, 153619).
cost(8, 5, 101908).
cost(8, 6, 304564).
cost(8, 7, 232427).
cost(8, 9, 136970).
cost(8, 10, 112029).
cost(8, 11, 486354).
cost(8, 12, 517714).
cost(8, 13, 270292).
cost(8, 14, 429488).
cost(8, 15, 126390).
cost(8, 16, 402441).
cost(8, 17, 295350).
cost(8, 18, 441455).
cost(8, 19, 106150).
cost(8, 20, 216886).
cost(8, 21, 117563).
cost(8, 22, 238627).
cost(8, 23, 382773).
cost(8, 24, 155002).
cost(8, 25, 141992).
cost(8, 26, 506230).
cost(8, 27, 119858).
cost(9, 1, 261591).
cost(9, 2, 194129).
cost(9, 3, 151796).
cost(9, 4, 87288).
cost(9, 5, 124598).
cost(9, 6, 229845).
cost(9, 7, 313366).
cost(9, 8, 136970).
cost(9, 10, 85582).
cost(9, 11, 448218).
cost(9, 12, 497089).
cost(9, 13, 172551).
cost(9, 14, 332334).
cost(9, 15, 179513).
cost(9, 16, 271174).
cost(9, 17, 189335).
cost(9, 18, 313634).
cost(9, 19, 120704).
cost(9, 20, 331090).
cost(9, 21, 177261).
cost(9, 22, 334286).
cost(9, 23, 344598).
cost(9, 24, 254322).
cost(9, 25, 68959).
cost(9, 26, 424371).
cost(9, 27, 145327).
cost(10, 1, 270647).
cost(10, 2, 170051).
cost(10, 3, 123980).
cost(10, 4, 161421).
cost(10, 5, 42375).
cost(10, 6, 193743).
cost(10, 7, 230297).
cost(10, 8, 112029).
cost(10, 9, 85582).
cost(10, 11, 390210).
cost(10, 12, 430976).
cost(10, 13, 159147).
cost(10, 14, 317469).
cost(10, 15, 96449).
cost(10, 16, 304675).
cost(10, 17, 274793).
cost(10, 18, 339252).
cost(10, 19, 162791).
cost(10, 20, 259102).
cost(10, 21, 205060).
cost(10, 22, 346927).
cost(10, 23, 285271).
cost(10, 24, 262933).
cost(10, 25, 37216).
cost(10, 26, 395671).
cost(10, 27, 186633).
cost(11, 1, 648018).
cost(11, 2, 270105).
cost(11, 3, 492621).
cost(11, 4, 535489).
cost(11, 5, 384957).
cost(11, 6, 228036).
cost(11, 7, 371737).
cost(11, 8, 486354).
cost(11, 9, 448218).
cost(11, 10, 390210).
cost(11, 12, 75495).
cost(11, 13, 297760).
cost(11, 14, 227956).
cost(11, 15, 370061).
cost(11, 16, 399353).
cost(11, 17, 593942).
cost(11, 18, 381866).
cost(11, 19, 552471).
cost(11, 20, 465902).
cost(11, 21, 594136).
cost(11, 22, 722844).
cost(11, 23, 104948).
cost(11, 24, 640494).
cost(11, 25, 383284).
cost(11, 26, 165889).
cost(11, 27, 576673).
cost(12, 1, 676053).
cost(12, 2, 331159).
cost(12, 3, 522087).
cost(12, 4, 584001).
cost(12, 5, 419022).
cost(12, 6, 289008).
cost(12, 7, 370263).
cost(12, 8, 517714).
cost(12, 9, 497089).
cost(12, 10, 430976).
cost(12, 11, 75495).
cost(12, 13, 358913).
cost(12, 14, 302975).
cost(12, 15, 395017).
cost(12, 16, 472227).
cost(12, 17, 653740).
cost(12, 18, 456448).
cost(12, 19, 593560).
cost(12, 20, 464574).
cost(12, 21, 630404).
cost(12, 22, 748991).
cost(12, 23, 156011).
cost(12, 24, 668753).
cost(12, 25, 429636).
cost(12, 26, 238889).
cost(12, 27, 616916).
cost(13, 1, 422917).
cost(13, 2, 27783).
cost(13, 3, 282848).
cost(13, 4, 254535).
cost(13, 5, 186214).
cost(13, 6, 70030).
cost(13, 7, 325937).
cost(13, 8, 270292).
cost(13, 9, 172551).
cost(13, 10, 159147).
cost(13, 11, 297760).
cost(13, 12, 358913).
cost(13, 14, 161811).
cost(13, 15, 218384).
cost(13, 16, 173198).
cost(13, 17, 296185).
cost(13, 18, 194831).
cost(13, 19, 292041).
cost(13, 20, 386455).
cost(13, 21, 345864).
cost(13, 22, 498332).
cost(13, 23, 203552).
cost(13, 24, 415293).
cost(13, 25, 129230).
cost(13, 26, 251940).
cost(13, 27, 316989).
cost(14, 1, 584511).
cost(14, 2, 147425).
cost(14, 3, 441292).
cost(14, 4, 409826).
cost(14, 5, 337899).
cost(14, 6, 133238).
cost(14, 7, 434454).
cost(14, 8, 429488).
cost(14, 9, 332334).
cost(14, 10, 317469).
cost(14, 11, 227956).
cost(14, 12, 302975).
cost(14, 13, 161811).
cost(14, 15, 357264).
cost(14, 16, 177912).
cost(14, 17, 419532).
cost(14, 18, 154376).
cost(14, 19, 452766).
cost(14, 20, 512328).
cost(14, 21, 507420).
cost(14, 22, 660065).
cost(14, 23, 186347).
cost(14, 24, 576867).
cost(14, 25, 290330).
cost(14, 26, 105166).
cost(14, 27, 477565).
cost(15, 1, 281044).
cost(15, 2, 217740).
cost(15, 3, 128351).
cost(15, 4, 243118).
cost(15, 5, 54971).
cost(15, 6, 224128).
cost(15, 7, 134050).
cost(15, 8, 126390).
cost(15, 9, 179513).
cost(15, 10, 96449).
cost(15, 11, 370061).
cost(15, 12, 395017).
cost(15, 13, 218384).
cost(15, 14, 357264).
cost(15, 16, 383434).
cost(15, 17, 368270).
cost(15, 18, 411714).
cost(15, 19, 221076).
cost(15, 20, 170353).
cost(15, 21, 243594).
cost(15, 22, 354285).
cost(15, 23, 269991).
cost(15, 24, 273766).
cost(15, 25, 129387).
cost(15, 26, 415768).
cost(15, 27, 240130).
cost(16, 1, 529975).
cost(16, 2, 188068).
cost(16, 3, 416877).
cost(16, 4, 320384).
cost(16, 5, 341585).
cost(16, 6, 215157).
cost(16, 7, 498445).
cost(16, 8, 402441).
cost(16, 9, 271174).
cost(16, 10, 304675).
cost(16, 11, 399353).
cost(16, 12, 472227).
cost(16, 13, 173198).
cost(16, 14, 177912).
cost(16, 15, 383434).
cost(16, 17, 276652).
cost(16, 18, 49126).
cost(16, 19, 382098).
cost(16, 20, 553707).
cost(16, 21, 441126).
cost(16, 22, 599464).
cost(16, 23, 333101).
cost(16, 24, 523009).
cost(16, 25, 267839).
cost(16, 26, 278439).
cost(16, 27, 403777).
cost(17, 1, 340901).
cost(17, 2, 323876).
cost(17, 3, 308278).
cost(17, 4, 142700).
cost(17, 5, 313591).
cost(17, 6, 366052).
cost(17, 7, 501500).
cost(17, 8, 295350).
cost(17, 9, 189335).
cost(17, 10, 274793).
cost(17, 11, 593942).
cost(17, 12, 653740).
cost(17, 13, 296185).
cost(17, 14, 419532).
cost(17, 15, 368270).
cost(17, 16, 276652).
cost(17, 18, 325400).
cost(17, 19, 207684).
cost(17, 20, 509223).
cost(17, 21, 253570).
cost(17, 22, 391092).
cost(17, 23, 497740).
cost(17, 24, 336288).
cost(17, 25, 251987).
cost(17, 26, 524063).
cost(17, 27, 215200).
cost(18, 1, 574198).
cost(18, 2, 203691).
cost(18, 3, 455619).
cost(18, 4, 367263).
cost(18, 5, 373742).
cost(18, 6, 222632).
cost(18, 7, 519735).
cost(18, 8, 441455).
cost(18, 9, 313634).
cost(18, 10, 339252).
cost(18, 11, 381866).
cost(18, 12, 456448).
cost(18, 13, 194831).
cost(18, 14, 154376).
cost(18, 15, 411714).
cost(18, 16, 49126).
cost(18, 17, 325400).
cost(18, 19, 427371).
cost(18, 20, 580921).
cost(18, 21, 486301).
cost(18, 22, 644735).
cost(18, 23, 326982).
cost(18, 24, 567106).
cost(18, 25, 303257).
cost(18, 26, 246999).
cost(18, 27, 449586).
cost(19, 1, 149410).
cost(19, 2, 311906).
cost(19, 3, 114696).
cost(19, 4, 70459).
cost(19, 5, 178986).
cost(19, 6, 344629).
cost(19, 7, 337758).
cost(19, 8, 106150).
cost(19, 9, 120704).
cost(19, 10, 162791).
cost(19, 11, 552471).
cost(19, 12, 593560).
cost(19, 13, 292041).
cost(19, 14, 452766).
cost(19, 15, 221076).
cost(19, 16, 382098).
cost(19, 17, 207684).
cost(19, 18, 427371).
cost(19, 20, 320464).
cost(19, 21, 59036).
cost(19, 22, 217405).
cost(19, 23, 447542).
cost(19, 24, 142943).
cost(19, 25, 171916).
cost(19, 26, 542929).
cost(19, 27, 25051).
cost(20, 1, 295048).
cost(20, 2, 382388).
cost(20, 3, 206217).
cost(20, 4, 369602).
cost(20, 5, 217430).
cost(20, 6, 380703).
cost(20, 7, 94632).
cost(20, 8, 216886).
cost(20, 9, 331090).
cost(20, 10, 259102).
cost(20, 11, 465902).
cost(20, 12, 464574).
cost(20, 13, 386455).
cost(20, 14, 512328).
cost(20, 15, 170353).
cost(20, 16, 553707).
cost(20, 17, 509223).
cost(20, 18, 580921).
cost(20, 19, 320464).
cost(20, 21, 310855).
cost(20, 22, 346701).
cost(20, 23, 383944).
cost(20, 24, 290515).
cost(20, 25, 295339).
cost(20, 26, 553261).
cost(20, 27, 328794).
cost(21, 1, 91500).
cost(21, 2, 364132).
cost(21, 3, 118992).
cost(21, 4, 126390).
cost(21, 5, 211393).
cost(21, 6, 394499).
cost(21, 7, 344534).
cost(21, 8, 117563).
cost(21, 9, 177261).
cost(21, 10, 205060).
cost(21, 11, 594136).
cost(21, 12, 630404).
cost(21, 13, 345864).
cost(21, 14, 507420).
cost(21, 15, 243594).
cost(21, 16, 441126).
cost(21, 17, 253570).
cost(21, 18, 486301).
cost(21, 19, 59036).
cost(21, 20, 310855).
cost(21, 22, 158434).
cost(21, 23, 489387).
cost(21, 24, 85540).
cost(21, 25, 221071).
cost(21, 26, 594860).
cost(21, 27, 40036).
cost(22, 1, 76305).
cost(22, 2, 514169).
cost(22, 3, 230757).
cost(22, 4, 281774).
cost(22, 5, 340338).
cost(22, 6, 540617).
cost(22, 7, 414003).
cost(22, 8, 238627).
cost(22, 9, 334286).
cost(22, 10, 346927).
cost(22, 11, 722844).
cost(22, 12, 748991).
cost(22, 13, 498332).
cost(22, 14, 660065).
cost(22, 15, 354285).
cost(22, 16, 599464).
cost(22, 17, 391092).
cost(22, 18, 644735).
cost(22, 19, 217405).
cost(22, 20, 346701).
cost(22, 21, 158434).
cost(22, 23, 620266).
cost(22, 24, 84020).
cost(22, 25, 370062).
cost(22, 26, 742515).
cost(22, 27, 196027).
cost(23, 1, 544982).
cost(23, 2, 175919).
cost(23, 3, 389606).
cost(23, 4, 431870).
cost(23, 5, 281039).
cost(23, 6, 134123).
cost(23, 7, 293005).
cost(23, 8, 382773).
cost(23, 9, 344598).
cost(23, 10, 285271).
cost(23, 11, 104948).
cost(23, 12, 156011).
cost(23, 13, 203552).
cost(23, 14, 186347).
cost(23, 15, 269991).
cost(23, 16, 333101).
cost(23, 17, 497740).
cost(23, 18, 326982).
cost(23, 19, 447542).
cost(23, 20, 383944).
cost(23, 21, 489387).
cost(23, 22, 620266).
cost(23, 24, 537404).
cost(23, 25, 278838).
cost(23, 26, 178619).
cost(23, 27, 471726).
cost(24, 1, 7716).
cost(24, 2, 430597).
cost(24, 3, 147876).
cost(24, 4, 211819).
cost(24, 5, 256878).
cost(24, 6, 456648).
cost(24, 7, 346154).
cost(24, 8, 155002).
cost(24, 9, 254322).
cost(24, 10, 262933).
cost(24, 11, 640494).
cost(24, 12, 668753).
cost(24, 13, 415293).
cost(24, 14, 576867).
cost(24, 15, 273766).
cost(24, 16, 523009).
cost(24, 17, 336288).
cost(24, 18, 567106).
cost(24, 19, 142943).
cost(24, 20, 290515).
cost(24, 21, 85540).
cost(24, 22, 84020).
cost(24, 23, 537404).
cost(24, 25, 286617).
cost(24, 26, 658561).
cost(24, 27, 125563).
cost(25, 1, 294278).
cost(25, 2, 144155).
cost(25, 3, 155190).
cost(25, 4, 154573).
cost(25, 5, 77910).
cost(25, 6, 173485).
cost(25, 7, 261539).
cost(25, 8, 141992).
cost(25, 9, 68959).
cost(25, 10, 37216).
cost(25, 11, 383284).
cost(25, 12, 429636).
cost(25, 13, 129230).
cost(25, 14, 290330).
cost(25, 15, 129387).
cost(25, 16, 267839).
cost(25, 17, 251987).
cost(25, 18, 303257).
cost(25, 19, 171916).
cost(25, 20, 295339).
cost(25, 21, 221071).
cost(25, 22, 370062).
cost(25, 23, 278838).
cost(25, 24, 286617).
cost(25, 26, 374027).
cost(25, 27, 196813).
cost(26, 1, 666273).
cost(26, 2, 231038).
cost(26, 3, 516516).
cost(26, 4, 505911).
cost(26, 5, 408095).
cost(26, 6, 201928).
cost(26, 7, 466185).
cost(26, 8, 506230).
cost(26, 9, 424371).
cost(26, 10, 395671).
cost(26, 11, 165889).
cost(26, 12, 238889).
cost(26, 13, 251940).
cost(26, 14, 105166).
cost(26, 15, 415768).
cost(26, 16, 278439).
cost(26, 17, 524063).
cost(26, 18, 246999).
cost(26, 19, 542929).
cost(26, 20, 553261).
cost(26, 21, 594860).
cost(26, 22, 742515).
cost(26, 23, 178619).
cost(26, 24, 658561).
cost(26, 25, 374027).
cost(26, 27, 567963).
cost(27, 1, 131431).
cost(27, 2, 336947).
cost(27, 3, 126009).
cost(27, 4, 86632).
cost(27, 5, 200597).
cost(27, 6, 369649).
cost(27, 7, 352233).
cost(27, 8, 119858).
cost(27, 9, 145327).
cost(27, 10, 186633).
cost(27, 11, 576673).
cost(27, 12, 616916).
cost(27, 13, 316989).
cost(27, 14, 477565).
cost(27, 15, 240130).
cost(27, 16, 403777).
cost(27, 17, 215200).
cost(27, 18, 449586).
cost(27, 19, 25051).
cost(27, 20, 328794).
cost(27, 21, 40036).
cost(27, 22, 196027).
cost(27, 23, 471726).
cost(27, 24, 125563).
cost(27, 25, 196813).
cost(27, 26, 567963).
