dimension(27).
point(1, 135901.0, -99971.0).
point(2, 214410.0, -191400.0).
point(3, -180324.0, 325246.0).
point(4, -105903.0, 72291.0).
point(5, -145164.0, -24631.0).
point(6, -386555.0, -102760.0).
point(7, 215619.0, -217769.0).
point(8, -15395.0, 379106.0).
point(9, 48770.0, 204187.0).
point(10, -203671.0, 317237.0).
point(11, -32701.0, 78583.0).
point(12, 257581.0, -317410.0).
point(13, 317424.0, -176341.0).
point(14, -186857.0, -153029.0).
point(15, -5669.0, -6490.0).
point(16, 186444.0, -197727.0).
point(17, 206327.0, -6105.0).
point(18, -151138.0, -153764.0).
point(19, -83454.0, -128458.0).
point(20, 382379.0, -27321.0).
point(21, 231784.0, 26244.0).
point(22, -129135.0, 7918.0).
point(23, -184968.0, -92263.0).
point(24, -40460.0, 51559.0).
point(25, 199407.0, -291370.0).
point(26, 692823.0, 57825.0).
point(27, -158078.0, -414514.0).
cost(1, 2, 120511).
cost(1, 3, 529913).
cost(1, 4, 296889).
cost(1, 5, 290987).
cost(1, 6, 522463).
cost(1, 7, 142237).
cost(1, 8, 502399).
cost(1, 9, 316392).
cost(1, 10, 537933).
cost(1, 11, 245577).
cost(1, 12, 249170).
cost(1, 13, 196934).
cost(1, 14, 327090).
cost(1, 15, 169649).
cost(1, 16, 110049).
cost(1, 17, 117348).
cost(1, 18, 292036).
cost(1, 19, 221197).
cost(1, 20, 256962).
cost(1, 21, 158505).
cost(1, 22, 286154).
cost(1, 23, 320962).
cost(1, 24, 232518).
cost(1, 25, 201660).
cost(1, 26, 578845).
cost(1, 27, 430536).
cost(2, 1, 120511).
cost(2, 3, 650183).
cost(2, 4, 414890).
cost(2, 5, 396365).
cost(2, 6, 607467).
cost(2, 7, 26397).
cost(2, 8, 615051).
cost(2, 9, 428866).
cost(2, 10, 658410).
cost(2, 11, 365998).
cost(2, 12, 133200).
cost(2, 13, 104109).
cost(2, 14, 403097).
cost(2, 15, 287448).
cost(2, 16, 28673).
cost(2, 17, 185471).
cost(2, 18, 367480).
cost(2, 19, 304442).
cost(2, 20, 234810).
cost(2, 21, 218336).
cost(2, 22, 397179).
cost(2, 23, 411498).
cost(2, 24, 352119).
cost(2, 25, 101090).
cost(2, 26, 539437).
cost(2, 27, 434197).
cost(3, 1, 529913).
cost(3, 2, 650183).
cost(3, 4, 263675).
cost(3, 5, 351639).
cost(3, 6, 475100).
cost(3, 7, 672039).
cost(3, 8, 173501).
cost(3, 9, 259113).
cost(3, 10, 24683).
cost(3, 11, 287463).
cost(3, 12, 777668).
cost(3, 13, 706642).
cost(3, 14, 478320).
cost(3, 15, 374904).
cost(3, 16, 638764).
cost(3, 17, 509208).
cost(3, 18, 479898).
cost(3, 19, 463930).
cost(3, 20, 664032).
cost(3, 21, 509151).
cost(3, 22, 321430).
cost(3, 23, 417535).
cost(3, 24, 307354).
cost(3, 25, 724162).
cost(3, 26, 913181).
cost(3, 27, 740094).
cost(4, 1, 296889).
cost(4, 2, 414890).
cost(4, 3, 263675).
cost(4, 5, 104572).
cost(4, 6, 330769).
cost(4, 7, 433026).
cost(4, 8, 319886).
cost(4, 9, 203274).
cost(4, 10, 263737).
cost(4, 11, 73472).
cost(4, 12, 532905).
cost(4, 13, 490942).
cost(4, 14, 239421).
cost(4, 15, 127488).
cost(4, 16, 397965).
cost(4, 17, 321922).
cost(4, 18, 230536).
cost(4, 19, 202000).
cost(4, 20, 498339).
cost(4, 21, 340812).
cost(4, 22, 68437).
cost(4, 23, 182563).
cost(4, 24, 68648).
cost(4, 25, 474830).
cost(4, 26, 798857).
cost(4, 27, 489593).
cost(5, 1, 290987).
cost(5, 2, 396365).
cost(5, 3, 351639).
cost(5, 4, 104572).
cost(5, 6, 253720).
cost(5, 7, 409227).
cost(5, 8, 424080).
cost(5, 9, 299947).
cost(5, 10, 346838).
cost(5, 11, 152647).
cost(5, 12, 497919).
cost(5, 13, 486830).
cost(5, 14, 134998).
cost(5, 15, 140670).
cost(5, 16, 374067).
cost(5, 17, 351979).
cost(5, 18, 129271).
cost(5, 19, 120781).
cost(5, 20, 527550).
cost(5, 21, 380366).
cost(5, 22, 36282).
cost(5, 23, 78476).
cost(5, 24, 129491).
cost(5, 25, 435751).
cost(5, 26, 842034).
cost(5, 27, 390097).
cost(6, 1, 522463).
cost(6, 2, 607467).
cost(6, 3, 475100).
cost(6, 4, 330769).
cost(6, 5, 253720).
cost(6, 7, 613058).
cost(6, 8, 608239).
cost(6, 9, 532658).
cost(6, 10, 458087).
cost(6, 11, 397615).
cost(6, 12, 678959).
cost(6, 13, 707814).
cost(6, 14, 205928).
cost(6, 15, 392864).
cost(6, 16, 580815).
cost(6, 17, 600709).
cost(6, 18, 240879).
cost(6, 19, 304188).
cost(6, 20, 772626).
cost(6, 21, 631653).
cost(6, 22, 280205).
cost(6, 23, 201860).
cost(6, 24, 378941).
cost(6, 25, 615569).
cost(6, 26, 1091258).
cost(6, 27, 386513).
cost(7, 1, 142237).
cost(7, 2, 26397).
cost(7, 3, 672039).
cost(7, 4, 433026).
cost(7, 5, 409227).
cost(7, 6, 613058).
cost(7, 8, 640021).
cost(7, 9, 453746).
cost(7, 10, 679732).
cost(7, 11, 386636).
cost(7, 12, 108116).
cost(7, 13, 109911).
cost(7, 14, 407650).
cost(7, 15, 305953).
cost(7, 16, 35396).
cost(7, 17, 211868).
cost(7, 18, 372300).
cost(7, 19, 312124).
cost(7, 20, 253139).
cost(7, 21, 244548).
cost(7, 22, 412056).
cost(7, 23, 419788).
cost(7, 24, 371637).
cost(7, 25, 75365).
cost(7, 26, 551068).
cost(7, 27, 422325).
cost(8, 1, 502399).
cost(8, 2, 615051).
cost(8, 3, 173501).
cost(8, 4, 319886).
cost(8, 5, 424080).
cost(8, 6, 608239).
cost(8, 7, 640021).
cost(8, 9, 186316).
cost(8, 10, 198181).
cost(8, 11, 301021).
cost(8, 12, 748098).
cost(8, 13, 647526).
cost(8, 14, 559077).
cost(8, 15, 385719).
cost(8, 16, 611126).
cost(8, 17, 444464).
cost(8, 18, 549888).
cost(8, 19, 512107).
cost(8, 20, 568689).
cost(8, 21, 430824).
cost(8, 22, 388223).
cost(8, 23, 500943).
cost(8, 24, 328505).
cost(8, 25, 704044).
cost(8, 26, 777685).
cost(8, 27, 806344).
cost(9, 1, 316392).
cost(9, 2, 428866).
cost(9, 3, 259113).
cost(9, 4, 203274).
cost(9, 5, 299947).
cost(9, 6, 532658).
cost(9, 7, 453746).
cost(9, 8, 186316).
cost(9, 10, 276599).
cost(9, 11, 149713).
cost(9, 12, 561841).
cost(9, 13, 465807).
cost(9, 14, 427929).
cost(9, 15, 217597).
cost(9, 16, 424840).
cost(9, 17, 262768).
cost(9, 18, 409990).
cost(9, 19, 357961).
cost(9, 20, 406068).
cost(9, 21, 255260).
cost(9, 22, 264899).
cost(9, 23, 377513).
cost(9, 24, 176797).
cost(9, 25, 517946).
cost(9, 26, 660474).
cost(9, 27, 652363).
cost(10, 1, 537933).
cost(10, 2, 658410).
cost(10, 3, 24683).
cost(10, 4, 263737).
cost(10, 5, 346838).
cost(10, 6, 458087).
cost(10, 7, 679732).
cost(10, 8, 198181).
cost(10, 9, 276599).
cost(10, 11, 293575).
cost(10, 12, 784557).
cost(10, 13, 717746).
cost(10, 14, 470566).
cost(10, 15, 379479).
cost(10, 16, 646048).
cost(10, 17, 522157).
cost(10, 18, 473922).
cost(10, 19, 461623).
cost(10, 20, 679834).
cost(10, 21, 523735).
cost(10, 22, 318173).
cost(10, 23, 409927).
cost(10, 24, 311805).
cost(10, 25, 729982).
cost(10, 26, 933272).
cost(10, 27, 733170).
cost(11, 1, 245577).
cost(11, 2, 365998).
cost(11, 3, 287463).
cost(11, 4, 73472).
cost(11, 5, 152647).
cost(11, 6, 397615).
cost(11, 7, 386636).
cost(11, 8, 301021).
cost(11, 9, 149713).
cost(11, 10, 293575).
cost(11, 12, 490993).
cost(11, 13, 433098).
cost(11, 14, 278223).
cost(11, 15, 89264).
cost(11, 16, 352664).
cost(11, 17, 253587).
cost(11, 18, 260792).
cost(11, 19, 213171).
cost(11, 20, 428377).
cost(11, 21, 269614).
cost(11, 22, 119554).
cost(11, 23, 228853).
cost(11, 24, 28116).
cost(11, 25, 436737).
cost(11, 26, 725821).
cost(11, 27, 508787).
cost(12, 1, 249170).
cost(12, 2, 133200).
cost(12, 3, 777668).
cost(12, 4, 532905).
cost(12, 5, 497919).
cost(12, 6, 678959).
cost(12, 7, 108116).
cost(12, 8, 748098).
cost(12, 9, 561841).
cost(12, 10, 784557).
cost(12, 11, 490993).
cost(12, 13, 153237).
cost(12, 14, 473863).
cost(12, 15, 407396).
cost(12, 16, 139228).
cost(12, 17, 315496).
cost(12, 18, 440263).
cost(12, 19, 389882).
cost(12, 20, 315795).
cost(12, 21, 344621).
cost(12, 22, 505359).
cost(12, 23, 496529).
cost(12, 24, 474306).
cost(12, 25, 63736).
cost(12, 26, 574662).
cost(12, 27, 426851).
cost(13, 1, 196934).
cost(13, 2, 104109).
cost(13, 3, 706642).
cost(13, 4, 490942).
cost(13, 5, 486830).
cost(13, 6, 707814).
cost(13, 7, 109911).
cost(13, 8, 647526).
cost(13, 9, 465807).
cost(13, 10, 717746).
cost(13, 11, 433098).
cost(13, 12, 153237).
cost(13, 14, 504820).
cost(13, 15, 365018).
cost(13, 16, 132714).
cost(13, 17, 203280).
cost(13, 18, 469106).
cost(13, 19, 403728).
cost(13, 20, 162561).
cost(13, 21, 219943).
cost(13, 22, 483080).
cost(13, 23, 509379).
cost(13, 24, 424287).
cost(13, 25, 164802).
cost(13, 26, 442446).
cost(13, 27, 531816).
cost(14, 1, 327090).
cost(14, 2, 403097).
cost(14, 3, 478320).
cost(14, 4, 239421).
cost(14, 5, 134998).
cost(14, 6, 205928).
cost(14, 7, 407650).
cost(14, 8, 559077).
cost(14, 9, 427929).
cost(14, 10, 470566).
cost(14, 11, 278223).
cost(14, 12, 473863).
cost(14, 13, 504820).
cost(14, 15, 233030).
cost(14, 16, 375967).
cost(14, 17, 419738).
cost(14, 18, 35727).
cost(14, 19, 106282).
cost(14, 20, 582951).
cost(14, 21, 455411).
cost(14, 22, 170985).
cost(14, 23, 60795).
cost(14, 24, 251572).
cost(14, 25, 410290).
cost(14, 26, 904597).
cost(14, 27, 263064).
cost(15, 1, 169649).
cost(15, 2, 287448).
cost(15, 3, 374904).
cost(15, 4, 127488).
cost(15, 5, 140670).
cost(15, 6, 392864).
cost(15, 7, 305953).
cost(15, 8, 385719).
cost(15, 9, 217597).
cost(15, 10, 379479).
cost(15, 11, 89264).
cost(15, 12, 407396).
cost(15, 13, 365018).
cost(15, 14, 233030).
cost(15, 16, 271070).
cost(15, 17, 211996).
cost(15, 18, 207004).
cost(15, 19, 144661).
cost(15, 20, 388607).
cost(15, 21, 239699).
cost(15, 22, 124304).
cost(15, 23, 198759).
cost(15, 24, 67676).
cost(15, 25, 351017).
cost(15, 26, 701447).
cost(15, 27, 435560).
cost(16, 1, 110049).
cost(16, 2, 28673).
cost(16, 3, 638764).
cost(16, 4, 397965).
cost(16, 5, 374067).
cost(16, 6, 580815).
cost(16, 7, 35396).
cost(16, 8, 611126).
cost(16, 9, 424840).
cost(16, 10, 646048).
cost(16, 11, 352664).
cost(16, 12, 139228).
cost(16, 13, 132714).
cost(16, 14, 375967).
cost(16, 15, 271070).
cost(16, 17, 192651).
cost(16, 18, 340433).
cost(16, 19, 278645).
cost(16, 20, 259670).
cost(16, 21, 228514).
cost(16, 22, 376670).
cost(16, 23, 386095).
cost(16, 24, 337089).
cost(16, 25, 94536).
cost(16, 26, 567209).
cost(16, 27, 407053).
cost(17, 1, 117348).
cost(17, 2, 185471).
cost(17, 3, 509208).
cost(17, 4, 321922).
cost(17, 5, 351979).
cost(17, 6, 600709).
cost(17, 7, 211868).
cost(17, 8, 444464).
cost(17, 9, 262768).
cost(17, 10, 522157).
cost(17, 11, 253587).
cost(17, 12, 315496).
cost(17, 13, 203280).
cost(17, 14, 419738).
cost(17, 15, 211996).
cost(17, 16, 192651).
cost(17, 18, 386761).
cost(17, 19, 314553).
cost(17, 20, 177326).
cost(17, 21, 41165).
cost(17, 22, 335755).
cost(17, 23, 400668).
cost(17, 24, 253434).
cost(17, 25, 285349).
cost(17, 26, 490679).
cost(17, 27, 547347).
cost(18, 1, 292036).
cost(18, 2, 367480).
cost(18, 3, 479898).
cost(18, 4, 230536).
cost(18, 5, 129271).
cost(18, 6, 240879).
cost(18, 7, 372300).
cost(18, 8, 549888).
cost(18, 9, 409990).
cost(18, 10, 473922).
cost(18, 11, 260792).
cost(18, 12, 440263).
cost(18, 13, 469106).
cost(18, 14, 35727).
cost(18, 15, 207004).
cost(18, 16, 340433).
cost(18, 17, 386761).
cost(18, 19, 72260).
cost(18, 20, 548296).
cost(18, 21, 423122).
cost(18, 22, 163172).
cost(18, 23, 70191).
cost(18, 24, 233253).
cost(18, 25, 376586).
cost(18, 26, 870080).
cost(18, 27, 260842).
cost(19, 1, 221197).
cost(19, 2, 304442).
cost(19, 3, 463930).
cost(19, 4, 202000).
cost(19, 5, 120781).
cost(19, 6, 304188).
cost(19, 7, 312124).
cost(19, 8, 512107).
cost(19, 9, 357961).
cost(19, 10, 461623).
cost(19, 11, 213171).
cost(19, 12, 389882).
cost(19, 13, 403728).
cost(19, 14, 106282).
cost(19, 15, 144661).
cost(19, 16, 278645).
cost(19, 17, 314553).
cost(19, 18, 72260).
cost(19, 20, 476686).
cost(19, 21, 351152).
cost(19, 22, 143823).
cost(19, 23, 107774).
cost(19, 24, 185080).
cost(19, 25, 326421).
cost(19, 26, 798315).
cost(19, 27, 295629).
cost(20, 1, 256962).
cost(20, 2, 234810).
cost(20, 3, 664032).
cost(20, 4, 498339).
cost(20, 5, 527550).
cost(20, 6, 772626).
cost(20, 7, 253139).
cost(20, 8, 568689).
cost(20, 9, 406068).
cost(20, 10, 679834).
cost(20, 11, 428377).
cost(20, 12, 315795).
cost(20, 13, 162561).
cost(20, 14, 582951).
cost(20, 15, 388607).
cost(20, 16, 259670).
cost(20, 17, 177326).
cost(20, 18, 548296).
cost(20, 19, 476686).
cost(20, 21, 159838).
cost(20, 22, 512726).
cost(20, 23, 571052).
cost(20, 24, 430134).
cost(20, 25, 321249).
cost(20, 26, 321909).
cost(20, 27, 664840).
cost(21, 1, 158505).
cost(21, 2, 218336).
cost(21, 3, 509151).
cost(21, 4, 340812).
cost(21, 5, 380366).
cost(21, 6, 631653).
cost(21, 7, 244548).
cost(21, 8, 430824).
cost(21, 9, 255260).
cost(21, 10, 523735).
cost(21, 11, 269614).
cost(21, 12, 344621).
cost(21, 13, 219943).
cost(21, 14, 455411).
cost(21, 15, 239699).
cost(21, 16, 228514).
cost(21, 17, 41165).
cost(21, 18, 423122).
cost(21, 19, 351152).
cost(21, 20, 159838).
cost(21, 22, 361384).
cost(21, 23, 433274).
cost(21, 24, 273418).
cost(21, 25, 319260).
cost(21, 26, 462119).
cost(21, 27, 588439).
cost(22, 1, 286154).
cost(22, 2, 397179).
cost(22, 3, 321430).
cost(22, 4, 68437).
cost(22, 5, 36282).
cost(22, 6, 280205).
cost(22, 7, 412056).
cost(22, 8, 388223).
cost(22, 9, 264899).
cost(22, 10, 318173).
cost(22, 11, 119554).
cost(22, 12, 505359).
cost(22, 13, 483080).
cost(22, 14, 170985).
cost(22, 15, 124304).
cost(22, 16, 376670).
cost(22, 17, 335755).
cost(22, 18, 163172).
cost(22, 19, 143823).
cost(22, 20, 512726).
cost(22, 21, 361384).
cost(22, 23, 114689).
cost(22, 24, 98832).
cost(22, 25, 444425).
cost(22, 26, 823472).
cost(22, 27, 423422).
cost(23, 1, 320962).
cost(23, 2, 411498).
cost(23, 3, 417535).
cost(23, 4, 182563).
cost(23, 5, 78476).
cost(23, 6, 201860).
cost(23, 7, 419788).
cost(23, 8, 500943).
cost(23, 9, 377513).
cost(23, 10, 409927).
cost(23, 11, 228853).
cost(23, 12, 496529).
cost(23, 13, 509379).
cost(23, 14, 60795).
cost(23, 15, 198759).
cost(23, 16, 386095).
cost(23, 17, 400668).
cost(23, 18, 70191).
cost(23, 19, 107774).
cost(23, 20, 571052).
cost(23, 21, 433274).
cost(23, 22, 114689).
cost(23, 24, 203881).
cost(23, 25, 432883).
cost(23, 26, 890530).
cost(23, 27, 323371).
cost(24, 1, 232518).
cost(24, 2, 352119).
cost(24, 3, 307354).
cost(24, 4, 68648).
cost(24, 5, 129491).
cost(24, 6, 378941).
cost(24, 7, 371637).
cost(24, 8, 328505).
cost(24, 9, 176797).
cost(24, 10, 311805).
cost(24, 11, 28116).
cost(24, 12, 474306).
cost(24, 13, 424287).
cost(24, 14, 251572).
cost(24, 15, 67676).
cost(24, 16, 337089).
cost(24, 17, 253434).
cost(24, 18, 233253).
cost(24, 19, 185080).
cost(24, 20, 430134).
cost(24, 21, 273418).
cost(24, 22, 98832).
cost(24, 23, 203881).
cost(24, 25, 418493).
cost(24, 26, 733310).
cost(24, 27, 480685).
cost(25, 1, 201660).
cost(25, 2, 101090).
cost(25, 3, 724162).
cost(25, 4, 474830).
cost(25, 5, 435751).
cost(25, 6, 615569).
cost(25, 7, 75365).
cost(25, 8, 704044).
cost(25, 9, 517946).
cost(25, 10, 729982).
cost(25, 11, 436737).
cost(25, 12, 63736).
cost(25, 13, 164802).
cost(25, 14, 410290).
cost(25, 15, 351017).
cost(25, 16, 94536).
cost(25, 17, 285349).
cost(25, 18, 376586).
cost(25, 19, 326421).
cost(25, 20, 321249).
cost(25, 21, 319260).
cost(25, 22, 444425).
cost(25, 23, 432883).
cost(25, 24, 418493).
cost(25, 26, 604480).
cost(25, 27, 378100).
cost(26, 1, 578845).
cost(26, 2, 539437).
cost(26, 3, 913181).
cost(26, 4, 798857).
cost(26, 5, 842034).
cost(26, 6, 1091258).
cost(26, 7, 551068).
cost(26, 8, 777685).
cost(26, 9, 660474).
cost(26, 10, 933272).
cost(26, 11, 725821).
cost(26, 12, 574662).
cost(26, 13, 442446).
cost(26, 14, 904597).
cost(26, 15, 701447).
cost(26, 16, 567209).
cost(26, 17, 490679).
cost(26, 18, 870080).
cost(26, 19, 798315).
cost(26, 20, 321909).
cost(26, 21, 462119).
cost(26, 22, 823472).
cost(26, 23, 890530).
cost(26, 24, 733310).
cost(26, 25, 604480).
cost(26, 27, 973209).
cost(27, 1, 430536).
cost(27, 2, 434197).
cost(27, 3, 740094).
cost(27, 4, 489593).
cost(27, 5, 390097).
cost(27, 6, 386513).
cost(27, 7, 422325).
cost(27, 8, 806344).
cost(27, 9, 652363).
cost(27, 10, 733170).
cost(27, 11, 508787).
cost(27, 12, 426851).
cost(27, 13, 531816).
cost(27, 14, 263064).
cost(27, 15, 435560).
cost(27, 16, 407053).
cost(27, 17, 547347).
cost(27, 18, 260842).
cost(27, 19, 295629).
cost(27, 20, 664840).
cost(27, 21, 588439).
cost(27, 22, 423422).
cost(27, 23, 323371).
cost(27, 24, 480685).
cost(27, 25, 378100).
cost(27, 26, 973209).
