dimension(27).
point(1, 229626.0, 240419.0).
point(2, -364144.0, -344568.0).
point(3, 88378.0, -310194.0).
point(4, -57460.0, -426831.0).
point(5, 406238.0, 350126.0).
point(6, 276904.0, -113330.0).
point(7, -179754.0, 133221.0).
point(8, 169560.0, 30779.0).
point(9, 80713.0, -31752.0).
point(10, -983.0, -321950.0).
point(11, -12618.0, 92916.0).
point(12, -225168.0, 558533.0).
point(13, -69525.0, -133761.0).
point(14, 188826.0, 146324.0).
point(15, -38979.0, -217219.0).
point(16, -308487.0, 208863.0).
point(17, -94583.0, -92225.0).
point(18, -18932.0, 234161.0).
point(19, -95629.0, -22788.0).
point(20, 167381.0, -248707.0).
point(21, -258923.0, 50717.0).
point(22, 109044.0, 2355.0).
point(23, -308675.0, -6444.0).
point(24, -54522.0, 370468.0).
point(25, 226047.0, 60540.0).
point(26, 125858.0, -159542.0).
point(27, 202843.0, -95908.0).
cost(1, 2, 833530).
cost(1, 3, 568441).
cost(1, 4, 726389).
cost(1, 5, 207912).
cost(1, 6, 356894).
cost(1, 7, 423182).
cost(1, 8, 218075).
cost(1, 9, 310245).
cost(1, 10, 607815).
cost(1, 11, 283618).
cost(1, 12, 555008).
cost(1, 13, 479064).
cost(1, 14, 102560).
cost(1, 15, 530642).
cost(1, 16, 539037).
cost(1, 17, 464504).
cost(1, 18, 248637).
cost(1, 19, 418412).
cost(1, 20, 493071).
cost(1, 21, 524087).
cost(1, 22, 266860).
cost(1, 23, 592207).
cost(1, 24, 312495).
cost(1, 25, 179915).
cost(1, 26, 413203).
cost(1, 27, 337392).
cost(2, 1, 833530).
cost(2, 3, 453826).
cost(2, 4, 317525).
cost(2, 5, 1037347).
cost(2, 6, 681479).
cost(2, 7, 512135).
cost(2, 8, 652476).
cost(2, 9, 543830).
cost(2, 10, 363865).
cost(2, 11, 561215).
cost(2, 12, 913732).
cost(2, 13, 362271).
cost(2, 14, 739426).
cost(2, 15, 349213).
cost(2, 16, 556223).
cost(2, 17, 369243).
cost(2, 18, 673868).
cost(2, 19, 419097).
cost(2, 20, 540100).
cost(2, 21, 409050).
cost(2, 22, 586739).
cost(2, 23, 342644).
cost(2, 24, 779193).
cost(2, 25, 715848).
cost(2, 26, 523771).
cost(2, 27, 619117).
cost(3, 1, 568441).
cost(3, 2, 453826).
cost(3, 4, 186743).
cost(3, 5, 732842).
cost(3, 6, 272576).
cost(3, 7, 518181).
cost(3, 8, 350504).
cost(3, 9, 278547).
cost(3, 10, 90131).
cost(3, 11, 415569).
cost(3, 12, 923579).
cost(3, 13, 236774).
cost(3, 14, 467438).
cost(3, 15, 157684).
cost(3, 16, 653393).
cost(3, 17, 284579).
cost(3, 18, 554831).
cost(3, 19, 341264).
cost(3, 20, 100111).
cost(3, 21, 500874).
cost(3, 22, 313231).
cost(3, 23, 499915).
cost(3, 24, 695501).
cost(3, 25, 395470).
cost(3, 26, 155244).
cost(3, 27, 242942).
cost(4, 1, 726389).
cost(4, 2, 317525).
cost(4, 3, 186743).
cost(4, 5, 904808).
cost(4, 6, 458347).
cost(4, 7, 573249).
cost(4, 8, 510828).
cost(4, 9, 418544).
cost(4, 10, 119120).
cost(4, 11, 521678).
cost(4, 12, 999534).
cost(4, 13, 293318).
cost(4, 14, 623830).
cost(4, 15, 210425).
cost(4, 16, 683463).
cost(4, 17, 336659).
cost(4, 18, 662114).
cost(4, 19, 405842).
cost(4, 20, 286848).
cost(4, 21, 518304).
cost(4, 22, 460352).
cost(4, 23, 489729).
cost(4, 24, 797304).
cost(4, 25, 563832).
cost(4, 26, 324112).
cost(4, 27, 421032).
cost(5, 1, 207912).
cost(5, 2, 1037347).
cost(5, 3, 732842).
cost(5, 4, 904808).
cost(5, 6, 481164).
cost(5, 7, 624848).
cost(5, 8, 397491).
cost(5, 9, 501794).
cost(5, 10, 785821).
cost(5, 11, 491526).
cost(5, 12, 664911).
cost(5, 13, 678599).
cost(5, 14, 297999).
cost(5, 15, 721179).
cost(5, 16, 728551).
cost(5, 17, 668204).
cost(5, 18, 440701).
cost(5, 19, 625248).
cost(5, 20, 644712).
cost(5, 21, 729442).
cost(5, 22, 457459).
cost(5, 23, 798901).
cost(5, 24, 461209).
cost(5, 25, 341070).
cost(5, 26, 581700).
cost(5, 27, 490220).
cost(6, 1, 356894).
cost(6, 2, 681479).
cost(6, 3, 272576).
cost(6, 4, 458347).
cost(6, 5, 481164).
cost(6, 7, 518964).
cost(6, 8, 179695).
cost(6, 9, 212476).
cost(6, 10, 347482).
cost(6, 11, 355472).
cost(6, 12, 838735).
cost(6, 13, 347031).
cost(6, 14, 274186).
cost(6, 15, 332528).
cost(6, 16, 668200).
cost(6, 17, 372086).
cost(6, 18, 456365).
cost(6, 19, 383378).
cost(6, 20, 174133).
cost(6, 21, 560377).
cost(6, 22, 203863).
cost(6, 23, 595254).
cost(6, 24, 586433).
cost(6, 25, 181155).
cost(6, 26, 157957).
cost(6, 27, 76083).
cost(7, 1, 423182).
cost(7, 2, 512135).
cost(7, 3, 518181).
cost(7, 4, 573249).
cost(7, 5, 624848).
cost(7, 6, 518964).
cost(7, 8, 364026).
cost(7, 9, 308317).
cost(7, 10, 489019).
cost(7, 11, 171927).
cost(7, 12, 427730).
cost(7, 13, 288842).
cost(7, 14, 368813).
cost(7, 15, 377658).
cost(7, 16, 149311).
cost(7, 17, 240998).
cost(7, 18, 189875).
cost(7, 19, 177245).
cost(7, 20, 516112).
cost(7, 21, 114344).
cost(7, 22, 317065).
cost(7, 23, 190071).
cost(7, 24, 268271).
cost(7, 25, 412258).
cost(7, 26, 423213).
cost(7, 27, 445960).
cost(8, 1, 218075).
cost(8, 2, 652476).
cost(8, 3, 350504).
cost(8, 4, 510828).
cost(8, 5, 397491).
cost(8, 6, 179695).
cost(8, 7, 364026).
cost(8, 9, 108646).
cost(8, 10, 391794).
cost(8, 11, 192483).
cost(8, 12, 659041).
cost(8, 13, 290233).
cost(8, 14, 117140).
cost(8, 15, 324024).
cost(8, 16, 510140).
cost(8, 17, 291379).
cost(8, 18, 277297).
cost(8, 19, 270545).
cost(8, 20, 279494).
cost(8, 21, 428947).
cost(8, 22, 66859).
cost(8, 23, 479681).
cost(8, 24, 406941).
cost(8, 25, 63847).
cost(8, 26, 195274).
cost(8, 27, 130986).
cost(9, 1, 310245).
cost(9, 2, 543830).
cost(9, 3, 278547).
cost(9, 4, 418544).
cost(9, 5, 501794).
cost(9, 6, 212476).
cost(9, 7, 308317).
cost(9, 8, 108646).
cost(9, 10, 301478).
cost(9, 11, 155733).
cost(9, 12, 664830).
cost(9, 13, 181597).
cost(9, 14, 208325).
cost(9, 15, 220736).
cost(9, 16, 457572).
cost(9, 17, 185434).
cost(9, 18, 283970).
cost(9, 19, 176570).
cost(9, 20, 233625).
cost(9, 21, 349505).
cost(9, 22, 44339).
cost(9, 23, 390210).
cost(9, 24, 424346).
cost(9, 25, 172162).
cost(9, 26, 135530).
cost(9, 27, 137956).
cost(10, 1, 607815).
cost(10, 2, 363865).
cost(10, 3, 90131).
cost(10, 4, 119120).
cost(10, 5, 785821).
cost(10, 6, 347482).
cost(10, 7, 489019).
cost(10, 8, 391794).
cost(10, 9, 301478).
cost(10, 11, 415029).
cost(10, 12, 908575).
cost(10, 13, 200283).
cost(10, 14, 505280).
cost(10, 15, 111410).
cost(10, 16, 613450).
cost(10, 17, 248062).
cost(10, 18, 556401).
cost(10, 19, 313777).
cost(10, 20, 183605).
cost(10, 21, 453226).
cost(10, 22, 342461).
cost(10, 23, 440702).
cost(10, 24, 694485).
cost(10, 25, 444793).
cost(10, 26, 206070).
cost(10, 27, 304368).
cost(11, 1, 283618).
cost(11, 2, 561215).
cost(11, 3, 415569).
cost(11, 4, 521678).
cost(11, 5, 491526).
cost(11, 6, 355472).
cost(11, 7, 171927).
cost(11, 8, 192483).
cost(11, 9, 155733).
cost(11, 10, 415029).
cost(11, 12, 511837).
cost(11, 13, 233711).
cost(11, 14, 208404).
cost(11, 15, 311253).
cost(11, 16, 317777).
cost(11, 17, 202473).
cost(11, 18, 141386).
cost(11, 19, 142402).
cost(11, 20, 386142).
cost(11, 21, 249894).
cost(11, 22, 151667).
cost(11, 23, 312285).
cost(11, 24, 280697).
cost(11, 25, 240851).
cost(11, 26, 287942).
cost(11, 27, 286492).
cost(12, 1, 555008).
cost(12, 2, 913732).
cost(12, 3, 923579).
cost(12, 4, 999534).
cost(12, 5, 664911).
cost(12, 6, 838735).
cost(12, 7, 427730).
cost(12, 8, 659041).
cost(12, 9, 664830).
cost(12, 10, 908575).
cost(12, 11, 511837).
cost(12, 13, 709574).
cost(12, 14, 584215).
cost(12, 15, 797783).
cost(12, 16, 359460).
cost(12, 17, 663731).
cost(12, 18, 384383).
cost(12, 19, 595579).
cost(12, 20, 897625).
cost(12, 21, 508937).
cost(12, 22, 648870).
cost(12, 23, 571115).
cost(12, 24, 253946).
cost(12, 25, 672006).
cost(12, 26, 799282).
cost(12, 27, 781976).
cost(13, 1, 479064).
cost(13, 2, 362271).
cost(13, 3, 236774).
cost(13, 4, 293318).
cost(13, 5, 678599).
cost(13, 6, 347031).
cost(13, 7, 288842).
cost(13, 8, 290233).
cost(13, 9, 181597).
cost(13, 10, 200283).
cost(13, 11, 233711).
cost(13, 12, 709574).
cost(13, 14, 381042).
cost(13, 15, 88872).
cost(13, 16, 417725).
cost(13, 17, 48509).
cost(13, 18, 371384).
cost(13, 19, 114002).
cost(13, 20, 263319).
cost(13, 21, 264393).
cost(13, 22, 224532).
cost(13, 23, 270929).
cost(13, 24, 504452).
cost(13, 25, 353717).
cost(13, 26, 197077).
cost(13, 27, 274986).
cost(14, 1, 102560).
cost(14, 2, 739426).
cost(14, 3, 467438).
cost(14, 4, 623830).
cost(14, 5, 297999).
cost(14, 6, 274186).
cost(14, 7, 368813).
cost(14, 8, 117140).
cost(14, 9, 208325).
cost(14, 10, 505280).
cost(14, 11, 208404).
cost(14, 12, 584215).
cost(14, 13, 381042).
cost(14, 15, 429021).
cost(14, 16, 501230).
cost(14, 17, 370441).
cost(14, 18, 225563).
cost(14, 19, 330928).
cost(14, 20, 395613).
cost(14, 21, 457843).
cost(14, 22, 164597).
cost(14, 23, 520428).
cost(14, 24, 330846).
cost(14, 25, 93511).
cost(14, 26, 312280).
cost(14, 27, 242637).
cost(15, 1, 530642).
cost(15, 2, 349213).
cost(15, 3, 157684).
cost(15, 4, 210425).
cost(15, 5, 721179).
cost(15, 6, 332528).
cost(15, 7, 377658).
cost(15, 8, 324024).
cost(15, 9, 220736).
cost(15, 10, 111410).
cost(15, 11, 311253).
cost(15, 12, 797783).
cost(15, 13, 88872).
cost(15, 14, 429021).
cost(15, 16, 504163).
cost(15, 17, 136804).
cost(15, 18, 451825).
cost(15, 19, 202516).
cost(15, 20, 208749).
cost(15, 21, 346648).
cost(15, 22, 264809).
cost(15, 23, 342289).
cost(15, 24, 587893).
cost(15, 25, 383913).
cost(15, 26, 174636).
cost(15, 27, 270544).
cost(16, 1, 539037).
cost(16, 2, 556223).
cost(16, 3, 653393).
cost(16, 4, 683463).
cost(16, 5, 728551).
cost(16, 6, 668200).
cost(16, 7, 149311).
cost(16, 8, 510140).
cost(16, 9, 457572).
cost(16, 10, 613450).
cost(16, 11, 317777).
cost(16, 12, 359460).
cost(16, 13, 417725).
cost(16, 14, 501230).
cost(16, 15, 504163).
cost(16, 17, 369336).
cost(16, 18, 290658).
cost(16, 19, 314596).
cost(16, 20, 660167).
cost(16, 21, 165731).
cost(16, 22, 465809).
cost(16, 23, 215307).
cost(16, 24, 301022).
cost(16, 25, 554731).
cost(16, 26, 569542).
cost(16, 27, 595268).
cost(17, 1, 464504).
cost(17, 2, 369243).
cost(17, 3, 284579).
cost(17, 4, 336659).
cost(17, 5, 668204).
cost(17, 6, 372086).
cost(17, 7, 240998).
cost(17, 8, 291379).
cost(17, 9, 185434).
cost(17, 10, 248062).
cost(17, 11, 202473).
cost(17, 12, 663731).
cost(17, 13, 48509).
cost(17, 14, 370441).
cost(17, 15, 136804).
cost(17, 16, 369336).
cost(17, 18, 335039).
cost(17, 19, 69445).
cost(17, 20, 305142).
cost(17, 21, 217807).
cost(17, 22, 224520).
cost(17, 23, 230638).
cost(17, 24, 464424).
cost(17, 25, 355163).
cost(17, 26, 230490).
cost(17, 27, 297449).
cost(18, 1, 248637).
cost(18, 2, 673868).
cost(18, 3, 554831).
cost(18, 4, 662114).
cost(18, 5, 440701).
cost(18, 6, 456365).
cost(18, 7, 189875).
cost(18, 8, 277297).
cost(18, 9, 283970).
cost(18, 10, 556401).
cost(18, 11, 141386).
cost(18, 12, 384383).
cost(18, 13, 371384).
cost(18, 14, 225563).
cost(18, 15, 451825).
cost(18, 16, 290658).
cost(18, 17, 335039).
cost(18, 19, 268151).
cost(18, 20, 517565).
cost(18, 21, 302072).
cost(18, 22, 264786).
cost(18, 23, 376619).
cost(18, 24, 140877).
cost(18, 25, 300265).
cost(18, 26, 419483).
cost(18, 27, 397655).
cost(19, 1, 418412).
cost(19, 2, 419097).
cost(19, 3, 341264).
cost(19, 4, 405842).
cost(19, 5, 625248).
cost(19, 6, 383378).
cost(19, 7, 177245).
cost(19, 8, 270545).
cost(19, 9, 176570).
cost(19, 10, 313777).
cost(19, 11, 142402).
cost(19, 12, 595579).
cost(19, 13, 114002).
cost(19, 14, 330928).
cost(19, 15, 202516).
cost(19, 16, 314596).
cost(19, 17, 69445).
cost(19, 18, 268151).
cost(19, 20, 346718).
cost(19, 21, 179075).
cost(19, 22, 206212).
cost(19, 23, 213672).
cost(19, 24, 395399).
cost(19, 25, 332294).
cost(19, 26, 260304).
cost(19, 27, 307298).
cost(20, 1, 493071).
cost(20, 2, 540100).
cost(20, 3, 100111).
cost(20, 4, 286848).
cost(20, 5, 644712).
cost(20, 6, 174133).
cost(20, 7, 516112).
cost(20, 8, 279494).
cost(20, 9, 233625).
cost(20, 10, 183605).
cost(20, 11, 386142).
cost(20, 12, 897625).
cost(20, 13, 263319).
cost(20, 14, 395613).
cost(20, 15, 208749).
cost(20, 16, 660167).
cost(20, 17, 305142).
cost(20, 18, 517565).
cost(20, 19, 346718).
cost(20, 21, 520951).
cost(20, 22, 257751).
cost(20, 23, 534154).
cost(20, 24, 657738).
cost(20, 25, 314762).
cost(20, 26, 98359).
cost(20, 27, 156860).
cost(21, 1, 524087).
cost(21, 2, 409050).
cost(21, 3, 500874).
cost(21, 4, 518304).
cost(21, 5, 729442).
cost(21, 6, 560377).
cost(21, 7, 114344).
cost(21, 8, 428947).
cost(21, 9, 349505).
cost(21, 10, 453226).
cost(21, 11, 249894).
cost(21, 12, 508937).
cost(21, 13, 264393).
cost(21, 14, 457843).
cost(21, 15, 346648).
cost(21, 16, 165731).
cost(21, 17, 217807).
cost(21, 18, 302072).
cost(21, 19, 179075).
cost(21, 20, 520951).
cost(21, 22, 371132).
cost(21, 23, 75780).
cost(21, 24, 379500).
cost(21, 25, 485069).
cost(21, 26, 438481).
cost(21, 27, 484486).
cost(22, 1, 266860).
cost(22, 2, 586739).
cost(22, 3, 313231).
cost(22, 4, 460352).
cost(22, 5, 457459).
cost(22, 6, 203863).
cost(22, 7, 317065).
cost(22, 8, 66859).
cost(22, 9, 44339).
cost(22, 10, 342461).
cost(22, 11, 151667).
cost(22, 12, 648870).
cost(22, 13, 224532).
cost(22, 14, 164597).
cost(22, 15, 264809).
cost(22, 16, 465809).
cost(22, 17, 224520).
cost(22, 18, 264786).
cost(22, 19, 206212).
cost(22, 20, 257751).
cost(22, 21, 371132).
cost(22, 23, 417812).
cost(22, 24, 402816).
cost(22, 25, 130672).
cost(22, 26, 162768).
cost(22, 27, 135845).
cost(23, 1, 592207).
cost(23, 2, 342644).
cost(23, 3, 499915).
cost(23, 4, 489729).
cost(23, 5, 798901).
cost(23, 6, 595254).
cost(23, 7, 190071).
cost(23, 8, 479681).
cost(23, 9, 390210).
cost(23, 10, 440702).
cost(23, 11, 312285).
cost(23, 12, 571115).
cost(23, 13, 270929).
cost(23, 14, 520428).
cost(23, 15, 342289).
cost(23, 16, 215307).
cost(23, 17, 230638).
cost(23, 18, 376619).
cost(23, 19, 213672).
cost(23, 20, 534154).
cost(23, 21, 75780).
cost(23, 22, 417812).
cost(23, 24, 454595).
cost(23, 25, 538901).
cost(23, 26, 460715).
cost(23, 27, 519283).
cost(24, 1, 312495).
cost(24, 2, 779193).
cost(24, 3, 695501).
cost(24, 4, 797304).
cost(24, 5, 461209).
cost(24, 6, 586433).
cost(24, 7, 268271).
cost(24, 8, 406941).
cost(24, 9, 424346).
cost(24, 10, 694485).
cost(24, 11, 280697).
cost(24, 12, 253946).
cost(24, 13, 504452).
cost(24, 14, 330846).
cost(24, 15, 587893).
cost(24, 16, 301022).
cost(24, 17, 464424).
cost(24, 18, 140877).
cost(24, 19, 395399).
cost(24, 20, 657738).
cost(24, 21, 379500).
cost(24, 22, 402816).
cost(24, 23, 454595).
cost(24, 25, 418060).
cost(24, 26, 559864).
cost(24, 27, 532676).
cost(25, 1, 179915).
cost(25, 2, 715848).
cost(25, 3, 395470).
cost(25, 4, 563832).
cost(25, 5, 341070).
cost(25, 6, 181155).
cost(25, 7, 412258).
cost(25, 8, 63847).
cost(25, 9, 172162).
cost(25, 10, 444793).
cost(25, 11, 240851).
cost(25, 12, 672006).
cost(25, 13, 353717).
cost(25, 14, 93511).
cost(25, 15, 383913).
cost(25, 16, 554731).
cost(25, 17, 355163).
cost(25, 18, 300265).
cost(25, 19, 332294).
cost(25, 20, 314762).
cost(25, 21, 485069).
cost(25, 22, 130672).
cost(25, 23, 538901).
cost(25, 24, 418060).
cost(25, 26, 241814).
cost(25, 27, 158159).
cost(26, 1, 413203).
cost(26, 2, 523771).
cost(26, 3, 155244).
cost(26, 4, 324112).
cost(26, 5, 581700).
cost(26, 6, 157957).
cost(26, 7, 423213).
cost(26, 8, 195274).
cost(26, 9, 135530).
cost(26, 10, 206070).
cost(26, 11, 287942).
cost(26, 12, 799282).
cost(26, 13, 197077).
cost(26, 14, 312280).
cost(26, 15, 174636).
cost(26, 16, 569542).
cost(26, 17, 230490).
cost(26, 18, 419483).
cost(26, 19, 260304).
cost(26, 20, 98359).
cost(26, 21, 438481).
cost(26, 22, 162768).
cost(26, 23, 460715).
cost(26, 24, 559864).
cost(26, 25, 241814).
cost(26, 27, 99880).
cost(27, 1, 337392).
cost(27, 2, 619117).
cost(27, 3, 242942).
cost(27, 4, 421032).
cost(27, 5, 490220).
cost(27, 6, 76083).
cost(27, 7, 445960).
cost(27, 8, 130986).
cost(27, 9, 137956).
cost(27, 10, 304368).
cost(27, 11, 286492).
cost(27, 12, 781976).
cost(27, 13, 274986).
cost(27, 14, 242637).
cost(27, 15, 270544).
cost(27, 16, 595268).
cost(27, 17, 297449).
cost(27, 18, 397655).
cost(27, 19, 307298).
cost(27, 20, 156860).
cost(27, 21, 484486).
cost(27, 22, 135845).
cost(27, 23, 519283).
cost(27, 24, 532676).
cost(27, 25, 158159).
cost(27, 26, 99880).
