dimension(27).
point(1, 238485.0, 80110.0).
point(2, -222768.0, 362889.0).
point(3, 131006.0, 476043.0).
point(4, 127868.0, 88655.0).
point(5, 75376.0, 144627.0).
point(6, -155886.0, 160042.0).
point(7, -53449.0, 268167.0).
point(8, -314918.0, -288183.0).
point(9, 110812.0, 217105.0).
point(10, 235194.0, 150404.0).
point(11, 325508.0, -222891.0).
point(12, 98733.0, -323939.0).
point(13, -61953.0, -60478.0).
point(14, 73699.0, 239580.0).
point(15, 142641.0, -473254.0).
point(16, -6795.0, 258148.0).
point(17, 36953.0, -79968.0).
point(18, -11350.0, 4823.0).
point(19, 263070.0, 21240.0).
point(20, 91353.0, -12061.0).
point(21, -168785.0, -44110.0).
point(22, 215714.0, -95536.0).
point(23, 209868.0, 192213.0).
point(24, 15189.0, 480075.0).
point(25, 65594.0, -99069.0).
point(26, -295771.0, -69921.0).
point(27, -223544.0, -94861.0).
cost(1, 2, 541034).
cost(1, 3, 410262).
cost(1, 4, 110947).
cost(1, 5, 175405).
cost(1, 6, 402390).
cost(1, 7, 347262).
cost(1, 8, 664752).
cost(1, 9, 187265).
cost(1, 10, 70371).
cost(1, 11, 315250).
cost(1, 12, 427535).
cost(1, 13, 331705).
cost(1, 14, 229314).
cost(1, 15, 561603).
cost(1, 16, 303084).
cost(1, 17, 257372).
cost(1, 18, 260932).
cost(1, 19, 63797).
cost(1, 20, 173618).
cost(1, 21, 425793).
cost(1, 22, 177116).
cost(1, 23, 115698).
cost(1, 24, 458075).
cost(1, 25, 248991).
cost(1, 26, 554922).
cost(1, 27, 494050).
cost(2, 1, 541034).
cost(2, 3, 371429).
cost(2, 4, 445140).
cost(2, 5, 369497).
cost(2, 6, 213589).
cost(2, 7, 194013).
cost(2, 8, 657561).
cost(2, 9, 364045).
cost(2, 10, 504855).
cost(2, 11, 802337).
cost(2, 12, 758351).
cost(2, 13, 452881).
cost(2, 14, 321088).
cost(2, 15, 912501).
cost(2, 16, 240031).
cost(2, 17, 513398).
cost(2, 18, 415823).
cost(2, 19, 593938).
cost(2, 20, 489142).
cost(2, 21, 410563).
cost(2, 22, 634366).
cost(2, 23, 465085).
cost(2, 24, 265247).
cost(2, 25, 544571).
cost(2, 26, 438924).
cost(2, 27, 457751).
cost(3, 1, 410262).
cost(3, 2, 371429).
cost(3, 4, 387401).
cost(3, 5, 336052).
cost(3, 6, 426806).
cost(3, 7, 277914).
cost(3, 8, 884810).
cost(3, 9, 259724).
cost(3, 10, 341900).
cost(3, 11, 725493).
cost(3, 12, 800633).
cost(3, 13, 570165).
cost(3, 14, 243308).
cost(3, 15, 949368).
cost(3, 16, 257813).
cost(3, 17, 563910).
cost(3, 18, 492254).
cost(3, 19, 473589).
cost(3, 20, 489712).
cost(3, 21, 600361).
cost(3, 22, 577822).
cost(3, 23, 294582).
cost(3, 24, 115887).
cost(3, 25, 578820).
cost(3, 26, 692976).
cost(3, 27, 672039).
cost(4, 1, 110947).
cost(4, 2, 445140).
cost(4, 3, 387401).
cost(4, 5, 76735).
cost(4, 6, 292596).
cost(4, 7, 255148).
cost(4, 8, 581435).
cost(4, 9, 129577).
cost(4, 10, 123822).
cost(4, 11, 368948).
cost(4, 12, 413621).
cost(4, 13, 241397).
cost(4, 14, 160352).
cost(4, 15, 562103).
cost(4, 16, 216476).
cost(4, 17, 191570).
cost(4, 18, 162510).
cost(4, 19, 151077).
cost(4, 20, 107131).
cost(4, 21, 325007).
cost(4, 22, 204067).
cost(4, 23, 132092).
cost(4, 24, 407316).
cost(4, 25, 197784).
cost(4, 26, 452345).
cost(4, 27, 396445).
cost(5, 1, 175405).
cost(5, 2, 369497).
cost(5, 3, 336052).
cost(5, 4, 76735).
cost(5, 6, 231775).
cost(5, 7, 178488).
cost(5, 8, 582798).
cost(5, 9, 80677).
cost(5, 10, 159922).
cost(5, 11, 444562).
cost(5, 12, 469148).
cost(5, 13, 246835).
cost(5, 14, 94968).
cost(5, 15, 621532).
cost(5, 16, 140140).
cost(5, 17, 227858).
cost(5, 18, 164519).
cost(5, 19, 224618).
cost(5, 20, 157500).
cost(5, 21, 308604).
cost(5, 22, 278160).
cost(5, 23, 142662).
cost(5, 24, 340805).
cost(5, 25, 243892).
cost(5, 26, 428697).
cost(5, 27, 383024).
cost(6, 1, 402390).
cost(6, 2, 213589).
cost(6, 3, 426806).
cost(6, 4, 292596).
cost(6, 5, 231775).
cost(6, 7, 148944).
cost(6, 8, 475602).
cost(6, 9, 272734).
cost(6, 10, 391199).
cost(6, 11, 615124).
cost(6, 12, 546872).
cost(6, 13, 239692).
cost(6, 14, 242972).
cost(6, 15, 700130).
cost(6, 16, 178474).
cost(6, 17, 307883).
cost(6, 18, 212093).
cost(6, 19, 441350).
cost(6, 20, 301242).
cost(6, 21, 204559).
cost(6, 22, 451006).
cost(6, 23, 367166).
cost(6, 24, 362888).
cost(6, 25, 340869).
cost(6, 26, 269167).
cost(6, 27, 263729).
cost(7, 1, 347262).
cost(7, 2, 194013).
cost(7, 3, 277914).
cost(7, 4, 255148).
cost(7, 5, 178488).
cost(7, 6, 148944).
cost(7, 8, 614729).
cost(7, 9, 172015).
cost(7, 10, 311742).
cost(7, 11, 620279).
cost(7, 12, 611350).
cost(7, 13, 328755).
cost(7, 14, 130322).
cost(7, 15, 766914).
cost(7, 16, 47718).
cost(7, 17, 359681).
cost(7, 18, 266688).
cost(7, 19, 401444).
cost(7, 20, 315429).
cost(7, 21, 332895).
cost(7, 22, 452469).
cost(7, 23, 274053).
cost(7, 24, 222747).
cost(7, 25, 386049).
cost(7, 26, 415961).
cost(7, 27, 400901).
cost(8, 1, 664752).
cost(8, 2, 657561).
cost(8, 3, 884810).
cost(8, 4, 581435).
cost(8, 5, 582798).
cost(8, 6, 475602).
cost(8, 7, 614729).
cost(8, 9, 660728).
cost(8, 10, 703549).
cost(8, 11, 643746).
cost(8, 12, 415193).
cost(8, 13, 340354).
cost(8, 14, 655406).
cost(8, 15, 493570).
cost(8, 16, 627230).
cost(8, 17, 408860).
cost(8, 18, 421908).
cost(8, 19, 655601).
cost(8, 20, 491222).
cost(8, 21, 284476).
cost(8, 22, 564520).
cost(8, 23, 711464).
cost(8, 24, 836176).
cost(8, 25, 424916).
cost(8, 26, 219100).
cost(8, 27, 213828).
cost(9, 1, 187265).
cost(9, 2, 364045).
cost(9, 3, 259724).
cost(9, 4, 129577).
cost(9, 5, 80677).
cost(9, 6, 272734).
cost(9, 7, 172015).
cost(9, 8, 660728).
cost(9, 10, 141138).
cost(9, 11, 489582).
cost(9, 12, 541179).
cost(9, 13, 326956).
cost(9, 14, 43388).
cost(9, 15, 691092).
cost(9, 16, 124563).
cost(9, 17, 306117).
cost(9, 18, 244923).
cost(9, 19, 248084).
cost(9, 20, 229991).
cost(9, 21, 382633).
cost(9, 22, 329771).
cost(9, 23, 102136).
cost(9, 24, 279816).
cost(9, 25, 319391).
cost(9, 26, 497688).
cost(9, 27, 457293).
cost(10, 1, 70371).
cost(10, 2, 504855).
cost(10, 3, 341900).
cost(10, 4, 123822).
cost(10, 5, 159922).
cost(10, 6, 391199).
cost(10, 7, 311742).
cost(10, 8, 703549).
cost(10, 9, 141138).
cost(10, 11, 384065).
cost(10, 12, 493582).
cost(10, 13, 364373).
cost(10, 14, 184480).
cost(10, 15, 630488).
cost(10, 16, 264891).
cost(10, 17, 303926).
cost(10, 18, 286318).
cost(10, 19, 132138).
cost(10, 20, 216991).
cost(10, 21, 448369).
cost(10, 22, 246710).
cost(10, 23, 48881).
cost(10, 24, 396340).
cost(10, 25, 301664).
cost(10, 26, 574863).
cost(10, 27, 520188).
cost(11, 1, 315250).
cost(11, 2, 802337).
cost(11, 3, 725493).
cost(11, 4, 368948).
cost(11, 5, 444562).
cost(11, 6, 615124).
cost(11, 7, 620279).
cost(11, 8, 643746).
cost(11, 9, 489582).
cost(11, 10, 384065).
cost(11, 12, 248269).
cost(11, 13, 420124).
cost(11, 14, 526581).
cost(11, 15, 310035).
cost(11, 16, 584657).
cost(11, 17, 322011).
cost(11, 18, 406604).
cost(11, 19, 251989).
cost(11, 20, 315084).
cost(11, 21, 525631).
cost(11, 22, 168149).
cost(11, 23, 430911).
cost(11, 24, 768413).
cost(11, 25, 287901).
cost(11, 26, 639834).
cost(11, 27, 563782).
cost(12, 1, 427535).
cost(12, 2, 758351).
cost(12, 3, 800633).
cost(12, 4, 413621).
cost(12, 5, 469148).
cost(12, 6, 546872).
cost(12, 7, 611350).
cost(12, 8, 415193).
cost(12, 9, 541179).
cost(12, 10, 493582).
cost(12, 11, 248269).
cost(12, 13, 308596).
cost(12, 14, 564075).
cost(12, 15, 155637).
cost(12, 16, 591575).
cost(12, 17, 251672).
cost(12, 18, 346703).
cost(12, 19, 382302).
cost(12, 20, 311965).
cost(12, 21, 387131).
cost(12, 22, 256617).
cost(12, 23, 527981).
cost(12, 24, 808343).
cost(12, 25, 227299).
cost(12, 26, 469211).
cost(12, 27, 395398).
cost(13, 1, 331705).
cost(13, 2, 452881).
cost(13, 3, 570165).
cost(13, 4, 241397).
cost(13, 5, 246835).
cost(13, 6, 239692).
cost(13, 7, 328755).
cost(13, 8, 340354).
cost(13, 9, 326956).
cost(13, 10, 364373).
cost(13, 11, 420124).
cost(13, 12, 308596).
cost(13, 14, 329297).
cost(13, 15, 460698).
cost(13, 16, 323365).
cost(13, 17, 100808).
cost(13, 18, 82613).
cost(13, 19, 335138).
cost(13, 20, 160770).
cost(13, 21, 108079).
cost(13, 22, 279871).
cost(13, 23, 371133).
cost(13, 24, 546030).
cost(13, 25, 133257).
cost(13, 26, 234009).
cost(13, 27, 165208).
cost(14, 1, 229314).
cost(14, 2, 321088).
cost(14, 3, 243308).
cost(14, 4, 160352).
cost(14, 5, 94968).
cost(14, 6, 242972).
cost(14, 7, 130322).
cost(14, 8, 655406).
cost(14, 9, 43388).
cost(14, 10, 184480).
cost(14, 11, 526581).
cost(14, 12, 564075).
cost(14, 13, 329297).
cost(14, 15, 716160).
cost(14, 16, 82608).
cost(14, 17, 321654).
cost(14, 18, 249688).
cost(14, 19, 289022).
cost(14, 20, 252260).
cost(14, 21, 373200).
cost(14, 22, 363966).
cost(14, 23, 144172).
cost(14, 24, 247510).
cost(14, 25, 338746).
cost(14, 26, 481974).
cost(14, 27, 447442).
cost(15, 1, 561603).
cost(15, 2, 912501).
cost(15, 3, 949368).
cost(15, 4, 562103).
cost(15, 5, 621532).
cost(15, 6, 700130).
cost(15, 7, 766914).
cost(15, 8, 493570).
cost(15, 9, 691092).
cost(15, 10, 630488).
cost(15, 11, 310035).
cost(15, 12, 155637).
cost(15, 13, 460698).
cost(15, 14, 716160).
cost(15, 16, 746512).
cost(15, 17, 407239).
cost(15, 18, 502266).
cost(15, 19, 508947).
cost(15, 20, 464036).
cost(15, 21, 530236).
cost(15, 22, 384721).
cost(15, 23, 668854).
cost(15, 24, 961811).
cost(15, 25, 382035).
cost(15, 26, 595720).
cost(15, 27, 526567).
cost(16, 1, 303084).
cost(16, 2, 240031).
cost(16, 3, 257813).
cost(16, 4, 216476).
cost(16, 5, 140140).
cost(16, 6, 178474).
cost(16, 7, 47718).
cost(16, 8, 627230).
cost(16, 9, 124563).
cost(16, 10, 264891).
cost(16, 11, 584657).
cost(16, 12, 591575).
cost(16, 13, 323365).
cost(16, 14, 82608).
cost(16, 15, 746512).
cost(16, 17, 340934).
cost(16, 18, 253366).
cost(16, 19, 359100).
cost(16, 20, 287482).
cost(16, 21, 342930).
cost(16, 22, 417855).
cost(16, 23, 226474).
cost(16, 24, 223013).
cost(16, 25, 364478).
cost(16, 26, 437191).
cost(16, 27, 414241).
cost(17, 1, 257372).
cost(17, 2, 513398).
cost(17, 3, 563910).
cost(17, 4, 191570).
cost(17, 5, 227858).
cost(17, 6, 307883).
cost(17, 7, 359681).
cost(17, 8, 408860).
cost(17, 9, 306117).
cost(17, 10, 303926).
cost(17, 11, 322011).
cost(17, 12, 251672).
cost(17, 13, 100808).
cost(17, 14, 321654).
cost(17, 15, 407239).
cost(17, 16, 340934).
cost(17, 18, 97584).
cost(17, 19, 247734).
cost(17, 20, 87010).
cost(17, 21, 208839).
cost(17, 22, 179438).
cost(17, 23, 322463).
cost(17, 24, 560466).
cost(17, 25, 34426).
cost(17, 26, 332876).
cost(17, 27, 260922).
cost(18, 1, 260932).
cost(18, 2, 415823).
cost(18, 3, 492254).
cost(18, 4, 162510).
cost(18, 5, 164519).
cost(18, 6, 212093).
cost(18, 7, 266688).
cost(18, 8, 421908).
cost(18, 9, 244923).
cost(18, 10, 286318).
cost(18, 11, 406604).
cost(18, 12, 346703).
cost(18, 13, 82613).
cost(18, 14, 249688).
cost(18, 15, 502266).
cost(18, 16, 253366).
cost(18, 17, 97584).
cost(18, 19, 274911).
cost(18, 20, 104082).
cost(18, 21, 164864).
cost(18, 22, 248254).
cost(18, 23, 289918).
cost(18, 24, 475992).
cost(18, 25, 129282).
cost(18, 26, 294078).
cost(18, 27, 234442).
cost(19, 1, 63797).
cost(19, 2, 593938).
cost(19, 3, 473589).
cost(19, 4, 151077).
cost(19, 5, 224618).
cost(19, 6, 441350).
cost(19, 7, 401444).
cost(19, 8, 655601).
cost(19, 9, 248084).
cost(19, 10, 132138).
cost(19, 11, 251989).
cost(19, 12, 382302).
cost(19, 13, 335138).
cost(19, 14, 289022).
cost(19, 15, 508947).
cost(19, 16, 359100).
cost(19, 17, 247734).
cost(19, 18, 274911).
cost(19, 20, 174916).
cost(19, 21, 436772).
cost(19, 22, 126013).
cost(19, 23, 179059).
cost(19, 24, 521512).
cost(19, 25, 231238).
cost(19, 26, 566228).
cost(19, 27, 500273).
cost(20, 1, 173618).
cost(20, 2, 489142).
cost(20, 3, 489712).
cost(20, 4, 107131).
cost(20, 5, 157500).
cost(20, 6, 301242).
cost(20, 7, 315429).
cost(20, 8, 491222).
cost(20, 9, 229991).
cost(20, 10, 216991).
cost(20, 11, 315084).
cost(20, 12, 311965).
cost(20, 13, 160770).
cost(20, 14, 252260).
cost(20, 15, 464036).
cost(20, 16, 287482).
cost(20, 17, 87010).
cost(20, 18, 104082).
cost(20, 19, 174916).
cost(20, 21, 262105).
cost(20, 22, 149779).
cost(20, 23, 236165).
cost(20, 24, 497995).
cost(20, 25, 90741).
cost(20, 26, 391424).
cost(20, 27, 325601).
cost(21, 1, 425793).
cost(21, 2, 410563).
cost(21, 3, 600361).
cost(21, 4, 325007).
cost(21, 5, 308604).
cost(21, 6, 204559).
cost(21, 7, 332895).
cost(21, 8, 284476).
cost(21, 9, 382633).
cost(21, 10, 448369).
cost(21, 11, 525631).
cost(21, 12, 387131).
cost(21, 13, 108079).
cost(21, 14, 373200).
cost(21, 15, 530236).
cost(21, 16, 342930).
cost(21, 17, 208839).
cost(21, 18, 164864).
cost(21, 19, 436772).
cost(21, 20, 262105).
cost(21, 22, 387923).
cost(21, 23, 446348).
cost(21, 24, 555532).
cost(21, 25, 240736).
cost(21, 26, 129583).
cost(21, 27, 74661).
cost(22, 1, 177116).
cost(22, 2, 634366).
cost(22, 3, 577822).
cost(22, 4, 204067).
cost(22, 5, 278160).
cost(22, 6, 451006).
cost(22, 7, 452469).
cost(22, 8, 564520).
cost(22, 9, 329771).
cost(22, 10, 246710).
cost(22, 11, 168149).
cost(22, 12, 256617).
cost(22, 13, 279871).
cost(22, 14, 363966).
cost(22, 15, 384721).
cost(22, 16, 417855).
cost(22, 17, 179438).
cost(22, 18, 248254).
cost(22, 19, 126013).
cost(22, 20, 149779).
cost(22, 21, 387923).
cost(22, 23, 287808).
cost(22, 24, 609539).
cost(22, 25, 150162).
cost(22, 26, 512126).
cost(22, 27, 439259).
cost(23, 1, 115698).
cost(23, 2, 465085).
cost(23, 3, 294582).
cost(23, 4, 132092).
cost(23, 5, 142662).
cost(23, 6, 367166).
cost(23, 7, 274053).
cost(23, 8, 711464).
cost(23, 9, 102136).
cost(23, 10, 48881).
cost(23, 11, 430911).
cost(23, 12, 527981).
cost(23, 13, 371133).
cost(23, 14, 144172).
cost(23, 15, 668854).
cost(23, 16, 226474).
cost(23, 17, 322463).
cost(23, 18, 289918).
cost(23, 19, 179059).
cost(23, 20, 236165).
cost(23, 21, 446348).
cost(23, 22, 287808).
cost(23, 24, 347512).
cost(23, 25, 325054).
cost(23, 26, 569548).
cost(23, 27, 519863).
cost(24, 1, 458075).
cost(24, 2, 265247).
cost(24, 3, 115887).
cost(24, 4, 407316).
cost(24, 5, 340805).
cost(24, 6, 362888).
cost(24, 7, 222747).
cost(24, 8, 836176).
cost(24, 9, 279816).
cost(24, 10, 396340).
cost(24, 11, 768413).
cost(24, 12, 808343).
cost(24, 13, 546030).
cost(24, 14, 247510).
cost(24, 15, 961811).
cost(24, 16, 223013).
cost(24, 17, 560466).
cost(24, 18, 475992).
cost(24, 19, 521512).
cost(24, 20, 497995).
cost(24, 21, 555532).
cost(24, 22, 609539).
cost(24, 23, 347512).
cost(24, 25, 581333).
cost(24, 26, 631816).
cost(24, 27, 622531).
cost(25, 1, 248991).
cost(25, 2, 544571).
cost(25, 3, 578820).
cost(25, 4, 197784).
cost(25, 5, 243892).
cost(25, 6, 340869).
cost(25, 7, 386049).
cost(25, 8, 424916).
cost(25, 9, 319391).
cost(25, 10, 301664).
cost(25, 11, 287901).
cost(25, 12, 227299).
cost(25, 13, 133257).
cost(25, 14, 338746).
cost(25, 15, 382035).
cost(25, 16, 364478).
cost(25, 17, 34426).
cost(25, 18, 129282).
cost(25, 19, 231238).
cost(25, 20, 90741).
cost(25, 21, 240736).
cost(25, 22, 150162).
cost(25, 23, 325054).
cost(25, 24, 581333).
cost(25, 26, 362539).
cost(25, 27, 289169).
cost(26, 1, 554922).
cost(26, 2, 438924).
cost(26, 3, 692976).
cost(26, 4, 452345).
cost(26, 5, 428697).
cost(26, 6, 269167).
cost(26, 7, 415961).
cost(26, 8, 219100).
cost(26, 9, 497688).
cost(26, 10, 574863).
cost(26, 11, 639834).
cost(26, 12, 469211).
cost(26, 13, 234009).
cost(26, 14, 481974).
cost(26, 15, 595720).
cost(26, 16, 437191).
cost(26, 17, 332876).
cost(26, 18, 294078).
cost(26, 19, 566228).
cost(26, 20, 391424).
cost(26, 21, 129583).
cost(26, 22, 512126).
cost(26, 23, 569548).
cost(26, 24, 631816).
cost(26, 25, 362539).
cost(26, 27, 76412).
cost(27, 1, 494050).
cost(27, 2, 457751).
cost(27, 3, 672039).
cost(27, 4, 396445).
cost(27, 5, 383024).
cost(27, 6, 263729).
cost(27, 7, 400901).
cost(27, 8, 213828).
cost(27, 9, 457293).
cost(27, 10, 520188).
cost(27, 11, 563782).
cost(27, 12, 395398).
cost(27, 13, 165208).
cost(27, 14, 447442).
cost(27, 15, 526567).
cost(27, 16, 414241).
cost(27, 17, 260922).
cost(27, 18, 234442).
cost(27, 19, 500273).
cost(27, 20, 325601).
cost(27, 21, 74661).
cost(27, 22, 439259).
cost(27, 23, 519863).
cost(27, 24, 622531).
cost(27, 25, 289169).
cost(27, 26, 76412).
