dimension(16).
point(1, 159641.0, -225785.0).
point(2, -67821.0, 404752.0).
point(3, 195526.0, -75247.0).
point(4, -300204.0, -316596.0).
point(5, -423080.0, 107782.0).
point(6, -21703.0, -211682.0).
point(7, -484215.0, -266181.0).
point(8, 232186.0, 233005.0).
point(9, -12574.0, -281688.0).
point(10, 969.0, -45460.0).
point(11, 160535.0, -29566.0).
point(12, 28393.0, -390487.0).
point(13, -605987.0, 201105.0).
point(14, -369506.0, 249816.0).
point(15, 469693.0, 345804.0).
point(16, -115416.0, 153572.0).
cost(1, 2, 670310).
cost(1, 3, 154756).
cost(1, 4, 468726).
cost(1, 5, 671439).
cost(1, 6, 181892).
cost(1, 7, 645122).
cost(1, 8, 464490).
cost(1, 9, 181061).
cost(1, 10, 240196).
cost(1, 11, 196221).
cost(1, 12, 210601).
cost(1, 13, 876596).
cost(1, 14, 711472).
cost(1, 15, 650266).
cost(1, 16, 468581).
cost(2, 1, 670310).
cost(2, 3, 547495).
cost(2, 4, 757855).
cost(2, 5, 463034).
cost(2, 6, 618157).
cost(2, 7, 789642).
cost(2, 8, 345690).
cost(2, 9, 688660).
cost(2, 10, 455437).
cost(2, 11, 490692).
cost(2, 12, 801038).
cost(2, 13, 575408).
cost(2, 14, 339145).
cost(2, 15, 540737).
cost(2, 16, 255650).
cost(3, 1, 154756).
cost(3, 2, 547495).
cost(3, 4, 551360).
cost(3, 5, 645115).
cost(3, 6, 256521).
cost(3, 7, 706048).
cost(3, 8, 310424).
cost(3, 9, 293127).
cost(3, 10, 196824).
cost(3, 11, 57542).
cost(3, 12, 356805).
cost(3, 13, 847817).
cost(3, 14, 651864).
cost(3, 15, 502446).
cost(3, 16, 386061).
cost(4, 1, 468726).
cost(4, 2, 757855).
cost(4, 3, 551360).
cost(4, 5, 441809).
cost(4, 6, 297607).
cost(4, 7, 190792).
cost(4, 8, 765180).
cost(4, 9, 289741).
cost(4, 10, 405241).
cost(4, 11, 542832).
cost(4, 12, 336802).
cost(4, 13, 601263).
cost(4, 14, 570636).
cost(4, 15, 1015635).
cost(4, 16, 505178).
cost(5, 1, 671439).
cost(5, 2, 463034).
cost(5, 3, 645115).
cost(5, 4, 441809).
cost(5, 6, 512992).
cost(5, 7, 378927).
cost(5, 8, 667124).
cost(5, 9, 565864).
cost(5, 10, 450889).
cost(5, 11, 599559).
cost(5, 12, 672384).
cost(5, 13, 205339).
cost(5, 14, 151802).
cost(5, 15, 923958).
cost(5, 16, 311053).
cost(6, 1, 181892).
cost(6, 2, 618157).
cost(6, 3, 256521).
cost(6, 4, 297607).
cost(6, 5, 512992).
cost(6, 7, 465712).
cost(6, 8, 512061).
cost(6, 9, 70599).
cost(6, 10, 167761).
cost(6, 11, 257637).
cost(6, 12, 185690).
cost(6, 13, 715389).
cost(6, 14, 577882).
cost(6, 15, 743142).
cost(6, 16, 377084).
cost(7, 1, 645122).
cost(7, 2, 789642).
cost(7, 3, 706048).
cost(7, 4, 190792).
cost(7, 5, 378927).
cost(7, 6, 465712).
cost(7, 8, 873165).
cost(7, 9, 471896).
cost(7, 10, 533030).
cost(7, 11, 686796).
cost(7, 12, 527465).
cost(7, 13, 482892).
cost(7, 14, 528593).
cost(7, 15, 1133343).
cost(7, 16, 558753).
cost(8, 1, 464490).
cost(8, 2, 345690).
cost(8, 3, 310424).
cost(8, 4, 765180).
cost(8, 5, 667124).
cost(8, 6, 512061).
cost(8, 7, 873165).
cost(8, 9, 569927).
cost(8, 10, 361945).
cost(8, 11, 272172).
cost(8, 12, 655953).
cost(8, 13, 838780).
cost(8, 14, 601927).
cost(8, 15, 262932).
cost(8, 16, 356562).
cost(9, 1, 181061).
cost(9, 2, 688660).
cost(9, 3, 293127).
cost(9, 4, 289741).
cost(9, 5, 565864).
cost(9, 6, 70599).
cost(9, 7, 471896).
cost(9, 8, 569927).
cost(9, 10, 236616).
cost(9, 11, 305830).
cost(9, 12, 116256).
cost(9, 13, 765002).
cost(9, 14, 640232).
cost(9, 15, 791409).
cost(9, 16, 447245).
cost(10, 1, 240196).
cost(10, 2, 455437).
cost(10, 3, 196824).
cost(10, 4, 405241).
cost(10, 5, 450889).
cost(10, 6, 167761).
cost(10, 7, 533030).
cost(10, 8, 361945).
cost(10, 9, 236616).
cost(10, 11, 160356).
cost(10, 12, 346115).
cost(10, 13, 655126).
cost(10, 14, 473751).
cost(10, 15, 610565).
cost(10, 16, 230563).
cost(11, 1, 196221).
cost(11, 2, 490692).
cost(11, 3, 57542).
cost(11, 4, 542832).
cost(11, 5, 599559).
cost(11, 6, 257637).
cost(11, 7, 686796).
cost(11, 8, 272172).
cost(11, 9, 305830).
cost(11, 10, 160356).
cost(11, 12, 384351).
cost(11, 13, 800478).
cost(11, 14, 599164).
cost(11, 15, 486293).
cost(11, 16, 331193).
cost(12, 1, 210601).
cost(12, 2, 801038).
cost(12, 3, 356805).
cost(12, 4, 336802).
cost(12, 5, 672384).
cost(12, 6, 185690).
cost(12, 7, 527465).
cost(12, 8, 655953).
cost(12, 9, 116256).
cost(12, 10, 346115).
cost(12, 11, 384351).
cost(12, 13, 867421).
cost(12, 14, 753864).
cost(12, 15, 858411).
cost(12, 16, 562744).
cost(13, 1, 876596).
cost(13, 2, 575408).
cost(13, 3, 847817).
cost(13, 4, 601263).
cost(13, 5, 205339).
cost(13, 6, 715389).
cost(13, 7, 482892).
cost(13, 8, 838780).
cost(13, 9, 765002).
cost(13, 10, 655126).
cost(13, 11, 800478).
cost(13, 12, 867421).
cost(13, 14, 241446).
cost(13, 15, 1085369).
cost(13, 16, 492868).
cost(14, 1, 711472).
cost(14, 2, 339145).
cost(14, 3, 651864).
cost(14, 4, 570636).
cost(14, 5, 151802).
cost(14, 6, 577882).
cost(14, 7, 528593).
cost(14, 8, 601927).
cost(14, 9, 640232).
cost(14, 10, 473751).
cost(14, 11, 599164).
cost(14, 12, 753864).
cost(14, 13, 241446).
cost(14, 15, 844671).
cost(14, 16, 271707).
cost(15, 1, 650266).
cost(15, 2, 540737).
cost(15, 3, 502446).
cost(15, 4, 1015635).
cost(15, 5, 923958).
cost(15, 6, 743142).
cost(15, 7, 1133343).
cost(15, 8, 262932).
cost(15, 9, 791409).
cost(15, 10, 610565).
cost(15, 11, 486293).
cost(15, 12, 858411).
cost(15, 13, 1085369).
cost(15, 14, 844671).
cost(15, 16, 615878).
cost(16, 1, 468581).
cost(16, 2, 255650).
cost(16, 3, 386061).
cost(16, 4, 505178).
cost(16, 5, 311053).
cost(16, 6, 377084).
cost(16, 7, 558753).
cost(16, 8, 356562).
cost(16, 9, 447245).
cost(16, 10, 230563).
cost(16, 11, 331193).
cost(16, 12, 562744).
cost(16, 13, 492868).
cost(16, 14, 271707).
cost(16, 15, 615878).
nocross(1,3).
nocross(1,6).
nocross(1,9).
nocross(2,9).
nocross(2,14).
nocross(3,10).
nocross(3,15).
nocross(3,16).
nocross(4,3).
nocross(4,6).
nocross(4,9).
nocross(5,2).
nocross(5,16).
nocross(6,3).
nocross(6,7).
nocross(6,9).
nocross(7,6).
nocross(7,9).
nocross(8,2).
nocross(8,3).
nocross(8,11).
nocross(8,14).
nocross(9,3).
nocross(10,8).
nocross(10,9).
nocross(10,14).
nocross(11,3).
nocross(11,16).
nocross(12,3).
nocross(12,4).
nocross(12,9).
nocross(12,10).
nocross(13,5).
nocross(13,7).
nocross(13,14).
nocross(14,2).
nocross(14,5).
nocross(15,2).
nocross(15,3).
nocross(16,2).
nocross(16,3).
nocross(16,5).
nocross(16,10).
nocross(16,14).
