dimension(16).
point(1, 125801.0, 256915.0).
point(2, 3229.0, 38704.0).
point(3, -227552.0, -112945.0).
point(4, 162609.0, 300690.0).
point(5, -370090.0, -287093.0).
point(6, -50936.0, 133865.0).
point(7, -16938.0, 495792.0).
point(8, 348001.0, 192972.0).
point(9, 195690.0, 265745.0).
point(10, 139456.0, -12735.0).
point(11, 308312.0, -19766.0).
point(12, 376442.0, 311714.0).
point(13, 151997.0, -248160.0).
point(14, 108404.0, -26855.0).
point(15, -326740.0, 353611.0).
point(16, 471718.0, 691303.0).
cost(1, 2, 250280).
cost(1, 3, 511522).
cost(1, 4, 57193).
cost(1, 5, 736106).
cost(1, 6, 215354).
cost(1, 7, 278274).
cost(1, 8, 231218).
cost(1, 9, 70445).
cost(1, 10, 269996).
cost(1, 11, 331455).
cost(1, 12, 256562).
cost(1, 13, 505754).
cost(1, 14, 284303).
cost(1, 15, 462756).
cost(1, 16, 555294).
cost(2, 1, 250280).
cost(2, 3, 276147).
cost(2, 4, 306657).
cost(2, 5, 495490).
cost(2, 6, 109496).
cost(2, 7, 457533).
cost(2, 8, 377712).
cost(2, 9, 297639).
cost(2, 10, 145615).
cost(2, 11, 310635).
cost(2, 12, 462409).
cost(2, 13, 323145).
cost(2, 14, 123935).
cost(2, 15, 456121).
cost(2, 16, 803348).
cost(3, 1, 511522).
cost(3, 2, 276147).
cost(3, 4, 568612).
cost(3, 5, 225044).
cost(3, 6, 303494).
cost(3, 7, 644142).
cost(3, 8, 651802).
cost(3, 9, 567926).
cost(3, 10, 380443).
cost(3, 11, 543905).
cost(3, 12, 738339).
cost(3, 13, 402915).
cost(3, 14, 346811).
cost(3, 15, 476983).
cost(3, 16, 1065736).
cost(4, 1, 57193).
cost(4, 2, 306657).
cost(4, 3, 568612).
cost(4, 5, 793257).
cost(4, 6, 270983).
cost(4, 7, 265145).
cost(4, 8, 214414).
cost(4, 9, 48120).
cost(4, 10, 314279).
cost(4, 11, 352025).
cost(4, 12, 214117).
cost(4, 13, 548953).
cost(4, 14, 332000).
cost(4, 15, 492202).
cost(4, 16, 498123).
cost(5, 1, 736106).
cost(5, 2, 495490).
cost(5, 3, 225044).
cost(5, 4, 793257).
cost(5, 6, 528266).
cost(5, 7, 858851).
cost(5, 8, 863781).
cost(5, 9, 791035).
cost(5, 10, 578714).
cost(5, 11, 729173).
cost(5, 12, 957016).
cost(5, 13, 523537).
cost(5, 14, 544684).
cost(5, 15, 642169).
cost(5, 16, 1290697).
cost(6, 1, 215354).
cost(6, 2, 109496).
cost(6, 3, 303494).
cost(6, 4, 270983).
cost(6, 5, 528266).
cost(6, 7, 363520).
cost(6, 8, 403292).
cost(6, 9, 279673).
cost(6, 10, 240293).
cost(6, 11, 390719).
cost(6, 12, 462906).
cost(6, 13, 432579).
cost(6, 14, 226319).
cost(6, 15, 352642).
cost(6, 16, 764136).
cost(7, 1, 278274).
cost(7, 2, 457533).
cost(7, 3, 644142).
cost(7, 4, 265145).
cost(7, 5, 858851).
cost(7, 6, 363520).
cost(7, 8, 474216).
cost(7, 9, 313261).
cost(7, 10, 532033).
cost(7, 11, 609580).
cost(7, 12, 434318).
cost(7, 13, 762892).
cost(7, 14, 537467).
cost(7, 15, 340871).
cost(7, 16, 526317).
cost(8, 1, 231218).
cost(8, 2, 377712).
cost(8, 3, 651802).
cost(8, 4, 214414).
cost(8, 5, 863781).
cost(8, 6, 403292).
cost(8, 7, 474216).
cost(8, 9, 168803).
cost(8, 10, 292927).
cost(8, 11, 216409).
cost(8, 12, 122101).
cost(8, 13, 482716).
cost(8, 14, 325162).
cost(8, 15, 693600).
cost(8, 16, 513459).
cost(9, 1, 70445).
cost(9, 2, 297639).
cost(9, 3, 567926).
cost(9, 4, 48120).
cost(9, 5, 791035).
cost(9, 6, 279673).
cost(9, 7, 313261).
cost(9, 8, 168803).
cost(9, 10, 284101).
cost(9, 11, 306921).
cost(9, 12, 186506).
cost(9, 13, 515759).
cost(9, 14, 305342).
cost(9, 15, 529767).
cost(9, 16, 507239).
cost(10, 1, 269996).
cost(10, 2, 145615).
cost(10, 3, 380443).
cost(10, 4, 314279).
cost(10, 5, 578714).
cost(10, 6, 240293).
cost(10, 7, 532033).
cost(10, 8, 292927).
cost(10, 9, 284101).
cost(10, 11, 169002).
cost(10, 12, 401783).
cost(10, 13, 235759).
cost(10, 14, 34112).
cost(10, 15, 592915).
cost(10, 16, 778503).
cost(11, 1, 331455).
cost(11, 2, 310635).
cost(11, 3, 543905).
cost(11, 4, 352025).
cost(11, 5, 729173).
cost(11, 6, 390719).
cost(11, 7, 609580).
cost(11, 8, 216409).
cost(11, 9, 306921).
cost(11, 10, 169002).
cost(11, 12, 338409).
cost(11, 13, 276764).
cost(11, 14, 200034).
cost(11, 15, 736683).
cost(11, 16, 729603).
cost(12, 1, 256562).
cost(12, 2, 462409).
cost(12, 3, 738339).
cost(12, 4, 214117).
cost(12, 5, 957016).
cost(12, 6, 462906).
cost(12, 7, 434318).
cost(12, 8, 122101).
cost(12, 9, 186506).
cost(12, 10, 401783).
cost(12, 11, 338409).
cost(12, 13, 603187).
cost(12, 14, 431826).
cost(12, 15, 704429).
cost(12, 16, 391363).
cost(13, 1, 505754).
cost(13, 2, 323145).
cost(13, 3, 402915).
cost(13, 4, 548953).
cost(13, 5, 523537).
cost(13, 6, 432579).
cost(13, 7, 762892).
cost(13, 8, 482716).
cost(13, 9, 515759).
cost(13, 10, 235759).
cost(13, 11, 276764).
cost(13, 12, 603187).
cost(13, 14, 225558).
cost(13, 15, 768972).
cost(13, 16, 992377).
cost(14, 1, 284303).
cost(14, 2, 123935).
cost(14, 3, 346811).
cost(14, 4, 332000).
cost(14, 5, 544684).
cost(14, 6, 226319).
cost(14, 7, 537467).
cost(14, 8, 325162).
cost(14, 9, 305342).
cost(14, 10, 34112).
cost(14, 11, 200034).
cost(14, 12, 431826).
cost(14, 13, 225558).
cost(14, 15, 578018).
cost(14, 16, 804828).
cost(15, 1, 462756).
cost(15, 2, 456121).
cost(15, 3, 476983).
cost(15, 4, 492202).
cost(15, 5, 642169).
cost(15, 6, 352642).
cost(15, 7, 340871).
cost(15, 8, 693600).
cost(15, 9, 529767).
cost(15, 10, 592915).
cost(15, 11, 736683).
cost(15, 12, 704429).
cost(15, 13, 768972).
cost(15, 14, 578018).
cost(15, 16, 866932).
cost(16, 1, 555294).
cost(16, 2, 803348).
cost(16, 3, 1065736).
cost(16, 4, 498123).
cost(16, 5, 1290697).
cost(16, 6, 764136).
cost(16, 7, 526317).
cost(16, 8, 513459).
cost(16, 9, 507239).
cost(16, 10, 778503).
cost(16, 11, 729603).
cost(16, 12, 391363).
cost(16, 13, 992377).
cost(16, 14, 804828).
cost(16, 15, 866932).
nocross(1,2).
nocross(1,10).
nocross(2,3).
nocross(2,13).
nocross(2,14).
nocross(3,2).
nocross(3,5).
nocross(3,6).
nocross(3,13).
nocross(4,1).
nocross(4,10).
nocross(4,11).
nocross(4,12).
nocross(5,2).
nocross(5,13).
nocross(6,3).
nocross(7,1).
nocross(7,4).
nocross(7,6).
nocross(7,10).
nocross(7,12).
nocross(8,10).
nocross(8,11).
nocross(8,12).
nocross(9,4).
nocross(9,10).
nocross(10,5).
nocross(10,8).
nocross(10,14).
nocross(11,9).
nocross(11,13).
nocross(12,4).
nocross(12,8).
nocross(12,9).
nocross(12,10).
nocross(13,3).
nocross(13,5).
nocross(13,10).
nocross(13,11).
nocross(13,14).
nocross(14,2).
nocross(14,3).
nocross(14,10).
nocross(14,13).
nocross(15,3).
nocross(15,5).
nocross(15,6).
nocross(16,4).
nocross(16,7).
nocross(16,8).
nocross(16,10).
nocross(16,12).
