dimension(16).
point(1, -439758.0, -2240.0).
point(2, 104695.0, -312476.0).
point(3, -391635.0, 82319.0).
point(4, -213544.0, 16760.0).
point(5, 204187.0, -185780.0).
point(6, 110241.0, -680828.0).
point(7, 209525.0, -132021.0).
point(8, 251723.0, 409453.0).
point(9, 91366.0, -152162.0).
point(10, -153439.0, -251502.0).
point(11, 39552.0, 34359.0).
point(12, 97626.0, 339088.0).
point(13, -466301.0, -255909.0).
point(14, 441379.0, 285325.0).
point(15, 44951.0, -22862.0).
point(16, -220070.0, 234452.0).
cost(1, 2, 626638).
cost(1, 3, 97294).
cost(1, 4, 227011).
cost(1, 5, 669591).
cost(1, 6, 873488).
cost(1, 7, 662127).
cost(1, 8, 804759).
cost(1, 9, 551878).
cost(1, 10, 379618).
cost(1, 11, 480705).
cost(1, 12, 636621).
cost(1, 13, 255054).
cost(1, 14, 926874).
cost(1, 15, 485147).
cost(1, 16, 322933).
cost(2, 1, 626638).
cost(2, 3, 634198).
cost(2, 4, 457900).
cost(2, 5, 161092).
cost(2, 6, 368394).
cost(2, 7, 208694).
cost(2, 8, 736749).
cost(2, 9, 160867).
cost(2, 10, 265238).
cost(2, 11, 352900).
cost(2, 12, 651602).
cost(2, 13, 573791).
cost(2, 14, 686092).
cost(2, 15, 295712).
cost(2, 16, 636084).
cost(3, 1, 97294).
cost(3, 2, 634198).
cost(3, 4, 189775).
cost(3, 5, 653361).
cost(3, 6, 913385).
cost(3, 7, 638228).
cost(3, 8, 721752).
cost(3, 9, 536909).
cost(3, 10, 410090).
cost(3, 11, 433846).
cost(3, 12, 552546).
cost(3, 13, 346371).
cost(3, 14, 857394).
cost(3, 15, 449077).
cost(3, 16, 229301).
cost(4, 1, 227011).
cost(4, 2, 457900).
cost(4, 3, 189775).
cost(4, 5, 464243).
cost(4, 6, 769068).
cost(4, 7, 448468).
cost(4, 8, 608836).
cost(4, 9, 348575).
cost(4, 10, 274913).
cost(4, 11, 253707).
cost(4, 12, 448020).
cost(4, 13, 371799).
cost(4, 14, 707850).
cost(4, 15, 261514).
cost(4, 16, 217790).
cost(5, 1, 669591).
cost(5, 2, 161092).
cost(5, 3, 653361).
cost(5, 4, 464243).
cost(5, 6, 503883).
cost(5, 7, 54023).
cost(5, 8, 597128).
cost(5, 9, 117723).
cost(5, 10, 363615).
cost(5, 11, 274892).
cost(5, 12, 535576).
cost(5, 13, 674146).
cost(5, 14, 527447).
cost(5, 15, 227812).
cost(5, 16, 597151).
cost(6, 1, 873488).
cost(6, 2, 368394).
cost(6, 3, 913385).
cost(6, 4, 769068).
cost(6, 5, 503883).
cost(6, 7, 557715).
cost(6, 8, 1099422).
cost(6, 9, 529003).
cost(6, 10, 503833).
cost(6, 11, 718672).
cost(6, 12, 1019994).
cost(6, 13, 716210).
cost(6, 14, 1021325).
cost(6, 15, 661197).
cost(6, 16, 973058).
cost(7, 1, 662127).
cost(7, 2, 208694).
cost(7, 3, 638228).
cost(7, 4, 448468).
cost(7, 5, 54023).
cost(7, 6, 557715).
cost(7, 8, 543116).
cost(7, 9, 119863).
cost(7, 10, 382124).
cost(7, 11, 237851).
cost(7, 12, 484216).
cost(7, 13, 687087).
cost(7, 14, 477424).
cost(7, 15, 197485).
cost(7, 16, 564672).
cost(8, 1, 804759).
cost(8, 2, 736749).
cost(8, 3, 721752).
cost(8, 4, 608836).
cost(8, 5, 597128).
cost(8, 6, 1099422).
cost(8, 7, 543116).
cost(8, 9, 584060).
cost(8, 10, 775253).
cost(8, 11, 430943).
cost(8, 12, 169402).
cost(8, 13, 978910).
cost(8, 14, 226665).
cost(8, 15, 479219).
cost(8, 16, 503204).
cost(9, 1, 551878).
cost(9, 2, 160867).
cost(9, 3, 536909).
cost(9, 4, 348575).
cost(9, 5, 117723).
cost(9, 6, 529003).
cost(9, 7, 119863).
cost(9, 8, 584060).
cost(9, 10, 264193).
cost(9, 11, 193584).
cost(9, 12, 491290).
cost(9, 13, 567235).
cost(9, 14, 560271).
cost(9, 15, 137378).
cost(9, 16, 496450).
cost(10, 1, 379618).
cost(10, 2, 265238).
cost(10, 3, 410090).
cost(10, 4, 274913).
cost(10, 5, 363615).
cost(10, 6, 503833).
cost(10, 7, 382124).
cost(10, 8, 775253).
cost(10, 9, 264193).
cost(10, 11, 344909).
cost(10, 12, 641740).
cost(10, 13, 312893).
cost(10, 14, 801244).
cost(10, 15, 302712).
cost(10, 16, 490501).
cost(11, 1, 480705).
cost(11, 2, 352900).
cost(11, 3, 433846).
cost(11, 4, 253707).
cost(11, 5, 274892).
cost(11, 6, 718672).
cost(11, 7, 237851).
cost(11, 8, 430943).
cost(11, 9, 193584).
cost(11, 10, 344909).
cost(11, 12, 310213).
cost(11, 13, 583218).
cost(11, 14, 473760).
cost(11, 15, 57475).
cost(11, 16, 327782).
cost(12, 1, 636621).
cost(12, 2, 651602).
cost(12, 3, 552546).
cost(12, 4, 448020).
cost(12, 5, 535576).
cost(12, 6, 1019994).
cost(12, 7, 484216).
cost(12, 8, 169402).
cost(12, 9, 491290).
cost(12, 10, 641740).
cost(12, 11, 310213).
cost(12, 13, 819777).
cost(12, 14, 347932).
cost(12, 15, 365763).
cost(12, 16, 334484).
cost(13, 1, 255054).
cost(13, 2, 573791).
cost(13, 3, 346371).
cost(13, 4, 371799).
cost(13, 5, 674146).
cost(13, 6, 716210).
cost(13, 7, 687087).
cost(13, 8, 978910).
cost(13, 9, 567235).
cost(13, 10, 312893).
cost(13, 11, 583218).
cost(13, 12, 819777).
cost(13, 14, 1056796).
cost(13, 15, 561863).
cost(13, 16, 548711).
cost(14, 1, 926874).
cost(14, 2, 686092).
cost(14, 3, 857394).
cost(14, 4, 707850).
cost(14, 5, 527447).
cost(14, 6, 1021325).
cost(14, 7, 477424).
cost(14, 8, 226665).
cost(14, 9, 560271).
cost(14, 10, 801244).
cost(14, 11, 473760).
cost(14, 12, 347932).
cost(14, 13, 1056796).
cost(14, 15, 502130).
cost(14, 16, 663402).
cost(15, 1, 485147).
cost(15, 2, 295712).
cost(15, 3, 449077).
cost(15, 4, 261514).
cost(15, 5, 227812).
cost(15, 6, 661197).
cost(15, 7, 197485).
cost(15, 8, 479219).
cost(15, 9, 137378).
cost(15, 10, 302712).
cost(15, 11, 57475).
cost(15, 12, 365763).
cost(15, 13, 561863).
cost(15, 14, 502130).
cost(15, 16, 369387).
cost(16, 1, 322933).
cost(16, 2, 636084).
cost(16, 3, 229301).
cost(16, 4, 217790).
cost(16, 5, 597151).
cost(16, 6, 973058).
cost(16, 7, 564672).
cost(16, 8, 503204).
cost(16, 9, 496450).
cost(16, 10, 490501).
cost(16, 11, 327782).
cost(16, 12, 334484).
cost(16, 13, 548711).
cost(16, 14, 663402).
cost(16, 15, 369387).
nocross(2,5).
nocross(2,7).
nocross(2,15).
nocross(4,7).
nocross(4,14).
nocross(4,15).
nocross(5,7).
nocross(5,9).
nocross(5,15).
nocross(6,15).
nocross(7,5).
nocross(7,11).
nocross(7,14).
nocross(7,15).
nocross(8,12).
nocross(8,16).
nocross(9,4).
nocross(9,5).
nocross(9,7).
nocross(9,14).
nocross(10,1).
nocross(10,5).
nocross(11,7).
nocross(11,12).
nocross(11,14).
nocross(11,15).
nocross(11,16).
nocross(12,7).
nocross(12,8).
nocross(12,11).
nocross(12,15).
nocross(12,16).
nocross(13,4).
nocross(14,7).
nocross(14,15).
nocross(14,16).
nocross(15,4).
nocross(15,7).
nocross(15,8).
nocross(15,14).
nocross(16,7).
nocross(16,8).
nocross(16,11).
nocross(16,15).
