dimension(16).
point(1, -7756.0, 299479.0).
point(2, 396008.0, 154768.0).
point(3, -285132.0, 201002.0).
point(4, 75875.0, -94288.0).
point(5, -49670.0, -142870.0).
point(6, 90313.0, -57866.0).
point(7, -204451.0, 171202.0).
point(8, -142851.0, -46963.0).
point(9, 180061.0, 6830.0).
point(10, -142185.0, 103910.0).
point(11, 55504.0, 249856.0).
point(12, -69268.0, 363825.0).
point(13, 364532.0, -100690.0).
point(14, -45327.0, 32403.0).
point(15, 576001.0, 26776.0).
point(16, -278312.0, 238062.0).
cost(1, 2, 428913).
cost(1, 3, 294339).
cost(1, 4, 402550).
cost(1, 5, 444330).
cost(1, 6, 370558).
cost(1, 7, 234827).
cost(1, 8, 371850).
cost(1, 9, 347734).
cost(1, 10, 237315).
cost(1, 11, 80401).
cost(1, 12, 89018).
cost(1, 13, 546565).
cost(1, 14, 269706).
cost(1, 15, 644313).
cost(1, 16, 277439).
cost(2, 1, 428913).
cost(2, 3, 682707).
cost(2, 4, 405603).
cost(2, 5, 535927).
cost(2, 6, 372374).
cost(2, 7, 600684).
cost(2, 8, 575382).
cost(2, 9, 261761).
cost(2, 10, 540591).
cost(2, 11, 353532).
cost(2, 12, 510085).
cost(2, 13, 257390).
cost(2, 14, 457984).
cost(2, 15, 220861).
cost(2, 16, 679445).
cost(3, 1, 294339).
cost(3, 2, 682707).
cost(3, 4, 466393).
cost(3, 5, 416762).
cost(3, 6, 456039).
cost(3, 7, 86009).
cost(3, 8, 285886).
cost(3, 9, 504091).
cost(3, 10, 172802).
cost(3, 11, 344121).
cost(3, 12, 270386).
cost(3, 13, 716297).
cost(3, 14, 293142).
cost(3, 15, 878581).
cost(3, 16, 37682).
cost(4, 1, 402550).
cost(4, 2, 405603).
cost(4, 3, 466393).
cost(4, 5, 134617).
cost(4, 6, 39179).
cost(4, 7, 386093).
cost(4, 8, 223787).
cost(4, 9, 145188).
cost(4, 10, 294674).
cost(4, 11, 344746).
cost(4, 12, 480556).
cost(4, 13, 288728).
cost(4, 14, 175330).
cost(4, 15, 514570).
cost(4, 16, 485700).
cost(5, 1, 444330).
cost(5, 2, 535927).
cost(5, 3, 416762).
cost(5, 4, 134617).
cost(5, 6, 163771).
cost(5, 7, 350141).
cost(5, 8, 133719).
cost(5, 9, 274201).
cost(5, 10, 263552).
cost(5, 11, 406565).
cost(5, 12, 507074).
cost(5, 13, 416344).
cost(5, 14, 175327).
cost(5, 15, 648262).
cost(5, 16, 444282).
cost(6, 1, 370558).
cost(6, 2, 372374).
cost(6, 3, 456039).
cost(6, 4, 39179).
cost(6, 5, 163771).
cost(6, 7, 373307).
cost(6, 8, 233419).
cost(6, 9, 110636).
cost(6, 10, 283243).
cost(6, 11, 309685).
cost(6, 12, 450876).
cost(6, 13, 277543).
cost(6, 14, 162932).
cost(6, 15, 493008).
cost(6, 16, 472713).
cost(7, 1, 234827).
cost(7, 2, 600684).
cost(7, 3, 86009).
cost(7, 4, 386093).
cost(7, 5, 350141).
cost(7, 6, 373307).
cost(7, 8, 226695).
cost(7, 9, 418172).
cost(7, 10, 91680).
cost(7, 11, 271594).
cost(7, 12, 235325).
cost(7, 13, 630608).
cost(7, 14, 211153).
cost(7, 15, 793703).
cost(7, 16, 99628).
cost(8, 1, 371850).
cost(8, 2, 575382).
cost(8, 3, 285886).
cost(8, 4, 223787).
cost(8, 5, 133719).
cost(8, 6, 233419).
cost(8, 7, 226695).
cost(8, 9, 327362).
cost(8, 10, 150874).
cost(8, 11, 356996).
cost(8, 12, 417326).
cost(8, 13, 510220).
cost(8, 14, 125737).
cost(8, 15, 722624).
cost(8, 16, 315577).
cost(9, 1, 347734).
cost(9, 2, 261761).
cost(9, 3, 504091).
cost(9, 4, 145188).
cost(9, 5, 274201).
cost(9, 6, 110636).
cost(9, 7, 418172).
cost(9, 8, 327362).
cost(9, 10, 336552).
cost(9, 11, 273086).
cost(9, 12, 435443).
cost(9, 13, 213518).
cost(9, 14, 226834).
cost(9, 15, 396442).
cost(9, 16, 513395).
cost(10, 1, 237315).
cost(10, 2, 540591).
cost(10, 3, 172802).
cost(10, 4, 294674).
cost(10, 5, 263552).
cost(10, 6, 283243).
cost(10, 7, 91680).
cost(10, 8, 150874).
cost(10, 9, 336552).
cost(10, 11, 245726).
cost(10, 12, 269949).
cost(10, 13, 546464).
cost(10, 14, 120394).
cost(10, 15, 722316).
cost(10, 16, 191121).
cost(11, 1, 80401).
cost(11, 2, 353532).
cost(11, 3, 344121).
cost(11, 4, 344746).
cost(11, 5, 406565).
cost(11, 6, 309685).
cost(11, 7, 271594).
cost(11, 8, 356996).
cost(11, 9, 273086).
cost(11, 10, 245726).
cost(11, 12, 168988).
cost(11, 13, 467312).
cost(11, 14, 239693).
cost(11, 15, 566288).
cost(11, 16, 334024).
cost(12, 1, 89018).
cost(12, 2, 510085).
cost(12, 3, 270386).
cost(12, 4, 480556).
cost(12, 5, 507074).
cost(12, 6, 450876).
cost(12, 7, 235325).
cost(12, 8, 417326).
cost(12, 9, 435443).
cost(12, 10, 269949).
cost(12, 11, 168988).
cost(12, 13, 635576).
cost(12, 14, 332286).
cost(12, 15, 727993).
cost(12, 16, 243958).
cost(13, 1, 546565).
cost(13, 2, 257390).
cost(13, 3, 716297).
cost(13, 4, 288728).
cost(13, 5, 416344).
cost(13, 6, 277543).
cost(13, 7, 630608).
cost(13, 8, 510220).
cost(13, 9, 213518).
cost(13, 10, 546464).
cost(13, 11, 467312).
cost(13, 12, 635576).
cost(13, 14, 430927).
cost(13, 15, 246914).
cost(13, 16, 726637).
cost(14, 1, 269706).
cost(14, 2, 457984).
cost(14, 3, 293142).
cost(14, 4, 175330).
cost(14, 5, 175327).
cost(14, 6, 162932).
cost(14, 7, 211153).
cost(14, 8, 125737).
cost(14, 9, 226834).
cost(14, 10, 120394).
cost(14, 11, 239693).
cost(14, 12, 332286).
cost(14, 13, 430927).
cost(14, 15, 621353).
cost(14, 16, 310769).
cost(15, 1, 644313).
cost(15, 2, 220861).
cost(15, 3, 878581).
cost(15, 4, 514570).
cost(15, 5, 648262).
cost(15, 6, 493008).
cost(15, 7, 793703).
cost(15, 8, 722624).
cost(15, 9, 396442).
cost(15, 10, 722316).
cost(15, 11, 566288).
cost(15, 12, 727993).
cost(15, 13, 246914).
cost(15, 14, 621353).
cost(15, 16, 880053).
cost(16, 1, 277439).
cost(16, 2, 679445).
cost(16, 3, 37682).
cost(16, 4, 485700).
cost(16, 5, 444282).
cost(16, 6, 472713).
cost(16, 7, 99628).
cost(16, 8, 315577).
cost(16, 9, 513395).
cost(16, 10, 191121).
cost(16, 11, 334024).
cost(16, 12, 243958).
cost(16, 13, 726637).
cost(16, 14, 310769).
cost(16, 15, 880053).
nocross(1,11).
nocross(1,12).
nocross(1,16).
nocross(2,1).
nocross(2,14).
nocross(3,7).
nocross(5,3).
nocross(5,14).
nocross(5,16).
nocross(6,1).
nocross(6,5).
nocross(6,9).
nocross(6,16).
nocross(7,3).
nocross(7,14).
nocross(7,16).
nocross(8,1).
nocross(8,3).
nocross(8,4).
nocross(8,5).
nocross(8,14).
nocross(8,16).
nocross(9,1).
nocross(10,3).
nocross(10,12).
nocross(10,14).
nocross(11,16).
nocross(12,1).
nocross(12,16).
nocross(13,1).
nocross(13,6).
nocross(13,9).
nocross(13,15).
nocross(14,1).
nocross(14,6).
nocross(14,9).
nocross(16,3).
