dimension(16).
point(1, 182224.0, 20801.0).
point(2, 77304.0, -19802.0).
point(3, 36839.0, 55723.0).
point(4, -269584.0, 350186.0).
point(5, -286303.0, 37685.0).
point(6, 23014.0, -44870.0).
point(7, 170147.0, 217293.0).
point(8, 230952.0, 246770.0).
point(9, 40852.0, -266840.0).
point(10, 255872.0, 11337.0).
point(11, 27217.0, -182178.0).
point(12, 144901.0, 224916.0).
point(13, -119810.0, 415802.0).
point(14, -58468.0, 201827.0).
point(15, -84782.0, 92386.0).
point(16, 475987.0, 315327.0).
cost(1, 2, 112502).
cost(1, 3, 149520).
cost(1, 4, 559129).
cost(1, 5, 468831).
cost(1, 6, 172222).
cost(1, 7, 196863).
cost(1, 8, 231163).
cost(1, 9, 320505).
cost(1, 10, 74254).
cost(1, 11, 255397).
cost(1, 12, 207499).
cost(1, 13, 497243).
cost(1, 14, 301169).
cost(1, 15, 276436).
cost(1, 16, 415983).
cost(2, 1, 112502).
cost(2, 3, 85682).
cost(2, 4, 507171).
cost(2, 5, 368123).
cost(2, 6, 59798).
cost(2, 7, 254625).
cost(2, 8, 307682).
cost(2, 9, 249713).
cost(2, 10, 181263).
cost(2, 11, 169925).
cost(2, 12, 253882).
cost(2, 13, 478126).
cost(2, 14, 259910).
cost(2, 15, 197124).
cost(2, 16, 520826).
cost(3, 1, 149520).
cost(3, 2, 85682).
cost(3, 4, 424975).
cost(3, 5, 323645).
cost(3, 6, 101539).
cost(3, 7, 209466).
cost(3, 8, 272358).
cost(3, 9, 322588).
cost(3, 10, 223485).
cost(3, 11, 238096).
cost(3, 12, 200758).
cost(3, 13, 392678).
cost(3, 14, 174441).
cost(3, 15, 127027).
cost(3, 16, 510142).
cost(4, 1, 559129).
cost(4, 2, 507171).
cost(4, 3, 424975).
cost(4, 5, 312948).
cost(4, 6, 491612).
cost(4, 7, 459373).
cost(4, 8, 511108).
cost(4, 9, 690718).
cost(4, 10, 625238).
cost(4, 11, 609510).
cost(4, 12, 433002).
cost(4, 13, 163517).
cost(4, 14, 258032).
cost(4, 15, 317195).
cost(4, 16, 746385).
cost(5, 1, 468831).
cost(5, 2, 368123).
cost(5, 3, 323645).
cost(5, 4, 312948).
cost(5, 6, 320144).
cost(5, 7, 490516).
cost(5, 8, 557915).
cost(5, 9, 446952).
cost(5, 10, 542815).
cost(5, 11, 382929).
cost(5, 12, 470098).
cost(5, 13, 413149).
cost(5, 14, 280805).
cost(5, 15, 208813).
cost(5, 16, 811277).
cost(6, 1, 172222).
cost(6, 2, 59798).
cost(6, 3, 101539).
cost(6, 4, 491612).
cost(6, 5, 320144).
cost(6, 7, 300629).
cost(6, 8, 358179).
cost(6, 9, 222686).
cost(6, 10, 239546).
cost(6, 11, 137372).
cost(6, 12, 296042).
cost(6, 13, 482304).
cost(6, 14, 259805).
cost(6, 15, 174526).
cost(6, 16, 578728).
cost(7, 1, 196863).
cost(7, 2, 254625).
cost(7, 3, 209466).
cost(7, 4, 459373).
cost(7, 5, 490516).
cost(7, 6, 300629).
cost(7, 8, 67573).
cost(7, 9, 501101).
cost(7, 10, 223084).
cost(7, 11, 424271).
cost(7, 12, 26372).
cost(7, 13, 351398).
cost(7, 14, 229138).
cost(7, 15, 283885).
cost(7, 16, 321168).
cost(8, 1, 231163).
cost(8, 2, 307682).
cost(8, 3, 272358).
cost(8, 4, 511108).
cost(8, 5, 557915).
cost(8, 6, 358179).
cost(8, 7, 67573).
cost(8, 9, 547662).
cost(8, 10, 236748).
cost(8, 11, 474873).
cost(8, 12, 88783).
cost(8, 13, 389366).
cost(8, 14, 292889).
cost(8, 15, 351458).
cost(8, 16, 254445).
cost(9, 1, 320505).
cost(9, 2, 249713).
cost(9, 3, 322588).
cost(9, 4, 690718).
cost(9, 5, 446952).
cost(9, 6, 222686).
cost(9, 7, 501101).
cost(9, 8, 547662).
cost(9, 10, 351591).
cost(9, 11, 85753).
cost(9, 12, 502643).
cost(9, 13, 701293).
cost(9, 14, 479075).
cost(9, 15, 380562).
cost(9, 16, 726816).
cost(10, 1, 74254).
cost(10, 2, 181263).
cost(10, 3, 223485).
cost(10, 4, 625238).
cost(10, 5, 542815).
cost(10, 6, 239546).
cost(10, 7, 223084).
cost(10, 8, 236748).
cost(10, 9, 351591).
cost(10, 11, 299552).
cost(10, 12, 240688).
cost(10, 13, 552023).
cost(10, 14, 367554).
cost(10, 15, 350163).
cost(10, 16, 375314).
cost(11, 1, 255397).
cost(11, 2, 169925).
cost(11, 3, 238096).
cost(11, 4, 609510).
cost(11, 5, 382929).
cost(11, 6, 137372).
cost(11, 7, 424271).
cost(11, 8, 474873).
cost(11, 9, 85753).
cost(11, 10, 299552).
cost(11, 12, 423763).
cost(11, 13, 615790).
cost(11, 14, 393449).
cost(11, 15, 296529).
cost(11, 16, 670004).
cost(12, 1, 207499).
cost(12, 2, 253882).
cost(12, 3, 200758).
cost(12, 4, 433002).
cost(12, 5, 470098).
cost(12, 6, 296042).
cost(12, 7, 26372).
cost(12, 8, 88783).
cost(12, 9, 502643).
cost(12, 10, 240688).
cost(12, 11, 423763).
cost(12, 13, 326358).
cost(12, 14, 204675).
cost(12, 15, 265176).
cost(12, 16, 343209).
cost(13, 1, 497243).
cost(13, 2, 478126).
cost(13, 3, 392678).
cost(13, 4, 163517).
cost(13, 5, 413149).
cost(13, 6, 482304).
cost(13, 7, 351398).
cost(13, 8, 389366).
cost(13, 9, 701293).
cost(13, 10, 552023).
cost(13, 11, 615790).
cost(13, 12, 326358).
cost(13, 14, 222594).
cost(13, 15, 325307).
cost(13, 16, 604210).
cost(14, 1, 301169).
cost(14, 2, 259910).
cost(14, 3, 174441).
cost(14, 4, 258032).
cost(14, 5, 280805).
cost(14, 6, 259805).
cost(14, 7, 229138).
cost(14, 8, 292889).
cost(14, 9, 479075).
cost(14, 10, 367554).
cost(14, 11, 393449).
cost(14, 12, 204675).
cost(14, 13, 222594).
cost(14, 15, 112560).
cost(14, 16, 546374).
cost(15, 1, 276436).
cost(15, 2, 197124).
cost(15, 3, 127027).
cost(15, 4, 317195).
cost(15, 5, 208813).
cost(15, 6, 174526).
cost(15, 7, 283885).
cost(15, 8, 351458).
cost(15, 9, 380562).
cost(15, 10, 350163).
cost(15, 11, 296529).
cost(15, 12, 265176).
cost(15, 13, 325307).
cost(15, 14, 112560).
cost(15, 16, 603460).
cost(16, 1, 415983).
cost(16, 2, 520826).
cost(16, 3, 510142).
cost(16, 4, 746385).
cost(16, 5, 811277).
cost(16, 6, 578728).
cost(16, 7, 321168).
cost(16, 8, 254445).
cost(16, 9, 726816).
cost(16, 10, 375314).
cost(16, 11, 670004).
cost(16, 12, 343209).
cost(16, 13, 604210).
cost(16, 14, 546374).
cost(16, 15, 603460).
nocross(1,14).
nocross(1,16).
nocross(2,15).
nocross(3,2).
nocross(3,6).
nocross(3,14).
nocross(4,5).
nocross(4,12).
nocross(4,14).
nocross(5,4).
nocross(5,6).
nocross(5,13).
nocross(5,14).
nocross(6,10).
nocross(6,14).
nocross(6,15).
nocross(7,1).
nocross(7,8).
nocross(7,12).
nocross(7,13).
nocross(7,14).
nocross(8,7).
nocross(8,12).
nocross(8,13).
nocross(8,16).
nocross(9,6).
nocross(9,10).
nocross(11,2).
nocross(11,5).
nocross(11,6).
nocross(11,15).
nocross(12,1).
nocross(12,13).
nocross(12,14).
nocross(13,4).
nocross(13,12).
nocross(13,14).
nocross(13,15).
nocross(14,6).
nocross(14,12).
nocross(14,13).
nocross(14,15).
nocross(15,4).
nocross(15,6).
nocross(15,14).
nocross(16,13).
