dimension(16).
point(1, -649857.0, -273260.0).
point(2, -368506.0, 450215.0).
point(3, 92337.0, -151651.0).
point(4, 156297.0, -114117.0).
point(5, 409029.0, -156805.0).
point(6, 177645.0, -179065.0).
point(7, 266049.0, -67854.0).
point(8, 363050.0, -64268.0).
point(9, -55910.0, -280362.0).
point(10, -202476.0, -60792.0).
point(11, -165375.0, -74633.0).
point(12, 16405.0, 73175.0).
point(13, -306354.0, -82568.0).
point(14, 222961.0, 546118.0).
point(15, 126192.0, 277059.0).
point(16, 113261.0, 106090.0).
cost(1, 2, 776257).
cost(1, 3, 752091).
cost(1, 4, 821712).
cost(1, 5, 1065271).
cost(1, 6, 832846).
cost(1, 7, 938656).
cost(1, 8, 1034243).
cost(1, 9, 593989).
cost(1, 10, 495270).
cost(1, 11, 523618).
cost(1, 12, 750948).
cost(1, 13, 392884).
cost(1, 14, 1197160).
cost(1, 15, 951369).
cost(1, 16, 852206).
cost(2, 1, 776257).
cost(2, 3, 758036).
cost(2, 4, 770642).
cost(2, 5, 986425).
cost(2, 6, 833231).
cost(2, 7, 819180).
cost(2, 8, 894353).
cost(2, 9, 794644).
cost(2, 10, 537303).
cost(2, 11, 562786).
cost(2, 12, 538809).
cost(2, 13, 536396).
cost(2, 14, 599192).
cost(2, 15, 524127).
cost(2, 16, 592049).
cost(3, 1, 752091).
cost(3, 2, 758036).
cost(3, 4, 74160).
cost(3, 5, 316734).
cost(3, 6, 89605).
cost(3, 7, 192867).
cost(3, 8, 284467).
cost(3, 9, 196325).
cost(3, 10, 308496).
cost(3, 11, 268974).
cost(3, 12, 237302).
cost(3, 13, 404632).
cost(3, 14, 709890).
cost(3, 15, 430045).
cost(3, 16, 258589).
cost(4, 1, 821712).
cost(4, 2, 770642).
cost(4, 3, 74160).
cost(4, 5, 256312).
cost(4, 6, 68367).
cost(4, 7, 119104).
cost(4, 8, 212678).
cost(4, 9, 269572).
cost(4, 10, 362714).
cost(4, 11, 324086).
cost(4, 12, 233769).
cost(4, 13, 463725).
cost(4, 14, 663592).
cost(4, 15, 392333).
cost(4, 16, 224373).
cost(5, 1, 1065271).
cost(5, 2, 986425).
cost(5, 3, 316734).
cost(5, 4, 256312).
cost(5, 6, 232452).
cost(5, 7, 168391).
cost(5, 8, 103330).
cost(5, 9, 481077).
cost(5, 10, 618997).
cost(5, 11, 580252).
cost(5, 12, 455021).
cost(5, 13, 719225).
cost(5, 14, 727133).
cost(5, 15, 517914).
cost(5, 16, 395718).
cost(6, 1, 832846).
cost(6, 2, 833231).
cost(6, 3, 89605).
cost(6, 4, 68367).
cost(6, 5, 232452).
cost(6, 7, 142067).
cost(6, 8, 218067).
cost(6, 9, 254576).
cost(6, 10, 398096).
cost(6, 11, 358565).
cost(6, 12, 299372).
cost(6, 13, 493525).
cost(6, 14, 726597).
cost(6, 15, 459017).
cost(6, 16, 292333).
cost(7, 1, 938656).
cost(7, 2, 819180).
cost(7, 3, 192867).
cost(7, 4, 119104).
cost(7, 5, 168391).
cost(7, 6, 142067).
cost(7, 8, 97067).
cost(7, 9, 385768).
cost(7, 10, 468578).
cost(7, 11, 431477).
cost(7, 12, 286725).
cost(7, 13, 572592).
cost(7, 14, 615482).
cost(7, 15, 372189).
cost(7, 16, 231518).
cost(8, 1, 1034243).
cost(8, 2, 894353).
cost(8, 3, 284467).
cost(8, 4, 212678).
cost(8, 5, 103330).
cost(8, 6, 218067).
cost(8, 7, 97067).
cost(8, 9, 471407).
cost(8, 10, 565537).
cost(8, 11, 528527).
cost(8, 12, 372899).
cost(8, 13, 669654).
cost(8, 14, 626256).
cost(8, 15, 415459).
cost(8, 16, 302351).
cost(9, 1, 593989).
cost(9, 2, 794644).
cost(9, 3, 196325).
cost(9, 4, 269572).
cost(9, 5, 481077).
cost(9, 6, 254576).
cost(9, 7, 385768).
cost(9, 8, 471407).
cost(9, 10, 263994).
cost(9, 11, 233039).
cost(9, 12, 360857).
cost(9, 13, 319131).
cost(9, 14, 872260).
cost(9, 15, 586412).
cost(9, 16, 421858).
cost(10, 1, 495270).
cost(10, 2, 537303).
cost(10, 3, 308496).
cost(10, 4, 362714).
cost(10, 5, 618997).
cost(10, 6, 398096).
cost(10, 7, 468578).
cost(10, 8, 565537).
cost(10, 9, 263994).
cost(10, 11, 39599).
cost(10, 12, 256624).
cost(10, 13, 106136).
cost(10, 14, 741172).
cost(10, 15, 471345).
cost(10, 16, 357127).
cost(11, 1, 523618).
cost(11, 2, 562786).
cost(11, 3, 268974).
cost(11, 4, 324086).
cost(11, 5, 580252).
cost(11, 6, 358565).
cost(11, 7, 431477).
cost(11, 8, 528527).
cost(11, 9, 233039).
cost(11, 10, 39599).
cost(11, 12, 234289).
cost(11, 13, 141202).
cost(11, 14, 732214).
cost(11, 15, 456835).
cost(11, 16, 332113).
cost(12, 1, 750948).
cost(12, 2, 538809).
cost(12, 3, 237302).
cost(12, 4, 233769).
cost(12, 5, 455021).
cost(12, 6, 299372).
cost(12, 7, 286725).
cost(12, 8, 372899).
cost(12, 9, 360857).
cost(12, 10, 256624).
cost(12, 11, 234289).
cost(12, 13, 358370).
cost(12, 14, 516082).
cost(12, 15, 231564).
cost(12, 16, 102296).
cost(13, 1, 392884).
cost(13, 2, 536396).
cost(13, 3, 404632).
cost(13, 4, 463725).
cost(13, 5, 719225).
cost(13, 6, 493525).
cost(13, 7, 572592).
cost(13, 8, 669654).
cost(13, 9, 319131).
cost(13, 10, 106136).
cost(13, 11, 141202).
cost(13, 12, 358370).
cost(13, 14, 821840).
cost(13, 15, 562519).
cost(13, 16, 460075).
cost(14, 1, 1197160).
cost(14, 2, 599192).
cost(14, 3, 709890).
cost(14, 4, 663592).
cost(14, 5, 727133).
cost(14, 6, 726597).
cost(14, 7, 615482).
cost(14, 8, 626256).
cost(14, 9, 872260).
cost(14, 10, 741172).
cost(14, 11, 732214).
cost(14, 12, 516082).
cost(14, 13, 821840).
cost(14, 15, 285932).
cost(14, 16, 453496).
cost(15, 1, 951369).
cost(15, 2, 524127).
cost(15, 3, 430045).
cost(15, 4, 392333).
cost(15, 5, 517914).
cost(15, 6, 459017).
cost(15, 7, 372189).
cost(15, 8, 415459).
cost(15, 9, 586412).
cost(15, 10, 471345).
cost(15, 11, 456835).
cost(15, 12, 231564).
cost(15, 13, 562519).
cost(15, 14, 285932).
cost(15, 16, 171457).
cost(16, 1, 852206).
cost(16, 2, 592049).
cost(16, 3, 258589).
cost(16, 4, 224373).
cost(16, 5, 395718).
cost(16, 6, 292333).
cost(16, 7, 231518).
cost(16, 8, 302351).
cost(16, 9, 421858).
cost(16, 10, 357127).
cost(16, 11, 332113).
cost(16, 12, 102296).
cost(16, 13, 460075).
cost(16, 14, 453496).
cost(16, 15, 171457).
nocross(1,9).
nocross(1,10).
nocross(1,11).
nocross(1,13).
nocross(2,10).
nocross(2,14).
nocross(2,15).
nocross(3,4).
nocross(3,5).
nocross(3,6).
nocross(3,10).
nocross(4,5).
nocross(4,6).
nocross(4,10).
nocross(4,14).
nocross(5,6).
nocross(6,5).
nocross(6,9).
nocross(6,11).
nocross(7,10).
nocross(7,14).
nocross(8,5).
nocross(8,6).
nocross(9,1).
nocross(9,6).
nocross(9,10).
nocross(9,11).
nocross(9,13).
nocross(10,1).
nocross(10,9).
nocross(10,11).
nocross(10,13).
nocross(10,14).
nocross(11,9).
nocross(11,10).
nocross(12,10).
nocross(12,13).
nocross(13,1).
nocross(13,9).
nocross(13,10).
nocross(13,11).
nocross(13,14).
nocross(15,12).
nocross(15,14).
nocross(15,16).
nocross(16,8).
nocross(16,10).
nocross(16,13).
