dimension(16).
point(1, 369901.0, 103945.0).
point(2, 631570.0, 168415.0).
point(3, -36345.0, -63145.0).
point(4, -260115.0, -150692.0).
point(5, -131946.0, -172134.0).
point(6, 300151.0, -361681.0).
point(7, 260815.0, 199829.0).
point(8, -475702.0, -111988.0).
point(9, 335000.0, -82062.0).
point(10, -90171.0, 279304.0).
point(11, 84861.0, 37814.0).
point(12, 239888.0, 405302.0).
point(13, -220359.0, 198925.0).
point(14, -30888.0, -255329.0).
point(15, 32307.0, -45542.0).
point(16, 32052.0, -10476.0).
cost(1, 2, 269494).
cost(1, 3, 439266).
cost(1, 4, 679529).
cost(1, 5, 572774).
cost(1, 6, 470821).
cost(1, 7, 145236).
cost(1, 8, 872738).
cost(1, 9, 189253).
cost(1, 10, 492359).
cost(1, 11, 292611).
cost(1, 12, 328206).
cost(1, 13, 597853).
cost(1, 14, 538247).
cost(1, 15, 369210).
cost(1, 16, 356699).
cost(2, 1, 269494).
cost(2, 3, 706916).
cost(2, 4, 947065).
cost(2, 5, 836021).
cost(2, 6, 625172).
cost(2, 7, 372083).
cost(2, 8, 1142225).
cost(2, 9, 388191).
cost(2, 10, 730210).
cost(2, 11, 562092).
cost(2, 12, 457745).
cost(2, 13, 852475).
cost(2, 14, 786390).
cost(2, 15, 636313).
cost(2, 16, 625639).
cost(3, 1, 439266).
cost(3, 2, 706916).
cost(3, 4, 240286).
cost(3, 5, 144976).
cost(3, 6, 449837).
cost(3, 7, 396812).
cost(3, 8, 442064).
cost(3, 9, 371827).
cost(3, 10, 346653).
cost(3, 11, 157745).
cost(3, 12, 543826).
cost(3, 13, 320222).
cost(3, 14, 192261).
cost(3, 15, 70873).
cost(3, 16, 86326).
cost(4, 1, 679529).
cost(4, 2, 947065).
cost(4, 3, 240286).
cost(4, 5, 129950).
cost(4, 6, 598677).
cost(4, 7, 627880).
cost(4, 8, 219034).
cost(4, 9, 599059).
cost(4, 10, 462361).
cost(4, 11, 393120).
cost(4, 12, 747752).
cost(4, 13, 351870).
cost(4, 14, 251980).
cost(4, 15, 310753).
cost(4, 16, 324071).
cost(5, 1, 572774).
cost(5, 2, 836021).
cost(5, 3, 144976).
cost(5, 4, 129950).
cost(5, 6, 471843).
cost(5, 7, 540941).
cost(5, 8, 348978).
cost(5, 9, 475554).
cost(5, 10, 453367).
cost(5, 11, 301800).
cost(5, 12, 686799).
cost(5, 13, 381447).
cost(5, 14, 130897).
cost(5, 15, 207375).
cost(5, 16, 230280).
cost(6, 1, 470821).
cost(6, 2, 625172).
cost(6, 3, 449837).
cost(6, 4, 598677).
cost(6, 5, 471843).
cost(6, 7, 562886).
cost(6, 8, 815043).
cost(6, 9, 281782).
cost(6, 10, 750475).
cost(6, 11, 453813).
cost(6, 12, 769347).
cost(6, 13, 764990).
cost(6, 14, 347703).
cost(6, 15, 414348).
cost(6, 16, 441839).
cost(7, 1, 145236).
cost(7, 2, 372083).
cost(7, 3, 396812).
cost(7, 4, 627880).
cost(7, 5, 540941).
cost(7, 6, 562886).
cost(7, 8, 799804).
cost(7, 9, 291489).
cost(7, 10, 359871).
cost(7, 11, 239183).
cost(7, 12, 206536).
cost(7, 13, 481175).
cost(7, 14, 540610).
cost(7, 15, 335295).
cost(7, 16, 310742).
cost(8, 1, 872738).
cost(8, 2, 1142225).
cost(8, 3, 442064).
cost(8, 4, 219034).
cost(8, 5, 348978).
cost(8, 6, 815043).
cost(8, 7, 799804).
cost(8, 9, 811254).
cost(8, 10, 549312).
cost(8, 11, 580234).
cost(8, 12, 882982).
cost(8, 13, 402327).
cost(8, 14, 467339).
cost(8, 15, 512336).
cost(8, 16, 517802).
cost(9, 1, 189253).
cost(9, 2, 388191).
cost(9, 3, 371827).
cost(9, 4, 599059).
cost(9, 5, 475554).
cost(9, 6, 281782).
cost(9, 7, 291489).
cost(9, 8, 811254).
cost(9, 10, 557993).
cost(9, 11, 277380).
cost(9, 12, 496558).
cost(9, 13, 622396).
cost(9, 14, 404840).
cost(9, 15, 304888).
cost(9, 16, 311291).
cost(10, 1, 492359).
cost(10, 2, 730210).
cost(10, 3, 346653).
cost(10, 4, 462361).
cost(10, 5, 453367).
cost(10, 6, 750475).
cost(10, 7, 359871).
cost(10, 8, 549312).
cost(10, 9, 557993).
cost(10, 11, 298251).
cost(10, 12, 353291).
cost(10, 13, 153002).
cost(10, 14, 537910).
cost(10, 15, 347168).
cost(10, 16, 314501).
cost(11, 1, 292611).
cost(11, 2, 562092).
cost(11, 3, 157745).
cost(11, 4, 393120).
cost(11, 5, 301800).
cost(11, 6, 453813).
cost(11, 7, 239183).
cost(11, 8, 580234).
cost(11, 9, 277380).
cost(11, 10, 298251).
cost(11, 12, 398849).
cost(11, 13, 345132).
cost(11, 14, 315168).
cost(11, 15, 98540).
cost(11, 16, 71559).
cost(12, 1, 328206).
cost(12, 2, 457745).
cost(12, 3, 543826).
cost(12, 4, 747752).
cost(12, 5, 686799).
cost(12, 6, 769347).
cost(12, 7, 206536).
cost(12, 8, 882982).
cost(12, 9, 496558).
cost(12, 10, 353291).
cost(12, 11, 398849).
cost(12, 13, 504399).
cost(12, 14, 713970).
cost(12, 15, 496337).
cost(12, 16, 464830).
cost(13, 1, 597853).
cost(13, 2, 852475).
cost(13, 3, 320222).
cost(13, 4, 351870).
cost(13, 5, 381447).
cost(13, 6, 764990).
cost(13, 7, 481175).
cost(13, 8, 402327).
cost(13, 9, 622396).
cost(13, 10, 153002).
cost(13, 11, 345132).
cost(13, 12, 504399).
cost(13, 14, 492185).
cost(13, 15, 351574).
cost(13, 16, 327964).
cost(14, 1, 538247).
cost(14, 2, 786390).
cost(14, 3, 192261).
cost(14, 4, 251980).
cost(14, 5, 130897).
cost(14, 6, 347703).
cost(14, 7, 540610).
cost(14, 8, 467339).
cost(14, 9, 404840).
cost(14, 10, 537910).
cost(14, 11, 315168).
cost(14, 12, 713970).
cost(14, 13, 492185).
cost(14, 15, 219099).
cost(14, 16, 252813).
cost(15, 1, 369210).
cost(15, 2, 636313).
cost(15, 3, 70873).
cost(15, 4, 310753).
cost(15, 5, 207375).
cost(15, 6, 414348).
cost(15, 7, 335295).
cost(15, 8, 512336).
cost(15, 9, 304888).
cost(15, 10, 347168).
cost(15, 11, 98540).
cost(15, 12, 496337).
cost(15, 13, 351574).
cost(15, 14, 219099).
cost(15, 16, 35067).
cost(16, 1, 356699).
cost(16, 2, 625639).
cost(16, 3, 86326).
cost(16, 4, 324071).
cost(16, 5, 230280).
cost(16, 6, 441839).
cost(16, 7, 310742).
cost(16, 8, 517802).
cost(16, 9, 311291).
cost(16, 10, 314501).
cost(16, 11, 71559).
cost(16, 12, 464830).
cost(16, 13, 327964).
cost(16, 14, 252813).
cost(16, 15, 35067).
nocross(1,2).
nocross(1,7).
nocross(1,15).
nocross(1,16).
nocross(2,1).
nocross(2,7).
nocross(2,9).
nocross(2,12).
nocross(3,8).
nocross(3,12).
nocross(4,5).
nocross(4,8).
nocross(4,14).
nocross(5,4).
nocross(5,15).
nocross(5,16).
nocross(6,2).
nocross(6,14).
nocross(7,2).
nocross(7,12).
nocross(9,1).
nocross(9,2).
nocross(9,7).
nocross(9,8).
nocross(10,7).
nocross(10,8).
nocross(10,12).
nocross(11,1).
nocross(11,7).
nocross(11,8).
nocross(11,12).
nocross(11,15).
nocross(11,16).
nocross(12,1).
nocross(12,2).
nocross(12,7).
nocross(12,8).
nocross(13,7).
nocross(14,5).
nocross(14,15).
nocross(16,3).
nocross(16,8).
nocross(16,12).
nocross(16,15).
