dimension(30).
point(1, 797517.0, 173948.0).
point(2, 880140.0, 682535.0).
point(3, 390634.0, 664426.0).
point(4, 688253.0, 780117.0).
point(5, 330270.0, 823990.0).
point(6, 821952.0, 334380.0).
point(7, 390702.0, 797652.0).
point(8, 533664.0, 23775.0).
point(9, 614815.0, 824750.0).
point(10, 388273.0, 17724.0).
point(11, 995203.0, 582941.0).
point(12, 869100.0, 983626.0).
point(13, 844494.0, 801657.0).
point(14, 371160.0, 512074.0).
point(15, 227626.0, 747832.0).
point(16, 704962.0, 285102.0).
point(17, 57551.0, 30845.0).
point(18, 326186.0, 170483.0).
point(19, 906064.0, 161269.0).
point(20, 977932.0, 159077.0).
point(21, 579501.0, 300761.0).
point(22, 865547.0, 196728.0).
point(23, 559623.0, 778668.0).
point(24, 47395.0, 315769.0).
point(25, 284328.0, 886416.0).
point(26, 794205.0, 316469.0).
point(27, 525917.0, 229830.0).
point(28, 862460.0, 512415.0).
point(29, 116397.0, 849294.0).
point(30, 356349.0, 220151.0).
cost(1, 2, 515255).
cost(1, 3, 637277).
cost(1, 4, 615938).
cost(1, 5, 800546).
cost(1, 6, 162282).
cost(1, 7, 744651).
cost(1, 8, 303596).
cost(1, 9, 675961).
cost(1, 10, 438049).
cost(1, 11, 454263).
cost(1, 12, 812836).
cost(1, 13, 629464).
cost(1, 14, 544159).
cost(1, 15, 808776).
cost(1, 16, 144643).
cost(1, 17, 753676).
cost(1, 18, 471344).
cost(1, 19, 109285).
cost(1, 20, 181027).
cost(1, 21, 252215).
cost(1, 22, 71743).
cost(1, 23, 649831).
cost(1, 24, 763411).
cost(1, 25, 878051).
cost(1, 26, 142559).
cost(1, 27, 277289).
cost(1, 28, 344641).
cost(1, 29, 959175).
cost(1, 30, 443581).
cost(2, 1, 515255).
cost(2, 3, 489841).
cost(2, 4, 215274).
cost(2, 5, 567773).
cost(2, 6, 352984).
cost(2, 7, 502794).
cost(2, 8, 744319).
cost(2, 9, 301036).
cost(2, 10, 826987).
cost(2, 11, 152179).
cost(2, 12, 301293).
cost(2, 13, 124341).
cost(2, 14, 536766).
cost(2, 15, 655773).
cost(2, 16, 434327).
cost(2, 17, 1049453).
cost(2, 18, 754362).
cost(2, 19, 521910).
cost(2, 20, 532514).
cost(2, 21, 485937).
cost(2, 22, 486026).
cost(2, 23, 334623).
cost(2, 24, 909935).
cost(2, 25, 629730).
cost(2, 26, 376017).
cost(2, 27, 574818).
cost(2, 28, 171036).
cost(2, 29, 781736).
cost(2, 30, 698682).
cost(3, 1, 637277).
cost(3, 2, 489841).
cost(3, 4, 319314).
cost(3, 5, 170600).
cost(3, 6, 543107).
cost(3, 7, 133226).
cost(3, 8, 656423).
cost(3, 9, 275610).
cost(3, 10, 646706).
cost(3, 11, 610036).
cost(3, 12, 575168).
cost(3, 13, 474153).
cost(3, 14, 153592).
cost(3, 15, 183107).
cost(3, 16, 492635).
cost(3, 17, 715800).
cost(3, 18, 498130).
cost(3, 19, 720302).
cost(3, 20, 774788).
cost(3, 21, 409784).
cost(3, 22, 666546).
cost(3, 23, 203982).
cost(3, 24, 489259).
cost(3, 25, 246131).
cost(3, 26, 532864).
cost(3, 27, 455165).
cost(3, 28, 495709).
cost(3, 29, 330730).
cost(3, 30, 445596).
cost(4, 1, 615938).
cost(4, 2, 215274).
cost(4, 3, 319314).
cost(4, 5, 360661).
cost(4, 6, 465357).
cost(4, 7, 298067).
cost(4, 8, 771979).
cost(4, 9, 85937).
cost(4, 10, 819287).
cost(4, 11, 364824).
cost(4, 12, 272253).
cost(4, 13, 157719).
cost(4, 14, 415205).
cost(4, 15, 461757).
cost(4, 16, 495297).
cost(4, 17, 979384).
cost(4, 18, 709046).
cost(4, 19, 656060).
cost(4, 20, 685277).
cost(4, 21, 491538).
cost(4, 22, 609734).
cost(4, 23, 128638).
cost(4, 24, 791403).
cost(4, 25, 417678).
cost(4, 26, 475600).
cost(4, 27, 573732).
cost(4, 28, 319394).
cost(4, 29, 576025).
cost(4, 30, 650939).
cost(5, 1, 800546).
cost(5, 2, 567773).
cost(5, 3, 170600).
cost(5, 4, 360661).
cost(5, 6, 693880).
cost(5, 7, 65922).
cost(5, 8, 825659).
cost(5, 9, 284546).
cost(5, 10, 808350).
cost(5, 11, 707277).
cost(5, 12, 561980).
cost(5, 13, 514709).
cost(5, 14, 314585).
cost(5, 15, 127812).
cost(5, 16, 656349).
cost(5, 17, 838722).
cost(5, 18, 653520).
cost(5, 19, 877917).
cost(5, 20, 928211).
cost(5, 21, 579556).
cost(5, 22, 824608).
cost(5, 23, 233788).
cost(5, 24, 581642).
cost(5, 25, 77509).
cost(5, 26, 687614).
cost(5, 27, 625543).
cost(5, 28, 616689).
cost(5, 29, 215365).
cost(5, 30, 604402).
cost(6, 1, 162282).
cost(6, 2, 352984).
cost(6, 3, 543107).
cost(6, 4, 465357).
cost(6, 5, 693880).
cost(6, 7, 632928).
cost(6, 8, 423775).
cost(6, 9, 532324).
cost(6, 10, 536981).
cost(6, 11, 302983).
cost(6, 12, 650956).
cost(6, 13, 467820).
cost(6, 14, 484550).
cost(6, 15, 723993).
cost(6, 16, 126945).
cost(6, 17, 822461).
cost(6, 18, 522155).
cost(6, 19, 192464).
cost(6, 20, 234651).
cost(6, 21, 244771).
cost(6, 22, 144390).
cost(6, 23, 515954).
cost(6, 24, 774781).
cost(6, 25, 770573).
cost(6, 26, 33026).
cost(6, 27, 313954).
cost(6, 28, 182585).
cost(6, 29, 873467).
cost(6, 30, 479410).
cost(7, 1, 744651).
cost(7, 2, 502794).
cost(7, 3, 133226).
cost(7, 4, 298067).
cost(7, 5, 65922).
cost(7, 6, 632928).
cost(7, 8, 786971).
cost(7, 9, 225745).
cost(7, 10, 779932).
cost(7, 11, 641500).
cost(7, 12, 513275).
cost(7, 13, 453810).
cost(7, 14, 286246).
cost(7, 15, 170516).
cost(7, 16, 601221).
cost(7, 17, 836052).
cost(7, 18, 630479).
cost(7, 19, 818890).
cost(7, 20, 867535).
cost(7, 21, 531550).
cost(7, 22, 765890).
cost(7, 23, 169984).
cost(7, 24, 591668).
cost(7, 25, 138544).
cost(7, 26, 627974).
cost(7, 27, 583699).
cost(7, 28, 551286).
cost(7, 29, 279124).
cost(7, 30, 578522).
cost(8, 1, 303596).
cost(8, 2, 744319).
cost(8, 3, 656423).
cost(8, 4, 771979).
cost(8, 5, 825659).
cost(8, 6, 423775).
cost(8, 7, 786971).
cost(8, 9, 805075).
cost(8, 10, 145517).
cost(8, 11, 725041).
cost(8, 12, 1016775).
cost(8, 13, 837685).
cost(8, 14, 514629).
cost(8, 15, 786077).
cost(8, 16, 312466).
cost(8, 17, 476165).
cost(8, 18, 254107).
cost(8, 19, 396971).
cost(8, 20, 464414).
cost(8, 21, 280753).
cost(8, 22, 374245).
cost(8, 23, 755339).
cost(8, 24, 567202).
cost(8, 25, 897952).
cost(8, 26, 391856).
cost(8, 27, 206201).
cost(8, 28, 588962).
cost(8, 29, 924983).
cost(8, 30, 264583).
cost(9, 1, 675961).
cost(9, 2, 301036).
cost(9, 3, 275610).
cost(9, 4, 85937).
cost(9, 5, 284546).
cost(9, 6, 532324).
cost(9, 7, 225745).
cost(9, 8, 805075).
cost(9, 10, 838220).
cost(9, 11, 450740).
cost(9, 12, 299837).
cost(9, 13, 230837).
cost(9, 14, 396401).
cost(9, 15, 394755).
cost(9, 16, 547126).
cost(9, 17, 969963).
cost(9, 18, 715103).
cost(9, 19, 724592).
cost(9, 20, 758271).
cost(9, 21, 525178).
cost(9, 22, 676223).
cost(9, 23, 71901).
cost(9, 24, 762251).
cost(9, 25, 336191).
cost(9, 26, 539009).
cost(9, 27, 601525).
cost(9, 28, 398599).
cost(9, 29, 499022).
cost(9, 30, 657529).
cost(10, 1, 438049).
cost(10, 2, 826987).
cost(10, 3, 646706).
cost(10, 4, 819287).
cost(10, 5, 808350).
cost(10, 6, 536981).
cost(10, 7, 779932).
cost(10, 8, 145517).
cost(10, 9, 838220).
cost(10, 11, 829358).
cost(10, 12, 1078963).
cost(10, 13, 907022).
cost(10, 14, 494646).
cost(10, 15, 747573).
cost(10, 16, 414467).
cost(10, 17, 330982).
cost(10, 18, 164894).
cost(10, 19, 537320).
cost(10, 20, 606365).
cost(10, 21, 341582).
cost(10, 22, 509738).
cost(10, 23, 779998).
cost(10, 24, 452801).
cost(10, 25, 874889).
cost(10, 26, 504013).
cost(10, 27, 252853).
cost(10, 28, 685254).
cost(10, 29, 874886).
cost(10, 30, 204929).
cost(11, 1, 454263).
cost(11, 2, 152179).
cost(11, 3, 610036).
cost(11, 4, 364824).
cost(11, 5, 707277).
cost(11, 6, 302983).
cost(11, 7, 641500).
cost(11, 8, 725041).
cost(11, 9, 450740).
cost(11, 10, 829358).
cost(11, 12, 420060).
cost(11, 13, 265612).
cost(11, 14, 628054).
cost(11, 15, 785088).
cost(11, 16, 415870).
cost(11, 17, 1088118).
cost(11, 18, 785942).
cost(11, 19, 430991).
cost(11, 20, 424216).
cost(11, 21, 502428).
cost(11, 22, 407396).
cost(11, 23, 477534).
cost(11, 24, 984744).
cost(11, 25, 772943).
cost(11, 26, 333778).
cost(11, 27, 587296).
cost(11, 28, 150315).
cost(11, 29, 918283).
cost(11, 30, 734677).
cost(12, 1, 812836).
cost(12, 2, 301293).
cost(12, 3, 575168).
cost(12, 4, 272253).
cost(12, 5, 561980).
cost(12, 6, 650956).
cost(12, 7, 513275).
cost(12, 8, 1016775).
cost(12, 9, 299837).
cost(12, 10, 1078963).
cost(12, 11, 420060).
cost(12, 13, 183625).
cost(12, 14, 685788).
cost(12, 15, 683438).
cost(12, 16, 717549).
cost(12, 17, 1251560).
cost(12, 18, 977731).
cost(12, 19, 823187).
cost(12, 20, 831700).
cost(12, 21, 741736).
cost(12, 22, 786906).
cost(12, 23, 371192).
cost(12, 24, 1058882).
cost(12, 25, 592797).
cost(12, 26, 671348).
cost(12, 27, 828241).
cost(12, 28, 471258).
cost(12, 29, 764596).
cost(12, 30, 919678).
cost(13, 1, 629464).
cost(13, 2, 124341).
cost(13, 3, 474153).
cost(13, 4, 157719).
cost(13, 5, 514709).
cost(13, 6, 467820).
cost(13, 7, 453810).
cost(13, 8, 837685).
cost(13, 9, 230837).
cost(13, 10, 907022).
cost(13, 11, 265612).
cost(13, 12, 183625).
cost(13, 14, 554890).
cost(13, 15, 619212).
cost(13, 16, 535068).
cost(13, 17, 1101558).
cost(13, 18, 816715).
cost(13, 19, 643341).
cost(13, 20, 656289).
cost(13, 21, 566673).
cost(13, 22, 605295).
cost(13, 23, 285797).
cost(13, 24, 933517).
cost(13, 25, 566542).
cost(13, 26, 487787).
cost(13, 27, 654582).
cost(13, 28, 289799).
cost(13, 29, 729654).
cost(13, 30, 759233).
cost(14, 1, 544159).
cost(14, 2, 536766).
cost(14, 3, 153592).
cost(14, 4, 415205).
cost(14, 5, 314585).
cost(14, 6, 484550).
cost(14, 7, 286246).
cost(14, 8, 514629).
cost(14, 9, 396401).
cost(14, 10, 494646).
cost(14, 11, 628054).
cost(14, 12, 685788).
cost(14, 13, 554890).
cost(14, 15, 276014).
cost(14, 16, 403658).
cost(14, 17, 574397).
cost(14, 18, 344539).
cost(14, 19, 639677).
cost(14, 20, 701982).
cost(14, 21, 296748).
cost(14, 22, 586397).
cost(14, 23, 326482).
cost(14, 24, 378628).
cost(14, 25, 384281).
cost(14, 26, 466078).
cost(14, 27, 321887).
cost(14, 28, 491300).
cost(14, 29, 422636).
cost(14, 30, 292298).
cost(15, 1, 808776).
cost(15, 2, 655773).
cost(15, 3, 183107).
cost(15, 4, 461757).
cost(15, 5, 127812).
cost(15, 6, 723993).
cost(15, 7, 170516).
cost(15, 8, 786077).
cost(15, 9, 394755).
cost(15, 10, 747573).
cost(15, 11, 785088).
cost(15, 12, 683438).
cost(15, 13, 619212).
cost(15, 14, 276014).
cost(15, 16, 664807).
cost(15, 17, 736883).
cost(15, 18, 585701).
cost(15, 19, 896847).
cost(15, 20, 953725).
cost(15, 21, 568936).
cost(15, 22, 843006).
cost(15, 23, 333426).
cost(15, 24, 468147).
cost(15, 25, 149735).
cost(15, 26, 712100).
cost(15, 27, 597749).
cost(15, 28, 677079).
cost(15, 29, 150554).
cost(15, 30, 543155).
cost(16, 1, 144643).
cost(16, 2, 434327).
cost(16, 3, 492635).
cost(16, 4, 495297).
cost(16, 5, 656349).
cost(16, 6, 126945).
cost(16, 7, 601221).
cost(16, 8, 312466).
cost(16, 9, 547126).
cost(16, 10, 414467).
cost(16, 11, 415870).
cost(16, 12, 717549).
cost(16, 13, 535068).
cost(16, 14, 403658).
cost(16, 15, 664807).
cost(16, 17, 695548).
cost(16, 18, 395738).
cost(16, 19, 236171).
cost(16, 20, 300657).
cost(16, 21, 126434).
cost(16, 22, 183296).
cost(16, 23, 514520).
cost(16, 24, 658282).
cost(16, 25, 733833).
cost(16, 26, 94595).
cost(16, 27, 187382).
cost(16, 28, 276544).
cost(16, 29, 815304).
cost(16, 30, 354612).
cost(17, 1, 753676).
cost(17, 2, 1049453).
cost(17, 3, 715800).
cost(17, 4, 979384).
cost(17, 5, 838722).
cost(17, 6, 822461).
cost(17, 7, 836052).
cost(17, 8, 476165).
cost(17, 9, 969963).
cost(17, 10, 330982).
cost(17, 11, 1088118).
cost(17, 12, 1251560).
cost(17, 13, 1101558).
cost(17, 14, 574397).
cost(17, 15, 736883).
cost(17, 16, 695548).
cost(17, 18, 302760).
cost(17, 19, 858478).
cost(17, 20, 929271).
cost(17, 21, 587611).
cost(17, 22, 824848).
cost(17, 23, 900731).
cost(17, 24, 285105).
cost(17, 25, 885116).
cost(17, 26, 790089).
cost(17, 27, 508883).
cost(17, 28, 937970).
cost(17, 29, 820562).
cost(17, 30, 353719).
cost(18, 1, 471344).
cost(18, 2, 754362).
cost(18, 3, 498130).
cost(18, 4, 709046).
cost(18, 5, 653520).
cost(18, 6, 522155).
cost(18, 7, 630479).
cost(18, 8, 254107).
cost(18, 9, 715103).
cost(18, 10, 164894).
cost(18, 11, 785942).
cost(18, 12, 977731).
cost(18, 13, 816715).
cost(18, 14, 344539).
cost(18, 15, 585701).
cost(18, 16, 395738).
cost(18, 17, 302760).
cost(18, 19, 579951).
cost(18, 20, 651846).
cost(18, 21, 284852).
cost(18, 22, 539999).
cost(18, 23, 651446).
cost(18, 24, 314376).
cost(18, 25, 717156).
cost(18, 26, 490259).
cost(18, 27, 208362).
cost(18, 28, 636009).
cost(18, 29, 710490).
cost(18, 30, 58110).
cost(19, 1, 109285).
cost(19, 2, 521910).
cost(19, 3, 720302).
cost(19, 4, 656060).
cost(19, 5, 877917).
cost(19, 6, 192464).
cost(19, 7, 818890).
cost(19, 8, 396971).
cost(19, 9, 724592).
cost(19, 10, 537320).
cost(19, 11, 430991).
cost(19, 12, 823187).
cost(19, 13, 643341).
cost(19, 14, 639677).
cost(19, 15, 896847).
cost(19, 16, 236171).
cost(19, 17, 858478).
cost(19, 18, 579951).
cost(19, 20, 71901).
cost(19, 21, 355108).
cost(19, 22, 53842).
cost(19, 23, 707957).
cost(19, 24, 872458).
cost(19, 25, 955193).
cost(19, 26, 191310).
cost(19, 27, 386280).
cost(19, 28, 353843).
cost(19, 29, 1047355).
cost(19, 30, 552860).
cost(20, 1, 181027).
cost(20, 2, 532514).
cost(20, 3, 774788).
cost(20, 4, 685277).
cost(20, 5, 928211).
cost(20, 6, 234651).
cost(20, 7, 867535).
cost(20, 8, 464414).
cost(20, 9, 758271).
cost(20, 10, 606365).
cost(20, 11, 424216).
cost(20, 12, 831700).
cost(20, 13, 656289).
cost(20, 14, 701982).
cost(20, 15, 953725).
cost(20, 16, 300657).
cost(20, 17, 929271).
cost(20, 18, 651846).
cost(20, 19, 71901).
cost(20, 21, 422873).
cost(20, 22, 118524).
cost(20, 23, 747580).
cost(20, 24, 943637).
cost(20, 25, 1005042).
cost(20, 26, 241925).
cost(20, 27, 457519).
cost(20, 28, 371728).
cost(20, 29, 1103921).
cost(20, 30, 624576).
cost(21, 1, 252215).
cost(21, 2, 485937).
cost(21, 3, 409784).
cost(21, 4, 491538).
cost(21, 5, 579556).
cost(21, 6, 244771).
cost(21, 7, 531550).
cost(21, 8, 280753).
cost(21, 9, 525178).
cost(21, 10, 341582).
cost(21, 11, 502428).
cost(21, 12, 741736).
cost(21, 13, 566673).
cost(21, 14, 296748).
cost(21, 15, 568936).
cost(21, 16, 126434).
cost(21, 17, 587611).
cost(21, 18, 284852).
cost(21, 19, 355108).
cost(21, 20, 422873).
cost(21, 22, 304377).
cost(21, 23, 478320).
cost(21, 24, 532318).
cost(21, 25, 655834).
cost(21, 26, 215278).
cost(21, 27, 88896).
cost(21, 28, 353360).
cost(21, 29, 717881).
cost(21, 30, 237265).
cost(22, 1, 71743).
cost(22, 2, 486026).
cost(22, 3, 666546).
cost(22, 4, 609734).
cost(22, 5, 824608).
cost(22, 6, 144390).
cost(22, 7, 765890).
cost(22, 8, 374245).
cost(22, 9, 676223).
cost(22, 10, 509738).
cost(22, 11, 407396).
cost(22, 12, 786906).
cost(22, 13, 605295).
cost(22, 14, 586397).
cost(22, 15, 843006).
cost(22, 16, 183296).
cost(22, 17, 824848).
cost(22, 18, 539999).
cost(22, 19, 53842).
cost(22, 20, 118524).
cost(22, 21, 304377).
cost(22, 23, 657452).
cost(22, 24, 826767).
cost(22, 25, 901934).
cost(22, 26, 139383).
cost(22, 27, 341239).
cost(22, 28, 315702).
cost(22, 29, 993513).
cost(22, 30, 509736).
cost(23, 1, 649831).
cost(23, 2, 334623).
cost(23, 3, 203982).
cost(23, 4, 128638).
cost(23, 5, 233788).
cost(23, 6, 515954).
cost(23, 7, 169984).
cost(23, 8, 755339).
cost(23, 9, 71901).
cost(23, 10, 779998).
cost(23, 11, 477534).
cost(23, 12, 371192).
cost(23, 13, 285797).
cost(23, 14, 326482).
cost(23, 15, 333426).
cost(23, 16, 514520).
cost(23, 17, 900731).
cost(23, 18, 651446).
cost(23, 19, 707957).
cost(23, 20, 747580).
cost(23, 21, 478320).
cost(23, 22, 657452).
cost(23, 24, 690401).
cost(23, 25, 295630).
cost(23, 26, 518321).
cost(23, 27, 549872).
cost(23, 28, 403238).
cost(23, 29, 448818).
cost(23, 30, 594358).
cost(24, 1, 763411).
cost(24, 2, 909935).
cost(24, 3, 489259).
cost(24, 4, 791403).
cost(24, 5, 581642).
cost(24, 6, 774781).
cost(24, 7, 591668).
cost(24, 8, 567202).
cost(24, 9, 762251).
cost(24, 10, 452801).
cost(24, 11, 984744).
cost(24, 12, 1058882).
cost(24, 13, 933517).
cost(24, 14, 378628).
cost(24, 15, 468147).
cost(24, 16, 658282).
cost(24, 17, 285105).
cost(24, 18, 314376).
cost(24, 19, 872458).
cost(24, 20, 943637).
cost(24, 21, 532318).
cost(24, 22, 826767).
cost(24, 23, 690401).
cost(24, 25, 617880).
cost(24, 26, 746810).
cost(24, 27, 486178).
cost(24, 28, 838451).
cost(24, 29, 537969).
cost(24, 30, 323412).
cost(25, 1, 878051).
cost(25, 2, 629730).
cost(25, 3, 246131).
cost(25, 4, 417678).
cost(25, 5, 77509).
cost(25, 6, 770573).
cost(25, 7, 138544).
cost(25, 8, 897952).
cost(25, 9, 336191).
cost(25, 10, 874889).
cost(25, 11, 772943).
cost(25, 12, 592797).
cost(25, 13, 566542).
cost(25, 14, 384281).
cost(25, 15, 149735).
cost(25, 16, 733833).
cost(25, 17, 885116).
cost(25, 18, 717156).
cost(25, 19, 955193).
cost(25, 20, 1005042).
cost(25, 21, 655834).
cost(25, 22, 901934).
cost(25, 23, 295630).
cost(25, 24, 617880).
cost(25, 26, 764731).
cost(25, 27, 699622).
cost(25, 28, 688559).
cost(25, 29, 171985).
cost(25, 30, 670146).
cost(26, 1, 142559).
cost(26, 2, 376017).
cost(26, 3, 532864).
cost(26, 4, 475600).
cost(26, 5, 687614).
cost(26, 6, 33026).
cost(26, 7, 627974).
cost(26, 8, 391856).
cost(26, 9, 539009).
cost(26, 10, 504013).
cost(26, 11, 333778).
cost(26, 12, 671348).
cost(26, 13, 487787).
cost(26, 14, 466078).
cost(26, 15, 712100).
cost(26, 16, 94595).
cost(26, 17, 790089).
cost(26, 18, 490259).
cost(26, 19, 191310).
cost(26, 20, 241925).
cost(26, 21, 215278).
cost(26, 22, 139383).
cost(26, 23, 518321).
cost(26, 24, 746810).
cost(26, 25, 764731).
cost(26, 27, 281930).
cost(26, 28, 207494).
cost(26, 29, 862164).
cost(26, 30, 448325).
cost(27, 1, 277289).
cost(27, 2, 574818).
cost(27, 3, 455165).
cost(27, 4, 573732).
cost(27, 5, 625543).
cost(27, 6, 313954).
cost(27, 7, 583699).
cost(27, 8, 206201).
cost(27, 9, 601525).
cost(27, 10, 252853).
cost(27, 11, 587296).
cost(27, 12, 828241).
cost(27, 13, 654582).
cost(27, 14, 321887).
cost(27, 15, 597749).
cost(27, 16, 187382).
cost(27, 17, 508883).
cost(27, 18, 208362).
cost(27, 19, 386280).
cost(27, 20, 457519).
cost(27, 21, 88896).
cost(27, 22, 341239).
cost(27, 23, 549872).
cost(27, 24, 486178).
cost(27, 25, 699622).
cost(27, 26, 281930).
cost(27, 28, 439449).
cost(27, 29, 742592).
cost(27, 30, 169844).
cost(28, 1, 344641).
cost(28, 2, 171036).
cost(28, 3, 495709).
cost(28, 4, 319394).
cost(28, 5, 616689).
cost(28, 6, 182585).
cost(28, 7, 551286).
cost(28, 8, 588962).
cost(28, 9, 398599).
cost(28, 10, 685254).
cost(28, 11, 150315).
cost(28, 12, 471258).
cost(28, 13, 289799).
cost(28, 14, 491300).
cost(28, 15, 677079).
cost(28, 16, 276544).
cost(28, 17, 937970).
cost(28, 18, 636009).
cost(28, 19, 353843).
cost(28, 20, 371728).
cost(28, 21, 353360).
cost(28, 22, 315702).
cost(28, 23, 403238).
cost(28, 24, 838451).
cost(28, 25, 688559).
cost(28, 26, 207494).
cost(28, 27, 439449).
cost(28, 29, 818595).
cost(28, 30, 584437).
cost(29, 1, 959175).
cost(29, 2, 781736).
cost(29, 3, 330730).
cost(29, 4, 576025).
cost(29, 5, 215365).
cost(29, 6, 873467).
cost(29, 7, 279124).
cost(29, 8, 924983).
cost(29, 9, 499022).
cost(29, 10, 874886).
cost(29, 11, 918283).
cost(29, 12, 764596).
cost(29, 13, 729654).
cost(29, 14, 422636).
cost(29, 15, 150554).
cost(29, 16, 815304).
cost(29, 17, 820562).
cost(29, 18, 710490).
cost(29, 19, 1047355).
cost(29, 20, 1103921).
cost(29, 21, 717881).
cost(29, 22, 993513).
cost(29, 23, 448818).
cost(29, 24, 537969).
cost(29, 25, 171985).
cost(29, 26, 862164).
cost(29, 27, 742592).
cost(29, 28, 818595).
cost(29, 30, 673348).
cost(30, 1, 443581).
cost(30, 2, 698682).
cost(30, 3, 445596).
cost(30, 4, 650939).
cost(30, 5, 604402).
cost(30, 6, 479410).
cost(30, 7, 578522).
cost(30, 8, 264583).
cost(30, 9, 657529).
cost(30, 10, 204929).
cost(30, 11, 734677).
cost(30, 12, 919678).
cost(30, 13, 759233).
cost(30, 14, 292298).
cost(30, 15, 543155).
cost(30, 16, 354612).
cost(30, 17, 353719).
cost(30, 18, 58110).
cost(30, 19, 552860).
cost(30, 20, 624576).
cost(30, 21, 237265).
cost(30, 22, 509736).
cost(30, 23, 594358).
cost(30, 24, 323412).
cost(30, 25, 670146).
cost(30, 26, 448325).
cost(30, 27, 169844).
cost(30, 28, 584437).
cost(30, 29, 673348).
