dimension(19).
point(1, 495705.0, -246495.0).
point(2, -137587.0, -133531.0).
point(3, 387138.0, 238049.0).
point(4, 275939.0, -103537.0).
point(5, 334038.0, 183668.0).
point(6, -72239.0, 488945.0).
point(7, 520307.0, 215570.0).
point(8, -296870.0, 419416.0).
point(9, 163291.0, 206920.0).
point(10, 1018.0, -283637.0).
point(11, -160483.0, 219041.0).
point(12, 270363.0, 266525.0).
point(13, -123782.0, 98609.0).
point(14, -67986.0, -237547.0).
point(15, -351648.0, -303469.0).
point(16, 89394.0, -395765.0).
point(17, -2239.0, 98142.0).
point(18, -377010.0, -83267.0).
point(19, -171849.0, 11105.0).
cost(1, 2, 643288).
cost(1, 3, 496558).
cost(1, 4, 262172).
cost(1, 5, 459539).
cost(1, 6, 929211).
cost(1, 7, 462719).
cost(1, 8, 1035187).
cost(1, 9, 562214).
cost(1, 10, 496079).
cost(1, 11, 804554).
cost(1, 12, 560329).
cost(1, 13, 709127).
cost(1, 14, 563762).
cost(1, 15, 849266).
cost(1, 16, 432863).
cost(1, 17, 605576).
cost(1, 18, 887848).
cost(1, 19, 715532).
cost(2, 1, 643288).
cost(2, 3, 642968).
cost(2, 4, 414612).
cost(2, 5, 568371).
cost(2, 6, 625897).
cost(2, 7, 744779).
cost(2, 8, 575432).
cost(2, 9, 454351).
cost(2, 10, 204311).
cost(2, 11, 353315).
cost(2, 12, 571374).
cost(2, 13, 232550).
cost(2, 14, 125154).
cost(2, 15, 273315).
cost(2, 16, 346824).
cost(2, 17, 268312).
cost(2, 18, 244642).
cost(2, 19, 148639).
cost(3, 1, 496558).
cost(3, 2, 642968).
cost(3, 4, 359230).
cost(3, 5, 76006).
cost(3, 6, 523427).
cost(3, 7, 135053).
cost(3, 8, 707645).
cost(3, 9, 226001).
cost(3, 10, 649034).
cost(3, 11, 547951).
cost(3, 12, 120197).
cost(3, 13, 529606).
cost(3, 14, 658278).
cost(3, 15, 915995).
cost(3, 16, 700265).
cost(3, 17, 413749).
cost(3, 18, 828955).
cost(3, 19, 603299).
cost(4, 1, 262172).
cost(4, 2, 414612).
cost(4, 3, 359230).
cost(4, 5, 293023).
cost(4, 6, 687214).
cost(4, 7, 401927).
cost(4, 8, 775622).
cost(4, 9, 330262).
cost(4, 10, 328660).
cost(4, 11, 542698).
cost(4, 12, 370104).
cost(4, 13, 447928).
cost(4, 14, 369111).
cost(4, 15, 658664).
cost(4, 16, 346693).
cost(4, 17, 343595).
cost(4, 18, 653264).
cost(4, 19, 462230).
cost(5, 1, 459539).
cost(5, 2, 568371).
cost(5, 3, 76006).
cost(5, 4, 293023).
cost(5, 6, 508188).
cost(5, 7, 188981).
cost(5, 8, 673515).
cost(5, 9, 172323).
cost(5, 10, 573826).
cost(5, 11, 495784).
cost(5, 12, 104498).
cost(5, 13, 465655).
cost(5, 14, 582276).
cost(5, 15, 841111).
cost(5, 16, 628962).
cost(5, 17, 346983).
cost(5, 18, 759502).
cost(5, 19, 534509).
cost(6, 1, 929211).
cost(6, 2, 625897).
cost(6, 3, 523427).
cost(6, 4, 687214).
cost(6, 5, 508188).
cost(6, 7, 652568).
cost(6, 8, 235145).
cost(6, 9, 367440).
cost(6, 10, 776047).
cost(6, 11, 283963).
cost(6, 12, 408469).
cost(6, 13, 393724).
cost(6, 14, 726504).
cost(6, 15, 840232).
cost(6, 16, 899354).
cost(6, 17, 397023).
cost(6, 18, 648315).
cost(6, 19, 488112).
cost(7, 1, 462719).
cost(7, 2, 744779).
cost(7, 3, 135053).
cost(7, 4, 401927).
cost(7, 5, 188981).
cost(7, 6, 652568).
cost(7, 8, 842218).
cost(7, 9, 357121).
cost(7, 10, 720325).
cost(7, 11, 680799).
cost(7, 12, 255085).
cost(7, 13, 654622).
cost(7, 14, 742566).
cost(7, 15, 1014745).
cost(7, 16, 747942).
cost(7, 17, 535578).
cost(7, 18, 945770).
cost(7, 19, 721724).
cost(8, 1, 1035187).
cost(8, 2, 575432).
cost(8, 3, 707645).
cost(8, 4, 775622).
cost(8, 5, 673515).
cost(8, 6, 235145).
cost(8, 7, 842218).
cost(8, 9, 506856).
cost(8, 10, 763558).
cost(8, 11, 242387).
cost(8, 12, 587477).
cost(8, 13, 364522).
cost(8, 14, 695693).
cost(8, 15, 724957).
cost(8, 16, 902064).
cost(8, 17, 435918).
cost(8, 18, 509031).
cost(8, 19, 427022).
cost(9, 1, 562214).
cost(9, 2, 454351).
cost(9, 3, 226001).
cost(9, 4, 330262).
cost(9, 5, 172323).
cost(9, 6, 367440).
cost(9, 7, 357121).
cost(9, 8, 506856).
cost(9, 10, 516700).
cost(9, 11, 324001).
cost(9, 12, 122545).
cost(9, 13, 306826).
cost(9, 14, 501039).
cost(9, 15, 725024).
cost(9, 16, 607198).
cost(9, 17, 198073).
cost(9, 18, 613297).
cost(9, 19, 388152).
cost(10, 1, 496079).
cost(10, 2, 204311).
cost(10, 3, 649034).
cost(10, 4, 328660).
cost(10, 5, 573826).
cost(10, 6, 776047).
cost(10, 7, 720325).
cost(10, 8, 763558).
cost(10, 9, 516700).
cost(10, 11, 527985).
cost(10, 12, 612556).
cost(10, 13, 402103).
cost(10, 14, 82981).
cost(10, 15, 353223).
cost(10, 16, 142769).
cost(10, 17, 381793).
cost(10, 18, 427847).
cost(10, 19, 341696).
cost(11, 1, 804554).
cost(11, 2, 353315).
cost(11, 3, 547951).
cost(11, 4, 542698).
cost(11, 5, 495784).
cost(11, 6, 283963).
cost(11, 7, 680799).
cost(11, 8, 242387).
cost(11, 9, 324001).
cost(11, 10, 527985).
cost(11, 12, 433455).
cost(11, 13, 125900).
cost(11, 14, 465863).
cost(11, 15, 556382).
cost(11, 16, 663645).
cost(11, 17, 199142).
cost(11, 18, 371852).
cost(11, 19, 208246).
cost(12, 1, 560329).
cost(12, 2, 571374).
cost(12, 3, 120197).
cost(12, 4, 370104).
cost(12, 5, 104498).
cost(12, 6, 408469).
cost(12, 7, 255085).
cost(12, 8, 587477).
cost(12, 9, 122545).
cost(12, 10, 612556).
cost(12, 11, 433455).
cost(12, 13, 428423).
cost(12, 14, 607099).
cost(12, 15, 843677).
cost(12, 16, 686570).
cost(12, 17, 320413).
cost(12, 18, 735830).
cost(12, 19, 510677).
cost(13, 1, 709127).
cost(13, 2, 232550).
cost(13, 3, 529606).
cost(13, 4, 447928).
cost(13, 5, 465655).
cost(13, 6, 393724).
cost(13, 7, 654622).
cost(13, 8, 364522).
cost(13, 9, 306826).
cost(13, 10, 402103).
cost(13, 11, 125900).
cost(13, 12, 428423).
cost(13, 14, 340755).
cost(13, 15, 462158).
cost(13, 16, 538377).
cost(13, 17, 121544).
cost(13, 18, 311774).
cost(13, 19, 99837).
cost(14, 1, 563762).
cost(14, 2, 125154).
cost(14, 3, 658278).
cost(14, 4, 369111).
cost(14, 5, 582276).
cost(14, 6, 726504).
cost(14, 7, 742566).
cost(14, 8, 695693).
cost(14, 9, 501039).
cost(14, 10, 82981).
cost(14, 11, 465863).
cost(14, 12, 607099).
cost(14, 13, 340755).
cost(14, 15, 291221).
cost(14, 16, 223162).
cost(14, 17, 342067).
cost(14, 18, 345396).
cost(14, 19, 269472).
cost(15, 1, 849266).
cost(15, 2, 273315).
cost(15, 3, 915995).
cost(15, 4, 658664).
cost(15, 5, 841111).
cost(15, 6, 840232).
cost(15, 7, 1014745).
cost(15, 8, 724957).
cost(15, 9, 725024).
cost(15, 10, 353223).
cost(15, 11, 556382).
cost(15, 12, 843677).
cost(15, 13, 462158).
cost(15, 14, 291221).
cost(15, 16, 450596).
cost(15, 17, 532333).
cost(15, 18, 221658).
cost(15, 19, 362332).
cost(16, 1, 432863).
cost(16, 2, 346824).
cost(16, 3, 700265).
cost(16, 4, 346693).
cost(16, 5, 628962).
cost(16, 6, 899354).
cost(16, 7, 747942).
cost(16, 8, 902064).
cost(16, 9, 607198).
cost(16, 10, 142769).
cost(16, 11, 663645).
cost(16, 12, 686570).
cost(16, 13, 538377).
cost(16, 14, 223162).
cost(16, 15, 450596).
cost(16, 17, 502335).
cost(16, 18, 561416).
cost(16, 19, 483519).
cost(17, 1, 605576).
cost(17, 2, 268312).
cost(17, 3, 413749).
cost(17, 4, 343595).
cost(17, 5, 346983).
cost(17, 6, 397023).
cost(17, 7, 535578).
cost(17, 8, 435918).
cost(17, 9, 198073).
cost(17, 10, 381793).
cost(17, 11, 199142).
cost(17, 12, 320413).
cost(17, 13, 121544).
cost(17, 14, 342067).
cost(17, 15, 532333).
cost(17, 16, 502335).
cost(17, 18, 416368).
cost(17, 19, 190638).
cost(18, 1, 887848).
cost(18, 2, 244642).
cost(18, 3, 828955).
cost(18, 4, 653264).
cost(18, 5, 759502).
cost(18, 6, 648315).
cost(18, 7, 945770).
cost(18, 8, 509031).
cost(18, 9, 613297).
cost(18, 10, 427847).
cost(18, 11, 371852).
cost(18, 12, 735830).
cost(18, 13, 311774).
cost(18, 14, 345396).
cost(18, 15, 221658).
cost(18, 16, 561416).
cost(18, 17, 416368).
cost(18, 19, 225825).
cost(19, 1, 715532).
cost(19, 2, 148639).
cost(19, 3, 603299).
cost(19, 4, 462230).
cost(19, 5, 534509).
cost(19, 6, 488112).
cost(19, 7, 721724).
cost(19, 8, 427022).
cost(19, 9, 388152).
cost(19, 10, 341696).
cost(19, 11, 208246).
cost(19, 12, 510677).
cost(19, 13, 99837).
cost(19, 14, 269472).
cost(19, 15, 362332).
cost(19, 16, 483519).
cost(19, 17, 190638).
cost(19, 18, 225825).
