dimension(19).
point(1, -54014.0, -185306.0).
point(2, -202288.0, 57903.0).
point(3, 56980.0, 378137.0).
point(4, -323853.0, 146983.0).
point(5, -234036.0, -75523.0).
point(6, 23386.0, -86068.0).
point(7, 401466.0, -61358.0).
point(8, 495888.0, 87980.0).
point(9, 6003.0, -95286.0).
point(10, 197792.0, 143718.0).
point(11, -454338.0, 203470.0).
point(12, -205415.0, 59272.0).
point(13, -36842.0, -547311.0).
point(14, -165681.0, 165992.0).
point(15, -292320.0, -3515.0).
point(16, 125575.0, 25596.0).
point(17, -146716.0, -271225.0).
point(18, -218023.0, 39589.0).
point(19, 244618.0, 357811.0).
cost(1, 2, 284843).
cost(1, 3, 574271).
cost(1, 4, 428053).
cost(1, 5, 210856).
cost(1, 6, 125853).
cost(1, 7, 472044).
cost(1, 8, 614066).
cost(1, 9, 108193).
cost(1, 10, 414322).
cost(1, 11, 558038).
cost(1, 12, 287647).
cost(1, 13, 362412).
cost(1, 14, 368619).
cost(1, 15, 299729).
cost(1, 16, 277005).
cost(1, 17, 126395).
cost(1, 18, 278346).
cost(1, 19, 619804).
cost(2, 1, 284843).
cost(2, 3, 412031).
cost(2, 4, 150709).
cost(2, 5, 137151).
cost(2, 6, 267687).
cost(2, 7, 615420).
cost(2, 8, 698824).
cost(2, 9, 258558).
cost(2, 10, 409180).
cost(2, 11, 291065).
cost(2, 12, 3414).
cost(2, 13, 627420).
cost(2, 14, 114120).
cost(2, 15, 108986).
cost(2, 16, 329451).
cost(2, 17, 333787).
cost(2, 18, 24145).
cost(2, 19, 538210).
cost(3, 1, 574271).
cost(3, 2, 412031).
cost(3, 4, 445495).
cost(3, 5, 538978).
cost(3, 6, 465419).
cost(3, 7, 558414).
cost(3, 8, 526148).
cost(3, 9, 476160).
cost(3, 10, 273460).
cost(3, 11, 540328).
cost(3, 12, 412948).
cost(3, 13, 930192).
cost(3, 14, 307544).
cost(3, 15, 517367).
cost(3, 16, 359152).
cost(3, 17, 680561).
cost(3, 18, 436167).
cost(3, 19, 188736).
cost(4, 1, 428053).
cost(4, 2, 150709).
cost(4, 3, 445495).
cost(4, 5, 239950).
cost(4, 6, 418196).
cost(4, 7, 754648).
cost(4, 8, 821862).
cost(4, 9, 409267).
cost(4, 10, 521655).
cost(4, 11, 142187).
cost(4, 12, 147380).
cost(4, 13, 751279).
cost(4, 14, 159310).
cost(4, 15, 153766).
cost(4, 16, 465532).
cost(4, 17, 454176).
cost(4, 18, 150776).
cost(4, 19, 606307).
cost(5, 1, 210856).
cost(5, 2, 137151).
cost(5, 3, 538978).
cost(5, 4, 239950).
cost(5, 6, 257638).
cost(5, 7, 635660).
cost(5, 8, 748012).
cost(5, 9, 240851).
cost(5, 10, 484295).
cost(5, 11, 355486).
cost(5, 12, 137800).
cost(5, 13, 511341).
cost(5, 14, 251002).
cost(5, 15, 92640).
cost(5, 16, 373557).
cost(5, 17, 214299).
cost(5, 18, 116220).
cost(5, 19, 645669).
cost(6, 1, 125853).
cost(6, 2, 267687).
cost(6, 3, 465419).
cost(6, 4, 418196).
cost(6, 5, 257638).
cost(6, 7, 378887).
cost(6, 8, 503538).
cost(6, 9, 19676).
cost(6, 10, 288477).
cost(6, 11, 558617).
cost(6, 12, 271060).
cost(6, 13, 465159).
cost(6, 14, 315088).
cost(6, 15, 326321).
cost(6, 16, 151365).
cost(6, 17, 251432).
cost(6, 18, 272154).
cost(6, 19, 495956).
cost(7, 1, 472044).
cost(7, 2, 615420).
cost(7, 3, 558414).
cost(7, 4, 754648).
cost(7, 5, 635660).
cost(7, 6, 378887).
cost(7, 8, 176684).
cost(7, 9, 396916).
cost(7, 10, 289032).
cost(7, 11, 895843).
cost(7, 12, 618754).
cost(7, 13, 654419).
cost(7, 14, 611019).
cost(7, 15, 696193).
cost(7, 16, 289269).
cost(7, 17, 586982).
cost(7, 18, 627660).
cost(7, 19, 447553).
cost(8, 1, 614066).
cost(8, 2, 698824).
cost(8, 3, 526148).
cost(8, 4, 821862).
cost(8, 5, 748012).
cost(8, 6, 503538).
cost(8, 7, 176684).
cost(8, 9, 523043).
cost(8, 10, 303262).
cost(8, 11, 957219).
cost(8, 12, 701890).
cost(8, 13, 829093).
cost(8, 14, 666153).
cost(8, 15, 793501).
cost(8, 16, 375531).
cost(8, 17, 736185).
cost(8, 18, 715549).
cost(8, 19, 368708).
cost(9, 1, 108193).
cost(9, 2, 258558).
cost(9, 3, 476160).
cost(9, 4, 409267).
cost(9, 5, 240851).
cost(9, 6, 19676).
cost(9, 7, 396916).
cost(9, 8, 523043).
cost(9, 10, 306441).
cost(9, 11, 548789).
cost(9, 12, 261889).
cost(9, 13, 454051).
cost(9, 14, 312637).
cost(9, 15, 312119).
cost(9, 16, 170029).
cost(9, 17, 232976).
cost(9, 18, 261494).
cost(9, 19, 512088).
cost(10, 1, 414322).
cost(10, 2, 409180).
cost(10, 3, 273460).
cost(10, 4, 521655).
cost(10, 5, 484295).
cost(10, 6, 288477).
cost(10, 7, 289032).
cost(10, 8, 303262).
cost(10, 9, 306441).
cost(10, 11, 654862).
cost(10, 12, 411955).
cost(10, 13, 729777).
cost(10, 14, 364155).
cost(10, 15, 511749).
cost(10, 16, 138449).
cost(10, 17, 539318).
cost(10, 18, 428655).
cost(10, 19, 219154).
cost(11, 1, 558038).
cost(11, 2, 291065).
cost(11, 3, 540328).
cost(11, 4, 142187).
cost(11, 5, 355486).
cost(11, 6, 558617).
cost(11, 7, 895843).
cost(11, 8, 957219).
cost(11, 9, 548789).
cost(11, 10, 654862).
cost(11, 12, 287673).
cost(11, 13, 859055).
cost(11, 14, 291080).
cost(11, 15, 262855).
cost(11, 16, 606579).
cost(11, 17, 565656).
cost(11, 18, 287579).
cost(11, 19, 715794).
cost(12, 1, 287647).
cost(12, 2, 3414).
cost(12, 3, 412948).
cost(12, 4, 147380).
cost(12, 5, 137800).
cost(12, 6, 271060).
cost(12, 7, 618754).
cost(12, 8, 701890).
cost(12, 9, 261889).
cost(12, 10, 411955).
cost(12, 11, 287673).
cost(12, 13, 629571).
cost(12, 14, 113877).
cost(12, 15, 107213).
cost(12, 16, 332699).
cost(12, 17, 335669).
cost(12, 18, 23375).
cost(12, 19, 540051).
cost(13, 1, 362412).
cost(13, 2, 627420).
cost(13, 3, 930192).
cost(13, 4, 751279).
cost(13, 5, 511341).
cost(13, 6, 465159).
cost(13, 7, 654419).
cost(13, 8, 829093).
cost(13, 9, 454051).
cost(13, 10, 729777).
cost(13, 11, 859055).
cost(13, 12, 629571).
cost(13, 14, 724845).
cost(13, 15, 600819).
cost(13, 16, 595484).
cost(13, 17, 297146).
cost(13, 18, 614230).
cost(13, 19, 947874).
cost(14, 1, 368619).
cost(14, 2, 114120).
cost(14, 3, 307544).
cost(14, 4, 159310).
cost(14, 5, 251002).
cost(14, 6, 315088).
cost(14, 7, 611019).
cost(14, 8, 666153).
cost(14, 9, 312637).
cost(14, 10, 364155).
cost(14, 11, 291080).
cost(14, 12, 113877).
cost(14, 13, 724845).
cost(14, 15, 211589).
cost(14, 16, 323328).
cost(14, 17, 437628).
cost(14, 18, 136812).
cost(14, 19, 452924).
cost(15, 1, 299729).
cost(15, 2, 108986).
cost(15, 3, 517367).
cost(15, 4, 153766).
cost(15, 5, 92640).
cost(15, 6, 326321).
cost(15, 7, 696193).
cost(15, 8, 793501).
cost(15, 9, 312119).
cost(15, 10, 511749).
cost(15, 11, 262855).
cost(15, 12, 107213).
cost(15, 13, 600819).
cost(15, 14, 211589).
cost(15, 16, 418908).
cost(15, 17, 304744).
cost(15, 18, 85895).
cost(15, 19, 647193).
cost(16, 1, 277005).
cost(16, 2, 329451).
cost(16, 3, 359152).
cost(16, 4, 465532).
cost(16, 5, 373557).
cost(16, 6, 151365).
cost(16, 7, 289269).
cost(16, 8, 375531).
cost(16, 9, 170029).
cost(16, 10, 138449).
cost(16, 11, 606579).
cost(16, 12, 332699).
cost(16, 13, 595484).
cost(16, 14, 323328).
cost(16, 15, 418908).
cost(16, 17, 402797).
cost(16, 18, 343883).
cost(16, 19, 352899).
cost(17, 1, 126395).
cost(17, 2, 333787).
cost(17, 3, 680561).
cost(17, 4, 454176).
cost(17, 5, 214299).
cost(17, 6, 251432).
cost(17, 7, 586982).
cost(17, 8, 736185).
cost(17, 9, 232976).
cost(17, 10, 539318).
cost(17, 11, 565656).
cost(17, 12, 335669).
cost(17, 13, 297146).
cost(17, 14, 437628).
cost(17, 15, 304744).
cost(17, 16, 402797).
cost(17, 18, 318889).
cost(17, 19, 740830).
cost(18, 1, 278346).
cost(18, 2, 24145).
cost(18, 3, 436167).
cost(18, 4, 150776).
cost(18, 5, 116220).
cost(18, 6, 272154).
cost(18, 7, 627660).
cost(18, 8, 715549).
cost(18, 9, 261494).
cost(18, 10, 428655).
cost(18, 11, 287579).
cost(18, 12, 23375).
cost(18, 13, 614230).
cost(18, 14, 136812).
cost(18, 15, 85895).
cost(18, 16, 343883).
cost(18, 17, 318889).
cost(18, 19, 561518).
cost(19, 1, 619804).
cost(19, 2, 538210).
cost(19, 3, 188736).
cost(19, 4, 606307).
cost(19, 5, 645669).
cost(19, 6, 495956).
cost(19, 7, 447553).
cost(19, 8, 368708).
cost(19, 9, 512088).
cost(19, 10, 219154).
cost(19, 11, 715794).
cost(19, 12, 540051).
cost(19, 13, 947874).
cost(19, 14, 452924).
cost(19, 15, 647193).
cost(19, 16, 352899).
cost(19, 17, 740830).
cost(19, 18, 561518).
