dimension(19).
point(1, 333252.0, -94712.0).
point(2, -131426.0, -25110.0).
point(3, -630369.0, 259060.0).
point(4, 190246.0, 42064.0).
point(5, 115495.0, 452059.0).
point(6, -106711.0, -277350.0).
point(7, 4613.0, 10829.0).
point(8, -65430.0, -884162.0).
point(9, 115068.0, 234949.0).
point(10, 144445.0, -129871.0).
point(11, -145196.0, 30940.0).
point(12, 94213.0, -164983.0).
point(13, -242375.0, -136299.0).
point(14, -167984.0, 93795.0).
point(15, 474775.0, -440969.0).
point(16, 130709.0, -192138.0).
point(17, 201719.0, 191338.0).
point(18, 79513.0, 162770.0).
point(19, -106457.0, -251351.0).
cost(1, 2, 469862).
cost(1, 3, 1026509).
cost(1, 4, 197885).
cost(1, 5, 588538).
cost(1, 6, 476365).
cost(1, 7, 345170).
cost(1, 8, 884409).
cost(1, 9, 395323).
cost(1, 10, 192053).
cost(1, 11, 494673).
cost(1, 12, 249154).
cost(1, 13, 577127).
cost(1, 14, 535511).
cost(1, 15, 374062).
cost(1, 16, 224757).
cost(1, 17, 314842).
cost(1, 18, 361498).
cost(1, 19, 466776).
cost(2, 1, 469862).
cost(2, 3, 574192).
cost(2, 4, 328611).
cost(2, 5, 537271).
cost(2, 6, 253448).
cost(2, 7, 140706).
cost(2, 8, 861583).
cost(2, 9, 358315).
cost(2, 10, 295093).
cost(2, 11, 57717).
cost(2, 12, 265476).
cost(2, 13, 157075).
cost(2, 14, 124398).
cost(2, 15, 735132).
cost(2, 16, 310826).
cost(2, 17, 397285).
cost(2, 18, 282479).
cost(2, 19, 227615).
cost(3, 1, 1026509).
cost(3, 2, 574192).
cost(3, 4, 848821).
cost(3, 5, 770430).
cost(3, 6, 749636).
cost(3, 7, 681778).
cost(3, 8, 1275191).
cost(3, 9, 745827).
cost(3, 10, 866951).
cost(3, 11, 536126).
cost(3, 12, 839542).
cost(3, 13, 553939).
cost(3, 14, 491032).
cost(3, 15, 1308199).
cost(3, 16, 884771).
cost(3, 17, 834839).
cost(3, 18, 716383).
cost(3, 19, 731439).
cost(4, 1, 197885).
cost(4, 2, 328611).
cost(4, 3, 848821).
cost(4, 5, 416754).
cost(4, 6, 436129).
cost(4, 7, 188242).
cost(4, 8, 960867).
cost(4, 9, 207018).
cost(4, 10, 177931).
cost(4, 11, 335626).
cost(4, 12, 228234).
cost(4, 13, 467947).
cost(4, 14, 361946).
cost(4, 15, 560605).
cost(4, 16, 241651).
cost(4, 17, 149714).
cost(4, 18, 163804).
cost(4, 19, 417283).
cost(5, 1, 588538).
cost(5, 2, 537271).
cost(5, 3, 770430).
cost(5, 4, 416754).
cost(5, 6, 762504).
cost(5, 7, 454949).
cost(5, 8, 1348414).
cost(5, 9, 217110).
cost(5, 10, 582650).
cost(5, 11, 495279).
cost(5, 12, 617409).
cost(5, 13, 688648).
cost(5, 14, 456852).
cost(5, 15, 962591).
cost(5, 16, 644377).
cost(5, 17, 274609).
cost(5, 18, 291518).
cost(5, 19, 737596).
cost(6, 1, 476365).
cost(6, 2, 253448).
cost(6, 3, 749636).
cost(6, 4, 436129).
cost(6, 5, 762504).
cost(6, 7, 308934).
cost(6, 8, 608215).
cost(6, 9, 558244).
cost(6, 10, 291255).
cost(6, 11, 310683).
cost(6, 12, 230210).
cost(6, 13, 195704).
cost(6, 14, 376169).
cost(6, 15, 604067).
cost(6, 16, 252249).
cost(6, 17, 561068).
cost(6, 18, 477896).
cost(6, 19, 26000).
cost(7, 1, 345170).
cost(7, 2, 140706).
cost(7, 3, 681778).
cost(7, 4, 188242).
cost(7, 5, 454949).
cost(7, 6, 308934).
cost(7, 8, 897728).
cost(7, 9, 249860).
cost(7, 10, 198367).
cost(7, 11, 151153).
cost(7, 12, 197327).
cost(7, 13, 287489).
cost(7, 14, 191502).
cost(7, 15, 652053).
cost(7, 16, 238947).
cost(7, 17, 267272).
cost(7, 18, 169399).
cost(7, 19, 284737).
cost(8, 1, 884409).
cost(8, 2, 861583).
cost(8, 3, 1275191).
cost(8, 4, 960867).
cost(8, 5, 1348414).
cost(8, 6, 608215).
cost(8, 7, 897728).
cost(8, 9, 1133574).
cost(8, 10, 782945).
cost(8, 11, 918572).
cost(8, 12, 736685).
cost(8, 13, 768511).
cost(8, 14, 983319).
cost(8, 15, 698743).
cost(8, 16, 719283).
cost(8, 17, 1108183).
cost(8, 18, 1056918).
cost(8, 19, 634140).
cost(9, 1, 395323).
cost(9, 2, 358315).
cost(9, 3, 745827).
cost(9, 4, 207018).
cost(9, 5, 217110).
cost(9, 6, 558244).
cost(9, 7, 249860).
cost(9, 8, 1133574).
cost(9, 10, 366001).
cost(9, 11, 330692).
cost(9, 12, 400475).
cost(9, 13, 515355).
cost(9, 14, 316296).
cost(9, 15, 765672).
cost(9, 16, 427373).
cost(9, 17, 97007).
cost(9, 18, 80461).
cost(9, 19, 534379).
cost(10, 1, 192053).
cost(10, 2, 295093).
cost(10, 3, 866951).
cost(10, 4, 177931).
cost(10, 5, 582650).
cost(10, 6, 291255).
cost(10, 7, 198367).
cost(10, 8, 782945).
cost(10, 9, 366001).
cost(10, 11, 331289).
cost(10, 12, 61287).
cost(10, 13, 386873).
cost(10, 14, 384237).
cost(10, 15, 453762).
cost(10, 16, 63764).
cost(10, 17, 326275).
cost(10, 18, 299758).
cost(10, 19, 278764).
cost(11, 1, 494673).
cost(11, 2, 57717).
cost(11, 3, 536126).
cost(11, 4, 335626).
cost(11, 5, 495279).
cost(11, 6, 310683).
cost(11, 7, 151153).
cost(11, 8, 918572).
cost(11, 9, 330692).
cost(11, 10, 331289).
cost(11, 12, 309358).
cost(11, 13, 193423).
cost(11, 14, 66858).
cost(11, 15, 779142).
cost(11, 16, 354806).
cost(11, 17, 382201).
cost(11, 18, 260525).
cost(11, 19, 284937).
cost(12, 1, 249154).
cost(12, 2, 265476).
cost(12, 3, 839542).
cost(12, 4, 228234).
cost(12, 5, 617409).
cost(12, 6, 230210).
cost(12, 7, 197327).
cost(12, 8, 736685).
cost(12, 9, 400475).
cost(12, 10, 61287).
cost(12, 11, 309358).
cost(12, 13, 337808).
cost(12, 14, 368393).
cost(12, 15, 470102).
cost(12, 16, 45490).
cost(12, 17, 372186).
cost(12, 18, 328082).
cost(12, 19, 218467).
cost(13, 1, 577127).
cost(13, 2, 157075).
cost(13, 3, 553939).
cost(13, 4, 467947).
cost(13, 5, 688648).
cost(13, 6, 195704).
cost(13, 7, 287489).
cost(13, 8, 768511).
cost(13, 9, 515355).
cost(13, 10, 386873).
cost(13, 11, 193423).
cost(13, 12, 337808).
cost(13, 14, 241821).
cost(13, 15, 779184).
cost(13, 16, 377240).
cost(13, 17, 551875).
cost(13, 18, 439379).
cost(13, 19, 178075).
cost(14, 1, 535511).
cost(14, 2, 124398).
cost(14, 3, 491032).
cost(14, 4, 361946).
cost(14, 5, 456852).
cost(14, 6, 376169).
cost(14, 7, 191502).
cost(14, 8, 983319).
cost(14, 9, 316296).
cost(14, 10, 384237).
cost(14, 11, 66858).
cost(14, 12, 368393).
cost(14, 13, 241821).
cost(14, 15, 836129).
cost(14, 16, 413491).
cost(14, 17, 382354).
cost(14, 18, 256929).
cost(14, 19, 350587).
cost(15, 1, 374062).
cost(15, 2, 735132).
cost(15, 3, 1308199).
cost(15, 4, 560605).
cost(15, 5, 962591).
cost(15, 6, 604067).
cost(15, 7, 652053).
cost(15, 8, 698743).
cost(15, 9, 765672).
cost(15, 10, 453762).
cost(15, 11, 779142).
cost(15, 12, 470102).
cost(15, 13, 779184).
cost(15, 14, 836129).
cost(15, 16, 424615).
cost(15, 17, 688746).
cost(15, 18, 721618).
cost(15, 19, 611380).
cost(16, 1, 224757).
cost(16, 2, 310826).
cost(16, 3, 884771).
cost(16, 4, 241651).
cost(16, 5, 644377).
cost(16, 6, 252249).
cost(16, 7, 238947).
cost(16, 8, 719283).
cost(16, 9, 427373).
cost(16, 10, 63764).
cost(16, 11, 354806).
cost(16, 12, 45490).
cost(16, 13, 377240).
cost(16, 14, 413491).
cost(16, 15, 424615).
cost(16, 17, 389995).
cost(16, 18, 358582).
cost(16, 19, 244446).
cost(17, 1, 314842).
cost(17, 2, 397285).
cost(17, 3, 834839).
cost(17, 4, 149714).
cost(17, 5, 274609).
cost(17, 6, 561068).
cost(17, 7, 267272).
cost(17, 8, 1108183).
cost(17, 9, 97007).
cost(17, 10, 326275).
cost(17, 11, 382201).
cost(17, 12, 372186).
cost(17, 13, 551875).
cost(17, 14, 382354).
cost(17, 15, 688746).
cost(17, 16, 389995).
cost(17, 18, 125501).
cost(17, 19, 539394).
cost(18, 1, 361498).
cost(18, 2, 282479).
cost(18, 3, 716383).
cost(18, 4, 163804).
cost(18, 5, 291518).
cost(18, 6, 477896).
cost(18, 7, 169399).
cost(18, 8, 1056918).
cost(18, 9, 80461).
cost(18, 10, 299758).
cost(18, 11, 260525).
cost(18, 12, 328082).
cost(18, 13, 439379).
cost(18, 14, 256929).
cost(18, 15, 721618).
cost(18, 16, 358582).
cost(18, 17, 125501).
cost(18, 19, 453962).
cost(19, 1, 466776).
cost(19, 2, 227615).
cost(19, 3, 731439).
cost(19, 4, 417283).
cost(19, 5, 737596).
cost(19, 6, 26000).
cost(19, 7, 284737).
cost(19, 8, 634140).
cost(19, 9, 534379).
cost(19, 10, 278764).
cost(19, 11, 284937).
cost(19, 12, 218467).
cost(19, 13, 178075).
cost(19, 14, 350587).
cost(19, 15, 611380).
cost(19, 16, 244446).
cost(19, 17, 539394).
cost(19, 18, 453962).
