dimension(19).
point(1, -197799.0, 424309.0).
point(2, -311218.0, -365163.0).
point(3, -27471.0, -322674.0).
point(4, -227388.0, 10844.0).
point(5, 78362.0, -8774.0).
point(6, -18417.0, 122156.0).
point(7, -154885.0, -221585.0).
point(8, 122726.0, -104917.0).
point(9, 287592.0, 215057.0).
point(10, 65276.0, -103598.0).
point(11, 734200.0, 42701.0).
point(12, -388439.0, -386227.0).
point(13, 89050.0, 120601.0).
point(14, 22391.0, -124305.0).
point(15, -245601.0, -186454.0).
point(16, 137649.0, 249409.0).
point(17, 49823.0, -269387.0).
point(18, 2713.0, -137311.0).
point(19, -86088.0, -64724.0).
cost(1, 2, 797578).
cost(1, 3, 766156).
cost(1, 4, 414522).
cost(1, 5, 513640).
cost(1, 6, 351389).
cost(1, 7, 647318).
cost(1, 8, 618722).
cost(1, 9, 528574).
cost(1, 10, 589826).
cost(1, 11, 1007098).
cost(1, 12, 832654).
cost(1, 13, 417757).
cost(1, 14, 591152).
cost(1, 15, 612631).
cost(1, 16, 378306).
cost(1, 17, 736567).
cost(1, 18, 596341).
cost(1, 19, 501630).
cost(2, 1, 797578).
cost(2, 3, 286911).
cost(2, 4, 385239).
cost(2, 5, 528002).
cost(2, 6, 568518).
cost(2, 7, 212261).
cost(2, 8, 505999).
cost(2, 9, 833804).
cost(2, 10, 458436).
cost(2, 11, 1122164).
cost(2, 12, 80042).
cost(2, 13, 629429).
cost(2, 14, 411470).
cost(2, 15, 190375).
cost(2, 16, 761039).
cost(2, 17, 373529).
cost(2, 18, 387904).
cost(2, 19, 375429).
cost(3, 1, 766156).
cost(3, 2, 286911).
cost(3, 4, 388846).
cost(3, 5, 331261).
cost(3, 6, 444922).
cost(3, 7, 162645).
cost(3, 8, 264532).
cost(3, 9, 623233).
cost(3, 10, 237900).
cost(3, 11, 844773).
cost(3, 12, 366520).
cost(3, 13, 458334).
cost(3, 14, 204540).
cost(3, 15, 257170).
cost(3, 16, 595436).
cost(3, 17, 93882).
cost(3, 18, 187804).
cost(3, 19, 264526).
cost(4, 1, 414522).
cost(4, 2, 385239).
cost(4, 3, 388846).
cost(4, 5, 306379).
cost(4, 6, 236768).
cost(4, 7, 243475).
cost(4, 8, 368755).
cost(4, 9, 553992).
cost(4, 10, 314244).
cost(4, 11, 962116).
cost(4, 12, 428489).
cost(4, 13, 334932).
cost(4, 14, 283998).
cost(4, 15, 198137).
cost(4, 16, 436079).
cost(4, 17, 394177).
cost(4, 18, 273672).
cost(4, 19, 160238).
cost(5, 1, 513640).
cost(5, 2, 528002).
cost(5, 3, 331261).
cost(5, 4, 306379).
cost(5, 6, 162815).
cost(5, 7, 315741).
cost(5, 8, 105885).
cost(5, 9, 306394).
cost(5, 10, 95723).
cost(5, 11, 657855).
cost(5, 12, 600312).
cost(5, 13, 129816).
cost(5, 14, 128375).
cost(5, 15, 369489).
cost(5, 16, 264903).
cost(5, 17, 262171).
cost(5, 18, 149146).
cost(5, 19, 173707).
cost(6, 1, 351389).
cost(6, 2, 568518).
cost(6, 3, 444922).
cost(6, 4, 236768).
cost(6, 5, 162815).
cost(6, 7, 369840).
cost(6, 8, 267364).
cost(6, 9, 319800).
cost(6, 10, 240768).
cost(6, 11, 756799).
cost(6, 12, 628784).
cost(6, 13, 107478).
cost(6, 14, 249817).
cost(6, 15, 383214).
cost(6, 16, 201370).
cost(6, 17, 397445).
cost(6, 18, 260326).
cost(6, 19, 198755).
cost(7, 1, 647318).
cost(7, 2, 212261).
cost(7, 3, 162645).
cost(7, 4, 243475).
cost(7, 5, 315741).
cost(7, 6, 369840).
cost(7, 8, 301130).
cost(7, 9, 621645).
cost(7, 10, 249784).
cost(7, 11, 927534).
cost(7, 12, 285752).
cost(7, 13, 420233).
cost(7, 14, 202213).
cost(7, 15, 97281).
cost(7, 16, 554447).
cost(7, 17, 210215).
cost(7, 18, 178716).
cost(7, 19, 171285).
cost(8, 1, 618722).
cost(8, 2, 505999).
cost(8, 3, 264532).
cost(8, 4, 368755).
cost(8, 5, 105885).
cost(8, 6, 267364).
cost(8, 7, 301130).
cost(8, 9, 359950).
cost(8, 10, 57465).
cost(8, 11, 629040).
cost(8, 12, 583459).
cost(8, 13, 228019).
cost(8, 14, 102191).
cost(8, 15, 377244).
cost(8, 16, 354640).
cost(8, 17, 179903).
cost(8, 18, 124308).
cost(8, 19, 212647).
cost(9, 1, 528574).
cost(9, 2, 833804).
cost(9, 3, 623233).
cost(9, 4, 553992).
cost(9, 5, 306394).
cost(9, 6, 319800).
cost(9, 7, 621645).
cost(9, 8, 359950).
cost(9, 10, 388543).
cost(9, 11, 478712).
cost(9, 12, 904743).
cost(9, 13, 219866).
cost(9, 14, 430695).
cost(9, 15, 667462).
cost(9, 16, 153828).
cost(9, 17, 539648).
cost(9, 18, 453122).
cost(9, 19, 466813).
cost(10, 1, 589826).
cost(10, 2, 458436).
cost(10, 3, 237900).
cost(10, 4, 314244).
cost(10, 5, 95723).
cost(10, 6, 240768).
cost(10, 7, 249784).
cost(10, 8, 57465).
cost(10, 9, 388543).
cost(10, 11, 684736).
cost(10, 12, 534543).
cost(10, 13, 225456).
cost(10, 14, 47623).
cost(10, 15, 321729).
cost(10, 16, 360350).
cost(10, 17, 166508).
cost(10, 18, 71068).
cost(10, 19, 156276).
cost(11, 1, 1007098).
cost(11, 2, 1122164).
cost(11, 3, 844773).
cost(11, 4, 962116).
cost(11, 5, 657855).
cost(11, 6, 756799).
cost(11, 7, 927534).
cost(11, 8, 629040).
cost(11, 9, 478712).
cost(11, 10, 684736).
cost(11, 12, 1201789).
cost(11, 13, 649836).
cost(11, 14, 731138).
cost(11, 15, 1006242).
cost(11, 16, 631349).
cost(11, 17, 752177).
cost(11, 18, 753311).
cost(11, 19, 827292).
cost(12, 1, 832654).
cost(12, 2, 80042).
cost(12, 3, 366520).
cost(12, 4, 428489).
cost(12, 5, 600312).
cost(12, 6, 628784).
cost(12, 7, 285752).
cost(12, 8, 583459).
cost(12, 9, 904743).
cost(12, 10, 534543).
cost(12, 11, 1201789).
cost(12, 13, 696326).
cost(12, 14, 487221).
cost(12, 15, 245585).
cost(12, 16, 825107).
cost(12, 17, 453569).
cost(12, 18, 463637).
cost(12, 19, 441339).
cost(13, 1, 417757).
cost(13, 2, 629429).
cost(13, 3, 458334).
cost(13, 4, 334932).
cost(13, 5, 129816).
cost(13, 6, 107478).
cost(13, 7, 420233).
cost(13, 8, 228019).
cost(13, 9, 219866).
cost(13, 10, 225456).
cost(13, 11, 649836).
cost(13, 12, 696326).
cost(13, 14, 253816).
cost(13, 15, 454174).
cost(13, 16, 137671).
cost(13, 17, 391956).
cost(13, 18, 271979).
cost(13, 19, 254988).
cost(14, 1, 591152).
cost(14, 2, 411470).
cost(14, 3, 204540).
cost(14, 4, 283998).
cost(14, 5, 128375).
cost(14, 6, 249817).
cost(14, 7, 202213).
cost(14, 8, 102191).
cost(14, 9, 430695).
cost(14, 10, 47623).
cost(14, 11, 731138).
cost(14, 12, 487221).
cost(14, 13, 253816).
cost(14, 15, 275104).
cost(14, 16, 391084).
cost(14, 17, 147653).
cost(14, 18, 23588).
cost(14, 19, 123764).
cost(15, 1, 612631).
cost(15, 2, 190375).
cost(15, 3, 257170).
cost(15, 4, 198137).
cost(15, 5, 369489).
cost(15, 6, 383214).
cost(15, 7, 97281).
cost(15, 8, 377244).
cost(15, 9, 667462).
cost(15, 10, 321729).
cost(15, 11, 1006242).
cost(15, 12, 245585).
cost(15, 13, 454174).
cost(15, 14, 275104).
cost(15, 16, 580394).
cost(15, 17, 306844).
cost(15, 18, 253130).
cost(15, 19, 200655).
cost(16, 1, 378306).
cost(16, 2, 761039).
cost(16, 3, 595436).
cost(16, 4, 436079).
cost(16, 5, 264903).
cost(16, 6, 201370).
cost(16, 7, 554447).
cost(16, 8, 354640).
cost(16, 9, 153828).
cost(16, 10, 360350).
cost(16, 11, 631349).
cost(16, 12, 825107).
cost(16, 13, 137671).
cost(16, 14, 391084).
cost(16, 15, 580394).
cost(16, 17, 526177).
cost(16, 18, 409585).
cost(16, 19, 385665).
cost(17, 1, 736567).
cost(17, 2, 373529).
cost(17, 3, 93882).
cost(17, 4, 394177).
cost(17, 5, 262171).
cost(17, 6, 397445).
cost(17, 7, 210215).
cost(17, 8, 179903).
cost(17, 9, 539648).
cost(17, 10, 166508).
cost(17, 11, 752177).
cost(17, 12, 453569).
cost(17, 13, 391956).
cost(17, 14, 147653).
cost(17, 15, 306844).
cost(17, 16, 526177).
cost(17, 18, 140226).
cost(17, 19, 245680).
cost(18, 1, 596341).
cost(18, 2, 387904).
cost(18, 3, 187804).
cost(18, 4, 273672).
cost(18, 5, 149146).
cost(18, 6, 260326).
cost(18, 7, 178716).
cost(18, 8, 124308).
cost(18, 9, 453122).
cost(18, 10, 71068).
cost(18, 11, 753311).
cost(18, 12, 463637).
cost(18, 13, 271979).
cost(18, 14, 23588).
cost(18, 15, 253130).
cost(18, 16, 409585).
cost(18, 17, 140226).
cost(18, 19, 114693).
cost(19, 1, 501630).
cost(19, 2, 375429).
cost(19, 3, 264526).
cost(19, 4, 160238).
cost(19, 5, 173707).
cost(19, 6, 198755).
cost(19, 7, 171285).
cost(19, 8, 212647).
cost(19, 9, 466813).
cost(19, 10, 156276).
cost(19, 11, 827292).
cost(19, 12, 441339).
cost(19, 13, 254988).
cost(19, 14, 123764).
cost(19, 15, 200655).
cost(19, 16, 385665).
cost(19, 17, 245680).
cost(19, 18, 114693).
