dimension(19).
point(1, -100207.0, 134926.0).
point(2, -269184.0, -15412.0).
point(3, -79654.0, -221293.0).
point(4, 45820.0, 100966.0).
point(5, -376421.0, -293821.0).
point(6, 100885.0, -229319.0).
point(7, 270533.0, -225859.0).
point(8, -181164.0, 226707.0).
point(9, -37798.0, 53936.0).
point(10, -447633.0, -169402.0).
point(11, -188234.0, -254354.0).
point(12, -184232.0, -77810.0).
point(13, 17646.0, -540586.0).
point(14, -146220.0, 132144.0).
point(15, -41424.0, 63613.0).
point(16, -338645.0, 267804.0).
point(17, 555117.0, 174817.0).
point(18, -59693.0, 289795.0).
point(19, -9673.0, 288599.0).
cost(1, 2, 226174).
cost(1, 3, 356811).
cost(1, 4, 149924).
cost(1, 5, 510018).
cost(1, 6, 416068).
cost(1, 7, 517314).
cost(1, 8, 122384).
cost(1, 9, 102246).
cost(1, 10, 461866).
cost(1, 11, 399109).
cost(1, 12, 228729).
cost(1, 13, 685716).
cost(1, 14, 46097).
cost(1, 15, 92417).
cost(1, 16, 272964).
cost(1, 17, 656537).
cost(1, 18, 160081).
cost(1, 19, 178359).
cost(2, 1, 226174).
cost(2, 3, 279837).
cost(2, 4, 335814).
cost(2, 5, 298348).
cost(2, 6, 427443).
cost(2, 7, 579295).
cost(2, 8, 257622).
cost(2, 9, 241555).
cost(2, 10, 235705).
cost(2, 11, 252282).
cost(2, 12, 105406).
cost(2, 13, 598397).
cost(2, 14, 192075).
cost(2, 15, 241080).
cost(2, 16, 291610).
cost(2, 17, 845966).
cost(2, 18, 370186).
cost(2, 19, 399711).
cost(3, 1, 356811).
cost(3, 2, 279837).
cost(3, 4, 345825).
cost(3, 5, 305501).
cost(3, 6, 180717).
cost(3, 7, 350217).
cost(3, 8, 459356).
cost(3, 9, 278393).
cost(3, 10, 371620).
cost(3, 11, 113502).
cost(3, 12, 177550).
cost(3, 13, 333789).
cost(3, 14, 359651).
cost(3, 15, 287459).
cost(3, 16, 553437).
cost(3, 17, 748223).
cost(3, 18, 511478).
cost(3, 19, 514672).
cost(4, 1, 149924).
cost(4, 2, 335814).
cost(4, 3, 345825).
cost(4, 5, 578052).
cost(4, 6, 334844).
cost(4, 7, 396624).
cost(4, 8, 259485).
cost(4, 9, 95936).
cost(4, 10, 562668).
cost(4, 11, 425480).
cost(4, 12, 291350).
cost(4, 13, 642170).
cost(4, 14, 194554).
cost(4, 15, 94904).
cost(4, 16, 419104).
cost(4, 17, 514624).
cost(4, 18, 216309).
cost(4, 19, 195667).
cost(5, 1, 510018).
cost(5, 2, 298348).
cost(5, 3, 305501).
cost(5, 4, 578052).
cost(5, 6, 481645).
cost(5, 7, 650514).
cost(5, 8, 555945).
cost(5, 9, 485387).
cost(5, 10, 143357).
cost(5, 11, 192281).
cost(5, 12, 289132).
cost(5, 13, 464954).
cost(5, 14, 484189).
cost(5, 15, 489880).
cost(5, 16, 562894).
cost(5, 17, 1042777).
cost(5, 18, 664021).
cost(5, 19, 688271).
cost(6, 1, 416068).
cost(6, 2, 427443).
cost(6, 3, 180717).
cost(6, 4, 334844).
cost(6, 5, 481645).
cost(6, 7, 169683).
cost(6, 8, 536201).
cost(6, 9, 315383).
cost(6, 10, 551781).
cost(6, 11, 290201).
cost(6, 12, 322873).
cost(6, 13, 322205).
cost(6, 14, 437854).
cost(6, 15, 325670).
cost(6, 16, 663565).
cost(6, 17, 607991).
cost(6, 18, 543383).
cost(6, 19, 529587).
cost(7, 1, 517314).
cost(7, 2, 579295).
cost(7, 3, 350217).
cost(7, 4, 396624).
cost(7, 5, 650514).
cost(7, 6, 169683).
cost(7, 8, 639411).
cost(7, 9, 416357).
cost(7, 10, 720382).
cost(7, 11, 459651).
cost(7, 12, 478257).
cost(7, 13, 403739).
cost(7, 14, 549408).
cost(7, 15, 425572).
cost(7, 16, 784092).
cost(7, 17, 491456).
cost(7, 18, 612330).
cost(7, 19, 585818).
cost(8, 1, 122384).
cost(8, 2, 257622).
cost(8, 3, 459356).
cost(8, 4, 259485).
cost(8, 5, 555945).
cost(8, 6, 536201).
cost(8, 7, 639411).
cost(8, 9, 224508).
cost(8, 10, 477397).
cost(8, 11, 481113).
cost(8, 12, 304532).
cost(8, 13, 792631).
cost(8, 14, 100813).
cost(8, 15, 214772).
cost(8, 16, 162755).
cost(8, 17, 738107).
cost(8, 18, 136877).
cost(8, 19, 182318).
cost(9, 1, 102246).
cost(9, 2, 241555).
cost(9, 3, 278393).
cost(9, 4, 95936).
cost(9, 5, 485387).
cost(9, 6, 315383).
cost(9, 7, 416357).
cost(9, 8, 224508).
cost(9, 10, 466738).
cost(9, 11, 343036).
cost(9, 12, 196977).
cost(9, 13, 597102).
cost(9, 14, 133686).
cost(9, 15, 10334).
cost(9, 16, 369118).
cost(9, 17, 605112).
cost(9, 18, 236873).
cost(9, 19, 236342).
cost(10, 1, 461866).
cost(10, 2, 235705).
cost(10, 3, 371620).
cost(10, 4, 562668).
cost(10, 5, 143357).
cost(10, 6, 551781).
cost(10, 7, 720382).
cost(10, 8, 477397).
cost(10, 9, 466738).
cost(10, 11, 272955).
cost(10, 12, 278871).
cost(10, 13, 595199).
cost(10, 14, 426356).
cost(10, 15, 468297).
cost(10, 16, 450586).
cost(10, 17, 1060186).
cost(10, 18, 601132).
cost(10, 19, 633699).
cost(11, 1, 399109).
cost(11, 2, 252282).
cost(11, 3, 113502).
cost(11, 4, 425480).
cost(11, 5, 192281).
cost(11, 6, 290201).
cost(11, 7, 459651).
cost(11, 8, 481113).
cost(11, 9, 343036).
cost(11, 10, 272955).
cost(11, 12, 176589).
cost(11, 13, 352584).
cost(11, 14, 388775).
cost(11, 15, 350223).
cost(11, 16, 543390).
cost(11, 17, 858346).
cost(11, 18, 559125).
cost(11, 19, 571561).
cost(12, 1, 228729).
cost(12, 2, 105406).
cost(12, 3, 177550).
cost(12, 4, 291350).
cost(12, 5, 289132).
cost(12, 6, 322873).
cost(12, 7, 478257).
cost(12, 8, 304532).
cost(12, 9, 196977).
cost(12, 10, 278871).
cost(12, 11, 176589).
cost(12, 13, 504892).
cost(12, 14, 213367).
cost(12, 15, 200984).
cost(12, 16, 378540).
cost(12, 17, 781318).
cost(12, 18, 388128).
cost(12, 19, 405865).
cost(13, 1, 685716).
cost(13, 2, 598397).
cost(13, 3, 333789).
cost(13, 4, 642170).
cost(13, 5, 464954).
cost(13, 6, 322205).
cost(13, 7, 403739).
cost(13, 8, 792631).
cost(13, 9, 597102).
cost(13, 10, 595199).
cost(13, 11, 352584).
cost(13, 12, 504892).
cost(13, 14, 692400).
cost(13, 15, 607080).
cost(13, 16, 883424).
cost(13, 17, 894805).
cost(13, 18, 833975).
cost(13, 19, 829635).
cost(14, 1, 46097).
cost(14, 2, 192075).
cost(14, 3, 359651).
cost(14, 4, 194554).
cost(14, 5, 484189).
cost(14, 6, 437854).
cost(14, 7, 549408).
cost(14, 8, 100813).
cost(14, 9, 133686).
cost(14, 10, 426356).
cost(14, 11, 388775).
cost(14, 12, 213367).
cost(14, 13, 692400).
cost(14, 15, 125215).
cost(14, 16, 235438).
cost(14, 17, 702634).
cost(14, 18, 179835).
cost(14, 19, 207661).
cost(15, 1, 92417).
cost(15, 2, 241080).
cost(15, 3, 287459).
cost(15, 4, 94904).
cost(15, 5, 489880).
cost(15, 6, 325670).
cost(15, 7, 425572).
cost(15, 8, 214772).
cost(15, 9, 10334).
cost(15, 10, 468297).
cost(15, 11, 350223).
cost(15, 12, 200984).
cost(15, 13, 607080).
cost(15, 14, 125215).
cost(15, 16, 360603).
cost(15, 17, 606818).
cost(15, 18, 226919).
cost(15, 19, 227215).
cost(16, 1, 272964).
cost(16, 2, 291610).
cost(16, 3, 553437).
cost(16, 4, 419104).
cost(16, 5, 562894).
cost(16, 6, 663565).
cost(16, 7, 784092).
cost(16, 8, 162755).
cost(16, 9, 369118).
cost(16, 10, 450586).
cost(16, 11, 543390).
cost(16, 12, 378540).
cost(16, 13, 883424).
cost(16, 14, 235438).
cost(16, 15, 360603).
cost(16, 17, 898586).
cost(16, 18, 279817).
cost(16, 19, 329629).
cost(17, 1, 656537).
cost(17, 2, 845966).
cost(17, 3, 748223).
cost(17, 4, 514624).
cost(17, 5, 1042777).
cost(17, 6, 607991).
cost(17, 7, 491456).
cost(17, 8, 738107).
cost(17, 9, 605112).
cost(17, 10, 1060186).
cost(17, 11, 858346).
cost(17, 12, 781318).
cost(17, 13, 894805).
cost(17, 14, 702634).
cost(17, 15, 606818).
cost(17, 16, 898586).
cost(17, 18, 625469).
cost(17, 19, 576137).
cost(18, 1, 160081).
cost(18, 2, 370186).
cost(18, 3, 511478).
cost(18, 4, 216309).
cost(18, 5, 664021).
cost(18, 6, 543383).
cost(18, 7, 612330).
cost(18, 8, 136877).
cost(18, 9, 236873).
cost(18, 10, 601132).
cost(18, 11, 559125).
cost(18, 12, 388128).
cost(18, 13, 833975).
cost(18, 14, 179835).
cost(18, 15, 226919).
cost(18, 16, 279817).
cost(18, 17, 625469).
cost(18, 19, 50034).
cost(19, 1, 178359).
cost(19, 2, 399711).
cost(19, 3, 514672).
cost(19, 4, 195667).
cost(19, 5, 688271).
cost(19, 6, 529587).
cost(19, 7, 585818).
cost(19, 8, 182318).
cost(19, 9, 236342).
cost(19, 10, 633699).
cost(19, 11, 571561).
cost(19, 12, 405865).
cost(19, 13, 829635).
cost(19, 14, 207661).
cost(19, 15, 227215).
cost(19, 16, 329629).
cost(19, 17, 576137).
cost(19, 18, 50034).
