dimension(19).
point(1, -295376.0, -201024.0).
point(2, -19613.0, 524993.0).
point(3, 492978.0, -39005.0).
point(4, 262848.0, -96254.0).
point(5, -155230.0, -107738.0).
point(6, -271845.0, 97731.0).
point(7, -342852.0, -431326.0).
point(8, -46412.0, -48877.0).
point(9, 69366.0, -128787.0).
point(10, -314063.0, -313708.0).
point(11, -365804.0, 158485.0).
point(12, 247923.0, -73674.0).
point(13, 135101.0, 427366.0).
point(14, 153429.0, 106111.0).
point(15, 212630.0, 376254.0).
point(16, -25390.0, 194955.0).
point(17, -62160.0, -174791.0).
point(18, -131002.0, -11643.0).
point(19, -146163.0, 61735.0).
cost(1, 2, 776625).
cost(1, 3, 804831).
cost(1, 4, 567971).
cost(1, 5, 168354).
cost(1, 6, 299680).
cost(1, 7, 235145).
cost(1, 8, 291774).
cost(1, 9, 371826).
cost(1, 10, 114223).
cost(1, 11, 366342).
cost(1, 12, 558025).
cost(1, 13, 761698).
cost(1, 14, 543836).
cost(1, 15, 768973).
cost(1, 16, 479262).
cost(1, 17, 234687).
cost(1, 18, 250767).
cost(1, 19, 302170).
cost(2, 1, 776625).
cost(2, 3, 762131).
cost(2, 4, 682446).
cost(2, 5, 647102).
cost(2, 6, 496159).
cost(2, 7, 1009470).
cost(2, 8, 574495).
cost(2, 9, 659807).
cost(2, 10, 888887).
cost(2, 11, 504159).
cost(2, 12, 655727).
cost(2, 13, 182941).
cost(2, 14, 453217).
cost(2, 15, 275790).
cost(2, 16, 330089).
cost(2, 17, 701076).
cost(2, 18, 548075).
cost(2, 19, 480232).
cost(3, 1, 804831).
cost(3, 2, 762131).
cost(3, 4, 237144).
cost(3, 5, 651842).
cost(3, 6, 776950).
cost(3, 7, 923324).
cost(3, 8, 539480).
cost(3, 9, 433022).
cost(3, 10, 852512).
cost(3, 11, 881197).
cost(3, 12, 247495).
cost(3, 13, 587859).
cost(3, 14, 369259).
cost(3, 15, 501034).
cost(3, 16, 568720).
cost(3, 17, 571503).
cost(3, 18, 624580).
cost(3, 19, 647032).
cost(4, 1, 567971).
cost(4, 2, 682446).
cost(4, 3, 237144).
cost(4, 5, 418236).
cost(4, 6, 568794).
cost(4, 7, 692204).
cost(4, 8, 312868).
cost(4, 9, 196198).
cost(4, 10, 616533).
cost(4, 11, 678303).
cost(4, 12, 27067).
cost(4, 13, 538978).
cost(4, 14, 230052).
cost(4, 15, 475169).
cost(4, 16, 409736).
cost(4, 17, 334362).
cost(4, 18, 402836).
cost(4, 19, 438464).
cost(5, 1, 168354).
cost(5, 2, 647102).
cost(5, 3, 651842).
cost(5, 4, 418236).
cost(5, 6, 236255).
cost(5, 7, 374047).
cost(5, 8, 123717).
cost(5, 9, 225580).
cost(5, 10, 260099).
cost(5, 11, 339435).
cost(5, 12, 404590).
cost(5, 13, 608793).
cost(5, 14, 375502).
cost(5, 15, 607922).
cost(5, 16, 329365).
cost(5, 17, 114709).
cost(5, 18, 99102).
cost(5, 19, 169715).
cost(6, 1, 299680).
cost(6, 2, 496159).
cost(6, 3, 776950).
cost(6, 4, 568794).
cost(6, 5, 236255).
cost(6, 7, 533801).
cost(6, 8, 268913).
cost(6, 9, 409555).
cost(6, 10, 413599).
cost(6, 11, 111890).
cost(6, 12, 547301).
cost(6, 13, 523702).
cost(6, 14, 425357).
cost(6, 15, 558830).
cost(6, 16, 264939).
cost(6, 17, 343855).
cost(6, 18, 178324).
cost(6, 19, 130735).
cost(7, 1, 235145).
cost(7, 2, 1009470).
cost(7, 3, 923324).
cost(7, 4, 692204).
cost(7, 5, 374047).
cost(7, 6, 533801).
cost(7, 8, 483884).
cost(7, 9, 511325).
cost(7, 10, 121090).
cost(7, 11, 590257).
cost(7, 12, 690601).
cost(7, 13, 982747).
cost(7, 14, 731528).
cost(7, 15, 980176).
cost(7, 16, 702147).
cost(7, 17, 380261).
cost(7, 18, 470122).
cost(7, 19, 530844).
cost(8, 1, 291774).
cost(8, 2, 574495).
cost(8, 3, 539480).
cost(8, 4, 312868).
cost(8, 5, 123717).
cost(8, 6, 268913).
cost(8, 7, 483884).
cost(8, 9, 140677).
cost(8, 10, 376527).
cost(8, 11, 380802).
cost(8, 12, 295378).
cost(8, 13, 509661).
cost(8, 14, 252899).
cost(8, 15, 497834).
cost(8, 16, 244737).
cost(8, 17, 126895).
cost(8, 18, 92422).
cost(8, 19, 148947).
cost(9, 1, 371826).
cost(9, 2, 659807).
cost(9, 3, 433022).
cost(9, 4, 196198).
cost(9, 5, 225580).
cost(9, 6, 409555).
cost(9, 7, 511325).
cost(9, 8, 140677).
cost(9, 10, 425692).
cost(9, 11, 521439).
cost(9, 12, 186869).
cost(9, 13, 560024).
cost(9, 14, 249487).
cost(9, 15, 524968).
cost(9, 16, 337324).
cost(9, 17, 139339).
cost(9, 18, 232099).
cost(9, 19, 287665).
cost(10, 1, 114223).
cost(10, 2, 888887).
cost(10, 3, 852512).
cost(10, 4, 616533).
cost(10, 5, 260099).
cost(10, 6, 413599).
cost(10, 7, 121090).
cost(10, 8, 376527).
cost(10, 9, 425692).
cost(10, 11, 475019).
cost(10, 12, 611101).
cost(10, 13, 866567).
cost(10, 14, 628329).
cost(10, 15, 868017).
cost(10, 16, 584868).
cost(10, 17, 287668).
cost(10, 18, 353206).
cost(10, 19, 411276).
cost(11, 1, 366342).
cost(11, 2, 504159).
cost(11, 3, 881197).
cost(11, 4, 678303).
cost(11, 5, 339435).
cost(11, 6, 111890).
cost(11, 7, 590257).
cost(11, 8, 380802).
cost(11, 9, 521439).
cost(11, 10, 475019).
cost(11, 12, 656170).
cost(11, 13, 568509).
cost(11, 14, 521868).
cost(11, 15, 618069).
cost(11, 16, 342362).
cost(11, 17, 450858).
cost(11, 18, 289958).
cost(11, 19, 240006).
cost(12, 1, 558025).
cost(12, 2, 655727).
cost(12, 3, 247495).
cost(12, 4, 27067).
cost(12, 5, 404590).
cost(12, 6, 547301).
cost(12, 7, 690601).
cost(12, 8, 295378).
cost(12, 9, 186869).
cost(12, 10, 611101).
cost(12, 11, 656170).
cost(12, 13, 513585).
cost(12, 14, 203105).
cost(12, 15, 451310).
cost(12, 16, 383225).
cost(12, 17, 326154).
cost(12, 18, 383969).
cost(12, 19, 416701).
cost(13, 1, 761698).
cost(13, 2, 182941).
cost(13, 3, 587859).
cost(13, 4, 538978).
cost(13, 5, 608793).
cost(13, 6, 523702).
cost(13, 7, 982747).
cost(13, 8, 509661).
cost(13, 9, 560024).
cost(13, 10, 866567).
cost(13, 11, 568509).
cost(13, 12, 513585).
cost(13, 14, 321777).
cost(13, 15, 92861).
cost(13, 16, 282440).
cost(13, 17, 633644).
cost(13, 18, 513361).
cost(13, 19, 461298).
cost(14, 1, 543836).
cost(14, 2, 453217).
cost(14, 3, 369259).
cost(14, 4, 230052).
cost(14, 5, 375502).
cost(14, 6, 425357).
cost(14, 7, 731528).
cost(14, 8, 252899).
cost(14, 9, 249487).
cost(14, 10, 628329).
cost(14, 11, 521868).
cost(14, 12, 203105).
cost(14, 13, 321777).
cost(14, 15, 276554).
cost(14, 16, 199673).
cost(14, 17, 354097).
cost(14, 18, 307842).
cost(14, 19, 302861).
cost(15, 1, 768973).
cost(15, 2, 275790).
cost(15, 3, 501034).
cost(15, 4, 475169).
cost(15, 5, 607922).
cost(15, 6, 558830).
cost(15, 7, 980176).
cost(15, 8, 497834).
cost(15, 9, 524968).
cost(15, 10, 868017).
cost(15, 11, 618069).
cost(15, 12, 451310).
cost(15, 13, 92861).
cost(15, 14, 276554).
cost(15, 16, 299204).
cost(15, 17, 615760).
cost(15, 18, 518215).
cost(15, 19, 477132).
cost(16, 1, 479262).
cost(16, 2, 330089).
cost(16, 3, 568720).
cost(16, 4, 409736).
cost(16, 5, 329365).
cost(16, 6, 264939).
cost(16, 7, 702147).
cost(16, 8, 244737).
cost(16, 9, 337324).
cost(16, 10, 584868).
cost(16, 11, 342362).
cost(16, 12, 383225).
cost(16, 13, 282440).
cost(16, 14, 199673).
cost(16, 15, 299204).
cost(16, 17, 371570).
cost(16, 18, 232027).
cost(16, 19, 179816).
cost(17, 1, 234687).
cost(17, 2, 701076).
cost(17, 3, 571503).
cost(17, 4, 334362).
cost(17, 5, 114709).
cost(17, 6, 343855).
cost(17, 7, 380261).
cost(17, 8, 126895).
cost(17, 9, 139339).
cost(17, 10, 287668).
cost(17, 11, 450858).
cost(17, 12, 326154).
cost(17, 13, 633644).
cost(17, 14, 354097).
cost(17, 15, 615760).
cost(17, 16, 371570).
cost(17, 18, 177078).
cost(17, 19, 251000).
cost(18, 1, 250767).
cost(18, 2, 548075).
cost(18, 3, 624580).
cost(18, 4, 402836).
cost(18, 5, 99102).
cost(18, 6, 178324).
cost(18, 7, 470122).
cost(18, 8, 92422).
cost(18, 9, 232099).
cost(18, 10, 353206).
cost(18, 11, 289958).
cost(18, 12, 383969).
cost(18, 13, 513361).
cost(18, 14, 307842).
cost(18, 15, 518215).
cost(18, 16, 232027).
cost(18, 17, 177078).
cost(18, 19, 74928).
cost(19, 1, 302170).
cost(19, 2, 480232).
cost(19, 3, 647032).
cost(19, 4, 438464).
cost(19, 5, 169715).
cost(19, 6, 130735).
cost(19, 7, 530844).
cost(19, 8, 148947).
cost(19, 9, 287665).
cost(19, 10, 411276).
cost(19, 11, 240006).
cost(19, 12, 416701).
cost(19, 13, 461298).
cost(19, 14, 302861).
cost(19, 15, 477132).
cost(19, 16, 179816).
cost(19, 17, 251000).
cost(19, 18, 74928).
