dimension(19).
point(1, -155040.0, 113277.0).
point(2, -154880.0, 219132.0).
point(3, 35306.0, 209735.0).
point(4, 11572.0, 154237.0).
point(5, 67011.0, -78975.0).
point(6, -257478.0, 345653.0).
point(7, 153306.0, -55207.0).
point(8, -150661.0, 156020.0).
point(9, -59699.0, 51502.0).
point(10, 160036.0, 290352.0).
point(11, 162657.0, -484152.0).
point(12, 95637.0, -71520.0).
point(13, 203578.0, -569477.0).
point(14, 279339.0, -158389.0).
point(15, 615699.0, 308492.0).
point(16, 364845.0, -124540.0).
point(17, 343434.0, 21677.0).
point(18, -357734.0, -81739.0).
point(19, 90370.0, -2487.0).
cost(1, 2, 105855).
cost(1, 3, 213391).
cost(1, 4, 171573).
cost(1, 5, 293713).
cost(1, 6, 253953).
cost(1, 7, 351375).
cost(1, 8, 42967).
cost(1, 9, 113605).
cost(1, 10, 361426).
cost(1, 11, 676648).
cost(1, 12, 311430).
cost(1, 13, 771207).
cost(1, 14, 512335).
cost(1, 15, 795077).
cost(1, 16, 571697).
cost(1, 17, 506820).
cost(1, 18, 281276).
cost(1, 19, 271344).
cost(2, 1, 105855).
cost(2, 3, 190418).
cost(2, 4, 178655).
cost(2, 5, 371623).
cost(2, 6, 162892).
cost(2, 7, 412602).
cost(2, 8, 63253).
cost(2, 9, 192767).
cost(2, 10, 322869).
cost(2, 11, 771646).
cost(2, 12, 383715).
cost(2, 13, 866254).
cost(2, 14, 575385).
cost(2, 15, 775743).
cost(2, 16, 623077).
cost(2, 17, 536009).
cost(2, 18, 362868).
cost(2, 19, 330549).
cost(3, 1, 213391).
cost(3, 2, 190418).
cost(3, 4, 60360).
cost(3, 5, 290446).
cost(3, 6, 322794).
cost(3, 7, 290031).
cost(3, 8, 193569).
cost(3, 9, 184563).
cost(3, 10, 148515).
cost(3, 11, 705477).
cost(3, 12, 287653).
cost(3, 13, 797174).
cost(3, 14, 441664).
cost(3, 15, 588735).
cost(3, 16, 469399).
cost(3, 17, 360983).
cost(3, 18, 489324).
cost(3, 19, 219249).
cost(4, 1, 171573).
cost(4, 2, 178655).
cost(4, 3, 60360).
cost(4, 5, 239711).
cost(4, 6, 330194).
cost(4, 7, 252894).
cost(4, 8, 162243).
cost(4, 9, 125036).
cost(4, 10, 201417).
cost(4, 11, 656024).
cost(4, 12, 240901).
cost(4, 13, 748751).
cost(4, 14, 411624).
cost(4, 15, 623509).
cost(4, 16, 450020).
cost(4, 17, 357358).
cost(4, 18, 438260).
cost(4, 19, 175418).
cost(5, 1, 293713).
cost(5, 2, 371623).
cost(5, 3, 290446).
cost(5, 4, 239711).
cost(5, 6, 534417).
cost(5, 7, 89508).
cost(5, 8, 320318).
cost(5, 9, 181878).
cost(5, 10, 380862).
cost(5, 11, 416313).
cost(5, 12, 29581).
cost(5, 13, 509159).
cost(5, 14, 226693).
cost(5, 15, 671706).
cost(5, 16, 301299).
cost(5, 17, 294178).
cost(5, 18, 424754).
cost(5, 19, 79975).
cost(6, 1, 253953).
cost(6, 2, 162892).
cost(6, 3, 322794).
cost(6, 4, 330194).
cost(6, 5, 534417).
cost(6, 7, 573962).
cost(6, 8, 217648).
cost(6, 9, 354459).
cost(6, 10, 421160).
cost(6, 11, 930102).
cost(6, 12, 546556).
cost(6, 13, 1024712).
cost(6, 14, 736363).
cost(6, 15, 873967).
cost(6, 16, 779979).
cost(6, 17, 682683).
cost(6, 18, 438993).
cost(6, 19, 492138).
cost(7, 1, 351375).
cost(7, 2, 412602).
cost(7, 3, 290031).
cost(7, 4, 252894).
cost(7, 5, 89508).
cost(7, 6, 573962).
cost(7, 8, 370152).
cost(7, 9, 238239).
cost(7, 10, 345625).
cost(7, 11, 429047).
cost(7, 12, 59932).
cost(7, 13, 516721).
cost(7, 14, 162883).
cost(7, 15, 588289).
cost(7, 16, 222611).
cost(7, 17, 205085).
cost(7, 18, 511728).
cost(7, 19, 82100).
cost(8, 1, 42967).
cost(8, 2, 63253).
cost(8, 3, 193569).
cost(8, 4, 162243).
cost(8, 5, 320318).
cost(8, 6, 217648).
cost(8, 7, 370152).
cost(8, 9, 138557).
cost(8, 10, 338493).
cost(8, 11, 712733).
cost(8, 12, 335317).
cost(8, 13, 807361).
cost(8, 14, 532685).
cost(8, 15, 781380).
cost(8, 16, 586907).
cost(8, 17, 512033).
cost(8, 18, 315291).
cost(8, 19, 288479).
cost(9, 1, 113605).
cost(9, 2, 192767).
cost(9, 3, 184563).
cost(9, 4, 125036).
cost(9, 5, 181878).
cost(9, 6, 354459).
cost(9, 7, 238239).
cost(9, 8, 138557).
cost(9, 10, 324550).
cost(9, 11, 579972).
cost(9, 12, 198151).
cost(9, 13, 674485).
cost(9, 14, 398749).
cost(9, 15, 722638).
cost(9, 16, 459596).
cost(9, 17, 404235).
cost(9, 18, 326463).
cost(9, 19, 159485).
cost(10, 1, 361426).
cost(10, 2, 322869).
cost(10, 3, 148515).
cost(10, 4, 201417).
cost(10, 5, 380862).
cost(10, 6, 421160).
cost(10, 7, 345625).
cost(10, 8, 338493).
cost(10, 9, 324550).
cost(10, 11, 774508).
cost(10, 12, 367558).
cost(10, 13, 860931).
cost(10, 14, 464329).
cost(10, 15, 456024).
cost(10, 16, 462690).
cost(10, 17, 325302).
cost(10, 18, 637603).
cost(10, 19, 301012).
cost(11, 1, 676648).
cost(11, 2, 771646).
cost(11, 3, 705477).
cost(11, 4, 656024).
cost(11, 5, 416313).
cost(11, 6, 930102).
cost(11, 7, 429047).
cost(11, 8, 712733).
cost(11, 9, 579972).
cost(11, 10, 774508).
cost(11, 12, 418039).
cost(11, 13, 94630).
cost(11, 14, 346029).
cost(11, 15, 912979).
cost(11, 16, 412554).
cost(11, 17, 537162).
cost(11, 18, 657832).
cost(11, 19, 487059).
cost(12, 1, 311430).
cost(12, 2, 383715).
cost(12, 3, 287653).
cost(12, 4, 240901).
cost(12, 5, 29581).
cost(12, 6, 546556).
cost(12, 7, 59932).
cost(12, 8, 335317).
cost(12, 9, 198151).
cost(12, 10, 367558).
cost(12, 11, 418039).
cost(12, 13, 509522).
cost(12, 14, 203206).
cost(12, 15, 644107).
cost(12, 16, 274379).
cost(12, 17, 264743).
cost(12, 18, 453486).
cost(12, 19, 69234).
cost(13, 1, 771207).
cost(13, 2, 866254).
cost(13, 3, 797174).
cost(13, 4, 748751).
cost(13, 5, 509159).
cost(13, 6, 1024712).
cost(13, 7, 516721).
cost(13, 8, 807361).
cost(13, 9, 674485).
cost(13, 10, 860931).
cost(13, 11, 94630).
cost(13, 12, 509522).
cost(13, 14, 418011).
cost(13, 15, 969883).
cost(13, 16, 473261).
cost(13, 17, 607472).
cost(13, 18, 743612).
cost(13, 19, 578181).
cost(14, 1, 512335).
cost(14, 2, 575385).
cost(14, 3, 441664).
cost(14, 4, 411624).
cost(14, 5, 226693).
cost(14, 6, 736363).
cost(14, 7, 162883).
cost(14, 8, 532685).
cost(14, 9, 398749).
cost(14, 10, 464329).
cost(14, 11, 346029).
cost(14, 12, 203206).
cost(14, 13, 418011).
cost(14, 15, 575427).
cost(14, 16, 91962).
cost(14, 17, 191133).
cost(14, 18, 641668).
cost(14, 19, 244979).
cost(15, 1, 795077).
cost(15, 2, 775743).
cost(15, 3, 588735).
cost(15, 4, 623509).
cost(15, 5, 671706).
cost(15, 6, 873967).
cost(15, 7, 588289).
cost(15, 8, 781380).
cost(15, 9, 722638).
cost(15, 10, 456024).
cost(15, 11, 912979).
cost(15, 12, 644107).
cost(15, 13, 969883).
cost(15, 14, 575427).
cost(15, 16, 500444).
cost(15, 17, 395463).
cost(15, 18, 1048738).
cost(15, 19, 610474).
cost(16, 1, 571697).
cost(16, 2, 623077).
cost(16, 3, 469399).
cost(16, 4, 450020).
cost(16, 5, 301299).
cost(16, 6, 779979).
cost(16, 7, 222611).
cost(16, 8, 586907).
cost(16, 9, 459596).
cost(16, 10, 462690).
cost(16, 11, 412554).
cost(16, 12, 274379).
cost(16, 13, 473261).
cost(16, 14, 91962).
cost(16, 15, 500444).
cost(16, 17, 147776).
cost(16, 18, 723846).
cost(16, 19, 300389).
cost(17, 1, 506820).
cost(17, 2, 536009).
cost(17, 3, 360983).
cost(17, 4, 357358).
cost(17, 5, 294178).
cost(17, 6, 682683).
cost(17, 7, 205085).
cost(17, 8, 512033).
cost(17, 9, 404235).
cost(17, 10, 325302).
cost(17, 11, 537162).
cost(17, 12, 264743).
cost(17, 13, 607472).
cost(17, 14, 191133).
cost(17, 15, 395463).
cost(17, 16, 147776).
cost(17, 18, 708753).
cost(17, 19, 254215).
cost(18, 1, 281276).
cost(18, 2, 362868).
cost(18, 3, 489324).
cost(18, 4, 438260).
cost(18, 5, 424754).
cost(18, 6, 438993).
cost(18, 7, 511728).
cost(18, 8, 315291).
cost(18, 9, 326463).
cost(18, 10, 637603).
cost(18, 11, 657832).
cost(18, 12, 453486).
cost(18, 13, 743612).
cost(18, 14, 641668).
cost(18, 15, 1048738).
cost(18, 16, 723846).
cost(18, 17, 708753).
cost(18, 19, 455058).
cost(19, 1, 271344).
cost(19, 2, 330549).
cost(19, 3, 219249).
cost(19, 4, 175418).
cost(19, 5, 79975).
cost(19, 6, 492138).
cost(19, 7, 82100).
cost(19, 8, 288479).
cost(19, 9, 159485).
cost(19, 10, 301012).
cost(19, 11, 487059).
cost(19, 12, 69234).
cost(19, 13, 578181).
cost(19, 14, 244979).
cost(19, 15, 610474).
cost(19, 16, 300389).
cost(19, 17, 254215).
cost(19, 18, 455058).
