dimension(19).
point(1, -212938.0, 276196.0).
point(2, 277187.0, 112706.0).
point(3, -183855.0, 53439.0).
point(4, 738349.0, -51780.0).
point(5, -73422.0, 67210.0).
point(6, -80684.0, 275261.0).
point(7, 27407.0, 157169.0).
point(8, 155567.0, -63072.0).
point(9, 85574.0, 255247.0).
point(10, 26922.0, 258978.0).
point(11, -130493.0, -440706.0).
point(12, 184465.0, -343859.0).
point(13, -170031.0, -118328.0).
point(14, 187963.0, 268339.0).
point(15, -211863.0, -11382.0).
point(16, -14534.0, 117532.0).
point(17, 42662.0, 332046.0).
point(18, 99201.0, -496285.0).
point(19, 307673.0, -17491.0).
cost(1, 2, 516673).
cost(1, 3, 224648).
cost(1, 4, 1006238).
cost(1, 5, 251276).
cost(1, 6, 132257).
cost(1, 7, 268204).
cost(1, 8, 500898).
cost(1, 9, 299246).
cost(1, 10, 240477).
cost(1, 11, 721627).
cost(1, 12, 736476).
cost(1, 13, 396850).
cost(1, 14, 400978).
cost(1, 15, 287580).
cost(1, 16, 254044).
cost(1, 17, 261631).
cost(1, 18, 833161).
cost(1, 19, 597736).
cost(2, 1, 516673).
cost(2, 3, 464836).
cost(2, 4, 489618).
cost(2, 5, 353549).
cost(2, 6, 393060).
cost(2, 7, 253707).
cost(2, 8, 213751).
cost(2, 9, 238817).
cost(2, 10, 289876).
cost(2, 11, 687363).
cost(2, 12, 465885).
cost(2, 13, 503369).
cost(2, 14, 179395).
cost(2, 15, 504547).
cost(2, 16, 291761).
cost(2, 17, 321111).
cost(2, 18, 634468).
cost(2, 19, 133719).
cost(3, 1, 224648).
cost(3, 2, 464836).
cost(3, 4, 928187).
cost(3, 5, 111288).
cost(3, 6, 244641).
cost(3, 7, 235354).
cost(3, 8, 358862).
cost(3, 9, 336628).
cost(3, 10, 294403).
cost(3, 11, 497018).
cost(3, 12, 541761).
cost(3, 13, 172322).
cost(3, 14, 429454).
cost(3, 15, 70613).
cost(3, 16, 181046).
cost(3, 17, 359071).
cost(3, 18, 618318).
cost(3, 19, 496619).
cost(4, 1, 1006238).
cost(4, 2, 489618).
cost(4, 3, 928187).
cost(4, 5, 820445).
cost(4, 6, 881913).
cost(4, 7, 741012).
cost(4, 8, 582891).
cost(4, 9, 721374).
cost(4, 10, 776337).
cost(4, 11, 951919).
cost(4, 12, 626177).
cost(4, 13, 910814).
cost(4, 14, 636711).
cost(4, 15, 951070).
cost(4, 16, 771686).
cost(4, 17, 794546).
cost(4, 18, 778521).
cost(4, 19, 432039).
cost(5, 1, 251276).
cost(5, 2, 353549).
cost(5, 3, 111288).
cost(5, 4, 820445).
cost(5, 6, 208178).
cost(5, 7, 135126).
cost(5, 8, 263457).
cost(5, 9, 246247).
cost(5, 10, 216434).
cost(5, 11, 511112).
cost(5, 12, 485266).
cost(5, 13, 209183).
cost(5, 14, 329811).
cost(5, 15, 159194).
cost(5, 16, 77460).
cost(5, 17, 289160).
cost(5, 18, 589343).
cost(5, 19, 390394).
cost(6, 1, 132257).
cost(6, 2, 393060).
cost(6, 3, 244641).
cost(6, 4, 881913).
cost(6, 5, 208178).
cost(6, 7, 160092).
cost(6, 8, 412655).
cost(6, 9, 167458).
cost(6, 10, 108831).
cost(6, 11, 717697).
cost(6, 12, 673508).
cost(6, 13, 403603).
cost(6, 14, 268736).
cost(6, 15, 315233).
cost(6, 16, 171039).
cost(6, 17, 135789).
cost(6, 18, 792239).
cost(6, 19, 486338).
cost(7, 1, 268204).
cost(7, 2, 253707).
cost(7, 3, 235354).
cost(7, 4, 741012).
cost(7, 5, 135126).
cost(7, 6, 160092).
cost(7, 8, 254816).
cost(7, 9, 114029).
cost(7, 10, 101810).
cost(7, 11, 618374).
cost(7, 12, 525068).
cost(7, 13, 338940).
cost(7, 14, 195287).
cost(7, 15, 292677).
cost(7, 16, 57707).
cost(7, 17, 175541).
cost(7, 18, 657386).
cost(7, 19, 330235).
cost(8, 1, 500898).
cost(8, 2, 213751).
cost(8, 3, 358862).
cost(8, 4, 582891).
cost(8, 5, 263457).
cost(8, 6, 412655).
cost(8, 7, 254816).
cost(8, 9, 325923).
cost(8, 10, 346794).
cost(8, 11, 473749).
cost(8, 12, 282270).
cost(8, 13, 330253).
cost(8, 14, 332991).
cost(8, 15, 371048).
cost(8, 16, 248097).
cost(8, 17, 410933).
cost(8, 18, 436865).
cost(8, 19, 158789).
cost(9, 1, 299246).
cost(9, 2, 238817).
cost(9, 3, 336628).
cost(9, 4, 721374).
cost(9, 5, 246247).
cost(9, 6, 167458).
cost(9, 7, 114029).
cost(9, 8, 325923).
cost(9, 10, 58771).
cost(9, 11, 728722).
cost(9, 12, 607213).
cost(9, 13, 452650).
cost(9, 14, 103223).
cost(9, 15, 399449).
cost(9, 16, 170256).
cost(9, 17, 87975).
cost(9, 18, 751656).
cost(9, 19, 351730).
cost(10, 1, 240477).
cost(10, 2, 289876).
cost(10, 3, 294403).
cost(10, 4, 776337).
cost(10, 5, 216434).
cost(10, 6, 108831).
cost(10, 7, 101810).
cost(10, 8, 346794).
cost(10, 9, 58771).
cost(10, 11, 717173).
cost(10, 12, 623083).
cost(10, 13, 425618).
cost(10, 14, 161313).
cost(10, 15, 360712).
cost(10, 16, 147396).
cost(10, 17, 74744).
cost(10, 18, 758714).
cost(10, 19, 394026).
cost(11, 1, 721627).
cost(11, 2, 687363).
cost(11, 3, 497018).
cost(11, 4, 951919).
cost(11, 5, 511112).
cost(11, 6, 717697).
cost(11, 7, 618374).
cost(11, 8, 473749).
cost(11, 9, 728722).
cost(11, 10, 717173).
cost(11, 12, 329512).
cost(11, 13, 324794).
cost(11, 14, 777277).
cost(11, 15, 436967).
cost(11, 16, 570155).
cost(11, 17, 791914).
cost(11, 18, 236323).
cost(11, 19, 609180).
cost(12, 1, 736476).
cost(12, 2, 465885).
cost(12, 3, 541761).
cost(12, 4, 626177).
cost(12, 5, 485266).
cost(12, 6, 673508).
cost(12, 7, 525068).
cost(12, 8, 282270).
cost(12, 9, 607213).
cost(12, 10, 623083).
cost(12, 11, 329512).
cost(12, 13, 420157).
cost(12, 14, 612208).
cost(12, 15, 517317).
cost(12, 16, 502476).
cost(12, 17, 690620).
cost(12, 18, 174653).
cost(12, 19, 348850).
cost(13, 1, 396850).
cost(13, 2, 503369).
cost(13, 3, 172322).
cost(13, 4, 910814).
cost(13, 5, 209183).
cost(13, 6, 403603).
cost(13, 7, 338940).
cost(13, 8, 330253).
cost(13, 9, 452650).
cost(13, 10, 425618).
cost(13, 11, 324794).
cost(13, 12, 420157).
cost(13, 14, 526945).
cost(13, 15, 114836).
cost(13, 16, 282505).
cost(13, 17, 498071).
cost(13, 18, 464045).
cost(13, 19, 488231).
cost(14, 1, 400978).
cost(14, 2, 179395).
cost(14, 3, 429454).
cost(14, 4, 636711).
cost(14, 5, 329811).
cost(14, 6, 268736).
cost(14, 7, 195287).
cost(14, 8, 332991).
cost(14, 9, 103223).
cost(14, 10, 161313).
cost(14, 11, 777277).
cost(14, 12, 612208).
cost(14, 13, 526945).
cost(14, 15, 487960).
cost(14, 16, 252483).
cost(14, 17, 158654).
cost(14, 18, 769759).
cost(14, 19, 309886).
cost(15, 1, 287580).
cost(15, 2, 504547).
cost(15, 3, 70613).
cost(15, 4, 951070).
cost(15, 5, 159194).
cost(15, 6, 315233).
cost(15, 7, 292677).
cost(15, 8, 371048).
cost(15, 9, 399449).
cost(15, 10, 360712).
cost(15, 11, 436967).
cost(15, 12, 517317).
cost(15, 13, 114836).
cost(15, 14, 487960).
cost(15, 16, 235706).
cost(15, 17, 427464).
cost(15, 18, 576100).
cost(15, 19, 519572).
cost(16, 1, 254044).
cost(16, 2, 291761).
cost(16, 3, 181046).
cost(16, 4, 771686).
cost(16, 5, 77460).
cost(16, 6, 171039).
cost(16, 7, 57707).
cost(16, 8, 248097).
cost(16, 9, 170256).
cost(16, 10, 147396).
cost(16, 11, 570155).
cost(16, 12, 502476).
cost(16, 13, 282505).
cost(16, 14, 252483).
cost(16, 15, 235706).
cost(16, 17, 222008).
cost(16, 18, 624265).
cost(16, 19, 349354).
cost(17, 1, 261631).
cost(17, 2, 321111).
cost(17, 3, 359071).
cost(17, 4, 794546).
cost(17, 5, 289160).
cost(17, 6, 135789).
cost(17, 7, 175541).
cost(17, 8, 410933).
cost(17, 9, 87975).
cost(17, 10, 74744).
cost(17, 11, 791914).
cost(17, 12, 690620).
cost(17, 13, 498071).
cost(17, 14, 158654).
cost(17, 15, 427464).
cost(17, 16, 222008).
cost(17, 18, 830258).
cost(17, 19, 438642).
cost(18, 1, 833161).
cost(18, 2, 634468).
cost(18, 3, 618318).
cost(18, 4, 778521).
cost(18, 5, 589343).
cost(18, 6, 792239).
cost(18, 7, 657386).
cost(18, 8, 436865).
cost(18, 9, 751656).
cost(18, 10, 758714).
cost(18, 11, 236323).
cost(18, 12, 174653).
cost(18, 13, 464045).
cost(18, 14, 769759).
cost(18, 15, 576100).
cost(18, 16, 624265).
cost(18, 17, 830258).
cost(18, 19, 522211).
cost(19, 1, 597736).
cost(19, 2, 133719).
cost(19, 3, 496619).
cost(19, 4, 432039).
cost(19, 5, 390394).
cost(19, 6, 486338).
cost(19, 7, 330235).
cost(19, 8, 158789).
cost(19, 9, 351730).
cost(19, 10, 394026).
cost(19, 11, 609180).
cost(19, 12, 348850).
cost(19, 13, 488231).
cost(19, 14, 309886).
cost(19, 15, 519572).
cost(19, 16, 349354).
cost(19, 17, 438642).
cost(19, 18, 522211).
