dimension(19).
point(1, 162004.0, -119173.0).
point(2, 255594.0, -228164.0).
point(3, -214961.0, 387718.0).
point(4, -126245.0, 86176.0).
point(5, -173047.0, -29362.0).
point(6, -460805.0, -122498.0).
point(7, 257035.0, -259598.0).
point(8, -18352.0, 451925.0).
point(9, 58138.0, 243407.0).
point(10, -242792.0, 378172.0).
point(11, -38983.0, 93678.0).
point(12, 307057.0, -378378.0).
point(13, 378394.0, -210213.0).
point(14, -222748.0, -182423.0).
point(15, -6758.0, -7737.0).
point(16, 222256.0, -235707.0).
point(17, 245958.0, -7277.0).
point(18, -180169.0, -183299.0).
point(19, -99483.0, -153132.0).
cost(1, 2, 143660).
cost(1, 3, 631697).
cost(1, 4, 353915).
cost(1, 5, 346879).
cost(1, 6, 622818).
cost(1, 7, 169558).
cost(1, 8, 598900).
cost(1, 9, 377164).
cost(1, 10, 641258).
cost(1, 11, 292748).
cost(1, 12, 297031).
cost(1, 13, 234761).
cost(1, 14, 389916).
cost(1, 15, 202234).
cost(1, 16, 131189).
cost(1, 17, 139889).
cost(1, 18, 348130).
cost(1, 19, 263683).
cost(2, 1, 143660).
cost(2, 3, 775069).
cost(2, 4, 494581).
cost(2, 5, 472499).
cost(2, 6, 724150).
cost(2, 7, 31467).
cost(2, 8, 733190).
cost(2, 9, 511242).
cost(2, 10, 784877).
cost(2, 11, 436300).
cost(2, 12, 158785).
cost(2, 13, 124105).
cost(2, 14, 480524).
cost(2, 15, 342661).
cost(2, 16, 34181).
cost(2, 17, 221097).
cost(2, 18, 438067).
cost(2, 19, 362918).
cost(3, 1, 631697).
cost(3, 2, 775069).
cost(3, 4, 314322).
cost(3, 5, 419181).
cost(3, 6, 566356).
cost(3, 7, 801123).
cost(3, 8, 206828).
cost(3, 9, 308883).
cost(3, 10, 29423).
cost(3, 11, 342677).
cost(3, 12, 927041).
cost(3, 13, 842373).
cost(3, 14, 570194).
cost(3, 15, 446915).
cost(3, 16, 761457).
cost(3, 17, 607015).
cost(3, 18, 572076).
cost(3, 19, 553041).
cost(4, 1, 353915).
cost(4, 2, 494581).
cost(4, 3, 314322).
cost(4, 5, 124657).
cost(4, 6, 394303).
cost(4, 7, 516201).
cost(4, 8, 381331).
cost(4, 9, 242319).
cost(4, 10, 314396).
cost(4, 11, 87584).
cost(4, 12, 635265).
cost(4, 13, 585241).
cost(4, 14, 285409).
cost(4, 15, 151976).
cost(4, 16, 474407).
cost(4, 17, 383756).
cost(4, 18, 274817).
cost(4, 19, 240800).
cost(5, 1, 346879).
cost(5, 2, 472499).
cost(5, 3, 419181).
cost(5, 4, 124657).
cost(5, 6, 302455).
cost(5, 7, 487831).
cost(5, 8, 505537).
cost(5, 9, 357560).
cost(5, 10, 413459).
cost(5, 11, 181967).
cost(5, 12, 593559).
cost(5, 13, 580340).
cost(5, 14, 160928).
cost(5, 15, 167689).
cost(5, 16, 445918).
cost(5, 17, 419587).
cost(5, 18, 154102).
cost(5, 19, 143982).
cost(6, 1, 622818).
cost(6, 2, 724150).
cost(6, 3, 566356).
cost(6, 4, 394303).
cost(6, 5, 302455).
cost(6, 7, 730815).
cost(6, 8, 725070).
cost(6, 9, 634971).
cost(6, 10, 546077).
cost(6, 11, 473989).
cost(6, 12, 809374).
cost(6, 13, 843771).
cost(6, 14, 245483).
cost(6, 15, 468325).
cost(6, 16, 692379).
cost(6, 17, 716093).
cost(6, 18, 287147).
cost(6, 19, 362618).
cost(7, 1, 169558).
cost(7, 2, 31467).
cost(7, 3, 801123).
cost(7, 4, 516201).
cost(7, 5, 487831).
cost(7, 6, 730815).
cost(7, 8, 762957).
cost(7, 9, 540901).
cost(7, 10, 810295).
cost(7, 11, 460902).
cost(7, 12, 128883).
cost(7, 13, 131022).
cost(7, 14, 485950).
cost(7, 15, 364720).
cost(7, 16, 42194).
cost(7, 17, 252564).
cost(7, 18, 443812).
cost(7, 19, 372075).
cost(8, 1, 598900).
cost(8, 2, 733190).
cost(8, 3, 206828).
cost(8, 4, 381331).
cost(8, 5, 505537).
cost(8, 6, 725070).
cost(8, 7, 762957).
cost(8, 9, 222105).
cost(8, 10, 236247).
cost(8, 11, 358841).
cost(8, 12, 891793).
cost(8, 13, 771903).
cost(8, 14, 666465).
cost(8, 15, 459808).
cost(8, 16, 728512).
cost(8, 17, 529836).
cost(8, 18, 655511).
cost(8, 19, 610472).
cost(9, 1, 377164).
cost(9, 2, 511242).
cost(9, 3, 308883).
cost(9, 4, 242319).
cost(9, 5, 357560).
cost(9, 6, 634971).
cost(9, 7, 540901).
cost(9, 8, 222105).
cost(9, 10, 329728).
cost(9, 11, 178469).
cost(9, 12, 669759).
cost(9, 13, 555279).
cost(9, 14, 510126).
cost(9, 15, 259393).
cost(9, 16, 506443).
cost(9, 17, 313239).
cost(9, 18, 488741).
cost(9, 19, 426717).
cost(10, 1, 641258).
cost(10, 2, 784877).
cost(10, 3, 29423).
cost(10, 4, 314396).
cost(10, 5, 413459).
cost(10, 6, 546077).
cost(10, 7, 810295).
cost(10, 8, 236247).
cost(10, 9, 329728).
cost(10, 11, 349964).
cost(10, 12, 935255).
cost(10, 13, 855610).
cost(10, 14, 560953).
cost(10, 15, 452369).
cost(10, 16, 770141).
cost(10, 17, 622453).
cost(10, 18, 564952).
cost(10, 19, 550292).
cost(11, 1, 292748).
cost(11, 2, 436300).
cost(11, 3, 342677).
cost(11, 4, 87584).
cost(11, 5, 181967).
cost(11, 6, 473989).
cost(11, 7, 460902).
cost(11, 8, 358841).
cost(11, 9, 178469).
cost(11, 10, 349964).
cost(11, 12, 585304).
cost(11, 13, 516288).
cost(11, 14, 331664).
cost(11, 15, 106412).
cost(11, 16, 420405).
cost(11, 17, 302297).
cost(11, 18, 310885).
cost(11, 19, 254117).
cost(12, 1, 297031).
cost(12, 2, 158785).
cost(12, 3, 927041).
cost(12, 4, 635265).
cost(12, 5, 593559).
cost(12, 6, 809374).
cost(12, 7, 128883).
cost(12, 8, 891793).
cost(12, 9, 669759).
cost(12, 10, 935255).
cost(12, 11, 585304).
cost(12, 13, 182670).
cost(12, 14, 564882).
cost(12, 15, 485649).
cost(12, 16, 165971).
cost(12, 17, 376097).
cost(12, 18, 524829).
cost(12, 19, 464769).
cost(13, 1, 234761).
cost(13, 2, 124105).
cost(13, 3, 842373).
cost(13, 4, 585241).
cost(13, 5, 580340).
cost(13, 6, 843771).
cost(13, 7, 131022).
cost(13, 8, 771903).
cost(13, 9, 555279).
cost(13, 10, 855610).
cost(13, 11, 516288).
cost(13, 12, 182670).
cost(13, 14, 601784).
cost(13, 15, 435131).
cost(13, 16, 158206).
cost(13, 17, 242327).
cost(13, 18, 559211).
cost(13, 19, 481274).
cost(14, 1, 389916).
cost(14, 2, 480524).
cost(14, 3, 570194).
cost(14, 4, 285409).
cost(14, 5, 160928).
cost(14, 6, 245483).
cost(14, 7, 485950).
cost(14, 8, 666465).
cost(14, 9, 510126).
cost(14, 10, 560953).
cost(14, 11, 331664).
cost(14, 12, 564882).
cost(14, 13, 601784).
cost(14, 15, 277789).
cost(14, 16, 448183).
cost(14, 17, 500361).
cost(14, 18, 42588).
cost(14, 19, 126697).
cost(15, 1, 202234).
cost(15, 2, 342661).
cost(15, 3, 446915).
cost(15, 4, 151976).
cost(15, 5, 167689).
cost(15, 6, 468325).
cost(15, 7, 364720).
cost(15, 8, 459808).
cost(15, 9, 259393).
cost(15, 10, 452369).
cost(15, 11, 106412).
cost(15, 12, 485649).
cost(15, 13, 435131).
cost(15, 14, 277789).
cost(15, 16, 323137).
cost(15, 17, 252716).
cost(15, 18, 246766).
cost(15, 19, 172446).
cost(16, 1, 131189).
cost(16, 2, 34181).
cost(16, 3, 761457).
cost(16, 4, 474407).
cost(16, 5, 445918).
cost(16, 6, 692379).
cost(16, 7, 42194).
cost(16, 8, 728512).
cost(16, 9, 506443).
cost(16, 10, 770141).
cost(16, 11, 420405).
cost(16, 12, 165971).
cost(16, 13, 158206).
cost(16, 14, 448183).
cost(16, 15, 323137).
cost(16, 17, 229656).
cost(16, 18, 405823).
cost(16, 19, 332167).
cost(17, 1, 139889).
cost(17, 2, 221097).
cost(17, 3, 607015).
cost(17, 4, 383756).
cost(17, 5, 419587).
cost(17, 6, 716093).
cost(17, 7, 252564).
cost(17, 8, 529836).
cost(17, 9, 313239).
cost(17, 10, 622453).
cost(17, 11, 302297).
cost(17, 12, 376097).
cost(17, 13, 242327).
cost(17, 14, 500361).
cost(17, 15, 252716).
cost(17, 16, 229656).
cost(17, 18, 461051).
cost(17, 19, 374971).
cost(18, 1, 348130).
cost(18, 2, 438067).
cost(18, 3, 572076).
cost(18, 4, 274817).
cost(18, 5, 154102).
cost(18, 6, 287147).
cost(18, 7, 443812).
cost(18, 8, 655511).
cost(18, 9, 488741).
cost(18, 10, 564952).
cost(18, 11, 310885).
cost(18, 12, 524829).
cost(18, 13, 559211).
cost(18, 14, 42588).
cost(18, 15, 246766).
cost(18, 16, 405823).
cost(18, 17, 461051).
cost(18, 19, 86141).
cost(19, 1, 263683).
cost(19, 2, 362918).
cost(19, 3, 553041).
cost(19, 4, 240800).
cost(19, 5, 143982).
cost(19, 6, 362618).
cost(19, 7, 372075).
cost(19, 8, 610472).
cost(19, 9, 426717).
cost(19, 10, 550292).
cost(19, 11, 254117).
cost(19, 12, 464769).
cost(19, 13, 481274).
cost(19, 14, 126697).
cost(19, 15, 172446).
cost(19, 16, 332167).
cost(19, 17, 374971).
cost(19, 18, 86141).
