dimension(19).
point(1, -139777.0, -431845.0).
point(2, -15597.0, -37691.0).
point(3, -98223.0, 280924.0).
point(4, 230898.0, -146895.0).
point(5, -74935.0, -197403.0).
point(6, -23432.0, -195866.0).
point(7, -72553.0, 173222.0).
point(8, -7299.0, 73294.0).
point(9, 34856.0, 224855.0).
point(10, -380313.0, -59077.0).
point(11, -303411.0, 53128.0).
point(12, 541729.0, -228043.0).
point(13, -317341.0, 34723.0).
point(14, 92391.0, -131441.0).
point(15, -113817.0, -192887.0).
point(16, -249116.0, -175825.0).
point(17, -124702.0, -135848.0).
point(18, 255738.0, -128999.0).
point(19, 113980.0, 311490.0).
cost(1, 2, 413253).
cost(1, 3, 713979).
cost(1, 4, 467543).
cost(1, 5, 243244).
cost(1, 6, 263101).
cost(1, 7, 608790).
cost(1, 8, 522222).
cost(1, 9, 679523).
cost(1, 10, 443637).
cost(1, 11, 511835).
cost(1, 12, 711327).
cost(1, 13, 499214).
cost(1, 14, 379664).
cost(1, 15, 240364).
cost(1, 16, 278390).
cost(1, 17, 296381).
cost(1, 18, 498144).
cost(1, 19, 785455).
cost(2, 1, 413253).
cost(2, 3, 329154).
cost(2, 4, 269602).
cost(2, 5, 170379).
cost(2, 6, 158369).
cost(2, 7, 218468).
cost(2, 8, 111295).
cost(2, 9, 267350).
cost(2, 10, 365342).
cost(2, 11, 301803).
cost(2, 12, 588936).
cost(2, 13, 310312).
cost(2, 14, 143005).
cost(2, 15, 183665).
cost(2, 16, 271316).
cost(2, 17, 146761).
cost(2, 18, 286286).
cost(2, 19, 372448).
cost(3, 1, 713979).
cost(3, 2, 329154).
cost(3, 4, 539768).
cost(3, 5, 478894).
cost(3, 6, 482620).
cost(3, 7, 110719).
cost(3, 8, 226666).
cost(3, 9, 144408).
cost(3, 10, 441787).
cost(3, 11, 306583).
cost(3, 12, 817671).
cost(3, 13, 329587).
cost(3, 14, 454289).
cost(3, 15, 474068).
cost(3, 16, 481028).
cost(3, 17, 417612).
cost(3, 18, 541595).
cost(3, 19, 214393).
cost(4, 1, 467543).
cost(4, 2, 269602).
cost(4, 3, 539768).
cost(4, 5, 309976).
cost(4, 6, 259002).
cost(4, 7, 441087).
cost(4, 8, 324378).
cost(4, 9, 420274).
cost(4, 10, 617488).
cost(4, 11, 570522).
cost(4, 12, 321249).
cost(4, 13, 577539).
cost(4, 14, 139366).
cost(4, 15, 347770).
cost(4, 16, 480885).
cost(4, 17, 355772).
cost(4, 18, 30615).
cost(4, 19, 473061).
cost(5, 1, 243244).
cost(5, 2, 170379).
cost(5, 3, 478894).
cost(5, 4, 309976).
cost(5, 6, 51526).
cost(5, 7, 370633).
cost(5, 8, 279019).
cost(5, 9, 436298).
cost(5, 10, 335246).
cost(5, 11, 339068).
cost(5, 12, 617425).
cost(5, 13, 335624).
cost(5, 14, 179858).
cost(5, 15, 39143).
cost(5, 16, 175512).
cost(5, 17, 79157).
cost(5, 18, 337674).
cost(5, 19, 542827).
cost(6, 1, 263101).
cost(6, 2, 158369).
cost(6, 3, 482620).
cost(6, 4, 259002).
cost(6, 5, 51526).
cost(6, 7, 372342).
cost(6, 8, 269643).
cost(6, 9, 424740).
cost(6, 10, 382198).
cost(6, 11, 374682).
cost(6, 12, 566076).
cost(6, 13, 373569).
cost(6, 14, 132535).
cost(6, 15, 90434).
cost(6, 16, 226572).
cost(6, 17, 117719).
cost(6, 18, 287066).
cost(6, 19, 525635).
cost(7, 1, 608790).
cost(7, 2, 218468).
cost(7, 3, 110719).
cost(7, 4, 441087).
cost(7, 5, 370633).
cost(7, 6, 372342).
cost(7, 8, 119347).
cost(7, 9, 119175).
cost(7, 10, 385589).
cost(7, 11, 260227).
cost(7, 12, 733727).
cost(7, 13, 281253).
cost(7, 14, 346448).
cost(7, 15, 368427).
cost(7, 16, 391163).
cost(7, 17, 313439).
cost(7, 18, 446220).
cost(7, 19, 232191).
cost(8, 1, 522222).
cost(8, 2, 111295).
cost(8, 3, 226666).
cost(8, 4, 324378).
cost(8, 5, 279019).
cost(8, 6, 269643).
cost(8, 7, 119347).
cost(8, 9, 157314).
cost(8, 10, 395805).
cost(8, 11, 296798).
cost(8, 12, 626287).
cost(8, 13, 312432).
cost(8, 14, 227716).
cost(8, 15, 286703).
cost(8, 16, 347183).
cost(8, 17, 239841).
cost(8, 18, 331830).
cost(8, 19, 267294).
cost(9, 1, 679523).
cost(9, 2, 267350).
cost(9, 3, 144408).
cost(9, 4, 420274).
cost(9, 5, 436298).
cost(9, 6, 424740).
cost(9, 7, 119175).
cost(9, 8, 157314).
cost(9, 10, 502974).
cost(9, 11, 379361).
cost(9, 12, 679733).
cost(9, 13, 400241).
cost(9, 14, 360912).
cost(9, 15, 443410).
cost(9, 16, 491105).
cost(9, 17, 394418).
cost(9, 18, 417135).
cost(9, 19, 117330).
cost(10, 1, 443637).
cost(10, 2, 365342).
cost(10, 3, 441787).
cost(10, 4, 617488).
cost(10, 5, 335246).
cost(10, 6, 382198).
cost(10, 7, 385589).
cost(10, 8, 395805).
cost(10, 9, 502974).
cost(10, 11, 136029).
cost(10, 12, 937396).
cost(10, 13, 112977).
cost(10, 14, 478211).
cost(10, 15, 298203).
cost(10, 16, 175621).
cost(10, 17, 266891).
cost(10, 18, 639883).
cost(10, 19, 617775).
cost(11, 1, 511835).
cost(11, 2, 301803).
cost(11, 3, 306583).
cost(11, 4, 570522).
cost(11, 5, 339068).
cost(11, 6, 374682).
cost(11, 7, 260227).
cost(11, 8, 296798).
cost(11, 9, 379361).
cost(11, 10, 136029).
cost(11, 12, 890684).
cost(11, 13, 23082).
cost(11, 14, 436721).
cost(11, 15, 310595).
cost(11, 16, 235303).
cost(11, 17, 260094).
cost(11, 18, 588063).
cost(11, 19, 490883).
cost(12, 1, 711327).
cost(12, 2, 588936).
cost(12, 3, 817671).
cost(12, 4, 321249).
cost(12, 5, 617425).
cost(12, 6, 566076).
cost(12, 7, 733727).
cost(12, 8, 626287).
cost(12, 9, 679733).
cost(12, 10, 937396).
cost(12, 11, 890684).
cost(12, 13, 898358).
cost(12, 14, 459605).
cost(12, 15, 656488).
cost(12, 16, 792567).
cost(12, 17, 672778).
cost(12, 18, 302656).
cost(12, 19, 688524).
cost(13, 1, 499214).
cost(13, 2, 310312).
cost(13, 3, 329587).
cost(13, 4, 577539).
cost(13, 5, 335624).
cost(13, 6, 373569).
cost(13, 7, 281253).
cost(13, 8, 312432).
cost(13, 9, 400241).
cost(13, 10, 112977).
cost(13, 11, 23082).
cost(13, 12, 898358).
cost(13, 14, 442143).
cost(13, 15, 305333).
cost(13, 16, 221326).
cost(13, 17, 257302).
cost(13, 18, 596007).
cost(13, 19, 512482).
cost(14, 1, 379664).
cost(14, 2, 143005).
cost(14, 3, 454289).
cost(14, 4, 139366).
cost(14, 5, 179858).
cost(14, 6, 132535).
cost(14, 7, 346448).
cost(14, 8, 227716).
cost(14, 9, 360912).
cost(14, 10, 478211).
cost(14, 11, 436721).
cost(14, 12, 459605).
cost(14, 13, 442143).
cost(14, 15, 215168).
cost(14, 16, 344379).
cost(14, 17, 217138).
cost(14, 18, 163365).
cost(14, 19, 443457).
cost(15, 1, 240364).
cost(15, 2, 183665).
cost(15, 3, 474068).
cost(15, 4, 347770).
cost(15, 5, 39143).
cost(15, 6, 90434).
cost(15, 7, 368427).
cost(15, 8, 286703).
cost(15, 9, 443410).
cost(15, 10, 298203).
cost(15, 11, 310595).
cost(15, 12, 656488).
cost(15, 13, 305333).
cost(15, 14, 215168).
cost(15, 16, 136371).
cost(15, 17, 58068).
cost(15, 18, 375037).
cost(15, 19, 553433).
cost(16, 1, 278390).
cost(16, 2, 271316).
cost(16, 3, 481028).
cost(16, 4, 480885).
cost(16, 5, 175512).
cost(16, 6, 226572).
cost(16, 7, 391163).
cost(16, 8, 347183).
cost(16, 9, 491105).
cost(16, 10, 175621).
cost(16, 11, 235303).
cost(16, 12, 792567).
cost(16, 13, 221326).
cost(16, 14, 344379).
cost(16, 15, 136371).
cost(16, 17, 130679).
cost(16, 18, 507021).
cost(16, 19, 607713).
cost(17, 1, 296381).
cost(17, 2, 146761).
cost(17, 3, 417612).
cost(17, 4, 355772).
cost(17, 5, 79157).
cost(17, 6, 117719).
cost(17, 7, 313439).
cost(17, 8, 239841).
cost(17, 9, 394418).
cost(17, 10, 266891).
cost(17, 11, 260094).
cost(17, 12, 672778).
cost(17, 13, 257302).
cost(17, 14, 217138).
cost(17, 15, 58068).
cost(17, 16, 130679).
cost(17, 18, 380502).
cost(17, 19, 507031).
cost(18, 1, 498144).
cost(18, 2, 286286).
cost(18, 3, 541595).
cost(18, 4, 30615).
cost(18, 5, 337674).
cost(18, 6, 287066).
cost(18, 7, 446220).
cost(18, 8, 331830).
cost(18, 9, 417135).
cost(18, 10, 639883).
cost(18, 11, 588063).
cost(18, 12, 302656).
cost(18, 13, 596007).
cost(18, 14, 163365).
cost(18, 15, 375037).
cost(18, 16, 507021).
cost(18, 17, 380502).
cost(18, 19, 462737).
cost(19, 1, 785455).
cost(19, 2, 372448).
cost(19, 3, 214393).
cost(19, 4, 473061).
cost(19, 5, 542827).
cost(19, 6, 525635).
cost(19, 7, 232191).
cost(19, 8, 267294).
cost(19, 9, 117330).
cost(19, 10, 617775).
cost(19, 11, 490883).
cost(19, 12, 688524).
cost(19, 13, 512482).
cost(19, 14, 443457).
cost(19, 15, 553433).
cost(19, 16, 607713).
cost(19, 17, 507031).
cost(19, 18, 462737).
