dimension(26).
point(1, 602886.0, 524197.0).
point(2, 101777.0, 952204.0).
point(3, 785998.0, 787527.0).
point(4, 397021.0, 231954.0).
point(5, 506509.0, 174219.0).
point(6, 868316.0, 19725.0).
point(7, 106980.0, 222733.0).
point(8, 731596.0, 567481.0).
point(9, 299133.0, 313307.0).
point(10, 312064.0, 29332.0).
point(11, 55073.0, 165948.0).
point(12, 945304.0, 280528.0).
point(13, 195368.0, 197107.0).
point(14, 113615.0, 292047.0).
point(15, 229041.0, 735237.0).
point(16, 718150.0, 223352.0).
point(17, 657144.0, 101328.0).
point(18, 764579.0, 862804.0).
point(19, 971508.0, 727471.0).
point(20, 933889.0, 665420.0).
point(21, 154510.0, 734147.0).
point(22, 108443.0, 745336.0).
point(23, 961575.0, 508152.0).
point(24, 20849.0, 435401.0).
point(25, 882541.0, 316029.0).
point(26, 202790.0, 671228.0).
cost(1, 2, 659015).
cost(1, 3, 320738).
cost(1, 4, 357472).
cost(1, 5, 363006).
cost(1, 6, 570040).
cost(1, 7, 580348).
cost(1, 8, 135793).
cost(1, 9, 369784).
cost(1, 10, 573994).
cost(1, 11, 654554).
cost(1, 12, 420267).
cost(1, 13, 522550).
cost(1, 14, 541553).
cost(1, 15, 429299).
cost(1, 16, 322170).
cost(1, 17, 426336).
cost(1, 18, 375232).
cost(1, 19, 420954).
cost(1, 20, 359871).
cost(1, 21, 495096).
cost(1, 22, 541642).
cost(1, 23, 359048).
cost(1, 24, 588771).
cost(1, 25, 348627).
cost(1, 26, 426257).
cost(2, 1, 659015).
cost(2, 3, 703759).
cost(2, 4, 778414).
cost(2, 5, 876966).
cost(2, 6, 1207104).
cost(2, 7, 729490).
cost(2, 8, 738027).
cost(2, 9, 668684).
cost(2, 10, 946527).
cost(2, 11, 787642).
cost(2, 12, 1078279).
cost(2, 13, 760875).
cost(2, 14, 660263).
cost(2, 15, 251537).
cost(2, 16, 954537).
cost(2, 17, 1016082).
cost(2, 18, 668804).
cost(2, 19, 898297).
cost(2, 20, 880145).
cost(2, 21, 224343).
cost(2, 22, 206975).
cost(2, 23, 967696).
cost(2, 24, 523101).
cost(2, 25, 1007130).
cost(2, 26, 298582).
cost(3, 1, 320738).
cost(3, 2, 703759).
cost(3, 4, 678207).
cost(3, 5, 673989).
cost(3, 6, 772202).
cost(3, 7, 883209).
cost(3, 8, 226671).
cost(3, 9, 679649).
cost(3, 10, 894133).
cost(3, 11, 959485).
cost(3, 12, 531438).
cost(3, 13, 835128).
cost(3, 14, 835224).
cost(3, 15, 559406).
cost(3, 16, 568240).
cost(3, 17, 698192).
cost(3, 18, 78265).
cost(3, 19, 194989).
cost(3, 20, 191786).
cost(3, 21, 633740).
cost(3, 22, 678867).
cost(3, 23, 329966).
cost(3, 24, 842286).
cost(3, 25, 481280).
cost(3, 26, 594691).
cost(4, 1, 357472).
cost(4, 2, 778414).
cost(4, 3, 678207).
cost(4, 5, 123778).
cost(4, 6, 516875).
cost(4, 7, 290188).
cost(4, 8, 473834).
cost(4, 9, 127281).
cost(4, 10, 219712).
cost(4, 11, 348260).
cost(4, 12, 550430).
cost(4, 13, 204642).
cost(4, 14, 289707).
cost(4, 15, 530576).
cost(4, 16, 321244).
cost(4, 17, 291079).
cost(4, 18, 730117).
cost(4, 19, 758665).
cost(4, 20, 690015).
cost(4, 21, 557682).
cost(4, 22, 588930).
cost(4, 23, 628495).
cost(4, 24, 427663).
cost(4, 25, 492746).
cost(4, 26, 480299).
cost(5, 1, 363006).
cost(5, 2, 876966).
cost(5, 3, 673989).
cost(5, 4, 123778).
cost(5, 6, 393412).
cost(5, 7, 402464).
cost(5, 8, 453122).
cost(5, 9, 249700).
cost(5, 10, 242489).
cost(5, 11, 451512).
cost(5, 12, 451489).
cost(5, 13, 311982).
cost(5, 14, 410182).
cost(5, 15, 625883).
cost(5, 16, 217269).
cost(5, 17, 167344).
cost(5, 18, 735357).
cost(5, 19, 722711).
cost(5, 20, 651101).
cost(5, 21, 661379).
cost(5, 22, 696155).
cost(5, 23, 564443).
cost(5, 24, 551436).
cost(5, 25, 401883).
cost(5, 26, 582463).
cost(6, 1, 570040).
cost(6, 2, 1207104).
cost(6, 3, 772202).
cost(6, 4, 516875).
cost(6, 5, 393412).
cost(6, 7, 787937).
cost(6, 8, 564561).
cost(6, 9, 640437).
cost(6, 10, 556335).
cost(6, 11, 826284).
cost(6, 12, 271929).
cost(6, 13, 695933).
cost(6, 14, 802330).
cost(6, 15, 959495).
cost(6, 16, 253009).
cost(6, 17, 226391).
cost(6, 18, 849437).
cost(6, 19, 715229).
cost(6, 20, 649016).
cost(6, 21, 1009910).
cost(6, 22, 1050675).
cost(6, 23, 497251).
cost(6, 24, 943921).
cost(6, 25, 296645).
cost(6, 26, 931333).
cost(7, 1, 580348).
cost(7, 2, 729490).
cost(7, 3, 883209).
cost(7, 4, 290188).
cost(7, 5, 402464).
cost(7, 6, 787937).
cost(7, 8, 713440).
cost(7, 9, 212430).
cost(7, 10, 281893).
cost(7, 11, 76934).
cost(7, 12, 840314).
cost(7, 13, 92028).
cost(7, 14, 69631).
cost(7, 15, 526839).
cost(7, 16, 611170).
cost(7, 17, 563400).
cost(7, 18, 917675).
cost(7, 19, 1001084).
cost(7, 20, 937950).
cost(7, 21, 513618).
cost(7, 22, 522605).
cost(7, 23, 900998).
cost(7, 24, 229448).
cost(7, 25, 781152).
cost(7, 26, 458615).
cost(8, 1, 135793).
cost(8, 2, 738027).
cost(8, 3, 226671).
cost(8, 4, 473834).
cost(8, 5, 453122).
cost(8, 6, 564561).
cost(8, 7, 713440).
cost(8, 9, 501626).
cost(8, 10, 682357).
cost(8, 11, 786710).
cost(8, 12, 357789).
cost(8, 13, 651703).
cost(8, 14, 676583).
cost(8, 15, 529815).
cost(8, 16, 344392).
cost(8, 17, 472061).
cost(8, 18, 297159).
cost(8, 19, 288365).
cost(8, 20, 224754).
cost(8, 21, 600671).
cost(8, 22, 648037).
cost(8, 23, 237508).
cost(8, 24, 722915).
cost(8, 25, 293279).
cost(8, 26, 538887).
cost(9, 1, 369784).
cost(9, 2, 668684).
cost(9, 3, 679649).
cost(9, 4, 127281).
cost(9, 5, 249700).
cost(9, 6, 640437).
cost(9, 7, 212430).
cost(9, 8, 501626).
cost(9, 10, 284269).
cost(9, 11, 285096).
cost(9, 12, 647002).
cost(9, 13, 155787).
cost(9, 14, 186732).
cost(9, 15, 427712).
cost(9, 16, 428564).
cost(9, 17, 416061).
cost(9, 18, 720130).
cost(9, 19, 789696).
cost(9, 20, 725878).
cost(9, 21, 444997).
cost(9, 22, 472241).
cost(9, 23, 690503).
cost(9, 24, 303890).
cost(9, 25, 583414).
cost(9, 26, 370661).
cost(10, 1, 573994).
cost(10, 2, 946527).
cost(10, 3, 894133).
cost(10, 4, 219712).
cost(10, 5, 242489).
cost(10, 6, 556335).
cost(10, 7, 281893).
cost(10, 8, 682357).
cost(10, 9, 284269).
cost(10, 11, 291047).
cost(10, 12, 681243).
cost(10, 13, 204368).
cost(10, 14, 329243).
cost(10, 15, 710770).
cost(10, 16, 450055).
cost(10, 17, 352510).
cost(10, 18, 948391).
cost(10, 19, 960346).
cost(10, 20, 889536).
cost(10, 21, 722210).
cost(10, 22, 744395).
cost(10, 23, 806928).
cost(10, 24, 499698).
cost(10, 25, 638466).
cost(10, 26, 651131).
cost(11, 1, 654554).
cost(11, 2, 787642).
cost(11, 3, 959485).
cost(11, 4, 348260).
cost(11, 5, 451512).
cost(11, 6, 826284).
cost(11, 7, 76934).
cost(11, 8, 786710).
cost(11, 9, 285096).
cost(11, 10, 291047).
cost(11, 12, 897574).
cost(11, 13, 143714).
cost(11, 14, 139026).
cost(11, 15, 595277).
cost(11, 16, 665557).
cost(11, 17, 605529).
cost(11, 18, 994488).
cost(11, 19, 1074784).
cost(11, 20, 1010836).
cost(11, 21, 576834).
cost(11, 22, 581841).
cost(11, 23, 968942).
cost(11, 24, 271618).
cost(11, 25, 840968).
cost(11, 26, 526430).
cost(12, 1, 420267).
cost(12, 2, 1078279).
cost(12, 3, 531438).
cost(12, 4, 550430).
cost(12, 5, 451489).
cost(12, 6, 271929).
cost(12, 7, 840314).
cost(12, 8, 357789).
cost(12, 9, 647002).
cost(12, 10, 681243).
cost(12, 11, 897574).
cost(12, 13, 754562).
cost(12, 14, 831769).
cost(12, 15, 848406).
cost(12, 16, 234239).
cost(12, 17, 339336).
cost(12, 18, 609678).
cost(12, 19, 447711).
cost(12, 20, 385061).
cost(12, 21, 911661).
cost(12, 22, 957279).
cost(12, 23, 228205).
cost(12, 24, 937338).
cost(12, 25, 72108).
cost(12, 26, 839031).
cost(13, 1, 522550).
cost(13, 2, 760875).
cost(13, 3, 835128).
cost(13, 4, 204642).
cost(13, 5, 311982).
cost(13, 6, 695933).
cost(13, 7, 92028).
cost(13, 8, 651703).
cost(13, 9, 155787).
cost(13, 10, 204368).
cost(13, 11, 143714).
cost(13, 12, 754562).
cost(13, 14, 125288).
cost(13, 15, 539182).
cost(13, 16, 523440).
cost(13, 17, 471604).
cost(13, 18, 875873).
cost(13, 19, 940042).
cost(13, 20, 874489).
cost(13, 21, 538592).
cost(13, 22, 555077).
cost(13, 23, 826935).
cost(13, 24, 295366).
cost(13, 25, 697387).
cost(13, 26, 474179).
cost(14, 1, 541553).
cost(14, 2, 660263).
cost(14, 3, 835224).
cost(14, 4, 289707).
cost(14, 5, 410182).
cost(14, 6, 802330).
cost(14, 7, 69631).
cost(14, 8, 676583).
cost(14, 9, 186732).
cost(14, 10, 329243).
cost(14, 11, 139026).
cost(14, 12, 831769).
cost(14, 13, 125288).
cost(14, 15, 457974).
cost(14, 16, 608425).
cost(14, 17, 576019).
cost(14, 18, 865747).
cost(14, 19, 962068).
cost(14, 20, 901253).
cost(14, 21, 443987).
cost(14, 22, 453319).
cost(14, 23, 875064).
cost(14, 24, 170751).
cost(14, 25, 769300).
cost(14, 26, 389526).
cost(15, 1, 429299).
cost(15, 2, 251537).
cost(15, 3, 559406).
cost(15, 4, 530576).
cost(15, 5, 625883).
cost(15, 6, 959495).
cost(15, 7, 526839).
cost(15, 8, 529815).
cost(15, 9, 427712).
cost(15, 10, 710770).
cost(15, 11, 595277).
cost(15, 12, 848406).
cost(15, 13, 539182).
cost(15, 14, 457974).
cost(15, 16, 707993).
cost(15, 17, 764927).
cost(15, 18, 550522).
cost(15, 19, 742508).
cost(15, 20, 708297).
cost(15, 21, 74539).
cost(15, 22, 121020).
cost(15, 23, 766925).
cost(15, 24, 365028).
cost(15, 25, 776400).
cost(15, 26, 69183).
cost(16, 1, 322170).
cost(16, 2, 954537).
cost(16, 3, 568240).
cost(16, 4, 321244).
cost(16, 5, 217269).
cost(16, 6, 253009).
cost(16, 7, 611170).
cost(16, 8, 344392).
cost(16, 9, 428564).
cost(16, 10, 450055).
cost(16, 11, 665557).
cost(16, 12, 234239).
cost(16, 13, 523440).
cost(16, 14, 608425).
cost(16, 15, 707993).
cost(16, 17, 136424).
cost(16, 18, 641135).
cost(16, 19, 564204).
cost(16, 20, 491902).
cost(16, 21, 760659).
cost(16, 22, 802627).
cost(16, 23, 374656).
cost(16, 24, 728830).
cost(16, 25, 188715).
cost(16, 26, 682780).
cost(17, 1, 426336).
cost(17, 2, 1016082).
cost(17, 3, 698192).
cost(17, 4, 291079).
cost(17, 5, 167344).
cost(17, 6, 226391).
cost(17, 7, 563400).
cost(17, 8, 472061).
cost(17, 9, 416061).
cost(17, 10, 352510).
cost(17, 11, 605529).
cost(17, 12, 339336).
cost(17, 13, 471604).
cost(17, 14, 576019).
cost(17, 15, 764927).
cost(17, 16, 136424).
cost(17, 18, 769018).
cost(17, 19, 700628).
cost(17, 20, 628321).
cost(17, 21, 808147).
cost(17, 22, 846061).
cost(17, 23, 508118).
cost(17, 24, 718663).
cost(17, 25, 311288).
cost(17, 26, 728851).
cost(18, 1, 375232).
cost(18, 2, 668804).
cost(18, 3, 78265).
cost(18, 4, 730117).
cost(18, 5, 735357).
cost(18, 6, 849437).
cost(18, 7, 917675).
cost(18, 8, 297159).
cost(18, 9, 720130).
cost(18, 10, 948391).
cost(18, 11, 994488).
cost(18, 12, 609678).
cost(18, 13, 875873).
cost(18, 14, 865747).
cost(18, 15, 550522).
cost(18, 16, 641135).
cost(18, 17, 769018).
cost(18, 19, 247254).
cost(18, 20, 260051).
cost(18, 21, 623488).
cost(18, 22, 666568).
cost(18, 23, 405691).
cost(18, 24, 857792).
cost(18, 25, 559355).
cost(18, 26, 593556).
cost(19, 1, 420954).
cost(19, 2, 898297).
cost(19, 3, 194989).
cost(19, 4, 758665).
cost(19, 5, 722711).
cost(19, 6, 715229).
cost(19, 7, 1001084).
cost(19, 8, 288365).
cost(19, 9, 789696).
cost(19, 10, 960346).
cost(19, 11, 1074784).
cost(19, 12, 447711).
cost(19, 13, 940042).
cost(19, 14, 962068).
cost(19, 15, 742508).
cost(19, 16, 564204).
cost(19, 17, 700628).
cost(19, 18, 247254).
cost(19, 20, 72564).
cost(19, 21, 817025).
cost(19, 22, 863250).
cost(19, 23, 219544).
cost(19, 24, 994514).
cost(19, 25, 420951).
cost(19, 26, 770773).
cost(20, 1, 359871).
cost(20, 2, 880145).
cost(20, 3, 191786).
cost(20, 4, 690015).
cost(20, 5, 651101).
cost(20, 6, 649016).
cost(20, 7, 937950).
cost(20, 8, 224754).
cost(20, 9, 725878).
cost(20, 10, 889536).
cost(20, 11, 1010836).
cost(20, 12, 385061).
cost(20, 13, 874489).
cost(20, 14, 901253).
cost(20, 15, 708297).
cost(20, 16, 491902).
cost(20, 17, 628321).
cost(20, 18, 260051).
cost(20, 19, 72564).
cost(20, 21, 782403).
cost(20, 22, 829306).
cost(20, 23, 159686).
cost(20, 24, 941568).
cost(20, 25, 353144).
cost(20, 26, 731122).
cost(21, 1, 495096).
cost(21, 2, 224343).
cost(21, 3, 633740).
cost(21, 4, 557682).
cost(21, 5, 661379).
cost(21, 6, 1009910).
cost(21, 7, 513618).
cost(21, 8, 600671).
cost(21, 9, 444997).
cost(21, 10, 722210).
cost(21, 11, 576834).
cost(21, 12, 911661).
cost(21, 13, 538592).
cost(21, 14, 443987).
cost(21, 15, 74539).
cost(21, 16, 760659).
cost(21, 17, 808147).
cost(21, 18, 623488).
cost(21, 19, 817025).
cost(21, 20, 782403).
cost(21, 22, 47406).
cost(21, 23, 838110).
cost(21, 24, 327283).
cost(21, 25, 839555).
cost(21, 26, 79308).
cost(22, 1, 541642).
cost(22, 2, 206975).
cost(22, 3, 678867).
cost(22, 4, 588930).
cost(22, 5, 696155).
cost(22, 6, 1050675).
cost(22, 7, 522605).
cost(22, 8, 648037).
cost(22, 9, 472241).
cost(22, 10, 744395).
cost(22, 11, 581841).
cost(22, 12, 957279).
cost(22, 13, 555077).
cost(22, 14, 453319).
cost(22, 15, 121020).
cost(22, 16, 802627).
cost(22, 17, 846061).
cost(22, 18, 666568).
cost(22, 19, 863250).
cost(22, 20, 829306).
cost(22, 21, 47406).
cost(22, 23, 885489).
cost(22, 24, 322075).
cost(22, 25, 885174).
cost(22, 26, 119972).
cost(23, 1, 359048).
cost(23, 2, 967696).
cost(23, 3, 329966).
cost(23, 4, 628495).
cost(23, 5, 564443).
cost(23, 6, 497251).
cost(23, 7, 900998).
cost(23, 8, 237508).
cost(23, 9, 690503).
cost(23, 10, 806928).
cost(23, 11, 968942).
cost(23, 12, 228205).
cost(23, 13, 826935).
cost(23, 14, 875064).
cost(23, 15, 766925).
cost(23, 16, 374656).
cost(23, 17, 508118).
cost(23, 18, 405691).
cost(23, 19, 219544).
cost(23, 20, 159686).
cost(23, 21, 838110).
cost(23, 22, 885489).
cost(23, 24, 943535).
cost(23, 25, 207744).
cost(23, 26, 776111).
cost(24, 1, 588771).
cost(24, 2, 523101).
cost(24, 3, 842286).
cost(24, 4, 427663).
cost(24, 5, 551436).
cost(24, 6, 943921).
cost(24, 7, 229448).
cost(24, 8, 722915).
cost(24, 9, 303890).
cost(24, 10, 499698).
cost(24, 11, 271618).
cost(24, 12, 937338).
cost(24, 13, 295366).
cost(24, 14, 170751).
cost(24, 15, 365028).
cost(24, 16, 728830).
cost(24, 17, 718663).
cost(24, 18, 857792).
cost(24, 19, 994514).
cost(24, 20, 941568).
cost(24, 21, 327283).
cost(24, 22, 322075).
cost(24, 23, 943535).
cost(24, 25, 869921).
cost(24, 26, 297854).
cost(25, 1, 348627).
cost(25, 2, 1007130).
cost(25, 3, 481280).
cost(25, 4, 492746).
cost(25, 5, 401883).
cost(25, 6, 296645).
cost(25, 7, 781152).
cost(25, 8, 293279).
cost(25, 9, 583414).
cost(25, 10, 638466).
cost(25, 11, 840968).
cost(25, 12, 72108).
cost(25, 13, 697387).
cost(25, 14, 769300).
cost(25, 15, 776400).
cost(25, 16, 188715).
cost(25, 17, 311288).
cost(25, 18, 559355).
cost(25, 19, 420951).
cost(25, 20, 353144).
cost(25, 21, 839555).
cost(25, 22, 885174).
cost(25, 23, 207744).
cost(25, 24, 869921).
cost(25, 26, 766960).
cost(26, 1, 426257).
cost(26, 2, 298582).
cost(26, 3, 594691).
cost(26, 4, 480299).
cost(26, 5, 582463).
cost(26, 6, 931333).
cost(26, 7, 458615).
cost(26, 8, 538887).
cost(26, 9, 370661).
cost(26, 10, 651131).
cost(26, 11, 526430).
cost(26, 12, 839031).
cost(26, 13, 474179).
cost(26, 14, 389526).
cost(26, 15, 69183).
cost(26, 16, 682780).
cost(26, 17, 728851).
cost(26, 18, 593556).
cost(26, 19, 770773).
cost(26, 20, 731122).
cost(26, 21, 79308).
cost(26, 22, 119972).
cost(26, 23, 776111).
cost(26, 24, 297854).
cost(26, 25, 766960).
