dimension(26).
point(1, 921674.0, 250065.0).
point(2, 377506.0, 896048.0).
point(3, 169771.0, 218380.0).
point(4, 877708.0, 813387.0).
point(5, 123344.0, 400022.0).
point(6, 30588.0, 418434.0).
point(7, 113951.0, 210517.0).
point(8, 924356.0, 970453.0).
point(9, 194244.0, 23254.0).
point(10, 45333.0, 569958.0).
point(11, 264618.0, 206470.0).
point(12, 212018.0, 319685.0).
point(13, 423427.0, 581180.0).
point(14, 212210.0, 21951.0).
point(15, 733992.0, 691156.0).
point(16, 264308.0, 7229.0).
point(17, 755721.0, 348018.0).
point(18, 798956.0, 285928.0).
point(19, 200563.0, 209181.0).
point(20, 779738.0, 937621.0).
point(21, 667044.0, 750997.0).
point(22, 958577.0, 165463.0).
point(23, 368408.0, 61344.0).
point(24, 927938.0, 354116.0).
point(25, 976287.0, 819675.0).
point(26, 632837.0, 412885.0).
cost(1, 2, 844638).
cost(1, 3, 752570).
cost(1, 4, 565035).
cost(1, 5, 812292).
cost(1, 6, 906853).
cost(1, 7, 808691).
cost(1, 8, 720393).
cost(1, 9, 761970).
cost(1, 10, 932901).
cost(1, 11, 658501).
cost(1, 12, 713063).
cost(1, 13, 598237).
cost(1, 14, 745235).
cost(1, 15, 479360).
cost(1, 16, 700785).
cost(1, 17, 192705).
cost(1, 18, 127851).
cost(1, 19, 722269).
cost(1, 20, 702053).
cost(1, 21, 561934).
cost(1, 22, 92300).
cost(1, 23, 584567).
cost(1, 24, 104239).
cost(1, 25, 572222).
cost(1, 26, 331568).
cost(2, 1, 844638).
cost(2, 3, 708793).
cost(2, 4, 506986).
cost(2, 5, 557351).
cost(2, 6, 590311).
cost(2, 7, 734448).
cost(2, 8, 551889).
cost(2, 9, 891826).
cost(2, 10, 465482).
cost(2, 11, 698757).
cost(2, 12, 599650).
cost(2, 13, 318199).
cost(2, 14, 889589).
cost(2, 15, 411173).
cost(2, 16, 895998).
cost(2, 17, 665870).
cost(2, 18, 741530).
cost(2, 19, 709292).
cost(2, 20, 404375).
cost(2, 21, 323840).
cost(2, 22, 933487).
cost(2, 23, 834754).
cost(2, 24, 772441).
cost(2, 25, 603632).
cost(2, 26, 546480).
cost(3, 1, 752570).
cost(3, 2, 708793).
cost(3, 4, 924775).
cost(3, 5, 187481).
cost(3, 6, 243708).
cost(3, 7, 56371).
cost(3, 8, 1065370).
cost(3, 9, 196655).
cost(3, 10, 372950).
cost(3, 11, 95592).
cost(3, 12, 109761).
cost(3, 13, 442680).
cost(3, 14, 200961).
cost(3, 15, 736113).
cost(3, 16, 231348).
cost(3, 17, 600119).
cost(3, 18, 632801).
cost(3, 19, 32137).
cost(3, 20, 943063).
cost(3, 21, 728671).
cost(3, 22, 790579).
cost(3, 23, 253213).
cost(3, 24, 770222).
cost(3, 25, 1005994).
cost(3, 26, 502257).
cost(4, 1, 565035).
cost(4, 2, 506986).
cost(4, 3, 924775).
cost(4, 5, 860195).
cost(4, 6, 934666).
cost(4, 7, 973025).
cost(4, 8, 163847).
cost(4, 9, 1044717).
cost(4, 10, 867240).
cost(4, 11, 862686).
cost(4, 12, 828785).
cost(4, 13, 510188).
cost(4, 14, 1034050).
cost(4, 15, 188666).
cost(4, 16, 1012991).
cost(4, 17, 481092).
cost(4, 18, 533306).
cost(4, 19, 907519).
cost(4, 20, 158216).
cost(4, 21, 219709).
cost(4, 22, 652951).
cost(4, 23, 908270).
cost(4, 24, 462010).
cost(4, 25, 98779).
cost(4, 26, 469429).
cost(5, 1, 812292).
cost(5, 2, 557351).
cost(5, 3, 187481).
cost(5, 4, 860195).
cost(5, 6, 94566).
cost(5, 7, 189738).
cost(5, 8, 983368).
cost(5, 9, 383381).
cost(5, 10, 186987).
cost(5, 11, 239626).
cost(5, 12, 119654).
cost(5, 13, 350525).
cost(5, 14, 388375).
cost(5, 15, 676498).
cost(5, 16, 417321).
cost(5, 17, 634512).
cost(5, 18, 685178).
cost(5, 19, 205871).
cost(5, 20, 848449).
cost(5, 21, 647142).
cost(5, 22, 867544).
cost(5, 23, 418042).
cost(5, 24, 805903).
cost(5, 25, 950590).
cost(5, 26, 509655).
cost(6, 1, 906853).
cost(6, 2, 590311).
cost(6, 3, 243708).
cost(6, 4, 934666).
cost(6, 5, 94566).
cost(6, 7, 224006).
cost(6, 8, 1050498).
cost(6, 9, 427727).
cost(6, 10, 152240).
cost(6, 11, 315751).
cost(6, 12, 206563).
cost(6, 13, 425216).
cost(6, 14, 436102).
cost(6, 15, 754423).
cost(6, 16, 472985).
cost(6, 17, 728544).
cost(6, 18, 779710).
cost(6, 19, 269589).
cost(6, 20, 911472).
cost(6, 21, 718105).
cost(6, 22, 961851).
cost(6, 23, 491564).
cost(6, 24, 899652).
cost(6, 25, 1027298).
cost(6, 26, 602275).
cost(7, 1, 808691).
cost(7, 2, 734448).
cost(7, 3, 56371).
cost(7, 4, 973025).
cost(7, 5, 189738).
cost(7, 6, 224006).
cost(7, 8, 1110972).
cost(7, 9, 203751).
cost(7, 10, 365932).
cost(7, 11, 150721).
cost(7, 12, 146747).
cost(7, 13, 482873).
cost(7, 14, 212631).
cost(7, 15, 784516).
cost(7, 16, 252850).
cost(7, 17, 656335).
cost(7, 18, 689143).
cost(7, 19, 86622).
cost(7, 20, 985877).
cost(7, 21, 773324).
cost(7, 22, 845827).
cost(7, 23, 294959).
cost(7, 24, 826556).
cost(7, 25, 1055792).
cost(7, 26, 556952).
cost(8, 1, 720393).
cost(8, 2, 551889).
cost(8, 3, 1065370).
cost(8, 4, 163847).
cost(8, 5, 983368).
cost(8, 6, 1050498).
cost(8, 7, 1110972).
cost(8, 9, 1195930).
cost(8, 10, 965959).
cost(8, 11, 1009418).
cost(8, 12, 964844).
cost(8, 13, 634400).
cost(8, 14, 1186089).
cost(8, 15, 338002).
cost(8, 16, 1167675).
cost(8, 17, 644874).
cost(8, 18, 695916).
cost(8, 19, 1050434).
cost(8, 20, 148298).
cost(8, 21, 338187).
cost(8, 22, 805717).
cost(8, 23, 1065625).
cost(8, 24, 616347).
cost(8, 25, 159470).
cost(8, 26, 629178).
cost(9, 1, 761970).
cost(9, 2, 891826).
cost(9, 3, 196655).
cost(9, 4, 1044717).
cost(9, 5, 383381).
cost(9, 6, 427727).
cost(9, 7, 203751).
cost(9, 8, 1195930).
cost(9, 10, 566621).
cost(9, 11, 196267).
cost(9, 12, 296963).
cost(9, 13, 603164).
cost(9, 14, 18013).
cost(9, 15, 858732).
cost(9, 16, 71873).
cost(9, 17, 648636).
cost(9, 18, 659298).
cost(9, 19, 186034).
cost(9, 20, 1085758).
cost(9, 21, 867842).
cost(9, 22, 777450).
cost(9, 23, 178281).
cost(9, 24, 804846).
cost(9, 25, 1116189).
cost(9, 26, 586665).
cost(10, 1, 932901).
cost(10, 2, 465482).
cost(10, 3, 372950).
cost(10, 4, 867240).
cost(10, 5, 186987).
cost(10, 6, 152240).
cost(10, 7, 365932).
cost(10, 8, 965959).
cost(10, 9, 566621).
cost(10, 11, 424511).
cost(10, 12, 300700).
cost(10, 13, 378261).
cost(10, 14, 572852).
cost(10, 15, 699243).
cost(10, 16, 603833).
cost(10, 17, 744250).
cost(10, 18, 805370).
cost(10, 19, 392755).
cost(10, 20, 821296).
cost(10, 21, 647534).
cost(10, 22, 998815).
cost(10, 23, 602549).
cost(10, 24, 908614).
cost(10, 25, 963864).
cost(10, 26, 608139).
cost(11, 1, 658501).
cost(11, 2, 698757).
cost(11, 3, 95592).
cost(11, 4, 862686).
cost(11, 5, 239626).
cost(11, 6, 315751).
cost(11, 7, 150721).
cost(11, 8, 1009418).
cost(11, 9, 196267).
cost(11, 10, 424511).
cost(11, 12, 124837).
cost(11, 13, 406974).
cost(11, 14, 191817).
cost(11, 15, 674709).
cost(11, 16, 199241).
cost(11, 17, 511095).
cost(11, 18, 540214).
cost(11, 19, 64112).
cost(11, 20, 894388).
cost(11, 21, 677094).
cost(11, 22, 695170).
cost(11, 23, 178421).
cost(11, 24, 679553).
cost(11, 25, 939411).
cost(11, 26, 422128).
cost(12, 1, 713063).
cost(12, 2, 599650).
cost(12, 3, 109761).
cost(12, 4, 828785).
cost(12, 5, 119654).
cost(12, 6, 206563).
cost(12, 7, 146747).
cost(12, 8, 964844).
cost(12, 9, 296963).
cost(12, 10, 300700).
cost(12, 11, 124837).
cost(12, 13, 336264).
cost(12, 14, 297734).
cost(12, 15, 640662).
cost(12, 16, 316801).
cost(12, 17, 544441).
cost(12, 18, 587908).
cost(12, 19, 111096).
cost(12, 20, 839137).
cost(12, 21, 626960).
cost(12, 22, 762322).
cost(12, 23, 301990).
cost(12, 24, 716747).
cost(12, 25, 913289).
cost(12, 26, 431016).
cost(13, 1, 598237).
cost(13, 2, 318199).
cost(13, 3, 442680).
cost(13, 4, 510188).
cost(13, 5, 350525).
cost(13, 6, 425216).
cost(13, 7, 482873).
cost(13, 8, 634400).
cost(13, 9, 603164).
cost(13, 10, 378261).
cost(13, 11, 406974).
cost(13, 12, 336264).
cost(13, 14, 597787).
cost(13, 15, 329462).
cost(13, 16, 595599).
cost(13, 17, 405936).
cost(13, 18, 477698).
cost(13, 19, 433649).
cost(13, 20, 503992).
cost(13, 21, 296963).
cost(13, 22, 677648).
cost(13, 23, 522739).
cost(13, 24, 553253).
cost(13, 25, 602108).
cost(13, 26, 268655).
cost(14, 1, 745235).
cost(14, 2, 889589).
cost(14, 3, 200961).
cost(14, 4, 1034050).
cost(14, 5, 388375).
cost(14, 6, 436102).
cost(14, 7, 212631).
cost(14, 8, 1186089).
cost(14, 9, 18013).
cost(14, 10, 572852).
cost(14, 11, 191817).
cost(14, 12, 297734).
cost(14, 13, 597787).
cost(14, 15, 848582).
cost(14, 16, 54138).
cost(14, 17, 633817).
cost(14, 18, 643393).
cost(14, 19, 187592).
cost(14, 20, 1077283).
cost(14, 21, 859292).
cost(14, 22, 760039).
cost(14, 23, 161089).
cost(14, 24, 789050).
cost(14, 25, 1104616).
cost(14, 26, 574244).
cost(15, 1, 479360).
cost(15, 2, 411173).
cost(15, 3, 736113).
cost(15, 4, 188666).
cost(15, 5, 676498).
cost(15, 6, 754423).
cost(15, 7, 784516).
cost(15, 8, 338002).
cost(15, 9, 858732).
cost(15, 10, 699243).
cost(15, 11, 674709).
cost(15, 12, 640662).
cost(15, 13, 329462).
cost(15, 14, 848582).
cost(15, 16, 829674).
cost(15, 17, 343825).
cost(15, 18, 410402).
cost(15, 19, 718920).
cost(15, 20, 250674).
cost(15, 21, 89794).
cost(15, 22, 571657).
cost(15, 23, 728227).
cost(15, 24, 388859).
cost(15, 25, 274270).
cost(15, 26, 296086).
cost(16, 1, 700785).
cost(16, 2, 895998).
cost(16, 3, 231348).
cost(16, 4, 1012991).
cost(16, 5, 417321).
cost(16, 6, 472985).
cost(16, 7, 252850).
cost(16, 8, 1167675).
cost(16, 9, 71873).
cost(16, 10, 603833).
cost(16, 11, 199241).
cost(16, 12, 316801).
cost(16, 13, 595599).
cost(16, 14, 54138).
cost(16, 15, 829674).
cost(16, 17, 598017).
cost(16, 18, 602928).
cost(16, 19, 211774).
cost(16, 20, 1063625).
cost(16, 21, 845806).
cost(16, 22, 712073).
cost(16, 23, 117325).
cost(16, 24, 748823).
cost(16, 25, 1080270).
cost(16, 26, 548061).
cost(17, 1, 192705).
cost(17, 2, 665870).
cost(17, 3, 600119).
cost(17, 4, 481092).
cost(17, 5, 634512).
cost(17, 6, 728544).
cost(17, 7, 656335).
cost(17, 8, 644874).
cost(17, 9, 648636).
cost(17, 10, 744250).
cost(17, 11, 511095).
cost(17, 12, 544441).
cost(17, 13, 405936).
cost(17, 14, 633817).
cost(17, 15, 343825).
cost(17, 16, 598017).
cost(17, 18, 75660).
cost(17, 19, 572255).
cost(17, 20, 590092).
cost(17, 21, 412621).
cost(17, 22, 272905).
cost(17, 23, 481864).
cost(17, 24, 172325).
cost(17, 25, 520682).
cost(17, 26, 138954).
cost(18, 1, 127851).
cost(18, 2, 741530).
cost(18, 3, 632801).
cost(18, 4, 533306).
cost(18, 5, 685178).
cost(18, 6, 779710).
cost(18, 7, 689143).
cost(18, 8, 695916).
cost(18, 9, 659298).
cost(18, 10, 805370).
cost(18, 11, 540214).
cost(18, 12, 587908).
cost(18, 13, 477698).
cost(18, 14, 643393).
cost(18, 15, 410402).
cost(18, 16, 602928).
cost(18, 17, 75660).
cost(18, 19, 603295).
cost(18, 20, 651976).
cost(18, 21, 483415).
cost(18, 22, 199977).
cost(18, 23, 485602).
cost(18, 24, 145897).
cost(18, 25, 562434).
cost(18, 26, 209078).
cost(19, 1, 722269).
cost(19, 2, 709292).
cost(19, 3, 32137).
cost(19, 4, 907519).
cost(19, 5, 205871).
cost(19, 6, 269589).
cost(19, 7, 86622).
cost(19, 8, 1050434).
cost(19, 9, 186034).
cost(19, 10, 392755).
cost(19, 11, 64112).
cost(19, 12, 111096).
cost(19, 13, 433649).
cost(19, 14, 187592).
cost(19, 15, 718920).
cost(19, 16, 211774).
cost(19, 17, 572255).
cost(19, 18, 603295).
cost(19, 20, 930628).
cost(19, 21, 714961).
cost(19, 22, 759274).
cost(19, 23, 223669).
cost(19, 24, 741674).
cost(19, 25, 987143).
cost(19, 26, 477866).
cost(20, 1, 702053).
cost(20, 2, 404375).
cost(20, 3, 943063).
cost(20, 4, 158216).
cost(20, 5, 848449).
cost(20, 6, 911472).
cost(20, 7, 985877).
cost(20, 8, 148298).
cost(20, 9, 1085758).
cost(20, 10, 821296).
cost(20, 11, 894388).
cost(20, 12, 839137).
cost(20, 13, 503992).
cost(20, 14, 1077283).
cost(20, 15, 250674).
cost(20, 16, 1063625).
cost(20, 17, 590092).
cost(20, 18, 651976).
cost(20, 19, 930628).
cost(20, 21, 218010).
cost(20, 22, 792598).
cost(20, 23, 968015).
cost(20, 24, 602031).
cost(20, 25, 229222).
cost(20, 26, 544911).
cost(21, 1, 561934).
cost(21, 2, 323840).
cost(21, 3, 728671).
cost(21, 4, 219709).
cost(21, 5, 647142).
cost(21, 6, 718105).
cost(21, 7, 773324).
cost(21, 8, 338187).
cost(21, 9, 867842).
cost(21, 10, 647534).
cost(21, 11, 677094).
cost(21, 12, 626960).
cost(21, 13, 296963).
cost(21, 14, 859292).
cost(21, 15, 89794).
cost(21, 16, 845806).
cost(21, 17, 412621).
cost(21, 18, 483415).
cost(21, 19, 714961).
cost(21, 20, 218010).
cost(21, 22, 654096).
cost(21, 23, 751535).
cost(21, 24, 474953).
cost(21, 25, 316777).
cost(21, 26, 339838).
cost(22, 1, 92300).
cost(22, 2, 933487).
cost(22, 3, 790579).
cost(22, 4, 652951).
cost(22, 5, 867544).
cost(22, 6, 961851).
cost(22, 7, 845827).
cost(22, 8, 805717).
cost(22, 9, 777450).
cost(22, 10, 998815).
cost(22, 11, 695170).
cost(22, 12, 762322).
cost(22, 13, 677648).
cost(22, 14, 760039).
cost(22, 15, 571657).
cost(22, 16, 712073).
cost(22, 17, 272905).
cost(22, 18, 199977).
cost(22, 19, 759274).
cost(22, 20, 792598).
cost(22, 21, 654096).
cost(22, 23, 599283).
cost(22, 24, 191125).
cost(22, 25, 654452).
cost(22, 26, 409053).
cost(23, 1, 584567).
cost(23, 2, 834754).
cost(23, 3, 253213).
cost(23, 4, 908270).
cost(23, 5, 418042).
cost(23, 6, 491564).
cost(23, 7, 294959).
cost(23, 8, 1065625).
cost(23, 9, 178281).
cost(23, 10, 602549).
cost(23, 11, 178421).
cost(23, 12, 301990).
cost(23, 13, 522739).
cost(23, 14, 161089).
cost(23, 15, 728227).
cost(23, 16, 117325).
cost(23, 17, 481864).
cost(23, 18, 485602).
cost(23, 19, 223669).
cost(23, 20, 968015).
cost(23, 21, 751535).
cost(23, 22, 599283).
cost(23, 24, 631498).
cost(23, 25, 971896).
cost(23, 26, 439891).
cost(24, 1, 104239).
cost(24, 2, 772441).
cost(24, 3, 770222).
cost(24, 4, 462010).
cost(24, 5, 805903).
cost(24, 6, 899652).
cost(24, 7, 826556).
cost(24, 8, 616347).
cost(24, 9, 804846).
cost(24, 10, 908614).
cost(24, 11, 679553).
cost(24, 12, 716747).
cost(24, 13, 553253).
cost(24, 14, 789050).
cost(24, 15, 388859).
cost(24, 16, 748823).
cost(24, 17, 172325).
cost(24, 18, 145897).
cost(24, 19, 741674).
cost(24, 20, 602031).
cost(24, 21, 474953).
cost(24, 22, 191125).
cost(24, 23, 631498).
cost(24, 25, 468063).
cost(24, 26, 300896).
cost(25, 1, 572222).
cost(25, 2, 603632).
cost(25, 3, 1005994).
cost(25, 4, 98779).
cost(25, 5, 950590).
cost(25, 6, 1027298).
cost(25, 7, 1055792).
cost(25, 8, 159470).
cost(25, 9, 1116189).
cost(25, 10, 963864).
cost(25, 11, 939411).
cost(25, 12, 913289).
cost(25, 13, 602108).
cost(25, 14, 1104616).
cost(25, 15, 274270).
cost(25, 16, 1080270).
cost(25, 17, 520682).
cost(25, 18, 562434).
cost(25, 19, 987143).
cost(25, 20, 229222).
cost(25, 21, 316777).
cost(25, 22, 654452).
cost(25, 23, 971896).
cost(25, 24, 468063).
cost(25, 26, 532387).
cost(26, 1, 331568).
cost(26, 2, 546480).
cost(26, 3, 502257).
cost(26, 4, 469429).
cost(26, 5, 509655).
cost(26, 6, 602275).
cost(26, 7, 556952).
cost(26, 8, 629178).
cost(26, 9, 586665).
cost(26, 10, 608139).
cost(26, 11, 422128).
cost(26, 12, 431016).
cost(26, 13, 268655).
cost(26, 14, 574244).
cost(26, 15, 296086).
cost(26, 16, 548061).
cost(26, 17, 138954).
cost(26, 18, 209078).
cost(26, 19, 477866).
cost(26, 20, 544911).
cost(26, 21, 339838).
cost(26, 22, 409053).
cost(26, 23, 439891).
cost(26, 24, 300896).
cost(26, 25, 532387).
