dimension(26).
point(1, 505570.0, 199321.0).
point(2, 712595.0, 87039.0).
point(3, 983680.0, 849077.0).
point(4, 751405.0, 457873.0).
point(5, 594628.0, 349334.0).
point(6, 891497.0, 362398.0).
point(7, 965118.0, 935274.0).
point(8, 330561.0, 339334.0).
point(9, 141292.0, 557585.0).
point(10, 273960.0, 535135.0).
point(11, 85008.0, 457451.0).
point(12, 983406.0, 428979.0).
point(13, 370805.0, 394832.0).
point(14, 984843.0, 682033.0).
point(15, 729748.0, 728940.0).
point(16, 224744.0, 192477.0).
point(17, 956941.0, 136569.0).
point(18, 483776.0, 208964.0).
point(19, 4230.0, 510573.0).
point(20, 911868.0, 418592.0).
point(21, 942015.0, 450840.0).
point(22, 229890.0, 519640.0).
point(23, 162551.0, 872893.0).
point(24, 7576.0, 995218.0).
point(25, 181648.0, 530835.0).
point(26, 407082.0, 348607.0).
cost(1, 2, 235513).
cost(1, 3, 806704).
cost(1, 4, 356769).
cost(1, 5, 174457).
cost(1, 6, 418967).
cost(1, 7, 867647).
cost(1, 8, 224124).
cost(1, 9, 510932).
cost(1, 10, 407939).
cost(1, 11, 493461).
cost(1, 12, 530160).
cost(1, 13, 237458).
cost(1, 14, 680230).
cost(1, 15, 575110).
cost(1, 16, 280909).
cost(1, 17, 455712).
cost(1, 18, 23832).
cost(1, 19, 590101).
cost(1, 20, 461690).
cost(1, 21, 503732).
cost(1, 22, 422615).
cost(1, 23, 755884).
cost(1, 24, 938856).
cost(1, 25, 463494).
cost(1, 26, 178847).
cost(2, 1, 235513).
cost(2, 3, 808820).
cost(2, 4, 372859).
cost(2, 5, 287602).
cost(2, 6, 328373).
cost(2, 7, 885026).
cost(2, 8, 457824).
cost(2, 9, 740136).
cost(2, 10, 627049).
cost(2, 11, 728746).
cost(2, 12, 436190).
cost(2, 13, 459953).
cost(2, 14, 654322).
cost(2, 15, 642130).
cost(2, 16, 499115).
cost(2, 17, 249315).
cost(2, 18, 259276).
cost(2, 19, 825325).
cost(2, 20, 386830).
cost(2, 21, 430098).
cost(2, 22, 648188).
cost(2, 23, 959226).
cost(2, 24, 1149713).
cost(2, 25, 691997).
cost(2, 26, 402189).
cost(3, 1, 806704).
cost(3, 2, 808820).
cost(3, 4, 454964).
cost(3, 5, 633328).
cost(3, 6, 495332).
cost(3, 7, 88173).
cost(3, 8, 828494).
cost(3, 9, 891395).
cost(3, 10, 776055).
cost(3, 11, 980297).
cost(3, 12, 420098).
cost(3, 13, 762859).
cost(3, 14, 167048).
cost(3, 15, 280917).
cost(3, 16, 1003547).
cost(3, 17, 713010).
cost(3, 18, 812188).
cost(3, 19, 1036295).
cost(3, 20, 436434).
cost(3, 21, 400411).
cost(3, 22, 822635).
cost(3, 23, 821474).
cost(3, 24, 986983).
cost(3, 25, 862863).
cost(3, 26, 763502).
cost(4, 1, 356769).
cost(4, 2, 372859).
cost(4, 3, 454964).
cost(4, 5, 190682).
cost(4, 6, 169532).
cost(4, 7, 523053).
cost(4, 8, 437220).
cost(4, 9, 618207).
cost(4, 10, 483656).
cost(4, 11, 666397).
cost(4, 12, 233793).
cost(4, 13, 385786).
cost(4, 14, 323637).
cost(4, 15, 271931).
cost(4, 16, 589752).
cost(4, 17, 381420).
cost(4, 18, 365487).
cost(4, 19, 749031).
cost(4, 20, 165201).
cost(4, 21, 190740).
cost(4, 22, 525160).
cost(4, 23, 720410).
cost(4, 24, 917617).
cost(4, 25, 574410).
cost(4, 26, 361244).
cost(5, 1, 174457).
cost(5, 2, 287602).
cost(5, 3, 633328).
cost(5, 4, 190682).
cost(5, 6, 297156).
cost(5, 7, 693245).
cost(5, 8, 264256).
cost(5, 9, 498881).
cost(5, 10, 370608).
cost(5, 11, 520962).
cost(5, 12, 396852).
cost(5, 13, 228401).
cost(5, 14, 512793).
cost(5, 15, 402937).
cost(5, 16, 401769).
cost(5, 17, 420166).
cost(5, 18, 178863).
cost(5, 19, 612019).
cost(5, 20, 324712).
cost(5, 21, 361913).
cost(5, 22, 402539).
cost(5, 23, 678826).
cost(5, 24, 872809).
cost(5, 25, 451104).
cost(5, 26, 187547).
cost(6, 1, 418967).
cost(6, 2, 328373).
cost(6, 3, 495332).
cost(6, 4, 169532).
cost(6, 5, 297156).
cost(6, 7, 577587).
cost(6, 8, 561410).
cost(6, 9, 775181).
cost(6, 10, 641241).
cost(6, 11, 812071).
cost(6, 12, 113491).
cost(6, 13, 521701).
cost(6, 14, 332986).
cost(6, 15, 400644).
cost(6, 16, 688064).
cost(6, 17, 235121).
cost(6, 18, 435636).
cost(6, 19, 899555).
cost(6, 20, 59772).
cost(6, 21, 101853).
cost(6, 22, 680036).
cost(6, 23, 889926).
cost(6, 24, 1087096).
cost(6, 25, 729559).
cost(6, 26, 484611).
cost(7, 1, 867647).
cost(7, 2, 885026).
cost(7, 3, 88173).
cost(7, 4, 523053).
cost(7, 5, 693245).
cost(7, 6, 577587).
cost(7, 8, 870521).
cost(7, 9, 906277).
cost(7, 10, 798630).
cost(7, 11, 1001453).
cost(7, 12, 506625).
cost(7, 13, 803297).
cost(7, 14, 254008).
cost(7, 15, 313006).
cost(7, 16, 1048762).
cost(7, 17, 798747).
cost(7, 18, 871330).
cost(7, 19, 1050560).
cost(7, 20, 519419).
cost(7, 21, 484985).
cost(7, 22, 844578).
cost(7, 23, 804988).
cost(7, 24, 959416).
cost(7, 25, 881701).
cost(7, 26, 809680).
cost(8, 1, 224124).
cost(8, 2, 457824).
cost(8, 3, 828494).
cost(8, 4, 437220).
cost(8, 5, 264256).
cost(8, 6, 561410).
cost(8, 7, 870521).
cost(8, 9, 288888).
cost(8, 10, 203818).
cost(8, 11, 272485).
cost(8, 12, 658971).
cost(8, 13, 68554).
cost(8, 14, 738598).
cost(8, 15, 557802).
cost(8, 16, 181009).
cost(8, 17, 658381).
cost(8, 18, 201174).
cost(8, 19, 368530).
cost(8, 20, 586685).
cost(8, 21, 621538).
cost(8, 22, 206506).
cost(8, 23, 559386).
cost(8, 24, 731097).
cost(8, 25, 242585).
cost(8, 26, 77081).
cost(9, 1, 510932).
cost(9, 2, 740136).
cost(9, 3, 891395).
cost(9, 4, 618207).
cost(9, 5, 498881).
cost(9, 6, 775181).
cost(9, 7, 906277).
cost(9, 8, 288888).
cost(9, 10, 134554).
cost(9, 11, 114868).
cost(9, 12, 851878).
cost(9, 13, 281362).
cost(9, 14, 852681).
cost(9, 15, 612897).
cost(9, 16, 374524).
cost(9, 17, 917899).
cost(9, 18, 488704).
cost(9, 19, 144900).
cost(9, 20, 783011).
cost(9, 21, 807807).
cost(9, 22, 96382).
cost(9, 23, 316024).
cost(9, 24, 457605).
cost(9, 25, 48417).
cost(9, 26, 338107).
cost(10, 1, 407939).
cost(10, 2, 627049).
cost(10, 3, 776055).
cost(10, 4, 483656).
cost(10, 5, 370608).
cost(10, 6, 641241).
cost(10, 7, 798630).
cost(10, 8, 203818).
cost(10, 9, 134554).
cost(10, 11, 204298).
cost(10, 12, 717344).
cost(10, 13, 170481).
cost(10, 14, 725902).
cost(10, 15, 495281).
cost(10, 16, 346174).
cost(10, 17, 790770).
cost(10, 18, 387828).
cost(10, 19, 270846).
cost(10, 20, 648467).
cost(10, 21, 673352).
cost(10, 22, 46715).
cost(10, 23, 355658).
cost(10, 24, 531636).
cost(10, 25, 92412).
cost(10, 26, 229160).
cost(11, 1, 493461).
cost(11, 2, 728746).
cost(11, 3, 980297).
cost(11, 4, 666397).
cost(11, 5, 520962).
cost(11, 6, 812071).
cost(11, 7, 1001453).
cost(11, 8, 272485).
cost(11, 9, 114868).
cost(11, 10, 204298).
cost(11, 12, 898849).
cost(11, 13, 292577).
cost(11, 14, 927437).
cost(11, 15, 699568).
cost(11, 16, 299562).
cost(11, 17, 929103).
cost(11, 18, 469853).
cost(11, 19, 96680).
cost(11, 20, 827773).
cost(11, 21, 857032).
cost(11, 22, 157665).
cost(11, 23, 422617).
cost(11, 24, 543313).
cost(11, 25, 121345).
cost(11, 26, 339969).
cost(12, 1, 530160).
cost(12, 2, 436190).
cost(12, 3, 420098).
cost(12, 4, 233793).
cost(12, 5, 396852).
cost(12, 6, 113491).
cost(12, 7, 506625).
cost(12, 8, 658971).
cost(12, 9, 851878).
cost(12, 10, 717344).
cost(12, 11, 898849).
cost(12, 13, 613552).
cost(12, 14, 253058).
cost(12, 15, 392835).
cost(12, 16, 794671).
cost(12, 17, 293605).
cost(12, 18, 545927).
cost(12, 19, 982570).
cost(12, 20, 72288).
cost(12, 21, 46809).
cost(12, 22, 758950).
cost(12, 23, 933200).
cost(12, 24, 1128216).
cost(12, 25, 808202).
cost(12, 26, 581901).
cost(13, 1, 237458).
cost(13, 2, 459953).
cost(13, 3, 762859).
cost(13, 4, 385786).
cost(13, 5, 228401).
cost(13, 6, 521701).
cost(13, 7, 803297).
cost(13, 8, 68554).
cost(13, 9, 281362).
cost(13, 10, 170481).
cost(13, 11, 292577).
cost(13, 12, 613552).
cost(13, 14, 677884).
cost(13, 15, 490376).
cost(13, 16, 249562).
cost(13, 17, 640512).
cost(13, 18, 217507).
cost(13, 19, 384413).
cost(13, 20, 541584).
cost(13, 21, 573949).
cost(13, 22, 188239).
cost(13, 23, 521452).
cost(13, 24, 701711).
cost(13, 25, 232975).
cost(13, 26, 58760).
cost(14, 1, 680230).
cost(14, 2, 654322).
cost(14, 3, 167048).
cost(14, 4, 323637).
cost(14, 5, 512793).
cost(14, 6, 332986).
cost(14, 7, 254008).
cost(14, 8, 738598).
cost(14, 9, 852681).
cost(14, 10, 725902).
cost(14, 11, 927437).
cost(14, 12, 253058).
cost(14, 13, 677884).
cost(14, 15, 259372).
cost(14, 16, 904110).
cost(14, 17, 546177).
cost(14, 18, 689103).
cost(14, 19, 995490).
cost(14, 20, 273362).
cost(14, 21, 235126).
cost(14, 22, 772221).
cost(14, 23, 844151).
cost(14, 24, 1026224).
cost(14, 25, 817302).
cost(14, 26, 667069).
cost(15, 1, 575110).
cost(15, 2, 642130).
cost(15, 3, 280917).
cost(15, 4, 271931).
cost(15, 5, 402937).
cost(15, 6, 400644).
cost(15, 7, 313006).
cost(15, 8, 557802).
cost(15, 9, 612897).
cost(15, 10, 495281).
cost(15, 11, 699568).
cost(15, 12, 392835).
cost(15, 13, 490376).
cost(15, 14, 259372).
cost(15, 16, 736764).
cost(15, 17, 634445).
cost(15, 18, 575219).
cost(15, 19, 757668).
cost(15, 20, 359838).
cost(15, 21, 349853).
cost(15, 22, 541908).
cost(15, 23, 585179).
cost(15, 24, 769699).
cost(15, 25, 582803).
cost(15, 26, 498765).
cost(16, 1, 280909).
cost(16, 2, 499115).
cost(16, 3, 1003547).
cost(16, 4, 589752).
cost(16, 5, 401769).
cost(16, 6, 688064).
cost(16, 7, 1048762).
cost(16, 8, 181009).
cost(16, 9, 374524).
cost(16, 10, 346174).
cost(16, 11, 299562).
cost(16, 12, 794671).
cost(16, 13, 249562).
cost(16, 14, 904110).
cost(16, 15, 736764).
cost(16, 17, 734328).
cost(16, 18, 259556).
cost(16, 19, 387055).
cost(16, 20, 723372).
cost(16, 21, 762384).
cost(16, 22, 327203).
cost(16, 23, 683252).
cost(16, 24, 831598).
cost(16, 25, 341091).
cost(16, 26, 240049).
cost(17, 1, 455712).
cost(17, 2, 249315).
cost(17, 3, 713010).
cost(17, 4, 381420).
cost(17, 5, 420166).
cost(17, 6, 235121).
cost(17, 7, 798747).
cost(17, 8, 658381).
cost(17, 9, 917899).
cost(17, 10, 790770).
cost(17, 11, 929103).
cost(17, 12, 293605).
cost(17, 13, 640512).
cost(17, 14, 546177).
cost(17, 15, 634445).
cost(17, 16, 734328).
cost(17, 18, 478671).
cost(17, 19, 1023493).
cost(17, 20, 285602).
cost(17, 21, 314625).
cost(17, 22, 821795).
cost(17, 23, 1083157).
cost(17, 24, 1280067).
cost(17, 25, 869784).
cost(17, 26, 589326).
cost(18, 1, 23832).
cost(18, 2, 259276).
cost(18, 3, 812188).
cost(18, 4, 365487).
cost(18, 5, 178863).
cost(18, 6, 435636).
cost(18, 7, 871330).
cost(18, 8, 201174).
cost(18, 9, 488704).
cost(18, 10, 387828).
cost(18, 11, 469853).
cost(18, 12, 545927).
cost(18, 13, 217507).
cost(18, 14, 689103).
cost(18, 15, 575219).
cost(18, 16, 259556).
cost(18, 17, 478671).
cost(18, 19, 566509).
cost(18, 20, 476662).
cost(18, 21, 518157).
cost(18, 22, 401220).
cost(18, 23, 737555).
cost(18, 24, 919218).
cost(18, 25, 441455).
cost(18, 26, 159318).
cost(19, 1, 590101).
cost(19, 2, 825325).
cost(19, 3, 1036295).
cost(19, 4, 749031).
cost(19, 5, 612019).
cost(19, 6, 899555).
cost(19, 7, 1050560).
cost(19, 8, 368530).
cost(19, 9, 144900).
cost(19, 10, 270846).
cost(19, 11, 96680).
cost(19, 12, 982570).
cost(19, 13, 384413).
cost(19, 14, 995490).
cost(19, 15, 757668).
cost(19, 16, 387055).
cost(19, 17, 1023493).
cost(19, 18, 566509).
cost(19, 20, 912287).
cost(19, 21, 939685).
cost(19, 22, 225842).
cost(19, 23, 395400).
cost(19, 24, 484657).
cost(19, 25, 178571).
cost(19, 26, 434192).
cost(20, 1, 461690).
cost(20, 2, 386830).
cost(20, 3, 436434).
cost(20, 4, 165201).
cost(20, 5, 324712).
cost(20, 6, 59772).
cost(20, 7, 519419).
cost(20, 8, 586685).
cost(20, 9, 783011).
cost(20, 10, 648467).
cost(20, 11, 827773).
cost(20, 12, 72288).
cost(20, 13, 541584).
cost(20, 14, 273362).
cost(20, 15, 359838).
cost(20, 16, 723372).
cost(20, 17, 285602).
cost(20, 18, 476662).
cost(20, 19, 912287).
cost(20, 21, 44145).
cost(20, 22, 689423).
cost(20, 23, 876279).
cost(20, 24, 1072493).
cost(20, 25, 738796).
cost(20, 26, 509614).
cost(21, 1, 503732).
cost(21, 2, 430098).
cost(21, 3, 400411).
cost(21, 4, 190740).
cost(21, 5, 361913).
cost(21, 6, 101853).
cost(21, 7, 484985).
cost(21, 8, 621538).
cost(21, 9, 807807).
cost(21, 10, 673352).
cost(21, 11, 857032).
cost(21, 12, 46809).
cost(21, 13, 573949).
cost(21, 14, 235126).
cost(21, 15, 349853).
cost(21, 16, 762384).
cost(21, 17, 314625).
cost(21, 18, 518157).
cost(21, 19, 939685).
cost(21, 20, 44145).
cost(21, 22, 715441).
cost(21, 23, 886393).
cost(21, 24, 1081445).
cost(21, 25, 764563).
cost(21, 26, 544614).
cost(22, 1, 422615).
cost(22, 2, 648188).
cost(22, 3, 822635).
cost(22, 4, 525160).
cost(22, 5, 402539).
cost(22, 6, 680036).
cost(22, 7, 844578).
cost(22, 8, 206506).
cost(22, 9, 96382).
cost(22, 10, 46715).
cost(22, 11, 157665).
cost(22, 12, 758950).
cost(22, 13, 188239).
cost(22, 14, 772221).
cost(22, 15, 541908).
cost(22, 16, 327203).
cost(22, 17, 821795).
cost(22, 18, 401220).
cost(22, 19, 225842).
cost(22, 20, 689423).
cost(22, 21, 715441).
cost(22, 23, 359614).
cost(22, 24, 524974).
cost(22, 25, 49524).
cost(22, 26, 246271).
cost(23, 1, 755884).
cost(23, 2, 959226).
cost(23, 3, 821474).
cost(23, 4, 720410).
cost(23, 5, 678826).
cost(23, 6, 889926).
cost(23, 7, 804988).
cost(23, 8, 559386).
cost(23, 9, 316024).
cost(23, 10, 355658).
cost(23, 11, 422617).
cost(23, 12, 933200).
cost(23, 13, 521452).
cost(23, 14, 844151).
cost(23, 15, 585179).
cost(23, 16, 683252).
cost(23, 17, 1083157).
cost(23, 18, 737555).
cost(23, 19, 395400).
cost(23, 20, 876279).
cost(23, 21, 886393).
cost(23, 22, 359614).
cost(23, 24, 197435).
cost(23, 25, 342591).
cost(23, 26, 578508).
cost(24, 1, 938856).
cost(24, 2, 1149713).
cost(24, 3, 986983).
cost(24, 4, 917617).
cost(24, 5, 872809).
cost(24, 6, 1087096).
cost(24, 7, 959416).
cost(24, 8, 731097).
cost(24, 9, 457605).
cost(24, 10, 531636).
cost(24, 11, 543313).
cost(24, 12, 1128216).
cost(24, 13, 701711).
cost(24, 14, 1026224).
cost(24, 15, 769699).
cost(24, 16, 831598).
cost(24, 17, 1280067).
cost(24, 18, 919218).
cost(24, 19, 484657).
cost(24, 20, 1072493).
cost(24, 21, 1081445).
cost(24, 22, 524974).
cost(24, 23, 197435).
cost(24, 25, 495936).
cost(24, 26, 760073).
cost(25, 1, 463494).
cost(25, 2, 691997).
cost(25, 3, 862863).
cost(25, 4, 574410).
cost(25, 5, 451104).
cost(25, 6, 729559).
cost(25, 7, 881701).
cost(25, 8, 242585).
cost(25, 9, 48417).
cost(25, 10, 92412).
cost(25, 11, 121345).
cost(25, 12, 808202).
cost(25, 13, 232975).
cost(25, 14, 817302).
cost(25, 15, 582803).
cost(25, 16, 341091).
cost(25, 17, 869784).
cost(25, 18, 441455).
cost(25, 19, 178571).
cost(25, 20, 738796).
cost(25, 21, 764563).
cost(25, 22, 49524).
cost(25, 23, 342591).
cost(25, 24, 495936).
cost(25, 26, 289875).
cost(26, 1, 178847).
cost(26, 2, 402189).
cost(26, 3, 763502).
cost(26, 4, 361244).
cost(26, 5, 187547).
cost(26, 6, 484611).
cost(26, 7, 809680).
cost(26, 8, 77081).
cost(26, 9, 338107).
cost(26, 10, 229160).
cost(26, 11, 339969).
cost(26, 12, 581901).
cost(26, 13, 58760).
cost(26, 14, 667069).
cost(26, 15, 498765).
cost(26, 16, 240049).
cost(26, 17, 589326).
cost(26, 18, 159318).
cost(26, 19, 434192).
cost(26, 20, 509614).
cost(26, 21, 544614).
cost(26, 22, 246271).
cost(26, 23, 578508).
cost(26, 24, 760073).
cost(26, 25, 289875).
