dimension(29).
point(1, 269743.0, -76663.0).
point(2, -106380.0, -20325.0).
point(3, -510238.0, 209690.0).
point(4, 153990.0, 34048.0).
point(5, 93484.0, 365909.0).
point(6, -86375.0, -224495.0).
point(7, 3734.0, 8765.0).
point(8, -52961.0, -715664.0).
point(9, 93139.0, 190174.0).
point(10, 116917.0, -105121.0).
point(11, -117525.0, 25043.0).
point(12, 76258.0, -133542.0).
point(13, -196185.0, -110324.0).
point(14, -135971.0, 75920.0).
point(15, 384296.0, -356932.0).
point(16, 105799.0, -155521.0).
point(17, 163276.0, 154874.0).
point(18, 64360.0, 131750.0).
point(19, -86169.0, -203450.0).
point(20, 118360.0, -173281.0).
point(21, -104276.0, 184850.0).
point(22, -132527.0, -399160.0).
point(23, -159921.0, -61142.0).
point(24, -12885.0, -198157.0).
point(25, 77934.0, -95343.0).
point(26, 438640.0, -259820.0).
point(27, -394507.0, 38675.0).
point(28, -168381.0, -147054.0).
point(29, -96118.0, 358463.0).
cost(1, 2, 380319).
cost(1, 3, 830884).
cost(1, 4, 160174).
cost(1, 5, 476379).
cost(1, 6, 385583).
cost(1, 7, 279390).
cost(1, 8, 715863).
cost(1, 9, 319986).
cost(1, 10, 155453).
cost(1, 11, 400401).
cost(1, 12, 201672).
cost(1, 13, 467142).
cost(1, 14, 433458).
cost(1, 15, 302776).
cost(1, 16, 181924).
cost(1, 17, 254842).
cost(1, 18, 292606).
cost(1, 19, 377820).
cost(1, 20, 179588).
cost(1, 21, 456376).
cost(1, 22, 515583).
cost(1, 23, 429944).
cost(1, 24, 307635).
cost(1, 25, 192716).
cost(1, 26, 249144).
cost(1, 27, 674189).
cost(1, 28, 443743).
cost(1, 29, 568497).
cost(2, 1, 380319).
cost(2, 3, 464767).
cost(2, 4, 265987).
cost(2, 5, 434882).
cost(2, 6, 205148).
cost(2, 7, 113892).
cost(2, 8, 697388).
cost(2, 9, 290030).
cost(2, 10, 238855).
cost(2, 11, 46717).
cost(2, 12, 214883).
cost(2, 13, 127141).
cost(2, 14, 100691).
cost(2, 15, 595035).
cost(2, 16, 251591).
cost(2, 17, 321573).
cost(2, 18, 228646).
cost(2, 19, 184237).
cost(2, 20, 271852).
cost(2, 21, 205186).
cost(2, 22, 379736).
cost(2, 23, 67325).
cost(2, 24, 200912).
cost(2, 25, 198996).
cost(2, 26, 595319).
cost(2, 27, 294106).
cost(2, 28, 141083).
cost(2, 29, 378927).
cost(3, 1, 830884).
cost(3, 2, 464767).
cost(3, 4, 687058).
cost(3, 5, 623606).
cost(3, 6, 606775).
cost(3, 7, 551850).
cost(3, 8, 1032174).
cost(3, 9, 603693).
cost(3, 10, 701733).
cost(3, 11, 433956).
cost(3, 12, 679548).
cost(3, 13, 448373).
cost(3, 14, 397455).
cost(3, 15, 1058892).
cost(3, 16, 716157).
cost(3, 17, 675741).
cost(3, 18, 579860).
cost(3, 19, 592047).
cost(3, 20, 736072).
cost(3, 21, 406721).
cost(3, 22, 716494).
cost(3, 23, 442800).
cost(3, 24, 643195).
cost(3, 25, 662564).
cost(3, 26, 1058683).
cost(3, 27, 206494).
cost(3, 28, 494098).
cost(3, 29, 440033).
cost(4, 1, 160174).
cost(4, 2, 265987).
cost(4, 3, 687058).
cost(4, 5, 337332).
cost(4, 6, 353015).
cost(4, 7, 152368).
cost(4, 8, 777751).
cost(4, 9, 167565).
cost(4, 10, 144022).
cost(4, 11, 271664).
cost(4, 12, 184739).
cost(4, 13, 378769).
cost(4, 14, 292969).
cost(4, 15, 453769).
cost(4, 16, 195599).
cost(4, 17, 121182).
cost(4, 18, 132587).
cost(4, 19, 337760).
cost(4, 20, 210368).
cost(4, 21, 299070).
cost(4, 22, 519385).
cost(4, 23, 328026).
cost(4, 24, 285948).
cost(4, 25, 150088).
cost(4, 26, 409126).
cost(4, 27, 548517).
cost(4, 28, 369758).
cost(4, 29, 409633).
cost(5, 1, 476379).
cost(5, 2, 434882).
cost(5, 3, 623606).
cost(5, 4, 337332).
cost(5, 6, 617192).
cost(5, 7, 368248).
cost(5, 8, 1091442).
cost(5, 9, 175735).
cost(5, 10, 471613).
cost(5, 11, 400892).
cost(5, 12, 499748).
cost(5, 13, 557410).
cost(5, 14, 369788).
cost(5, 15, 779147).
cost(5, 16, 521575).
cost(5, 17, 222276).
cost(5, 18, 235963).
cost(5, 19, 597030).
cost(5, 20, 539764).
cost(5, 21, 268126).
cost(5, 22, 797754).
cost(5, 23, 496575).
cost(5, 24, 574008).
cost(5, 25, 461514).
cost(5, 26, 714611).
cost(5, 27, 587552).
cost(5, 28, 575938).
cost(5, 29, 189748).
cost(6, 1, 385583).
cost(6, 2, 205148).
cost(6, 3, 606775).
cost(6, 4, 353015).
cost(6, 5, 617192).
cost(6, 7, 250060).
cost(6, 8, 492304).
cost(6, 9, 451858).
cost(6, 10, 235749).
cost(6, 11, 251475).
cost(6, 12, 186338).
cost(6, 13, 158409).
cost(6, 14, 304481).
cost(6, 15, 488949).
cost(6, 16, 204177).
cost(6, 17, 454144).
cost(6, 18, 386822).
cost(6, 19, 21046).
cost(6, 20, 211043).
cost(6, 21, 409736).
cost(6, 22, 180660).
cost(6, 23, 179146).
cost(6, 24, 78067).
cost(6, 25, 208992).
cost(6, 26, 526202).
cost(6, 27, 405221).
cost(6, 28, 112792).
cost(6, 29, 583039).
cost(7, 1, 279390).
cost(7, 2, 113892).
cost(7, 3, 551850).
cost(7, 4, 152368).
cost(7, 5, 368248).
cost(7, 6, 250060).
cost(7, 8, 726644).
cost(7, 9, 202244).
cost(7, 10, 160563).
cost(7, 11, 122347).
cost(7, 12, 159722).
cost(7, 13, 232701).
cost(7, 14, 155007).
cost(7, 15, 527789).
cost(7, 16, 193409).
cost(7, 17, 216337).
cost(7, 18, 137116).
cost(7, 19, 230473).
cost(7, 20, 215128).
cost(7, 21, 206572).
cost(7, 22, 430081).
cost(7, 23, 177961).
cost(7, 24, 207588).
cost(7, 25, 127844).
cost(7, 26, 511157).
cost(7, 27, 399363).
cost(7, 28, 232170).
cost(7, 29, 363674).
cost(8, 1, 715863).
cost(8, 2, 697388).
cost(8, 3, 1032174).
cost(8, 4, 777751).
cost(8, 5, 1091442).
cost(8, 6, 492304).
cost(8, 7, 726644).
cost(8, 9, 917544).
cost(8, 10, 633736).
cost(8, 11, 743516).
cost(8, 12, 596292).
cost(8, 13, 622053).
cost(8, 14, 795925).
cost(8, 15, 565581).
cost(8, 16, 582207).
cost(8, 17, 896992).
cost(8, 18, 855497).
cost(8, 19, 513289).
cost(8, 20, 568797).
cost(8, 21, 901975).
cost(8, 22, 326352).
cost(8, 23, 663204).
cost(8, 24, 519056).
cost(8, 25, 633981).
cost(8, 26, 670422).
cost(8, 27, 828059).
cost(8, 28, 580206).
cost(8, 29, 1074994).
cost(9, 1, 319986).
cost(9, 2, 290030).
cost(9, 3, 603693).
cost(9, 4, 167565).
cost(9, 5, 175735).
cost(9, 6, 451858).
cost(9, 7, 202244).
cost(9, 8, 917544).
cost(9, 10, 296251).
cost(9, 11, 267671).
cost(9, 12, 324156).
cost(9, 13, 417142).
cost(9, 14, 256018).
cost(9, 15, 619756).
cost(9, 16, 345927).
cost(9, 17, 78519).
cost(9, 18, 65128).
cost(9, 19, 432540).
cost(9, 20, 364329).
cost(9, 21, 197487).
cost(9, 22, 631062).
cost(9, 23, 356650).
cost(9, 24, 402544).
cost(9, 25, 285922).
cost(9, 26, 567332).
cost(9, 27, 510637).
cost(9, 28, 426750).
cost(9, 29, 253258).
cost(10, 1, 155453).
cost(10, 2, 238855).
cost(10, 3, 701733).
cost(10, 4, 144022).
cost(10, 5, 471613).
cost(10, 6, 235749).
cost(10, 7, 160563).
cost(10, 8, 633736).
cost(10, 9, 296251).
cost(10, 11, 268152).
cost(10, 12, 49608).
cost(10, 13, 313145).
cost(10, 14, 311012).
cost(10, 15, 367288).
cost(10, 16, 51612).
cost(10, 17, 264096).
cost(10, 18, 242632).
cost(10, 19, 225638).
cost(10, 20, 68175).
cost(10, 21, 364705).
cost(10, 22, 385592).
cost(10, 23, 280310).
cost(10, 24, 159701).
cost(10, 25, 40191).
cost(10, 26, 356984).
cost(10, 27, 531255).
cost(10, 28, 288363).
cost(10, 29, 510190).
cost(11, 1, 400401).
cost(11, 2, 46717).
cost(11, 3, 433956).
cost(11, 4, 271664).
cost(11, 5, 400892).
cost(11, 6, 251475).
cost(11, 7, 122347).
cost(11, 8, 743516).
cost(11, 9, 267671).
cost(11, 10, 268152).
cost(11, 12, 250402).
cost(11, 13, 156562).
cost(11, 14, 54118).
cost(11, 15, 630658).
cost(11, 16, 287188).
cost(11, 17, 309363).
cost(11, 18, 210876).
cost(11, 19, 230634).
cost(11, 20, 308179).
cost(11, 21, 160355).
cost(11, 22, 424468).
cost(11, 23, 96048).
cost(11, 24, 246511).
cost(11, 25, 229558).
cost(11, 26, 624873).
cost(11, 27, 277317).
cost(11, 28, 179454).
cost(11, 29, 334107).
cost(12, 1, 201672).
cost(12, 2, 214883).
cost(12, 3, 679548).
cost(12, 4, 184739).
cost(12, 5, 499748).
cost(12, 6, 186338).
cost(12, 7, 159722).
cost(12, 8, 596292).
cost(12, 9, 324156).
cost(12, 10, 49608).
cost(12, 11, 250402).
cost(12, 13, 273431).
cost(12, 14, 298187).
cost(12, 15, 380513).
cost(12, 16, 36820).
cost(12, 17, 301257).
cost(12, 18, 265559).
cost(12, 19, 176832).
cost(12, 20, 57894).
cost(12, 21, 366014).
cost(12, 22, 337852).
cost(12, 23, 247027).
cost(12, 24, 110098).
cost(12, 25, 38236).
cost(12, 26, 383754).
cost(12, 27, 501277).
cost(12, 28, 245012).
cost(12, 29, 521328).
cost(13, 1, 467142).
cost(13, 2, 127141).
cost(13, 3, 448373).
cost(13, 4, 378769).
cost(13, 5, 557410).
cost(13, 6, 158409).
cost(13, 7, 232701).
cost(13, 8, 622053).
cost(13, 9, 417142).
cost(13, 10, 313145).
cost(13, 11, 156562).
cost(13, 12, 273431).
cost(13, 14, 195736).
cost(13, 15, 630693).
cost(13, 16, 305348).
cost(13, 17, 446701).
cost(13, 18, 355645).
cost(13, 19, 144139).
cost(13, 20, 320784).
cost(13, 21, 309152).
cost(13, 22, 295768).
cost(13, 23, 61106).
cost(13, 24, 203257).
cost(13, 25, 274528).
cost(13, 26, 652190).
cost(13, 27, 248057).
cost(13, 28, 46067).
cost(13, 29, 479348).
cost(14, 1, 433458).
cost(14, 2, 100691).
cost(14, 3, 397455).
cost(14, 4, 292969).
cost(14, 5, 369788).
cost(14, 6, 304481).
cost(14, 7, 155007).
cost(14, 8, 795925).
cost(14, 9, 256018).
cost(14, 10, 311012).
cost(14, 11, 54118).
cost(14, 12, 298187).
cost(14, 13, 195736).
cost(14, 15, 676785).
cost(14, 16, 334690).
cost(14, 17, 309487).
cost(14, 18, 207965).
cost(14, 19, 283774).
cost(14, 20, 356069).
cost(14, 21, 113447).
cost(14, 22, 475092).
cost(14, 23, 139139).
cost(14, 24, 300447).
cost(14, 25, 274019).
cost(14, 26, 665507).
cost(14, 27, 261205).
cost(14, 28, 225317).
cost(14, 29, 285340).
cost(15, 1, 302776).
cost(15, 2, 595035).
cost(15, 3, 1058892).
cost(15, 4, 453769).
cost(15, 5, 779147).
cost(15, 6, 488949).
cost(15, 7, 527789).
cost(15, 8, 565581).
cost(15, 9, 619756).
cost(15, 10, 367288).
cost(15, 11, 630658).
cost(15, 12, 380513).
cost(15, 13, 630693).
cost(15, 14, 676785).
cost(15, 16, 343696).
cost(15, 17, 557490).
cost(15, 18, 584097).
cost(15, 19, 494868).
cost(15, 20, 323187).
cost(15, 21, 729541).
cost(15, 22, 518545).
cost(15, 23, 619406).
cost(15, 24, 427741).
cost(15, 25, 402848).
cost(15, 26, 111283).
cost(15, 27, 873521).
cost(15, 28, 591186).
cost(15, 29, 861735).
cost(16, 1, 181924).
cost(16, 2, 251591).
cost(16, 3, 716157).
cost(16, 4, 195599).
cost(16, 5, 521575).
cost(16, 6, 204177).
cost(16, 7, 193409).
cost(16, 8, 582207).
cost(16, 9, 345927).
cost(16, 10, 51612).
cost(16, 11, 287188).
cost(16, 12, 36820).
cost(16, 13, 305348).
cost(16, 14, 334690).
cost(16, 15, 343696).
cost(16, 17, 315672).
cost(16, 18, 290244).
cost(16, 19, 197861).
cost(16, 20, 21753).
cost(16, 21, 399980).
cost(16, 22, 340821).
cost(16, 23, 281983).
cost(16, 24, 126110).
cost(16, 25, 66316).
cost(16, 26, 348800).
cost(16, 27, 536673).
cost(16, 28, 274311).
cost(16, 29, 552223).
cost(17, 1, 254842).
cost(17, 2, 321573).
cost(17, 3, 675741).
cost(17, 4, 121182).
cost(17, 5, 222276).
cost(17, 6, 454144).
cost(17, 7, 216337).
cost(17, 8, 896992).
cost(17, 9, 78519).
cost(17, 10, 264096).
cost(17, 11, 309363).
cost(17, 12, 301257).
cost(17, 13, 446701).
cost(17, 14, 309487).
cost(17, 15, 557490).
cost(17, 16, 315672).
cost(17, 18, 101583).
cost(17, 19, 436599).
cost(17, 20, 331215).
cost(17, 21, 269226).
cost(17, 22, 628055).
cost(17, 23, 388741).
cost(17, 24, 394542).
cost(17, 25, 264371).
cost(17, 26, 497792).
cost(17, 27, 569758).
cost(17, 28, 448505).
cost(17, 29, 329748).
cost(18, 1, 292606).
cost(18, 2, 228646).
cost(18, 3, 579860).
cost(18, 4, 132587).
cost(18, 5, 235963).
cost(18, 6, 386822).
cost(18, 7, 137116).
cost(18, 8, 855497).
cost(18, 9, 65128).
cost(18, 10, 242632).
cost(18, 11, 210876).
cost(18, 12, 265559).
cost(18, 13, 355645).
cost(18, 14, 207965).
cost(18, 15, 584097).
cost(18, 16, 290244).
cost(18, 17, 101583).
cost(18, 19, 367448).
cost(18, 20, 309774).
cost(18, 21, 176799).
cost(18, 22, 566242).
cost(18, 23, 295820).
cost(18, 24, 338829).
cost(18, 25, 227498).
cost(18, 26, 541676).
cost(18, 27, 468211).
cost(18, 28, 363180).
cost(18, 29, 277762).
cost(19, 1, 377820).
cost(19, 2, 184237).
cost(19, 3, 592047).
cost(19, 4, 337760).
cost(19, 5, 597030).
cost(19, 6, 21046).
cost(19, 7, 230473).
cost(19, 8, 513289).
cost(19, 9, 432540).
cost(19, 10, 225638).
cost(19, 11, 230634).
cost(19, 12, 176832).
cost(19, 13, 144139).
cost(19, 14, 283774).
cost(19, 15, 494868).
cost(19, 16, 197861).
cost(19, 17, 436599).
cost(19, 18, 367448).
cost(19, 20, 206742).
cost(19, 21, 388722).
cost(19, 22, 201126).
cost(19, 23, 160284).
cost(19, 24, 73475).
cost(19, 25, 196512).
cost(19, 26, 527828).
cost(19, 27, 392042).
cost(19, 28, 99696).
cost(19, 29, 562001).
cost(20, 1, 179588).
cost(20, 2, 271852).
cost(20, 3, 736072).
cost(20, 4, 210368).
cost(20, 5, 539764).
cost(20, 6, 211043).
cost(20, 7, 215128).
cost(20, 8, 568797).
cost(20, 9, 364329).
cost(20, 10, 68175).
cost(20, 11, 308179).
cost(20, 12, 57894).
cost(20, 13, 320784).
cost(20, 14, 356069).
cost(20, 15, 323187).
cost(20, 16, 21753).
cost(20, 17, 331215).
cost(20, 18, 309774).
cost(20, 19, 206742).
cost(20, 21, 421693).
cost(20, 22, 337588).
cost(20, 23, 300026).
cost(20, 24, 133582).
cost(20, 25, 87799).
cost(20, 26, 331765).
cost(20, 27, 554940).
cost(20, 28, 287938).
cost(20, 29, 573369).
cost(21, 1, 456376).
cost(21, 2, 205186).
cost(21, 3, 406721).
cost(21, 4, 299070).
cost(21, 5, 268126).
cost(21, 6, 409736).
cost(21, 7, 206572).
cost(21, 8, 901975).
cost(21, 9, 197487).
cost(21, 10, 364705).
cost(21, 11, 160355).
cost(21, 12, 366014).
cost(21, 13, 309152).
cost(21, 14, 113447).
cost(21, 15, 729541).
cost(21, 16, 399980).
cost(21, 17, 269226).
cost(21, 18, 176799).
cost(21, 19, 388722).
cost(21, 20, 421693).
cost(21, 22, 584693).
cost(21, 23, 252207).
cost(21, 24, 393760).
cost(21, 25, 334228).
cost(21, 26, 701776).
cost(21, 27, 324963).
cost(21, 28, 338038).
cost(21, 29, 173805).
cost(22, 1, 515583).
cost(22, 2, 379736).
cost(22, 3, 716494).
cost(22, 4, 519385).
cost(22, 5, 797754).
cost(22, 6, 180660).
cost(22, 7, 430081).
cost(22, 8, 326352).
cost(22, 9, 631062).
cost(22, 10, 385592).
cost(22, 11, 424468).
cost(22, 12, 337852).
cost(22, 13, 295768).
cost(22, 14, 475092).
cost(22, 15, 518545).
cost(22, 16, 340821).
cost(22, 17, 628055).
cost(22, 18, 566242).
cost(22, 19, 201126).
cost(22, 20, 337588).
cost(22, 21, 584693).
cost(22, 23, 339126).
cost(22, 24, 233915).
cost(22, 25, 369592).
cost(22, 26, 587918).
cost(22, 27, 510228).
cost(22, 28, 254643).
cost(22, 29, 758497).
cost(23, 1, 429944).
cost(23, 2, 67325).
cost(23, 3, 442800).
cost(23, 4, 328026).
cost(23, 5, 496575).
cost(23, 6, 179146).
cost(23, 7, 177961).
cost(23, 8, 663204).
cost(23, 9, 356650).
cost(23, 10, 280310).
cost(23, 11, 96048).
cost(23, 12, 247027).
cost(23, 13, 61106).
cost(23, 14, 139139).
cost(23, 15, 619406).
cost(23, 16, 281983).
cost(23, 17, 388741).
cost(23, 18, 295820).
cost(23, 19, 160284).
cost(23, 20, 300026).
cost(23, 21, 252207).
cost(23, 22, 339126).
cost(23, 24, 200979).
cost(23, 25, 240301).
cost(23, 26, 630673).
cost(23, 27, 254939).
cost(23, 28, 86328).
cost(23, 29, 424428).
cost(24, 1, 307635).
cost(24, 2, 200912).
cost(24, 3, 643195).
cost(24, 4, 285948).
cost(24, 5, 574008).
cost(24, 6, 78067).
cost(24, 7, 207588).
cost(24, 8, 519056).
cost(24, 9, 402544).
cost(24, 10, 159701).
cost(24, 11, 246511).
cost(24, 12, 110098).
cost(24, 13, 203257).
cost(24, 14, 300447).
cost(24, 15, 427741).
cost(24, 16, 126110).
cost(24, 17, 394542).
cost(24, 18, 338829).
cost(24, 19, 73475).
cost(24, 20, 133582).
cost(24, 21, 393760).
cost(24, 22, 233915).
cost(24, 23, 200979).
cost(24, 25, 137182).
cost(24, 26, 455716).
cost(24, 27, 449138).
cost(24, 28, 163678).
cost(24, 29, 562809).
cost(25, 1, 192716).
cost(25, 2, 198996).
cost(25, 3, 662564).
cost(25, 4, 150088).
cost(25, 5, 461514).
cost(25, 6, 208992).
cost(25, 7, 127844).
cost(25, 8, 633981).
cost(25, 9, 285922).
cost(25, 10, 40191).
cost(25, 11, 229558).
cost(25, 12, 38236).
cost(25, 13, 274528).
cost(25, 14, 274019).
cost(25, 15, 402848).
cost(25, 16, 66316).
cost(25, 17, 264371).
cost(25, 18, 227498).
cost(25, 19, 196512).
cost(25, 20, 87799).
cost(25, 21, 334228).
cost(25, 22, 369592).
cost(25, 23, 240301).
cost(25, 24, 137182).
cost(25, 26, 396436).
cost(25, 27, 491082).
cost(25, 28, 251685).
cost(25, 29, 486039).
cost(26, 1, 249144).
cost(26, 2, 595319).
cost(26, 3, 1058683).
cost(26, 4, 409126).
cost(26, 5, 714611).
cost(26, 6, 526202).
cost(26, 7, 511157).
cost(26, 8, 670422).
cost(26, 9, 567332).
cost(26, 10, 356984).
cost(26, 11, 624873).
cost(26, 12, 383754).
cost(26, 13, 652190).
cost(26, 14, 665507).
cost(26, 15, 111283).
cost(26, 16, 348800).
cost(26, 17, 497792).
cost(26, 18, 541676).
cost(26, 19, 527828).
cost(26, 20, 331765).
cost(26, 21, 701776).
cost(26, 22, 587918).
cost(26, 23, 630673).
cost(26, 24, 455716).
cost(26, 25, 396436).
cost(26, 27, 885005).
cost(26, 28, 617406).
cost(26, 29, 817459).
cost(27, 1, 674189).
cost(27, 2, 294106).
cost(27, 3, 206494).
cost(27, 4, 548517).
cost(27, 5, 587552).
cost(27, 6, 405221).
cost(27, 7, 399363).
cost(27, 8, 828059).
cost(27, 9, 510637).
cost(27, 10, 531255).
cost(27, 11, 277317).
cost(27, 12, 501277).
cost(27, 13, 248057).
cost(27, 14, 261205).
cost(27, 15, 873521).
cost(27, 16, 536673).
cost(27, 17, 569758).
cost(27, 18, 468211).
cost(27, 19, 392042).
cost(27, 20, 554940).
cost(27, 21, 324963).
cost(27, 22, 510228).
cost(27, 23, 254939).
cost(27, 24, 449138).
cost(27, 25, 491082).
cost(27, 26, 885005).
cost(27, 28, 292623).
cost(27, 29, 437379).
cost(28, 1, 443743).
cost(28, 2, 141083).
cost(28, 3, 494098).
cost(28, 4, 369758).
cost(28, 5, 575938).
cost(28, 6, 112792).
cost(28, 7, 232170).
cost(28, 8, 580206).
cost(28, 9, 426750).
cost(28, 10, 288363).
cost(28, 11, 179454).
cost(28, 12, 245012).
cost(28, 13, 46067).
cost(28, 14, 225317).
cost(28, 15, 591186).
cost(28, 16, 274311).
cost(28, 17, 448505).
cost(28, 18, 363180).
cost(28, 19, 99696).
cost(28, 20, 287938).
cost(28, 21, 338038).
cost(28, 22, 254643).
cost(28, 23, 86328).
cost(28, 24, 163678).
cost(28, 25, 251685).
cost(28, 26, 617406).
cost(28, 27, 292623).
cost(28, 29, 510656).
cost(29, 1, 568497).
cost(29, 2, 378927).
cost(29, 3, 440033).
cost(29, 4, 409633).
cost(29, 5, 189748).
cost(29, 6, 583039).
cost(29, 7, 363674).
cost(29, 8, 1074994).
cost(29, 9, 253258).
cost(29, 10, 510190).
cost(29, 11, 334107).
cost(29, 12, 521328).
cost(29, 13, 479348).
cost(29, 14, 285340).
cost(29, 15, 861735).
cost(29, 16, 552223).
cost(29, 17, 329748).
cost(29, 18, 277762).
cost(29, 19, 562001).
cost(29, 20, 573369).
cost(29, 21, 173805).
cost(29, 22, 758497).
cost(29, 23, 424428).
cost(29, 24, 562809).
cost(29, 25, 486039).
cost(29, 26, 817459).
cost(29, 27, 437379).
cost(29, 28, 510656).
nocross(1,14).
nocross(1,16).
nocross(1,17).
nocross(1,20).
nocross(2,7).
nocross(2,16).
nocross(2,18).
nocross(2,19).
nocross(2,20).
nocross(2,22).
nocross(2,23).
nocross(2,24).
nocross(2,27).
nocross(2,29).
nocross(4,1).
nocross(4,7).
nocross(4,9).
nocross(4,17).
nocross(4,18).
nocross(4,20).
nocross(4,21).
nocross(4,25).
nocross(5,2).
nocross(5,9).
nocross(5,11).
nocross(5,17).
nocross(5,18).
nocross(5,26).
nocross(5,29).
nocross(7,2).
nocross(7,13).
nocross(7,14).
nocross(7,16).
nocross(7,18).
nocross(7,23).
nocross(7,24).
nocross(7,25).
nocross(7,27).
nocross(7,29).
nocross(9,2).
nocross(9,4).
nocross(9,5).
nocross(9,11).
nocross(9,16).
nocross(9,17).
nocross(9,18).
nocross(9,20).
nocross(9,25).
nocross(9,29).
nocross(10,11).
nocross(10,16).
nocross(10,17).
nocross(10,18).
nocross(10,20).
nocross(10,25).
nocross(11,21).
nocross(11,22).
nocross(12,2).
nocross(12,16).
nocross(12,19).
nocross(12,20).
nocross(12,23).
nocross(12,24).
nocross(12,25).
nocross(13,2).
nocross(13,7).
nocross(13,11).
nocross(13,16).
nocross(13,19).
nocross(13,20).
nocross(13,22).
nocross(13,23).
nocross(13,24).
nocross(13,25).
nocross(13,27).
nocross(13,28).
nocross(14,22).
nocross(16,10).
nocross(16,17).
nocross(16,18).
nocross(16,19).
nocross(16,20).
nocross(16,25).
nocross(17,1).
nocross(17,4).
nocross(17,9).
nocross(17,18).
nocross(17,21).
nocross(17,25).
nocross(18,2).
nocross(18,7).
nocross(18,11).
nocross(18,21).
nocross(18,25).
nocross(18,29).
nocross(19,2).
nocross(19,7).
nocross(19,13).
nocross(19,16).
nocross(19,18).
nocross(19,20).
nocross(19,23).
nocross(19,24).
nocross(19,25).
nocross(19,27).
nocross(19,28).
nocross(19,29).
nocross(20,16).
nocross(20,18).
nocross(20,24).
nocross(20,25).
nocross(23,2).
nocross(23,7).
nocross(23,11).
nocross(23,13).
nocross(23,14).
nocross(23,16).
nocross(23,19).
nocross(23,20).
nocross(23,22).
nocross(23,24).
nocross(23,25).
nocross(23,27).
nocross(23,28).
nocross(24,2).
nocross(24,7).
nocross(24,13).
nocross(24,16).
nocross(24,18).
nocross(24,19).
nocross(24,20).
nocross(24,23).
nocross(24,28).
nocross(25,11).
nocross(25,16).
nocross(25,17).
nocross(25,18).
nocross(25,20).
nocross(27,2).
nocross(27,13).
nocross(27,14).
nocross(27,16).
nocross(27,19).
nocross(27,20).
nocross(27,21).
nocross(27,24).
nocross(27,28).
nocross(27,29).
nocross(28,13).
nocross(28,14).
nocross(28,18).
nocross(28,19).
nocross(28,20).
nocross(28,22).
nocross(28,23).
nocross(28,24).
nocross(28,25).
nocross(28,27).
nocross(28,29).
nocross(29,2).
nocross(29,7).
nocross(29,9).
nocross(29,18).
nocross(29,21).
nocross(29,27).
