dimension(29).
point(1, 401237.0, -199519.0).
point(2, -111366.0, -108083.0).
point(3, 313360.0, 192684.0).
point(4, 223353.0, -83805.0).
point(5, 270379.0, 148666.0).
point(6, -58472.0, 395765.0).
point(7, 421150.0, 174488.0).
point(8, -240295.0, 339486.0).
point(9, 132172.0, 167487.0).
point(10, 824.0, -229584.0).
point(11, -129899.0, 177297.0).
point(12, 218839.0, 215732.0).
point(13, -100192.0, 79817.0).
point(14, -55030.0, -192277.0).
point(15, -284633.0, -245636.0).
point(16, 72358.0, -320343.0).
point(17, -1812.0, 79439.0).
point(18, -305162.0, -67399.0).
point(19, -139099.0, 8989.0).
point(20, -420337.0, 105630.0).
point(21, 301700.0, 205764.0).
point(22, -374746.0, -41213.0).
point(23, -104877.0, -61715.0).
point(24, 406181.0, 90984.0).
point(25, -369041.0, -106850.0).
point(26, 119447.0, -241686.0).
point(27, -72145.0, -107339.0).
point(28, 279091.0, -106943.0).
point(29, 151532.0, 225157.0).
cost(1, 2, 520694).
cost(1, 3, 401927).
cost(1, 4, 212208).
cost(1, 5, 371963).
cost(1, 6, 752127).
cost(1, 7, 374537).
cost(1, 8, 837908).
cost(1, 9, 455071).
cost(1, 10, 401540).
cost(1, 11, 651226).
cost(1, 12, 453544).
cost(1, 13, 573986).
cost(1, 14, 456324).
cost(1, 15, 687419).
cost(1, 16, 350371).
cost(1, 17, 490169).
cost(1, 18, 718648).
cost(1, 19, 579171).
cost(1, 20, 876413).
cost(1, 21, 417327).
cost(1, 22, 791966).
cost(1, 23, 524539).
cost(1, 24, 290545).
cost(1, 25, 775832).
cost(1, 26, 284927).
cost(1, 27, 482273).
cost(1, 28, 153264).
cost(1, 29, 492648).
cost(2, 1, 520694).
cost(2, 3, 520435).
cost(2, 4, 335598).
cost(2, 5, 460054).
cost(2, 6, 506617).
cost(2, 7, 602843).
cost(2, 8, 465769).
cost(2, 9, 367763).
cost(2, 10, 165376).
cost(2, 11, 285981).
cost(2, 12, 462484).
cost(2, 13, 188232).
cost(2, 14, 101303).
cost(2, 15, 221229).
cost(2, 16, 280729).
cost(2, 17, 217179).
cost(2, 18, 198020).
cost(2, 19, 120312).
cost(2, 20, 375681).
cost(2, 21, 518771).
cost(2, 22, 271736).
cost(2, 23, 46820).
cost(2, 24, 554511).
cost(2, 25, 257678).
cost(2, 26, 266692).
cost(2, 27, 39228).
cost(2, 28, 390459).
cost(2, 29, 424458).
cost(3, 1, 401927).
cost(3, 2, 520435).
cost(3, 4, 290770).
cost(3, 5, 61522).
cost(3, 6, 423675).
cost(3, 7, 109315).
cost(3, 8, 572787).
cost(3, 9, 182932).
cost(3, 10, 525347).
cost(3, 11, 443526).
cost(3, 12, 97290).
cost(3, 13, 428677).
cost(3, 14, 532828).
cost(3, 15, 741431).
cost(3, 16, 566814).
cost(3, 17, 334900).
cost(3, 18, 670979).
cost(3, 19, 488327).
cost(3, 20, 738843).
cost(3, 21, 17523).
cost(3, 22, 726772).
cost(3, 23, 489531).
cost(3, 24, 137690).
cost(3, 25, 745246).
cost(3, 26, 475688).
cost(3, 27, 488496).
cost(3, 28, 301580).
cost(3, 29, 165054).
cost(4, 1, 212208).
cost(4, 2, 335598).
cost(4, 3, 290770).
cost(4, 5, 237180).
cost(4, 6, 556249).
cost(4, 7, 325329).
cost(4, 8, 627809).
cost(4, 9, 267323).
cost(4, 10, 266028).
cost(4, 11, 439274).
cost(4, 12, 299571).
cost(4, 13, 362565).
cost(4, 14, 298770).
cost(4, 15, 533141).
cost(4, 16, 280624).
cost(4, 17, 278115).
cost(4, 18, 528770).
cost(4, 19, 374142).
cost(4, 20, 670986).
cost(4, 21, 299981).
cost(4, 22, 599614).
cost(4, 23, 328972).
cost(4, 24, 252937).
cost(4, 25, 592842).
cost(4, 26, 189005).
cost(4, 27, 296434).
cost(4, 28, 60350).
cost(4, 29, 317200).
cost(5, 1, 371963).
cost(5, 2, 460054).
cost(5, 3, 61522).
cost(5, 4, 237180).
cost(5, 6, 411340).
cost(5, 7, 152966).
cost(5, 8, 545161).
cost(5, 9, 139483).
cost(5, 10, 464471).
cost(5, 11, 401301).
cost(5, 12, 84583).
cost(5, 13, 376913).
cost(5, 14, 471310).
cost(5, 15, 680817).
cost(5, 16, 509099).
cost(5, 17, 280856).
cost(5, 18, 614761).
cost(5, 19, 432645).
cost(5, 20, 692055).
cost(5, 21, 65124).
cost(5, 22, 672488).
cost(5, 23, 430206).
cost(5, 24, 147545).
cost(5, 25, 688583).
cost(5, 26, 418515).
cost(5, 27, 427623).
cost(5, 28, 255757).
cost(5, 29, 141335).
cost(6, 1, 752127).
cost(6, 2, 506617).
cost(6, 3, 423675).
cost(6, 4, 556249).
cost(6, 5, 411340).
cost(6, 7, 528205).
cost(6, 8, 190334).
cost(6, 9, 297416).
cost(6, 10, 628154).
cost(6, 11, 229848).
cost(6, 12, 330626).
cost(6, 13, 318691).
cost(6, 14, 588052).
cost(6, 15, 680106).
cost(6, 16, 727961).
cost(6, 17, 321360).
cost(6, 18, 524764).
cost(6, 19, 395090).
cost(6, 20, 463815).
cost(6, 21, 407215).
cost(6, 22, 539425).
cost(6, 23, 459828).
cost(6, 24, 555692).
cost(6, 25, 590826).
cost(6, 26, 661815).
cost(6, 27, 503290).
cost(6, 28, 605528).
cost(6, 29, 270571).
cost(7, 1, 374537).
cost(7, 2, 602843).
cost(7, 3, 109315).
cost(7, 4, 325329).
cost(7, 5, 152966).
cost(7, 6, 528205).
cost(7, 8, 681714).
cost(7, 9, 289063).
cost(7, 10, 583051).
cost(7, 11, 551056).
cost(7, 12, 206472).
cost(7, 13, 529868).
cost(7, 14, 601052).
cost(7, 15, 821361).
cost(7, 16, 605404).
cost(7, 17, 433510).
cost(7, 18, 765531).
cost(7, 19, 584182).
cost(7, 20, 844300).
cost(7, 21, 123477).
cost(7, 22, 824607).
cost(7, 23, 576625).
cost(7, 24, 84835).
cost(7, 25, 838781).
cost(7, 26, 514029).
cost(7, 27, 568125).
cost(7, 28, 315253).
cost(7, 29, 274338).
cost(8, 1, 837908).
cost(8, 2, 465769).
cost(8, 3, 572787).
cost(8, 4, 627809).
cost(8, 5, 545161).
cost(8, 6, 190334).
cost(8, 7, 681714).
cost(8, 9, 410263).
cost(8, 10, 618045).
cost(8, 11, 196195).
cost(8, 12, 475520).
cost(8, 13, 295054).
cost(8, 14, 563112).
cost(8, 15, 586799).
cost(8, 16, 730155).
cost(8, 17, 352844).
cost(8, 18, 412023).
cost(8, 19, 345643).
cost(8, 20, 295133).
cost(8, 21, 558247).
cost(8, 22, 403743).
cost(8, 23, 423439).
cost(8, 24, 692593).
cost(8, 25, 464533).
cost(8, 26, 683502).
cost(8, 27, 477417).
cost(8, 28, 684880).
cost(8, 29, 408166).
cost(9, 1, 455071).
cost(9, 2, 367763).
cost(9, 3, 182932).
cost(9, 4, 267323).
cost(9, 5, 139483).
cost(9, 6, 297416).
cost(9, 7, 289063).
cost(9, 8, 410263).
cost(9, 10, 418232).
cost(9, 11, 262255).
cost(9, 12, 99190).
cost(9, 13, 248353).
cost(9, 14, 405555).
cost(9, 15, 586853).
cost(9, 16, 491483).
cost(9, 17, 160325).
cost(9, 18, 496420).
cost(9, 19, 314181).
cost(9, 20, 555961).
cost(9, 21, 173795).
cost(9, 22, 548198).
cost(9, 23, 329736).
cost(9, 24, 284488).
cost(9, 25, 571380).
cost(9, 26, 409371).
cost(9, 27, 342454).
cost(9, 28, 311283).
cost(9, 29, 60833).
cost(10, 1, 401540).
cost(10, 2, 165376).
cost(10, 3, 525347).
cost(10, 4, 266028).
cost(10, 5, 464471).
cost(10, 6, 628154).
cost(10, 7, 583051).
cost(10, 8, 618045).
cost(10, 9, 418232).
cost(10, 11, 427365).
cost(10, 12, 495819).
cost(10, 13, 325474).
cost(10, 14, 67168).
cost(10, 15, 285908).
cost(10, 16, 115561).
cost(10, 17, 309034).
cost(10, 18, 346311).
cost(10, 19, 276578).
cost(10, 20, 538280).
cost(10, 21, 529202).
cost(10, 22, 420162).
cost(10, 23, 198375).
cost(10, 24, 516796).
cost(10, 25, 389697).
cost(10, 26, 119239).
cost(10, 27, 142367).
cost(10, 28, 304094).
cost(10, 29, 479064).
cost(11, 1, 651226).
cost(11, 2, 285981).
cost(11, 3, 443526).
cost(11, 4, 439274).
cost(11, 5, 401301).
cost(11, 6, 229848).
cost(11, 7, 551056).
cost(11, 8, 196195).
cost(11, 9, 262255).
cost(11, 10, 427365).
cost(11, 12, 350850).
cost(11, 13, 101906).
cost(11, 14, 377081).
cost(11, 15, 450350).
cost(11, 16, 537172).
cost(11, 17, 161191).
cost(11, 18, 300987).
cost(11, 19, 168559).
cost(11, 20, 299149).
cost(11, 21, 432537).
cost(11, 22, 328172).
cost(11, 23, 240318).
cost(11, 24, 542984).
cost(11, 25, 371387).
cost(11, 26, 487566).
cost(11, 27, 290436).
cost(11, 28, 498061).
cost(11, 29, 285472).
cost(12, 1, 453544).
cost(12, 2, 462484).
cost(12, 3, 97290).
cost(12, 4, 299571).
cost(12, 5, 84583).
cost(12, 6, 330626).
cost(12, 7, 206472).
cost(12, 8, 475520).
cost(12, 9, 99190).
cost(12, 10, 495819).
cost(12, 11, 350850).
cost(12, 13, 346776).
cost(12, 14, 491402).
cost(12, 15, 682894).
cost(12, 16, 555728).
cost(12, 17, 259350).
cost(12, 18, 595601).
cost(12, 19, 413355).
cost(12, 20, 648590).
cost(12, 21, 83458).
cost(12, 22, 646811).
cost(12, 23, 426344).
cost(12, 24, 225076).
cost(12, 25, 670568).
cost(12, 26, 468092).
cost(12, 27, 434795).
cost(12, 28, 328252).
cost(12, 29, 67964).
cost(13, 1, 573986).
cost(13, 2, 188232).
cost(13, 3, 428677).
cost(13, 4, 362565).
cost(13, 5, 376913).
cost(13, 6, 318691).
cost(13, 7, 529868).
cost(13, 8, 295054).
cost(13, 9, 248353).
cost(13, 10, 325474).
cost(13, 11, 101906).
cost(13, 12, 346776).
cost(13, 14, 275817).
cost(13, 15, 374083).
cost(13, 16, 435777).
cost(13, 17, 98381).
cost(13, 18, 252359).
cost(13, 19, 80811).
cost(13, 20, 321184).
cost(13, 21, 421165).
cost(13, 22, 300047).
cost(13, 23, 141610).
cost(13, 24, 506496).
cost(13, 25, 327299).
cost(13, 26, 389365).
cost(13, 27, 189246).
cost(13, 28, 422770).
cost(13, 29, 290669).
cost(14, 1, 456324).
cost(14, 2, 101303).
cost(14, 3, 532828).
cost(14, 4, 298770).
cost(14, 5, 471310).
cost(14, 6, 588052).
cost(14, 7, 601052).
cost(14, 8, 563112).
cost(14, 9, 405555).
cost(14, 10, 67168).
cost(14, 11, 377081).
cost(14, 12, 491402).
cost(14, 13, 275817).
cost(14, 15, 235722).
cost(14, 16, 180634).
cost(14, 17, 276879).
cost(14, 18, 279572).
cost(14, 19, 218118).
cost(14, 20, 471379).
cost(14, 21, 534503).
cost(14, 22, 353608).
cost(14, 23, 139754).
cost(14, 24, 541251).
cost(14, 25, 325424).
cost(14, 26, 181338).
cost(14, 27, 86645).
cost(14, 28, 344846).
cost(14, 29, 465746).
cost(15, 1, 687419).
cost(15, 2, 221229).
cost(15, 3, 741431).
cost(15, 4, 533141).
cost(15, 5, 680817).
cost(15, 6, 680106).
cost(15, 7, 821361).
cost(15, 8, 586799).
cost(15, 9, 586853).
cost(15, 10, 285908).
cost(15, 11, 450350).
cost(15, 12, 682894).
cost(15, 13, 374083).
cost(15, 14, 235722).
cost(15, 16, 364724).
cost(15, 17, 430885).
cost(15, 18, 179415).
cost(15, 19, 293281).
cost(15, 20, 376568).
cost(15, 21, 739965).
cost(15, 22, 223403).
cost(15, 23, 257175).
cost(15, 24, 768464).
cost(15, 25, 162438).
cost(15, 26, 404099).
cost(15, 27, 253530).
cost(15, 28, 580535).
cost(15, 29, 641783).
cost(16, 1, 350371).
cost(16, 2, 280729).
cost(16, 3, 566814).
cost(16, 4, 280624).
cost(16, 5, 509099).
cost(16, 6, 727961).
cost(16, 7, 605404).
cost(16, 8, 730155).
cost(16, 9, 491483).
cost(16, 10, 115561).
cost(16, 11, 537172).
cost(16, 12, 555728).
cost(16, 13, 435777).
cost(16, 14, 180634).
cost(16, 15, 364724).
cost(16, 17, 406604).
cost(16, 18, 454425).
cost(16, 19, 391374).
cost(16, 20, 651307).
cost(16, 21, 573922).
cost(16, 22, 527082).
cost(16, 23, 313529).
cost(16, 24, 529743).
cost(16, 25, 490319).
cost(16, 26, 91675).
cost(16, 27, 257394).
cost(16, 28, 297116).
cost(16, 29, 551216).
cost(17, 1, 490169).
cost(17, 2, 217179).
cost(17, 3, 334900).
cost(17, 4, 278115).
cost(17, 5, 280856).
cost(17, 6, 321360).
cost(17, 7, 433510).
cost(17, 8, 352844).
cost(17, 9, 160325).
cost(17, 10, 309034).
cost(17, 11, 161191).
cost(17, 12, 259350).
cost(17, 13, 98381).
cost(17, 14, 276879).
cost(17, 15, 430885).
cost(17, 16, 406604).
cost(17, 18, 337020).
cost(17, 19, 154308).
cost(17, 20, 419344).
cost(17, 21, 328751).
cost(17, 22, 391965).
cost(17, 23, 174777).
cost(17, 24, 408156).
cost(17, 25, 411778).
cost(17, 26, 343256).
cost(17, 27, 199581).
cost(17, 28, 337112).
cost(17, 29, 211538).
cost(18, 1, 718648).
cost(18, 2, 198020).
cost(18, 3, 670979).
cost(18, 4, 528770).
cost(18, 5, 614761).
cost(18, 6, 524764).
cost(18, 7, 765531).
cost(18, 8, 412023).
cost(18, 9, 496420).
cost(18, 10, 346311).
cost(18, 11, 300987).
cost(18, 12, 595601).
cost(18, 13, 252359).
cost(18, 14, 279572).
cost(18, 15, 179415).
cost(18, 16, 454425).
cost(18, 17, 337020).
cost(18, 19, 182790).
cost(18, 20, 207856).
cost(18, 21, 665507).
cost(18, 22, 74348).
cost(18, 23, 200366).
cost(18, 24, 728762).
cost(18, 25, 75079).
cost(18, 26, 458987).
cost(18, 27, 236415).
cost(18, 28, 585590).
cost(18, 29, 542364).
cost(19, 1, 579171).
cost(19, 2, 120312).
cost(19, 3, 488327).
cost(19, 4, 374142).
cost(19, 5, 432645).
cost(19, 6, 395090).
cost(19, 7, 584182).
cost(19, 8, 345643).
cost(19, 9, 314181).
cost(19, 10, 276578).
cost(19, 11, 168559).
cost(19, 12, 413355).
cost(19, 13, 80811).
cost(19, 14, 218118).
cost(19, 15, 293281).
cost(19, 16, 391374).
cost(19, 17, 154308).
cost(19, 18, 182790).
cost(19, 20, 297379).
cost(19, 21, 482726).
cost(19, 22, 240935).
cost(19, 23, 78551).
cost(19, 24, 551410).
cost(19, 25, 257472).
cost(19, 26, 360117).
cost(19, 27, 134220).
cost(19, 28, 433962).
cost(19, 29, 362208).
cost(20, 1, 876413).
cost(20, 2, 375681).
cost(20, 3, 738843).
cost(20, 4, 670986).
cost(20, 5, 692055).
cost(20, 6, 463815).
cost(20, 7, 844300).
cost(20, 8, 295133).
cost(20, 9, 555961).
cost(20, 10, 538280).
cost(20, 11, 299149).
cost(20, 12, 648590).
cost(20, 13, 321184).
cost(20, 14, 471379).
cost(20, 15, 376568).
cost(20, 16, 651307).
cost(20, 17, 419344).
cost(20, 18, 207856).
cost(20, 19, 297379).
cost(20, 21, 728947).
cost(20, 22, 153758).
cost(20, 23, 357099).
cost(20, 24, 826648).
cost(20, 25, 218584).
cost(20, 26, 641868).
cost(20, 27, 408159).
cost(20, 28, 731018).
cost(20, 29, 584227).
cost(21, 1, 417327).
cost(21, 2, 518771).
cost(21, 3, 17523).
cost(21, 4, 299981).
cost(21, 5, 65124).
cost(21, 6, 407215).
cost(21, 7, 123477).
cost(21, 8, 558247).
cost(21, 9, 173795).
cost(21, 10, 529202).
cost(21, 11, 432537).
cost(21, 12, 83458).
cost(21, 13, 421165).
cost(21, 14, 534503).
cost(21, 15, 739965).
cost(21, 16, 573922).
cost(21, 17, 328751).
cost(21, 18, 665507).
cost(21, 19, 482726).
cost(21, 20, 728947).
cost(21, 22, 720123).
cost(21, 23, 486672).
cost(21, 24, 155212).
cost(21, 25, 740014).
cost(21, 26, 483144).
cost(21, 27, 487641).
cost(21, 28, 313523).
cost(21, 29, 151415).
cost(22, 1, 791966).
cost(22, 2, 271736).
cost(22, 3, 726772).
cost(22, 4, 599614).
cost(22, 5, 672488).
cost(22, 6, 539425).
cost(22, 7, 824607).
cost(22, 8, 403743).
cost(22, 9, 548198).
cost(22, 10, 420162).
cost(22, 11, 328172).
cost(22, 12, 646811).
cost(22, 13, 300047).
cost(22, 14, 353608).
cost(22, 15, 223403).
cost(22, 16, 527082).
cost(22, 17, 391965).
cost(22, 18, 74348).
cost(22, 19, 240935).
cost(22, 20, 153758).
cost(22, 21, 720123).
cost(22, 23, 270647).
cost(22, 24, 792037).
cost(22, 25, 65884).
cost(22, 26, 533307).
cost(22, 27, 309742).
cost(22, 28, 657133).
cost(22, 29, 589849).
cost(23, 1, 524539).
cost(23, 2, 46820).
cost(23, 3, 489531).
cost(23, 4, 328972).
cost(23, 5, 430206).
cost(23, 6, 459828).
cost(23, 7, 576625).
cost(23, 8, 423439).
cost(23, 9, 329736).
cost(23, 10, 198375).
cost(23, 11, 240318).
cost(23, 12, 426344).
cost(23, 13, 141610).
cost(23, 14, 139754).
cost(23, 15, 257175).
cost(23, 16, 313529).
cost(23, 17, 174777).
cost(23, 18, 200366).
cost(23, 19, 78551).
cost(23, 20, 357099).
cost(23, 21, 486672).
cost(23, 22, 270647).
cost(23, 24, 533383).
cost(23, 25, 267992).
cost(23, 26, 287595).
cost(23, 27, 56151).
cost(23, 28, 386623).
cost(23, 29, 384761).
cost(24, 1, 290545).
cost(24, 2, 554511).
cost(24, 3, 137690).
cost(24, 4, 252937).
cost(24, 5, 147545).
cost(24, 6, 555692).
cost(24, 7, 84835).
cost(24, 8, 692593).
cost(24, 9, 284488).
cost(24, 10, 516796).
cost(24, 11, 542984).
cost(24, 12, 225076).
cost(24, 13, 506496).
cost(24, 14, 541251).
cost(24, 15, 768464).
cost(24, 16, 529743).
cost(24, 17, 408156).
cost(24, 18, 728762).
cost(24, 19, 551410).
cost(24, 20, 826648).
cost(24, 21, 155212).
cost(24, 22, 792037).
cost(24, 23, 533383).
cost(24, 25, 800067).
cost(24, 26, 439188).
cost(24, 27, 517811).
cost(24, 28, 235217).
cost(24, 29, 287834).
cost(25, 1, 775832).
cost(25, 2, 257678).
cost(25, 3, 745246).
cost(25, 4, 592842).
cost(25, 5, 688583).
cost(25, 6, 590826).
cost(25, 7, 838781).
cost(25, 8, 464533).
cost(25, 9, 571380).
cost(25, 10, 389697).
cost(25, 11, 371387).
cost(25, 12, 670568).
cost(25, 13, 327299).
cost(25, 14, 325424).
cost(25, 15, 162438).
cost(25, 16, 490319).
cost(25, 17, 411778).
cost(25, 18, 75079).
cost(25, 19, 257472).
cost(25, 20, 218584).
cost(25, 21, 740014).
cost(25, 22, 65884).
cost(25, 23, 267992).
cost(25, 24, 800067).
cost(25, 26, 506756).
cost(25, 27, 296896).
cost(25, 28, 648132).
cost(25, 29, 617434).
cost(26, 1, 284927).
cost(26, 2, 266692).
cost(26, 3, 475688).
cost(26, 4, 189005).
cost(26, 5, 418515).
cost(26, 6, 661815).
cost(26, 7, 514029).
cost(26, 8, 683502).
cost(26, 9, 409371).
cost(26, 10, 119239).
cost(26, 11, 487566).
cost(26, 12, 468092).
cost(26, 13, 389365).
cost(26, 14, 181338).
cost(26, 15, 404099).
cost(26, 16, 91675).
cost(26, 17, 343256).
cost(26, 18, 458987).
cost(26, 19, 360117).
cost(26, 20, 641868).
cost(26, 21, 483144).
cost(26, 22, 533307).
cost(26, 23, 287595).
cost(26, 24, 439188).
cost(26, 25, 506756).
cost(26, 27, 234001).
cost(26, 28, 208906).
cost(26, 29, 467944).
cost(27, 1, 482273).
cost(27, 2, 39228).
cost(27, 3, 488496).
cost(27, 4, 296434).
cost(27, 5, 427623).
cost(27, 6, 503290).
cost(27, 7, 568125).
cost(27, 8, 477417).
cost(27, 9, 342454).
cost(27, 10, 142367).
cost(27, 11, 290436).
cost(27, 12, 434795).
cost(27, 13, 189246).
cost(27, 14, 86645).
cost(27, 15, 253530).
cost(27, 16, 257394).
cost(27, 17, 199581).
cost(27, 18, 236415).
cost(27, 19, 134220).
cost(27, 20, 408159).
cost(27, 21, 487641).
cost(27, 22, 309742).
cost(27, 23, 56151).
cost(27, 24, 517811).
cost(27, 25, 296896).
cost(27, 26, 234001).
cost(27, 28, 351236).
cost(27, 29, 400731).
cost(28, 1, 153264).
cost(28, 2, 390459).
cost(28, 3, 301580).
cost(28, 4, 60350).
cost(28, 5, 255757).
cost(28, 6, 605528).
cost(28, 7, 315253).
cost(28, 8, 684880).
cost(28, 9, 311283).
cost(28, 10, 304094).
cost(28, 11, 498061).
cost(28, 12, 328252).
cost(28, 13, 422770).
cost(28, 14, 344846).
cost(28, 15, 580535).
cost(28, 16, 297116).
cost(28, 17, 337112).
cost(28, 18, 585590).
cost(28, 19, 433962).
cost(28, 20, 731018).
cost(28, 21, 313523).
cost(28, 22, 657133).
cost(28, 23, 386623).
cost(28, 24, 235217).
cost(28, 25, 648132).
cost(28, 26, 208906).
cost(28, 27, 351236).
cost(28, 29, 355755).
cost(29, 1, 492648).
cost(29, 2, 424458).
cost(29, 3, 165054).
cost(29, 4, 317200).
cost(29, 5, 141335).
cost(29, 6, 270571).
cost(29, 7, 274338).
cost(29, 8, 408166).
cost(29, 9, 60833).
cost(29, 10, 479064).
cost(29, 11, 285472).
cost(29, 12, 67964).
cost(29, 13, 290669).
cost(29, 14, 465746).
cost(29, 15, 641783).
cost(29, 16, 551216).
cost(29, 17, 211538).
cost(29, 18, 542364).
cost(29, 19, 362208).
cost(29, 20, 584227).
cost(29, 21, 151415).
cost(29, 22, 589849).
cost(29, 23, 384761).
cost(29, 24, 287834).
cost(29, 25, 617434).
cost(29, 26, 467944).
cost(29, 27, 400731).
cost(29, 28, 355755).
nocross(1,4).
nocross(2,10).
nocross(2,14).
nocross(2,19).
nocross(2,23).
nocross(2,26).
nocross(2,27).
nocross(3,5).
nocross(3,7).
nocross(3,9).
nocross(3,21).
nocross(5,3).
nocross(5,9).
nocross(5,28).
nocross(6,19).
nocross(6,29).
nocross(7,3).
nocross(7,4).
nocross(7,5).
nocross(7,21).
nocross(7,24).
nocross(8,9).
nocross(8,11).
nocross(8,13).
nocross(9,3).
nocross(9,5).
nocross(9,6).
nocross(9,21).
nocross(9,28).
nocross(9,29).
nocross(10,14).
nocross(10,16).
nocross(10,26).
nocross(11,4).
nocross(11,8).
nocross(11,9).
nocross(11,13).
nocross(11,19).
nocross(12,3).
nocross(12,5).
nocross(12,9).
nocross(12,21).
nocross(12,29).
nocross(13,6).
nocross(13,9).
nocross(13,11).
nocross(13,17).
nocross(13,19).
nocross(13,26).
nocross(14,2).
nocross(14,10).
nocross(14,26).
nocross(14,27).
nocross(15,16).
nocross(16,4).
nocross(16,10).
nocross(16,14).
nocross(16,26).
nocross(17,3).
nocross(17,4).
nocross(17,5).
nocross(17,6).
nocross(17,9).
nocross(17,10).
nocross(17,13).
nocross(17,21).
nocross(17,26).
nocross(17,28).
nocross(18,15).
nocross(18,19).
nocross(18,22).
nocross(18,25).
nocross(19,6).
nocross(19,9).
nocross(19,11).
nocross(19,13).
nocross(19,17).
nocross(19,26).
nocross(20,8).
nocross(20,11).
nocross(21,3).
nocross(21,5).
nocross(21,7).
nocross(21,9).
nocross(22,25).
nocross(23,2).
nocross(23,13).
nocross(23,27).
nocross(24,3).
nocross(24,4).
nocross(24,5).
nocross(24,28).
nocross(25,15).
nocross(26,3).
nocross(26,4).
nocross(26,9).
nocross(26,10).
nocross(26,16).
nocross(26,27).
nocross(27,2).
nocross(27,10).
nocross(27,13).
nocross(27,17).
nocross(27,23).
nocross(27,26).
nocross(28,1).
nocross(28,3).
nocross(28,9).
nocross(28,24).
nocross(29,3).
nocross(29,5).
nocross(29,6).
nocross(29,9).
nocross(29,21).
nocross(29,24).
