dimension(29).
point(1, 131131.0, -96462.0).
point(2, 206885.0, -184682.0).
point(3, -173995.0, 313830.0).
point(4, -102186.0, 69753.0).
point(5, -140068.0, -23766.0).
point(6, -372988.0, -99153.0).
point(7, 208051.0, -210125.0).
point(8, -14855.0, 365800.0).
point(9, 47058.0, 197020.0).
point(10, -196523.0, 306102.0).
point(11, -31554.0, 75825.0).
point(12, 248540.0, -306270.0).
point(13, 306283.0, -170152.0).
point(14, -180298.0, -147658.0).
point(15, -5470.0, -6262.0).
point(16, 179900.0, -190787.0).
point(17, 199085.0, -5890.0).
point(18, -145833.0, -148367.0).
point(19, -80524.0, -123949.0).
point(20, 368958.0, -26362.0).
point(21, 223648.0, 25323.0).
point(22, -124602.0, 7640.0).
point(23, -178476.0, -89025.0).
point(24, -39040.0, 49750.0).
point(25, 192408.0, -281144.0).
point(26, 668506.0, 55796.0).
point(27, -152530.0, -399965.0).
point(28, -131378.0, 108428.0).
point(29, -122103.0, 412625.0).
cost(1, 2, 116282).
cost(1, 3, 511313).
cost(1, 4, 286469).
cost(1, 5, 280773).
cost(1, 6, 504126).
cost(1, 7, 137244).
cost(1, 8, 484766).
cost(1, 9, 305287).
cost(1, 10, 519052).
cost(1, 11, 236958).
cost(1, 12, 240425).
cost(1, 13, 190022).
cost(1, 14, 315609).
cost(1, 15, 163694).
cost(1, 16, 106187).
cost(1, 17, 113230).
cost(1, 18, 281786).
cost(1, 19, 213432).
cost(1, 20, 247943).
cost(1, 21, 152941).
cost(1, 22, 276110).
cost(1, 23, 309696).
cost(1, 24, 224357).
cost(1, 25, 194582).
cost(1, 26, 558529).
cost(1, 27, 415425).
cost(1, 28, 333003).
cost(1, 29, 568592).
cost(2, 1, 116282).
cost(2, 3, 627363).
cost(2, 4, 400327).
cost(2, 5, 382453).
cost(2, 6, 586147).
cost(2, 7, 25470).
cost(2, 8, 593464).
cost(2, 9, 413813).
cost(2, 10, 635301).
cost(2, 11, 353153).
cost(2, 12, 128525).
cost(2, 13, 100454).
cost(2, 14, 388949).
cost(2, 15, 277360).
cost(2, 16, 27667).
cost(2, 17, 178962).
cost(2, 18, 354583).
cost(2, 19, 293756).
cost(2, 20, 226568).
cost(2, 21, 210673).
cost(2, 22, 383238).
cost(2, 23, 397056).
cost(2, 24, 339761).
cost(2, 25, 97542).
cost(2, 26, 520503).
cost(2, 27, 418958).
cost(2, 28, 447588).
cost(2, 29, 681916).
cost(3, 1, 511313).
cost(3, 2, 627363).
cost(3, 4, 254421).
cost(3, 5, 339296).
cost(3, 6, 458425).
cost(3, 7, 648450).
cost(3, 8, 167411).
cost(3, 9, 250018).
cost(3, 10, 23817).
cost(3, 11, 277373).
cost(3, 12, 750373).
cost(3, 13, 681840).
cost(3, 14, 461531).
cost(3, 15, 361745).
cost(3, 16, 616344).
cost(3, 17, 491334).
cost(3, 18, 463054).
cost(3, 19, 447646).
cost(3, 20, 640725).
cost(3, 21, 491280).
cost(3, 22, 310148).
cost(3, 23, 402880).
cost(3, 24, 296566).
cost(3, 25, 698745).
cost(3, 26, 881130).
cost(3, 27, 714118).
cost(3, 28, 209777).
cost(3, 29, 111594).
cost(4, 1, 286469).
cost(4, 2, 400327).
cost(4, 3, 254421).
cost(4, 5, 100900).
cost(4, 6, 319160).
cost(4, 7, 417826).
cost(4, 8, 308659).
cost(4, 9, 196139).
cost(4, 10, 254480).
cost(4, 11, 70893).
cost(4, 12, 514200).
cost(4, 13, 473710).
cost(4, 14, 231017).
cost(4, 15, 123013).
cost(4, 16, 383997).
cost(4, 17, 310622).
cost(4, 18, 222444).
cost(4, 19, 194909).
cost(4, 20, 480848).
cost(4, 21, 328849).
cost(4, 22, 66034).
cost(4, 23, 176155).
cost(4, 24, 66238).
cost(4, 25, 458164).
cost(4, 26, 770818).
cost(4, 27, 472408).
cost(4, 28, 48455).
cost(4, 29, 343450).
cost(5, 1, 280773).
cost(5, 2, 382453).
cost(5, 3, 339296).
cost(5, 4, 100900).
cost(5, 6, 244816).
cost(5, 7, 394863).
cost(5, 8, 409194).
cost(5, 9, 289418).
cost(5, 10, 334664).
cost(5, 11, 147288).
cost(5, 12, 480442).
cost(5, 13, 469743).
cost(5, 14, 130260).
cost(5, 15, 135731).
cost(5, 16, 360937).
cost(5, 17, 339624).
cost(5, 18, 124734).
cost(5, 19, 116542).
cost(5, 20, 509033).
cost(5, 21, 367014).
cost(5, 22, 35008).
cost(5, 23, 75723).
cost(5, 24, 124945).
cost(5, 25, 420457).
cost(5, 26, 812479).
cost(5, 27, 376405).
cost(5, 28, 132479).
cost(5, 29, 436761).
cost(6, 1, 504126).
cost(6, 2, 586147).
cost(6, 3, 458425).
cost(6, 4, 319160).
cost(6, 5, 244816).
cost(6, 7, 591541).
cost(6, 8, 586891).
cost(6, 9, 513962).
cost(6, 10, 442008).
cost(6, 11, 383659).
cost(6, 12, 655129).
cost(6, 13, 682971).
cost(6, 14, 198701).
cost(6, 15, 379075).
cost(6, 16, 560430).
cost(6, 17, 579625).
cost(6, 18, 232425).
cost(6, 19, 293513).
cost(6, 20, 745508).
cost(6, 21, 609482).
cost(6, 22, 270371).
cost(6, 23, 194775).
cost(6, 24, 365641).
cost(6, 25, 593964).
cost(6, 26, 1052957).
cost(6, 27, 372947).
cost(6, 28, 318536).
cost(6, 29, 569965).
cost(7, 1, 137244).
cost(7, 2, 25470).
cost(7, 3, 648450).
cost(7, 4, 417826).
cost(7, 5, 394863).
cost(7, 6, 591541).
cost(7, 8, 617557).
cost(7, 9, 437819).
cost(7, 10, 655874).
cost(7, 11, 373066).
cost(7, 12, 104323).
cost(7, 13, 106054).
cost(7, 14, 393341).
cost(7, 15, 295214).
cost(7, 16, 34153).
cost(7, 17, 204432).
cost(7, 18, 359232).
cost(7, 19, 301167).
cost(7, 20, 244254).
cost(7, 21, 235964).
cost(7, 22, 397592).
cost(7, 23, 405053).
cost(7, 24, 358593).
cost(7, 25, 72721).
cost(7, 26, 531726).
cost(7, 27, 407502).
cost(7, 28, 465498).
cost(7, 29, 704854).
cost(8, 1, 484766).
cost(8, 2, 593464).
cost(8, 3, 167411).
cost(8, 4, 308659).
cost(8, 5, 409194).
cost(8, 6, 586891).
cost(8, 7, 617557).
cost(8, 9, 179777).
cost(8, 10, 191225).
cost(8, 11, 290455).
cost(8, 12, 721841).
cost(8, 13, 624799).
cost(8, 14, 539454).
cost(8, 15, 372180).
cost(8, 16, 589677).
cost(8, 17, 428863).
cost(8, 18, 530587).
cost(8, 19, 494132).
cost(8, 20, 548729).
cost(8, 21, 415702).
cost(8, 22, 374597).
cost(8, 23, 483361).
cost(8, 24, 316974).
cost(8, 25, 679334).
cost(8, 26, 750390).
cost(8, 27, 778043).
cost(8, 28, 282521).
cost(8, 29, 117024).
cost(9, 1, 305287).
cost(9, 2, 413813).
cost(9, 3, 250018).
cost(9, 4, 196139).
cost(9, 5, 289418).
cost(9, 6, 513962).
cost(9, 7, 437819).
cost(9, 8, 179777).
cost(9, 10, 266891).
cost(9, 11, 144458).
cost(9, 12, 542122).
cost(9, 13, 449458).
cost(9, 14, 412909).
cost(9, 15, 209959).
cost(9, 16, 409928).
cost(9, 17, 253544).
cost(9, 18, 395600).
cost(9, 19, 345396).
cost(9, 20, 391815).
cost(9, 21, 246300).
cost(9, 22, 255601).
cost(9, 23, 364263).
cost(9, 24, 170591).
cost(9, 25, 499767).
cost(9, 26, 637293).
cost(9, 27, 629465).
cost(9, 28, 199218).
cost(9, 29, 274046).
cost(10, 1, 519052).
cost(10, 2, 635301).
cost(10, 3, 23817).
cost(10, 4, 254480).
cost(10, 5, 334664).
cost(10, 6, 442008).
cost(10, 7, 655874).
cost(10, 8, 191225).
cost(10, 9, 266891).
cost(10, 11, 283271).
cost(10, 12, 757021).
cost(10, 13, 692555).
cost(10, 14, 454050).
cost(10, 15, 366159).
cost(10, 16, 623372).
cost(10, 17, 503830).
cost(10, 18, 457287).
cost(10, 19, 445421).
cost(10, 20, 655973).
cost(10, 21, 505352).
cost(10, 22, 307005).
cost(10, 23, 395539).
cost(10, 24, 300861).
cost(10, 25, 704362).
cost(10, 26, 900516).
cost(10, 27, 707436).
cost(10, 28, 208132).
cost(10, 29, 129944).
cost(11, 1, 236958).
cost(11, 2, 353153).
cost(11, 3, 277373).
cost(11, 4, 70893).
cost(11, 5, 147288).
cost(11, 6, 383659).
cost(11, 7, 373066).
cost(11, 8, 290455).
cost(11, 9, 144458).
cost(11, 10, 283271).
cost(11, 12, 473761).
cost(11, 13, 417898).
cost(11, 14, 268457).
cost(11, 15, 86132).
cost(11, 16, 340286).
cost(11, 17, 244687).
cost(11, 18, 251638).
cost(11, 19, 205688).
cost(11, 20, 413343).
cost(11, 21, 260151).
cost(11, 22, 115357).
cost(11, 23, 220820).
cost(11, 24, 27128).
cost(11, 25, 421409).
cost(11, 26, 700346).
cost(11, 27, 490929).
cost(11, 28, 105013).
cost(11, 29, 348760).
cost(12, 1, 240425).
cost(12, 2, 128525).
cost(12, 3, 750373).
cost(12, 4, 514200).
cost(12, 5, 480442).
cost(12, 6, 655129).
cost(12, 7, 104323).
cost(12, 8, 721841).
cost(12, 9, 542122).
cost(12, 10, 757021).
cost(12, 11, 473761).
cost(12, 13, 147859).
cost(12, 14, 457231).
cost(12, 15, 393098).
cost(12, 16, 134342).
cost(12, 17, 304424).
cost(12, 18, 424810).
cost(12, 19, 376197).
cost(12, 20, 304711).
cost(12, 21, 332526).
cost(12, 22, 487621).
cost(12, 23, 479101).
cost(12, 24, 457660).
cost(12, 25, 61499).
cost(12, 26, 554494).
cost(12, 27, 411869).
cost(12, 28, 562416).
cost(12, 29, 808818).
cost(13, 1, 190022).
cost(13, 2, 100454).
cost(13, 3, 681840).
cost(13, 4, 473710).
cost(13, 5, 469743).
cost(13, 6, 682971).
cost(13, 7, 106054).
cost(13, 8, 624799).
cost(13, 9, 449458).
cost(13, 10, 692555).
cost(13, 11, 417898).
cost(13, 12, 147859).
cost(13, 14, 487101).
cost(13, 15, 352207).
cost(13, 16, 128056).
cost(13, 17, 196146).
cost(13, 18, 452641).
cost(13, 19, 389557).
cost(13, 20, 156856).
cost(13, 21, 212224).
cost(13, 22, 466124).
cost(13, 23, 491501).
cost(13, 24, 409396).
cost(13, 25, 159018).
cost(13, 26, 426917).
cost(13, 27, 513150).
cost(13, 28, 518801).
cost(13, 29, 723287).
cost(14, 1, 315609).
cost(14, 2, 388949).
cost(14, 3, 461531).
cost(14, 4, 231017).
cost(14, 5, 130260).
cost(14, 6, 198701).
cost(14, 7, 393341).
cost(14, 8, 539454).
cost(14, 9, 412909).
cost(14, 10, 454050).
cost(14, 11, 268457).
cost(14, 12, 457231).
cost(14, 13, 487101).
cost(14, 15, 224850).
cost(14, 16, 362771).
cost(14, 17, 405006).
cost(14, 18, 34472).
cost(14, 19, 102552).
cost(14, 20, 562490).
cost(14, 21, 439426).
cost(14, 22, 164983).
cost(14, 23, 58661).
cost(14, 24, 242742).
cost(14, 25, 395889).
cost(14, 26, 872847).
cost(14, 27, 253830).
cost(14, 28, 260717).
cost(14, 29, 563297).
cost(15, 1, 163694).
cost(15, 2, 277360).
cost(15, 3, 361745).
cost(15, 4, 123013).
cost(15, 5, 135731).
cost(15, 6, 379075).
cost(15, 7, 295214).
cost(15, 8, 372180).
cost(15, 9, 209959).
cost(15, 10, 366159).
cost(15, 11, 86132).
cost(15, 12, 393098).
cost(15, 13, 352207).
cost(15, 14, 224850).
cost(15, 16, 261556).
cost(15, 17, 204555).
cost(15, 18, 199739).
cost(15, 19, 139583).
cost(15, 20, 374967).
cost(15, 21, 231285).
cost(15, 22, 119940).
cost(15, 23, 191783).
cost(15, 24, 65302).
cost(15, 25, 338697).
cost(15, 26, 676827).
cost(15, 27, 420272).
cost(15, 28, 170313).
cost(15, 29, 434821).
cost(16, 1, 106187).
cost(16, 2, 27667).
cost(16, 3, 616344).
cost(16, 4, 383997).
cost(16, 5, 360937).
cost(16, 6, 560430).
cost(16, 7, 34153).
cost(16, 8, 589677).
cost(16, 9, 409928).
cost(16, 10, 623372).
cost(16, 11, 340286).
cost(16, 12, 134342).
cost(16, 13, 128056).
cost(16, 14, 362771).
cost(16, 15, 261556).
cost(16, 17, 185890).
cost(16, 18, 328484).
cost(16, 19, 268864).
cost(16, 20, 250556).
cost(16, 21, 220494).
cost(16, 22, 363448).
cost(16, 23, 372544).
cost(16, 24, 325258).
cost(16, 25, 91219).
cost(16, 26, 547302).
cost(16, 27, 392766).
cost(16, 28, 431768).
cost(16, 29, 674768).
cost(17, 1, 113230).
cost(17, 2, 178962).
cost(17, 3, 491334).
cost(17, 4, 310622).
cost(17, 5, 339624).
cost(17, 6, 579625).
cost(17, 7, 204432).
cost(17, 8, 428863).
cost(17, 9, 253544).
cost(17, 10, 503830).
cost(17, 11, 244687).
cost(17, 12, 304424).
cost(17, 13, 196146).
cost(17, 14, 405006).
cost(17, 15, 204555).
cost(17, 16, 185890).
cost(17, 18, 373186).
cost(17, 19, 303511).
cost(17, 20, 171102).
cost(17, 21, 39719).
cost(17, 22, 323970).
cost(17, 23, 386605).
cost(17, 24, 244539).
cost(17, 25, 275335).
cost(17, 26, 473457).
cost(17, 27, 528137).
cost(17, 28, 349678).
cost(17, 29, 527557).
cost(18, 1, 281786).
cost(18, 2, 354583).
cost(18, 3, 463054).
cost(18, 4, 222444).
cost(18, 5, 124734).
cost(18, 6, 232425).
cost(18, 7, 359232).
cost(18, 8, 530587).
cost(18, 9, 395600).
cost(18, 10, 457287).
cost(18, 11, 251638).
cost(18, 12, 424810).
cost(18, 13, 452641).
cost(18, 14, 34472).
cost(18, 15, 199739).
cost(18, 16, 328484).
cost(18, 17, 373186).
cost(18, 19, 69724).
cost(18, 20, 529051).
cost(18, 21, 408270).
cost(18, 22, 157445).
cost(18, 23, 67728).
cost(18, 24, 225067).
cost(18, 25, 363369).
cost(18, 26, 839542).
cost(18, 27, 251687).
cost(18, 28, 257202).
cost(18, 29, 561494).
cost(19, 1, 213432).
cost(19, 2, 293756).
cost(19, 3, 447646).
cost(19, 4, 194909).
cost(19, 5, 116542).
cost(19, 6, 293513).
cost(19, 7, 301167).
cost(19, 8, 494132).
cost(19, 9, 345396).
cost(19, 10, 445421).
cost(19, 11, 205688).
cost(19, 12, 376197).
cost(19, 13, 389557).
cost(19, 14, 102552).
cost(19, 15, 139583).
cost(19, 16, 268864).
cost(19, 17, 303511).
cost(19, 18, 69724).
cost(19, 20, 459954).
cost(19, 21, 338826).
cost(19, 22, 138775).
cost(19, 23, 103992).
cost(19, 24, 178584).
cost(19, 25, 314964).
cost(19, 26, 770295).
cost(19, 27, 285254).
cost(19, 28, 237876).
cost(19, 29, 538183).
cost(20, 1, 247943).
cost(20, 2, 226568).
cost(20, 3, 640725).
cost(20, 4, 480848).
cost(20, 5, 509033).
cost(20, 6, 745508).
cost(20, 7, 244254).
cost(20, 8, 548729).
cost(20, 9, 391815).
cost(20, 10, 655973).
cost(20, 11, 413343).
cost(20, 12, 304711).
cost(20, 13, 156856).
cost(20, 14, 562490).
cost(20, 15, 374967).
cost(20, 16, 250556).
cost(20, 17, 171102).
cost(20, 18, 529051).
cost(20, 19, 459954).
cost(20, 21, 154228).
cost(20, 22, 494730).
cost(20, 23, 551009).
cost(20, 24, 415037).
cost(20, 25, 309974).
cost(20, 26, 310611).
cost(20, 27, 641505).
cost(20, 28, 518174).
cost(20, 29, 658673).
cost(21, 1, 152941).
cost(21, 2, 210673).
cost(21, 3, 491280).
cost(21, 4, 328849).
cost(21, 5, 367014).
cost(21, 6, 609482).
cost(21, 7, 235964).
cost(21, 8, 415702).
cost(21, 9, 246300).
cost(21, 10, 505352).
cost(21, 11, 260151).
cost(21, 12, 332526).
cost(21, 13, 212224).
cost(21, 14, 439426).
cost(21, 15, 231285).
cost(21, 16, 220494).
cost(21, 17, 39719).
cost(21, 18, 408270).
cost(21, 19, 338826).
cost(21, 20, 154228).
cost(21, 22, 348699).
cost(21, 23, 418066).
cost(21, 24, 263821).
cost(21, 25, 308055).
cost(21, 26, 445900).
cost(21, 27, 567785).
cost(21, 28, 364623).
cost(21, 29, 519179).
cost(22, 1, 276110).
cost(22, 2, 383238).
cost(22, 3, 310148).
cost(22, 4, 66034).
cost(22, 5, 35008).
cost(22, 6, 270371).
cost(22, 7, 397592).
cost(22, 8, 374597).
cost(22, 9, 255601).
cost(22, 10, 307005).
cost(22, 11, 115357).
cost(22, 12, 487621).
cost(22, 13, 466124).
cost(22, 14, 164983).
cost(22, 15, 119940).
cost(22, 16, 363448).
cost(22, 17, 323970).
cost(22, 18, 157445).
cost(22, 19, 138775).
cost(22, 20, 494730).
cost(22, 21, 348699).
cost(22, 23, 110664).
cost(22, 24, 95363).
cost(22, 25, 428826).
cost(22, 26, 794569).
cost(22, 27, 408561).
cost(22, 28, 101016).
cost(22, 29, 404993).
cost(23, 1, 309696).
cost(23, 2, 397056).
cost(23, 3, 402880).
cost(23, 4, 176155).
cost(23, 5, 75723).
cost(23, 6, 194775).
cost(23, 7, 405053).
cost(23, 8, 483361).
cost(23, 9, 364263).
cost(23, 10, 395539).
cost(23, 11, 220820).
cost(23, 12, 479101).
cost(23, 13, 491501).
cost(23, 14, 58661).
cost(23, 15, 191783).
cost(23, 16, 372544).
cost(23, 17, 386605).
cost(23, 18, 67728).
cost(23, 19, 103992).
cost(23, 20, 551009).
cost(23, 21, 418066).
cost(23, 22, 110664).
cost(23, 24, 196725).
cost(23, 25, 417690).
cost(23, 26, 859274).
cost(23, 27, 312021).
cost(23, 28, 202992).
cost(23, 29, 504808).
cost(24, 1, 224357).
cost(24, 2, 339761).
cost(24, 3, 296566).
cost(24, 4, 66238).
cost(24, 5, 124945).
cost(24, 6, 365641).
cost(24, 7, 358593).
cost(24, 8, 316974).
cost(24, 9, 170591).
cost(24, 10, 300861).
cost(24, 11, 27128).
cost(24, 12, 457660).
cost(24, 13, 409396).
cost(24, 14, 242742).
cost(24, 15, 65302).
cost(24, 16, 325258).
cost(24, 17, 244539).
cost(24, 18, 225067).
cost(24, 19, 178584).
cost(24, 20, 415037).
cost(24, 21, 263821).
cost(24, 22, 95363).
cost(24, 23, 196725).
cost(24, 25, 403806).
cost(24, 26, 707572).
cost(24, 27, 463814).
cost(24, 28, 109405).
cost(24, 29, 372260).
cost(25, 1, 194582).
cost(25, 2, 97542).
cost(25, 3, 698745).
cost(25, 4, 458164).
cost(25, 5, 420457).
cost(25, 6, 593964).
cost(25, 7, 72721).
cost(25, 8, 679334).
cost(25, 9, 499767).
cost(25, 10, 704362).
cost(25, 11, 421409).
cost(25, 12, 61499).
cost(25, 13, 159018).
cost(25, 14, 395889).
cost(25, 15, 338697).
cost(25, 16, 91219).
cost(25, 17, 275335).
cost(25, 18, 363369).
cost(25, 19, 314964).
cost(25, 20, 309974).
cost(25, 21, 308055).
cost(25, 22, 428826).
cost(25, 23, 417690).
cost(25, 24, 403806).
cost(25, 26, 583265).
cost(25, 27, 364830).
cost(25, 28, 506561).
cost(25, 29, 761730).
cost(26, 1, 558529).
cost(26, 2, 520503).
cost(26, 3, 881130).
cost(26, 4, 770818).
cost(26, 5, 812479).
cost(26, 6, 1052957).
cost(26, 7, 531726).
cost(26, 8, 750390).
cost(26, 9, 637293).
cost(26, 10, 900516).
cost(26, 11, 700346).
cost(26, 12, 554494).
cost(26, 13, 426917).
cost(26, 14, 872847).
cost(26, 15, 676827).
cost(26, 16, 547302).
cost(26, 17, 473457).
cost(26, 18, 839542).
cost(26, 19, 770295).
cost(26, 20, 310611).
cost(26, 21, 445900).
cost(26, 22, 794569).
cost(26, 23, 859274).
cost(26, 24, 707572).
cost(26, 25, 583265).
cost(26, 27, 939052).
cost(26, 28, 801614).
cost(26, 29, 867404).
cost(27, 1, 415425).
cost(27, 2, 418958).
cost(27, 3, 714118).
cost(27, 4, 472408).
cost(27, 5, 376405).
cost(27, 6, 372947).
cost(27, 7, 407502).
cost(27, 8, 778043).
cost(27, 9, 629465).
cost(27, 10, 707436).
cost(27, 11, 490929).
cost(27, 12, 411869).
cost(27, 13, 513150).
cost(27, 14, 253830).
cost(27, 15, 420272).
cost(27, 16, 392766).
cost(27, 17, 528137).
cost(27, 18, 251687).
cost(27, 19, 285254).
cost(27, 20, 641505).
cost(27, 21, 567785).
cost(27, 22, 408561).
cost(27, 23, 312021).
cost(27, 24, 463814).
cost(27, 25, 364830).
cost(27, 26, 939052).
cost(27, 28, 508833).
cost(27, 29, 813159).
cost(28, 1, 333003).
cost(28, 2, 447588).
cost(28, 3, 209777).
cost(28, 4, 48455).
cost(28, 5, 132479).
cost(28, 6, 318536).
cost(28, 7, 465498).
cost(28, 8, 282521).
cost(28, 9, 199218).
cost(28, 10, 208132).
cost(28, 11, 105013).
cost(28, 12, 562416).
cost(28, 13, 518801).
cost(28, 14, 260717).
cost(28, 15, 170313).
cost(28, 16, 431768).
cost(28, 17, 349678).
cost(28, 18, 257202).
cost(28, 19, 237876).
cost(28, 20, 518174).
cost(28, 21, 364623).
cost(28, 22, 101016).
cost(28, 23, 202992).
cost(28, 24, 109405).
cost(28, 25, 506561).
cost(28, 26, 801614).
cost(28, 27, 508833).
cost(28, 29, 304338).
cost(29, 1, 568592).
cost(29, 2, 681916).
cost(29, 3, 111594).
cost(29, 4, 343450).
cost(29, 5, 436761).
cost(29, 6, 569965).
cost(29, 7, 704854).
cost(29, 8, 117024).
cost(29, 9, 274046).
cost(29, 10, 129944).
cost(29, 11, 348760).
cost(29, 12, 808818).
cost(29, 13, 723287).
cost(29, 14, 563297).
cost(29, 15, 434821).
cost(29, 16, 674768).
cost(29, 17, 527557).
cost(29, 18, 561494).
cost(29, 19, 538183).
cost(29, 20, 658673).
cost(29, 21, 519179).
cost(29, 22, 404993).
cost(29, 23, 504808).
cost(29, 24, 372260).
cost(29, 25, 761730).
cost(29, 26, 867404).
cost(29, 27, 813159).
cost(29, 28, 304338).
nocross(1,11).
nocross(1,14).
nocross(1,15).
nocross(1,18).
nocross(1,24).
nocross(2,1).
nocross(2,11).
nocross(2,15).
nocross(2,16).
nocross(2,17).
nocross(2,19).
nocross(2,24).
nocross(3,4).
nocross(3,6).
nocross(3,9).
nocross(3,11).
nocross(3,14).
nocross(3,15).
nocross(3,24).
nocross(3,28).
nocross(4,3).
nocross(4,11).
nocross(4,14).
nocross(4,15).
nocross(4,18).
nocross(4,19).
nocross(4,22).
nocross(4,24).
nocross(5,4).
nocross(5,14).
nocross(5,15).
nocross(5,18).
nocross(5,19).
nocross(5,22).
nocross(5,23).
nocross(5,24).
nocross(5,28).
nocross(6,3).
nocross(6,4).
nocross(6,14).
nocross(6,17).
nocross(6,18).
nocross(6,23).
nocross(6,27).
nocross(6,28).
nocross(7,2).
nocross(7,11).
nocross(7,15).
nocross(7,16).
nocross(7,27).
nocross(8,17).
nocross(8,21).
nocross(9,3).
nocross(9,11).
nocross(9,15).
nocross(9,17).
nocross(9,24).
nocross(9,28).
nocross(11,3).
nocross(11,4).
nocross(11,9).
nocross(11,15).
nocross(11,17).
nocross(11,24).
nocross(12,25).
nocross(12,27).
nocross(13,1).
nocross(13,12).
nocross(13,15).
nocross(13,17).
nocross(13,21).
nocross(13,25).
nocross(14,6).
nocross(14,15).
nocross(14,17).
nocross(14,18).
nocross(14,19).
nocross(14,23).
nocross(14,24).
nocross(14,27).
nocross(14,28).
nocross(15,11).
nocross(15,17).
nocross(15,18).
nocross(15,19).
nocross(15,21).
nocross(15,24).
nocross(16,11).
nocross(16,15).
nocross(16,17).
nocross(16,19).
nocross(16,25).
nocross(16,27).
nocross(18,5).
nocross(18,14).
nocross(18,15).
nocross(18,19).
nocross(18,23).
nocross(18,24).
nocross(18,27).
nocross(19,3).
nocross(19,14).
nocross(19,15).
nocross(19,17).
nocross(19,18).
nocross(19,24).
nocross(20,11).
nocross(20,15).
nocross(20,18).
nocross(20,21).
nocross(20,24).
nocross(22,4).
nocross(22,5).
nocross(22,11).
nocross(22,14).
nocross(22,15).
nocross(22,18).
nocross(22,19).
nocross(22,24).
nocross(22,28).
nocross(23,3).
nocross(23,5).
nocross(23,14).
nocross(23,15).
nocross(23,17).
nocross(23,18).
nocross(23,19).
nocross(23,24).
nocross(23,28).
nocross(24,3).
nocross(24,4).
nocross(24,11).
nocross(24,14).
nocross(24,15).
nocross(24,17).
nocross(24,18).
nocross(25,12).
nocross(25,15).
nocross(25,18).
nocross(25,19).
nocross(25,27).
nocross(27,14).
nocross(27,15).
nocross(27,18).
nocross(27,19).
nocross(27,25).
nocross(29,17).
