dimension(29).
point(1, 16794.0, -142701.0).
point(2, -136293.0, -20354.0).
point(3, 63694.0, 323940.0).
point(4, -40492.0, -65177.0).
point(5, 10174.0, 298664.0).
point(6, -129738.0, 42501.0).
point(7, 120692.0, -150220.0).
point(8, 110289.0, -95783.0).
point(9, -98545.0, 383255.0).
point(10, 296074.0, 15024.0).
point(11, -139966.0, 305530.0).
point(12, -55858.0, -200212.0).
point(13, 302145.0, 151767.0).
point(14, -198471.0, -100037.0).
point(15, 118557.0, 107946.0).
point(16, 108665.0, 27627.0).
point(17, 181093.0, 95059.0).
point(18, 209120.0, 56749.0).
point(19, 15131.0, 122539.0).
point(20, 31730.0, -260158.0).
point(21, -197436.0, -27620.0).
point(22, -243454.0, -361512.0).
point(23, -6388.0, 83077.0).
point(24, 101225.0, -19838.0).
point(25, -67986.0, 80534.0).
point(26, -232227.0, 189346.0).
point(27, 2083.0, -281484.0).
point(28, 197928.0, -198385.0).
point(29, -252079.0, 62873.0).
cost(1, 2, 195970).
cost(1, 3, 468992).
cost(1, 4, 96393).
cost(1, 5, 441415).
cost(1, 6, 236160).
cost(1, 7, 104170).
cost(1, 8, 104607).
cost(1, 9, 538454).
cost(1, 10, 320741).
cost(1, 11, 474852).
cost(1, 12, 92660).
cost(1, 13, 410045).
cost(1, 14, 219452).
cost(1, 15, 270517).
cost(1, 16, 193525).
cost(1, 17, 289005).
cost(1, 18, 277073).
cost(1, 19, 265245).
cost(1, 20, 118403).
cost(1, 21, 243183).
cost(1, 22, 340011).
cost(1, 23, 226965).
cost(1, 24, 149077).
cost(1, 25, 238792).
cost(1, 26, 415050).
cost(1, 27, 139561).
cost(1, 28, 189500).
cost(1, 29, 338457).
cost(2, 1, 195970).
cost(2, 3, 398162).
cost(2, 4, 105768).
cost(2, 5, 351034).
cost(2, 6, 63196).
cost(2, 7, 287935).
cost(2, 8, 257861).
cost(2, 9, 405370).
cost(2, 10, 433812).
cost(2, 11, 325905).
cost(2, 12, 197025).
cost(2, 13, 471013).
cost(2, 14, 101072).
cost(2, 15, 285323).
cost(2, 16, 249613).
cost(2, 17, 337719).
cost(2, 18, 353914).
cost(2, 19, 208201).
cost(2, 20, 292810).
cost(2, 21, 61573).
cost(2, 22, 357592).
cost(2, 23, 166052).
cost(2, 24, 237519).
cost(2, 25, 121837).
cost(2, 26, 230602).
cost(2, 27, 295528).
cost(2, 28, 378680).
cost(2, 29, 142594).
cost(3, 1, 468992).
cost(3, 2, 398162).
cost(3, 4, 402823).
cost(3, 5, 59188).
cost(3, 6, 341502).
cost(3, 7, 477574).
cost(3, 8, 422301).
cost(3, 9, 172742).
cost(3, 10, 386561).
cost(3, 11, 204490).
cost(3, 12, 537613).
cost(3, 13, 294113).
cost(3, 14, 498485).
cost(3, 15, 222853).
cost(3, 16, 299706).
cost(3, 17, 257233).
cost(3, 18, 304203).
cost(3, 19, 207173).
cost(3, 20, 584972).
cost(3, 21, 437931).
cost(3, 22, 751122).
cost(3, 23, 250851).
cost(3, 24, 345821).
cost(3, 25, 276742).
cost(3, 26, 325092).
cost(3, 27, 608551).
cost(3, 28, 539298).
cost(3, 29, 409718).
cost(4, 1, 96393).
cost(4, 2, 105768).
cost(4, 3, 402823).
cost(4, 5, 367352).
cost(4, 6, 139855).
cost(4, 7, 182243).
cost(4, 8, 153856).
cost(4, 9, 452174).
cost(4, 10, 345990).
cost(4, 11, 383821).
cost(4, 12, 135906).
cost(4, 13, 405543).
cost(4, 14, 161779).
cost(4, 15, 235092).
cost(4, 16, 175671).
cost(4, 17, 273451).
cost(4, 18, 277799).
cost(4, 19, 195784).
cost(4, 20, 207927).
cost(4, 21, 161375).
cost(4, 22, 359177).
cost(4, 23, 152126).
cost(4, 24, 148793).
cost(4, 25, 148282).
cost(4, 26, 318660).
cost(4, 27, 220457).
cost(4, 28, 273109).
cost(4, 29, 247317).
cost(5, 1, 441415).
cost(5, 2, 351034).
cost(5, 3, 59188).
cost(5, 4, 367352).
cost(5, 6, 291882).
cost(5, 7, 462289).
cost(5, 8, 406954).
cost(5, 9, 137751).
cost(5, 10, 402729).
cost(5, 11, 150297).
cost(5, 12, 503227).
cost(5, 13, 326842).
cost(5, 14, 449995).
cost(5, 15, 219363).
cost(5, 16, 288377).
cost(5, 17, 265835).
cost(5, 18, 313213).
cost(5, 19, 176195).
cost(5, 20, 559238).
cost(5, 21, 386734).
cost(5, 22, 707220).
cost(5, 23, 216222).
cost(5, 24, 331261).
cost(5, 25, 231710).
cost(5, 26, 265911).
cost(5, 27, 580204).
cost(5, 28, 531328).
cost(5, 29, 352667).
cost(6, 1, 236160).
cost(6, 2, 63196).
cost(6, 3, 341502).
cost(6, 4, 139855).
cost(6, 5, 291882).
cost(6, 7, 316001).
cost(6, 8, 277012).
cost(6, 9, 342179).
cost(6, 10, 426698).
cost(6, 11, 263228).
cost(6, 12, 253708).
cost(6, 13, 445491).
cost(6, 14, 158244).
cost(6, 15, 256775).
cost(6, 16, 238867).
cost(6, 17, 315243).
cost(6, 18, 339157).
cost(6, 19, 165509).
cost(6, 20, 343037).
cost(6, 21, 97468).
cost(6, 22, 419712).
cost(6, 23, 129852).
cost(6, 24, 239228).
cost(6, 25, 72525).
cost(6, 26, 179074).
cost(6, 27, 349776).
cost(6, 28, 406683).
cost(6, 29, 124026).
cost(7, 1, 104170).
cost(7, 2, 287935).
cost(7, 3, 477574).
cost(7, 4, 182243).
cost(7, 5, 462289).
cost(7, 6, 316001).
cost(7, 8, 55422).
cost(7, 9, 576767).
cost(7, 10, 240966).
cost(7, 11, 525024).
cost(7, 12, 183491).
cost(7, 13, 352309).
cost(7, 14, 323084).
cost(7, 15, 258175).
cost(7, 16, 178253).
cost(7, 17, 252607).
cost(7, 18, 225068).
cost(7, 19, 292473).
cost(7, 20, 141423).
cost(7, 21, 340934).
cost(7, 22, 421007).
cost(7, 23, 265663).
cost(7, 24, 131827).
cost(7, 25, 298072).
cost(7, 26, 489752).
cost(7, 27, 176913).
cost(7, 28, 91023).
cost(7, 29, 429380).
cost(8, 1, 104607).
cost(8, 2, 257861).
cost(8, 3, 422301).
cost(8, 4, 153856).
cost(8, 5, 406954).
cost(8, 6, 277012).
cost(8, 7, 55422).
cost(8, 9, 522579).
cost(8, 10, 216320).
cost(8, 11, 472948).
cost(8, 12, 196240).
cost(8, 13, 313193).
cost(8, 14, 308789).
cost(8, 15, 203897).
cost(8, 16, 123421).
cost(8, 17, 203553).
cost(8, 18, 181751).
cost(8, 19, 238159).
cost(8, 20, 182183).
cost(8, 21, 315184).
cost(8, 22, 442432).
cost(8, 23, 213552).
cost(8, 24, 76484).
cost(8, 25, 250738).
cost(8, 26, 445663).
cost(8, 27, 214926).
cost(8, 28, 134936).
cost(8, 29, 395578).
cost(9, 1, 538454).
cost(9, 2, 405370).
cost(9, 3, 172742).
cost(9, 4, 452174).
cost(9, 5, 137751).
cost(9, 6, 342179).
cost(9, 7, 576767).
cost(9, 8, 522579).
cost(9, 10, 539739).
cost(9, 11, 88073).
cost(9, 12, 585026).
cost(9, 13, 462752).
cost(9, 14, 493514).
cost(9, 15, 350611).
cost(9, 16, 411591).
cost(9, 17, 401565).
cost(9, 18, 448624).
cost(9, 19, 284421).
cost(9, 20, 656469).
cost(9, 21, 422608).
cost(9, 22, 758733).
cost(9, 23, 314006).
cost(9, 24, 449880).
cost(9, 25, 304260).
cost(9, 26, 235524).
cost(9, 27, 672312).
cost(9, 28, 652841).
cost(9, 29, 355271).
cost(10, 1, 320741).
cost(10, 2, 433812).
cost(10, 3, 386561).
cost(10, 4, 345990).
cost(10, 5, 402729).
cost(10, 6, 426698).
cost(10, 7, 240966).
cost(10, 8, 216320).
cost(10, 9, 539739).
cost(10, 11, 523951).
cost(10, 12, 412532).
cost(10, 13, 136878).
cost(10, 14, 507754).
cost(10, 15, 200367).
cost(10, 16, 187832).
cost(10, 17, 140094).
cost(10, 18, 96447).
cost(10, 19, 300813).
cost(10, 20, 381579).
cost(10, 21, 495349).
cost(10, 22, 657928).
cost(10, 23, 310023).
cost(10, 24, 197943).
cost(10, 25, 369907).
cost(10, 26, 556318).
cost(10, 27, 417550).
cost(10, 28, 234896).
cost(10, 29, 550237).
cost(11, 1, 474852).
cost(11, 2, 325905).
cost(11, 3, 204490).
cost(11, 4, 383821).
cost(11, 5, 150297).
cost(11, 6, 263228).
cost(11, 7, 525024).
cost(11, 8, 472948).
cost(11, 9, 88073).
cost(11, 10, 523951).
cost(11, 12, 512688).
cost(11, 13, 468087).
cost(11, 14, 409765).
cost(11, 15, 325382).
cost(11, 16, 372891).
cost(11, 17, 383897).
cost(11, 18, 428664).
cost(11, 19, 239877).
cost(11, 20, 591170).
cost(11, 21, 338071).
cost(11, 22, 675022).
cost(11, 23, 259477).
cost(11, 24, 405015).
cost(11, 25, 236229).
cost(11, 26, 148360).
cost(11, 27, 603956).
cost(11, 28, 606715).
cost(11, 29, 267305).
cost(12, 1, 92660).
cost(12, 2, 197025).
cost(12, 3, 537613).
cost(12, 4, 135906).
cost(12, 5, 503227).
cost(12, 6, 253708).
cost(12, 7, 183491).
cost(12, 8, 196240).
cost(12, 9, 585026).
cost(12, 10, 412532).
cost(12, 11, 512688).
cost(12, 13, 502051).
cost(12, 14, 174280).
cost(12, 15, 354093).
cost(12, 16, 281031).
cost(12, 17, 378590).
cost(12, 18, 369110).
cost(12, 19, 330466).
cost(12, 20, 106138).
cost(12, 21, 223232).
cost(12, 22, 247406).
cost(12, 23, 287576).
cost(12, 24, 239186).
cost(12, 25, 281008).
cost(12, 26, 427623).
cost(12, 27, 99811).
cost(12, 28, 253793).
cost(12, 29, 328202).
cost(13, 1, 410045).
cost(13, 2, 471013).
cost(13, 3, 294113).
cost(13, 4, 405543).
cost(13, 5, 326842).
cost(13, 6, 445491).
cost(13, 7, 352309).
cost(13, 8, 313193).
cost(13, 9, 462752).
cost(13, 10, 136878).
cost(13, 11, 468087).
cost(13, 12, 502051).
cost(13, 14, 560376).
cost(13, 15, 188745).
cost(13, 16, 229881).
cost(13, 17, 133676).
cost(13, 18, 132974).
cost(13, 19, 288498).
cost(13, 20, 492754).
cost(13, 21, 530812).
cost(13, 22, 749089).
cost(13, 23, 316087).
cost(13, 24, 264229).
cost(13, 25, 376923).
cost(13, 26, 535692).
cost(13, 27, 527014).
cost(13, 28, 365332).
cost(13, 29, 561308).
cost(14, 1, 219452).
cost(14, 2, 101072).
cost(14, 3, 498485).
cost(14, 4, 161779).
cost(14, 5, 449995).
cost(14, 6, 158244).
cost(14, 7, 323084).
cost(14, 8, 308789).
cost(14, 9, 493514).
cost(14, 10, 507754).
cost(14, 11, 409765).
cost(14, 12, 174280).
cost(14, 13, 560376).
cost(14, 15, 379162).
cost(14, 16, 332612).
cost(14, 17, 426768).
cost(14, 18, 436706).
cost(14, 19, 308490).
cost(14, 20, 280413).
cost(14, 21, 72424).
cost(14, 22, 265316).
cost(14, 23, 265380).
cost(14, 24, 310241).
cost(14, 25, 222783).
cost(14, 26, 291345).
cost(14, 27, 270453).
cost(14, 28, 408417).
cost(14, 29, 171504).
cost(15, 1, 270517).
cost(15, 2, 285323).
cost(15, 3, 222853).
cost(15, 4, 235092).
cost(15, 5, 219363).
cost(15, 6, 256775).
cost(15, 7, 258175).
cost(15, 8, 203897).
cost(15, 9, 350611).
cost(15, 10, 200367).
cost(15, 11, 325382).
cost(15, 12, 354093).
cost(15, 13, 188745).
cost(15, 14, 379162).
cost(15, 16, 80926).
cost(15, 17, 63850).
cost(15, 18, 104033).
cost(15, 19, 104450).
cost(15, 20, 378206).
cost(15, 21, 343845).
cost(15, 22, 592826).
cost(15, 23, 127396).
cost(15, 24, 128954).
cost(15, 25, 188546).
cost(15, 26, 360105).
cost(15, 27, 406475).
cost(15, 28, 316447).
cost(15, 29, 373367).
cost(16, 1, 193525).
cost(16, 2, 249613).
cost(16, 3, 299706).
cost(16, 4, 175671).
cost(16, 5, 288377).
cost(16, 6, 238867).
cost(16, 7, 178253).
cost(16, 8, 123421).
cost(16, 9, 411591).
cost(16, 10, 187832).
cost(16, 11, 372891).
cost(16, 12, 281031).
cost(16, 13, 229881).
cost(16, 14, 332612).
cost(16, 15, 80926).
cost(16, 17, 98959).
cost(16, 18, 104591).
cost(16, 19, 133255).
cost(16, 20, 297891).
cost(16, 21, 311047).
cost(16, 22, 524802).
cost(16, 23, 127718).
cost(16, 24, 48045).
cost(16, 25, 184404).
cost(16, 26, 377307).
cost(16, 27, 326970).
cost(16, 28, 243001).
cost(16, 29, 362462).
cost(17, 1, 289005).
cost(17, 2, 337719).
cost(17, 3, 257233).
cost(17, 4, 273451).
cost(17, 5, 265835).
cost(17, 6, 315243).
cost(17, 7, 252607).
cost(17, 8, 203553).
cost(17, 9, 401565).
cost(17, 10, 140094).
cost(17, 11, 383897).
cost(17, 12, 378590).
cost(17, 13, 133676).
cost(17, 14, 426768).
cost(17, 15, 63850).
cost(17, 16, 98959).
cost(17, 18, 47468).
cost(17, 19, 168222).
cost(17, 20, 385342).
cost(17, 21, 397912).
cost(17, 22, 623456).
cost(17, 23, 187863).
cost(17, 24, 139929).
cost(17, 25, 249502).
cost(17, 26, 423938).
cost(17, 27, 416928).
cost(17, 28, 293927).
cost(17, 29, 434366).
cost(18, 1, 277073).
cost(18, 2, 353914).
cost(18, 3, 304203).
cost(18, 4, 277799).
cost(18, 5, 313213).
cost(18, 6, 339157).
cost(18, 7, 225068).
cost(18, 8, 181751).
cost(18, 9, 448624).
cost(18, 10, 96447).
cost(18, 11, 428664).
cost(18, 12, 369110).
cost(18, 13, 132974).
cost(18, 14, 436706).
cost(18, 15, 104033).
cost(18, 16, 104591).
cost(18, 17, 47468).
cost(18, 19, 204842).
cost(18, 20, 363177).
cost(18, 21, 415218).
cost(18, 22, 616251).
cost(18, 23, 217110).
cost(18, 24, 132314).
cost(18, 25, 278125).
cost(18, 26, 460835).
cost(18, 27, 396568).
cost(18, 28, 255379).
cost(18, 29, 461240).
cost(19, 1, 265245).
cost(19, 2, 208201).
cost(19, 3, 207173).
cost(19, 4, 195784).
cost(19, 5, 176195).
cost(19, 6, 165509).
cost(19, 7, 292473).
cost(19, 8, 238159).
cost(19, 9, 284421).
cost(19, 10, 300813).
cost(19, 11, 239877).
cost(19, 12, 330466).
cost(19, 13, 288498).
cost(19, 14, 308490).
cost(19, 15, 104450).
cost(19, 16, 133255).
cost(19, 17, 168222).
cost(19, 18, 204842).
cost(19, 20, 383057).
cost(19, 21, 260255).
cost(19, 22, 548791).
cost(19, 23, 44948).
cost(19, 24, 166383).
cost(19, 25, 93128).
cost(19, 26, 256221).
cost(19, 27, 404234).
cost(19, 28, 369333).
cost(19, 29, 273790).
cost(20, 1, 118403).
cost(20, 2, 292810).
cost(20, 3, 584972).
cost(20, 4, 207927).
cost(20, 5, 559238).
cost(20, 6, 343037).
cost(20, 7, 141423).
cost(20, 8, 182183).
cost(20, 9, 656469).
cost(20, 10, 381579).
cost(20, 11, 591170).
cost(20, 12, 106138).
cost(20, 13, 492754).
cost(20, 14, 280413).
cost(20, 15, 378206).
cost(20, 16, 297891).
cost(20, 17, 385342).
cost(20, 18, 363177).
cost(20, 19, 383057).
cost(20, 21, 326483).
cost(20, 22, 293256).
cost(20, 23, 345345).
cost(20, 24, 250166).
cost(20, 25, 354985).
cost(20, 26, 521275).
cost(20, 27, 36520).
cost(20, 28, 177307).
cost(20, 29, 429996).
cost(21, 1, 243183).
cost(21, 2, 61573).
cost(21, 3, 437931).
cost(21, 4, 161375).
cost(21, 5, 386734).
cost(21, 6, 97468).
cost(21, 7, 340934).
cost(21, 8, 315184).
cost(21, 9, 422608).
cost(21, 10, 495349).
cost(21, 11, 338071).
cost(21, 12, 223232).
cost(21, 13, 530812).
cost(21, 14, 72424).
cost(21, 15, 343845).
cost(21, 16, 311047).
cost(21, 17, 397912).
cost(21, 18, 415218).
cost(21, 19, 260255).
cost(21, 20, 326483).
cost(21, 22, 337048).
cost(21, 23, 220801).
cost(21, 24, 298762).
cost(21, 25, 168685).
cost(21, 26, 219738).
cost(21, 27, 322885).
cost(21, 28, 430666).
cost(21, 29, 105711).
cost(22, 1, 340011).
cost(22, 2, 357592).
cost(22, 3, 751122).
cost(22, 4, 359177).
cost(22, 5, 707220).
cost(22, 6, 419712).
cost(22, 7, 421007).
cost(22, 8, 442432).
cost(22, 9, 758733).
cost(22, 10, 657928).
cost(22, 11, 675022).
cost(22, 12, 247406).
cost(22, 13, 749089).
cost(22, 14, 265316).
cost(22, 15, 592826).
cost(22, 16, 524802).
cost(22, 17, 623456).
cost(22, 18, 616251).
cost(22, 19, 548791).
cost(22, 20, 293256).
cost(22, 21, 337048).
cost(22, 23, 503845).
cost(22, 24, 485330).
cost(22, 25, 475598).
cost(22, 26, 550972).
cost(22, 27, 258250).
cost(22, 28, 470562).
cost(22, 29, 424473).
cost(23, 1, 226965).
cost(23, 2, 166052).
cost(23, 3, 250851).
cost(23, 4, 152126).
cost(23, 5, 216222).
cost(23, 6, 129852).
cost(23, 7, 265663).
cost(23, 8, 213552).
cost(23, 9, 314006).
cost(23, 10, 310023).
cost(23, 11, 259477).
cost(23, 12, 287576).
cost(23, 13, 316087).
cost(23, 14, 265380).
cost(23, 15, 127396).
cost(23, 16, 127718).
cost(23, 17, 187863).
cost(23, 18, 217110).
cost(23, 19, 44948).
cost(23, 20, 345345).
cost(23, 21, 220801).
cost(23, 22, 503845).
cost(23, 24, 148903).
cost(23, 25, 61650).
cost(23, 26, 249592).
cost(23, 27, 364659).
cost(23, 28, 347802).
cost(23, 29, 246520).
cost(24, 1, 149077).
cost(24, 2, 237519).
cost(24, 3, 345821).
cost(24, 4, 148793).
cost(24, 5, 331261).
cost(24, 6, 239228).
cost(24, 7, 131827).
cost(24, 8, 76484).
cost(24, 9, 449880).
cost(24, 10, 197943).
cost(24, 11, 405015).
cost(24, 12, 239186).
cost(24, 13, 264229).
cost(24, 14, 310241).
cost(24, 15, 128954).
cost(24, 16, 48045).
cost(24, 17, 139929).
cost(24, 18, 132314).
cost(24, 19, 166383).
cost(24, 20, 250166).
cost(24, 21, 298762).
cost(24, 22, 485330).
cost(24, 23, 148903).
cost(24, 25, 196741).
cost(24, 26, 393635).
cost(24, 27, 279800).
cost(24, 28, 203053).
cost(24, 29, 362856).
cost(25, 1, 238792).
cost(25, 2, 121837).
cost(25, 3, 276742).
cost(25, 4, 148282).
cost(25, 5, 231710).
cost(25, 6, 72525).
cost(25, 7, 298072).
cost(25, 8, 250738).
cost(25, 9, 304260).
cost(25, 10, 369907).
cost(25, 11, 236229).
cost(25, 12, 281008).
cost(25, 13, 376923).
cost(25, 14, 222783).
cost(25, 15, 188546).
cost(25, 16, 184404).
cost(25, 17, 249502).
cost(25, 18, 278125).
cost(25, 19, 93128).
cost(25, 20, 354985).
cost(25, 21, 168685).
cost(25, 22, 475598).
cost(25, 23, 61650).
cost(25, 24, 196741).
cost(25, 26, 197016).
cost(25, 27, 368737).
cost(25, 28, 385365).
cost(25, 29, 184938).
cost(26, 1, 415050).
cost(26, 2, 230602).
cost(26, 3, 325092).
cost(26, 4, 318660).
cost(26, 5, 265911).
cost(26, 6, 179074).
cost(26, 7, 489752).
cost(26, 8, 445663).
cost(26, 9, 235524).
cost(26, 10, 556318).
cost(26, 11, 148360).
cost(26, 12, 427623).
cost(26, 13, 535692).
cost(26, 14, 291345).
cost(26, 15, 360105).
cost(26, 16, 377307).
cost(26, 17, 423938).
cost(26, 18, 460835).
cost(26, 19, 256221).
cost(26, 20, 521275).
cost(26, 21, 219738).
cost(26, 22, 550972).
cost(26, 23, 249592).
cost(26, 24, 393635).
cost(26, 25, 197016).
cost(26, 27, 525911).
cost(26, 28, 579110).
cost(26, 29, 128022).
cost(27, 1, 139561).
cost(27, 2, 295528).
cost(27, 3, 608551).
cost(27, 4, 220457).
cost(27, 5, 580204).
cost(27, 6, 349776).
cost(27, 7, 176913).
cost(27, 8, 214926).
cost(27, 9, 672312).
cost(27, 10, 417550).
cost(27, 11, 603956).
cost(27, 12, 99811).
cost(27, 13, 527014).
cost(27, 14, 270453).
cost(27, 15, 406475).
cost(27, 16, 326970).
cost(27, 17, 416928).
cost(27, 18, 396568).
cost(27, 19, 404234).
cost(27, 20, 36520).
cost(27, 21, 322885).
cost(27, 22, 258250).
cost(27, 23, 364659).
cost(27, 24, 279800).
cost(27, 25, 368737).
cost(27, 26, 525911).
cost(27, 28, 212746).
cost(27, 29, 427995).
cost(28, 1, 189500).
cost(28, 2, 378680).
cost(28, 3, 539298).
cost(28, 4, 273109).
cost(28, 5, 531328).
cost(28, 6, 406683).
cost(28, 7, 91023).
cost(28, 8, 134936).
cost(28, 9, 652841).
cost(28, 10, 234896).
cost(28, 11, 606715).
cost(28, 12, 253793).
cost(28, 13, 365332).
cost(28, 14, 408417).
cost(28, 15, 316447).
cost(28, 16, 243001).
cost(28, 17, 293927).
cost(28, 18, 255379).
cost(28, 19, 369333).
cost(28, 20, 177307).
cost(28, 21, 430666).
cost(28, 22, 470562).
cost(28, 23, 347802).
cost(28, 24, 203053).
cost(28, 25, 385365).
cost(28, 26, 579110).
cost(28, 27, 212746).
cost(28, 29, 520348).
cost(29, 1, 338457).
cost(29, 2, 142594).
cost(29, 3, 409718).
cost(29, 4, 247317).
cost(29, 5, 352667).
cost(29, 6, 124026).
cost(29, 7, 429380).
cost(29, 8, 395578).
cost(29, 9, 355271).
cost(29, 10, 550237).
cost(29, 11, 267305).
cost(29, 12, 328202).
cost(29, 13, 561308).
cost(29, 14, 171504).
cost(29, 15, 373367).
cost(29, 16, 362462).
cost(29, 17, 434366).
cost(29, 18, 461240).
cost(29, 19, 273790).
cost(29, 20, 429996).
cost(29, 21, 105711).
cost(29, 22, 424473).
cost(29, 23, 246520).
cost(29, 24, 362856).
cost(29, 25, 184938).
cost(29, 26, 128022).
cost(29, 27, 427995).
cost(29, 28, 520348).
nocross(1,7).
nocross(1,8).
nocross(1,10).
nocross(1,12).
nocross(1,14).
nocross(1,24).
nocross(1,27).
nocross(2,1).
nocross(2,5).
nocross(2,6).
nocross(2,12).
nocross(2,21).
nocross(2,25).
nocross(2,27).
nocross(4,7).
nocross(4,8).
nocross(4,12).
nocross(4,14).
nocross(4,16).
nocross(4,19).
nocross(4,20).
nocross(4,24).
nocross(4,27).
nocross(5,13).
nocross(5,15).
nocross(5,16).
nocross(5,19).
nocross(5,25).
nocross(5,26).
nocross(6,2).
nocross(6,4).
nocross(6,5).
nocross(6,11).
nocross(6,12).
nocross(6,21).
nocross(6,25).
nocross(7,1).
nocross(7,8).
nocross(7,10).
nocross(7,12).
nocross(7,16).
nocross(7,17).
nocross(7,27).
nocross(8,1).
nocross(8,7).
nocross(8,10).
nocross(8,16).
nocross(8,17).
nocross(8,20).
nocross(8,27).
nocross(8,28).
nocross(9,3).
nocross(10,7).
nocross(10,8).
nocross(10,16).
nocross(10,17).
nocross(10,18).
nocross(10,24).
nocross(10,28).
nocross(11,5).
nocross(11,19).
nocross(11,25).
nocross(11,26).
nocross(12,4).
nocross(12,7).
nocross(12,14).
nocross(12,27).
nocross(13,3).
nocross(13,10).
nocross(13,17).
nocross(13,18).
nocross(14,2).
nocross(14,4).
nocross(14,12).
nocross(14,21).
nocross(15,5).
nocross(15,10).
nocross(15,16).
nocross(15,17).
nocross(15,19).
nocross(16,5).
nocross(16,10).
nocross(16,15).
nocross(16,17).
nocross(16,18).
nocross(16,24).
nocross(16,28).
nocross(17,5).
nocross(17,8).
nocross(17,10).
nocross(17,13).
nocross(17,15).
nocross(17,16).
nocross(17,18).
nocross(17,24).
nocross(18,7).
nocross(18,8).
nocross(18,16).
nocross(18,17).
nocross(18,19).
nocross(18,24).
nocross(18,28).
nocross(19,4).
nocross(19,11).
nocross(19,15).
nocross(19,16).
nocross(19,23).
nocross(19,25).
nocross(21,2).
nocross(21,4).
nocross(21,6).
nocross(21,12).
nocross(21,14).
nocross(22,12).
nocross(22,14).
nocross(22,27).
nocross(23,4).
nocross(23,5).
nocross(23,6).
nocross(23,8).
nocross(23,15).
nocross(23,16).
nocross(23,17).
nocross(23,19).
nocross(23,24).
nocross(23,25).
nocross(23,26).
nocross(24,4).
nocross(24,5).
nocross(24,8).
nocross(24,10).
nocross(24,16).
nocross(25,2).
nocross(25,4).
nocross(25,5).
nocross(25,6).
nocross(25,19).
nocross(25,21).
nocross(25,23).
nocross(25,26).
nocross(26,5).
nocross(26,19).
nocross(26,25).
nocross(26,29).
nocross(27,8).
nocross(27,12).
nocross(27,14).
nocross(27,22).
nocross(27,28).
nocross(28,7).
nocross(28,8).
nocross(28,10).
nocross(28,17).
nocross(28,24).
nocross(29,2).
nocross(29,5).
nocross(29,6).
nocross(29,11).
nocross(29,12).
nocross(29,21).
nocross(29,25).
