dimension(29).
point(1, -43720.0, -149992.0).
point(2, -163738.0, 46868.0).
point(3, 46121.0, 306074.0).
point(4, -262135.0, 118972.0).
point(5, -189435.0, -61130.0).
point(6, 18929.0, -69665.0).
point(7, 324958.0, -49665.0).
point(8, 401385.0, 71213.0).
point(9, 4859.0, -77127.0).
point(10, 160098.0, 116330.0).
point(11, -367754.0, 164694.0).
point(12, -166269.0, 47977.0).
point(13, -29821.0, -443008.0).
point(14, -134107.0, 134359.0).
point(15, -236612.0, -2845.0).
point(16, 101643.0, 20718.0).
point(17, -118756.0, -219537.0).
point(18, -176474.0, 32044.0).
point(19, 198001.0, 289622.0).
point(20, -450800.0, -4302.0).
point(21, 87359.0, -117163.0).
point(22, -499057.0, -182933.0).
point(23, 129634.0, 46444.0).
point(24, 361277.0, 624750.0).
point(25, -89501.0, -142671.0).
point(26, -206844.0, -69981.0).
point(27, 29411.0, -155903.0).
point(28, 492813.0, -348196.0).
point(29, 146007.0, 107895.0).
cost(1, 2, 230561).
cost(1, 3, 464831).
cost(1, 4, 346478).
cost(1, 5, 170673).
cost(1, 6, 101869).
cost(1, 7, 382085).
cost(1, 8, 497041).
cost(1, 9, 87574).
cost(1, 10, 335364).
cost(1, 11, 451692).
cost(1, 12, 232830).
cost(1, 13, 293345).
cost(1, 14, 298371).
cost(1, 15, 242610).
cost(1, 16, 224215).
cost(1, 17, 102308).
cost(1, 18, 225301).
cost(1, 19, 501687).
cost(1, 20, 432365).
cost(1, 21, 135128).
cost(1, 22, 456527).
cost(1, 23, 261990).
cost(1, 24, 874213).
cost(1, 25, 46363).
cost(1, 26, 181690).
cost(1, 27, 73369).
cost(1, 28, 571972).
cost(1, 29, 320159).
cost(2, 1, 230561).
cost(2, 3, 333509).
cost(2, 4, 121988).
cost(2, 5, 111013).
cost(2, 6, 216673).
cost(2, 7, 498139).
cost(2, 8, 565647).
cost(2, 9, 209284).
cost(2, 10, 331202).
cost(2, 11, 235596).
cost(2, 12, 2763).
cost(2, 13, 507851).
cost(2, 14, 92372).
cost(2, 15, 88216).
cost(2, 16, 266666).
cost(2, 17, 270176).
cost(2, 18, 19544).
cost(2, 19, 435643).
cost(2, 20, 291587).
cost(2, 21, 299926).
cost(2, 22, 406506).
cost(2, 23, 293372).
cost(2, 24, 780761).
cost(2, 25, 203559).
cost(2, 26, 124546).
cost(2, 27, 280040).
cost(2, 28, 766247).
cost(2, 29, 315700).
cost(3, 1, 464831).
cost(3, 2, 333509).
cost(3, 4, 360595).
cost(3, 5, 436263).
cost(3, 6, 376722).
cost(3, 7, 451996).
cost(3, 8, 425878).
cost(3, 9, 385416).
cost(3, 10, 221345).
cost(3, 11, 437357).
cost(3, 12, 334251).
cost(3, 13, 752922).
cost(3, 14, 248934).
cost(3, 15, 418771).
cost(3, 16, 290707).
cost(3, 17, 550864).
cost(3, 18, 353045).
cost(3, 19, 152768).
cost(3, 20, 585887).
cost(3, 21, 425241).
cost(3, 22, 732357).
cost(3, 23, 272731).
cost(3, 24, 448194).
cost(3, 25, 468791).
cost(3, 26, 453220).
cost(3, 27, 462279).
cost(3, 28, 792214).
cost(3, 29, 221928).
cost(4, 1, 346478).
cost(4, 2, 121988).
cost(4, 3, 360595).
cost(4, 5, 194222).
cost(4, 6, 338498).
cost(4, 7, 610833).
cost(4, 8, 665237).
cost(4, 9, 331271).
cost(4, 10, 422241).
cost(4, 11, 115091).
cost(4, 12, 119292).
cost(4, 13, 608105).
cost(4, 14, 128949).
cost(4, 15, 124462).
cost(4, 16, 376813).
cost(4, 17, 367622).
cost(4, 18, 122042).
cost(4, 19, 490761).
cost(4, 20, 225369).
cost(4, 21, 421789).
cost(4, 22, 383769).
cost(4, 23, 398426).
cost(4, 24, 802779).
cost(4, 25, 313464).
cost(4, 26, 196876).
cost(4, 27, 400694).
cost(4, 28, 887802).
cost(4, 29, 408292).
cost(5, 1, 170673).
cost(5, 2, 111013).
cost(5, 3, 436263).
cost(5, 4, 194222).
cost(5, 6, 208539).
cost(5, 7, 514521).
cost(5, 8, 605461).
cost(5, 9, 194951).
cost(5, 10, 392002).
cost(5, 11, 287740).
cost(5, 12, 111539).
cost(5, 13, 413893).
cost(5, 14, 203168).
cost(5, 15, 74985).
cost(5, 16, 302366).
cost(5, 17, 173460).
cost(5, 18, 94071).
cost(5, 19, 522622).
cost(5, 20, 267472).
cost(5, 21, 282409).
cost(5, 22, 332719).
cost(5, 23, 336715).
cost(5, 24, 879611).
cost(5, 25, 128980).
cost(5, 26, 19530).
cost(5, 27, 238486).
cost(5, 28, 740182).
cost(5, 29, 375621).
cost(6, 1, 101869).
cost(6, 2, 216673).
cost(6, 3, 376722).
cost(6, 4, 338498).
cost(6, 5, 208539).
cost(6, 7, 306682).
cost(6, 8, 407577).
cost(6, 9, 15926).
cost(6, 10, 233501).
cost(6, 11, 452159).
cost(6, 12, 219404).
cost(6, 13, 376512).
cost(6, 14, 255041).
cost(6, 15, 264133).
cost(6, 16, 122518).
cost(6, 17, 203516).
cost(6, 18, 220289).
cost(6, 19, 401440).
cost(6, 20, 474255).
cost(6, 21, 83299).
cost(6, 22, 530226).
cost(6, 23, 160427).
cost(6, 24, 774219).
cost(6, 25, 130717).
cost(6, 26, 225773).
cost(6, 27, 86873).
cost(6, 28, 549678).
cost(6, 29, 218349).
cost(7, 1, 382085).
cost(7, 2, 498139).
cost(7, 3, 451996).
cost(7, 4, 610833).
cost(7, 5, 514521).
cost(7, 6, 306682).
cost(7, 8, 143013).
cost(7, 9, 321275).
cost(7, 10, 233951).
cost(7, 11, 725120).
cost(7, 12, 500837).
cost(7, 13, 529704).
cost(7, 14, 494576).
cost(7, 15, 563518).
cost(7, 16, 234144).
cost(7, 17, 475120).
cost(7, 18, 508046).
cost(7, 19, 362262).
cost(7, 20, 777083).
cost(7, 21, 247001).
cost(7, 22, 834722).
cost(7, 23, 217689).
cost(7, 24, 675392).
cost(7, 25, 424766).
cost(7, 26, 532190).
cost(7, 27, 314061).
cost(7, 28, 342485).
cost(7, 29, 238429).
cost(8, 1, 497041).
cost(8, 2, 565647).
cost(8, 3, 425878).
cost(8, 4, 665237).
cost(8, 5, 605461).
cost(8, 6, 407577).
cost(8, 7, 143013).
cost(8, 9, 423365).
cost(8, 10, 245469).
cost(8, 11, 774799).
cost(8, 12, 568129).
cost(8, 13, 671090).
cost(8, 14, 539202).
cost(8, 15, 642281).
cost(8, 16, 303965).
cost(8, 17, 595888).
cost(8, 18, 579185).
cost(8, 19, 298442).
cost(8, 20, 855524).
cost(8, 21, 366194).
cost(8, 22, 935621).
cost(8, 23, 272877).
cost(8, 24, 554988).
cost(8, 25, 535458).
cost(8, 26, 624402).
cost(8, 27, 435828).
cost(8, 28, 429259).
cost(8, 29, 257999).
cost(9, 1, 87574).
cost(9, 2, 209284).
cost(9, 3, 385416).
cost(9, 4, 331271).
cost(9, 5, 194951).
cost(9, 6, 15926).
cost(9, 7, 321275).
cost(9, 8, 423365).
cost(9, 10, 248042).
cost(9, 11, 444205).
cost(9, 12, 211981).
cost(9, 13, 367521).
cost(9, 14, 253057).
cost(9, 15, 252638).
cost(9, 16, 137626).
cost(9, 17, 188577).
cost(9, 18, 211660).
cost(9, 19, 414498).
cost(9, 20, 461442).
cost(9, 21, 91701).
cost(9, 22, 514904).
cost(9, 23, 175609).
cost(9, 24, 787188).
cost(9, 25, 114890).
cost(9, 26, 211824).
cost(9, 27, 82513).
cost(9, 28, 558191).
cost(9, 29, 232714).
cost(10, 1, 335364).
cost(10, 2, 331202).
cost(10, 3, 221345).
cost(10, 4, 422241).
cost(10, 5, 392002).
cost(10, 6, 233501).
cost(10, 7, 233951).
cost(10, 8, 245469).
cost(10, 9, 248042).
cost(10, 11, 530063).
cost(10, 12, 333448).
cost(10, 13, 590701).
cost(10, 14, 294757).
cost(10, 15, 414224).
cost(10, 16, 112065).
cost(10, 17, 436539).
cost(10, 18, 346965).
cost(10, 19, 177389).
cost(10, 20, 622695).
cost(10, 21, 244561).
cost(10, 22, 723909).
cost(10, 23, 76237).
cost(10, 24, 546776).
cost(10, 25, 359696).
cost(10, 26, 411532).
cost(10, 27, 301977).
cost(10, 28, 571388).
cost(10, 29, 16423).
cost(11, 1, 451692).
cost(11, 2, 235596).
cost(11, 3, 437357).
cost(11, 4, 115091).
cost(11, 5, 287740).
cost(11, 6, 452159).
cost(11, 7, 725120).
cost(11, 8, 774799).
cost(11, 9, 444205).
cost(11, 10, 530063).
cost(11, 12, 232850).
cost(11, 13, 695342).
cost(11, 14, 235608).
cost(11, 15, 212762).
cost(11, 16, 490981).
cost(11, 17, 457857).
cost(11, 18, 232775).
cost(11, 19, 579384).
cost(11, 20, 188298).
cost(11, 21, 535323).
cost(11, 22, 371598).
cost(11, 23, 511251).
cost(11, 24, 862054).
cost(11, 25, 414606).
cost(11, 26, 284542).
cost(11, 27, 510414).
cost(11, 28, 1001814).
cost(11, 29, 516891).
cost(12, 1, 232830).
cost(12, 2, 2763).
cost(12, 3, 334251).
cost(12, 4, 119292).
cost(12, 5, 111539).
cost(12, 6, 219404).
cost(12, 7, 500837).
cost(12, 8, 568129).
cost(12, 9, 211981).
cost(12, 10, 333448).
cost(12, 11, 232850).
cost(12, 13, 509592).
cost(12, 14, 92175).
cost(12, 15, 86781).
cost(12, 16, 269295).
cost(12, 17, 271701).
cost(12, 18, 18921).
cost(12, 19, 437133).
cost(12, 20, 289294).
cost(12, 21, 302652).
cost(12, 22, 405052).
cost(12, 23, 295907).
cost(12, 24, 781647).
cost(12, 25, 205524).
cost(12, 26, 124741).
cost(12, 27, 282591).
cost(12, 28, 768988).
cost(12, 29, 317972).
cost(13, 1, 293345).
cost(13, 2, 507851).
cost(13, 3, 752922).
cost(13, 4, 608105).
cost(13, 5, 413893).
cost(13, 6, 376512).
cost(13, 7, 529704).
cost(13, 8, 671090).
cost(13, 9, 367521).
cost(13, 10, 590701).
cost(13, 11, 695342).
cost(13, 12, 509592).
cost(13, 14, 586710).
cost(13, 15, 486319).
cost(13, 16, 482001).
cost(13, 17, 240518).
cost(13, 18, 497174).
cost(13, 19, 767235).
cost(13, 20, 608018).
cost(13, 21, 346275).
cost(13, 22, 536490).
cost(13, 23, 514771).
cost(13, 24, 1137130).
cost(13, 25, 306209).
cost(13, 26, 412900).
cost(13, 27, 293151).
cost(13, 28, 531164).
cost(13, 29, 578282).
cost(14, 1, 298371).
cost(14, 2, 92372).
cost(14, 3, 248934).
cost(14, 4, 128949).
cost(14, 5, 203168).
cost(14, 6, 255041).
cost(14, 7, 494576).
cost(14, 8, 539202).
cost(14, 9, 253057).
cost(14, 10, 294757).
cost(14, 11, 235608).
cost(14, 12, 92175).
cost(14, 13, 586710).
cost(14, 15, 171266).
cost(14, 16, 261710).
cost(14, 17, 354229).
cost(14, 18, 110740).
cost(14, 19, 366609).
cost(14, 20, 345719).
cost(14, 21, 335128).
cost(14, 22, 483594).
cost(14, 23, 278008).
cost(14, 24, 697057).
cost(14, 25, 280598).
cost(14, 26, 216900).
cost(14, 27, 333152).
cost(14, 28, 791131).
cost(14, 29, 281361).
cost(15, 1, 242610).
cost(15, 2, 88216).
cost(15, 3, 418771).
cost(15, 4, 124462).
cost(15, 5, 74985).
cost(15, 6, 264133).
cost(15, 7, 563518).
cost(15, 8, 642281).
cost(15, 9, 252638).
cost(15, 10, 414224).
cost(15, 11, 212762).
cost(15, 12, 86781).
cost(15, 13, 486319).
cost(15, 14, 171266).
cost(15, 16, 339075).
cost(15, 17, 246669).
cost(15, 18, 69526).
cost(15, 19, 523856).
cost(15, 20, 214193).
cost(15, 21, 343549).
cost(15, 22, 318291).
cost(15, 23, 369548).
cost(15, 24, 866803).
cost(15, 25, 202960).
cost(15, 26, 73440).
cost(15, 27, 306912).
cost(15, 28, 807049).
cost(15, 29, 398322).
cost(16, 1, 224215).
cost(16, 2, 266666).
cost(16, 3, 290707).
cost(16, 4, 376813).
cost(16, 5, 302366).
cost(16, 6, 122518).
cost(16, 7, 234144).
cost(16, 8, 303965).
cost(16, 9, 137626).
cost(16, 10, 112065).
cost(16, 11, 490981).
cost(16, 12, 269295).
cost(16, 13, 482001).
cost(16, 14, 261710).
cost(16, 15, 339075).
cost(16, 17, 326034).
cost(16, 18, 278348).
cost(16, 19, 285647).
cost(16, 20, 553009).
cost(16, 21, 138619).
cost(16, 22, 634282).
cost(16, 23, 38017).
cost(16, 24, 657468).
cost(16, 25, 251460).
cost(16, 26, 321544).
cost(16, 27, 190820).
cost(16, 28, 537691).
cost(16, 29, 97816).
cost(17, 1, 102308).
cost(17, 2, 270176).
cost(17, 3, 550864).
cost(17, 4, 367622).
cost(17, 5, 173460).
cost(17, 6, 203516).
cost(17, 7, 475120).
cost(17, 8, 595888).
cost(17, 9, 188577).
cost(17, 10, 436539).
cost(17, 11, 457857).
cost(17, 12, 271701).
cost(17, 13, 240518).
cost(17, 14, 354229).
cost(17, 15, 246669).
cost(17, 16, 326034).
cost(17, 18, 258117).
cost(17, 19, 599648).
cost(17, 20, 395701).
cost(17, 21, 230139).
cost(17, 22, 382059).
cost(17, 23, 363928).
cost(17, 24, 971212).
cost(17, 25, 82245).
cost(17, 26, 173570).
cost(17, 27, 161254).
cost(17, 28, 624956).
cost(17, 29, 421083).
cost(18, 1, 225301).
cost(18, 2, 19544).
cost(18, 3, 353045).
cost(18, 4, 122042).
cost(18, 5, 94071).
cost(18, 6, 220289).
cost(18, 7, 508046).
cost(18, 8, 579185).
cost(18, 9, 211660).
cost(18, 10, 346965).
cost(18, 11, 232775).
cost(18, 12, 18921).
cost(18, 13, 497174).
cost(18, 14, 110740).
cost(18, 15, 69526).
cost(18, 16, 278348).
cost(18, 17, 258117).
cost(18, 19, 454508).
cost(18, 20, 276723).
cost(18, 21, 303102).
cost(18, 22, 387653).
cost(18, 23, 306447).
cost(18, 24, 800298).
cost(18, 25, 195166).
cost(18, 26, 106449).
cost(18, 27, 278770).
cost(18, 28, 769758).
cost(18, 29, 331281).
cost(19, 1, 501687).
cost(19, 2, 435643).
cost(19, 3, 152768).
cost(19, 4, 490761).
cost(19, 5, 522622).
cost(19, 6, 401440).
cost(19, 7, 362262).
cost(19, 8, 298442).
cost(19, 9, 414498).
cost(19, 10, 177389).
cost(19, 11, 579384).
cost(19, 12, 437133).
cost(19, 13, 767235).
cost(19, 14, 366609).
cost(19, 15, 523856).
cost(19, 16, 285647).
cost(19, 17, 599648).
cost(19, 18, 454508).
cost(19, 20, 712274).
cost(19, 21, 421563).
cost(19, 22, 842139).
cost(19, 23, 252606).
cost(19, 24, 372787).
cost(19, 25, 519167).
cost(19, 26, 541492).
cost(19, 27, 476356).
cost(19, 28, 702656).
cost(19, 29, 189019).
cost(20, 1, 432365).
cost(20, 2, 291587).
cost(20, 3, 585887).
cost(20, 4, 225369).
cost(20, 5, 267472).
cost(20, 6, 474255).
cost(20, 7, 777083).
cost(20, 8, 855524).
cost(20, 9, 461442).
cost(20, 10, 622695).
cost(20, 11, 188298).
cost(20, 12, 289294).
cost(20, 13, 608018).
cost(20, 14, 345719).
cost(20, 15, 214193).
cost(20, 16, 553009).
cost(20, 17, 395701).
cost(20, 18, 276723).
cost(20, 19, 712274).
cost(20, 21, 549866).
cost(20, 22, 185035).
cost(20, 23, 582648).
cost(20, 24, 1027217).
cost(20, 25, 386889).
cost(20, 26, 252643).
cost(20, 27, 503573).
cost(20, 28, 1004325).
cost(20, 29, 607262).
cost(21, 1, 135128).
cost(21, 2, 299926).
cost(21, 3, 425241).
cost(21, 4, 421789).
cost(21, 5, 282409).
cost(21, 6, 83299).
cost(21, 7, 247001).
cost(21, 8, 366194).
cost(21, 9, 91701).
cost(21, 10, 244561).
cost(21, 11, 535323).
cost(21, 12, 302652).
cost(21, 13, 346275).
cost(21, 14, 335128).
cost(21, 15, 343549).
cost(21, 16, 138619).
cost(21, 17, 230139).
cost(21, 18, 303102).
cost(21, 19, 421563).
cost(21, 20, 549866).
cost(21, 22, 590093).
cost(21, 23, 168981).
cost(21, 24, 790864).
cost(21, 25, 178690).
cost(21, 26, 297962).
cost(21, 27, 69705).
cost(21, 28, 466657).
cost(21, 29, 232574).
cost(22, 1, 456527).
cost(22, 2, 406506).
cost(22, 3, 732357).
cost(22, 4, 383769).
cost(22, 5, 332719).
cost(22, 6, 530226).
cost(22, 7, 834722).
cost(22, 8, 935621).
cost(22, 9, 514904).
cost(22, 10, 723909).
cost(22, 11, 371598).
cost(22, 12, 405052).
cost(22, 13, 536490).
cost(22, 14, 483594).
cost(22, 15, 318291).
cost(22, 16, 634282).
cost(22, 17, 382059).
cost(22, 18, 387653).
cost(22, 19, 842139).
cost(22, 20, 185035).
cost(22, 21, 590093).
cost(22, 23, 669228).
cost(22, 24, 1180054).
cost(22, 25, 411530).
cost(22, 26, 313284).
cost(22, 27, 529159).
cost(22, 28, 1005544).
cost(22, 29, 707593).
cost(23, 1, 261990).
cost(23, 2, 293372).
cost(23, 3, 272731).
cost(23, 4, 398426).
cost(23, 5, 336715).
cost(23, 6, 160427).
cost(23, 7, 217689).
cost(23, 8, 272877).
cost(23, 9, 175609).
cost(23, 10, 76237).
cost(23, 11, 511251).
cost(23, 12, 295907).
cost(23, 13, 514771).
cost(23, 14, 278008).
cost(23, 15, 369548).
cost(23, 16, 38017).
cost(23, 17, 363928).
cost(23, 18, 306447).
cost(23, 19, 252606).
cost(23, 20, 582648).
cost(23, 21, 168981).
cost(23, 22, 669228).
cost(23, 24, 622974).
cost(23, 25, 289456).
cost(23, 26, 356051).
cost(23, 27, 225807).
cost(23, 28, 536321).
cost(23, 29, 63595).
cost(24, 1, 874213).
cost(24, 2, 780761).
cost(24, 3, 448194).
cost(24, 4, 802779).
cost(24, 5, 879611).
cost(24, 6, 774219).
cost(24, 7, 675392).
cost(24, 8, 554988).
cost(24, 9, 787188).
cost(24, 10, 546776).
cost(24, 11, 862054).
cost(24, 12, 781647).
cost(24, 13, 1137130).
cost(24, 14, 697057).
cost(24, 15, 866803).
cost(24, 16, 657468).
cost(24, 17, 971212).
cost(24, 18, 800298).
cost(24, 19, 372787).
cost(24, 20, 1027217).
cost(24, 21, 790864).
cost(24, 22, 1180054).
cost(24, 23, 622974).
cost(24, 25, 890020).
cost(24, 26, 897448).
cost(24, 27, 848265).
cost(24, 28, 981797).
cost(24, 29, 559893).
cost(25, 1, 46363).
cost(25, 2, 203559).
cost(25, 3, 468791).
cost(25, 4, 313464).
cost(25, 5, 128980).
cost(25, 6, 130717).
cost(25, 7, 424766).
cost(25, 8, 535458).
cost(25, 9, 114890).
cost(25, 10, 359696).
cost(25, 11, 414606).
cost(25, 12, 205524).
cost(25, 13, 306209).
cost(25, 14, 280598).
cost(25, 15, 202960).
cost(25, 16, 251460).
cost(25, 17, 82245).
cost(25, 18, 195166).
cost(25, 19, 519167).
cost(25, 20, 386889).
cost(25, 21, 178690).
cost(25, 22, 411530).
cost(25, 23, 289456).
cost(25, 24, 890020).
cost(25, 26, 138033).
cost(25, 27, 119646).
cost(25, 28, 617519).
cost(25, 29, 343871).
cost(26, 1, 181690).
cost(26, 2, 124546).
cost(26, 3, 453220).
cost(26, 4, 196876).
cost(26, 5, 19530).
cost(26, 6, 225773).
cost(26, 7, 532190).
cost(26, 8, 624402).
cost(26, 9, 211824).
cost(26, 10, 411532).
cost(26, 11, 284542).
cost(26, 12, 124741).
cost(26, 13, 412900).
cost(26, 14, 216900).
cost(26, 15, 73440).
cost(26, 16, 321544).
cost(26, 17, 173570).
cost(26, 18, 106449).
cost(26, 19, 541492).
cost(26, 20, 252643).
cost(26, 21, 297962).
cost(26, 22, 313284).
cost(26, 23, 356051).
cost(26, 24, 897448).
cost(26, 25, 138033).
cost(26, 27, 251394).
cost(26, 28, 752943).
cost(26, 29, 395150).
cost(27, 1, 73369).
cost(27, 2, 280040).
cost(27, 3, 462279).
cost(27, 4, 400694).
cost(27, 5, 238486).
cost(27, 6, 86873).
cost(27, 7, 314061).
cost(27, 8, 435828).
cost(27, 9, 82513).
cost(27, 10, 301977).
cost(27, 11, 510414).
cost(27, 12, 282591).
cost(27, 13, 293151).
cost(27, 14, 333152).
cost(27, 15, 306912).
cost(27, 16, 190820).
cost(27, 17, 161254).
cost(27, 18, 278770).
cost(27, 19, 476356).
cost(27, 20, 503573).
cost(27, 21, 69705).
cost(27, 22, 529159).
cost(27, 23, 225807).
cost(27, 24, 848265).
cost(27, 25, 119646).
cost(27, 26, 251394).
cost(27, 28, 501715).
cost(27, 29, 288416).
cost(28, 1, 571972).
cost(28, 2, 766247).
cost(28, 3, 792214).
cost(28, 4, 887802).
cost(28, 5, 740182).
cost(28, 6, 549678).
cost(28, 7, 342485).
cost(28, 8, 429259).
cost(28, 9, 558191).
cost(28, 10, 571388).
cost(28, 11, 1001814).
cost(28, 12, 768988).
cost(28, 13, 531164).
cost(28, 14, 791131).
cost(28, 15, 807049).
cost(28, 16, 537691).
cost(28, 17, 624956).
cost(28, 18, 769758).
cost(28, 19, 702656).
cost(28, 20, 1004325).
cost(28, 21, 466657).
cost(28, 22, 1005544).
cost(28, 23, 536321).
cost(28, 24, 981797).
cost(28, 25, 617519).
cost(28, 26, 752943).
cost(28, 27, 501715).
cost(28, 29, 572969).
cost(29, 1, 320159).
cost(29, 2, 315700).
cost(29, 3, 221928).
cost(29, 4, 408292).
cost(29, 5, 375621).
cost(29, 6, 218349).
cost(29, 7, 238429).
cost(29, 8, 257999).
cost(29, 9, 232714).
cost(29, 10, 16423).
cost(29, 11, 516891).
cost(29, 12, 317972).
cost(29, 13, 578282).
cost(29, 14, 281361).
cost(29, 15, 398322).
cost(29, 16, 97816).
cost(29, 17, 421083).
cost(29, 18, 331281).
cost(29, 19, 189019).
cost(29, 20, 607262).
cost(29, 21, 232574).
cost(29, 22, 707593).
cost(29, 23, 63595).
cost(29, 24, 559893).
cost(29, 25, 343871).
cost(29, 26, 395150).
cost(29, 27, 288416).
cost(29, 28, 572969).
nocross(1,2).
nocross(1,5).
nocross(1,6).
nocross(1,9).
nocross(1,17).
nocross(1,19).
nocross(1,21).
nocross(1,25).
nocross(1,26).
nocross(1,27).
nocross(2,1).
nocross(2,5).
nocross(2,6).
nocross(2,12).
nocross(2,14).
nocross(2,15).
nocross(2,19).
nocross(2,29).
nocross(3,2).
nocross(3,5).
nocross(3,6).
nocross(3,14).
nocross(3,19).
nocross(3,28).
nocross(4,2).
nocross(4,5).
nocross(4,6).
nocross(4,12).
nocross(4,14).
nocross(4,15).
nocross(4,18).
nocross(4,20).
nocross(4,26).
nocross(4,29).
nocross(5,2).
nocross(5,15).
nocross(5,26).
nocross(7,2).
nocross(7,3).
nocross(7,5).
nocross(7,13).
nocross(7,14).
nocross(7,16).
nocross(7,19).
nocross(7,21).
nocross(7,23).
nocross(7,28).
nocross(9,1).
nocross(9,2).
nocross(9,5).
nocross(9,12).
nocross(9,19).
nocross(9,21).
nocross(9,26).
nocross(9,27).
nocross(9,29).
nocross(10,6).
nocross(12,2).
nocross(12,5).
nocross(12,6).
nocross(12,14).
nocross(12,18).
nocross(12,19).
nocross(12,20).
nocross(12,29).
nocross(13,1).
nocross(13,6).
nocross(13,17).
nocross(13,20).
nocross(13,21).
nocross(13,26).
nocross(13,27).
nocross(13,28).
nocross(14,1).
nocross(14,2).
nocross(14,3).
nocross(14,20).
nocross(14,29).
nocross(15,5).
nocross(15,12).
nocross(15,14).
nocross(15,16).
nocross(15,18).
nocross(15,20).
nocross(15,26).
nocross(16,6).
nocross(17,1).
nocross(17,2).
nocross(17,5).
nocross(17,6).
nocross(17,13).
nocross(17,20).
nocross(17,25).
nocross(17,26).
nocross(17,27).
nocross(17,29).
nocross(18,2).
nocross(18,5).
nocross(18,6).
nocross(18,12).
nocross(18,26).
nocross(18,29).
nocross(19,2).
nocross(19,3).
nocross(19,5).
nocross(19,7).
nocross(19,8).
nocross(19,10).
nocross(19,16).
nocross(19,21).
nocross(20,1).
nocross(20,5).
nocross(20,12).
nocross(20,13).
nocross(20,14).
nocross(20,15).
nocross(20,17).
nocross(20,18).
nocross(20,26).
nocross(21,1).
nocross(21,3).
nocross(21,5).
nocross(21,6).
nocross(21,9).
nocross(21,23).
nocross(21,26).
nocross(21,27).
nocross(21,28).
nocross(23,3).
nocross(23,7).
nocross(23,10).
nocross(23,21).
nocross(23,27).
nocross(23,28).
nocross(23,29).
nocross(25,1).
nocross(25,2).
nocross(25,5).
nocross(25,17).
nocross(25,26).
nocross(25,29).
nocross(26,1).
nocross(26,2).
nocross(26,5).
nocross(26,15).
nocross(26,17).
nocross(26,18).
nocross(26,20).
nocross(27,1).
nocross(27,2).
nocross(27,5).
nocross(27,9).
nocross(27,14).
nocross(27,16).
nocross(27,17).
nocross(27,21).
nocross(27,26).
nocross(27,28).
nocross(28,1).
nocross(28,2).
nocross(28,7).
nocross(28,8).
nocross(28,13).
nocross(28,19).
nocross(28,23).
nocross(29,6).
nocross(29,16).
