dimension(29).
point(1, -6873.0, 358481.0).
point(2, 16026.0, -63790.0).
point(3, -44332.0, 213273.0).
point(4, 113585.0, 186171.0).
point(5, -54022.0, 107643.0).
point(6, -15613.0, -89497.0).
point(7, -236387.0, 108073.0).
point(8, -33587.0, 203827.0).
point(9, 65855.0, 116776.0).
point(10, -14427.0, 97443.0).
point(11, -171570.0, -244711.0).
point(12, -244282.0, -249108.0).
point(13, 37097.0, -47216.0).
point(14, 44428.0, -203176.0).
point(15, -107051.0, 106484.0).
point(16, 190633.0, -113212.0).
point(17, 245865.0, 147953.0).
point(18, 187136.0, -160484.0).
point(19, 64524.0, 233236.0).
point(20, -242808.0, 199157.0).
point(21, 44157.0, 286434.0).
point(22, -2592.0, 431983.0).
point(23, -128283.0, -153164.0).
point(24, -7205.0, 351043.0).
point(25, 13834.0, 75288.0).
point(26, -16485.0, -284335.0).
point(27, 69135.0, 256964.0).
point(28, 131808.0, -321373.0).
point(29, 190413.0, 253961.0).
cost(1, 2, 422891).
cost(1, 3, 149962).
cost(1, 4, 210240).
cost(1, 5, 255231).
cost(1, 6, 448063).
cost(1, 7, 339678).
cost(1, 8, 156944).
cost(1, 9, 252410).
cost(1, 10, 261147).
cost(1, 11, 625272).
cost(1, 12, 652325).
cost(1, 13, 408073).
cost(1, 14, 563995).
cost(1, 15, 271179).
cost(1, 16, 511374).
cost(1, 17, 328935).
cost(1, 18, 554043).
cost(1, 19, 144166).
cost(1, 20, 284692).
cost(1, 21, 88288).
cost(1, 22, 73627).
cost(1, 23, 525853).
cost(1, 24, 7445).
cost(1, 25, 283949).
cost(1, 26, 642888).
cost(1, 27, 126818).
cost(1, 28, 693854).
cost(1, 29, 223263).
cost(2, 1, 422891).
cost(2, 3, 283561).
cost(2, 4, 268325).
cost(2, 5, 185192).
cost(2, 6, 40766).
cost(2, 7, 305367).
cost(2, 8, 272177).
cost(2, 9, 187315).
cost(2, 10, 164084).
cost(2, 11, 260624).
cost(2, 12, 319536).
cost(2, 13, 26808).
cost(2, 14, 142250).
cost(2, 15, 210098).
cost(2, 16, 181467).
cost(2, 17, 312508).
cost(2, 18, 196541).
cost(2, 19, 300959).
cost(2, 20, 368966).
cost(2, 21, 351352).
cost(2, 22, 496122).
cost(2, 23, 169743).
cost(2, 24, 415483).
cost(2, 25, 139095).
cost(2, 26, 222928).
cost(2, 27, 325121).
cost(2, 28, 282408).
cost(2, 29, 362459).
cost(3, 1, 149962).
cost(3, 2, 283561).
cost(3, 4, 160226).
cost(3, 5, 106074).
cost(3, 6, 304129).
cost(3, 7, 218980).
cost(3, 8, 14307).
cost(3, 9, 146468).
cost(3, 10, 119628).
cost(3, 11, 475330).
cost(3, 12, 503762).
cost(3, 13, 272920).
cost(3, 14, 425803).
cost(3, 15, 123845).
cost(3, 16, 402245).
cost(3, 17, 297458).
cost(3, 18, 439627).
cost(3, 19, 110671).
cost(3, 20, 198977).
cost(3, 21, 114817).
cost(3, 22, 222657).
cost(3, 23, 375931).
cost(3, 24, 142685).
cost(3, 25, 149744).
cost(3, 26, 498387).
cost(3, 27, 121588).
cost(3, 28, 562914).
cost(3, 29, 238245).
cost(4, 1, 210240).
cost(4, 2, 268325).
cost(4, 3, 160226).
cost(4, 5, 185091).
cost(4, 6, 304442).
cost(4, 7, 358580).
cost(4, 8, 148227).
cost(4, 9, 84225).
cost(4, 10, 155755).
cost(4, 11, 516694).
cost(4, 12, 563504).
cost(4, 13, 245601).
cost(4, 14, 395441).
cost(4, 15, 234585).
cost(4, 16, 309138).
cost(4, 17, 137690).
cost(4, 18, 354372).
cost(4, 19, 67986).
cost(4, 20, 356630).
cost(4, 21, 121955).
cost(4, 22, 271883).
cost(4, 23, 416711).
cost(4, 24, 204384).
cost(4, 25, 149149).
cost(4, 26, 488154).
cost(4, 27, 83591).
cost(4, 28, 507871).
cost(4, 29, 102460).
cost(5, 1, 255231).
cost(5, 2, 185192).
cost(5, 3, 106074).
cost(5, 4, 185091).
cost(5, 6, 200847).
cost(5, 7, 182366).
cost(5, 8, 98331).
cost(5, 9, 120224).
cost(5, 10, 40888).
cost(5, 11, 371444).
cost(5, 12, 404314).
cost(5, 13, 179677).
cost(5, 14, 326038).
cost(5, 15, 53042).
cost(5, 16, 329595).
cost(5, 17, 302584).
cost(5, 18, 360623).
cost(5, 19, 172704).
cost(5, 20, 209797).
cost(5, 21, 203974).
cost(5, 22, 328392).
cost(5, 23, 271173).
cost(5, 24, 247862).
cost(5, 25, 75175).
cost(5, 26, 393771).
cost(5, 27, 193557).
cost(5, 28, 467533).
cost(5, 29, 284881).
cost(6, 1, 448063).
cost(6, 2, 40766).
cost(6, 3, 304129).
cost(6, 4, 304442).
cost(6, 5, 200847).
cost(6, 7, 296269).
cost(6, 8, 293874).
cost(6, 9, 221778).
cost(6, 10, 186944).
cost(6, 11, 220032).
cost(6, 12, 278864).
cost(6, 13, 67572).
cost(6, 14, 128561).
cost(6, 15, 216262).
cost(6, 16, 207605).
cost(6, 17, 353204).
cost(6, 18, 214817).
cost(6, 19, 332533).
cost(6, 20, 367340).
cost(6, 21, 380653).
cost(6, 22, 521643).
cost(6, 23, 129414).
cost(6, 24, 440620).
cost(6, 25, 167395).
cost(6, 26, 194840).
cost(6, 27, 356676).
cost(6, 28, 274772).
cost(6, 29, 400512).
cost(7, 1, 339678).
cost(7, 2, 305367).
cost(7, 3, 218980).
cost(7, 4, 358580).
cost(7, 5, 182366).
cost(7, 6, 296269).
cost(7, 8, 224269).
cost(7, 9, 302367).
cost(7, 10, 222214).
cost(7, 11, 358689).
cost(7, 12, 357268).
cost(7, 13, 314497).
cost(7, 14, 419205).
cost(7, 15, 129346).
cost(7, 16, 480950).
cost(7, 17, 483898).
cost(7, 18, 501492).
cost(7, 19, 325904).
cost(7, 20, 91310).
cost(7, 21, 332442).
cost(7, 22, 399472).
cost(7, 23, 282721).
cost(7, 24, 334004).
cost(7, 25, 252360).
cost(7, 26, 449823).
cost(7, 27, 339871).
cost(7, 28, 565678).
cost(7, 29, 451045).
cost(8, 1, 156944).
cost(8, 2, 272177).
cost(8, 3, 14307).
cost(8, 4, 148227).
cost(8, 5, 98331).
cost(8, 6, 293874).
cost(8, 7, 224269).
cost(8, 9, 132161).
cost(8, 10, 108096).
cost(8, 11, 469282).
cost(8, 12, 499542).
cost(8, 13, 260804).
cost(8, 14, 414413).
cost(8, 15, 121953).
cost(8, 16, 388315).
cost(8, 17, 284983).
cost(8, 18, 425959).
cost(8, 19, 102424).
cost(8, 20, 209273).
cost(8, 21, 113437).
cost(8, 22, 230252).
cost(8, 23, 369337).
cost(8, 24, 149561).
cost(8, 25, 137007).
cost(8, 26, 488461).
cost(8, 27, 115652).
cost(8, 28, 550627).
cost(8, 29, 229542).
cost(9, 1, 252410).
cost(9, 2, 187315).
cost(9, 3, 146468).
cost(9, 4, 84225).
cost(9, 5, 120224).
cost(9, 6, 221778).
cost(9, 7, 302367).
cost(9, 8, 132161).
cost(9, 10, 82577).
cost(9, 11, 432485).
cost(9, 12, 479642).
cost(9, 13, 166494).
cost(9, 14, 320669).
cost(9, 15, 173212).
cost(9, 16, 261656).
cost(9, 17, 182690).
cost(9, 18, 302625).
cost(9, 19, 116468).
cost(9, 20, 319467).
cost(9, 21, 171040).
cost(9, 22, 322553).
cost(9, 23, 332501).
cost(9, 24, 245395).
cost(9, 25, 66539).
cost(9, 26, 409475).
cost(9, 27, 140226).
cost(9, 28, 443085).
cost(9, 29, 185295).
cost(10, 1, 261147).
cost(10, 2, 164084).
cost(10, 3, 119628).
cost(10, 4, 155755).
cost(10, 5, 40888).
cost(10, 6, 186944).
cost(10, 7, 222214).
cost(10, 8, 108096).
cost(10, 9, 82577).
cost(10, 11, 376515).
cost(10, 12, 415850).
cost(10, 13, 153561).
cost(10, 14, 306326).
cost(10, 15, 93064).
cost(10, 16, 293982).
cost(10, 17, 265147).
cost(10, 18, 327344).
cost(10, 19, 157076).
cost(10, 20, 250007).
cost(10, 21, 197863).
cost(10, 22, 334749).
cost(10, 23, 275258).
cost(10, 24, 253703).
cost(10, 25, 35910).
cost(10, 26, 381784).
cost(10, 27, 180082).
cost(10, 28, 443612).
cost(10, 29, 257793).
cost(11, 1, 625272).
cost(11, 2, 260624).
cost(11, 3, 475330).
cost(11, 4, 516694).
cost(11, 5, 371444).
cost(11, 6, 220032).
cost(11, 7, 358689).
cost(11, 8, 469282).
cost(11, 9, 432485).
cost(11, 10, 376515).
cost(11, 12, 72845).
cost(11, 13, 287309).
cost(11, 14, 219955).
cost(11, 15, 357072).
cost(11, 16, 385335).
cost(11, 17, 573094).
cost(11, 18, 368462).
cost(11, 19, 533079).
cost(11, 20, 449548).
cost(11, 21, 573283).
cost(11, 22, 697473).
cost(11, 23, 101265).
cost(11, 24, 618012).
cost(11, 25, 369830).
cost(11, 26, 160067).
cost(11, 27, 556432).
cost(11, 28, 312914).
cost(11, 29, 616202).
cost(12, 1, 652325).
cost(12, 2, 319536).
cost(12, 3, 503762).
cost(12, 4, 563504).
cost(12, 5, 404314).
cost(12, 6, 278864).
cost(12, 7, 357268).
cost(12, 8, 499542).
cost(12, 9, 479642).
cost(12, 10, 415850).
cost(12, 11, 72845).
cost(12, 13, 346316).
cost(12, 14, 292341).
cost(12, 15, 381154).
cost(12, 16, 455652).
cost(12, 17, 630794).
cost(12, 18, 440427).
cost(12, 19, 572728).
cost(12, 20, 448267).
cost(12, 21, 608278).
cost(12, 22, 722703).
cost(12, 23, 150536).
cost(12, 24, 645280).
cost(12, 25, 414556).
cost(12, 26, 230505).
cost(12, 27, 595264).
cost(12, 28, 382970).
cost(12, 29, 664860).
cost(13, 1, 408073).
cost(13, 2, 26808).
cost(13, 3, 272920).
cost(13, 4, 245601).
cost(13, 5, 179677).
cost(13, 6, 67572).
cost(13, 7, 314497).
cost(13, 8, 260804).
cost(13, 9, 166494).
cost(13, 10, 153561).
cost(13, 11, 287309).
cost(13, 12, 346316).
cost(13, 14, 156132).
cost(13, 15, 210719).
cost(13, 16, 167119).
cost(13, 17, 285788).
cost(13, 18, 187993).
cost(13, 19, 281790).
cost(13, 20, 372889).
cost(13, 21, 333725).
cost(13, 22, 480840).
cost(13, 23, 196407).
cost(13, 24, 400715).
cost(13, 25, 124693).
cost(13, 26, 243098).
cost(13, 27, 305863).
cost(13, 28, 290056).
cost(13, 29, 337955).
cost(14, 1, 563995).
cost(14, 2, 142250).
cost(14, 3, 425803).
cost(14, 4, 395441).
cost(14, 5, 326038).
cost(14, 6, 128561).
cost(14, 7, 419205).
cost(14, 8, 414413).
cost(14, 9, 320669).
cost(14, 10, 306326).
cost(14, 11, 219955).
cost(14, 12, 292341).
cost(14, 13, 156132).
cost(14, 15, 344725).
cost(14, 16, 171667).
cost(14, 17, 404807).
cost(14, 18, 148957).
cost(14, 19, 436874).
cost(14, 20, 494344).
cost(14, 21, 489610).
cost(14, 22, 636897).
cost(14, 23, 179806).
cost(14, 24, 556619).
cost(14, 25, 280140).
cost(14, 26, 101475).
cost(14, 27, 460803).
cost(14, 28, 146989).
cost(14, 29, 479881).
cost(15, 1, 271179).
cost(15, 2, 210098).
cost(15, 3, 123845).
cost(15, 4, 234585).
cost(15, 5, 53042).
cost(15, 6, 216262).
cost(15, 7, 129346).
cost(15, 8, 121953).
cost(15, 9, 173212).
cost(15, 10, 93064).
cost(15, 11, 357072).
cost(15, 12, 381154).
cost(15, 13, 210719).
cost(15, 14, 344725).
cost(15, 16, 369976).
cost(15, 17, 355344).
cost(15, 18, 397263).
cost(15, 19, 213317).
cost(15, 20, 164372).
cost(15, 21, 235044).
cost(15, 22, 341850).
cost(15, 23, 260515).
cost(15, 24, 264156).
cost(15, 25, 124845).
cost(15, 26, 401175).
cost(15, 27, 231702).
cost(15, 28, 490016).
cost(15, 29, 332016).
cost(16, 1, 511374).
cost(16, 2, 181467).
cost(16, 3, 402245).
cost(16, 4, 309138).
cost(16, 5, 329595).
cost(16, 6, 207605).
cost(16, 7, 480950).
cost(16, 8, 388315).
cost(16, 9, 261656).
cost(16, 10, 293982).
cost(16, 11, 385335).
cost(16, 12, 455652).
cost(16, 13, 167119).
cost(16, 14, 171667).
cost(16, 15, 369976).
cost(16, 17, 266941).
cost(16, 18, 47401).
cost(16, 19, 368686).
cost(16, 20, 534271).
cost(16, 21, 425643).
cost(16, 22, 578423).
cost(16, 23, 321409).
cost(16, 24, 504651).
cost(16, 25, 258438).
cost(16, 26, 268665).
cost(16, 27, 389605).
cost(16, 28, 216313).
cost(16, 29, 367173).
cost(17, 1, 328935).
cost(17, 2, 312508).
cost(17, 3, 297458).
cost(17, 4, 137690).
cost(17, 5, 302584).
cost(17, 6, 353204).
cost(17, 7, 483898).
cost(17, 8, 284983).
cost(17, 9, 182690).
cost(17, 10, 265147).
cost(17, 11, 573094).
cost(17, 12, 630794).
cost(17, 13, 285788).
cost(17, 14, 404807).
cost(17, 15, 355344).
cost(17, 16, 266941).
cost(17, 18, 313978).
cost(17, 19, 200394).
cost(17, 20, 491348).
cost(17, 21, 244669).
cost(17, 22, 377364).
cost(17, 23, 480269).
cost(17, 24, 324484).
cost(17, 25, 243143).
cost(17, 26, 505668).
cost(17, 27, 207646).
cost(17, 28, 482986).
cost(17, 29, 119635).
cost(18, 1, 554043).
cost(18, 2, 196541).
cost(18, 3, 439627).
cost(18, 4, 354372).
cost(18, 5, 360623).
cost(18, 6, 214817).
cost(18, 7, 501492).
cost(18, 8, 425959).
cost(18, 9, 302625).
cost(18, 10, 327344).
cost(18, 11, 368462).
cost(18, 12, 440427).
cost(18, 13, 187993).
cost(18, 14, 148957).
cost(18, 15, 397263).
cost(18, 16, 47401).
cost(18, 17, 313978).
cost(18, 19, 412370).
cost(18, 20, 560530).
cost(18, 21, 469232).
cost(18, 22, 622104).
cost(18, 23, 315504).
cost(18, 24, 547200).
cost(18, 25, 292612).
cost(18, 26, 238329).
cost(18, 27, 433805).
cost(18, 28, 170137).
cost(18, 29, 414458).
cost(19, 1, 144166).
cost(19, 2, 300959).
cost(19, 3, 110671).
cost(19, 4, 67986).
cost(19, 5, 172704).
cost(19, 6, 332533).
cost(19, 7, 325904).
cost(19, 8, 102424).
cost(19, 9, 116468).
cost(19, 10, 157076).
cost(19, 11, 533079).
cost(19, 12, 572728).
cost(19, 13, 281790).
cost(19, 14, 436874).
cost(19, 15, 213317).
cost(19, 16, 368686).
cost(19, 17, 200394).
cost(19, 18, 412370).
cost(19, 20, 309216).
cost(19, 21, 56964).
cost(19, 22, 209774).
cost(19, 23, 431833).
cost(19, 24, 137926).
cost(19, 25, 165883).
cost(19, 26, 523872).
cost(19, 27, 24172).
cost(19, 28, 558675).
cost(19, 29, 127584).
cost(20, 1, 284692).
cost(20, 2, 368966).
cost(20, 3, 198977).
cost(20, 4, 356630).
cost(20, 5, 209797).
cost(20, 6, 367340).
cost(20, 7, 91310).
cost(20, 8, 209273).
cost(20, 9, 319467).
cost(20, 10, 250007).
cost(20, 11, 449548).
cost(20, 12, 448267).
cost(20, 13, 372889).
cost(20, 14, 494344).
cost(20, 15, 164372).
cost(20, 16, 534271).
cost(20, 17, 491348).
cost(20, 18, 560530).
cost(20, 19, 309216).
cost(20, 21, 299944).
cost(20, 22, 334532).
cost(20, 23, 370467).
cost(20, 24, 280318).
cost(20, 25, 284971).
cost(20, 26, 533841).
cost(20, 27, 317254).
cost(20, 28, 641318).
cost(20, 29, 436674).
cost(21, 1, 88288).
cost(21, 2, 351352).
cost(21, 3, 114817).
cost(21, 4, 121955).
cost(21, 5, 203974).
cost(21, 6, 380653).
cost(21, 7, 332442).
cost(21, 8, 113437).
cost(21, 9, 171040).
cost(21, 10, 197863).
cost(21, 11, 573283).
cost(21, 12, 608278).
cost(21, 13, 333725).
cost(21, 14, 489610).
cost(21, 15, 235044).
cost(21, 16, 425643).
cost(21, 17, 244669).
cost(21, 18, 469232).
cost(21, 19, 56964).
cost(21, 20, 299944).
cost(21, 22, 152872).
cost(21, 23, 472210).
cost(21, 24, 82537).
cost(21, 25, 213312).
cost(21, 26, 573981).
cost(21, 27, 38631).
cost(21, 28, 614094).
cost(21, 29, 149818).
cost(22, 1, 73627).
cost(22, 2, 496122).
cost(22, 3, 222657).
cost(22, 4, 271883).
cost(22, 5, 328392).
cost(22, 6, 521643).
cost(22, 7, 399472).
cost(22, 8, 230252).
cost(22, 9, 322553).
cost(22, 10, 334749).
cost(22, 11, 697473).
cost(22, 12, 722703).
cost(22, 13, 480840).
cost(22, 14, 636897).
cost(22, 15, 341850).
cost(22, 16, 578423).
cost(22, 17, 377364).
cost(22, 18, 622104).
cost(22, 19, 209774).
cost(22, 20, 334532).
cost(22, 21, 152872).
cost(22, 23, 598494).
cost(22, 24, 81071).
cost(22, 25, 357073).
cost(22, 26, 716453).
cost(22, 27, 189147).
cost(22, 28, 765251).
cost(22, 29, 262570).
cost(23, 1, 525853).
cost(23, 2, 169743).
cost(23, 3, 375931).
cost(23, 4, 416711).
cost(23, 5, 271173).
cost(23, 6, 129414).
cost(23, 7, 282721).
cost(23, 8, 369337).
cost(23, 9, 332501).
cost(23, 10, 275258).
cost(23, 11, 101265).
cost(23, 12, 150536).
cost(23, 13, 196407).
cost(23, 14, 179806).
cost(23, 15, 260515).
cost(23, 16, 321409).
cost(23, 17, 480269).
cost(23, 18, 315504).
cost(23, 19, 431833).
cost(23, 20, 370467).
cost(23, 21, 472210).
cost(23, 22, 598494).
cost(23, 24, 518541).
cost(23, 25, 269049).
cost(23, 26, 172350).
cost(23, 27, 455169).
cost(23, 28, 309744).
cost(23, 29, 517028).
cost(24, 1, 7445).
cost(24, 2, 415483).
cost(24, 3, 142685).
cost(24, 4, 204384).
cost(24, 5, 247862).
cost(24, 6, 440620).
cost(24, 7, 334004).
cost(24, 8, 149561).
cost(24, 9, 245395).
cost(24, 10, 253703).
cost(24, 11, 618012).
cost(24, 12, 645280).
cost(24, 13, 400715).
cost(24, 14, 556619).
cost(24, 15, 264156).
cost(24, 16, 504651).
cost(24, 17, 324484).
cost(24, 18, 547200).
cost(24, 19, 137926).
cost(24, 20, 280318).
cost(24, 21, 82537).
cost(24, 22, 81071).
cost(24, 23, 518541).
cost(24, 25, 276556).
cost(24, 26, 635446).
cost(24, 27, 121155).
cost(24, 28, 686635).
cost(24, 29, 220177).
cost(25, 1, 283949).
cost(25, 2, 139095).
cost(25, 3, 149744).
cost(25, 4, 149149).
cost(25, 5, 75175).
cost(25, 6, 167395).
cost(25, 7, 252360).
cost(25, 8, 137007).
cost(25, 9, 66539).
cost(25, 10, 35910).
cost(25, 11, 369830).
cost(25, 12, 414556).
cost(25, 13, 124693).
cost(25, 14, 280140).
cost(25, 15, 124845).
cost(25, 16, 258438).
cost(25, 17, 243143).
cost(25, 18, 292612).
cost(25, 19, 165883).
cost(25, 20, 284971).
cost(25, 21, 213312).
cost(25, 22, 357073).
cost(25, 23, 269049).
cost(25, 24, 276556).
cost(25, 26, 360899).
cost(25, 27, 189906).
cost(25, 28, 413833).
cost(25, 29, 251205).
cost(26, 1, 642888).
cost(26, 2, 222928).
cost(26, 3, 498387).
cost(26, 4, 488154).
cost(26, 5, 393771).
cost(26, 6, 194840).
cost(26, 7, 449823).
cost(26, 8, 488461).
cost(26, 9, 409475).
cost(26, 10, 381784).
cost(26, 11, 160067).
cost(26, 12, 230505).
cost(26, 13, 243098).
cost(26, 14, 101475).
cost(26, 15, 401175).
cost(26, 16, 268665).
cost(26, 17, 505668).
cost(26, 18, 238329).
cost(26, 19, 523872).
cost(26, 20, 533841).
cost(26, 21, 573981).
cost(26, 22, 716453).
cost(26, 23, 172350).
cost(26, 24, 635446).
cost(26, 25, 360899).
cost(26, 27, 548029).
cost(26, 28, 152848).
cost(26, 29, 576688).
cost(27, 1, 126818).
cost(27, 2, 325121).
cost(27, 3, 121588).
cost(27, 4, 83591).
cost(27, 5, 193557).
cost(27, 6, 356676).
cost(27, 7, 339871).
cost(27, 8, 115652).
cost(27, 9, 140226).
cost(27, 10, 180082).
cost(27, 11, 556432).
cost(27, 12, 595264).
cost(27, 13, 305863).
cost(27, 14, 460803).
cost(27, 15, 231702).
cost(27, 16, 389605).
cost(27, 17, 207646).
cost(27, 18, 433805).
cost(27, 19, 24172).
cost(27, 20, 317254).
cost(27, 21, 38631).
cost(27, 22, 189147).
cost(27, 23, 455169).
cost(27, 24, 121155).
cost(27, 25, 189906).
cost(27, 26, 548029).
cost(27, 28, 581723).
cost(27, 29, 121315).
cost(28, 1, 693854).
cost(28, 2, 282408).
cost(28, 3, 562914).
cost(28, 4, 507871).
cost(28, 5, 467533).
cost(28, 6, 274772).
cost(28, 7, 565678).
cost(28, 8, 550627).
cost(28, 9, 443085).
cost(28, 10, 443612).
cost(28, 11, 312914).
cost(28, 12, 382970).
cost(28, 13, 290056).
cost(28, 14, 146989).
cost(28, 15, 490016).
cost(28, 16, 216313).
cost(28, 17, 482986).
cost(28, 18, 170137).
cost(28, 19, 558675).
cost(28, 20, 641318).
cost(28, 21, 614094).
cost(28, 22, 765251).
cost(28, 23, 309744).
cost(28, 24, 686635).
cost(28, 25, 413833).
cost(28, 26, 152848).
cost(28, 27, 581723).
cost(28, 29, 578311).
cost(29, 1, 223263).
cost(29, 2, 362459).
cost(29, 3, 238245).
cost(29, 4, 102460).
cost(29, 5, 284881).
cost(29, 6, 400512).
cost(29, 7, 451045).
cost(29, 8, 229542).
cost(29, 9, 185295).
cost(29, 10, 257793).
cost(29, 11, 616202).
cost(29, 12, 664860).
cost(29, 13, 337955).
cost(29, 14, 479881).
cost(29, 15, 332016).
cost(29, 16, 367173).
cost(29, 17, 119635).
cost(29, 18, 414458).
cost(29, 19, 127584).
cost(29, 20, 436674).
cost(29, 21, 149818).
cost(29, 22, 262570).
cost(29, 23, 517028).
cost(29, 24, 220177).
cost(29, 25, 251205).
cost(29, 26, 576688).
cost(29, 27, 121315).
cost(29, 28, 578311).
nocross(1,3).
nocross(1,12).
nocross(1,19).
nocross(1,20).
nocross(1,22).
nocross(1,24).
nocross(2,5).
nocross(2,6).
nocross(2,7).
nocross(2,10).
nocross(2,13).
nocross(2,15).
nocross(2,23).
nocross(2,25).
nocross(4,5).
nocross(4,9).
nocross(4,10).
nocross(4,13).
nocross(4,19).
nocross(4,27).
nocross(5,3).
nocross(5,9).
nocross(5,10).
nocross(5,12).
nocross(5,15).
nocross(5,19).
nocross(5,20).
nocross(6,2).
nocross(6,5).
nocross(6,7).
nocross(6,10).
nocross(6,15).
nocross(6,23).
nocross(6,25).
nocross(7,3).
nocross(7,12).
nocross(7,15).
nocross(7,20).
nocross(8,5).
nocross(8,7).
nocross(8,9).
nocross(8,10).
nocross(8,12).
nocross(8,15).
nocross(8,19).
nocross(8,20).
nocross(8,25).
nocross(9,7).
nocross(9,13).
nocross(9,20).
nocross(10,5).
nocross(10,12).
nocross(10,13).
nocross(10,15).
nocross(10,19).
nocross(10,25).
nocross(11,5).
nocross(11,7).
nocross(11,10).
nocross(11,12).
nocross(11,15).
nocross(11,23).
nocross(11,26).
nocross(13,2).
nocross(13,5).
nocross(13,7).
nocross(13,10).
nocross(13,15).
nocross(13,25).
nocross(14,2).
nocross(14,6).
nocross(14,11).
nocross(14,13).
nocross(14,18).
nocross(14,28).
nocross(15,5).
nocross(15,7).
nocross(15,12).
nocross(15,20).
nocross(17,4).
nocross(17,9).
nocross(17,13).
nocross(18,6).
nocross(18,13).
nocross(18,15).
nocross(19,5).
nocross(19,9).
nocross(19,10).
nocross(19,21).
nocross(19,25).
nocross(20,7).
nocross(21,10).
nocross(21,12).
nocross(21,19).
nocross(21,27).
nocross(22,3).
nocross(22,20).
nocross(22,21).
nocross(23,3).
nocross(23,5).
nocross(23,7).
nocross(23,10).
nocross(23,13).
nocross(23,15).
nocross(23,25).
nocross(23,26).
nocross(24,1).
nocross(24,3).
nocross(24,12).
nocross(24,19).
nocross(24,20).
nocross(24,22).
nocross(25,5).
nocross(25,10).
nocross(25,13).
nocross(25,15).
nocross(26,6).
nocross(26,11).
nocross(26,28).
nocross(27,3).
nocross(27,7).
nocross(27,10).
nocross(27,19).
nocross(27,21).
nocross(27,22).
nocross(28,14).
nocross(28,18).
nocross(29,4).
nocross(29,19).
nocross(29,22).
nocross(29,27).
