dimension(29).
point(1, -113139.0, -349547.0).
point(2, -12625.0, -30508.0).
point(3, -79504.0, 227387.0).
point(4, 186895.0, -118901.0).
point(5, -60655.0, -159784.0).
point(6, -18966.0, -158539.0).
point(7, -58726.0, 140211.0).
point(8, -5908.0, 59326.0).
point(9, 28213.0, 182004.0).
point(10, -307835.0, -47818.0).
point(11, -245589.0, 43003.0).
point(12, 438490.0, -184584.0).
point(13, -256864.0, 28106.0).
point(14, 74784.0, -106392.0).
point(15, -92126.0, -156128.0).
point(16, -201641.0, -142318.0).
point(17, -100937.0, -109959.0).
point(18, 207001.0, -104415.0).
point(19, 92258.0, 252128.0).
point(20, 8235.0, 39020.0).
point(21, 37911.0, -63402.0).
point(22, 138808.0, 29656.0).
point(23, -63404.0, 49479.0).
point(24, -48486.0, 9298.0).
point(25, 171048.0, 147009.0).
point(26, 288563.0, 211166.0).
point(27, 86945.0, -100961.0).
point(28, -263011.0, 66381.0).
point(29, 194309.0, 23717.0).
cost(1, 2, 334498).
cost(1, 3, 577914).
cost(1, 4, 378442).
cost(1, 5, 196887).
cost(1, 6, 212962).
cost(1, 7, 492771).
cost(1, 8, 422700).
cost(1, 9, 550024).
cost(1, 10, 359092).
cost(1, 11, 414293).
cost(1, 12, 575767).
cost(1, 13, 404078).
cost(1, 14, 307310).
cost(1, 15, 194557).
cost(1, 16, 225336).
cost(1, 17, 239899).
cost(1, 18, 403211).
cost(1, 19, 635768).
cost(1, 20, 407082).
cost(1, 21, 323566).
cost(1, 22, 455272).
cost(1, 23, 402114).
cost(1, 24, 364623).
cost(1, 25, 572128).
cost(1, 26, 689756).
cost(1, 27, 319106).
cost(1, 28, 442106).
cost(1, 29, 483581).
cost(2, 1, 334498).
cost(2, 3, 266426).
cost(2, 4, 218224).
cost(2, 5, 137910).
cost(2, 6, 128188).
cost(2, 7, 176834).
cost(2, 8, 90085).
cost(2, 9, 216400).
cost(2, 10, 295717).
cost(2, 11, 244287).
cost(2, 12, 476701).
cost(2, 13, 251174).
cost(2, 14, 115753).
cost(2, 15, 148663).
cost(2, 16, 219610).
cost(2, 17, 118792).
cost(2, 18, 231728).
cost(2, 19, 301469).
cost(2, 20, 72590).
cost(2, 21, 60298).
cost(2, 22, 162947).
cost(2, 23, 94744).
cost(2, 24, 53577).
cost(2, 25, 255437).
cost(2, 26, 386161).
cost(2, 27, 121975).
cost(2, 28, 268478).
cost(2, 29, 213921).
cost(3, 1, 577914).
cost(3, 2, 266426).
cost(3, 4, 436903).
cost(3, 5, 387630).
cost(3, 6, 390645).
cost(3, 7, 89618).
cost(3, 8, 183469).
cost(3, 9, 116887).
cost(3, 10, 357593).
cost(3, 11, 248157).
cost(3, 12, 661844).
cost(3, 13, 266776).
cost(3, 14, 367713).
cost(3, 15, 383723).
cost(3, 16, 389357).
cost(3, 17, 338026).
cost(3, 18, 438381).
cost(3, 19, 173535).
cost(3, 20, 207799).
cost(3, 21, 313599).
cost(3, 22, 294547).
cost(3, 23, 178635).
cost(3, 24, 220284).
cost(3, 25, 263129).
cost(3, 26, 368424).
cost(3, 27, 368127).
cost(3, 28, 244127).
cost(3, 29, 341255).
cost(4, 1, 378442).
cost(4, 2, 218224).
cost(4, 3, 436903).
cost(4, 5, 250903).
cost(4, 6, 209642).
cost(4, 7, 357028).
cost(4, 8, 262560).
cost(4, 9, 340182).
cost(4, 10, 499811).
cost(4, 11, 461796).
cost(4, 12, 260027).
cost(4, 13, 467475).
cost(4, 14, 112807).
cost(4, 15, 281493).
cost(4, 16, 389241).
cost(4, 17, 287971).
cost(4, 18, 24781).
cost(4, 19, 382908).
cost(4, 20, 238450).
cost(4, 21, 158985).
cost(4, 22, 156146).
cost(4, 23, 301664).
cost(4, 24, 268028).
cost(4, 25, 266382).
cost(4, 26, 345370).
cost(4, 27, 101547).
cost(4, 28, 486564).
cost(4, 29, 142811).
cost(5, 1, 196887).
cost(5, 2, 137910).
cost(5, 3, 387630).
cost(5, 4, 250903).
cost(5, 6, 41708).
cost(5, 7, 300001).
cost(5, 8, 225846).
cost(5, 9, 353152).
cost(5, 10, 271356).
cost(5, 11, 274451).
cost(5, 12, 499761).
cost(5, 13, 271663).
cost(5, 14, 145583).
cost(5, 15, 31683).
cost(5, 16, 142064).
cost(5, 17, 64072).
cost(5, 18, 273323).
cost(5, 19, 439379).
cost(5, 20, 210402).
cost(5, 21, 137858).
cost(5, 22, 275087).
cost(5, 23, 209281).
cost(5, 24, 169519).
cost(5, 25, 384458).
cost(5, 26, 509467).
cost(5, 27, 158890).
cost(5, 28, 303477).
cost(5, 29, 314133).
cost(6, 1, 212962).
cost(6, 2, 128188).
cost(6, 3, 390645).
cost(6, 4, 209642).
cost(6, 5, 41708).
cost(6, 7, 301384).
cost(6, 8, 218256).
cost(6, 9, 343796).
cost(6, 10, 309361).
cost(6, 11, 303277).
cost(6, 12, 458197).
cost(6, 13, 302377).
cost(6, 14, 107277).
cost(6, 15, 73200).
cost(6, 16, 183394).
cost(6, 17, 95285).
cost(6, 18, 232359).
cost(6, 19, 425462).
cost(6, 20, 199423).
cost(6, 21, 110842).
cost(6, 22, 245581).
cost(6, 23, 212712).
cost(6, 24, 170413).
cost(6, 25, 359812).
cost(6, 26, 480891).
cost(6, 27, 120550).
cost(6, 28, 331884).
cost(6, 29, 280541).
cost(7, 1, 492771).
cost(7, 2, 176834).
cost(7, 3, 89618).
cost(7, 4, 357028).
cost(7, 5, 300001).
cost(7, 6, 301384).
cost(7, 8, 96603).
cost(7, 9, 96463).
cost(7, 10, 312106).
cost(7, 11, 210635).
cost(7, 12, 593899).
cost(7, 13, 227654).
cost(7, 14, 280425).
cost(7, 15, 298215).
cost(7, 16, 316619).
cost(7, 17, 253706).
cost(7, 18, 361182).
cost(7, 19, 187940).
cost(7, 20, 121340).
cost(7, 21, 225382).
cost(7, 22, 226367).
cost(7, 23, 90853).
cost(7, 24, 131313).
cost(7, 25, 229875).
cost(7, 26, 354463).
cost(7, 27, 281752).
cost(7, 28, 217217).
cost(7, 29, 278563).
cost(8, 1, 422700).
cost(8, 2, 90085).
cost(8, 3, 183469).
cost(8, 4, 262560).
cost(8, 5, 225846).
cost(8, 6, 218256).
cost(8, 7, 96603).
cost(8, 9, 127335).
cost(8, 10, 320374).
cost(8, 11, 240236).
cost(8, 12, 506934).
cost(8, 13, 252890).
cost(8, 14, 184319).
cost(8, 15, 232065).
cost(8, 16, 281019).
cost(8, 17, 194134).
cost(8, 18, 268591).
cost(8, 19, 216354).
cost(8, 20, 24746).
cost(8, 21, 130316).
cost(8, 22, 147726).
cost(8, 23, 58333).
cost(8, 24, 65694).
cost(8, 25, 197489).
cost(8, 26, 331313).
cost(8, 27, 185239).
cost(8, 28, 257200).
cost(8, 29, 203359).
cost(9, 1, 550024).
cost(9, 2, 216400).
cost(9, 3, 116887).
cost(9, 4, 340182).
cost(9, 5, 353152).
cost(9, 6, 343796).
cost(9, 7, 96463).
cost(9, 8, 127335).
cost(9, 10, 407120).
cost(9, 11, 307065).
cost(9, 12, 550194).
cost(9, 13, 323965).
cost(9, 14, 292132).
cost(9, 15, 358908).
cost(9, 16, 397514).
cost(9, 17, 319252).
cost(9, 18, 337640).
cost(9, 19, 94969).
cost(9, 20, 144373).
cost(9, 21, 245598).
cost(9, 22, 188258).
cost(9, 23, 161110).
cost(9, 24, 188971).
cost(9, 25, 147059).
cost(9, 26, 261978).
cost(9, 27, 288996).
cost(9, 28, 313337).
cost(9, 29, 229440).
cost(10, 1, 359092).
cost(10, 2, 295717).
cost(10, 3, 357593).
cost(10, 4, 499811).
cost(10, 5, 271356).
cost(10, 6, 309361).
cost(10, 7, 312106).
cost(10, 8, 320374).
cost(10, 9, 407120).
cost(10, 11, 110105).
cost(10, 12, 758753).
cost(10, 13, 91447).
cost(10, 14, 387076).
cost(10, 15, 241374).
cost(10, 16, 142153).
cost(10, 17, 216028).
cost(10, 18, 517938).
cost(10, 19, 500042).
cost(10, 20, 327782).
cost(10, 21, 346097).
cost(10, 22, 453312).
cost(10, 23, 263084).
cost(10, 24, 265564).
cost(10, 25, 516998).
cost(10, 26, 650202).
cost(10, 27, 398341).
cost(10, 28, 122681).
cost(10, 29, 507214).
cost(11, 1, 414293).
cost(11, 2, 244287).
cost(11, 3, 248157).
cost(11, 4, 461796).
cost(11, 5, 274451).
cost(11, 6, 303277).
cost(11, 7, 210635).
cost(11, 8, 240236).
cost(11, 9, 307065).
cost(11, 10, 110105).
cost(11, 12, 720944).
cost(11, 13, 18683).
cost(11, 14, 353494).
cost(11, 15, 251404).
cost(11, 16, 190461).
cost(11, 17, 210527).
cost(11, 18, 475993).
cost(11, 19, 397333).
cost(11, 20, 253855).
cost(11, 21, 302811).
cost(11, 22, 384629).
cost(11, 23, 182300).
cost(11, 24, 199964).
cost(11, 25, 429422).
cost(11, 26, 559997).
cost(11, 27, 362360).
cost(11, 28, 29156).
cost(11, 29, 440321).
cost(12, 1, 575767).
cost(12, 2, 476701).
cost(12, 3, 661844).
cost(12, 4, 260027).
cost(12, 5, 499761).
cost(12, 6, 458197).
cost(12, 7, 593899).
cost(12, 8, 506934).
cost(12, 9, 550194).
cost(12, 10, 758753).
cost(12, 11, 720944).
cost(12, 13, 727155).
cost(12, 14, 372016).
cost(12, 15, 531378).
cost(12, 16, 641525).
cost(12, 17, 544564).
cost(12, 18, 244978).
cost(12, 19, 557310).
cost(12, 20, 484890).
cost(12, 21, 418508).
cost(12, 22, 368386).
cost(12, 23, 553790).
cost(12, 24, 524153).
cost(12, 25, 426004).
cost(12, 26, 423198).
cost(12, 27, 361354).
cost(12, 28, 745042).
cost(12, 29, 320957).
cost(13, 1, 404078).
cost(13, 2, 251174).
cost(13, 3, 266776).
cost(13, 4, 467475).
cost(13, 5, 271663).
cost(13, 6, 302377).
cost(13, 7, 227654).
cost(13, 8, 252890).
cost(13, 9, 323965).
cost(13, 10, 91447).
cost(13, 11, 18683).
cost(13, 12, 727155).
cost(13, 14, 357883).
cost(13, 15, 247145).
cost(13, 16, 179148).
cost(13, 17, 208267).
cost(13, 18, 482424).
cost(13, 19, 414816).
cost(13, 20, 265324).
cost(13, 21, 308652).
cost(13, 22, 395675).
cost(13, 23, 194637).
cost(13, 24, 209225).
cost(13, 25, 444125).
cost(13, 26, 575327).
cost(13, 27, 367237).
cost(13, 28, 38765).
cost(13, 29, 451194).
cost(14, 1, 307310).
cost(14, 2, 115753).
cost(14, 3, 367713).
cost(14, 4, 112807).
cost(14, 5, 145583).
cost(14, 6, 107277).
cost(14, 7, 280425).
cost(14, 8, 184319).
cost(14, 9, 292132).
cost(14, 10, 387076).
cost(14, 11, 353494).
cost(14, 12, 372016).
cost(14, 13, 357883).
cost(14, 15, 174163).
cost(14, 16, 278750).
cost(14, 17, 175757).
cost(14, 18, 132232).
cost(14, 19, 358946).
cost(14, 20, 159917).
cost(14, 21, 56637).
cost(14, 22, 150360).
cost(14, 23, 208307).
cost(14, 24, 169055).
cost(14, 25, 271070).
cost(14, 26, 382811).
cost(14, 27, 13319).
cost(14, 28, 379415).
cost(14, 29, 176676).
cost(15, 1, 194557).
cost(15, 2, 148663).
cost(15, 3, 383723).
cost(15, 4, 281493).
cost(15, 5, 31683).
cost(15, 6, 73200).
cost(15, 7, 298215).
cost(15, 8, 232065).
cost(15, 9, 358908).
cost(15, 10, 241374).
cost(15, 11, 251404).
cost(15, 12, 531378).
cost(15, 13, 247145).
cost(15, 14, 174163).
cost(15, 16, 110382).
cost(15, 17, 47002).
cost(15, 18, 303564).
cost(15, 19, 447963).
cost(15, 20, 219443).
cost(15, 21, 159711).
cost(15, 22, 296389).
cost(15, 23, 207603).
cost(15, 24, 171085).
cost(15, 25, 401438).
cost(15, 26, 528989).
cost(15, 27, 187376).
cost(15, 28, 280556).
cost(15, 29, 338215).
cost(16, 1, 225336).
cost(16, 2, 219610).
cost(16, 3, 389357).
cost(16, 4, 389241).
cost(16, 5, 142064).
cost(16, 6, 183394).
cost(16, 7, 316619).
cost(16, 8, 281019).
cost(16, 9, 397514).
cost(16, 10, 142153).
cost(16, 11, 190461).
cost(16, 12, 641525).
cost(16, 13, 179148).
cost(16, 14, 278750).
cost(16, 15, 110382).
cost(16, 17, 105775).
cost(16, 18, 410396).
cost(16, 19, 491899).
cost(16, 20, 277365).
cost(16, 21, 252216).
cost(16, 22, 381419).
cost(16, 23, 236422).
cost(16, 24, 215508).
cost(16, 25, 471813).
cost(16, 26, 604360).
cost(16, 27, 291534).
cost(16, 28, 217535).
cost(16, 29, 429353).
cost(17, 1, 239899).
cost(17, 2, 118792).
cost(17, 3, 338026).
cost(17, 4, 287971).
cost(17, 5, 64072).
cost(17, 6, 95285).
cost(17, 7, 253706).
cost(17, 8, 194134).
cost(17, 9, 319252).
cost(17, 10, 216028).
cost(17, 11, 210527).
cost(17, 12, 544564).
cost(17, 13, 208267).
cost(17, 14, 175757).
cost(17, 15, 47002).
cost(17, 16, 105775).
cost(17, 18, 307988).
cost(17, 19, 410404).
cost(17, 20, 184698).
cost(17, 21, 146446).
cost(17, 22, 277435).
cost(17, 23, 163796).
cost(17, 24, 130282).
cost(17, 25, 374177).
cost(17, 26, 504808).
cost(17, 27, 188097).
cost(17, 28, 239507).
cost(17, 29, 324098).
cost(18, 1, 403211).
cost(18, 2, 231728).
cost(18, 3, 438381).
cost(18, 4, 24781).
cost(18, 5, 273323).
cost(18, 6, 232359).
cost(18, 7, 361182).
cost(18, 8, 268591).
cost(18, 9, 337640).
cost(18, 10, 517938).
cost(18, 11, 475993).
cost(18, 12, 244978).
cost(18, 13, 482424).
cost(18, 14, 132232).
cost(18, 15, 303564).
cost(18, 16, 410396).
cost(18, 17, 307988).
cost(18, 19, 374552).
cost(18, 20, 245115).
cost(18, 21, 173993).
cost(18, 22, 150417).
cost(18, 23, 311131).
cost(18, 24, 279650).
cost(18, 25, 253982).
cost(18, 26, 325950).
cost(18, 27, 120106).
cost(18, 28, 500083).
cost(18, 29, 128759).
cost(19, 1, 635768).
cost(19, 2, 301469).
cost(19, 3, 173535).
cost(19, 4, 382908).
cost(19, 5, 439379).
cost(19, 6, 425462).
cost(19, 7, 187940).
cost(19, 8, 216354).
cost(19, 9, 94969).
cost(19, 10, 500042).
cost(19, 11, 397333).
cost(19, 12, 557310).
cost(19, 13, 414816).
cost(19, 14, 358946).
cost(19, 15, 447963).
cost(19, 16, 491899).
cost(19, 17, 410404).
cost(19, 18, 374552).
cost(19, 20, 229074).
cost(19, 21, 320176).
cost(19, 22, 227290).
cost(19, 23, 255533).
cost(19, 24, 280669).
cost(19, 25, 131369).
cost(19, 26, 200533).
cost(19, 27, 353129).
cost(19, 28, 400897).
cost(19, 29, 250172).
cost(20, 1, 407082).
cost(20, 2, 72590).
cost(20, 3, 207799).
cost(20, 4, 238450).
cost(20, 5, 210402).
cost(20, 6, 199423).
cost(20, 7, 121340).
cost(20, 8, 24746).
cost(20, 9, 144373).
cost(20, 10, 327782).
cost(20, 11, 253855).
cost(20, 12, 484890).
cost(20, 13, 265324).
cost(20, 14, 159917).
cost(20, 15, 219443).
cost(20, 16, 277365).
cost(20, 17, 184698).
cost(20, 18, 245115).
cost(20, 19, 229074).
cost(20, 21, 106635).
cost(20, 22, 130908).
cost(20, 23, 72398).
cost(20, 24, 64036).
cost(20, 25, 195371).
cost(20, 26, 328965).
cost(20, 27, 160592).
cost(20, 28, 272622).
cost(20, 29, 186702).
cost(21, 1, 323566).
cost(21, 2, 60298).
cost(21, 3, 313599).
cost(21, 4, 158985).
cost(21, 5, 137858).
cost(21, 6, 110842).
cost(21, 7, 225382).
cost(21, 8, 130316).
cost(21, 9, 245598).
cost(21, 10, 346097).
cost(21, 11, 302811).
cost(21, 12, 418508).
cost(21, 13, 308652).
cost(21, 14, 56637).
cost(21, 15, 159711).
cost(21, 16, 252216).
cost(21, 17, 146446).
cost(21, 18, 173993).
cost(21, 19, 320176).
cost(21, 20, 106635).
cost(21, 22, 137259).
cost(21, 23, 151680).
cost(21, 24, 112915).
cost(21, 25, 248994).
cost(21, 26, 371771).
cost(21, 27, 61766).
cost(21, 28, 327716).
cost(21, 29, 179025).
cost(22, 1, 455272).
cost(22, 2, 162947).
cost(22, 3, 294547).
cost(22, 4, 156146).
cost(22, 5, 275087).
cost(22, 6, 245581).
cost(22, 7, 226367).
cost(22, 8, 147726).
cost(22, 9, 188258).
cost(22, 10, 453312).
cost(22, 11, 384629).
cost(22, 12, 368386).
cost(22, 13, 395675).
cost(22, 14, 150360).
cost(22, 15, 296389).
cost(22, 16, 381419).
cost(22, 17, 277435).
cost(22, 18, 150417).
cost(22, 19, 227290).
cost(22, 20, 130908).
cost(22, 21, 137259).
cost(22, 23, 203181).
cost(22, 24, 188397).
cost(22, 25, 121701).
cost(22, 26, 235313).
cost(22, 27, 140537).
cost(22, 28, 403494).
cost(22, 29, 55818).
cost(23, 1, 402114).
cost(23, 2, 94744).
cost(23, 3, 178635).
cost(23, 4, 301664).
cost(23, 5, 209281).
cost(23, 6, 212712).
cost(23, 7, 90853).
cost(23, 8, 58333).
cost(23, 9, 161110).
cost(23, 10, 263084).
cost(23, 11, 182300).
cost(23, 12, 553790).
cost(23, 13, 194637).
cost(23, 14, 208307).
cost(23, 15, 207603).
cost(23, 16, 236422).
cost(23, 17, 163796).
cost(23, 18, 311131).
cost(23, 19, 255533).
cost(23, 20, 72398).
cost(23, 21, 151680).
cost(23, 22, 203181).
cost(23, 24, 42861).
cost(23, 25, 253929).
cost(23, 26, 387329).
cost(23, 27, 212690).
cost(23, 28, 200321).
cost(23, 29, 258997).
cost(24, 1, 364623).
cost(24, 2, 53577).
cost(24, 3, 220284).
cost(24, 4, 268028).
cost(24, 5, 169519).
cost(24, 6, 170413).
cost(24, 7, 131313).
cost(24, 8, 65694).
cost(24, 9, 188971).
cost(24, 10, 265564).
cost(24, 11, 199964).
cost(24, 12, 524153).
cost(24, 13, 209225).
cost(24, 14, 169055).
cost(24, 15, 171085).
cost(24, 16, 215508).
cost(24, 17, 130282).
cost(24, 18, 279650).
cost(24, 19, 280669).
cost(24, 20, 64036).
cost(24, 21, 112915).
cost(24, 22, 188397).
cost(24, 23, 42861).
cost(24, 25, 259151).
cost(24, 26, 392877).
cost(24, 27, 174638).
cost(24, 28, 221990).
cost(24, 29, 243223).
cost(25, 1, 572128).
cost(25, 2, 255437).
cost(25, 3, 263129).
cost(25, 4, 266382).
cost(25, 5, 384458).
cost(25, 6, 359812).
cost(25, 7, 229875).
cost(25, 8, 197489).
cost(25, 9, 147059).
cost(25, 10, 516998).
cost(25, 11, 429422).
cost(25, 12, 426004).
cost(25, 13, 444125).
cost(25, 14, 271070).
cost(25, 15, 401438).
cost(25, 16, 471813).
cost(25, 17, 374177).
cost(25, 18, 253982).
cost(25, 19, 131369).
cost(25, 20, 195371).
cost(25, 21, 248994).
cost(25, 22, 121701).
cost(25, 23, 253929).
cost(25, 24, 259151).
cost(25, 26, 133888).
cost(25, 27, 261844).
cost(25, 28, 441484).
cost(25, 29, 125467).
cost(26, 1, 689756).
cost(26, 2, 386161).
cost(26, 3, 368424).
cost(26, 4, 345370).
cost(26, 5, 509467).
cost(26, 6, 480891).
cost(26, 7, 354463).
cost(26, 8, 331313).
cost(26, 9, 261978).
cost(26, 10, 650202).
cost(26, 11, 559997).
cost(26, 12, 423198).
cost(26, 13, 575327).
cost(26, 14, 382811).
cost(26, 15, 528989).
cost(26, 16, 604360).
cost(26, 17, 504808).
cost(26, 18, 325950).
cost(26, 19, 200533).
cost(26, 20, 328965).
cost(26, 21, 371771).
cost(26, 22, 235313).
cost(26, 23, 387329).
cost(26, 24, 392877).
cost(26, 25, 133888).
cost(26, 27, 371582).
cost(26, 28, 570260).
cost(26, 29, 209812).
cost(27, 1, 319106).
cost(27, 2, 121975).
cost(27, 3, 368127).
cost(27, 4, 101547).
cost(27, 5, 158890).
cost(27, 6, 120550).
cost(27, 7, 281752).
cost(27, 8, 185239).
cost(27, 9, 288996).
cost(27, 10, 398341).
cost(27, 11, 362360).
cost(27, 12, 361354).
cost(27, 13, 367237).
cost(27, 14, 13319).
cost(27, 15, 187376).
cost(27, 16, 291534).
cost(27, 17, 188097).
cost(27, 18, 120106).
cost(27, 19, 353129).
cost(27, 20, 160592).
cost(27, 21, 61766).
cost(27, 22, 140537).
cost(27, 23, 212690).
cost(27, 24, 174638).
cost(27, 25, 261844).
cost(27, 26, 371582).
cost(27, 28, 387908).
cost(27, 29, 164535).
cost(28, 1, 442106).
cost(28, 2, 268478).
cost(28, 3, 244127).
cost(28, 4, 486564).
cost(28, 5, 303477).
cost(28, 6, 331884).
cost(28, 7, 217217).
cost(28, 8, 257200).
cost(28, 9, 313337).
cost(28, 10, 122681).
cost(28, 11, 29156).
cost(28, 12, 745042).
cost(28, 13, 38765).
cost(28, 14, 379415).
cost(28, 15, 280556).
cost(28, 16, 217535).
cost(28, 17, 239507).
cost(28, 18, 500083).
cost(28, 19, 400897).
cost(28, 20, 272622).
cost(28, 21, 327716).
cost(28, 22, 403494).
cost(28, 23, 200321).
cost(28, 24, 221990).
cost(28, 25, 441484).
cost(28, 26, 570260).
cost(28, 27, 387908).
cost(28, 29, 459306).
cost(29, 1, 483581).
cost(29, 2, 213921).
cost(29, 3, 341255).
cost(29, 4, 142811).
cost(29, 5, 314133).
cost(29, 6, 280541).
cost(29, 7, 278563).
cost(29, 8, 203359).
cost(29, 9, 229440).
cost(29, 10, 507214).
cost(29, 11, 440321).
cost(29, 12, 320957).
cost(29, 13, 451194).
cost(29, 14, 176676).
cost(29, 15, 338215).
cost(29, 16, 429353).
cost(29, 17, 324098).
cost(29, 18, 128759).
cost(29, 19, 250172).
cost(29, 20, 186702).
cost(29, 21, 179025).
cost(29, 22, 55818).
cost(29, 23, 258997).
cost(29, 24, 243223).
cost(29, 25, 125467).
cost(29, 26, 209812).
cost(29, 27, 164535).
cost(29, 28, 459306).
nocross(1,6).
nocross(1,14).
nocross(1,15).
nocross(1,16).
nocross(1,17).
nocross(2,4).
nocross(2,5).
nocross(2,6).
nocross(2,8).
nocross(2,14).
nocross(2,15).
nocross(2,17).
nocross(2,18).
nocross(2,20).
nocross(2,21).
nocross(2,22).
nocross(2,23).
nocross(2,24).
nocross(3,19).
nocross(3,29).
nocross(4,2).
nocross(4,6).
nocross(4,15).
nocross(4,17).
nocross(4,22).
nocross(4,24).
nocross(4,27).
nocross(4,29).
nocross(5,2).
nocross(5,6).
nocross(5,14).
nocross(5,15).
nocross(5,17).
nocross(5,22).
nocross(6,5).
nocross(6,14).
nocross(6,15).
nocross(6,17).
nocross(6,22).
nocross(6,24).
nocross(7,6).
nocross(7,8).
nocross(7,9).
nocross(7,17).
nocross(7,21).
nocross(7,23).
nocross(7,28).
nocross(8,2).
nocross(8,4).
nocross(8,6).
nocross(8,7).
nocross(8,15).
nocross(8,20).
nocross(8,22).
nocross(8,23).
nocross(9,3).
nocross(9,4).
nocross(9,7).
nocross(9,8).
nocross(9,22).
nocross(9,23).
nocross(10,6).
nocross(10,13).
nocross(10,14).
nocross(10,15).
nocross(10,16).
nocross(10,17).
nocross(10,23).
nocross(11,3).
nocross(11,13).
nocross(11,14).
nocross(11,15).
nocross(11,17).
nocross(11,18).
nocross(11,23).
nocross(11,24).
nocross(11,28).
nocross(12,18).
nocross(13,3).
nocross(13,14).
nocross(13,15).
nocross(13,17).
nocross(13,18).
nocross(13,23).
nocross(13,24).
nocross(13,28).
nocross(14,29).
nocross(15,2).
nocross(15,5).
nocross(15,6).
nocross(15,14).
nocross(15,16).
nocross(15,17).
nocross(16,2).
nocross(16,6).
nocross(16,10).
nocross(16,13).
nocross(16,14).
nocross(16,15).
nocross(16,17).
nocross(16,23).
nocross(17,2).
nocross(17,4).
nocross(17,5).
nocross(17,6).
nocross(17,14).
nocross(17,15).
nocross(17,16).
nocross(17,21).
nocross(19,26).
nocross(20,2).
nocross(20,4).
nocross(20,5).
nocross(20,6).
nocross(20,8).
nocross(20,15).
nocross(20,17).
nocross(20,21).
nocross(20,22).
nocross(20,23).
nocross(20,24).
nocross(21,2).
nocross(21,5).
nocross(21,6).
nocross(21,8).
nocross(21,15).
nocross(21,17).
nocross(21,18).
nocross(21,20).
nocross(21,22).
nocross(21,23).
nocross(21,24).
nocross(22,2).
nocross(22,4).
nocross(22,6).
nocross(22,14).
nocross(22,17).
nocross(22,20).
nocross(22,21).
nocross(22,23).
nocross(22,24).
nocross(23,6).
nocross(23,7).
nocross(23,8).
nocross(23,15).
nocross(23,17).
nocross(23,24).
nocross(24,2).
nocross(24,5).
nocross(24,6).
nocross(24,8).
nocross(24,15).
nocross(24,17).
nocross(24,20).
nocross(24,23).
nocross(25,4).
nocross(25,6).
nocross(25,7).
nocross(25,9).
nocross(25,14).
nocross(25,19).
nocross(25,21).
nocross(25,22).
nocross(26,29).
nocross(27,29).
nocross(28,3).
nocross(28,11).
nocross(28,13).
nocross(28,14).
nocross(28,17).
nocross(28,23).
nocross(28,24).
