dimension(29).
point(1, 115733.0, -27034.0).
point(2, 48027.0, 42291.0).
point(3, -66665.0, 72562.0).
point(4, 194093.0, 10526.0).
point(5, 306632.0, 42966.0).
point(6, 222031.0, 248260.0).
point(7, 388842.0, -211653.0).
point(8, -98048.0, -27735.0).
point(9, 320014.0, -84602.0).
point(10, 66341.0, -135462.0).
point(11, 70015.0, 10680.0).
point(12, 72373.0, -2907.0).
point(13, -268281.0, -224306.0).
point(14, -128334.0, -74129.0).
point(15, -19078.0, -84678.0).
point(16, 6152.0, -211197.0).
point(17, -247512.0, -116618.0).
point(18, -152628.0, -44452.0).
point(19, -96232.0, 103563.0).
point(20, -164381.0, 38579.0).
point(21, 180644.0, 140693.0).
point(22, 147687.0, -125822.0).
point(23, -52788.0, -107532.0).
point(24, -77572.0, -82400.0).
point(25, -22763.0, 375997.0).
point(26, -66385.0, -7437.0).
point(27, -226538.0, -267164.0).
point(28, -37180.0, -127256.0).
point(29, 397685.0, 219416.0).
cost(1, 2, 96902).
cost(1, 3, 207818).
cost(1, 4, 86897).
cost(1, 5, 203328).
cost(1, 6, 295103).
cost(1, 7, 329655).
cost(1, 8, 213782).
cost(1, 9, 212238).
cost(1, 10, 119148).
cost(1, 11, 59266).
cost(1, 12, 49621).
cost(1, 13, 431721).
cost(1, 14, 248569).
cost(1, 15, 146618).
cost(1, 16, 214299).
cost(1, 17, 374129).
cost(1, 18, 268926).
cost(1, 19, 248967).
cost(1, 20, 287696).
cost(1, 21, 179849).
cost(1, 22, 103827).
cost(1, 23, 186760).
cost(1, 24, 201078).
cost(1, 25, 426163).
cost(1, 26, 183169).
cost(1, 27, 418105).
cost(1, 28, 182830).
cost(1, 29, 374479).
cost(2, 1, 96902).
cost(2, 3, 118620).
cost(2, 4, 149480).
cost(2, 5, 258606).
cost(2, 6, 269631).
cost(2, 7, 425020).
cost(2, 8, 161992).
cost(2, 9, 300131).
cost(2, 10, 178694).
cost(2, 11, 38506).
cost(2, 12, 51338).
cost(2, 13, 413672).
cost(2, 14, 211322).
cost(2, 15, 143611).
cost(2, 16, 256923).
cost(2, 17, 335552).
cost(2, 18, 218602).
cost(2, 19, 156732).
cost(2, 20, 212440).
cost(2, 21, 165137).
cost(2, 22, 195433).
cost(2, 23, 180584).
cost(2, 24, 176983).
cost(2, 25, 341132).
cost(2, 26, 124752).
cost(2, 27, 413701).
cost(2, 28, 189754).
cost(2, 29, 391962).
cost(3, 1, 207818).
cost(3, 2, 118620).
cost(3, 4, 268036).
cost(3, 5, 374468).
cost(3, 6, 337957).
cost(3, 7, 536903).
cost(3, 8, 105092).
cost(3, 9, 417398).
cost(3, 10, 246910).
cost(3, 11, 150036).
cost(3, 12, 158200).
cost(3, 13, 358859).
cost(3, 14, 159127).
cost(3, 15, 164283).
cost(3, 16, 292953).
cost(3, 17, 261715).
cost(3, 18, 145196).
cost(3, 19, 42840).
cost(3, 20, 103457).
cost(3, 21, 256522).
cost(3, 22, 292067).
cost(3, 23, 180628).
cost(3, 24, 155345).
cost(3, 25, 306594).
cost(3, 26, 79999).
cost(3, 27, 375464).
cost(3, 28, 201982).
cost(3, 29, 487019).
cost(4, 1, 86897).
cost(4, 2, 149480).
cost(4, 3, 268036).
cost(4, 5, 117121).
cost(4, 6, 239370).
cost(4, 7, 295450).
cost(4, 8, 294636).
cost(4, 9, 157815).
cost(4, 10, 193992).
cost(4, 11, 124078).
cost(4, 12, 122459).
cost(4, 13, 518590).
cost(4, 14, 333355).
cost(4, 15, 233465).
cost(4, 16, 290659).
cost(4, 17, 459544).
cost(4, 18, 351053).
cost(4, 19, 304868).
cost(4, 20, 359570).
cost(4, 21, 130860).
cost(4, 22, 144029).
cost(4, 23, 273657).
cost(4, 24, 287119).
cost(4, 25, 424965).
cost(4, 26, 261097).
cost(4, 27, 504026).
cost(4, 28, 269205).
cost(4, 29, 291693).
cost(5, 1, 203328).
cost(5, 2, 258606).
cost(5, 3, 374468).
cost(5, 4, 117121).
cost(5, 6, 222043).
cost(5, 7, 267562).
cost(5, 8, 410810).
cost(5, 9, 128268).
cost(5, 10, 299293).
cost(5, 11, 238810).
cost(5, 12, 238708).
cost(5, 13, 634003).
cost(5, 14, 450452).
cost(5, 15, 349829).
cost(5, 16, 393557).
cost(5, 17, 576665).
cost(5, 18, 467506).
cost(5, 19, 407396).
cost(5, 20, 471033).
cost(5, 21, 159448).
cost(5, 22, 231847).
cost(5, 23, 389657).
cost(5, 24, 404140).
cost(5, 25, 468413).
cost(5, 26, 376407).
cost(5, 27, 616807).
cost(5, 28, 383643).
cost(5, 29, 198558).
cost(6, 1, 295103).
cost(6, 2, 269631).
cost(6, 3, 337957).
cost(6, 4, 239370).
cost(6, 5, 222043).
cost(6, 7, 489230).
cost(6, 8, 422639).
cost(6, 9, 346984).
cost(6, 10, 414104).
cost(6, 11, 282052).
cost(6, 12, 292374).
cost(6, 13, 680973).
cost(6, 14, 476120).
cost(6, 15, 411073).
cost(6, 16, 507646).
cost(6, 17, 594648).
cost(6, 18, 475447).
cost(6, 19, 349612).
cost(6, 20, 439637).
cost(6, 21, 115254).
cost(6, 22, 381398).
cost(6, 23, 449570).
cost(6, 24, 446204).
cost(6, 25, 276117).
cost(6, 26, 385441).
cost(6, 27, 683283).
cost(6, 28, 456292).
cost(6, 29, 178006).
cost(7, 1, 329655).
cost(7, 2, 425020).
cost(7, 3, 536903).
cost(7, 4, 295450).
cost(7, 5, 267562).
cost(7, 6, 489230).
cost(7, 8, 520469).
cost(7, 9, 144497).
cost(7, 10, 331379).
cost(7, 11, 388693).
cost(7, 12, 379114).
cost(7, 13, 657245).
cost(7, 14, 535148).
cost(7, 15, 427225).
cost(7, 16, 382690).
cost(7, 17, 643411).
cost(7, 18, 566697).
cost(7, 19, 578496).
cost(7, 20, 607183).
cost(7, 21, 409260).
cost(7, 22, 255974).
cost(7, 23, 453738).
cost(7, 24, 483992).
cost(7, 25, 717462).
cost(7, 26, 498935).
cost(7, 27, 617879).
cost(7, 28, 434301).
cost(7, 29, 431160).
cost(8, 1, 213782).
cost(8, 2, 161992).
cost(8, 3, 105092).
cost(8, 4, 294636).
cost(8, 5, 410810).
cost(8, 6, 422639).
cost(8, 7, 520469).
cost(8, 9, 421912).
cost(8, 10, 196542).
cost(8, 11, 172397).
cost(8, 12, 172220).
cost(8, 13, 260037).
cost(8, 14, 55404).
cost(8, 15, 97359).
cost(8, 16, 210988).
cost(8, 17, 173896).
cost(8, 18, 57083).
cost(8, 19, 131311).
cost(8, 20, 93796).
cost(8, 21, 325634).
cost(8, 22, 264588).
cost(8, 23, 91739).
cost(8, 24, 58374).
cost(8, 25, 410691).
cost(8, 26, 37611).
cost(8, 27, 271728).
cost(8, 28, 116659).
cost(8, 29, 553927).
cost(9, 1, 212238).
cost(9, 2, 300131).
cost(9, 3, 417398).
cost(9, 4, 157815).
cost(9, 5, 128268).
cost(9, 6, 346984).
cost(9, 7, 144497).
cost(9, 8, 421912).
cost(9, 10, 258721).
cost(9, 11, 267541).
cost(9, 12, 260768).
cost(9, 13, 604655).
cost(9, 14, 448470).
cost(9, 15, 339092).
cost(9, 16, 338431).
cost(9, 17, 568428).
cost(9, 18, 474344).
cost(9, 19, 456801).
cost(9, 20, 499812).
cost(9, 21, 264919).
cost(9, 22, 177188).
cost(9, 23, 373507).
cost(9, 24, 397592).
cost(9, 25, 574149).
cost(9, 26, 394029).
cost(9, 27, 576236).
cost(9, 28, 359732).
cost(9, 29, 313783).
cost(10, 1, 119148).
cost(10, 2, 178694).
cost(10, 3, 246910).
cost(10, 4, 193992).
cost(10, 5, 299293).
cost(10, 6, 414104).
cost(10, 7, 331379).
cost(10, 8, 196542).
cost(10, 9, 258721).
cost(10, 11, 146188).
cost(10, 12, 132692).
cost(10, 13, 346215).
cost(10, 14, 204108).
cost(10, 15, 99375).
cost(10, 16, 96739).
cost(10, 17, 314418).
cost(10, 18, 237129).
cost(10, 19, 289073).
cost(10, 20, 289003).
cost(10, 21, 298876).
cost(10, 22, 81915).
cost(10, 23, 122359).
cost(10, 24, 153384).
cost(10, 25, 519163).
cost(10, 26, 184409).
cost(10, 27, 321129).
cost(10, 28, 103846).
cost(10, 29, 485517).
cost(11, 1, 59266).
cost(11, 2, 38506).
cost(11, 3, 150036).
cost(11, 4, 124078).
cost(11, 5, 238810).
cost(11, 6, 282052).
cost(11, 7, 388693).
cost(11, 8, 172397).
cost(11, 9, 267541).
cost(11, 10, 146188).
cost(11, 12, 13790).
cost(11, 13, 411901).
cost(11, 14, 215719).
cost(11, 15, 130502).
cost(11, 16, 230885).
cost(11, 17, 342094).
cost(11, 18, 229367).
cost(11, 19, 190435).
cost(11, 20, 236051).
cost(11, 21, 170711).
cost(11, 22, 157053).
cost(11, 23, 170454).
cost(11, 24, 174487).
cost(11, 25, 376914).
cost(11, 26, 137598).
cost(11, 27, 406375).
cost(11, 28, 174691).
cost(11, 29, 388508).
cost(12, 1, 49621).
cost(12, 2, 51338).
cost(12, 3, 158200).
cost(12, 4, 122459).
cost(12, 5, 238708).
cost(12, 6, 292374).
cost(12, 7, 379114).
cost(12, 8, 172220).
cost(12, 9, 260768).
cost(12, 10, 132692).
cost(12, 11, 13790).
cost(12, 13, 406279).
cost(12, 14, 212969).
cost(12, 15, 122678).
cost(12, 16, 218563).
cost(12, 17, 339495).
cost(12, 18, 228804).
cost(12, 19, 199408).
cost(12, 20, 240361).
cost(12, 21, 179843).
cost(12, 22, 144154).
cost(12, 23, 163131).
cost(12, 24, 169713).
cost(12, 25, 390665).
cost(12, 26, 138832).
cost(12, 27, 398973).
cost(12, 28, 165724).
cost(12, 29, 394025).
cost(13, 1, 431721).
cost(13, 2, 413672).
cost(13, 3, 358859).
cost(13, 4, 518590).
cost(13, 5, 634003).
cost(13, 6, 680973).
cost(13, 7, 657245).
cost(13, 8, 260037).
cost(13, 9, 604655).
cost(13, 10, 346215).
cost(13, 11, 411901).
cost(13, 12, 406279).
cost(13, 14, 205276).
cost(13, 15, 285654).
cost(13, 16, 274746).
cost(13, 17, 109672).
cost(13, 18, 213830).
cost(13, 19, 370269).
cost(13, 20, 282672).
cost(13, 21, 578583).
cost(13, 22, 427468).
cost(13, 23, 245099).
cost(13, 24, 237713).
cost(13, 25, 648570).
cost(13, 26, 296301).
cost(13, 27, 59827).
cost(13, 28, 250652).
cost(13, 29, 800250).
cost(14, 1, 248569).
cost(14, 2, 211322).
cost(14, 3, 159127).
cost(14, 4, 333355).
cost(14, 5, 450452).
cost(14, 6, 476120).
cost(14, 7, 535148).
cost(14, 8, 55404).
cost(14, 9, 448470).
cost(14, 10, 204108).
cost(14, 11, 215719).
cost(14, 12, 212969).
cost(14, 13, 205276).
cost(14, 15, 109764).
cost(14, 16, 192026).
cost(14, 17, 126526).
cost(14, 18, 38353).
cost(14, 19, 180569).
cost(14, 20, 118332).
cost(14, 21, 376319).
cost(14, 22, 280820).
cost(14, 23, 82601).
cost(14, 24, 51431).
cost(14, 25, 462340).
cost(14, 26, 91025).
cost(14, 27, 216579).
cost(14, 28, 105506).
cost(14, 29, 602382).
cost(15, 1, 146618).
cost(15, 2, 143611).
cost(15, 3, 164283).
cost(15, 4, 233465).
cost(15, 5, 349829).
cost(15, 6, 411073).
cost(15, 7, 427225).
cost(15, 8, 97359).
cost(15, 9, 339092).
cost(15, 10, 99375).
cost(15, 11, 130502).
cost(15, 12, 122678).
cost(15, 13, 285654).
cost(15, 14, 109764).
cost(15, 16, 129010).
cost(15, 17, 230656).
cost(15, 18, 139477).
cost(15, 19, 203439).
cost(15, 20, 190539).
cost(15, 21, 301133).
cost(15, 22, 171766).
cost(15, 23, 40727).
cost(15, 24, 58538).
cost(15, 25, 460690).
cost(15, 26, 90577).
cost(15, 27, 276298).
cost(15, 28, 46266).
cost(15, 29, 515911).
cost(16, 1, 214299).
cost(16, 2, 256923).
cost(16, 3, 292953).
cost(16, 4, 290659).
cost(16, 5, 393557).
cost(16, 6, 507646).
cost(16, 7, 382690).
cost(16, 8, 210988).
cost(16, 9, 338431).
cost(16, 10, 96739).
cost(16, 11, 230885).
cost(16, 12, 218563).
cost(16, 13, 274746).
cost(16, 14, 192026).
cost(16, 15, 129010).
cost(16, 17, 270722).
cost(16, 18, 230250).
cost(16, 19, 330993).
cost(16, 20, 302439).
cost(16, 21, 392777).
cost(16, 22, 165291).
cost(16, 23, 119249).
cost(16, 24, 153618).
cost(16, 25, 587905).
cost(16, 26, 216286).
cost(16, 27, 239326).
cost(16, 28, 94466).
cost(16, 29, 582001).
cost(17, 1, 374129).
cost(17, 2, 335552).
cost(17, 3, 261715).
cost(17, 4, 459544).
cost(17, 5, 576665).
cost(17, 6, 594648).
cost(17, 7, 643411).
cost(17, 8, 173896).
cost(17, 9, 568428).
cost(17, 10, 314418).
cost(17, 11, 342094).
cost(17, 12, 339495).
cost(17, 13, 109672).
cost(17, 14, 126526).
cost(17, 15, 230656).
cost(17, 16, 270722).
cost(17, 18, 119210).
cost(17, 19, 267143).
cost(17, 20, 176059).
cost(17, 21, 499526).
cost(17, 22, 395306).
cost(17, 23, 194936).
cost(17, 24, 173351).
cost(17, 25, 541463).
cost(17, 26, 211489).
cost(17, 27, 152000).
cost(17, 28, 210601).
cost(17, 29, 727460).
cost(18, 1, 268926).
cost(18, 2, 218602).
cost(18, 3, 145196).
cost(18, 4, 351053).
cost(18, 5, 467506).
cost(18, 6, 475447).
cost(18, 7, 566697).
cost(18, 8, 57083).
cost(18, 9, 474344).
cost(18, 10, 237129).
cost(18, 11, 229367).
cost(18, 12, 228804).
cost(18, 13, 213830).
cost(18, 14, 38353).
cost(18, 15, 139477).
cost(18, 16, 230250).
cost(18, 17, 119210).
cost(18, 19, 158395).
cost(18, 20, 83859).
cost(18, 21, 381247).
cost(18, 22, 311143).
cost(18, 23, 118098).
cost(18, 24, 84104).
cost(18, 25, 440048).
cost(18, 26, 93851).
cost(18, 27, 234656).
cost(18, 28, 142073).
cost(18, 29, 610304).
cost(19, 1, 248967).
cost(19, 2, 156732).
cost(19, 3, 42840).
cost(19, 4, 304868).
cost(19, 5, 407396).
cost(19, 6, 349612).
cost(19, 7, 578496).
cost(19, 8, 131311).
cost(19, 9, 456801).
cost(19, 10, 289073).
cost(19, 11, 190435).
cost(19, 12, 199408).
cost(19, 13, 370269).
cost(19, 14, 180569).
cost(19, 15, 203439).
cost(19, 16, 330993).
cost(19, 17, 267143).
cost(19, 18, 158395).
cost(19, 20, 94166).
cost(19, 21, 279355).
cost(19, 22, 334834).
cost(19, 23, 215519).
cost(19, 24, 186897).
cost(19, 25, 282167).
cost(19, 26, 114943).
cost(19, 27, 392961).
cost(19, 28, 238253).
cost(19, 29, 507322).
cost(20, 1, 287696).
cost(20, 2, 212440).
cost(20, 3, 103457).
cost(20, 4, 359570).
cost(20, 5, 471033).
cost(20, 6, 439637).
cost(20, 7, 607183).
cost(20, 8, 93796).
cost(20, 9, 499812).
cost(20, 10, 289003).
cost(20, 11, 236051).
cost(20, 12, 240361).
cost(20, 13, 282672).
cost(20, 14, 118332).
cost(20, 15, 190539).
cost(20, 16, 302439).
cost(20, 17, 176059).
cost(20, 18, 83859).
cost(20, 19, 94166).
cost(20, 21, 359819).
cost(20, 22, 352724).
cost(20, 23, 183852).
cost(20, 24, 148902).
cost(20, 25, 365932).
cost(20, 26, 108262).
cost(20, 27, 311997).
cost(20, 28, 209001).
cost(20, 29, 590441).
cost(21, 1, 179849).
cost(21, 2, 165137).
cost(21, 3, 256522).
cost(21, 4, 130860).
cost(21, 5, 159448).
cost(21, 6, 115254).
cost(21, 7, 409260).
cost(21, 8, 325634).
cost(21, 9, 264919).
cost(21, 10, 298876).
cost(21, 11, 170711).
cost(21, 12, 179843).
cost(21, 13, 578583).
cost(21, 14, 376319).
cost(21, 15, 301133).
cost(21, 16, 392777).
cost(21, 17, 499526).
cost(21, 18, 381247).
cost(21, 19, 279355).
cost(21, 20, 359819).
cost(21, 22, 268545).
cost(21, 23, 340744).
cost(21, 24, 341242).
cost(21, 25, 311034).
cost(21, 26, 288038).
cost(21, 27, 576320).
cost(21, 28, 345317).
cost(21, 29, 230877).
cost(22, 1, 103827).
cost(22, 2, 195433).
cost(22, 3, 292067).
cost(22, 4, 144029).
cost(22, 5, 231847).
cost(22, 6, 381398).
cost(22, 7, 255974).
cost(22, 8, 264588).
cost(22, 9, 177188).
cost(22, 10, 81915).
cost(22, 11, 157053).
cost(22, 12, 144154).
cost(22, 13, 427468).
cost(22, 14, 280820).
cost(22, 15, 171766).
cost(22, 16, 165291).
cost(22, 17, 395306).
cost(22, 18, 311143).
cost(22, 19, 334834).
cost(22, 20, 352724).
cost(22, 21, 268545).
cost(22, 23, 201308).
cost(22, 24, 229406).
cost(22, 25, 529977).
cost(22, 26, 244626).
cost(22, 27, 400027).
cost(22, 28, 184873).
cost(22, 29, 426249).
cost(23, 1, 186760).
cost(23, 2, 180584).
cost(23, 3, 180628).
cost(23, 4, 273657).
cost(23, 5, 389657).
cost(23, 6, 449570).
cost(23, 7, 453738).
cost(23, 8, 91739).
cost(23, 9, 373507).
cost(23, 10, 122359).
cost(23, 11, 170454).
cost(23, 12, 163131).
cost(23, 13, 245099).
cost(23, 14, 82601).
cost(23, 15, 40727).
cost(23, 16, 119249).
cost(23, 17, 194936).
cost(23, 18, 118098).
cost(23, 19, 215519).
cost(23, 20, 183852).
cost(23, 21, 340744).
cost(23, 22, 201308).
cost(23, 24, 35297).
cost(23, 25, 484460).
cost(23, 26, 101014).
cost(23, 27, 235948).
cost(23, 28, 25152).
cost(23, 29, 556616).
cost(24, 1, 201078).
cost(24, 2, 176983).
cost(24, 3, 155345).
cost(24, 4, 287119).
cost(24, 5, 404140).
cost(24, 6, 446204).
cost(24, 7, 483992).
cost(24, 8, 58374).
cost(24, 9, 397592).
cost(24, 10, 153384).
cost(24, 11, 174487).
cost(24, 12, 169713).
cost(24, 13, 237713).
cost(24, 14, 51431).
cost(24, 15, 58538).
cost(24, 16, 153618).
cost(24, 17, 173351).
cost(24, 18, 84104).
cost(24, 19, 186897).
cost(24, 20, 148902).
cost(24, 21, 341242).
cost(24, 22, 229406).
cost(24, 23, 35297).
cost(24, 25, 461662).
cost(24, 26, 75793).
cost(24, 27, 237336).
cost(24, 28, 60362).
cost(24, 29, 562994).
cost(25, 1, 426163).
cost(25, 2, 341132).
cost(25, 3, 306594).
cost(25, 4, 424965).
cost(25, 5, 468413).
cost(25, 6, 276117).
cost(25, 7, 717462).
cost(25, 8, 410691).
cost(25, 9, 574149).
cost(25, 10, 519163).
cost(25, 11, 376914).
cost(25, 12, 390665).
cost(25, 13, 648570).
cost(25, 14, 462340).
cost(25, 15, 460690).
cost(25, 16, 587905).
cost(25, 17, 541463).
cost(25, 18, 440048).
cost(25, 19, 282167).
cost(25, 20, 365932).
cost(25, 21, 311034).
cost(25, 22, 529977).
cost(25, 23, 484460).
cost(25, 24, 461662).
cost(25, 26, 385907).
cost(25, 27, 674671).
cost(25, 28, 503459).
cost(25, 29, 448658).
cost(26, 1, 183169).
cost(26, 2, 124752).
cost(26, 3, 79999).
cost(26, 4, 261097).
cost(26, 5, 376407).
cost(26, 6, 385441).
cost(26, 7, 498935).
cost(26, 8, 37611).
cost(26, 9, 394029).
cost(26, 10, 184409).
cost(26, 11, 137598).
cost(26, 12, 138832).
cost(26, 13, 296301).
cost(26, 14, 91025).
cost(26, 15, 90577).
cost(26, 16, 216286).
cost(26, 17, 211489).
cost(26, 18, 93851).
cost(26, 19, 114943).
cost(26, 20, 108262).
cost(26, 21, 288038).
cost(26, 22, 244626).
cost(26, 23, 101014).
cost(26, 24, 75793).
cost(26, 25, 385907).
cost(26, 27, 305135).
cost(26, 28, 123327).
cost(26, 29, 516549).
cost(27, 1, 418105).
cost(27, 2, 413701).
cost(27, 3, 375464).
cost(27, 4, 504026).
cost(27, 5, 616807).
cost(27, 6, 683283).
cost(27, 7, 617879).
cost(27, 8, 271728).
cost(27, 9, 576236).
cost(27, 10, 321129).
cost(27, 11, 406375).
cost(27, 12, 398973).
cost(27, 13, 59827).
cost(27, 14, 216579).
cost(27, 15, 276298).
cost(27, 16, 239326).
cost(27, 17, 152000).
cost(27, 18, 234656).
cost(27, 19, 392961).
cost(27, 20, 311997).
cost(27, 21, 576320).
cost(27, 22, 400027).
cost(27, 23, 235948).
cost(27, 24, 237336).
cost(27, 25, 674671).
cost(27, 26, 305135).
cost(27, 28, 235437).
cost(27, 29, 791463).
cost(28, 1, 182830).
cost(28, 2, 189754).
cost(28, 3, 201982).
cost(28, 4, 269205).
cost(28, 5, 383643).
cost(28, 6, 456292).
cost(28, 7, 434301).
cost(28, 8, 116659).
cost(28, 9, 359732).
cost(28, 10, 103846).
cost(28, 11, 174691).
cost(28, 12, 165724).
cost(28, 13, 250652).
cost(28, 14, 105506).
cost(28, 15, 46266).
cost(28, 16, 94466).
cost(28, 17, 210601).
cost(28, 18, 142073).
cost(28, 19, 238253).
cost(28, 20, 209001).
cost(28, 21, 345317).
cost(28, 22, 184873).
cost(28, 23, 25152).
cost(28, 24, 60362).
cost(28, 25, 503459).
cost(28, 26, 123327).
cost(28, 27, 235437).
cost(28, 29, 556138).
cost(29, 1, 374479).
cost(29, 2, 391962).
cost(29, 3, 487019).
cost(29, 4, 291693).
cost(29, 5, 198558).
cost(29, 6, 178006).
cost(29, 7, 431160).
cost(29, 8, 553927).
cost(29, 9, 313783).
cost(29, 10, 485517).
cost(29, 11, 388508).
cost(29, 12, 394025).
cost(29, 13, 800250).
cost(29, 14, 602382).
cost(29, 15, 515911).
cost(29, 16, 582001).
cost(29, 17, 727460).
cost(29, 18, 610304).
cost(29, 19, 507322).
cost(29, 20, 590441).
cost(29, 21, 230877).
cost(29, 22, 426249).
cost(29, 23, 556616).
cost(29, 24, 562994).
cost(29, 25, 448658).
cost(29, 26, 516549).
cost(29, 27, 791463).
cost(29, 28, 556138).
nocross(1,11).
nocross(1,12).
nocross(1,22).
nocross(1,28).
nocross(2,11).
nocross(2,15).
nocross(2,20).
nocross(2,24).
nocross(3,2).
nocross(3,6).
nocross(3,11).
nocross(3,15).
nocross(3,18).
nocross(3,20).
nocross(3,21).
nocross(3,23).
nocross(3,24).
nocross(3,28).
nocross(4,1).
nocross(4,2).
nocross(4,10).
nocross(4,11).
nocross(4,12).
nocross(4,15).
nocross(4,21).
nocross(4,22).
nocross(5,6).
nocross(8,1).
nocross(8,2).
nocross(8,11).
nocross(8,12).
nocross(8,14).
nocross(8,15).
nocross(8,18).
nocross(8,19).
nocross(8,20).
nocross(8,23).
nocross(8,24).
nocross(8,28).
nocross(9,5).
nocross(10,5).
nocross(10,15).
nocross(10,16).
nocross(10,22).
nocross(10,26).
nocross(10,28).
nocross(11,2).
nocross(11,15).
nocross(11,24).
nocross(12,1).
nocross(12,2).
nocross(12,11).
nocross(12,15).
nocross(12,22).
nocross(12,23).
nocross(14,2).
nocross(14,8).
nocross(14,11).
nocross(14,15).
nocross(14,16).
nocross(14,17).
nocross(14,18).
nocross(14,19).
nocross(14,20).
nocross(14,23).
nocross(14,24).
nocross(14,28).
nocross(15,11).
nocross(15,20).
nocross(15,23).
nocross(15,26).
nocross(15,28).
nocross(16,5).
nocross(16,14).
nocross(16,15).
nocross(16,17).
nocross(16,28).
nocross(17,11).
nocross(17,14).
nocross(17,16).
nocross(17,18).
nocross(17,23).
nocross(17,24).
nocross(17,28).
nocross(18,8).
nocross(18,11).
nocross(18,14).
nocross(18,15).
nocross(18,17).
nocross(18,20).
nocross(18,24).
nocross(18,28).
nocross(19,6).
nocross(20,2).
nocross(20,14).
nocross(20,15).
nocross(20,17).
nocross(20,18).
nocross(20,19).
nocross(20,26).
nocross(21,1).
nocross(21,2).
nocross(21,4).
nocross(21,5).
nocross(21,11).
nocross(21,20).
nocross(22,5).
nocross(22,12).
nocross(22,15).
nocross(22,16).
nocross(22,26).
nocross(22,28).
nocross(23,2).
nocross(23,8).
nocross(23,11).
nocross(23,14).
nocross(23,15).
nocross(23,16).
nocross(23,17).
nocross(23,24).
nocross(23,28).
nocross(24,2).
nocross(24,8).
nocross(24,11).
nocross(24,14).
nocross(24,15).
nocross(24,17).
nocross(24,18).
nocross(24,20).
nocross(24,23).
nocross(24,26).
nocross(24,28).
nocross(25,5).
nocross(25,6).
nocross(25,19).
nocross(28,15).
nocross(28,16).
nocross(28,23).
nocross(29,5).
nocross(29,6).
