dimension(16).
point(1, -168412.0, -343628.0).
point(2, -122066.0, -143135.0).
point(3, -54683.0, 45498.0).
point(4, -18803.0, -108213.0).
point(5, -404154.0, 120119.0).
point(6, -164925.0, -263402.0).
point(7, -345037.0, 97329.0).
point(8, 224502.0, 274811.0).
point(9, 281670.0, -143194.0).
point(10, -148007.0, -152393.0).
point(11, 45544.0, 119317.0).
point(12, -141913.0, -42572.0).
point(13, 29277.0, -8967.0).
point(14, -293610.0, 447714.0).
point(15, -92249.0, 84738.0).
point(16, -123193.0, -1480.0).
cost(1, 2, 205780).
cost(1, 3, 405405).
cost(1, 4, 278932).
cost(1, 5, 520226).
cost(1, 6, 80302).
cost(1, 7, 475015).
cost(1, 8, 732699).
cost(1, 9, 492694).
cost(1, 10, 192321).
cost(1, 11, 509995).
cost(1, 12, 302220).
cost(1, 13, 388689).
cost(1, 14, 801185).
cost(1, 15, 435084).
cost(1, 16, 345123).
cost(2, 1, 205780).
cost(2, 3, 200307).
cost(2, 4, 109008).
cost(2, 5, 385845).
cost(2, 6, 127676).
cost(2, 7, 327931).
cost(2, 8, 542944).
cost(2, 9, 403736).
cost(2, 10, 27544).
cost(2, 11, 311407).
cost(2, 12, 102503).
cost(2, 13, 202252).
cost(2, 14, 615248).
cost(2, 15, 229815).
cost(2, 16, 141659).
cost(3, 1, 405405).
cost(3, 2, 200307).
cost(3, 4, 157843).
cost(3, 5, 357349).
cost(3, 6, 327982).
cost(3, 7, 294944).
cost(3, 8, 361288).
cost(3, 9, 385666).
cost(3, 10, 218793).
cost(3, 11, 124478).
cost(3, 12, 123957).
cost(3, 13, 100079).
cost(3, 14, 467829).
cost(3, 15, 54323).
cost(3, 16, 83070).
cost(4, 1, 278932).
cost(4, 2, 109008).
cost(4, 3, 157843).
cost(4, 5, 447918).
cost(4, 6, 213155).
cost(4, 7, 385585).
cost(4, 8, 453767).
cost(4, 9, 302502).
cost(4, 10, 136549).
cost(4, 11, 236454).
cost(4, 12, 139516).
cost(4, 13, 110279).
cost(4, 14, 620140).
cost(4, 15, 206457).
cost(4, 16, 149296).
cost(5, 1, 520226).
cost(5, 2, 385845).
cost(5, 3, 357349).
cost(5, 4, 447918).
cost(5, 6, 452016).
cost(5, 7, 63358).
cost(5, 8, 647409).
cost(5, 9, 734635).
cost(5, 10, 373997).
cost(5, 11, 449699).
cost(5, 12, 308608).
cost(5, 13, 452245).
cost(5, 14, 345743).
cost(5, 15, 313905).
cost(5, 16, 306146).
cost(6, 1, 80302).
cost(6, 2, 127676).
cost(6, 3, 327982).
cost(6, 4, 213155).
cost(6, 5, 452016).
cost(6, 7, 403196).
cost(6, 8, 664324).
cost(6, 9, 462490).
cost(6, 10, 112291).
cost(6, 11, 436773).
cost(6, 12, 222026).
cost(6, 13, 320081).
cost(6, 14, 722666).
cost(6, 15, 355645).
cost(6, 16, 265226).
cost(7, 1, 475015).
cost(7, 2, 327931).
cost(7, 3, 294944).
cost(7, 4, 385585).
cost(7, 5, 63358).
cost(7, 6, 403196).
cost(7, 8, 596552).
cost(7, 9, 671277).
cost(7, 10, 318091).
cost(7, 11, 391199).
cost(7, 12, 246641).
cost(7, 13, 389114).
cost(7, 14, 354139).
cost(7, 15, 253101).
cost(7, 16, 242854).
cost(8, 1, 732699).
cost(8, 2, 542944).
cost(8, 3, 361288).
cost(8, 4, 453767).
cost(8, 5, 647409).
cost(8, 6, 664324).
cost(8, 7, 596552).
cost(8, 9, 421896).
cost(8, 10, 566804).
cost(8, 11, 237075).
cost(8, 12, 484760).
cost(8, 13, 344446).
cost(8, 14, 546201).
cost(8, 15, 369403).
cost(8, 16, 444104).
cost(9, 1, 492694).
cost(9, 2, 403736).
cost(9, 3, 385666).
cost(9, 4, 302502).
cost(9, 5, 734635).
cost(9, 6, 462490).
cost(9, 7, 671277).
cost(9, 8, 421896).
cost(9, 10, 429775).
cost(9, 11, 353083).
cost(9, 12, 435370).
cost(9, 13, 285866).
cost(9, 14, 824693).
cost(9, 15, 437914).
cost(9, 16, 428949).
cost(10, 1, 192321).
cost(10, 2, 27544).
cost(10, 3, 218793).
cost(10, 4, 136549).
cost(10, 5, 373997).
cost(10, 6, 112291).
cost(10, 7, 318091).
cost(10, 8, 566804).
cost(10, 9, 429775).
cost(10, 11, 333599).
cost(10, 12, 109990).
cost(10, 13, 228036).
cost(10, 14, 617518).
cost(10, 15, 243598).
cost(10, 16, 152939).
cost(11, 1, 509995).
cost(11, 2, 311407).
cost(11, 3, 124478).
cost(11, 4, 236454).
cost(11, 5, 449699).
cost(11, 6, 436773).
cost(11, 7, 391199).
cost(11, 8, 237075).
cost(11, 9, 353083).
cost(11, 10, 333599).
cost(11, 12, 247686).
cost(11, 13, 129311).
cost(11, 14, 472091).
cost(11, 15, 142066).
cost(11, 16, 207519).
cost(12, 1, 302220).
cost(12, 2, 102503).
cost(12, 3, 123957).
cost(12, 4, 139516).
cost(12, 5, 308608).
cost(12, 6, 222026).
cost(12, 7, 246641).
cost(12, 8, 484760).
cost(12, 9, 435370).
cost(12, 10, 109990).
cost(12, 11, 247686).
cost(12, 13, 174457).
cost(12, 14, 513218).
cost(12, 15, 136654).
cost(12, 16, 45155).
cost(13, 1, 388689).
cost(13, 2, 202252).
cost(13, 3, 100079).
cost(13, 4, 110279).
cost(13, 5, 452245).
cost(13, 6, 320081).
cost(13, 7, 389114).
cost(13, 8, 344446).
cost(13, 9, 285866).
cost(13, 10, 228036).
cost(13, 11, 129311).
cost(13, 12, 174457).
cost(13, 14, 559297).
cost(13, 15, 153457).
cost(13, 16, 152654).
cost(14, 1, 801185).
cost(14, 2, 615248).
cost(14, 3, 467829).
cost(14, 4, 620140).
cost(14, 5, 345743).
cost(14, 6, 722666).
cost(14, 7, 354139).
cost(14, 8, 546201).
cost(14, 9, 824693).
cost(14, 10, 617518).
cost(14, 11, 472091).
cost(14, 12, 513218).
cost(14, 13, 559297).
cost(14, 15, 415088).
cost(14, 16, 480434).
cost(15, 1, 435084).
cost(15, 2, 229815).
cost(15, 3, 54323).
cost(15, 4, 206457).
cost(15, 5, 313905).
cost(15, 6, 355645).
cost(15, 7, 253101).
cost(15, 8, 369403).
cost(15, 9, 437914).
cost(15, 10, 243598).
cost(15, 11, 142066).
cost(15, 12, 136654).
cost(15, 13, 153457).
cost(15, 14, 415088).
cost(15, 16, 91603).
cost(16, 1, 345123).
cost(16, 2, 141659).
cost(16, 3, 83070).
cost(16, 4, 149296).
cost(16, 5, 306146).
cost(16, 6, 265226).
cost(16, 7, 242854).
cost(16, 8, 444104).
cost(16, 9, 428949).
cost(16, 10, 152939).
cost(16, 11, 207519).
cost(16, 12, 45155).
cost(16, 13, 152654).
cost(16, 14, 480434).
cost(16, 15, 91603).
