dimension(16).
point(1, -92657.0, 196477.0).
point(2, 78877.0, -169181.0).
point(3, 214898.0, 12670.0).
point(4, 121458.0, 265619.0).
point(5, -154563.0, 176634.0).
point(6, 79883.0, -123555.0).
point(7, 335511.0, 561791.0).
point(8, 190468.0, -230591.0).
point(9, -124540.0, -173245.0).
point(10, 64762.0, -348954.0).
point(11, 156483.0, -82818.0).
point(12, -189990.0, 131161.0).
point(13, -231753.0, -349917.0).
point(14, 4027.0, 36172.0).
point(15, 162214.0, 357770.0).
point(16, -123815.0, -32085.0).
cost(1, 2, 403893).
cost(1, 3, 358295).
cost(1, 4, 225002).
cost(1, 5, 65008).
cost(1, 6, 363580).
cost(1, 7, 562834).
cost(1, 8, 512393).
cost(1, 9, 371094).
cost(1, 10, 567693).
cost(1, 11, 374268).
cost(1, 12, 117217).
cost(1, 13, 563821).
cost(1, 14, 187204).
cost(1, 15, 301620).
cost(1, 16, 230676).
cost(2, 1, 403893).
cost(2, 3, 227094).
cost(2, 4, 436880).
cost(2, 5, 417232).
cost(2, 6, 45637).
cost(2, 7, 774714).
cost(2, 8, 127372).
cost(2, 9, 203458).
cost(2, 10, 180326).
cost(2, 11, 116109).
cost(2, 12, 403106).
cost(2, 13, 359383).
cost(2, 14, 218569).
cost(2, 15, 533500).
cost(2, 16, 244703).
cost(3, 1, 358295).
cost(3, 2, 227094).
cost(3, 4, 269656).
cost(3, 5, 404210).
cost(3, 6, 191798).
cost(3, 7, 562211).
cost(3, 8, 244485).
cost(3, 9, 387017).
cost(3, 10, 391552).
cost(3, 11, 111939).
cost(3, 12, 421870).
cost(3, 13, 575297).
cost(3, 14, 212177).
cost(3, 15, 349098).
cost(3, 16, 341657).
cost(4, 1, 225002).
cost(4, 2, 436880).
cost(4, 3, 269656).
cost(4, 5, 290010).
cost(4, 6, 391388).
cost(4, 7, 365427).
cost(4, 8, 500986).
cost(4, 9, 503107).
cost(4, 10, 617183).
cost(4, 11, 350193).
cost(4, 12, 339233).
cost(4, 13, 709678).
cost(4, 14, 257752).
cost(4, 15, 100761).
cost(4, 16, 385729).
cost(5, 1, 65008).
cost(5, 2, 417232).
cost(5, 3, 404210).
cost(5, 4, 290010).
cost(5, 6, 380892).
cost(5, 7, 623312).
cost(5, 8, 533740).
cost(5, 9, 351165).
cost(5, 10, 569514).
cost(5, 11, 405049).
cost(5, 12, 57644).
cost(5, 13, 532179).
cost(5, 14, 211850).
cost(5, 15, 364908).
cost(5, 16, 210972).
cost(6, 1, 363580).
cost(6, 2, 45637).
cost(6, 3, 191798).
cost(6, 4, 391388).
cost(6, 5, 380892).
cost(6, 7, 731468).
cost(6, 8, 153902).
cost(6, 9, 210376).
cost(6, 10, 225906).
cost(6, 11, 86759).
cost(6, 12, 371095).
cost(6, 13, 385171).
cost(6, 14, 176824).
cost(6, 15, 488316).
cost(6, 16, 223293).
cost(7, 1, 562834).
cost(7, 2, 774714).
cost(7, 3, 562211).
cost(7, 4, 365427).
cost(7, 5, 623312).
cost(7, 6, 731468).
cost(7, 8, 805547).
cost(7, 9, 867136).
cost(7, 10, 950138).
cost(7, 11, 669008).
cost(7, 12, 679407).
cost(7, 13, 1073778).
cost(7, 14, 621415).
cost(7, 15, 267687).
cost(7, 16, 750779).
cost(8, 1, 512393).
cost(8, 2, 127372).
cost(8, 3, 244485).
cost(8, 4, 500986).
cost(8, 5, 533740).
cost(8, 6, 153902).
cost(8, 7, 805547).
cost(8, 9, 320185).
cost(8, 10, 172661).
cost(8, 11, 151631).
cost(8, 12, 524988).
cost(8, 13, 438759).
cost(8, 14, 325458).
cost(8, 15, 589039).
cost(8, 16, 371724).
cost(9, 1, 371094).
cost(9, 2, 203458).
cost(9, 3, 387017).
cost(9, 4, 503107).
cost(9, 5, 351165).
cost(9, 6, 210376).
cost(9, 7, 867136).
cost(9, 8, 320185).
cost(9, 10, 258281).
cost(9, 11, 295213).
cost(9, 12, 311363).
cost(9, 13, 206658).
cost(9, 14, 245734).
cost(9, 15, 603494).
cost(9, 16, 141162).
cost(10, 1, 567693).
cost(10, 2, 180326).
cost(10, 3, 391552).
cost(10, 4, 617183).
cost(10, 5, 569514).
cost(10, 6, 225906).
cost(10, 7, 950138).
cost(10, 8, 172661).
cost(10, 9, 258281).
cost(10, 11, 281498).
cost(10, 12, 543515).
cost(10, 13, 296517).
cost(10, 14, 389886).
cost(10, 15, 713411).
cost(10, 16, 368737).
cost(11, 1, 374268).
cost(11, 2, 116109).
cost(11, 3, 111939).
cost(11, 4, 350193).
cost(11, 5, 405049).
cost(11, 6, 86759).
cost(11, 7, 669008).
cost(11, 8, 151631).
cost(11, 9, 295213).
cost(11, 10, 281498).
cost(11, 12, 407223).
cost(11, 13, 471242).
cost(11, 14, 193395).
cost(11, 15, 440625).
cost(11, 16, 284852).
cost(12, 1, 117217).
cost(12, 2, 403106).
cost(12, 3, 421870).
cost(12, 4, 339233).
cost(12, 5, 57644).
cost(12, 6, 371095).
cost(12, 7, 679407).
cost(12, 8, 524988).
cost(12, 9, 311363).
cost(12, 10, 543515).
cost(12, 11, 407223).
cost(12, 13, 482887).
cost(12, 14, 216022).
cost(12, 15, 418807).
cost(12, 16, 176149).
cost(13, 1, 563821).
cost(13, 2, 359383).
cost(13, 3, 575297).
cost(13, 4, 709678).
cost(13, 5, 532179).
cost(13, 6, 385171).
cost(13, 7, 1073778).
cost(13, 8, 438759).
cost(13, 9, 206658).
cost(13, 10, 296517).
cost(13, 11, 471242).
cost(13, 12, 482887).
cost(13, 14, 452390).
cost(13, 15, 809957).
cost(13, 16, 335660).
cost(14, 1, 187204).
cost(14, 2, 218569).
cost(14, 3, 212177).
cost(14, 4, 257752).
cost(14, 5, 211850).
cost(14, 6, 176824).
cost(14, 7, 621415).
cost(14, 8, 325458).
cost(14, 9, 245734).
cost(14, 10, 389886).
cost(14, 11, 193395).
cost(14, 12, 216022).
cost(14, 13, 452390).
cost(14, 15, 358397).
cost(14, 16, 144923).
cost(15, 1, 301620).
cost(15, 2, 533500).
cost(15, 3, 349098).
cost(15, 4, 100761).
cost(15, 5, 364908).
cost(15, 6, 488316).
cost(15, 7, 267687).
cost(15, 8, 589039).
cost(15, 9, 603494).
cost(15, 10, 713411).
cost(15, 11, 440625).
cost(15, 12, 418807).
cost(15, 13, 809957).
cost(15, 14, 358397).
cost(15, 16, 483528).
cost(16, 1, 230676).
cost(16, 2, 244703).
cost(16, 3, 341657).
cost(16, 4, 385729).
cost(16, 5, 210972).
cost(16, 6, 223293).
cost(16, 7, 750779).
cost(16, 8, 371724).
cost(16, 9, 141162).
cost(16, 10, 368737).
cost(16, 11, 284852).
cost(16, 12, 176149).
cost(16, 13, 335660).
cost(16, 14, 144923).
cost(16, 15, 483528).
