dimension(16).
point(1, -237520.0, 396432.0).
point(2, 260171.0, 174849.0).
point(3, 106004.0, 106675.0).
point(4, 316751.0, -116310.0).
point(5, 16765.0, -69540.0).
point(6, -48597.0, -11258.0).
point(7, 257634.0, 57893.0).
point(8, 97687.0, 111559.0).
point(9, -388993.0, 17244.0).
point(10, -261156.0, 249082.0).
point(11, 67796.0, -290728.0).
point(12, -72345.0, 87201.0).
point(13, -286240.0, -244512.0).
point(14, -160097.0, 256641.0).
point(15, 127256.0, -94854.0).
point(16, -302810.0, -155437.0).
cost(1, 2, 544789).
cost(1, 3, 449408).
cost(1, 4, 755063).
cost(1, 5, 530840).
cost(1, 6, 449336).
cost(1, 7, 599822).
cost(1, 8, 439905).
cost(1, 9, 408323).
cost(1, 10, 149234).
cost(1, 11, 751935).
cost(1, 12, 350580).
cost(1, 13, 642793).
cost(1, 14, 159799).
cost(1, 15, 611902).
cost(1, 16, 555718).
cost(2, 1, 544789).
cost(2, 3, 168568).
cost(2, 4, 296606).
cost(2, 5, 344924).
cost(2, 6, 360518).
cost(2, 7, 116984).
cost(2, 8, 174375).
cost(2, 9, 668022).
cost(2, 10, 526586).
cost(2, 11, 503756).
cost(2, 12, 343874).
cost(2, 13, 688788).
cost(2, 14, 428153).
cost(2, 15, 300676).
cost(2, 16, 652715).
cost(3, 1, 449408).
cost(3, 2, 168568).
cost(3, 4, 306817).
cost(3, 5, 197523).
cost(3, 6, 194447).
cost(3, 7, 159284).
cost(3, 8, 9645).
cost(3, 9, 503011).
cost(3, 10, 393810).
cost(3, 11, 399236).
cost(3, 12, 179409).
cost(3, 13, 526486).
cost(3, 14, 305450).
cost(3, 15, 202646).
cost(3, 16, 485625).
cost(4, 1, 755063).
cost(4, 2, 296606).
cost(4, 3, 306817).
cost(4, 5, 303610).
cost(4, 6, 380151).
cost(4, 7, 183961).
cost(4, 8, 316091).
cost(4, 9, 718270).
cost(4, 10, 683731).
cost(4, 11, 303974).
cost(4, 12, 439104).
cost(4, 13, 616469).
cost(4, 14, 605373).
cost(4, 15, 190706).
cost(4, 16, 620795).
cost(5, 1, 530840).
cost(5, 2, 344924).
cost(5, 3, 197523).
cost(5, 4, 303610).
cost(5, 6, 87573).
cost(5, 7, 272501).
cost(5, 8, 198356).
cost(5, 9, 414935).
cost(5, 10, 422800).
cost(5, 11, 226998).
cost(5, 12, 180301).
cost(5, 13, 349896).
cost(5, 14, 371045).
cost(5, 15, 113354).
cost(5, 16, 330918).
cost(6, 1, 449336).
cost(6, 2, 360518).
cost(6, 3, 194447).
cost(6, 4, 380151).
cost(6, 5, 87573).
cost(6, 7, 313942).
cost(6, 8, 191005).
cost(6, 9, 341587).
cost(6, 10, 336093).
cost(6, 11, 302739).
cost(6, 12, 101282).
cost(6, 13, 332989).
cost(6, 14, 290176).
cost(6, 15, 194712).
cost(6, 16, 292253).
cost(7, 1, 599822).
cost(7, 2, 116984).
cost(7, 3, 159284).
cost(7, 4, 183961).
cost(7, 5, 272501).
cost(7, 6, 313942).
cost(7, 8, 168710).
cost(7, 9, 647903).
cost(7, 10, 552898).
cost(7, 11, 396957).
cost(7, 12, 331278).
cost(7, 13, 622292).
cost(7, 14, 462601).
cost(7, 15, 200823).
cost(7, 16, 599673).
cost(8, 1, 439905).
cost(8, 2, 174375).
cost(8, 3, 9645).
cost(8, 4, 316091).
cost(8, 5, 198356).
cost(8, 6, 191005).
cost(8, 7, 168710).
cost(8, 9, 495735).
cost(8, 10, 384293).
cost(8, 11, 403396).
cost(8, 12, 171768).
cost(8, 13, 523628).
cost(8, 14, 295806).
cost(8, 15, 208520).
cost(8, 16, 481336).
cost(9, 1, 408323).
cost(9, 2, 668022).
cost(9, 3, 503011).
cost(9, 4, 718270).
cost(9, 5, 414935).
cost(9, 6, 341587).
cost(9, 7, 647903).
cost(9, 8, 495735).
cost(9, 10, 264747).
cost(9, 11, 550911).
cost(9, 12, 324284).
cost(9, 13, 281202).
cost(9, 14, 331216).
cost(9, 15, 528279).
cost(9, 16, 192993).
cost(10, 1, 149234).
cost(10, 2, 526586).
cost(10, 3, 393810).
cost(10, 4, 683731).
cost(10, 5, 422800).
cost(10, 6, 336093).
cost(10, 7, 552898).
cost(10, 8, 384293).
cost(10, 9, 264747).
cost(10, 11, 632143).
cost(10, 12, 248707).
cost(10, 13, 494231).
cost(10, 14, 101341).
cost(10, 15, 518802).
cost(10, 16, 406658).
cost(11, 1, 751935).
cost(11, 2, 503756).
cost(11, 3, 399236).
cost(11, 4, 303974).
cost(11, 5, 226998).
cost(11, 6, 302739).
cost(11, 7, 396957).
cost(11, 8, 403396).
cost(11, 9, 550911).
cost(11, 10, 632143).
cost(11, 12, 403075).
cost(11, 13, 357040).
cost(11, 14, 592915).
cost(11, 15, 204700).
cost(11, 16, 394528).
cost(12, 1, 350580).
cost(12, 2, 343874).
cost(12, 3, 179409).
cost(12, 4, 439104).
cost(12, 5, 180301).
cost(12, 6, 101282).
cost(12, 7, 331278).
cost(12, 8, 171768).
cost(12, 9, 324284).
cost(12, 10, 248707).
cost(12, 11, 403075).
cost(12, 13, 394696).
cost(12, 14, 190815).
cost(12, 15, 270157).
cost(12, 16, 334645).
cost(13, 1, 642793).
cost(13, 2, 688788).
cost(13, 3, 526486).
cost(13, 4, 616469).
cost(13, 5, 349896).
cost(13, 6, 332989).
cost(13, 7, 622292).
cost(13, 8, 523628).
cost(13, 9, 281202).
cost(13, 10, 494231).
cost(13, 11, 357040).
cost(13, 12, 394696).
cost(13, 14, 516785).
cost(13, 15, 439746).
cost(13, 16, 90603).
cost(14, 1, 159799).
cost(14, 2, 428153).
cost(14, 3, 305450).
cost(14, 4, 605373).
cost(14, 5, 371045).
cost(14, 6, 290176).
cost(14, 7, 462601).
cost(14, 8, 295806).
cost(14, 9, 331216).
cost(14, 10, 101341).
cost(14, 11, 592915).
cost(14, 12, 190815).
cost(14, 13, 516785).
cost(14, 15, 454005).
cost(14, 16, 436091).
cost(15, 1, 611902).
cost(15, 2, 300676).
cost(15, 3, 202646).
cost(15, 4, 190706).
cost(15, 5, 113354).
cost(15, 6, 194712).
cost(15, 7, 200823).
cost(15, 8, 208520).
cost(15, 9, 528279).
cost(15, 10, 518802).
cost(15, 11, 204700).
cost(15, 12, 270157).
cost(15, 13, 439746).
cost(15, 14, 454005).
cost(15, 16, 434312).
cost(16, 1, 555718).
cost(16, 2, 652715).
cost(16, 3, 485625).
cost(16, 4, 620795).
cost(16, 5, 330918).
cost(16, 6, 292253).
cost(16, 7, 599673).
cost(16, 8, 481336).
cost(16, 9, 192993).
cost(16, 10, 406658).
cost(16, 11, 394528).
cost(16, 12, 334645).
cost(16, 13, 90603).
cost(16, 14, 436091).
cost(16, 15, 434312).
