dimension(16).
point(1, 129606.0, 118587.0).
point(2, -424939.0, -289887.0).
point(3, 197750.0, 76386.0).
point(4, 217584.0, 370460.0).
point(5, 57263.0, -390817.0).
point(6, 412171.0, -382738.0).
point(7, 303564.0, -9922.0).
point(8, -280343.0, 193585.0).
point(9, 421559.0, 116905.0).
point(10, -57727.0, -312849.0).
point(11, 111484.0, 171747.0).
point(12, -214961.0, 204997.0).
point(13, 406489.0, -305718.0).
point(14, -210596.0, -291202.0).
point(15, 369256.0, 21336.0).
point(16, -49817.0, -356582.0).
cost(1, 2, 688746).
cost(1, 3, 80153).
cost(1, 4, 266796).
cost(1, 5, 514515).
cost(1, 6, 575473).
cost(1, 7, 216277).
cost(1, 8, 416753).
cost(1, 9, 291958).
cost(1, 10, 470352).
cost(1, 11, 56164).
cost(1, 12, 355237).
cost(1, 13, 506655).
cost(1, 14, 532602).
cost(1, 15, 258631).
cost(1, 16, 507916).
cost(2, 1, 688746).
cost(2, 3, 722425).
cost(2, 4, 921354).
cost(2, 5, 492652).
cost(2, 6, 842244).
cost(2, 7, 780447).
cost(2, 8, 504632).
cost(2, 9, 939169).
cost(2, 10, 367929).
cost(2, 11, 707712).
cost(2, 12, 537588).
cost(2, 13, 831579).
cost(2, 14, 214347).
cost(2, 15, 852998).
cost(2, 16, 381005).
cost(3, 1, 80153).
cost(3, 2, 722425).
cost(3, 4, 294742).
cost(3, 5, 487868).
cost(3, 6, 506726).
cost(3, 7, 136549).
cost(3, 8, 492248).
cost(3, 9, 227447).
cost(3, 10, 465588).
cost(3, 11, 128591).
cost(3, 12, 432286).
cost(3, 13, 435403).
cost(3, 14, 549425).
cost(3, 15, 180124).
cost(3, 16, 498749).
cost(4, 1, 266796).
cost(4, 2, 921354).
cost(4, 3, 294742).
cost(4, 5, 777975).
cost(4, 6, 777928).
cost(4, 7, 389978).
cost(4, 8, 528409).
cost(4, 9, 325417).
cost(4, 10, 736687).
cost(4, 11, 225264).
cost(4, 12, 463112).
cost(4, 13, 702070).
cost(4, 14, 788121).
cost(4, 15, 380647).
cost(4, 16, 774657).
cost(5, 1, 514515).
cost(5, 2, 492652).
cost(5, 3, 487868).
cost(5, 4, 777975).
cost(5, 6, 355000).
cost(5, 7, 453591).
cost(5, 8, 674910).
cost(5, 9, 624895).
cost(5, 10, 138931).
cost(5, 11, 565171).
cost(5, 12, 655057).
cost(5, 13, 359445).
cost(5, 14, 285782).
cost(5, 15, 516923).
cost(5, 16, 112420).
cost(6, 1, 575473).
cost(6, 2, 842244).
cost(6, 3, 506726).
cost(6, 4, 777928).
cost(6, 5, 355000).
cost(6, 7, 388313).
cost(6, 8, 900957).
cost(6, 9, 499731).
cost(6, 10, 475067).
cost(6, 11, 630766).
cost(6, 12, 859492).
cost(6, 13, 77229).
cost(6, 14, 629458).
cost(6, 15, 406347).
cost(6, 16, 462728).
cost(7, 1, 216277).
cost(7, 2, 780447).
cost(7, 3, 136549).
cost(7, 4, 389978).
cost(7, 5, 453591).
cost(7, 6, 388313).
cost(7, 8, 618355).
cost(7, 9, 173228).
cost(7, 10, 471483).
cost(7, 11, 264383).
cost(7, 12, 561301).
cost(7, 13, 313191).
cost(7, 14, 586071).
cost(7, 15, 72750).
cost(7, 16, 495027).
cost(8, 1, 416753).
cost(8, 2, 504632).
cost(8, 3, 492248).
cost(8, 4, 528409).
cost(8, 5, 674910).
cost(8, 6, 900957).
cost(8, 7, 618355).
cost(8, 9, 706078).
cost(8, 10, 553203).
cost(8, 11, 392435).
cost(8, 12, 66370).
cost(8, 13, 849142).
cost(8, 14, 489779).
cost(8, 15, 672048).
cost(8, 16, 596511).
cost(9, 1, 291958).
cost(9, 2, 939169).
cost(9, 3, 227447).
cost(9, 4, 325417).
cost(9, 5, 624895).
cost(9, 6, 499731).
cost(9, 7, 173228).
cost(9, 8, 706078).
cost(9, 10, 643742).
cost(9, 11, 314888).
cost(9, 12, 642587).
cost(9, 13, 422892).
cost(9, 14, 752444).
cost(9, 15, 108945).
cost(9, 16, 668121).
cost(10, 1, 470352).
cost(10, 2, 367929).
cost(10, 3, 465588).
cost(10, 4, 736687).
cost(10, 5, 138931).
cost(10, 6, 475067).
cost(10, 7, 471483).
cost(10, 8, 553203).
cost(10, 9, 643742).
cost(10, 11, 513289).
cost(10, 12, 541190).
cost(10, 13, 464271).
cost(10, 14, 154394).
cost(10, 15, 542212).
cost(10, 16, 44443).
cost(11, 1, 56164).
cost(11, 2, 707712).
cost(11, 3, 128591).
cost(11, 4, 225264).
cost(11, 5, 565171).
cost(11, 6, 630766).
cost(11, 7, 264383).
cost(11, 8, 392435).
cost(11, 9, 314888).
cost(11, 10, 513289).
cost(11, 12, 328134).
cost(11, 13, 561249).
cost(11, 14, 563966).
cost(11, 15, 298446).
cost(11, 16, 552403).
cost(12, 1, 355237).
cost(12, 2, 537588).
cost(12, 3, 432286).
cost(12, 4, 463112).
cost(12, 5, 655057).
cost(12, 6, 859492).
cost(12, 7, 561301).
cost(12, 8, 66370).
cost(12, 9, 642587).
cost(12, 10, 541190).
cost(12, 11, 328134).
cost(12, 13, 804382).
cost(12, 14, 496218).
cost(12, 15, 612406).
cost(12, 16, 585358).
cost(13, 1, 506655).
cost(13, 2, 831579).
cost(13, 3, 435403).
cost(13, 4, 702070).
cost(13, 5, 359445).
cost(13, 6, 77229).
cost(13, 7, 313191).
cost(13, 8, 849142).
cost(13, 9, 422892).
cost(13, 10, 464271).
cost(13, 11, 561249).
cost(13, 12, 804382).
cost(13, 14, 617256).
cost(13, 15, 329167).
cost(13, 16, 459132).
cost(14, 1, 532602).
cost(14, 2, 214347).
cost(14, 3, 549425).
cost(14, 4, 788121).
cost(14, 5, 285782).
cost(14, 6, 629458).
cost(14, 7, 586071).
cost(14, 8, 489779).
cost(14, 9, 752444).
cost(14, 10, 154394).
cost(14, 11, 563966).
cost(14, 12, 496218).
cost(14, 13, 617256).
cost(14, 15, 658717).
cost(14, 16, 173564).
cost(15, 1, 258631).
cost(15, 2, 852998).
cost(15, 3, 180124).
cost(15, 4, 380647).
cost(15, 5, 516923).
cost(15, 6, 406347).
cost(15, 7, 72750).
cost(15, 8, 672048).
cost(15, 9, 108945).
cost(15, 10, 542212).
cost(15, 11, 298446).
cost(15, 12, 612406).
cost(15, 13, 329167).
cost(15, 14, 658717).
cost(15, 16, 564309).
cost(16, 1, 507916).
cost(16, 2, 381005).
cost(16, 3, 498749).
cost(16, 4, 774657).
cost(16, 5, 112420).
cost(16, 6, 462728).
cost(16, 7, 495027).
cost(16, 8, 596511).
cost(16, 9, 668121).
cost(16, 10, 44443).
cost(16, 11, 552403).
cost(16, 12, 585358).
cost(16, 13, 459132).
cost(16, 14, 173564).
cost(16, 15, 564309).
