dimension(16).
point(1, -71968.0, -95225.0).
point(2, -163617.0, -235956.0).
point(3, 334429.0, -83616.0).
point(4, -287050.0, 236810.0).
point(5, 177837.0, 9060.0).
point(6, -496970.0, 218167.0).
point(7, 110063.0, 261608.0).
point(8, 125381.0, 317368.0).
point(9, -126231.0, -149607.0).
point(10, -92128.0, 513927.0).
point(11, 68416.0, -132597.0).
point(12, 73271.0, -204011.0).
point(13, -511252.0, 177969.0).
point(14, 634514.0, -67048.0).
point(15, 211786.0, -217754.0).
point(16, 161277.0, -64873.0).
cost(1, 2, 167943).
cost(1, 3, 406563).
cost(1, 4, 395610).
cost(1, 5, 270699).
cost(1, 6, 528054).
cost(1, 7, 400581).
cost(1, 8, 457362).
cost(1, 9, 76824).
cost(1, 10, 609486).
cost(1, 11, 145273).
cost(1, 12, 181463).
cost(1, 13, 517306).
cost(1, 14, 707044).
cost(1, 15, 309079).
cost(1, 16, 235212).
cost(2, 1, 167943).
cost(2, 3, 520824).
cost(2, 4, 488614).
cost(2, 5, 420266).
cost(2, 6, 563340).
cost(2, 7, 567865).
cost(2, 8, 624249).
cost(2, 9, 94095).
cost(2, 10, 753283).
cost(2, 11, 254013).
cost(2, 12, 239032).
cost(2, 13, 540540).
cost(2, 14, 815808).
cost(2, 15, 375844).
cost(2, 16, 367186).
cost(3, 1, 406563).
cost(3, 2, 520824).
cost(3, 4, 699220).
cost(3, 5, 181961).
cost(3, 6, 884476).
cost(3, 7, 411728).
cost(3, 8, 452205).
cost(3, 9, 465363).
cost(3, 10, 734172).
cost(3, 11, 270485).
cost(3, 12, 287573).
cost(3, 13, 885214).
cost(3, 14, 300542).
cost(3, 15, 181753).
cost(3, 16, 174163).
cost(4, 1, 395610).
cost(4, 2, 488614).
cost(4, 3, 699220).
cost(4, 5, 517677).
cost(4, 6, 210746).
cost(4, 7, 397887).
cost(4, 8, 420225).
cost(4, 9, 418546).
cost(4, 10, 338804).
cost(4, 11, 512657).
cost(4, 12, 569346).
cost(4, 13, 231795).
cost(4, 14, 970366).
cost(4, 15, 674882).
cost(4, 16, 540379).
cost(5, 1, 270699).
cost(5, 2, 420266).
cost(5, 3, 181961).
cost(5, 4, 517677).
cost(5, 6, 706463).
cost(5, 7, 261484).
cost(5, 8, 312739).
cost(5, 9, 342976).
cost(5, 10, 572514).
cost(5, 11, 178996).
cost(5, 12, 237346).
cost(5, 13, 709488).
cost(5, 14, 462975).
cost(5, 15, 229341).
cost(5, 16, 75765).
cost(6, 1, 528054).
cost(6, 2, 563340).
cost(6, 3, 884476).
cost(6, 4, 210746).
cost(6, 5, 706463).
cost(6, 7, 608585).
cost(6, 8, 630208).
cost(6, 9, 522212).
cost(6, 10, 501369).
cost(6, 11, 665355).
cost(6, 12, 709513).
cost(6, 13, 42660).
cost(6, 14, 1166878).
cost(6, 15, 832083).
cost(6, 16, 716520).
cost(7, 1, 400581).
cost(7, 2, 567865).
cost(7, 3, 411728).
cost(7, 4, 397887).
cost(7, 5, 261484).
cost(7, 6, 608585).
cost(7, 8, 57826).
cost(7, 9, 474271).
cost(7, 10, 323336).
cost(7, 11, 396399).
cost(7, 12, 467070).
cost(7, 13, 626919).
cost(7, 14, 618921).
cost(7, 15, 490036).
cost(7, 16, 330473).
cost(8, 1, 457362).
cost(8, 2, 624249).
cost(8, 3, 452205).
cost(8, 4, 420225).
cost(8, 5, 312739).
cost(8, 6, 630208).
cost(8, 7, 57826).
cost(8, 9, 530447).
cost(8, 10, 293165).
cost(8, 11, 453557).
cost(8, 12, 523977).
cost(8, 13, 651716).
cost(8, 14, 637959).
cost(8, 15, 542053).
cost(8, 16, 383923).
cost(9, 1, 76824).
cost(9, 2, 94095).
cost(9, 3, 465363).
cost(9, 4, 418546).
cost(9, 5, 342976).
cost(9, 6, 522212).
cost(9, 7, 474271).
cost(9, 8, 530447).
cost(9, 10, 664410).
cost(9, 11, 195389).
cost(9, 12, 206787).
cost(9, 13, 505517).
cost(9, 14, 765212).
cost(9, 15, 344818).
cost(9, 16, 299734).
cost(10, 1, 609486).
cost(10, 2, 753283).
cost(10, 3, 734172).
cost(10, 4, 338804).
cost(10, 5, 572514).
cost(10, 6, 501369).
cost(10, 7, 323336).
cost(10, 8, 293165).
cost(10, 9, 664410).
cost(10, 11, 666159).
cost(10, 12, 736744).
cost(10, 13, 537152).
cost(10, 14, 930344).
cost(10, 15, 792288).
cost(10, 16, 631841).
cost(11, 1, 145273).
cost(11, 2, 254013).
cost(11, 3, 270485).
cost(11, 4, 512657).
cost(11, 5, 178996).
cost(11, 6, 665355).
cost(11, 7, 396399).
cost(11, 8, 453557).
cost(11, 9, 195389).
cost(11, 10, 666159).
cost(11, 12, 71579).
cost(11, 13, 657622).
cost(11, 14, 569880).
cost(11, 15, 166753).
cost(11, 16, 114933).
cost(12, 1, 181463).
cost(12, 2, 239032).
cost(12, 3, 287573).
cost(12, 4, 569346).
cost(12, 5, 237346).
cost(12, 6, 709513).
cost(12, 7, 467070).
cost(12, 8, 523977).
cost(12, 9, 206787).
cost(12, 10, 736744).
cost(12, 11, 71579).
cost(12, 13, 698266).
cost(12, 14, 577713).
cost(12, 15, 139195).
cost(12, 16, 164634).
cost(13, 1, 517306).
cost(13, 2, 540540).
cost(13, 3, 885214).
cost(13, 4, 231795).
cost(13, 5, 709488).
cost(13, 6, 42660).
cost(13, 7, 626919).
cost(13, 8, 651716).
cost(13, 9, 505517).
cost(13, 10, 537152).
cost(13, 11, 657622).
cost(13, 12, 698266).
cost(13, 14, 1171671).
cost(13, 15, 824245).
cost(13, 16, 715030).
cost(14, 1, 707044).
cost(14, 2, 815808).
cost(14, 3, 300542).
cost(14, 4, 970366).
cost(14, 5, 462975).
cost(14, 6, 1166878).
cost(14, 7, 618921).
cost(14, 8, 637959).
cost(14, 9, 765212).
cost(14, 10, 930344).
cost(14, 11, 569880).
cost(14, 12, 577713).
cost(14, 13, 1171671).
cost(14, 15, 448789).
cost(14, 16, 473242).
cost(15, 1, 309079).
cost(15, 2, 375844).
cost(15, 3, 181753).
cost(15, 4, 674882).
cost(15, 5, 229341).
cost(15, 6, 832083).
cost(15, 7, 490036).
cost(15, 8, 542053).
cost(15, 9, 344818).
cost(15, 10, 792288).
cost(15, 11, 166753).
cost(15, 12, 139195).
cost(15, 13, 824245).
cost(15, 14, 448789).
cost(15, 16, 161009).
cost(16, 1, 235212).
cost(16, 2, 367186).
cost(16, 3, 174163).
cost(16, 4, 540379).
cost(16, 5, 75765).
cost(16, 6, 716520).
cost(16, 7, 330473).
cost(16, 8, 383923).
cost(16, 9, 299734).
cost(16, 10, 631841).
cost(16, 11, 114933).
cost(16, 12, 164634).
cost(16, 13, 715030).
cost(16, 14, 473242).
cost(16, 15, 161009).
