dimension(16).
point(1, 218686.0, -163115.0).
point(2, -203401.0, 63992.0).
point(3, 258480.0, -206199.0).
point(4, 132395.0, 261666.0).
point(5, -126599.0, 64033.0).
point(6, 137990.0, 1138060.0).
point(7, 250204.0, 204678.0).
point(8, -259875.0, -162082.0).
point(9, 316423.0, -221539.0).
point(10, -113389.0, -291945.0).
point(11, 65128.0, -77840.0).
point(12, -126665.0, -102622.0).
point(13, -144837.0, 64717.0).
point(14, -346967.0, -151952.0).
point(15, -173377.0, -102016.0).
point(16, 72580.0, -137607.0).
cost(1, 2, 479307).
cost(1, 3, 58650).
cost(1, 4, 433457).
cost(1, 5, 413301).
cost(1, 6, 1303675).
cost(1, 7, 369141).
cost(1, 8, 478562).
cost(1, 9, 113868).
cost(1, 10, 356190).
cost(1, 11, 175647).
cost(1, 12, 350609).
cost(1, 13, 429018).
cost(1, 14, 565763).
cost(1, 15, 396795).
cost(1, 16, 148316).
cost(2, 1, 479307).
cost(2, 3, 535105).
cost(2, 4, 389659).
cost(2, 5, 76802).
cost(2, 6, 1127018).
cost(2, 7, 474921).
cost(2, 8, 233021).
cost(2, 9, 593081).
cost(2, 10, 367142).
cost(2, 11, 303684).
cost(2, 12, 183436).
cost(2, 13, 58568).
cost(2, 14, 259313).
cost(2, 15, 168701).
cost(2, 16, 341771).
cost(3, 1, 58650).
cost(3, 2, 535105).
cost(3, 4, 484557).
cost(3, 5, 470437).
cost(3, 6, 1349648).
cost(3, 7, 410960).
cost(3, 8, 520229).
cost(3, 9, 59939).
cost(3, 10, 381627).
cost(3, 11, 232080).
cost(3, 12, 398829).
cost(3, 13, 485860).
cost(3, 14, 607872).
cost(3, 15, 444246).
cost(3, 16, 198151).
cost(4, 1, 433457).
cost(4, 2, 389659).
cost(4, 3, 484557).
cost(4, 5, 325786).
cost(4, 6, 876412).
cost(4, 7, 130869).
cost(4, 8, 577441).
cost(4, 9, 517062).
cost(4, 10, 605719).
cost(4, 11, 346106).
cost(4, 12, 447010).
cost(4, 13, 340068).
cost(4, 14, 633141).
cost(4, 15, 475143).
cost(4, 16, 403729).
cost(5, 1, 413301).
cost(5, 2, 76802).
cost(5, 3, 470437).
cost(5, 4, 325786).
cost(5, 6, 1106138).
cost(5, 7, 402196).
cost(5, 8, 262470).
cost(5, 9, 527086).
cost(5, 10, 356223).
cost(5, 11, 238510).
cost(5, 12, 166655).
cost(5, 13, 18251).
cost(5, 14, 308564).
cost(5, 15, 172512).
cost(5, 16, 283427).
cost(6, 1, 1303675).
cost(6, 2, 1127018).
cost(6, 3, 1349648).
cost(6, 4, 876412).
cost(6, 5, 1106138).
cost(6, 7, 940103).
cost(6, 8, 1359656).
cost(6, 9, 1371258).
cost(6, 10, 1451932).
cost(6, 11, 1218081).
cost(6, 12, 1268595).
cost(6, 13, 1109980).
cost(6, 14, 1378156).
cost(6, 15, 1278569).
cost(6, 16, 1277343).
cost(7, 1, 369141).
cost(7, 2, 474921).
cost(7, 3, 410960).
cost(7, 4, 130869).
cost(7, 5, 402196).
cost(7, 6, 940103).
cost(7, 8, 628246).
cost(7, 9, 431330).
cost(7, 10, 615495).
cost(7, 11, 337742).
cost(7, 12, 486275).
cost(7, 13, 419102).
cost(7, 14, 695556).
cost(7, 15, 522955).
cost(7, 16, 385628).
cost(8, 1, 478562).
cost(8, 2, 233021).
cost(8, 3, 520229).
cost(8, 4, 577441).
cost(8, 5, 262470).
cost(8, 6, 1359656).
cost(8, 7, 628246).
cost(8, 9, 579357).
cost(8, 10, 195761).
cost(8, 11, 335743).
cost(8, 12, 145878).
cost(8, 13, 254306).
cost(8, 14, 87679).
cost(8, 15, 105308).
cost(8, 16, 333355).
cost(9, 1, 113868).
cost(9, 2, 593081).
cost(9, 3, 59939).
cost(9, 4, 517062).
cost(9, 5, 527086).
cost(9, 6, 1371258).
cost(9, 7, 431330).
cost(9, 8, 579357).
cost(9, 10, 435540).
cost(9, 11, 289480).
cost(9, 12, 458768).
cost(9, 13, 542866).
cost(9, 14, 667030).
cost(9, 15, 504172).
cost(9, 16, 257884).
cost(10, 1, 356190).
cost(10, 2, 367142).
cost(10, 3, 381627).
cost(10, 4, 605719).
cost(10, 5, 356223).
cost(10, 6, 1451932).
cost(10, 7, 615495).
cost(10, 8, 195761).
cost(10, 9, 435540).
cost(10, 11, 278764).
cost(10, 12, 189788).
cost(10, 13, 358046).
cost(10, 14, 272317).
cost(10, 15, 199177).
cost(10, 16, 241671).
cost(11, 1, 175647).
cost(11, 2, 303684).
cost(11, 3, 232080).
cost(11, 4, 346106).
cost(11, 5, 238510).
cost(11, 6, 1218081).
cost(11, 7, 337742).
cost(11, 8, 335743).
cost(11, 9, 289480).
cost(11, 10, 278764).
cost(11, 12, 193387).
cost(11, 13, 253787).
cost(11, 14, 418706).
cost(11, 15, 239727).
cost(11, 16, 60230).
cost(12, 1, 350609).
cost(12, 2, 183436).
cost(12, 3, 398829).
cost(12, 4, 447010).
cost(12, 5, 166655).
cost(12, 6, 1268595).
cost(12, 7, 486275).
cost(12, 8, 145878).
cost(12, 9, 458768).
cost(12, 10, 189788).
cost(12, 11, 193387).
cost(12, 13, 168323).
cost(12, 14, 225757).
cost(12, 15, 46716).
cost(12, 16, 202293).
cost(13, 1, 429018).
cost(13, 2, 58568).
cost(13, 3, 485860).
cost(13, 4, 340068).
cost(13, 5, 18251).
cost(13, 6, 1109980).
cost(13, 7, 419102).
cost(13, 8, 254306).
cost(13, 9, 542866).
cost(13, 10, 358046).
cost(13, 11, 253787).
cost(13, 12, 168323).
cost(13, 14, 296314).
cost(13, 15, 169158).
cost(13, 16, 296994).
cost(14, 1, 565763).
cost(14, 2, 259313).
cost(14, 3, 607872).
cost(14, 4, 633141).
cost(14, 5, 308564).
cost(14, 6, 1378156).
cost(14, 7, 695556).
cost(14, 8, 87679).
cost(14, 9, 667030).
cost(14, 10, 272317).
cost(14, 11, 418706).
cost(14, 12, 225757).
cost(14, 13, 296314).
cost(14, 15, 180630).
cost(14, 16, 419792).
cost(15, 1, 396795).
cost(15, 2, 168701).
cost(15, 3, 444246).
cost(15, 4, 475143).
cost(15, 5, 172512).
cost(15, 6, 1278569).
cost(15, 7, 522955).
cost(15, 8, 105308).
cost(15, 9, 504172).
cost(15, 10, 199177).
cost(15, 11, 239727).
cost(15, 12, 46716).
cost(15, 13, 169158).
cost(15, 14, 180630).
cost(15, 16, 248519).
cost(16, 1, 148316).
cost(16, 2, 341771).
cost(16, 3, 198151).
cost(16, 4, 403729).
cost(16, 5, 283427).
cost(16, 6, 1277343).
cost(16, 7, 385628).
cost(16, 8, 333355).
cost(16, 9, 257884).
cost(16, 10, 241671).
cost(16, 11, 60230).
cost(16, 12, 202293).
cost(16, 13, 296994).
cost(16, 14, 419792).
cost(16, 15, 248519).
