dimension(16).
point(1, -237130.0, 14408.0).
point(2, 162207.0, 161345.0).
point(3, 9582.0, -394585.0).
point(4, -56763.0, -80460.0).
point(5, -439155.0, 147535.0).
point(6, -18655.0, 37852.0).
point(7, -53168.0, -41679.0).
point(8, 188805.0, -217475.0).
point(9, 166038.0, -292304.0).
point(10, 132464.0, 96601.0).
point(11, 63253.0, 33161.0).
point(12, 119230.0, -175926.0).
point(13, -103000.0, 1752.0).
point(14, -87688.0, 182336.0).
point(15, -131524.0, 491906.0).
point(16, -218312.0, 371621.0).
cost(1, 2, 425512).
cost(1, 3, 477642).
cost(1, 4, 203794).
cost(1, 5, 241944).
cost(1, 6, 219729).
cost(1, 7, 192322).
cost(1, 8, 484964).
cost(1, 9, 506573).
cost(1, 10, 378623).
cost(1, 11, 300968).
cost(1, 12, 404004).
cost(1, 13, 134726).
cost(1, 14, 224795).
cost(1, 15, 489037).
cost(1, 16, 357708).
cost(2, 1, 425512).
cost(2, 3, 576500).
cost(2, 4, 326217).
cost(2, 5, 601521).
cost(2, 6, 219001).
cost(2, 7, 295982).
cost(2, 8, 379753).
cost(2, 9, 453665).
cost(2, 10, 71249).
cost(2, 11, 161935).
cost(2, 12, 339998).
cost(2, 13, 309523).
cost(2, 14, 250775).
cost(2, 15, 442209).
cost(2, 16, 434754).
cost(3, 1, 477642).
cost(3, 2, 576500).
cost(3, 4, 321055).
cost(3, 5, 703746).
cost(3, 6, 433358).
cost(3, 7, 358441).
cost(3, 8, 251970).
cost(3, 9, 186922).
cost(3, 10, 506324).
cost(3, 11, 431100).
cost(3, 12, 244611).
cost(3, 13, 412017).
cost(3, 14, 585063).
cost(3, 15, 897651).
cost(3, 16, 799379).
cost(4, 1, 203794).
cost(4, 2, 326217).
cost(4, 3, 321055).
cost(4, 5, 445203).
cost(4, 6, 124298).
cost(4, 7, 38947).
cost(4, 8, 281206).
cost(4, 9, 307438).
cost(4, 10, 259148).
cost(4, 11, 165268).
cost(4, 12, 200218).
cost(4, 13, 94322).
cost(4, 14, 264609).
cost(4, 15, 577228).
cost(4, 16, 480078).
cost(5, 1, 241944).
cost(5, 2, 601521).
cost(5, 3, 703746).
cost(5, 4, 445203).
cost(5, 6, 434569).
cost(5, 7, 429870).
cost(5, 8, 726337).
cost(5, 9, 748142).
cost(5, 10, 573884).
cost(5, 11, 515262).
cost(5, 12, 645307).
cost(5, 13, 366405).
cost(5, 14, 353186).
cost(5, 15, 461766).
cost(5, 16, 314621).
cost(6, 1, 219729).
cost(6, 2, 219001).
cost(6, 3, 433358).
cost(6, 4, 124298).
cost(6, 5, 434569).
cost(6, 7, 86697).
cost(6, 8, 328986).
cost(6, 9, 378305).
cost(6, 10, 162137).
cost(6, 11, 82042).
cost(6, 12, 254388).
cost(6, 13, 91746).
cost(6, 14, 160129).
cost(6, 15, 467872).
cost(6, 16, 388928).
cost(7, 1, 192322).
cost(7, 2, 295982).
cost(7, 3, 358441).
cost(7, 4, 38947).
cost(7, 5, 429870).
cost(7, 6, 86697).
cost(7, 8, 299091).
cost(7, 9, 332963).
cost(7, 10, 231475).
cost(7, 11, 138401).
cost(7, 12, 218502).
cost(7, 13, 66102).
cost(7, 14, 226659).
cost(7, 15, 539308).
cost(7, 16, 445072).
cost(8, 1, 484964).
cost(8, 2, 379753).
cost(8, 3, 251970).
cost(8, 4, 281206).
cost(8, 5, 726337).
cost(8, 6, 328986).
cost(8, 7, 299091).
cost(8, 9, 78216).
cost(8, 10, 319089).
cost(8, 11, 280324).
cost(8, 12, 81037).
cost(8, 13, 364980).
cost(8, 14, 486104).
cost(8, 15, 778352).
cost(8, 16, 716085).
cost(9, 1, 506573).
cost(9, 2, 453665).
cost(9, 3, 186922).
cost(9, 4, 307438).
cost(9, 5, 748142).
cost(9, 6, 378305).
cost(9, 7, 332963).
cost(9, 8, 78216).
cost(9, 10, 390352).
cost(9, 11, 341310).
cost(9, 12, 125439).
cost(9, 13, 398560).
cost(9, 14, 538201).
cost(9, 15, 838766).
cost(9, 16, 767151).
cost(10, 1, 378623).
cost(10, 2, 71249).
cost(10, 3, 506324).
cost(10, 4, 259148).
cost(10, 5, 573884).
cost(10, 6, 162137).
cost(10, 7, 231475).
cost(10, 8, 319089).
cost(10, 9, 390352).
cost(10, 11, 93887).
cost(10, 12, 272848).
cost(10, 13, 253850).
cost(10, 14, 236257).
cost(10, 15, 475348).
cost(10, 16, 445735).
cost(11, 1, 300968).
cost(11, 2, 161935).
cost(11, 3, 431100).
cost(11, 4, 165268).
cost(11, 5, 515262).
cost(11, 6, 82042).
cost(11, 7, 138401).
cost(11, 8, 280324).
cost(11, 9, 341310).
cost(11, 10, 93887).
cost(11, 12, 216450).
cost(11, 13, 169194).
cost(11, 14, 212218).
cost(11, 15, 498382).
cost(11, 16, 440266).
cost(12, 1, 404004).
cost(12, 2, 339998).
cost(12, 3, 244611).
cost(12, 4, 200218).
cost(12, 5, 645307).
cost(12, 6, 254388).
cost(12, 7, 218502).
cost(12, 8, 81037).
cost(12, 9, 125439).
cost(12, 10, 272848).
cost(12, 11, 216450).
cost(12, 13, 284527).
cost(12, 14, 413723).
cost(12, 15, 713356).
cost(12, 16, 643228).
cost(13, 1, 134726).
cost(13, 2, 309523).
cost(13, 3, 412017).
cost(13, 4, 94322).
cost(13, 5, 366405).
cost(13, 6, 91746).
cost(13, 7, 66102).
cost(13, 8, 364980).
cost(13, 9, 398560).
cost(13, 10, 253850).
cost(13, 11, 169194).
cost(13, 12, 284527).
cost(13, 14, 181232).
cost(13, 15, 490983).
cost(13, 16, 387427).
cost(14, 1, 224795).
cost(14, 2, 250775).
cost(14, 3, 585063).
cost(14, 4, 264609).
cost(14, 5, 353186).
cost(14, 6, 160129).
cost(14, 7, 226659).
cost(14, 8, 486104).
cost(14, 9, 538201).
cost(14, 10, 236257).
cost(14, 11, 212218).
cost(14, 12, 413723).
cost(14, 13, 181232).
cost(14, 15, 312658).
cost(14, 16, 229981).
cost(15, 1, 489037).
cost(15, 2, 442209).
cost(15, 3, 897651).
cost(15, 4, 577228).
cost(15, 5, 461766).
cost(15, 6, 467872).
cost(15, 7, 539308).
cost(15, 8, 778352).
cost(15, 9, 838766).
cost(15, 10, 475348).
cost(15, 11, 498382).
cost(15, 12, 713356).
cost(15, 13, 490983).
cost(15, 14, 312658).
cost(15, 16, 148326).
cost(16, 1, 357708).
cost(16, 2, 434754).
cost(16, 3, 799379).
cost(16, 4, 480078).
cost(16, 5, 314621).
cost(16, 6, 388928).
cost(16, 7, 445072).
cost(16, 8, 716085).
cost(16, 9, 767151).
cost(16, 10, 445735).
cost(16, 11, 440266).
cost(16, 12, 643228).
cost(16, 13, 387427).
cost(16, 14, 229981).
cost(16, 15, 148326).
