dimension(16).
point(1, 322354.0, 148460.0).
point(2, -111107.0, -265679.0).
point(3, -165135.0, 376161.0).
point(4, -132611.0, 409902.0).
point(5, -260783.0, 23909.0).
point(6, 128852.0, -308137.0).
point(7, -32477.0, -337465.0).
point(8, 228412.0, 260728.0).
point(9, -213123.0, -340027.0).
point(10, 90038.0, -229776.0).
point(11, -214598.0, -36149.0).
point(12, 200997.0, 370981.0).
point(13, 82972.0, -30696.0).
point(14, -353349.0, -391879.0).
point(15, -67477.0, 146558.0).
point(16, 136408.0, 87862.0).
cost(1, 2, 599499).
cost(1, 3, 538046).
cost(1, 4, 524733).
cost(1, 5, 596290).
cost(1, 6, 495907).
cost(1, 7, 601688).
cost(1, 8, 146387).
cost(1, 9, 724814).
cost(1, 10, 443884).
cost(1, 11, 567801).
cost(1, 12, 253462).
cost(1, 13, 298999).
cost(1, 14, 865183).
cost(1, 15, 389836).
cost(1, 16, 195571).
cost(2, 1, 599499).
cost(2, 3, 644110).
cost(2, 4, 675923).
cost(2, 5, 325982).
cost(2, 6, 243686).
cost(2, 7, 106470).
cost(2, 8, 626400).
cost(2, 9, 126233).
cost(2, 10, 204324).
cost(2, 11, 251782).
cost(2, 12, 709045).
cost(2, 13, 304768).
cost(2, 14, 273144).
cost(2, 15, 414539).
cost(2, 16, 431573).
cost(3, 1, 538046).
cost(3, 2, 644110).
cost(3, 4, 46864).
cost(3, 5, 365007).
cost(3, 6, 744777).
cost(3, 7, 725851).
cost(3, 8, 410127).
cost(3, 9, 717794).
cost(3, 10, 657475).
cost(3, 11, 415266).
cost(3, 12, 366169).
cost(3, 13, 476539).
cost(3, 14, 790765).
cost(3, 15, 249509).
cost(3, 16, 417186).
cost(4, 1, 524733).
cost(4, 2, 675923).
cost(4, 3, 46864).
cost(4, 5, 406717).
cost(4, 6, 764162).
cost(4, 7, 754045).
cost(4, 8, 390628).
cost(4, 9, 754238).
cost(4, 10, 677319).
cost(4, 11, 453523).
cost(4, 12, 335871).
cost(4, 13, 490513).
cost(4, 14, 831612).
cost(4, 15, 271279).
cost(4, 16, 419620).
cost(5, 1, 596290).
cost(5, 2, 325982).
cost(5, 3, 365007).
cost(5, 4, 406717).
cost(5, 6, 511928).
cost(5, 7, 427452).
cost(5, 8, 543503).
cost(5, 9, 367043).
cost(5, 10, 432934).
cost(5, 11, 75763).
cost(5, 12, 577668).
cost(5, 13, 348065).
cost(5, 14, 425967).
cost(5, 15, 228932).
cost(5, 16, 402307).
cost(6, 1, 495907).
cost(6, 2, 243686).
cost(6, 3, 744777).
cost(6, 4, 764162).
cost(6, 5, 511928).
cost(6, 7, 163973).
cost(6, 8, 577512).
cost(6, 9, 343459).
cost(6, 10, 87447).
cost(6, 11, 438104).
cost(6, 12, 682939).
cost(6, 13, 281209).
cost(6, 14, 489419).
cost(6, 15, 495270).
cost(6, 16, 396071).
cost(7, 1, 601688).
cost(7, 2, 106470).
cost(7, 3, 725851).
cost(7, 4, 754045).
cost(7, 5, 427452).
cost(7, 6, 163973).
cost(7, 8, 652609).
cost(7, 9, 180664).
cost(7, 10, 163116).
cost(7, 11, 352079).
cost(7, 12, 745926).
cost(7, 13, 327774).
cost(7, 14, 325453).
cost(7, 15, 485287).
cost(7, 16, 457630).
cost(8, 1, 146387).
cost(8, 2, 626400).
cost(8, 3, 410127).
cost(8, 4, 390628).
cost(8, 5, 543503).
cost(8, 6, 577512).
cost(8, 7, 652609).
cost(8, 9, 745560).
cost(8, 10, 509648).
cost(8, 11, 533286).
cost(8, 12, 113610).
cost(8, 13, 325700).
cost(8, 14, 874266).
cost(8, 15, 317152).
cost(8, 16, 195825).
cost(9, 1, 724814).
cost(9, 2, 126233).
cost(9, 3, 717794).
cost(9, 4, 754238).
cost(9, 5, 367043).
cost(9, 6, 343459).
cost(9, 7, 180664).
cost(9, 8, 745560).
cost(9, 10, 322586).
cost(9, 11, 303882).
cost(9, 12, 822817).
cost(9, 13, 428203).
cost(9, 14, 149506).
cost(9, 15, 507915).
cost(9, 16, 552504).
cost(10, 1, 443884).
cost(10, 2, 204324).
cost(10, 3, 657475).
cost(10, 4, 677319).
cost(10, 5, 432934).
cost(10, 6, 87447).
cost(10, 7, 163116).
cost(10, 8, 509648).
cost(10, 9, 322586).
cost(10, 11, 360963).
cost(10, 12, 610918).
cost(10, 13, 199205).
cost(10, 14, 472090).
cost(10, 15, 407968).
cost(10, 16, 321005).
cost(11, 1, 567801).
cost(11, 2, 251782).
cost(11, 3, 415266).
cost(11, 4, 453523).
cost(11, 5, 75763).
cost(11, 6, 438104).
cost(11, 7, 352079).
cost(11, 8, 533286).
cost(11, 9, 303882).
cost(11, 10, 360963).
cost(11, 12, 581785).
cost(11, 13, 297620).
cost(11, 14, 381832).
cost(11, 15, 234577).
cost(11, 16, 372269).
cost(12, 1, 253462).
cost(12, 2, 709045).
cost(12, 3, 366169).
cost(12, 4, 335871).
cost(12, 5, 577668).
cost(12, 6, 682939).
cost(12, 7, 745926).
cost(12, 8, 113610).
cost(12, 9, 822817).
cost(12, 10, 610918).
cost(12, 11, 581785).
cost(12, 13, 418658).
cost(12, 14, 943003).
cost(12, 15, 349920).
cost(12, 16, 290393).
cost(13, 1, 298999).
cost(13, 2, 304768).
cost(13, 3, 476539).
cost(13, 4, 490513).
cost(13, 5, 348065).
cost(13, 6, 281209).
cost(13, 7, 327774).
cost(13, 8, 325700).
cost(13, 9, 428203).
cost(13, 10, 199205).
cost(13, 11, 297620).
cost(13, 12, 418658).
cost(13, 14, 566418).
cost(13, 15, 232495).
cost(13, 16, 130044).
cost(14, 1, 865183).
cost(14, 2, 273144).
cost(14, 3, 790765).
cost(14, 4, 831612).
cost(14, 5, 425967).
cost(14, 6, 489419).
cost(14, 7, 325453).
cost(14, 8, 874266).
cost(14, 9, 149506).
cost(14, 10, 472090).
cost(14, 11, 381832).
cost(14, 12, 943003).
cost(14, 13, 566418).
cost(14, 15, 609621).
cost(14, 16, 685575).
cost(15, 1, 389836).
cost(15, 2, 414539).
cost(15, 3, 249509).
cost(15, 4, 271279).
cost(15, 5, 228932).
cost(15, 6, 495270).
cost(15, 7, 485287).
cost(15, 8, 317152).
cost(15, 9, 507915).
cost(15, 10, 407968).
cost(15, 11, 234577).
cost(15, 12, 349920).
cost(15, 13, 232495).
cost(15, 14, 609621).
cost(15, 16, 212166).
cost(16, 1, 195571).
cost(16, 2, 431573).
cost(16, 3, 417186).
cost(16, 4, 419620).
cost(16, 5, 402307).
cost(16, 6, 396071).
cost(16, 7, 457630).
cost(16, 8, 195825).
cost(16, 9, 552504).
cost(16, 10, 321005).
cost(16, 11, 372269).
cost(16, 12, 290393).
cost(16, 13, 130044).
cost(16, 14, 685575).
cost(16, 15, 212166).
