dimension(16).
point(1, 61679.0, -376925.0).
point(2, -117253.0, 19294.0).
point(3, 204798.0, -567664.0).
point(4, 88910.0, -213842.0).
point(5, -201451.0, -124048.0).
point(6, -128187.0, -248064.0).
point(7, 6490.0, 32147.0).
point(8, 191042.0, -243868.0).
point(9, 175274.0, -319519.0).
point(10, 114721.0, 222737.0).
point(11, 387097.0, 414557.0).
point(12, 6523.0, 17469.0).
point(13, -379409.0, -239165.0).
point(14, -225264.0, -63998.0).
point(15, 203585.0, -114672.0).
point(16, -216531.0, -142607.0).
cost(1, 2, 434748).
cost(1, 3, 238463).
cost(1, 4, 165341).
cost(1, 5, 364944).
cost(1, 6, 229465).
cost(1, 7, 412778).
cost(1, 8, 185577).
cost(1, 9, 127276).
cost(1, 10, 602003).
cost(1, 11, 855769).
cost(1, 12, 398232).
cost(1, 13, 462100).
cost(1, 14, 424570).
cost(1, 15, 298184).
cost(1, 16, 363739).
cost(2, 1, 434748).
cost(2, 3, 669505).
cost(2, 4, 311216).
cost(2, 5, 166241).
cost(2, 6, 267581).
cost(2, 7, 124409).
cost(2, 8, 405339).
cost(2, 9, 447623).
cost(2, 10, 308547).
cost(2, 11, 640782).
cost(2, 12, 123789).
cost(2, 13, 368140).
cost(2, 14, 136396).
cost(2, 15, 347684).
cost(2, 16, 189916).
cost(3, 1, 238463).
cost(3, 2, 669505).
cost(3, 4, 372317).
cost(3, 5, 601526).
cost(3, 6, 461544).
cost(3, 7, 631743).
cost(3, 8, 324088).
cost(3, 9, 249895).
cost(3, 10, 795517).
cost(3, 11, 998995).
cost(3, 12, 617814).
cost(3, 13, 670231).
cost(3, 14, 662294).
cost(3, 15, 452994).
cost(3, 16, 598491).
cost(4, 1, 165341).
cost(4, 2, 311216).
cost(4, 3, 372317).
cost(4, 5, 303928).
cost(4, 6, 219778).
cost(4, 7, 259429).
cost(4, 8, 106454).
cost(4, 9, 136478).
cost(4, 10, 437341).
cost(4, 11, 695558).
cost(4, 12, 245545).
cost(4, 13, 469003).
cost(4, 14, 348078).
cost(4, 15, 151608).
cost(4, 16, 313638).
cost(5, 1, 364944).
cost(5, 2, 166241).
cost(5, 3, 601526).
cost(5, 4, 303928).
cost(5, 6, 144040).
cost(5, 7, 260070).
cost(5, 8, 410375).
cost(5, 9, 424418).
cost(5, 10, 469281).
cost(5, 11, 797800).
cost(5, 12, 251556).
cost(5, 13, 211946).
cost(5, 14, 64599).
cost(5, 15, 405145).
cost(5, 16, 23913).
cost(6, 1, 229465).
cost(6, 2, 267581).
cost(6, 3, 461544).
cost(6, 4, 219778).
cost(6, 5, 144040).
cost(6, 7, 310896).
cost(6, 8, 319257).
cost(6, 9, 311760).
cost(6, 10, 529772).
cost(6, 11, 839395).
cost(6, 12, 297749).
cost(6, 13, 251380).
cost(6, 14, 208097).
cost(6, 15, 357584).
cost(6, 16, 137571).
cost(7, 1, 412778).
cost(7, 2, 124409).
cost(7, 3, 631743).
cost(7, 4, 259429).
cost(7, 5, 260070).
cost(7, 6, 310896).
cost(7, 8, 332030).
cost(7, 9, 390073).
cost(7, 10, 219177).
cost(7, 11, 539536).
cost(7, 12, 14678).
cost(7, 13, 471729).
cost(7, 14, 250906).
cost(7, 15, 245769).
cost(7, 16, 283333).
cost(8, 1, 185577).
cost(8, 2, 405339).
cost(8, 3, 324088).
cost(8, 4, 106454).
cost(8, 5, 410375).
cost(8, 6, 319257).
cost(8, 7, 332030).
cost(8, 9, 77277).
cost(8, 10, 472806).
cost(8, 11, 686994).
cost(8, 12, 319913).
cost(8, 13, 570470).
cost(8, 14, 453502).
cost(8, 15, 129803).
cost(8, 16, 419964).
cost(9, 1, 127276).
cost(9, 2, 447623).
cost(9, 3, 249895).
cost(9, 4, 136478).
cost(9, 5, 424418).
cost(9, 6, 311760).
cost(9, 7, 390073).
cost(9, 8, 77277).
cost(9, 10, 545626).
cost(9, 11, 764027).
cost(9, 12, 376879).
cost(9, 13, 560473).
cost(9, 14, 475102).
cost(9, 15, 206794).
cost(9, 16, 429894).
cost(10, 1, 602003).
cost(10, 2, 308547).
cost(10, 3, 795517).
cost(10, 4, 437341).
cost(10, 5, 469281).
cost(10, 6, 529772).
cost(10, 7, 219177).
cost(10, 8, 472806).
cost(10, 9, 545626).
cost(10, 11, 333142).
cost(10, 12, 232038).
cost(10, 13, 676401).
cost(10, 14, 444755).
cost(10, 15, 348915).
cost(10, 16, 493157).
cost(11, 1, 855769).
cost(11, 2, 640782).
cost(11, 3, 998995).
cost(11, 4, 695558).
cost(11, 5, 797800).
cost(11, 6, 839395).
cost(11, 7, 539536).
cost(11, 8, 686994).
cost(11, 9, 764027).
cost(11, 10, 333142).
cost(11, 12, 550014).
cost(11, 13, 1007414).
cost(11, 14, 777175).
cost(11, 15, 560143).
cost(11, 16, 821461).
cost(12, 1, 398232).
cost(12, 2, 123789).
cost(12, 3, 617814).
cost(12, 4, 245545).
cost(12, 5, 251556).
cost(12, 6, 297749).
cost(12, 7, 14678).
cost(12, 8, 319913).
cost(12, 9, 376879).
cost(12, 10, 232038).
cost(12, 11, 550014).
cost(12, 13, 463470).
cost(12, 14, 245687).
cost(12, 15, 237265).
cost(12, 16, 274549).
cost(13, 1, 462100).
cost(13, 2, 368140).
cost(13, 3, 670231).
cost(13, 4, 469003).
cost(13, 5, 211946).
cost(13, 6, 251380).
cost(13, 7, 471729).
cost(13, 8, 570470).
cost(13, 9, 560473).
cost(13, 10, 676401).
cost(13, 11, 1007414).
cost(13, 12, 463470).
cost(13, 14, 233333).
cost(13, 15, 596138).
cost(13, 16, 189348).
cost(14, 1, 424570).
cost(14, 2, 136396).
cost(14, 3, 662294).
cost(14, 4, 348078).
cost(14, 5, 64599).
cost(14, 6, 208097).
cost(14, 7, 250906).
cost(14, 8, 453502).
cost(14, 9, 475102).
cost(14, 10, 444755).
cost(14, 11, 777175).
cost(14, 12, 245687).
cost(14, 13, 233333).
cost(14, 15, 431833).
cost(14, 16, 79093).
cost(15, 1, 298184).
cost(15, 2, 347684).
cost(15, 3, 452994).
cost(15, 4, 151608).
cost(15, 5, 405145).
cost(15, 6, 357584).
cost(15, 7, 245769).
cost(15, 8, 129803).
cost(15, 9, 206794).
cost(15, 10, 348915).
cost(15, 11, 560143).
cost(15, 12, 237265).
cost(15, 13, 596138).
cost(15, 14, 431833).
cost(15, 16, 421044).
cost(16, 1, 363739).
cost(16, 2, 189916).
cost(16, 3, 598491).
cost(16, 4, 313638).
cost(16, 5, 23913).
cost(16, 6, 137571).
cost(16, 7, 283333).
cost(16, 8, 419964).
cost(16, 9, 429894).
cost(16, 10, 493157).
cost(16, 11, 821461).
cost(16, 12, 274549).
cost(16, 13, 189348).
cost(16, 14, 79093).
cost(16, 15, 421044).
