dimension(27).
point(1, 841151.0, 996343.0).
point(2, 52951.0, 851005.0).
point(3, 239315.0, 371867.0).
point(4, 246193.0, 35818.0).
point(5, 479764.0, 146579.0).
point(6, 335135.0, 138253.0).
point(7, 369790.0, 834301.0).
point(8, 955383.0, 814858.0).
point(9, 929480.0, 694907.0).
point(10, 188466.0, 395846.0).
point(11, 366567.0, 461375.0).
point(12, 68956.0, 866157.0).
point(13, 160317.0, 649437.0).
point(14, 75376.0, 322363.0).
point(15, 712771.0, 880075.0).
point(16, 66487.0, 933471.0).
point(17, 761821.0, 290775.0).
point(18, 223055.0, 901111.0).
point(19, 218901.0, 716139.0).
point(20, 440385.0, 342474.0).
point(21, 41900.0, 250209.0).
point(22, 315143.0, 936346.0).
point(23, 339123.0, 119092.0).
point(24, 326130.0, 559626.0).
point(25, 3090.0, 375477.0).
point(26, 504064.0, 91497.0).
point(27, 778763.0, 191542.0).
cost(1, 2, 801488).
cost(1, 3, 867281).
cost(1, 4, 1129860).
cost(1, 5, 923417).
cost(1, 6, 996178).
cost(1, 7, 498436).
cost(1, 8, 214443).
cost(1, 9, 314111).
cost(1, 10, 886902).
cost(1, 11, 715137).
cost(1, 12, 783092).
cost(1, 13, 764120).
cost(1, 14, 1020128).
cost(1, 15, 173204).
cost(1, 16, 777211).
cost(1, 17, 710014).
cost(1, 18, 625389).
cost(1, 19, 682429).
cost(1, 20, 766915).
cost(1, 21, 1093398).
cost(1, 22, 529419).
cost(1, 23, 1010743).
cost(1, 24, 675254).
cost(1, 25, 1042986).
cost(1, 26, 965595).
cost(1, 27, 807216).
cost(2, 1, 801488).
cost(2, 3, 514106).
cost(2, 4, 837778).
cost(2, 5, 823642).
cost(2, 6, 766579).
cost(2, 7, 317279).
cost(2, 8, 903156).
cost(2, 9, 890320).
cost(2, 10, 474904).
cost(2, 11, 500167).
cost(2, 12, 22040).
cost(2, 13, 228379).
cost(2, 14, 529117).
cost(2, 15, 660460).
cost(2, 16, 83570).
cost(2, 17, 903523).
cost(2, 18, 177330).
cost(2, 19, 213842).
cost(2, 20, 639303).
cost(2, 21, 600898).
cost(2, 22, 275731).
cost(2, 23, 785870).
cost(2, 24, 399410).
cost(2, 25, 478135).
cost(2, 26, 883377).
cost(2, 27, 980660).
cost(3, 1, 867281).
cost(3, 2, 514106).
cost(3, 4, 336119).
cost(3, 5, 329500).
cost(3, 6, 252501).
cost(3, 7, 480488).
cost(3, 8, 842018).
cost(3, 9, 762025).
cost(3, 10, 56219).
cost(3, 11, 155579).
cost(3, 12, 522824).
cost(3, 13, 288593).
cost(3, 14, 171250).
cost(3, 15, 694576).
cost(3, 16, 587596).
cost(3, 17, 528761).
cost(3, 18, 529494).
cost(3, 19, 344877).
cost(3, 20, 203207).
cost(3, 21, 231891).
cost(3, 22, 569549).
cost(3, 23, 271766).
cost(3, 24, 206858).
cost(3, 25, 236253).
cost(3, 26, 385616).
cost(3, 27, 568789).
cost(4, 1, 1129860).
cost(4, 2, 837778).
cost(4, 3, 336119).
cost(4, 5, 258502).
cost(4, 6, 135660).
cost(4, 7, 807992).
cost(4, 8, 1053496).
cost(4, 9, 949357).
cost(4, 10, 364627).
cost(4, 11, 442254).
cost(4, 12, 849044).
cost(4, 13, 619599).
cost(4, 14, 333596).
cost(4, 15, 964606).
cost(4, 16, 915464).
cost(4, 17, 575218).
cost(4, 18, 865602).
cost(4, 19, 680868).
cost(4, 20, 362972).
cost(4, 21, 296140).
cost(4, 22, 903164).
cost(4, 23, 124782).
cost(4, 24, 529872).
cost(4, 25, 417693).
cost(4, 26, 263814).
cost(4, 27, 554870).
cost(5, 1, 923417).
cost(5, 2, 823642).
cost(5, 3, 329500).
cost(5, 4, 258502).
cost(5, 6, 144868).
cost(5, 7, 696459).
cost(5, 8, 820250).
cost(5, 9, 709160).
cost(5, 10, 383391).
cost(5, 11, 334530).
cost(5, 12, 828587).
cost(5, 13, 595745).
cost(5, 14, 440942).
cost(5, 15, 769616).
cost(5, 16, 888818).
cost(5, 17, 316779).
cost(5, 18, 797006).
cost(5, 19, 626457).
cost(5, 20, 199814).
cost(5, 21, 449960).
cost(5, 22, 806742).
cost(5, 23, 143302).
cost(5, 24, 440694).
cost(5, 25, 528784).
cost(5, 26, 60204).
cost(5, 27, 302361).
cost(6, 1, 996178).
cost(6, 2, 766579).
cost(6, 3, 252501).
cost(6, 4, 135660).
cost(6, 5, 144868).
cost(6, 7, 696910).
cost(6, 8, 917879).
cost(6, 9, 814315).
cost(6, 10, 296422).
cost(6, 11, 324647).
cost(6, 12, 775045).
cost(6, 13, 540250).
cost(6, 14, 318388).
cost(6, 15, 832411).
cost(6, 16, 839371).
cost(6, 17, 453127).
cost(6, 18, 771048).
cost(6, 19, 589460).
cost(6, 20, 229747).
cost(6, 21, 313880).
cost(6, 22, 798343).
cost(6, 23, 19572).
cost(6, 24, 421469).
cost(6, 25, 408080).
cost(6, 26, 175280).
cost(6, 27, 446817).
cost(7, 1, 498436).
cost(7, 2, 317279).
cost(7, 3, 480488).
cost(7, 4, 807992).
cost(7, 5, 696459).
cost(7, 6, 696910).
cost(7, 8, 585916).
cost(7, 9, 576787).
cost(7, 10, 474469).
cost(7, 11, 372940).
cost(7, 12, 302516).
cost(7, 13, 279381).
cost(7, 14, 590559).
cost(7, 15, 346022).
cost(7, 16, 319104).
cost(7, 17, 670156).
cost(7, 18, 161229).
cost(7, 19, 191650).
cost(7, 20, 496868).
cost(7, 21, 669832).
cost(7, 22, 115756).
cost(7, 23, 715866).
cost(7, 24, 278123).
cost(7, 25, 587357).
cost(7, 26, 754843).
cost(7, 27, 761839).
cost(8, 1, 214443).
cost(8, 2, 903156).
cost(8, 3, 842018).
cost(8, 4, 1053496).
cost(8, 5, 820250).
cost(8, 6, 917879).
cost(8, 7, 585916).
cost(8, 9, 122716).
cost(8, 10, 873918).
cost(8, 11, 686771).
cost(8, 12, 887910).
cost(8, 13, 812092).
cost(8, 14, 1008446).
cost(8, 15, 251225).
cost(8, 16, 896775).
cost(8, 17, 558685).
cost(8, 18, 737390).
cost(8, 19, 743069).
cost(8, 20, 698834).
cost(8, 21, 1073909).
cost(8, 22, 651664).
cost(8, 23, 929444).
cost(8, 24, 679045).
cost(8, 25, 1048770).
cost(8, 26, 852608).
cost(8, 27, 647856).
cost(9, 1, 314111).
cost(9, 2, 890320).
cost(9, 3, 762025).
cost(9, 4, 949357).
cost(9, 5, 709160).
cost(9, 6, 814315).
cost(9, 7, 576787).
cost(9, 8, 122716).
cost(9, 10, 799086).
cost(9, 11, 609433).
cost(9, 12, 877398).
cost(9, 13, 770506).
cost(9, 14, 931817).
cost(9, 15, 285044).
cost(9, 16, 895360).
cost(9, 17, 437530).
cost(9, 18, 735905).
cost(9, 19, 710896).
cost(9, 20, 602846).
cost(9, 21, 992751).
cost(9, 22, 660078).
cost(9, 23, 824672).
cost(9, 24, 618330).
cost(9, 25, 979915).
cost(9, 26, 738297).
cost(9, 27, 525445).
cost(10, 1, 886902).
cost(10, 2, 474904).
cost(10, 3, 56219).
cost(10, 4, 364627).
cost(10, 5, 383391).
cost(10, 6, 296422).
cost(10, 7, 474469).
cost(10, 8, 873918).
cost(10, 9, 799086).
cost(10, 11, 189774).
cost(10, 12, 485258).
cost(10, 13, 255149).
cost(10, 14, 134867).
cost(10, 15, 713704).
cost(10, 16, 551289).
cost(10, 17, 582903).
cost(10, 18, 506448).
cost(10, 19, 321736).
cost(10, 20, 257511).
cost(10, 21, 206620).
cost(10, 22, 555146).
cost(10, 23, 315104).
cost(10, 24, 213952).
cost(10, 25, 186492).
cost(10, 26, 438441).
cost(10, 27, 624652).
cost(11, 1, 715137).
cost(11, 2, 500167).
cost(11, 3, 155579).
cost(11, 4, 442254).
cost(11, 5, 334530).
cost(11, 6, 324647).
cost(11, 7, 372940).
cost(11, 8, 686771).
cost(11, 9, 609433).
cost(11, 10, 189774).
cost(11, 12, 502415).
cost(11, 13, 279117).
cost(11, 14, 322671).
cost(11, 15, 543293).
cost(11, 16, 559395).
cost(11, 17, 430500).
cost(11, 18, 462562).
cost(11, 19, 294466).
cost(11, 20, 139952).
cost(11, 21, 387298).
cost(11, 22, 477747).
cost(11, 23, 343381).
cost(11, 24, 106247).
cost(11, 25, 373489).
cost(11, 26, 394608).
cost(11, 27, 492662).
cost(12, 1, 783092).
cost(12, 2, 22040).
cost(12, 3, 522824).
cost(12, 4, 849044).
cost(12, 5, 828587).
cost(12, 6, 775045).
cost(12, 7, 302516).
cost(12, 8, 887910).
cost(12, 9, 877398).
cost(12, 10, 485258).
cost(12, 11, 502415).
cost(12, 13, 235190).
cost(12, 14, 543832).
cost(12, 15, 643965).
cost(12, 16, 67359).
cost(12, 17, 900626).
cost(12, 18, 158014).
cost(12, 19, 212106).
cost(12, 20, 642031).
cost(12, 21, 616542).
cost(12, 22, 255997).
cost(12, 23, 794416).
cost(12, 24, 400125).
cost(12, 25, 495081).
cost(12, 26, 888491).
cost(12, 27, 979250).
cost(13, 1, 764120).
cost(13, 2, 228379).
cost(13, 3, 288593).
cost(13, 4, 619599).
cost(13, 5, 595745).
cost(13, 6, 540250).
cost(13, 7, 279381).
cost(13, 8, 812092).
cost(13, 9, 770506).
cost(13, 10, 255149).
cost(13, 11, 279117).
cost(13, 12, 235190).
cost(13, 14, 337924).
cost(13, 15, 598665).
cost(13, 16, 299131).
cost(13, 17, 700318).
cost(13, 18, 259376).
cost(13, 19, 88776).
cost(13, 20, 415529).
cost(13, 21, 416420).
cost(13, 22, 326018).
cost(13, 23, 559676).
cost(13, 24, 188574).
cost(13, 25, 315871).
cost(13, 26, 655331).
cost(13, 27, 769508).
cost(14, 1, 1020128).
cost(14, 2, 529117).
cost(14, 3, 171250).
cost(14, 4, 333596).
cost(14, 5, 440942).
cost(14, 6, 318388).
cost(14, 7, 590559).
cost(14, 8, 1008446).
cost(14, 9, 931817).
cost(14, 10, 134867).
cost(14, 11, 322671).
cost(14, 12, 543832).
cost(14, 13, 337924).
cost(14, 15, 846945).
cost(14, 16, 611173).
cost(14, 17, 687171).
cost(14, 18, 597293).
cost(14, 19, 419117).
cost(14, 20, 365563).
cost(14, 21, 79541).
cost(14, 22, 659138).
cost(14, 23, 332989).
cost(14, 24, 345212).
cost(14, 25, 89702).
cost(14, 26, 486901).
cost(14, 27, 715449).
cost(15, 1, 173204).
cost(15, 2, 660460).
cost(15, 3, 694576).
cost(15, 4, 964606).
cost(15, 5, 769616).
cost(15, 6, 832411).
cost(15, 7, 346022).
cost(15, 8, 251225).
cost(15, 9, 285044).
cost(15, 10, 713704).
cost(15, 11, 543293).
cost(15, 12, 643965).
cost(15, 13, 598665).
cost(15, 14, 846945).
cost(15, 16, 648486).
cost(15, 17, 591338).
cost(15, 18, 490168).
cost(15, 19, 520368).
cost(15, 20, 602668).
cost(15, 21, 920217).
cost(15, 22, 401590).
cost(15, 23, 847766).
cost(15, 24, 502174).
cost(15, 25, 870785).
cost(15, 26, 815729).
cost(15, 27, 691688).
cost(16, 1, 777211).
cost(16, 2, 83570).
cost(16, 3, 587596).
cost(16, 4, 915464).
cost(16, 5, 888818).
cost(16, 6, 839371).
cost(16, 7, 319104).
cost(16, 8, 896775).
cost(16, 9, 895360).
cost(16, 10, 551289).
cost(16, 11, 559395).
cost(16, 12, 67359).
cost(16, 13, 299131).
cost(16, 14, 611173).
cost(16, 15, 648486).
cost(16, 17, 946862).
cost(16, 18, 159877).
cost(16, 19, 265449).
cost(16, 20, 699341).
cost(16, 21, 683704).
cost(16, 22, 248673).
cost(16, 23, 858804).
cost(16, 24, 455164).
cost(16, 25, 561584).
cost(16, 26, 948891).
cost(16, 27, 1028492).
cost(17, 1, 710014).
cost(17, 2, 903523).
cost(17, 3, 528761).
cost(17, 4, 575218).
cost(17, 5, 316779).
cost(17, 6, 453127).
cost(17, 7, 670156).
cost(17, 8, 558685).
cost(17, 9, 437530).
cost(17, 10, 582903).
cost(17, 11, 430500).
cost(17, 12, 900626).
cost(17, 13, 700318).
cost(17, 14, 687171).
cost(17, 15, 591338).
cost(17, 16, 946862).
cost(17, 18, 814112).
cost(17, 19, 689708).
cost(17, 20, 325567).
cost(17, 21, 721063).
cost(17, 22, 785037).
cost(17, 23, 456233).
cost(17, 24, 511964).
cost(17, 25, 763444).
cost(17, 26, 325807).
cost(17, 27, 100669).
cost(18, 1, 625389).
cost(18, 2, 177330).
cost(18, 3, 529494).
cost(18, 4, 865602).
cost(18, 5, 797006).
cost(18, 6, 771048).
cost(18, 7, 161229).
cost(18, 8, 737390).
cost(18, 9, 735905).
cost(18, 10, 506448).
cost(18, 11, 462562).
cost(18, 12, 158014).
cost(18, 13, 259376).
cost(18, 14, 597293).
cost(18, 15, 490168).
cost(18, 16, 159877).
cost(18, 17, 814112).
cost(18, 19, 185019).
cost(18, 20, 599423).
cost(18, 21, 675641).
cost(18, 22, 98599).
cost(18, 23, 790586).
cost(18, 24, 356702).
cost(18, 25, 569803).
cost(18, 26, 856995).
cost(18, 27, 901277).
cost(19, 1, 682429).
cost(19, 2, 213842).
cost(19, 3, 344877).
cost(19, 4, 680868).
cost(19, 5, 626457).
cost(19, 6, 589460).
cost(19, 7, 191650).
cost(19, 8, 743069).
cost(19, 9, 710896).
cost(19, 10, 321736).
cost(19, 11, 294466).
cost(19, 12, 212106).
cost(19, 13, 88776).
cost(19, 14, 419117).
cost(19, 15, 520368).
cost(19, 16, 265449).
cost(19, 17, 689708).
cost(19, 18, 185019).
cost(19, 20, 434374).
cost(19, 21, 498418).
cost(19, 22, 240320).
cost(19, 23, 609031).
cost(19, 24, 189722).
cost(19, 25, 403268).
cost(19, 26, 686655).
cost(19, 27, 767234).
cost(20, 1, 766915).
cost(20, 2, 639303).
cost(20, 3, 203207).
cost(20, 4, 362972).
cost(20, 5, 199814).
cost(20, 6, 229747).
cost(20, 7, 496868).
cost(20, 8, 698834).
cost(20, 9, 602846).
cost(20, 10, 257511).
cost(20, 11, 139952).
cost(20, 12, 642031).
cost(20, 13, 415529).
cost(20, 14, 365563).
cost(20, 15, 602668).
cost(20, 16, 699341).
cost(20, 17, 325567).
cost(20, 18, 599423).
cost(20, 19, 434374).
cost(20, 21, 409027).
cost(20, 22, 606935).
cost(20, 23, 245262).
cost(20, 24, 245376).
cost(20, 25, 438539).
cost(20, 26, 258929).
cost(20, 27, 370513).
cost(21, 1, 1093398).
cost(21, 2, 600898).
cost(21, 3, 231891).
cost(21, 4, 296140).
cost(21, 5, 449960).
cost(21, 6, 313880).
cost(21, 7, 669832).
cost(21, 8, 1073909).
cost(21, 9, 992751).
cost(21, 10, 206620).
cost(21, 11, 387298).
cost(21, 12, 616542).
cost(21, 13, 416420).
cost(21, 14, 79541).
cost(21, 15, 920217).
cost(21, 16, 683704).
cost(21, 17, 721063).
cost(21, 18, 675641).
cost(21, 19, 498418).
cost(21, 20, 409027).
cost(21, 22, 738543).
cost(21, 23, 324859).
cost(21, 24, 420149).
cost(21, 25, 131142).
cost(21, 26, 488656).
cost(21, 27, 739195).
cost(22, 1, 529419).
cost(22, 2, 275731).
cost(22, 3, 569549).
cost(22, 4, 903164).
cost(22, 5, 806742).
cost(22, 6, 798343).
cost(22, 7, 115756).
cost(22, 8, 651664).
cost(22, 9, 660078).
cost(22, 10, 555146).
cost(22, 11, 477747).
cost(22, 12, 255997).
cost(22, 13, 326018).
cost(22, 14, 659138).
cost(22, 15, 401590).
cost(22, 16, 248673).
cost(22, 17, 785037).
cost(22, 18, 98599).
cost(22, 19, 240320).
cost(22, 20, 606935).
cost(22, 21, 738543).
cost(22, 23, 817606).
cost(22, 24, 376880).
cost(22, 25, 641834).
cost(22, 26, 865714).
cost(22, 27, 877312).
cost(23, 1, 1010743).
cost(23, 2, 785870).
cost(23, 3, 271766).
cost(23, 4, 124782).
cost(23, 5, 143302).
cost(23, 6, 19572).
cost(23, 7, 715866).
cost(23, 8, 929444).
cost(23, 9, 824672).
cost(23, 10, 315104).
cost(23, 11, 343381).
cost(23, 12, 794416).
cost(23, 13, 559676).
cost(23, 14, 332989).
cost(23, 15, 847766).
cost(23, 16, 858804).
cost(23, 17, 456233).
cost(23, 18, 790586).
cost(23, 19, 609031).
cost(23, 20, 245262).
cost(23, 21, 324859).
cost(23, 22, 817606).
cost(23, 24, 440726).
cost(23, 25, 422672).
cost(23, 26, 167233).
cost(23, 27, 445570).
cost(24, 1, 675254).
cost(24, 2, 399410).
cost(24, 3, 206858).
cost(24, 4, 529872).
cost(24, 5, 440694).
cost(24, 6, 421469).
cost(24, 7, 278123).
cost(24, 8, 679045).
cost(24, 9, 618330).
cost(24, 10, 213952).
cost(24, 11, 106247).
cost(24, 12, 400125).
cost(24, 13, 188574).
cost(24, 14, 345212).
cost(24, 15, 502174).
cost(24, 16, 455164).
cost(24, 17, 511964).
cost(24, 18, 356702).
cost(24, 19, 189722).
cost(24, 20, 245376).
cost(24, 21, 420149).
cost(24, 22, 376880).
cost(24, 23, 440726).
cost(24, 25, 371841).
cost(24, 26, 500805).
cost(24, 27, 583406).
cost(25, 1, 1042986).
cost(25, 2, 478135).
cost(25, 3, 236253).
cost(25, 4, 417693).
cost(25, 5, 528784).
cost(25, 6, 408080).
cost(25, 7, 587357).
cost(25, 8, 1048770).
cost(25, 9, 979915).
cost(25, 10, 186492).
cost(25, 11, 373489).
cost(25, 12, 495081).
cost(25, 13, 315871).
cost(25, 14, 89702).
cost(25, 15, 870785).
cost(25, 16, 561584).
cost(25, 17, 763444).
cost(25, 18, 569803).
cost(25, 19, 403268).
cost(25, 20, 438539).
cost(25, 21, 131142).
cost(25, 22, 641834).
cost(25, 23, 422672).
cost(25, 24, 371841).
cost(25, 26, 575864).
cost(25, 27, 797183).
cost(26, 1, 965595).
cost(26, 2, 883377).
cost(26, 3, 385616).
cost(26, 4, 263814).
cost(26, 5, 60204).
cost(26, 6, 175280).
cost(26, 7, 754843).
cost(26, 8, 852608).
cost(26, 9, 738297).
cost(26, 10, 438441).
cost(26, 11, 394608).
cost(26, 12, 888491).
cost(26, 13, 655331).
cost(26, 14, 486901).
cost(26, 15, 815729).
cost(26, 16, 948891).
cost(26, 17, 325807).
cost(26, 18, 856995).
cost(26, 19, 686655).
cost(26, 20, 258929).
cost(26, 21, 488656).
cost(26, 22, 865714).
cost(26, 23, 167233).
cost(26, 24, 500805).
cost(26, 25, 575864).
cost(26, 27, 292350).
cost(27, 1, 807216).
cost(27, 2, 980660).
cost(27, 3, 568789).
cost(27, 4, 554870).
cost(27, 5, 302361).
cost(27, 6, 446817).
cost(27, 7, 761839).
cost(27, 8, 647856).
cost(27, 9, 525445).
cost(27, 10, 624652).
cost(27, 11, 492662).
cost(27, 12, 979250).
cost(27, 13, 769508).
cost(27, 14, 715449).
cost(27, 15, 691688).
cost(27, 16, 1028492).
cost(27, 17, 100669).
cost(27, 18, 901277).
cost(27, 19, 767234).
cost(27, 20, 370513).
cost(27, 21, 739195).
cost(27, 22, 877312).
cost(27, 23, 445570).
cost(27, 24, 583406).
cost(27, 25, 797183).
cost(27, 26, 292350).
