dimension(27).
point(1, 867992.0, 747584.0).
point(2, 161136.0, 199353.0).
point(3, 216134.0, 987371.0).
point(4, 790031.0, 295008.0).
point(5, 360957.0, 897727.0).
point(6, 566953.0, 564980.0).
point(7, 951177.0, 959707.0).
point(8, 945041.0, 533390.0).
point(9, 351068.0, 137689.0).
point(10, 807422.0, 453884.0).
point(11, 665917.0, 376407.0).
point(12, 449977.0, 350666.0).
point(13, 914687.0, 626685.0).
point(14, 787654.0, 222226.0).
point(15, 719845.0, 817102.0).
point(16, 132427.0, 624723.0).
point(17, 759788.0, 643189.0).
point(18, 415022.0, 362717.0).
point(19, 546122.0, 547153.0).
point(20, 220170.0, 874190.0).
point(21, 916948.0, 417138.0).
point(22, 529621.0, 679385.0).
point(23, 348884.0, 766509.0).
point(24, 193399.0, 157789.0).
point(25, 994156.0, 523543.0).
point(26, 546988.0, 865293.0).
point(27, 420265.0, 733584.0).
cost(1, 2, 894540).
cost(1, 3, 694562).
cost(1, 4, 459242).
cost(1, 5, 528798).
cost(1, 6, 352092).
cost(1, 7, 227851).
cost(1, 8, 227630).
cost(1, 9, 799489).
cost(1, 10, 299881).
cost(1, 11, 422619).
cost(1, 12, 576438).
cost(1, 13, 129603).
cost(1, 14, 531465).
cost(1, 15, 163647).
cost(1, 16, 745755).
cost(1, 17, 150354).
cost(1, 18, 594394).
cost(1, 19, 379174).
cost(1, 20, 660078).
cost(1, 21, 334053).
cost(1, 22, 345175).
cost(1, 23, 519453).
cost(1, 24, 896066).
cost(1, 25, 257122).
cost(1, 26, 341905).
cost(1, 27, 447946).
cost(2, 1, 894540).
cost(2, 3, 789935).
cost(2, 4, 636128).
cost(2, 5, 726398).
cost(2, 6, 546233).
cost(2, 7, 1096496).
cost(2, 8, 852108).
cost(2, 9, 199691).
cost(2, 10, 694602).
cost(2, 11, 534932).
cost(2, 12, 326075).
cost(2, 13, 866286).
cost(2, 14, 626935).
cost(2, 15, 832928).
cost(2, 16, 426338).
cost(2, 17, 745235).
cost(2, 18, 301904).
cost(2, 19, 518825).
cost(2, 20, 677414).
cost(2, 21, 786563).
cost(2, 22, 605154).
cost(2, 23, 597424).
cost(2, 24, 52616).
cost(2, 25, 893880).
cost(2, 26, 769648).
cost(2, 27, 593760).
cost(3, 1, 694562).
cost(3, 2, 789935).
cost(3, 4, 899291).
cost(3, 5, 170322).
cost(3, 6, 549079).
cost(3, 7, 735563).
cost(3, 8, 858722).
cost(3, 9, 860329).
cost(3, 10, 796386).
cost(3, 11, 758671).
cost(3, 12, 678289).
cost(3, 13, 786175).
cost(3, 14, 955030).
cost(3, 15, 531711).
cost(3, 16, 372183).
cost(3, 17, 643445).
cost(3, 18, 655552).
cost(3, 19, 550167).
cost(3, 20, 113253).
cost(3, 21, 903497).
cost(3, 22, 439465).
cost(3, 23, 257687).
cost(3, 24, 829893).
cost(3, 25, 905790).
cost(3, 26, 352658).
cost(3, 27, 325695).
cost(4, 1, 459242).
cost(4, 2, 636128).
cost(4, 3, 899291).
cost(4, 5, 739848).
cost(4, 6, 350212).
cost(4, 7, 683954).
cost(4, 8, 284349).
cost(4, 9, 466302).
cost(4, 10, 159825).
cost(4, 11, 148425).
cost(4, 12, 344579).
cost(4, 13, 354329).
cost(4, 14, 72821).
cost(4, 15, 526790).
cost(4, 16, 735632).
cost(4, 17, 349492).
cost(4, 18, 381073).
cost(4, 19, 350811).
cost(4, 20, 812523).
cost(4, 21, 176135).
cost(4, 22, 464283).
cost(4, 23, 645696).
cost(4, 24, 612208).
cost(4, 25, 306423).
cost(4, 26, 619915).
cost(4, 27, 573651).
cost(5, 1, 528798).
cost(5, 2, 726398).
cost(5, 3, 170322).
cost(5, 4, 739848).
cost(5, 6, 391350).
cost(5, 7, 593465).
cost(5, 8, 688401).
cost(5, 9, 760102).
cost(5, 10, 629546).
cost(5, 11, 603966).
cost(5, 12, 554257).
cost(5, 13, 616507).
cost(5, 14, 798982).
cost(5, 15, 367833).
cost(5, 16, 356030).
cost(5, 17, 473134).
cost(5, 18, 537735).
cost(5, 19, 396470).
cost(5, 20, 142741).
cost(5, 21, 734909).
cost(5, 22, 275900).
cost(5, 23, 131772).
cost(5, 24, 758672).
cost(5, 25, 735496).
cost(5, 26, 188837).
cost(5, 27, 174529).
cost(6, 1, 352092).
cost(6, 2, 546233).
cost(6, 3, 549079).
cost(6, 4, 350212).
cost(6, 5, 391350).
cost(6, 7, 550852).
cost(6, 8, 379405).
cost(6, 9, 478732).
cost(6, 10, 264892).
cost(6, 11, 212964).
cost(6, 12, 244160).
cost(6, 13, 353166).
cost(6, 14, 407663).
cost(6, 15, 294858).
cost(6, 16, 438614).
cost(6, 17, 208091).
cost(6, 18, 252969).
cost(6, 19, 27418).
cost(6, 20, 464617).
cost(6, 21, 379939).
cost(6, 22, 120342).
cost(6, 23, 296931).
cost(6, 24, 552582).
cost(6, 25, 429208).
cost(6, 26, 300976).
cost(6, 27, 223483).
cost(7, 1, 227851).
cost(7, 2, 1096496).
cost(7, 3, 735563).
cost(7, 4, 683954).
cost(7, 5, 593465).
cost(7, 6, 550852).
cost(7, 8, 426361).
cost(7, 9, 1017764).
cost(7, 10, 525854).
cost(7, 11, 649317).
cost(7, 12, 788754).
cost(7, 13, 335015).
cost(7, 14, 755393).
cost(7, 15, 271755).
cost(7, 16, 884628).
cost(7, 17, 369883).
cost(7, 18, 802408).
cost(7, 19, 578161).
cost(7, 20, 735992).
cost(7, 21, 543648).
cost(7, 22, 506251).
cost(7, 23, 632521).
cost(7, 24, 1103313).
cost(7, 25, 438276).
cost(7, 26, 415070).
cost(7, 27, 577061).
cost(8, 1, 227630).
cost(8, 2, 852108).
cost(8, 3, 858722).
cost(8, 4, 284349).
cost(8, 5, 688401).
cost(8, 6, 379405).
cost(8, 7, 426361).
cost(8, 9, 713711).
cost(8, 10, 158935).
cost(8, 11, 320240).
cost(8, 12, 527709).
cost(8, 13, 98109).
cost(8, 14, 348703).
cost(8, 15, 362223).
cost(8, 16, 817731).
cost(8, 17, 215347).
cost(8, 18, 556821).
cost(8, 19, 399156).
cost(8, 20, 800989).
cost(8, 21, 119598).
cost(8, 22, 440328).
cost(8, 23, 640115).
cost(8, 24, 840263).
cost(8, 25, 50092).
cost(8, 26, 518272).
cost(8, 27, 561665).
cost(9, 1, 799489).
cost(9, 2, 199691).
cost(9, 3, 860329).
cost(9, 4, 466302).
cost(9, 5, 760102).
cost(9, 6, 478732).
cost(9, 7, 1017764).
cost(9, 8, 713711).
cost(9, 10, 555192).
cost(9, 11, 395115).
cost(9, 12, 234824).
cost(9, 13, 746179).
cost(9, 14, 444695).
cost(9, 15, 773045).
cost(9, 16, 533860).
cost(9, 17, 650063).
cost(9, 18, 233940).
cost(9, 19, 453549).
cost(9, 20, 748043).
cost(9, 21, 631120).
cost(9, 22, 570365).
cost(9, 23, 628824).
cost(9, 24, 158945).
cost(9, 25, 749964).
cost(9, 26, 753520).
cost(9, 27, 599899).
cost(10, 1, 299881).
cost(10, 2, 694602).
cost(10, 3, 796386).
cost(10, 4, 159825).
cost(10, 5, 629546).
cost(10, 6, 264892).
cost(10, 7, 525854).
cost(10, 8, 158935).
cost(10, 9, 555192).
cost(10, 11, 161327).
cost(10, 12, 372050).
cost(10, 13, 203386).
cost(10, 14, 232500).
cost(10, 15, 373627).
cost(10, 16, 696279).
cost(10, 17, 195206).
cost(10, 18, 402851).
cost(10, 19, 277447).
cost(10, 20, 722165).
cost(10, 21, 115526).
cost(10, 22, 357805).
cost(10, 23, 554970).
cost(10, 24, 681687).
cost(10, 25, 199304).
cost(10, 26, 486912).
cost(10, 27, 477622).
cost(11, 1, 422619).
cost(11, 2, 534932).
cost(11, 3, 758671).
cost(11, 4, 148425).
cost(11, 5, 603966).
cost(11, 6, 212964).
cost(11, 7, 649317).
cost(11, 8, 320240).
cost(11, 9, 395115).
cost(11, 10, 161327).
cost(11, 12, 217469).
cost(11, 13, 352882).
cost(11, 14, 196448).
cost(11, 15, 443982).
cost(11, 16, 588449).
cost(11, 17, 282815).
cost(11, 18, 251268).
cost(11, 19, 208579).
cost(11, 20, 668190).
cost(11, 21, 254314).
cost(11, 22, 332223).
cost(11, 23, 502682).
cost(11, 24, 520641).
cost(11, 25, 359708).
cost(11, 26, 503144).
cost(11, 27, 433498).
cost(12, 1, 576438).
cost(12, 2, 326075).
cost(12, 3, 678289).
cost(12, 4, 344579).
cost(12, 5, 554257).
cost(12, 6, 244160).
cost(12, 7, 788754).
cost(12, 8, 527709).
cost(12, 9, 234824).
cost(12, 10, 372050).
cost(12, 11, 217469).
cost(12, 13, 540502).
cost(12, 14, 361279).
cost(12, 15, 538880).
cost(12, 16, 419458).
cost(12, 17, 426090).
cost(12, 18, 36974).
cost(12, 19, 218749).
cost(12, 20, 571742).
cost(12, 21, 471678).
cost(12, 22, 338230).
cost(12, 23, 427955).
cost(12, 24, 320989).
cost(12, 25, 570979).
cost(12, 26, 523691).
cost(12, 27, 384069).
cost(13, 1, 129603).
cost(13, 2, 866286).
cost(13, 3, 786175).
cost(13, 4, 354329).
cost(13, 5, 616507).
cost(13, 6, 353166).
cost(13, 7, 335015).
cost(13, 8, 98109).
cost(13, 9, 746179).
cost(13, 10, 203386).
cost(13, 11, 352882).
cost(13, 12, 540502).
cost(13, 14, 423939).
cost(13, 15, 272437).
cost(13, 16, 782262).
cost(13, 17, 155776).
cost(13, 18, 565105).
cost(13, 19, 377048).
cost(13, 20, 737301).
cost(13, 21, 209559).
cost(13, 22, 388656).
cost(13, 23, 582824).
cost(13, 24, 860302).
cost(13, 25, 130206).
cost(13, 26, 438334).
cost(13, 27, 505846).
cost(14, 1, 531465).
cost(14, 2, 626935).
cost(14, 3, 955030).
cost(14, 4, 72821).
cost(14, 5, 798982).
cost(14, 6, 407663).
cost(14, 7, 755393).
cost(14, 8, 348703).
cost(14, 9, 444695).
cost(14, 10, 232500).
cost(14, 11, 196448).
cost(14, 12, 361279).
cost(14, 13, 423939).
cost(14, 15, 598728).
cost(14, 16, 768977).
cost(14, 17, 421884).
cost(14, 18, 398237).
cost(14, 19, 404864).
cost(14, 20, 864347).
cost(14, 21, 233897).
cost(14, 22, 524953).
cost(14, 23, 699116).
cost(14, 24, 597738).
cost(14, 25, 365288).
cost(14, 26, 686626).
cost(14, 27, 629652).
cost(15, 1, 163647).
cost(15, 2, 832928).
cost(15, 3, 531711).
cost(15, 4, 526790).
cost(15, 5, 367833).
cost(15, 6, 294858).
cost(15, 7, 271755).
cost(15, 8, 362223).
cost(15, 9, 773045).
cost(15, 10, 373627).
cost(15, 11, 443982).
cost(15, 12, 538880).
cost(15, 13, 272437).
cost(15, 14, 598728).
cost(15, 16, 618118).
cost(15, 17, 178441).
cost(15, 18, 547159).
cost(15, 19, 321017).
cost(15, 20, 502926).
cost(15, 21, 445893).
cost(15, 22, 234843).
cost(15, 23, 374395).
cost(15, 24, 843706).
cost(15, 25, 401775).
cost(15, 26, 179449).
cost(15, 27, 311004).
cost(16, 1, 745755).
cost(16, 2, 426338).
cost(16, 3, 372183).
cost(16, 4, 735632).
cost(16, 5, 356030).
cost(16, 6, 438614).
cost(16, 7, 884628).
cost(16, 8, 817731).
cost(16, 9, 533860).
cost(16, 10, 696279).
cost(16, 11, 588449).
cost(16, 12, 419458).
cost(16, 13, 782262).
cost(16, 14, 768977).
cost(16, 15, 618118).
cost(16, 17, 627633).
cost(16, 18, 385366).
cost(16, 19, 420905).
cost(16, 20, 264448).
cost(16, 21, 811520).
cost(16, 22, 400938).
cost(16, 23, 258760).
cost(16, 24, 470898).
cost(16, 25, 867649).
cost(16, 26, 479307).
cost(16, 27, 307736).
cost(17, 1, 150354).
cost(17, 2, 745235).
cost(17, 3, 643445).
cost(17, 4, 349492).
cost(17, 5, 473134).
cost(17, 6, 208091).
cost(17, 7, 369883).
cost(17, 8, 215347).
cost(17, 9, 650063).
cost(17, 10, 195206).
cost(17, 11, 282815).
cost(17, 12, 426090).
cost(17, 13, 155776).
cost(17, 14, 421884).
cost(17, 15, 178441).
cost(17, 16, 627633).
cost(17, 18, 444441).
cost(17, 19, 234256).
cost(17, 20, 586983).
cost(17, 21, 275315).
cost(17, 22, 232996).
cost(17, 23, 429010).
cost(17, 24, 745929).
cost(17, 25, 263142).
cost(17, 26, 307594).
cost(17, 27, 351350).
cost(18, 1, 594394).
cost(18, 2, 301904).
cost(18, 3, 655552).
cost(18, 4, 381073).
cost(18, 5, 537735).
cost(18, 6, 252969).
cost(18, 7, 802408).
cost(18, 8, 556821).
cost(18, 9, 233940).
cost(18, 10, 402851).
cost(18, 11, 251268).
cost(18, 12, 36974).
cost(18, 13, 565105).
cost(18, 14, 398237).
cost(18, 15, 547159).
cost(18, 16, 385366).
cost(18, 17, 444441).
cost(18, 19, 226283).
cost(18, 20, 547332).
cost(18, 21, 504868).
cost(18, 22, 336766).
cost(18, 23, 409173).
cost(18, 24, 301848).
cost(18, 25, 601050).
cost(18, 26, 519613).
cost(18, 27, 370904).
cost(19, 1, 379174).
cost(19, 2, 518825).
cost(19, 3, 550167).
cost(19, 4, 350811).
cost(19, 5, 396470).
cost(19, 6, 27418).
cost(19, 7, 578161).
cost(19, 8, 399156).
cost(19, 9, 453549).
cost(19, 10, 277447).
cost(19, 11, 208579).
cost(19, 12, 218749).
cost(19, 13, 377048).
cost(19, 14, 404864).
cost(19, 15, 321017).
cost(19, 16, 420905).
cost(19, 17, 234256).
cost(19, 18, 226283).
cost(19, 20, 461734).
cost(19, 21, 392958).
cost(19, 22, 133258).
cost(19, 23, 294991).
cost(19, 24, 525374).
cost(19, 25, 448656).
cost(19, 26, 318141).
cost(19, 27, 224937).
cost(20, 1, 660078).
cost(20, 2, 677414).
cost(20, 3, 113253).
cost(20, 4, 812523).
cost(20, 5, 142741).
cost(20, 6, 464617).
cost(20, 7, 735992).
cost(20, 8, 800989).
cost(20, 9, 748043).
cost(20, 10, 722165).
cost(20, 11, 668190).
cost(20, 12, 571742).
cost(20, 13, 737301).
cost(20, 14, 864347).
cost(20, 15, 502926).
cost(20, 16, 264448).
cost(20, 17, 586983).
cost(20, 18, 547332).
cost(20, 19, 461734).
cost(20, 21, 833304).
cost(20, 22, 365662).
cost(20, 23, 167817).
cost(20, 24, 716901).
cost(20, 25, 849710).
cost(20, 26, 326939).
cost(20, 27, 244557).
cost(21, 1, 334053).
cost(21, 2, 786563).
cost(21, 3, 903497).
cost(21, 4, 176135).
cost(21, 5, 734909).
cost(21, 6, 379939).
cost(21, 7, 543648).
cost(21, 8, 119598).
cost(21, 9, 631120).
cost(21, 10, 115526).
cost(21, 11, 254314).
cost(21, 12, 471678).
cost(21, 13, 209559).
cost(21, 14, 233897).
cost(21, 15, 445893).
cost(21, 16, 811520).
cost(21, 17, 275315).
cost(21, 18, 504868).
cost(21, 19, 392958).
cost(21, 20, 833304).
cost(21, 22, 467756).
cost(21, 23, 666901).
cost(21, 24, 768625).
cost(21, 25, 131465).
cost(21, 26, 581131).
cost(21, 27, 588925).
cost(22, 1, 345175).
cost(22, 2, 605154).
cost(22, 3, 439465).
cost(22, 4, 464283).
cost(22, 5, 275900).
cost(22, 6, 120342).
cost(22, 7, 506251).
cost(22, 8, 440328).
cost(22, 9, 570365).
cost(22, 10, 357805).
cost(22, 11, 332223).
cost(22, 12, 338230).
cost(22, 13, 388656).
cost(22, 14, 524953).
cost(22, 15, 234843).
cost(22, 16, 400938).
cost(22, 17, 232996).
cost(22, 18, 336766).
cost(22, 19, 133258).
cost(22, 20, 365662).
cost(22, 21, 467756).
cost(22, 23, 200640).
cost(22, 24, 620570).
cost(22, 25, 489979).
cost(22, 26, 186717).
cost(22, 27, 122050).
cost(23, 1, 519453).
cost(23, 2, 597424).
cost(23, 3, 257687).
cost(23, 4, 645696).
cost(23, 5, 131772).
cost(23, 6, 296931).
cost(23, 7, 632521).
cost(23, 8, 640115).
cost(23, 9, 628824).
cost(23, 10, 554970).
cost(23, 11, 502682).
cost(23, 12, 427955).
cost(23, 13, 582824).
cost(23, 14, 699116).
cost(23, 15, 374395).
cost(23, 16, 258760).
cost(23, 17, 429010).
cost(23, 18, 409173).
cost(23, 19, 294991).
cost(23, 20, 167817).
cost(23, 21, 666901).
cost(23, 22, 200640).
cost(23, 24, 628264).
cost(23, 25, 689499).
cost(23, 26, 221367).
cost(23, 27, 78609).
cost(24, 1, 896066).
cost(24, 2, 52616).
cost(24, 3, 829893).
cost(24, 4, 612208).
cost(24, 5, 758672).
cost(24, 6, 552582).
cost(24, 7, 1103313).
cost(24, 8, 840263).
cost(24, 9, 158945).
cost(24, 10, 681687).
cost(24, 11, 520641).
cost(24, 12, 320989).
cost(24, 13, 860302).
cost(24, 14, 597738).
cost(24, 15, 843706).
cost(24, 16, 470898).
cost(24, 17, 745929).
cost(24, 18, 301848).
cost(24, 19, 525374).
cost(24, 20, 716901).
cost(24, 21, 768625).
cost(24, 22, 620570).
cost(24, 23, 628264).
cost(24, 25, 880334).
cost(24, 26, 790941).
cost(24, 27, 618876).
cost(25, 1, 257122).
cost(25, 2, 893880).
cost(25, 3, 905790).
cost(25, 4, 306423).
cost(25, 5, 735496).
cost(25, 6, 429208).
cost(25, 7, 438276).
cost(25, 8, 50092).
cost(25, 9, 749964).
cost(25, 10, 199304).
cost(25, 11, 359708).
cost(25, 12, 570979).
cost(25, 13, 130206).
cost(25, 14, 365288).
cost(25, 15, 401775).
cost(25, 16, 867649).
cost(25, 17, 263142).
cost(25, 18, 601050).
cost(25, 19, 448656).
cost(25, 20, 849710).
cost(25, 21, 131465).
cost(25, 22, 489979).
cost(25, 23, 689499).
cost(25, 24, 880334).
cost(25, 26, 562808).
cost(25, 27, 611120).
cost(26, 1, 341905).
cost(26, 2, 769648).
cost(26, 3, 352658).
cost(26, 4, 619915).
cost(26, 5, 188837).
cost(26, 6, 300976).
cost(26, 7, 415070).
cost(26, 8, 518272).
cost(26, 9, 753520).
cost(26, 10, 486912).
cost(26, 11, 503144).
cost(26, 12, 523691).
cost(26, 13, 438334).
cost(26, 14, 686626).
cost(26, 15, 179449).
cost(26, 16, 479307).
cost(26, 17, 307594).
cost(26, 18, 519613).
cost(26, 19, 318141).
cost(26, 20, 326939).
cost(26, 21, 581131).
cost(26, 22, 186717).
cost(26, 23, 221367).
cost(26, 24, 790941).
cost(26, 25, 562808).
cost(26, 27, 182773).
cost(27, 1, 447946).
cost(27, 2, 593760).
cost(27, 3, 325695).
cost(27, 4, 573651).
cost(27, 5, 174529).
cost(27, 6, 223483).
cost(27, 7, 577061).
cost(27, 8, 561665).
cost(27, 9, 599899).
cost(27, 10, 477622).
cost(27, 11, 433498).
cost(27, 12, 384069).
cost(27, 13, 505846).
cost(27, 14, 629652).
cost(27, 15, 311004).
cost(27, 16, 307736).
cost(27, 17, 351350).
cost(27, 18, 370904).
cost(27, 19, 224937).
cost(27, 20, 244557).
cost(27, 21, 588925).
cost(27, 22, 122050).
cost(27, 23, 78609).
cost(27, 24, 618876).
cost(27, 25, 611120).
cost(27, 26, 182773).
