dimension(27).
point(1, 549203.0, 21716.0).
point(2, 885407.0, 255509.0).
point(3, 832361.0, 556518.0).
point(4, 309345.0, 713575.0).
point(5, 744122.0, 671924.0).
point(6, 404680.0, 166271.0).
point(7, 944206.0, 971923.0).
point(8, 752280.0, 130417.0).
point(9, 455957.0, 427742.0).
point(10, 74152.0, 913258.0).
point(11, 456372.0, 335885.0).
point(12, 183262.0, 311510.0).
point(13, 686628.0, 242611.0).
point(14, 689059.0, 492322.0).
point(15, 214894.0, 861183.0).
point(16, 586269.0, 840846.0).
point(17, 661211.0, 396499.0).
point(18, 380645.0, 939593.0).
point(19, 317067.0, 65444.0).
point(20, 374321.0, 601989.0).
point(21, 404414.0, 400288.0).
point(22, 679486.0, 259257.0).
point(23, 942051.0, 213317.0).
point(24, 286311.0, 239075.0).
point(25, 900410.0, 19897.0).
point(26, 116942.0, 123636.0).
point(27, 171214.0, 54154.0).
cost(1, 2, 409502).
cost(1, 3, 605138).
cost(1, 4, 732257).
cost(1, 5, 678796).
cost(1, 6, 204409).
cost(1, 7, 1029039).
cost(1, 8, 230339).
cost(1, 9, 416596).
cost(1, 10, 1010208).
cost(1, 11, 327597).
cost(1, 12, 466791).
cost(1, 13, 260154).
cost(1, 14, 490948).
cost(1, 15, 903586).
cost(1, 16, 819968).
cost(1, 17, 391162).
cost(1, 18, 933226).
cost(1, 19, 236219).
cost(1, 20, 606053).
cost(1, 21, 405315).
cost(1, 22, 270923).
cost(1, 23, 437082).
cost(1, 24, 341112).
cost(1, 25, 351212).
cost(1, 26, 444114).
cost(1, 27, 379378).
cost(2, 1, 409502).
cost(2, 3, 305647).
cost(2, 4, 735984).
cost(2, 5, 439730).
cost(2, 6, 488940).
cost(2, 7, 718823).
cost(2, 8, 182677).
cost(2, 9, 462700).
cost(2, 10, 1044399).
cost(2, 11, 436499).
cost(2, 12, 704375).
cost(2, 13, 199197).
cost(2, 14, 307625).
cost(2, 15, 903564).
cost(2, 16, 657345).
cost(2, 17, 264843).
cost(2, 18, 850150).
cost(2, 19, 599279).
cost(2, 20, 617460).
cost(2, 21, 502310).
cost(2, 22, 205955).
cost(2, 23, 70631).
cost(2, 24, 599321).
cost(2, 25, 236089).
cost(2, 26, 779698).
cost(2, 27, 742035).
cost(3, 1, 605138).
cost(3, 2, 305647).
cost(3, 4, 546088).
cost(3, 5, 145274).
cost(3, 6, 578968).
cost(3, 7, 430198).
cost(3, 8, 433561).
cost(3, 9, 397823).
cost(3, 10, 837941).
cost(3, 11, 435943).
cost(3, 12, 693800).
cost(3, 13, 346086).
cost(3, 14, 157024).
cost(3, 15, 688539).
cost(3, 16, 376037).
cost(3, 17, 234304).
cost(3, 18, 592278).
cost(3, 19, 711816).
cost(3, 20, 460291).
cost(3, 21, 455573).
cost(3, 22, 334268).
cost(3, 23, 360304).
cost(3, 24, 631617).
cost(3, 25, 540918).
cost(3, 26, 836188).
cost(3, 27, 830352).
cost(4, 1, 732257).
cost(4, 2, 735984).
cost(4, 3, 546088).
cost(4, 5, 436767).
cost(4, 6, 555545).
cost(4, 7, 685414).
cost(4, 8, 732301).
cost(4, 9, 321241).
cost(4, 10, 308527).
cost(4, 11, 405298).
cost(4, 12, 421371).
cost(4, 13, 603448).
cost(4, 14, 439472).
cost(4, 15, 175240).
cost(4, 16, 304770).
cost(4, 17, 473653).
cost(4, 18, 236998).
cost(4, 19, 648177).
cost(4, 20, 129125).
cost(4, 21, 327394).
cost(4, 22, 586011).
cost(4, 23, 806582).
cost(4, 24, 475059).
cost(4, 25, 911344).
cost(4, 26, 620522).
cost(4, 27, 673733).
cost(5, 1, 678796).
cost(5, 2, 439730).
cost(5, 3, 145274).
cost(5, 4, 436767).
cost(5, 6, 609020).
cost(5, 7, 360601).
cost(5, 8, 541568).
cost(5, 9, 377709).
cost(5, 10, 712111).
cost(5, 11, 442405).
cost(5, 12, 666680).
cost(5, 13, 433146).
cost(5, 14, 187853).
cost(5, 15, 562051).
cost(5, 16, 231197).
cost(5, 17, 287634).
cost(5, 18, 451400).
cost(5, 19, 741751).
cost(5, 20, 376356).
cost(5, 21, 434957).
cost(5, 22, 417698).
cost(5, 23, 499496).
cost(5, 24, 630039).
cost(5, 25, 670496).
cost(5, 26, 833051).
cost(5, 27, 842534).
cost(6, 1, 204409).
cost(6, 2, 488940).
cost(6, 3, 578968).
cost(6, 4, 555545).
cost(6, 5, 609020).
cost(6, 7, 969620).
cost(6, 8, 349444).
cost(6, 9, 266452).
cost(6, 10, 816847).
cost(6, 11, 177316).
cost(6, 12, 264802).
cost(6, 13, 292100).
cost(6, 14, 432644).
cost(6, 15, 720362).
cost(6, 16, 698589).
cost(6, 17, 344693).
cost(6, 18, 773695).
cost(6, 19, 133574).
cost(6, 20, 436774).
cost(6, 21, 234017).
cost(6, 22, 290112).
cost(6, 23, 539426).
cost(6, 24, 138966).
cost(6, 25, 516888).
cost(6, 26, 290880).
cost(6, 27, 258991).
cost(7, 1, 1029039).
cost(7, 2, 718823).
cost(7, 3, 430198).
cost(7, 4, 685414).
cost(7, 5, 360601).
cost(7, 6, 969620).
cost(7, 8, 863115).
cost(7, 9, 731109).
cost(7, 10, 872030).
cost(7, 11, 801577).
cost(7, 12, 1007562).
cost(7, 13, 773461).
cost(7, 14, 543247).
cost(7, 15, 737672).
cost(7, 16, 381182).
cost(7, 17, 641248).
cost(7, 18, 564488).
cost(7, 19, 1102274).
cost(7, 20, 679426).
cost(7, 21, 786220).
cost(7, 22, 760243).
cost(7, 23, 758609).
cost(7, 24, 984831).
cost(7, 25, 953033).
cost(7, 26, 1184887).
cost(7, 27, 1199924).
cost(8, 1, 230339).
cost(8, 2, 182677).
cost(8, 3, 433561).
cost(8, 4, 732301).
cost(8, 5, 541568).
cost(8, 6, 349444).
cost(8, 7, 863115).
cost(8, 9, 419773).
cost(8, 10, 1035711).
cost(8, 11, 360248).
cost(8, 12, 597140).
cost(8, 13, 129991).
cost(8, 14, 367386).
cost(8, 15, 907085).
cost(8, 16, 729568).
cost(8, 17, 281235).
cost(8, 18, 890437).
cost(8, 19, 440036).
cost(8, 20, 604345).
cost(8, 21, 440274).
cost(8, 22, 147982).
cost(8, 23, 207088).
cost(8, 24, 478470).
cost(8, 25, 184817).
cost(8, 26, 635374).
cost(8, 27, 586049).
cost(9, 1, 416596).
cost(9, 2, 462700).
cost(9, 3, 397823).
cost(9, 4, 321241).
cost(9, 5, 377709).
cost(9, 6, 266452).
cost(9, 7, 731109).
cost(9, 8, 419773).
cost(9, 10, 617658).
cost(9, 11, 91858).
cost(9, 12, 296433).
cost(9, 13, 295775).
cost(9, 14, 241882).
cost(9, 15, 495966).
cost(9, 16, 433170).
cost(9, 17, 207618).
cost(9, 18, 517362).
cost(9, 19, 388008).
cost(9, 20, 192423).
cost(9, 21, 58399).
cost(9, 22, 279915).
cost(9, 23, 531287).
cost(9, 24, 253722).
cost(9, 25, 603221).
cost(9, 26, 455425).
cost(9, 27, 469730).
cost(10, 1, 1010208).
cost(10, 2, 1044399).
cost(10, 3, 837941).
cost(10, 4, 308527).
cost(10, 5, 712111).
cost(10, 6, 816847).
cost(10, 7, 872030).
cost(10, 8, 1035711).
cost(10, 9, 617658).
cost(10, 11, 692425).
cost(10, 12, 611560).
cost(10, 13, 908237).
cost(10, 14, 745183).
cost(10, 15, 150067).
cost(10, 16, 517211).
cost(10, 17, 782099).
cost(10, 18, 307622).
cost(10, 19, 881928).
cost(10, 20, 432423).
cost(10, 21, 610091).
cost(10, 22, 891149).
cost(10, 23, 1114974).
cost(10, 24, 706777).
cost(10, 25, 1216880).
cost(10, 26, 790781).
cost(10, 27, 864570).
cost(11, 1, 327597).
cost(11, 2, 436499).
cost(11, 3, 435943).
cost(11, 4, 405298).
cost(11, 5, 442405).
cost(11, 6, 177316).
cost(11, 7, 801577).
cost(11, 8, 360248).
cost(11, 9, 91858).
cost(11, 10, 692425).
cost(11, 12, 274196).
cost(11, 13, 248431).
cost(11, 14, 280385).
cost(11, 15, 578143).
cost(11, 16, 521401).
cost(11, 17, 213619).
cost(11, 18, 608439).
cost(11, 19, 304211).
cost(11, 20, 278467).
cost(11, 21, 82749).
cost(11, 22, 235906).
cost(11, 23, 500906).
cost(11, 24, 195686).
cost(11, 25, 544994).
cost(11, 26, 400328).
cost(11, 27, 400858).
cost(12, 1, 466791).
cost(12, 2, 704375).
cost(12, 3, 693800).
cost(12, 4, 421371).
cost(12, 5, 666680).
cost(12, 6, 264802).
cost(12, 7, 1007562).
cost(12, 8, 597140).
cost(12, 9, 296433).
cost(12, 10, 611560).
cost(12, 11, 274196).
cost(12, 13, 508059).
cost(12, 14, 537144).
cost(12, 15, 550582).
cost(12, 16, 665290).
cost(12, 17, 485447).
cost(12, 18, 658368).
cost(12, 19, 280093).
cost(12, 20, 347680).
cost(12, 21, 238306).
cost(12, 22, 498968).
cost(12, 23, 765116).
cost(12, 24, 125960).
cost(12, 25, 774170).
cost(12, 26, 199236).
cost(12, 27, 257638).
cost(13, 1, 260154).
cost(13, 2, 199197).
cost(13, 3, 346086).
cost(13, 4, 603448).
cost(13, 5, 433146).
cost(13, 6, 292100).
cost(13, 7, 773461).
cost(13, 8, 129991).
cost(13, 9, 295775).
cost(13, 10, 908237).
cost(13, 11, 248431).
cost(13, 12, 508059).
cost(13, 14, 249723).
cost(13, 15, 777923).
cost(13, 16, 606595).
cost(13, 17, 155973).
cost(13, 18, 761190).
cost(13, 19, 409833).
cost(13, 20, 476118).
cost(13, 21, 323275).
cost(13, 22, 18113).
cost(13, 23, 257097).
cost(13, 24, 400333).
cost(13, 25, 308714).
cost(13, 26, 581977).
cost(13, 27, 548787).
cost(14, 1, 490948).
cost(14, 2, 307625).
cost(14, 3, 157024).
cost(14, 4, 439472).
cost(14, 5, 187853).
cost(14, 6, 432644).
cost(14, 7, 543247).
cost(14, 8, 367386).
cost(14, 9, 241882).
cost(14, 10, 745183).
cost(14, 11, 280385).
cost(14, 12, 537144).
cost(14, 13, 249723).
cost(14, 15, 600742).
cost(14, 16, 363366).
cost(14, 17, 99788).
cost(14, 18, 543296).
cost(14, 19, 566218).
cost(14, 20, 333297).
cost(14, 21, 299154).
cost(14, 22, 233262).
cost(14, 23, 376628).
cost(14, 24, 475752).
cost(14, 25, 517547).
cost(14, 26, 680623).
cost(14, 27, 678347).
cost(15, 1, 903586).
cost(15, 2, 903564).
cost(15, 3, 688539).
cost(15, 4, 175240).
cost(15, 5, 562051).
cost(15, 6, 720362).
cost(15, 7, 737672).
cost(15, 8, 907085).
cost(15, 9, 495966).
cost(15, 10, 150067).
cost(15, 11, 578143).
cost(15, 12, 550582).
cost(15, 13, 777923).
cost(15, 14, 600742).
cost(15, 16, 371931).
cost(15, 17, 644306).
cost(15, 18, 183362).
cost(15, 19, 802272).
cost(15, 20, 304300).
cost(15, 21, 498339).
cost(15, 22, 760369).
cost(15, 23, 973903).
cost(15, 24, 626194).
cost(15, 25, 1085216).
cost(15, 26, 744023).
cost(15, 27, 808210).
cost(16, 1, 819968).
cost(16, 2, 657345).
cost(16, 3, 376037).
cost(16, 4, 304770).
cost(16, 5, 231197).
cost(16, 6, 698589).
cost(16, 7, 381182).
cost(16, 8, 729568).
cost(16, 9, 433170).
cost(16, 10, 517211).
cost(16, 11, 521401).
cost(16, 12, 665290).
cost(16, 13, 606595).
cost(16, 14, 363366).
cost(16, 15, 371931).
cost(16, 17, 450622).
cost(16, 18, 228106).
cost(16, 19, 820803).
cost(16, 20, 319335).
cost(16, 21, 476616).
cost(16, 22, 589012).
cost(16, 23, 721369).
cost(16, 24, 672386).
cost(16, 25, 879000).
cost(16, 26, 857122).
cost(16, 27, 889469).
cost(17, 1, 391162).
cost(17, 2, 264843).
cost(17, 3, 234304).
cost(17, 4, 473653).
cost(17, 5, 287634).
cost(17, 6, 344693).
cost(17, 7, 641248).
cost(17, 8, 281235).
cost(17, 9, 207618).
cost(17, 10, 782099).
cost(17, 11, 213619).
cost(17, 12, 485447).
cost(17, 13, 155973).
cost(17, 14, 99788).
cost(17, 15, 644306).
cost(17, 16, 450622).
cost(17, 18, 611284).
cost(17, 19, 477527).
cost(17, 20, 352891).
cost(17, 21, 256825).
cost(17, 22, 138453).
cost(17, 23, 335301).
cost(17, 24, 406611).
cost(17, 25, 446145).
cost(17, 26, 608837).
cost(17, 27, 597743).
cost(18, 1, 933226).
cost(18, 2, 850150).
cost(18, 3, 592278).
cost(18, 4, 236998).
cost(18, 5, 451400).
cost(18, 6, 773695).
cost(18, 7, 564488).
cost(18, 8, 890437).
cost(18, 9, 517362).
cost(18, 10, 307622).
cost(18, 11, 608439).
cost(18, 12, 658368).
cost(18, 13, 761190).
cost(18, 14, 543296).
cost(18, 15, 183362).
cost(18, 16, 228106).
cost(18, 17, 611284).
cost(18, 19, 876458).
cost(18, 20, 337663).
cost(18, 21, 539829).
cost(18, 22, 743077).
cost(18, 23, 917962).
cost(18, 24, 706841).
cost(18, 25, 1056407).
cost(18, 26, 857511).
cost(18, 27, 909870).
cost(19, 1, 236219).
cost(19, 2, 599279).
cost(19, 3, 711816).
cost(19, 4, 648177).
cost(19, 5, 741751).
cost(19, 6, 133574).
cost(19, 7, 1102274).
cost(19, 8, 440036).
cost(19, 9, 388008).
cost(19, 10, 881928).
cost(19, 11, 304211).
cost(19, 12, 280093).
cost(19, 13, 409833).
cost(19, 14, 566218).
cost(19, 15, 802272).
cost(19, 16, 820803).
cost(19, 17, 477527).
cost(19, 18, 876458).
cost(19, 20, 539591).
cost(19, 21, 346049).
cost(19, 22, 410988).
cost(19, 23, 642239).
cost(19, 24, 176334).
cost(19, 25, 585118).
cost(19, 26, 208414).
cost(19, 27, 146289).
cost(20, 1, 606053).
cost(20, 2, 617460).
cost(20, 3, 460291).
cost(20, 4, 129125).
cost(20, 5, 376356).
cost(20, 6, 436774).
cost(20, 7, 679426).
cost(20, 8, 604345).
cost(20, 9, 192423).
cost(20, 10, 432423).
cost(20, 11, 278467).
cost(20, 12, 347680).
cost(20, 13, 476118).
cost(20, 14, 333297).
cost(20, 15, 304300).
cost(20, 16, 319335).
cost(20, 17, 352891).
cost(20, 18, 337663).
cost(20, 19, 539591).
cost(20, 21, 203934).
cost(20, 22, 458902).
cost(20, 23, 688029).
cost(20, 24, 373433).
cost(20, 25, 784602).
cost(20, 26, 543199).
cost(20, 27, 584274).
cost(21, 1, 405315).
cost(21, 2, 502310).
cost(21, 3, 455573).
cost(21, 4, 327394).
cost(21, 5, 434957).
cost(21, 6, 234017).
cost(21, 7, 786220).
cost(21, 8, 440274).
cost(21, 9, 58399).
cost(21, 10, 610091).
cost(21, 11, 82749).
cost(21, 12, 238306).
cost(21, 13, 323275).
cost(21, 14, 299154).
cost(21, 15, 498339).
cost(21, 16, 476616).
cost(21, 17, 256825).
cost(21, 18, 539829).
cost(21, 19, 346049).
cost(21, 20, 203934).
cost(21, 22, 309119).
cost(21, 23, 569220).
cost(21, 24, 199845).
cost(21, 25, 625067).
cost(21, 26, 398969).
cost(21, 27, 417362).
cost(22, 1, 270923).
cost(22, 2, 205955).
cost(22, 3, 334268).
cost(22, 4, 586011).
cost(22, 5, 417698).
cost(22, 6, 290112).
cost(22, 7, 760243).
cost(22, 8, 147982).
cost(22, 9, 279915).
cost(22, 10, 891149).
cost(22, 11, 235906).
cost(22, 12, 498968).
cost(22, 13, 18113).
cost(22, 14, 233262).
cost(22, 15, 760369).
cost(22, 16, 589012).
cost(22, 17, 138453).
cost(22, 18, 743077).
cost(22, 19, 410988).
cost(22, 20, 458902).
cost(22, 21, 309119).
cost(22, 23, 266554).
cost(22, 24, 393693).
cost(22, 25, 325731).
cost(22, 26, 578661).
cost(22, 27, 548095).
cost(23, 1, 437082).
cost(23, 2, 70631).
cost(23, 3, 360304).
cost(23, 4, 806582).
cost(23, 5, 499496).
cost(23, 6, 539426).
cost(23, 7, 758609).
cost(23, 8, 207088).
cost(23, 9, 531287).
cost(23, 10, 1114974).
cost(23, 11, 500906).
cost(23, 12, 765116).
cost(23, 13, 257097).
cost(23, 14, 376628).
cost(23, 15, 973903).
cost(23, 16, 721369).
cost(23, 17, 335301).
cost(23, 18, 917962).
cost(23, 19, 642239).
cost(23, 20, 688029).
cost(23, 21, 569220).
cost(23, 22, 266554).
cost(23, 24, 656246).
cost(23, 25, 197852).
cost(23, 26, 829968).
cost(23, 27, 787098).
cost(24, 1, 341112).
cost(24, 2, 599321).
cost(24, 3, 631617).
cost(24, 4, 475059).
cost(24, 5, 630039).
cost(24, 6, 138966).
cost(24, 7, 984831).
cost(24, 8, 478470).
cost(24, 9, 253722).
cost(24, 10, 706777).
cost(24, 11, 195686).
cost(24, 12, 125960).
cost(24, 13, 400333).
cost(24, 14, 475752).
cost(24, 15, 626194).
cost(24, 16, 672386).
cost(24, 17, 406611).
cost(24, 18, 706841).
cost(24, 19, 176334).
cost(24, 20, 373433).
cost(24, 21, 199845).
cost(24, 22, 393693).
cost(24, 23, 656246).
cost(24, 25, 652040).
cost(24, 26, 204968).
cost(24, 27, 217814).
cost(25, 1, 351212).
cost(25, 2, 236089).
cost(25, 3, 540918).
cost(25, 4, 911344).
cost(25, 5, 670496).
cost(25, 6, 516888).
cost(25, 7, 953033).
cost(25, 8, 184817).
cost(25, 9, 603221).
cost(25, 10, 1216880).
cost(25, 11, 544994).
cost(25, 12, 774170).
cost(25, 13, 308714).
cost(25, 14, 517547).
cost(25, 15, 1085216).
cost(25, 16, 879000).
cost(25, 17, 446145).
cost(25, 18, 1056407).
cost(25, 19, 585118).
cost(25, 20, 784602).
cost(25, 21, 625067).
cost(25, 22, 325731).
cost(25, 23, 197852).
cost(25, 24, 652040).
cost(25, 26, 790306).
cost(25, 27, 730000).
cost(26, 1, 444114).
cost(26, 2, 779698).
cost(26, 3, 836188).
cost(26, 4, 620522).
cost(26, 5, 833051).
cost(26, 6, 290880).
cost(26, 7, 1184887).
cost(26, 8, 635374).
cost(26, 9, 455425).
cost(26, 10, 790781).
cost(26, 11, 400328).
cost(26, 12, 199236).
cost(26, 13, 581977).
cost(26, 14, 680623).
cost(26, 15, 744023).
cost(26, 16, 857122).
cost(26, 17, 608837).
cost(26, 18, 857511).
cost(26, 19, 208414).
cost(26, 20, 543199).
cost(26, 21, 398969).
cost(26, 22, 578661).
cost(26, 23, 829968).
cost(26, 24, 204968).
cost(26, 25, 790306).
cost(26, 27, 88166).
cost(27, 1, 379378).
cost(27, 2, 742035).
cost(27, 3, 830352).
cost(27, 4, 673733).
cost(27, 5, 842534).
cost(27, 6, 258991).
cost(27, 7, 1199924).
cost(27, 8, 586049).
cost(27, 9, 469730).
cost(27, 10, 864570).
cost(27, 11, 400858).
cost(27, 12, 257638).
cost(27, 13, 548787).
cost(27, 14, 678347).
cost(27, 15, 808210).
cost(27, 16, 889469).
cost(27, 17, 597743).
cost(27, 18, 909870).
cost(27, 19, 146289).
cost(27, 20, 584274).
cost(27, 21, 417362).
cost(27, 22, 548095).
cost(27, 23, 787098).
cost(27, 24, 217814).
cost(27, 25, 730000).
cost(27, 26, 88166).
