dimension(22).
point(1, -197888.0, 256674.0).
point(2, 257596.0, 104740.0).
point(3, -170860.0, 49662.0).
point(4, 686163.0, -48120.0).
point(5, -68233.0, 62459.0).
point(6, -74982.0, 255805.0).
point(7, 25470.0, 146060.0).
point(8, 144571.0, -58614.0).
point(9, 79526.0, 237206.0).
point(10, 25019.0, 240673.0).
point(11, -121270.0, -409557.0).
point(12, 171427.0, -319555.0).
point(13, -158013.0, -109965.0).
point(14, 174677.0, 249373.0).
point(15, -196889.0, -10577.0).
point(16, -13506.0, 109225.0).
point(17, 39647.0, 308577.0).
point(18, 92189.0, -461207.0).
point(19, 285927.0, -16255.0).
point(20, -34139.0, -9131.0).
point(21, 73788.0, -3675.0).
point(22, -35034.0, -14705.0).
cost(1, 2, 480156).
cost(1, 3, 208769).
cost(1, 4, 935118).
cost(1, 5, 233516).
cost(1, 6, 122909).
cost(1, 7, 249247).
cost(1, 8, 465494).
cost(1, 9, 278096).
cost(1, 10, 223481).
cost(1, 11, 670622).
cost(1, 12, 684422).
cost(1, 13, 368801).
cost(1, 14, 372637).
cost(1, 15, 267253).
cost(1, 16, 236089).
cost(1, 17, 243139).
cost(1, 18, 774272).
cost(1, 19, 555488).
cost(1, 20, 312196).
cost(1, 21, 376284).
cost(1, 22, 316493).
cost(2, 1, 480156).
cost(2, 3, 431982).
cost(2, 4, 455012).
cost(2, 5, 328561).
cost(2, 6, 365279).
cost(2, 7, 235775).
cost(2, 8, 198643).
cost(2, 9, 221937).
cost(2, 10, 269388).
cost(2, 11, 638781).
cost(2, 12, 432957).
cost(2, 13, 467792).
cost(2, 14, 166716).
cost(2, 15, 468887).
cost(2, 16, 271139).
cost(2, 17, 298415).
cost(2, 18, 589623).
cost(2, 19, 124268).
cost(2, 20, 313171).
cost(2, 21, 213399).
cost(2, 22, 316069).
cost(3, 1, 208769).
cost(3, 2, 431982).
cost(3, 4, 862583).
cost(3, 5, 103422).
cost(3, 6, 227349).
cost(3, 7, 218719).
cost(3, 8, 333497).
cost(3, 9, 312835).
cost(3, 10, 273594).
cost(3, 11, 461889).
cost(3, 12, 503470).
cost(3, 13, 160143).
cost(3, 14, 399099).
cost(3, 15, 65622).
cost(3, 16, 168250).
cost(3, 17, 333692).
cost(3, 18, 574615).
cost(3, 19, 461519).
cost(3, 20, 148826).
cost(3, 21, 250395).
cost(3, 22, 150306).
cost(4, 1, 935118).
cost(4, 2, 455012).
cost(4, 3, 862583).
cost(4, 5, 762457).
cost(4, 6, 819580).
cost(4, 7, 688637).
cost(4, 8, 541694).
cost(4, 9, 670387).
cost(4, 10, 721466).
cost(4, 11, 884638).
cost(4, 12, 581919).
cost(4, 13, 846438).
cost(4, 14, 591709).
cost(4, 15, 883850).
cost(4, 16, 717143).
cost(4, 17, 738387).
cost(4, 18, 723496).
cost(4, 19, 401502).
cost(4, 20, 721356).
cost(4, 21, 613986).
cost(4, 22, 721971).
cost(5, 1, 233516).
cost(5, 2, 328561).
cost(5, 3, 103422).
cost(5, 4, 762457).
cost(5, 6, 193464).
cost(5, 7, 125576).
cost(5, 8, 244835).
cost(5, 9, 228843).
cost(5, 10, 201137).
cost(5, 11, 474986).
cost(5, 12, 450967).
cost(5, 13, 194398).
cost(5, 14, 306500).
cost(5, 15, 147941).
cost(5, 16, 71987).
cost(5, 17, 268723).
cost(5, 18, 547687).
cost(5, 19, 362802).
cost(5, 20, 79294).
cost(5, 21, 156664).
cost(5, 22, 84003).
cost(6, 1, 122909).
cost(6, 2, 365279).
cost(6, 3, 227349).
cost(6, 4, 819580).
cost(6, 5, 193464).
cost(6, 7, 148777).
cost(6, 8, 383488).
cost(6, 9, 155623).
cost(6, 10, 101139).
cost(6, 11, 666970).
cost(6, 12, 625905).
cost(6, 13, 375076).
cost(6, 14, 249742).
cost(6, 15, 292952).
cost(6, 16, 158950).
cost(6, 17, 126193).
cost(6, 18, 736242).
cost(6, 19, 451965).
cost(6, 20, 268066).
cost(6, 21, 299103).
cost(6, 22, 273444).
cost(7, 1, 249247).
cost(7, 2, 235775).
cost(7, 3, 218719).
cost(7, 4, 688637).
cost(7, 5, 125576).
cost(7, 6, 148777).
cost(7, 8, 236805).
cost(7, 9, 105970).
cost(7, 10, 94614).
cost(7, 11, 574668).
cost(7, 12, 487956).
cost(7, 13, 314984).
cost(7, 14, 181484).
cost(7, 15, 271990).
cost(7, 16, 53628).
cost(7, 17, 163134).
cost(7, 18, 610921).
cost(7, 19, 306894).
cost(7, 20, 166245).
cost(7, 21, 157338).
cost(7, 22, 171773).
cost(8, 1, 465494).
cost(8, 2, 198643).
cost(8, 3, 333497).
cost(8, 4, 541694).
cost(8, 5, 244835).
cost(8, 6, 383488).
cost(8, 7, 236805).
cost(8, 9, 302887).
cost(8, 10, 322282).
cost(8, 11, 440264).
cost(8, 12, 262319).
cost(8, 13, 306910).
cost(8, 14, 309455).
cost(8, 15, 344822).
cost(8, 16, 230561).
cost(8, 17, 381888).
cost(8, 18, 405986).
cost(8, 19, 147566).
cost(8, 20, 185434).
cost(8, 21, 89602).
cost(8, 22, 184894).
cost(9, 1, 278096).
cost(9, 2, 221937).
cost(9, 3, 312835).
cost(9, 4, 670387).
cost(9, 5, 228843).
cost(9, 6, 155623).
cost(9, 7, 105970).
cost(9, 8, 302887).
cost(9, 10, 54617).
cost(9, 11, 677216).
cost(9, 12, 564295).
cost(9, 13, 420657).
cost(9, 14, 95926).
cost(9, 15, 371216).
cost(9, 16, 158222).
cost(9, 17, 81757).
cost(9, 18, 698528).
cost(9, 19, 326870).
cost(9, 20, 271296).
cost(9, 21, 240949).
cost(9, 22, 276737).
cost(10, 1, 223481).
cost(10, 2, 269388).
cost(10, 3, 273594).
cost(10, 4, 721466).
cost(10, 5, 201137).
cost(10, 6, 101139).
cost(10, 7, 94614).
cost(10, 8, 322282).
cost(10, 9, 54617).
cost(10, 11, 666483).
cost(10, 12, 579043).
cost(10, 13, 395535).
cost(10, 14, 149911).
cost(10, 15, 335216).
cost(10, 16, 136977).
cost(10, 17, 69462).
cost(10, 18, 705087).
cost(10, 19, 366176).
cost(10, 20, 256713).
cost(10, 21, 249167).
cost(10, 22, 262344).
cost(11, 1, 670622).
cost(11, 2, 638781).
cost(11, 3, 461889).
cost(11, 4, 884638).
cost(11, 5, 474986).
cost(11, 6, 666970).
cost(11, 7, 574668).
cost(11, 8, 440264).
cost(11, 9, 677216).
cost(11, 10, 666483).
cost(11, 12, 306222).
cost(11, 13, 301837).
cost(11, 14, 722339).
cost(11, 15, 406083).
cost(11, 16, 529856).
cost(11, 17, 735942).
cost(11, 18, 219619).
cost(11, 19, 566124).
cost(11, 20, 409796).
cost(11, 21, 450320).
cost(11, 22, 404159).
cost(12, 1, 684422).
cost(12, 2, 432957).
cost(12, 3, 503470).
cost(12, 4, 581919).
cost(12, 5, 450967).
cost(12, 6, 625905).
cost(12, 7, 487956).
cost(12, 8, 262319).
cost(12, 9, 564295).
cost(12, 10, 579043).
cost(12, 11, 306222).
cost(12, 13, 390460).
cost(12, 14, 568937).
cost(12, 15, 480754).
cost(12, 16, 466961).
cost(12, 17, 641807).
cost(12, 18, 162308).
cost(12, 19, 324193).
cost(12, 20, 372318).
cost(12, 21, 330626).
cost(12, 22, 368184).
cost(13, 1, 368801).
cost(13, 2, 467792).
cost(13, 3, 160143).
cost(13, 4, 846438).
cost(13, 5, 194398).
cost(13, 6, 375076).
cost(13, 7, 314984).
cost(13, 8, 306910).
cost(13, 9, 420657).
cost(13, 10, 395535).
cost(13, 11, 301837).
cost(13, 12, 390460).
cost(13, 14, 489700).
cost(13, 15, 106721).
cost(13, 16, 262539).
cost(13, 17, 462868).
cost(13, 18, 431245).
cost(13, 19, 453723).
cost(13, 20, 159726).
cost(13, 21, 255008).
cost(13, 22, 155558).
cost(14, 1, 372637).
cost(14, 2, 166716).
cost(14, 3, 399099).
cost(14, 4, 591709).
cost(14, 5, 306500).
cost(14, 6, 249742).
cost(14, 7, 181484).
cost(14, 8, 309455).
cost(14, 9, 95926).
cost(14, 10, 149911).
cost(14, 11, 722339).
cost(14, 12, 568937).
cost(14, 13, 489700).
cost(14, 15, 453470).
cost(14, 16, 234637).
cost(14, 17, 147439).
cost(14, 18, 715352).
cost(14, 19, 287984).
cost(14, 20, 332308).
cost(14, 21, 272419).
cost(14, 22, 337218).
cost(15, 1, 267253).
cost(15, 2, 468887).
cost(15, 3, 65622).
cost(15, 4, 883850).
cost(15, 5, 147941).
cost(15, 6, 292952).
cost(15, 7, 271990).
cost(15, 8, 344822).
cost(15, 9, 371216).
cost(15, 10, 335216).
cost(15, 11, 406083).
cost(15, 12, 480754).
cost(15, 13, 106721).
cost(15, 14, 453470).
cost(15, 16, 219048).
cost(15, 17, 397251).
cost(15, 18, 535382).
cost(15, 19, 482849).
cost(15, 20, 162756).
cost(15, 21, 270765).
cost(15, 22, 161908).
cost(16, 1, 236089).
cost(16, 2, 271139).
cost(16, 3, 168250).
cost(16, 4, 717143).
cost(16, 5, 71987).
cost(16, 6, 158950).
cost(16, 7, 53628).
cost(16, 8, 230561).
cost(16, 9, 158222).
cost(16, 10, 136977).
cost(16, 11, 529856).
cost(16, 12, 466961).
cost(16, 13, 262539).
cost(16, 14, 234637).
cost(16, 15, 219048).
cost(16, 17, 206316).
cost(16, 18, 580141).
cost(16, 19, 324662).
cost(16, 20, 120141).
cost(16, 21, 142712).
cost(16, 22, 125786).
cost(17, 1, 243139).
cost(17, 2, 298415).
cost(17, 3, 333692).
cost(17, 4, 738387).
cost(17, 5, 268723).
cost(17, 6, 126193).
cost(17, 7, 163134).
cost(17, 8, 381888).
cost(17, 9, 81757).
cost(17, 10, 69462).
cost(17, 11, 735942).
cost(17, 12, 641807).
cost(17, 13, 462868).
cost(17, 14, 147439).
cost(17, 15, 397251).
cost(17, 16, 206316).
cost(17, 18, 771575).
cost(17, 19, 407639).
cost(17, 20, 326164).
cost(17, 21, 314113).
cost(17, 22, 331796).
cost(18, 1, 774272).
cost(18, 2, 589623).
cost(18, 3, 574615).
cost(18, 4, 723496).
cost(18, 5, 547687).
cost(18, 6, 736242).
cost(18, 7, 610921).
cost(18, 8, 405986).
cost(18, 9, 698528).
cost(18, 10, 705087).
cost(18, 11, 219619).
cost(18, 12, 162308).
cost(18, 13, 431245).
cost(18, 14, 715352).
cost(18, 15, 535382).
cost(18, 16, 580141).
cost(18, 17, 771575).
cost(18, 19, 485301).
cost(18, 20, 469395).
cost(18, 21, 457902).
cost(18, 22, 464273).
cost(19, 1, 555488).
cost(19, 2, 124268).
cost(19, 3, 461519).
cost(19, 4, 401502).
cost(19, 5, 362802).
cost(19, 6, 451965).
cost(19, 7, 306894).
cost(19, 8, 147566).
cost(19, 9, 326870).
cost(19, 10, 366176).
cost(19, 11, 566124).
cost(19, 12, 324193).
cost(19, 13, 453723).
cost(19, 14, 287984).
cost(19, 15, 482849).
cost(19, 16, 324662).
cost(19, 17, 407639).
cost(19, 18, 485301).
cost(19, 20, 320145).
cost(19, 21, 212512).
cost(19, 22, 320965).
cost(20, 1, 312196).
cost(20, 2, 313171).
cost(20, 3, 148826).
cost(20, 4, 721356).
cost(20, 5, 79294).
cost(20, 6, 268066).
cost(20, 7, 166245).
cost(20, 8, 185434).
cost(20, 9, 271296).
cost(20, 10, 256713).
cost(20, 11, 409796).
cost(20, 12, 372318).
cost(20, 13, 159726).
cost(20, 14, 332308).
cost(20, 15, 162756).
cost(20, 16, 120141).
cost(20, 17, 326164).
cost(20, 18, 469395).
cost(20, 19, 320145).
cost(20, 21, 108065).
cost(20, 22, 5645).
cost(21, 1, 376284).
cost(21, 2, 213399).
cost(21, 3, 250395).
cost(21, 4, 613986).
cost(21, 5, 156664).
cost(21, 6, 299103).
cost(21, 7, 157338).
cost(21, 8, 89602).
cost(21, 9, 240949).
cost(21, 10, 249167).
cost(21, 11, 450320).
cost(21, 12, 330626).
cost(21, 13, 255008).
cost(21, 14, 272419).
cost(21, 15, 270765).
cost(21, 16, 142712).
cost(21, 17, 314113).
cost(21, 18, 457902).
cost(21, 19, 212512).
cost(21, 20, 108065).
cost(21, 22, 109380).
cost(22, 1, 316493).
cost(22, 2, 316069).
cost(22, 3, 150306).
cost(22, 4, 721971).
cost(22, 5, 84003).
cost(22, 6, 273444).
cost(22, 7, 171773).
cost(22, 8, 184894).
cost(22, 9, 276737).
cost(22, 10, 262344).
cost(22, 11, 404159).
cost(22, 12, 368184).
cost(22, 13, 155558).
cost(22, 14, 337218).
cost(22, 15, 161908).
cost(22, 16, 125786).
cost(22, 17, 331796).
cost(22, 18, 464273).
cost(22, 19, 320965).
cost(22, 20, 5645).
cost(22, 21, 109380).
nocross(1,3).
nocross(1,15).
nocross(2,4).
nocross(2,8).
nocross(2,19).
nocross(2,20).
nocross(2,21).
nocross(2,22).
nocross(3,5).
nocross(3,7).
nocross(3,13).
nocross(3,15).
nocross(3,20).
nocross(3,22).
nocross(4,2).
nocross(4,8).
nocross(4,19).
nocross(5,3).
nocross(5,15).
nocross(5,20).
nocross(5,21).
nocross(6,3).
nocross(6,7).
nocross(6,10).
nocross(6,16).
nocross(6,17).
nocross(6,20).
nocross(7,3).
nocross(7,9).
nocross(7,20).
nocross(8,4).
nocross(8,9).
nocross(8,12).
nocross(8,13).
nocross(8,16).
nocross(8,19).
nocross(8,20).
nocross(8,21).
nocross(8,22).
nocross(9,3).
nocross(9,6).
nocross(9,7).
nocross(9,10).
nocross(9,17).
nocross(10,3).
nocross(10,7).
nocross(10,9).
nocross(10,16).
nocross(10,17).
nocross(11,7).
nocross(11,12).
nocross(11,13).
nocross(11,21).
nocross(11,22).
nocross(12,4).
nocross(12,8).
nocross(12,11).
nocross(12,13).
nocross(12,15).
nocross(12,18).
nocross(12,19).
nocross(12,20).
nocross(12,21).
nocross(12,22).
nocross(13,3).
nocross(13,5).
nocross(13,11).
nocross(13,12).
nocross(13,15).
nocross(13,16).
nocross(13,20).
nocross(13,22).
nocross(14,6).
nocross(14,9).
nocross(14,17).
nocross(14,20).
nocross(14,21).
nocross(15,3).
nocross(15,7).
nocross(15,13).
nocross(15,20).
nocross(15,22).
nocross(16,3).
nocross(16,7).
nocross(16,20).
nocross(16,21).
nocross(17,3).
nocross(17,6).
nocross(17,7).
nocross(17,9).
nocross(17,10).
nocross(17,14).
nocross(17,16).
nocross(18,4).
nocross(18,8).
nocross(18,12).
nocross(18,13).
nocross(18,15).
nocross(18,21).
nocross(19,7).
nocross(19,8).
nocross(19,12).
nocross(19,20).
nocross(19,22).
nocross(20,3).
nocross(20,5).
nocross(20,7).
nocross(20,13).
nocross(20,15).
nocross(20,16).
nocross(20,21).
nocross(20,22).
nocross(21,5).
nocross(21,7).
nocross(21,8).
nocross(21,9).
nocross(21,16).
nocross(21,20).
nocross(21,22).
nocross(22,3).
nocross(22,7).
nocross(22,8).
nocross(22,11).
nocross(22,12).
nocross(22,13).
nocross(22,15).
nocross(22,16).
nocross(22,18).
nocross(22,20).
nocross(22,21).
