dimension(22).
point(1, 132875.0, -31038.0).
point(2, 55140.0, 48556.0).
point(3, -76540.0, 83310.0).
point(4, 222843.0, 12085.0).
point(5, 352050.0, 49330.0).
point(6, 254918.0, 285033.0).
point(7, 446438.0, -243003.0).
point(8, -112571.0, -31843.0).
point(9, 367415.0, -97133.0).
point(10, 76167.0, -155526.0).
point(11, 80386.0, 12262.0).
point(12, 83093.0, -3338.0).
point(13, -308019.0, -257531.0).
point(14, -147343.0, -85110.0).
point(15, -21904.0, -97221.0).
point(16, 7064.0, -242480.0).
point(17, -284173.0, -133892.0).
point(18, -175235.0, -51036.0).
point(19, -110486.0, 118903.0).
point(20, -188729.0, 44293.0).
point(21, 207402.0, 161533.0).
point(22, 169563.0, -144459.0).
cost(1, 2, 111256).
cost(1, 3, 238600).
cost(1, 4, 99769).
cost(1, 5, 233445).
cost(1, 6, 338815).
cost(1, 7, 378485).
cost(1, 8, 245447).
cost(1, 9, 243675).
cost(1, 10, 136796).
cost(1, 11, 68044).
cost(1, 12, 56970).
cost(1, 13, 495668).
cost(1, 14, 285387).
cost(1, 15, 168335).
cost(1, 16, 246041).
cost(1, 17, 429544).
cost(1, 18, 308758).
cost(1, 19, 285844).
cost(1, 20, 330309).
cost(1, 21, 206489).
cost(1, 22, 119207).
cost(2, 1, 111256).
cost(2, 3, 136189).
cost(2, 4, 171623).
cost(2, 5, 296911).
cost(2, 6, 309568).
cost(2, 7, 487976).
cost(2, 8, 185987).
cost(2, 9, 344588).
cost(2, 10, 205162).
cost(2, 11, 44211).
cost(2, 12, 58944).
cost(2, 13, 474946).
cost(2, 14, 242623).
cost(2, 15, 164884).
cost(2, 16, 294980).
cost(2, 17, 385254).
cost(2, 18, 250980).
cost(2, 19, 179946).
cost(2, 20, 243906).
cost(2, 21, 189598).
cost(2, 22, 224382).
cost(3, 1, 238600).
cost(3, 2, 136189).
cost(3, 4, 307739).
cost(3, 5, 429935).
cost(3, 6, 388016).
cost(3, 7, 616430).
cost(3, 8, 120658).
cost(3, 9, 479224).
cost(3, 10, 283482).
cost(3, 11, 172260).
cost(3, 12, 181633).
cost(3, 13, 412013).
cost(3, 14, 182697).
cost(3, 15, 188617).
cost(3, 16, 336346).
cost(3, 17, 300480).
cost(3, 18, 166702).
cost(3, 19, 49185).
cost(3, 20, 118780).
cost(3, 21, 294520).
cost(3, 22, 335329).
cost(4, 1, 99769).
cost(4, 2, 171623).
cost(4, 3, 307739).
cost(4, 5, 134468).
cost(4, 6, 274826).
cost(4, 7, 339212).
cost(4, 8, 338278).
cost(4, 9, 181189).
cost(4, 10, 222727).
cost(4, 11, 142457).
cost(4, 12, 140598).
cost(4, 13, 595405).
cost(4, 14, 382733).
cost(4, 15, 268046).
cost(4, 16, 333712).
cost(4, 17, 527612).
cost(4, 18, 403051).
cost(4, 19, 350026).
cost(4, 20, 412830).
cost(4, 21, 150244).
cost(4, 22, 165363).
cost(5, 1, 233445).
cost(5, 2, 296911).
cost(5, 3, 429935).
cost(5, 4, 134468).
cost(5, 6, 254932).
cost(5, 7, 307193).
cost(5, 8, 471658).
cost(5, 9, 147267).
cost(5, 10, 343624).
cost(5, 11, 274181).
cost(5, 12, 274065).
cost(5, 13, 727911).
cost(5, 14, 517173).
cost(5, 15, 401645).
cost(5, 16, 451850).
cost(5, 17, 662080).
cost(5, 18, 536752).
cost(5, 19, 467739).
cost(5, 20, 540802).
cost(5, 21, 183064).
cost(5, 22, 266187).
cost(6, 1, 338815).
cost(6, 2, 309568).
cost(6, 3, 388016).
cost(6, 4, 274826).
cost(6, 5, 254932).
cost(6, 7, 561696).
cost(6, 8, 485241).
cost(6, 9, 398380).
cost(6, 10, 475441).
cost(6, 11, 323829).
cost(6, 12, 335681).
cost(6, 13, 781840).
cost(6, 14, 546644).
cost(6, 15, 471962).
cost(6, 16, 582839).
cost(6, 17, 682728).
cost(6, 18, 545870).
cost(6, 19, 401397).
cost(6, 20, 504756).
cost(6, 21, 132325).
cost(6, 22, 437891).
cost(7, 1, 378485).
cost(7, 2, 487976).
cost(7, 3, 616430).
cost(7, 4, 339212).
cost(7, 5, 307193).
cost(7, 6, 561696).
cost(7, 8, 597561).
cost(7, 9, 165900).
cost(7, 10, 380464).
cost(7, 11, 446267).
cost(7, 12, 435269).
cost(7, 13, 754597).
cost(7, 14, 614415).
cost(7, 15, 490506).
cost(7, 16, 439374).
cost(7, 17, 738714).
cost(7, 18, 650637).
cost(7, 19, 664184).
cost(7, 20, 697120).
cost(7, 21, 469880).
cost(7, 22, 293889).
cost(8, 1, 245447).
cost(8, 2, 185987).
cost(8, 3, 120658).
cost(8, 4, 338278).
cost(8, 5, 471658).
cost(8, 6, 485241).
cost(8, 7, 597561).
cost(8, 9, 484406).
cost(8, 10, 225654).
cost(8, 11, 197933).
cost(8, 12, 197729).
cost(8, 13, 298555).
cost(8, 14, 63612).
cost(8, 15, 111780).
cost(8, 16, 242241).
cost(8, 17, 199653).
cost(8, 18, 65537).
cost(8, 19, 150760).
cost(8, 20, 107688).
cost(8, 21, 373868).
cost(8, 22, 303779).
cost(9, 1, 243675).
cost(9, 2, 344588).
cost(9, 3, 479224).
cost(9, 4, 181189).
cost(9, 5, 147267).
cost(9, 6, 398380).
cost(9, 7, 165900).
cost(9, 8, 484406).
cost(9, 10, 297044).
cost(9, 11, 307169).
cost(9, 12, 299394).
cost(9, 13, 694218).
cost(9, 14, 514898).
cost(9, 15, 389319).
cost(9, 16, 388560).
cost(9, 17, 652624).
cost(9, 18, 544604).
cost(9, 19, 524463).
cost(9, 20, 573844).
cost(9, 21, 304158).
cost(9, 22, 203433).
cost(10, 1, 136796).
cost(10, 2, 205162).
cost(10, 3, 283482).
cost(10, 4, 222727).
cost(10, 5, 343624).
cost(10, 6, 475441).
cost(10, 7, 380464).
cost(10, 8, 225654).
cost(10, 9, 297044).
cost(10, 11, 167841).
cost(10, 12, 152346).
cost(10, 13, 397497).
cost(10, 14, 234340).
cost(10, 15, 114094).
cost(10, 16, 111069).
cost(10, 17, 360989).
cost(10, 18, 272252).
cost(10, 19, 331889).
cost(10, 20, 331809).
cost(10, 21, 343146).
cost(10, 22, 94049).
cost(11, 1, 68044).
cost(11, 2, 44211).
cost(11, 3, 172260).
cost(11, 4, 142457).
cost(11, 5, 274181).
cost(11, 6, 323829).
cost(11, 7, 446267).
cost(11, 8, 197933).
cost(11, 9, 307169).
cost(11, 10, 167841).
cost(11, 12, 15833).
cost(11, 13, 472913).
cost(11, 14, 247673).
cost(11, 15, 149832).
cost(11, 16, 265084).
cost(11, 17, 392765).
cost(11, 18, 263341).
cost(11, 19, 218642).
cost(11, 20, 271015).
cost(11, 21, 195997).
cost(11, 22, 180316).
cost(12, 1, 56970).
cost(12, 2, 58944).
cost(12, 3, 181633).
cost(12, 4, 140598).
cost(12, 5, 274065).
cost(12, 6, 335681).
cost(12, 7, 435269).
cost(12, 8, 197729).
cost(12, 9, 299394).
cost(12, 10, 152346).
cost(12, 11, 15833).
cost(12, 13, 466458).
cost(12, 14, 244515).
cost(12, 15, 140849).
cost(12, 16, 250937).
cost(12, 17, 389780).
cost(12, 18, 262695).
cost(12, 19, 228945).
cost(12, 20, 275964).
cost(12, 21, 206483).
cost(12, 22, 165506).
cost(13, 1, 495668).
cost(13, 2, 474946).
cost(13, 3, 412013).
cost(13, 4, 595405).
cost(13, 5, 727911).
cost(13, 6, 781840).
cost(13, 7, 754597).
cost(13, 8, 298555).
cost(13, 9, 694218).
cost(13, 10, 397497).
cost(13, 11, 472913).
cost(13, 12, 466458).
cost(13, 14, 235682).
cost(13, 15, 327965).
cost(13, 16, 315442).
cost(13, 17, 125918).
cost(13, 18, 245503).
cost(13, 19, 425114).
cost(13, 20, 324542).
cost(13, 21, 664284).
cost(13, 22, 490785).
cost(14, 1, 285387).
cost(14, 2, 242623).
cost(14, 3, 182697).
cost(14, 4, 382733).
cost(14, 5, 517173).
cost(14, 6, 546644).
cost(14, 7, 614415).
cost(14, 8, 63612).
cost(14, 9, 514898).
cost(14, 10, 234340).
cost(14, 11, 247673).
cost(14, 12, 244515).
cost(14, 13, 235682).
cost(14, 15, 126022).
cost(14, 16, 220470).
cost(14, 17, 145266).
cost(14, 18, 44034).
cost(14, 19, 207316).
cost(14, 20, 135860).
cost(14, 21, 432061).
cost(14, 22, 322415).
cost(15, 1, 168335).
cost(15, 2, 164884).
cost(15, 3, 188617).
cost(15, 4, 268046).
cost(15, 5, 401645).
cost(15, 6, 471962).
cost(15, 7, 490506).
cost(15, 8, 111780).
cost(15, 9, 389319).
cost(15, 10, 114094).
cost(15, 11, 149832).
cost(15, 12, 140849).
cost(15, 13, 327965).
cost(15, 14, 126022).
cost(15, 16, 148119).
cost(15, 17, 264820).
cost(15, 18, 160136).
cost(15, 19, 233573).
cost(15, 20, 218762).
cost(15, 21, 345738).
cost(15, 22, 197208).
cost(16, 1, 246041).
cost(16, 2, 294980).
cost(16, 3, 336346).
cost(16, 4, 333712).
cost(16, 5, 451850).
cost(16, 6, 582839).
cost(16, 7, 439374).
cost(16, 8, 242241).
cost(16, 9, 388560).
cost(16, 10, 111069).
cost(16, 11, 265084).
cost(16, 12, 250937).
cost(16, 13, 315442).
cost(16, 14, 220470).
cost(16, 15, 148119).
cost(16, 17, 310822).
cost(16, 18, 264355).
cost(16, 19, 380021).
cost(16, 20, 347237).
cost(16, 21, 450957).
cost(16, 22, 189774).
cost(17, 1, 429544).
cost(17, 2, 385254).
cost(17, 3, 300480).
cost(17, 4, 527612).
cost(17, 5, 662080).
cost(17, 6, 682728).
cost(17, 7, 738714).
cost(17, 8, 199653).
cost(17, 9, 652624).
cost(17, 10, 360989).
cost(17, 11, 392765).
cost(17, 12, 389780).
cost(17, 13, 125918).
cost(17, 14, 145266).
cost(17, 15, 264820).
cost(17, 16, 310822).
cost(17, 18, 136867).
cost(17, 19, 306712).
cost(17, 20, 202137).
cost(17, 21, 573517).
cost(17, 22, 453859).
cost(18, 1, 308758).
cost(18, 2, 250980).
cost(18, 3, 166702).
cost(18, 4, 403051).
cost(18, 5, 536752).
cost(18, 6, 545870).
cost(18, 7, 650637).
cost(18, 8, 65537).
cost(18, 9, 544604).
cost(18, 10, 272252).
cost(18, 11, 263341).
cost(18, 12, 262695).
cost(18, 13, 245503).
cost(18, 14, 44034).
cost(18, 15, 160136).
cost(18, 16, 264355).
cost(18, 17, 136867).
cost(18, 19, 181856).
cost(18, 20, 96279).
cost(18, 21, 437718).
cost(18, 22, 357230).
cost(19, 1, 285844).
cost(19, 2, 179946).
cost(19, 3, 49185).
cost(19, 4, 350026).
cost(19, 5, 467739).
cost(19, 6, 401397).
cost(19, 7, 664184).
cost(19, 8, 150760).
cost(19, 9, 524463).
cost(19, 10, 331889).
cost(19, 11, 218642).
cost(19, 12, 228945).
cost(19, 13, 425114).
cost(19, 14, 207316).
cost(19, 15, 233573).
cost(19, 16, 380021).
cost(19, 17, 306712).
cost(19, 18, 181856).
cost(19, 20, 108114).
cost(19, 21, 320734).
cost(19, 22, 384431).
cost(20, 1, 330309).
cost(20, 2, 243906).
cost(20, 3, 118780).
cost(20, 4, 412830).
cost(20, 5, 540802).
cost(20, 6, 504756).
cost(20, 7, 697120).
cost(20, 8, 107688).
cost(20, 9, 573844).
cost(20, 10, 331809).
cost(20, 11, 271015).
cost(20, 12, 275964).
cost(20, 13, 324542).
cost(20, 14, 135860).
cost(20, 15, 218762).
cost(20, 16, 347237).
cost(20, 17, 202137).
cost(20, 18, 96279).
cost(20, 19, 108114).
cost(20, 21, 413116).
cost(20, 22, 404970).
cost(21, 1, 206489).
cost(21, 2, 189598).
cost(21, 3, 294520).
cost(21, 4, 150244).
cost(21, 5, 183064).
cost(21, 6, 132325).
cost(21, 7, 469880).
cost(21, 8, 373868).
cost(21, 9, 304158).
cost(21, 10, 343146).
cost(21, 11, 195997).
cost(21, 12, 206483).
cost(21, 13, 664284).
cost(21, 14, 432061).
cost(21, 15, 345738).
cost(21, 16, 450957).
cost(21, 17, 573517).
cost(21, 18, 437718).
cost(21, 19, 320734).
cost(21, 20, 413116).
cost(21, 22, 308323).
cost(22, 1, 119207).
cost(22, 2, 224382).
cost(22, 3, 335329).
cost(22, 4, 165363).
cost(22, 5, 266187).
cost(22, 6, 437891).
cost(22, 7, 293889).
cost(22, 8, 303779).
cost(22, 9, 203433).
cost(22, 10, 94049).
cost(22, 11, 180316).
cost(22, 12, 165506).
cost(22, 13, 490785).
cost(22, 14, 322415).
cost(22, 15, 197208).
cost(22, 16, 189774).
cost(22, 17, 453859).
cost(22, 18, 357230).
cost(22, 19, 384431).
cost(22, 20, 404970).
cost(22, 21, 308323).
nocross(1,4).
nocross(1,9).
nocross(1,10).
nocross(1,11).
nocross(1,12).
nocross(2,1).
nocross(2,11).
nocross(2,12).
nocross(2,19).
nocross(3,2).
nocross(3,6).
nocross(3,11).
nocross(3,12).
nocross(3,18).
nocross(3,19).
nocross(4,1).
nocross(4,2).
nocross(4,9).
nocross(4,11).
nocross(4,12).
nocross(4,21).
nocross(4,22).
nocross(5,1).
nocross(5,4).
nocross(5,6).
nocross(5,9).
nocross(5,11).
nocross(5,21).
nocross(5,22).
nocross(6,1).
nocross(6,2).
nocross(6,11).
nocross(7,5).
nocross(7,9).
nocross(7,22).
nocross(8,1).
nocross(8,2).
nocross(8,11).
nocross(8,12).
nocross(8,14).
nocross(8,18).
nocross(8,19).
nocross(9,1).
nocross(9,2).
nocross(9,4).
nocross(9,5).
nocross(9,7).
nocross(9,11).
nocross(9,12).
nocross(9,22).
nocross(10,1).
nocross(10,2).
nocross(10,11).
nocross(10,12).
nocross(10,16).
nocross(10,19).
nocross(11,1).
nocross(11,2).
nocross(11,4).
nocross(11,12).
nocross(11,21).
nocross(12,1).
nocross(12,10).
nocross(12,11).
nocross(13,16).
nocross(13,18).
nocross(14,2).
nocross(14,11).
nocross(14,12).
nocross(14,16).
nocross(14,18).
nocross(14,19).
nocross(15,1).
nocross(15,2).
nocross(15,3).
nocross(15,11).
nocross(15,12).
nocross(15,16).
nocross(15,19).
nocross(15,22).
nocross(16,12).
nocross(16,15).
nocross(16,22).
nocross(17,13).
nocross(17,14).
nocross(17,16).
nocross(17,18).
nocross(17,19).
nocross(18,3).
nocross(18,8).
nocross(18,11).
nocross(18,12).
nocross(18,14).
nocross(18,16).
nocross(18,19).
nocross(19,2).
nocross(19,11).
nocross(19,18).
nocross(20,2).
nocross(20,3).
nocross(20,11).
nocross(20,12).
nocross(20,18).
nocross(20,19).
nocross(21,1).
nocross(21,2).
nocross(21,4).
nocross(21,6).
nocross(21,9).
nocross(21,11).
nocross(22,1).
nocross(22,4).
nocross(22,7).
nocross(22,9).
nocross(22,10).
nocross(22,11).
nocross(22,12).
nocross(22,16).
