dimension(22).
point(1, -93124.0, 125390.0).
point(2, -250158.0, -14322.0).
point(3, -74024.0, -205652.0).
point(4, 42582.0, 93830.0).
point(5, -349816.0, -273054.0).
point(6, 93754.0, -213111.0).
point(7, 251412.0, -209896.0).
point(8, -168359.0, 210683.0).
point(9, -35127.0, 50124.0).
point(10, -415995.0, -157429.0).
point(11, -174929.0, -236376.0).
point(12, -171210.0, -72311.0).
point(13, 16398.0, -502378.0).
point(14, -135885.0, 122804.0).
point(15, -38496.0, 59117.0).
point(16, -314710.0, 248876.0).
point(17, 515882.0, 162461.0).
point(18, -55474.0, 269312.0).
point(19, -8989.0, 268201.0).
point(20, 202093.0, 123854.0).
point(21, 198530.0, -244538.0).
point(22, -270654.0, -162998.0).
cost(1, 2, 210188).
cost(1, 3, 331593).
cost(1, 4, 139327).
cost(1, 5, 473971).
cost(1, 6, 386660).
cost(1, 7, 480751).
cost(1, 8, 113733).
cost(1, 9, 95019).
cost(1, 10, 429223).
cost(1, 11, 370900).
cost(1, 12, 212563).
cost(1, 13, 637250).
cost(1, 14, 42839).
cost(1, 15, 85886).
cost(1, 16, 253671).
cost(1, 17, 610133).
cost(1, 18, 148765).
cost(1, 19, 165752).
cost(1, 20, 295221).
cost(1, 21, 471072).
cost(1, 22, 338651).
cost(2, 1, 210188).
cost(2, 3, 260058).
cost(2, 4, 312079).
cost(2, 5, 277262).
cost(2, 6, 397231).
cost(2, 7, 538351).
cost(2, 8, 239412).
cost(2, 9, 224481).
cost(2, 10, 219047).
cost(2, 11, 234451).
cost(2, 12, 97957).
cost(2, 13, 556103).
cost(2, 14, 178499).
cost(2, 15, 224040).
cost(2, 16, 270998).
cost(2, 17, 786174).
cost(2, 18, 344021).
cost(2, 19, 371459).
cost(2, 20, 472889).
cost(2, 21, 504302).
cost(2, 22, 150082).
cost(3, 1, 331593).
cost(3, 2, 260058).
cost(3, 4, 321382).
cost(3, 5, 283909).
cost(3, 6, 167944).
cost(3, 7, 325464).
cost(3, 8, 426889).
cost(3, 9, 258717).
cost(3, 10, 345354).
cost(3, 11, 105479).
cost(3, 12, 165000).
cost(3, 13, 310197).
cost(3, 14, 334231).
cost(3, 15, 267142).
cost(3, 16, 514320).
cost(3, 17, 695339).
cost(3, 18, 475326).
cost(3, 19, 478295).
cost(3, 20, 429901).
cost(3, 21, 275314).
cost(3, 22, 201203).
cost(4, 1, 139327).
cost(4, 2, 312079).
cost(4, 3, 321382).
cost(4, 5, 537196).
cost(4, 6, 311177).
cost(4, 7, 368591).
cost(4, 8, 241145).
cost(4, 9, 89157).
cost(4, 10, 522900).
cost(4, 11, 395407).
cost(4, 12, 270758).
cost(4, 13, 596783).
cost(4, 14, 180804).
cost(4, 15, 88197).
cost(4, 16, 389483).
cost(4, 17, 478250).
cost(4, 18, 201020).
cost(4, 19, 181837).
cost(4, 20, 162312).
cost(4, 21, 372576).
cost(4, 22, 405065).
cost(5, 1, 473971).
cost(5, 2, 277262).
cost(5, 3, 283909).
cost(5, 4, 537196).
cost(5, 6, 447602).
cost(5, 7, 604536).
cost(5, 8, 516651).
cost(5, 9, 451080).
cost(5, 10, 133225).
cost(5, 11, 178692).
cost(5, 12, 268697).
cost(5, 13, 432090).
cost(5, 14, 449967).
cost(5, 15, 455256).
cost(5, 16, 523109).
cost(5, 17, 969075).
cost(5, 18, 617088).
cost(5, 19, 639625).
cost(5, 20, 679808).
cost(5, 21, 549087).
cost(5, 22, 135569).
cost(6, 1, 386660).
cost(6, 2, 397231).
cost(6, 3, 167944).
cost(6, 4, 311177).
cost(6, 5, 447602).
cost(6, 7, 157691).
cost(6, 8, 498302).
cost(6, 9, 293092).
cost(6, 10, 512781).
cost(6, 11, 269688).
cost(6, 12, 300051).
cost(6, 13, 299432).
cost(6, 14, 406907).
cost(6, 15, 302652).
cost(6, 16, 616664).
cost(6, 17, 565019).
cost(6, 18, 504976).
cost(6, 19, 492156).
cost(6, 20, 353953).
cost(6, 21, 109388).
cost(6, 22, 367838).
cost(7, 1, 480751).
cost(7, 2, 538351).
cost(7, 3, 325464).
cost(7, 4, 368591).
cost(7, 5, 604536).
cost(7, 6, 157691).
cost(7, 8, 594217).
cost(7, 9, 386930).
cost(7, 10, 669466).
cost(7, 11, 427163).
cost(7, 12, 444454).
cost(7, 13, 375203).
cost(7, 14, 510576).
cost(7, 15, 395493).
cost(7, 16, 728674).
cost(7, 17, 456721).
cost(7, 18, 569051).
cost(7, 19, 544413).
cost(7, 20, 337374).
cost(7, 21, 63218).
cost(7, 22, 524168).
cost(8, 1, 113733).
cost(8, 2, 239412).
cost(8, 3, 426889).
cost(8, 4, 241145).
cost(8, 5, 516651).
cost(8, 6, 498302).
cost(8, 7, 594217).
cost(8, 9, 208638).
cost(8, 10, 443655).
cost(8, 11, 447107).
cost(8, 12, 283008).
cost(8, 13, 736608).
cost(8, 14, 93687).
cost(8, 15, 199591).
cost(8, 16, 151253).
cost(8, 17, 685938).
cost(8, 18, 127202).
cost(8, 19, 169432).
cost(8, 20, 380492).
cost(8, 21, 584665).
cost(8, 22, 387430).
cost(9, 1, 95019).
cost(9, 2, 224481).
cost(9, 3, 258717).
cost(9, 4, 89157).
cost(9, 5, 451080).
cost(9, 6, 293092).
cost(9, 7, 386930).
cost(9, 8, 208638).
cost(9, 10, 433750).
cost(9, 11, 318790).
cost(9, 12, 183054).
cost(9, 13, 554899).
cost(9, 14, 124236).
cost(9, 15, 9603).
cost(9, 16, 343029).
cost(9, 17, 562344).
cost(9, 18, 220130).
cost(9, 19, 219638).
cost(9, 20, 248414).
cost(9, 21, 376060).
cost(9, 22, 317638).
cost(10, 1, 429223).
cost(10, 2, 219047).
cost(10, 3, 345354).
cost(10, 4, 522900).
cost(10, 5, 133225).
cost(10, 6, 512781).
cost(10, 7, 669466).
cost(10, 8, 443655).
cost(10, 9, 433750).
cost(10, 11, 253664).
cost(10, 12, 259162).
cost(10, 13, 553131).
cost(10, 14, 396222).
cost(10, 15, 435198).
cost(10, 16, 418739).
cost(10, 17, 985253).
cost(10, 18, 558644).
cost(10, 19, 588910).
cost(10, 20, 679082).
cost(10, 21, 620668).
cost(10, 22, 145448).
cost(11, 1, 370900).
cost(11, 2, 234451).
cost(11, 3, 105479).
cost(11, 4, 395407).
cost(11, 5, 178692).
cost(11, 6, 269688).
cost(11, 7, 427163).
cost(11, 8, 447107).
cost(11, 9, 318790).
cost(11, 10, 253664).
cost(11, 12, 164107).
cost(11, 13, 327663).
cost(11, 14, 361296).
cost(11, 15, 325469).
cost(11, 16, 504983).
cost(11, 17, 797678).
cost(11, 18, 519605).
cost(11, 19, 531163).
cost(11, 20, 521451).
cost(11, 21, 373548).
cost(11, 22, 120613).
cost(12, 1, 212563).
cost(12, 2, 97957).
cost(12, 3, 165000).
cost(12, 4, 270758).
cost(12, 5, 268697).
cost(12, 6, 300051).
cost(12, 7, 444454).
cost(12, 8, 283008).
cost(12, 9, 183054).
cost(12, 10, 259162).
cost(12, 11, 164107).
cost(12, 13, 469206).
cost(12, 14, 198287).
cost(12, 15, 186779).
cost(12, 16, 351786).
cost(12, 17, 726095).
cost(12, 18, 360695).
cost(12, 19, 377179).
cost(12, 20, 421706).
cost(12, 21, 407885).
cost(12, 22, 134585).
cost(13, 1, 637250).
cost(13, 2, 556103).
cost(13, 3, 310197).
cost(13, 4, 596783).
cost(13, 5, 432090).
cost(13, 6, 299432).
cost(13, 7, 375203).
cost(13, 8, 736608).
cost(13, 9, 554899).
cost(13, 10, 553131).
cost(13, 11, 327663).
cost(13, 12, 469206).
cost(13, 14, 643461).
cost(13, 15, 564172).
cost(13, 16, 820984).
cost(13, 17, 831562).
cost(13, 18, 775030).
cost(13, 19, 770997).
cost(13, 20, 653184).
cost(13, 21, 315679).
cost(13, 22, 444497).
cost(14, 1, 42839).
cost(14, 2, 178499).
cost(14, 3, 334231).
cost(14, 4, 180804).
cost(14, 5, 449967).
cost(14, 6, 406907).
cost(14, 7, 510576).
cost(14, 8, 93687).
cost(14, 9, 124236).
cost(14, 10, 396222).
cost(14, 11, 361296).
cost(14, 12, 198287).
cost(14, 13, 643461).
cost(14, 15, 116364).
cost(14, 16, 218798).
cost(14, 17, 652972).
cost(14, 18, 167124).
cost(14, 19, 192984).
cost(14, 20, 337980).
cost(14, 21, 496763).
cost(14, 22, 315983).
cost(15, 1, 85886).
cost(15, 2, 224040).
cost(15, 3, 267142).
cost(15, 4, 88197).
cost(15, 5, 455256).
cost(15, 6, 302652).
cost(15, 7, 395493).
cost(15, 8, 199591).
cost(15, 9, 9603).
cost(15, 10, 435198).
cost(15, 11, 325469).
cost(15, 12, 186779).
cost(15, 13, 564172).
cost(15, 14, 116364).
cost(15, 16, 335116).
cost(15, 17, 563928).
cost(15, 18, 210880).
cost(15, 19, 211156).
cost(15, 20, 249146).
cost(15, 21, 385211).
cost(15, 22, 321298).
cost(16, 1, 253671).
cost(16, 2, 270998).
cost(16, 3, 514320).
cost(16, 4, 389483).
cost(16, 5, 523109).
cost(16, 6, 616664).
cost(16, 7, 728674).
cost(16, 8, 151253).
cost(16, 9, 343029).
cost(16, 10, 418739).
cost(16, 11, 504983).
cost(16, 12, 351786).
cost(16, 13, 820984).
cost(16, 14, 218798).
cost(16, 15, 335116).
cost(16, 17, 835075).
cost(16, 18, 260040).
cost(16, 19, 306331).
cost(16, 20, 531710).
cost(16, 21, 711950).
cost(16, 22, 414224).
cost(17, 1, 610133).
cost(17, 2, 786174).
cost(17, 3, 695339).
cost(17, 4, 478250).
cost(17, 5, 969075).
cost(17, 6, 565019).
cost(17, 7, 456721).
cost(17, 8, 685938).
cost(17, 9, 562344).
cost(17, 10, 985253).
cost(17, 11, 797678).
cost(17, 12, 726095).
cost(17, 13, 831562).
cost(17, 14, 652972).
cost(17, 15, 563928).
cost(17, 16, 835075).
cost(17, 18, 581261).
cost(17, 19, 535416).
cost(17, 20, 316155).
cost(17, 21, 516101).
cost(17, 22, 851212).
cost(18, 1, 148765).
cost(18, 2, 344021).
cost(18, 3, 475326).
cost(18, 4, 201020).
cost(18, 5, 617088).
cost(18, 6, 504976).
cost(18, 7, 569051).
cost(18, 8, 127202).
cost(18, 9, 220130).
cost(18, 10, 558644).
cost(18, 11, 519605).
cost(18, 12, 360695).
cost(18, 13, 775030).
cost(18, 14, 167124).
cost(18, 15, 210880).
cost(18, 16, 260040).
cost(18, 17, 581261).
cost(18, 19, 46498).
cost(18, 20, 295802).
cost(18, 21, 573201).
cost(18, 22, 482902).
cost(19, 1, 165752).
cost(19, 2, 371459).
cost(19, 3, 478295).
cost(19, 4, 181837).
cost(19, 5, 639625).
cost(19, 6, 492156).
cost(19, 7, 544413).
cost(19, 8, 169432).
cost(19, 9, 219638).
cost(19, 10, 588910).
cost(19, 11, 531163).
cost(19, 12, 377179).
cost(19, 13, 770997).
cost(19, 14, 192984).
cost(19, 15, 211156).
cost(19, 16, 306331).
cost(19, 17, 535416).
cost(19, 18, 46498).
cost(19, 20, 255718).
cost(19, 21, 553141).
cost(19, 22, 504382).
cost(20, 1, 295221).
cost(20, 2, 472889).
cost(20, 3, 429901).
cost(20, 4, 162312).
cost(20, 5, 679808).
cost(20, 6, 353953).
cost(20, 7, 337374).
cost(20, 8, 380492).
cost(20, 9, 248414).
cost(20, 10, 679082).
cost(20, 11, 521451).
cost(20, 12, 421706).
cost(20, 13, 653184).
cost(20, 14, 337980).
cost(20, 15, 249146).
cost(20, 16, 531710).
cost(20, 17, 316155).
cost(20, 18, 295802).
cost(20, 19, 255718).
cost(20, 21, 368409).
cost(20, 22, 552968).
cost(21, 1, 471072).
cost(21, 2, 504302).
cost(21, 3, 275314).
cost(21, 4, 372576).
cost(21, 5, 549087).
cost(21, 6, 109388).
cost(21, 7, 63218).
cost(21, 8, 584665).
cost(21, 9, 376060).
cost(21, 10, 620668).
cost(21, 11, 373548).
cost(21, 12, 407885).
cost(21, 13, 315679).
cost(21, 14, 496763).
cost(21, 15, 385211).
cost(21, 16, 711950).
cost(21, 17, 516101).
cost(21, 18, 573201).
cost(21, 19, 553141).
cost(21, 20, 368409).
cost(21, 22, 476217).
cost(22, 1, 338651).
cost(22, 2, 150082).
cost(22, 3, 201203).
cost(22, 4, 405065).
cost(22, 5, 135569).
cost(22, 6, 367838).
cost(22, 7, 524168).
cost(22, 8, 387430).
cost(22, 9, 317638).
cost(22, 10, 145448).
cost(22, 11, 120613).
cost(22, 12, 134585).
cost(22, 13, 444497).
cost(22, 14, 315983).
cost(22, 15, 321298).
cost(22, 16, 414224).
cost(22, 17, 851212).
cost(22, 18, 482902).
cost(22, 19, 504382).
cost(22, 20, 552968).
cost(22, 21, 476217).
nocross(1,2).
nocross(1,3).
nocross(1,4).
nocross(1,9).
nocross(1,14).
nocross(1,15).
nocross(2,1).
nocross(2,3).
nocross(2,9).
nocross(2,12).
nocross(2,14).
nocross(2,16).
nocross(3,1).
nocross(3,9).
nocross(3,11).
nocross(3,12).
nocross(4,1).
nocross(4,3).
nocross(4,8).
nocross(4,9).
nocross(4,11).
nocross(4,14).
nocross(4,15).
nocross(4,18).
nocross(4,20).
nocross(5,2).
nocross(5,3).
nocross(5,11).
nocross(5,16).
nocross(6,3).
nocross(6,4).
nocross(6,7).
nocross(6,20).
nocross(7,4).
nocross(7,6).
nocross(7,17).
nocross(7,20).
nocross(7,21).
nocross(8,1).
nocross(8,2).
nocross(8,14).
nocross(8,16).
nocross(8,18).
nocross(9,1).
nocross(9,2).
nocross(9,3).
nocross(9,4).
nocross(9,11).
nocross(9,12).
nocross(9,15).
nocross(9,20).
nocross(10,2).
nocross(10,5).
nocross(10,11).
nocross(10,12).
nocross(10,16).
nocross(11,1).
nocross(11,2).
nocross(11,3).
nocross(11,9).
nocross(11,12).
nocross(12,1).
nocross(12,2).
nocross(12,3).
nocross(12,9).
nocross(12,11).
nocross(12,14).
nocross(12,15).
nocross(12,16).
nocross(13,3).
nocross(13,6).
nocross(13,11).
nocross(13,21).
nocross(14,1).
nocross(14,2).
nocross(14,3).
nocross(14,12).
nocross(14,16).
nocross(15,1).
nocross(15,2).
nocross(15,3).
nocross(15,4).
nocross(15,8).
nocross(15,9).
nocross(15,11).
nocross(15,12).
nocross(15,14).
nocross(16,1).
nocross(16,2).
nocross(16,8).
nocross(16,14).
nocross(16,18).
nocross(17,20).
nocross(18,1).
nocross(18,2).
nocross(18,3).
nocross(18,4).
nocross(18,8).
nocross(18,14).
nocross(18,15).
nocross(18,20).
nocross(19,1).
nocross(19,2).
nocross(19,14).
nocross(20,1).
nocross(20,3).
nocross(20,4).
nocross(20,9).
nocross(20,11).
nocross(20,17).
nocross(20,18).
nocross(21,3).
nocross(21,6).
nocross(21,7).
nocross(21,20).
nocross(22,1).
nocross(22,2).
nocross(22,3).
nocross(22,10).
nocross(22,12).
nocross(22,14).
