dimension(22).
point(1, 150554.0, -110750.0).
point(2, 237529.0, -212037.0).
point(3, -199768.0, 360315.0).
point(4, -117322.0, 80085.0).
point(5, -160816.0, -27287.0).
point(6, -428235.0, -113840.0).
point(7, 238868.0, -241249.0).
point(8, -17055.0, 419983.0).
point(9, 54029.0, 226203.0).
point(10, -225632.0, 351443.0).
point(11, -36227.0, 87056.0).
point(12, 285354.0, -351635.0).
point(13, 351650.0, -195355.0).
point(14, -207004.0, -169530.0).
point(15, -6281.0, -7190.0).
point(16, 206547.0, -219047.0).
point(17, 228574.0, -6763.0).
point(18, -167434.0, -170344.0).
point(19, -92452.0, -142309.0).
point(20, 423609.0, -30267.0).
point(21, 256776.0, 29074.0).
point(22, -143059.0, 8771.0).
cost(1, 2, 133505).
cost(1, 3, 587050).
cost(1, 4, 328901).
cost(1, 5, 322362).
cost(1, 6, 578797).
cost(1, 7, 157573).
cost(1, 8, 556570).
cost(1, 9, 350506).
cost(1, 10, 595935).
cost(1, 11, 272056).
cost(1, 12, 276037).
cost(1, 13, 218169).
cost(1, 14, 362357).
cost(1, 15, 187941).
cost(1, 16, 121916).
cost(1, 17, 130002).
cost(1, 18, 323524).
cost(1, 19, 245047).
cost(1, 20, 284669).
cost(1, 21, 175596).
cost(1, 22, 317008).
cost(2, 1, 133505).
cost(2, 3, 720288).
cost(2, 4, 459624).
cost(2, 5, 439103).
cost(2, 6, 672967).
cost(2, 7, 29243).
cost(2, 8, 681368).
cost(2, 9, 475107).
cost(2, 10, 729402).
cost(2, 11, 405461).
cost(2, 12, 147563).
cost(2, 13, 115334).
cost(2, 14, 446561).
cost(2, 15, 318442).
cost(2, 16, 31765).
cost(2, 17, 205469).
cost(2, 18, 407104).
cost(2, 19, 337268).
cost(2, 20, 260127).
cost(2, 21, 241878).
cost(2, 22, 440004).
cost(3, 1, 587050).
cost(3, 2, 720288).
cost(3, 4, 292106).
cost(3, 5, 389554).
cost(3, 6, 526327).
cost(3, 7, 744500).
cost(3, 8, 192209).
cost(3, 9, 287052).
cost(3, 10, 27343).
cost(3, 11, 318459).
cost(3, 12, 861520).
cost(3, 13, 782835).
cost(3, 14, 529894).
cost(3, 15, 415328).
cost(3, 16, 707638).
cost(3, 17, 564113).
cost(3, 18, 531643).
cost(3, 19, 513953).
cost(3, 20, 735631).
cost(3, 21, 564051).
cost(3, 22, 356089).
cost(4, 1, 328901).
cost(4, 2, 459624).
cost(4, 3, 292106).
cost(4, 5, 115847).
cost(4, 6, 366434).
cost(4, 7, 479715).
cost(4, 8, 354379).
cost(4, 9, 225192).
cost(4, 10, 292175).
cost(4, 11, 81394).
cost(4, 12, 590364).
cost(4, 13, 543877).
cost(4, 14, 265237).
cost(4, 15, 141234).
cost(4, 16, 440875).
cost(4, 17, 356632).
cost(4, 18, 255394).
cost(4, 19, 223780).
cost(4, 20, 552072).
cost(4, 21, 377560).
cost(4, 22, 75816).
cost(5, 1, 322362).
cost(5, 2, 439103).
cost(5, 3, 389554).
cost(5, 4, 115847).
cost(5, 6, 281077).
cost(5, 7, 453351).
cost(5, 8, 469806).
cost(5, 9, 332288).
cost(5, 10, 384236).
cost(5, 11, 169106).
cost(5, 12, 551606).
cost(5, 13, 539322).
cost(5, 14, 149554).
cost(5, 15, 155836).
cost(5, 16, 414400).
cost(5, 17, 389931).
cost(5, 18, 143210).
cost(5, 19, 133805).
cost(5, 20, 584433).
cost(5, 21, 421378).
cost(5, 22, 40193).
cost(6, 1, 578797).
cost(6, 2, 672967).
cost(6, 3, 526327).
cost(6, 4, 366434).
cost(6, 5, 281077).
cost(6, 7, 679161).
cost(6, 8, 673822).
cost(6, 9, 590091).
cost(6, 10, 507480).
cost(6, 11, 440488).
cost(6, 12, 752167).
cost(6, 13, 784133).
cost(6, 14, 228133).
cost(6, 15, 435223).
cost(6, 16, 643441).
cost(6, 17, 665480).
cost(6, 18, 266852).
cost(6, 19, 336988).
cost(6, 20, 855934).
cost(6, 21, 699760).
cost(6, 22, 310417).
cost(7, 1, 157573).
cost(7, 2, 29243).
cost(7, 3, 744500).
cost(7, 4, 479715).
cost(7, 5, 453351).
cost(7, 6, 679161).
cost(7, 8, 709031).
cost(7, 9, 502670).
cost(7, 10, 753023).
cost(7, 11, 428324).
cost(7, 12, 119775).
cost(7, 13, 121762).
cost(7, 14, 451603).
cost(7, 15, 338942).
cost(7, 16, 39212).
cost(7, 17, 234712).
cost(7, 18, 412443).
cost(7, 19, 345777).
cost(7, 20, 280433).
cost(7, 21, 270916).
cost(7, 22, 456485).
cost(8, 1, 556570).
cost(8, 2, 681368).
cost(8, 3, 192209).
cost(8, 4, 354379).
cost(8, 5, 469806).
cost(8, 6, 673822).
cost(8, 7, 709031).
cost(8, 9, 206406).
cost(8, 10, 219550).
cost(8, 11, 333479).
cost(8, 12, 828761).
cost(8, 13, 717345).
cost(8, 14, 619360).
cost(8, 15, 427309).
cost(8, 16, 677021).
cost(8, 17, 492388).
cost(8, 18, 609180).
cost(8, 19, 567324).
cost(8, 20, 630008).
cost(8, 21, 477277).
cost(8, 22, 430084).
cost(9, 1, 350506).
cost(9, 2, 475107).
cost(9, 3, 287052).
cost(9, 4, 225192).
cost(9, 5, 332288).
cost(9, 6, 590091).
cost(9, 7, 502670).
cost(9, 8, 206406).
cost(9, 10, 306423).
cost(9, 11, 165855).
cost(9, 12, 622421).
cost(9, 13, 516032).
cost(9, 14, 474070).
cost(9, 15, 241059).
cost(9, 16, 470648).
cost(9, 17, 291100).
cost(9, 18, 454198).
cost(9, 19, 396557).
cost(9, 20, 449851).
cost(9, 21, 282783).
cost(9, 22, 293463).
cost(10, 1, 595935).
cost(10, 2, 729402).
cost(10, 3, 27343).
cost(10, 4, 292175).
cost(10, 5, 384236).
cost(10, 6, 507480).
cost(10, 7, 753023).
cost(10, 8, 219550).
cost(10, 9, 306423).
cost(10, 11, 325230).
cost(10, 12, 869152).
cost(10, 13, 795137).
cost(10, 14, 521306).
cost(10, 15, 420396).
cost(10, 16, 715708).
cost(10, 17, 578459).
cost(10, 18, 525023).
cost(10, 19, 511398).
cost(10, 20, 753138).
cost(10, 21, 580206).
cost(10, 22, 352480).
cost(11, 1, 272056).
cost(11, 2, 405461).
cost(11, 3, 318459).
cost(11, 4, 81394).
cost(11, 5, 169106).
cost(11, 6, 440488).
cost(11, 7, 428324).
cost(11, 8, 333479).
cost(11, 9, 165855).
cost(11, 10, 325230).
cost(11, 12, 543934).
cost(11, 13, 479796).
cost(11, 14, 308223).
cost(11, 15, 98889).
cost(11, 16, 390689).
cost(11, 17, 280930).
cost(11, 18, 288912).
cost(11, 19, 236156).
cost(11, 20, 474567).
cost(11, 21, 298685).
cost(11, 22, 132445).
cost(12, 1, 276037).
cost(12, 2, 147563).
cost(12, 3, 861520).
cost(12, 4, 590364).
cost(12, 5, 551606).
cost(12, 6, 752167).
cost(12, 7, 119775).
cost(12, 8, 828761).
cost(12, 9, 622421).
cost(12, 10, 869152).
cost(12, 11, 543934).
cost(12, 13, 169760).
cost(12, 14, 524956).
cost(12, 15, 451324).
cost(12, 16, 154240).
cost(12, 17, 349515).
cost(12, 18, 487733).
cost(12, 19, 431920).
cost(12, 20, 349845).
cost(12, 21, 381780).
cost(12, 22, 559848).
cost(13, 1, 218169).
cost(13, 2, 115334).
cost(13, 3, 782835).
cost(13, 4, 543877).
cost(13, 5, 539322).
cost(13, 6, 784133).
cost(13, 7, 121762).
cost(13, 8, 717345).
cost(13, 9, 516032).
cost(13, 10, 795137).
cost(13, 11, 479796).
cost(13, 12, 169760).
cost(13, 14, 559251).
cost(13, 15, 404377).
cost(13, 16, 147024).
cost(13, 17, 225199).
cost(13, 18, 519686).
cost(13, 19, 447259).
cost(13, 20, 180089).
cost(13, 21, 243658).
cost(13, 22, 535168).
cost(14, 1, 362357).
cost(14, 2, 446561).
cost(14, 3, 529894).
cost(14, 4, 265237).
cost(14, 5, 149554).
cost(14, 6, 228133).
cost(14, 7, 451603).
cost(14, 8, 619360).
cost(14, 9, 474070).
cost(14, 10, 521306).
cost(14, 11, 308223).
cost(14, 12, 524956).
cost(14, 13, 559251).
cost(14, 15, 258155).
cost(14, 16, 416505).
cost(14, 17, 464996).
cost(14, 18, 39578).
cost(14, 19, 117742).
cost(14, 20, 645807).
cost(14, 21, 504515).
cost(14, 22, 189421).
cost(15, 1, 187941).
cost(15, 2, 318442).
cost(15, 3, 415328).
cost(15, 4, 141234).
cost(15, 5, 155836).
cost(15, 6, 435223).
cost(15, 7, 338942).
cost(15, 8, 427309).
cost(15, 9, 241059).
cost(15, 10, 420396).
cost(15, 11, 98889).
cost(15, 12, 451324).
cost(15, 13, 404377).
cost(15, 14, 258155).
cost(15, 16, 300298).
cost(15, 17, 234855).
cost(15, 18, 229324).
cost(15, 19, 160258).
cost(15, 20, 430509).
cost(15, 21, 265545).
cost(15, 22, 137706).
cost(16, 1, 121916).
cost(16, 2, 31765).
cost(16, 3, 707638).
cost(16, 4, 440875).
cost(16, 5, 414400).
cost(16, 6, 643441).
cost(16, 7, 39212).
cost(16, 8, 677021).
cost(16, 9, 470648).
cost(16, 10, 715708).
cost(16, 11, 390689).
cost(16, 12, 154240).
cost(16, 13, 147024).
cost(16, 14, 416505).
cost(16, 15, 300298).
cost(16, 17, 213424).
cost(16, 18, 377139).
cost(16, 19, 308689).
cost(16, 20, 287670).
cost(16, 21, 253154).
cost(16, 22, 417283).
cost(17, 1, 130002).
cost(17, 2, 205469).
cost(17, 3, 564113).
cost(17, 4, 356632).
cost(17, 5, 389931).
cost(17, 6, 665480).
cost(17, 7, 234712).
cost(17, 8, 492388).
cost(17, 9, 291100).
cost(17, 10, 578459).
cost(17, 11, 280930).
cost(17, 12, 349515).
cost(17, 13, 225199).
cost(17, 14, 464996).
cost(17, 15, 234855).
cost(17, 16, 213424).
cost(17, 18, 428464).
cost(17, 19, 348469).
cost(17, 20, 196446).
cost(17, 21, 45603).
cost(17, 22, 371958).
cost(18, 1, 323524).
cost(18, 2, 407104).
cost(18, 3, 531643).
cost(18, 4, 255394).
cost(18, 5, 143210).
cost(18, 6, 266852).
cost(18, 7, 412443).
cost(18, 8, 609180).
cost(18, 9, 454198).
cost(18, 10, 525023).
cost(18, 11, 288912).
cost(18, 12, 487733).
cost(18, 13, 519686).
cost(18, 14, 39578).
cost(18, 15, 229324).
cost(18, 16, 377139).
cost(18, 17, 428464).
cost(18, 19, 80052).
cost(18, 20, 607415).
cost(18, 21, 468745).
cost(18, 22, 180766).
cost(19, 1, 245047).
cost(19, 2, 337268).
cost(19, 3, 513953).
cost(19, 4, 223780).
cost(19, 5, 133805).
cost(19, 6, 336988).
cost(19, 7, 345777).
cost(19, 8, 567324).
cost(19, 9, 396557).
cost(19, 10, 511398).
cost(19, 11, 236156).
cost(19, 12, 431920).
cost(19, 13, 447259).
cost(19, 14, 117742).
cost(19, 15, 160258).
cost(19, 16, 308689).
cost(19, 17, 348469).
cost(19, 18, 80052).
cost(19, 20, 528084).
cost(19, 21, 389015).
cost(19, 22, 159331).
cost(20, 1, 284669).
cost(20, 2, 260127).
cost(20, 3, 735631).
cost(20, 4, 552072).
cost(20, 5, 584433).
cost(20, 6, 855934).
cost(20, 7, 280433).
cost(20, 8, 630008).
cost(20, 9, 449851).
cost(20, 10, 753138).
cost(20, 11, 474567).
cost(20, 12, 349845).
cost(20, 13, 180089).
cost(20, 14, 645807).
cost(20, 15, 430509).
cost(20, 16, 287670).
cost(20, 17, 196446).
cost(20, 18, 607415).
cost(20, 19, 528084).
cost(20, 21, 177072).
cost(20, 22, 568011).
cost(21, 1, 175596).
cost(21, 2, 241878).
cost(21, 3, 564051).
cost(21, 4, 377560).
cost(21, 5, 421378).
cost(21, 6, 699760).
cost(21, 7, 270916).
cost(21, 8, 477277).
cost(21, 9, 282783).
cost(21, 10, 580206).
cost(21, 11, 298685).
cost(21, 12, 381780).
cost(21, 13, 243658).
cost(21, 14, 504515).
cost(21, 15, 265545).
cost(21, 16, 253154).
cost(21, 17, 45603).
cost(21, 18, 468745).
cost(21, 19, 389015).
cost(21, 20, 177072).
cost(21, 22, 400350).
cost(22, 1, 317008).
cost(22, 2, 440004).
cost(22, 3, 356089).
cost(22, 4, 75816).
cost(22, 5, 40193).
cost(22, 6, 310417).
cost(22, 7, 456485).
cost(22, 8, 430084).
cost(22, 9, 293463).
cost(22, 10, 352480).
cost(22, 11, 132445).
cost(22, 12, 559848).
cost(22, 13, 535168).
cost(22, 14, 189421).
cost(22, 15, 137706).
cost(22, 16, 417283).
cost(22, 17, 371958).
cost(22, 18, 180766).
cost(22, 19, 159331).
cost(22, 20, 568011).
cost(22, 21, 400350).
nocross(1,2).
nocross(1,9).
nocross(1,15).
nocross(1,18).
nocross(1,19).
nocross(2,1).
nocross(2,17).
nocross(3,4).
nocross(3,6).
nocross(3,9).
nocross(3,11).
nocross(3,14).
nocross(4,3).
nocross(4,10).
nocross(4,11).
nocross(4,14).
nocross(4,15).
nocross(4,18).
nocross(4,19).
nocross(4,22).
nocross(5,4).
nocross(5,6).
nocross(5,10).
nocross(5,11).
nocross(5,14).
nocross(5,15).
nocross(5,18).
nocross(5,19).
nocross(5,22).
nocross(6,5).
nocross(6,10).
nocross(6,14).
nocross(6,18).
nocross(6,19).
nocross(7,2).
nocross(7,16).
nocross(8,4).
nocross(8,9).
nocross(8,11).
nocross(9,3).
nocross(9,4).
nocross(9,8).
nocross(9,11).
nocross(9,14).
nocross(9,15).
nocross(9,17).
nocross(9,18).
nocross(10,4).
nocross(10,9).
nocross(10,11).
nocross(10,14).
nocross(11,4).
nocross(11,9).
nocross(11,10).
nocross(11,14).
nocross(11,15).
nocross(11,18).
nocross(11,22).
nocross(13,17).
nocross(14,5).
nocross(14,18).
nocross(14,19).
nocross(14,22).
nocross(15,4).
nocross(15,11).
nocross(15,14).
nocross(15,18).
nocross(15,19).
nocross(15,22).
nocross(16,17).
nocross(17,9).
nocross(17,11).
nocross(17,14).
nocross(17,15).
nocross(17,18).
nocross(18,4).
nocross(18,6).
nocross(18,11).
nocross(18,14).
nocross(18,19).
nocross(19,4).
nocross(19,5).
nocross(19,11).
nocross(19,14).
nocross(19,15).
nocross(19,18).
nocross(19,22).
nocross(20,17).
nocross(21,9).
nocross(21,11).
nocross(21,15).
nocross(22,4).
nocross(22,5).
nocross(22,6).
nocross(22,10).
nocross(22,11).
nocross(22,14).
nocross(22,15).
nocross(22,18).
nocross(22,19).
