dimension(22).
point(1, 19282.0, -163839.0).
point(2, -156481.0, -23368.0).
point(3, 73129.0, 371922.0).
point(4, -46490.0, -74831.0).
point(5, 11681.0, 342902.0).
point(6, -148955.0, 48796.0).
point(7, 138569.0, -172471.0).
point(8, 126626.0, -109970.0).
point(9, -113141.0, 440023.0).
point(10, 339929.0, 17250.0).
point(11, -160698.0, 350785.0).
point(12, -64132.0, -229868.0).
point(13, 346900.0, 174247.0).
point(14, -227869.0, -114854.0).
point(15, 136118.0, 123936.0).
point(16, 124761.0, 31719.0).
point(17, 207916.0, 109139.0).
point(18, 240095.0, 65155.0).
point(19, 17372.0, 140689.0).
point(20, 36430.0, -298693.0).
point(21, -226681.0, -31712.0).
point(22, -279515.0, -415060.0).
cost(1, 2, 224999).
cost(1, 3, 538460).
cost(1, 4, 110672).
cost(1, 5, 506798).
cost(1, 6, 271141).
cost(1, 7, 119599).
cost(1, 8, 120102).
cost(1, 9, 618211).
cost(1, 10, 368250).
cost(1, 11, 545189).
cost(1, 12, 106385).
cost(1, 13, 470782).
cost(1, 14, 251959).
cost(1, 15, 310588).
cost(1, 16, 222191).
cost(1, 17, 331813).
cost(1, 18, 318114).
cost(1, 19, 304534).
cost(1, 20, 135940).
cost(1, 21, 279205).
cost(1, 22, 390374).
cost(2, 1, 224999).
cost(2, 3, 457138).
cost(2, 4, 121435).
cost(2, 5, 403029).
cost(2, 6, 72555).
cost(2, 7, 330585).
cost(2, 8, 296057).
cost(2, 9, 465413).
cost(2, 10, 498069).
cost(2, 11, 374177).
cost(2, 12, 226209).
cost(2, 13, 540781).
cost(2, 14, 116043).
cost(2, 15, 327586).
cost(2, 16, 286586).
cost(2, 17, 387741).
cost(2, 18, 406336).
cost(2, 19, 239039).
cost(2, 20, 336182).
cost(2, 21, 70694).
cost(2, 22, 410561).
cost(3, 1, 538460).
cost(3, 2, 457138).
cost(3, 4, 462490).
cost(3, 5, 67956).
cost(3, 6, 392086).
cost(3, 7, 548312).
cost(3, 8, 484852).
cost(3, 9, 198329).
cost(3, 10, 443818).
cost(3, 11, 234780).
cost(3, 12, 617245).
cost(3, 13, 337677).
cost(3, 14, 572320).
cost(3, 15, 255861).
cost(3, 16, 344099).
cost(3, 17, 295334).
cost(3, 18, 349262).
cost(3, 19, 237860).
cost(3, 20, 671618).
cost(3, 21, 502799).
cost(3, 22, 862380).
cost(4, 1, 110672).
cost(4, 2, 121435).
cost(4, 3, 462490).
cost(4, 5, 421764).
cost(4, 6, 160570).
cost(4, 7, 209238).
cost(4, 8, 176646).
cost(4, 9, 519150).
cost(4, 10, 397239).
cost(4, 11, 440673).
cost(4, 12, 156038).
cost(4, 13, 465613).
cost(4, 14, 185742).
cost(4, 15, 269915).
cost(4, 16, 201692).
cost(4, 17, 313954).
cost(4, 18, 318947).
cost(4, 19, 224783).
cost(4, 20, 238726).
cost(4, 21, 185278).
cost(4, 22, 412379).
cost(5, 1, 506798).
cost(5, 2, 403029).
cost(5, 3, 67956).
cost(5, 4, 421764).
cost(5, 6, 335115).
cost(5, 7, 530764).
cost(5, 8, 467232).
cost(5, 9, 158155).
cost(5, 10, 462381).
cost(5, 11, 172559).
cost(5, 12, 577766).
cost(5, 13, 375255).
cost(5, 14, 516648).
cost(5, 15, 251854).
cost(5, 16, 331092).
cost(5, 17, 305210).
cost(5, 18, 359606).
cost(5, 19, 202293).
cost(5, 20, 642072).
cost(5, 21, 444018).
cost(5, 22, 811974).
cost(6, 1, 271141).
cost(6, 2, 72555).
cost(6, 3, 392086).
cost(6, 4, 160570).
cost(6, 5, 335115).
cost(6, 7, 362807).
cost(6, 8, 318043).
cost(6, 9, 392863).
cost(6, 10, 489901).
cost(6, 11, 302217).
cost(6, 12, 291288).
cost(6, 13, 511478).
cost(6, 14, 181683).
cost(6, 15, 294809).
cost(6, 16, 274248).
cost(6, 17, 361937).
cost(6, 18, 389394).
cost(6, 19, 190024).
cost(6, 20, 393848).
cost(6, 21, 111906).
cost(6, 22, 481880).
cost(7, 1, 119599).
cost(7, 2, 330585).
cost(7, 3, 548312).
cost(7, 4, 209238).
cost(7, 5, 530764).
cost(7, 6, 362807).
cost(7, 8, 63632).
cost(7, 9, 662198).
cost(7, 10, 276658).
cost(7, 11, 602791).
cost(7, 12, 210671).
cost(7, 13, 404494).
cost(7, 14, 370940).
cost(7, 15, 296417).
cost(7, 16, 204656).
cost(7, 17, 290023).
cost(7, 18, 258406).
cost(7, 19, 335794).
cost(7, 20, 162371).
cost(7, 21, 391434).
cost(7, 22, 483367).
cost(8, 1, 120102).
cost(8, 2, 296057).
cost(8, 3, 484852).
cost(8, 4, 176646).
cost(8, 5, 467232).
cost(8, 6, 318043).
cost(8, 7, 63632).
cost(8, 9, 599984).
cost(8, 10, 248361).
cost(8, 11, 543001).
cost(8, 12, 225309).
cost(8, 13, 359583).
cost(8, 14, 354529).
cost(8, 15, 234099).
cost(8, 16, 141701).
cost(8, 17, 233702).
cost(8, 18, 208672).
cost(8, 19, 273434).
cost(8, 20, 209169).
cost(8, 21, 361870).
cost(8, 22, 507967).
cost(9, 1, 618211).
cost(9, 2, 465413).
cost(9, 3, 198329).
cost(9, 4, 519150).
cost(9, 5, 158155).
cost(9, 6, 392863).
cost(9, 7, 662198).
cost(9, 8, 599984).
cost(9, 10, 619685).
cost(9, 11, 101119).
cost(9, 12, 671681).
cost(9, 13, 531295).
cost(9, 14, 566614).
cost(9, 15, 402543).
cost(9, 16, 472556).
cost(9, 17, 461044).
cost(9, 18, 515074).
cost(9, 19, 326549).
cost(9, 20, 753706).
cost(9, 21, 485206).
cost(9, 22, 871118).
cost(10, 1, 368250).
cost(10, 2, 498069).
cost(10, 3, 443818).
cost(10, 4, 397239).
cost(10, 5, 462381).
cost(10, 6, 489901).
cost(10, 7, 276658).
cost(10, 8, 248361).
cost(10, 9, 619685).
cost(10, 11, 601559).
cost(10, 12, 473638).
cost(10, 13, 157152).
cost(10, 14, 582963).
cost(10, 15, 230045).
cost(10, 16, 215654).
cost(10, 17, 160845).
cost(10, 18, 110733).
cost(10, 19, 345370).
cost(10, 20, 438100).
cost(10, 21, 568722).
cost(10, 22, 755383).
cost(11, 1, 545189).
cost(11, 2, 374177).
cost(11, 3, 234780).
cost(11, 4, 440673).
cost(11, 5, 172559).
cost(11, 6, 302217).
cost(11, 7, 602791).
cost(11, 8, 543001).
cost(11, 9, 101119).
cost(11, 10, 601559).
cost(11, 12, 588628).
cost(11, 13, 537421).
cost(11, 14, 470459).
cost(11, 15, 373578).
cost(11, 16, 428124).
cost(11, 17, 440760).
cost(11, 18, 492158).
cost(11, 19, 275407).
cost(11, 20, 678735).
cost(11, 21, 388147).
cost(11, 22, 775007).
cost(12, 1, 106385).
cost(12, 2, 226209).
cost(12, 3, 617245).
cost(12, 4, 156038).
cost(12, 5, 577766).
cost(12, 6, 291288).
cost(12, 7, 210671).
cost(12, 8, 225309).
cost(12, 9, 671681).
cost(12, 10, 473638).
cost(12, 11, 588628).
cost(12, 13, 576417).
cost(12, 14, 200095).
cost(12, 15, 406543).
cost(12, 16, 322658).
cost(12, 17, 434668).
cost(12, 18, 423784).
cost(12, 19, 379415).
cost(12, 20, 121859).
cost(12, 21, 256297).
cost(12, 22, 284053).
cost(13, 1, 470782).
cost(13, 2, 540781).
cost(13, 3, 337677).
cost(13, 4, 465613).
cost(13, 5, 375255).
cost(13, 6, 511478).
cost(13, 7, 404494).
cost(13, 8, 359583).
cost(13, 9, 531295).
cost(13, 10, 157152).
cost(13, 11, 537421).
cost(13, 12, 576417).
cost(13, 14, 643381).
cost(13, 15, 216703).
cost(13, 16, 263932).
cost(13, 17, 153478).
cost(13, 18, 152671).
cost(13, 19, 331232).
cost(13, 20, 565742).
cost(13, 21, 609438).
cost(13, 22, 860046).
cost(14, 1, 251959).
cost(14, 2, 116043).
cost(14, 3, 572320).
cost(14, 4, 185742).
cost(14, 5, 516648).
cost(14, 6, 181683).
cost(14, 7, 370940).
cost(14, 8, 354529).
cost(14, 9, 566614).
cost(14, 10, 582963).
cost(14, 11, 470459).
cost(14, 12, 200095).
cost(14, 13, 643381).
cost(14, 15, 435324).
cost(14, 16, 381879).
cost(14, 17, 489981).
cost(14, 18, 501392).
cost(14, 19, 354183).
cost(14, 20, 321948).
cost(14, 21, 83150).
cost(14, 22, 304616).
cost(15, 1, 310588).
cost(15, 2, 327586).
cost(15, 3, 255861).
cost(15, 4, 269915).
cost(15, 5, 251854).
cost(15, 6, 294809).
cost(15, 7, 296417).
cost(15, 8, 234099).
cost(15, 9, 402543).
cost(15, 10, 230045).
cost(15, 11, 373578).
cost(15, 12, 406543).
cost(15, 13, 216703).
cost(15, 14, 435324).
cost(15, 16, 92914).
cost(15, 17, 73307).
cost(15, 18, 119442).
cost(15, 19, 119922).
cost(15, 20, 434227).
cost(15, 21, 394778).
cost(15, 22, 680638).
cost(16, 1, 222191).
cost(16, 2, 286586).
cost(16, 3, 344099).
cost(16, 4, 201692).
cost(16, 5, 331092).
cost(16, 6, 274248).
cost(16, 7, 204656).
cost(16, 8, 141701).
cost(16, 9, 472556).
cost(16, 10, 215654).
cost(16, 11, 428124).
cost(16, 12, 322658).
cost(16, 13, 263932).
cost(16, 14, 381879).
cost(16, 15, 92914).
cost(16, 17, 113616).
cost(16, 18, 120083).
cost(16, 19, 152993).
cost(16, 20, 342015).
cost(16, 21, 357120).
cost(16, 22, 602537).
cost(17, 1, 331813).
cost(17, 2, 387741).
cost(17, 3, 295334).
cost(17, 4, 313954).
cost(17, 5, 305210).
cost(17, 6, 361937).
cost(17, 7, 290023).
cost(17, 8, 233702).
cost(17, 9, 461044).
cost(17, 10, 160845).
cost(17, 11, 440760).
cost(17, 12, 434668).
cost(17, 13, 153478).
cost(17, 14, 489981).
cost(17, 15, 73307).
cost(17, 16, 113616).
cost(17, 18, 54498).
cost(17, 19, 193138).
cost(17, 20, 442419).
cost(17, 21, 456852).
cost(17, 22, 715803).
cost(18, 1, 318114).
cost(18, 2, 406336).
cost(18, 3, 349262).
cost(18, 4, 318947).
cost(18, 5, 359606).
cost(18, 6, 389394).
cost(18, 7, 258406).
cost(18, 8, 208672).
cost(18, 9, 515074).
cost(18, 10, 110733).
cost(18, 11, 492158).
cost(18, 12, 423784).
cost(18, 13, 152671).
cost(18, 14, 501392).
cost(18, 15, 119442).
cost(18, 16, 120083).
cost(18, 17, 54498).
cost(18, 19, 235183).
cost(18, 20, 416971).
cost(18, 21, 476721).
cost(18, 22, 707532).
cost(19, 1, 304534).
cost(19, 2, 239039).
cost(19, 3, 237860).
cost(19, 4, 224783).
cost(19, 5, 202293).
cost(19, 6, 190024).
cost(19, 7, 335794).
cost(19, 8, 273434).
cost(19, 9, 326549).
cost(19, 10, 345370).
cost(19, 11, 275407).
cost(19, 12, 379415).
cost(19, 13, 331232).
cost(19, 14, 354183).
cost(19, 15, 119922).
cost(19, 16, 152993).
cost(19, 17, 193138).
cost(19, 18, 235183).
cost(19, 20, 439795).
cost(19, 21, 298804).
cost(19, 22, 630078).
cost(20, 1, 135940).
cost(20, 2, 336182).
cost(20, 3, 671618).
cost(20, 4, 238726).
cost(20, 5, 642072).
cost(20, 6, 393848).
cost(20, 7, 162371).
cost(20, 8, 209169).
cost(20, 9, 753706).
cost(20, 10, 438100).
cost(20, 11, 678735).
cost(20, 12, 121859).
cost(20, 13, 565742).
cost(20, 14, 321948).
cost(20, 15, 434227).
cost(20, 16, 342015).
cost(20, 17, 442419).
cost(20, 18, 416971).
cost(20, 19, 439795).
cost(20, 21, 374842).
cost(20, 22, 336694).
cost(21, 1, 279205).
cost(21, 2, 70694).
cost(21, 3, 502799).
cost(21, 4, 185278).
cost(21, 5, 444018).
cost(21, 6, 111906).
cost(21, 7, 391434).
cost(21, 8, 361870).
cost(21, 9, 485206).
cost(21, 10, 568722).
cost(21, 11, 388147).
cost(21, 12, 256297).
cost(21, 13, 609438).
cost(21, 14, 83150).
cost(21, 15, 394778).
cost(21, 16, 357120).
cost(21, 17, 456852).
cost(21, 18, 476721).
cost(21, 19, 298804).
cost(21, 20, 374842).
cost(21, 22, 386972).
cost(22, 1, 390374).
cost(22, 2, 410561).
cost(22, 3, 862380).
cost(22, 4, 412379).
cost(22, 5, 811974).
cost(22, 6, 481880).
cost(22, 7, 483367).
cost(22, 8, 507967).
cost(22, 9, 871118).
cost(22, 10, 755383).
cost(22, 11, 775007).
cost(22, 12, 284053).
cost(22, 13, 860046).
cost(22, 14, 304616).
cost(22, 15, 680638).
cost(22, 16, 602537).
cost(22, 17, 715803).
cost(22, 18, 707532).
cost(22, 19, 630078).
cost(22, 20, 336694).
cost(22, 21, 386972).
nocross(1,8).
nocross(1,12).
nocross(1,16).
nocross(1,19).
nocross(1,20).
nocross(2,1).
nocross(2,6).
nocross(2,19).
nocross(2,21).
nocross(3,5).
nocross(3,9).
nocross(3,11).
nocross(3,15).
nocross(3,19).
nocross(4,8).
nocross(4,16).
nocross(4,19).
nocross(5,3).
nocross(5,9).
nocross(5,15).
nocross(5,19).
nocross(6,2).
nocross(6,5).
nocross(6,8).
nocross(6,11).
nocross(6,12).
nocross(6,19).
nocross(6,21).
nocross(7,8).
nocross(7,10).
nocross(7,17).
nocross(8,7).
nocross(8,10).
nocross(8,17).
nocross(9,5).
nocross(9,11).
nocross(10,7).
nocross(10,8).
nocross(10,16).
nocross(10,17).
nocross(10,18).
nocross(11,3).
nocross(11,5).
nocross(11,6).
nocross(11,17).
nocross(11,19).
nocross(12,1).
nocross(12,2).
nocross(12,7).
nocross(12,14).
nocross(13,3).
nocross(13,5).
nocross(13,10).
nocross(13,15).
nocross(13,17).
nocross(13,18).
nocross(14,2).
nocross(14,8).
nocross(14,12).
nocross(14,21).
nocross(15,3).
nocross(15,5).
nocross(15,6).
nocross(15,16).
nocross(15,17).
nocross(15,19).
nocross(16,3).
nocross(16,5).
nocross(16,6).
nocross(16,8).
nocross(16,15).
nocross(16,17).
nocross(16,19).
nocross(17,5).
nocross(17,8).
nocross(17,13).
nocross(17,15).
nocross(17,16).
nocross(17,18).
nocross(17,19).
nocross(18,8).
nocross(18,16).
nocross(18,17).
nocross(18,19).
nocross(19,3).
nocross(19,5).
nocross(19,6).
nocross(19,7).
nocross(19,8).
nocross(19,9).
nocross(19,11).
nocross(19,15).
nocross(19,16).
nocross(19,17).
nocross(20,7).
nocross(20,8).
nocross(20,12).
nocross(21,2).
nocross(21,6).
nocross(21,12).
nocross(21,14).
nocross(22,1).
nocross(22,12).
nocross(22,14).
nocross(22,20).
