dimension(22).
point(1, -50196.0, -172208.0).
point(2, -187991.0, 53810.0).
point(3, 52953.0, 351410.0).
point(4, -300963.0, 136594.0).
point(5, -217495.0, -70185.0).
point(6, 21733.0, -79984.0).
point(7, 373091.0, -57021.0).
point(8, 460839.0, 81761.0).
point(9, 5579.0, -88551.0).
point(10, 183812.0, 133560.0).
point(11, -422226.0, 189089.0).
point(12, -190896.0, 55083.0).
point(13, -34238.0, -508627.0).
point(14, -153971.0, 154260.0).
point(15, -271659.0, -3267.0).
point(16, 116699.0, 23787.0).
point(17, -136346.0, -252055.0).
point(18, -202613.0, 36790.0).
point(19, 227329.0, 332521.0).
point(20, -517573.0, -4940.0).
point(21, 100299.0, -134518.0).
point(22, -572977.0, -210029.0).
cost(1, 2, 264710).
cost(1, 3, 533681).
cost(1, 4, 397797).
cost(1, 5, 195953).
cost(1, 6, 116957).
cost(1, 7, 438680).
cost(1, 8, 570664).
cost(1, 9, 100545).
cost(1, 10, 385037).
cost(1, 11, 518596).
cost(1, 12, 267316).
cost(1, 13, 336797).
cost(1, 14, 342565).
cost(1, 15, 278544).
cost(1, 16, 257426).
cost(1, 17, 117462).
cost(1, 18, 258672).
cost(1, 19, 575996).
cost(1, 20, 496407).
cost(1, 21, 155143).
cost(1, 22, 524147).
cost(2, 1, 264710).
cost(2, 3, 382910).
cost(2, 4, 140057).
cost(2, 5, 127457).
cost(2, 6, 248767).
cost(2, 7, 571924).
cost(2, 8, 649432).
cost(2, 9, 240283).
cost(2, 10, 380260).
cost(2, 11, 270493).
cost(2, 12, 3172).
cost(2, 13, 583074).
cost(2, 14, 106055).
cost(2, 15, 101282).
cost(2, 16, 306166).
cost(2, 17, 310194).
cost(2, 18, 22438).
cost(2, 19, 500170).
cost(2, 20, 334777).
cost(2, 21, 344352).
cost(2, 22, 466718).
cost(3, 1, 533681).
cost(3, 2, 382910).
cost(3, 4, 414008).
cost(3, 5, 500884).
cost(3, 6, 432522).
cost(3, 7, 518945).
cost(3, 8, 488960).
cost(3, 9, 442504).
cost(3, 10, 254131).
cost(3, 11, 502139).
cost(3, 12, 383760).
cost(3, 13, 864445).
cost(3, 14, 285807).
cost(3, 15, 480800).
cost(3, 16, 333767).
cost(3, 17, 632459).
cost(3, 18, 405339).
cost(3, 19, 175396).
cost(3, 20, 672670).
cost(3, 21, 488229).
cost(3, 22, 840834).
cost(4, 1, 397797).
cost(4, 2, 140057).
cost(4, 3, 414008).
cost(4, 5, 222990).
cost(4, 6, 388637).
cost(4, 7, 701310).
cost(4, 8, 763773).
cost(4, 9, 380340).
cost(4, 10, 484784).
cost(4, 11, 132138).
cost(4, 12, 136963).
cost(4, 13, 698178).
cost(4, 14, 148050).
cost(4, 15, 142898).
cost(4, 16, 432628).
cost(4, 17, 422074).
cost(4, 18, 140120).
cost(4, 19, 563453).
cost(4, 20, 258750).
cost(4, 21, 484265).
cost(4, 22, 440612).
cost(5, 1, 195953).
cost(5, 2, 127457).
cost(5, 3, 500884).
cost(5, 4, 222990).
cost(5, 6, 239429).
cost(5, 7, 590733).
cost(5, 8, 695144).
cost(5, 9, 223829).
cost(5, 10, 450066).
cost(5, 11, 330360).
cost(5, 12, 128061).
cost(5, 13, 475199).
cost(5, 14, 233261).
cost(5, 15, 86092).
cost(5, 16, 347155).
cost(5, 17, 199153).
cost(5, 18, 108005).
cost(5, 19, 600034).
cost(5, 20, 307089).
cost(5, 21, 324240).
cost(5, 22, 382000).
cost(6, 1, 116957).
cost(6, 2, 248767).
cost(6, 3, 432522).
cost(6, 4, 388637).
cost(6, 5, 239429).
cost(6, 7, 352108).
cost(6, 8, 467948).
cost(6, 9, 18285).
cost(6, 10, 268087).
cost(6, 11, 519134).
cost(6, 12, 251901).
cost(6, 13, 432282).
cost(6, 14, 292818).
cost(6, 15, 303256).
cost(6, 16, 140666).
cost(6, 17, 233661).
cost(6, 18, 252918).
cost(6, 19, 460901).
cost(6, 20, 544502).
cost(6, 21, 95638).
cost(6, 22, 608762).
cost(7, 1, 438680).
cost(7, 2, 571924).
cost(7, 3, 518945).
cost(7, 4, 701310).
cost(7, 5, 590733).
cost(7, 6, 352108).
cost(7, 8, 164195).
cost(7, 9, 368862).
cost(7, 10, 268603).
cost(7, 11, 832526).
cost(7, 12, 575021).
cost(7, 13, 608165).
cost(7, 14, 567833).
cost(7, 15, 646987).
cost(7, 16, 268825).
cost(7, 17, 545495).
cost(7, 18, 583297).
cost(7, 19, 415920).
cost(7, 20, 892185).
cost(7, 21, 283586).
cost(7, 22, 958361).
cost(8, 1, 570664).
cost(8, 2, 649432).
cost(8, 3, 488960).
cost(8, 4, 763773).
cost(8, 5, 695144).
cost(8, 6, 467948).
cost(8, 7, 164195).
cost(8, 9, 486074).
cost(8, 10, 281828).
cost(8, 11, 889563).
cost(8, 12, 652281).
cost(8, 13, 770493).
cost(8, 14, 619070).
cost(8, 15, 737416).
cost(8, 16, 348989).
cost(8, 17, 684151).
cost(8, 18, 664974).
cost(8, 19, 342648).
cost(8, 20, 982246).
cost(8, 21, 420435).
cost(8, 22, 1074205).
cost(9, 1, 100545).
cost(9, 2, 240283).
cost(9, 3, 442504).
cost(9, 4, 380340).
cost(9, 5, 223829).
cost(9, 6, 18285).
cost(9, 7, 368862).
cost(9, 8, 486074).
cost(9, 10, 284781).
cost(9, 11, 510001).
cost(9, 12, 243379).
cost(9, 13, 421959).
cost(9, 14, 290540).
cost(9, 15, 290059).
cost(9, 16, 158011).
cost(9, 17, 216509).
cost(9, 18, 243011).
cost(9, 19, 475894).
cost(9, 20, 529791).
cost(9, 21, 105285).
cost(9, 22, 591172).
cost(10, 1, 385037).
cost(10, 2, 380260).
cost(10, 3, 254131).
cost(10, 4, 484784).
cost(10, 5, 450066).
cost(10, 6, 268087).
cost(10, 7, 268603).
cost(10, 8, 281828).
cost(10, 9, 284781).
cost(10, 11, 608577).
cost(10, 12, 382838).
cost(10, 13, 678196).
cost(10, 14, 338417).
cost(10, 15, 475579).
cost(10, 16, 128663).
cost(10, 17, 501199).
cost(10, 18, 398358).
cost(10, 19, 203664).
cost(10, 20, 714929).
cost(10, 21, 280785).
cost(10, 22, 831134).
cost(11, 1, 518596).
cost(11, 2, 270493).
cost(11, 3, 502139).
cost(11, 4, 132138).
cost(11, 5, 330360).
cost(11, 6, 519134).
cost(11, 7, 832526).
cost(11, 8, 889563).
cost(11, 9, 510001).
cost(11, 10, 608577).
cost(11, 12, 267341).
cost(11, 13, 798337).
cost(11, 14, 270507).
cost(11, 15, 244277).
cost(11, 16, 563706).
cost(11, 17, 525676).
cost(11, 18, 267254).
cost(11, 19, 665203).
cost(11, 20, 216190).
cost(11, 21, 614617).
cost(11, 22, 426639).
cost(12, 1, 267316).
cost(12, 2, 3172).
cost(12, 3, 383760).
cost(12, 4, 136963).
cost(12, 5, 128061).
cost(12, 6, 251901).
cost(12, 7, 575021).
cost(12, 8, 652281).
cost(12, 9, 243379).
cost(12, 10, 382838).
cost(12, 11, 267341).
cost(12, 13, 585073).
cost(12, 14, 105828).
cost(12, 15, 99636).
cost(12, 16, 309183).
cost(12, 17, 311945).
cost(12, 18, 21724).
cost(12, 19, 501880).
cost(12, 20, 332145).
cost(12, 21, 347481).
cost(12, 22, 465049).
cost(13, 1, 336797).
cost(13, 2, 583074).
cost(13, 3, 864445).
cost(13, 4, 698178).
cost(13, 5, 475199).
cost(13, 6, 432282).
cost(13, 7, 608165).
cost(13, 8, 770493).
cost(13, 9, 421959).
cost(13, 10, 678196).
cost(13, 11, 798337).
cost(13, 12, 585073).
cost(13, 14, 673614).
cost(13, 15, 558352).
cost(13, 16, 553396).
cost(13, 17, 276144).
cost(13, 18, 570815).
cost(13, 19, 880879).
cost(13, 20, 698078).
cost(13, 21, 397565).
cost(13, 22, 615955).
cost(14, 1, 342565).
cost(14, 2, 106055).
cost(14, 3, 285807).
cost(14, 4, 148050).
cost(14, 5, 233261).
cost(14, 6, 292818).
cost(14, 7, 567833).
cost(14, 8, 619070).
cost(14, 9, 290540).
cost(14, 10, 338417).
cost(14, 11, 270507).
cost(14, 12, 105828).
cost(14, 13, 673614).
cost(14, 15, 196635).
cost(14, 16, 300475).
cost(14, 17, 406697).
cost(14, 18, 127143).
cost(14, 19, 420912).
cost(14, 20, 396927).
cost(14, 21, 384767).
cost(14, 22, 555223).
cost(15, 1, 278544).
cost(15, 2, 101282).
cost(15, 3, 480800).
cost(15, 4, 142898).
cost(15, 5, 86092).
cost(15, 6, 303256).
cost(15, 7, 646987).
cost(15, 8, 737416).
cost(15, 9, 290059).
cost(15, 10, 475579).
cost(15, 11, 244277).
cost(15, 12, 99636).
cost(15, 13, 558352).
cost(15, 14, 196635).
cost(15, 16, 389299).
cost(15, 17, 283205).
cost(15, 18, 79824).
cost(15, 19, 601450).
cost(15, 20, 245920).
cost(15, 21, 394436).
cost(15, 22, 365435).
cost(16, 1, 257426).
cost(16, 2, 306166).
cost(16, 3, 333767).
cost(16, 4, 432628).
cost(16, 5, 347155).
cost(16, 6, 140666).
cost(16, 7, 268825).
cost(16, 8, 348989).
cost(16, 9, 158011).
cost(16, 10, 128663).
cost(16, 11, 563706).
cost(16, 12, 309183).
cost(16, 13, 553396).
cost(16, 14, 300475).
cost(16, 15, 389299).
cost(16, 17, 374327).
cost(16, 18, 319577).
cost(16, 19, 327957).
cost(16, 20, 634922).
cost(16, 21, 159152).
cost(16, 22, 728233).
cost(17, 1, 117462).
cost(17, 2, 310194).
cost(17, 3, 632459).
cost(17, 4, 422074).
cost(17, 5, 199153).
cost(17, 6, 233661).
cost(17, 7, 545495).
cost(17, 8, 684151).
cost(17, 9, 216509).
cost(17, 10, 501199).
cost(17, 11, 525676).
cost(17, 12, 311945).
cost(17, 13, 276144).
cost(17, 14, 406697).
cost(17, 15, 283205).
cost(17, 16, 374327).
cost(17, 18, 296349).
cost(17, 19, 688468).
cost(17, 20, 454313).
cost(17, 21, 264227).
cost(17, 22, 438649).
cost(18, 1, 258672).
cost(18, 2, 22438).
cost(18, 3, 405339).
cost(18, 4, 140120).
cost(18, 5, 108005).
cost(18, 6, 252918).
cost(18, 7, 583297).
cost(18, 8, 664974).
cost(18, 9, 243011).
cost(18, 10, 398358).
cost(18, 11, 267254).
cost(18, 12, 21724).
cost(18, 13, 570815).
cost(18, 14, 127143).
cost(18, 15, 79824).
cost(18, 16, 319577).
cost(18, 17, 296349).
cost(18, 19, 521830).
cost(18, 20, 317712).
cost(18, 21, 347997).
cost(18, 22, 445072).
cost(19, 1, 575996).
cost(19, 2, 500170).
cost(19, 3, 175396).
cost(19, 4, 563453).
cost(19, 5, 600034).
cost(19, 6, 460901).
cost(19, 7, 415920).
cost(19, 8, 342648).
cost(19, 9, 475894).
cost(19, 10, 203664).
cost(19, 11, 665203).
cost(19, 12, 501880).
cost(19, 13, 880879).
cost(19, 14, 420912).
cost(19, 15, 601450).
cost(19, 16, 327957).
cost(19, 17, 688468).
cost(19, 18, 521830).
cost(19, 20, 817777).
cost(19, 21, 484006).
cost(19, 22, 966877).
cost(20, 1, 496407).
cost(20, 2, 334777).
cost(20, 3, 672670).
cost(20, 4, 258750).
cost(20, 5, 307089).
cost(20, 6, 544502).
cost(20, 7, 892185).
cost(20, 8, 982246).
cost(20, 9, 529791).
cost(20, 10, 714929).
cost(20, 11, 216190).
cost(20, 12, 332145).
cost(20, 13, 698078).
cost(20, 14, 396927).
cost(20, 15, 245920).
cost(20, 16, 634922).
cost(20, 17, 454313).
cost(20, 18, 317712).
cost(20, 19, 817777).
cost(20, 21, 631313).
cost(20, 22, 212441).
cost(21, 1, 155143).
cost(21, 2, 344352).
cost(21, 3, 488229).
cost(21, 4, 484265).
cost(21, 5, 324240).
cost(21, 6, 95638).
cost(21, 7, 283586).
cost(21, 8, 420435).
cost(21, 9, 105285).
cost(21, 10, 280785).
cost(21, 11, 614617).
cost(21, 12, 347481).
cost(21, 13, 397565).
cost(21, 14, 384767).
cost(21, 15, 394436).
cost(21, 16, 159152).
cost(21, 17, 264227).
cost(21, 18, 347997).
cost(21, 19, 484006).
cost(21, 20, 631313).
cost(21, 22, 677497).
cost(22, 1, 524147).
cost(22, 2, 466718).
cost(22, 3, 840834).
cost(22, 4, 440612).
cost(22, 5, 382000).
cost(22, 6, 608762).
cost(22, 7, 958361).
cost(22, 8, 1074205).
cost(22, 9, 591172).
cost(22, 10, 831134).
cost(22, 11, 426639).
cost(22, 12, 465049).
cost(22, 13, 615955).
cost(22, 14, 555223).
cost(22, 15, 365435).
cost(22, 16, 728233).
cost(22, 17, 438649).
cost(22, 18, 445072).
cost(22, 19, 966877).
cost(22, 20, 212441).
cost(22, 21, 677497).
nocross(1,2).
nocross(1,5).
nocross(1,6).
nocross(1,9).
nocross(1,13).
nocross(1,17).
nocross(1,21).
nocross(2,6).
nocross(2,9).
nocross(2,12).
nocross(2,15).
nocross(3,6).
nocross(3,8).
nocross(3,9).
nocross(3,10).
nocross(4,2).
nocross(4,3).
nocross(4,5).
nocross(4,11).
nocross(4,14).
nocross(4,15).
nocross(4,22).
nocross(5,1).
nocross(5,2).
nocross(5,9).
nocross(5,15).
nocross(5,17).
nocross(5,22).
nocross(6,2).
nocross(6,3).
nocross(6,5).
nocross(6,7).
nocross(6,8).
nocross(6,9).
nocross(6,13).
nocross(6,16).
nocross(6,21).
nocross(7,6).
nocross(7,8).
nocross(7,9).
nocross(7,10).
nocross(7,13).
nocross(7,16).
nocross(7,19).
nocross(7,21).
nocross(8,3).
nocross(8,6).
nocross(8,7).
nocross(8,10).
nocross(8,16).
nocross(8,19).
nocross(8,21).
nocross(9,2).
nocross(9,3).
nocross(9,5).
nocross(9,6).
nocross(9,21).
nocross(10,3).
nocross(10,8).
nocross(10,9).
nocross(10,19).
nocross(11,15).
nocross(12,2).
nocross(12,6).
nocross(12,18).
nocross(12,20).
nocross(13,1).
nocross(13,6).
nocross(13,17).
nocross(13,21).
nocross(14,3).
nocross(14,6).
nocross(14,9).
nocross(15,5).
nocross(15,13).
nocross(16,3).
nocross(16,5).
nocross(16,6).
nocross(16,8).
nocross(16,9).
nocross(16,21).
nocross(17,1).
nocross(17,2).
nocross(17,5).
nocross(17,9).
nocross(17,13).
nocross(17,21).
nocross(17,22).
nocross(18,2).
nocross(18,5).
nocross(18,6).
nocross(19,3).
nocross(19,8).
nocross(19,10).
nocross(19,16).
nocross(20,5).
nocross(20,13).
nocross(20,17).
nocross(20,22).
nocross(21,1).
nocross(21,2).
nocross(21,5).
nocross(21,6).
nocross(21,7).
nocross(21,8).
nocross(21,9).
nocross(21,13).
nocross(21,16).
nocross(22,1).
nocross(22,5).
nocross(22,11).
nocross(22,13).
nocross(22,17).
