dimension(22).
point(1, 460669.0, -229072.0).
point(2, -127862.0, -124093.0).
point(3, 359775.0, 221224.0).
point(4, 256436.0, -96219.0).
point(5, 310428.0, 170687.0).
point(6, -67133.0, 454386.0).
point(7, 483531.0, 200333.0).
point(8, -275887.0, 389771.0).
point(9, 151749.0, 192295.0).
point(10, 946.0, -263590.0).
point(11, -149140.0, 203559.0).
point(12, 251254.0, 247687.0).
point(13, -115033.0, 91640.0).
point(14, -63181.0, -220758.0).
point(15, -326793.0, -282020.0).
point(16, 83076.0, -367793.0).
point(17, -2080.0, 91205.0).
point(18, -350363.0, -77382.0).
point(19, -159703.0, 10320.0).
point(20, -482598.0, 121276.0).
point(21, 346388.0, 236243.0).
point(22, -430254.0, -47317.0).
cost(1, 2, 597820).
cost(1, 3, 461461).
cost(1, 4, 243641).
cost(1, 5, 427059).
cost(1, 6, 863533).
cost(1, 7, 430013).
cost(1, 8, 962019).
cost(1, 9, 522477).
cost(1, 10, 461017).
cost(1, 11, 747688).
cost(1, 12, 520724).
cost(1, 13, 659006).
cost(1, 14, 523916).
cost(1, 15, 789240).
cost(1, 16, 402269).
cost(1, 17, 562773).
cost(1, 18, 825096).
cost(1, 19, 664959).
cost(1, 20, 1006229).
cost(1, 21, 479143).
cost(1, 22, 909274).
cost(2, 1, 597820).
cost(2, 3, 597523).
cost(2, 4, 385308).
cost(2, 5, 528198).
cost(2, 6, 581658).
cost(2, 7, 692137).
cost(2, 8, 534759).
cost(2, 9, 422237).
cost(2, 10, 189871).
cost(2, 11, 328342).
cost(2, 12, 530989).
cost(2, 13, 216114).
cost(2, 14, 116309).
cost(2, 15, 253997).
cost(2, 16, 322311).
cost(2, 17, 249348).
cost(2, 18, 227351).
cost(2, 19, 138133).
cost(2, 20, 431328).
cost(2, 21, 595613).
cost(2, 22, 311986).
cost(3, 1, 461461).
cost(3, 2, 597523).
cost(3, 4, 333840).
cost(3, 5, 70634).
cost(3, 6, 486431).
cost(3, 7, 125507).
cost(3, 8, 657628).
cost(3, 9, 210028).
cost(3, 10, 603161).
cost(3, 11, 509221).
cost(3, 12, 111701).
cost(3, 13, 492173).
cost(3, 14, 611751).
cost(3, 15, 851252).
cost(3, 16, 650771).
cost(3, 17, 384505).
cost(3, 18, 770365).
cost(3, 19, 560658).
cost(3, 20, 848282).
cost(3, 21, 20119).
cost(3, 22, 834422).
cost(4, 1, 243641).
cost(4, 2, 385308).
cost(4, 3, 333840).
cost(4, 5, 272312).
cost(4, 6, 638641).
cost(4, 7, 373517).
cost(4, 8, 720801).
cost(4, 9, 306920).
cost(4, 10, 305431).
cost(4, 11, 504340).
cost(4, 12, 343945).
cost(4, 13, 416269).
cost(4, 14, 343023).
cost(4, 15, 612110).
cost(4, 16, 322190).
cost(4, 17, 319309).
cost(4, 18, 607091).
cost(4, 19, 429561).
cost(4, 20, 770373).
cost(4, 21, 344416).
cost(4, 22, 688429).
cost(5, 1, 427059).
cost(5, 2, 528198).
cost(5, 3, 70634).
cost(5, 4, 272312).
cost(5, 6, 472268).
cost(5, 7, 175623).
cost(5, 8, 625910).
cost(5, 9, 160143).
cost(5, 10, 533269).
cost(5, 11, 460742).
cost(5, 12, 97111).
cost(5, 13, 432742).
cost(5, 14, 541122).
cost(5, 15, 781661).
cost(5, 16, 584508).
cost(5, 17, 322457).
cost(5, 18, 705821).
cost(5, 19, 496730).
cost(5, 20, 794564).
cost(5, 21, 74771).
cost(5, 22, 772098).
cost(6, 1, 863533).
cost(6, 2, 581658).
cost(6, 3, 486431).
cost(6, 4, 638641).
cost(6, 5, 472268).
cost(6, 7, 606444).
cost(6, 8, 218525).
cost(6, 9, 341469).
cost(6, 10, 721196).
cost(6, 11, 263893).
cost(6, 12, 379598).
cost(6, 13, 365895).
cost(6, 14, 675156).
cost(6, 15, 780844).
cost(6, 16, 835788).
cost(6, 17, 368961).
cost(6, 18, 602492).
cost(6, 19, 453612).
cost(6, 20, 532516).
cost(6, 21, 467532).
cost(6, 22, 619324).
cost(7, 1, 430013).
cost(7, 2, 692137).
cost(7, 3, 125507).
cost(7, 4, 373517).
cost(7, 5, 175623).
cost(7, 6, 606444).
cost(7, 8, 782689).
cost(7, 9, 331879).
cost(7, 10, 669412).
cost(7, 11, 632679).
cost(7, 12, 237055).
cost(7, 13, 608353).
cost(7, 14, 690081).
cost(7, 15, 943021).
cost(7, 16, 695077).
cost(7, 17, 497722).
cost(7, 18, 878923).
cost(7, 19, 670712).
cost(7, 20, 969358).
cost(7, 21, 141766).
cost(7, 22, 946749).
cost(8, 1, 962019).
cost(8, 2, 534759).
cost(8, 3, 657628).
cost(8, 4, 720801).
cost(8, 5, 625910).
cost(8, 6, 218525).
cost(8, 7, 782689).
cost(8, 9, 471030).
cost(8, 10, 709589).
cost(8, 11, 225255).
cost(8, 12, 545954).
cost(8, 13, 338757).
cost(8, 14, 646521).
cost(8, 15, 673717).
cost(8, 16, 838306).
cost(8, 17, 405107).
cost(8, 18, 473052).
cost(8, 19, 396840).
cost(8, 20, 338850).
cost(8, 21, 640934).
cost(8, 22, 463546).
cost(9, 1, 522477).
cost(9, 2, 422237).
cost(9, 3, 210028).
cost(9, 4, 306920).
cost(9, 5, 160143).
cost(9, 6, 341469).
cost(9, 7, 331879).
cost(9, 8, 471030).
cost(9, 10, 480180).
cost(9, 11, 301100).
cost(9, 12, 113884).
cost(9, 13, 285139).
cost(9, 14, 465626).
cost(9, 15, 673778).
cost(9, 16, 564282).
cost(9, 17, 184072).
cost(9, 18, 569949).
cost(9, 19, 360718).
cost(9, 20, 638310).
cost(9, 21, 199539).
cost(9, 22, 629398).
cost(10, 1, 461017).
cost(10, 2, 189871).
cost(10, 3, 603161).
cost(10, 4, 305431).
cost(10, 5, 533269).
cost(10, 6, 721196).
cost(10, 7, 669412).
cost(10, 8, 709589).
cost(10, 9, 480180).
cost(10, 11, 490667).
cost(10, 12, 569261).
cost(10, 13, 373684).
cost(10, 14, 77116).
cost(10, 15, 328257).
cost(10, 16, 132679).
cost(10, 17, 354808).
cost(10, 18, 397607).
cost(10, 19, 317545).
cost(10, 20, 618010).
cost(10, 21, 607588).
cost(10, 22, 482398).
cost(11, 1, 747688).
cost(11, 2, 328342).
cost(11, 3, 509221).
cost(11, 4, 504340).
cost(11, 5, 460742).
cost(11, 6, 263893).
cost(11, 7, 632679).
cost(11, 8, 225255).
cost(11, 9, 301100).
cost(11, 10, 490667).
cost(11, 12, 402818).
cost(11, 13, 117001).
cost(11, 14, 432936).
cost(11, 15, 517057).
cost(11, 16, 616739).
cost(11, 17, 185068).
cost(11, 18, 345570).
cost(11, 19, 193527).
cost(11, 20, 343460).
cost(11, 21, 496605).
cost(11, 22, 376781).
cost(12, 1, 520724).
cost(12, 2, 530989).
cost(12, 3, 111701).
cost(12, 4, 343945).
cost(12, 5, 97111).
cost(12, 6, 379598).
cost(12, 7, 237055).
cost(12, 8, 545954).
cost(12, 9, 113884).
cost(12, 10, 569261).
cost(12, 11, 402818).
cost(12, 13, 398142).
cost(12, 14, 564190).
cost(12, 15, 784046).
cost(12, 16, 638043).
cost(12, 17, 297766).
cost(12, 18, 683822).
cost(12, 19, 474583).
cost(12, 20, 744660).
cost(12, 21, 95820).
cost(12, 22, 742617).
cost(13, 1, 659006).
cost(13, 2, 216114).
cost(13, 3, 492173).
cost(13, 4, 416269).
cost(13, 5, 432742).
cost(13, 6, 365895).
cost(13, 7, 608353).
cost(13, 8, 338757).
cost(13, 9, 285139).
cost(13, 10, 373684).
cost(13, 11, 117001).
cost(13, 12, 398142).
cost(13, 14, 316672).
cost(13, 15, 429493).
cost(13, 16, 500326).
cost(13, 17, 112954).
cost(13, 18, 289739).
cost(13, 19, 92781).
cost(13, 20, 368758).
cost(13, 21, 483549).
cost(13, 22, 344490).
cost(14, 1, 523916).
cost(14, 2, 116309).
cost(14, 3, 611751).
cost(14, 4, 343023).
cost(14, 5, 541122).
cost(14, 6, 675156).
cost(14, 7, 690081).
cost(14, 8, 646521).
cost(14, 9, 465626).
cost(14, 10, 77116).
cost(14, 11, 432936).
cost(14, 12, 564190).
cost(14, 13, 316672).
cost(14, 15, 270637).
cost(14, 16, 207389).
cost(14, 17, 317890).
cost(14, 18, 320983).
cost(14, 19, 250427).
cost(14, 20, 541200).
cost(14, 21, 613675).
cost(14, 22, 405986).
cost(15, 1, 789240).
cost(15, 2, 253997).
cost(15, 3, 851252).
cost(15, 4, 612110).
cost(15, 5, 781661).
cost(15, 6, 780844).
cost(15, 7, 943021).
cost(15, 8, 673717).
cost(15, 9, 673778).
cost(15, 10, 328257).
cost(15, 11, 517057).
cost(15, 12, 784046).
cost(15, 13, 429493).
cost(15, 14, 270637).
cost(15, 16, 418748).
cost(15, 17, 494707).
cost(15, 18, 205991).
cost(15, 19, 336722).
cost(15, 20, 432346).
cost(15, 21, 849570).
cost(15, 22, 256495).
cost(16, 1, 402269).
cost(16, 2, 322311).
cost(16, 3, 650771).
cost(16, 4, 322190).
cost(16, 5, 584508).
cost(16, 6, 835788).
cost(16, 7, 695077).
cost(16, 8, 838306).
cost(16, 9, 564282).
cost(16, 10, 132679).
cost(16, 11, 616739).
cost(16, 12, 638043).
cost(16, 13, 500326).
cost(16, 14, 207389).
cost(16, 15, 418748).
cost(16, 17, 466830).
cost(16, 18, 521735).
cost(16, 19, 449345).
cost(16, 20, 747780).
cost(16, 21, 658933).
cost(16, 22, 605155).
cost(17, 1, 562773).
cost(17, 2, 249348).
cost(17, 3, 384505).
cost(17, 4, 319309).
cost(17, 5, 322457).
cost(17, 6, 368961).
cost(17, 7, 497722).
cost(17, 8, 405107).
cost(17, 9, 184072).
cost(17, 10, 354808).
cost(17, 11, 185068).
cost(17, 12, 297766).
cost(17, 13, 112954).
cost(17, 14, 317890).
cost(17, 15, 494707).
cost(17, 16, 466830).
cost(17, 18, 386940).
cost(17, 19, 177165).
cost(17, 20, 481458).
cost(17, 21, 377447).
cost(17, 22, 450024).
cost(18, 1, 825096).
cost(18, 2, 227351).
cost(18, 3, 770365).
cost(18, 4, 607091).
cost(18, 5, 705821).
cost(18, 6, 602492).
cost(18, 7, 878923).
cost(18, 8, 473052).
cost(18, 9, 569949).
cost(18, 10, 397607).
cost(18, 11, 345570).
cost(18, 12, 683822).
cost(18, 13, 289739).
cost(18, 14, 320983).
cost(18, 15, 205991).
cost(18, 16, 521735).
cost(18, 17, 386940).
cost(18, 19, 209864).
cost(18, 20, 238644).
cost(18, 21, 764083).
cost(18, 22, 85361).
cost(19, 1, 664959).
cost(19, 2, 138133).
cost(19, 3, 560658).
cost(19, 4, 429561).
cost(19, 5, 496730).
cost(19, 6, 453612).
cost(19, 7, 670712).
cost(19, 8, 396840).
cost(19, 9, 360718).
cost(19, 10, 317545).
cost(19, 11, 193527).
cost(19, 12, 474583).
cost(19, 13, 92781).
cost(19, 14, 250427).
cost(19, 15, 336722).
cost(19, 16, 449345).
cost(19, 17, 177165).
cost(19, 18, 209864).
cost(19, 20, 341427).
cost(19, 21, 554229).
cost(19, 22, 276622).
cost(20, 1, 1006229).
cost(20, 2, 431328).
cost(20, 3, 848282).
cost(20, 4, 770373).
cost(20, 5, 794564).
cost(20, 6, 532516).
cost(20, 7, 969358).
cost(20, 8, 338850).
cost(20, 9, 638310).
cost(20, 10, 618010).
cost(20, 11, 343460).
cost(20, 12, 744660).
cost(20, 13, 368758).
cost(20, 14, 541200).
cost(20, 15, 432346).
cost(20, 16, 747780).
cost(20, 17, 481458).
cost(20, 18, 238644).
cost(20, 19, 341427).
cost(20, 21, 836920).
cost(20, 22, 176532).
cost(21, 1, 479143).
cost(21, 2, 595613).
cost(21, 3, 20119).
cost(21, 4, 344416).
cost(21, 5, 74771).
cost(21, 6, 467532).
cost(21, 7, 141766).
cost(21, 8, 640934).
cost(21, 9, 199539).
cost(21, 10, 607588).
cost(21, 11, 496605).
cost(21, 12, 95820).
cost(21, 13, 483549).
cost(21, 14, 613675).
cost(21, 15, 849570).
cost(21, 16, 658933).
cost(21, 17, 377447).
cost(21, 18, 764083).
cost(21, 19, 554229).
cost(21, 20, 836920).
cost(21, 22, 826788).
cost(22, 1, 909274).
cost(22, 2, 311986).
cost(22, 3, 834422).
cost(22, 4, 688429).
cost(22, 5, 772098).
cost(22, 6, 619324).
cost(22, 7, 946749).
cost(22, 8, 463546).
cost(22, 9, 629398).
cost(22, 10, 482398).
cost(22, 11, 376781).
cost(22, 12, 742617).
cost(22, 13, 344490).
cost(22, 14, 405986).
cost(22, 15, 256495).
cost(22, 16, 605155).
cost(22, 17, 450024).
cost(22, 18, 85361).
cost(22, 19, 276622).
cost(22, 20, 176532).
cost(22, 21, 826788).
nocross(1,10).
nocross(1,16).
nocross(2,10).
nocross(2,14).
nocross(2,15).
nocross(2,17).
nocross(2,19).
nocross(3,5).
nocross(3,9).
nocross(3,21).
nocross(4,2).
nocross(4,10).
nocross(5,1).
nocross(5,9).
nocross(6,9).
nocross(6,11).
nocross(7,1).
nocross(7,3).
nocross(7,21).
nocross(8,20).
nocross(9,3).
nocross(9,5).
nocross(9,6).
nocross(9,11).
nocross(9,17).
nocross(10,2).
nocross(10,14).
nocross(10,16).
nocross(10,17).
nocross(11,9).
nocross(11,13).
nocross(11,17).
nocross(11,19).
nocross(11,20).
nocross(12,3).
nocross(12,21).
nocross(13,2).
nocross(13,10).
nocross(13,11).
nocross(13,19).
nocross(14,2).
nocross(14,10).
nocross(14,15).
nocross(14,16).
nocross(14,19).
nocross(15,2).
nocross(15,10).
nocross(15,14).
nocross(15,16).
nocross(15,18).
nocross(15,19).
nocross(16,10).
nocross(17,2).
nocross(17,6).
nocross(17,10).
nocross(17,11).
nocross(17,13).
nocross(17,19).
nocross(18,2).
nocross(18,15).
nocross(18,16).
nocross(18,17).
nocross(18,19).
nocross(18,22).
nocross(19,2).
nocross(19,10).
nocross(19,11).
nocross(19,13).
nocross(19,17).
nocross(19,18).
nocross(19,20).
nocross(19,22).
nocross(20,11).
nocross(20,18).
nocross(20,22).
nocross(21,5).
nocross(21,7).
nocross(21,9).
nocross(22,8).
nocross(22,13).
nocross(22,15).
nocross(22,16).
nocross(22,17).
nocross(22,18).
nocross(22,19).
