dimension(22).
point(1, 264200.0, 88748.0).
point(2, -246788.0, 402017.0).
point(3, 145132.0, 527372.0).
point(4, 141655.0, 98214.0).
point(5, 83503.0, 160221.0).
point(6, -172694.0, 177298.0).
point(7, -59213.0, 297082.0).
point(8, -348874.0, -319256.0).
point(9, 122761.0, 240514.0).
point(10, 260553.0, 166621.0).
point(11, 360605.0, -246924.0).
point(12, 109379.0, -358867.0).
point(13, -68633.0, -66999.0).
point(14, 81645.0, 265413.0).
point(15, 158021.0, -524282.0).
point(16, -7528.0, 285983.0).
point(17, 40937.0, -88591.0).
point(18, -12573.0, 5343.0).
point(19, 291436.0, 23531.0).
point(20, 101203.0, -13361.0).
point(21, -186984.0, -48866.0).
point(22, 238973.0, -105837.0).
cost(1, 2, 599372).
cost(1, 3, 454498).
cost(1, 4, 122910).
cost(1, 5, 194319).
cost(1, 6, 445777).
cost(1, 7, 384706).
cost(1, 8, 736429).
cost(1, 9, 207456).
cost(1, 10, 77958).
cost(1, 11, 349241).
cost(1, 12, 473634).
cost(1, 13, 367471).
cost(1, 14, 254041).
cost(1, 15, 622157).
cost(1, 16, 335764).
cost(1, 17, 285124).
cost(1, 18, 289067).
cost(1, 19, 70676).
cost(1, 20, 192339).
cost(1, 21, 471704).
cost(1, 22, 196213).
cost(2, 1, 599372).
cost(2, 3, 411479).
cost(2, 4, 493137).
cost(2, 5, 409338).
cost(2, 6, 236619).
cost(2, 7, 214932).
cost(2, 8, 728462).
cost(2, 9, 403299).
cost(2, 10, 559291).
cost(2, 11, 888848).
cost(2, 12, 840119).
cost(2, 13, 501712).
cost(2, 14, 355709).
cost(2, 15, 1010891).
cost(2, 16, 265912).
cost(2, 17, 568755).
cost(2, 18, 460659).
cost(2, 19, 657979).
cost(2, 20, 541882).
cost(2, 21, 454832).
cost(2, 22, 702766).
cost(3, 1, 454498).
cost(3, 2, 411479).
cost(3, 4, 429172).
cost(3, 5, 372288).
cost(3, 6, 472827).
cost(3, 7, 307880).
cost(3, 8, 980215).
cost(3, 9, 287729).
cost(3, 10, 378765).
cost(3, 11, 803718).
cost(3, 12, 886960).
cost(3, 13, 631643).
cost(3, 14, 269542).
cost(3, 15, 1051733).
cost(3, 16, 285611).
cost(3, 17, 624714).
cost(3, 18, 545330).
cost(3, 19, 524653).
cost(3, 20, 542514).
cost(3, 21, 665095).
cost(3, 22, 640125).
cost(4, 1, 122910).
cost(4, 2, 493137).
cost(4, 3, 429172).
cost(4, 5, 85009).
cost(4, 6, 324144).
cost(4, 7, 282660).
cost(4, 8, 644127).
cost(4, 9, 143549).
cost(4, 10, 137172).
cost(4, 11, 408729).
cost(4, 12, 458219).
cost(4, 13, 267425).
cost(4, 14, 177642).
cost(4, 15, 622711).
cost(4, 16, 239818).
cost(4, 17, 212227).
cost(4, 18, 180031).
cost(4, 19, 167368).
cost(4, 20, 118682).
cost(4, 21, 360050).
cost(4, 22, 226070).
cost(5, 1, 194319).
cost(5, 2, 409338).
cost(5, 3, 372288).
cost(5, 4, 85009).
cost(5, 6, 256766).
cost(5, 7, 197734).
cost(5, 8, 645638).
cost(5, 9, 89376).
cost(5, 10, 177166).
cost(5, 11, 492496).
cost(5, 12, 519733).
cost(5, 13, 273449).
cost(5, 14, 105208).
cost(5, 15, 688547).
cost(5, 16, 155251).
cost(5, 17, 252427).
cost(5, 18, 182257).
cost(5, 19, 248838).
cost(5, 20, 174482).
cost(5, 21, 341878).
cost(5, 22, 308152).
cost(6, 1, 445777).
cost(6, 2, 236619).
cost(6, 3, 472827).
cost(6, 4, 324144).
cost(6, 5, 256766).
cost(6, 7, 165003).
cost(6, 8, 526883).
cost(6, 9, 302142).
cost(6, 10, 433379).
cost(6, 11, 681449).
cost(6, 12, 605837).
cost(6, 13, 265537).
cost(6, 14, 269170).
cost(6, 15, 775620).
cost(6, 16, 197718).
cost(6, 17, 341079).
cost(6, 18, 234962).
cost(6, 19, 488939).
cost(6, 20, 333722).
cost(6, 21, 226615).
cost(6, 22, 499635).
cost(7, 1, 384706).
cost(7, 2, 214932).
cost(7, 3, 307880).
cost(7, 4, 282660).
cost(7, 5, 197734).
cost(7, 6, 165003).
cost(7, 8, 681011).
cost(7, 9, 190564).
cost(7, 10, 345355).
cost(7, 11, 687161).
cost(7, 12, 677268).
cost(7, 13, 364203).
cost(7, 14, 144374).
cost(7, 15, 849605).
cost(7, 16, 52863).
cost(7, 17, 398464).
cost(7, 18, 295444).
cost(7, 19, 444730).
cost(7, 20, 349440).
cost(7, 21, 368789).
cost(7, 22, 501257).
cost(8, 1, 736429).
cost(8, 2, 728462).
cost(8, 3, 980215).
cost(8, 4, 644127).
cost(8, 5, 645638).
cost(8, 6, 526883).
cost(8, 7, 681011).
cost(8, 9, 731971).
cost(8, 10, 779409).
cost(8, 11, 713157).
cost(8, 12, 459962).
cost(8, 13, 377053).
cost(8, 14, 726075).
cost(8, 15, 546789).
cost(8, 16, 694861).
cost(8, 17, 452945).
cost(8, 18, 467400).
cost(8, 19, 726292).
cost(8, 20, 544188).
cost(8, 21, 315149).
cost(8, 22, 625389).
cost(9, 1, 207456).
cost(9, 2, 403299).
cost(9, 3, 287729).
cost(9, 4, 143549).
cost(9, 5, 89376).
cost(9, 6, 302142).
cost(9, 7, 190564).
cost(9, 8, 731971).
cost(9, 10, 156355).
cost(9, 11, 542370).
cost(9, 12, 599530).
cost(9, 13, 362210).
cost(9, 14, 48068).
cost(9, 15, 765608).
cost(9, 16, 137995).
cost(9, 17, 339124).
cost(9, 18, 271331).
cost(9, 19, 274832).
cost(9, 20, 254789).
cost(9, 21, 423890).
cost(9, 22, 365328).
cost(10, 1, 77958).
cost(10, 2, 559291).
cost(10, 3, 378765).
cost(10, 4, 137172).
cost(10, 5, 177166).
cost(10, 6, 433379).
cost(10, 7, 345355).
cost(10, 8, 779409).
cost(10, 9, 156355).
cost(10, 11, 425476).
cost(10, 12, 546801).
cost(10, 13, 403660).
cost(10, 14, 204372).
cost(10, 15, 698470).
cost(10, 16, 293453).
cost(10, 17, 336696).
cost(10, 18, 317188).
cost(10, 19, 146385).
cost(10, 20, 240387).
cost(10, 21, 496713).
cost(10, 22, 273311).
cost(11, 1, 349241).
cost(11, 2, 888848).
cost(11, 3, 803718).
cost(11, 4, 408729).
cost(11, 5, 492496).
cost(11, 6, 681449).
cost(11, 7, 687161).
cost(11, 8, 713157).
cost(11, 9, 542370).
cost(11, 10, 425476).
cost(11, 12, 275038).
cost(11, 13, 465423).
cost(11, 14, 583359).
cost(11, 15, 343464).
cost(11, 16, 647697).
cost(11, 17, 356731).
cost(11, 18, 450445).
cost(11, 19, 279160).
cost(11, 20, 349057).
cost(11, 21, 582306).
cost(11, 22, 186279).
cost(12, 1, 473634).
cost(12, 2, 840119).
cost(12, 3, 886960).
cost(12, 4, 458219).
cost(12, 5, 519733).
cost(12, 6, 605837).
cost(12, 7, 677268).
cost(12, 8, 459962).
cost(12, 9, 599530).
cost(12, 10, 546801).
cost(12, 11, 275038).
cost(12, 13, 341870).
cost(12, 14, 624896).
cost(12, 15, 172419).
cost(12, 16, 655362).
cost(12, 17, 278807).
cost(12, 18, 384085).
cost(12, 19, 423524).
cost(12, 20, 345603).
cost(12, 21, 428873).
cost(12, 22, 284286).
cost(13, 1, 367471).
cost(13, 2, 501712).
cost(13, 3, 631643).
cost(13, 4, 267425).
cost(13, 5, 273449).
cost(13, 6, 265537).
cost(13, 7, 364203).
cost(13, 8, 377053).
cost(13, 9, 362210).
cost(13, 10, 403660).
cost(13, 11, 465423).
cost(13, 12, 341870).
cost(13, 14, 364803).
cost(13, 15, 510372).
cost(13, 16, 358232).
cost(13, 17, 111677).
cost(13, 18, 91521).
cost(13, 19, 371275).
cost(13, 20, 178105).
cost(13, 21, 119732).
cost(13, 22, 310048).
cost(14, 1, 254041).
cost(14, 2, 355709).
cost(14, 3, 269542).
cost(14, 4, 177642).
cost(14, 5, 105208).
cost(14, 6, 269170).
cost(14, 7, 144374).
cost(14, 8, 726075).
cost(14, 9, 48068).
cost(14, 10, 204372).
cost(14, 11, 583359).
cost(14, 12, 624896).
cost(14, 13, 364803).
cost(14, 15, 793380).
cost(14, 16, 91515).
cost(14, 17, 356337).
cost(14, 18, 276611).
cost(14, 19, 320186).
cost(14, 20, 279459).
cost(14, 21, 413440).
cost(14, 22, 403210).
cost(15, 1, 622157).
cost(15, 2, 1010891).
cost(15, 3, 1051733).
cost(15, 4, 622711).
cost(15, 5, 688547).
cost(15, 6, 775620).
cost(15, 7, 849605).
cost(15, 8, 546789).
cost(15, 9, 765608).
cost(15, 10, 698470).
cost(15, 11, 343464).
cost(15, 12, 172419).
cost(15, 13, 510372).
cost(15, 14, 793380).
cost(15, 16, 827004).
cost(15, 17, 451149).
cost(15, 18, 556422).
cost(15, 19, 563825).
cost(15, 20, 514071).
cost(15, 21, 587409).
cost(15, 22, 426204).
cost(16, 1, 335764).
cost(16, 2, 265912).
cost(16, 3, 285611).
cost(16, 4, 239818).
cost(16, 5, 155251).
cost(16, 6, 197718).
cost(16, 7, 52863).
cost(16, 8, 694861).
cost(16, 9, 137995).
cost(16, 10, 293453).
cost(16, 11, 647697).
cost(16, 12, 655362).
cost(16, 13, 358232).
cost(16, 14, 91515).
cost(16, 15, 827004).
cost(16, 17, 377696).
cost(16, 18, 280685).
cost(16, 19, 397820).
cost(16, 20, 318480).
cost(16, 21, 379906).
cost(16, 22, 462910).
cost(17, 1, 285124).
cost(17, 2, 568755).
cost(17, 3, 624714).
cost(17, 4, 212227).
cost(17, 5, 252427).
cost(17, 6, 341079).
cost(17, 7, 398464).
cost(17, 8, 452945).
cost(17, 9, 339124).
cost(17, 10, 336696).
cost(17, 11, 356731).
cost(17, 12, 278807).
cost(17, 13, 111677).
cost(17, 14, 356337).
cost(17, 15, 451149).
cost(17, 16, 377696).
cost(17, 18, 108106).
cost(17, 19, 274447).
cost(17, 20, 96393).
cost(17, 21, 231357).
cost(17, 22, 198786).
cost(18, 1, 289067).
cost(18, 2, 460659).
cost(18, 3, 545330).
cost(18, 4, 180031).
cost(18, 5, 182257).
cost(18, 6, 234962).
cost(18, 7, 295444).
cost(18, 8, 467400).
cost(18, 9, 271331).
cost(18, 10, 317188).
cost(18, 11, 450445).
cost(18, 12, 384085).
cost(18, 13, 91521).
cost(18, 14, 276611).
cost(18, 15, 556422).
cost(18, 16, 280685).
cost(18, 17, 108106).
cost(18, 19, 304553).
cost(18, 20, 115303).
cost(18, 21, 182641).
cost(18, 22, 275021).
cost(19, 1, 70676).
cost(19, 2, 657979).
cost(19, 3, 524653).
cost(19, 4, 167368).
cost(19, 5, 248838).
cost(19, 6, 488939).
cost(19, 7, 444730).
cost(19, 8, 726292).
cost(19, 9, 274832).
cost(19, 10, 146385).
cost(19, 11, 279160).
cost(19, 12, 423524).
cost(19, 13, 371275).
cost(19, 14, 320186).
cost(19, 15, 563825).
cost(19, 16, 397820).
cost(19, 17, 274447).
cost(19, 18, 304553).
cost(19, 20, 193777).
cost(19, 21, 483867).
cost(19, 22, 139601).
cost(20, 1, 192339).
cost(20, 2, 541882).
cost(20, 3, 542514).
cost(20, 4, 118682).
cost(20, 5, 174482).
cost(20, 6, 333722).
cost(20, 7, 349440).
cost(20, 8, 544188).
cost(20, 9, 254789).
cost(20, 10, 240387).
cost(20, 11, 349057).
cost(20, 12, 345603).
cost(20, 13, 178105).
cost(20, 14, 279459).
cost(20, 15, 514071).
cost(20, 16, 318480).
cost(20, 17, 96393).
cost(20, 18, 115303).
cost(20, 19, 193777).
cost(20, 21, 290366).
cost(20, 22, 165929).
cost(21, 1, 471704).
cost(21, 2, 454832).
cost(21, 3, 665095).
cost(21, 4, 360050).
cost(21, 5, 341878).
cost(21, 6, 226615).
cost(21, 7, 368789).
cost(21, 8, 315149).
cost(21, 9, 423890).
cost(21, 10, 496713).
cost(21, 11, 582306).
cost(21, 12, 428873).
cost(21, 13, 119732).
cost(21, 14, 413440).
cost(21, 15, 587409).
cost(21, 16, 379906).
cost(21, 17, 231357).
cost(21, 18, 182641).
cost(21, 19, 483867).
cost(21, 20, 290366).
cost(21, 22, 429750).
cost(22, 1, 196213).
cost(22, 2, 702766).
cost(22, 3, 640125).
cost(22, 4, 226070).
cost(22, 5, 308152).
cost(22, 6, 499635).
cost(22, 7, 501257).
cost(22, 8, 625389).
cost(22, 9, 365328).
cost(22, 10, 273311).
cost(22, 11, 186279).
cost(22, 12, 284286).
cost(22, 13, 310048).
cost(22, 14, 403210).
cost(22, 15, 426204).
cost(22, 16, 462910).
cost(22, 17, 198786).
cost(22, 18, 275021).
cost(22, 19, 139601).
cost(22, 20, 165929).
cost(22, 21, 429750).
nocross(1,9).
nocross(1,10).
nocross(1,14).
nocross(1,19).
nocross(1,22).
nocross(2,3).
nocross(2,6).
nocross(2,7).
nocross(2,14).
nocross(2,16).
nocross(3,1).
nocross(3,2).
nocross(3,9).
nocross(3,10).
nocross(3,14).
nocross(3,16).
nocross(4,1).
nocross(4,9).
nocross(4,10).
nocross(4,16).
nocross(4,22).
nocross(5,1).
nocross(5,4).
nocross(5,6).
nocross(5,7).
nocross(5,9).
nocross(5,14).
nocross(5,16).
nocross(5,21).
nocross(6,2).
nocross(6,4).
nocross(6,9).
nocross(6,14).
nocross(6,16).
nocross(6,21).
nocross(7,2).
nocross(7,6).
nocross(7,9).
nocross(7,14).
nocross(7,16).
nocross(8,21).
nocross(9,1).
nocross(9,4).
nocross(9,5).
nocross(9,10).
nocross(9,14).
nocross(9,16).
nocross(9,21).
nocross(10,1).
nocross(10,4).
nocross(10,5).
nocross(10,9).
nocross(10,16).
nocross(10,19).
nocross(10,22).
nocross(11,15).
nocross(11,22).
nocross(12,1).
nocross(12,8).
nocross(12,13).
nocross(12,15).
nocross(12,19).
nocross(12,21).
nocross(12,22).
nocross(13,6).
nocross(13,14).
nocross(13,16).
nocross(13,17).
nocross(13,21).
nocross(13,22).
nocross(14,3).
nocross(14,4).
nocross(14,9).
nocross(14,16).
nocross(14,21).
nocross(16,1).
nocross(16,6).
nocross(16,7).
nocross(16,9).
nocross(16,14).
nocross(16,21).
nocross(17,1).
nocross(17,4).
nocross(17,12).
nocross(17,13).
nocross(17,16).
nocross(17,18).
nocross(17,19).
nocross(17,21).
nocross(17,22).
nocross(18,4).
nocross(18,6).
nocross(18,7).
nocross(18,13).
nocross(18,14).
nocross(18,16).
nocross(18,17).
nocross(18,21).
nocross(19,1).
nocross(19,9).
nocross(19,10).
nocross(20,1).
nocross(20,4).
nocross(20,9).
nocross(20,15).
nocross(20,17).
nocross(20,19).
nocross(20,22).
nocross(21,6).
nocross(21,14).
nocross(21,16).
nocross(22,1).
nocross(22,4).
nocross(22,9).
nocross(22,10).
nocross(22,15).
nocross(22,19).
