dimension(22).
point(1, 254385.0, 266342.0).
point(2, -403407.0, -381721.0).
point(3, 97907.0, -343640.0).
point(4, -63655.0, -472854.0).
point(5, 450040.0, 387878.0).
point(6, 306761.0, -125550.0).
point(7, -199136.0, 147586.0).
point(8, 187843.0, 34098.0).
point(9, 89415.0, -35176.0).
point(10, -1089.0, -356664.0).
point(11, -13979.0, 102934.0).
point(12, -249446.0, 618756.0).
point(13, -77021.0, -148183.0).
point(14, 209186.0, 162101.0).
point(15, -43182.0, -240640.0).
point(16, -341749.0, 231383.0).
point(17, -104781.0, -102169.0).
point(18, -20973.0, 259409.0).
point(19, -105940.0, -25245.0).
point(20, 185428.0, -275524.0).
point(21, -286841.0, 56186.0).
point(22, 120802.0, 2609.0).
cost(1, 2, 923405).
cost(1, 3, 629733).
cost(1, 4, 804711).
cost(1, 5, 230330).
cost(1, 6, 395377).
cost(1, 7, 468812).
cost(1, 8, 241589).
cost(1, 9, 343698).
cost(1, 10, 673352).
cost(1, 11, 314200).
cost(1, 12, 614851).
cost(1, 13, 530717).
cost(1, 14, 113618).
cost(1, 15, 587858).
cost(1, 16, 597158).
cost(1, 17, 514588).
cost(1, 18, 275445).
cost(1, 19, 463527).
cost(1, 20, 546236).
cost(1, 21, 580595).
cost(1, 22, 295634).
cost(2, 1, 923405).
cost(2, 3, 502758).
cost(2, 4, 351762).
cost(2, 5, 1149197).
cost(2, 6, 754958).
cost(2, 7, 567356).
cost(2, 8, 722829).
cost(2, 9, 602467).
cost(2, 10, 403098).
cost(2, 11, 621727).
cost(2, 12, 1012254).
cost(2, 13, 401333).
cost(2, 14, 819154).
cost(2, 15, 386867).
cost(2, 16, 616197).
cost(2, 17, 409056).
cost(2, 18, 746528).
cost(2, 19, 464286).
cost(2, 20, 598335).
cost(2, 21, 453156).
cost(2, 22, 650004).
cost(3, 1, 629733).
cost(3, 2, 502758).
cost(3, 4, 206878).
cost(3, 5, 811860).
cost(3, 6, 301966).
cost(3, 7, 574054).
cost(3, 8, 388297).
cost(3, 9, 308581).
cost(3, 10, 99849).
cost(3, 11, 460377).
cost(3, 12, 1023162).
cost(3, 13, 262304).
cost(3, 14, 517839).
cost(3, 15, 174686).
cost(3, 16, 723843).
cost(3, 17, 315263).
cost(3, 18, 614655).
cost(3, 19, 378059).
cost(3, 20, 110904).
cost(3, 21, 554880).
cost(3, 22, 347005).
cost(4, 1, 804711).
cost(4, 2, 351762).
cost(4, 3, 206878).
cost(4, 5, 1002368).
cost(4, 6, 507768).
cost(4, 7, 635060).
cost(4, 8, 565908).
cost(4, 9, 463673).
cost(4, 10, 131964).
cost(4, 11, 577927).
cost(4, 12, 1107308).
cost(4, 13, 324946).
cost(4, 14, 691093).
cost(4, 15, 233115).
cost(4, 16, 757157).
cost(4, 17, 372959).
cost(4, 18, 733506).
cost(4, 19, 449602).
cost(4, 20, 317776).
cost(4, 21, 574191).
cost(4, 22, 509990).
cost(5, 1, 230330).
cost(5, 2, 1149197).
cost(5, 3, 811860).
cost(5, 4, 1002368).
cost(5, 6, 533045).
cost(5, 7, 692221).
cost(5, 8, 440349).
cost(5, 9, 555900).
cost(5, 10, 870552).
cost(5, 11, 544524).
cost(5, 12, 736604).
cost(5, 13, 751768).
cost(5, 14, 330130).
cost(5, 15, 798939).
cost(5, 16, 807106).
cost(5, 17, 740252).
cost(5, 18, 488219).
cost(5, 19, 692665).
cost(5, 20, 714228).
cost(5, 21, 808092).
cost(5, 22, 506784).
cost(6, 1, 395377).
cost(6, 2, 754958).
cost(6, 3, 301966).
cost(6, 4, 507768).
cost(6, 5, 533045).
cost(6, 7, 574922).
cost(6, 8, 199070).
cost(6, 9, 235386).
cost(6, 10, 384948).
cost(6, 11, 393801).
cost(6, 12, 929170).
cost(6, 13, 384449).
cost(6, 14, 303750).
cost(6, 15, 368383).
cost(6, 16, 740248).
cost(6, 17, 412206).
cost(6, 18, 505572).
cost(6, 19, 424715).
cost(6, 20, 192909).
cost(6, 21, 620799).
cost(6, 22, 225844).
cost(7, 1, 468812).
cost(7, 2, 567356).
cost(7, 3, 574054).
cost(7, 4, 635060).
cost(7, 5, 692221).
cost(7, 6, 574922).
cost(7, 8, 403277).
cost(7, 9, 341561).
cost(7, 10, 541748).
cost(7, 11, 190465).
cost(7, 12, 473848).
cost(7, 13, 319987).
cost(7, 14, 408580).
cost(7, 15, 418379).
cost(7, 16, 165410).
cost(7, 17, 266984).
cost(7, 18, 210348).
cost(7, 19, 196357).
cost(7, 20, 571762).
cost(7, 21, 126673).
cost(7, 22, 351253).
cost(8, 1, 241589).
cost(8, 2, 722829).
cost(8, 3, 388297).
cost(8, 4, 565908).
cost(8, 5, 440349).
cost(8, 6, 199070).
cost(8, 7, 403277).
cost(8, 9, 120362).
cost(8, 10, 434039).
cost(8, 11, 213238).
cost(8, 12, 730100).
cost(8, 13, 321527).
cost(8, 14, 129770).
cost(8, 15, 358962).
cost(8, 16, 565145).
cost(8, 17, 322796).
cost(8, 18, 307196).
cost(8, 19, 299717).
cost(8, 20, 309631).
cost(8, 21, 475198).
cost(8, 22, 74068).
cost(9, 1, 343698).
cost(9, 2, 602467).
cost(9, 3, 308581).
cost(9, 4, 463673).
cost(9, 5, 555900).
cost(9, 6, 235386).
cost(9, 7, 341561).
cost(9, 8, 120362).
cost(9, 10, 333984).
cost(9, 11, 172524).
cost(9, 12, 736515).
cost(9, 13, 201175).
cost(9, 14, 230788).
cost(9, 15, 244535).
cost(9, 16, 506908).
cost(9, 17, 205427).
cost(9, 18, 314588).
cost(9, 19, 195607).
cost(9, 20, 258816).
cost(9, 21, 387189).
cost(9, 22, 49121).
cost(10, 1, 673352).
cost(10, 2, 403098).
cost(10, 3, 99849).
cost(10, 4, 131964).
cost(10, 5, 870552).
cost(10, 6, 384948).
cost(10, 7, 541748).
cost(10, 8, 434039).
cost(10, 9, 333984).
cost(10, 11, 459779).
cost(10, 12, 1006541).
cost(10, 13, 221878).
cost(10, 14, 559761).
cost(10, 15, 123424).
cost(10, 16, 679594).
cost(10, 17, 274809).
cost(10, 18, 616394).
cost(10, 19, 347609).
cost(10, 20, 203402).
cost(10, 21, 502095).
cost(10, 22, 379387).
cost(11, 1, 314200).
cost(11, 2, 621727).
cost(11, 3, 460377).
cost(11, 4, 577927).
cost(11, 5, 544524).
cost(11, 6, 393801).
cost(11, 7, 190465).
cost(11, 8, 213238).
cost(11, 9, 172524).
cost(11, 10, 459779).
cost(11, 12, 567025).
cost(11, 13, 258909).
cost(11, 14, 230875).
cost(11, 15, 344813).
cost(11, 16, 352040).
cost(11, 17, 224304).
cost(11, 18, 156631).
cost(11, 19, 157755).
cost(11, 20, 427778).
cost(11, 21, 276838).
cost(11, 22, 168021).
cost(12, 1, 614851).
cost(12, 2, 1012254).
cost(12, 3, 1023162).
cost(12, 4, 1107308).
cost(12, 5, 736604).
cost(12, 6, 929170).
cost(12, 7, 473848).
cost(12, 8, 730100).
cost(12, 9, 736515).
cost(12, 10, 1006541).
cost(12, 11, 567025).
cost(12, 13, 786083).
cost(12, 14, 647207).
cost(12, 15, 883802).
cost(12, 16, 398218).
cost(12, 17, 735296).
cost(12, 18, 425829).
cost(12, 19, 659796).
cost(12, 20, 994410).
cost(12, 21, 563811).
cost(12, 22, 718833).
cost(13, 1, 530717).
cost(13, 2, 401333).
cost(13, 3, 262304).
cost(13, 4, 324946).
cost(13, 5, 751768).
cost(13, 6, 384449).
cost(13, 7, 319987).
cost(13, 8, 321527).
cost(13, 9, 201175).
cost(13, 10, 221878).
cost(13, 11, 258909).
cost(13, 12, 786083).
cost(13, 14, 422126).
cost(13, 15, 98455).
cost(13, 16, 462765).
cost(13, 17, 53739).
cost(13, 18, 411428).
cost(13, 19, 126294).
cost(13, 20, 291711).
cost(13, 21, 292901).
cost(13, 22, 248741).
cost(14, 1, 113618).
cost(14, 2, 819154).
cost(14, 3, 517839).
cost(14, 4, 691093).
cost(14, 5, 330130).
cost(14, 6, 303750).
cost(14, 7, 408580).
cost(14, 8, 129770).
cost(14, 9, 230788).
cost(14, 10, 559761).
cost(14, 11, 230875).
cost(14, 12, 647207).
cost(14, 13, 422126).
cost(14, 15, 475279).
cost(14, 16, 555274).
cost(14, 17, 410383).
cost(14, 18, 249884).
cost(14, 19, 366610).
cost(14, 20, 438269).
cost(14, 21, 507209).
cost(14, 22, 182344).
cost(15, 1, 587858).
cost(15, 2, 386867).
cost(15, 3, 174686).
cost(15, 4, 233115).
cost(15, 5, 798939).
cost(15, 6, 368383).
cost(15, 7, 418379).
cost(15, 8, 358962).
cost(15, 9, 244535).
cost(15, 10, 123424).
cost(15, 11, 344813).
cost(15, 12, 883802).
cost(15, 13, 98455).
cost(15, 14, 475279).
cost(15, 16, 558523).
cost(15, 17, 151554).
cost(15, 18, 500542).
cost(15, 19, 224351).
cost(15, 20, 231256).
cost(15, 21, 384025).
cost(15, 22, 293361).
cost(16, 1, 597158).
cost(16, 2, 616197).
cost(16, 3, 723843).
cost(16, 4, 757157).
cost(16, 5, 807106).
cost(16, 6, 740248).
cost(16, 7, 165410).
cost(16, 8, 565145).
cost(16, 9, 506908).
cost(16, 10, 679594).
cost(16, 11, 352040).
cost(16, 12, 398218).
cost(16, 13, 462765).
cost(16, 14, 555274).
cost(16, 15, 558523).
cost(16, 17, 409159).
cost(16, 18, 321998).
cost(16, 19, 348517).
cost(16, 20, 731348).
cost(16, 21, 183600).
cost(16, 22, 516034).
cost(17, 1, 514588).
cost(17, 2, 409056).
cost(17, 3, 315263).
cost(17, 4, 372959).
cost(17, 5, 740252).
cost(17, 6, 412206).
cost(17, 7, 266984).
cost(17, 8, 322796).
cost(17, 9, 205427).
cost(17, 10, 274809).
cost(17, 11, 224304).
cost(17, 12, 735296).
cost(17, 13, 53739).
cost(17, 14, 410383).
cost(17, 15, 151554).
cost(17, 16, 409159).
cost(17, 18, 371164).
cost(17, 19, 76933).
cost(17, 20, 338043).
cost(17, 21, 241293).
cost(17, 22, 248729).
cost(18, 1, 275445).
cost(18, 2, 746528).
cost(18, 3, 614655).
cost(18, 4, 733506).
cost(18, 5, 488219).
cost(18, 6, 505572).
cost(18, 7, 210348).
cost(18, 8, 307196).
cost(18, 9, 314588).
cost(18, 10, 616394).
cost(18, 11, 156631).
cost(18, 12, 425829).
cost(18, 13, 411428).
cost(18, 14, 249884).
cost(18, 15, 500542).
cost(18, 16, 321998).
cost(18, 17, 371164).
cost(18, 19, 297064).
cost(18, 20, 573371).
cost(18, 21, 334642).
cost(18, 22, 293337).
cost(19, 1, 463527).
cost(19, 2, 464286).
cost(19, 3, 378059).
cost(19, 4, 449602).
cost(19, 5, 692665).
cost(19, 6, 424715).
cost(19, 7, 196357).
cost(19, 8, 299717).
cost(19, 9, 195607).
cost(19, 10, 347609).
cost(19, 11, 157755).
cost(19, 12, 659796).
cost(19, 13, 126294).
cost(19, 14, 366610).
cost(19, 15, 224351).
cost(19, 16, 348517).
cost(19, 17, 76933).
cost(19, 18, 297064).
cost(19, 20, 384103).
cost(19, 21, 198384).
cost(19, 22, 228446).
cost(20, 1, 546236).
cost(20, 2, 598335).
cost(20, 3, 110904).
cost(20, 4, 317776).
cost(20, 5, 714228).
cost(20, 6, 192909).
cost(20, 7, 571762).
cost(20, 8, 309631).
cost(20, 9, 258816).
cost(20, 10, 203402).
cost(20, 11, 427778).
cost(20, 12, 994410).
cost(20, 13, 291711).
cost(20, 14, 438269).
cost(20, 15, 231256).
cost(20, 16, 731348).
cost(20, 17, 338043).
cost(20, 18, 573371).
cost(20, 19, 384103).
cost(20, 21, 577122).
cost(20, 22, 285542).
cost(21, 1, 580595).
cost(21, 2, 453156).
cost(21, 3, 554880).
cost(21, 4, 574191).
cost(21, 5, 808092).
cost(21, 6, 620799).
cost(21, 7, 126673).
cost(21, 8, 475198).
cost(21, 9, 387189).
cost(21, 10, 502095).
cost(21, 11, 276838).
cost(21, 12, 563811).
cost(21, 13, 292901).
cost(21, 14, 507209).
cost(21, 15, 384025).
cost(21, 16, 183600).
cost(21, 17, 241293).
cost(21, 18, 334642).
cost(21, 19, 198384).
cost(21, 20, 577122).
cost(21, 22, 411149).
cost(22, 1, 295634).
cost(22, 2, 650004).
cost(22, 3, 347005).
cost(22, 4, 509990).
cost(22, 5, 506784).
cost(22, 6, 225844).
cost(22, 7, 351253).
cost(22, 8, 74068).
cost(22, 9, 49121).
cost(22, 10, 379387).
cost(22, 11, 168021).
cost(22, 12, 718833).
cost(22, 13, 248741).
cost(22, 14, 182344).
cost(22, 15, 293361).
cost(22, 16, 516034).
cost(22, 17, 248729).
cost(22, 18, 293337).
cost(22, 19, 228446).
cost(22, 20, 285542).
cost(22, 21, 411149).
nocross(1,5).
nocross(1,18).
nocross(1,22).
nocross(2,4).
nocross(2,10).
nocross(2,13).
nocross(2,15).
nocross(2,17).
nocross(2,21).
nocross(3,9).
nocross(3,10).
nocross(3,13).
nocross(3,15).
nocross(3,19).
nocross(3,20).
nocross(4,3).
nocross(4,10).
nocross(4,13).
nocross(4,15).
nocross(4,17).
nocross(5,8).
nocross(5,14).
nocross(5,18).
nocross(6,8).
nocross(6,9).
nocross(6,10).
nocross(6,13).
nocross(6,22).
nocross(7,9).
nocross(7,13).
nocross(7,17).
nocross(7,18).
nocross(7,19).
nocross(7,21).
nocross(7,22).
nocross(8,14).
nocross(8,18).
nocross(8,22).
nocross(9,8).
nocross(9,10).
nocross(9,13).
nocross(9,14).
nocross(9,15).
nocross(9,19).
nocross(9,20).
nocross(9,21).
nocross(9,22).
nocross(10,3).
nocross(10,4).
nocross(10,9).
nocross(10,15).
nocross(10,17).
nocross(10,20).
nocross(11,8).
nocross(11,13).
nocross(11,14).
nocross(11,15).
nocross(11,19).
nocross(11,21).
nocross(12,5).
nocross(12,16).
nocross(12,18).
nocross(13,10).
nocross(13,15).
nocross(13,17).
nocross(13,19).
nocross(13,20).
nocross(13,21).
nocross(14,5).
nocross(14,8).
nocross(14,18).
nocross(14,22).
nocross(15,3).
nocross(15,9).
nocross(15,10).
nocross(15,13).
nocross(16,7).
nocross(16,18).
nocross(16,21).
nocross(17,13).
nocross(17,15).
nocross(17,19).
nocross(17,20).
nocross(17,21).
nocross(18,8).
nocross(18,9).
nocross(18,14).
nocross(18,19).
nocross(18,22).
nocross(19,7).
nocross(19,9).
nocross(19,13).
nocross(19,14).
nocross(19,17).
nocross(19,20).
nocross(19,21).
nocross(19,22).
nocross(20,8).
nocross(20,9).
nocross(20,19).
nocross(21,15).
nocross(21,17).
nocross(21,18).
nocross(21,19).
nocross(22,8).
nocross(22,9).
nocross(22,13).
nocross(22,14).
