dimension(22).
point(1, -176934.0, -57650.0).
point(2, 153459.0, -232620.0).
point(3, -8702.0, -84940.0).
point(4, -226117.0, 352327.0).
point(5, -181654.0, 87929.0).
point(6, 178875.0, 6935.0).
point(7, -93958.0, 22024.0).
point(8, -352033.0, -105877.0).
point(9, 66343.0, 232525.0).
point(10, -49744.0, -360373.0).
point(11, -289275.0, 324794.0).
point(12, -155593.0, -67423.0).
point(13, -117340.0, 231576.0).
point(14, -165259.0, -280987.0).
point(15, 283999.0, -561721.0).
point(16, 42470.0, -212911.0).
point(17, 294296.0, 199959.0).
point(18, -182206.0, -325613.0).
point(19, 140416.0, 38395.0).
point(20, 296990.0, -90331.0).
point(21, -470393.0, 226331.0).
point(22, -120736.0, 189861.0).
cost(1, 2, 373864).
cost(1, 3, 170431).
cost(1, 4, 412917).
cost(1, 5, 145655).
cost(1, 6, 361623).
cost(1, 7, 115035).
cost(1, 8, 181619).
cost(1, 9, 378662).
cost(1, 10, 328357).
cost(1, 11, 398602).
cost(1, 12, 23472).
cost(1, 13, 295302).
cost(1, 14, 223642).
cost(1, 15, 683042).
cost(1, 16, 268783).
cost(1, 17, 537048).
cost(1, 18, 268015).
cost(1, 19, 331565).
cost(1, 20, 475049).
cost(1, 21, 408367).
cost(1, 22, 253811).
cost(2, 1, 373864).
cost(2, 3, 219330).
cost(2, 4, 697310).
cost(2, 5, 463737).
cost(2, 6, 240900).
cost(2, 7, 355048).
cost(2, 8, 521139).
cost(2, 9, 473233).
cost(2, 10, 240026).
cost(2, 11, 711845).
cost(2, 12, 350433).
cost(2, 13, 537410).
cost(2, 14, 322367).
cost(2, 15, 354045).
cost(2, 16, 112725).
cost(2, 17, 454928).
cost(2, 18, 348308).
cost(2, 19, 271329).
cost(2, 20, 202107).
cost(2, 21, 774485).
cost(2, 22, 503660).
cost(3, 1, 170431).
cost(3, 2, 219330).
cost(3, 4, 488336).
cost(3, 5, 244532).
cost(3, 6, 208869).
cost(3, 7, 136784).
cost(3, 8, 343969).
cost(3, 9, 326214).
cost(3, 10, 278474).
cost(3, 11, 496592).
cost(3, 12, 147932).
cost(3, 13, 334641).
cost(3, 14, 250887).
cost(3, 15, 559459).
cost(3, 16, 137823).
cost(3, 17, 415903).
cost(3, 18, 296694).
cost(3, 19, 193514).
cost(3, 20, 305740).
cost(3, 21, 556820).
cost(3, 22, 296761).
cost(4, 1, 412917).
cost(4, 2, 697310).
cost(4, 3, 488336).
cost(4, 5, 268111).
cost(4, 6, 532273).
cost(4, 7, 355761).
cost(4, 8, 475190).
cost(4, 9, 316046).
cost(4, 10, 734199).
cost(4, 11, 68898).
cost(4, 12, 425633).
cost(4, 13, 162522).
cost(4, 14, 636231).
cost(4, 15, 1046758).
cost(4, 16, 625806).
cost(4, 17, 542260).
cost(4, 18, 679361).
cost(4, 19, 482597).
cost(4, 20, 685264).
cost(4, 21, 274856).
cost(4, 22, 193650).
cost(5, 1, 145655).
cost(5, 2, 463737).
cost(5, 3, 244532).
cost(5, 4, 268111).
cost(5, 6, 369515).
cost(5, 7, 109700).
cost(5, 8, 258050).
cost(5, 9, 287072).
cost(5, 10, 467306).
cost(5, 11, 260168).
cost(5, 12, 157523).
cost(5, 13, 157387).
cost(5, 14, 369280).
cost(5, 15, 799298).
cost(5, 16, 375148).
cost(5, 17, 488957).
cost(5, 18, 413542).
cost(5, 19, 325857).
cost(5, 20, 510761).
cost(5, 21, 320196).
cost(5, 22, 118748).
cost(6, 1, 361623).
cost(6, 2, 240900).
cost(6, 3, 208869).
cost(6, 4, 532273).
cost(6, 5, 369515).
cost(6, 7, 273250).
cost(6, 8, 542761).
cost(6, 9, 252100).
cost(6, 10, 432645).
cost(6, 11, 565861).
cost(6, 12, 342634).
cost(6, 13, 371762).
cost(6, 14, 448695).
cost(6, 15, 578291).
cost(6, 16, 258725).
cost(6, 17, 224901).
cost(6, 18, 490885).
cost(6, 19, 49687).
cost(6, 20, 153009).
cost(6, 21, 685335).
cost(6, 22, 351039).
cost(7, 1, 115035).
cost(7, 2, 355048).
cost(7, 3, 136784).
cost(7, 4, 355761).
cost(7, 5, 109700).
cost(7, 6, 273250).
cost(7, 8, 288030).
cost(7, 9, 264589).
cost(7, 10, 384945).
cost(7, 11, 360303).
cost(7, 12, 108626).
cost(7, 13, 210852).
cost(7, 14, 311287).
cost(7, 15, 695421).
cost(7, 16, 271675).
cost(7, 17, 427086).
cost(7, 18, 358663).
cost(7, 19, 234945).
cost(7, 20, 406773).
cost(7, 21, 428304).
cost(7, 22, 169960).
cost(8, 1, 181619).
cost(8, 2, 521139).
cost(8, 3, 343969).
cost(8, 4, 475190).
cost(8, 5, 258050).
cost(8, 6, 542761).
cost(8, 7, 288030).
cost(8, 9, 538103).
cost(8, 10, 395154).
cost(8, 11, 435220).
cost(8, 12, 200168).
cost(8, 13, 411042).
cost(8, 14, 256024).
cost(8, 15, 782515).
cost(8, 16, 408765).
cost(8, 17, 715036).
cost(8, 18, 277714).
cost(8, 19, 513148).
cost(8, 20, 649209).
cost(8, 21, 352663).
cost(8, 22, 375445).
cost(9, 1, 378662).
cost(9, 2, 473233).
cost(9, 3, 326214).
cost(9, 4, 316046).
cost(9, 5, 287072).
cost(9, 6, 252100).
cost(9, 7, 264589).
cost(9, 8, 538103).
cost(9, 10, 604156).
cost(9, 11, 367393).
cost(9, 12, 373128).
cost(9, 13, 183685).
cost(9, 14, 563324).
cost(9, 15, 823530).
cost(9, 16, 446075).
cost(9, 17, 230267).
cost(9, 18, 610978).
cost(9, 19, 207782).
cost(9, 20, 396780).
cost(9, 21, 536772).
cost(9, 22, 191882).
cost(10, 1, 328357).
cost(10, 2, 240026).
cost(10, 3, 278474).
cost(10, 4, 734199).
cost(10, 5, 467306).
cost(10, 6, 432645).
cost(10, 7, 384945).
cost(10, 8, 395154).
cost(10, 9, 604156).
cost(10, 11, 725830).
cost(10, 12, 311486).
cost(10, 13, 595796).
cost(10, 14, 140164).
cost(10, 15, 389776).
cost(10, 16, 173921).
cost(10, 17, 657522).
cost(10, 18, 136947).
cost(10, 19, 441788).
cost(10, 20, 439485).
cost(10, 21, 721919).
cost(10, 22, 554795).
cost(11, 1, 398602).
cost(11, 2, 711845).
cost(11, 3, 496592).
cost(11, 4, 68898).
cost(11, 5, 260168).
cost(11, 6, 565861).
cost(11, 7, 360303).
cost(11, 8, 435220).
cost(11, 9, 367393).
cost(11, 10, 725830).
cost(11, 12, 414373).
cost(11, 13, 195579).
cost(11, 14, 618345).
cost(11, 15, 1055723).
cost(11, 16, 631808).
cost(11, 17, 596774).
cost(11, 18, 659161).
cost(11, 19, 516390).
cost(11, 20, 718356).
cost(11, 21, 206152).
cost(11, 22, 215899).
cost(12, 1, 23472).
cost(12, 2, 350433).
cost(12, 3, 147932).
cost(12, 4, 425633).
cost(12, 5, 157523).
cost(12, 6, 342634).
cost(12, 7, 108626).
cost(12, 8, 200168).
cost(12, 9, 373128).
cost(12, 10, 311486).
cost(12, 11, 414373).
cost(12, 13, 301436).
cost(12, 14, 213783).
cost(12, 15, 661492).
cost(12, 16, 245755).
cost(12, 17, 523348).
cost(12, 18, 259558).
cost(12, 19, 314355).
cost(12, 20, 453162).
cost(12, 21, 430570).
cost(12, 22, 259634).
cost(13, 1, 295302).
cost(13, 2, 537410).
cost(13, 3, 334641).
cost(13, 4, 162522).
cost(13, 5, 157387).
cost(13, 6, 371762).
cost(13, 7, 210852).
cost(13, 8, 411042).
cost(13, 9, 183685).
cost(13, 10, 595796).
cost(13, 11, 195579).
cost(13, 12, 301436).
cost(13, 14, 514798).
cost(13, 15, 889041).
cost(13, 16, 472343).
cost(13, 17, 412848).
cost(13, 18, 560952).
cost(13, 19, 322113).
cost(13, 20, 524684).
cost(13, 21, 353092).
cost(13, 22, 41853).
cost(14, 1, 223642).
cost(14, 2, 322367).
cost(14, 3, 250887).
cost(14, 4, 636231).
cost(14, 5, 369280).
cost(14, 6, 448695).
cost(14, 7, 311287).
cost(14, 8, 256024).
cost(14, 9, 563324).
cost(14, 10, 140164).
cost(14, 11, 618345).
cost(14, 12, 213783).
cost(14, 13, 514798).
cost(14, 15, 529759).
cost(14, 16, 218599).
cost(14, 17, 665207).
cost(14, 18, 47736).
cost(14, 19, 442088).
cost(14, 20, 500024).
cost(14, 21, 592012).
cost(14, 22, 472948).
cost(15, 1, 683042).
cost(15, 2, 354045).
cost(15, 3, 559459).
cost(15, 4, 1046758).
cost(15, 5, 799298).
cost(15, 6, 578291).
cost(15, 7, 695421).
cost(15, 8, 782515).
cost(15, 9, 823530).
cost(15, 10, 389776).
cost(15, 11, 1055723).
cost(15, 12, 661492).
cost(15, 13, 889041).
cost(15, 14, 529759).
cost(15, 16, 424270).
cost(15, 17, 761750).
cost(15, 18, 522584).
cost(15, 19, 617054).
cost(15, 20, 471569).
cost(15, 21, 1090932).
cost(15, 22, 853631).
cost(16, 1, 268783).
cost(16, 2, 112725).
cost(16, 3, 137823).
cost(16, 4, 625806).
cost(16, 5, 375148).
cost(16, 6, 258725).
cost(16, 7, 271675).
cost(16, 8, 408765).
cost(16, 9, 446075).
cost(16, 10, 173921).
cost(16, 11, 631808).
cost(16, 12, 245755).
cost(16, 13, 472343).
cost(16, 14, 218599).
cost(16, 15, 424270).
cost(16, 17, 483609).
cost(16, 18, 251358).
cost(16, 19, 269719).
cost(16, 20, 282500).
cost(16, 21, 675250).
cost(16, 22, 434582).
cost(17, 1, 537048).
cost(17, 2, 454928).
cost(17, 3, 415903).
cost(17, 4, 542260).
cost(17, 5, 488957).
cost(17, 6, 224901).
cost(17, 7, 427086).
cost(17, 8, 715036).
cost(17, 9, 230267).
cost(17, 10, 657522).
cost(17, 11, 596774).
cost(17, 12, 523348).
cost(17, 13, 412848).
cost(17, 14, 665207).
cost(17, 15, 761750).
cost(17, 16, 483609).
cost(17, 18, 709422).
cost(17, 19, 223119).
cost(17, 20, 290303).
cost(17, 21, 765144).
cost(17, 22, 415155).
cost(18, 1, 268015).
cost(18, 2, 348308).
cost(18, 3, 296694).
cost(18, 4, 679361).
cost(18, 5, 413542).
cost(18, 6, 490885).
cost(18, 7, 358663).
cost(18, 8, 277714).
cost(18, 9, 610978).
cost(18, 10, 136947).
cost(18, 11, 659161).
cost(18, 12, 259558).
cost(18, 13, 560952).
cost(18, 14, 47736).
cost(18, 15, 522584).
cost(18, 16, 251358).
cost(18, 17, 709422).
cost(18, 19, 486402).
cost(18, 20, 533841).
cost(18, 21, 622651).
cost(18, 22, 519126).
cost(19, 1, 331565).
cost(19, 2, 271329).
cost(19, 3, 193514).
cost(19, 4, 482597).
cost(19, 5, 325857).
cost(19, 6, 49687).
cost(19, 7, 234945).
cost(19, 8, 513148).
cost(19, 9, 207782).
cost(19, 10, 441788).
cost(19, 11, 516390).
cost(19, 12, 314355).
cost(19, 13, 322113).
cost(19, 14, 442088).
cost(19, 15, 617054).
cost(19, 16, 269719).
cost(19, 17, 223119).
cost(19, 18, 486402).
cost(19, 20, 202696).
cost(19, 21, 639068).
cost(19, 22, 301898).
cost(20, 1, 475049).
cost(20, 2, 202107).
cost(20, 3, 305740).
cost(20, 4, 685264).
cost(20, 5, 510761).
cost(20, 6, 153009).
cost(20, 7, 406773).
cost(20, 8, 649209).
cost(20, 9, 396780).
cost(20, 10, 439485).
cost(20, 11, 718356).
cost(20, 12, 453162).
cost(20, 13, 524684).
cost(20, 14, 500024).
cost(20, 15, 471569).
cost(20, 16, 282500).
cost(20, 17, 290303).
cost(20, 18, 533841).
cost(20, 19, 202696).
cost(20, 21, 830151).
cost(20, 22, 502994).
cost(21, 1, 408367).
cost(21, 2, 774485).
cost(21, 3, 556820).
cost(21, 4, 274856).
cost(21, 5, 320196).
cost(21, 6, 685335).
cost(21, 7, 428304).
cost(21, 8, 352663).
cost(21, 9, 536772).
cost(21, 10, 721919).
cost(21, 11, 206152).
cost(21, 12, 430570).
cost(21, 13, 353092).
cost(21, 14, 592012).
cost(21, 15, 1090932).
cost(21, 16, 675250).
cost(21, 17, 765144).
cost(21, 18, 622651).
cost(21, 19, 639068).
cost(21, 20, 830151).
cost(21, 22, 351554).
cost(22, 1, 253811).
cost(22, 2, 503660).
cost(22, 3, 296761).
cost(22, 4, 193650).
cost(22, 5, 118748).
cost(22, 6, 351039).
cost(22, 7, 169960).
cost(22, 8, 375445).
cost(22, 9, 191882).
cost(22, 10, 554795).
cost(22, 11, 215899).
cost(22, 12, 259634).
cost(22, 13, 41853).
cost(22, 14, 472948).
cost(22, 15, 853631).
cost(22, 16, 434582).
cost(22, 17, 415155).
cost(22, 18, 519126).
cost(22, 19, 301898).
cost(22, 20, 502994).
cost(22, 21, 351554).
nocross(1,5).
nocross(1,8).
nocross(1,12).
nocross(1,22).
nocross(2,6).
nocross(2,10).
nocross(2,14).
nocross(2,15).
nocross(2,16).
nocross(2,20).
nocross(3,2).
nocross(3,10).
nocross(3,12).
nocross(3,14).
nocross(4,11).
nocross(4,22).
nocross(5,1).
nocross(5,4).
nocross(5,8).
nocross(5,12).
nocross(6,2).
nocross(6,14).
nocross(6,16).
nocross(6,20).
nocross(7,22).
nocross(8,1).
nocross(8,5).
nocross(8,12).
nocross(8,14).
nocross(8,18).
nocross(8,21).
nocross(9,4).
nocross(9,17).
nocross(9,22).
nocross(10,2).
nocross(10,15).
nocross(10,16).
nocross(11,22).
nocross(12,1).
nocross(12,3).
nocross(12,7).
nocross(12,16).
nocross(12,22).
nocross(13,4).
nocross(13,9).
nocross(13,11).
nocross(13,22).
nocross(14,8).
nocross(14,10).
nocross(14,12).
nocross(14,16).
nocross(15,2).
nocross(15,6).
nocross(15,10).
nocross(15,20).
nocross(16,10).
nocross(16,12).
nocross(16,14).
nocross(17,6).
nocross(17,9).
nocross(17,20).
nocross(18,2).
nocross(18,8).
nocross(18,10).
nocross(18,14).
nocross(19,3).
nocross(19,14).
nocross(19,16).
nocross(19,22).
nocross(20,2).
nocross(20,16).
nocross(21,8).
nocross(21,22).
nocross(22,4).
nocross(22,5).
nocross(22,11).
