dimension(22).
point(1, -7891.0, 411580.0).
point(2, 18400.0, -73238.0).
point(3, -50898.0, 244864.0).
point(4, 130409.0, 213747.0).
point(5, -62023.0, 123587.0).
point(6, -17925.0, -102753.0).
point(7, -271400.0, 124080.0).
point(8, -38562.0, 234018.0).
point(9, 75610.0, 134073.0).
point(10, -16564.0, 111876.0).
point(11, -196983.0, -280958.0).
point(12, -280466.0, -286006.0).
point(13, 42592.0, -54210.0).
point(14, 51009.0, -233271.0).
point(15, -122907.0, 122256.0).
point(16, 218870.0, -129981.0).
point(17, 282283.0, 169868.0).
point(18, 214855.0, -184256.0).
point(19, 74082.0, 267783.0).
point(20, -278774.0, 228657.0).
point(21, 50697.0, 328861.0).
point(22, -2976.0, 495969.0).
cost(1, 2, 485530).
cost(1, 3, 172174).
cost(1, 4, 241381).
cost(1, 5, 293036).
cost(1, 6, 514431).
cost(1, 7, 389991).
cost(1, 8, 180191).
cost(1, 9, 289797).
cost(1, 10, 299829).
cost(1, 11, 717889).
cost(1, 12, 748948).
cost(1, 13, 468518).
cost(1, 14, 647535).
cost(1, 15, 311347).
cost(1, 16, 587119).
cost(1, 17, 377658).
cost(1, 18, 636110).
cost(1, 19, 165521).
cost(1, 20, 326861).
cost(1, 21, 101366).
cost(1, 22, 84532).
cost(2, 1, 485530).
cost(2, 3, 325563).
cost(2, 4, 308069).
cost(2, 5, 212622).
cost(2, 6, 46804).
cost(2, 7, 350597).
cost(2, 8, 312491).
cost(2, 9, 215060).
cost(2, 10, 188387).
cost(2, 11, 299228).
cost(2, 12, 366867).
cost(2, 13, 30779).
cost(2, 14, 163321).
cost(2, 15, 241217).
cost(2, 16, 208346).
cost(2, 17, 358796).
cost(2, 18, 225654).
cost(2, 19, 345537).
cost(2, 20, 423619).
cost(2, 21, 403394).
cost(2, 22, 569608).
cost(3, 1, 172174).
cost(3, 2, 325563).
cost(3, 4, 183958).
cost(3, 5, 121786).
cost(3, 6, 349177).
cost(3, 7, 251416).
cost(3, 8, 16426).
cost(3, 9, 168163).
cost(3, 10, 137349).
cost(3, 11, 545738).
cost(3, 12, 578381).
cost(3, 13, 313346).
cost(3, 14, 488874).
cost(3, 15, 142190).
cost(3, 16, 461826).
cost(3, 17, 341517).
cost(3, 18, 504746).
cost(3, 19, 127064).
cost(3, 20, 228452).
cost(3, 21, 131822).
cost(3, 22, 255637).
cost(4, 1, 241381).
cost(4, 2, 308069).
cost(4, 3, 183958).
cost(4, 5, 212506).
cost(4, 6, 349536).
cost(4, 7, 411692).
cost(4, 8, 170183).
cost(4, 9, 96700).
cost(4, 10, 178826).
cost(4, 11, 593227).
cost(4, 12, 646971).
cost(4, 13, 281980).
cost(4, 14, 454015).
cost(4, 15, 269332).
cost(4, 16, 354929).
cost(4, 17, 158086).
cost(4, 18, 406863).
cost(4, 19, 78055).
cost(4, 20, 409455).
cost(4, 21, 140019).
cost(4, 22, 312155).
cost(5, 1, 293036).
cost(5, 2, 212622).
cost(5, 3, 121786).
cost(5, 4, 212506).
cost(5, 6, 230596).
cost(5, 7, 209378).
cost(5, 8, 112896).
cost(5, 9, 138032).
cost(5, 10, 46943).
cost(5, 11, 426463).
cost(5, 12, 464202).
cost(5, 13, 206291).
cost(5, 14, 374331).
cost(5, 15, 60899).
cost(5, 16, 378415).
cost(5, 17, 347403).
cost(5, 18, 414040).
cost(5, 19, 198285).
cost(5, 20, 240875).
cost(5, 21, 234186).
cost(5, 22, 377034).
cost(6, 1, 514431).
cost(6, 2, 46804).
cost(6, 3, 349177).
cost(6, 4, 349536).
cost(6, 5, 230596).
cost(6, 7, 340151).
cost(6, 8, 337403).
cost(6, 9, 254628).
cost(6, 10, 214633).
cost(6, 11, 252624).
cost(6, 12, 320171).
cost(6, 13, 77580).
cost(6, 14, 147604).
cost(6, 15, 248295).
cost(6, 16, 238355).
cost(6, 17, 405521).
cost(6, 18, 246636).
cost(6, 19, 381788).
cost(6, 20, 421752).
cost(6, 21, 437035).
cost(6, 22, 598909).
cost(7, 1, 389991).
cost(7, 2, 350597).
cost(7, 3, 251416).
cost(7, 4, 411692).
cost(7, 5, 209378).
cost(7, 6, 340151).
cost(7, 8, 257488).
cost(7, 9, 347154).
cost(7, 10, 255128).
cost(7, 11, 411818).
cost(7, 12, 410186).
cost(7, 13, 361079).
cost(7, 14, 481298).
cost(7, 15, 148504).
cost(7, 16, 552188).
cost(7, 17, 555573).
cost(7, 18, 575773).
cost(7, 19, 374177).
cost(7, 20, 104837).
cost(7, 21, 381683).
cost(7, 22, 458642).
cost(8, 1, 180191).
cost(8, 2, 312491).
cost(8, 3, 16426).
cost(8, 4, 170183).
cost(8, 5, 112896).
cost(8, 6, 337403).
cost(8, 7, 257488).
cost(8, 9, 151737).
cost(8, 10, 124107).
cost(8, 11, 538793).
cost(8, 12, 573535).
cost(8, 13, 299435).
cost(8, 14, 475796).
cost(8, 15, 140017).
cost(8, 16, 445832).
cost(8, 17, 327195).
cost(8, 18, 489053).
cost(8, 19, 117596).
cost(8, 20, 240272).
cost(8, 21, 130240).
cost(8, 22, 264357).
cost(9, 1, 289797).
cost(9, 2, 215060).
cost(9, 3, 168163).
cost(9, 4, 96700).
cost(9, 5, 138032).
cost(9, 6, 254628).
cost(9, 7, 347154).
cost(9, 8, 151737).
cost(9, 10, 94809).
cost(9, 11, 496546).
cost(9, 12, 550687).
cost(9, 13, 191156).
cost(9, 14, 368167).
cost(9, 15, 198868).
cost(9, 16, 300413).
cost(9, 17, 209750).
cost(9, 18, 347451).
cost(9, 19, 133719).
cost(9, 20, 366789).
cost(9, 21, 196375).
cost(9, 22, 370330).
cost(10, 1, 299829).
cost(10, 2, 188387).
cost(10, 3, 137349).
cost(10, 4, 178826).
cost(10, 5, 46943).
cost(10, 6, 214633).
cost(10, 7, 255128).
cost(10, 8, 124107).
cost(10, 9, 94809).
cost(10, 11, 432284).
cost(10, 12, 477446).
cost(10, 13, 176307).
cost(10, 14, 351700).
cost(10, 15, 106848).
cost(10, 16, 337526).
cost(10, 17, 304422).
cost(10, 18, 375831).
cost(10, 19, 180343).
cost(10, 20, 287040).
cost(10, 21, 227171).
cost(10, 22, 384333).
cost(11, 1, 717889).
cost(11, 2, 299228).
cost(11, 3, 545738).
cost(11, 4, 593227).
cost(11, 5, 426463).
cost(11, 6, 252624).
cost(11, 7, 411818).
cost(11, 8, 538793).
cost(11, 9, 496546).
cost(11, 10, 432284).
cost(11, 12, 83635).
cost(11, 13, 329865).
cost(11, 14, 252535).
cost(11, 15, 409962).
cost(11, 16, 442411).
cost(11, 17, 657982).
cost(11, 18, 423039).
cost(11, 19, 612040).
cost(11, 20, 516137).
cost(11, 21, 658198).
cost(11, 22, 800784).
cost(12, 1, 748948).
cost(12, 2, 366867).
cost(12, 3, 578381).
cost(12, 4, 646971).
cost(12, 5, 464202).
cost(12, 6, 320171).
cost(12, 7, 410186).
cost(12, 8, 573535).
cost(12, 9, 550687).
cost(12, 10, 477446).
cost(12, 11, 83635).
cost(12, 13, 397613).
cost(12, 14, 335644).
cost(12, 15, 437610).
cost(12, 16, 523145).
cost(12, 17, 724229).
cost(12, 18, 505664).
cost(12, 19, 657561).
cost(12, 20, 514666).
cost(12, 21, 698377).
cost(12, 22, 829750).
cost(13, 1, 468518).
cost(13, 2, 30779).
cost(13, 3, 313346).
cost(13, 4, 281980).
cost(13, 5, 206291).
cost(13, 6, 77580).
cost(13, 7, 361079).
cost(13, 8, 299435).
cost(13, 9, 191156).
cost(13, 10, 176307).
cost(13, 11, 329865).
cost(13, 12, 397613).
cost(13, 14, 179259).
cost(13, 15, 241930).
cost(13, 16, 191873).
cost(13, 17, 328120).
cost(13, 18, 215839).
cost(13, 19, 323529).
cost(13, 20, 428124).
cost(13, 21, 383157).
cost(13, 22, 552063).
cost(14, 1, 647535).
cost(14, 2, 163321).
cost(14, 3, 488874).
cost(14, 4, 454015).
cost(14, 5, 374331).
cost(14, 6, 147604).
cost(14, 7, 481298).
cost(14, 8, 475796).
cost(14, 9, 368167).
cost(14, 10, 351700).
cost(14, 11, 252535).
cost(14, 12, 335644).
cost(14, 13, 179259).
cost(14, 15, 395786).
cost(14, 16, 197094).
cost(14, 17, 464767).
cost(14, 18, 171020).
cost(14, 19, 501585).
cost(14, 20, 567569).
cost(14, 21, 562132).
cost(14, 22, 731236).
cost(15, 1, 311347).
cost(15, 2, 241217).
cost(15, 3, 142190).
cost(15, 4, 269332).
cost(15, 5, 60899).
cost(15, 6, 248295).
cost(15, 7, 148504).
cost(15, 8, 140017).
cost(15, 9, 198868).
cost(15, 10, 106848).
cost(15, 11, 409962).
cost(15, 12, 437610).
cost(15, 13, 241930).
cost(15, 14, 395786).
cost(15, 16, 424776).
cost(15, 17, 407978).
cost(15, 18, 456106).
cost(15, 19, 244914).
cost(15, 20, 188721).
cost(15, 21, 269859).
cost(15, 22, 392485).
cost(16, 1, 587119).
cost(16, 2, 208346).
cost(16, 3, 461826).
cost(16, 4, 354929).
cost(16, 5, 378415).
cost(16, 6, 238355).
cost(16, 7, 552188).
cost(16, 8, 445832).
cost(16, 9, 300413).
cost(16, 10, 337526).
cost(16, 11, 442411).
cost(16, 12, 523145).
cost(16, 13, 191873).
cost(16, 14, 197094).
cost(16, 15, 424776).
cost(16, 17, 306481).
cost(16, 18, 54423).
cost(16, 19, 423296).
cost(16, 20, 613409).
cost(16, 21, 488690).
cost(16, 22, 664100).
cost(17, 1, 377658).
cost(17, 2, 358796).
cost(17, 3, 341517).
cost(17, 4, 158086).
cost(17, 5, 347403).
cost(17, 6, 405521).
cost(17, 7, 555573).
cost(17, 8, 327195).
cost(17, 9, 209750).
cost(17, 10, 304422).
cost(17, 11, 657982).
cost(17, 12, 724229).
cost(17, 13, 328120).
cost(17, 14, 464767).
cost(17, 15, 407978).
cost(17, 16, 306481).
cost(17, 18, 360486).
cost(17, 19, 230076).
cost(17, 20, 564129).
cost(17, 21, 280911).
cost(17, 22, 433260).
cost(18, 1, 636110).
cost(18, 2, 225654).
cost(18, 3, 504746).
cost(18, 4, 406863).
cost(18, 5, 414040).
cost(18, 6, 246636).
cost(18, 7, 575773).
cost(18, 8, 489053).
cost(18, 9, 347451).
cost(18, 10, 375831).
cost(18, 11, 423039).
cost(18, 12, 505664).
cost(18, 13, 215839).
cost(18, 14, 171020).
cost(18, 15, 456106).
cost(18, 16, 54423).
cost(18, 17, 360486).
cost(18, 19, 473451).
cost(18, 20, 643558).
cost(18, 21, 538736).
cost(18, 22, 714252).
cost(19, 1, 165521).
cost(19, 2, 345537).
cost(19, 3, 127064).
cost(19, 4, 78055).
cost(19, 5, 198285).
cost(19, 6, 381788).
cost(19, 7, 374177).
cost(19, 8, 117596).
cost(19, 9, 133719).
cost(19, 10, 180343).
cost(19, 11, 612040).
cost(19, 12, 657561).
cost(19, 13, 323529).
cost(19, 14, 501585).
cost(19, 15, 244914).
cost(19, 16, 423296).
cost(19, 17, 230076).
cost(19, 18, 473451).
cost(19, 20, 355019).
cost(19, 21, 65402).
cost(19, 22, 240846).
cost(20, 1, 326861).
cost(20, 2, 423619).
cost(20, 3, 228452).
cost(20, 4, 409455).
cost(20, 5, 240875).
cost(20, 6, 421752).
cost(20, 7, 104837).
cost(20, 8, 240272).
cost(20, 9, 366789).
cost(20, 10, 287040).
cost(20, 11, 516137).
cost(20, 12, 514666).
cost(20, 13, 428124).
cost(20, 14, 567569).
cost(20, 15, 188721).
cost(20, 16, 613409).
cost(20, 17, 564129).
cost(20, 18, 643558).
cost(20, 19, 355019).
cost(20, 21, 344372).
cost(20, 22, 384084).
cost(21, 1, 101366).
cost(21, 2, 403394).
cost(21, 3, 131822).
cost(21, 4, 140019).
cost(21, 5, 234186).
cost(21, 6, 437035).
cost(21, 7, 381683).
cost(21, 8, 130240).
cost(21, 9, 196375).
cost(21, 10, 227171).
cost(21, 11, 658198).
cost(21, 12, 698377).
cost(21, 13, 383157).
cost(21, 14, 562132).
cost(21, 15, 269859).
cost(21, 16, 488690).
cost(21, 17, 280911).
cost(21, 18, 538736).
cost(21, 19, 65402).
cost(21, 20, 344372).
cost(21, 22, 175516).
cost(22, 1, 84532).
cost(22, 2, 569608).
cost(22, 3, 255637).
cost(22, 4, 312155).
cost(22, 5, 377034).
cost(22, 6, 598909).
cost(22, 7, 458642).
cost(22, 8, 264357).
cost(22, 9, 370330).
cost(22, 10, 384333).
cost(22, 11, 800784).
cost(22, 12, 829750).
cost(22, 13, 552063).
cost(22, 14, 731236).
cost(22, 15, 392485).
cost(22, 16, 664100).
cost(22, 17, 433260).
cost(22, 18, 714252).
cost(22, 19, 240846).
cost(22, 20, 384084).
cost(22, 21, 175516).
nocross(1,3).
nocross(1,7).
nocross(1,9).
nocross(1,10).
nocross(1,20).
nocross(1,21).
nocross(1,22).
nocross(2,6).
nocross(2,10).
nocross(2,12).
nocross(2,15).
nocross(3,5).
nocross(3,7).
nocross(3,9).
nocross(3,10).
nocross(3,15).
nocross(3,20).
nocross(3,21).
nocross(4,17).
nocross(4,19).
nocross(4,20).
nocross(5,6).
nocross(5,10).
nocross(5,15).
nocross(5,20).
nocross(6,5).
nocross(6,10).
nocross(6,12).
nocross(6,15).
nocross(7,12).
nocross(7,15).
nocross(7,20).
nocross(8,1).
nocross(8,3).
nocross(8,5).
nocross(8,7).
nocross(8,9).
nocross(8,10).
nocross(8,13).
nocross(8,15).
nocross(8,19).
nocross(8,20).
nocross(9,1).
nocross(9,7).
nocross(9,16).
nocross(9,20).
nocross(10,13).
nocross(10,15).
nocross(10,16).
nocross(11,5).
nocross(11,7).
nocross(11,12).
nocross(11,13).
nocross(11,14).
nocross(11,15).
nocross(12,5).
nocross(12,15).
nocross(13,7).
nocross(13,9).
nocross(13,10).
nocross(13,15).
nocross(13,16).
nocross(13,17).
nocross(14,2).
nocross(14,6).
nocross(14,11).
nocross(14,13).
nocross(14,16).
nocross(14,18).
nocross(15,6).
nocross(15,7).
nocross(15,20).
nocross(16,13).
nocross(16,17).
nocross(17,4).
nocross(17,9).
nocross(17,22).
nocross(18,6).
nocross(18,13).
nocross(18,14).
nocross(18,17).
nocross(19,4).
nocross(19,5).
nocross(19,7).
nocross(19,8).
nocross(19,9).
nocross(19,10).
nocross(19,21).
nocross(20,7).
nocross(20,15).
nocross(21,1).
nocross(21,3).
nocross(21,5).
nocross(21,8).
nocross(21,9).
nocross(21,10).
nocross(21,20).
nocross(22,20).
