dimension(22).
point(1, -129897.0, -401322.0).
point(2, -14495.0, -35027.0).
point(3, -91281.0, 261068.0).
point(4, 214578.0, -136512.0).
point(5, -69639.0, -183451.0).
point(6, -21776.0, -182022.0).
point(7, -67425.0, 160979.0).
point(8, -6783.0, 68114.0).
point(9, 32392.0, 208963.0).
point(10, -353432.0, -54901.0).
point(11, -281966.0, 49373.0).
point(12, 503440.0, -211925.0).
point(13, -294911.0, 32269.0).
point(14, 85861.0, -122151.0).
point(15, -105772.0, -179254.0).
point(16, -231508.0, -163398.0).
point(17, -115888.0, -126246.0).
point(18, 237662.0, -119881.0).
point(19, 105924.0, 289474.0).
point(20, 9455.0, 44800.0).
point(21, 43526.0, -72794.0).
point(22, 159368.0, 34049.0).
cost(1, 2, 384044).
cost(1, 3, 663515).
cost(1, 4, 434497).
cost(1, 5, 226050).
cost(1, 6, 244505).
cost(1, 7, 565761).
cost(1, 8, 485311).
cost(1, 9, 631495).
cost(1, 10, 412281).
cost(1, 11, 475658).
cost(1, 12, 661050).
cost(1, 13, 463930).
cost(1, 14, 352829).
cost(1, 15, 223375).
cost(1, 16, 258713).
cost(1, 17, 275432).
cost(1, 18, 462935).
cost(1, 19, 729939).
cost(1, 20, 467380).
cost(1, 21, 371492).
cost(1, 22, 522707).
cost(2, 1, 384044).
cost(2, 3, 305889).
cost(2, 4, 250547).
cost(2, 5, 158337).
cost(2, 6, 147175).
cost(2, 7, 203027).
cost(2, 8, 103429).
cost(2, 9, 248454).
cost(2, 10, 339519).
cost(2, 11, 280471).
cost(2, 12, 547311).
cost(2, 13, 288378).
cost(2, 14, 132898).
cost(2, 15, 170684).
cost(2, 16, 252138).
cost(2, 17, 136387).
cost(2, 18, 266051).
cost(2, 19, 346124).
cost(2, 20, 83342).
cost(2, 21, 69230).
cost(2, 22, 187082).
cost(3, 1, 663515).
cost(3, 2, 305889).
cost(3, 4, 501617).
cost(3, 5, 445046).
cost(3, 6, 448508).
cost(3, 7, 102893).
cost(3, 8, 210645).
cost(3, 9, 134201).
cost(3, 10, 410560).
cost(3, 11, 284913).
cost(3, 12, 759879).
cost(3, 13, 306291).
cost(3, 14, 422180).
cost(3, 15, 440560).
cost(3, 16, 447029).
cost(3, 17, 388095).
cost(3, 18, 503315).
cost(3, 19, 199240).
cost(3, 20, 238578).
cost(3, 21, 360051).
cost(3, 22, 338175).
cost(4, 1, 434497).
cost(4, 2, 250547).
cost(4, 3, 501617).
cost(4, 5, 288067).
cost(4, 6, 240696).
cost(4, 7, 409910).
cost(4, 8, 301451).
cost(4, 9, 390570).
cost(4, 10, 573843).
cost(4, 11, 530197).
cost(4, 12, 298544).
cost(4, 13, 536718).
cost(4, 14, 129516).
cost(4, 15, 323189).
cost(4, 16, 446895).
cost(4, 17, 330625).
cost(4, 18, 28451).
cost(4, 19, 439625).
cost(4, 20, 273769).
cost(4, 21, 182534).
cost(4, 22, 179274).
cost(5, 1, 226050).
cost(5, 2, 158337).
cost(5, 3, 445046).
cost(5, 4, 288067).
cost(5, 6, 47884).
cost(5, 7, 344437).
cost(5, 8, 259299).
cost(5, 9, 405462).
cost(5, 10, 311550).
cost(5, 11, 315103).
cost(5, 12, 573786).
cost(5, 13, 311902).
cost(5, 14, 167146).
cost(5, 15, 36376).
cost(5, 16, 163106).
cost(5, 17, 73562).
cost(5, 18, 313807).
cost(5, 19, 504461).
cost(5, 20, 241567).
cost(5, 21, 158276).
cost(5, 22, 315833).
cost(6, 1, 244505).
cost(6, 2, 147175).
cost(6, 3, 448508).
cost(6, 4, 240696).
cost(6, 5, 47884).
cost(6, 7, 346025).
cost(6, 8, 250585).
cost(6, 9, 394719).
cost(6, 10, 355184).
cost(6, 11, 348199).
cost(6, 12, 526067).
cost(6, 13, 347165).
cost(6, 14, 123168).
cost(6, 15, 84042).
cost(6, 16, 210557).
cost(6, 17, 109398).
cost(6, 18, 266776).
cost(6, 19, 488483).
cost(6, 20, 228962).
cost(6, 21, 127260).
cost(6, 22, 281957).
cost(7, 1, 565761).
cost(7, 2, 203027).
cost(7, 3, 102893).
cost(7, 4, 409910).
cost(7, 5, 344437).
cost(7, 6, 346025).
cost(7, 8, 110911).
cost(7, 9, 110752).
cost(7, 10, 358335).
cost(7, 11, 241834).
cost(7, 12, 681868).
cost(7, 13, 261374).
cost(7, 14, 321961).
cost(7, 15, 342387).
cost(7, 16, 363516).
cost(7, 17, 291285).
cost(7, 18, 414681).
cost(7, 19, 215780).
cost(7, 20, 139313).
cost(7, 21, 258766).
cost(7, 22, 259897).
cost(8, 1, 485311).
cost(8, 2, 103429).
cost(8, 3, 210645).
cost(8, 4, 301451).
cost(8, 5, 259299).
cost(8, 6, 250585).
cost(8, 7, 110911).
cost(8, 9, 146195).
cost(8, 10, 367829).
cost(8, 11, 275820).
cost(8, 12, 582022).
cost(8, 13, 290349).
cost(8, 14, 211622).
cost(8, 15, 266439).
cost(8, 16, 322644).
cost(8, 17, 222889).
cost(8, 18, 308376).
cost(8, 19, 248401).
cost(8, 20, 28412).
cost(8, 21, 149620).
cost(8, 22, 169607).
cost(9, 1, 631495).
cost(9, 2, 248454).
cost(9, 3, 134201).
cost(9, 4, 390570).
cost(9, 5, 405462).
cost(9, 6, 394719).
cost(9, 7, 110752).
cost(9, 8, 146195).
cost(9, 10, 467423).
cost(9, 11, 352548).
cost(9, 12, 631691).
cost(9, 13, 371952).
cost(9, 14, 335403).
cost(9, 15, 412070).
cost(9, 16, 456394).
cost(9, 17, 366541).
cost(9, 18, 387652).
cost(9, 19, 109037).
cost(9, 20, 165758).
cost(9, 21, 281977).
cost(9, 22, 216143).
cost(10, 1, 412281).
cost(10, 2, 339519).
cost(10, 3, 410560).
cost(10, 4, 573843).
cost(10, 5, 311550).
cost(10, 6, 355184).
cost(10, 7, 358335).
cost(10, 8, 367829).
cost(10, 9, 467423).
cost(10, 11, 126414).
cost(10, 12, 871141).
cost(10, 13, 104992).
cost(10, 14, 444411).
cost(10, 15, 277127).
cost(10, 16, 163209).
cost(10, 17, 248027).
cost(10, 18, 594655).
cost(10, 19, 574110).
cost(10, 20, 376334).
cost(10, 21, 397361).
cost(10, 22, 520457).
cost(11, 1, 475658).
cost(11, 2, 280471).
cost(11, 3, 284913).
cost(11, 4, 530197).
cost(11, 5, 315103).
cost(11, 6, 348199).
cost(11, 7, 241834).
cost(11, 8, 275820).
cost(11, 9, 352548).
cost(11, 10, 126414).
cost(11, 12, 827731).
cost(11, 13, 21450).
cost(11, 14, 405854).
cost(11, 15, 288643).
cost(11, 16, 218672).
cost(11, 17, 241710).
cost(11, 18, 546498).
cost(11, 19, 456188).
cost(11, 20, 291457).
cost(11, 21, 347663).
cost(11, 22, 441600).
cost(12, 1, 661050).
cost(12, 2, 547311).
cost(12, 3, 759879).
cost(12, 4, 298544).
cost(12, 5, 573786).
cost(12, 6, 526067).
cost(12, 7, 681868).
cost(12, 8, 582022).
cost(12, 9, 631691).
cost(12, 10, 871141).
cost(12, 11, 827731).
cost(12, 13, 834862).
cost(12, 14, 427120).
cost(12, 15, 610087).
cost(12, 16, 736548).
cost(12, 17, 625226).
cost(12, 18, 281265).
cost(12, 19, 639859).
cost(12, 20, 556713).
cost(12, 21, 480498).
cost(12, 22, 422952).
cost(13, 1, 463930).
cost(13, 2, 288378).
cost(13, 3, 306291).
cost(13, 4, 536718).
cost(13, 5, 311902).
cost(13, 6, 347165).
cost(13, 7, 261374).
cost(13, 8, 290349).
cost(13, 9, 371952).
cost(13, 10, 104992).
cost(13, 11, 21450).
cost(13, 12, 834862).
cost(13, 14, 410893).
cost(13, 15, 283753).
cost(13, 16, 205683).
cost(13, 17, 239116).
cost(13, 18, 553881).
cost(13, 19, 476259).
cost(13, 20, 304624).
cost(13, 21, 354370).
cost(13, 22, 454282).
cost(14, 1, 352829).
cost(14, 2, 132898).
cost(14, 3, 422180).
cost(14, 4, 129516).
cost(14, 5, 167146).
cost(14, 6, 123168).
cost(14, 7, 321961).
cost(14, 8, 211622).
cost(14, 9, 335403).
cost(14, 10, 444411).
cost(14, 11, 405854).
cost(14, 12, 427120).
cost(14, 13, 410893).
cost(14, 15, 199960).
cost(14, 16, 320038).
cost(14, 17, 201791).
cost(14, 18, 151818).
cost(14, 19, 412114).
cost(14, 20, 183604).
cost(14, 21, 65026).
cost(14, 22, 172632).
cost(15, 1, 223375).
cost(15, 2, 170684).
cost(15, 3, 440560).
cost(15, 4, 323189).
cost(15, 5, 36376).
cost(15, 6, 84042).
cost(15, 7, 342387).
cost(15, 8, 266439).
cost(15, 9, 412070).
cost(15, 10, 277127).
cost(15, 11, 288643).
cost(15, 12, 610087).
cost(15, 13, 283753).
cost(15, 14, 199960).
cost(15, 16, 126732).
cost(15, 17, 53965).
cost(15, 18, 348528).
cost(15, 19, 514316).
cost(15, 20, 251947).
cost(15, 21, 183367).
cost(15, 22, 340290).
cost(16, 1, 258713).
cost(16, 2, 252138).
cost(16, 3, 447029).
cost(16, 4, 446895).
cost(16, 5, 163106).
cost(16, 6, 210557).
cost(16, 7, 363516).
cost(16, 8, 322644).
cost(16, 9, 456394).
cost(16, 10, 163209).
cost(16, 11, 218672).
cost(16, 12, 736548).
cost(16, 13, 205683).
cost(16, 14, 320038).
cost(16, 15, 126732).
cost(16, 17, 121442).
cost(16, 18, 471184).
cost(16, 19, 564760).
cost(16, 20, 318449).
cost(16, 21, 289573).
cost(16, 22, 437915).
cost(17, 1, 275432).
cost(17, 2, 136387).
cost(17, 3, 388095).
cost(17, 4, 330625).
cost(17, 5, 73562).
cost(17, 6, 109398).
cost(17, 7, 291285).
cost(17, 8, 222889).
cost(17, 9, 366541).
cost(17, 10, 248027).
cost(17, 11, 241710).
cost(17, 12, 625226).
cost(17, 13, 239116).
cost(17, 14, 201791).
cost(17, 15, 53965).
cost(17, 16, 121442).
cost(17, 18, 353607).
cost(17, 19, 471194).
cost(17, 20, 212056).
cost(17, 21, 168137).
cost(17, 22, 318528).
cost(18, 1, 462935).
cost(18, 2, 266051).
cost(18, 3, 503315).
cost(18, 4, 28451).
cost(18, 5, 313807).
cost(18, 6, 266776).
cost(18, 7, 414681).
cost(18, 8, 308376).
cost(18, 9, 387652).
cost(18, 10, 594655).
cost(18, 11, 546498).
cost(18, 12, 281265).
cost(18, 13, 553881).
cost(18, 14, 151818).
cost(18, 15, 348528).
cost(18, 16, 471184).
cost(18, 17, 353607).
cost(18, 19, 430031).
cost(18, 20, 281422).
cost(18, 21, 199765).
cost(18, 22, 172697).
cost(19, 1, 729939).
cost(19, 2, 346124).
cost(19, 3, 199240).
cost(19, 4, 439625).
cost(19, 5, 504461).
cost(19, 6, 488483).
cost(19, 7, 215780).
cost(19, 8, 248401).
cost(19, 9, 109037).
cost(19, 10, 574110).
cost(19, 11, 456188).
cost(19, 12, 639859).
cost(19, 13, 476259).
cost(19, 14, 412114).
cost(19, 15, 514316).
cost(19, 16, 564760).
cost(19, 17, 471194).
cost(19, 18, 430031).
cost(19, 20, 263005).
cost(19, 21, 367603).
cost(19, 22, 260956).
cost(20, 1, 467380).
cost(20, 2, 83342).
cost(20, 3, 238578).
cost(20, 4, 273769).
cost(20, 5, 241567).
cost(20, 6, 228962).
cost(20, 7, 139313).
cost(20, 8, 28412).
cost(20, 9, 165758).
cost(20, 10, 376334).
cost(20, 11, 291457).
cost(20, 12, 556713).
cost(20, 13, 304624).
cost(20, 14, 183604).
cost(20, 15, 251947).
cost(20, 16, 318449).
cost(20, 17, 212056).
cost(20, 18, 281422).
cost(20, 19, 263005).
cost(20, 21, 122430).
cost(20, 22, 150298).
cost(21, 1, 371492).
cost(21, 2, 69230).
cost(21, 3, 360051).
cost(21, 4, 182534).
cost(21, 5, 158276).
cost(21, 6, 127260).
cost(21, 7, 258766).
cost(21, 8, 149620).
cost(21, 9, 281977).
cost(21, 10, 397361).
cost(21, 11, 347663).
cost(21, 12, 480498).
cost(21, 13, 354370).
cost(21, 14, 65026).
cost(21, 15, 183367).
cost(21, 16, 289573).
cost(21, 17, 168137).
cost(21, 18, 199765).
cost(21, 19, 367603).
cost(21, 20, 122430).
cost(21, 22, 157591).
cost(22, 1, 522707).
cost(22, 2, 187082).
cost(22, 3, 338175).
cost(22, 4, 179274).
cost(22, 5, 315833).
cost(22, 6, 281957).
cost(22, 7, 259897).
cost(22, 8, 169607).
cost(22, 9, 216143).
cost(22, 10, 520457).
cost(22, 11, 441600).
cost(22, 12, 422952).
cost(22, 13, 454282).
cost(22, 14, 172632).
cost(22, 15, 340290).
cost(22, 16, 437915).
cost(22, 17, 318528).
cost(22, 18, 172697).
cost(22, 19, 260956).
cost(22, 20, 150298).
cost(22, 21, 157591).
nocross(1,5).
nocross(1,6).
nocross(1,15).
nocross(1,16).
nocross(2,6).
nocross(2,8).
nocross(2,10).
nocross(2,11).
nocross(2,13).
nocross(2,17).
nocross(2,20).
nocross(3,7).
nocross(3,8).
nocross(3,9).
nocross(3,13).
nocross(4,6).
nocross(4,12).
nocross(4,14).
nocross(4,17).
nocross(4,18).
nocross(4,20).
nocross(4,21).
nocross(5,6).
nocross(5,10).
nocross(5,13).
nocross(5,15).
nocross(5,17).
nocross(5,21).
nocross(6,5).
nocross(6,21).
nocross(7,2).
nocross(7,3).
nocross(7,6).
nocross(7,8).
nocross(7,10).
nocross(7,11).
nocross(7,13).
nocross(7,17).
nocross(8,2).
nocross(8,3).
nocross(8,6).
nocross(8,7).
nocross(8,9).
nocross(8,10).
nocross(8,11).
nocross(8,13).
nocross(8,17).
nocross(8,20).
nocross(9,3).
nocross(9,7).
nocross(9,8).
nocross(9,10).
nocross(9,13).
nocross(9,20).
nocross(10,8).
nocross(11,8).
nocross(11,10).
nocross(11,13).
nocross(12,4).
nocross(12,18).
nocross(13,3).
nocross(13,8).
nocross(13,10).
nocross(13,16).
nocross(13,20).
nocross(14,4).
nocross(14,6).
nocross(14,13).
nocross(14,17).
nocross(14,18).
nocross(14,20).
nocross(14,21).
nocross(15,5).
nocross(15,6).
nocross(15,10).
nocross(15,13).
nocross(15,17).
nocross(15,21).
nocross(16,6).
nocross(16,8).
nocross(16,10).
nocross(16,11).
nocross(16,13).
nocross(16,15).
nocross(16,17).
nocross(17,6).
nocross(17,8).
nocross(17,10).
nocross(17,11).
nocross(17,13).
nocross(17,21).
nocross(18,4).
nocross(18,6).
nocross(18,14).
nocross(18,20).
nocross(19,3).
nocross(19,8).
nocross(19,9).
nocross(19,20).
nocross(20,2).
nocross(20,6).
nocross(20,8).
nocross(20,10).
nocross(20,11).
nocross(20,13).
nocross(20,17).
nocross(21,6).
nocross(21,8).
nocross(21,10).
nocross(21,11).
nocross(21,13).
nocross(21,14).
nocross(21,17).
nocross(21,20).
nocross(22,2).
nocross(22,4).
nocross(22,6).
nocross(22,8).
nocross(22,9).
nocross(22,18).
nocross(22,20).
nocross(22,21).
