dimension(28).
point(1, -54403.0, -71983.0).
point(2, -123683.0, -178366.0).
point(3, 252804.0, -63207.0).
point(4, -216989.0, 179012.0).
point(5, 134432.0, 6848.0).
point(6, -375674.0, 164919.0).
point(7, 83200.0, 197757.0).
point(8, 94779.0, 239908.0).
point(9, -95422.0, -113092.0).
point(10, -69642.0, 388492.0).
point(11, 51718.0, -100234.0).
point(12, 55388.0, -154218.0).
point(13, -386470.0, 134532.0).
point(14, 479648.0, -50684.0).
point(15, 160095.0, -164606.0).
point(16, 121914.0, -49039.0).
point(17, 192859.0, -55416.0).
point(18, -164973.0, 35155.0).
point(19, -157203.0, 79917.0).
point(20, -88041.0, -194036.0).
point(21, 186769.0, 53085.0).
point(22, 279879.0, -377645.0).
point(23, 73624.0, -103798.0).
point(24, 156936.0, 158781.0).
point(25, -32811.0, -42428.0).
point(26, -55153.0, 129006.0).
point(27, -121509.0, 251981.0).
point(28, 63287.0, -79237.0).
cost(1, 2, 126953).
cost(1, 3, 307332).
cost(1, 4, 299053).
cost(1, 5, 204629).
cost(1, 6, 399171).
cost(1, 7, 302811).
cost(1, 8, 345733).
cost(1, 9, 58073).
cost(1, 10, 460727).
cost(1, 11, 109817).
cost(1, 12, 137174).
cost(1, 13, 391046).
cost(1, 14, 534476).
cost(1, 15, 233642).
cost(1, 16, 177804).
cost(1, 17, 247816).
cost(1, 18, 153962).
cost(1, 19, 183416).
cost(1, 20, 126604).
cost(1, 21, 271672).
cost(1, 22, 452961).
cost(1, 23, 131921).
cost(1, 24, 312916).
cost(1, 25, 36602).
cost(1, 26, 200990).
cost(1, 27, 330841).
cost(1, 28, 117913).
cost(2, 1, 126953).
cost(2, 3, 393706).
cost(2, 4, 369358).
cost(2, 5, 317691).
cost(2, 6, 425845).
cost(2, 7, 429266).
cost(2, 8, 471889).
cost(2, 9, 71129).
cost(2, 10, 569428).
cost(2, 11, 192016).
cost(2, 12, 180692).
cost(2, 13, 408610).
cost(2, 14, 616694).
cost(2, 15, 284111).
cost(2, 16, 277567).
cost(2, 17, 339581).
cost(2, 18, 217477).
cost(2, 19, 260449).
cost(2, 20, 38935).
cost(2, 21, 387234).
cost(2, 22, 450083).
cost(2, 23, 210928).
cost(2, 24, 438651).
cost(2, 25, 163514).
cost(2, 26, 314919).
cost(2, 27, 430352).
cost(2, 28, 211623).
cost(3, 1, 307332).
cost(3, 2, 393706).
cost(3, 4, 528560).
cost(3, 5, 137549).
cost(3, 6, 668600).
cost(3, 7, 311236).
cost(3, 8, 341834).
cost(3, 9, 351781).
cost(3, 10, 554981).
cost(3, 11, 204467).
cost(3, 12, 217385).
cost(3, 13, 669158).
cost(3, 14, 227189).
cost(3, 15, 137393).
cost(3, 16, 131655).
cost(3, 17, 60449).
cost(3, 18, 429200).
cost(3, 19, 434270).
cost(3, 20, 365091).
cost(3, 21, 133733).
cost(3, 22, 315602).
cost(3, 23, 183720).
cost(3, 24, 241804).
cost(3, 25, 286370).
cost(3, 26, 363020).
cost(3, 27, 489340).
cost(3, 28, 190194).
cost(4, 1, 299053).
cost(4, 2, 369358).
cost(4, 3, 528560).
cost(4, 5, 391327).
cost(4, 6, 159310).
cost(4, 7, 300774).
cost(4, 8, 317660).
cost(4, 9, 316391).
cost(4, 10, 256111).
cost(4, 11, 387533).
cost(4, 12, 430385).
cost(4, 13, 175221).
cost(4, 14, 733528).
cost(4, 15, 510162).
cost(4, 16, 408488).
cost(4, 17, 472157).
cost(4, 18, 152972).
cost(4, 19, 115733).
cost(4, 20, 394705).
cost(4, 21, 422940).
cost(4, 22, 746153).
cost(4, 23, 405509).
cost(4, 24, 374472).
cost(4, 25, 288023).
cost(4, 26, 169386).
cost(4, 27, 120170).
cost(4, 28, 381113).
cost(5, 1, 204629).
cost(5, 2, 317691).
cost(5, 3, 137549).
cost(5, 4, 391327).
cost(5, 6, 534036).
cost(5, 7, 197664).
cost(5, 8, 236409).
cost(5, 9, 259265).
cost(5, 10, 432780).
cost(5, 11, 135308).
cost(5, 12, 179416).
cost(5, 13, 536323).
cost(5, 14, 349977).
cost(5, 15, 173364).
cost(5, 16, 57272).
cost(5, 17, 85385).
cost(5, 18, 300740).
cost(5, 19, 300649).
cost(5, 20, 299748).
cost(5, 21, 69836).
cost(5, 22, 411084).
cost(5, 23, 126254).
cost(5, 24, 153591).
cost(5, 25, 174351).
cost(5, 26, 225533).
cost(5, 27, 354395).
cost(5, 28, 111679).
cost(6, 1, 399171).
cost(6, 2, 425845).
cost(6, 3, 668600).
cost(6, 4, 159310).
cost(6, 5, 534036).
cost(6, 7, 460047).
cost(6, 8, 476392).
cost(6, 9, 394755).
cost(6, 10, 378999).
cost(6, 11, 502961).
cost(6, 12, 536342).
cost(6, 13, 32248).
cost(6, 14, 882077).
cost(6, 15, 628995).
cost(6, 16, 541638).
cost(6, 17, 609735).
cost(6, 18, 247454).
cost(6, 19, 234425).
cost(6, 20, 459980).
cost(6, 21, 573454).
cost(6, 22, 850956).
cost(6, 23, 523524).
cost(6, 24, 532645).
cost(6, 25, 400684).
cost(6, 26, 322527).
cost(6, 27, 268663).
cost(6, 28, 502294).
cost(7, 1, 302811).
cost(7, 2, 429266).
cost(7, 3, 311236).
cost(7, 4, 300774).
cost(7, 5, 197664).
cost(7, 6, 460047).
cost(7, 8, 43712).
cost(7, 9, 358515).
cost(7, 10, 244419).
cost(7, 11, 299649).
cost(7, 12, 353072).
cost(7, 13, 473906).
cost(7, 14, 467861).
cost(7, 15, 370432).
cost(7, 16, 249814).
cost(7, 17, 275902).
cost(7, 18, 296697).
cost(7, 19, 267731).
cost(7, 20, 427581).
cost(7, 21, 177923).
cost(7, 22, 608087).
cost(7, 23, 301707).
cost(7, 24, 83403).
cost(7, 25, 266735).
cost(7, 26, 154494).
cost(7, 27, 211769).
cost(7, 28, 277709).
cost(8, 1, 345733).
cost(8, 2, 471889).
cost(8, 3, 341834).
cost(8, 4, 317660).
cost(8, 5, 236409).
cost(8, 6, 476392).
cost(8, 7, 43712).
cost(8, 9, 400981).
cost(8, 10, 221611).
cost(8, 11, 342857).
cost(8, 12, 396090).
cost(8, 13, 492651).
cost(8, 14, 482253).
cost(8, 15, 409753).
cost(8, 16, 290218).
cost(8, 17, 311185).
cost(8, 18, 330749).
cost(8, 19, 298483).
cost(8, 20, 470883).
cost(8, 21, 208243).
cost(8, 22, 644697).
cost(8, 23, 344356).
cost(8, 24, 102201).
cost(8, 25, 309827).
cost(8, 26, 186491).
cost(8, 27, 216625).
cost(8, 28, 320695).
cost(9, 1, 58073).
cost(9, 2, 71129).
cost(9, 3, 351781).
cost(9, 4, 316391).
cost(9, 5, 259265).
cost(9, 6, 394755).
cost(9, 7, 358515).
cost(9, 8, 400981).
cost(9, 10, 502246).
cost(9, 11, 147701).
cost(9, 12, 156317).
cost(9, 13, 382134).
cost(9, 14, 578446).
cost(9, 15, 260658).
cost(9, 16, 226578).
cost(9, 17, 293994).
cost(9, 18, 163751).
cost(9, 19, 202656).
cost(9, 20, 81280).
cost(9, 21, 327485).
cost(9, 22, 459172).
cost(9, 23, 169301).
cost(9, 24, 370944).
cost(9, 25, 94412).
cost(9, 26, 245424).
cost(9, 27, 366004).
cost(9, 28, 162280).
cost(10, 1, 460727).
cost(10, 2, 569428).
cost(10, 3, 554981).
cost(10, 4, 256111).
cost(10, 5, 432780).
cost(10, 6, 378999).
cost(10, 7, 244419).
cost(10, 8, 221611).
cost(10, 9, 502246).
cost(10, 11, 503569).
cost(10, 12, 556926).
cost(10, 13, 406049).
cost(10, 14, 703275).
cost(10, 15, 598913).
cost(10, 16, 477627).
cost(10, 17, 515714).
cost(10, 18, 365971).
cost(10, 19, 320758).
cost(10, 20, 582818).
cost(10, 21, 422190).
cost(10, 22, 842099).
cost(10, 23, 512713).
cost(10, 24, 322653).
cost(10, 25, 432491).
cost(10, 26, 259890).
cost(10, 27, 146032).
cost(10, 28, 486252).
cost(11, 1, 109817).
cost(11, 2, 192016).
cost(11, 3, 204467).
cost(11, 4, 387533).
cost(11, 5, 135308).
cost(11, 6, 502961).
cost(11, 7, 299649).
cost(11, 8, 342857).
cost(11, 9, 147701).
cost(11, 10, 503569).
cost(11, 12, 54109).
cost(11, 13, 497115).
cost(11, 14, 430789).
cost(11, 15, 126053).
cost(11, 16, 86882).
cost(11, 17, 148086).
cost(11, 18, 255510).
cost(11, 19, 275867).
cost(11, 20, 168319).
cost(11, 21, 204317).
cost(11, 22, 359186).
cost(11, 23, 22194).
cost(11, 24, 279570).
cost(11, 25, 102405).
cost(11, 26, 252928).
cost(11, 27, 392509).
cost(11, 28, 23973).
cost(12, 1, 137174).
cost(12, 2, 180692).
cost(12, 3, 217385).
cost(12, 4, 430385).
cost(12, 5, 179416).
cost(12, 6, 536342).
cost(12, 7, 353072).
cost(12, 8, 396090).
cost(12, 9, 156317).
cost(12, 10, 556926).
cost(12, 11, 54109).
cost(12, 13, 527840).
cost(12, 14, 436710).
cost(12, 15, 105221).
cost(12, 16, 124452).
cost(12, 17, 169293).
cost(12, 18, 290553).
cost(12, 19, 316250).
cost(12, 20, 148853).
cost(12, 21, 245429).
cost(12, 22, 316727).
cost(12, 23, 53616).
cost(12, 24, 329060).
cost(12, 25, 142394).
cost(12, 26, 304031).
cost(12, 27, 443046).
cost(12, 28, 75396).
cost(13, 1, 391046).
cost(13, 2, 408610).
cost(13, 3, 669158).
cost(13, 4, 175221).
cost(13, 5, 536323).
cost(13, 6, 32248).
cost(13, 7, 473906).
cost(13, 8, 492651).
cost(13, 9, 382134).
cost(13, 10, 406049).
cost(13, 11, 497115).
cost(13, 12, 527840).
cost(13, 14, 885700).
cost(13, 15, 623070).
cost(13, 16, 540511).
cost(13, 17, 609674).
cost(13, 18, 242769).
cost(13, 19, 235682).
cost(13, 20, 443866).
cost(13, 21, 578996).
cost(13, 22, 840444).
cost(13, 23, 518158).
cost(13, 24, 543947).
cost(13, 25, 395461).
cost(13, 26, 331363).
cost(13, 27, 289825).
cost(13, 28, 497974).
cost(14, 1, 534476).
cost(14, 2, 616694).
cost(14, 3, 227189).
cost(14, 4, 733528).
cost(14, 5, 349977).
cost(14, 6, 882077).
cost(14, 7, 467861).
cost(14, 8, 482253).
cost(14, 9, 578446).
cost(14, 10, 703275).
cost(14, 11, 430789).
cost(14, 12, 436710).
cost(14, 13, 885700).
cost(14, 15, 339253).
cost(14, 16, 357738).
cost(14, 17, 286828).
cost(14, 18, 650311).
cost(14, 19, 650104).
cost(14, 20, 585509).
cost(14, 21, 310719).
cost(14, 22, 383159).
cost(14, 23, 409483).
cost(14, 24, 384732).
cost(14, 25, 512526).
cost(14, 26, 564181).
cost(14, 27, 673050).
cost(14, 28, 417339).
cost(15, 1, 233642).
cost(15, 2, 284111).
cost(15, 3, 137393).
cost(15, 4, 510162).
cost(15, 5, 173364).
cost(15, 6, 628995).
cost(15, 7, 370432).
cost(15, 8, 409753).
cost(15, 9, 260658).
cost(15, 10, 598913).
cost(15, 11, 126053).
cost(15, 12, 105221).
cost(15, 13, 623070).
cost(15, 14, 339253).
cost(15, 16, 121711).
cost(15, 17, 114000).
cost(15, 18, 381541).
cost(15, 19, 400586).
cost(15, 20, 249875).
cost(15, 21, 219319).
cost(15, 22, 244405).
cost(15, 23, 105711).
cost(15, 24, 323402).
cost(15, 25, 228342).
cost(15, 26, 364060).
cost(15, 27, 502837).
cost(15, 28, 129072).
cost(16, 1, 177804).
cost(16, 2, 277567).
cost(16, 3, 131655).
cost(16, 4, 408488).
cost(16, 5, 57272).
cost(16, 6, 541638).
cost(16, 7, 249814).
cost(16, 8, 290218).
cost(16, 9, 226578).
cost(16, 10, 477627).
cost(16, 11, 86882).
cost(16, 12, 124452).
cost(16, 13, 540511).
cost(16, 14, 357738).
cost(16, 15, 121711).
cost(16, 17, 71231).
cost(16, 18, 298986).
cost(16, 19, 307467).
cost(16, 20, 255157).
cost(16, 21, 120977).
cost(16, 22, 364602).
cost(16, 23, 73010).
cost(16, 24, 210750).
cost(16, 25, 154866).
cost(16, 26, 251103).
cost(16, 27, 387128).
cost(16, 28, 65947).
cost(17, 1, 247816).
cost(17, 2, 339581).
cost(17, 3, 60449).
cost(17, 4, 472157).
cost(17, 5, 85385).
cost(17, 6, 609735).
cost(17, 7, 275902).
cost(17, 8, 311185).
cost(17, 9, 293994).
cost(17, 10, 515714).
cost(17, 11, 148086).
cost(17, 12, 169293).
cost(17, 13, 609674).
cost(17, 14, 286828).
cost(17, 15, 114000).
cost(17, 16, 71231).
cost(17, 18, 369116).
cost(17, 19, 375311).
cost(17, 20, 313242).
cost(17, 21, 108672).
cost(17, 22, 333772).
cost(17, 23, 128677).
cost(17, 24, 217188).
cost(17, 25, 226043).
cost(17, 26, 309065).
cost(17, 27, 439682).
cost(17, 28, 131743).
cost(18, 1, 153962).
cost(18, 2, 217477).
cost(18, 3, 429200).
cost(18, 4, 152972).
cost(18, 5, 300740).
cost(18, 6, 247454).
cost(18, 7, 296697).
cost(18, 8, 330749).
cost(18, 9, 163751).
cost(18, 10, 365971).
cost(18, 11, 255510).
cost(18, 12, 290553).
cost(18, 13, 242769).
cost(18, 14, 650311).
cost(18, 15, 381541).
cost(18, 16, 298986).
cost(18, 17, 369116).
cost(18, 19, 45431).
cost(18, 20, 241758).
cost(18, 21, 352199).
cost(18, 22, 606875).
cost(18, 23, 276110).
cost(18, 24, 344832).
cost(18, 25, 153251).
cost(18, 26, 144459).
cost(18, 27, 221139).
cost(18, 28, 255320).
cost(19, 1, 183416).
cost(19, 2, 260449).
cost(19, 3, 434270).
cost(19, 4, 115733).
cost(19, 5, 300649).
cost(19, 6, 234425).
cost(19, 7, 267731).
cost(19, 8, 298483).
cost(19, 9, 202656).
cost(19, 10, 320758).
cost(19, 11, 275867).
cost(19, 12, 316250).
cost(19, 13, 235682).
cost(19, 14, 650104).
cost(19, 15, 400586).
cost(19, 16, 307467).
cost(19, 17, 375311).
cost(19, 18, 45431).
cost(19, 20, 282548).
cost(19, 21, 345017).
cost(19, 22, 632775).
cost(19, 23, 295012).
cost(19, 24, 323887).
cost(19, 25, 174475).
cost(19, 26, 113243).
cost(19, 27, 175727).
cost(19, 28, 271930).
cost(20, 1, 126604).
cost(20, 2, 38935).
cost(20, 3, 365091).
cost(20, 4, 394705).
cost(20, 5, 299748).
cost(20, 6, 459980).
cost(20, 7, 427581).
cost(20, 8, 470883).
cost(20, 9, 81280).
cost(20, 10, 582818).
cost(20, 11, 168319).
cost(20, 12, 148853).
cost(20, 13, 443866).
cost(20, 14, 585509).
cost(20, 15, 249875).
cost(20, 16, 255157).
cost(20, 17, 313242).
cost(20, 18, 241758).
cost(20, 19, 282548).
cost(20, 21, 369580).
cost(20, 22, 411190).
cost(20, 23, 185144).
cost(20, 24, 429527).
cost(20, 25, 161355).
cost(20, 26, 324712).
cost(20, 27, 447271).
cost(20, 28, 189945).
cost(21, 1, 271672).
cost(21, 2, 387234).
cost(21, 3, 133733).
cost(21, 4, 422940).
cost(21, 5, 69836).
cost(21, 6, 573454).
cost(21, 7, 177923).
cost(21, 8, 208243).
cost(21, 9, 327485).
cost(21, 10, 422190).
cost(21, 11, 204317).
cost(21, 12, 245429).
cost(21, 13, 578996).
cost(21, 14, 310719).
cost(21, 15, 219319).
cost(21, 16, 120977).
cost(21, 17, 108672).
cost(21, 18, 352199).
cost(21, 19, 345017).
cost(21, 20, 369580).
cost(21, 22, 440679).
cost(21, 23, 193427).
cost(21, 24, 109826).
cost(21, 25, 239454).
cost(21, 26, 253555).
cost(21, 27, 366872).
cost(21, 28, 180989).
cost(22, 1, 452961).
cost(22, 2, 450083).
cost(22, 3, 315602).
cost(22, 4, 746153).
cost(22, 5, 411084).
cost(22, 6, 850956).
cost(22, 7, 608087).
cost(22, 8, 644697).
cost(22, 9, 459172).
cost(22, 10, 842099).
cost(22, 11, 359186).
cost(22, 12, 316727).
cost(22, 13, 840444).
cost(22, 14, 383159).
cost(22, 15, 244405).
cost(22, 16, 364602).
cost(22, 17, 333772).
cost(22, 18, 606875).
cost(22, 19, 632775).
cost(22, 20, 411190).
cost(22, 21, 440679).
cost(22, 23, 342831).
cost(22, 24, 550334).
cost(22, 25, 458416).
cost(22, 26, 607406).
cost(22, 27, 746687).
cost(22, 28, 368727).
cost(23, 1, 131921).
cost(23, 2, 210928).
cost(23, 3, 183720).
cost(23, 4, 405509).
cost(23, 5, 126254).
cost(23, 6, 523524).
cost(23, 7, 301707).
cost(23, 8, 344356).
cost(23, 9, 169301).
cost(23, 10, 512713).
cost(23, 11, 22194).
cost(23, 12, 53616).
cost(23, 13, 518158).
cost(23, 14, 409483).
cost(23, 15, 105711).
cost(23, 16, 73010).
cost(23, 17, 128677).
cost(23, 18, 276110).
cost(23, 19, 295012).
cost(23, 20, 185144).
cost(23, 21, 193427).
cost(23, 22, 342831).
cost(23, 24, 275479).
cost(23, 25, 122860).
cost(23, 26, 266047).
cost(23, 27, 405778).
cost(23, 28, 26648).
cost(24, 1, 312916).
cost(24, 2, 438651).
cost(24, 3, 241804).
cost(24, 4, 374472).
cost(24, 5, 153591).
cost(24, 6, 532645).
cost(24, 7, 83403).
cost(24, 8, 102201).
cost(24, 9, 370944).
cost(24, 10, 322653).
cost(24, 11, 279570).
cost(24, 12, 329060).
cost(24, 13, 543947).
cost(24, 14, 384732).
cost(24, 15, 323402).
cost(24, 16, 210750).
cost(24, 17, 217188).
cost(24, 18, 344832).
cost(24, 19, 323887).
cost(24, 20, 429527).
cost(24, 21, 109826).
cost(24, 22, 550334).
cost(24, 23, 275479).
cost(24, 25, 276566).
cost(24, 26, 214169).
cost(24, 27, 293629).
cost(24, 28, 255779).
cost(25, 1, 36602).
cost(25, 2, 163514).
cost(25, 3, 286370).
cost(25, 4, 288023).
cost(25, 5, 174351).
cost(25, 6, 400684).
cost(25, 7, 266735).
cost(25, 8, 309827).
cost(25, 9, 94412).
cost(25, 10, 432491).
cost(25, 11, 102405).
cost(25, 12, 142394).
cost(25, 13, 395461).
cost(25, 14, 512526).
cost(25, 15, 228342).
cost(25, 16, 154866).
cost(25, 17, 226043).
cost(25, 18, 153251).
cost(25, 19, 174475).
cost(25, 20, 161355).
cost(25, 21, 239454).
cost(25, 22, 458416).
cost(25, 23, 122860).
cost(25, 24, 276566).
cost(25, 26, 172884).
cost(25, 27, 307480).
cost(25, 28, 102906).
cost(26, 1, 200990).
cost(26, 2, 314919).
cost(26, 3, 363020).
cost(26, 4, 169386).
cost(26, 5, 225533).
cost(26, 6, 322527).
cost(26, 7, 154494).
cost(26, 8, 186491).
cost(26, 9, 245424).
cost(26, 10, 259890).
cost(26, 11, 252928).
cost(26, 12, 304031).
cost(26, 13, 331363).
cost(26, 14, 564181).
cost(26, 15, 364060).
cost(26, 16, 251103).
cost(26, 17, 309065).
cost(26, 18, 144459).
cost(26, 19, 113243).
cost(26, 20, 324712).
cost(26, 21, 253555).
cost(26, 22, 607406).
cost(26, 23, 266047).
cost(26, 24, 214169).
cost(26, 25, 172884).
cost(26, 27, 139735).
cost(26, 28, 239569).
cost(27, 1, 330841).
cost(27, 2, 430352).
cost(27, 3, 489340).
cost(27, 4, 120170).
cost(27, 5, 354395).
cost(27, 6, 268663).
cost(27, 7, 211769).
cost(27, 8, 216625).
cost(27, 9, 366004).
cost(27, 10, 146032).
cost(27, 11, 392509).
cost(27, 12, 443046).
cost(27, 13, 289825).
cost(27, 14, 673050).
cost(27, 15, 502837).
cost(27, 16, 387128).
cost(27, 17, 439682).
cost(27, 18, 221139).
cost(27, 19, 175727).
cost(27, 20, 447271).
cost(27, 21, 366872).
cost(27, 22, 746687).
cost(27, 23, 405778).
cost(27, 24, 293629).
cost(27, 25, 307480).
cost(27, 26, 139735).
cost(27, 28, 379282).
cost(28, 1, 117913).
cost(28, 2, 211623).
cost(28, 3, 190194).
cost(28, 4, 381113).
cost(28, 5, 111679).
cost(28, 6, 502294).
cost(28, 7, 277709).
cost(28, 8, 320695).
cost(28, 9, 162280).
cost(28, 10, 486252).
cost(28, 11, 23973).
cost(28, 12, 75396).
cost(28, 13, 497974).
cost(28, 14, 417339).
cost(28, 15, 129072).
cost(28, 16, 65947).
cost(28, 17, 131743).
cost(28, 18, 255320).
cost(28, 19, 271930).
cost(28, 20, 189945).
cost(28, 21, 180989).
cost(28, 22, 368727).
cost(28, 23, 26648).
cost(28, 24, 255779).
cost(28, 25, 102906).
cost(28, 26, 239569).
cost(28, 27, 379282).
nocross(1,2).
nocross(1,3).
nocross(1,5).
nocross(1,9).
nocross(1,20).
nocross(1,26).
nocross(1,27).
nocross(2,1).
nocross(2,9).
nocross(2,20).
nocross(2,26).
nocross(2,27).
nocross(3,18).
nocross(4,18).
nocross(4,27).
nocross(5,7).
nocross(5,16).
nocross(5,17).
nocross(5,18).
nocross(5,21).
nocross(5,24).
nocross(5,26).
nocross(6,18).
nocross(7,27).
nocross(8,27).
nocross(9,1).
nocross(9,2).
nocross(9,5).
nocross(9,11).
nocross(9,18).
nocross(9,20).
nocross(9,26).
nocross(9,27).
nocross(10,6).
nocross(11,5).
nocross(11,7).
nocross(11,12).
nocross(11,23).
nocross(11,26).
nocross(11,28).
nocross(12,2).
nocross(12,7).
nocross(12,9).
nocross(12,17).
nocross(12,20).
nocross(14,3).
nocross(14,4).
nocross(15,5).
nocross(15,7).
nocross(15,9).
nocross(15,12).
nocross(15,16).
nocross(15,17).
nocross(15,20).
nocross(15,21).
nocross(15,23).
nocross(16,5).
nocross(16,7).
nocross(16,17).
nocross(16,18).
nocross(16,21).
nocross(16,23).
nocross(16,24).
nocross(16,28).
nocross(17,5).
nocross(17,7).
nocross(17,12).
nocross(17,15).
nocross(17,16).
nocross(17,18).
nocross(17,21).
nocross(17,23).
nocross(17,24).
nocross(17,28).
nocross(19,1).
nocross(19,2).
nocross(19,5).
nocross(19,9).
nocross(19,16).
nocross(19,20).
nocross(19,21).
nocross(19,24).
nocross(19,26).
nocross(19,27).
nocross(20,1).
nocross(20,2).
nocross(20,9).
nocross(20,27).
nocross(21,3).
nocross(21,4).
nocross(21,5).
nocross(21,7).
nocross(21,17).
nocross(21,24).
nocross(21,26).
nocross(22,3).
nocross(23,5).
nocross(23,7).
nocross(23,16).
nocross(23,21).
nocross(24,1).
nocross(24,2).
nocross(24,5).
nocross(24,8).
nocross(24,9).
nocross(24,16).
nocross(24,21).
nocross(24,23).
nocross(24,26).
nocross(24,27).
nocross(24,28).
nocross(25,2).
nocross(25,9).
nocross(26,2).
nocross(26,4).
nocross(26,5).
nocross(26,9).
nocross(26,16).
nocross(26,19).
nocross(26,21).
nocross(26,24).
nocross(26,25).
nocross(27,6).
nocross(28,5).
nocross(28,7).
nocross(28,11).
nocross(28,16).
nocross(28,21).
nocross(28,23).
nocross(28,24).
nocross(28,26).
