dimension(28).
point(1, 165311.0, -123304.0).
point(2, -153757.0, 48374.0).
point(3, 195392.0, -155871.0).
point(4, 100081.0, 197801.0).
point(5, -95700.0, 48404.0).
point(6, 104311.0, 860293.0).
point(7, 189137.0, 154722.0).
point(8, -196447.0, -122522.0).
point(9, 239194.0, -167468.0).
point(10, -85714.0, -220690.0).
point(11, 49232.0, -58842.0).
point(12, -95749.0, -77575.0).
point(13, -109486.0, 48921.0).
point(14, -262282.0, -114865.0).
point(15, -131061.0, -77116.0).
point(16, 54865.0, -104021.0).
point(17, 234079.0, 225514.0).
point(18, 34539.0, -142044.0).
point(19, 25660.0, 55839.0).
point(20, -161625.0, 407594.0).
point(21, -162848.0, -215382.0).
point(22, -359701.0, 239853.0).
point(23, -251607.0, 94995.0).
point(24, -45928.0, -145424.0).
point(25, -350977.0, 135543.0).
point(26, 176448.0, -147460.0).
point(27, 62263.0, -294544.0).
point(28, 62277.0, -121824.0).
cost(1, 2, 362323).
cost(1, 3, 44334).
cost(1, 4, 327664).
cost(1, 5, 312427).
cost(1, 6, 985487).
cost(1, 7, 279045).
cost(1, 8, 361759).
cost(1, 9, 86076).
cost(1, 10, 269254).
cost(1, 11, 132777).
cost(1, 12, 265035).
cost(1, 13, 324307).
cost(1, 14, 427676).
cost(1, 15, 299949).
cost(1, 16, 112117).
cost(1, 17, 355532).
cost(1, 18, 132108).
cost(1, 19, 227144).
cost(1, 20, 623490).
cost(1, 21, 340832).
cost(1, 22, 638373).
cost(1, 23, 470611).
cost(1, 24, 212394).
cost(1, 25, 577542).
cost(1, 26, 26600).
cost(1, 27, 199855).
cost(1, 28, 103045).
cost(2, 1, 362323).
cost(2, 3, 404501).
cost(2, 4, 294554).
cost(2, 5, 58057).
cost(2, 6, 851946).
cost(2, 7, 359007).
cost(2, 8, 176147).
cost(2, 9, 448328).
cost(2, 10, 277534).
cost(2, 11, 229564).
cost(2, 12, 138665).
cost(2, 13, 44274).
cost(2, 14, 196022).
cost(2, 15, 127526).
cost(2, 16, 258355).
cost(2, 17, 426375).
cost(2, 18, 267795).
cost(2, 19, 179572).
cost(2, 20, 359306).
cost(2, 21, 263913).
cost(2, 22, 281207).
cost(2, 23, 108389).
cost(2, 24, 221776).
cost(2, 25, 215625).
cost(2, 26, 383909).
cost(2, 27, 405287).
cost(2, 28, 275024).
cost(3, 1, 44334).
cost(3, 2, 404501).
cost(3, 4, 366290).
cost(3, 5, 355616).
cost(3, 6, 1020238).
cost(3, 7, 310656).
cost(3, 8, 393256).
cost(3, 9, 45311).
cost(3, 10, 288482).
cost(3, 11, 175435).
cost(3, 12, 301485).
cost(3, 13, 367274).
cost(3, 14, 459507).
cost(3, 15, 335818).
cost(3, 16, 149787).
cost(3, 17, 383342).
cost(3, 18, 161446).
cost(3, 19, 271349).
cost(3, 20, 667049).
cost(3, 21, 363149).
cost(3, 22, 681708).
cost(3, 23, 512584).
cost(3, 24, 241546).
cost(3, 25, 619226).
cost(3, 26, 20727).
cost(3, 27, 192233).
cost(3, 28, 137400).
cost(4, 1, 327664).
cost(4, 2, 294554).
cost(4, 3, 366290).
cost(4, 5, 246272).
cost(4, 6, 662506).
cost(4, 7, 98928).
cost(4, 8, 436504).
cost(4, 9, 390863).
cost(4, 10, 457880).
cost(4, 11, 261632).
cost(4, 12, 337907).
cost(4, 13, 257067).
cost(4, 14, 478609).
cost(4, 15, 359174).
cost(4, 16, 305190).
cost(4, 17, 136834).
cost(4, 18, 346107).
cost(4, 19, 160286).
cost(4, 20, 335415).
cost(4, 21, 489747).
cost(4, 22, 461701).
cost(4, 23, 366406).
cost(4, 24, 372991).
cost(4, 25, 455334).
cost(4, 26, 353606).
cost(4, 27, 493795).
cost(4, 28, 321853).
cost(5, 1, 312427).
cost(5, 2, 58057).
cost(5, 3, 355616).
cost(5, 4, 246272).
cost(5, 6, 836163).
cost(5, 7, 304032).
cost(5, 8, 198408).
cost(5, 9, 398440).
cost(5, 10, 269279).
cost(5, 11, 180297).
cost(5, 12, 125979).
cost(5, 13, 13796).
cost(5, 14, 233252).
cost(5, 15, 130406).
cost(5, 16, 214250).
cost(5, 17, 374329).
cost(5, 18, 230722).
cost(5, 19, 121588).
cost(5, 20, 365190).
cost(5, 21, 272198).
cost(5, 22, 326112).
cost(5, 23, 162720).
cost(5, 24, 200116).
cost(5, 25, 269740).
cost(5, 26, 335302).
cost(5, 27, 377579).
cost(5, 28, 232238).
cost(6, 1, 985487).
cost(6, 2, 851946).
cost(6, 3, 1020238).
cost(6, 4, 662506).
cost(6, 5, 836163).
cost(6, 7, 710652).
cost(6, 8, 1027804).
cost(6, 9, 1036574).
cost(6, 10, 1097558).
cost(6, 11, 920784).
cost(6, 12, 958968).
cost(6, 13, 839067).
cost(6, 14, 1041789).
cost(6, 15, 966507).
cost(6, 16, 965581).
cost(6, 17, 647907).
cost(6, 18, 1004762).
cost(6, 19, 808290).
cost(6, 20, 525032).
cost(6, 21, 1108355).
cost(6, 22, 774760).
cost(6, 23, 844013).
cost(6, 24, 1016877).
cost(6, 25, 855891).
cost(6, 26, 1010332).
cost(6, 27, 1155602).
cost(6, 28, 983016).
cost(7, 1, 279045).
cost(7, 2, 359007).
cost(7, 3, 310656).
cost(7, 4, 98928).
cost(7, 5, 304032).
cost(7, 6, 710652).
cost(7, 8, 474910).
cost(7, 9, 326055).
cost(7, 10, 465271).
cost(7, 11, 255310).
cost(7, 12, 367589).
cost(7, 13, 316812).
cost(7, 14, 525791).
cost(7, 15, 395317).
cost(7, 16, 291508).
cost(7, 17, 83853).
cost(7, 18, 334620).
cost(7, 19, 191056).
cost(7, 20, 432410).
cost(7, 21, 510755).
cost(7, 22, 555401).
cost(7, 23, 444773).
cost(7, 24, 381239).
cost(7, 25, 540454).
cost(7, 26, 302448).
cost(7, 27, 466837).
cost(7, 28, 304255).
cost(8, 1, 361759).
cost(8, 2, 176147).
cost(8, 3, 393256).
cost(8, 4, 436504).
cost(8, 5, 198408).
cost(8, 6, 1027804).
cost(8, 7, 474910).
cost(8, 9, 437953).
cost(8, 10, 147982).
cost(8, 11, 253798).
cost(8, 12, 110274).
cost(8, 13, 192237).
cost(8, 14, 66279).
cost(8, 15, 79605).
cost(8, 16, 251992).
cost(8, 17, 553608).
cost(8, 18, 231809).
cost(8, 19, 284858).
cost(8, 20, 531258).
cost(8, 21, 98752).
cost(8, 22, 397451).
cost(8, 23, 224402).
cost(8, 24, 152251).
cost(8, 25, 300794).
cost(8, 26, 373728).
cost(8, 27, 310681).
cost(8, 28, 258725).
cost(9, 1, 86076).
cost(9, 2, 448328).
cost(9, 3, 45311).
cost(9, 4, 390863).
cost(9, 5, 398440).
cost(9, 6, 1036574).
cost(9, 7, 326055).
cost(9, 8, 437953).
cost(9, 10, 329238).
cost(9, 11, 218827).
cost(9, 12, 346796).
cost(9, 13, 410368).
cost(9, 14, 504227).
cost(9, 15, 381120).
cost(9, 16, 194943).
cost(9, 17, 393015).
cost(9, 18, 206228).
cost(9, 19, 308971).
cost(9, 20, 700965).
cost(9, 21, 404887).
cost(9, 22, 724283).
cost(9, 23, 556572).
cost(9, 24, 285973).
cost(9, 25, 663414).
cost(9, 26, 65859).
cost(9, 27, 217837).
cost(9, 28, 182710).
cost(10, 1, 269254).
cost(10, 2, 277534).
cost(10, 3, 288482).
cost(10, 4, 457880).
cost(10, 5, 269279).
cost(10, 6, 1097558).
cost(10, 7, 465271).
cost(10, 8, 147982).
cost(10, 9, 329238).
cost(10, 11, 210725).
cost(10, 12, 143466).
cost(10, 13, 270657).
cost(10, 14, 205852).
cost(10, 15, 150565).
cost(10, 16, 182686).
cost(10, 17, 548968).
cost(10, 18, 143687).
cost(10, 19, 298115).
cost(10, 20, 632853).
cost(10, 21, 77316).
cost(10, 22, 535881).
cost(10, 23, 356620).
cost(10, 24, 85135).
cost(10, 25, 444147).
cost(10, 26, 272198).
cost(10, 27, 165383).
cost(10, 28, 177977).
cost(11, 1, 132777).
cost(11, 2, 229564).
cost(11, 3, 175435).
cost(11, 4, 261632).
cost(11, 5, 180297).
cost(11, 6, 920784).
cost(11, 7, 255310).
cost(11, 8, 253798).
cost(11, 9, 218827).
cost(11, 10, 210725).
cost(11, 12, 146186).
cost(11, 13, 191844).
cost(11, 14, 316512).
cost(11, 15, 181217).
cost(11, 16, 45529).
cost(11, 17, 339156).
cost(11, 18, 84489).
cost(11, 19, 117078).
cost(11, 20, 511882).
cost(11, 21, 263596).
cost(11, 22, 506404).
cost(11, 23, 337890).
cost(11, 24, 128654).
cost(11, 25, 444919).
cost(11, 26, 155039).
cost(11, 27, 236062).
cost(11, 28, 64319).
cost(12, 1, 265035).
cost(12, 2, 138665).
cost(12, 3, 301485).
cost(12, 4, 337907).
cost(12, 5, 125979).
cost(12, 6, 958968).
cost(12, 7, 367589).
cost(12, 8, 110274).
cost(12, 9, 346796).
cost(12, 10, 143466).
cost(12, 11, 146186).
cost(12, 13, 127240).
cost(12, 14, 170657).
cost(12, 15, 35315).
cost(12, 16, 152918).
cost(12, 17, 447939).
cost(12, 18, 145366).
cost(12, 19, 180387).
cost(12, 20, 489621).
cost(12, 21, 153274).
cost(12, 22, 412833).
cost(12, 23, 232534).
cost(12, 24, 84176).
cost(12, 25, 332507).
cost(12, 26, 281025).
cost(12, 27, 268409).
cost(12, 28, 164104).
cost(13, 1, 324307).
cost(13, 2, 44274).
cost(13, 3, 367274).
cost(13, 4, 257067).
cost(13, 5, 13796).
cost(13, 6, 839067).
cost(13, 7, 316812).
cost(13, 8, 192237).
cost(13, 9, 410368).
cost(13, 10, 270657).
cost(13, 11, 191844).
cost(13, 12, 127240).
cost(13, 14, 223992).
cost(13, 15, 127870).
cost(13, 16, 224505).
cost(13, 17, 386293).
cost(13, 18, 239188).
cost(13, 19, 135323).
cost(13, 20, 362443).
cost(13, 21, 269636).
cost(13, 22, 314742).
cost(13, 23, 149403).
cost(13, 24, 204474).
cost(13, 25, 256557).
cost(13, 26, 346877).
cost(13, 27, 384013).
cost(13, 28, 242191).
cost(14, 1, 427676).
cost(14, 2, 196022).
cost(14, 3, 459507).
cost(14, 4, 478609).
cost(14, 5, 233252).
cost(14, 6, 1041789).
cost(14, 7, 525791).
cost(14, 8, 66279).
cost(14, 9, 504227).
cost(14, 10, 205852).
cost(14, 11, 316512).
cost(14, 12, 170657).
cost(14, 13, 223992).
cost(14, 15, 136543).
cost(14, 16, 317332).
cost(14, 17, 601857).
cost(14, 18, 298063).
cost(14, 19, 334739).
cost(14, 20, 532067).
cost(14, 21, 141389).
cost(14, 22, 367852).
cost(14, 23, 210131).
cost(14, 24, 218502).
cost(14, 25, 265652).
cost(14, 26, 439939).
cost(14, 27, 370964).
cost(14, 28, 324634).
cost(15, 1, 299949).
cost(15, 2, 127526).
cost(15, 3, 335818).
cost(15, 4, 359174).
cost(15, 5, 130406).
cost(15, 6, 966507).
cost(15, 7, 395317).
cost(15, 8, 79605).
cost(15, 9, 381120).
cost(15, 10, 150565).
cost(15, 11, 181217).
cost(15, 12, 35315).
cost(15, 13, 127870).
cost(15, 14, 136543).
cost(15, 16, 187863).
cost(15, 17, 474249).
cost(15, 18, 177874).
cost(15, 19, 205520).
cost(15, 20, 485673).
cost(15, 21, 141873).
cost(15, 22, 390827).
cost(15, 23, 210127).
cost(15, 24, 109149).
cost(15, 25, 305920).
cost(15, 26, 315452).
cost(15, 27, 290945).
cost(15, 28, 198440).
cost(16, 1, 112117).
cost(16, 2, 258355).
cost(16, 3, 149787).
cost(16, 4, 305190).
cost(16, 5, 214250).
cost(16, 6, 965581).
cost(16, 7, 291508).
cost(16, 8, 251992).
cost(16, 9, 194943).
cost(16, 10, 182686).
cost(16, 11, 45529).
cost(16, 12, 152918).
cost(16, 13, 224505).
cost(16, 14, 317332).
cost(16, 15, 187863).
cost(16, 17, 375115).
cost(16, 18, 43115).
cost(16, 19, 162506).
cost(16, 20, 555534).
cost(16, 21, 244541).
cost(16, 22, 538623).
cost(16, 23, 365421).
cost(16, 24, 108965).
cost(16, 25, 471273).
cost(16, 26, 129110).
cost(16, 27, 190667).
cost(16, 28, 19284).
cost(17, 1, 355532).
cost(17, 2, 426375).
cost(17, 3, 383342).
cost(17, 4, 136834).
cost(17, 5, 374329).
cost(17, 6, 647907).
cost(17, 7, 83853).
cost(17, 8, 553608).
cost(17, 9, 393015).
cost(17, 10, 548968).
cost(17, 11, 339156).
cost(17, 12, 447939).
cost(17, 13, 386293).
cost(17, 14, 601857).
cost(17, 15, 474249).
cost(17, 16, 375115).
cost(17, 18, 418229).
cost(17, 19, 268753).
cost(17, 20, 435586).
cost(17, 21, 593246).
cost(17, 22, 593953).
cost(17, 23, 502918).
cost(17, 24, 464757).
cost(17, 25, 591934).
cost(17, 26, 377400).
cost(17, 27, 547705).
cost(17, 28, 387504).
cost(18, 1, 132108).
cost(18, 2, 267795).
cost(18, 3, 161446).
cost(18, 4, 346107).
cost(18, 5, 230722).
cost(18, 6, 1004762).
cost(18, 7, 334620).
cost(18, 8, 231809).
cost(18, 9, 206228).
cost(18, 10, 143687).
cost(18, 11, 84489).
cost(18, 12, 145366).
cost(18, 13, 239188).
cost(18, 14, 298063).
cost(18, 15, 177874).
cost(18, 16, 43115).
cost(18, 17, 418229).
cost(18, 19, 198082).
cost(18, 20, 583594).
cost(18, 21, 210571).
cost(18, 22, 548881).
cost(18, 23, 371574).
cost(18, 24, 80538).
cost(18, 25, 475055).
cost(18, 26, 142012).
cost(18, 27, 155000).
cost(18, 28, 34326).
cost(19, 1, 227144).
cost(19, 2, 179572).
cost(19, 3, 271349).
cost(19, 4, 160286).
cost(19, 5, 121588).
cost(19, 6, 808290).
cost(19, 7, 191056).
cost(19, 8, 284858).
cost(19, 9, 308971).
cost(19, 10, 298115).
cost(19, 11, 117078).
cost(19, 12, 180387).
cost(19, 13, 135323).
cost(19, 14, 334739).
cost(19, 15, 205520).
cost(19, 16, 162506).
cost(19, 17, 268753).
cost(19, 18, 198082).
cost(19, 20, 398506).
cost(19, 21, 330297).
cost(19, 22, 427041).
cost(19, 23, 280018).
cost(19, 24, 213616).
cost(19, 25, 384978).
cost(19, 26, 253116).
cost(19, 27, 352290).
cost(19, 28, 181397).
cost(20, 1, 623490).
cost(20, 2, 359306).
cost(20, 3, 667049).
cost(20, 4, 335415).
cost(20, 5, 365190).
cost(20, 6, 525032).
cost(20, 7, 432410).
cost(20, 8, 531258).
cost(20, 9, 700965).
cost(20, 10, 632853).
cost(20, 11, 511882).
cost(20, 12, 489621).
cost(20, 13, 362443).
cost(20, 14, 532067).
cost(20, 15, 485673).
cost(20, 16, 555534).
cost(20, 17, 435586).
cost(20, 18, 583594).
cost(20, 19, 398506).
cost(20, 21, 622977).
cost(20, 22, 259560).
cost(20, 23, 325292).
cost(20, 24, 564991).
cost(20, 25, 331460).
cost(20, 26, 649906).
cost(20, 27, 736969).
cost(20, 28, 574818).
cost(21, 1, 340832).
cost(21, 2, 263913).
cost(21, 3, 363149).
cost(21, 4, 489747).
cost(21, 5, 272198).
cost(21, 6, 1108355).
cost(21, 7, 510755).
cost(21, 8, 98752).
cost(21, 9, 404887).
cost(21, 10, 77316).
cost(21, 11, 263596).
cost(21, 12, 153274).
cost(21, 13, 269636).
cost(21, 14, 141389).
cost(21, 15, 141873).
cost(21, 16, 244541).
cost(21, 17, 593246).
cost(21, 18, 210571).
cost(21, 19, 330297).
cost(21, 20, 622977).
cost(21, 22, 495974).
cost(21, 23, 322819).
cost(21, 24, 136251).
cost(21, 25, 398172).
cost(21, 26, 346028).
cost(21, 27, 238624).
cost(21, 28, 243792).
cost(22, 1, 638373).
cost(22, 2, 281207).
cost(22, 3, 681708).
cost(22, 4, 461701).
cost(22, 5, 326112).
cost(22, 6, 774760).
cost(22, 7, 555401).
cost(22, 8, 397451).
cost(22, 9, 724283).
cost(22, 10, 535881).
cost(22, 11, 506404).
cost(22, 12, 412833).
cost(22, 13, 314742).
cost(22, 14, 367852).
cost(22, 15, 390827).
cost(22, 16, 538623).
cost(22, 17, 593953).
cost(22, 18, 548881).
cost(22, 19, 427041).
cost(22, 20, 259560).
cost(22, 21, 495974).
cost(22, 23, 180743).
cost(22, 24, 496882).
cost(22, 25, 104674).
cost(22, 26, 661413).
cost(22, 27, 680907).
cost(22, 28, 555766).
cost(23, 1, 470611).
cost(23, 2, 108389).
cost(23, 3, 512584).
cost(23, 4, 366406).
cost(23, 5, 162720).
cost(23, 6, 844013).
cost(23, 7, 444773).
cost(23, 8, 224402).
cost(23, 9, 556572).
cost(23, 10, 356620).
cost(23, 11, 337890).
cost(23, 12, 232534).
cost(23, 13, 149403).
cost(23, 14, 210131).
cost(23, 15, 210127).
cost(23, 16, 365421).
cost(23, 17, 502918).
cost(23, 18, 371574).
cost(23, 19, 280018).
cost(23, 20, 325292).
cost(23, 21, 322819).
cost(23, 22, 180743).
cost(23, 24, 316394).
cost(23, 25, 107324).
cost(23, 26, 491951).
cost(23, 27, 500255).
cost(23, 28, 381489).
cost(24, 1, 212394).
cost(24, 2, 221776).
cost(24, 3, 241546).
cost(24, 4, 372991).
cost(24, 5, 200116).
cost(24, 6, 1016877).
cost(24, 7, 381239).
cost(24, 8, 152251).
cost(24, 9, 285973).
cost(24, 10, 85135).
cost(24, 11, 128654).
cost(24, 12, 84176).
cost(24, 13, 204474).
cost(24, 14, 218502).
cost(24, 15, 109149).
cost(24, 16, 108965).
cost(24, 17, 464757).
cost(24, 18, 80538).
cost(24, 19, 213616).
cost(24, 20, 564991).
cost(24, 21, 136251).
cost(24, 22, 496882).
cost(24, 23, 316394).
cost(24, 25, 414726).
cost(24, 26, 222385).
cost(24, 27, 184234).
cost(24, 28, 110749).
cost(25, 1, 577542).
cost(25, 2, 215625).
cost(25, 3, 619226).
cost(25, 4, 455334).
cost(25, 5, 269740).
cost(25, 6, 855891).
cost(25, 7, 540454).
cost(25, 8, 300794).
cost(25, 9, 663414).
cost(25, 10, 444147).
cost(25, 11, 444919).
cost(25, 12, 332507).
cost(25, 13, 256557).
cost(25, 14, 265652).
cost(25, 15, 305920).
cost(25, 16, 471273).
cost(25, 17, 591934).
cost(25, 18, 475055).
cost(25, 19, 384978).
cost(25, 20, 331460).
cost(25, 21, 398172).
cost(25, 22, 104674).
cost(25, 23, 107324).
cost(25, 24, 414726).
cost(25, 26, 598555).
cost(25, 27, 596441).
cost(25, 28, 486844).
cost(26, 1, 26600).
cost(26, 2, 383909).
cost(26, 3, 20727).
cost(26, 4, 353606).
cost(26, 5, 335302).
cost(26, 6, 1010332).
cost(26, 7, 302448).
cost(26, 8, 373728).
cost(26, 9, 65859).
cost(26, 10, 272198).
cost(26, 11, 155039).
cost(26, 12, 281025).
cost(26, 13, 346877).
cost(26, 14, 439939).
cost(26, 15, 315452).
cost(26, 16, 129110).
cost(26, 17, 377400).
cost(26, 18, 142012).
cost(26, 19, 253116).
cost(26, 20, 649906).
cost(26, 21, 346028).
cost(26, 22, 661413).
cost(26, 23, 491951).
cost(26, 24, 222385).
cost(26, 25, 598555).
cost(26, 27, 186204).
cost(26, 28, 117014).
cost(27, 1, 199855).
cost(27, 2, 405287).
cost(27, 3, 192233).
cost(27, 4, 493795).
cost(27, 5, 377579).
cost(27, 6, 1155602).
cost(27, 7, 466837).
cost(27, 8, 310681).
cost(27, 9, 217837).
cost(27, 10, 165383).
cost(27, 11, 236062).
cost(27, 12, 268409).
cost(27, 13, 384013).
cost(27, 14, 370964).
cost(27, 15, 290945).
cost(27, 16, 190667).
cost(27, 17, 547705).
cost(27, 18, 155000).
cost(27, 19, 352290).
cost(27, 20, 736969).
cost(27, 21, 238624).
cost(27, 22, 680907).
cost(27, 23, 500255).
cost(27, 24, 184234).
cost(27, 25, 596441).
cost(27, 26, 186204).
cost(27, 28, 172720).
cost(28, 1, 103045).
cost(28, 2, 275024).
cost(28, 3, 137400).
cost(28, 4, 321853).
cost(28, 5, 232238).
cost(28, 6, 983016).
cost(28, 7, 304255).
cost(28, 8, 258725).
cost(28, 9, 182710).
cost(28, 10, 177977).
cost(28, 11, 64319).
cost(28, 12, 164104).
cost(28, 13, 242191).
cost(28, 14, 324634).
cost(28, 15, 198440).
cost(28, 16, 19284).
cost(28, 17, 387504).
cost(28, 18, 34326).
cost(28, 19, 181397).
cost(28, 20, 574818).
cost(28, 21, 243792).
cost(28, 22, 555766).
cost(28, 23, 381489).
cost(28, 24, 110749).
cost(28, 25, 486844).
cost(28, 26, 117014).
cost(28, 27, 172720).
nocross(1,7).
nocross(1,9).
nocross(1,11).
nocross(1,16).
nocross(1,28).
nocross(2,5).
nocross(2,8).
nocross(2,11).
nocross(2,12).
nocross(2,13).
nocross(2,15).
nocross(2,16).
nocross(2,18).
nocross(2,19).
nocross(2,23).
nocross(2,24).
nocross(3,1).
nocross(3,9).
nocross(3,10).
nocross(3,11).
nocross(3,18).
nocross(3,26).
nocross(3,28).
nocross(4,1).
nocross(4,5).
nocross(4,7).
nocross(4,9).
nocross(4,11).
nocross(4,13).
nocross(4,17).
nocross(4,19).
nocross(4,23).
nocross(5,2).
nocross(5,4).
nocross(5,11).
nocross(5,13).
nocross(5,15).
nocross(5,16).
nocross(5,18).
nocross(5,19).
nocross(5,24).
nocross(7,1).
nocross(7,4).
nocross(7,5).
nocross(7,9).
nocross(7,11).
nocross(7,13).
nocross(7,19).
nocross(7,28).
nocross(8,2).
nocross(8,5).
nocross(8,11).
nocross(8,13).
nocross(8,16).
nocross(8,18).
nocross(8,24).
nocross(8,25).
nocross(8,27).
nocross(8,28).
nocross(9,1).
nocross(9,7).
nocross(9,10).
nocross(9,11).
nocross(9,18).
nocross(9,24).
nocross(10,5).
nocross(10,9).
nocross(10,11).
nocross(10,12).
nocross(10,13).
nocross(10,15).
nocross(10,16).
nocross(10,18).
nocross(10,19).
nocross(10,24).
nocross(10,25).
nocross(10,27).
nocross(11,1).
nocross(11,8).
nocross(11,9).
nocross(11,16).
nocross(11,18).
nocross(11,19).
nocross(12,2).
nocross(12,3).
nocross(12,5).
nocross(12,10).
nocross(12,11).
nocross(12,13).
nocross(12,16).
nocross(12,18).
nocross(12,19).
nocross(12,24).
nocross(12,28).
nocross(13,2).
nocross(13,5).
nocross(13,8).
nocross(13,10).
nocross(13,11).
nocross(13,12).
nocross(13,15).
nocross(13,16).
nocross(13,18).
nocross(13,19).
nocross(13,23).
nocross(13,24).
nocross(14,25).
nocross(15,25).
nocross(16,1).
nocross(16,7).
nocross(16,8).
nocross(16,11).
nocross(16,18).
nocross(16,28).
nocross(17,1).
nocross(17,4).
nocross(17,5).
nocross(17,7).
nocross(17,11).
nocross(17,13).
nocross(17,16).
nocross(17,19).
nocross(18,8).
nocross(18,11).
nocross(18,16).
nocross(18,19).
nocross(18,28).
nocross(19,1).
nocross(19,5).
nocross(19,7).
nocross(19,9).
nocross(19,11).
nocross(19,13).
nocross(19,16).
nocross(19,18).
nocross(19,24).
nocross(21,15).
nocross(21,25).
nocross(23,2).
nocross(23,5).
nocross(23,8).
nocross(23,9).
nocross(23,11).
nocross(23,12).
nocross(23,13).
nocross(23,15).
nocross(23,16).
nocross(23,18).
nocross(23,19).
nocross(24,5).
nocross(24,8).
nocross(24,9).
nocross(24,10).
nocross(24,11).
nocross(24,13).
nocross(24,16).
nocross(24,18).
nocross(24,19).
nocross(24,27).
nocross(26,1).
nocross(26,10).
nocross(26,11).
nocross(26,16).
nocross(26,18).
nocross(26,28).
nocross(27,1).
nocross(27,3).
nocross(27,9).
nocross(27,10).
nocross(27,11).
nocross(27,13).
nocross(27,16).
nocross(27,18).
nocross(27,24).
nocross(27,28).
nocross(28,1).
nocross(28,7).
nocross(28,8).
nocross(28,11).
nocross(28,16).
nocross(28,18).
