dimension(28).
point(1, 279619.0, 78575.0).
point(2, 477422.0, 127310.0).
point(3, -27474.0, -47733.0).
point(4, -196628.0, -113912.0).
point(5, -99741.0, -130121.0).
point(6, 226892.0, -273405.0).
point(7, 197158.0, 151056.0).
point(8, -359597.0, -84655.0).
point(9, 253236.0, -62033.0).
point(10, -68163.0, 211134.0).
point(11, 64149.0, 28584.0).
point(12, 181338.0, 306380.0).
point(13, -166576.0, 150373.0).
point(14, -23349.0, -193010.0).
point(15, 24421.0, -34426.0).
point(16, 24229.0, -7919.0).
point(17, -74353.0, 160000.0).
point(18, 73038.0, -306644.0).
point(19, 424433.0, -67073.0).
point(20, -225020.0, 208758.0).
point(21, -172462.0, -170511.0).
point(22, 184752.0, 240010.0).
point(23, 76215.0, 17145.0).
point(24, -200412.0, 204816.0).
point(25, 90161.0, -37157.0).
point(26, 145660.0, 221234.0).
point(27, 186574.0, 68540.0).
point(28, 100144.0, -385308.0).
cost(1, 2, 203718).
cost(1, 3, 332054).
cost(1, 4, 513675).
cost(1, 5, 432976).
cost(1, 6, 355907).
cost(1, 7, 109788).
cost(1, 8, 659728).
cost(1, 9, 143062).
cost(1, 10, 372188).
cost(1, 11, 221193).
cost(1, 12, 248101).
cost(1, 13, 451935).
cost(1, 14, 406876).
cost(1, 15, 279097).
cost(1, 16, 269639).
cost(1, 17, 363216).
cost(1, 18, 437115).
cost(1, 19, 205388).
cost(1, 20, 521160).
cost(1, 21, 516160).
cost(1, 22, 187246).
cost(1, 23, 212478).
cost(1, 24, 496353).
cost(1, 25, 222010).
cost(1, 26, 195695).
cost(1, 27, 93585).
cost(1, 28, 497392).
cost(2, 1, 203718).
cost(2, 3, 534378).
cost(2, 4, 715913).
cost(2, 5, 631971).
cost(2, 6, 472586).
cost(2, 7, 281268).
cost(2, 8, 863441).
cost(2, 9, 293445).
cost(2, 10, 551987).
cost(2, 11, 424902).
cost(2, 12, 346023).
cost(2, 13, 644411).
cost(2, 14, 594455).
cost(2, 15, 481008).
cost(2, 16, 472938).
cost(2, 17, 552743).
cost(2, 18, 593163).
cost(2, 19, 201476).
cost(2, 20, 707148).
cost(2, 21, 714875).
cost(2, 22, 313619).
cost(2, 23, 416057).
cost(2, 24, 682251).
cost(2, 25, 420738).
cost(2, 26, 344801).
cost(2, 27, 296726).
cost(2, 28, 636487).
cost(3, 1, 332054).
cost(3, 2, 534378).
cost(3, 4, 181639).
cost(3, 5, 109592).
cost(3, 6, 340044).
cost(3, 7, 299961).
cost(3, 8, 334169).
cost(3, 9, 281074).
cost(3, 10, 262045).
cost(3, 11, 119244).
cost(3, 12, 411094).
cost(3, 13, 242065).
cost(3, 14, 145336).
cost(3, 15, 53574).
cost(3, 16, 65256).
cost(3, 17, 212957).
cost(3, 18, 277737).
cost(3, 19, 452321).
cost(3, 20, 323747).
cost(3, 21, 189989).
cost(3, 22, 357541).
cost(3, 23, 122313).
cost(3, 24, 306086).
cost(3, 25, 118109).
cost(3, 26, 319873).
cost(3, 27, 243590).
cost(3, 28, 360892).
cost(4, 1, 513675).
cost(4, 2, 715913).
cost(4, 3, 181639).
cost(4, 5, 98234).
cost(4, 6, 452556).
cost(4, 7, 474632).
cost(4, 8, 165574).
cost(4, 9, 452846).
cost(4, 10, 349511).
cost(4, 11, 297170).
cost(4, 12, 565247).
cost(4, 13, 265988).
cost(4, 14, 190479).
cost(4, 15, 234906).
cost(4, 16, 244974).
cost(4, 17, 299965).
cost(4, 18, 331459).
cost(4, 19, 622825).
cost(4, 20, 323917).
cost(4, 21, 61542).
cost(4, 22, 520299).
cost(4, 23, 302687).
cost(4, 24, 318750).
cost(4, 25, 296883).
cost(4, 26, 479045).
cost(4, 27, 424420).
cost(4, 28, 402156).
cost(5, 1, 432976).
cost(5, 2, 631971).
cost(5, 3, 109592).
cost(5, 4, 98234).
cost(5, 6, 356678).
cost(5, 7, 408913).
cost(5, 8, 263804).
cost(5, 9, 359484).
cost(5, 10, 342713).
cost(5, 11, 228139).
cost(5, 12, 519171).
cost(5, 13, 288347).
cost(5, 14, 98948).
cost(5, 15, 156760).
cost(5, 16, 174074).
cost(5, 17, 291230).
cost(5, 18, 247008).
cost(5, 19, 527952).
cost(5, 20, 361295).
cost(5, 21, 83185).
cost(5, 22, 466833).
cost(5, 23, 229451).
cost(5, 24, 349739).
cost(5, 25, 211436).
cost(5, 26, 428570).
cost(5, 27, 348486).
cost(5, 28, 324152).
cost(6, 1, 355907).
cost(6, 2, 472586).
cost(6, 3, 340044).
cost(6, 4, 452556).
cost(6, 5, 356678).
cost(6, 7, 425501).
cost(6, 8, 616114).
cost(6, 9, 213007).
cost(6, 10, 567305).
cost(6, 11, 343049).
cost(6, 12, 581572).
cost(6, 13, 578277).
cost(6, 14, 262838).
cost(6, 15, 313218).
cost(6, 16, 333999).
cost(6, 17, 527815).
cost(6, 18, 157404).
cost(6, 19, 285649).
cost(6, 20, 660837).
cost(6, 21, 412396).
cost(6, 22, 515141).
cost(6, 23, 327296).
cost(6, 24, 641314).
cost(6, 25, 272962).
cost(6, 26, 501265).
cost(6, 27, 344314).
cost(6, 28, 169078).
cost(7, 1, 109788).
cost(7, 2, 281268).
cost(7, 3, 299961).
cost(7, 4, 474632).
cost(7, 5, 408913).
cost(7, 6, 425501).
cost(7, 8, 604596).
cost(7, 9, 220344).
cost(7, 10, 272038).
cost(7, 11, 180806).
cost(7, 12, 156128).
cost(7, 13, 363735).
cost(7, 14, 408662).
cost(7, 15, 253459).
cost(7, 16, 234899).
cost(7, 17, 271658).
cost(7, 18, 474231).
cost(7, 19, 315015).
cost(7, 20, 426103).
cost(7, 21, 489923).
cost(7, 22, 89815).
cost(7, 23, 180442).
cost(7, 24, 401188).
cost(7, 25, 216501).
cost(7, 26, 87046).
cost(7, 27, 83192).
cost(7, 28, 545067).
cost(8, 1, 659728).
cost(8, 2, 863441).
cost(8, 3, 334169).
cost(8, 4, 165574).
cost(8, 5, 263804).
cost(8, 6, 616114).
cost(8, 7, 604596).
cost(8, 9, 613250).
cost(8, 10, 415241).
cost(8, 11, 438616).
cost(8, 12, 667472).
cost(8, 13, 304130).
cost(8, 14, 353275).
cost(8, 15, 387289).
cost(8, 16, 391422).
cost(8, 17, 375793).
cost(8, 18, 486263).
cost(8, 19, 784227).
cost(8, 20, 322804).
cost(8, 21, 205890).
cost(8, 22, 633816).
cost(8, 23, 447544).
cost(8, 24, 330353).
cost(8, 25, 452259).
cost(8, 26, 590638).
cost(8, 27, 567249).
cost(8, 28, 549321).
cost(9, 1, 143062).
cost(9, 2, 293445).
cost(9, 3, 281074).
cost(9, 4, 452846).
cost(9, 5, 359484).
cost(9, 6, 213007).
cost(9, 7, 220344).
cost(9, 8, 613250).
cost(9, 10, 421803).
cost(9, 11, 209679).
cost(9, 12, 375363).
cost(9, 13, 470487).
cost(9, 14, 306030).
cost(9, 15, 230474).
cost(9, 16, 235314).
cost(9, 17, 395744).
cost(9, 18, 303819).
cost(9, 19, 171271).
cost(9, 20, 549597).
cost(9, 21, 439302).
cost(9, 22, 309710).
cost(9, 23, 193922).
cost(9, 24, 526313).
cost(9, 25, 164961).
cost(9, 26, 303006).
cost(9, 27, 146605).
cost(9, 28, 357692).
cost(10, 1, 372188).
cost(10, 2, 551987).
cost(10, 3, 262045).
cost(10, 4, 349511).
cost(10, 5, 342713).
cost(10, 6, 567305).
cost(10, 7, 272038).
cost(10, 8, 415241).
cost(10, 9, 421803).
cost(10, 11, 225457).
cost(10, 12, 267063).
cost(10, 13, 115659).
cost(10, 14, 406621).
cost(10, 15, 262434).
cost(10, 16, 237740).
cost(10, 17, 51507).
cost(10, 18, 536686).
cost(10, 19, 565730).
cost(10, 20, 156875).
cost(10, 21, 395640).
cost(10, 22, 254558).
cost(10, 23, 241820).
cost(10, 24, 132400).
cost(10, 25, 294474).
cost(10, 26, 214061).
cost(10, 27, 291931).
cost(10, 28, 619734).
cost(11, 1, 221193).
cost(11, 2, 424902).
cost(11, 3, 119244).
cost(11, 4, 297170).
cost(11, 5, 228139).
cost(11, 6, 343049).
cost(11, 7, 180806).
cost(11, 8, 438616).
cost(11, 9, 209679).
cost(11, 10, 225457).
cost(11, 12, 301503).
cost(11, 13, 260896).
cost(11, 14, 238243).
cost(11, 15, 74489).
cost(11, 16, 54093).
cost(11, 17, 190927).
cost(11, 18, 335346).
cost(11, 19, 372766).
cost(11, 20, 340707).
cost(11, 21, 309231).
cost(11, 22, 243405).
cost(11, 23, 16626).
cost(11, 24, 317884).
cost(11, 25, 70700).
cost(11, 26, 209184).
cost(11, 27, 128780).
cost(11, 28, 415454).
cost(12, 1, 248101).
cost(12, 2, 346023).
cost(12, 3, 411094).
cost(12, 4, 565247).
cost(12, 5, 519171).
cost(12, 6, 581572).
cost(12, 7, 156128).
cost(12, 8, 667472).
cost(12, 9, 375363).
cost(12, 10, 267063).
cost(12, 11, 301503).
cost(12, 13, 381290).
cost(12, 14, 539710).
cost(12, 15, 375196).
cost(12, 16, 351379).
cost(12, 17, 294627).
cost(12, 18, 622517).
cost(12, 19, 445603).
cost(12, 20, 417920).
cost(12, 21, 593801).
cost(12, 22, 66458).
cost(12, 23, 307746).
cost(12, 24, 395030).
cost(12, 25, 355431).
cost(12, 26, 92319).
cost(12, 27, 237898).
cost(12, 28, 696437).
cost(13, 1, 451935).
cost(13, 2, 644411).
cost(13, 3, 242065).
cost(13, 4, 265988).
cost(13, 5, 288347).
cost(13, 6, 578277).
cost(13, 7, 363735).
cost(13, 8, 304130).
cost(13, 9, 470487).
cost(13, 10, 115659).
cost(13, 11, 260896).
cost(13, 12, 381290).
cost(13, 14, 372056).
cost(13, 15, 265764).
cost(13, 16, 247917).
cost(13, 17, 92724).
cost(13, 18, 516023).
cost(13, 19, 629742).
cost(13, 20, 82611).
cost(13, 21, 320938).
cost(13, 22, 362583).
cost(13, 23, 276943).
cost(13, 24, 64101).
cost(13, 25, 317933).
cost(13, 26, 320176).
cost(13, 27, 362507).
cost(13, 28, 598409).
cost(14, 1, 406876).
cost(14, 2, 594455).
cost(14, 3, 145336).
cost(14, 4, 190479).
cost(14, 5, 98948).
cost(14, 6, 262838).
cost(14, 7, 408662).
cost(14, 8, 353275).
cost(14, 9, 306030).
cost(14, 10, 406621).
cost(14, 11, 238243).
cost(14, 12, 539710).
cost(14, 13, 372056).
cost(14, 15, 165623).
cost(14, 16, 191108).
cost(14, 17, 356676).
cost(14, 18, 149007).
cost(14, 19, 465155).
cost(14, 20, 449543).
cost(14, 21, 150801).
cost(14, 22, 480429).
cost(14, 23, 232547).
cost(14, 24, 435450).
cost(14, 25, 192807).
cost(14, 26, 447395).
cost(14, 27, 335375).
cost(14, 28, 228537).
cost(15, 1, 279097).
cost(15, 2, 481008).
cost(15, 3, 53574).
cost(15, 4, 234906).
cost(15, 5, 156760).
cost(15, 6, 313218).
cost(15, 7, 253459).
cost(15, 8, 387289).
cost(15, 9, 230474).
cost(15, 10, 262434).
cost(15, 11, 74489).
cost(15, 12, 375196).
cost(15, 13, 265764).
cost(15, 14, 165623).
cost(15, 16, 26508).
cost(15, 17, 218077).
cost(15, 18, 276525).
cost(15, 19, 401342).
cost(15, 20, 348367).
cost(15, 21, 239337).
cost(15, 22, 317838).
cost(15, 23, 73090).
cost(15, 24, 328309).
cost(15, 25, 65797).
cost(15, 26, 282950).
cost(15, 27, 192082).
cost(15, 28, 358960).
cost(16, 1, 269639).
cost(16, 2, 472938).
cost(16, 3, 65256).
cost(16, 4, 244974).
cost(16, 5, 174074).
cost(16, 6, 333999).
cost(16, 7, 234899).
cost(16, 8, 391422).
cost(16, 9, 235314).
cost(16, 10, 237740).
cost(16, 11, 54093).
cost(16, 12, 351379).
cost(16, 13, 247917).
cost(16, 14, 191108).
cost(16, 15, 26508).
cost(16, 17, 194718).
cost(16, 18, 302686).
cost(16, 19, 404552).
cost(16, 20, 330264).
cost(16, 21, 255193).
cost(16, 22, 295358).
cost(16, 23, 57713).
cost(16, 24, 309386).
cost(16, 25, 72124).
cost(16, 26, 259339).
cost(16, 27, 179449).
cost(16, 28, 384949).
cost(17, 1, 363216).
cost(17, 2, 552743).
cost(17, 3, 212957).
cost(17, 4, 299965).
cost(17, 5, 291230).
cost(17, 6, 527815).
cost(17, 7, 271658).
cost(17, 8, 375793).
cost(17, 9, 395744).
cost(17, 10, 51507).
cost(17, 11, 190927).
cost(17, 12, 294627).
cost(17, 13, 92724).
cost(17, 14, 356676).
cost(17, 15, 218077).
cost(17, 16, 194718).
cost(17, 18, 489368).
cost(17, 19, 548042).
cost(17, 20, 158360).
cost(17, 21, 344765).
cost(17, 22, 271177).
cost(17, 23, 207553).
cost(17, 24, 133788).
cost(17, 25, 256780).
cost(17, 26, 228375).
cost(17, 27, 276492).
cost(17, 28, 572547).
cost(18, 1, 437115).
cost(18, 2, 593163).
cost(18, 3, 277737).
cost(18, 4, 331459).
cost(18, 5, 247008).
cost(18, 6, 157404).
cost(18, 7, 474231).
cost(18, 8, 486263).
cost(18, 9, 303819).
cost(18, 10, 536686).
cost(18, 11, 335346).
cost(18, 12, 622517).
cost(18, 13, 516023).
cost(18, 14, 149007).
cost(18, 15, 276525).
cost(18, 16, 302686).
cost(18, 17, 489368).
cost(18, 19, 425291).
cost(18, 20, 595380).
cost(18, 21, 280718).
cost(18, 22, 557952).
cost(18, 23, 323805).
cost(18, 24, 579971).
cost(18, 25, 270030).
cost(18, 26, 532850).
cost(18, 27, 391987).
cost(18, 28, 83203).
cost(19, 1, 205388).
cost(19, 2, 201476).
cost(19, 3, 452321).
cost(19, 4, 622825).
cost(19, 5, 527952).
cost(19, 6, 285649).
cost(19, 7, 315015).
cost(19, 8, 784227).
cost(19, 9, 171271).
cost(19, 10, 565730).
cost(19, 11, 372766).
cost(19, 12, 445603).
cost(19, 13, 629742).
cost(19, 14, 465155).
cost(19, 15, 401342).
cost(19, 16, 404552).
cost(19, 17, 548042).
cost(19, 18, 425291).
cost(19, 20, 705600).
cost(19, 21, 605791).
cost(19, 22, 389547).
cost(19, 23, 358258).
cost(19, 24, 681436).
cost(19, 25, 335608).
cost(19, 26, 401043).
cost(19, 27, 273802).
cost(19, 28, 454353).
cost(20, 1, 521160).
cost(20, 2, 707148).
cost(20, 3, 323747).
cost(20, 4, 323917).
cost(20, 5, 361295).
cost(20, 6, 660837).
cost(20, 7, 426103).
cost(20, 8, 322804).
cost(20, 9, 549597).
cost(20, 10, 156875).
cost(20, 11, 340707).
cost(20, 12, 417920).
cost(20, 13, 82611).
cost(20, 14, 449543).
cost(20, 15, 348367).
cost(20, 16, 330264).
cost(20, 17, 158360).
cost(20, 18, 595380).
cost(20, 19, 705600).
cost(20, 21, 382893).
cost(20, 22, 410962).
cost(20, 23, 357013).
cost(20, 24, 24922).
cost(20, 25, 399766).
cost(20, 26, 370890).
cost(20, 27, 434823).
cost(20, 28, 677234).
cost(21, 1, 516160).
cost(21, 2, 714875).
cost(21, 3, 189989).
cost(21, 4, 61542).
cost(21, 5, 83185).
cost(21, 6, 412396).
cost(21, 7, 489923).
cost(21, 8, 205890).
cost(21, 9, 439302).
cost(21, 10, 395640).
cost(21, 11, 309231).
cost(21, 12, 593801).
cost(21, 13, 320938).
cost(21, 14, 150801).
cost(21, 15, 239337).
cost(21, 16, 255193).
cost(21, 17, 344765).
cost(21, 18, 280718).
cost(21, 19, 605791).
cost(21, 20, 382893).
cost(21, 22, 544178).
cost(21, 23, 311537).
cost(21, 24, 376366).
cost(21, 25, 294541).
cost(21, 26, 504644).
cost(21, 27, 431338).
cost(21, 28, 347062).
cost(22, 1, 187246).
cost(22, 2, 313619).
cost(22, 3, 357541).
cost(22, 4, 520299).
cost(22, 5, 466833).
cost(22, 6, 515141).
cost(22, 7, 89815).
cost(22, 8, 633816).
cost(22, 9, 309710).
cost(22, 10, 254558).
cost(22, 11, 243405).
cost(22, 12, 66458).
cost(22, 13, 362583).
cost(22, 14, 480429).
cost(22, 15, 317838).
cost(22, 16, 295358).
cost(22, 17, 271177).
cost(22, 18, 557952).
cost(22, 19, 389547).
cost(22, 20, 410962).
cost(22, 21, 544178).
cost(22, 23, 247889).
cost(22, 24, 386769).
cost(22, 25, 292863).
cost(22, 26, 43367).
cost(22, 27, 171480).
cost(22, 28, 631016).
cost(23, 1, 212478).
cost(23, 2, 416057).
cost(23, 3, 122313).
cost(23, 4, 302687).
cost(23, 5, 229451).
cost(23, 6, 327296).
cost(23, 7, 180442).
cost(23, 8, 447544).
cost(23, 9, 193922).
cost(23, 10, 241820).
cost(23, 11, 16626).
cost(23, 12, 307746).
cost(23, 13, 276943).
cost(23, 14, 232547).
cost(23, 15, 73090).
cost(23, 16, 57713).
cost(23, 17, 207553).
cost(23, 18, 323805).
cost(23, 19, 358258).
cost(23, 20, 357013).
cost(23, 21, 311537).
cost(23, 22, 247889).
cost(23, 24, 334280).
cost(23, 25, 56064).
cost(23, 26, 215580).
cost(23, 27, 121740).
cost(23, 28, 403164).
cost(24, 1, 496353).
cost(24, 2, 682251).
cost(24, 3, 306086).
cost(24, 4, 318750).
cost(24, 5, 349739).
cost(24, 6, 641314).
cost(24, 7, 401188).
cost(24, 8, 330353).
cost(24, 9, 526313).
cost(24, 10, 132400).
cost(24, 11, 317884).
cost(24, 12, 395030).
cost(24, 13, 64101).
cost(24, 14, 435450).
cost(24, 15, 328309).
cost(24, 16, 309386).
cost(24, 17, 133788).
cost(24, 18, 579971).
cost(24, 19, 681436).
cost(24, 20, 24922).
cost(24, 21, 376366).
cost(24, 22, 386769).
cost(24, 23, 334280).
cost(24, 25, 378132).
cost(24, 26, 346461).
cost(24, 27, 410280).
cost(24, 28, 662254).
cost(25, 1, 222010).
cost(25, 2, 420738).
cost(25, 3, 118109).
cost(25, 4, 296883).
cost(25, 5, 211436).
cost(25, 6, 272962).
cost(25, 7, 216501).
cost(25, 8, 452259).
cost(25, 9, 164961).
cost(25, 10, 294474).
cost(25, 11, 70700).
cost(25, 12, 355431).
cost(25, 13, 317933).
cost(25, 14, 192807).
cost(25, 15, 65797).
cost(25, 16, 72124).
cost(25, 17, 256780).
cost(25, 18, 270030).
cost(25, 19, 335608).
cost(25, 20, 399766).
cost(25, 21, 294541).
cost(25, 22, 292863).
cost(25, 23, 56064).
cost(25, 24, 378132).
cost(25, 26, 264284).
cost(25, 27, 143064).
cost(25, 28, 348294).
cost(26, 1, 195695).
cost(26, 2, 344801).
cost(26, 3, 319873).
cost(26, 4, 479045).
cost(26, 5, 428570).
cost(26, 6, 501265).
cost(26, 7, 87046).
cost(26, 8, 590638).
cost(26, 9, 303006).
cost(26, 10, 214061).
cost(26, 11, 209184).
cost(26, 12, 92319).
cost(26, 13, 320176).
cost(26, 14, 447395).
cost(26, 15, 282950).
cost(26, 16, 259339).
cost(26, 17, 228375).
cost(26, 18, 532850).
cost(26, 19, 401043).
cost(26, 20, 370890).
cost(26, 21, 504644).
cost(26, 22, 43367).
cost(26, 23, 215580).
cost(26, 24, 346461).
cost(26, 25, 264284).
cost(26, 27, 158080).
cost(26, 28, 608247).
cost(27, 1, 93585).
cost(27, 2, 296726).
cost(27, 3, 243590).
cost(27, 4, 424420).
cost(27, 5, 348486).
cost(27, 6, 344314).
cost(27, 7, 83192).
cost(27, 8, 567249).
cost(27, 9, 146605).
cost(27, 10, 291931).
cost(27, 11, 128780).
cost(27, 12, 237898).
cost(27, 13, 362507).
cost(27, 14, 335375).
cost(27, 15, 192082).
cost(27, 16, 179449).
cost(27, 17, 276492).
cost(27, 18, 391987).
cost(27, 19, 273802).
cost(27, 20, 434823).
cost(27, 21, 431338).
cost(27, 22, 171480).
cost(27, 23, 121740).
cost(27, 24, 410280).
cost(27, 25, 143064).
cost(27, 26, 158080).
cost(27, 28, 462004).
cost(28, 1, 497392).
cost(28, 2, 636487).
cost(28, 3, 360892).
cost(28, 4, 402156).
cost(28, 5, 324152).
cost(28, 6, 169078).
cost(28, 7, 545067).
cost(28, 8, 549321).
cost(28, 9, 357692).
cost(28, 10, 619734).
cost(28, 11, 415454).
cost(28, 12, 696437).
cost(28, 13, 598409).
cost(28, 14, 228537).
cost(28, 15, 358960).
cost(28, 16, 384949).
cost(28, 17, 572547).
cost(28, 18, 83203).
cost(28, 19, 454353).
cost(28, 20, 677234).
cost(28, 21, 347062).
cost(28, 22, 631016).
cost(28, 23, 403164).
cost(28, 24, 662254).
cost(28, 25, 348294).
cost(28, 26, 608247).
cost(28, 27, 462004).
nocross(1,9).
nocross(1,10).
nocross(1,19).
nocross(3,5).
nocross(3,16).
nocross(3,18).
nocross(3,21).
nocross(3,26).
nocross(4,14).
nocross(5,16).
nocross(5,18).
nocross(5,21).
nocross(6,9).
nocross(6,14).
nocross(6,18).
nocross(6,19).
nocross(7,9).
nocross(7,10).
nocross(7,22).
nocross(7,26).
nocross(8,4).
nocross(8,14).
nocross(9,1).
nocross(9,14).
nocross(9,19).
nocross(9,24).
nocross(9,27).
nocross(11,9).
nocross(11,16).
nocross(11,23).
nocross(11,24).
nocross(11,26).
nocross(11,27).
nocross(12,10).
nocross(12,22).
nocross(12,26).
nocross(13,10).
nocross(15,5).
nocross(15,11).
nocross(15,16).
nocross(15,18).
nocross(15,23).
nocross(15,24).
nocross(16,11).
nocross(16,23).
nocross(16,24).
nocross(16,26).
nocross(17,7).
nocross(17,11).
nocross(17,12).
nocross(17,21).
nocross(17,24).
nocross(17,26).
nocross(18,6).
nocross(18,9).
nocross(18,15).
nocross(18,21).
nocross(19,1).
nocross(19,9).
nocross(19,14).
nocross(19,22).
nocross(19,24).
nocross(20,10).
nocross(21,3).
nocross(21,14).
nocross(21,26).
nocross(22,7).
nocross(22,10).
nocross(22,11).
nocross(22,12).
nocross(22,26).
nocross(23,9).
nocross(23,11).
nocross(23,24).
nocross(23,26).
nocross(24,10).
nocross(25,9).
nocross(25,14).
nocross(25,24).
nocross(26,7).
nocross(26,10).
nocross(26,11).
nocross(26,12).
nocross(26,22).
nocross(27,1).
nocross(27,9).
nocross(27,10).
nocross(27,24).
