dimension(28).
point(1, -179253.0, 10891.0).
point(2, 122617.0, 121965.0).
point(3, 7243.0, -298278.0).
point(4, -42908.0, -60822.0).
point(5, -331970.0, 111526.0).
point(6, -14102.0, 28613.0).
point(7, -40191.0, -31506.0).
point(8, 142723.0, -164396.0).
point(9, 125513.0, -220961.0).
point(10, 100133.0, 73023.0).
point(11, 47815.0, 25067.0).
point(12, 90129.0, -132988.0).
point(13, -77861.0, 1324.0).
point(14, -66286.0, 137833.0).
point(15, -99423.0, 371846.0).
point(16, -165028.0, 280919.0).
point(17, -231549.0, 194415.0).
point(18, -45368.0, 134862.0).
point(19, 47785.0, -283396.0).
point(20, -76683.0, 215577.0).
point(21, 61061.0, 248459.0).
point(22, -141994.0, -62381.0).
point(23, 96429.0, -44659.0).
point(24, 40841.0, -131028.0).
point(25, -134356.0, 438188.0).
point(26, -67946.0, -123801.0).
point(27, 255811.0, 67081.0).
point(28, -214693.0, 40789.0).
cost(1, 2, 321657).
cost(1, 3, 361063).
cost(1, 4, 154054).
cost(1, 5, 182893).
cost(1, 6, 166099).
cost(1, 7, 145381).
cost(1, 8, 366598).
cost(1, 9, 382933).
cost(1, 10, 286211).
cost(1, 11, 227510).
cost(1, 12, 305398).
cost(1, 13, 101842).
cost(1, 14, 169929).
cost(1, 15, 369677).
cost(1, 16, 270402).
cost(1, 17, 190830).
cost(1, 18, 182466).
cost(1, 19, 371687).
cost(1, 20, 228948).
cost(1, 21, 337919).
cost(1, 22, 82201).
cost(1, 23, 281223).
cost(1, 24, 261882).
cost(1, 25, 429649).
cost(1, 26, 174732).
cost(1, 27, 438678).
cost(1, 28, 46367).
cost(2, 1, 321657).
cost(2, 3, 435793).
cost(2, 4, 246596).
cost(2, 5, 454707).
cost(2, 6, 165550).
cost(2, 7, 223740).
cost(2, 8, 287066).
cost(2, 9, 342938).
cost(2, 10, 53860).
cost(2, 11, 122411).
cost(2, 12, 257015).
cost(2, 13, 233978).
cost(2, 14, 189568).
cost(2, 15, 334279).
cost(2, 16, 328643).
cost(2, 17, 361500).
cost(2, 18, 168479).
cost(2, 19, 412210).
cost(2, 20, 220190).
cost(2, 21, 140676).
cost(2, 22, 322494).
cost(2, 23, 168669).
cost(2, 24, 265881).
cost(2, 25, 407470).
cost(2, 26, 310991).
cost(2, 27, 144059).
cost(2, 28, 346940).
cost(3, 1, 361063).
cost(3, 2, 435793).
cost(3, 4, 242694).
cost(3, 5, 531982).
cost(3, 6, 327587).
cost(3, 7, 270956).
cost(3, 8, 190471).
cost(3, 9, 141300).
cost(3, 10, 382744).
cost(3, 11, 325880).
cost(3, 12, 184908).
cost(3, 13, 311455).
cost(3, 14, 442266).
cost(3, 15, 678560).
cost(3, 16, 604273).
cost(3, 17, 547511).
cost(3, 18, 436323).
cost(3, 19, 43187).
cost(3, 20, 520664).
cost(3, 21, 549379).
cost(3, 22, 279140).
cost(3, 23, 268843).
cost(3, 24, 170591).
cost(3, 25, 749955).
cost(3, 26, 189988).
cost(3, 27, 441897).
cost(3, 28, 405243).
cost(4, 1, 154054).
cost(4, 2, 246596).
cost(4, 3, 242694).
cost(4, 5, 336542).
cost(4, 6, 93960).
cost(4, 7, 29442).
cost(4, 8, 212571).
cost(4, 9, 232401).
cost(4, 10, 195896).
cost(4, 11, 124930).
cost(4, 12, 151350).
cost(4, 13, 71301).
cost(4, 14, 200026).
cost(4, 15, 436343).
cost(4, 16, 362905).
cost(4, 17, 317382).
cost(4, 18, 195699).
cost(4, 19, 240342).
cost(4, 20, 278455).
cost(4, 21, 326289).
cost(4, 22, 99098).
cost(4, 23, 140271).
cost(4, 24, 109283).
cost(4, 25, 507320).
cost(4, 26, 67774).
cost(4, 27, 324950).
cost(4, 28, 199587).
cost(5, 1, 182893).
cost(5, 2, 454707).
cost(5, 3, 531982).
cost(5, 4, 336542).
cost(5, 6, 328504).
cost(5, 7, 324951).
cost(5, 8, 549060).
cost(5, 9, 565542).
cost(5, 10, 433815).
cost(5, 11, 389502).
cost(5, 12, 487806).
cost(5, 13, 276976).
cost(5, 14, 266983).
cost(5, 15, 349062).
cost(5, 16, 237831).
cost(5, 17, 130211).
cost(5, 18, 287550).
cost(5, 19, 547884).
cost(5, 20, 275677).
cost(5, 21, 416202).
cost(5, 22, 257555).
cost(5, 23, 455982).
cost(5, 24, 444770).
cost(5, 25, 381784).
cost(5, 26, 353677).
cost(5, 27, 589459).
cost(5, 28, 136958).
cost(6, 1, 166099).
cost(6, 2, 165550).
cost(6, 3, 327587).
cost(6, 4, 93960).
cost(6, 5, 328504).
cost(6, 7, 65536).
cost(6, 8, 248690).
cost(6, 9, 285971).
cost(6, 10, 122564).
cost(6, 11, 62018).
cost(6, 12, 192299).
cost(6, 13, 69353).
cost(6, 14, 121046).
cost(6, 15, 353679).
cost(6, 16, 294002).
cost(6, 17, 273447).
cost(6, 18, 110754).
cost(6, 19, 318087).
cost(6, 20, 197160).
cost(6, 21, 232340).
cost(6, 22, 156959).
cost(6, 23, 132612).
cost(6, 24, 168831).
cost(6, 25, 426864).
cost(6, 26, 161645).
cost(6, 27, 272640).
cost(6, 28, 200960).
cost(7, 1, 145381).
cost(7, 2, 223740).
cost(7, 3, 270956).
cost(7, 4, 29442).
cost(7, 5, 324951).
cost(7, 6, 65536).
cost(7, 8, 226091).
cost(7, 9, 251696).
cost(7, 10, 174978).
cost(7, 11, 104621).
cost(7, 12, 165172).
cost(7, 13, 49968).
cost(7, 14, 171338).
cost(7, 15, 407678).
cost(7, 16, 336443).
cost(7, 17, 296071).
cost(7, 18, 166449).
cost(7, 19, 266811).
cost(7, 20, 249763).
cost(7, 21, 297712).
cost(7, 22, 106382).
cost(7, 23, 137252).
cost(7, 24, 128339).
cost(7, 25, 479040).
cost(7, 26, 96378).
cost(7, 27, 311988).
cost(7, 28, 188885).
cost(8, 1, 366598).
cost(8, 2, 287066).
cost(8, 3, 190471).
cost(8, 4, 212571).
cost(8, 5, 549060).
cost(8, 6, 248690).
cost(8, 7, 226091).
cost(8, 9, 59125).
cost(8, 10, 241209).
cost(8, 11, 211905).
cost(8, 12, 61258).
cost(8, 13, 275899).
cost(8, 14, 367460).
cost(8, 15, 588379).
cost(8, 16, 541310).
cost(8, 17, 518483).
cost(8, 18, 353459).
cost(8, 19, 152231).
cost(8, 20, 438769).
cost(8, 21, 420854).
cost(8, 22, 302441).
cost(8, 23, 128375).
cost(8, 24, 107207).
cost(8, 25, 663235).
cost(8, 26, 214545).
cost(8, 27, 257625).
cost(8, 28, 412125).
cost(9, 1, 382933).
cost(9, 2, 342938).
cost(9, 3, 141300).
cost(9, 4, 232401).
cost(9, 5, 565542).
cost(9, 6, 285971).
cost(9, 7, 251696).
cost(9, 8, 59125).
cost(9, 10, 295078).
cost(9, 11, 258005).
cost(9, 12, 94822).
cost(9, 13, 301283).
cost(9, 14, 406841).
cost(9, 15, 634048).
cost(9, 16, 579912).
cost(9, 17, 547750).
cost(9, 18, 394728).
cost(9, 19, 99698).
cost(9, 20, 481091).
cost(9, 21, 473824).
cost(9, 22, 310978).
cost(9, 23, 178685).
cost(9, 24, 123520).
cost(9, 25, 708526).
cost(9, 26, 216487).
cost(9, 27, 316142).
cost(9, 28, 429247).
cost(10, 1, 286211).
cost(10, 2, 53860).
cost(10, 3, 382744).
cost(10, 4, 195896).
cost(10, 5, 433815).
cost(10, 6, 122564).
cost(10, 7, 174978).
cost(10, 8, 241209).
cost(10, 9, 295078).
cost(10, 11, 70971).
cost(10, 12, 206254).
cost(10, 13, 191892).
cost(10, 14, 178593).
cost(10, 15, 359330).
cost(10, 16, 336944).
cost(10, 17, 353198).
cost(10, 18, 158097).
cost(10, 19, 360243).
cost(10, 20, 227125).
cost(10, 21, 179734).
cost(10, 22, 277416).
cost(10, 23, 117740).
cost(10, 24, 212491).
cost(10, 25, 433971).
cost(10, 26, 258825).
cost(10, 27, 155791).
cost(10, 28, 316472).
cost(11, 1, 227510).
cost(11, 2, 122411).
cost(11, 3, 325880).
cost(11, 4, 124930).
cost(11, 5, 389502).
cost(11, 6, 62018).
cost(11, 7, 104621).
cost(11, 8, 211905).
cost(11, 9, 258005).
cost(11, 10, 70971).
cost(11, 12, 163621).
cost(11, 13, 127899).
cost(11, 14, 160422).
cost(11, 15, 376742).
cost(11, 16, 332810).
cost(11, 17, 326685).
cost(11, 18, 144007).
cost(11, 19, 308463).
cost(11, 20, 227583).
cost(11, 21, 223784).
cost(11, 22, 208985).
cost(11, 23, 85000).
cost(11, 24, 156251).
cost(11, 25, 451503).
cost(11, 26, 188580).
cost(11, 27, 212197).
cost(11, 28, 262978).
cost(12, 1, 305398).
cost(12, 2, 257015).
cost(12, 3, 184908).
cost(12, 4, 151350).
cost(12, 5, 487806).
cost(12, 6, 192299).
cost(12, 7, 165172).
cost(12, 8, 61258).
cost(12, 9, 94822).
cost(12, 10, 206254).
cost(12, 11, 163621).
cost(12, 13, 215082).
cost(12, 14, 312745).
cost(12, 15, 539247).
cost(12, 16, 486235).
cost(12, 17, 458987).
cost(12, 18, 300172).
cost(12, 19, 156255).
cost(12, 20, 386424).
cost(12, 21, 382553).
cost(12, 22, 242624).
cost(12, 23, 88553).
cost(12, 24, 49327).
cost(12, 25, 613706).
cost(12, 26, 158342).
cost(12, 27, 259766).
cost(12, 28, 350877).
cost(13, 1, 101842).
cost(13, 2, 233978).
cost(13, 3, 311455).
cost(13, 4, 71301).
cost(13, 5, 276976).
cost(13, 6, 69353).
cost(13, 7, 49968).
cost(13, 8, 275899).
cost(13, 9, 301283).
cost(13, 10, 191892).
cost(13, 11, 127899).
cost(13, 12, 215082).
cost(13, 14, 136999).
cost(13, 15, 371149).
cost(13, 16, 292868).
cost(13, 17, 246788).
cost(13, 18, 137434).
cost(13, 19, 311211).
cost(13, 20, 214256).
cost(13, 21, 283505).
cost(13, 22, 90396).
cost(13, 23, 180254).
cost(13, 24, 177784).
cost(13, 25, 440502).
cost(13, 26, 125517).
cost(13, 27, 340090).
cost(13, 28, 142410).
cost(14, 1, 169929).
cost(14, 2, 189568).
cost(14, 3, 442266).
cost(14, 4, 200026).
cost(14, 5, 266983).
cost(14, 6, 121046).
cost(14, 7, 171338).
cost(14, 8, 367460).
cost(14, 9, 406841).
cost(14, 10, 178593).
cost(14, 11, 160422).
cost(14, 12, 312745).
cost(14, 13, 136999).
cost(14, 15, 236348).
cost(14, 16, 173849).
cost(14, 17, 174681).
cost(14, 18, 21128).
cost(14, 19, 436401).
cost(14, 20, 78436).
cost(14, 21, 168687).
cost(14, 22, 214050).
cost(14, 23, 244498).
cost(14, 24, 289417).
cost(14, 25, 307972).
cost(14, 26, 261639).
cost(14, 27, 329776).
cost(14, 28, 177319).
cost(15, 1, 369677).
cost(15, 2, 334279).
cost(15, 3, 678560).
cost(15, 4, 436343).
cost(15, 5, 349062).
cost(15, 6, 353679).
cost(15, 7, 407678).
cost(15, 8, 588379).
cost(15, 9, 634048).
cost(15, 10, 359330).
cost(15, 11, 376742).
cost(15, 12, 539247).
cost(15, 13, 371149).
cost(15, 14, 236348).
cost(15, 16, 112124).
cost(15, 17, 221222).
cost(15, 18, 243071).
cost(15, 19, 671574).
cost(15, 20, 157915).
cost(15, 21, 202434).
cost(15, 22, 436309).
cost(15, 23, 460255).
cost(15, 24, 522069).
cost(15, 25, 74977).
cost(15, 26, 496645).
cost(15, 27, 468052).
cost(15, 28, 350551).
cost(16, 1, 270402).
cost(16, 2, 328643).
cost(16, 3, 604273).
cost(16, 4, 362905).
cost(16, 5, 237831).
cost(16, 6, 294002).
cost(16, 7, 336443).
cost(16, 8, 541310).
cost(16, 9, 579912).
cost(16, 10, 336944).
cost(16, 11, 332810).
cost(16, 12, 486235).
cost(16, 13, 292868).
cost(16, 14, 173849).
cost(16, 15, 112124).
cost(16, 17, 109124).
cost(16, 18, 188815).
cost(16, 19, 603109).
cost(16, 20, 109884).
cost(16, 21, 228407).
cost(16, 22, 344072).
cost(16, 23, 417565).
cost(16, 24, 460524).
cost(16, 25, 160232).
cost(16, 26, 416201).
cost(16, 27, 472051).
cost(16, 28, 245212).
cost(17, 1, 190830).
cost(17, 2, 361500).
cost(17, 3, 547511).
cost(17, 4, 317382).
cost(17, 5, 130211).
cost(17, 6, 273447).
cost(17, 7, 296071).
cost(17, 8, 518483).
cost(17, 9, 547750).
cost(17, 10, 353198).
cost(17, 11, 326685).
cost(17, 12, 458987).
cost(17, 13, 246788).
cost(17, 14, 174681).
cost(17, 15, 221222).
cost(17, 16, 109124).
cost(17, 18, 195474).
cost(17, 19, 553472).
cost(17, 20, 156305).
cost(17, 21, 297559).
cost(17, 22, 271964).
cost(17, 23, 405864).
cost(17, 24, 424393).
cost(17, 25, 262434).
cost(17, 26, 357809).
cost(17, 27, 503720).
cost(17, 28, 154548).
cost(18, 1, 182466).
cost(18, 2, 168479).
cost(18, 3, 436323).
cost(18, 4, 195699).
cost(18, 5, 287550).
cost(18, 6, 110754).
cost(18, 7, 166449).
cost(18, 8, 353459).
cost(18, 9, 394728).
cost(18, 10, 158097).
cost(18, 11, 144007).
cost(18, 12, 300172).
cost(18, 13, 137434).
cost(18, 14, 21128).
cost(18, 15, 243071).
cost(18, 16, 188815).
cost(18, 17, 195474).
cost(18, 19, 428506).
cost(18, 20, 86577).
cost(18, 21, 155664).
cost(18, 22, 219639).
cost(18, 23, 228767).
cost(18, 24, 279517).
cost(18, 25, 316110).
cost(18, 26, 259647).
cost(18, 27, 308712).
cost(18, 28, 193703).
cost(19, 1, 371687).
cost(19, 2, 412210).
cost(19, 3, 43187).
cost(19, 4, 240342).
cost(19, 5, 547884).
cost(19, 6, 318087).
cost(19, 7, 266811).
cost(19, 8, 152231).
cost(19, 9, 99698).
cost(19, 10, 360243).
cost(19, 11, 308463).
cost(19, 12, 156255).
cost(19, 13, 311211).
cost(19, 14, 436401).
cost(19, 15, 671574).
cost(19, 16, 603109).
cost(19, 17, 553472).
cost(19, 18, 428506).
cost(19, 20, 514263).
cost(19, 21, 532021).
cost(19, 22, 291314).
cost(19, 23, 243642).
cost(19, 24, 152526).
cost(19, 25, 744217).
cost(19, 26, 197140).
cost(19, 27, 407565).
cost(19, 28, 417122).
cost(20, 1, 228948).
cost(20, 2, 220190).
cost(20, 3, 520664).
cost(20, 4, 278455).
cost(20, 5, 275677).
cost(20, 6, 197160).
cost(20, 7, 249763).
cost(20, 8, 438769).
cost(20, 9, 481091).
cost(20, 10, 227125).
cost(20, 11, 227583).
cost(20, 12, 386424).
cost(20, 13, 214256).
cost(20, 14, 78436).
cost(20, 15, 157915).
cost(20, 16, 109884).
cost(20, 17, 156305).
cost(20, 18, 86577).
cost(20, 19, 514263).
cost(20, 21, 141614).
cost(20, 22, 285528).
cost(20, 23, 312555).
cost(20, 24, 365988).
cost(20, 25, 229961).
cost(20, 26, 339490).
cost(20, 27, 364147).
cost(20, 28, 222705).
cost(21, 1, 337919).
cost(21, 2, 140676).
cost(21, 3, 549379).
cost(21, 4, 326289).
cost(21, 5, 416202).
cost(21, 6, 232340).
cost(21, 7, 297712).
cost(21, 8, 420854).
cost(21, 9, 473824).
cost(21, 10, 179734).
cost(21, 11, 223784).
cost(21, 12, 382553).
cost(21, 13, 283505).
cost(21, 14, 168687).
cost(21, 15, 202434).
cost(21, 16, 228407).
cost(21, 17, 297559).
cost(21, 18, 155664).
cost(21, 19, 532021).
cost(21, 20, 141614).
cost(21, 22, 371285).
cost(21, 23, 295244).
cost(21, 24, 380025).
cost(21, 25, 272369).
cost(21, 26, 393980).
cost(21, 27, 266131).
cost(21, 28, 345206).
cost(22, 1, 82201).
cost(22, 2, 322494).
cost(22, 3, 279140).
cost(22, 4, 99098).
cost(22, 5, 257555).
cost(22, 6, 156959).
cost(22, 7, 106382).
cost(22, 8, 302441).
cost(22, 9, 310978).
cost(22, 10, 277416).
cost(22, 11, 208985).
cost(22, 12, 242624).
cost(22, 13, 90396).
cost(22, 14, 214050).
cost(22, 15, 436309).
cost(22, 16, 344072).
cost(22, 17, 271964).
cost(22, 18, 219639).
cost(22, 19, 291314).
cost(22, 20, 285528).
cost(22, 21, 371285).
cost(22, 23, 239081).
cost(22, 24, 195297).
cost(22, 25, 500627).
cost(22, 26, 96206).
cost(22, 27, 418341).
cost(22, 28, 126211).
cost(23, 1, 281223).
cost(23, 2, 168669).
cost(23, 3, 268843).
cost(23, 4, 140271).
cost(23, 5, 455982).
cost(23, 6, 132612).
cost(23, 7, 137252).
cost(23, 8, 128375).
cost(23, 9, 178685).
cost(23, 10, 117740).
cost(23, 11, 85000).
cost(23, 12, 88553).
cost(23, 13, 180254).
cost(23, 14, 244498).
cost(23, 15, 460255).
cost(23, 16, 417565).
cost(23, 17, 405864).
cost(23, 18, 228767).
cost(23, 19, 243642).
cost(23, 20, 312555).
cost(23, 21, 295244).
cost(23, 22, 239081).
cost(23, 24, 102711).
cost(23, 25, 535166).
cost(23, 26, 182435).
cost(23, 27, 194650).
cost(23, 28, 322643).
cost(24, 1, 261882).
cost(24, 2, 265881).
cost(24, 3, 170591).
cost(24, 4, 109283).
cost(24, 5, 444770).
cost(24, 6, 168831).
cost(24, 7, 128339).
cost(24, 8, 107207).
cost(24, 9, 123520).
cost(24, 10, 212491).
cost(24, 11, 156251).
cost(24, 12, 49327).
cost(24, 13, 177784).
cost(24, 14, 289417).
cost(24, 15, 522069).
cost(24, 16, 460524).
cost(24, 17, 424393).
cost(24, 18, 279517).
cost(24, 19, 152526).
cost(24, 20, 365988).
cost(24, 21, 380025).
cost(24, 22, 195297).
cost(24, 23, 102711).
cost(24, 25, 595568).
cost(24, 26, 109027).
cost(24, 27, 292334).
cost(24, 28, 307926).
cost(25, 1, 429649).
cost(25, 2, 407470).
cost(25, 3, 749955).
cost(25, 4, 507320).
cost(25, 5, 381784).
cost(25, 6, 426864).
cost(25, 7, 479040).
cost(25, 8, 663235).
cost(25, 9, 708526).
cost(25, 10, 433971).
cost(25, 11, 451503).
cost(25, 12, 613706).
cost(25, 13, 440502).
cost(25, 14, 307972).
cost(25, 15, 74977).
cost(25, 16, 160232).
cost(25, 17, 262434).
cost(25, 18, 316110).
cost(25, 19, 744217).
cost(25, 20, 229961).
cost(25, 21, 272369).
cost(25, 22, 500627).
cost(25, 23, 535166).
cost(25, 24, 595568).
cost(25, 26, 565899).
cost(25, 27, 538471).
cost(25, 28, 405438).
cost(26, 1, 174732).
cost(26, 2, 310991).
cost(26, 3, 189988).
cost(26, 4, 67774).
cost(26, 5, 353677).
cost(26, 6, 161645).
cost(26, 7, 96378).
cost(26, 8, 214545).
cost(26, 9, 216487).
cost(26, 10, 258825).
cost(26, 11, 188580).
cost(26, 12, 158342).
cost(26, 13, 125517).
cost(26, 14, 261639).
cost(26, 15, 496645).
cost(26, 16, 416201).
cost(26, 17, 357809).
cost(26, 18, 259647).
cost(26, 19, 197140).
cost(26, 20, 339490).
cost(26, 21, 393980).
cost(26, 22, 96206).
cost(26, 23, 182435).
cost(26, 24, 109027).
cost(26, 25, 565899).
cost(26, 27, 375838).
cost(26, 28, 220510).
cost(27, 1, 438678).
cost(27, 2, 144059).
cost(27, 3, 441897).
cost(27, 4, 324950).
cost(27, 5, 589459).
cost(27, 6, 272640).
cost(27, 7, 311988).
cost(27, 8, 257625).
cost(27, 9, 316142).
cost(27, 10, 155791).
cost(27, 11, 212197).
cost(27, 12, 259766).
cost(27, 13, 340090).
cost(27, 14, 329776).
cost(27, 15, 468052).
cost(27, 16, 472051).
cost(27, 17, 503720).
cost(27, 18, 308712).
cost(27, 19, 407565).
cost(27, 20, 364147).
cost(27, 21, 266131).
cost(27, 22, 418341).
cost(27, 23, 194650).
cost(27, 24, 292334).
cost(27, 25, 538471).
cost(27, 26, 375838).
cost(27, 28, 471238).
cost(28, 1, 46367).
cost(28, 2, 346940).
cost(28, 3, 405243).
cost(28, 4, 199587).
cost(28, 5, 136958).
cost(28, 6, 200960).
cost(28, 7, 188885).
cost(28, 8, 412125).
cost(28, 9, 429247).
cost(28, 10, 316472).
cost(28, 11, 262978).
cost(28, 12, 350877).
cost(28, 13, 142410).
cost(28, 14, 177319).
cost(28, 15, 350551).
cost(28, 16, 245212).
cost(28, 17, 154548).
cost(28, 18, 193703).
cost(28, 19, 417122).
cost(28, 20, 222705).
cost(28, 21, 345206).
cost(28, 22, 126211).
cost(28, 23, 322643).
cost(28, 24, 307926).
cost(28, 25, 405438).
cost(28, 26, 220510).
cost(28, 27, 471238).
nocross(1,4).
nocross(1,14).
nocross(2,8).
nocross(2,11).
nocross(2,18).
nocross(2,21).
nocross(2,27).
nocross(3,12).
nocross(3,19).
nocross(3,24).
nocross(4,3).
nocross(4,13).
nocross(4,19).
nocross(4,23).
nocross(4,24).
nocross(6,2).
nocross(6,4).
nocross(6,7).
nocross(6,10).
nocross(6,13).
nocross(6,14).
nocross(8,3).
nocross(8,9).
nocross(8,12).
nocross(8,19).
nocross(8,23).
nocross(8,24).
nocross(9,8).
nocross(9,12).
nocross(9,19).
nocross(9,24).
nocross(10,2).
nocross(10,11).
nocross(10,18).
nocross(10,23).
nocross(10,27).
nocross(11,18).
nocross(12,3).
nocross(12,8).
nocross(12,9).
nocross(12,23).
nocross(12,26).
nocross(13,4).
nocross(13,7).
nocross(13,18).
nocross(13,26).
nocross(14,2).
nocross(14,6).
nocross(14,13).
nocross(14,15).
nocross(14,18).
nocross(14,20).
nocross(14,25).
nocross(15,16).
nocross(15,20).
nocross(15,21).
nocross(15,25).
nocross(16,14).
nocross(16,15).
nocross(16,20).
nocross(16,25).
nocross(17,14).
nocross(17,20).
nocross(17,25).
nocross(18,11).
nocross(18,14).
nocross(18,15).
nocross(18,20).
nocross(18,21).
nocross(19,8).
nocross(19,9).
nocross(19,12).
nocross(19,24).
nocross(20,14).
nocross(20,15).
nocross(20,16).
nocross(20,17).
nocross(20,21).
nocross(21,2).
nocross(21,10).
nocross(21,14).
nocross(21,15).
nocross(21,18).
nocross(21,20).
nocross(22,1).
nocross(22,3).
nocross(22,4).
nocross(22,7).
nocross(22,13).
nocross(22,26).
nocross(23,3).
nocross(23,4).
nocross(23,8).
nocross(23,10).
nocross(23,11).
nocross(23,12).
nocross(23,19).
nocross(23,27).
nocross(24,3).
nocross(24,4).
nocross(24,8).
nocross(24,9).
nocross(24,12).
nocross(24,19).
nocross(24,23).
nocross(24,26).
nocross(25,15).
nocross(26,1).
nocross(26,3).
nocross(26,4).
nocross(26,7).
nocross(26,9).
nocross(26,19).
nocross(27,2).
nocross(27,8).
nocross(27,10).
nocross(27,12).
nocross(27,23).
nocross(28,1).
nocross(28,14).
