dimension(28).
point(1, 46625.0, -284928.0).
point(2, -88634.0, 14585.0).
point(3, 154813.0, -429114.0).
point(4, 67210.0, -161649.0).
point(5, -152282.0, -93771.0).
point(6, -96900.0, -187519.0).
point(7, 4906.0, 24301.0).
point(8, 144414.0, -184347.0).
point(9, 132495.0, -241533.0).
point(10, 86721.0, 168373.0).
point(11, 292618.0, 313376.0).
point(12, 4931.0, 13205.0).
point(13, -286806.0, -180792.0).
point(14, -170283.0, -48378.0).
point(15, 153896.0, -86684.0).
point(16, -163682.0, -107801.0).
point(17, 222272.0, -104970.0).
point(18, -163501.0, -92704.0).
point(19, -9745.0, -218519.0).
point(20, -282022.0, 165217.0).
point(21, 31106.0, 44932.0).
point(22, 108392.0, 191531.0).
point(23, -73623.0, -330471.0).
point(24, 355093.0, 100444.0).
point(25, -173864.0, -296614.0).
point(26, -113901.0, -172426.0).
point(27, -147461.0, 273064.0).
point(28, 69852.0, -225134.0).
cost(1, 2, 328638).
cost(1, 3, 180262).
cost(1, 4, 124986).
cost(1, 5, 275871).
cost(1, 6, 173459).
cost(1, 7, 312031).
cost(1, 8, 140283).
cost(1, 9, 96212).
cost(1, 10, 455071).
cost(1, 11, 646900).
cost(1, 12, 301034).
cost(1, 13, 349314).
cost(1, 14, 320944).
cost(1, 15, 225406).
cost(1, 16, 274960).
cost(1, 17, 251469).
cost(1, 18, 284786).
cost(1, 19, 87108).
cost(1, 20, 557350).
cost(1, 21, 330225).
cost(1, 22, 480446).
cost(1, 23, 128584).
cost(1, 24, 493623).
cost(1, 25, 220798).
cost(1, 26, 196024).
cost(1, 27, 590783).
cost(1, 28, 64147).
cost(2, 1, 328638).
cost(2, 3, 506098).
cost(2, 4, 235257).
cost(2, 5, 125667).
cost(2, 6, 202273).
cost(2, 7, 94043).
cost(2, 8, 306407).
cost(2, 9, 338370).
cost(2, 10, 233238).
cost(2, 11, 484385).
cost(2, 12, 93575).
cost(2, 13, 278288).
cost(2, 14, 103106).
cost(2, 15, 262824).
cost(2, 16, 143564).
cost(2, 17, 333100).
cost(2, 18, 130828).
cost(2, 19, 246091).
cost(2, 20, 245130).
cost(2, 21, 123526).
cost(2, 22, 264819).
cost(2, 23, 345382).
cost(2, 24, 451957).
cost(2, 25, 322659).
cost(2, 26, 188710).
cost(2, 27, 265089).
cost(2, 28, 287373).
cost(3, 1, 180262).
cost(3, 2, 506098).
cost(3, 4, 281446).
cost(3, 5, 454711).
cost(3, 6, 348895).
cost(3, 7, 477553).
cost(3, 8, 244988).
cost(3, 9, 188904).
cost(3, 10, 601355).
cost(3, 11, 755170).
cost(3, 12, 467023).
cost(3, 13, 506647).
cost(3, 14, 500647).
cost(3, 15, 342431).
cost(3, 16, 452417).
cost(3, 17, 331089).
cost(3, 18, 463137).
cost(3, 19, 267263).
cost(3, 20, 737600).
cost(3, 21, 489921).
cost(3, 22, 622379).
cost(3, 23, 248824).
cost(3, 24, 566166).
cost(3, 25, 354379).
cost(3, 26, 371613).
cost(3, 27, 764476).
cost(3, 28, 220967).
cost(4, 1, 124986).
cost(4, 2, 235257).
cost(4, 3, 281446).
cost(4, 5, 229748).
cost(4, 6, 166137).
cost(4, 7, 196110).
cost(4, 8, 80471).
cost(4, 9, 103168).
cost(4, 10, 330598).
cost(4, 11, 525792).
cost(4, 12, 185614).
cost(4, 13, 354533).
cost(4, 14, 263122).
cost(4, 15, 114605).
cost(4, 16, 237088).
cost(4, 17, 165096).
cost(4, 18, 240792).
cost(4, 19, 95688).
cost(4, 20, 478335).
cost(4, 21, 209712).
cost(4, 22, 355573).
cost(4, 23, 219852).
cost(4, 24, 389319).
cost(4, 25, 276283).
cost(4, 26, 181431).
cost(4, 27, 484829).
cost(4, 28, 63540).
cost(5, 1, 275871).
cost(5, 2, 125667).
cost(5, 3, 454711).
cost(5, 4, 229748).
cost(5, 6, 108885).
cost(5, 7, 196594).
cost(5, 8, 310214).
cost(5, 9, 320829).
cost(5, 10, 354742).
cost(5, 11, 603079).
cost(5, 12, 190157).
cost(5, 13, 160217).
cost(5, 14, 48832).
cost(5, 15, 306260).
cost(5, 16, 18078).
cost(5, 17, 374721).
cost(5, 18, 11270).
cost(5, 19, 189417).
cost(5, 20, 289667).
cost(5, 21, 229934).
cost(5, 22, 386456).
cost(5, 23, 249428).
cost(5, 24, 543276).
cost(5, 25, 203988).
cost(5, 26, 87520).
cost(5, 27, 366867).
cost(5, 28, 258069).
cost(6, 1, 173459).
cost(6, 2, 202273).
cost(6, 3, 348895).
cost(6, 4, 166137).
cost(6, 5, 108885).
cost(6, 7, 235015).
cost(6, 8, 241335).
cost(6, 9, 235668).
cost(6, 10, 400469).
cost(6, 11, 634524).
cost(6, 12, 225077).
cost(6, 13, 190025).
cost(6, 14, 157306).
cost(6, 15, 270308).
cost(6, 16, 103994).
cost(6, 17, 329674).
cost(6, 18, 115869).
cost(6, 19, 92504).
cost(6, 20, 398363).
cost(6, 21, 265366).
cost(6, 22, 431073).
cost(6, 23, 144835).
cost(6, 24, 535929).
cost(6, 25, 133511).
cost(6, 26, 22734).
cost(6, 27, 463350).
cost(6, 28, 170942).
cost(7, 1, 312031).
cost(7, 2, 94043).
cost(7, 3, 477553).
cost(7, 4, 196110).
cost(7, 5, 196594).
cost(7, 6, 235015).
cost(7, 8, 250991).
cost(7, 9, 294867).
cost(7, 10, 165682).
cost(7, 11, 407851).
cost(7, 12, 11096).
cost(7, 13, 356594).
cost(7, 14, 189667).
cost(7, 15, 185784).
cost(7, 16, 214179).
cost(7, 17, 252901).
cost(7, 18, 205064).
cost(7, 19, 243262).
cost(7, 20, 319664).
cost(7, 21, 33348).
cost(7, 22, 196660).
cost(7, 23, 363359).
cost(7, 24, 358369).
cost(7, 25, 367349).
cost(7, 26, 229819).
cost(7, 27, 291717).
cost(7, 28, 257751).
cost(8, 1, 140283).
cost(8, 2, 306407).
cost(8, 3, 244988).
cost(8, 4, 80471).
cost(8, 5, 310214).
cost(8, 6, 241335).
cost(8, 7, 250991).
cost(8, 9, 58415).
cost(8, 10, 357407).
cost(8, 11, 519319).
cost(8, 12, 241831).
cost(8, 13, 431235).
cost(8, 14, 342814).
cost(8, 15, 98122).
cost(8, 16, 317462).
cost(8, 17, 111187).
cost(8, 18, 321263).
cost(8, 19, 157901).
cost(8, 20, 551401).
cost(8, 21, 255749).
cost(8, 22, 377600).
cost(8, 23, 262474).
cost(8, 24, 354248).
cost(8, 25, 337498).
cost(8, 26, 258590).
cost(8, 27, 542601).
cost(8, 28, 84989).
cost(9, 1, 96212).
cost(9, 2, 338370).
cost(9, 3, 188904).
cost(9, 4, 103168).
cost(9, 5, 320829).
cost(9, 6, 235668).
cost(9, 7, 294867).
cost(9, 8, 58415).
cost(9, 10, 412454).
cost(9, 11, 577549).
cost(9, 12, 284893).
cost(9, 13, 423678).
cost(9, 14, 359143).
cost(9, 15, 156321).
cost(9, 16, 324969).
cost(9, 17, 163430).
cost(9, 18, 331306).
cost(9, 19, 144090).
cost(9, 20, 580749).
cost(9, 21, 303878).
cost(9, 22, 433734).
cost(9, 23, 224487).
cost(9, 24, 408042).
cost(9, 25, 311271).
cost(9, 26, 255904).
cost(9, 27, 585820).
cost(9, 28, 64754).
cost(10, 1, 455071).
cost(10, 2, 233238).
cost(10, 3, 601355).
cost(10, 4, 330598).
cost(10, 5, 354742).
cost(10, 6, 400469).
cost(10, 7, 165682).
cost(10, 8, 357407).
cost(10, 9, 412454).
cost(10, 11, 251832).
cost(10, 12, 175404).
cost(10, 13, 511311).
cost(10, 14, 336202).
cost(10, 15, 263755).
cost(10, 16, 372792).
cost(10, 17, 305107).
cost(10, 18, 361624).
cost(10, 19, 398737).
cost(10, 20, 368757).
cost(10, 21, 135391).
cost(10, 22, 31716).
cost(10, 23, 523980).
cost(10, 24, 276835).
cost(10, 25, 533027).
cost(10, 26, 395466).
cost(10, 27, 256518).
cost(10, 28, 393868).
cost(11, 1, 646900).
cost(11, 2, 484385).
cost(11, 3, 755170).
cost(11, 4, 525792).
cost(11, 5, 603079).
cost(11, 6, 634524).
cost(11, 7, 407851).
cost(11, 8, 519319).
cost(11, 9, 577549).
cost(11, 10, 251832).
cost(11, 12, 415772).
cost(11, 13, 761534).
cost(11, 14, 587489).
cost(11, 15, 423429).
cost(11, 16, 620967).
cost(11, 17, 424219).
cost(11, 18, 610693).
cost(11, 19, 611830).
cost(11, 20, 593433).
cost(11, 21, 374768).
cost(11, 22, 220874).
cost(11, 23, 740724).
cost(11, 24, 221908).
cost(11, 25, 767915).
cost(11, 26, 633452).
cost(11, 27, 441921).
cost(11, 28, 582767).
cost(12, 1, 301034).
cost(12, 2, 93575).
cost(12, 3, 467023).
cost(12, 4, 185614).
cost(12, 5, 190157).
cost(12, 6, 225077).
cost(12, 7, 11096).
cost(12, 8, 241831).
cost(12, 9, 284893).
cost(12, 10, 175404).
cost(12, 11, 415772).
cost(12, 13, 350350).
cost(12, 14, 185721).
cost(12, 15, 179355).
cost(12, 16, 207540).
cost(12, 17, 247391).
cost(12, 18, 198962).
cost(12, 19, 232188).
cost(12, 20, 324730).
cost(12, 21, 41131).
cost(12, 22, 206166).
cost(12, 23, 352539).
cost(12, 24, 360866).
cost(12, 25, 357709).
cost(12, 26, 220409).
cost(12, 27, 301247).
cost(12, 28, 247023).
cost(13, 1, 349314).
cost(13, 2, 278288).
cost(13, 3, 506647).
cost(13, 4, 354533).
cost(13, 5, 160217).
cost(13, 6, 190025).
cost(13, 7, 356594).
cost(13, 8, 431235).
cost(13, 9, 423678).
cost(13, 10, 511311).
cost(13, 11, 761534).
cost(13, 12, 350350).
cost(13, 14, 176383).
cost(13, 15, 450638).
cost(13, 16, 143134).
cost(13, 17, 514693).
cost(13, 18, 151538).
cost(13, 19, 279618).
cost(13, 20, 346042).
cost(13, 21, 389897).
cost(13, 22, 542960).
cost(13, 23, 260482).
cost(13, 24, 700805).
cost(13, 25, 161773).
cost(13, 26, 173107).
cost(13, 27, 474766).
cost(13, 28, 359404).
cost(14, 1, 320944).
cost(14, 2, 103106).
cost(14, 3, 500647).
cost(14, 4, 263122).
cost(14, 5, 48832).
cost(14, 6, 157306).
cost(14, 7, 189667).
cost(14, 8, 342814).
cost(14, 9, 359143).
cost(14, 10, 336202).
cost(14, 11, 587489).
cost(14, 12, 185721).
cost(14, 13, 176383).
cost(14, 15, 326434).
cost(14, 16, 59789).
cost(14, 17, 396613).
cost(14, 18, 44842).
cost(14, 19, 233924).
cost(14, 20, 241057).
cost(14, 21, 221956).
cost(14, 22, 367717).
cost(14, 23, 298194).
cost(14, 24, 546048).
cost(14, 25, 248262).
cost(14, 26, 136260).
cost(14, 27, 322251).
cost(14, 28, 298174).
cost(15, 1, 225406).
cost(15, 2, 262824).
cost(15, 3, 342431).
cost(15, 4, 114605).
cost(15, 5, 306260).
cost(15, 6, 270308).
cost(15, 7, 185784).
cost(15, 8, 98122).
cost(15, 9, 156321).
cost(15, 10, 263755).
cost(15, 11, 423429).
cost(15, 12, 179355).
cost(15, 13, 450638).
cost(15, 14, 326434).
cost(15, 16, 318279).
cost(15, 17, 70779).
cost(15, 18, 317454).
cost(15, 19, 210140).
cost(15, 20, 503467).
cost(15, 21, 180000).
cost(15, 22, 281912).
cost(15, 23, 333462).
cost(15, 24, 274767).
cost(15, 25, 389226).
cost(15, 26, 281188).
cost(15, 27, 469292).
cost(15, 28, 161962).
cost(16, 1, 274960).
cost(16, 2, 143564).
cost(16, 3, 452417).
cost(16, 4, 237088).
cost(16, 5, 18078).
cost(16, 6, 103994).
cost(16, 7, 214179).
cost(16, 8, 317462).
cost(16, 9, 324969).
cost(16, 10, 372792).
cost(16, 11, 620967).
cost(16, 12, 207540).
cost(16, 13, 143134).
cost(16, 14, 59789).
cost(16, 15, 318279).
cost(16, 17, 385964).
cost(16, 18, 15098).
cost(16, 19, 189618).
cost(16, 20, 297562).
cost(16, 21, 247527).
cost(16, 22, 404505).
cost(16, 23, 240193).
cost(16, 24, 559011).
cost(16, 25, 189087).
cost(16, 26, 81575).
cost(16, 27, 381210).
cost(16, 28, 261353).
cost(17, 1, 251469).
cost(17, 2, 333100).
cost(17, 3, 331089).
cost(17, 4, 165096).
cost(17, 5, 374721).
cost(17, 6, 329674).
cost(17, 7, 252901).
cost(17, 8, 111187).
cost(17, 9, 163430).
cost(17, 10, 305107).
cost(17, 11, 424219).
cost(17, 12, 247391).
cost(17, 13, 514693).
cost(17, 14, 396613).
cost(17, 15, 70779).
cost(17, 16, 385964).
cost(17, 18, 385968).
cost(17, 19, 258312).
cost(17, 20, 572113).
cost(17, 21, 242930).
cost(17, 22, 317618).
cost(17, 23, 372028).
cost(17, 24, 244615).
cost(17, 25, 440058).
cost(17, 26, 342874).
cost(17, 27, 528784).
cost(17, 28, 194091).
cost(18, 1, 284786).
cost(18, 2, 130828).
cost(18, 3, 463137).
cost(18, 4, 240792).
cost(18, 5, 11270).
cost(18, 6, 115869).
cost(18, 7, 205064).
cost(18, 8, 321263).
cost(18, 9, 331306).
cost(18, 10, 361624).
cost(18, 11, 610693).
cost(18, 12, 198962).
cost(18, 13, 151538).
cost(18, 14, 44842).
cost(18, 15, 317454).
cost(18, 16, 15098).
cost(18, 17, 385968).
cost(18, 19, 198671).
cost(18, 20, 283849).
cost(18, 21, 238360).
cost(18, 22, 393339).
cost(18, 23, 254187).
cost(18, 24, 553395).
cost(18, 25, 204173).
cost(18, 26, 93892).
cost(18, 27, 366120).
cost(18, 28, 268312).
cost(19, 1, 87108).
cost(19, 2, 246091).
cost(19, 3, 267263).
cost(19, 4, 95688).
cost(19, 5, 189417).
cost(19, 6, 92504).
cost(19, 7, 243262).
cost(19, 8, 157901).
cost(19, 9, 144090).
cost(19, 10, 398737).
cost(19, 11, 611830).
cost(19, 12, 232188).
cost(19, 13, 279618).
cost(19, 14, 233924).
cost(19, 15, 210140).
cost(19, 16, 189618).
cost(19, 17, 258312).
cost(19, 18, 198671).
cost(19, 20, 470519).
cost(19, 21, 266599).
cost(19, 22, 426729).
cost(19, 23, 128894).
cost(19, 24, 484607).
cost(19, 25, 181752).
cost(19, 26, 113899).
cost(19, 27, 510509).
cost(19, 28, 79871).
cost(20, 1, 557350).
cost(20, 2, 245130).
cost(20, 3, 737600).
cost(20, 4, 478335).
cost(20, 5, 289667).
cost(20, 6, 398363).
cost(20, 7, 319664).
cost(20, 8, 551401).
cost(20, 9, 580749).
cost(20, 10, 368757).
cost(20, 11, 593433).
cost(20, 12, 324730).
cost(20, 13, 346042).
cost(20, 14, 241057).
cost(20, 15, 503467).
cost(20, 16, 297562).
cost(20, 17, 572113).
cost(20, 18, 283849).
cost(20, 19, 470519).
cost(20, 21, 335436).
cost(20, 22, 391300).
cost(20, 23, 537714).
cost(20, 24, 640399).
cost(20, 25, 474327).
cost(20, 26, 377184).
cost(20, 27, 172446).
cost(20, 28, 525537).
cost(21, 1, 330225).
cost(21, 2, 123526).
cost(21, 3, 489921).
cost(21, 4, 209712).
cost(21, 5, 229934).
cost(21, 6, 265366).
cost(21, 7, 33348).
cost(21, 8, 255749).
cost(21, 9, 303878).
cost(21, 10, 135391).
cost(21, 11, 374768).
cost(21, 12, 41131).
cost(21, 13, 389897).
cost(21, 14, 221956).
cost(21, 15, 180000).
cost(21, 16, 247527).
cost(21, 17, 242930).
cost(21, 18, 238360).
cost(21, 19, 266599).
cost(21, 20, 335436).
cost(21, 22, 165724).
cost(21, 23, 389738).
cost(21, 24, 328708).
cost(21, 25, 398329).
cost(21, 26, 261288).
cost(21, 27, 289707).
cost(21, 28, 272831).
cost(22, 1, 480446).
cost(22, 2, 264819).
cost(22, 3, 622379).
cost(22, 4, 355573).
cost(22, 5, 386456).
cost(22, 6, 431073).
cost(22, 7, 196660).
cost(22, 8, 377600).
cost(22, 9, 433734).
cost(22, 10, 31716).
cost(22, 11, 220874).
cost(22, 12, 206166).
cost(22, 13, 542960).
cost(22, 14, 367717).
cost(22, 15, 281912).
cost(22, 16, 404505).
cost(22, 17, 317618).
cost(22, 18, 393339).
cost(22, 19, 426729).
cost(22, 20, 391300).
cost(22, 21, 165724).
cost(22, 23, 552825).
cost(22, 24, 262980).
cost(22, 25, 563874).
cost(22, 26, 426473).
cost(22, 27, 268530).
cost(22, 28, 418444).
cost(23, 1, 128584).
cost(23, 2, 345382).
cost(23, 3, 248824).
cost(23, 4, 219852).
cost(23, 5, 249428).
cost(23, 6, 144835).
cost(23, 7, 363359).
cost(23, 8, 262474).
cost(23, 9, 224487).
cost(23, 10, 523980).
cost(23, 11, 740724).
cost(23, 12, 352539).
cost(23, 13, 260482).
cost(23, 14, 298194).
cost(23, 15, 333462).
cost(23, 16, 240193).
cost(23, 17, 372028).
cost(23, 18, 254187).
cost(23, 19, 128894).
cost(23, 20, 537714).
cost(23, 21, 389738).
cost(23, 22, 552825).
cost(23, 24, 607853).
cost(23, 25, 105804).
cost(23, 26, 163097).
cost(23, 27, 608035).
cost(23, 28, 177991).
cost(24, 1, 493623).
cost(24, 2, 451957).
cost(24, 3, 566166).
cost(24, 4, 389319).
cost(24, 5, 543276).
cost(24, 6, 535929).
cost(24, 7, 358369).
cost(24, 8, 354248).
cost(24, 9, 408042).
cost(24, 10, 276835).
cost(24, 11, 221908).
cost(24, 12, 360866).
cost(24, 13, 700805).
cost(24, 14, 546048).
cost(24, 15, 274767).
cost(24, 16, 559011).
cost(24, 17, 244615).
cost(24, 18, 553395).
cost(24, 19, 484607).
cost(24, 20, 640399).
cost(24, 21, 328708).
cost(24, 22, 262980).
cost(24, 23, 607853).
cost(24, 25, 661400).
cost(24, 26, 542599).
cost(24, 27, 531374).
cost(24, 28, 432855).
cost(25, 1, 220798).
cost(25, 2, 322659).
cost(25, 3, 354379).
cost(25, 4, 276283).
cost(25, 5, 203988).
cost(25, 6, 133511).
cost(25, 7, 367349).
cost(25, 8, 337498).
cost(25, 9, 311271).
cost(25, 10, 533027).
cost(25, 11, 767915).
cost(25, 12, 357709).
cost(25, 13, 161773).
cost(25, 14, 248262).
cost(25, 15, 389226).
cost(25, 16, 189087).
cost(25, 17, 440058).
cost(25, 18, 204173).
cost(25, 19, 181752).
cost(25, 20, 474327).
cost(25, 21, 398329).
cost(25, 22, 563874).
cost(25, 23, 105804).
cost(25, 24, 661400).
cost(25, 26, 137907).
cost(25, 27, 570290).
cost(25, 28, 253982).
cost(26, 1, 196024).
cost(26, 2, 188710).
cost(26, 3, 371613).
cost(26, 4, 181431).
cost(26, 5, 87520).
cost(26, 6, 22734).
cost(26, 7, 229819).
cost(26, 8, 258590).
cost(26, 9, 255904).
cost(26, 10, 395466).
cost(26, 11, 633452).
cost(26, 12, 220409).
cost(26, 13, 173107).
cost(26, 14, 136260).
cost(26, 15, 281188).
cost(26, 16, 81575).
cost(26, 17, 342874).
cost(26, 18, 93892).
cost(26, 19, 113899).
cost(26, 20, 377184).
cost(26, 21, 261288).
cost(26, 22, 426473).
cost(26, 23, 163097).
cost(26, 24, 542599).
cost(26, 25, 137907).
cost(26, 27, 446752).
cost(26, 28, 191163).
cost(27, 1, 590783).
cost(27, 2, 265089).
cost(27, 3, 764476).
cost(27, 4, 484829).
cost(27, 5, 366867).
cost(27, 6, 463350).
cost(27, 7, 291717).
cost(27, 8, 542601).
cost(27, 9, 585820).
cost(27, 10, 256518).
cost(27, 11, 441921).
cost(27, 12, 301247).
cost(27, 13, 474766).
cost(27, 14, 322251).
cost(27, 15, 469292).
cost(27, 16, 381210).
cost(27, 17, 528784).
cost(27, 18, 366120).
cost(27, 19, 510509).
cost(27, 20, 172446).
cost(27, 21, 289707).
cost(27, 22, 268530).
cost(27, 23, 608035).
cost(27, 24, 531374).
cost(27, 25, 570290).
cost(27, 26, 446752).
cost(27, 28, 543531).
cost(28, 1, 64147).
cost(28, 2, 287373).
cost(28, 3, 220967).
cost(28, 4, 63540).
cost(28, 5, 258069).
cost(28, 6, 170942).
cost(28, 7, 257751).
cost(28, 8, 84989).
cost(28, 9, 64754).
cost(28, 10, 393868).
cost(28, 11, 582767).
cost(28, 12, 247023).
cost(28, 13, 359404).
cost(28, 14, 298174).
cost(28, 15, 161962).
cost(28, 16, 261353).
cost(28, 17, 194091).
cost(28, 18, 268312).
cost(28, 19, 79871).
cost(28, 20, 525537).
cost(28, 21, 272831).
cost(28, 22, 418444).
cost(28, 23, 177991).
cost(28, 24, 432855).
cost(28, 25, 253982).
cost(28, 26, 191163).
cost(28, 27, 543531).
nocross(1,3).
nocross(1,4).
nocross(1,8).
nocross(1,9).
nocross(1,19).
nocross(1,23).
nocross(1,25).
nocross(1,28).
nocross(2,1).
nocross(2,4).
nocross(2,15).
nocross(3,1).
nocross(3,8).
nocross(3,9).
nocross(3,17).
nocross(3,19).
nocross(3,23).
nocross(4,1).
nocross(4,8).
nocross(4,9).
nocross(4,15).
nocross(5,2).
nocross(5,4).
nocross(5,15).
nocross(7,2).
nocross(7,4).
nocross(7,6).
nocross(7,10).
nocross(7,15).
nocross(7,21).
nocross(7,24).
nocross(8,1).
nocross(8,3).
nocross(8,4).
nocross(8,6).
nocross(8,9).
nocross(8,15).
nocross(8,17).
nocross(8,21).
nocross(9,1).
nocross(9,3).
nocross(9,4).
nocross(9,8).
nocross(9,15).
nocross(9,17).
nocross(9,28).
nocross(10,4).
nocross(10,7).
nocross(10,8).
nocross(10,11).
nocross(10,12).
nocross(10,15).
nocross(10,21).
nocross(10,24).
nocross(11,10).
nocross(11,17).
nocross(12,4).
nocross(12,6).
nocross(12,8).
nocross(12,15).
nocross(13,6).
nocross(13,15).
nocross(13,20).
nocross(13,23).
nocross(13,25).
nocross(14,4).
nocross(14,13).
nocross(14,15).
nocross(15,4).
nocross(15,8).
nocross(15,9).
nocross(15,10).
nocross(15,21).
nocross(15,24).
nocross(16,4).
nocross(16,5).
nocross(16,13).
nocross(16,15).
nocross(18,2).
nocross(18,4).
nocross(18,5).
nocross(18,13).
nocross(18,15).
nocross(19,1).
nocross(19,4).
nocross(19,23).
nocross(20,2).
nocross(20,4).
nocross(20,13).
nocross(20,15).
nocross(21,2).
nocross(21,4).
nocross(21,6).
nocross(21,8).
nocross(21,10).
nocross(21,15).
nocross(21,24).
nocross(23,1).
nocross(23,3).
nocross(23,4).
nocross(23,17).
nocross(23,19).
nocross(23,25).
nocross(24,17).
nocross(24,21).
nocross(24,22).
nocross(25,1).
nocross(25,6).
nocross(25,13).
nocross(25,23).
nocross(26,3).
nocross(26,4).
nocross(26,8).
nocross(26,15).
nocross(26,23).
nocross(26,24).
nocross(26,25).
nocross(27,22).
nocross(28,1).
nocross(28,4).
nocross(28,8).
nocross(28,9).
nocross(28,15).
nocross(28,17).
nocross(28,23).
