dimension(28).
point(1, -70042.0, 148522.0).
point(2, 59625.0, -127889.0).
point(3, 162447.0, 9577.0).
point(4, 91814.0, 200789.0).
point(5, -116838.0, 133523.0).
point(6, 60386.0, -93399.0).
point(7, 253622.0, 424674.0).
point(8, 143980.0, -174311.0).
point(9, -94143.0, -130961.0).
point(10, 48956.0, -263784.0).
point(11, 118290.0, -62605.0).
point(12, -143619.0, 99148.0).
point(13, -175188.0, -264513.0).
point(14, 3044.0, 27343.0).
point(15, 122622.0, 270448.0).
point(16, -93596.0, -24254.0).
point(17, 121506.0, -261525.0).
point(18, 6946.0, -26474.0).
point(19, 101609.0, 107889.0).
point(20, 124237.0, 148257.0).
point(21, -341516.0, 46408.0).
point(22, -34648.0, -185437.0).
point(23, -522823.0, -72642.0).
point(24, 42300.0, -11897.0).
point(25, -45172.0, 20668.0).
point(26, 254081.0, -136827.0).
point(27, -265612.0, -39292.0).
point(28, -24498.0, -54826.0).
cost(1, 2, 305314).
cost(1, 3, 270845).
cost(1, 4, 170086).
cost(1, 5, 49141).
cost(1, 6, 274840).
cost(1, 7, 425462).
cost(1, 8, 387333).
cost(1, 9, 280520).
cost(1, 10, 429135).
cost(1, 11, 282920).
cost(1, 12, 88608).
cost(1, 13, 426208).
cost(1, 14, 141513).
cost(1, 15, 228003).
cost(1, 16, 174374).
cost(1, 17, 452581).
cost(1, 18, 191183).
cost(1, 19, 176395).
cost(1, 20, 194279).
cost(1, 21, 290044).
cost(1, 22, 335829).
cost(1, 23, 503909).
cost(1, 24, 195844).
cost(1, 25, 130250).
cost(1, 26, 431833).
cost(1, 27, 271149).
cost(1, 28, 208386).
cost(2, 1, 305314).
cost(2, 3, 171666).
cost(2, 4, 330250).
cost(2, 5, 315397).
cost(2, 6, 34498).
cost(2, 7, 585628).
cost(2, 8, 96285).
cost(2, 9, 153799).
cost(2, 10, 136313).
cost(2, 11, 87770).
cost(2, 12, 304719).
cost(2, 13, 271668).
cost(2, 14, 165222).
cost(2, 15, 403288).
cost(2, 16, 184978).
cost(2, 17, 147268).
cost(2, 18, 114281).
cost(2, 19, 239487).
cost(2, 20, 283604).
cost(2, 21, 437371).
cost(2, 22, 110450).
cost(2, 23, 585062).
cost(2, 24, 117279).
cost(2, 25, 181801).
cost(2, 26, 194661).
cost(2, 27, 337088).
cost(2, 28, 111422).
cost(3, 1, 270845).
cost(3, 2, 171666).
cost(3, 4, 203841).
cost(3, 5, 305553).
cost(3, 6, 144984).
cost(3, 7, 424992).
cost(3, 8, 184813).
cost(3, 9, 292557).
cost(3, 10, 295984).
cost(3, 11, 84617).
cost(3, 12, 318903).
cost(3, 13, 434882).
cost(3, 14, 160390).
cost(3, 15, 263893).
cost(3, 16, 258268).
cost(3, 17, 274176).
cost(3, 18, 159625).
cost(3, 19, 115614).
cost(3, 20, 143848).
cost(3, 21, 505307).
cost(3, 22, 277267).
cost(3, 23, 690185).
cost(3, 24, 122051).
cost(3, 25, 207915).
cost(3, 26, 172716).
cost(3, 27, 430840).
cost(3, 28, 197728).
cost(4, 1, 170086).
cost(4, 2, 330250).
cost(4, 3, 203841).
cost(4, 5, 219227).
cost(4, 6, 295862).
cost(4, 7, 276236).
cost(4, 8, 378710).
cost(4, 9, 380313).
cost(4, 10, 466546).
cost(4, 11, 264721).
cost(4, 12, 256436).
cost(4, 13, 536466).
cost(4, 14, 194843).
cost(4, 15, 76168).
cost(4, 16, 291584).
cost(4, 17, 463266).
cost(4, 18, 242592).
cost(4, 19, 93415).
cost(4, 20, 61732).
cost(4, 21, 460009).
cost(4, 22, 406403).
cost(4, 23, 672713).
cost(4, 24, 218373).
cost(4, 25, 226293).
cost(4, 26, 374587).
cost(4, 27, 430572).
cost(4, 28, 280834).
cost(5, 1, 49141).
cost(5, 2, 315397).
cost(5, 3, 305553).
cost(5, 4, 219227).
cost(5, 6, 287927).
cost(5, 7, 471179).
cost(5, 8, 403470).
cost(5, 9, 265456).
cost(5, 10, 430512).
cost(5, 11, 306188).
cost(5, 12, 43576).
cost(5, 13, 402290).
cost(5, 14, 160143).
cost(5, 15, 275843).
cost(5, 16, 159480).
cost(5, 17, 461379).
cost(5, 18, 202291).
cost(5, 19, 219946).
cost(5, 20, 241525).
cost(5, 21, 240976).
cost(5, 22, 329379).
cost(5, 23, 455333).
cost(5, 24, 215573).
cost(5, 25, 133687).
cost(5, 26, 458988).
cost(5, 27, 228032).
cost(5, 28, 209767).
cost(6, 1, 274840).
cost(6, 2, 34498).
cost(6, 3, 144984).
cost(6, 4, 295862).
cost(6, 5, 287927).
cost(6, 7, 552937).
cost(6, 8, 116339).
cost(6, 9, 159029).
cost(6, 10, 170768).
cost(6, 11, 65583).
cost(6, 12, 280522).
cost(6, 13, 291162).
cost(6, 14, 133667).
cost(6, 15, 369131).
cost(6, 16, 168794).
cost(6, 17, 178891).
cost(6, 18, 85643).
cost(6, 19, 205466).
cost(6, 20, 249949).
cost(6, 21, 425525).
cost(6, 22, 132297).
cost(6, 23, 583578).
cost(6, 24, 83485).
cost(6, 25, 155415).
cost(6, 26, 198504).
cost(6, 27, 330458).
cost(6, 28, 93237).
cost(7, 1, 425462).
cost(7, 2, 585628).
cost(7, 3, 424992).
cost(7, 4, 276236).
cost(7, 5, 471179).
cost(7, 6, 552937).
cost(7, 8, 608937).
cost(7, 9, 655493).
cost(7, 10, 718236).
cost(7, 11, 505723).
cost(7, 12, 513583).
cost(7, 13, 811700).
cost(7, 14, 469746).
cost(7, 15, 202353).
cost(7, 16, 567536).
cost(7, 17, 698802).
cost(7, 18, 514182).
cost(7, 19, 351370).
cost(7, 20, 305200).
cost(7, 21, 705177).
cost(7, 22, 674785).
cost(7, 23, 922058).
cost(7, 24, 485027).
cost(7, 25, 502492).
cost(7, 26, 561501).
cost(7, 27, 696325).
cost(7, 28, 554320).
cost(8, 1, 387333).
cost(8, 2, 96285).
cost(8, 3, 184813).
cost(8, 4, 378710).
cost(8, 5, 403470).
cost(8, 6, 116339).
cost(8, 7, 608937).
cost(8, 9, 242037).
cost(8, 10, 130518).
cost(8, 11, 114622).
cost(8, 12, 396854).
cost(8, 13, 331669).
cost(8, 14, 246023).
cost(8, 15, 445272).
cost(8, 16, 280997).
cost(8, 17, 90063).
cost(8, 18, 201579).
cost(8, 19, 285363).
cost(8, 20, 323172).
cost(8, 21, 533313).
cost(8, 22, 178974).
cost(8, 23, 674509).
cost(8, 24, 191617).
cost(8, 25, 271653).
cost(8, 26, 116307).
cost(8, 27, 431272).
cost(8, 28, 206547).
cost(9, 1, 280520).
cost(9, 2, 153799).
cost(9, 3, 292557).
cost(9, 4, 380313).
cost(9, 5, 265456).
cost(9, 6, 159029).
cost(9, 7, 655493).
cost(9, 8, 242037).
cost(9, 10, 195242).
cost(9, 11, 223160).
cost(9, 12, 235368).
cost(9, 13, 156219).
cost(9, 14, 185756).
cost(9, 15, 456198).
cost(9, 16, 106708).
cost(9, 17, 252094).
cost(9, 18, 145384).
cost(9, 19, 308817).
cost(9, 20, 354475).
cost(9, 21, 304390).
cost(9, 22, 80668).
cost(9, 23, 432629).
cost(9, 24, 181088).
cost(9, 25, 159341).
cost(9, 26, 348273).
cost(9, 27, 194435).
cost(9, 28, 103184).
cost(10, 1, 429135).
cost(10, 2, 136313).
cost(10, 3, 295984).
cost(10, 4, 466546).
cost(10, 5, 430512).
cost(10, 6, 170768).
cost(10, 7, 718236).
cost(10, 8, 130518).
cost(10, 9, 195242).
cost(10, 11, 212791).
cost(10, 12, 410859).
cost(10, 13, 224145).
cost(10, 14, 294725).
cost(10, 15, 539287).
cost(10, 16, 278739).
cost(10, 17, 72585).
cost(10, 18, 241000).
cost(10, 19, 375384).
cost(10, 20, 418862).
cost(10, 21, 498686).
cost(10, 22, 114577).
cost(10, 23, 602882).
cost(10, 24, 251975).
cost(10, 25, 299621).
cost(10, 26, 241235).
cost(10, 27, 386458).
cost(10, 28, 221493).
cost(11, 1, 282920).
cost(11, 2, 87770).
cost(11, 3, 84617).
cost(11, 4, 264721).
cost(11, 5, 306188).
cost(11, 6, 65583).
cost(11, 7, 505723).
cost(11, 8, 114622).
cost(11, 9, 223160).
cost(11, 10, 212791).
cost(11, 12, 307832).
cost(11, 13, 356225).
cost(11, 14, 146193).
cost(11, 15, 333081).
cost(11, 16, 215329).
cost(11, 17, 198946).
cost(11, 18, 117060).
cost(11, 19, 171308).
cost(11, 20, 210946).
cost(11, 21, 472552).
cost(11, 22, 196157).
cost(11, 23, 641192).
cost(11, 24, 91355).
cost(11, 25, 183451).
cost(11, 26, 154752).
cost(11, 27, 384609).
cost(11, 28, 143000).
cost(12, 1, 88608).
cost(12, 2, 304719).
cost(12, 3, 318903).
cost(12, 4, 256436).
cost(12, 5, 43576).
cost(12, 6, 280522).
cost(12, 7, 513583).
cost(12, 8, 396854).
cost(12, 9, 235368).
cost(12, 10, 410859).
cost(12, 11, 307832).
cost(12, 13, 365029).
cost(12, 14, 163297).
cost(12, 15, 316588).
cost(12, 16, 133155).
cost(12, 17, 447634).
cost(12, 18, 196089).
cost(12, 19, 245384).
cost(12, 20, 272321).
cost(12, 21, 204804).
cost(12, 22, 304735).
cost(12, 23, 416302).
cost(12, 24, 216557).
cost(12, 25, 125900).
cost(12, 26, 462439).
cost(12, 27, 184521).
cost(12, 28, 194674).
cost(13, 1, 426208).
cost(13, 2, 271668).
cost(13, 3, 434882).
cost(13, 4, 536466).
cost(13, 5, 402290).
cost(13, 6, 291162).
cost(13, 7, 811700).
cost(13, 8, 331669).
cost(13, 9, 156219).
cost(13, 10, 224145).
cost(13, 11, 356225).
cost(13, 12, 365029).
cost(13, 14, 341975).
cost(13, 15, 612270).
cost(13, 16, 253735).
cost(13, 17, 296709).
cost(13, 18, 299725).
cost(13, 19, 464004).
cost(13, 20, 509936).
cost(13, 21, 352614).
cost(13, 22, 161259).
cost(13, 23, 397070).
cost(13, 24, 333340).
cost(13, 25, 313420).
cost(13, 26, 447857).
cost(13, 27, 242695).
cost(13, 28, 258217).
cost(14, 1, 141513).
cost(14, 2, 165222).
cost(14, 3, 160390).
cost(14, 4, 194843).
cost(14, 5, 160143).
cost(14, 6, 133667).
cost(14, 7, 469746).
cost(14, 8, 246023).
cost(14, 9, 185756).
cost(14, 10, 294725).
cost(14, 11, 146193).
cost(14, 12, 163297).
cost(14, 13, 341975).
cost(14, 15, 270922).
cost(14, 16, 109552).
cost(14, 17, 312215).
cost(14, 18, 53958).
cost(14, 19, 127290).
cost(14, 20, 171196).
cost(14, 21, 345087).
cost(14, 22, 216093).
cost(14, 23, 535288).
cost(14, 24, 55505).
cost(14, 25, 48676).
cost(14, 26, 299952).
cost(14, 27, 276796).
cost(14, 28, 86662).
cost(15, 1, 228003).
cost(15, 2, 403288).
cost(15, 3, 263893).
cost(15, 4, 76168).
cost(15, 5, 275843).
cost(15, 6, 369131).
cost(15, 7, 202353).
cost(15, 8, 445272).
cost(15, 9, 456198).
cost(15, 10, 539287).
cost(15, 11, 333081).
cost(15, 12, 316588).
cost(15, 13, 612270).
cost(15, 14, 270922).
cost(15, 16, 365513).
cost(15, 17, 531974).
cost(15, 18, 318659).
cost(15, 19, 163911).
cost(15, 20, 122202).
cost(15, 21, 515381).
cost(15, 22, 482250).
cost(15, 23, 730965).
cost(15, 24, 293548).
cost(15, 25, 300907).
cost(15, 26, 427965).
cost(15, 27, 496653).
cost(15, 28, 356998).
cost(16, 1, 174374).
cost(16, 2, 184978).
cost(16, 3, 258268).
cost(16, 4, 291584).
cost(16, 5, 159480).
cost(16, 6, 168794).
cost(16, 7, 567536).
cost(16, 8, 280997).
cost(16, 9, 106708).
cost(16, 10, 278739).
cost(16, 11, 215329).
cost(16, 12, 133155).
cost(16, 13, 253735).
cost(16, 14, 109552).
cost(16, 15, 365513).
cost(16, 17, 320260).
cost(16, 18, 100567).
cost(16, 19, 235726).
cost(16, 20, 277869).
cost(16, 21, 257793).
cost(16, 22, 171624).
cost(16, 23, 431946).
cost(16, 24, 136457).
cost(16, 25, 66052).
cost(16, 26, 365448).
cost(16, 27, 172672).
cost(16, 28, 75559).
cost(17, 1, 452581).
cost(17, 2, 147268).
cost(17, 3, 274176).
cost(17, 4, 463266).
cost(17, 5, 461379).
cost(17, 6, 178891).
cost(17, 7, 698802).
cost(17, 8, 90063).
cost(17, 9, 252094).
cost(17, 10, 72585).
cost(17, 11, 198946).
cost(17, 12, 447634).
cost(17, 13, 296709).
cost(17, 14, 312215).
cost(17, 15, 531974).
cost(17, 16, 320260).
cost(17, 18, 261482).
cost(17, 19, 369949).
cost(17, 20, 409791).
cost(17, 21, 556068).
cost(17, 22, 173705).
cost(17, 23, 671444).
cost(17, 24, 261893).
cost(17, 25, 327741).
cost(17, 26, 182005).
cost(17, 27, 446372).
cost(17, 28, 253065).
cost(18, 1, 191183).
cost(18, 2, 114281).
cost(18, 3, 159625).
cost(18, 4, 242592).
cost(18, 5, 202291).
cost(18, 6, 85643).
cost(18, 7, 514182).
cost(18, 8, 201579).
cost(18, 9, 145384).
cost(18, 10, 241000).
cost(18, 11, 117060).
cost(18, 12, 196089).
cost(18, 13, 299725).
cost(18, 14, 53958).
cost(18, 15, 318659).
cost(18, 16, 100567).
cost(18, 17, 261482).
cost(18, 19, 164361).
cost(18, 20, 210447).
cost(18, 21, 356002).
cost(18, 22, 164315).
cost(18, 23, 531777).
cost(18, 24, 38241).
cost(18, 25, 70276).
cost(18, 26, 270654).
cost(18, 27, 272859).
cost(18, 28, 42339).
cost(19, 1, 176395).
cost(19, 2, 239487).
cost(19, 3, 115614).
cost(19, 4, 93415).
cost(19, 5, 219946).
cost(19, 6, 205466).
cost(19, 7, 351370).
cost(19, 8, 285363).
cost(19, 9, 308817).
cost(19, 10, 375384).
cost(19, 11, 171308).
cost(19, 12, 245384).
cost(19, 13, 464004).
cost(19, 14, 127290).
cost(19, 15, 163911).
cost(19, 16, 235726).
cost(19, 17, 369949).
cost(19, 18, 164361).
cost(19, 20, 46277).
cost(19, 21, 447370).
cost(19, 22, 323429).
cost(19, 23, 650005).
cost(19, 24, 133665).
cost(19, 25, 170740).
cost(19, 26, 288329).
cost(19, 27, 395618).
cost(19, 28, 205862).
cost(20, 1, 194279).
cost(20, 2, 283604).
cost(20, 3, 143848).
cost(20, 4, 61732).
cost(20, 5, 241525).
cost(20, 6, 249949).
cost(20, 7, 305200).
cost(20, 8, 323172).
cost(20, 9, 354475).
cost(20, 10, 418862).
cost(20, 11, 210946).
cost(20, 12, 272321).
cost(20, 13, 509936).
cost(20, 14, 171196).
cost(20, 15, 122202).
cost(20, 16, 277869).
cost(20, 17, 409791).
cost(20, 18, 210447).
cost(20, 19, 46277).
cost(20, 21, 476759).
cost(20, 22, 369589).
cost(20, 23, 683727).
cost(20, 24, 179897).
cost(20, 25, 212081).
cost(20, 26, 313261).
cost(20, 27, 432616).
cost(20, 28, 251724).
cost(21, 1, 290044).
cost(21, 2, 437371).
cost(21, 3, 505307).
cost(21, 4, 460009).
cost(21, 5, 240976).
cost(21, 6, 425525).
cost(21, 7, 705177).
cost(21, 8, 533313).
cost(21, 9, 304390).
cost(21, 10, 498686).
cost(21, 11, 472552).
cost(21, 12, 204804).
cost(21, 13, 352614).
cost(21, 14, 345087).
cost(21, 15, 515381).
cost(21, 16, 257793).
cost(21, 17, 556068).
cost(21, 18, 356002).
cost(21, 19, 447370).
cost(21, 20, 476759).
cost(21, 22, 384604).
cost(21, 23, 216899).
cost(21, 24, 388219).
cost(21, 25, 297460).
cost(21, 26, 623146).
cost(21, 27, 114481).
cost(21, 28, 332789).
cost(22, 1, 335829).
cost(22, 2, 110450).
cost(22, 3, 277267).
cost(22, 4, 406403).
cost(22, 5, 329379).
cost(22, 6, 132297).
cost(22, 7, 674785).
cost(22, 8, 178974).
cost(22, 9, 80668).
cost(22, 10, 114577).
cost(22, 11, 196157).
cost(22, 12, 304735).
cost(22, 13, 161259).
cost(22, 14, 216093).
cost(22, 15, 482250).
cost(22, 16, 171624).
cost(22, 17, 173705).
cost(22, 18, 164315).
cost(22, 19, 323429).
cost(22, 20, 369589).
cost(22, 21, 384604).
cost(22, 23, 501036).
cost(22, 24, 189834).
cost(22, 25, 206374).
cost(22, 26, 292792).
cost(22, 27, 273318).
cost(22, 28, 131005).
cost(23, 1, 503909).
cost(23, 2, 585062).
cost(23, 3, 690185).
cost(23, 4, 672713).
cost(23, 5, 455333).
cost(23, 6, 583578).
cost(23, 7, 922058).
cost(23, 8, 674509).
cost(23, 9, 432629).
cost(23, 10, 602882).
cost(23, 11, 641192).
cost(23, 12, 416302).
cost(23, 13, 397070).
cost(23, 14, 535288).
cost(23, 15, 730965).
cost(23, 16, 431946).
cost(23, 17, 671444).
cost(23, 18, 531777).
cost(23, 19, 650005).
cost(23, 20, 683727).
cost(23, 21, 216899).
cost(23, 22, 501036).
cost(23, 24, 568378).
cost(23, 25, 486680).
cost(23, 26, 779551).
cost(23, 27, 259364).
cost(23, 28, 498643).
cost(24, 1, 195844).
cost(24, 2, 117279).
cost(24, 3, 122051).
cost(24, 4, 218373).
cost(24, 5, 215573).
cost(24, 6, 83485).
cost(24, 7, 485027).
cost(24, 8, 191617).
cost(24, 9, 181088).
cost(24, 10, 251975).
cost(24, 11, 91355).
cost(24, 12, 216557).
cost(24, 13, 333340).
cost(24, 14, 55505).
cost(24, 15, 293548).
cost(24, 16, 136457).
cost(24, 17, 261893).
cost(24, 18, 38241).
cost(24, 19, 133665).
cost(24, 20, 179897).
cost(24, 21, 388219).
cost(24, 22, 189834).
cost(24, 23, 568378).
cost(24, 25, 93337).
cost(24, 26, 245884).
cost(24, 27, 309128).
cost(24, 28, 79403).
cost(25, 1, 130250).
cost(25, 2, 181801).
cost(25, 3, 207915).
cost(25, 4, 226293).
cost(25, 5, 133687).
cost(25, 6, 155415).
cost(25, 7, 502492).
cost(25, 8, 271653).
cost(25, 9, 159341).
cost(25, 10, 299621).
cost(25, 11, 183451).
cost(25, 12, 125900).
cost(25, 13, 313420).
cost(25, 14, 48676).
cost(25, 15, 300907).
cost(25, 16, 66052).
cost(25, 17, 327741).
cost(25, 18, 70276).
cost(25, 19, 170740).
cost(25, 20, 212081).
cost(25, 21, 297460).
cost(25, 22, 206374).
cost(25, 23, 486680).
cost(25, 24, 93337).
cost(25, 26, 338167).
cost(25, 27, 228449).
cost(25, 28, 78274).
cost(26, 1, 431833).
cost(26, 2, 194661).
cost(26, 3, 172716).
cost(26, 4, 374587).
cost(26, 5, 458988).
cost(26, 6, 198504).
cost(26, 7, 561501).
cost(26, 8, 116307).
cost(26, 9, 348273).
cost(26, 10, 241235).
cost(26, 11, 154752).
cost(26, 12, 462439).
cost(26, 13, 447857).
cost(26, 14, 299952).
cost(26, 15, 427965).
cost(26, 16, 365448).
cost(26, 17, 182005).
cost(26, 18, 270654).
cost(26, 19, 288329).
cost(26, 20, 313261).
cost(26, 21, 623146).
cost(26, 22, 292792).
cost(26, 23, 779551).
cost(26, 24, 245884).
cost(26, 25, 338167).
cost(26, 27, 528766).
cost(26, 28, 290397).
cost(27, 1, 271149).
cost(27, 2, 337088).
cost(27, 3, 430840).
cost(27, 4, 430572).
cost(27, 5, 228032).
cost(27, 6, 330458).
cost(27, 7, 696325).
cost(27, 8, 431272).
cost(27, 9, 194435).
cost(27, 10, 386458).
cost(27, 11, 384609).
cost(27, 12, 184521).
cost(27, 13, 242695).
cost(27, 14, 276796).
cost(27, 15, 496653).
cost(27, 16, 172672).
cost(27, 17, 446372).
cost(27, 18, 272859).
cost(27, 19, 395618).
cost(27, 20, 432616).
cost(27, 21, 114481).
cost(27, 22, 273318).
cost(27, 23, 259364).
cost(27, 24, 309128).
cost(27, 25, 228449).
cost(27, 26, 528766).
cost(27, 28, 241614).
cost(28, 1, 208386).
cost(28, 2, 111422).
cost(28, 3, 197728).
cost(28, 4, 280834).
cost(28, 5, 209767).
cost(28, 6, 93237).
cost(28, 7, 554320).
cost(28, 8, 206547).
cost(28, 9, 103184).
cost(28, 10, 221493).
cost(28, 11, 143000).
cost(28, 12, 194674).
cost(28, 13, 258217).
cost(28, 14, 86662).
cost(28, 15, 356998).
cost(28, 16, 75559).
cost(28, 17, 253065).
cost(28, 18, 42339).
cost(28, 19, 205862).
cost(28, 20, 251724).
cost(28, 21, 332789).
cost(28, 22, 131005).
cost(28, 23, 498643).
cost(28, 24, 79403).
cost(28, 25, 78274).
cost(28, 26, 290397).
cost(28, 27, 241614).
nocross(1,5).
nocross(1,14).
nocross(1,16).
nocross(1,20).
nocross(1,21).
nocross(1,25).
nocross(3,1).
nocross(3,5).
nocross(3,6).
nocross(3,11).
nocross(3,18).
nocross(3,19).
nocross(3,20).
nocross(3,24).
nocross(3,26).
nocross(4,19).
nocross(5,1).
nocross(5,3).
nocross(5,14).
nocross(5,16).
nocross(5,18).
nocross(5,21).
nocross(5,24).
nocross(5,25).
nocross(5,27).
nocross(6,11).
nocross(6,18).
nocross(6,22).
nocross(6,24).
nocross(6,26).
nocross(7,21).
nocross(8,2).
nocross(8,6).
nocross(8,17).
nocross(8,19).
nocross(8,24).
nocross(8,26).
nocross(9,13).
nocross(9,16).
nocross(9,22).
nocross(10,17).
nocross(11,2).
nocross(11,3).
nocross(11,6).
nocross(11,18).
nocross(11,24).
nocross(11,26).
nocross(12,2).
nocross(12,21).
nocross(13,2).
nocross(13,5).
nocross(13,9).
nocross(13,10).
nocross(13,17).
nocross(13,22).
nocross(13,27).
nocross(14,1).
nocross(14,2).
nocross(14,4).
nocross(14,5).
nocross(14,18).
nocross(14,20).
nocross(14,24).
nocross(14,25).
nocross(15,19).
nocross(15,21).
nocross(16,2).
nocross(16,5).
nocross(16,9).
nocross(16,15).
nocross(16,18).
nocross(16,25).
nocross(17,2).
nocross(17,8).
nocross(17,10).
nocross(17,16).
nocross(17,22).
nocross(17,24).
nocross(17,26).
nocross(18,4).
nocross(18,6).
nocross(18,24).
nocross(18,25).
nocross(19,21).
nocross(20,1).
nocross(20,3).
nocross(20,5).
nocross(20,14).
nocross(20,18).
nocross(20,21).
nocross(20,24).
nocross(20,25).
nocross(20,26).
nocross(22,2).
nocross(22,9).
nocross(22,19).
nocross(23,21).
nocross(24,4).
nocross(24,18).
nocross(24,26).
nocross(25,5).
nocross(25,14).
nocross(25,15).
nocross(25,16).
nocross(25,18).
nocross(25,21).
nocross(25,24).
nocross(26,2).
nocross(26,6).
nocross(26,8).
nocross(26,11).
nocross(26,17).
nocross(26,19).
nocross(26,24).
nocross(27,1).
nocross(27,2).
nocross(27,9).
nocross(27,13).
nocross(27,16).
nocross(27,25).
nocross(28,2).
nocross(28,4).
nocross(28,24).
