dimension(28).
point(1, -5863.0, 226385.0).
point(2, 299354.0, 116994.0).
point(3, -215539.0, 151943.0).
point(4, 57356.0, -71275.0).
point(5, -37547.0, -107999.0).
point(6, 68270.0, -43742.0).
point(7, -154551.0, 129416.0).
point(8, -107985.0, -35501.0).
point(9, 136113.0, 5163.0).
point(10, -107481.0, 78548.0).
point(11, 41957.0, 188873.0).
point(12, -52362.0, 275026.0).
point(13, 275560.0, -76115.0).
point(14, -34264.0, 24494.0).
point(15, 435416.0, 20241.0).
point(16, -210384.0, 179958.0).
point(17, -88382.0, 499323.0).
point(18, -94883.0, 5067.0).
point(19, -166862.0, 245499.0).
point(20, 254537.0, 6138.0).
point(21, 71090.0, 24512.0).
point(22, 84289.0, -71014.0).
point(23, 109602.0, -94738.0).
point(24, 76700.0, -93790.0).
point(25, -70801.0, 312125.0).
point(26, -163328.0, -208188.0).
point(27, 2522.0, -13225.0).
point(28, -74295.0, 162233.0).
cost(1, 2, 324228).
cost(1, 3, 222499).
cost(1, 4, 304299).
cost(1, 5, 335882).
cost(1, 6, 280115).
cost(1, 7, 177514).
cost(1, 8, 281093).
cost(1, 9, 262862).
cost(1, 10, 179393).
cost(1, 11, 60777).
cost(1, 12, 67291).
cost(1, 13, 413165).
cost(1, 14, 203879).
cost(1, 15, 487055).
cost(1, 16, 209724).
cost(1, 17, 285140).
cost(1, 18, 238550).
cost(1, 19, 162130).
cost(1, 20, 341053).
cost(1, 21, 216043).
cost(1, 22, 310763).
cost(1, 23, 341251).
cost(1, 24, 330649).
cost(1, 25, 107556).
cost(1, 26, 462222).
cost(1, 27, 239757).
cost(1, 28, 93800).
cost(2, 1, 324228).
cost(2, 3, 516078).
cost(2, 4, 306608).
cost(2, 5, 405122).
cost(2, 6, 281489).
cost(2, 7, 454075).
cost(2, 8, 434948).
cost(2, 9, 197873).
cost(2, 10, 408648).
cost(2, 11, 267245).
cost(2, 12, 385588).
cost(2, 13, 194569).
cost(2, 14, 346204).
cost(2, 15, 166955).
cost(2, 16, 513612).
cost(2, 17, 544532).
cost(2, 18, 409818).
cost(2, 19, 483602).
cost(2, 20, 119573).
cost(2, 21, 246287).
cost(2, 22, 285657).
cost(2, 23, 284317).
cost(2, 24, 306602).
cost(2, 25, 418439).
cost(2, 26, 565525).
cost(2, 27, 324139).
cost(2, 28, 376378).
cost(3, 1, 222499).
cost(3, 2, 516078).
cost(3, 4, 352559).
cost(3, 5, 315041).
cost(3, 6, 344732).
cost(3, 7, 65015).
cost(3, 8, 216109).
cost(3, 9, 381056).
cost(3, 10, 130627).
cost(3, 11, 260131).
cost(3, 12, 204392).
cost(3, 13, 541469).
cost(3, 14, 221594).
cost(3, 15, 664144).
cost(3, 16, 28485).
cost(3, 17, 369921).
cost(3, 18, 190080).
cost(3, 19, 105462).
cost(3, 20, 492169).
cost(3, 21, 313680).
cost(3, 22, 373640).
cost(3, 23, 408128).
cost(3, 24, 381822).
cost(3, 25, 215887).
cost(3, 26, 363896).
cost(3, 27, 273553).
cost(3, 28, 141618).
cost(4, 1, 304299).
cost(4, 2, 306608).
cost(4, 3, 352559).
cost(4, 5, 101761).
cost(4, 6, 29617).
cost(4, 7, 291859).
cost(4, 8, 169167).
cost(4, 9, 109752).
cost(4, 10, 222751).
cost(4, 11, 260603).
cost(4, 12, 363266).
cost(4, 13, 218258).
cost(4, 14, 132537).
cost(4, 15, 388979).
cost(4, 16, 367155).
cost(4, 17, 588916).
cost(4, 18, 170308).
cost(4, 19, 388097).
cost(4, 20, 211833).
cost(4, 21, 96767).
cost(4, 22, 26934).
cost(4, 23, 57273).
cost(4, 24, 29684).
cost(4, 25, 404252).
cost(4, 26, 259705).
cost(4, 27, 79853).
cost(4, 28, 268063).
cost(5, 1, 335882).
cost(5, 2, 405122).
cost(5, 3, 315041).
cost(5, 4, 101761).
cost(5, 6, 123799).
cost(5, 7, 264681).
cost(5, 8, 101082).
cost(5, 9, 207276).
cost(5, 10, 199225).
cost(5, 11, 307333).
cost(5, 12, 383311).
cost(5, 13, 314726).
cost(5, 14, 132534).
cost(5, 15, 490040).
cost(5, 16, 335845).
cost(5, 17, 609446).
cost(5, 18, 126773).
cost(5, 19, 376408).
cost(5, 20, 313593).
cost(5, 21, 171351).
cost(5, 22, 127326).
cost(5, 23, 147745).
cost(5, 24, 115127).
cost(5, 25, 421438).
cost(5, 26, 160806).
cost(5, 27, 102896).
cost(5, 28, 272719).
cost(6, 1, 280115).
cost(6, 2, 281489).
cost(6, 3, 344732).
cost(6, 4, 29617).
cost(6, 5, 123799).
cost(6, 7, 282193).
cost(6, 8, 176448).
cost(6, 9, 83632).
cost(6, 10, 214110).
cost(6, 11, 234099).
cost(6, 12, 340830).
cost(6, 13, 209803).
cost(6, 14, 123164).
cost(6, 15, 372679).
cost(6, 16, 357337).
cost(6, 17, 565207).
cost(6, 18, 170297).
cost(6, 19, 372757).
cost(6, 20, 192830).
cost(6, 21, 68312).
cost(6, 22, 31629).
cost(6, 23, 65642).
cost(6, 24, 50753).
cost(6, 25, 382076).
cost(6, 26, 284042).
cost(6, 27, 72485).
cost(6, 28, 250500).
cost(7, 1, 177514).
cost(7, 2, 454075).
cost(7, 3, 65015).
cost(7, 4, 291859).
cost(7, 5, 264681).
cost(7, 6, 282193).
cost(7, 8, 171365).
cost(7, 9, 316108).
cost(7, 10, 69305).
cost(7, 11, 205306).
cost(7, 12, 177890).
cost(7, 13, 476695).
cost(7, 14, 159617).
cost(7, 15, 599984).
cost(7, 16, 75311).
cost(7, 17, 375779).
cost(7, 18, 137924).
cost(7, 19, 116734).
cost(7, 20, 427259).
cost(7, 21, 248835).
cost(7, 22, 311796).
cost(7, 23, 346442).
cost(7, 24, 321400).
cost(7, 25, 200989).
cost(7, 26, 337718).
cost(7, 27, 212175).
cost(7, 28, 86706).
cost(8, 1, 281093).
cost(8, 2, 434948).
cost(8, 3, 216109).
cost(8, 4, 169167).
cost(8, 5, 101082).
cost(8, 6, 176448).
cost(8, 7, 171365).
cost(8, 9, 247462).
cost(8, 10, 114050).
cost(8, 11, 269863).
cost(8, 12, 315469).
cost(8, 13, 385689).
cost(8, 14, 95048).
cost(8, 15, 546253).
cost(8, 16, 238554).
cost(8, 17, 535183).
cost(8, 18, 42631).
cost(8, 19, 287102).
cost(8, 20, 364905).
cost(8, 21, 188863).
cost(8, 22, 195526).
cost(8, 23, 225506).
cost(8, 24, 193665).
cost(8, 25, 349609).
cost(8, 26, 181338).
cost(8, 27, 112730).
cost(8, 28, 200584).
cost(9, 1, 262862).
cost(9, 2, 197873).
cost(9, 3, 381056).
cost(9, 4, 109752).
cost(9, 5, 207276).
cost(9, 6, 83632).
cost(9, 7, 316108).
cost(9, 8, 247462).
cost(9, 10, 254408).
cost(9, 11, 206433).
cost(9, 12, 329164).
cost(9, 13, 161405).
cost(9, 14, 171470).
cost(9, 15, 299683).
cost(9, 16, 388090).
cost(9, 17, 542763).
cost(9, 18, 230996).
cost(9, 19, 386724).
cost(9, 20, 118428).
cost(9, 21, 67841).
cost(9, 22, 92134).
cost(9, 23, 103359).
cost(9, 24, 115419).
cost(9, 25, 370188).
cost(9, 26, 367673).
cost(9, 27, 134851).
cost(9, 28, 262569).
cost(10, 1, 179393).
cost(10, 2, 408648).
cost(10, 3, 130627).
cost(10, 4, 222751).
cost(10, 5, 199225).
cost(10, 6, 214110).
cost(10, 7, 69305).
cost(10, 8, 114050).
cost(10, 9, 254408).
cost(10, 11, 185751).
cost(10, 12, 204063).
cost(10, 13, 413087).
cost(10, 14, 91009).
cost(10, 15, 546019).
cost(10, 16, 144475).
cost(10, 17, 421208).
cost(10, 18, 74553).
cost(10, 19, 177197).
cost(10, 20, 369189).
cost(10, 21, 186568).
cost(10, 22, 243196).
cost(10, 23, 277764).
cost(10, 24, 252236).
cost(10, 25, 236440).
cost(10, 26, 292124).
cost(10, 27, 143258).
cost(10, 28, 90025).
cost(11, 1, 60777).
cost(11, 2, 267245).
cost(11, 3, 260131).
cost(11, 4, 260603).
cost(11, 5, 307333).
cost(11, 6, 234099).
cost(11, 7, 205306).
cost(11, 8, 269863).
cost(11, 9, 206433).
cost(11, 10, 185751).
cost(11, 12, 127744).
cost(11, 13, 353255).
cost(11, 14, 181191).
cost(11, 15, 428073).
cost(11, 16, 252498).
cost(11, 17, 336701).
cost(11, 18, 229150).
cost(11, 19, 216361).
cost(11, 20, 280325).
cost(11, 21, 166923).
cost(11, 22, 263312).
cost(11, 23, 291567).
cost(11, 24, 284790).
cost(11, 25, 167049).
cost(11, 26, 446989).
cost(11, 27, 205909).
cost(11, 28, 119265).
cost(12, 1, 67291).
cost(12, 2, 385588).
cost(12, 3, 204392).
cost(12, 4, 363266).
cost(12, 5, 383311).
cost(12, 6, 340830).
cost(12, 7, 177890).
cost(12, 8, 315469).
cost(12, 9, 329164).
cost(12, 10, 204063).
cost(12, 11, 127744).
cost(12, 13, 480451).
cost(12, 14, 251185).
cost(12, 15, 550312).
cost(12, 16, 184415).
cost(12, 17, 227171).
cost(12, 18, 273287).
cost(12, 19, 118246).
cost(12, 20, 408029).
cost(12, 21, 279281).
cost(12, 22, 372045).
cost(12, 23, 403680).
cost(12, 24, 390746).
cost(12, 25, 41429).
cost(12, 26, 495792).
cost(12, 27, 293430).
cost(12, 28, 114906).
cost(13, 1, 413165).
cost(13, 2, 194569).
cost(13, 3, 541469).
cost(13, 4, 218258).
cost(13, 5, 314726).
cost(13, 6, 209803).
cost(13, 7, 476695).
cost(13, 8, 385689).
cost(13, 9, 161405).
cost(13, 10, 413087).
cost(13, 11, 353255).
cost(13, 12, 480451).
cost(13, 14, 325750).
cost(13, 15, 186651).
cost(13, 16, 549286).
cost(13, 17, 680869).
cost(13, 18, 379234).
cost(13, 19, 546967).
cost(13, 20, 84897).
cost(13, 21, 227890).
cost(13, 22, 191339).
cost(13, 23, 167000).
cost(13, 24, 199644).
cost(13, 25, 520285).
cost(13, 26, 458330).
cost(13, 27, 280187).
cost(13, 28, 423330).
cost(14, 1, 203879).
cost(14, 2, 346204).
cost(14, 3, 221594).
cost(14, 4, 132537).
cost(14, 5, 132534).
cost(14, 6, 123164).
cost(14, 7, 159617).
cost(14, 8, 95048).
cost(14, 9, 171470).
cost(14, 10, 91009).
cost(14, 11, 181191).
cost(14, 12, 251185).
cost(14, 13, 325750).
cost(14, 15, 469699).
cost(14, 16, 234920).
cost(14, 17, 477903).
cost(14, 18, 63656).
cost(14, 19, 257731).
cost(14, 20, 289384).
cost(14, 21, 105354).
cost(14, 22, 152239).
cost(14, 23, 186852).
cost(14, 24, 162185).
cost(14, 25, 289942).
cost(14, 26, 266080).
cost(14, 27, 52687).
cost(14, 28, 143438).
cost(15, 1, 487055).
cost(15, 2, 166955).
cost(15, 3, 664144).
cost(15, 4, 388979).
cost(15, 5, 490040).
cost(15, 6, 372679).
cost(15, 7, 599984).
cost(15, 8, 546253).
cost(15, 9, 299683).
cost(15, 10, 546019).
cost(15, 11, 428073).
cost(15, 12, 550312).
cost(15, 13, 186651).
cost(15, 14, 469699).
cost(15, 16, 665257).
cost(15, 17, 709848).
cost(15, 18, 530516).
cost(15, 19, 643024).
cost(15, 20, 181428).
cost(15, 21, 364351).
cost(15, 22, 362791).
cost(15, 23, 345507).
cost(15, 24, 376404).
cost(15, 25, 584339).
cost(15, 26, 640839).
cost(15, 27, 434186).
cost(15, 28, 529119).
cost(16, 1, 209724).
cost(16, 2, 513612).
cost(16, 3, 28485).
cost(16, 4, 367155).
cost(16, 5, 335845).
cost(16, 6, 357337).
cost(16, 7, 75311).
cost(16, 8, 238554).
cost(16, 9, 388090).
cost(16, 10, 144475).
cost(16, 11, 252498).
cost(16, 12, 184415).
cost(16, 13, 549286).
cost(16, 14, 234920).
cost(16, 15, 665257).
cost(16, 17, 341875).
cost(16, 18, 209589).
cost(16, 19, 78675).
cost(16, 20, 496352).
cost(16, 21, 321545).
cost(16, 22, 387065).
cost(16, 23, 421721).
cost(16, 24, 396680).
cost(16, 25, 192228).
cost(16, 26, 390988).
cost(16, 27, 287487).
cost(16, 28, 137238).
cost(17, 1, 285140).
cost(17, 2, 544532).
cost(17, 3, 369921).
cost(17, 4, 588916).
cost(17, 5, 609446).
cost(17, 6, 565207).
cost(17, 7, 375779).
cost(17, 8, 535183).
cost(17, 9, 542763).
cost(17, 10, 421208).
cost(17, 11, 336701).
cost(17, 12, 227171).
cost(17, 13, 680869).
cost(17, 14, 477903).
cost(17, 15, 709848).
cost(17, 16, 341875).
cost(17, 18, 494299).
cost(17, 19, 265680).
cost(17, 20, 600687).
cost(17, 21, 500876).
cost(17, 22, 595902).
cost(17, 23, 626184).
cost(17, 24, 615658).
cost(17, 25, 188022).
cost(17, 26, 711469).
cost(17, 27, 520547).
cost(17, 28, 337384).
cost(18, 1, 238550).
cost(18, 2, 409818).
cost(18, 3, 190080).
cost(18, 4, 170308).
cost(18, 5, 126773).
cost(18, 6, 170297).
cost(18, 7, 137924).
cost(18, 8, 42631).
cost(18, 9, 230996).
cost(18, 10, 74553).
cost(18, 11, 229150).
cost(18, 12, 273287).
cost(18, 13, 379234).
cost(18, 14, 63656).
cost(18, 15, 530516).
cost(18, 16, 209589).
cost(18, 17, 494299).
cost(18, 19, 250975).
cost(18, 20, 349422).
cost(18, 21, 167108).
cost(18, 22, 194656).
cost(18, 23, 227542).
cost(18, 24, 198024).
cost(18, 25, 308001).
cost(18, 26, 223970).
cost(18, 27, 99108).
cost(18, 28, 158509).
cost(19, 1, 162130).
cost(19, 2, 483602).
cost(19, 3, 105462).
cost(19, 4, 388097).
cost(19, 5, 376408).
cost(19, 6, 372757).
cost(19, 7, 116734).
cost(19, 8, 287102).
cost(19, 9, 386724).
cost(19, 10, 177197).
cost(19, 11, 216361).
cost(19, 12, 118246).
cost(19, 13, 546967).
cost(19, 14, 257731).
cost(19, 15, 643024).
cost(19, 16, 78675).
cost(19, 17, 265680).
cost(19, 18, 250975).
cost(19, 20, 484635).
cost(19, 21, 324741).
cost(19, 22, 404051).
cost(19, 23, 438399).
cost(19, 24, 417660).
cost(19, 25, 116905).
cost(19, 26, 453701).
cost(19, 27, 309239).
cost(19, 28, 124507).
cost(20, 1, 341053).
cost(20, 2, 119573).
cost(20, 3, 492169).
cost(20, 4, 211833).
cost(20, 5, 313593).
cost(20, 6, 192830).
cost(20, 7, 427259).
cost(20, 8, 364905).
cost(20, 9, 118428).
cost(20, 10, 369189).
cost(20, 11, 280325).
cost(20, 12, 408029).
cost(20, 13, 84897).
cost(20, 14, 289384).
cost(20, 15, 181428).
cost(20, 16, 496352).
cost(20, 17, 600687).
cost(20, 18, 349422).
cost(20, 19, 484635).
cost(20, 21, 184365).
cost(20, 22, 186914).
cost(20, 23, 176585).
cost(20, 24, 203989).
cost(20, 25, 446624).
cost(20, 26, 469624).
cost(20, 27, 252758).
cost(20, 28, 364000).
cost(21, 1, 216043).
cost(21, 2, 246287).
cost(21, 3, 313680).
cost(21, 4, 96767).
cost(21, 5, 171351).
cost(21, 6, 68312).
cost(21, 7, 248835).
cost(21, 8, 188863).
cost(21, 9, 67841).
cost(21, 10, 186568).
cost(21, 11, 166923).
cost(21, 12, 279281).
cost(21, 13, 227890).
cost(21, 14, 105354).
cost(21, 15, 364351).
cost(21, 16, 321545).
cost(21, 17, 500876).
cost(21, 18, 167108).
cost(21, 19, 324741).
cost(21, 20, 184365).
cost(21, 22, 96434).
cost(21, 23, 125315).
cost(21, 24, 118435).
cost(21, 25, 320709).
cost(21, 26, 330305).
cost(21, 27, 78267).
cost(21, 28, 200260).
cost(22, 1, 310763).
cost(22, 2, 285657).
cost(22, 3, 373640).
cost(22, 4, 26934).
cost(22, 5, 127326).
cost(22, 6, 31629).
cost(22, 7, 311796).
cost(22, 8, 195526).
cost(22, 9, 92134).
cost(22, 10, 243196).
cost(22, 11, 263312).
cost(22, 12, 372045).
cost(22, 13, 191339).
cost(22, 14, 152239).
cost(22, 15, 362791).
cost(22, 16, 387065).
cost(22, 17, 595902).
cost(22, 18, 194656).
cost(22, 19, 404051).
cost(22, 20, 186914).
cost(22, 21, 96434).
cost(22, 23, 34693).
cost(22, 24, 24007).
cost(22, 25, 413338).
cost(22, 26, 283074).
cost(22, 27, 100127).
cost(22, 28, 282051).
cost(23, 1, 341251).
cost(23, 2, 284317).
cost(23, 3, 408128).
cost(23, 4, 57273).
cost(23, 5, 147745).
cost(23, 6, 65642).
cost(23, 7, 346442).
cost(23, 8, 225506).
cost(23, 9, 103359).
cost(23, 10, 277764).
cost(23, 11, 291567).
cost(23, 12, 403680).
cost(23, 13, 167000).
cost(23, 14, 186852).
cost(23, 15, 345507).
cost(23, 16, 421721).
cost(23, 17, 626184).
cost(23, 18, 227542).
cost(23, 19, 438399).
cost(23, 20, 176585).
cost(23, 21, 125315).
cost(23, 22, 34693).
cost(23, 24, 32916).
cost(23, 25, 445065).
cost(23, 26, 295570).
cost(23, 27, 134575).
cost(23, 28, 315994).
cost(24, 1, 330649).
cost(24, 2, 306602).
cost(24, 3, 381822).
cost(24, 4, 29684).
cost(24, 5, 115127).
cost(24, 6, 50753).
cost(24, 7, 321400).
cost(24, 8, 193665).
cost(24, 9, 115419).
cost(24, 10, 252236).
cost(24, 11, 284790).
cost(24, 12, 390746).
cost(24, 13, 199644).
cost(24, 14, 162185).
cost(24, 15, 376404).
cost(24, 16, 396680).
cost(24, 17, 615658).
cost(24, 18, 198024).
cost(24, 19, 417660).
cost(24, 20, 203989).
cost(24, 21, 118435).
cost(24, 22, 24007).
cost(24, 23, 32916).
cost(24, 25, 431884).
cost(24, 26, 265895).
cost(24, 27, 109513).
cost(24, 28, 297233).
cost(25, 1, 107556).
cost(25, 2, 418439).
cost(25, 3, 215887).
cost(25, 4, 404252).
cost(25, 5, 421438).
cost(25, 6, 382076).
cost(25, 7, 200989).
cost(25, 8, 349609).
cost(25, 9, 370188).
cost(25, 10, 236440).
cost(25, 11, 167049).
cost(25, 12, 41429).
cost(25, 13, 520285).
cost(25, 14, 289942).
cost(25, 15, 584339).
cost(25, 16, 192228).
cost(25, 17, 188022).
cost(25, 18, 308001).
cost(25, 19, 116905).
cost(25, 20, 446624).
cost(25, 21, 320709).
cost(25, 22, 413338).
cost(25, 23, 445065).
cost(25, 24, 431884).
cost(25, 26, 528476).
cost(25, 27, 333510).
cost(25, 28, 149933).
cost(26, 1, 462222).
cost(26, 2, 565525).
cost(26, 3, 363896).
cost(26, 4, 259705).
cost(26, 5, 160806).
cost(26, 6, 284042).
cost(26, 7, 337718).
cost(26, 8, 181338).
cost(26, 9, 367673).
cost(26, 10, 292124).
cost(26, 11, 446989).
cost(26, 12, 495792).
cost(26, 13, 458330).
cost(26, 14, 266080).
cost(26, 15, 640839).
cost(26, 16, 390988).
cost(26, 17, 711469).
cost(26, 18, 223970).
cost(26, 19, 453701).
cost(26, 20, 469624).
cost(26, 21, 330305).
cost(26, 22, 283074).
cost(26, 23, 295570).
cost(26, 24, 265895).
cost(26, 25, 528476).
cost(26, 27, 255962).
cost(26, 28, 380971).
cost(27, 1, 239757).
cost(27, 2, 324139).
cost(27, 3, 273553).
cost(27, 4, 79853).
cost(27, 5, 102896).
cost(27, 6, 72485).
cost(27, 7, 212175).
cost(27, 8, 112730).
cost(27, 9, 134851).
cost(27, 10, 143258).
cost(27, 11, 205909).
cost(27, 12, 293430).
cost(27, 13, 280187).
cost(27, 14, 52687).
cost(27, 15, 434186).
cost(27, 16, 287487).
cost(27, 17, 520547).
cost(27, 18, 99108).
cost(27, 19, 309239).
cost(27, 20, 252758).
cost(27, 21, 78267).
cost(27, 22, 100127).
cost(27, 23, 134575).
cost(27, 24, 109513).
cost(27, 25, 333510).
cost(27, 26, 255962).
cost(27, 28, 191537).
cost(28, 1, 93800).
cost(28, 2, 376378).
cost(28, 3, 141618).
cost(28, 4, 268063).
cost(28, 5, 272719).
cost(28, 6, 250500).
cost(28, 7, 86706).
cost(28, 8, 200584).
cost(28, 9, 262569).
cost(28, 10, 90025).
cost(28, 11, 119265).
cost(28, 12, 114906).
cost(28, 13, 423330).
cost(28, 14, 143438).
cost(28, 15, 529119).
cost(28, 16, 137238).
cost(28, 17, 337384).
cost(28, 18, 158509).
cost(28, 19, 124507).
cost(28, 20, 364000).
cost(28, 21, 200260).
cost(28, 22, 282051).
cost(28, 23, 315994).
cost(28, 24, 297233).
cost(28, 25, 149933).
cost(28, 26, 380971).
cost(28, 27, 191537).
nocross(2,6).
nocross(2,9).
nocross(2,11).
nocross(2,20).
nocross(2,21).
nocross(2,23).
nocross(3,7).
nocross(3,8).
nocross(3,10).
nocross(3,14).
nocross(3,18).
nocross(3,19).
nocross(3,28).
nocross(4,6).
nocross(4,11).
nocross(4,14).
nocross(5,8).
nocross(5,10).
nocross(5,14).
nocross(5,18).
nocross(5,26).
nocross(5,27).
nocross(6,9).
nocross(6,11).
nocross(6,13).
nocross(6,21).
nocross(7,3).
nocross(7,10).
nocross(7,14).
nocross(7,18).
nocross(7,19).
nocross(7,28).
nocross(9,11).
nocross(9,14).
nocross(9,21).
nocross(9,27).
nocross(10,3).
nocross(10,7).
nocross(10,14).
nocross(10,18).
nocross(10,28).
nocross(14,7).
nocross(14,10).
nocross(14,11).
nocross(14,18).
nocross(14,21).
nocross(14,25).
nocross(15,11).
nocross(15,13).
nocross(16,8).
nocross(16,11).
nocross(17,25).
nocross(18,3).
nocross(18,7).
nocross(18,10).
nocross(18,11).
nocross(18,14).
nocross(18,21).
nocross(18,27).
nocross(19,3).
nocross(19,7).
nocross(19,10).
nocross(19,11).
nocross(19,14).
nocross(19,28).
nocross(20,6).
nocross(20,9).
nocross(20,11).
nocross(20,15).
nocross(20,21).
nocross(20,23).
nocross(21,1).
nocross(21,6).
nocross(21,9).
nocross(21,11).
nocross(21,14).
nocross(21,27).
nocross(21,28).
nocross(22,1).
nocross(22,11).
nocross(22,13).
nocross(23,1).
nocross(23,9).
nocross(23,13).
nocross(23,24).
nocross(23,26).
nocross(24,12).
nocross(24,13).
nocross(24,18).
nocross(24,23).
nocross(24,26).
nocross(26,3).
nocross(26,5).
nocross(26,11).
nocross(26,13).
nocross(26,18).
nocross(27,9).
nocross(27,10).
nocross(27,11).
nocross(27,14).
nocross(27,18).
nocross(27,21).
nocross(27,28).
nocross(28,3).
nocross(28,7).
nocross(28,10).
nocross(28,14).
nocross(28,21).
