dimension(20).
point(1, 743835.0, 671467.0).
point(2, 663770.0, 985840.0).
point(3, 436997.0, 433418.0).
point(4, 600577.0, 261737.0).
point(5, 567884.0, 321694.0).
point(6, 358317.0, 480926.0).
point(7, 227928.0, 546842.0).
point(8, 554349.0, 586711.0).
point(9, 771639.0, 939185.0).
point(10, 150361.0, 901650.0).
point(11, 396502.0, 752878.0).
point(12, 107058.0, 14608.0).
point(13, 335754.0, 847162.0).
point(14, 946603.0, 712349.0).
point(15, 213479.0, 873778.0).
point(16, 573081.0, 902596.0).
point(17, 61618.0, 326016.0).
point(18, 942252.0, 247272.0).
point(19, 251623.0, 499241.0).
point(20, 418364.0, 95646.0).
cost(1, 2, 324408).
cost(1, 3, 388351).
cost(1, 4, 434052).
cost(1, 5, 391535).
cost(1, 6, 430035).
cost(1, 7, 530746).
cost(1, 8, 207578).
cost(1, 9, 269158).
cost(1, 10, 636550).
cost(1, 11, 356746).
cost(1, 12, 914849).
cost(1, 13, 444296).
cost(1, 14, 206848).
cost(1, 15, 567633).
cost(1, 16, 287363).
cost(1, 17, 764694).
cost(1, 18, 468306).
cost(1, 19, 521473).
cost(1, 20, 661439).
cost(2, 1, 324408).
cost(2, 3, 597157).
cost(2, 4, 726855).
cost(2, 5, 671032).
cost(2, 6, 590118).
cost(2, 7, 618609).
cost(2, 8, 413856).
cost(2, 9, 117526).
cost(2, 10, 520266).
cost(2, 11, 354547).
cost(2, 12, 1119473).
cost(2, 13, 356126).
cost(2, 14, 393436).
cost(2, 15, 464026).
cost(2, 16, 123102).
cost(2, 17, 893283).
cost(2, 18, 789326).
cost(2, 19, 637686).
cost(2, 20, 923401).
cost(3, 1, 388351).
cost(3, 2, 597157).
cost(3, 4, 237135).
cost(3, 5, 172086).
cost(3, 6, 91911).
cost(3, 7, 237855).
cost(3, 8, 193055).
cost(3, 9, 606453).
cost(3, 10, 549000).
cost(3, 11, 322016).
cost(3, 12, 533162).
cost(3, 13, 425951).
cost(3, 14, 580948).
cost(3, 15, 493839).
cost(3, 16, 488515).
cost(3, 17, 390442).
cost(3, 18, 538454).
cost(3, 19, 196713).
cost(3, 20, 338286).
cost(4, 1, 434052).
cost(4, 2, 726855).
cost(4, 3, 237135).
cost(4, 5, 68291).
cost(4, 6, 326701).
cost(4, 7, 469204).
cost(4, 8, 328246).
cost(4, 9, 698712).
cost(4, 10, 782421).
cost(4, 11, 531852).
cost(4, 12, 551936).
cost(4, 13, 642537).
cost(4, 14, 568142).
cost(4, 15, 724182).
cost(4, 16, 641449).
cost(4, 17, 542779).
cost(4, 18, 341981).
cost(4, 19, 422110).
cost(4, 20, 246552).
cost(5, 1, 391535).
cost(5, 2, 671032).
cost(5, 3, 172086).
cost(5, 4, 68291).
cost(5, 6, 263198).
cost(5, 7, 407752).
cost(5, 8, 265362).
cost(5, 9, 650239).
cost(5, 10, 714615).
cost(5, 11, 463995).
cost(5, 12, 553771).
cost(5, 13, 574457).
cost(5, 14, 544095).
cost(5, 15, 656049).
cost(5, 16, 580925).
cost(5, 17, 506284).
cost(5, 18, 381694).
cost(5, 19, 362690).
cost(5, 20, 271024).
cost(6, 1, 430035).
cost(6, 2, 590118).
cost(6, 3, 91911).
cost(6, 4, 326701).
cost(6, 5, 263198).
cost(6, 7, 146103).
cost(6, 8, 222753).
cost(6, 9, 617119).
cost(6, 10, 469313).
cost(6, 11, 274620).
cost(6, 12, 529701).
cost(6, 13, 366930).
cost(6, 14, 632169).
cost(6, 15, 418701).
cost(6, 16, 473212).
cost(6, 17, 334705).
cost(6, 18, 628947).
cost(6, 19, 108255).
cost(6, 20, 389931).
cost(7, 1, 530746).
cost(7, 2, 618609).
cost(7, 3, 237855).
cost(7, 4, 469204).
cost(7, 5, 407752).
cost(7, 6, 146103).
cost(7, 8, 328847).
cost(7, 9, 670488).
cost(7, 10, 363188).
cost(7, 11, 266210).
cost(7, 12, 545786).
cost(7, 13, 319090).
cost(7, 14, 737486).
cost(7, 15, 327255).
cost(7, 16, 495673).
cost(7, 17, 276447).
cost(7, 18, 774597).
cost(7, 19, 53172).
cost(7, 20, 489738).
cost(8, 1, 207578).
cost(8, 2, 413856).
cost(8, 3, 193055).
cost(8, 4, 328246).
cost(8, 5, 265362).
cost(8, 6, 222753).
cost(8, 7, 328847).
cost(8, 9, 414069).
cost(8, 10, 512243).
cost(8, 11, 229188).
cost(8, 12, 726203).
cost(8, 13, 340027).
cost(8, 14, 411884).
cost(8, 15, 445645).
cost(8, 16, 316440).
cost(8, 17, 557446).
cost(8, 18, 515449).
cost(8, 19, 315110).
cost(8, 20, 509546).
cost(9, 1, 269158).
cost(9, 2, 117526).
cost(9, 3, 606453).
cost(9, 4, 698712).
cost(9, 5, 650239).
cost(9, 6, 617119).
cost(9, 7, 670488).
cost(9, 8, 414069).
cost(9, 10, 622411).
cost(9, 11, 418853).
cost(9, 12, 1138644).
cost(9, 13, 445493).
cost(9, 14, 286473).
cost(9, 15, 561979).
cost(9, 16, 201901).
cost(9, 17, 938140).
cost(9, 18, 712638).
cost(9, 19, 681151).
cost(9, 20, 914528).
cost(10, 1, 636550).
cost(10, 2, 520266).
cost(10, 3, 549000).
cost(10, 4, 782421).
cost(10, 5, 714615).
cost(10, 6, 469313).
cost(10, 7, 363188).
cost(10, 8, 512243).
cost(10, 9, 622411).
cost(10, 11, 287608).
cost(10, 12, 888098).
cost(10, 13, 193234).
cost(10, 14, 818435).
cost(10, 15, 68998).
cost(10, 16, 422721).
cost(10, 17, 582434).
cost(10, 18, 1027279).
cost(10, 19, 414954).
cost(10, 20, 849393).
cost(11, 1, 356746).
cost(11, 2, 354547).
cost(11, 3, 322016).
cost(11, 4, 531852).
cost(11, 5, 463995).
cost(11, 6, 274620).
cost(11, 7, 266210).
cost(11, 8, 229188).
cost(11, 9, 418853).
cost(11, 10, 287608).
cost(11, 12, 792982).
cost(11, 13, 112160).
cost(11, 14, 551592).
cost(11, 15, 219350).
cost(11, 16, 231507).
cost(11, 17, 542548).
cost(11, 18, 743963).
cost(11, 19, 292099).
cost(11, 20, 657596).
cost(12, 1, 914849).
cost(12, 2, 1119473).
cost(12, 3, 533162).
cost(12, 4, 551936).
cost(12, 5, 553771).
cost(12, 6, 529701).
cost(12, 7, 545786).
cost(12, 8, 726203).
cost(12, 9, 1138644).
cost(12, 10, 888098).
cost(12, 11, 792982).
cost(12, 13, 863393).
cost(12, 14, 1091640).
cost(12, 15, 865736).
cost(12, 16, 1002846).
cost(12, 17, 314706).
cost(12, 18, 866996).
cost(12, 19, 505735).
cost(12, 20, 321681).
cost(13, 1, 444296).
cost(13, 2, 356126).
cost(13, 3, 425951).
cost(13, 4, 642537).
cost(13, 5, 574457).
cost(13, 6, 366930).
cost(13, 7, 319090).
cost(13, 8, 340027).
cost(13, 9, 445493).
cost(13, 10, 193234).
cost(13, 11, 112160).
cost(13, 12, 863393).
cost(13, 14, 625549).
cost(13, 15, 125138).
cost(13, 16, 243715).
cost(13, 17, 588849).
cost(13, 18, 853058).
cost(13, 19, 357948).
cost(13, 20, 756043).
cost(14, 1, 206848).
cost(14, 2, 393436).
cost(14, 3, 580948).
cost(14, 4, 568142).
cost(14, 5, 544095).
cost(14, 6, 632169).
cost(14, 7, 737486).
cost(14, 8, 411884).
cost(14, 9, 286473).
cost(14, 10, 818435).
cost(14, 11, 551592).
cost(14, 12, 1091640).
cost(14, 13, 625549).
cost(14, 15, 750686).
cost(14, 16, 419181).
cost(14, 17, 965635).
cost(14, 18, 465097).
cost(14, 19, 726920).
cost(14, 20, 812009).
cost(15, 1, 567633).
cost(15, 2, 464026).
cost(15, 3, 493839).
cost(15, 4, 724182).
cost(15, 5, 656049).
cost(15, 6, 418701).
cost(15, 7, 327255).
cost(15, 8, 445645).
cost(15, 9, 561979).
cost(15, 10, 68998).
cost(15, 11, 219350).
cost(15, 12, 865736).
cost(15, 13, 125138).
cost(15, 14, 750686).
cost(15, 16, 360755).
cost(15, 17, 568423).
cost(15, 18, 961051).
cost(15, 19, 376474).
cost(15, 20, 804654).
cost(16, 1, 287363).
cost(16, 2, 123102).
cost(16, 3, 488515).
cost(16, 4, 641449).
cost(16, 5, 580925).
cost(16, 6, 473212).
cost(16, 7, 495673).
cost(16, 8, 316440).
cost(16, 9, 201901).
cost(16, 10, 422721).
cost(16, 11, 231507).
cost(16, 12, 1002846).
cost(16, 13, 243715).
cost(16, 14, 419181).
cost(16, 15, 360755).
cost(16, 17, 770739).
cost(16, 18, 752155).
cost(16, 19, 515781).
cost(16, 20, 821648).
cost(17, 1, 764694).
cost(17, 2, 893283).
cost(17, 3, 390442).
cost(17, 4, 542779).
cost(17, 5, 506284).
cost(17, 6, 334705).
cost(17, 7, 276447).
cost(17, 8, 557446).
cost(17, 9, 938140).
cost(17, 10, 582434).
cost(17, 11, 542548).
cost(17, 12, 314706).
cost(17, 13, 588849).
cost(17, 14, 965635).
cost(17, 15, 568423).
cost(17, 16, 770739).
cost(17, 18, 884148).
cost(17, 19, 257116).
cost(17, 20, 424662).
cost(18, 1, 468306).
cost(18, 2, 789326).
cost(18, 3, 538454).
cost(18, 4, 341981).
cost(18, 5, 381694).
cost(18, 6, 628947).
cost(18, 7, 774597).
cost(18, 8, 515449).
cost(18, 9, 712638).
cost(18, 10, 1027279).
cost(18, 11, 743963).
cost(18, 12, 866996).
cost(18, 13, 853058).
cost(18, 14, 465097).
cost(18, 15, 961051).
cost(18, 16, 752155).
cost(18, 17, 884148).
cost(18, 19, 735158).
cost(18, 20, 545389).
cost(19, 1, 521473).
cost(19, 2, 637686).
cost(19, 3, 196713).
cost(19, 4, 422110).
cost(19, 5, 362690).
cost(19, 6, 108255).
cost(19, 7, 53172).
cost(19, 8, 315110).
cost(19, 9, 681151).
cost(19, 10, 414954).
cost(19, 11, 292099).
cost(19, 12, 505735).
cost(19, 13, 357948).
cost(19, 14, 726920).
cost(19, 15, 376474).
cost(19, 16, 515781).
cost(19, 17, 257116).
cost(19, 18, 735158).
cost(19, 20, 436682).
cost(20, 1, 661439).
cost(20, 2, 923401).
cost(20, 3, 338286).
cost(20, 4, 246552).
cost(20, 5, 271024).
cost(20, 6, 389931).
cost(20, 7, 489738).
cost(20, 8, 509546).
cost(20, 9, 914528).
cost(20, 10, 849393).
cost(20, 11, 657596).
cost(20, 12, 321681).
cost(20, 13, 756043).
cost(20, 14, 812009).
cost(20, 15, 804654).
cost(20, 16, 821648).
cost(20, 17, 424662).
cost(20, 18, 545389).
cost(20, 19, 436682).
