dimension(27).
point(1, -45310.0, -155448.0).
point(2, -169694.0, 48573.0).
point(3, 47799.0, 317208.0).
point(4, -271670.0, 123300.0).
point(5, -196326.0, -63354.0).
point(6, 19618.0, -72199.0).
point(7, 336778.0, -51471.0).
point(8, 415986.0, 73803.0).
point(9, 5036.0, -79932.0).
point(10, 165922.0, 120561.0).
point(11, -381131.0, 170685.0).
point(12, -172317.0, 49722.0).
point(13, -30906.0, -459123.0).
point(14, -138985.0, 139246.0).
point(15, -245219.0, -2949.0).
point(16, 105341.0, 21472.0).
point(17, -123076.0, -227523.0).
point(18, -182893.0, 33210.0).
point(19, 205203.0, 300157.0).
point(20, -467198.0, -4459.0).
point(21, 90537.0, -121425.0).
point(22, -517210.0, -189587.0).
point(23, 134349.0, 48134.0).
point(24, 374419.0, 647476.0).
point(25, -92756.0, -147861.0).
point(26, -214368.0, -72527.0).
point(27, 30481.0, -161574.0).
cost(1, 2, 238948).
cost(1, 3, 481740).
cost(1, 4, 359081).
cost(1, 5, 176882).
cost(1, 6, 105575).
cost(1, 7, 395983).
cost(1, 8, 515121).
cost(1, 9, 90760).
cost(1, 10, 347563).
cost(1, 11, 468122).
cost(1, 12, 241300).
cost(1, 13, 304016).
cost(1, 14, 309224).
cost(1, 15, 251435).
cost(1, 16, 232371).
cost(1, 17, 106030).
cost(1, 18, 233497).
cost(1, 19, 519935).
cost(1, 20, 448093).
cost(1, 21, 140043).
cost(1, 22, 473133).
cost(1, 23, 271520).
cost(1, 24, 906013).
cost(1, 25, 48049).
cost(1, 26, 188299).
cost(1, 27, 76038).
cost(2, 1, 238948).
cost(2, 3, 345641).
cost(2, 4, 126425).
cost(2, 5, 115052).
cost(2, 6, 224555).
cost(2, 7, 516258).
cost(2, 8, 586223).
cost(2, 9, 216897).
cost(2, 10, 343250).
cost(2, 11, 244166).
cost(2, 12, 2864).
cost(2, 13, 526324).
cost(2, 14, 95732).
cost(2, 15, 91425).
cost(2, 16, 276367).
cost(2, 17, 280004).
cost(2, 18, 20254).
cost(2, 19, 451489).
cost(2, 20, 302194).
cost(2, 21, 310837).
cost(2, 22, 421293).
cost(2, 23, 304043).
cost(2, 24, 809162).
cost(2, 25, 210964).
cost(2, 26, 129077).
cost(2, 27, 290227).
cost(3, 1, 481740).
cost(3, 2, 345641).
cost(3, 4, 373712).
cost(3, 5, 452133).
cost(3, 6, 390425).
cost(3, 7, 468437).
cost(3, 8, 441370).
cost(3, 9, 399436).
cost(3, 10, 229397).
cost(3, 11, 453266).
cost(3, 12, 346410).
cost(3, 13, 780310).
cost(3, 14, 257990).
cost(3, 15, 434005).
cost(3, 16, 301282).
cost(3, 17, 570903).
cost(3, 18, 365888).
cost(3, 19, 158325).
cost(3, 20, 607200).
cost(3, 21, 440710).
cost(3, 22, 758997).
cost(3, 23, 282651).
cost(3, 24, 464497).
cost(3, 25, 485845).
cost(3, 26, 469707).
cost(3, 27, 479095).
cost(4, 1, 359081).
cost(4, 2, 126425).
cost(4, 3, 373712).
cost(4, 5, 201287).
cost(4, 6, 350811).
cost(4, 7, 633051).
cost(4, 8, 689435).
cost(4, 9, 343321).
cost(4, 10, 437601).
cost(4, 11, 119277).
cost(4, 12, 123631).
cost(4, 13, 630225).
cost(4, 14, 133640).
cost(4, 15, 128990).
cost(4, 16, 390520).
cost(4, 17, 380995).
cost(4, 18, 126481).
cost(4, 19, 508612).
cost(4, 20, 233567).
cost(4, 21, 437132).
cost(4, 22, 397729).
cost(4, 23, 412918).
cost(4, 24, 831980).
cost(4, 25, 324867).
cost(4, 26, 204039).
cost(4, 27, 415269).
cost(5, 1, 176882).
cost(5, 2, 115052).
cost(5, 3, 452133).
cost(5, 4, 201287).
cost(5, 6, 216125).
cost(5, 7, 533236).
cost(5, 8, 627485).
cost(5, 9, 202043).
cost(5, 10, 406261).
cost(5, 11, 298207).
cost(5, 12, 115597).
cost(5, 13, 428949).
cost(5, 14, 210558).
cost(5, 15, 77713).
cost(5, 16, 313366).
cost(5, 17, 179769).
cost(5, 18, 97494).
cost(5, 19, 541633).
cost(5, 20, 277201).
cost(5, 21, 292682).
cost(5, 22, 344821).
cost(5, 23, 348964).
cost(5, 24, 911608).
cost(5, 25, 133672).
cost(5, 26, 20240).
cost(5, 27, 247161).
cost(6, 1, 105575).
cost(6, 2, 224555).
cost(6, 3, 390425).
cost(6, 4, 350811).
cost(6, 5, 216125).
cost(6, 7, 317837).
cost(6, 8, 422403).
cost(6, 9, 16506).
cost(6, 10, 241994).
cost(6, 11, 468607).
cost(6, 12, 227385).
cost(6, 13, 390209).
cost(6, 14, 264318).
cost(6, 15, 273741).
cost(6, 16, 126975).
cost(6, 17, 210920).
cost(6, 18, 228302).
cost(6, 19, 416042).
cost(6, 20, 491506).
cost(6, 21, 86329).
cost(6, 22, 549513).
cost(6, 23, 166263).
cost(6, 24, 802381).
cost(6, 25, 135472).
cost(6, 26, 233986).
cost(6, 27, 90033).
cost(7, 1, 395983).
cost(7, 2, 516258).
cost(7, 3, 468437).
cost(7, 4, 633051).
cost(7, 5, 533236).
cost(7, 6, 317837).
cost(7, 8, 148214).
cost(7, 9, 332961).
cost(7, 10, 242460).
cost(7, 11, 751496).
cost(7, 12, 519055).
cost(7, 13, 548973).
cost(7, 14, 512566).
cost(7, 15, 584016).
cost(7, 16, 242660).
cost(7, 17, 492402).
cost(7, 18, 526525).
cost(7, 19, 375439).
cost(7, 20, 805349).
cost(7, 21, 255985).
cost(7, 22, 865085).
cost(7, 23, 225607).
cost(7, 24, 699960).
cost(7, 25, 440216).
cost(7, 26, 551548).
cost(7, 27, 325485).
cost(8, 1, 515121).
cost(8, 2, 586223).
cost(8, 3, 441370).
cost(8, 4, 689435).
cost(8, 5, 627485).
cost(8, 6, 422403).
cost(8, 7, 148214).
cost(8, 9, 438765).
cost(8, 10, 254398).
cost(8, 11, 802983).
cost(8, 12, 588796).
cost(8, 13, 695502).
cost(8, 14, 558816).
cost(8, 15, 665645).
cost(8, 16, 315022).
cost(8, 17, 617564).
cost(8, 18, 600253).
cost(8, 19, 309299).
cost(8, 20, 886645).
cost(8, 21, 379514).
cost(8, 22, 969654).
cost(8, 23, 282804).
cost(8, 24, 575177).
cost(8, 25, 554935).
cost(8, 26, 647116).
cost(8, 27, 451682).
cost(9, 1, 90760).
cost(9, 2, 216897).
cost(9, 3, 399436).
cost(9, 4, 343321).
cost(9, 5, 202043).
cost(9, 6, 16506).
cost(9, 7, 332961).
cost(9, 8, 438765).
cost(9, 10, 257064).
cost(9, 11, 460363).
cost(9, 12, 219691).
cost(9, 13, 380891).
cost(9, 14, 262261).
cost(9, 15, 261828).
cost(9, 16, 142632).
cost(9, 17, 195437).
cost(9, 18, 219359).
cost(9, 19, 429575).
cost(9, 20, 478227).
cost(9, 21, 95037).
cost(9, 22, 533634).
cost(9, 23, 181997).
cost(9, 24, 815822).
cost(9, 25, 119070).
cost(9, 26, 219529).
cost(9, 27, 85515).
cost(10, 1, 347563).
cost(10, 2, 343250).
cost(10, 3, 229397).
cost(10, 4, 437601).
cost(10, 5, 406261).
cost(10, 6, 241994).
cost(10, 7, 242460).
cost(10, 8, 254398).
cost(10, 9, 257064).
cost(10, 11, 549345).
cost(10, 12, 345577).
cost(10, 13, 612189).
cost(10, 14, 305479).
cost(10, 15, 429292).
cost(10, 16, 116141).
cost(10, 17, 452418).
cost(10, 18, 359586).
cost(10, 19, 183842).
cost(10, 20, 645346).
cost(10, 21, 253456).
cost(10, 22, 750241).
cost(10, 23, 79010).
cost(10, 24, 566666).
cost(10, 25, 372780).
cost(10, 26, 426501).
cost(10, 27, 312961).
cost(11, 1, 468122).
cost(11, 2, 244166).
cost(11, 3, 453266).
cost(11, 4, 119277).
cost(11, 5, 298207).
cost(11, 6, 468607).
cost(11, 7, 751496).
cost(11, 8, 802983).
cost(11, 9, 460363).
cost(11, 10, 549345).
cost(11, 12, 241320).
cost(11, 13, 720636).
cost(11, 14, 244178).
cost(11, 15, 220501).
cost(11, 16, 508841).
cost(11, 17, 474512).
cost(11, 18, 241242).
cost(11, 19, 600459).
cost(11, 20, 195149).
cost(11, 21, 554796).
cost(11, 22, 385115).
cost(11, 23, 529848).
cost(11, 24, 893412).
cost(11, 25, 429688).
cost(11, 26, 294893).
cost(11, 27, 528981).
cost(12, 1, 241300).
cost(12, 2, 2864).
cost(12, 3, 346410).
cost(12, 4, 123631).
cost(12, 5, 115597).
cost(12, 6, 227385).
cost(12, 7, 519055).
cost(12, 8, 588796).
cost(12, 9, 219691).
cost(12, 10, 345577).
cost(12, 11, 241320).
cost(12, 13, 528129).
cost(12, 14, 95528).
cost(12, 15, 89939).
cost(12, 16, 279091).
cost(12, 17, 281584).
cost(12, 18, 19609).
cost(12, 19, 453033).
cost(12, 20, 299817).
cost(12, 21, 313661).
cost(12, 22, 419786).
cost(12, 23, 306670).
cost(12, 24, 810080).
cost(12, 25, 213000).
cost(12, 26, 129279).
cost(12, 27, 292870).
cost(13, 1, 304016).
cost(13, 2, 526324).
cost(13, 3, 780310).
cost(13, 4, 630225).
cost(13, 5, 428949).
cost(13, 6, 390209).
cost(13, 7, 548973).
cost(13, 8, 695502).
cost(13, 9, 380891).
cost(13, 10, 612189).
cost(13, 11, 720636).
cost(13, 12, 528129).
cost(13, 14, 608051).
cost(13, 15, 504009).
cost(13, 16, 499535).
cost(13, 17, 249267).
cost(13, 18, 515259).
cost(13, 19, 795144).
cost(13, 20, 630135).
cost(13, 21, 358871).
cost(13, 22, 556005).
cost(13, 23, 533497).
cost(13, 24, 1178495).
cost(13, 25, 317348).
cost(13, 26, 427919).
cost(13, 27, 303815).
cost(14, 1, 309224).
cost(14, 2, 95732).
cost(14, 3, 257990).
cost(14, 4, 133640).
cost(14, 5, 210558).
cost(14, 6, 264318).
cost(14, 7, 512566).
cost(14, 8, 558816).
cost(14, 9, 262261).
cost(14, 10, 305479).
cost(14, 11, 244178).
cost(14, 12, 95528).
cost(14, 13, 608051).
cost(14, 15, 177497).
cost(14, 16, 271230).
cost(14, 17, 367114).
cost(14, 18, 114767).
cost(14, 19, 379944).
cost(14, 20, 358294).
cost(14, 21, 347318).
cost(14, 22, 501184).
cost(14, 23, 288120).
cost(14, 24, 722414).
cost(14, 25, 290805).
cost(14, 26, 224790).
cost(14, 27, 345270).
cost(15, 1, 251435).
cost(15, 2, 91425).
cost(15, 3, 434005).
cost(15, 4, 128990).
cost(15, 5, 77713).
cost(15, 6, 273741).
cost(15, 7, 584016).
cost(15, 8, 665645).
cost(15, 9, 261828).
cost(15, 10, 429292).
cost(15, 11, 220501).
cost(15, 12, 89939).
cost(15, 13, 504009).
cost(15, 14, 177497).
cost(15, 16, 351410).
cost(15, 17, 255641).
cost(15, 18, 72056).
cost(15, 19, 542912).
cost(15, 20, 221984).
cost(15, 21, 356046).
cost(15, 22, 329868).
cost(15, 23, 382990).
cost(15, 24, 898334).
cost(15, 25, 210344).
cost(15, 26, 76111).
cost(15, 27, 318076).
cost(16, 1, 232371).
cost(16, 2, 276367).
cost(16, 3, 301282).
cost(16, 4, 390520).
cost(16, 5, 313366).
cost(16, 6, 126975).
cost(16, 7, 242660).
cost(16, 8, 315022).
cost(16, 9, 142632).
cost(16, 10, 116141).
cost(16, 11, 508841).
cost(16, 12, 279091).
cost(16, 13, 499535).
cost(16, 14, 271230).
cost(16, 15, 351410).
cost(16, 17, 337895).
cost(16, 18, 288473).
cost(16, 19, 296037).
cost(16, 20, 573126).
cost(16, 21, 143662).
cost(16, 22, 657355).
cost(16, 23, 39400).
cost(16, 24, 681384).
cost(16, 25, 260607).
cost(16, 26, 333241).
cost(16, 27, 197762).
cost(17, 1, 106030).
cost(17, 2, 280004).
cost(17, 3, 570903).
cost(17, 4, 380995).
cost(17, 5, 179769).
cost(17, 6, 210920).
cost(17, 7, 492402).
cost(17, 8, 617564).
cost(17, 9, 195437).
cost(17, 10, 452418).
cost(17, 11, 474512).
cost(17, 12, 281584).
cost(17, 13, 249267).
cost(17, 14, 367114).
cost(17, 15, 255641).
cost(17, 16, 337895).
cost(17, 18, 267507).
cost(17, 19, 621461).
cost(17, 20, 410095).
cost(17, 21, 238511).
cost(17, 22, 395955).
cost(17, 23, 377166).
cost(17, 24, 1006541).
cost(17, 25, 85237).
cost(17, 26, 179883).
cost(17, 27, 167120).
cost(18, 1, 233497).
cost(18, 2, 20254).
cost(18, 3, 365888).
cost(18, 4, 126481).
cost(18, 5, 97494).
cost(18, 6, 228302).
cost(18, 7, 526525).
cost(18, 8, 600253).
cost(18, 9, 219359).
cost(18, 10, 359586).
cost(18, 11, 241242).
cost(18, 12, 19609).
cost(18, 13, 515259).
cost(18, 14, 114767).
cost(18, 15, 72056).
cost(18, 16, 288473).
cost(18, 17, 267507).
cost(18, 19, 471041).
cost(18, 20, 286790).
cost(18, 21, 314127).
cost(18, 22, 401754).
cost(18, 23, 317593).
cost(18, 24, 829409).
cost(18, 25, 202266).
cost(18, 26, 110322).
cost(18, 27, 288910).
cost(19, 1, 519935).
cost(19, 2, 451489).
cost(19, 3, 158325).
cost(19, 4, 508612).
cost(19, 5, 541633).
cost(19, 6, 416042).
cost(19, 7, 375439).
cost(19, 8, 309299).
cost(19, 9, 429575).
cost(19, 10, 183842).
cost(19, 11, 600459).
cost(19, 12, 453033).
cost(19, 13, 795144).
cost(19, 14, 379944).
cost(19, 15, 542912).
cost(19, 16, 296037).
cost(19, 17, 621461).
cost(19, 18, 471041).
cost(19, 20, 738183).
cost(19, 21, 436898).
cost(19, 22, 872771).
cost(19, 23, 261794).
cost(19, 24, 386348).
cost(19, 25, 538052).
cost(19, 26, 561189).
cost(19, 27, 493683).
cost(20, 1, 448093).
cost(20, 2, 302194).
cost(20, 3, 607200).
cost(20, 4, 233567).
cost(20, 5, 277201).
cost(20, 6, 491506).
cost(20, 7, 805349).
cost(20, 8, 886645).
cost(20, 9, 478227).
cost(20, 10, 645346).
cost(20, 11, 195149).
cost(20, 12, 299817).
cost(20, 13, 630135).
cost(20, 14, 358294).
cost(20, 15, 221984).
cost(20, 16, 573126).
cost(20, 17, 410095).
cost(20, 18, 286790).
cost(20, 19, 738183).
cost(20, 21, 569868).
cost(20, 22, 191764).
cost(20, 23, 603842).
cost(20, 24, 1064584).
cost(20, 25, 400963).
cost(20, 26, 261833).
cost(20, 27, 521890).
cost(21, 1, 140043).
cost(21, 2, 310837).
cost(21, 3, 440710).
cost(21, 4, 437132).
cost(21, 5, 292682).
cost(21, 6, 86329).
cost(21, 7, 255985).
cost(21, 8, 379514).
cost(21, 9, 95037).
cost(21, 10, 253456).
cost(21, 11, 554796).
cost(21, 12, 313661).
cost(21, 13, 358871).
cost(21, 14, 347318).
cost(21, 15, 356046).
cost(21, 16, 143662).
cost(21, 17, 238511).
cost(21, 18, 314127).
cost(21, 19, 436898).
cost(21, 20, 569868).
cost(21, 22, 611557).
cost(21, 23, 175128).
cost(21, 24, 819633).
cost(21, 25, 185190).
cost(21, 26, 308801).
cost(21, 27, 72240).
cost(22, 1, 473133).
cost(22, 2, 421293).
cost(22, 3, 758997).
cost(22, 4, 397729).
cost(22, 5, 344821).
cost(22, 6, 549513).
cost(22, 7, 865085).
cost(22, 8, 969654).
cost(22, 9, 533634).
cost(22, 10, 750241).
cost(22, 11, 385115).
cost(22, 12, 419786).
cost(22, 13, 556005).
cost(22, 14, 501184).
cost(22, 15, 329868).
cost(22, 16, 657355).
cost(22, 17, 395955).
cost(22, 18, 401754).
cost(22, 19, 872771).
cost(22, 20, 191764).
cost(22, 21, 611557).
cost(22, 23, 693571).
cost(22, 24, 1222979).
cost(22, 25, 426500).
cost(22, 26, 324679).
cost(22, 27, 548407).
cost(23, 1, 271520).
cost(23, 2, 304043).
cost(23, 3, 282651).
cost(23, 4, 412918).
cost(23, 5, 348964).
cost(23, 6, 166263).
cost(23, 7, 225607).
cost(23, 8, 282804).
cost(23, 9, 181997).
cost(23, 10, 79010).
cost(23, 11, 529848).
cost(23, 12, 306670).
cost(23, 13, 533497).
cost(23, 14, 288120).
cost(23, 15, 382990).
cost(23, 16, 39400).
cost(23, 17, 377166).
cost(23, 18, 317593).
cost(23, 19, 261794).
cost(23, 20, 603842).
cost(23, 21, 175128).
cost(23, 22, 693571).
cost(23, 24, 645635).
cost(23, 25, 299985).
cost(23, 26, 369002).
cost(23, 27, 234021).
cost(24, 1, 906013).
cost(24, 2, 809162).
cost(24, 3, 464497).
cost(24, 4, 831980).
cost(24, 5, 911608).
cost(24, 6, 802381).
cost(24, 7, 699960).
cost(24, 8, 575177).
cost(24, 9, 815822).
cost(24, 10, 566666).
cost(24, 11, 893412).
cost(24, 12, 810080).
cost(24, 13, 1178495).
cost(24, 14, 722414).
cost(24, 15, 898334).
cost(24, 16, 681384).
cost(24, 17, 1006541).
cost(24, 18, 829409).
cost(24, 19, 386348).
cost(24, 20, 1064584).
cost(24, 21, 819633).
cost(24, 22, 1222979).
cost(24, 23, 645635).
cost(24, 25, 922395).
cost(24, 26, 930094).
cost(24, 27, 879122).
cost(25, 1, 48049).
cost(25, 2, 210964).
cost(25, 3, 485845).
cost(25, 4, 324867).
cost(25, 5, 133672).
cost(25, 6, 135472).
cost(25, 7, 440216).
cost(25, 8, 554935).
cost(25, 9, 119070).
cost(25, 10, 372780).
cost(25, 11, 429688).
cost(25, 12, 213000).
cost(25, 13, 317348).
cost(25, 14, 290805).
cost(25, 15, 210344).
cost(25, 16, 260607).
cost(25, 17, 85237).
cost(25, 18, 202266).
cost(25, 19, 538052).
cost(25, 20, 400963).
cost(25, 21, 185190).
cost(25, 22, 426500).
cost(25, 23, 299985).
cost(25, 24, 922395).
cost(25, 26, 143055).
cost(25, 27, 123998).
cost(26, 1, 188299).
cost(26, 2, 129077).
cost(26, 3, 469707).
cost(26, 4, 204039).
cost(26, 5, 20240).
cost(26, 6, 233986).
cost(26, 7, 551548).
cost(26, 8, 647116).
cost(26, 9, 219529).
cost(26, 10, 426501).
cost(26, 11, 294893).
cost(26, 12, 129279).
cost(26, 13, 427919).
cost(26, 14, 224790).
cost(26, 15, 76111).
cost(26, 16, 333241).
cost(26, 17, 179883).
cost(26, 18, 110322).
cost(26, 19, 561189).
cost(26, 20, 261833).
cost(26, 21, 308801).
cost(26, 22, 324679).
cost(26, 23, 369002).
cost(26, 24, 930094).
cost(26, 25, 143055).
cost(26, 27, 260539).
cost(27, 1, 76038).
cost(27, 2, 290227).
cost(27, 3, 479095).
cost(27, 4, 415269).
cost(27, 5, 247161).
cost(27, 6, 90033).
cost(27, 7, 325485).
cost(27, 8, 451682).
cost(27, 9, 85515).
cost(27, 10, 312961).
cost(27, 11, 528981).
cost(27, 12, 292870).
cost(27, 13, 303815).
cost(27, 14, 345270).
cost(27, 15, 318076).
cost(27, 16, 197762).
cost(27, 17, 167120).
cost(27, 18, 288910).
cost(27, 19, 493683).
cost(27, 20, 521890).
cost(27, 21, 72240).
cost(27, 22, 548407).
cost(27, 23, 234021).
cost(27, 24, 879122).
cost(27, 25, 123998).
cost(27, 26, 260539).
nocross(1,2).
nocross(1,5).
nocross(1,6).
nocross(1,9).
nocross(1,17).
nocross(1,19).
nocross(1,21).
nocross(1,25).
nocross(1,26).
nocross(1,27).
nocross(2,1).
nocross(2,5).
nocross(2,12).
nocross(2,14).
nocross(2,15).
nocross(2,19).
nocross(3,2).
nocross(3,5).
nocross(3,10).
nocross(3,14).
nocross(3,19).
nocross(4,2).
nocross(4,5).
nocross(4,12).
nocross(4,14).
nocross(4,15).
nocross(4,18).
nocross(4,20).
nocross(4,26).
nocross(5,1).
nocross(5,2).
nocross(5,15).
nocross(5,18).
nocross(5,26).
nocross(6,1).
nocross(6,2).
nocross(6,5).
nocross(6,17).
nocross(6,19).
nocross(6,21).
nocross(7,1).
nocross(7,2).
nocross(7,5).
nocross(7,6).
nocross(7,9).
nocross(7,16).
nocross(7,19).
nocross(7,21).
nocross(7,23).
nocross(9,1).
nocross(9,2).
nocross(9,5).
nocross(9,12).
nocross(9,19).
nocross(9,21).
nocross(9,26).
nocross(9,27).
nocross(10,3).
nocross(10,5).
nocross(10,16).
nocross(10,21).
nocross(12,1).
nocross(12,2).
nocross(12,5).
nocross(12,14).
nocross(12,18).
nocross(12,19).
nocross(12,20).
nocross(13,1).
nocross(13,17).
nocross(13,25).
nocross(13,26).
nocross(13,27).
nocross(14,1).
nocross(14,2).
nocross(14,3).
nocross(14,12).
nocross(14,20).
nocross(15,1).
nocross(15,5).
nocross(15,12).
nocross(15,14).
nocross(15,16).
nocross(15,18).
nocross(15,20).
nocross(15,26).
nocross(17,1).
nocross(17,2).
nocross(17,5).
nocross(17,20).
nocross(17,25).
nocross(17,26).
nocross(17,27).
nocross(18,1).
nocross(18,2).
nocross(18,5).
nocross(18,12).
nocross(18,26).
nocross(19,2).
nocross(19,3).
nocross(19,5).
nocross(19,7).
nocross(19,10).
nocross(19,16).
nocross(19,21).
nocross(20,1).
nocross(20,5).
nocross(20,12).
nocross(20,14).
nocross(20,15).
nocross(20,17).
nocross(20,18).
nocross(20,26).
nocross(21,1).
nocross(21,2).
nocross(21,5).
nocross(21,6).
nocross(21,7).
nocross(21,9).
nocross(21,23).
nocross(21,27).
nocross(23,10).
nocross(23,21).
nocross(25,1).
nocross(25,2).
nocross(25,5).
nocross(25,17).
nocross(25,26).
nocross(26,1).
nocross(26,2).
nocross(26,5).
nocross(26,15).
nocross(26,17).
nocross(26,18).
nocross(26,20).
nocross(27,1).
nocross(27,2).
nocross(27,5).
nocross(27,6).
nocross(27,9).
nocross(27,13).
nocross(27,16).
nocross(27,17).
nocross(27,21).
nocross(27,25).
nocross(27,26).
