dimension(27).
point(1, 279555.0, -79451.0).
point(2, -110249.0, -21064.0).
point(3, -528798.0, 217317.0).
point(4, 159592.0, 35286.0).
point(5, 96885.0, 379219.0).
point(6, -89517.0, -232661.0).
point(7, 3870.0, 9084.0).
point(8, -54887.0, -741697.0).
point(9, 96527.0, 197092.0).
point(10, 121170.0, -108945.0).
point(11, -121800.0, 25954.0).
point(12, 79032.0, -138400.0).
point(13, -203321.0, -114337.0).
point(14, -140917.0, 78682.0).
point(15, 398275.0, -369916.0).
point(16, 109648.0, -161179.0).
point(17, 169216.0, 160508.0).
point(18, 66701.0, 136542.0).
point(19, -89303.0, -210851.0).
point(20, 122666.0, -179584.0).
point(21, -108069.0, 191574.0).
point(22, -137348.0, -413680.0).
point(23, -165738.0, -63366.0).
point(24, -13354.0, -205365.0).
point(25, 80769.0, -98811.0).
point(26, 454595.0, -269271.0).
point(27, -408857.0, 40082.0).
cost(1, 2, 394153).
cost(1, 3, 861107).
cost(1, 4, 165999).
cost(1, 5, 493707).
cost(1, 6, 399609).
cost(1, 7, 289553).
cost(1, 8, 741904).
cost(1, 9, 331625).
cost(1, 10, 161108).
cost(1, 11, 414965).
cost(1, 12, 209008).
cost(1, 13, 484135).
cost(1, 14, 449225).
cost(1, 15, 313790).
cost(1, 16, 188541).
cost(1, 17, 264112).
cost(1, 18, 303249).
cost(1, 19, 391564).
cost(1, 20, 186120).
cost(1, 21, 472977).
cost(1, 22, 534338).
cost(1, 23, 445583).
cost(1, 24, 318826).
cost(1, 25, 199727).
cost(1, 26, 258207).
cost(1, 27, 698713).
cost(2, 1, 394153).
cost(2, 3, 481673).
cost(2, 4, 275662).
cost(2, 5, 450701).
cost(2, 6, 212610).
cost(2, 7, 118034).
cost(2, 8, 722756).
cost(2, 9, 300580).
cost(2, 10, 247544).
cost(2, 11, 48416).
cost(2, 12, 222699).
cost(2, 13, 131766).
cost(2, 14, 104354).
cost(2, 15, 616680).
cost(2, 16, 260743).
cost(2, 17, 333270).
cost(2, 18, 236962).
cost(2, 19, 190939).
cost(2, 20, 281741).
cost(2, 21, 212649).
cost(2, 22, 393550).
cost(2, 23, 69775).
cost(2, 24, 208220).
cost(2, 25, 206234).
cost(2, 26, 616973).
cost(2, 27, 304804).
cost(3, 1, 861107).
cost(3, 2, 481673).
cost(3, 4, 712051).
cost(3, 5, 646291).
cost(3, 6, 628847).
cost(3, 7, 571923).
cost(3, 8, 1069719).
cost(3, 9, 625652).
cost(3, 10, 727259).
cost(3, 11, 449741).
cost(3, 12, 704267).
cost(3, 13, 464682).
cost(3, 14, 411912).
cost(3, 15, 1097409).
cost(3, 16, 742208).
cost(3, 17, 700322).
cost(3, 18, 600952).
cost(3, 19, 613583).
cost(3, 20, 762847).
cost(3, 21, 421516).
cost(3, 22, 742557).
cost(3, 23, 458907).
cost(3, 24, 666590).
cost(3, 25, 686665).
cost(3, 26, 1097192).
cost(3, 27, 214005).
cost(4, 1, 165999).
cost(4, 2, 275662).
cost(4, 3, 712051).
cost(4, 5, 349603).
cost(4, 6, 365856).
cost(4, 7, 157911).
cost(4, 8, 806042).
cost(4, 9, 173662).
cost(4, 10, 149261).
cost(4, 11, 281547).
cost(4, 12, 191460).
cost(4, 13, 392547).
cost(4, 14, 303626).
cost(4, 15, 470275).
cost(4, 16, 202714).
cost(4, 17, 125591).
cost(4, 18, 137410).
cost(4, 19, 350046).
cost(4, 20, 218020).
cost(4, 21, 309949).
cost(4, 22, 538279).
cost(4, 23, 339959).
cost(4, 24, 296350).
cost(4, 25, 155548).
cost(4, 26, 424007).
cost(4, 27, 568469).
cost(5, 1, 493707).
cost(5, 2, 450701).
cost(5, 3, 646291).
cost(5, 4, 349603).
cost(5, 6, 639643).
cost(5, 7, 381643).
cost(5, 8, 1131144).
cost(5, 9, 182127).
cost(5, 10, 488768).
cost(5, 11, 415475).
cost(5, 12, 517927).
cost(5, 13, 577686).
cost(5, 14, 383239).
cost(5, 15, 807489).
cost(5, 16, 540549).
cost(5, 17, 230361).
cost(5, 18, 244547).
cost(5, 19, 618748).
cost(5, 20, 559397).
cost(5, 21, 277879).
cost(5, 22, 826773).
cost(5, 23, 514638).
cost(5, 24, 594887).
cost(5, 25, 478302).
cost(5, 26, 740605).
cost(5, 27, 608924).
cost(6, 1, 399609).
cost(6, 2, 212610).
cost(6, 3, 628847).
cost(6, 4, 365856).
cost(6, 5, 639643).
cost(6, 7, 259156).
cost(6, 8, 510213).
cost(6, 9, 468295).
cost(6, 10, 244325).
cost(6, 11, 260622).
cost(6, 12, 193116).
cost(6, 13, 164170).
cost(6, 14, 315557).
cost(6, 15, 506735).
cost(6, 16, 211604).
cost(6, 17, 470664).
cost(6, 18, 400893).
cost(6, 19, 21811).
cost(6, 20, 218721).
cost(6, 21, 424640).
cost(6, 22, 187232).
cost(6, 23, 185662).
cost(6, 24, 80907).
cost(6, 25, 216594).
cost(6, 26, 545342).
cost(6, 27, 419960).
cost(7, 1, 289553).
cost(7, 2, 118034).
cost(7, 3, 571923).
cost(7, 4, 157911).
cost(7, 5, 381643).
cost(7, 6, 259156).
cost(7, 8, 753077).
cost(7, 9, 209600).
cost(7, 10, 166404).
cost(7, 11, 126797).
cost(7, 12, 165532).
cost(7, 13, 241166).
cost(7, 14, 160646).
cost(7, 15, 546988).
cost(7, 16, 200446).
cost(7, 17, 224206).
cost(7, 18, 142103).
cost(7, 19, 238857).
cost(7, 20, 222953).
cost(7, 21, 214086).
cost(7, 22, 445726).
cost(7, 23, 184434).
cost(7, 24, 215140).
cost(7, 25, 132494).
cost(7, 26, 529749).
cost(7, 27, 413889).
cost(8, 1, 741904).
cost(8, 2, 722756).
cost(8, 3, 1069719).
cost(8, 4, 806042).
cost(8, 5, 1131144).
cost(8, 6, 510213).
cost(8, 7, 753077).
cost(8, 9, 950921).
cost(8, 10, 656789).
cost(8, 11, 770562).
cost(8, 12, 617982).
cost(8, 13, 644681).
cost(8, 14, 824877).
cost(8, 15, 586154).
cost(8, 16, 603385).
cost(8, 17, 929621).
cost(8, 18, 886616).
cost(8, 19, 531960).
cost(8, 20, 589488).
cost(8, 21, 934785).
cost(8, 22, 338223).
cost(8, 23, 687329).
cost(8, 24, 537938).
cost(8, 25, 657043).
cost(8, 26, 694808).
cost(8, 27, 858180).
cost(9, 1, 331625).
cost(9, 2, 300580).
cost(9, 3, 625652).
cost(9, 4, 173662).
cost(9, 5, 182127).
cost(9, 6, 468295).
cost(9, 7, 209600).
cost(9, 8, 950921).
cost(9, 10, 307028).
cost(9, 11, 277407).
cost(9, 12, 335948).
cost(9, 13, 432316).
cost(9, 14, 265331).
cost(9, 15, 642300).
cost(9, 16, 358511).
cost(9, 17, 81376).
cost(9, 18, 67497).
cost(9, 19, 448275).
cost(9, 20, 377582).
cost(9, 21, 204670).
cost(9, 22, 654018).
cost(9, 23, 369623).
cost(9, 24, 417188).
cost(9, 25, 296322).
cost(9, 26, 587969).
cost(9, 27, 529212).
cost(10, 1, 161108).
cost(10, 2, 247544).
cost(10, 3, 727259).
cost(10, 4, 149261).
cost(10, 5, 488768).
cost(10, 6, 244325).
cost(10, 7, 166404).
cost(10, 8, 656789).
cost(10, 9, 307028).
cost(10, 11, 277907).
cost(10, 12, 51412).
cost(10, 13, 324536).
cost(10, 14, 322325).
cost(10, 15, 380648).
cost(10, 16, 53490).
cost(10, 17, 273703).
cost(10, 18, 251457).
cost(10, 19, 233845).
cost(10, 20, 70655).
cost(10, 21, 377971).
cost(10, 22, 399619).
cost(10, 23, 290506).
cost(10, 24, 165510).
cost(10, 25, 41653).
cost(10, 26, 369968).
cost(10, 27, 550579).
cost(11, 1, 414965).
cost(11, 2, 48416).
cost(11, 3, 449741).
cost(11, 4, 281547).
cost(11, 5, 415475).
cost(11, 6, 260622).
cost(11, 7, 126797).
cost(11, 8, 770562).
cost(11, 9, 277407).
cost(11, 10, 277907).
cost(11, 12, 259511).
cost(11, 13, 162257).
cost(11, 14, 56087).
cost(11, 15, 653599).
cost(11, 16, 297636).
cost(11, 17, 320617).
cost(11, 18, 218546).
cost(11, 19, 239024).
cost(11, 20, 319389).
cost(11, 21, 166188).
cost(11, 22, 439909).
cost(11, 23, 99542).
cost(11, 24, 255478).
cost(11, 25, 237909).
cost(11, 26, 647602).
cost(11, 27, 287404).
cost(12, 1, 209008).
cost(12, 2, 222699).
cost(12, 3, 704267).
cost(12, 4, 191460).
cost(12, 5, 517927).
cost(12, 6, 193116).
cost(12, 7, 165532).
cost(12, 8, 617982).
cost(12, 9, 335948).
cost(12, 10, 51412).
cost(12, 11, 259511).
cost(12, 13, 283377).
cost(12, 14, 309034).
cost(12, 15, 394355).
cost(12, 16, 38160).
cost(12, 17, 312217).
cost(12, 18, 275218).
cost(12, 19, 183264).
cost(12, 20, 60000).
cost(12, 21, 379328).
cost(12, 22, 350142).
cost(12, 23, 256013).
cost(12, 24, 114103).
cost(12, 25, 39627).
cost(12, 26, 397712).
cost(12, 27, 519511).
cost(13, 1, 484135).
cost(13, 2, 131766).
cost(13, 3, 464682).
cost(13, 4, 392547).
cost(13, 5, 577686).
cost(13, 6, 164170).
cost(13, 7, 241166).
cost(13, 8, 644681).
cost(13, 9, 432316).
cost(13, 10, 324536).
cost(13, 11, 162257).
cost(13, 12, 283377).
cost(13, 14, 202856).
cost(13, 15, 653635).
cost(13, 16, 316455).
cost(13, 17, 462951).
cost(13, 18, 368581).
cost(13, 19, 149382).
cost(13, 20, 332453).
cost(13, 21, 320397).
cost(13, 22, 306527).
cost(13, 23, 63329).
cost(13, 24, 210650).
cost(13, 25, 284514).
cost(13, 26, 675913).
cost(13, 27, 257080).
cost(14, 1, 449225).
cost(14, 2, 104354).
cost(14, 3, 411912).
cost(14, 4, 303626).
cost(14, 5, 383239).
cost(14, 6, 315557).
cost(14, 7, 160646).
cost(14, 8, 824877).
cost(14, 9, 265331).
cost(14, 10, 322325).
cost(14, 11, 56087).
cost(14, 12, 309034).
cost(14, 13, 202856).
cost(14, 15, 701404).
cost(14, 16, 346866).
cost(14, 17, 320746).
cost(14, 18, 215530).
cost(14, 19, 294098).
cost(14, 20, 369022).
cost(14, 21, 117574).
cost(14, 22, 492375).
cost(14, 23, 144200).
cost(14, 24, 311376).
cost(14, 25, 283987).
cost(14, 26, 689714).
cost(14, 27, 270706).
cost(15, 1, 313790).
cost(15, 2, 616680).
cost(15, 3, 1097409).
cost(15, 4, 470275).
cost(15, 5, 807489).
cost(15, 6, 506735).
cost(15, 7, 546988).
cost(15, 8, 586154).
cost(15, 9, 642300).
cost(15, 10, 380648).
cost(15, 11, 653599).
cost(15, 12, 394355).
cost(15, 13, 653635).
cost(15, 14, 701404).
cost(15, 16, 356198).
cost(15, 17, 577770).
cost(15, 18, 605344).
cost(15, 19, 512868).
cost(15, 20, 334943).
cost(15, 21, 756079).
cost(15, 22, 537408).
cost(15, 23, 641937).
cost(15, 24, 443301).
cost(15, 25, 417502).
cost(15, 26, 115332).
cost(15, 27, 905296).
cost(16, 1, 188541).
cost(16, 2, 260743).
cost(16, 3, 742208).
cost(16, 4, 202714).
cost(16, 5, 540549).
cost(16, 6, 211604).
cost(16, 7, 200446).
cost(16, 8, 603385).
cost(16, 9, 358511).
cost(16, 10, 53490).
cost(16, 11, 297636).
cost(16, 12, 38160).
cost(16, 13, 316455).
cost(16, 14, 346866).
cost(16, 15, 356198).
cost(16, 17, 327156).
cost(16, 18, 300803).
cost(16, 19, 205058).
cost(16, 20, 22544).
cost(16, 21, 414530).
cost(16, 22, 353219).
cost(16, 23, 292241).
cost(16, 24, 130698).
cost(16, 25, 68730).
cost(16, 26, 361486).
cost(16, 27, 556195).
cost(17, 1, 264112).
cost(17, 2, 333270).
cost(17, 3, 700322).
cost(17, 4, 125591).
cost(17, 5, 230361).
cost(17, 6, 470664).
cost(17, 7, 224206).
cost(17, 8, 929621).
cost(17, 9, 81376).
cost(17, 10, 273703).
cost(17, 11, 320617).
cost(17, 12, 312217).
cost(17, 13, 462951).
cost(17, 14, 320746).
cost(17, 15, 577770).
cost(17, 16, 327156).
cost(17, 18, 105279).
cost(17, 19, 452482).
cost(17, 20, 343263).
cost(17, 21, 279020).
cost(17, 22, 650902).
cost(17, 23, 402882).
cost(17, 24, 408895).
cost(17, 25, 273988).
cost(17, 26, 515898).
cost(17, 27, 590484).
cost(18, 1, 303249).
cost(18, 2, 236962).
cost(18, 3, 600952).
cost(18, 4, 137410).
cost(18, 5, 244547).
cost(18, 6, 400893).
cost(18, 7, 142103).
cost(18, 8, 886616).
cost(18, 9, 67497).
cost(18, 10, 251457).
cost(18, 11, 218546).
cost(18, 12, 275218).
cost(18, 13, 368581).
cost(18, 14, 215530).
cost(18, 15, 605344).
cost(18, 16, 300803).
cost(18, 17, 105279).
cost(18, 19, 380814).
cost(18, 20, 321042).
cost(18, 21, 183230).
cost(18, 22, 586839).
cost(18, 23, 306580).
cost(18, 24, 351154).
cost(18, 25, 235773).
cost(18, 26, 561379).
cost(18, 27, 485242).
cost(19, 1, 391564).
cost(19, 2, 190939).
cost(19, 3, 613583).
cost(19, 4, 350046).
cost(19, 5, 618748).
cost(19, 6, 21811).
cost(19, 7, 238857).
cost(19, 8, 531960).
cost(19, 9, 448275).
cost(19, 10, 233845).
cost(19, 11, 239024).
cost(19, 12, 183264).
cost(19, 13, 149382).
cost(19, 14, 294098).
cost(19, 15, 512868).
cost(19, 16, 205058).
cost(19, 17, 452482).
cost(19, 18, 380814).
cost(19, 20, 214263).
cost(19, 21, 402862).
cost(19, 22, 208442).
cost(19, 23, 166115).
cost(19, 24, 76147).
cost(19, 25, 203660).
cost(19, 26, 547026).
cost(19, 27, 406303).
cost(20, 1, 186120).
cost(20, 2, 281741).
cost(20, 3, 762847).
cost(20, 4, 218020).
cost(20, 5, 559397).
cost(20, 6, 218721).
cost(20, 7, 222953).
cost(20, 8, 589488).
cost(20, 9, 377582).
cost(20, 10, 70655).
cost(20, 11, 319389).
cost(20, 12, 60000).
cost(20, 13, 332453).
cost(20, 14, 369022).
cost(20, 15, 334943).
cost(20, 16, 22544).
cost(20, 17, 343263).
cost(20, 18, 321042).
cost(20, 19, 214263).
cost(20, 21, 437032).
cost(20, 22, 349869).
cost(20, 23, 310940).
cost(20, 24, 138442).
cost(20, 25, 90993).
cost(20, 26, 343832).
cost(20, 27, 575126).
cost(21, 1, 472977).
cost(21, 2, 212649).
cost(21, 3, 421516).
cost(21, 4, 309949).
cost(21, 5, 277879).
cost(21, 6, 424640).
cost(21, 7, 214086).
cost(21, 8, 934785).
cost(21, 9, 204670).
cost(21, 10, 377971).
cost(21, 11, 166188).
cost(21, 12, 379328).
cost(21, 13, 320397).
cost(21, 14, 117574).
cost(21, 15, 756079).
cost(21, 16, 414530).
cost(21, 17, 279020).
cost(21, 18, 183230).
cost(21, 19, 402862).
cost(21, 20, 437032).
cost(21, 22, 605962).
cost(21, 23, 261381).
cost(21, 24, 408083).
cost(21, 25, 346386).
cost(21, 26, 727302).
cost(21, 27, 336784).
cost(22, 1, 534338).
cost(22, 2, 393550).
cost(22, 3, 742557).
cost(22, 4, 538279).
cost(22, 5, 826773).
cost(22, 6, 187232).
cost(22, 7, 445726).
cost(22, 8, 338223).
cost(22, 9, 654018).
cost(22, 10, 399619).
cost(22, 11, 439909).
cost(22, 12, 350142).
cost(22, 13, 306527).
cost(22, 14, 492375).
cost(22, 15, 537408).
cost(22, 16, 353219).
cost(22, 17, 650902).
cost(22, 18, 586839).
cost(22, 19, 208442).
cost(22, 20, 349869).
cost(22, 21, 605962).
cost(22, 23, 351463).
cost(22, 24, 242425).
cost(22, 25, 383037).
cost(22, 26, 609303).
cost(22, 27, 528788).
cost(23, 1, 445583).
cost(23, 2, 69775).
cost(23, 3, 458907).
cost(23, 4, 339959).
cost(23, 5, 514638).
cost(23, 6, 185662).
cost(23, 7, 184434).
cost(23, 8, 687329).
cost(23, 9, 369623).
cost(23, 10, 290506).
cost(23, 11, 99542).
cost(23, 12, 256013).
cost(23, 13, 63329).
cost(23, 14, 144200).
cost(23, 15, 641937).
cost(23, 16, 292241).
cost(23, 17, 402882).
cost(23, 18, 306580).
cost(23, 19, 166115).
cost(23, 20, 310940).
cost(23, 21, 261381).
cost(23, 22, 351463).
cost(23, 24, 208290).
cost(23, 25, 249042).
cost(23, 26, 653613).
cost(23, 27, 264213).
cost(24, 1, 318826).
cost(24, 2, 208220).
cost(24, 3, 666590).
cost(24, 4, 296350).
cost(24, 5, 594887).
cost(24, 6, 80907).
cost(24, 7, 215140).
cost(24, 8, 537938).
cost(24, 9, 417188).
cost(24, 10, 165510).
cost(24, 11, 255478).
cost(24, 12, 114103).
cost(24, 13, 210650).
cost(24, 14, 311376).
cost(24, 15, 443301).
cost(24, 16, 130698).
cost(24, 17, 408895).
cost(24, 18, 351154).
cost(24, 19, 76147).
cost(24, 20, 138442).
cost(24, 21, 408083).
cost(24, 22, 242425).
cost(24, 23, 208290).
cost(24, 25, 142172).
cost(24, 26, 472293).
cost(24, 27, 465475).
cost(25, 1, 199727).
cost(25, 2, 206234).
cost(25, 3, 686665).
cost(25, 4, 155548).
cost(25, 5, 478302).
cost(25, 6, 216594).
cost(25, 7, 132494).
cost(25, 8, 657043).
cost(25, 9, 296322).
cost(25, 10, 41653).
cost(25, 11, 237909).
cost(25, 12, 39627).
cost(25, 13, 284514).
cost(25, 14, 283987).
cost(25, 15, 417502).
cost(25, 16, 68730).
cost(25, 17, 273988).
cost(25, 18, 235773).
cost(25, 19, 203660).
cost(25, 20, 90993).
cost(25, 21, 346386).
cost(25, 22, 383037).
cost(25, 23, 249042).
cost(25, 24, 142172).
cost(25, 26, 410856).
cost(25, 27, 508945).
cost(26, 1, 258207).
cost(26, 2, 616973).
cost(26, 3, 1097192).
cost(26, 4, 424007).
cost(26, 5, 740605).
cost(26, 6, 545342).
cost(26, 7, 529749).
cost(26, 8, 694808).
cost(26, 9, 587969).
cost(26, 10, 369968).
cost(26, 11, 647602).
cost(26, 12, 397712).
cost(26, 13, 675913).
cost(26, 14, 689714).
cost(26, 15, 115332).
cost(26, 16, 361486).
cost(26, 17, 515898).
cost(26, 18, 561379).
cost(26, 19, 547026).
cost(26, 20, 343832).
cost(26, 21, 727302).
cost(26, 22, 609303).
cost(26, 23, 653613).
cost(26, 24, 472293).
cost(26, 25, 410856).
cost(26, 27, 917196).
cost(27, 1, 698713).
cost(27, 2, 304804).
cost(27, 3, 214005).
cost(27, 4, 568469).
cost(27, 5, 608924).
cost(27, 6, 419960).
cost(27, 7, 413889).
cost(27, 8, 858180).
cost(27, 9, 529212).
cost(27, 10, 550579).
cost(27, 11, 287404).
cost(27, 12, 519511).
cost(27, 13, 257080).
cost(27, 14, 270706).
cost(27, 15, 905296).
cost(27, 16, 556195).
cost(27, 17, 590484).
cost(27, 18, 485242).
cost(27, 19, 406303).
cost(27, 20, 575126).
cost(27, 21, 336784).
cost(27, 22, 528788).
cost(27, 23, 264213).
cost(27, 24, 465475).
cost(27, 25, 508945).
cost(27, 26, 917196).
nocross(1,4).
nocross(1,11).
nocross(1,14).
nocross(1,16).
nocross(1,17).
nocross(1,18).
nocross(1,19).
nocross(1,20).
nocross(1,21).
nocross(1,25).
nocross(1,27).
nocross(2,7).
nocross(2,11).
nocross(2,14).
nocross(2,22).
nocross(2,23).
nocross(2,24).
nocross(2,27).
nocross(4,1).
nocross(4,11).
nocross(4,17).
nocross(4,18).
nocross(4,19).
nocross(4,20).
nocross(4,21).
nocross(4,25).
nocross(5,9).
nocross(5,11).
nocross(5,17).
nocross(5,18).
nocross(5,19).
nocross(5,21).
nocross(5,25).
nocross(5,26).
nocross(7,2).
nocross(7,11).
nocross(7,14).
nocross(7,16).
nocross(7,18).
nocross(7,19).
nocross(7,21).
nocross(7,23).
nocross(7,24).
nocross(7,25).
nocross(7,27).
nocross(9,4).
nocross(9,5).
nocross(9,11).
nocross(9,16).
nocross(9,17).
nocross(9,18).
nocross(9,19).
nocross(9,20).
nocross(9,21).
nocross(9,25).
nocross(10,16).
nocross(10,17).
nocross(10,18).
nocross(10,19).
nocross(10,20).
nocross(10,25).
nocross(11,2).
nocross(11,7).
nocross(11,14).
nocross(11,16).
nocross(11,18).
nocross(11,21).
nocross(11,22).
nocross(11,23).
nocross(11,24).
nocross(11,25).
nocross(12,2).
nocross(12,11).
nocross(12,14).
nocross(12,16).
nocross(12,19).
nocross(12,20).
nocross(12,23).
nocross(12,24).
nocross(12,25).
nocross(14,2).
nocross(14,7).
nocross(14,11).
nocross(14,12).
nocross(14,16).
nocross(14,18).
nocross(14,21).
nocross(14,22).
nocross(14,23).
nocross(14,25).
nocross(14,27).
nocross(16,10).
nocross(16,11).
nocross(16,12).
nocross(16,17).
nocross(16,19).
nocross(16,20).
nocross(16,24).
nocross(16,25).
nocross(17,1).
nocross(17,4).
nocross(17,9).
nocross(17,11).
nocross(17,18).
nocross(17,19).
nocross(17,21).
nocross(17,25).
nocross(18,2).
nocross(18,7).
nocross(18,10).
nocross(18,11).
nocross(18,14).
nocross(18,17).
nocross(18,19).
nocross(18,21).
nocross(18,25).
nocross(19,13).
nocross(20,16).
nocross(20,24).
nocross(20,25).
nocross(21,5).
nocross(21,7).
nocross(21,11).
nocross(21,14).
nocross(21,17).
nocross(21,18).
nocross(21,19).
nocross(21,25).
nocross(21,27).
nocross(23,2).
nocross(23,11).
nocross(23,14).
nocross(23,20).
nocross(23,21).
nocross(23,22).
nocross(23,24).
nocross(23,25).
nocross(23,27).
nocross(24,2).
nocross(24,7).
nocross(24,11).
nocross(24,12).
nocross(24,13).
nocross(24,14).
nocross(24,16).
nocross(24,18).
nocross(24,20).
nocross(24,23).
nocross(24,25).
nocross(25,2).
nocross(25,11).
nocross(25,16).
nocross(25,18).
nocross(25,19).
nocross(25,20).
nocross(27,2).
nocross(27,11).
nocross(27,13).
nocross(27,14).
nocross(27,20).
nocross(27,21).
nocross(27,23).
nocross(27,24).
