dimension(27).
point(1, -84060.0, 113186.0).
point(2, -225810.0, -12928.0).
point(3, -66819.0, -185636.0).
point(4, 38437.0, 84698.0).
point(5, -315768.0, -246478.0).
point(6, 84629.0, -192369.0).
point(7, 226942.0, -189467.0).
point(8, -151973.0, 190178.0).
point(9, -31708.0, 45245.0).
point(10, -375506.0, -142106.0).
point(11, -157904.0, -213370.0).
point(12, -154546.0, -65273.0).
point(13, 14802.0, -453482.0).
point(14, -122660.0, 110852.0).
point(15, -34749.0, 53363.0).
point(16, -284079.0, 224653.0).
point(17, 465671.0, 146649.0).
point(18, -50075.0, 243100.0).
point(19, -8114.0, 242097.0).
point(20, 182424.0, 111799.0).
point(21, 179208.0, -220737.0).
point(22, -244312.0, -147133.0).
point(23, 218119.0, -209578.0).
point(24, 53723.0, 334882.0).
point(25, -224127.0, 88915.0).
point(26, 96834.0, -259576.0).
point(27, 124465.0, 366720.0).
cost(1, 2, 189731).
cost(1, 3, 299319).
cost(1, 4, 125766).
cost(1, 5, 427840).
cost(1, 6, 349027).
cost(1, 7, 433960).
cost(1, 8, 102664).
cost(1, 9, 85771).
cost(1, 10, 387446).
cost(1, 11, 334801).
cost(1, 12, 191875).
cost(1, 13, 575227).
cost(1, 14, 38670).
cost(1, 15, 77527).
cost(1, 16, 228981).
cost(1, 17, 550749).
cost(1, 18, 134286).
cost(1, 19, 149619).
cost(1, 20, 266488).
cost(1, 21, 425223).
cost(1, 22, 305691).
cost(1, 23, 442141).
cost(1, 24, 261024).
cost(1, 25, 142154).
cost(1, 26, 414336).
cost(1, 27, 328271).
cost(2, 1, 189731).
cost(2, 3, 234747).
cost(2, 4, 281704).
cost(2, 5, 250276).
cost(2, 6, 358569).
cost(2, 7, 485953).
cost(2, 8, 216111).
cost(2, 9, 202632).
cost(2, 10, 197727).
cost(2, 11, 211632).
cost(2, 12, 88423).
cost(2, 13, 501978).
cost(2, 14, 161125).
cost(2, 15, 202235).
cost(2, 16, 244622).
cost(2, 17, 709655).
cost(2, 18, 310537).
cost(2, 19, 335305).
cost(2, 20, 426863).
cost(2, 21, 455219).
cost(2, 22, 135474).
cost(2, 23, 485535).
cost(2, 24, 446218).
cost(2, 25, 101857).
cost(2, 26, 406121).
cost(2, 27, 516551).
cost(3, 1, 299319).
cost(3, 2, 234747).
cost(3, 4, 290102).
cost(3, 5, 256276).
cost(3, 6, 151598).
cost(3, 7, 293786).
cost(3, 8, 385341).
cost(3, 9, 233535).
cost(3, 10, 311741).
cost(3, 11, 95214).
cost(3, 12, 148941).
cost(3, 13, 280006).
cost(3, 14, 301701).
cost(3, 15, 241141).
cost(3, 16, 464262).
cost(3, 17, 627661).
cost(3, 18, 429063).
cost(3, 19, 431743).
cost(3, 20, 388059).
cost(3, 21, 248518).
cost(3, 22, 181621).
cost(3, 23, 285942).
cost(3, 24, 534293).
cost(3, 25, 316424).
cost(3, 26, 179581).
cost(3, 27, 584540).
cost(4, 1, 125766).
cost(4, 2, 281704).
cost(4, 3, 290102).
cost(4, 5, 484911).
cost(4, 6, 280891).
cost(4, 7, 332717).
cost(4, 8, 217674).
cost(4, 9, 80479).
cost(4, 10, 472005).
cost(4, 11, 356923).
cost(4, 12, 244405).
cost(4, 13, 538699).
cost(4, 14, 163206).
cost(4, 15, 79612).
cost(4, 16, 351574).
cost(4, 17, 431702).
cost(4, 18, 181454).
cost(4, 19, 164138).
cost(4, 20, 146515).
cost(4, 21, 336314).
cost(4, 22, 365640).
cost(4, 23, 344796).
cost(4, 24, 250651).
cost(4, 25, 262598).
cost(4, 26, 349192).
cost(4, 27, 294851).
cost(5, 1, 427840).
cost(5, 2, 250276).
cost(5, 3, 256276).
cost(5, 4, 484911).
cost(5, 6, 404037).
cost(5, 7, 545696).
cost(5, 8, 466366).
cost(5, 9, 407176).
cost(5, 10, 120259).
cost(5, 11, 161298).
cost(5, 12, 242544).
cost(5, 13, 390035).
cost(5, 14, 406172).
cost(5, 15, 410946).
cost(5, 16, 472196).
cost(5, 17, 874755).
cost(5, 18, 557027).
cost(5, 19, 577370).
cost(5, 20, 613643).
cost(5, 21, 495645).
cost(5, 22, 122374).
cost(5, 23, 535161).
cost(5, 24, 688842).
cost(5, 25, 347687).
cost(5, 26, 412810).
cost(5, 27, 754862).
cost(6, 1, 349027).
cost(6, 2, 358569).
cost(6, 3, 151598).
cost(6, 4, 280891).
cost(6, 5, 404037).
cost(6, 7, 142343).
cost(6, 8, 449803).
cost(6, 9, 264565).
cost(6, 10, 462872).
cost(6, 11, 243441).
cost(6, 12, 270847).
cost(6, 13, 270288).
cost(6, 14, 367303).
cost(6, 15, 273195).
cost(6, 16, 556644).
cost(6, 17, 510026).
cost(6, 18, 455827).
cost(6, 19, 444254).
cost(6, 20, 319503).
cost(6, 21, 98742).
cost(6, 22, 332037).
cost(6, 23, 134595).
cost(6, 24, 528156).
cost(6, 25, 417673).
cost(6, 26, 68306).
cost(6, 27, 560506).
cost(7, 1, 433960).
cost(7, 2, 485953).
cost(7, 3, 293786).
cost(7, 4, 332717).
cost(7, 5, 545696).
cost(7, 6, 142343).
cost(7, 8, 536383).
cost(7, 9, 349270).
cost(7, 10, 604307).
cost(7, 11, 385588).
cost(7, 12, 401195).
cost(7, 13, 338685).
cost(7, 14, 460883).
cost(7, 15, 356999).
cost(7, 16, 657752).
cost(7, 17, 412269).
cost(7, 18, 513666).
cost(7, 19, 491425).
cost(7, 20, 304537).
cost(7, 21, 57064).
cost(7, 22, 473152).
cost(7, 23, 21961).
cost(7, 24, 552220).
cost(7, 25, 530056).
cost(7, 26, 147795).
cost(7, 27, 565549).
cost(8, 1, 102664).
cost(8, 2, 216111).
cost(8, 3, 385341).
cost(8, 4, 217674).
cost(8, 5, 466366).
cost(8, 6, 449803).
cost(8, 7, 536383).
cost(8, 9, 188333).
cost(8, 10, 400474).
cost(8, 11, 403592).
cost(8, 12, 255464).
cost(8, 13, 664915).
cost(8, 14, 84569).
cost(8, 15, 180166).
cost(8, 16, 136530).
cost(8, 17, 619176).
cost(8, 18, 114821).
cost(8, 19, 152941).
cost(8, 20, 343460).
cost(8, 21, 527761).
cost(8, 22, 349722).
cost(8, 23, 544769).
cost(8, 24, 251496).
cost(8, 25, 124340).
cost(8, 26, 513988).
cost(8, 27, 328002).
cost(9, 1, 85771).
cost(9, 2, 202632).
cost(9, 3, 233535).
cost(9, 4, 80479).
cost(9, 5, 407176).
cost(9, 6, 264565).
cost(9, 7, 349270).
cost(9, 8, 188333).
cost(9, 10, 391532).
cost(9, 11, 287762).
cost(9, 12, 165237).
cost(9, 13, 500891).
cost(9, 14, 112145).
cost(9, 15, 8669).
cost(9, 16, 309642).
cost(9, 17, 507611).
cost(9, 18, 198706).
cost(9, 19, 198261).
cost(9, 20, 224236).
cost(9, 21, 339458).
cost(9, 22, 286722).
cost(9, 23, 356859).
cost(9, 24, 301974).
cost(9, 25, 197312).
cost(9, 26, 330815).
cost(9, 27, 357402).
cost(10, 1, 387446).
cost(10, 2, 197727).
cost(10, 3, 311741).
cost(10, 4, 472005).
cost(10, 5, 120259).
cost(10, 6, 462872).
cost(10, 7, 604307).
cost(10, 8, 400474).
cost(10, 9, 391532).
cost(10, 11, 228974).
cost(10, 12, 233937).
cost(10, 13, 499295).
cost(10, 14, 357657).
cost(10, 15, 392840).
cost(10, 16, 377983).
cost(10, 17, 889358).
cost(10, 18, 504271).
cost(10, 19, 531591).
cost(10, 20, 612987).
cost(10, 21, 560259).
cost(10, 22, 131290).
cost(10, 23, 597447).
cost(10, 24, 641681).
cost(10, 25, 276200).
cost(10, 26, 486728).
cost(10, 27, 713355).
cost(11, 1, 334801).
cost(11, 2, 211632).
cost(11, 3, 95214).
cost(11, 4, 356923).
cost(11, 5, 161298).
cost(11, 6, 243441).
cost(11, 7, 385588).
cost(11, 8, 403592).
cost(11, 9, 287762).
cost(11, 10, 228974).
cost(11, 12, 148135).
cost(11, 13, 295772).
cost(11, 14, 326132).
cost(11, 15, 293792).
cost(11, 16, 455834).
cost(11, 17, 720041).
cost(11, 18, 469033).
cost(11, 19, 479466).
cost(11, 20, 470700).
cost(11, 21, 337192).
cost(11, 22, 108875).
cost(11, 23, 376042).
cost(11, 24, 587679).
cost(11, 25, 309454).
cost(11, 26, 258895).
cost(11, 27, 645164).
cost(12, 1, 191875).
cost(12, 2, 88423).
cost(12, 3, 148941).
cost(12, 4, 244405).
cost(12, 5, 242544).
cost(12, 6, 270847).
cost(12, 7, 401195).
cost(12, 8, 255464).
cost(12, 9, 165237).
cost(12, 10, 233937).
cost(12, 11, 148135).
cost(12, 13, 423539).
cost(12, 14, 178988).
cost(12, 15, 168600).
cost(12, 16, 317547).
cost(12, 17, 655424).
cost(12, 18, 325589).
cost(12, 19, 340468).
cost(12, 20, 380662).
cost(12, 21, 368186).
cost(12, 22, 121487).
cost(12, 23, 399629).
cost(12, 24, 451110).
cost(12, 25, 169161).
cost(12, 26, 317719).
cost(12, 27, 514262).
cost(13, 1, 575227).
cost(13, 2, 501978).
cost(13, 3, 280006).
cost(13, 4, 538699).
cost(13, 5, 390035).
cost(13, 6, 270288).
cost(13, 7, 338685).
cost(13, 8, 664915).
cost(13, 9, 500891).
cost(13, 10, 499295).
cost(13, 11, 295772).
cost(13, 12, 423539).
cost(13, 14, 580834).
cost(13, 15, 509261).
cost(13, 16, 741078).
cost(13, 17, 750626).
cost(13, 18, 699597).
cost(13, 19, 695956).
cost(13, 20, 589610).
cost(13, 21, 284955).
cost(13, 22, 401235).
cost(13, 23, 317533).
cost(13, 24, 789324).
cost(13, 25, 592690).
cost(13, 26, 210544).
cost(13, 27, 827501).
cost(14, 1, 38670).
cost(14, 2, 161125).
cost(14, 3, 301701).
cost(14, 4, 163206).
cost(14, 5, 406172).
cost(14, 6, 367303).
cost(14, 7, 460883).
cost(14, 8, 84569).
cost(14, 9, 112145).
cost(14, 10, 357657).
cost(14, 11, 326132).
cost(14, 12, 178988).
cost(14, 13, 580834).
cost(14, 15, 105040).
cost(14, 16, 197501).
cost(14, 17, 589419).
cost(14, 18, 150858).
cost(14, 19, 174201).
cost(14, 20, 305085).
cost(14, 21, 448414).
cost(14, 22, 285229).
cost(14, 23, 467767).
cost(14, 24, 285132).
cost(14, 25, 103811).
cost(14, 26, 430575).
cost(14, 27, 355723).
cost(15, 1, 77527).
cost(15, 2, 202235).
cost(15, 3, 241141).
cost(15, 4, 79612).
cost(15, 5, 410946).
cost(15, 6, 273195).
cost(15, 7, 356999).
cost(15, 8, 180166).
cost(15, 9, 8669).
cost(15, 10, 392840).
cost(15, 11, 293792).
cost(15, 12, 168600).
cost(15, 13, 509261).
cost(15, 14, 105040).
cost(15, 16, 302499).
cost(15, 17, 509041).
cost(15, 18, 190355).
cost(15, 19, 190604).
cost(15, 20, 224897).
cost(15, 21, 347719).
cost(15, 22, 290026).
cost(15, 23, 364802).
cost(15, 24, 295094).
cost(15, 25, 192686).
cost(15, 26, 339477).
cost(15, 27, 351485).
cost(16, 1, 228981).
cost(16, 2, 244622).
cost(16, 3, 464262).
cost(16, 4, 351574).
cost(16, 5, 472196).
cost(16, 6, 556644).
cost(16, 7, 657752).
cost(16, 8, 136530).
cost(16, 9, 309642).
cost(16, 10, 377983).
cost(16, 11, 455834).
cost(16, 12, 317547).
cost(16, 13, 741078).
cost(16, 14, 197501).
cost(16, 15, 302499).
cost(16, 17, 753797).
cost(16, 18, 234730).
cost(16, 19, 276516).
cost(16, 20, 479959).
cost(16, 21, 642656).
cost(16, 22, 373907).
cost(16, 23, 663897).
cost(16, 24, 355332).
cost(16, 25, 148388).
cost(16, 26, 616095).
cost(16, 27, 432540).
cost(17, 1, 550749).
cost(17, 2, 709655).
cost(17, 3, 627661).
cost(17, 4, 431702).
cost(17, 5, 874755).
cost(17, 6, 510026).
cost(17, 7, 412269).
cost(17, 8, 619176).
cost(17, 9, 507611).
cost(17, 10, 889358).
cost(17, 11, 720041).
cost(17, 12, 655424).
cost(17, 13, 750626).
cost(17, 14, 589419).
cost(17, 15, 509041).
cost(17, 16, 753797).
cost(17, 18, 524687).
cost(17, 19, 483304).
cost(17, 20, 285383).
cost(17, 21, 465869).
cost(17, 22, 768364).
cost(17, 23, 433797).
cost(17, 24, 452916).
cost(17, 25, 692210).
cost(17, 26, 548689).
cost(17, 27, 406021).
cost(18, 1, 134286).
cost(18, 2, 310537).
cost(18, 3, 429063).
cost(18, 4, 181454).
cost(18, 5, 557027).
cost(18, 6, 455827).
cost(18, 7, 513666).
cost(18, 8, 114821).
cost(18, 9, 198706).
cost(18, 10, 504271).
cost(18, 11, 469033).
cost(18, 12, 325589).
cost(18, 13, 699597).
cost(18, 14, 150858).
cost(18, 15, 190355).
cost(18, 16, 234730).
cost(18, 17, 524687).
cost(18, 19, 41973).
cost(18, 20, 267013).
cost(18, 21, 517412).
cost(18, 22, 435901).
cost(18, 23, 526161).
cost(18, 24, 138557).
cost(18, 25, 232523).
cost(18, 26, 523704).
cost(18, 27, 213883).
cost(19, 1, 149619).
cost(19, 2, 335305).
cost(19, 3, 431743).
cost(19, 4, 164138).
cost(19, 5, 577370).
cost(19, 6, 444254).
cost(19, 7, 491425).
cost(19, 8, 152941).
cost(19, 9, 198261).
cost(19, 10, 531591).
cost(19, 11, 479466).
cost(19, 12, 340468).
cost(19, 13, 695956).
cost(19, 14, 174201).
cost(19, 15, 190604).
cost(19, 16, 276516).
cost(19, 17, 483304).
cost(19, 18, 41973).
cost(19, 20, 230830).
cost(19, 21, 499304).
cost(19, 22, 455291).
cost(19, 23, 505165).
cost(19, 24, 111503).
cost(19, 25, 264814).
cost(19, 26, 512533).
cost(19, 27, 181956).
cost(20, 1, 266488).
cost(20, 2, 426863).
cost(20, 3, 388059).
cost(20, 4, 146515).
cost(20, 5, 613643).
cost(20, 6, 319503).
cost(20, 7, 304537).
cost(20, 8, 343460).
cost(20, 9, 224236).
cost(20, 10, 612987).
cost(20, 11, 470700).
cost(20, 12, 380662).
cost(20, 13, 589610).
cost(20, 14, 305085).
cost(20, 15, 224897).
cost(20, 16, 479959).
cost(20, 17, 285383).
cost(20, 18, 267013).
cost(20, 19, 230830).
cost(20, 21, 332552).
cost(20, 22, 499149).
cost(20, 23, 323353).
cost(20, 24, 257546).
cost(20, 25, 407195).
cost(20, 26, 381110).
cost(20, 27, 261427).
cost(21, 1, 425223).
cost(21, 2, 455219).
cost(21, 3, 248518).
cost(21, 4, 336314).
cost(21, 5, 495645).
cost(21, 6, 98742).
cost(21, 7, 57064).
cost(21, 8, 527761).
cost(21, 9, 339458).
cost(21, 10, 560259).
cost(21, 11, 337192).
cost(21, 12, 368186).
cost(21, 13, 284955).
cost(21, 14, 448414).
cost(21, 15, 347719).
cost(21, 16, 642656).
cost(21, 17, 465869).
cost(21, 18, 517412).
cost(21, 19, 499304).
cost(21, 20, 332552).
cost(21, 22, 429868).
cost(21, 23, 40479).
cost(21, 24, 569613).
cost(21, 25, 508491).
cost(21, 26, 91071).
cost(21, 27, 590002).
cost(22, 1, 305691).
cost(22, 2, 135474).
cost(22, 3, 181621).
cost(22, 4, 365640).
cost(22, 5, 122374).
cost(22, 6, 332037).
cost(22, 7, 473152).
cost(22, 8, 349722).
cost(22, 9, 286722).
cost(22, 10, 131290).
cost(22, 11, 108875).
cost(22, 12, 121487).
cost(22, 13, 401235).
cost(22, 14, 285229).
cost(22, 15, 290026).
cost(22, 16, 373907).
cost(22, 17, 768364).
cost(22, 18, 435901).
cost(22, 19, 455291).
cost(22, 20, 499149).
cost(22, 21, 429868).
cost(22, 23, 466628).
cost(22, 24, 566713).
cost(22, 25, 236909).
cost(22, 26, 359199).
cost(22, 27, 632488).
cost(23, 1, 442141).
cost(23, 2, 485535).
cost(23, 3, 285942).
cost(23, 4, 344796).
cost(23, 5, 535161).
cost(23, 6, 134595).
cost(23, 7, 21961).
cost(23, 8, 544769).
cost(23, 9, 356859).
cost(23, 10, 597447).
cost(23, 11, 376042).
cost(23, 12, 399629).
cost(23, 13, 317533).
cost(23, 14, 467767).
cost(23, 15, 364802).
cost(23, 16, 663897).
cost(23, 17, 433797).
cost(23, 18, 526161).
cost(23, 19, 505165).
cost(23, 20, 323353).
cost(23, 21, 40479).
cost(23, 22, 466628).
cost(23, 24, 568738).
cost(23, 25, 533554).
cost(23, 26, 131186).
cost(23, 27, 583858).
cost(24, 1, 261024).
cost(24, 2, 446218).
cost(24, 3, 534293).
cost(24, 4, 250651).
cost(24, 5, 688842).
cost(24, 6, 528156).
cost(24, 7, 552220).
cost(24, 8, 251496).
cost(24, 9, 301974).
cost(24, 10, 641681).
cost(24, 11, 587679).
cost(24, 12, 451110).
cost(24, 13, 789324).
cost(24, 14, 285132).
cost(24, 15, 295094).
cost(24, 16, 355332).
cost(24, 17, 452916).
cost(24, 18, 138557).
cost(24, 19, 111503).
cost(24, 20, 257546).
cost(24, 21, 569613).
cost(24, 22, 566713).
cost(24, 23, 568738).
cost(24, 25, 371080).
cost(24, 26, 596019).
cost(24, 27, 77576).
cost(25, 1, 142154).
cost(25, 2, 101857).
cost(25, 3, 316424).
cost(25, 4, 262598).
cost(25, 5, 347687).
cost(25, 6, 417673).
cost(25, 7, 530056).
cost(25, 8, 124340).
cost(25, 9, 197312).
cost(25, 10, 276200).
cost(25, 11, 309454).
cost(25, 12, 169161).
cost(25, 13, 592690).
cost(25, 14, 103811).
cost(25, 15, 192686).
cost(25, 16, 148388).
cost(25, 17, 692210).
cost(25, 18, 232523).
cost(25, 19, 264814).
cost(25, 20, 407195).
cost(25, 21, 508491).
cost(25, 22, 236909).
cost(25, 23, 533554).
cost(25, 24, 371080).
cost(25, 26, 473774).
cost(25, 27, 445749).
cost(26, 1, 414336).
cost(26, 2, 406121).
cost(26, 3, 179581).
cost(26, 4, 349192).
cost(26, 5, 412810).
cost(26, 6, 68306).
cost(26, 7, 147795).
cost(26, 8, 513988).
cost(26, 9, 330815).
cost(26, 10, 486728).
cost(26, 11, 258895).
cost(26, 12, 317719).
cost(26, 13, 210544).
cost(26, 14, 430575).
cost(26, 15, 339477).
cost(26, 16, 616095).
cost(26, 17, 548689).
cost(26, 18, 523704).
cost(26, 19, 512533).
cost(26, 20, 381110).
cost(26, 21, 91071).
cost(26, 22, 359199).
cost(26, 23, 131186).
cost(26, 24, 596019).
cost(26, 25, 473774).
cost(26, 27, 626905).
cost(27, 1, 328271).
cost(27, 2, 516551).
cost(27, 3, 584540).
cost(27, 4, 294851).
cost(27, 5, 754862).
cost(27, 6, 560506).
cost(27, 7, 565549).
cost(27, 8, 328002).
cost(27, 9, 357402).
cost(27, 10, 713355).
cost(27, 11, 645164).
cost(27, 12, 514262).
cost(27, 13, 827501).
cost(27, 14, 355723).
cost(27, 15, 351485).
cost(27, 16, 432540).
cost(27, 17, 406021).
cost(27, 18, 213883).
cost(27, 19, 181956).
cost(27, 20, 261427).
cost(27, 21, 590002).
cost(27, 22, 632488).
cost(27, 23, 583858).
cost(27, 24, 77576).
cost(27, 25, 445749).
cost(27, 26, 626905).
nocross(1,2).
nocross(1,3).
nocross(1,4).
nocross(1,9).
nocross(1,12).
nocross(1,14).
nocross(1,15).
nocross(2,1).
nocross(2,3).
nocross(2,9).
nocross(2,10).
nocross(2,12).
nocross(3,1).
nocross(3,6).
nocross(3,9).
nocross(3,11).
nocross(3,12).
nocross(3,26).
nocross(4,1).
nocross(4,3).
nocross(4,7).
nocross(4,9).
nocross(4,15).
nocross(4,18).
nocross(4,20).
nocross(5,3).
nocross(5,6).
nocross(5,11).
nocross(6,1).
nocross(6,3).
nocross(6,7).
nocross(6,9).
nocross(7,6).
nocross(7,20).
nocross(7,21).
nocross(8,1).
nocross(8,2).
nocross(8,4).
nocross(8,9).
nocross(8,12).
nocross(8,14).
nocross(8,16).
nocross(8,18).
nocross(8,25).
nocross(9,1).
nocross(9,2).
nocross(9,3).
nocross(9,4).
nocross(9,7).
nocross(9,11).
nocross(9,12).
nocross(9,15).
nocross(9,20).
nocross(10,2).
nocross(10,5).
nocross(10,11).
nocross(10,12).
nocross(11,2).
nocross(11,3).
nocross(11,6).
nocross(11,7).
nocross(11,9).
nocross(11,12).
nocross(12,1).
nocross(12,2).
nocross(12,3).
nocross(12,7).
nocross(12,9).
nocross(12,11).
nocross(12,14).
nocross(12,15).
nocross(13,3).
nocross(13,6).
nocross(13,23).
nocross(13,26).
nocross(14,1).
nocross(14,2).
nocross(14,3).
nocross(14,7).
nocross(14,9).
nocross(14,12).
nocross(14,15).
nocross(15,1).
nocross(15,2).
nocross(15,3).
nocross(15,4).
nocross(15,7).
nocross(15,9).
nocross(15,12).
nocross(15,14).
nocross(15,20).
nocross(16,8).
nocross(16,14).
nocross(16,18).
nocross(16,25).
nocross(17,20).
nocross(17,27).
nocross(18,1).
nocross(18,4).
nocross(18,8).
nocross(18,9).
nocross(18,15).
nocross(18,19).
nocross(18,20).
nocross(18,24).
nocross(19,1).
nocross(19,4).
nocross(19,8).
nocross(19,9).
nocross(19,15).
nocross(19,18).
nocross(19,20).
nocross(20,1).
nocross(20,4).
nocross(20,6).
nocross(20,7).
nocross(20,9).
nocross(20,18).
nocross(20,27).
nocross(21,6).
nocross(21,7).
nocross(21,23).
nocross(21,26).
nocross(22,2).
nocross(22,3).
nocross(22,5).
nocross(22,7).
nocross(22,10).
nocross(22,12).
nocross(23,6).
nocross(23,7).
nocross(23,21).
nocross(24,1).
nocross(24,4).
nocross(24,15).
nocross(24,18).
nocross(24,19).
nocross(24,20).
nocross(24,27).
nocross(25,1).
nocross(25,2).
nocross(25,8).
nocross(25,9).
nocross(25,12).
nocross(25,15).
nocross(25,16).
nocross(26,3).
nocross(26,6).
nocross(26,21).
nocross(27,1).
nocross(27,4).
nocross(27,19).
nocross(27,20).
nocross(27,24).
