dimension(27).
point(1, 119943.0, -28017.0).
point(2, 49774.0, 43830.0).
point(3, -69090.0, 75202.0).
point(4, 201153.0, 10909.0).
point(5, 317786.0, 44529.0).
point(6, 230107.0, 257291.0).
point(7, 402987.0, -219352.0).
point(8, -101615.0, -28743.0).
point(9, 331655.0, -87679.0).
point(10, 68754.0, -140389.0).
point(11, 72562.0, 11068.0).
point(12, 75006.0, -3013.0).
point(13, -278040.0, -232466.0).
point(14, -133002.0, -76826.0).
point(15, -19772.0, -87758.0).
point(16, 6376.0, -218880.0).
point(17, -256515.0, -120860.0).
point(18, -158180.0, -46069.0).
point(19, -99733.0, 107331.0).
point(20, -170360.0, 39982.0).
point(21, 187215.0, 145811.0).
point(22, 153059.0, -130398.0).
point(23, -54708.0, -111443.0).
point(24, -80394.0, -85397.0).
point(25, -23591.0, 389674.0).
point(26, -68800.0, -7707.0).
point(27, -234778.0, -276882.0).
cost(1, 2, 100427).
cost(1, 3, 215378).
cost(1, 4, 90057).
cost(1, 5, 210724).
cost(1, 6, 305838).
cost(1, 7, 341647).
cost(1, 8, 221559).
cost(1, 9, 219958).
cost(1, 10, 123482).
cost(1, 11, 61421).
cost(1, 12, 51425).
cost(1, 13, 447426).
cost(1, 14, 257611).
cost(1, 15, 151952).
cost(1, 16, 222095).
cost(1, 17, 387738).
cost(1, 18, 278708).
cost(1, 19, 258024).
cost(1, 20, 298161).
cost(1, 21, 186391).
cost(1, 22, 107604).
cost(1, 23, 193553).
cost(1, 24, 208392).
cost(1, 25, 441665).
cost(1, 26, 189833).
cost(1, 27, 433314).
cost(2, 1, 100427).
cost(2, 3, 122934).
cost(2, 4, 154917).
cost(2, 5, 268013).
cost(2, 6, 279438).
cost(2, 7, 440482).
cost(2, 8, 167885).
cost(2, 9, 311049).
cost(2, 10, 185194).
cost(2, 11, 39908).
cost(2, 12, 53206).
cost(2, 13, 428721).
cost(2, 14, 219009).
cost(2, 15, 148836).
cost(2, 16, 266270).
cost(2, 17, 347758).
cost(2, 18, 226554).
cost(2, 19, 162434).
cost(2, 20, 220168).
cost(2, 21, 171144).
cost(2, 22, 202542).
cost(2, 23, 187153).
cost(2, 24, 183421).
cost(2, 25, 353540).
cost(2, 26, 129290).
cost(2, 27, 428749).
cost(3, 1, 215378).
cost(3, 2, 122934).
cost(3, 4, 277786).
cost(3, 5, 388090).
cost(3, 6, 350250).
cost(3, 7, 556434).
cost(3, 8, 108915).
cost(3, 9, 432582).
cost(3, 10, 255891).
cost(3, 11, 155494).
cost(3, 12, 163955).
cost(3, 13, 371914).
cost(3, 14, 164916).
cost(3, 15, 170259).
cost(3, 16, 303611).
cost(3, 17, 271235).
cost(3, 18, 150478).
cost(3, 19, 44399).
cost(3, 20, 107220).
cost(3, 21, 265853).
cost(3, 22, 302690).
cost(3, 23, 187198).
cost(3, 24, 160996).
cost(3, 25, 317746).
cost(3, 26, 82910).
cost(3, 27, 389122).
cost(4, 1, 90057).
cost(4, 2, 154917).
cost(4, 3, 277786).
cost(4, 5, 121382).
cost(4, 6, 248077).
cost(4, 7, 306198).
cost(4, 8, 305353).
cost(4, 9, 163555).
cost(4, 10, 201049).
cost(4, 11, 128591).
cost(4, 12, 126913).
cost(4, 13, 537454).
cost(4, 14, 345481).
cost(4, 15, 241957).
cost(4, 16, 301233).
cost(4, 17, 476259).
cost(4, 18, 363822).
cost(4, 19, 315958).
cost(4, 20, 372649).
cost(4, 21, 135620).
cost(4, 22, 149267).
cost(4, 23, 283610).
cost(4, 24, 297563).
cost(4, 25, 440423).
cost(4, 26, 270594).
cost(4, 27, 522360).
cost(5, 1, 210724).
cost(5, 2, 268013).
cost(5, 3, 388090).
cost(5, 4, 121382).
cost(5, 6, 230120).
cost(5, 7, 277295).
cost(5, 8, 425753).
cost(5, 9, 132933).
cost(5, 10, 310180).
cost(5, 11, 247496).
cost(5, 12, 247391).
cost(5, 13, 657065).
cost(5, 14, 466837).
cost(5, 15, 362554).
cost(5, 16, 407873).
cost(5, 17, 597641).
cost(5, 18, 484512).
cost(5, 19, 422216).
cost(5, 20, 488167).
cost(5, 21, 165248).
cost(5, 22, 240280).
cost(5, 23, 403830).
cost(5, 24, 418841).
cost(5, 25, 485452).
cost(5, 26, 390099).
cost(5, 27, 639243).
cost(6, 1, 305838).
cost(6, 2, 279438).
cost(6, 3, 350250).
cost(6, 4, 248077).
cost(6, 5, 230120).
cost(6, 7, 507027).
cost(6, 8, 438012).
cost(6, 9, 359606).
cost(6, 10, 429167).
cost(6, 11, 292312).
cost(6, 12, 303009).
cost(6, 13, 705744).
cost(6, 14, 493439).
cost(6, 15, 426026).
cost(6, 16, 526113).
cost(6, 17, 616278).
cost(6, 18, 492741).
cost(6, 19, 362329).
cost(6, 20, 455628).
cost(6, 21, 119447).
cost(6, 22, 395271).
cost(6, 23, 465923).
cost(6, 24, 462435).
cost(6, 25, 286161).
cost(6, 26, 399461).
cost(6, 27, 708138).
cost(7, 1, 341647).
cost(7, 2, 440482).
cost(7, 3, 556434).
cost(7, 4, 306198).
cost(7, 5, 277295).
cost(7, 6, 507027).
cost(7, 8, 539402).
cost(7, 9, 149753).
cost(7, 10, 343434).
cost(7, 11, 402833).
cost(7, 12, 392905).
cost(7, 13, 681153).
cost(7, 14, 554615).
cost(7, 15, 442766).
cost(7, 16, 396611).
cost(7, 17, 666816).
cost(7, 18, 587312).
cost(7, 19, 599541).
cost(7, 20, 629270).
cost(7, 21, 424148).
cost(7, 22, 265286).
cost(7, 23, 470244).
cost(7, 24, 501599).
cost(7, 25, 743560).
cost(7, 26, 517085).
cost(7, 27, 640355).
cost(8, 1, 221559).
cost(8, 2, 167885).
cost(8, 3, 108915).
cost(8, 4, 305353).
cost(8, 5, 425753).
cost(8, 6, 438012).
cost(8, 7, 539402).
cost(8, 9, 437260).
cost(8, 10, 203692).
cost(8, 11, 178669).
cost(8, 12, 178485).
cost(8, 13, 269497).
cost(8, 14, 57421).
cost(8, 15, 100901).
cost(8, 16, 218664).
cost(8, 17, 180221).
cost(8, 18, 59159).
cost(8, 19, 136087).
cost(8, 20, 97206).
cost(8, 21, 337479).
cost(8, 22, 274213).
cost(8, 23, 95077).
cost(8, 24, 60498).
cost(8, 25, 425630).
cost(8, 26, 38979).
cost(8, 27, 281612).
cost(9, 1, 219958).
cost(9, 2, 311049).
cost(9, 3, 432582).
cost(9, 4, 163555).
cost(9, 5, 132933).
cost(9, 6, 359606).
cost(9, 7, 149753).
cost(9, 8, 437260).
cost(9, 10, 268133).
cost(9, 11, 277273).
cost(9, 12, 270254).
cost(9, 13, 626651).
cost(9, 14, 464784).
cost(9, 15, 351427).
cost(9, 16, 350742).
cost(9, 17, 589105).
cost(9, 18, 491599).
cost(9, 19, 473418).
cost(9, 20, 517993).
cost(9, 21, 274555).
cost(9, 22, 183634).
cost(9, 23, 387093).
cost(9, 24, 412055).
cost(9, 25, 595034).
cost(9, 26, 408362).
cost(9, 27, 597197).
cost(10, 1, 123482).
cost(10, 2, 185194).
cost(10, 3, 255891).
cost(10, 4, 201049).
cost(10, 5, 310180).
cost(10, 6, 429167).
cost(10, 7, 343434).
cost(10, 8, 203692).
cost(10, 9, 268133).
cost(10, 11, 151505).
cost(10, 12, 137518).
cost(10, 13, 358809).
cost(10, 14, 211532).
cost(10, 15, 102990).
cost(10, 16, 100259).
cost(10, 17, 325855).
cost(10, 18, 245755).
cost(10, 19, 299588).
cost(10, 20, 299515).
cost(10, 21, 309747).
cost(10, 22, 84895).
cost(10, 23, 126810).
cost(10, 24, 158963).
cost(10, 25, 538047).
cost(10, 26, 191117).
cost(10, 27, 332809).
cost(11, 1, 61421).
cost(11, 2, 39908).
cost(11, 3, 155494).
cost(11, 4, 128591).
cost(11, 5, 247496).
cost(11, 6, 292312).
cost(11, 7, 402833).
cost(11, 8, 178669).
cost(11, 9, 277273).
cost(11, 10, 151505).
cost(11, 12, 14292).
cost(11, 13, 426885).
cost(11, 14, 223566).
cost(11, 15, 135248).
cost(11, 16, 239284).
cost(11, 17, 354537).
cost(11, 18, 237711).
cost(11, 19, 197363).
cost(11, 20, 244637).
cost(11, 21, 176921).
cost(11, 22, 162765).
cost(11, 23, 176654).
cost(11, 24, 180834).
cost(11, 25, 390625).
cost(11, 26, 142603).
cost(11, 27, 421157).
cost(12, 1, 51425).
cost(12, 2, 53206).
cost(12, 3, 163955).
cost(12, 4, 126913).
cost(12, 5, 247391).
cost(12, 6, 303009).
cost(12, 7, 392905).
cost(12, 8, 178485).
cost(12, 9, 270254).
cost(12, 10, 137518).
cost(12, 11, 14292).
cost(12, 13, 421058).
cost(12, 14, 220716).
cost(12, 15, 127140).
cost(12, 16, 226514).
cost(12, 17, 351844).
cost(12, 18, 237128).
cost(12, 19, 206663).
cost(12, 20, 249104).
cost(12, 21, 186385).
cost(12, 22, 149396).
cost(12, 23, 169064).
cost(12, 24, 175887).
cost(12, 25, 404876).
cost(12, 26, 143883).
cost(12, 27, 413486).
cost(13, 1, 447426).
cost(13, 2, 428721).
cost(13, 3, 371914).
cost(13, 4, 537454).
cost(13, 5, 657065).
cost(13, 6, 705744).
cost(13, 7, 681153).
cost(13, 8, 269497).
cost(13, 9, 626651).
cost(13, 10, 358809).
cost(13, 11, 426885).
cost(13, 12, 421058).
cost(13, 14, 212744).
cost(13, 15, 296045).
cost(13, 16, 284740).
cost(13, 17, 113663).
cost(13, 18, 221608).
cost(13, 19, 383739).
cost(13, 20, 292955).
cost(13, 21, 599630).
cost(13, 22, 443017).
cost(13, 23, 254015).
cost(13, 24, 246360).
cost(13, 25, 672163).
cost(13, 26, 307080).
cost(13, 27, 62003).
cost(14, 1, 257611).
cost(14, 2, 219009).
cost(14, 3, 164916).
cost(14, 4, 345481).
cost(14, 5, 466837).
cost(14, 6, 493439).
cost(14, 7, 554615).
cost(14, 8, 57421).
cost(14, 9, 464784).
cost(14, 10, 211532).
cost(14, 11, 223566).
cost(14, 12, 220716).
cost(14, 13, 212744).
cost(14, 15, 113757).
cost(14, 16, 199011).
cost(14, 17, 131128).
cost(14, 18, 39748).
cost(14, 19, 187138).
cost(14, 20, 122637).
cost(14, 21, 390008).
cost(14, 22, 291034).
cost(14, 23, 85605).
cost(14, 24, 53302).
cost(14, 25, 479159).
cost(14, 26, 94336).
cost(14, 27, 224457).
cost(15, 1, 151952).
cost(15, 2, 148836).
cost(15, 3, 170259).
cost(15, 4, 241957).
cost(15, 5, 362554).
cost(15, 6, 426026).
cost(15, 7, 442766).
cost(15, 8, 100901).
cost(15, 9, 351427).
cost(15, 10, 102990).
cost(15, 11, 135248).
cost(15, 12, 127140).
cost(15, 13, 296045).
cost(15, 14, 113757).
cost(15, 16, 133704).
cost(15, 17, 239046).
cost(15, 18, 144550).
cost(15, 19, 210840).
cost(15, 20, 197470).
cost(15, 21, 312087).
cost(15, 22, 178013).
cost(15, 23, 42208).
cost(15, 24, 60668).
cost(15, 25, 477447).
cost(15, 26, 93872).
cost(15, 27, 286349).
cost(16, 1, 222095).
cost(16, 2, 266270).
cost(16, 3, 303611).
cost(16, 4, 301233).
cost(16, 5, 407873).
cost(16, 6, 526113).
cost(16, 7, 396611).
cost(16, 8, 218664).
cost(16, 9, 350742).
cost(16, 10, 100259).
cost(16, 11, 239284).
cost(16, 12, 226514).
cost(16, 13, 284740).
cost(16, 14, 199011).
cost(16, 15, 133704).
cost(16, 17, 280570).
cost(16, 18, 238626).
cost(16, 19, 343035).
cost(16, 20, 313441).
cost(16, 21, 407065).
cost(16, 22, 171304).
cost(16, 23, 123588).
cost(16, 24, 159207).
cost(16, 25, 609291).
cost(16, 26, 224155).
cost(16, 27, 248031).
cost(17, 1, 387738).
cost(17, 2, 347758).
cost(17, 3, 271235).
cost(17, 4, 476259).
cost(17, 5, 597641).
cost(17, 6, 616278).
cost(17, 7, 666816).
cost(17, 8, 180221).
cost(17, 9, 589105).
cost(17, 10, 325855).
cost(17, 11, 354537).
cost(17, 12, 351844).
cost(17, 13, 113663).
cost(17, 14, 131128).
cost(17, 15, 239046).
cost(17, 16, 280570).
cost(17, 18, 123545).
cost(17, 19, 276860).
cost(17, 20, 182463).
cost(17, 21, 517697).
cost(17, 22, 409685).
cost(17, 23, 202027).
cost(17, 24, 179656).
cost(17, 25, 561158).
cost(17, 26, 219181).
cost(17, 27, 157529).
cost(18, 1, 278708).
cost(18, 2, 226554).
cost(18, 3, 150478).
cost(18, 4, 363822).
cost(18, 5, 484512).
cost(18, 6, 492741).
cost(18, 7, 587312).
cost(18, 8, 59159).
cost(18, 9, 491599).
cost(18, 10, 245755).
cost(18, 11, 237711).
cost(18, 12, 237128).
cost(18, 13, 221608).
cost(18, 14, 39748).
cost(18, 15, 144550).
cost(18, 16, 238626).
cost(18, 17, 123545).
cost(18, 19, 164157).
cost(18, 20, 86909).
cost(18, 21, 395115).
cost(18, 22, 322461).
cost(18, 23, 122394).
cost(18, 24, 87163).
cost(18, 25, 456055).
cost(18, 26, 97265).
cost(18, 27, 243191).
cost(19, 1, 258024).
cost(19, 2, 162434).
cost(19, 3, 44399).
cost(19, 4, 315958).
cost(19, 5, 422216).
cost(19, 6, 362329).
cost(19, 7, 599541).
cost(19, 8, 136087).
cost(19, 9, 473418).
cost(19, 10, 299588).
cost(19, 11, 197363).
cost(19, 12, 206663).
cost(19, 13, 383739).
cost(19, 14, 187138).
cost(19, 15, 210840).
cost(19, 16, 343035).
cost(19, 17, 276860).
cost(19, 18, 164157).
cost(19, 20, 97591).
cost(19, 21, 289517).
cost(19, 22, 347014).
cost(19, 23, 223359).
cost(19, 24, 193696).
cost(19, 25, 292430).
cost(19, 26, 119124).
cost(19, 27, 407255).
cost(20, 1, 298161).
cost(20, 2, 220168).
cost(20, 3, 107220).
cost(20, 4, 372649).
cost(20, 5, 488167).
cost(20, 6, 455628).
cost(20, 7, 629270).
cost(20, 8, 97206).
cost(20, 9, 517993).
cost(20, 10, 299515).
cost(20, 11, 244637).
cost(20, 12, 249104).
cost(20, 13, 292955).
cost(20, 14, 122637).
cost(20, 15, 197470).
cost(20, 16, 313441).
cost(20, 17, 182463).
cost(20, 18, 86909).
cost(20, 19, 97591).
cost(20, 21, 372907).
cost(20, 22, 365553).
cost(20, 23, 190538).
cost(20, 24, 154317).
cost(20, 25, 379244).
cost(20, 26, 112199).
cost(20, 27, 323346).
cost(21, 1, 186391).
cost(21, 2, 171144).
cost(21, 3, 265853).
cost(21, 4, 135620).
cost(21, 5, 165248).
cost(21, 6, 119447).
cost(21, 7, 424148).
cost(21, 8, 337479).
cost(21, 9, 274555).
cost(21, 10, 309747).
cost(21, 11, 176921).
cost(21, 12, 186385).
cost(21, 13, 599630).
cost(21, 14, 390008).
cost(21, 15, 312087).
cost(21, 16, 407065).
cost(21, 17, 517697).
cost(21, 18, 395115).
cost(21, 19, 289517).
cost(21, 20, 372907).
cost(21, 22, 278313).
cost(21, 23, 353138).
cost(21, 24, 353655).
cost(21, 25, 322348).
cost(21, 26, 298515).
cost(21, 27, 597283).
cost(22, 1, 107604).
cost(22, 2, 202542).
cost(22, 3, 302690).
cost(22, 4, 149267).
cost(22, 5, 240280).
cost(22, 6, 395271).
cost(22, 7, 265286).
cost(22, 8, 274213).
cost(22, 9, 183634).
cost(22, 10, 84895).
cost(22, 11, 162765).
cost(22, 12, 149396).
cost(22, 13, 443017).
cost(22, 14, 291034).
cost(22, 15, 178013).
cost(22, 16, 171304).
cost(22, 17, 409685).
cost(22, 18, 322461).
cost(22, 19, 347014).
cost(22, 20, 365553).
cost(22, 21, 278313).
cost(22, 23, 208630).
cost(22, 24, 237751).
cost(22, 25, 549254).
cost(22, 26, 253524).
cost(22, 27, 414578).
cost(23, 1, 193553).
cost(23, 2, 187153).
cost(23, 3, 187198).
cost(23, 4, 283610).
cost(23, 5, 403830).
cost(23, 6, 465923).
cost(23, 7, 470244).
cost(23, 8, 95077).
cost(23, 9, 387093).
cost(23, 10, 126810).
cost(23, 11, 176654).
cost(23, 12, 169064).
cost(23, 13, 254015).
cost(23, 14, 85605).
cost(23, 15, 42208).
cost(23, 16, 123588).
cost(23, 17, 202027).
cost(23, 18, 122394).
cost(23, 19, 223359).
cost(23, 20, 190538).
cost(23, 21, 353138).
cost(23, 22, 208630).
cost(23, 24, 36581).
cost(23, 25, 502082).
cost(23, 26, 104689).
cost(23, 27, 244531).
cost(24, 1, 208392).
cost(24, 2, 183421).
cost(24, 3, 160996).
cost(24, 4, 297563).
cost(24, 5, 418841).
cost(24, 6, 462435).
cost(24, 7, 501599).
cost(24, 8, 60498).
cost(24, 9, 412055).
cost(24, 10, 158963).
cost(24, 11, 180834).
cost(24, 12, 175887).
cost(24, 13, 246360).
cost(24, 14, 53302).
cost(24, 15, 60668).
cost(24, 16, 159207).
cost(24, 17, 179656).
cost(24, 18, 87163).
cost(24, 19, 193696).
cost(24, 20, 154317).
cost(24, 21, 353655).
cost(24, 22, 237751).
cost(24, 23, 36581).
cost(24, 25, 478455).
cost(24, 26, 78550).
cost(24, 27, 245969).
cost(25, 1, 441665).
cost(25, 2, 353540).
cost(25, 3, 317746).
cost(25, 4, 440423).
cost(25, 5, 485452).
cost(25, 6, 286161).
cost(25, 7, 743560).
cost(25, 8, 425630).
cost(25, 9, 595034).
cost(25, 10, 538047).
cost(25, 11, 390625).
cost(25, 12, 404876).
cost(25, 13, 672163).
cost(25, 14, 479159).
cost(25, 15, 477447).
cost(25, 16, 609291).
cost(25, 17, 561158).
cost(25, 18, 456055).
cost(25, 19, 292430).
cost(25, 20, 379244).
cost(25, 21, 322348).
cost(25, 22, 549254).
cost(25, 23, 502082).
cost(25, 24, 478455).
cost(25, 26, 399944).
cost(25, 27, 699212).
cost(26, 1, 189833).
cost(26, 2, 129290).
cost(26, 3, 82910).
cost(26, 4, 270594).
cost(26, 5, 390099).
cost(26, 6, 399461).
cost(26, 7, 517085).
cost(26, 8, 38979).
cost(26, 9, 408362).
cost(26, 10, 191117).
cost(26, 11, 142603).
cost(26, 12, 143883).
cost(26, 13, 307080).
cost(26, 14, 94336).
cost(26, 15, 93872).
cost(26, 16, 224155).
cost(26, 17, 219181).
cost(26, 18, 97265).
cost(26, 19, 119124).
cost(26, 20, 112199).
cost(26, 21, 298515).
cost(26, 22, 253524).
cost(26, 23, 104689).
cost(26, 24, 78550).
cost(26, 25, 399944).
cost(26, 27, 316234).
cost(27, 1, 433314).
cost(27, 2, 428749).
cost(27, 3, 389122).
cost(27, 4, 522360).
cost(27, 5, 639243).
cost(27, 6, 708138).
cost(27, 7, 640355).
cost(27, 8, 281612).
cost(27, 9, 597197).
cost(27, 10, 332809).
cost(27, 11, 421157).
cost(27, 12, 413486).
cost(27, 13, 62003).
cost(27, 14, 224457).
cost(27, 15, 286349).
cost(27, 16, 248031).
cost(27, 17, 157529).
cost(27, 18, 243191).
cost(27, 19, 407255).
cost(27, 20, 323346).
cost(27, 21, 597283).
cost(27, 22, 414578).
cost(27, 23, 244531).
cost(27, 24, 245969).
cost(27, 25, 699212).
cost(27, 26, 316234).
nocross(1,4).
nocross(1,10).
nocross(1,11).
nocross(1,12).
nocross(1,15).
nocross(1,22).
nocross(1,26).
nocross(2,11).
nocross(2,12).
nocross(2,15).
nocross(2,23).
nocross(2,24).
nocross(2,26).
nocross(3,2).
nocross(3,11).
nocross(3,12).
nocross(3,15).
nocross(3,18).
nocross(4,1).
nocross(4,9).
nocross(4,10).
nocross(4,11).
nocross(4,12).
nocross(4,15).
nocross(4,21).
nocross(4,22).
nocross(4,26).
nocross(5,6).
nocross(8,2).
nocross(8,3).
nocross(8,11).
nocross(8,12).
nocross(8,14).
nocross(8,15).
nocross(8,18).
nocross(8,19).
nocross(8,23).
nocross(8,24).
nocross(8,26).
nocross(9,1).
nocross(9,2).
nocross(9,4).
nocross(9,5).
nocross(9,11).
nocross(9,12).
nocross(9,15).
nocross(9,22).
nocross(9,26).
nocross(10,1).
nocross(10,2).
nocross(10,3).
nocross(10,11).
nocross(10,12).
nocross(10,15).
nocross(10,16).
nocross(10,22).
nocross(10,23).
nocross(10,26).
nocross(11,2).
nocross(11,12).
nocross(11,15).
nocross(11,23).
nocross(11,24).
nocross(11,26).
nocross(12,1).
nocross(12,2).
nocross(12,10).
nocross(12,11).
nocross(12,15).
nocross(12,23).
nocross(12,26).
nocross(14,8).
nocross(14,11).
nocross(14,15).
nocross(14,16).
nocross(14,17).
nocross(14,18).
nocross(14,19).
nocross(14,23).
nocross(14,24).
nocross(14,26).
nocross(15,2).
nocross(15,11).
nocross(15,12).
nocross(15,16).
nocross(15,26).
nocross(16,10).
nocross(16,11).
nocross(16,12).
nocross(16,14).
nocross(16,15).
nocross(16,22).
nocross(16,23).
nocross(17,11).
nocross(17,14).
nocross(17,16).
nocross(17,18).
nocross(17,23).
nocross(17,24).
nocross(18,3).
nocross(18,8).
nocross(18,11).
nocross(18,14).
nocross(18,15).
nocross(18,17).
nocross(18,23).
nocross(18,24).
nocross(18,26).
nocross(20,2).
nocross(20,8).
nocross(20,11).
nocross(20,14).
nocross(20,17).
nocross(20,18).
nocross(20,19).
nocross(20,24).
nocross(20,26).
nocross(21,1).
nocross(21,2).
nocross(21,4).
nocross(21,5).
nocross(21,11).
nocross(21,15).
nocross(21,26).
nocross(22,1).
nocross(22,2).
nocross(22,4).
nocross(22,9).
nocross(22,10).
nocross(22,11).
nocross(22,12).
nocross(22,15).
nocross(22,16).
nocross(22,23).
nocross(22,26).
nocross(23,8).
nocross(23,11).
nocross(23,15).
nocross(23,16).
nocross(23,24).
nocross(23,26).
nocross(24,11).
nocross(24,14).
nocross(24,15).
nocross(24,18).
nocross(24,23).
nocross(25,2).
nocross(25,3).
nocross(25,5).
nocross(25,6).
nocross(25,11).
nocross(25,15).
nocross(25,19).
nocross(25,21).
nocross(26,2).
nocross(26,8).
nocross(26,11).
nocross(26,12).
nocross(26,15).
