dimension(27).
point(1, 17405.0, -147892.0).
point(2, -141251.0, -21094.0).
point(3, 66011.0, 335723.0).
point(4, -41965.0, -67548.0).
point(5, 10544.0, 309528.0).
point(6, -134457.0, 44047.0).
point(7, 125083.0, -155684.0).
point(8, 114301.0, -99267.0).
point(9, -102129.0, 397196.0).
point(10, 306844.0, 15571.0).
point(11, -145057.0, 316643.0).
point(12, -57890.0, -207495.0).
point(13, 313136.0, 157288.0).
point(14, -205690.0, -103676.0).
point(15, 122870.0, 111873.0).
point(16, 112618.0, 28632.0).
point(17, 187680.0, 98517.0).
point(18, 216727.0, 58813.0).
point(19, 15681.0, 126996.0).
point(20, 32884.0, -269621.0).
point(21, -204618.0, -28625.0).
point(22, -252310.0, -374662.0).
point(23, -6620.0, 86099.0).
point(24, 104908.0, -20559.0).
point(25, -70459.0, 83463.0).
point(26, -240675.0, 196234.0).
point(27, 2159.0, -291723.0).
cost(1, 2, 203100).
cost(1, 3, 486051).
cost(1, 4, 99900).
cost(1, 5, 457471).
cost(1, 6, 244750).
cost(1, 7, 107960).
cost(1, 8, 108412).
cost(1, 9, 558041).
cost(1, 10, 332408).
cost(1, 11, 492125).
cost(1, 12, 96030).
cost(1, 13, 424961).
cost(1, 14, 227434).
cost(1, 15, 280358).
cost(1, 16, 200565).
cost(1, 17, 299518).
cost(1, 18, 287152).
cost(1, 19, 274893).
cost(1, 20, 122709).
cost(1, 21, 252029).
cost(1, 22, 352379).
cost(1, 23, 235221).
cost(1, 24, 154501).
cost(1, 25, 247478).
cost(1, 26, 430149).
cost(1, 27, 144637).
cost(2, 1, 203100).
cost(2, 3, 412645).
cost(2, 4, 109616).
cost(2, 5, 363803).
cost(2, 6, 65494).
cost(2, 7, 298410).
cost(2, 8, 267241).
cost(2, 9, 420116).
cost(2, 10, 449593).
cost(2, 11, 337758).
cost(2, 12, 204192).
cost(2, 13, 488147).
cost(2, 14, 104748).
cost(2, 15, 295703).
cost(2, 16, 258693).
cost(2, 17, 350003).
cost(2, 18, 366788).
cost(2, 19, 215774).
cost(2, 20, 303461).
cost(2, 21, 63813).
cost(2, 22, 370600).
cost(2, 23, 172093).
cost(2, 24, 246160).
cost(2, 25, 126268).
cost(2, 26, 238991).
cost(2, 27, 306278).
cost(3, 1, 486051).
cost(3, 2, 412645).
cost(3, 4, 417476).
cost(3, 5, 61341).
cost(3, 6, 353924).
cost(3, 7, 494945).
cost(3, 8, 437662).
cost(3, 9, 179025).
cost(3, 10, 400622).
cost(3, 11, 211929).
cost(3, 12, 557169).
cost(3, 13, 304811).
cost(3, 14, 516617).
cost(3, 15, 230958).
cost(3, 16, 310608).
cost(3, 17, 266590).
cost(3, 18, 315269).
cost(3, 19, 214709).
cost(3, 20, 606250).
cost(3, 21, 453861).
cost(3, 22, 778444).
cost(3, 23, 259976).
cost(3, 24, 358399).
cost(3, 25, 286809).
cost(3, 26, 336918).
cost(3, 27, 630687).
cost(4, 1, 99900).
cost(4, 2, 109616).
cost(4, 3, 417476).
cost(4, 5, 380714).
cost(4, 6, 144942).
cost(4, 7, 188873).
cost(4, 8, 159453).
cost(4, 9, 468622).
cost(4, 10, 358576).
cost(4, 11, 397782).
cost(4, 12, 140850).
cost(4, 13, 420295).
cost(4, 14, 167664).
cost(4, 15, 243644).
cost(4, 16, 182062).
cost(4, 17, 283398).
cost(4, 18, 287904).
cost(4, 19, 202905).
cost(4, 20, 215490).
cost(4, 21, 167245).
cost(4, 22, 372242).
cost(4, 23, 157660).
cost(4, 24, 154206).
cost(4, 25, 153676).
cost(4, 26, 330252).
cost(4, 27, 228476).
cost(5, 1, 457471).
cost(5, 2, 363803).
cost(5, 3, 61341).
cost(5, 4, 380714).
cost(5, 6, 302499).
cost(5, 7, 479105).
cost(5, 8, 421757).
cost(5, 9, 142762).
cost(5, 10, 417378).
cost(5, 11, 155764).
cost(5, 12, 521532).
cost(5, 13, 338731).
cost(5, 14, 466363).
cost(5, 15, 227343).
cost(5, 16, 298867).
cost(5, 17, 275505).
cost(5, 18, 324607).
cost(5, 19, 182604).
cost(5, 20, 579580).
cost(5, 21, 400802).
cost(5, 22, 732945).
cost(5, 23, 224087).
cost(5, 24, 343310).
cost(5, 25, 240139).
cost(5, 26, 275584).
cost(5, 27, 601309).
cost(6, 1, 244750).
cost(6, 2, 65494).
cost(6, 3, 353924).
cost(6, 4, 144942).
cost(6, 5, 302499).
cost(6, 7, 327496).
cost(6, 8, 287088).
cost(6, 9, 354626).
cost(6, 10, 442219).
cost(6, 11, 272802).
cost(6, 12, 262937).
cost(6, 13, 461696).
cost(6, 14, 164001).
cost(6, 15, 266116).
cost(6, 16, 247555).
cost(6, 17, 326710).
cost(6, 18, 351494).
cost(6, 19, 171528).
cost(6, 20, 355515).
cost(6, 21, 101014).
cost(6, 22, 434979).
cost(6, 23, 134576).
cost(6, 24, 247931).
cost(6, 25, 75162).
cost(6, 26, 185589).
cost(6, 27, 362499).
cost(7, 1, 107960).
cost(7, 2, 298410).
cost(7, 3, 494945).
cost(7, 4, 188873).
cost(7, 5, 479105).
cost(7, 6, 327496).
cost(7, 8, 57438).
cost(7, 9, 597747).
cost(7, 10, 249731).
cost(7, 11, 544122).
cost(7, 12, 190167).
cost(7, 13, 365124).
cost(7, 14, 334837).
cost(7, 15, 267566).
cost(7, 16, 184737).
cost(7, 17, 261795).
cost(7, 18, 233254).
cost(7, 19, 303112).
cost(7, 20, 146568).
cost(7, 21, 353337).
cost(7, 22, 436322).
cost(7, 23, 275327).
cost(7, 24, 136623).
cost(7, 25, 308914).
cost(7, 26, 507568).
cost(7, 27, 183349).
cost(8, 1, 108412).
cost(8, 2, 267241).
cost(8, 3, 437662).
cost(8, 4, 159453).
cost(8, 5, 421757).
cost(8, 6, 287088).
cost(8, 7, 57438).
cost(8, 9, 541588).
cost(8, 10, 224189).
cost(8, 11, 490151).
cost(8, 12, 203379).
cost(8, 13, 324586).
cost(8, 14, 320021).
cost(8, 15, 211314).
cost(8, 16, 127910).
cost(8, 17, 210957).
cost(8, 18, 188362).
cost(8, 19, 246821).
cost(8, 20, 188810).
cost(8, 21, 326649).
cost(8, 22, 458526).
cost(8, 23, 221320).
cost(8, 24, 79266).
cost(8, 25, 259859).
cost(8, 26, 461875).
cost(8, 27, 222745).
cost(9, 1, 558041).
cost(9, 2, 420116).
cost(9, 3, 179025).
cost(9, 4, 468622).
cost(9, 5, 142762).
cost(9, 6, 354626).
cost(9, 7, 597747).
cost(9, 8, 541588).
cost(9, 10, 559372).
cost(9, 11, 91278).
cost(9, 12, 606307).
cost(9, 13, 479584).
cost(9, 14, 511466).
cost(9, 15, 363365).
cost(9, 16, 426563).
cost(9, 17, 416171).
cost(9, 18, 464943).
cost(9, 19, 294766).
cost(9, 20, 680348).
cost(9, 21, 437981).
cost(9, 22, 786333).
cost(9, 23, 325428).
cost(9, 24, 466244).
cost(9, 25, 315327).
cost(9, 26, 244092).
cost(9, 27, 696768).
cost(10, 1, 332408).
cost(10, 2, 449593).
cost(10, 3, 400622).
cost(10, 4, 358576).
cost(10, 5, 417378).
cost(10, 6, 442219).
cost(10, 7, 249731).
cost(10, 8, 224189).
cost(10, 9, 559372).
cost(10, 11, 543009).
cost(10, 12, 427539).
cost(10, 13, 141857).
cost(10, 14, 526223).
cost(10, 15, 207655).
cost(10, 16, 194665).
cost(10, 17, 145190).
cost(10, 18, 99955).
cost(10, 19, 311755).
cost(10, 20, 395460).
cost(10, 21, 513368).
cost(10, 22, 681861).
cost(10, 23, 321300).
cost(10, 24, 205143).
cost(10, 25, 383363).
cost(10, 26, 576555).
cost(10, 27, 432738).
cost(11, 1, 492125).
cost(11, 2, 337758).
cost(11, 3, 211929).
cost(11, 4, 397782).
cost(11, 5, 155764).
cost(11, 6, 272802).
cost(11, 7, 544122).
cost(11, 8, 490151).
cost(11, 9, 91278).
cost(11, 10, 543009).
cost(11, 12, 531337).
cost(11, 13, 485113).
cost(11, 14, 424670).
cost(11, 15, 337217).
cost(11, 16, 386454).
cost(11, 17, 397860).
cost(11, 18, 444257).
cost(11, 19, 248601).
cost(11, 20, 612673).
cost(11, 21, 350368).
cost(11, 22, 699575).
cost(11, 23, 268915).
cost(11, 24, 419747).
cost(11, 25, 244822).
cost(11, 26, 153757).
cost(11, 27, 625925).
cost(12, 1, 96030).
cost(12, 2, 204192).
cost(12, 3, 557169).
cost(12, 4, 140850).
cost(12, 5, 521532).
cost(12, 6, 262937).
cost(12, 7, 190167).
cost(12, 8, 203379).
cost(12, 9, 606307).
cost(12, 10, 427539).
cost(12, 11, 531337).
cost(12, 13, 520314).
cost(12, 14, 180619).
cost(12, 15, 366974).
cost(12, 16, 291254).
cost(12, 17, 392362).
cost(12, 18, 382537).
cost(12, 19, 342486).
cost(12, 20, 109998).
cost(12, 21, 231352).
cost(12, 22, 256406).
cost(12, 23, 298037).
cost(12, 24, 247888).
cost(12, 25, 291229).
cost(12, 26, 443179).
cost(12, 27, 103442).
cost(13, 1, 424961).
cost(13, 2, 488147).
cost(13, 3, 304811).
cost(13, 4, 420295).
cost(13, 5, 338731).
cost(13, 6, 461696).
cost(13, 7, 365124).
cost(13, 8, 324586).
cost(13, 9, 479584).
cost(13, 10, 141857).
cost(13, 11, 485113).
cost(13, 12, 520314).
cost(13, 14, 580760).
cost(13, 15, 195611).
cost(13, 16, 238243).
cost(13, 17, 138540).
cost(13, 18, 137812).
cost(13, 19, 298993).
cost(13, 20, 510678).
cost(13, 21, 550121).
cost(13, 22, 776338).
cost(13, 23, 327585).
cost(13, 24, 273840).
cost(13, 25, 390634).
cost(13, 26, 555179).
cost(13, 27, 546185).
cost(14, 1, 227434).
cost(14, 2, 104748).
cost(14, 3, 516617).
cost(14, 4, 167664).
cost(14, 5, 466363).
cost(14, 6, 164001).
cost(14, 7, 334837).
cost(14, 8, 320021).
cost(14, 9, 511466).
cost(14, 10, 526223).
cost(14, 11, 424670).
cost(14, 12, 180619).
cost(14, 13, 580760).
cost(14, 15, 392954).
cost(14, 16, 344711).
cost(14, 17, 442292).
cost(14, 18, 452591).
cost(14, 19, 319710).
cost(14, 20, 290612).
cost(14, 21, 75059).
cost(14, 22, 274967).
cost(14, 23, 275033).
cost(14, 24, 321527).
cost(14, 25, 230886).
cost(14, 26, 301944).
cost(14, 27, 280291).
cost(15, 1, 280358).
cost(15, 2, 295703).
cost(15, 3, 230958).
cost(15, 4, 243644).
cost(15, 5, 227343).
cost(15, 6, 266116).
cost(15, 7, 267566).
cost(15, 8, 211314).
cost(15, 9, 363365).
cost(15, 10, 207655).
cost(15, 11, 337217).
cost(15, 12, 366974).
cost(15, 13, 195611).
cost(15, 14, 392954).
cost(15, 16, 83870).
cost(15, 17, 66172).
cost(15, 18, 107817).
cost(15, 19, 108251).
cost(15, 20, 391963).
cost(15, 21, 356354).
cost(15, 22, 614391).
cost(15, 23, 132030).
cost(15, 24, 133645).
cost(15, 25, 195405).
cost(15, 26, 373205).
cost(15, 27, 421261).
cost(16, 1, 200565).
cost(16, 2, 258693).
cost(16, 3, 310608).
cost(16, 4, 182062).
cost(16, 5, 298867).
cost(16, 6, 247555).
cost(16, 7, 184737).
cost(16, 8, 127910).
cost(16, 9, 426563).
cost(16, 10, 194665).
cost(16, 11, 386454).
cost(16, 12, 291254).
cost(16, 13, 238243).
cost(16, 14, 344711).
cost(16, 15, 83870).
cost(16, 17, 102558).
cost(16, 18, 108395).
cost(16, 19, 138102).
cost(16, 20, 308727).
cost(16, 21, 322362).
cost(16, 22, 543892).
cost(16, 23, 132364).
cost(16, 24, 49792).
cost(16, 25, 191112).
cost(16, 26, 391032).
cost(16, 27, 338864).
cost(17, 1, 299518).
cost(17, 2, 350003).
cost(17, 3, 266590).
cost(17, 4, 283398).
cost(17, 5, 275505).
cost(17, 6, 326710).
cost(17, 7, 261795).
cost(17, 8, 210957).
cost(17, 9, 416171).
cost(17, 10, 145190).
cost(17, 11, 397860).
cost(17, 12, 392362).
cost(17, 13, 138540).
cost(17, 14, 442292).
cost(17, 15, 66172).
cost(17, 16, 102558).
cost(17, 18, 49195).
cost(17, 19, 174341).
cost(17, 20, 399359).
cost(17, 21, 412387).
cost(17, 22, 646134).
cost(17, 23, 194696).
cost(17, 24, 145018).
cost(17, 25, 258578).
cost(17, 26, 439359).
cost(17, 27, 432094).
cost(18, 1, 287152).
cost(18, 2, 366788).
cost(18, 3, 315269).
cost(18, 4, 287904).
cost(18, 5, 324607).
cost(18, 6, 351494).
cost(18, 7, 233254).
cost(18, 8, 188362).
cost(18, 9, 464943).
cost(18, 10, 99955).
cost(18, 11, 444257).
cost(18, 12, 382537).
cost(18, 13, 137812).
cost(18, 14, 452591).
cost(18, 15, 107817).
cost(18, 16, 108395).
cost(18, 17, 49195).
cost(18, 19, 212293).
cost(18, 20, 376387).
cost(18, 21, 430322).
cost(18, 22, 638668).
cost(18, 23, 225008).
cost(18, 24, 137126).
cost(18, 25, 288242).
cost(18, 26, 477599).
cost(18, 27, 410993).
cost(19, 1, 274893).
cost(19, 2, 215774).
cost(19, 3, 214709).
cost(19, 4, 202905).
cost(19, 5, 182604).
cost(19, 6, 171528).
cost(19, 7, 303112).
cost(19, 8, 246821).
cost(19, 9, 294766).
cost(19, 10, 311755).
cost(19, 11, 248601).
cost(19, 12, 342486).
cost(19, 13, 298993).
cost(19, 14, 319710).
cost(19, 15, 108251).
cost(19, 16, 138102).
cost(19, 17, 174341).
cost(19, 18, 212293).
cost(19, 20, 396990).
cost(19, 21, 269721).
cost(19, 22, 568753).
cost(19, 23, 46582).
cost(19, 24, 172435).
cost(19, 25, 96515).
cost(19, 26, 265542).
cost(19, 27, 418937).
cost(20, 1, 122709).
cost(20, 2, 303461).
cost(20, 3, 606250).
cost(20, 4, 215490).
cost(20, 5, 579580).
cost(20, 6, 355515).
cost(20, 7, 146568).
cost(20, 8, 188810).
cost(20, 9, 680348).
cost(20, 10, 395460).
cost(20, 11, 612673).
cost(20, 12, 109998).
cost(20, 13, 510678).
cost(20, 14, 290612).
cost(20, 15, 391963).
cost(20, 16, 308727).
cost(20, 17, 399359).
cost(20, 18, 376387).
cost(20, 19, 396990).
cost(20, 21, 338358).
cost(20, 22, 303923).
cost(20, 23, 357907).
cost(20, 24, 259267).
cost(20, 25, 367897).
cost(20, 26, 540236).
cost(20, 27, 37849).
cost(21, 1, 252029).
cost(21, 2, 63813).
cost(21, 3, 453861).
cost(21, 4, 167245).
cost(21, 5, 400802).
cost(21, 6, 101014).
cost(21, 7, 353337).
cost(21, 8, 326649).
cost(21, 9, 437981).
cost(21, 10, 513368).
cost(21, 11, 350368).
cost(21, 12, 231352).
cost(21, 13, 550121).
cost(21, 14, 75059).
cost(21, 15, 356354).
cost(21, 16, 322362).
cost(21, 17, 412387).
cost(21, 18, 430322).
cost(21, 19, 269721).
cost(21, 20, 338358).
cost(21, 22, 349308).
cost(21, 23, 228834).
cost(21, 24, 309631).
cost(21, 25, 174821).
cost(21, 26, 227732).
cost(21, 27, 334630).
cost(22, 1, 352379).
cost(22, 2, 370600).
cost(22, 3, 778444).
cost(22, 4, 372242).
cost(22, 5, 732945).
cost(22, 6, 434979).
cost(22, 7, 436322).
cost(22, 8, 458526).
cost(22, 9, 786333).
cost(22, 10, 681861).
cost(22, 11, 699575).
cost(22, 12, 256406).
cost(22, 13, 776338).
cost(22, 14, 274967).
cost(22, 15, 614391).
cost(22, 16, 543892).
cost(22, 17, 646134).
cost(22, 18, 638668).
cost(22, 19, 568753).
cost(22, 20, 303923).
cost(22, 21, 349308).
cost(22, 23, 522173).
cost(22, 24, 502985).
cost(22, 25, 492898).
cost(22, 26, 571015).
cost(22, 27, 267644).
cost(23, 1, 235221).
cost(23, 2, 172093).
cost(23, 3, 259976).
cost(23, 4, 157660).
cost(23, 5, 224087).
cost(23, 6, 134576).
cost(23, 7, 275327).
cost(23, 8, 221320).
cost(23, 9, 325428).
cost(23, 10, 321300).
cost(23, 11, 268915).
cost(23, 12, 298037).
cost(23, 13, 327585).
cost(23, 14, 275033).
cost(23, 15, 132030).
cost(23, 16, 132364).
cost(23, 17, 194696).
cost(23, 18, 225008).
cost(23, 19, 46582).
cost(23, 20, 357907).
cost(23, 21, 228834).
cost(23, 22, 522173).
cost(23, 24, 154319).
cost(23, 25, 63893).
cost(23, 26, 258672).
cost(23, 27, 377924).
cost(24, 1, 154501).
cost(24, 2, 246160).
cost(24, 3, 358399).
cost(24, 4, 154206).
cost(24, 5, 343310).
cost(24, 6, 247931).
cost(24, 7, 136623).
cost(24, 8, 79266).
cost(24, 9, 466244).
cost(24, 10, 205143).
cost(24, 11, 419747).
cost(24, 12, 247888).
cost(24, 13, 273840).
cost(24, 14, 321527).
cost(24, 15, 133645).
cost(24, 16, 49792).
cost(24, 17, 145018).
cost(24, 18, 137126).
cost(24, 19, 172435).
cost(24, 20, 259267).
cost(24, 21, 309631).
cost(24, 22, 502985).
cost(24, 23, 154319).
cost(24, 25, 203897).
cost(24, 26, 407954).
cost(24, 27, 289978).
cost(25, 1, 247478).
cost(25, 2, 126268).
cost(25, 3, 286809).
cost(25, 4, 153676).
cost(25, 5, 240139).
cost(25, 6, 75162).
cost(25, 7, 308914).
cost(25, 8, 259859).
cost(25, 9, 315327).
cost(25, 10, 383363).
cost(25, 11, 244822).
cost(25, 12, 291229).
cost(25, 13, 390634).
cost(25, 14, 230886).
cost(25, 15, 195405).
cost(25, 16, 191112).
cost(25, 17, 258578).
cost(25, 18, 288242).
cost(25, 19, 96515).
cost(25, 20, 367897).
cost(25, 21, 174821).
cost(25, 22, 492898).
cost(25, 23, 63893).
cost(25, 24, 203897).
cost(25, 26, 204183).
cost(25, 27, 382149).
cost(26, 1, 430149).
cost(26, 2, 238991).
cost(26, 3, 336918).
cost(26, 4, 330252).
cost(26, 5, 275584).
cost(26, 6, 185589).
cost(26, 7, 507568).
cost(26, 8, 461875).
cost(26, 9, 244092).
cost(26, 10, 576555).
cost(26, 11, 153757).
cost(26, 12, 443179).
cost(26, 13, 555179).
cost(26, 14, 301944).
cost(26, 15, 373205).
cost(26, 16, 391032).
cost(26, 17, 439359).
cost(26, 18, 477599).
cost(26, 19, 265542).
cost(26, 20, 540236).
cost(26, 21, 227732).
cost(26, 22, 571015).
cost(26, 23, 258672).
cost(26, 24, 407954).
cost(26, 25, 204183).
cost(26, 27, 545042).
cost(27, 1, 144637).
cost(27, 2, 306278).
cost(27, 3, 630687).
cost(27, 4, 228476).
cost(27, 5, 601309).
cost(27, 6, 362499).
cost(27, 7, 183349).
cost(27, 8, 222745).
cost(27, 9, 696768).
cost(27, 10, 432738).
cost(27, 11, 625925).
cost(27, 12, 103442).
cost(27, 13, 546185).
cost(27, 14, 280291).
cost(27, 15, 421261).
cost(27, 16, 338864).
cost(27, 17, 432094).
cost(27, 18, 410993).
cost(27, 19, 418937).
cost(27, 20, 37849).
cost(27, 21, 334630).
cost(27, 22, 267644).
cost(27, 23, 377924).
cost(27, 24, 289978).
cost(27, 25, 382149).
cost(27, 26, 545042).
nocross(1,7).
nocross(1,8).
nocross(1,12).
nocross(1,14).
nocross(1,24).
nocross(1,27).
nocross(2,1).
nocross(2,12).
nocross(2,25).
nocross(2,27).
nocross(3,5).
nocross(3,9).
nocross(3,16).
nocross(3,19).
nocross(4,8).
nocross(4,14).
nocross(4,16).
nocross(4,19).
nocross(4,20).
nocross(4,24).
nocross(4,27).
nocross(5,3).
nocross(5,9).
nocross(5,19).
nocross(5,25).
nocross(6,2).
nocross(6,21).
nocross(6,25).
nocross(7,8).
nocross(7,10).
nocross(7,17).
nocross(7,27).
nocross(8,7).
nocross(8,10).
nocross(8,17).
nocross(8,27).
nocross(9,5).
nocross(9,11).
nocross(9,19).
nocross(10,7).
nocross(10,8).
nocross(10,16).
nocross(10,17).
nocross(10,18).
nocross(10,24).
nocross(11,5).
nocross(11,9).
nocross(11,19).
nocross(11,26).
nocross(12,4).
nocross(12,7).
nocross(12,14).
nocross(12,20).
nocross(12,27).
nocross(13,3).
nocross(13,10).
nocross(13,17).
nocross(13,18).
nocross(14,2).
nocross(14,4).
nocross(14,12).
nocross(14,21).
nocross(15,3).
nocross(15,5).
nocross(15,16).
nocross(15,17).
nocross(15,19).
nocross(16,10).
nocross(16,15).
nocross(16,17).
nocross(17,8).
nocross(17,10).
nocross(17,13).
nocross(17,15).
nocross(17,16).
nocross(17,18).
nocross(17,19).
nocross(17,24).
nocross(18,7).
nocross(18,8).
nocross(18,15).
nocross(18,16).
nocross(18,17).
nocross(18,24).
nocross(19,15).
nocross(19,16).
nocross(19,23).
nocross(19,25).
nocross(20,7).
nocross(20,8).
nocross(20,12).
nocross(20,27).
nocross(21,2).
nocross(21,6).
nocross(21,12).
nocross(21,14).
nocross(22,12).
nocross(22,27).
nocross(23,4).
nocross(23,5).
nocross(23,8).
nocross(23,15).
nocross(23,16).
nocross(23,17).
nocross(23,19).
nocross(23,25).
nocross(24,8).
nocross(24,16).
nocross(24,27).
nocross(25,2).
nocross(25,5).
nocross(25,6).
nocross(25,9).
nocross(25,19).
nocross(25,21).
nocross(25,23).
nocross(26,5).
nocross(26,6).
nocross(26,9).
nocross(26,11).
nocross(26,19).
nocross(26,21).
nocross(26,25).
nocross(27,7).
nocross(27,12).
