dimension(27).
point(1, -247783.0, -168633.0).
point(2, -16452.0, 440401.0).
point(3, 413545.0, -32720.0).
point(4, 220495.0, -80744.0).
point(5, -130218.0, -90378.0).
point(6, -228043.0, 81984.0).
point(7, -287608.0, -361827.0).
point(8, -38933.0, -41002.0).
point(9, 58189.0, -108035.0).
point(10, -263458.0, -263161.0).
point(11, -306862.0, 132948.0).
point(12, 207975.0, -61803.0).
point(13, 113332.0, 358505.0).
point(14, 128707.0, 89014.0).
point(15, 178369.0, 315628.0).
point(16, -21299.0, 163542.0).
point(17, -52144.0, -146627.0).
point(18, -109893.0, -9767.0).
point(19, -122612.0, 51788.0).
point(20, 69931.0, 134241.0).
point(21, 86257.0, 476408.0).
point(22, -330163.0, 140671.0).
point(23, -7774.0, 4174.0).
point(24, 265369.0, 219596.0).
point(25, 265037.0, -87848.0).
point(26, 105251.0, -4232.0).
point(27, 210222.0, 145887.0).
cost(1, 2, 651488).
cost(1, 3, 675150).
cost(1, 4, 476454).
cost(1, 5, 141228).
cost(1, 6, 251393).
cost(1, 7, 197256).
cost(1, 8, 244761).
cost(1, 9, 311915).
cost(1, 10, 95819).
cost(1, 11, 307313).
cost(1, 12, 468111).
cost(1, 13, 638967).
cost(1, 14, 456209).
cost(1, 15, 645069).
cost(1, 16, 402039).
cost(1, 17, 196873).
cost(1, 18, 210362).
cost(1, 19, 253482).
cost(1, 20, 438947).
cost(1, 21, 726403).
cost(1, 22, 320087).
cost(1, 23, 295747).
cost(1, 24, 643465).
cost(1, 25, 519144).
cost(1, 26, 389436).
cost(1, 27, 555600).
cost(2, 1, 651488).
cost(2, 3, 639328).
cost(2, 4, 572482).
cost(2, 5, 542834).
cost(2, 6, 416213).
cost(2, 7, 846815).
cost(2, 8, 481928).
cost(2, 9, 553492).
cost(2, 10, 745662).
cost(2, 11, 422925).
cost(2, 12, 550069).
cost(2, 13, 153463).
cost(2, 14, 380189).
cost(2, 15, 231352).
cost(2, 16, 276901).
cost(2, 17, 588112).
cost(2, 18, 459763).
cost(2, 19, 402852).
cost(2, 20, 318113).
cost(2, 21, 108838).
cost(2, 22, 433881).
cost(2, 23, 436313).
cost(2, 24, 358019).
cost(2, 25, 598568).
cost(2, 26, 460988).
cost(2, 27, 371644).
cost(3, 1, 675150).
cost(3, 2, 639328).
cost(3, 4, 198934).
cost(3, 5, 546811).
cost(3, 6, 651761).
cost(3, 7, 774550).
cost(3, 8, 452554).
cost(3, 9, 363250).
cost(3, 10, 715148).
cost(3, 11, 739210).
cost(3, 12, 207617).
cost(3, 13, 493138).
cost(3, 14, 309761).
cost(3, 15, 420302).
cost(3, 16, 477083).
cost(3, 17, 479417).
cost(3, 18, 523941).
cost(3, 19, 542776).
cost(3, 20, 382030).
cost(3, 21, 605251).
cost(3, 22, 763653).
cost(3, 23, 422931).
cost(3, 24, 292608).
cost(3, 25, 158410).
cost(3, 26, 309607).
cost(3, 27, 270630).
cost(4, 1, 476454).
cost(4, 2, 572482).
cost(4, 3, 198934).
cost(4, 5, 350845).
cost(4, 6, 477144).
cost(4, 7, 580669).
cost(4, 8, 262454).
cost(4, 9, 164584).
cost(4, 10, 517191).
cost(4, 11, 569008).
cost(4, 12, 22705).
cost(4, 13, 452132).
cost(4, 14, 192984).
cost(4, 15, 398604).
cost(4, 16, 343715).
cost(4, 17, 280486).
cost(4, 18, 337926).
cost(4, 19, 367814).
cost(4, 20, 262465).
cost(4, 21, 573095).
cost(4, 22, 593506).
cost(4, 23, 243552).
cost(4, 24, 303674).
cost(4, 25, 45105).
cost(4, 26, 138330).
cost(4, 27, 226864).
cost(5, 1, 141228).
cost(5, 2, 542834).
cost(5, 3, 546811).
cost(5, 4, 350845).
cost(5, 6, 198188).
cost(5, 7, 313777).
cost(5, 8, 103783).
cost(5, 9, 189233).
cost(5, 10, 218190).
cost(5, 11, 284741).
cost(5, 12, 339398).
cost(5, 13, 510698).
cost(5, 14, 314998).
cost(5, 15, 509967).
cost(5, 16, 276295).
cost(5, 17, 96226).
cost(5, 18, 83134).
cost(5, 19, 142369).
cost(5, 20, 300854).
cost(5, 21, 606719).
cost(5, 22, 305551).
cost(5, 23, 154702).
cost(5, 24, 502566).
cost(5, 25, 395263).
cost(5, 26, 250732).
cost(5, 27, 414392).
cost(6, 1, 251393).
cost(6, 2, 416213).
cost(6, 3, 651761).
cost(6, 4, 477144).
cost(6, 5, 198188).
cost(6, 7, 447790).
cost(6, 8, 225584).
cost(6, 9, 343564).
cost(6, 10, 346957).
cost(6, 11, 93860).
cost(6, 12, 459115).
cost(6, 13, 439319).
cost(6, 14, 356819).
cost(6, 15, 468786).
cost(6, 16, 222249).
cost(6, 17, 288450).
cost(6, 18, 149592).
cost(6, 19, 109670).
cost(6, 20, 302522).
cost(6, 21, 504336).
cost(6, 22, 117782).
cost(6, 23, 233608).
cost(6, 24, 512243).
cost(6, 25, 521508).
cost(6, 26, 344265).
cost(6, 27, 442899).
cost(7, 1, 197256).
cost(7, 2, 846815).
cost(7, 3, 774550).
cost(7, 4, 580669).
cost(7, 5, 313777).
cost(7, 6, 447790).
cost(7, 8, 405916).
cost(7, 9, 428936).
cost(7, 10, 101579).
cost(7, 11, 495149).
cost(7, 12, 579325).
cost(7, 13, 824397).
cost(7, 14, 613658).
cost(7, 15, 822241).
cost(7, 16, 589010).
cost(7, 17, 318990).
cost(7, 18, 394371).
cost(7, 19, 445310).
cost(7, 20, 611488).
cost(7, 21, 917831).
cost(7, 22, 504297).
cost(7, 23, 460721).
cost(7, 24, 802394).
cost(7, 25, 616831).
cost(7, 26, 531237).
cost(7, 27, 711061).
cost(8, 1, 244761).
cost(8, 2, 481928).
cost(8, 3, 452554).
cost(8, 4, 262454).
cost(8, 5, 103783).
cost(8, 6, 225584).
cost(8, 7, 405916).
cost(8, 9, 118009).
cost(8, 10, 315858).
cost(8, 11, 319444).
cost(8, 12, 247783).
cost(8, 13, 427540).
cost(8, 14, 212149).
cost(8, 15, 417618).
cost(8, 16, 205303).
cost(8, 17, 106448).
cost(8, 18, 77530).
cost(8, 19, 124949).
cost(8, 20, 206304).
cost(8, 21, 532340).
cost(8, 22, 343249).
cost(8, 23, 54879).
cost(8, 24, 400638).
cost(8, 25, 307559).
cost(8, 26, 148799).
cost(8, 27, 311457).
cost(9, 1, 311915).
cost(9, 2, 553492).
cost(9, 3, 363250).
cost(9, 4, 164584).
cost(9, 5, 189233).
cost(9, 6, 343564).
cost(9, 7, 428936).
cost(9, 8, 118009).
cost(9, 10, 357101).
cost(9, 11, 437419).
cost(9, 12, 156759).
cost(9, 13, 469788).
cost(9, 14, 209287).
cost(9, 15, 440379).
cost(9, 16, 282971).
cost(9, 17, 116888).
cost(9, 18, 194700).
cost(9, 19, 241314).
cost(9, 20, 242560).
cost(9, 21, 585117).
cost(9, 22, 461164).
cost(9, 23, 130161).
cost(9, 24, 387641).
cost(9, 25, 207831).
cost(9, 26, 113973).
cost(9, 27, 295957).
cost(10, 1, 95819).
cost(10, 2, 745662).
cost(10, 3, 715148).
cost(10, 4, 517191).
cost(10, 5, 218190).
cost(10, 6, 346957).
cost(10, 7, 101579).
cost(10, 8, 315858).
cost(10, 9, 357101).
cost(10, 11, 398480).
cost(10, 12, 512634).
cost(10, 13, 726938).
cost(10, 14, 527087).
cost(10, 15, 728154).
cost(10, 16, 490629).
cost(10, 17, 241317).
cost(10, 18, 296295).
cost(10, 19, 345008).
cost(10, 20, 518726).
cost(10, 21, 818085).
cost(10, 22, 409304).
cost(10, 23, 369922).
cost(10, 24, 716039).
cost(10, 25, 556814).
cost(10, 26, 450545).
cost(10, 27, 625854).
cost(11, 1, 307313).
cost(11, 2, 422925).
cost(11, 3, 739210).
cost(11, 4, 569008).
cost(11, 5, 284741).
cost(11, 6, 93860).
cost(11, 7, 495149).
cost(11, 8, 319444).
cost(11, 9, 437419).
cost(11, 10, 398480).
cost(11, 12, 550441).
cost(11, 13, 476906).
cost(11, 14, 437779).
cost(11, 15, 518480).
cost(11, 16, 287197).
cost(11, 17, 378211).
cost(11, 18, 243237).
cost(11, 19, 201333).
cost(11, 20, 376795).
cost(11, 21, 522022).
cost(11, 22, 24548).
cost(11, 23, 325632).
cost(11, 24, 578754).
cost(11, 25, 613041).
cost(11, 26, 434345).
cost(11, 27, 517246).
cost(12, 1, 468111).
cost(12, 2, 550069).
cost(12, 3, 207617).
cost(12, 4, 22705).
cost(12, 5, 339398).
cost(12, 6, 459115).
cost(12, 7, 579325).
cost(12, 8, 247783).
cost(12, 9, 156759).
cost(12, 10, 512634).
cost(12, 11, 550441).
cost(12, 13, 430832).
cost(12, 14, 170380).
cost(12, 15, 378590).
cost(12, 16, 321476).
cost(12, 17, 273600).
cost(12, 18, 322099).
cost(12, 19, 349558).
cost(12, 20, 239769).
cost(12, 21, 551803).
cost(12, 22, 574968).
cost(12, 23, 225612).
cost(12, 24, 287192).
cost(12, 25, 62725).
cost(12, 26, 117757).
cost(12, 27, 207702).
cost(13, 1, 638967).
cost(13, 2, 153463).
cost(13, 3, 493138).
cost(13, 4, 452132).
cost(13, 5, 510698).
cost(13, 6, 439319).
cost(13, 7, 824397).
cost(13, 8, 427540).
cost(13, 9, 469788).
cost(13, 10, 726938).
cost(13, 11, 476906).
cost(13, 12, 430832).
cost(13, 14, 269929).
cost(13, 15, 77899).
cost(13, 16, 236931).
cost(13, 17, 531546).
cost(13, 18, 430643).
cost(13, 19, 386969).
cost(13, 20, 228425).
cost(13, 21, 120972).
cost(13, 22, 494105).
cost(13, 23, 374456).
cost(13, 24, 205939).
cost(13, 25, 471429).
cost(13, 26, 362827).
cost(13, 27, 233654).
cost(14, 1, 456209).
cost(14, 2, 380189).
cost(14, 3, 309761).
cost(14, 4, 192984).
cost(14, 5, 314998).
cost(14, 6, 356819).
cost(14, 7, 613658).
cost(14, 8, 212149).
cost(14, 9, 209287).
cost(14, 10, 527087).
cost(14, 11, 437779).
cost(14, 12, 170380).
cost(14, 13, 269929).
cost(14, 15, 231992).
cost(14, 16, 167500).
cost(14, 17, 297042).
cost(14, 18, 258240).
cost(14, 19, 254061).
cost(14, 20, 74163).
cost(14, 21, 389713).
cost(14, 22, 461768).
cost(14, 23, 160701).
cost(14, 24, 189019).
cost(14, 25, 223307).
cost(14, 26, 96151).
cost(14, 27, 99394).
cost(15, 1, 645069).
cost(15, 2, 231352).
cost(15, 3, 420302).
cost(15, 4, 398604).
cost(15, 5, 509967).
cost(15, 6, 468786).
cost(15, 7, 822241).
cost(15, 8, 417618).
cost(15, 9, 440379).
cost(15, 10, 728154).
cost(15, 11, 518480).
cost(15, 12, 378590).
cost(15, 13, 77899).
cost(15, 14, 231992).
cost(15, 16, 250993).
cost(15, 17, 516542).
cost(15, 18, 434715).
cost(15, 19, 400251).
cost(15, 20, 211329).
cost(15, 21, 185297).
cost(15, 22, 537787).
cost(15, 23, 362840).
cost(15, 24, 129581).
cost(15, 25, 412679).
cost(15, 26, 328111).
cost(15, 27, 172704).
cost(16, 1, 402039).
cost(16, 2, 276901).
cost(16, 3, 477083).
cost(16, 4, 343715).
cost(16, 5, 276295).
cost(16, 6, 222249).
cost(16, 7, 589010).
cost(16, 8, 205303).
cost(16, 9, 282971).
cost(16, 10, 490629).
cost(16, 11, 287197).
cost(16, 12, 321476).
cost(16, 13, 236931).
cost(16, 14, 167500).
cost(16, 15, 250993).
cost(16, 17, 311699).
cost(16, 18, 194640).
cost(16, 19, 150842).
cost(16, 20, 95820).
cost(16, 21, 330837).
cost(16, 22, 309710).
cost(16, 23, 159941).
cost(16, 24, 292097).
cost(16, 25, 381032).
cost(16, 26, 210150).
cost(16, 27, 232193).
cost(17, 1, 196873).
cost(17, 2, 588112).
cost(17, 3, 479417).
cost(17, 4, 280486).
cost(17, 5, 96226).
cost(17, 6, 288450).
cost(17, 7, 318990).
cost(17, 8, 106448).
cost(17, 9, 116888).
cost(17, 10, 241317).
cost(17, 11, 378211).
cost(17, 12, 273600).
cost(17, 13, 531546).
cost(17, 14, 297042).
cost(17, 15, 516542).
cost(17, 16, 311699).
cost(17, 18, 148545).
cost(17, 19, 210557).
cost(17, 20, 306250).
cost(17, 21, 638222).
cost(17, 22, 399793).
cost(17, 23, 157193).
cost(17, 24, 484700).
cost(17, 25, 322581).
cost(17, 26, 212249).
cost(17, 27, 392938).
cost(18, 1, 210362).
cost(18, 2, 459763).
cost(18, 3, 523941).
cost(18, 4, 337926).
cost(18, 5, 83134).
cost(18, 6, 149592).
cost(18, 7, 394371).
cost(18, 8, 77530).
cost(18, 9, 194700).
cost(18, 10, 296295).
cost(18, 11, 243237).
cost(18, 12, 322099).
cost(18, 13, 430643).
cost(18, 14, 258240).
cost(18, 15, 434715).
cost(18, 16, 194640).
cost(18, 17, 148545).
cost(18, 19, 62855).
cost(18, 20, 230380).
cost(18, 21, 524253).
cost(18, 22, 266740).
cost(18, 23, 103066).
cost(18, 24, 439806).
cost(18, 25, 382974).
cost(18, 26, 215215).
cost(18, 27, 355952).
cost(19, 1, 253482).
cost(19, 2, 402852).
cost(19, 3, 542776).
cost(19, 4, 367814).
cost(19, 5, 142369).
cost(19, 6, 109670).
cost(19, 7, 445310).
cost(19, 8, 124949).
cost(19, 9, 241314).
cost(19, 10, 345008).
cost(19, 11, 201333).
cost(19, 12, 349558).
cost(19, 13, 386969).
cost(19, 14, 254061).
cost(19, 15, 400251).
cost(19, 16, 150842).
cost(19, 17, 210557).
cost(19, 18, 62855).
cost(19, 20, 209455).
cost(19, 21, 473211).
cost(19, 22, 225782).
cost(19, 23, 124318).
cost(19, 24, 422716).
cost(19, 25, 412032).
cost(19, 26, 234648).
cost(19, 27, 345880).
cost(20, 1, 438947).
cost(20, 2, 318113).
cost(20, 3, 382030).
cost(20, 4, 262465).
cost(20, 5, 300854).
cost(20, 6, 302522).
cost(20, 7, 611488).
cost(20, 8, 206304).
cost(20, 9, 242560).
cost(20, 10, 518726).
cost(20, 11, 376795).
cost(20, 12, 239769).
cost(20, 13, 228425).
cost(20, 14, 74163).
cost(20, 15, 211329).
cost(20, 16, 95820).
cost(20, 17, 306250).
cost(20, 18, 230380).
cost(20, 19, 209455).
cost(20, 21, 342556).
cost(20, 22, 400146).
cost(20, 23, 151511).
cost(20, 24, 213264).
cost(20, 25, 295618).
cost(20, 26, 142907).
cost(20, 27, 140774).
cost(21, 1, 726403).
cost(21, 2, 108838).
cost(21, 3, 605251).
cost(21, 4, 573095).
cost(21, 5, 606719).
cost(21, 6, 504336).
cost(21, 7, 917831).
cost(21, 8, 532340).
cost(21, 9, 585117).
cost(21, 10, 818085).
cost(21, 11, 522022).
cost(21, 12, 551803).
cost(21, 13, 120972).
cost(21, 14, 389713).
cost(21, 15, 185297).
cost(21, 16, 330837).
cost(21, 17, 638222).
cost(21, 18, 524253).
cost(21, 19, 473211).
cost(21, 20, 342556).
cost(21, 22, 534906).
cost(21, 23, 481505).
cost(21, 24, 313103).
cost(21, 25, 591901).
cost(21, 26, 481015).
cost(21, 27, 353003).
cost(22, 1, 320087).
cost(22, 2, 433881).
cost(22, 3, 763653).
cost(22, 4, 593506).
cost(22, 5, 305551).
cost(22, 6, 117782).
cost(22, 7, 504297).
cost(22, 8, 343249).
cost(22, 9, 461164).
cost(22, 10, 409304).
cost(22, 11, 24548).
cost(22, 12, 574968).
cost(22, 13, 494105).
cost(22, 14, 461768).
cost(22, 15, 537787).
cost(22, 16, 309710).
cost(22, 17, 399793).
cost(22, 18, 266740).
cost(22, 19, 225782).
cost(22, 20, 400146).
cost(22, 21, 534906).
cost(22, 23, 350094).
cost(22, 24, 600739).
cost(22, 25, 637561).
cost(22, 26, 458892).
cost(22, 27, 540410).
cost(23, 1, 295747).
cost(23, 2, 436313).
cost(23, 3, 422931).
cost(23, 4, 243552).
cost(23, 5, 154702).
cost(23, 6, 233608).
cost(23, 7, 460721).
cost(23, 8, 54879).
cost(23, 9, 130161).
cost(23, 10, 369922).
cost(23, 11, 325632).
cost(23, 12, 225612).
cost(23, 13, 374456).
cost(23, 14, 160701).
cost(23, 15, 362840).
cost(23, 16, 159941).
cost(23, 17, 157193).
cost(23, 18, 103066).
cost(23, 19, 124318).
cost(23, 20, 151511).
cost(23, 21, 481505).
cost(23, 22, 350094).
cost(23, 24, 347870).
cost(23, 25, 287913).
cost(23, 26, 113337).
cost(23, 27, 260009).
cost(24, 1, 643465).
cost(24, 2, 358019).
cost(24, 3, 292608).
cost(24, 4, 303674).
cost(24, 5, 502566).
cost(24, 6, 512243).
cost(24, 7, 802394).
cost(24, 8, 400638).
cost(24, 9, 387641).
cost(24, 10, 716039).
cost(24, 11, 578754).
cost(24, 12, 287192).
cost(24, 13, 205939).
cost(24, 14, 189019).
cost(24, 15, 129581).
cost(24, 16, 292097).
cost(24, 17, 484700).
cost(24, 18, 439806).
cost(24, 19, 422716).
cost(24, 20, 213264).
cost(24, 21, 313103).
cost(24, 22, 600739).
cost(24, 23, 347870).
cost(24, 25, 307444).
cost(24, 26, 275203).
cost(24, 27, 92055).
cost(25, 1, 519144).
cost(25, 2, 598568).
cost(25, 3, 158410).
cost(25, 4, 45105).
cost(25, 5, 395263).
cost(25, 6, 521508).
cost(25, 7, 616831).
cost(25, 8, 307559).
cost(25, 9, 207831).
cost(25, 10, 556814).
cost(25, 11, 613041).
cost(25, 12, 62725).
cost(25, 13, 471429).
cost(25, 14, 223307).
cost(25, 15, 412679).
cost(25, 16, 381032).
cost(25, 17, 322581).
cost(25, 18, 382974).
cost(25, 19, 412032).
cost(25, 20, 295618).
cost(25, 21, 591901).
cost(25, 22, 637561).
cost(25, 23, 287913).
cost(25, 24, 307444).
cost(25, 26, 180342).
cost(25, 27, 240077).
cost(26, 1, 389436).
cost(26, 2, 460988).
cost(26, 3, 309607).
cost(26, 4, 138330).
cost(26, 5, 250732).
cost(26, 6, 344265).
cost(26, 7, 531237).
cost(26, 8, 148799).
cost(26, 9, 113973).
cost(26, 10, 450545).
cost(26, 11, 434345).
cost(26, 12, 117757).
cost(26, 13, 362827).
cost(26, 14, 96151).
cost(26, 15, 328111).
cost(26, 16, 210150).
cost(26, 17, 212249).
cost(26, 18, 215215).
cost(26, 19, 234648).
cost(26, 20, 142907).
cost(26, 21, 481015).
cost(26, 22, 458892).
cost(26, 23, 113337).
cost(26, 24, 275203).
cost(26, 25, 180342).
cost(26, 27, 183179).
cost(27, 1, 555600).
cost(27, 2, 371644).
cost(27, 3, 270630).
cost(27, 4, 226864).
cost(27, 5, 414392).
cost(27, 6, 442899).
cost(27, 7, 711061).
cost(27, 8, 311457).
cost(27, 9, 295957).
cost(27, 10, 625854).
cost(27, 11, 517246).
cost(27, 12, 207702).
cost(27, 13, 233654).
cost(27, 14, 99394).
cost(27, 15, 172704).
cost(27, 16, 232193).
cost(27, 17, 392938).
cost(27, 18, 355952).
cost(27, 19, 345880).
cost(27, 20, 140774).
cost(27, 21, 353003).
cost(27, 22, 540410).
cost(27, 23, 260009).
cost(27, 24, 92055).
cost(27, 25, 240077).
cost(27, 26, 183179).
nocross(1,11).
nocross(1,22).
nocross(2,11).
nocross(2,16).
nocross(2,22).
nocross(2,27).
nocross(3,12).
nocross(3,24).
nocross(3,27).
nocross(4,12).
nocross(4,25).
nocross(4,27).
nocross(5,6).
nocross(5,8).
nocross(5,10).
nocross(5,11).
nocross(5,16).
nocross(5,17).
nocross(5,18).
nocross(5,22).
nocross(6,2).
nocross(6,11).
nocross(6,16).
nocross(6,18).
nocross(6,19).
nocross(6,22).
nocross(8,5).
nocross(8,10).
nocross(8,11).
nocross(8,12).
nocross(8,16).
nocross(8,17).
nocross(8,18).
nocross(8,19).
nocross(8,22).
nocross(8,23).
nocross(9,1).
nocross(9,4).
nocross(9,8).
nocross(9,12).
nocross(9,16).
nocross(9,17).
nocross(9,18).
nocross(9,20).
nocross(9,22).
nocross(10,18).
nocross(10,19).
nocross(11,2).
nocross(11,18).
nocross(11,22).
nocross(12,4).
nocross(12,14).
nocross(12,27).
nocross(13,2).
nocross(13,11).
nocross(13,15).
nocross(13,20).
nocross(13,22).
nocross(13,24).
nocross(13,27).
nocross(14,2).
nocross(14,11).
nocross(14,12).
nocross(14,15).
nocross(14,16).
nocross(14,19).
nocross(14,20).
nocross(14,22).
nocross(14,27).
nocross(15,2).
nocross(15,11).
nocross(15,14).
nocross(15,20).
nocross(15,24).
nocross(15,27).
nocross(16,2).
nocross(16,11).
nocross(16,12).
nocross(16,14).
nocross(16,15).
nocross(16,18).
nocross(16,19).
nocross(16,20).
nocross(16,23).
nocross(16,27).
nocross(17,1).
nocross(17,8).
nocross(17,10).
nocross(17,11).
nocross(17,18).
nocross(17,22).
nocross(17,23).
nocross(18,2).
nocross(18,8).
nocross(18,12).
nocross(18,16).
nocross(18,19).
nocross(18,22).
nocross(18,23).
nocross(19,2).
nocross(19,8).
nocross(19,11).
nocross(19,16).
nocross(19,18).
nocross(19,20).
nocross(19,22).
nocross(19,23).
nocross(20,2).
nocross(20,11).
nocross(20,12).
nocross(20,14).
nocross(20,15).
nocross(20,16).
nocross(20,19).
nocross(20,24).
nocross(20,27).
nocross(21,2).
nocross(21,11).
nocross(21,13).
nocross(21,15).
nocross(21,20).
nocross(21,22).
nocross(21,27).
nocross(22,11).
nocross(22,19).
nocross(23,11).
nocross(23,12).
nocross(23,16).
nocross(23,20).
nocross(24,2).
nocross(24,12).
nocross(24,14).
nocross(24,15).
nocross(24,20).
nocross(24,27).
nocross(25,4).
nocross(25,12).
nocross(26,11).
nocross(26,16).
nocross(26,20).
nocross(26,22).
nocross(26,23).
nocross(27,2).
nocross(27,12).
nocross(27,13).
nocross(27,14).
nocross(27,20).
nocross(27,24).
