dimension(27).
point(1, -130059.0, 95025.0).
point(2, -129924.0, 183824.0).
point(3, 29617.0, 175940.0).
point(4, 9707.0, 129385.0).
point(5, 56213.0, -66250.0).
point(6, -215991.0, 289958.0).
point(7, 128604.0, -46311.0).
point(8, -126385.0, 130880.0).
point(9, -50080.0, 43203.0).
point(10, 134249.0, 243568.0).
point(11, 136448.0, -406141.0).
point(12, 80227.0, -59996.0).
point(13, 170776.0, -477718.0).
point(14, 234329.0, -132868.0).
point(15, 516492.0, 258785.0).
point(16, 306057.0, -104473.0).
point(17, 288097.0, 18184.0).
point(18, -300092.0, -68568.0).
point(19, 75808.0, -2086.0).
point(20, -225948.0, 77892.0).
point(21, -72247.0, -62165.0).
point(22, 291090.0, 208059.0).
point(23, -86219.0, -319716.0).
point(24, 164516.0, -52430.0).
point(25, 171021.0, -239013.0).
point(26, -229818.0, -175815.0).
point(27, 8308.0, -111361.0).
cost(1, 2, 88799).
cost(1, 3, 179007).
cost(1, 4, 143928).
cost(1, 5, 246388).
cost(1, 6, 213033).
cost(1, 7, 294758).
cost(1, 8, 36043).
cost(1, 9, 95300).
cost(1, 10, 303189).
cost(1, 11, 567621).
cost(1, 12, 261250).
cost(1, 13, 646944).
cost(1, 14, 429783).
cost(1, 15, 666967).
cost(1, 16, 479580).
cost(1, 17, 425158).
cost(1, 18, 235953).
cost(1, 19, 227622).
cost(1, 20, 97408).
cost(1, 21, 167484).
cost(1, 22, 436054).
cost(1, 23, 417052).
cost(1, 24, 329420).
cost(1, 25, 449701).
cost(1, 26, 288628).
cost(1, 27, 248477).
cost(2, 1, 88799).
cost(2, 3, 159736).
cost(2, 4, 149868).
cost(2, 5, 311743).
cost(2, 6, 136645).
cost(2, 7, 346120).
cost(2, 8, 53062).
cost(2, 9, 161708).
cost(2, 10, 270844).
cost(2, 11, 647312).
cost(2, 12, 321888).
cost(2, 13, 726676).
cost(2, 14, 482674).
cost(2, 15, 650748).
cost(2, 16, 522680).
cost(2, 17, 449642).
cost(2, 18, 304399).
cost(2, 19, 277287).
cost(2, 20, 142976).
cost(2, 21, 252660).
cost(2, 22, 421711).
cost(2, 23, 505433).
cost(2, 24, 377506).
cost(2, 25, 518998).
cost(2, 26, 373255).
cost(2, 27, 325948).
cost(3, 1, 179007).
cost(3, 2, 159736).
cost(3, 4, 50634).
cost(3, 5, 243646).
cost(3, 6, 270783).
cost(3, 7, 243298).
cost(3, 8, 162379).
cost(3, 9, 154825).
cost(3, 10, 124585).
cost(3, 11, 591803).
cost(3, 12, 241303).
cost(3, 13, 668726).
cost(3, 14, 370499).
cost(3, 15, 493873).
cost(3, 16, 393765).
cost(3, 17, 302818).
cost(3, 18, 410478).
cost(3, 19, 183921).
cost(3, 20, 273728).
cost(3, 21, 258979).
cost(3, 22, 263438).
cost(3, 23, 509012).
cost(3, 24, 265237).
cost(3, 25, 438385).
cost(3, 26, 437079).
cost(3, 27, 288090).
cost(4, 1, 143928).
cost(4, 2, 149868).
cost(4, 3, 50634).
cost(4, 5, 201087).
cost(4, 6, 276990).
cost(4, 7, 212145).
cost(4, 8, 136100).
cost(4, 9, 104890).
cost(4, 10, 168963).
cost(4, 11, 550319).
cost(4, 12, 202085).
cost(4, 13, 628106).
cost(4, 14, 345299).
cost(4, 15, 523044).
cost(4, 16, 377509).
cost(4, 17, 299778).
cost(4, 18, 367642).
cost(4, 19, 147153).
cost(4, 20, 241215).
cost(4, 21, 208346).
cost(4, 22, 292175).
cost(4, 23, 459231).
cost(4, 24, 238794).
cost(4, 25, 402168).
cost(4, 26, 387968).
cost(4, 27, 240750).
cost(5, 1, 246388).
cost(5, 2, 311743).
cost(5, 3, 243646).
cost(5, 4, 201087).
cost(5, 6, 448307).
cost(5, 7, 75087).
cost(5, 8, 268705).
cost(5, 9, 152572).
cost(5, 10, 319495).
cost(5, 11, 349233).
cost(5, 12, 24815).
cost(5, 13, 427119).
cost(5, 14, 190166).
cost(5, 15, 563475).
cost(5, 16, 252751).
cost(5, 17, 246778).
cost(5, 18, 356313).
cost(5, 19, 67089).
cost(5, 20, 316847).
cost(5, 21, 128525).
cost(5, 22, 361127).
cost(5, 23, 290744).
cost(5, 24, 109181).
cost(5, 25, 207432).
cost(5, 26, 306298).
cost(5, 27, 65802).
cost(6, 1, 213033).
cost(6, 2, 136645).
cost(6, 3, 270783).
cost(6, 4, 276990).
cost(6, 5, 448307).
cost(6, 7, 481480).
cost(6, 8, 182579).
cost(6, 9, 297346).
cost(6, 10, 353299).
cost(6, 11, 780235).
cost(6, 12, 458490).
cost(6, 13, 859602).
cost(6, 14, 617713).
cost(6, 15, 733146).
cost(6, 16, 654301).
cost(6, 17, 572683).
cost(6, 18, 368258).
cost(6, 19, 412839).
cost(6, 20, 212300).
cost(6, 21, 380333).
cost(6, 22, 513652).
cost(6, 23, 623332).
cost(6, 24, 511874).
cost(6, 25, 655430).
cost(6, 26, 465978).
cost(6, 27, 459747).
cost(7, 1, 294758).
cost(7, 2, 346120).
cost(7, 3, 243298).
cost(7, 4, 212145).
cost(7, 5, 75087).
cost(7, 6, 481480).
cost(7, 8, 310509).
cost(7, 9, 199852).
cost(7, 10, 289934).
cost(7, 11, 359915).
cost(7, 12, 50275).
cost(7, 13, 433463).
cost(7, 14, 136638).
cost(7, 15, 493498).
cost(7, 16, 186741).
cost(7, 17, 172040).
cost(7, 18, 429273).
cost(7, 19, 68871).
cost(7, 20, 375677).
cost(7, 21, 201476).
cost(7, 22, 301837).
cost(7, 23, 347706).
cost(7, 24, 36430).
cost(7, 25, 197315).
cost(7, 26, 381101).
cost(7, 27, 136758).
cost(8, 1, 36043).
cost(8, 2, 53062).
cost(8, 3, 162379).
cost(8, 4, 136100).
cost(8, 5, 268705).
cost(8, 6, 182579).
cost(8, 7, 310509).
cost(8, 9, 116231).
cost(8, 10, 283952).
cost(8, 11, 597890).
cost(8, 12, 281287).
cost(8, 13, 677271).
cost(8, 14, 446853).
cost(8, 15, 655477).
cost(8, 16, 492338).
cost(8, 17, 429530).
cost(8, 18, 264487).
cost(8, 19, 241996).
cost(8, 20, 112785).
cost(8, 21, 200493).
cost(8, 22, 424549).
cost(8, 23, 452383).
cost(8, 24, 343840).
cost(8, 25, 474627).
cost(8, 26, 323667).
cost(8, 27, 277169).
cost(9, 1, 95300).
cost(9, 2, 161708).
cost(9, 3, 154825).
cost(9, 4, 104890).
cost(9, 5, 152572).
cost(9, 6, 297346).
cost(9, 7, 199852).
cost(9, 8, 116231).
cost(9, 10, 272256).
cost(9, 11, 486521).
cost(9, 12, 166223).
cost(9, 13, 565806).
cost(9, 14, 334499).
cost(9, 15, 606201).
cost(9, 16, 385541).
cost(9, 17, 339101).
cost(9, 18, 273859).
cost(9, 19, 133787).
cost(9, 20, 179256).
cost(9, 21, 107674).
cost(9, 22, 378912).
cost(9, 23, 364714).
cost(9, 24, 234941).
cost(9, 25, 358513).
cost(9, 26, 283328).
cost(9, 27, 165225).
cost(10, 1, 303189).
cost(10, 2, 270844).
cost(10, 3, 124585).
cost(10, 4, 168963).
cost(10, 5, 319495).
cost(10, 6, 353299).
cost(10, 7, 289934).
cost(10, 8, 283952).
cost(10, 9, 272256).
cost(10, 11, 649713).
cost(10, 12, 308333).
cost(10, 13, 722210).
cost(10, 14, 389513).
cost(10, 15, 382546).
cost(10, 16, 388137).
cost(10, 17, 272887).
cost(10, 18, 534865).
cost(10, 19, 252510).
cost(10, 20, 396472).
cost(10, 21, 368935).
cost(10, 22, 160810).
cost(10, 23, 604893).
cost(10, 24, 297541).
cost(10, 25, 483980).
cost(10, 26, 555362).
cost(10, 27, 376611).
cost(11, 1, 567621).
cost(11, 2, 647312).
cost(11, 3, 591803).
cost(11, 4, 550319).
cost(11, 5, 349233).
cost(11, 6, 780235).
cost(11, 7, 359915).
cost(11, 8, 597890).
cost(11, 9, 486521).
cost(11, 10, 649713).
cost(11, 12, 350681).
cost(11, 13, 79383).
cost(11, 14, 290274).
cost(11, 15, 765872).
cost(11, 16, 346079).
cost(11, 17, 450610).
cost(11, 18, 551836).
cost(11, 19, 408580).
cost(11, 20, 604664).
cost(11, 21, 402335).
cost(11, 22, 633369).
cost(11, 23, 238851).
cost(11, 24, 354823).
cost(11, 25, 170667).
cost(11, 26, 432667).
cost(11, 27, 321427).
cost(12, 1, 261250).
cost(12, 2, 321888).
cost(12, 3, 241303).
cost(12, 4, 202085).
cost(12, 5, 24815).
cost(12, 6, 458490).
cost(12, 7, 50275).
cost(12, 8, 281287).
cost(12, 9, 166223).
cost(12, 10, 308333).
cost(12, 11, 350681).
cost(12, 13, 427423).
cost(12, 14, 170463).
cost(12, 15, 540323).
cost(12, 16, 230168).
cost(12, 17, 222086).
cost(12, 18, 380416).
cost(12, 19, 58078).
cost(12, 20, 335792).
cost(12, 21, 152489).
cost(12, 22, 341052).
cost(12, 23, 308478).
cost(12, 24, 84628).
cost(12, 25, 200725).
cost(12, 26, 330971).
cost(12, 27, 88378).
cost(13, 1, 646944).
cost(13, 2, 726676).
cost(13, 3, 668726).
cost(13, 4, 628106).
cost(13, 5, 427119).
cost(13, 6, 859602).
cost(13, 7, 433463).
cost(13, 8, 677271).
cost(13, 9, 565806).
cost(13, 10, 722210).
cost(13, 11, 79383).
cost(13, 12, 427423).
cost(13, 14, 350657).
cost(13, 15, 813607).
cost(13, 16, 397005).
cost(13, 17, 509591).
cost(13, 18, 623795).
cost(13, 19, 485020).
cost(13, 20, 682710).
cost(13, 21, 481398).
cost(13, 22, 696251).
cost(13, 23, 301680).
cost(13, 24, 425334).
cost(13, 25, 238705).
cost(13, 26, 501618).
cost(13, 27, 400766).
cost(14, 1, 429783).
cost(14, 2, 482674).
cost(14, 3, 370499).
cost(14, 4, 345299).
cost(14, 5, 190166).
cost(14, 6, 617713).
cost(14, 7, 136638).
cost(14, 8, 446853).
cost(14, 9, 334499).
cost(14, 10, 389513).
cost(14, 11, 290274).
cost(14, 12, 170463).
cost(14, 13, 350657).
cost(14, 15, 482709).
cost(14, 16, 77144).
cost(14, 17, 160336).
cost(14, 18, 538275).
cost(14, 19, 205506).
cost(14, 20, 506236).
cost(14, 21, 314623).
cost(14, 22, 345620).
cost(14, 23, 371030).
cost(14, 24, 106509).
cost(14, 25, 123591).
cost(14, 26, 466130).
cost(14, 27, 227042).
cost(15, 1, 666967).
cost(15, 2, 650748).
cost(15, 3, 493873).
cost(15, 4, 523044).
cost(15, 5, 563475).
cost(15, 6, 733146).
cost(15, 7, 493498).
cost(15, 8, 655477).
cost(15, 9, 606201).
cost(15, 10, 382546).
cost(15, 11, 765872).
cost(15, 12, 540323).
cost(15, 13, 813607).
cost(15, 14, 482709).
cost(15, 16, 419809).
cost(15, 17, 331743).
cost(15, 18, 879755).
cost(15, 19, 512109).
cost(15, 20, 764159).
cost(15, 21, 670539).
cost(15, 22, 231039).
cost(15, 23, 835418).
cost(15, 24, 469832).
cost(15, 25, 605932).
cost(15, 26, 863629).
cost(15, 27, 628696).
cost(16, 1, 479580).
cost(16, 2, 522680).
cost(16, 3, 393765).
cost(16, 4, 377509).
cost(16, 5, 252751).
cost(16, 6, 654301).
cost(16, 7, 186741).
cost(16, 8, 492338).
cost(16, 9, 385541).
cost(16, 10, 388137).
cost(16, 11, 346079).
cost(16, 12, 230168).
cost(16, 13, 397005).
cost(16, 14, 77144).
cost(16, 15, 419809).
cost(16, 17, 123965).
cost(16, 18, 607211).
cost(16, 19, 251987).
cost(16, 20, 562393).
cost(16, 21, 380662).
cost(16, 22, 312890).
cost(16, 23, 447448).
cost(16, 24, 150806).
cost(16, 25, 190619).
cost(16, 26, 540603).
cost(16, 27, 297829).
cost(17, 1, 425158).
cost(17, 2, 449642).
cost(17, 3, 302818).
cost(17, 4, 299778).
cost(17, 5, 246778).
cost(17, 6, 572683).
cost(17, 7, 172040).
cost(17, 8, 429530).
cost(17, 9, 339101).
cost(17, 10, 272887).
cost(17, 11, 450610).
cost(17, 12, 222086).
cost(17, 13, 509591).
cost(17, 14, 160336).
cost(17, 15, 331743).
cost(17, 16, 123965).
cost(17, 18, 594552).
cost(17, 19, 213255).
cost(17, 20, 517501).
cost(17, 21, 369193).
cost(17, 22, 189899).
cost(17, 23, 504271).
cost(17, 24, 142333).
cost(17, 25, 282590).
cost(17, 26, 553057).
cost(17, 27, 308324).
cost(18, 1, 235953).
cost(18, 2, 304399).
cost(18, 3, 410478).
cost(18, 4, 367642).
cost(18, 5, 356313).
cost(18, 6, 368258).
cost(18, 7, 429273).
cost(18, 8, 264487).
cost(18, 9, 273859).
cost(18, 10, 534865).
cost(18, 11, 551836).
cost(18, 12, 380416).
cost(18, 13, 623795).
cost(18, 14, 538275).
cost(18, 15, 879755).
cost(18, 16, 607211).
cost(18, 17, 594552).
cost(18, 19, 381734).
cost(18, 20, 164158).
cost(18, 21, 227935).
cost(18, 22, 652701).
cost(18, 23, 329874).
cost(18, 24, 464888).
cost(18, 25, 500998).
cost(18, 26, 128220).
cost(18, 27, 311355).
cost(19, 1, 227622).
cost(19, 2, 277287).
cost(19, 3, 183921).
cost(19, 4, 147153).
cost(19, 5, 67089).
cost(19, 6, 412839).
cost(19, 7, 68871).
cost(19, 8, 241996).
cost(19, 9, 133787).
cost(19, 10, 252510).
cost(19, 11, 408580).
cost(19, 12, 58078).
cost(19, 13, 485020).
cost(19, 14, 205506).
cost(19, 15, 512109).
cost(19, 16, 251987).
cost(19, 17, 213255).
cost(19, 18, 381734).
cost(19, 20, 312175).
cost(19, 21, 159780).
cost(19, 22, 300844).
cost(19, 23, 356569).
cost(19, 24, 101998).
cost(19, 25, 255343).
cost(19, 26, 351552).
cost(19, 27, 128442).
cost(20, 1, 97408).
cost(20, 2, 142976).
cost(20, 3, 273728).
cost(20, 4, 241215).
cost(20, 5, 316847).
cost(20, 6, 212300).
cost(20, 7, 375677).
cost(20, 8, 112785).
cost(20, 9, 179256).
cost(20, 10, 396472).
cost(20, 11, 604664).
cost(20, 12, 335792).
cost(20, 13, 682710).
cost(20, 14, 506236).
cost(20, 15, 764159).
cost(20, 16, 562393).
cost(20, 17, 517501).
cost(20, 18, 164158).
cost(20, 19, 312175).
cost(20, 21, 207942).
cost(20, 22, 533171).
cost(20, 23, 421446).
cost(20, 24, 411638).
cost(20, 25, 507950).
cost(20, 26, 253737).
cost(20, 27, 301152).
cost(21, 1, 167484).
cost(21, 2, 252660).
cost(21, 3, 258979).
cost(21, 4, 208346).
cost(21, 5, 128525).
cost(21, 6, 380333).
cost(21, 7, 201476).
cost(21, 8, 200493).
cost(21, 9, 107674).
cost(21, 10, 368935).
cost(21, 11, 402335).
cost(21, 12, 152489).
cost(21, 13, 481398).
cost(21, 14, 314623).
cost(21, 15, 670539).
cost(21, 16, 380662).
cost(21, 17, 369193).
cost(21, 18, 227935).
cost(21, 19, 159780).
cost(21, 20, 207942).
cost(21, 22, 452808).
cost(21, 23, 257930).
cost(21, 24, 236963).
cost(21, 25, 300757).
cost(21, 26, 194281).
cost(21, 27, 94389).
cost(22, 1, 436054).
cost(22, 2, 421711).
cost(22, 3, 263438).
cost(22, 4, 292175).
cost(22, 5, 361127).
cost(22, 6, 513652).
cost(22, 7, 301837).
cost(22, 8, 424549).
cost(22, 9, 378912).
cost(22, 10, 160810).
cost(22, 11, 633369).
cost(22, 12, 341052).
cost(22, 13, 696251).
cost(22, 14, 345620).
cost(22, 15, 231039).
cost(22, 16, 312890).
cost(22, 17, 189899).
cost(22, 18, 652701).
cost(22, 19, 300844).
cost(22, 20, 533171).
cost(22, 21, 452808).
cost(22, 23, 648775).
cost(22, 24, 289613).
cost(22, 25, 462915).
cost(22, 26, 647074).
cost(22, 27, 426608).
cost(23, 1, 417052).
cost(23, 2, 505433).
cost(23, 3, 509012).
cost(23, 4, 459231).
cost(23, 5, 290744).
cost(23, 6, 623332).
cost(23, 7, 347706).
cost(23, 8, 452383).
cost(23, 9, 364714).
cost(23, 10, 604893).
cost(23, 11, 238851).
cost(23, 12, 308478).
cost(23, 13, 301680).
cost(23, 14, 371030).
cost(23, 15, 835418).
cost(23, 16, 447448).
cost(23, 17, 504271).
cost(23, 18, 329874).
cost(23, 19, 356569).
cost(23, 20, 421446).
cost(23, 21, 257930).
cost(23, 22, 648775).
cost(23, 24, 366483).
cost(23, 25, 269602).
cost(23, 26, 203293).
cost(23, 27, 228795).
cost(24, 1, 329420).
cost(24, 2, 377506).
cost(24, 3, 265237).
cost(24, 4, 238794).
cost(24, 5, 109181).
cost(24, 6, 511874).
cost(24, 7, 36430).
cost(24, 8, 343840).
cost(24, 9, 234941).
cost(24, 10, 297541).
cost(24, 11, 354823).
cost(24, 12, 84628).
cost(24, 13, 425334).
cost(24, 14, 106509).
cost(24, 15, 469832).
cost(24, 16, 150806).
cost(24, 17, 142333).
cost(24, 18, 464888).
cost(24, 19, 101998).
cost(24, 20, 411638).
cost(24, 21, 236963).
cost(24, 22, 289613).
cost(24, 23, 366483).
cost(24, 25, 186696).
cost(24, 26, 413187).
cost(24, 27, 166954).
cost(25, 1, 449701).
cost(25, 2, 518998).
cost(25, 3, 438385).
cost(25, 4, 402168).
cost(25, 5, 207432).
cost(25, 6, 655430).
cost(25, 7, 197315).
cost(25, 8, 474627).
cost(25, 9, 358513).
cost(25, 10, 483980).
cost(25, 11, 170667).
cost(25, 12, 200725).
cost(25, 13, 238705).
cost(25, 14, 123591).
cost(25, 15, 605932).
cost(25, 16, 190619).
cost(25, 17, 282590).
cost(25, 18, 500998).
cost(25, 19, 255343).
cost(25, 20, 507950).
cost(25, 21, 300757).
cost(25, 22, 462915).
cost(25, 23, 269602).
cost(25, 24, 186696).
cost(25, 26, 405790).
cost(25, 27, 206810).
cost(26, 1, 288628).
cost(26, 2, 373255).
cost(26, 3, 437079).
cost(26, 4, 387968).
cost(26, 5, 306298).
cost(26, 6, 465978).
cost(26, 7, 381101).
cost(26, 8, 323667).
cost(26, 9, 283328).
cost(26, 10, 555362).
cost(26, 11, 432667).
cost(26, 12, 330971).
cost(26, 13, 501618).
cost(26, 14, 466130).
cost(26, 15, 863629).
cost(26, 16, 540603).
cost(26, 17, 553057).
cost(26, 18, 128220).
cost(26, 19, 351552).
cost(26, 20, 253737).
cost(26, 21, 194281).
cost(26, 22, 647074).
cost(26, 23, 203293).
cost(26, 24, 413187).
cost(26, 25, 405790).
cost(26, 27, 246695).
cost(27, 1, 248477).
cost(27, 2, 325948).
cost(27, 3, 288090).
cost(27, 4, 240750).
cost(27, 5, 65802).
cost(27, 6, 459747).
cost(27, 7, 136758).
cost(27, 8, 277169).
cost(27, 9, 165225).
cost(27, 10, 376611).
cost(27, 11, 321427).
cost(27, 12, 88378).
cost(27, 13, 400766).
cost(27, 14, 227042).
cost(27, 15, 628696).
cost(27, 16, 297829).
cost(27, 17, 308324).
cost(27, 18, 311355).
cost(27, 19, 128442).
cost(27, 20, 301152).
cost(27, 21, 94389).
cost(27, 22, 426608).
cost(27, 23, 228795).
cost(27, 24, 166954).
cost(27, 25, 206810).
cost(27, 26, 246695).
nocross(1,2).
nocross(1,3).
nocross(1,4).
nocross(1,6).
nocross(1,8).
nocross(1,9).
nocross(1,20).
nocross(2,1).
nocross(2,4).
nocross(2,6).
nocross(2,8).
nocross(2,20).
nocross(3,1).
nocross(3,4).
nocross(3,8).
nocross(4,1).
nocross(4,3).
nocross(4,6).
nocross(4,8).
nocross(4,9).
nocross(4,18).
nocross(5,4).
nocross(5,7).
nocross(5,12).
nocross(5,14).
nocross(5,21).
nocross(5,27).
nocross(6,1).
nocross(6,4).
nocross(6,8).
nocross(6,20).
nocross(7,4).
nocross(7,5).
nocross(7,12).
nocross(7,14).
nocross(7,19).
nocross(7,24).
nocross(8,1).
nocross(8,2).
nocross(8,3).
nocross(8,4).
nocross(8,6).
nocross(8,18).
nocross(8,20).
nocross(9,1).
nocross(9,3).
nocross(9,4).
nocross(9,5).
nocross(9,18).
nocross(9,19).
nocross(9,21).
nocross(10,3).
nocross(10,4).
nocross(10,6).
nocross(11,13).
nocross(11,25).
nocross(12,4).
nocross(12,5).
nocross(12,7).
nocross(12,14).
nocross(12,19).
nocross(12,21).
nocross(13,11).
nocross(14,7).
nocross(14,13).
nocross(14,24).
nocross(15,22).
nocross(16,11).
nocross(16,13).
nocross(16,14).
nocross(16,15).
nocross(16,17).
nocross(16,25).
nocross(17,4).
nocross(17,7).
nocross(17,10).
nocross(17,16).
nocross(17,19).
nocross(17,24).
nocross(18,1).
nocross(18,20).
nocross(18,21).
nocross(18,26).
nocross(19,4).
nocross(19,10).
nocross(19,21).
nocross(19,24).
nocross(20,1).
nocross(20,4).
nocross(20,6).
nocross(20,8).
nocross(20,9).
nocross(20,18).
nocross(20,21).
nocross(21,4).
nocross(21,5).
nocross(21,11).
nocross(21,18).
nocross(21,19).
nocross(21,20).
nocross(22,3).
nocross(22,4).
nocross(22,10).
nocross(22,15).
nocross(23,11).
nocross(23,18).
nocross(23,25).
nocross(23,27).
nocross(24,14).
nocross(24,16).
nocross(24,17).
nocross(25,14).
nocross(25,23).
nocross(25,24).
nocross(26,6).
nocross(26,20).
nocross(26,21).
nocross(26,23).
nocross(27,1).
nocross(27,7).
nocross(27,14).
nocross(27,21).
nocross(27,24).
