dimension(30).
point(1, 128927.0, -94840.0).
point(2, 203407.0, -181578.0).
point(3, -171071.0, 308555.0).
point(4, -100469.0, 68581.0).
point(5, -137714.0, -23367.0).
point(6, -366719.0, -97487.0).
point(7, 204554.0, -206594.0).
point(8, -14605.0, 359652.0).
point(9, 46267.0, 193709.0).
point(10, -193219.0, 300957.0).
point(11, -31023.0, 74551.0).
point(12, 244362.0, -301122.0).
point(13, 301135.0, -167292.0).
point(14, -177268.0, -145176.0).
point(15, -5378.0, -6157.0).
point(16, 176876.0, -187581.0).
point(17, 195739.0, -5791.0).
point(18, -143382.0, -145873.0).
point(19, -79171.0, -121866.0).
point(20, 362757.0, -25919.0).
point(21, 219889.0, 24898.0).
point(22, -122508.0, 7511.0).
point(23, -175476.0, -87528.0).
point(24, -38383.0, 48914.0).
point(25, 189174.0, -276418.0).
point(26, 657270.0, 54858.0).
point(27, -149966.0, -393243.0).
point(28, -129170.0, 106605.0).
point(29, -120050.0, 405689.0).
point(30, 218788.0, 3872.0).
cost(1, 2, 114327).
cost(1, 3, 502719).
cost(1, 4, 281654).
cost(1, 5, 276054).
cost(1, 6, 495653).
cost(1, 7, 134939).
cost(1, 8, 476618).
cost(1, 9, 300155).
cost(1, 10, 510327).
cost(1, 11, 232975).
cost(1, 12, 236384).
cost(1, 13, 186828).
cost(1, 14, 310305).
cost(1, 15, 160943).
cost(1, 16, 104403).
cost(1, 17, 111326).
cost(1, 18, 277050).
cost(1, 19, 209846).
cost(1, 20, 243776).
cost(1, 21, 150370).
cost(1, 22, 271469).
cost(1, 23, 304491).
cost(1, 24, 220585).
cost(1, 25, 191312).
cost(1, 26, 549141).
cost(1, 27, 408443).
cost(1, 28, 327405).
cost(1, 29, 559034).
cost(1, 30, 133488).
cost(2, 1, 114327).
cost(2, 3, 616818).
cost(2, 4, 393599).
cost(2, 5, 376024).
cost(2, 6, 576294).
cost(2, 7, 25042).
cost(2, 8, 583489).
cost(2, 9, 406858).
cost(2, 10, 624622).
cost(2, 11, 347217).
cost(2, 12, 126365).
cost(2, 13, 98767).
cost(2, 14, 382412).
cost(2, 15, 272697).
cost(2, 16, 27202).
cost(2, 17, 175954).
cost(2, 18, 348622).
cost(2, 19, 288818).
cost(2, 20, 222760).
cost(2, 21, 207133).
cost(2, 22, 376796).
cost(2, 23, 390382).
cost(2, 24, 334049).
cost(2, 25, 95902).
cost(2, 26, 511755).
cost(2, 27, 411916).
cost(2, 28, 440065).
cost(2, 29, 670453).
cost(2, 30, 186087).
cost(3, 1, 502719).
cost(3, 2, 616818).
cost(3, 4, 250144).
cost(3, 5, 333594).
cost(3, 6, 450720).
cost(3, 7, 637552).
cost(3, 8, 164598).
cost(3, 9, 245816).
cost(3, 10, 23415).
cost(3, 11, 272711).
cost(3, 12, 737761).
cost(3, 13, 670380).
cost(3, 14, 453773).
cost(3, 15, 355665).
cost(3, 16, 605985).
cost(3, 17, 483077).
cost(3, 18, 455271).
cost(3, 19, 440123).
cost(3, 20, 629956).
cost(3, 21, 483023).
cost(3, 22, 304936).
cost(3, 23, 396107).
cost(3, 24, 291581).
cost(3, 25, 687001).
cost(3, 26, 866320).
cost(3, 27, 702115).
cost(3, 28, 206251).
cost(3, 29, 109719).
cost(3, 30, 494795).
cost(4, 1, 281654).
cost(4, 2, 393599).
cost(4, 3, 250144).
cost(4, 5, 99205).
cost(4, 6, 313796).
cost(4, 7, 410804).
cost(4, 8, 303472).
cost(4, 9, 192843).
cost(4, 10, 250202).
cost(4, 11, 69702).
cost(4, 12, 505558).
cost(4, 13, 465749).
cost(4, 14, 227135).
cost(4, 15, 120947).
cost(4, 16, 377544).
cost(4, 17, 305402).
cost(4, 18, 218705).
cost(4, 19, 191634).
cost(4, 20, 472767).
cost(4, 21, 323323).
cost(4, 22, 64925).
cost(4, 23, 173194).
cost(4, 24, 65127).
cost(4, 25, 450464).
cost(4, 26, 757863).
cost(4, 27, 464469).
cost(4, 28, 47640).
cost(4, 29, 337676).
cost(4, 30, 325749).
cost(5, 1, 276054).
cost(5, 2, 376024).
cost(5, 3, 333594).
cost(5, 4, 99205).
cost(5, 6, 240701).
cost(5, 7, 388226).
cost(5, 8, 402318).
cost(5, 9, 284554).
cost(5, 10, 329039).
cost(5, 11, 144813).
cost(5, 12, 472366).
cost(5, 13, 461847).
cost(5, 14, 128070).
cost(5, 15, 133450).
cost(5, 16, 354871).
cost(5, 17, 333916).
cost(5, 18, 122637).
cost(5, 19, 114583).
cost(5, 20, 500478).
cost(5, 21, 360845).
cost(5, 22, 34419).
cost(5, 23, 74449).
cost(5, 24, 122846).
cost(5, 25, 413389).
cost(5, 26, 798823).
cost(5, 27, 370079).
cost(5, 28, 130253).
cost(5, 29, 429419).
cost(5, 30, 357541).
cost(6, 1, 495653).
cost(6, 2, 576294).
cost(6, 3, 450720).
cost(6, 4, 313796).
cost(6, 5, 240701).
cost(6, 7, 581599).
cost(6, 8, 577027).
cost(6, 9, 505324).
cost(6, 10, 434580).
cost(6, 11, 377212).
cost(6, 12, 644117).
cost(6, 13, 671492).
cost(6, 14, 195361).
cost(6, 15, 372704).
cost(6, 16, 551010).
cost(6, 17, 569883).
cost(6, 18, 228518).
cost(6, 19, 288580).
cost(6, 20, 732978).
cost(6, 21, 599239).
cost(6, 22, 265826).
cost(6, 23, 191502).
cost(6, 24, 359497).
cost(6, 25, 583981).
cost(6, 26, 1035260).
cost(6, 27, 366679).
cost(6, 28, 313182).
cost(6, 29, 560385).
cost(6, 30, 594216).
cost(7, 1, 134939).
cost(7, 2, 25042).
cost(7, 3, 637552).
cost(7, 4, 410804).
cost(7, 5, 388226).
cost(7, 6, 581599).
cost(7, 8, 607178).
cost(7, 9, 430462).
cost(7, 10, 644850).
cost(7, 11, 366796).
cost(7, 12, 102568).
cost(7, 13, 104271).
cost(7, 14, 386730).
cost(7, 15, 290252).
cost(7, 16, 33579).
cost(7, 17, 200996).
cost(7, 18, 353195).
cost(7, 19, 296106).
cost(7, 20, 240149).
cost(7, 21, 231999).
cost(7, 22, 390910).
cost(7, 23, 398246).
cost(7, 24, 352566).
cost(7, 25, 71498).
cost(7, 26, 522790).
cost(7, 27, 400652).
cost(7, 28, 457674).
cost(7, 29, 693007).
cost(7, 30, 210947).
cost(8, 1, 476618).
cost(8, 2, 583489).
cost(8, 3, 164598).
cost(8, 4, 303472).
cost(8, 5, 402318).
cost(8, 6, 577027).
cost(8, 7, 607178).
cost(8, 9, 176755).
cost(8, 10, 188011).
cost(8, 11, 285573).
cost(8, 12, 709709).
cost(8, 13, 614298).
cost(8, 14, 530387).
cost(8, 15, 365925).
cost(8, 16, 579766).
cost(8, 17, 421655).
cost(8, 18, 521669).
cost(8, 19, 485827).
cost(8, 20, 539506).
cost(8, 21, 408715).
cost(8, 22, 368302).
cost(8, 23, 475236).
cost(8, 24, 311646).
cost(8, 25, 667915).
cost(8, 26, 737777).
cost(8, 27, 764966).
cost(8, 28, 277773).
cost(8, 29, 115057).
cost(8, 30, 425502).
cost(9, 1, 300155).
cost(9, 2, 406858).
cost(9, 3, 245816).
cost(9, 4, 192843).
cost(9, 5, 284554).
cost(9, 6, 505324).
cost(9, 7, 430462).
cost(9, 8, 176755).
cost(9, 10, 262404).
cost(9, 11, 142029).
cost(9, 12, 533010).
cost(9, 13, 441904).
cost(9, 14, 405969).
cost(9, 15, 206431).
cost(9, 16, 403039).
cost(9, 17, 249283).
cost(9, 18, 388951).
cost(9, 19, 339591).
cost(9, 20, 385230).
cost(9, 21, 242161).
cost(9, 22, 251306).
cost(9, 23, 358140).
cost(9, 24, 167724).
cost(9, 25, 491367).
cost(9, 26, 626581).
cost(9, 27, 618886).
cost(9, 28, 195870).
cost(9, 29, 269438).
cost(9, 30, 256518).
cost(10, 1, 510327).
cost(10, 2, 624622).
cost(10, 3, 23415).
cost(10, 4, 250202).
cost(10, 5, 329039).
cost(10, 6, 434580).
cost(10, 7, 644850).
cost(10, 8, 188011).
cost(10, 9, 262404).
cost(10, 11, 278509).
cost(10, 12, 744296).
cost(10, 13, 680913).
cost(10, 14, 446418).
cost(10, 15, 360005).
cost(10, 16, 612895).
cost(10, 17, 495361).
cost(10, 18, 449601).
cost(10, 19, 437934).
cost(10, 20, 644947).
cost(10, 21, 496857).
cost(10, 22, 301845).
cost(10, 23, 388890).
cost(10, 24, 295804).
cost(10, 25, 692522).
cost(10, 26, 885379).
cost(10, 27, 695546).
cost(10, 28, 204634).
cost(10, 29, 127760).
cost(10, 30, 507946).
cost(11, 1, 232975).
cost(11, 2, 347217).
cost(11, 3, 272711).
cost(11, 4, 69702).
cost(11, 5, 144813).
cost(11, 6, 377212).
cost(11, 7, 366796).
cost(11, 8, 285573).
cost(11, 9, 142029).
cost(11, 10, 278509).
cost(11, 12, 465797).
cost(11, 13, 410873).
cost(11, 14, 263946).
cost(11, 15, 84684).
cost(11, 16, 334567).
cost(11, 17, 240574).
cost(11, 18, 247409).
cost(11, 19, 202232).
cost(11, 20, 406395).
cost(11, 21, 255778).
cost(11, 22, 113419).
cost(11, 23, 217109).
cost(11, 24, 26673).
cost(11, 25, 414326).
cost(11, 26, 688575).
cost(11, 27, 482679).
cost(11, 28, 103249).
cost(11, 29, 342897).
cost(11, 30, 259617).
cost(12, 1, 236384).
cost(12, 2, 126365).
cost(12, 3, 737761).
cost(12, 4, 505558).
cost(12, 5, 472366).
cost(12, 6, 644117).
cost(12, 7, 102568).
cost(12, 8, 709709).
cost(12, 9, 533010).
cost(12, 10, 744296).
cost(12, 11, 465797).
cost(12, 13, 145374).
cost(12, 14, 449545).
cost(12, 15, 386490).
cost(12, 16, 132083).
cost(12, 17, 299307).
cost(12, 18, 417669).
cost(12, 19, 369873).
cost(12, 20, 299590).
cost(12, 21, 326937).
cost(12, 22, 479425).
cost(12, 23, 471048).
cost(12, 24, 449967).
cost(12, 25, 60465).
cost(12, 26, 545174).
cost(12, 27, 404945).
cost(12, 28, 552962).
cost(12, 29, 795222).
cost(12, 30, 306064).
cost(13, 1, 186828).
cost(13, 2, 98767).
cost(13, 3, 670380).
cost(13, 4, 465749).
cost(13, 5, 461847).
cost(13, 6, 671492).
cost(13, 7, 104271).
cost(13, 8, 614298).
cost(13, 9, 441904).
cost(13, 10, 680913).
cost(13, 11, 410873).
cost(13, 12, 145374).
cost(13, 14, 478914).
cost(13, 15, 346287).
cost(13, 16, 125904).
cost(13, 17, 192849).
cost(13, 18, 445033).
cost(13, 19, 383009).
cost(13, 20, 154219).
cost(13, 21, 208657).
cost(13, 22, 458290).
cost(13, 23, 483239).
cost(13, 24, 402514).
cost(13, 25, 156345).
cost(13, 26, 419741).
cost(13, 27, 504525).
cost(13, 28, 510080).
cost(13, 29, 711129).
cost(13, 30, 189942).
cost(14, 1, 310305).
cost(14, 2, 382412).
cost(14, 3, 453773).
cost(14, 4, 227135).
cost(14, 5, 128070).
cost(14, 6, 195361).
cost(14, 7, 386730).
cost(14, 8, 530387).
cost(14, 9, 405969).
cost(14, 10, 446418).
cost(14, 11, 263946).
cost(14, 12, 449545).
cost(14, 13, 478914).
cost(14, 15, 221071).
cost(14, 16, 356674).
cost(14, 17, 398199).
cost(14, 18, 33893).
cost(14, 19, 100828).
cost(14, 20, 553036).
cost(14, 21, 432040).
cost(14, 22, 162210).
cost(14, 23, 57676).
cost(14, 24, 238663).
cost(14, 25, 389235).
cost(14, 26, 858177).
cost(14, 27, 249565).
cost(14, 28, 256334).
cost(14, 29, 553829).
cost(14, 30, 423173).
cost(15, 1, 160943).
cost(15, 2, 272697).
cost(15, 3, 355665).
cost(15, 4, 120947).
cost(15, 5, 133450).
cost(15, 6, 372704).
cost(15, 7, 290252).
cost(15, 8, 365925).
cost(15, 9, 206431).
cost(15, 10, 360005).
cost(15, 11, 84684).
cost(15, 12, 386490).
cost(15, 13, 346287).
cost(15, 14, 221071).
cost(15, 16, 257160).
cost(15, 17, 201117).
cost(15, 18, 196381).
cost(15, 19, 137237).
cost(15, 20, 368665).
cost(15, 21, 227398).
cost(15, 22, 117925).
cost(15, 23, 188559).
cost(15, 24, 64204).
cost(15, 25, 333004).
cost(15, 26, 665451).
cost(15, 27, 413208).
cost(15, 28, 167451).
cost(15, 29, 427512).
cost(15, 30, 224390).
cost(16, 1, 104403).
cost(16, 2, 27202).
cost(16, 3, 605985).
cost(16, 4, 377544).
cost(16, 5, 354871).
cost(16, 6, 551010).
cost(16, 7, 33579).
cost(16, 8, 579766).
cost(16, 9, 403039).
cost(16, 10, 612895).
cost(16, 11, 334567).
cost(16, 12, 132083).
cost(16, 13, 125904).
cost(16, 14, 356674).
cost(16, 15, 257160).
cost(16, 17, 182766).
cost(16, 18, 322962).
cost(16, 19, 264345).
cost(16, 20, 246346).
cost(16, 21, 216789).
cost(16, 22, 357340).
cost(16, 23, 366282).
cost(16, 24, 319791).
cost(16, 25, 89684).
cost(16, 26, 538103).
cost(16, 27, 386164).
cost(16, 28, 424511).
cost(16, 29, 663426).
cost(16, 30, 195987).
cost(17, 1, 111326).
cost(17, 2, 175954).
cost(17, 3, 483077).
cost(17, 4, 305402).
cost(17, 5, 333916).
cost(17, 6, 569883).
cost(17, 7, 200996).
cost(17, 8, 421655).
cost(17, 9, 249283).
cost(17, 10, 495361).
cost(17, 11, 240574).
cost(17, 12, 299307).
cost(17, 13, 192849).
cost(17, 14, 398199).
cost(17, 15, 201117).
cost(17, 16, 182766).
cost(17, 18, 366914).
cost(17, 19, 298411).
cost(17, 20, 168226).
cost(17, 21, 39052).
cost(17, 22, 318525).
cost(17, 23, 380107).
cost(17, 24, 240428).
cost(17, 25, 270707).
cost(17, 26, 465499).
cost(17, 27, 519260).
cost(17, 28, 343800).
cost(17, 29, 518689).
cost(17, 30, 24993).
cost(18, 1, 277050).
cost(18, 2, 348622).
cost(18, 3, 455271).
cost(18, 4, 218705).
cost(18, 5, 122637).
cost(18, 6, 228518).
cost(18, 7, 353195).
cost(18, 8, 521669).
cost(18, 9, 388951).
cost(18, 10, 449601).
cost(18, 11, 247409).
cost(18, 12, 417669).
cost(18, 13, 445033).
cost(18, 14, 33893).
cost(18, 15, 196381).
cost(18, 16, 322962).
cost(18, 17, 366914).
cost(18, 19, 68552).
cost(18, 20, 520159).
cost(18, 21, 401408).
cost(18, 22, 154798).
cost(18, 23, 66590).
cost(18, 24, 221284).
cost(18, 25, 357261).
cost(18, 26, 825431).
cost(18, 27, 247458).
cost(18, 28, 252878).
cost(18, 29, 552055).
cost(18, 30, 391906).
cost(19, 1, 209846).
cost(19, 2, 288818).
cost(19, 3, 440123).
cost(19, 4, 191634).
cost(19, 5, 114583).
cost(19, 6, 288580).
cost(19, 7, 296106).
cost(19, 8, 485827).
cost(19, 9, 339591).
cost(19, 10, 437934).
cost(19, 11, 202232).
cost(19, 12, 369873).
cost(19, 13, 383009).
cost(19, 14, 100828).
cost(19, 15, 137237).
cost(19, 16, 264345).
cost(19, 17, 298411).
cost(19, 18, 68552).
cost(19, 20, 452224).
cost(19, 21, 333131).
cost(19, 22, 136442).
cost(19, 23, 102244).
cost(19, 24, 175583).
cost(19, 25, 309670).
cost(19, 26, 757348).
cost(19, 27, 280459).
cost(19, 28, 233878).
cost(19, 29, 529136).
cost(19, 30, 323403).
cost(20, 1, 243776).
cost(20, 2, 222760).
cost(20, 3, 629956).
cost(20, 4, 472767).
cost(20, 5, 500478).
cost(20, 6, 732978).
cost(20, 7, 240149).
cost(20, 8, 539506).
cost(20, 9, 385230).
cost(20, 10, 644947).
cost(20, 11, 406395).
cost(20, 12, 299590).
cost(20, 13, 154219).
cost(20, 14, 553036).
cost(20, 15, 368665).
cost(20, 16, 246346).
cost(20, 17, 168226).
cost(20, 18, 520159).
cost(20, 19, 452224).
cost(20, 21, 151637).
cost(20, 22, 486415).
cost(20, 23, 541748).
cost(20, 24, 408060).
cost(20, 25, 304764).
cost(20, 26, 305390).
cost(20, 27, 630723).
cost(20, 28, 509465).
cost(20, 29, 647602).
cost(20, 30, 147019).
cost(21, 1, 150370).
cost(21, 2, 207133).
cost(21, 3, 483023).
cost(21, 4, 323323).
cost(21, 5, 360845).
cost(21, 6, 599239).
cost(21, 7, 231999).
cost(21, 8, 408715).
cost(21, 9, 242161).
cost(21, 10, 496857).
cost(21, 11, 255778).
cost(21, 12, 326937).
cost(21, 13, 208657).
cost(21, 14, 432040).
cost(21, 15, 227398).
cost(21, 16, 216789).
cost(21, 17, 39052).
cost(21, 18, 401408).
cost(21, 19, 333131).
cost(21, 20, 151637).
cost(21, 22, 342838).
cost(21, 23, 411039).
cost(21, 24, 259386).
cost(21, 25, 302877).
cost(21, 26, 438406).
cost(21, 27, 558242).
cost(21, 28, 358494).
cost(21, 29, 510451).
cost(21, 30, 21055).
cost(22, 1, 271469).
cost(22, 2, 376796).
cost(22, 3, 304936).
cost(22, 4, 64925).
cost(22, 5, 34419).
cost(22, 6, 265826).
cost(22, 7, 390910).
cost(22, 8, 368302).
cost(22, 9, 251306).
cost(22, 10, 301845).
cost(22, 11, 113419).
cost(22, 12, 479425).
cost(22, 13, 458290).
cost(22, 14, 162210).
cost(22, 15, 117925).
cost(22, 16, 357340).
cost(22, 17, 318525).
cost(22, 18, 154798).
cost(22, 19, 136442).
cost(22, 20, 486415).
cost(22, 21, 342838).
cost(22, 23, 108803).
cost(22, 24, 93762).
cost(22, 25, 421618).
cost(22, 26, 781214).
cost(22, 27, 401694).
cost(22, 28, 99318).
cost(22, 29, 398186).
cost(22, 30, 341315).
cost(23, 1, 304491).
cost(23, 2, 390382).
cost(23, 3, 396107).
cost(23, 4, 173194).
cost(23, 5, 74449).
cost(23, 6, 191502).
cost(23, 7, 398246).
cost(23, 8, 475236).
cost(23, 9, 358140).
cost(23, 10, 388890).
cost(23, 11, 217109).
cost(23, 12, 471048).
cost(23, 13, 483239).
cost(23, 14, 57676).
cost(23, 15, 188559).
cost(23, 16, 366282).
cost(23, 17, 380107).
cost(23, 18, 66590).
cost(23, 19, 102244).
cost(23, 20, 541748).
cost(23, 21, 411039).
cost(23, 22, 108803).
cost(23, 24, 193419).
cost(23, 25, 410669).
cost(23, 26, 844831).
cost(23, 27, 306777).
cost(23, 28, 199579).
cost(23, 29, 496322).
cost(23, 30, 404720).
cost(24, 1, 220585).
cost(24, 2, 334049).
cost(24, 3, 291581).
cost(24, 4, 65127).
cost(24, 5, 122846).
cost(24, 6, 359497).
cost(24, 7, 352566).
cost(24, 8, 311646).
cost(24, 9, 167724).
cost(24, 10, 295804).
cost(24, 11, 26673).
cost(24, 12, 449967).
cost(24, 13, 402514).
cost(24, 14, 238663).
cost(24, 15, 64204).
cost(24, 16, 319791).
cost(24, 17, 240428).
cost(24, 18, 221284).
cost(24, 19, 175583).
cost(24, 20, 408060).
cost(24, 21, 259386).
cost(24, 22, 93762).
cost(24, 23, 193419).
cost(24, 25, 397018).
cost(24, 26, 695678).
cost(24, 27, 456019).
cost(24, 28, 107566).
cost(24, 29, 366003).
cost(24, 30, 261086).
cost(25, 1, 191312).
cost(25, 2, 95902).
cost(25, 3, 687001).
cost(25, 4, 450464).
cost(25, 5, 413389).
cost(25, 6, 583981).
cost(25, 7, 71498).
cost(25, 8, 667915).
cost(25, 9, 491367).
cost(25, 10, 692522).
cost(25, 11, 414326).
cost(25, 12, 60465).
cost(25, 13, 156345).
cost(25, 14, 389235).
cost(25, 15, 333004).
cost(25, 16, 89684).
cost(25, 17, 270707).
cost(25, 18, 357261).
cost(25, 19, 309670).
cost(25, 20, 304764).
cost(25, 21, 302877).
cost(25, 22, 421618).
cost(25, 23, 410669).
cost(25, 24, 397018).
cost(25, 26, 573461).
cost(25, 27, 358698).
cost(25, 28, 498046).
cost(25, 29, 748926).
cost(25, 30, 281850).
cost(26, 1, 549141).
cost(26, 2, 511755).
cost(26, 3, 866320).
cost(26, 4, 757863).
cost(26, 5, 798823).
cost(26, 6, 1035260).
cost(26, 7, 522790).
cost(26, 8, 737777).
cost(26, 9, 626581).
cost(26, 10, 885379).
cost(26, 11, 688575).
cost(26, 12, 545174).
cost(26, 13, 419741).
cost(26, 14, 858177).
cost(26, 15, 665451).
cost(26, 16, 538103).
cost(26, 17, 465499).
cost(26, 18, 825431).
cost(26, 19, 757348).
cost(26, 20, 305390).
cost(26, 21, 438406).
cost(26, 22, 781214).
cost(26, 23, 844831).
cost(26, 24, 695678).
cost(26, 25, 573461).
cost(26, 27, 923268).
cost(26, 28, 788141).
cost(26, 29, 852824).
cost(26, 30, 441436).
cost(27, 1, 408443).
cost(27, 2, 411916).
cost(27, 3, 702115).
cost(27, 4, 464469).
cost(27, 5, 370079).
cost(27, 6, 366679).
cost(27, 7, 400652).
cost(27, 8, 764966).
cost(27, 9, 618886).
cost(27, 10, 695546).
cost(27, 11, 482679).
cost(27, 12, 404945).
cost(27, 13, 504525).
cost(27, 14, 249565).
cost(27, 15, 413208).
cost(27, 16, 386164).
cost(27, 17, 519260).
cost(27, 18, 247458).
cost(27, 19, 280459).
cost(27, 20, 630723).
cost(27, 21, 558242).
cost(27, 22, 401694).
cost(27, 23, 306777).
cost(27, 24, 456019).
cost(27, 25, 358698).
cost(27, 26, 923268).
cost(27, 28, 500280).
cost(27, 29, 799492).
cost(27, 30, 541922).
cost(28, 1, 327405).
cost(28, 2, 440065).
cost(28, 3, 206251).
cost(28, 4, 47640).
cost(28, 5, 130253).
cost(28, 6, 313182).
cost(28, 7, 457674).
cost(28, 8, 277773).
cost(28, 9, 195870).
cost(28, 10, 204634).
cost(28, 11, 103249).
cost(28, 12, 552962).
cost(28, 13, 510080).
cost(28, 14, 256334).
cost(28, 15, 167451).
cost(28, 16, 424511).
cost(28, 17, 343800).
cost(28, 18, 252878).
cost(28, 19, 233878).
cost(28, 20, 509465).
cost(28, 21, 358494).
cost(28, 22, 99318).
cost(28, 23, 199579).
cost(28, 24, 107566).
cost(28, 25, 498046).
cost(28, 26, 788141).
cost(28, 27, 500280).
cost(28, 29, 299223).
cost(28, 30, 362807).
cost(29, 1, 559034).
cost(29, 2, 670453).
cost(29, 3, 109719).
cost(29, 4, 337676).
cost(29, 5, 429419).
cost(29, 6, 560385).
cost(29, 7, 693007).
cost(29, 8, 115057).
cost(29, 9, 269438).
cost(29, 10, 127760).
cost(29, 11, 342897).
cost(29, 12, 795222).
cost(29, 13, 711129).
cost(29, 14, 553829).
cost(29, 15, 427512).
cost(29, 16, 663426).
cost(29, 17, 518689).
cost(29, 18, 552055).
cost(29, 19, 529136).
cost(29, 20, 647602).
cost(29, 21, 510451).
cost(29, 22, 398186).
cost(29, 23, 496322).
cost(29, 24, 366003).
cost(29, 25, 748926).
cost(29, 26, 852824).
cost(29, 27, 799492).
cost(29, 28, 299223).
cost(29, 30, 525612).
cost(30, 1, 133488).
cost(30, 2, 186087).
cost(30, 3, 494795).
cost(30, 4, 325749).
cost(30, 5, 357541).
cost(30, 6, 594216).
cost(30, 7, 210947).
cost(30, 8, 425502).
cost(30, 9, 256518).
cost(30, 10, 507946).
cost(30, 11, 259617).
cost(30, 12, 306064).
cost(30, 13, 189942).
cost(30, 14, 423173).
cost(30, 15, 224390).
cost(30, 16, 195987).
cost(30, 17, 24993).
cost(30, 18, 391906).
cost(30, 19, 323403).
cost(30, 20, 147019).
cost(30, 21, 21055).
cost(30, 22, 341315).
cost(30, 23, 404720).
cost(30, 24, 261086).
cost(30, 25, 281850).
cost(30, 26, 441436).
cost(30, 27, 541922).
cost(30, 28, 362807).
cost(30, 29, 525612).
nocross(1,3).
nocross(1,5).
nocross(1,15).
nocross(1,18).
nocross(1,19).
nocross(1,23).
nocross(1,24).
nocross(2,1).
nocross(2,15).
nocross(2,17).
nocross(2,18).
nocross(2,19).
nocross(2,24).
nocross(2,30).
nocross(3,1).
nocross(3,4).
nocross(3,5).
nocross(3,6).
nocross(3,9).
nocross(3,11).
nocross(3,14).
nocross(3,15).
nocross(3,19).
nocross(3,21).
nocross(3,23).
nocross(3,24).
nocross(3,25).
nocross(3,28).
nocross(4,1).
nocross(4,3).
nocross(4,5).
nocross(4,11).
nocross(4,14).
nocross(4,15).
nocross(4,18).
nocross(4,19).
nocross(4,24).
nocross(5,1).
nocross(5,3).
nocross(5,4).
nocross(5,14).
nocross(5,15).
nocross(5,18).
nocross(5,19).
nocross(5,23).
nocross(5,24).
nocross(5,25).
nocross(5,28).
nocross(6,3).
nocross(6,4).
nocross(6,5).
nocross(6,14).
nocross(6,15).
nocross(6,18).
nocross(6,19).
nocross(6,23).
nocross(6,24).
nocross(6,27).
nocross(6,28).
nocross(7,1).
nocross(7,2).
nocross(7,16).
nocross(7,25).
nocross(7,27).
nocross(7,30).
nocross(9,1).
nocross(9,3).
nocross(9,4).
nocross(9,5).
nocross(9,15).
nocross(9,17).
nocross(9,21).
nocross(9,24).
nocross(9,28).
nocross(12,25).
nocross(12,27).
nocross(13,1).
nocross(13,12).
nocross(13,15).
nocross(13,24).
nocross(13,25).
nocross(13,30).
nocross(14,1).
nocross(14,3).
nocross(14,6).
nocross(14,15).
nocross(14,18).
nocross(14,19).
nocross(14,23).
nocross(14,24).
nocross(14,27).
nocross(14,28).
nocross(15,1).
nocross(15,3).
nocross(15,4).
nocross(15,5).
nocross(15,14).
nocross(15,18).
nocross(15,19).
nocross(15,21).
nocross(15,23).
nocross(15,24).
nocross(15,25).
nocross(16,1).
nocross(16,5).
nocross(16,15).
nocross(16,17).
nocross(16,18).
nocross(16,19).
nocross(16,25).
nocross(16,27).
nocross(16,30).
nocross(17,1).
nocross(17,11).
nocross(17,15).
nocross(17,19).
nocross(17,24).
nocross(18,1).
nocross(18,5).
nocross(18,6).
nocross(18,14).
nocross(18,15).
nocross(18,19).
nocross(18,22).
nocross(18,23).
nocross(18,24).
nocross(18,27).
nocross(19,1).
nocross(19,3).
nocross(19,5).
nocross(19,14).
nocross(19,15).
nocross(19,18).
nocross(19,23).
nocross(19,24).
nocross(19,25).
nocross(19,27).
nocross(20,1).
nocross(20,18).
nocross(20,21).
nocross(21,3).
nocross(21,15).
nocross(21,17).
nocross(21,19).
nocross(21,24).
nocross(21,30).
nocross(22,28).
nocross(23,1).
nocross(23,3).
nocross(23,4).
nocross(23,5).
nocross(23,6).
nocross(23,14).
nocross(23,15).
nocross(23,18).
nocross(23,19).
nocross(23,24).
nocross(23,28).
nocross(24,1).
nocross(24,3).
nocross(24,4).
nocross(24,5).
nocross(24,9).
nocross(24,14).
nocross(24,15).
nocross(24,18).
nocross(24,19).
nocross(24,21).
nocross(24,23).
nocross(24,25).
nocross(25,2).
nocross(25,7).
nocross(25,12).
nocross(25,14).
nocross(25,15).
nocross(25,17).
nocross(25,18).
nocross(25,19).
nocross(25,27).
nocross(27,12).
nocross(27,14).
nocross(27,15).
nocross(27,18).
nocross(27,19).
nocross(27,22).
nocross(27,24).
nocross(27,25).
nocross(30,1).
nocross(30,2).
nocross(30,3).
nocross(30,15).
nocross(30,17).
nocross(30,21).
nocross(30,24).
