dimension(30).
point(1, -79747.0, 107377.0).
point(2, -214222.0, -12265.0).
point(3, -63390.0, -176110.0).
point(4, 36465.0, 80351.0).
point(5, -299564.0, -233830.0).
point(6, 80286.0, -182497.0).
point(7, 215296.0, -179744.0).
point(8, -144174.0, 180418.0).
point(9, -30081.0, 42924.0).
point(10, -356236.0, -134814.0).
point(11, -149800.0, -202421.0).
point(12, -146616.0, -61923.0).
point(13, 14043.0, -430210.0).
point(14, -116365.0, 105163.0).
point(15, -32966.0, 50625.0).
point(16, -269501.0, 213125.0).
point(17, 441775.0, 139123.0).
point(18, -47505.0, 230625.0).
point(19, -7698.0, 229673.0).
point(20, 173062.0, 106062.0).
point(21, 170011.0, -209410.0).
point(22, -231774.0, -139583.0).
point(23, 206926.0, -198823.0).
point(24, 50966.0, 317697.0).
point(25, -212625.0, 84352.0).
point(26, 91865.0, -246255.0).
point(27, 118078.0, 347901.0).
point(28, -308799.0, -382472.0).
point(29, -75481.0, -226728.0).
point(30, 73546.0, -5464.0).
cost(1, 2, 179994).
cost(1, 3, 283959).
cost(1, 4, 119313).
cost(1, 5, 405884).
cost(1, 6, 331116).
cost(1, 7, 411690).
cost(1, 8, 97395).
cost(1, 9, 81369).
cost(1, 10, 367563).
cost(1, 11, 317620).
cost(1, 12, 182027).
cost(1, 13, 545707).
cost(1, 14, 36685).
cost(1, 15, 73548).
cost(1, 16, 217231).
cost(1, 17, 522487).
cost(1, 18, 127396).
cost(1, 19, 141941).
cost(1, 20, 252812).
cost(1, 21, 403402).
cost(1, 22, 290003).
cost(1, 23, 419452).
cost(1, 24, 247630).
cost(1, 25, 134858).
cost(1, 26, 393073).
cost(1, 27, 311427).
cost(1, 28, 540756).
cost(1, 29, 334132).
cost(1, 30, 190347).
cost(2, 1, 179994).
cost(2, 3, 222700).
cost(2, 4, 267248).
cost(2, 5, 237433).
cost(2, 6, 340167).
cost(2, 7, 461015).
cost(2, 8, 205021).
cost(2, 9, 192234).
cost(2, 10, 187580).
cost(2, 11, 200772).
cost(2, 12, 83884).
cost(2, 13, 476217).
cost(2, 14, 152857).
cost(2, 15, 191856).
cost(2, 16, 232070).
cost(2, 17, 673239).
cost(2, 18, 294602).
cost(2, 19, 318098).
cost(2, 20, 404957).
cost(2, 21, 431858).
cost(2, 22, 128522).
cost(2, 23, 460619).
cost(2, 24, 423320).
cost(2, 25, 96630).
cost(2, 26, 385280).
cost(2, 27, 490044).
cost(2, 28, 382097).
cost(2, 29, 255428).
cost(2, 30, 287848).
cost(3, 1, 283959).
cost(3, 2, 222700).
cost(3, 4, 275215).
cost(3, 5, 243125).
cost(3, 6, 143818).
cost(3, 7, 278710).
cost(3, 8, 365566).
cost(3, 9, 221552).
cost(3, 10, 295743).
cost(3, 11, 90327).
cost(3, 12, 141298).
cost(3, 13, 265636).
cost(3, 14, 286218).
cost(3, 15, 228767).
cost(3, 16, 440438).
cost(3, 17, 595452).
cost(3, 18, 407045).
cost(3, 19, 409587).
cost(3, 20, 368145).
cost(3, 21, 235765).
cost(3, 22, 172300).
cost(3, 23, 271269).
cost(3, 24, 506875).
cost(3, 25, 300186).
cost(3, 26, 170366).
cost(3, 27, 554543).
cost(3, 28, 320641).
cost(3, 29, 52042).
cost(3, 30, 218796).
cost(4, 1, 119313).
cost(4, 2, 267248).
cost(4, 3, 275215).
cost(4, 5, 460027).
cost(4, 6, 266476).
cost(4, 7, 315642).
cost(4, 8, 206504).
cost(4, 9, 76349).
cost(4, 10, 447783).
cost(4, 11, 338607).
cost(4, 12, 231863).
cost(4, 13, 511053).
cost(4, 14, 154831).
cost(4, 15, 75527).
cost(4, 16, 333533).
cost(4, 17, 409549).
cost(4, 18, 172143).
cost(4, 19, 155716).
cost(4, 20, 138996).
cost(4, 21, 319055).
cost(4, 22, 346876).
cost(4, 23, 327101).
cost(4, 24, 237789).
cost(4, 25, 249122).
cost(4, 26, 331271).
cost(4, 27, 279721).
cost(4, 28, 577419).
cost(4, 29, 326848).
cost(4, 30, 93484).
cost(5, 1, 405884).
cost(5, 2, 237433).
cost(5, 3, 243125).
cost(5, 4, 460027).
cost(5, 6, 383303).
cost(5, 7, 517693).
cost(5, 8, 442434).
cost(5, 9, 386282).
cost(5, 10, 114087).
cost(5, 11, 153022).
cost(5, 12, 230098).
cost(5, 13, 370020).
cost(5, 14, 385329).
cost(5, 15, 389858).
cost(5, 16, 447965).
cost(5, 17, 829866).
cost(5, 18, 528443).
cost(5, 19, 547742).
cost(5, 20, 582153).
cost(5, 21, 470210).
cost(5, 22, 116095).
cost(5, 23, 507698).
cost(5, 24, 653493).
cost(5, 25, 329846).
cost(5, 26, 391626).
cost(5, 27, 716126).
cost(5, 28, 148929).
cost(5, 29, 224196).
cost(5, 30, 437450).
cost(6, 1, 331116).
cost(6, 2, 340167).
cost(6, 3, 143818).
cost(6, 4, 266476).
cost(6, 5, 383303).
cost(6, 7, 135038).
cost(6, 8, 426720).
cost(6, 9, 250989).
cost(6, 10, 439119).
cost(6, 11, 230947).
cost(6, 12, 256949).
cost(6, 13, 256417).
cost(6, 14, 348454).
cost(6, 15, 259175).
cost(6, 16, 528079).
cost(6, 17, 483853).
cost(6, 18, 432435).
cost(6, 19, 421456).
cost(6, 20, 303107).
cost(6, 21, 93674).
cost(6, 22, 314997).
cost(6, 23, 127688).
cost(6, 24, 501053).
cost(6, 25, 396239).
cost(6, 26, 64801).
cost(6, 27, 531743).
cost(6, 28, 437467).
cost(6, 29, 161925).
cost(6, 30, 177161).
cost(7, 1, 411690).
cost(7, 2, 461015).
cost(7, 3, 278710).
cost(7, 4, 315642).
cost(7, 5, 517693).
cost(7, 6, 135038).
cost(7, 8, 508857).
cost(7, 9, 331347).
cost(7, 10, 573295).
cost(7, 11, 365800).
cost(7, 12, 380608).
cost(7, 13, 321304).
cost(7, 14, 437231).
cost(7, 15, 338680).
cost(7, 16, 623999).
cost(7, 17, 391112).
cost(7, 18, 487306).
cost(7, 19, 466207).
cost(7, 20, 288910).
cost(7, 21, 54137).
cost(7, 22, 448870).
cost(7, 23, 20834).
cost(7, 24, 523882).
cost(7, 25, 502855).
cost(7, 26, 140210).
cost(7, 27, 536526).
cost(7, 28, 561938).
cost(7, 29, 294548).
cost(7, 30, 224648).
cost(8, 1, 97395).
cost(8, 2, 205021).
cost(8, 3, 365566).
cost(8, 4, 206504).
cost(8, 5, 442434).
cost(8, 6, 426720).
cost(8, 7, 508857).
cost(8, 9, 178667).
cost(8, 10, 379923).
cost(8, 11, 382880).
cost(8, 12, 242353).
cost(8, 13, 630792).
cost(8, 14, 80229).
cost(8, 15, 170919).
cost(8, 16, 129525).
cost(8, 17, 587402).
cost(8, 18, 108930).
cost(8, 19, 145092).
cost(8, 20, 325834).
cost(8, 21, 500678).
cost(8, 22, 331775).
cost(8, 23, 516812).
cost(8, 24, 238590).
cost(8, 25, 117959).
cost(8, 26, 487611).
cost(8, 27, 311170).
cost(8, 28, 586470).
cost(8, 29, 412900).
cost(8, 30, 286276).
cost(9, 1, 81369).
cost(9, 2, 192234).
cost(9, 3, 221552).
cost(9, 4, 76349).
cost(9, 5, 386282).
cost(9, 6, 250989).
cost(9, 7, 331347).
cost(9, 8, 178667).
cost(9, 10, 371440).
cost(9, 11, 272996).
cost(9, 12, 156759).
cost(9, 13, 475187).
cost(9, 14, 106389).
cost(9, 15, 8224).
cost(9, 16, 293752).
cost(9, 17, 481562).
cost(9, 18, 188508).
cost(9, 19, 188086).
cost(9, 20, 212729).
cost(9, 21, 322039).
cost(9, 22, 272009).
cost(9, 23, 338547).
cost(9, 24, 286477).
cost(9, 25, 187186).
cost(9, 26, 313840).
cost(9, 27, 339061).
cost(9, 28, 508572).
cost(9, 29, 273447).
cost(9, 30, 114368).
cost(10, 1, 367563).
cost(10, 2, 187580).
cost(10, 3, 295743).
cost(10, 4, 447783).
cost(10, 5, 114087).
cost(10, 6, 439119).
cost(10, 7, 573295).
cost(10, 8, 379923).
cost(10, 9, 371440).
cost(10, 11, 217225).
cost(10, 12, 221932).
cost(10, 13, 473672).
cost(10, 14, 339304).
cost(10, 15, 372681).
cost(10, 16, 358587).
cost(10, 17, 843720).
cost(10, 18, 478394).
cost(10, 19, 504311).
cost(10, 20, 581530).
cost(10, 21, 531508).
cost(10, 22, 124553).
cost(10, 23, 566788).
cost(10, 24, 608753).
cost(10, 25, 262026).
cost(10, 26, 461751).
cost(10, 27, 676748).
cost(10, 28, 252160).
cost(10, 29, 295418).
cost(10, 30, 448825).
cost(11, 1, 317620).
cost(11, 2, 200772).
cost(11, 3, 90327).
cost(11, 4, 338607).
cost(11, 5, 153022).
cost(11, 6, 230947).
cost(11, 7, 365800).
cost(11, 8, 382880).
cost(11, 9, 272996).
cost(11, 10, 217225).
cost(11, 12, 140534).
cost(11, 13, 280593).
cost(11, 14, 309396).
cost(11, 15, 278716).
cost(11, 16, 432443).
cost(11, 17, 683091).
cost(11, 18, 444964).
cost(11, 19, 454861).
cost(11, 20, 446544).
cost(11, 21, 319887).
cost(11, 22, 103288).
cost(11, 23, 356744).
cost(11, 24, 557521).
cost(11, 25, 293574).
cost(11, 26, 245608).
cost(11, 27, 612056).
cost(11, 28, 240206).
cost(11, 29, 78193).
cost(11, 30, 297784).
cost(12, 1, 182027).
cost(12, 2, 83884).
cost(12, 3, 141298).
cost(12, 4, 231863).
cost(12, 5, 230098).
cost(12, 6, 256949).
cost(12, 7, 380608).
cost(12, 8, 242353).
cost(12, 9, 156759).
cost(12, 10, 221932).
cost(12, 11, 140534).
cost(12, 13, 401804).
cost(12, 14, 169802).
cost(12, 15, 159948).
cost(12, 16, 301251).
cost(12, 17, 621791).
cost(12, 18, 308881).
cost(12, 19, 322996).
cost(12, 20, 361127).
cost(12, 21, 349292).
cost(12, 22, 115252).
cost(12, 23, 379122).
cost(12, 24, 427960).
cost(12, 25, 160479).
cost(12, 26, 301416).
cost(12, 27, 487872).
cost(12, 28, 359242).
cost(12, 29, 179502).
cost(12, 30, 227286).
cost(13, 1, 545707).
cost(13, 2, 476217).
cost(13, 3, 265636).
cost(13, 4, 511053).
cost(13, 5, 370020).
cost(13, 6, 256417).
cost(13, 7, 321304).
cost(13, 8, 630792).
cost(13, 9, 475187).
cost(13, 10, 473672).
cost(13, 11, 280593).
cost(13, 12, 401804).
cost(13, 14, 551027).
cost(13, 15, 483127).
cost(13, 16, 703048).
cost(13, 17, 712106).
cost(13, 18, 663695).
cost(13, 19, 660241).
cost(13, 20, 559352).
cost(13, 21, 270331).
cost(13, 22, 380644).
cost(13, 23, 301237).
cost(13, 24, 748818).
cost(13, 25, 562274).
cost(13, 26, 199739).
cost(13, 27, 785035).
cost(13, 28, 326352).
cost(13, 29, 222305).
cost(13, 30, 428894).
cost(14, 1, 36685).
cost(14, 2, 152857).
cost(14, 3, 286218).
cost(14, 4, 154831).
cost(14, 5, 385329).
cost(14, 6, 348454).
cost(14, 7, 437231).
cost(14, 8, 80229).
cost(14, 9, 106389).
cost(14, 10, 339304).
cost(14, 11, 309396).
cost(14, 12, 169802).
cost(14, 13, 551027).
cost(14, 15, 99648).
cost(14, 16, 187367).
cost(14, 17, 559172).
cost(14, 18, 143117).
cost(14, 19, 165261).
cost(14, 20, 289428).
cost(14, 21, 425403).
cost(14, 22, 270592).
cost(14, 23, 443762).
cost(14, 24, 270500).
cost(14, 25, 98484).
cost(14, 26, 408478).
cost(14, 27, 337469).
cost(14, 28, 524232).
cost(14, 29, 334400).
cost(14, 30, 219783).
cost(15, 1, 73548).
cost(15, 2, 191856).
cost(15, 3, 228767).
cost(15, 4, 75527).
cost(15, 5, 389858).
cost(15, 6, 259175).
cost(15, 7, 338680).
cost(15, 8, 170919).
cost(15, 9, 8224).
cost(15, 10, 372681).
cost(15, 11, 278716).
cost(15, 12, 159948).
cost(15, 13, 483127).
cost(15, 14, 99648).
cost(15, 16, 286976).
cost(15, 17, 482919).
cost(15, 18, 180586).
cost(15, 19, 180822).
cost(15, 20, 213356).
cost(15, 21, 329876).
cost(15, 22, 275143).
cost(15, 23, 346082).
cost(15, 24, 279950).
cost(15, 25, 182797).
cost(15, 26, 322057).
cost(15, 27, 333448).
cost(15, 28, 513475).
cost(15, 29, 280593).
cost(15, 30, 120378).
cost(16, 1, 217231).
cost(16, 2, 232070).
cost(16, 3, 440438).
cost(16, 4, 333533).
cost(16, 5, 447965).
cost(16, 6, 528079).
cost(16, 7, 623999).
cost(16, 8, 129525).
cost(16, 9, 293752).
cost(16, 10, 358587).
cost(16, 11, 432443).
cost(16, 12, 301251).
cost(16, 13, 703048).
cost(16, 14, 187367).
cost(16, 15, 286976).
cost(16, 17, 715115).
cost(16, 18, 222685).
cost(16, 19, 262325).
cost(16, 20, 455329).
cost(16, 21, 609677).
cost(16, 22, 354720).
cost(16, 23, 629828).
cost(16, 24, 337097).
cost(16, 25, 140774).
cost(16, 26, 584479).
cost(16, 27, 410344).
cost(16, 28, 596892).
cost(16, 29, 480744).
cost(16, 30, 406771).
cost(17, 1, 522487).
cost(17, 2, 673239).
cost(17, 3, 595452).
cost(17, 4, 409549).
cost(17, 5, 829866).
cost(17, 6, 483853).
cost(17, 7, 391112).
cost(17, 8, 587402).
cost(17, 9, 481562).
cost(17, 10, 843720).
cost(17, 11, 683091).
cost(17, 12, 621791).
cost(17, 13, 712106).
cost(17, 14, 559172).
cost(17, 15, 482919).
cost(17, 16, 715115).
cost(17, 18, 497763).
cost(17, 19, 458503).
cost(17, 20, 270739).
cost(17, 21, 441963).
cost(17, 22, 728934).
cost(17, 23, 411536).
cost(17, 24, 429675).
cost(17, 25, 656688).
cost(17, 26, 520532).
cost(17, 27, 385186).
cost(17, 28, 914015).
cost(17, 29, 633562).
cost(17, 30, 395598).
cost(18, 1, 127396).
cost(18, 2, 294602).
cost(18, 3, 407045).
cost(18, 4, 172143).
cost(18, 5, 528443).
cost(18, 6, 432435).
cost(18, 7, 487306).
cost(18, 8, 108930).
cost(18, 9, 188508).
cost(18, 10, 478394).
cost(18, 11, 444964).
cost(18, 12, 308881).
cost(18, 13, 663695).
cost(18, 14, 143117).
cost(18, 15, 180586).
cost(18, 16, 222685).
cost(18, 17, 497763).
cost(18, 19, 39818).
cost(18, 20, 253310).
cost(18, 21, 490860).
cost(18, 22, 413532).
cost(18, 23, 499160).
cost(18, 24, 131446).
cost(18, 25, 220591).
cost(18, 26, 496828).
cost(18, 27, 202907).
cost(18, 28, 666455).
cost(18, 29, 458208).
cost(18, 30, 265314).
cost(19, 1, 141941).
cost(19, 2, 318098).
cost(19, 3, 409587).
cost(19, 4, 155716).
cost(19, 5, 547742).
cost(19, 6, 421456).
cost(19, 7, 466207).
cost(19, 8, 145092).
cost(19, 9, 188086).
cost(19, 10, 504311).
cost(19, 11, 454861).
cost(19, 12, 322996).
cost(19, 13, 660241).
cost(19, 14, 165261).
cost(19, 15, 180822).
cost(19, 16, 262325).
cost(19, 17, 458503).
cost(19, 18, 39818).
cost(19, 20, 218984).
cost(19, 21, 473682).
cost(19, 22, 431926).
cost(19, 23, 479241).
cost(19, 24, 105781).
cost(19, 25, 251224).
cost(19, 26, 486231).
cost(19, 27, 172619).
cost(19, 28, 682190).
cost(19, 29, 461407).
cost(19, 30, 248777).
cost(20, 1, 252812).
cost(20, 2, 404957).
cost(20, 3, 368145).
cost(20, 4, 138996).
cost(20, 5, 582153).
cost(20, 6, 303107).
cost(20, 7, 288910).
cost(20, 8, 325834).
cost(20, 9, 212729).
cost(20, 10, 581530).
cost(20, 11, 446544).
cost(20, 12, 361127).
cost(20, 13, 559352).
cost(20, 14, 289428).
cost(20, 15, 213356).
cost(20, 16, 455329).
cost(20, 17, 270739).
cost(20, 18, 253310).
cost(20, 19, 218984).
cost(20, 21, 315487).
cost(20, 22, 473533).
cost(20, 23, 306760).
cost(20, 24, 244329).
cost(20, 25, 386298).
cost(20, 26, 361553).
cost(20, 27, 248011).
cost(20, 28, 686189).
cost(20, 29, 415359).
cost(20, 30, 149471).
cost(21, 1, 403402).
cost(21, 2, 431858).
cost(21, 3, 235765).
cost(21, 4, 319055).
cost(21, 5, 470210).
cost(21, 6, 93674).
cost(21, 7, 54137).
cost(21, 8, 500678).
cost(21, 9, 322039).
cost(21, 10, 531508).
cost(21, 11, 319887).
cost(21, 12, 349292).
cost(21, 13, 270331).
cost(21, 14, 425403).
cost(21, 15, 329876).
cost(21, 16, 609677).
cost(21, 17, 441963).
cost(21, 18, 490860).
cost(21, 19, 473682).
cost(21, 20, 315487).
cost(21, 22, 407808).
cost(21, 23, 38403).
cost(21, 24, 540383).
cost(21, 25, 482397).
cost(21, 26, 86396).
cost(21, 27, 559725).
cost(21, 28, 509126).
cost(21, 29, 246102).
cost(21, 30, 225609).
cost(22, 1, 290003).
cost(22, 2, 128522).
cost(22, 3, 172300).
cost(22, 4, 346876).
cost(22, 5, 116095).
cost(22, 6, 314997).
cost(22, 7, 448870).
cost(22, 8, 331775).
cost(22, 9, 272009).
cost(22, 10, 124553).
cost(22, 11, 103288).
cost(22, 12, 115252).
cost(22, 13, 380644).
cost(22, 14, 270592).
cost(22, 15, 275143).
cost(22, 16, 354720).
cost(22, 17, 728934).
cost(22, 18, 413532).
cost(22, 19, 431926).
cost(22, 20, 473533).
cost(22, 21, 407808).
cost(22, 23, 442682).
cost(22, 24, 537631).
cost(22, 25, 224752).
cost(22, 26, 340765).
cost(22, 27, 600031).
cost(22, 28, 254810).
cost(22, 29, 178946).
cost(22, 30, 333479).
cost(23, 1, 419452).
cost(23, 2, 460619).
cost(23, 3, 271269).
cost(23, 4, 327101).
cost(23, 5, 507698).
cost(23, 6, 127688).
cost(23, 7, 20834).
cost(23, 8, 516812).
cost(23, 9, 338547).
cost(23, 10, 566788).
cost(23, 11, 356744).
cost(23, 12, 379122).
cost(23, 13, 301237).
cost(23, 14, 443762).
cost(23, 15, 346082).
cost(23, 16, 629828).
cost(23, 17, 411536).
cost(23, 18, 499160).
cost(23, 19, 479241).
cost(23, 20, 306760).
cost(23, 21, 38403).
cost(23, 22, 442682).
cost(23, 24, 539552).
cost(23, 25, 506173).
cost(23, 26, 124454).
cost(23, 27, 553896).
cost(23, 28, 547448).
cost(23, 29, 283782).
cost(23, 30, 234900).
cost(24, 1, 247630).
cost(24, 2, 423320).
cost(24, 3, 506875).
cost(24, 4, 237789).
cost(24, 5, 653493).
cost(24, 6, 501053).
cost(24, 7, 523882).
cost(24, 8, 238590).
cost(24, 9, 286477).
cost(24, 10, 608753).
cost(24, 11, 557521).
cost(24, 12, 427960).
cost(24, 13, 748818).
cost(24, 14, 270500).
cost(24, 15, 279950).
cost(24, 16, 337097).
cost(24, 17, 429675).
cost(24, 18, 131446).
cost(24, 19, 105781).
cost(24, 20, 244329).
cost(24, 21, 540383).
cost(24, 22, 537631).
cost(24, 23, 539552).
cost(24, 25, 352037).
cost(24, 26, 565433).
cost(24, 27, 73596).
cost(24, 28, 787190).
cost(24, 29, 558916).
cost(24, 30, 323949).
cost(25, 1, 134858).
cost(25, 2, 96630).
cost(25, 3, 300186).
cost(25, 4, 249122).
cost(25, 5, 329846).
cost(25, 6, 396239).
cost(25, 7, 502855).
cost(25, 8, 117959).
cost(25, 9, 187186).
cost(25, 10, 262026).
cost(25, 11, 293574).
cost(25, 12, 160479).
cost(25, 13, 562274).
cost(25, 14, 98484).
cost(25, 15, 182797).
cost(25, 16, 140774).
cost(25, 17, 656688).
cost(25, 18, 220591).
cost(25, 19, 251224).
cost(25, 20, 386298).
cost(25, 21, 482397).
cost(25, 22, 224752).
cost(25, 23, 506173).
cost(25, 24, 352037).
cost(25, 26, 449461).
cost(25, 27, 422874).
cost(25, 28, 476628).
cost(25, 29, 339969).
cost(25, 30, 299935).
cost(26, 1, 393073).
cost(26, 2, 385280).
cost(26, 3, 170366).
cost(26, 4, 331271).
cost(26, 5, 391626).
cost(26, 6, 64801).
cost(26, 7, 140210).
cost(26, 8, 487611).
cost(26, 9, 313840).
cost(26, 10, 461751).
cost(26, 11, 245608).
cost(26, 12, 301416).
cost(26, 13, 199739).
cost(26, 14, 408478).
cost(26, 15, 322057).
cost(26, 16, 584479).
cost(26, 17, 520532).
cost(26, 18, 496828).
cost(26, 19, 486231).
cost(26, 20, 361553).
cost(26, 21, 86396).
cost(26, 22, 340765).
cost(26, 23, 124454).
cost(26, 24, 565433).
cost(26, 25, 449461).
cost(26, 27, 594734).
cost(26, 28, 423186).
cost(26, 29, 168481).
cost(26, 30, 241487).
cost(27, 1, 311427).
cost(27, 2, 490044).
cost(27, 3, 554543).
cost(27, 4, 279721).
cost(27, 5, 716126).
cost(27, 6, 531743).
cost(27, 7, 536526).
cost(27, 8, 311170).
cost(27, 9, 339061).
cost(27, 10, 676748).
cost(27, 11, 612056).
cost(27, 12, 487872).
cost(27, 13, 785035).
cost(27, 14, 337469).
cost(27, 15, 333448).
cost(27, 16, 410344).
cost(27, 17, 385186).
cost(27, 18, 202907).
cost(27, 19, 172619).
cost(27, 20, 248011).
cost(27, 21, 559725).
cost(27, 22, 600031).
cost(27, 23, 553896).
cost(27, 24, 73596).
cost(27, 25, 422874).
cost(27, 26, 594734).
cost(27, 28, 845972).
cost(27, 29, 606353).
cost(27, 30, 356160).
cost(28, 1, 540756).
cost(28, 2, 382097).
cost(28, 3, 320641).
cost(28, 4, 577419).
cost(28, 5, 148929).
cost(28, 6, 437467).
cost(28, 7, 561938).
cost(28, 8, 586470).
cost(28, 9, 508572).
cost(28, 10, 252160).
cost(28, 11, 240206).
cost(28, 12, 359242).
cost(28, 13, 326352).
cost(28, 14, 524232).
cost(28, 15, 513475).
cost(28, 16, 596892).
cost(28, 17, 914015).
cost(28, 18, 666455).
cost(28, 19, 682190).
cost(28, 20, 686189).
cost(28, 21, 509126).
cost(28, 22, 254810).
cost(28, 23, 547448).
cost(28, 24, 787190).
cost(28, 25, 476628).
cost(28, 26, 423186).
cost(28, 27, 845972).
cost(28, 29, 280524).
cost(28, 30, 536957).
cost(29, 1, 334132).
cost(29, 2, 255428).
cost(29, 3, 52042).
cost(29, 4, 326848).
cost(29, 5, 224196).
cost(29, 6, 161925).
cost(29, 7, 294548).
cost(29, 8, 412900).
cost(29, 9, 273447).
cost(29, 10, 295418).
cost(29, 11, 78193).
cost(29, 12, 179502).
cost(29, 13, 222305).
cost(29, 14, 334400).
cost(29, 15, 280593).
cost(29, 16, 480744).
cost(29, 17, 633562).
cost(29, 18, 458208).
cost(29, 19, 461407).
cost(29, 20, 415359).
cost(29, 21, 246102).
cost(29, 22, 178946).
cost(29, 23, 283782).
cost(29, 24, 558916).
cost(29, 25, 339969).
cost(29, 26, 168481).
cost(29, 27, 606353).
cost(29, 28, 280524).
cost(29, 30, 266771).
cost(30, 1, 190347).
cost(30, 2, 287848).
cost(30, 3, 218796).
cost(30, 4, 93484).
cost(30, 5, 437450).
cost(30, 6, 177161).
cost(30, 7, 224648).
cost(30, 8, 286276).
cost(30, 9, 114368).
cost(30, 10, 448825).
cost(30, 11, 297784).
cost(30, 12, 227286).
cost(30, 13, 428894).
cost(30, 14, 219783).
cost(30, 15, 120378).
cost(30, 16, 406771).
cost(30, 17, 395598).
cost(30, 18, 265314).
cost(30, 19, 248777).
cost(30, 20, 149471).
cost(30, 21, 225609).
cost(30, 22, 333479).
cost(30, 23, 234900).
cost(30, 24, 323949).
cost(30, 25, 299935).
cost(30, 26, 241487).
cost(30, 27, 356160).
cost(30, 28, 536957).
cost(30, 29, 266771).
nocross(1,2).
nocross(1,3).
nocross(1,4).
nocross(1,8).
nocross(1,9).
nocross(1,14).
nocross(1,15).
nocross(1,25).
nocross(2,1).
nocross(2,7).
nocross(2,10).
nocross(2,11).
nocross(2,12).
nocross(2,15).
nocross(2,22).
nocross(2,25).
nocross(3,5).
nocross(3,6).
nocross(3,11).
nocross(3,12).
nocross(3,26).
nocross(3,29).
nocross(3,30).
nocross(4,1).
nocross(4,3).
nocross(4,6).
nocross(4,7).
nocross(4,8).
nocross(4,9).
nocross(4,15).
nocross(4,18).
nocross(4,20).
nocross(4,30).
nocross(5,3).
nocross(5,6).
nocross(5,10).
nocross(5,11).
nocross(5,13).
nocross(5,22).
nocross(5,29).
nocross(6,3).
nocross(6,7).
nocross(6,13).
nocross(6,26).
nocross(6,29).
nocross(6,30).
nocross(7,6).
nocross(7,21).
nocross(7,23).
nocross(7,26).
nocross(7,30).
nocross(8,1).
nocross(8,2).
nocross(8,4).
nocross(8,12).
nocross(8,14).
nocross(8,15).
nocross(8,16).
nocross(8,18).
nocross(8,24).
nocross(8,25).
nocross(10,2).
nocross(10,5).
nocross(10,9).
nocross(10,11).
nocross(10,12).
nocross(10,22).
nocross(10,25).
nocross(11,2).
nocross(11,3).
nocross(11,5).
nocross(11,6).
nocross(11,9).
nocross(11,10).
nocross(11,12).
nocross(11,22).
nocross(11,26).
nocross(11,29).
nocross(12,1).
nocross(12,2).
nocross(12,7).
nocross(12,11).
nocross(12,14).
nocross(12,22).
nocross(12,30).
nocross(13,3).
nocross(13,5).
nocross(13,6).
nocross(13,11).
nocross(13,23).
nocross(13,26).
nocross(13,29).
nocross(14,1).
nocross(14,2).
nocross(14,3).
nocross(14,4).
nocross(14,7).
nocross(14,12).
nocross(14,15).
nocross(14,25).
nocross(15,1).
nocross(15,3).
nocross(15,4).
nocross(15,6).
nocross(15,7).
nocross(15,8).
nocross(15,14).
nocross(15,18).
nocross(15,20).
nocross(15,30).
nocross(16,2).
nocross(16,8).
nocross(16,10).
nocross(16,14).
nocross(16,25).
nocross(18,1).
nocross(18,3).
nocross(18,4).
nocross(18,7).
nocross(18,8).
nocross(18,14).
nocross(18,15).
nocross(18,20).
nocross(18,30).
nocross(20,1).
nocross(20,4).
nocross(20,6).
nocross(20,7).
nocross(20,9).
nocross(20,15).
nocross(20,18).
nocross(20,30).
nocross(21,6).
nocross(21,7).
nocross(21,9).
nocross(21,23).
nocross(21,26).
nocross(21,30).
nocross(22,2).
nocross(22,3).
nocross(22,5).
nocross(22,10).
nocross(22,11).
nocross(22,12).
nocross(22,29).
nocross(22,30).
nocross(23,6).
nocross(23,7).
nocross(23,21).
nocross(23,26).
nocross(23,30).
nocross(24,19).
nocross(25,1).
nocross(25,2).
nocross(25,10).
nocross(25,12).
nocross(25,14).
nocross(25,15).
nocross(25,16).
nocross(25,19).
nocross(26,3).
nocross(26,6).
nocross(26,7).
nocross(26,13).
nocross(26,21).
nocross(26,29).
nocross(29,3).
nocross(29,6).
nocross(29,7).
nocross(29,11).
nocross(29,12).
nocross(29,26).
nocross(30,1).
nocross(30,3).
nocross(30,4).
nocross(30,6).
nocross(30,7).
nocross(30,15).
nocross(30,18).
nocross(30,20).
