dimension(30).
point(1, -157412.0, 337674.0).
point(2, -247674.0, -290605.0).
point(3, -21862.0, -256791.0).
point(4, -180960.0, 8630.0).
point(5, 62362.0, -6983.0).
point(6, -14657.0, 97214.0).
point(7, -123261.0, -176342.0).
point(8, 97668.0, -83496.0).
point(9, 228872.0, 171147.0).
point(10, 51948.0, -82446.0).
point(11, 584293.0, 33983.0).
point(12, -309129.0, -307368.0).
point(13, 70868.0, 95977.0).
point(14, 17819.0, -98924.0).
point(15, -195455.0, -148384.0).
point(16, 109544.0, 198485.0).
point(17, 39650.0, -214384.0).
point(18, 2159.0, -109275.0).
point(19, -68511.0, -51509.0).
point(20, 49178.0, -18700.0).
point(21, -40545.0, -205473.0).
point(22, -281169.0, 70263.0).
point(23, -32791.0, -104263.0).
point(24, -154643.0, 283401.0).
point(25, 269488.0, -150158.0).
point(26, -123143.0, -44945.0).
point(27, 22735.0, -320159.0).
point(28, -168116.0, 321433.0).
point(29, 208352.0, 72739.0).
point(30, 230968.0, 184322.0).
cost(1, 2, 634730).
cost(1, 3, 609723).
cost(1, 4, 329886).
cost(1, 5, 408765).
cost(1, 6, 279643).
cost(1, 7, 515149).
cost(1, 8, 492392).
cost(1, 9, 420650).
cost(1, 10, 469396).
cost(1, 11, 801470).
cost(1, 12, 662644).
cost(1, 13, 332459).
cost(1, 14, 470451).
cost(1, 15, 487545).
cost(1, 16, 301063).
cost(1, 17, 586175).
cost(1, 18, 474580).
cost(1, 19, 399208).
cost(1, 20, 411925).
cost(1, 21, 555578).
cost(1, 22, 294660).
cost(1, 23, 459172).
cost(1, 24, 54344).
cost(1, 25, 648247).
cost(1, 26, 384151).
cost(1, 27, 682054).
cost(1, 28, 19451).
cost(1, 29, 451635).
cost(1, 30, 417559).
cost(2, 1, 634730).
cost(2, 3, 228330).
cost(2, 4, 306582).
cost(2, 5, 420195).
cost(2, 6, 452438).
cost(2, 7, 168922).
cost(2, 8, 402685).
cost(2, 9, 663559).
cost(2, 10, 364834).
cost(2, 11, 893043).
cost(2, 12, 63700).
cost(2, 13, 500914).
cost(2, 14, 327457).
cost(2, 15, 151505).
cost(2, 16, 605651).
cost(2, 17, 297262).
cost(2, 18, 308702).
cost(2, 19, 298775).
cost(2, 20, 402559).
cost(2, 21, 223942).
cost(2, 22, 362419).
cost(2, 23, 284426).
cost(2, 24, 581496).
cost(2, 25, 535894).
cost(2, 26, 275421).
cost(2, 27, 272019).
cost(2, 28, 617187).
cost(2, 29, 583077).
cost(2, 30, 674280).
cost(3, 1, 609723).
cost(3, 2, 228330).
cost(3, 4, 309452).
cost(3, 5, 263624).
cost(3, 6, 354078).
cost(3, 7, 129436).
cost(3, 8, 210520).
cost(3, 9, 495982).
cost(3, 10, 189325).
cost(3, 11, 672290).
cost(3, 12, 291685).
cost(3, 13, 364752).
cost(3, 14, 162778).
cost(3, 15, 204662).
cost(3, 16, 473860).
cost(3, 17, 74713).
cost(3, 18, 149459).
cost(3, 19, 210516).
cost(3, 20, 248463).
cost(3, 21, 54613).
cost(3, 22, 417378).
cost(3, 23, 152919).
cost(3, 24, 556272).
cost(3, 25, 310251).
cost(3, 26, 234812).
cost(3, 27, 77488).
cost(3, 28, 596434).
cost(3, 29, 401981).
cost(3, 30, 508433).
cost(4, 1, 329886).
cost(4, 2, 306582).
cost(4, 3, 309452).
cost(4, 5, 243822).
cost(4, 6, 188425).
cost(4, 7, 193762).
cost(4, 8, 293463).
cost(4, 9, 440879).
cost(4, 10, 250082).
cost(4, 11, 765673).
cost(4, 12, 341002).
cost(4, 13, 266546).
cost(4, 14, 226011).
cost(4, 15, 157682).
cost(4, 16, 347041).
cost(4, 17, 313694).
cost(4, 18, 217794).
cost(4, 19, 127520).
cost(4, 20, 231755).
cost(4, 21, 256040).
cost(4, 22, 117646).
cost(4, 23, 186276).
cost(4, 24, 276028).
cost(4, 25, 477616).
cost(4, 26, 78823).
cost(4, 27, 386774).
cost(4, 28, 313067).
cost(4, 29, 394555).
cost(4, 30, 447831).
cost(5, 1, 408765).
cost(5, 2, 420195).
cost(5, 3, 263624).
cost(5, 4, 243822).
cost(5, 6, 129572).
cost(5, 7, 251273).
cost(5, 8, 84266).
cost(5, 9, 243836).
cost(5, 10, 76178).
cost(5, 11, 523536).
cost(5, 12, 477741).
cost(5, 13, 103311).
cost(5, 14, 102163).
cost(5, 15, 294047).
cost(5, 16, 210816).
cost(5, 17, 208641).
cost(5, 18, 118693).
cost(5, 19, 138240).
cost(5, 20, 17638).
cost(5, 21, 223580).
cost(5, 22, 352109).
cost(5, 23, 136079).
cost(5, 24, 362511).
cost(5, 25, 251794).
cost(5, 26, 189349).
cost(5, 27, 315673).
cost(5, 28, 401220).
cost(5, 29, 166339).
cost(5, 30, 255001).
cost(6, 1, 279643).
cost(6, 2, 452438).
cost(6, 3, 354078).
cost(6, 4, 188425).
cost(6, 5, 129572).
cost(6, 7, 294326).
cost(6, 8, 212775).
cost(6, 9, 254504).
cost(6, 10, 191609).
cost(6, 11, 602278).
cost(6, 12, 500400).
cost(6, 13, 85534).
cost(6, 14, 198808).
cost(6, 15, 304969).
cost(6, 16, 160255).
cost(6, 17, 316295).
cost(6, 18, 207173).
cost(6, 19, 158173).
cost(6, 20, 132329).
cost(6, 21, 303792).
cost(6, 22, 267871).
cost(6, 23, 202291).
cost(6, 24, 232941).
cost(6, 25, 376738).
cost(6, 26, 178825).
cost(6, 27, 419045).
cost(6, 28, 271705).
cost(6, 29, 224348).
cost(6, 30, 260614).
cost(7, 1, 515149).
cost(7, 2, 168922).
cost(7, 3, 129436).
cost(7, 4, 193762).
cost(7, 5, 251273).
cost(7, 6, 294326).
cost(7, 8, 239646).
cost(7, 9, 494718).
cost(7, 10, 198783).
cost(7, 11, 738153).
cost(7, 12, 227409).
cost(7, 13, 334430).
cost(7, 14, 160926).
cost(7, 15, 77418).
cost(7, 16, 441241).
cost(7, 17, 167294).
cost(7, 18, 142226).
cost(7, 19, 136312).
cost(7, 20, 233637).
cost(7, 21, 87696).
cost(7, 22, 292829).
cost(7, 23, 115673).
cost(7, 24, 460813).
cost(7, 25, 393621).
cost(7, 26, 131397).
cost(7, 27, 204935).
cost(7, 28, 499792).
cost(7, 29, 414739).
cost(7, 30, 505526).
cost(8, 1, 492392).
cost(8, 2, 402685).
cost(8, 3, 210520).
cost(8, 4, 293463).
cost(8, 5, 84266).
cost(8, 6, 212775).
cost(8, 7, 239646).
cost(8, 9, 286457).
cost(8, 10, 45732).
cost(8, 11, 500605).
cost(8, 12, 464330).
cost(8, 13, 181463).
cost(8, 14, 81326).
cost(8, 15, 300219).
cost(8, 16, 282231).
cost(8, 17, 143170).
cost(8, 18, 98927).
cost(8, 19, 169230).
cost(8, 20, 80931).
cost(8, 21, 184340).
cost(8, 22, 408851).
cost(8, 23, 132102).
cost(8, 24, 445280).
cost(8, 25, 184298).
cost(8, 26, 224151).
cost(8, 27, 248242).
cost(8, 28, 484364).
cost(8, 29, 191469).
cost(8, 30, 299158).
cost(9, 1, 420650).
cost(9, 2, 663559).
cost(9, 3, 495982).
cost(9, 4, 440879).
cost(9, 5, 243836).
cost(9, 6, 254504).
cost(9, 7, 494718).
cost(9, 8, 286457).
cost(9, 10, 309211).
cost(9, 11, 380970).
cost(9, 12, 720015).
cost(9, 13, 174974).
cost(9, 14, 342756).
cost(9, 15, 531181).
cost(9, 16, 122420).
cost(9, 17, 429464).
cost(9, 18, 360604).
cost(9, 19, 371500).
cost(9, 20, 261404).
cost(9, 21, 463064).
cost(9, 22, 519922).
cost(9, 23, 379892).
cost(9, 24, 399606).
cost(9, 25, 323862).
cost(9, 26, 413050).
cost(9, 27, 532798).
cost(9, 28, 424482).
cost(9, 29, 100525).
cost(9, 30, 13341).
cost(10, 1, 469396).
cost(10, 2, 364834).
cost(10, 3, 189325).
cost(10, 4, 250082).
cost(10, 5, 76178).
cost(10, 6, 191609).
cost(10, 7, 198783).
cost(10, 8, 45732).
cost(10, 9, 309211).
cost(10, 11, 544928).
cost(10, 12, 425402).
cost(10, 13, 179423).
cost(10, 14, 37899).
cost(10, 15, 256039).
cost(10, 16, 286774).
cost(10, 17, 132510).
cost(10, 18, 56557).
cost(10, 19, 124368).
cost(10, 20, 63806).
cost(10, 21, 153918).
cost(10, 22, 366452).
cost(10, 23, 87502).
cost(10, 24, 420147).
cost(10, 25, 227835).
cost(10, 26, 179062).
cost(10, 27, 239501).
cost(10, 28, 459942).
cost(10, 29, 220328).
cost(10, 30, 321268).
cost(11, 1, 801470).
cost(11, 2, 893043).
cost(11, 3, 672290).
cost(11, 4, 765673).
cost(11, 5, 523536).
cost(11, 6, 602278).
cost(11, 7, 738153).
cost(11, 8, 500605).
cost(11, 9, 380970).
cost(11, 10, 544928).
cost(11, 12, 956412).
cost(11, 13, 517154).
cost(11, 14, 581857).
cost(11, 15, 800790).
cost(11, 16, 502442).
cost(11, 17, 598600).
cost(11, 18, 599502).
cost(11, 19, 658378).
cost(11, 20, 537702).
cost(11, 21, 669150).
cost(11, 22, 866222).
cost(11, 23, 632380).
cost(11, 24, 779895).
cost(11, 25, 364705).
cost(11, 26, 711825).
cost(11, 27, 663901).
cost(11, 28, 805448).
cost(11, 29, 377933).
cost(11, 30, 383980).
cost(12, 1, 662644).
cost(12, 2, 63700).
cost(12, 3, 291685).
cost(12, 4, 341002).
cost(12, 5, 477741).
cost(12, 6, 500400).
cost(12, 7, 227409).
cost(12, 8, 464330).
cost(12, 9, 720015).
cost(12, 10, 425402).
cost(12, 11, 956412).
cost(12, 13, 554152).
cost(12, 14, 387742).
cost(12, 15, 195442).
cost(12, 16, 656639).
cost(12, 17, 360961).
cost(12, 18, 368973).
cost(12, 19, 351228).
cost(12, 20, 460123).
cost(12, 21, 287263).
cost(12, 22, 378665).
cost(12, 23, 342949).
cost(12, 24, 610634).
cost(12, 25, 599594).
cost(12, 26, 321647).
cost(12, 27, 332110).
cost(12, 28, 644419).
cost(12, 29, 642081).
cost(12, 30, 730386).
cost(13, 1, 332459).
cost(13, 2, 500914).
cost(13, 3, 364752).
cost(13, 4, 266546).
cost(13, 5, 103311).
cost(13, 6, 85534).
cost(13, 7, 334430).
cost(13, 8, 181463).
cost(13, 9, 174974).
cost(13, 10, 179423).
cost(13, 11, 517154).
cost(13, 12, 554152).
cost(13, 14, 201992).
cost(13, 15, 361442).
cost(13, 16, 109562).
cost(13, 17, 311927).
cost(13, 18, 216447).
cost(13, 19, 202925).
cost(13, 20, 116710).
cost(13, 21, 321380).
cost(13, 22, 352975).
cost(13, 23, 225480).
cost(13, 24, 293229).
cost(13, 25, 316279).
cost(13, 26, 239790).
cost(13, 27, 418910).
cost(13, 28, 328548).
cost(13, 29, 139434).
cost(13, 30, 182857).
cost(14, 1, 470451).
cost(14, 2, 327457).
cost(14, 3, 162778).
cost(14, 4, 226011).
cost(14, 5, 102163).
cost(14, 6, 198808).
cost(14, 7, 160926).
cost(14, 8, 81326).
cost(14, 9, 342756).
cost(14, 10, 37899).
cost(14, 11, 581857).
cost(14, 12, 387742).
cost(14, 13, 201992).
cost(14, 15, 218934).
cost(14, 16, 311232).
cost(14, 17, 117506).
cost(14, 18, 18772).
cost(14, 19, 98494).
cost(14, 20, 86135).
cost(14, 21, 121487).
cost(14, 22, 343538).
cost(14, 23, 50891).
cost(14, 24, 419423).
cost(14, 25, 256831).
cost(14, 26, 150944).
cost(14, 27, 221290).
cost(14, 28, 459643).
cost(14, 29, 256459).
cost(14, 30, 354487).
cost(15, 1, 487545).
cost(15, 2, 151505).
cost(15, 3, 204662).
cost(15, 4, 157682).
cost(15, 5, 294047).
cost(15, 6, 304969).
cost(15, 7, 77418).
cost(15, 8, 300219).
cost(15, 9, 531181).
cost(15, 10, 256039).
cost(15, 11, 800790).
cost(15, 12, 195442).
cost(15, 13, 361442).
cost(15, 14, 218934).
cost(15, 16, 461890).
cost(15, 17, 244193).
cost(15, 18, 201447).
cost(15, 19, 159686).
cost(15, 20, 276881).
cost(15, 21, 165095).
cost(15, 22, 234848).
cost(15, 23, 168542).
cost(15, 24, 433709).
cost(15, 25, 464946).
cost(15, 26, 126209).
cost(15, 27, 277693).
cost(15, 28, 470612).
cost(15, 29, 460386).
cost(15, 30, 540860).
cost(16, 1, 301063).
cost(16, 2, 605651).
cost(16, 3, 473860).
cost(16, 4, 347041).
cost(16, 5, 210816).
cost(16, 6, 160255).
cost(16, 7, 441241).
cost(16, 8, 282231).
cost(16, 9, 122420).
cost(16, 10, 286774).
cost(16, 11, 502442).
cost(16, 12, 656639).
cost(16, 13, 109562).
cost(16, 14, 311232).
cost(16, 15, 461890).
cost(16, 17, 418743).
cost(16, 18, 325957).
cost(16, 19, 306921).
cost(16, 20, 225418).
cost(16, 21, 430939).
cost(16, 22, 411215).
cost(16, 23, 334538).
cost(16, 24, 277499).
cost(16, 25, 383581).
cost(16, 26, 336751).
cost(16, 27, 525859).
cost(16, 28, 303663).
cost(16, 29, 159922).
cost(16, 30, 122247).
cost(17, 1, 586175).
cost(17, 2, 297262).
cost(17, 3, 74713).
cost(17, 4, 313694).
cost(17, 5, 208641).
cost(17, 6, 316295).
cost(17, 7, 167294).
cost(17, 8, 143170).
cost(17, 9, 429464).
cost(17, 10, 132510).
cost(17, 11, 598600).
cost(17, 12, 360961).
cost(17, 13, 311927).
cost(17, 14, 117506).
cost(17, 15, 244193).
cost(17, 16, 418743).
cost(17, 18, 111595).
cost(17, 19, 195517).
cost(17, 20, 195916).
cost(17, 21, 80689).
cost(17, 22, 428892).
cost(17, 23, 131812).
cost(17, 24, 534359).
cost(17, 25, 238643).
cost(17, 26, 234970).
cost(17, 27, 107119).
cost(17, 28, 574688).
cost(17, 29, 333016).
cost(17, 30, 442232).
cost(18, 1, 474580).
cost(18, 2, 308702).
cost(18, 3, 149459).
cost(18, 4, 217794).
cost(18, 5, 118693).
cost(18, 6, 207173).
cost(18, 7, 142226).
cost(18, 8, 98927).
cost(18, 9, 360604).
cost(18, 10, 56557).
cost(18, 11, 599502).
cost(18, 12, 368973).
cost(18, 13, 216447).
cost(18, 14, 18772).
cost(18, 15, 201447).
cost(18, 16, 325957).
cost(18, 17, 111595).
cost(18, 19, 91275).
cost(18, 20, 102052).
cost(18, 21, 105251).
cost(18, 22, 335423).
cost(18, 23, 35308).
cost(18, 24, 422825).
cost(18, 25, 270437).
cost(18, 26, 140851).
cost(18, 27, 211885).
cost(18, 28, 463145).
cost(18, 29, 275036).
cost(18, 30, 372227).
cost(19, 1, 399208).
cost(19, 2, 298775).
cost(19, 3, 210516).
cost(19, 4, 127520).
cost(19, 5, 138240).
cost(19, 6, 158173).
cost(19, 7, 136312).
cost(19, 8, 169230).
cost(19, 9, 371500).
cost(19, 10, 124368).
cost(19, 11, 658378).
cost(19, 12, 351228).
cost(19, 13, 202925).
cost(19, 14, 98494).
cost(19, 15, 159686).
cost(19, 16, 306921).
cost(19, 17, 195517).
cost(19, 18, 91275).
cost(19, 20, 122177).
cost(19, 21, 156483).
cost(19, 22, 245055).
cost(19, 23, 63710).
cost(19, 24, 345808).
cost(19, 25, 352101).
cost(19, 26, 55025).
cost(19, 27, 283723).
cost(19, 28, 386014).
cost(19, 29, 303464).
cost(19, 30, 381188).
cost(20, 1, 411925).
cost(20, 2, 402559).
cost(20, 3, 248463).
cost(20, 4, 231755).
cost(20, 5, 17638).
cost(20, 6, 132329).
cost(20, 7, 233637).
cost(20, 8, 80931).
cost(20, 9, 261404).
cost(20, 10, 63806).
cost(20, 11, 537702).
cost(20, 12, 460123).
cost(20, 13, 116710).
cost(20, 14, 86135).
cost(20, 15, 276881).
cost(20, 16, 225418).
cost(20, 17, 195916).
cost(20, 18, 102052).
cost(20, 19, 122177).
cost(20, 21, 207206).
cost(20, 22, 342116).
cost(20, 23, 118490).
cost(20, 24, 364428).
cost(20, 25, 256550).
cost(20, 26, 174308).
cost(20, 27, 302617).
cost(20, 28, 403618).
cost(20, 29, 183569).
cost(20, 30, 272517).
cost(21, 1, 555578).
cost(21, 2, 223942).
cost(21, 3, 54613).
cost(21, 4, 256040).
cost(21, 5, 223580).
cost(21, 6, 303792).
cost(21, 7, 87696).
cost(21, 8, 184340).
cost(21, 9, 463064).
cost(21, 10, 153918).
cost(21, 11, 669150).
cost(21, 12, 287263).
cost(21, 13, 321380).
cost(21, 14, 121487).
cost(21, 15, 165095).
cost(21, 16, 430939).
cost(21, 17, 80689).
cost(21, 18, 105251).
cost(21, 19, 156483).
cost(21, 20, 207206).
cost(21, 22, 365965).
cost(21, 23, 101507).
cost(21, 24, 502012).
cost(21, 25, 314929).
cost(21, 26, 180532).
cost(21, 27, 130986).
cost(21, 28, 542129).
cost(21, 29, 373298).
cost(21, 30, 475036).
cost(22, 1, 294660).
cost(22, 2, 362419).
cost(22, 3, 417378).
cost(22, 4, 117646).
cost(22, 5, 352109).
cost(22, 6, 267871).
cost(22, 7, 292829).
cost(22, 8, 408851).
cost(22, 9, 519922).
cost(22, 10, 366452).
cost(22, 11, 866222).
cost(22, 12, 378665).
cost(22, 13, 352975).
cost(22, 14, 343538).
cost(22, 15, 234848).
cost(22, 16, 411215).
cost(22, 17, 428892).
cost(22, 18, 335423).
cost(22, 19, 245055).
cost(22, 20, 342116).
cost(22, 21, 365965).
cost(22, 23, 303564).
cost(22, 24, 247864).
cost(22, 25, 593135).
cost(22, 26, 195564).
cost(22, 27, 494760).
cost(22, 28, 275440).
cost(22, 29, 489527).
cost(22, 30, 524684).
cost(23, 1, 459172).
cost(23, 2, 284426).
cost(23, 3, 152919).
cost(23, 4, 186276).
cost(23, 5, 136079).
cost(23, 6, 202291).
cost(23, 7, 115673).
cost(23, 8, 132102).
cost(23, 9, 379892).
cost(23, 10, 87502).
cost(23, 11, 632380).
cost(23, 12, 342949).
cost(23, 13, 225480).
cost(23, 14, 50891).
cost(23, 15, 168542).
cost(23, 16, 334538).
cost(23, 17, 131812).
cost(23, 18, 35308).
cost(23, 19, 63710).
cost(23, 20, 118490).
cost(23, 21, 101507).
cost(23, 22, 303564).
cost(23, 24, 406363).
cost(23, 25, 305743).
cost(23, 26, 108084).
cost(23, 27, 222922).
cost(23, 28, 446688).
cost(23, 29, 299132).
cost(23, 30, 390960).
cost(24, 1, 54344).
cost(24, 2, 581496).
cost(24, 3, 556272).
cost(24, 4, 276028).
cost(24, 5, 362511).
cost(24, 6, 232941).
cost(24, 7, 460813).
cost(24, 8, 445280).
cost(24, 9, 399606).
cost(24, 10, 420147).
cost(24, 11, 779895).
cost(24, 12, 610634).
cost(24, 13, 293229).
cost(24, 14, 419423).
cost(24, 15, 433709).
cost(24, 16, 277499).
cost(24, 17, 534359).
cost(24, 18, 422825).
cost(24, 19, 345808).
cost(24, 20, 364428).
cost(24, 21, 502012).
cost(24, 22, 247864).
cost(24, 23, 406363).
cost(24, 25, 606515).
cost(24, 26, 329854).
cost(24, 27, 629085).
cost(24, 28, 40348).
cost(24, 29, 419695).
cost(24, 30, 398136).
cost(25, 1, 648247).
cost(25, 2, 535894).
cost(25, 3, 310251).
cost(25, 4, 477616).
cost(25, 5, 251794).
cost(25, 6, 376738).
cost(25, 7, 393621).
cost(25, 8, 184298).
cost(25, 9, 323862).
cost(25, 10, 227835).
cost(25, 11, 364705).
cost(25, 12, 599594).
cost(25, 13, 316279).
cost(25, 14, 256831).
cost(25, 15, 464946).
cost(25, 16, 383581).
cost(25, 17, 238643).
cost(25, 18, 270437).
cost(25, 19, 352101).
cost(25, 20, 256550).
cost(25, 21, 314929).
cost(25, 22, 593135).
cost(25, 23, 305743).
cost(25, 24, 606515).
cost(25, 26, 406484).
cost(25, 27, 299645).
cost(25, 28, 643347).
cost(25, 29, 231129).
cost(25, 30, 336691).
cost(26, 1, 384151).
cost(26, 2, 275421).
cost(26, 3, 234812).
cost(26, 4, 78823).
cost(26, 5, 189349).
cost(26, 6, 178825).
cost(26, 7, 131397).
cost(26, 8, 224151).
cost(26, 9, 413050).
cost(26, 10, 179062).
cost(26, 11, 711825).
cost(26, 12, 321647).
cost(26, 13, 239790).
cost(26, 14, 150944).
cost(26, 15, 126209).
cost(26, 16, 336751).
cost(26, 17, 234970).
cost(26, 18, 140851).
cost(26, 19, 55025).
cost(26, 20, 174308).
cost(26, 21, 180532).
cost(26, 22, 195564).
cost(26, 23, 108084).
cost(26, 24, 329854).
cost(26, 25, 406484).
cost(26, 27, 311485).
cost(26, 28, 369128).
cost(26, 29, 351765).
cost(26, 30, 421851).
cost(27, 1, 682054).
cost(27, 2, 272019).
cost(27, 3, 77488).
cost(27, 4, 386774).
cost(27, 5, 315673).
cost(27, 6, 419045).
cost(27, 7, 204935).
cost(27, 8, 248242).
cost(27, 9, 532798).
cost(27, 10, 239501).
cost(27, 11, 663901).
cost(27, 12, 332110).
cost(27, 13, 418910).
cost(27, 14, 221290).
cost(27, 15, 277693).
cost(27, 16, 525859).
cost(27, 17, 107119).
cost(27, 18, 211885).
cost(27, 19, 283723).
cost(27, 20, 302617).
cost(27, 21, 130986).
cost(27, 22, 494760).
cost(27, 23, 222922).
cost(27, 24, 629085).
cost(27, 25, 299645).
cost(27, 26, 311485).
cost(27, 28, 669376).
cost(27, 29, 434537).
cost(27, 30, 545767).
cost(28, 1, 19451).
cost(28, 2, 617187).
cost(28, 3, 596434).
cost(28, 4, 313067).
cost(28, 5, 401220).
cost(28, 6, 271705).
cost(28, 7, 499792).
cost(28, 8, 484364).
cost(28, 9, 424482).
cost(28, 10, 459942).
cost(28, 11, 805448).
cost(28, 12, 644419).
cost(28, 13, 328548).
cost(28, 14, 459643).
cost(28, 15, 470612).
cost(28, 16, 303663).
cost(28, 17, 574688).
cost(28, 18, 463145).
cost(28, 19, 386014).
cost(28, 20, 403618).
cost(28, 21, 542129).
cost(28, 22, 275440).
cost(28, 23, 446688).
cost(28, 24, 40348).
cost(28, 25, 643347).
cost(28, 26, 369128).
cost(28, 27, 669376).
cost(28, 29, 451195).
cost(28, 30, 421980).
cost(29, 1, 451635).
cost(29, 2, 583077).
cost(29, 3, 401981).
cost(29, 4, 394555).
cost(29, 5, 166339).
cost(29, 6, 224348).
cost(29, 7, 414739).
cost(29, 8, 191469).
cost(29, 9, 100525).
cost(29, 10, 220328).
cost(29, 11, 377933).
cost(29, 12, 642081).
cost(29, 13, 139434).
cost(29, 14, 256459).
cost(29, 15, 460386).
cost(29, 16, 159922).
cost(29, 17, 333016).
cost(29, 18, 275036).
cost(29, 19, 303464).
cost(29, 20, 183569).
cost(29, 21, 373298).
cost(29, 22, 489527).
cost(29, 23, 299132).
cost(29, 24, 419695).
cost(29, 25, 231129).
cost(29, 26, 351765).
cost(29, 27, 434537).
cost(29, 28, 451195).
cost(29, 30, 113852).
cost(30, 1, 417559).
cost(30, 2, 674280).
cost(30, 3, 508433).
cost(30, 4, 447831).
cost(30, 5, 255001).
cost(30, 6, 260614).
cost(30, 7, 505526).
cost(30, 8, 299158).
cost(30, 9, 13341).
cost(30, 10, 321268).
cost(30, 11, 383980).
cost(30, 12, 730386).
cost(30, 13, 182857).
cost(30, 14, 354487).
cost(30, 15, 540860).
cost(30, 16, 122247).
cost(30, 17, 442232).
cost(30, 18, 372227).
cost(30, 19, 381188).
cost(30, 20, 272517).
cost(30, 21, 475036).
cost(30, 22, 524684).
cost(30, 23, 390960).
cost(30, 24, 398136).
cost(30, 25, 336691).
cost(30, 26, 421851).
cost(30, 27, 545767).
cost(30, 28, 421980).
cost(30, 29, 113852).
nocross(1,5).
nocross(1,6).
nocross(1,22).
nocross(1,24).
nocross(1,26).
nocross(1,28).
nocross(1,30).
nocross(2,14).
nocross(2,15).
nocross(2,22).
nocross(2,26).
nocross(3,7).
nocross(3,10).
nocross(3,14).
nocross(3,17).
nocross(3,18).
nocross(3,21).
nocross(3,23).
nocross(3,27).
nocross(4,26).
nocross(6,5).
nocross(6,26).
nocross(7,4).
nocross(7,6).
nocross(7,14).
nocross(7,18).
nocross(7,21).
nocross(7,23).
nocross(7,26).
nocross(8,2).
nocross(8,5).
nocross(8,10).
nocross(9,1).
nocross(9,10).
nocross(9,13).
nocross(9,15).
nocross(9,16).
nocross(9,29).
nocross(10,2).
nocross(10,5).
nocross(10,8).
nocross(10,14).
nocross(10,20).
nocross(11,9).
nocross(11,25).
nocross(11,29).
nocross(11,30).
nocross(13,5).
nocross(13,14).
nocross(13,15).
nocross(13,16).
nocross(13,26).
nocross(14,10).
nocross(14,18).
nocross(14,20).
nocross(14,23).
nocross(15,4).
nocross(15,5).
nocross(15,22).
nocross(15,26).
nocross(16,1).
nocross(16,6).
nocross(16,7).
nocross(16,13).
nocross(16,26).
nocross(17,3).
nocross(17,5).
nocross(17,7).
nocross(17,8).
nocross(17,10).
nocross(17,14).
nocross(18,2).
nocross(18,14).
nocross(18,23).
nocross(18,26).
nocross(19,6).
nocross(19,7).
nocross(19,14).
nocross(19,15).
nocross(19,23).
nocross(20,10).
nocross(20,14).
nocross(20,15).
nocross(20,23).
nocross(20,29).
nocross(21,2).
nocross(21,7).
nocross(21,10).
nocross(21,14).
nocross(21,18).
nocross(21,23).
nocross(21,26).
nocross(23,6).
nocross(23,7).
nocross(23,15).
nocross(23,19).
nocross(23,26).
nocross(24,4).
nocross(24,5).
nocross(24,6).
nocross(24,22).
nocross(24,26).
nocross(25,6).
nocross(25,8).
nocross(25,10).
nocross(25,11).
nocross(25,14).
nocross(25,27).
nocross(25,29).
nocross(27,7).
nocross(27,8).
nocross(27,10).
nocross(27,14).
nocross(27,17).
nocross(27,18).
nocross(27,21).
nocross(28,4).
nocross(28,6).
nocross(28,16).
nocross(28,22).
nocross(28,26).
nocross(29,2).
nocross(29,5).
nocross(29,8).
nocross(29,9).
nocross(29,11).
nocross(29,13).
nocross(29,16).
nocross(29,20).
