dimension(30).
point(1, 226247.0, 75999.0).
point(2, -211336.0, 344267.0).
point(3, 124283.0, 451614.0).
point(4, 121306.0, 84106.0).
point(5, 71508.0, 137205.0).
point(6, -147887.0, 151829.0).
point(7, -50707.0, 254406.0).
point(8, -298757.0, -273395.0).
point(9, 105126.0, 205964.0).
point(10, 223124.0, 142686.0).
point(11, 308804.0, -211453.0).
point(12, 93667.0, -307316.0).
point(13, -58774.0, -57375.0).
point(14, 69917.0, 227286.0).
point(15, 135321.0, -448969.0).
point(16, -6447.0, 244901.0).
point(17, 35056.0, -75864.0).
point(18, -10767.0, 4576.0).
point(19, 249570.0, 20150.0).
point(20, 86665.0, -11442.0).
point(21, -160123.0, -41846.0).
point(22, 204644.0, -90634.0).
point(23, 199098.0, 182349.0).
point(24, 14410.0, 455439.0).
point(25, 62228.0, -93985.0).
point(26, -280593.0, -66333.0).
point(27, -212072.0, -89993.0).
point(28, -233615.0, -57541.0).
point(29, -132673.0, -1689.0).
point(30, 192530.0, -113142.0).
cost(1, 2, 513270).
cost(1, 3, 389209).
cost(1, 4, 105254).
cost(1, 5, 166404).
cost(1, 6, 381741).
cost(1, 7, 329443).
cost(1, 8, 630639).
cost(1, 9, 177655).
cost(1, 10, 66760).
cost(1, 11, 299072).
cost(1, 12, 405596).
cost(1, 13, 314683).
cost(1, 14, 217547).
cost(1, 15, 532784).
cost(1, 16, 287532).
cost(1, 17, 244165).
cost(1, 18, 247542).
cost(1, 19, 60523).
cost(1, 20, 164709).
cost(1, 21, 403942).
cost(1, 22, 168028).
cost(1, 23, 109761).
cost(1, 24, 434568).
cost(1, 25, 236213).
cost(1, 26, 526446).
cost(1, 27, 468697).
cost(1, 28, 478859).
cost(1, 29, 367232).
cost(1, 30, 192123).
cost(2, 1, 513270).
cost(2, 3, 352368).
cost(2, 4, 422297).
cost(2, 5, 350536).
cost(2, 6, 202628).
cost(2, 7, 184056).
cost(2, 8, 623818).
cost(2, 9, 345363).
cost(2, 10, 478947).
cost(2, 11, 761164).
cost(2, 12, 719435).
cost(2, 13, 429641).
cost(2, 14, 304611).
cost(2, 15, 865676).
cost(2, 16, 227713).
cost(2, 17, 487051).
cost(2, 18, 394484).
cost(2, 19, 563459).
cost(2, 20, 464040).
cost(2, 21, 389495).
cost(2, 22, 601812).
cost(2, 23, 441218).
cost(2, 24, 251636).
cost(2, 25, 516626).
cost(2, 26, 416400).
cost(2, 27, 434261).
cost(2, 28, 402425).
cost(2, 29, 354786).
cost(2, 30, 610189).
cost(3, 1, 389209).
cost(3, 2, 352368).
cost(3, 4, 367520).
cost(3, 5, 318807).
cost(3, 6, 404904).
cost(3, 7, 263652).
cost(3, 8, 839405).
cost(3, 9, 246396).
cost(3, 10, 324355).
cost(3, 11, 688263).
cost(3, 12, 759547).
cost(3, 13, 540906).
cost(3, 14, 230822).
cost(3, 15, 900651).
cost(3, 16, 244582).
cost(3, 17, 534971).
cost(3, 18, 466992).
cost(3, 19, 449286).
cost(3, 20, 464582).
cost(3, 21, 569552).
cost(3, 22, 548170).
cost(3, 23, 279465).
cost(3, 24, 109940).
cost(3, 25, 549117).
cost(3, 26, 657414).
cost(3, 27, 637552).
cost(3, 28, 622358).
cost(3, 29, 521066).
cost(3, 30, 568865).
cost(4, 1, 105254).
cost(4, 2, 422297).
cost(4, 3, 367520).
cost(4, 5, 72797).
cost(4, 6, 277581).
cost(4, 7, 242055).
cost(4, 8, 551598).
cost(4, 9, 122927).
cost(4, 10, 117467).
cost(4, 11, 350015).
cost(4, 12, 392397).
cost(4, 13, 229010).
cost(4, 14, 152123).
cost(4, 15, 533259).
cost(4, 16, 205368).
cost(4, 17, 181740).
cost(4, 18, 154170).
cost(4, 19, 143325).
cost(4, 20, 101634).
cost(4, 21, 308328).
cost(4, 22, 193596).
cost(4, 23, 125313).
cost(4, 24, 386413).
cost(4, 25, 187634).
cost(4, 26, 429132).
cost(4, 27, 376100).
cost(4, 28, 382142).
cost(4, 29, 268079).
cost(4, 30, 209713).
cost(5, 1, 166404).
cost(5, 2, 350536).
cost(5, 3, 318807).
cost(5, 4, 72797).
cost(5, 6, 219882).
cost(5, 7, 169330).
cost(5, 8, 552891).
cost(5, 9, 76537).
cost(5, 10, 151715).
cost(5, 11, 421748).
cost(5, 12, 445073).
cost(5, 13, 234168).
cost(5, 14, 90095).
cost(5, 15, 589637).
cost(5, 16, 132949).
cost(5, 17, 216165).
cost(5, 18, 156076).
cost(5, 19, 213091).
cost(5, 20, 149418).
cost(5, 21, 292766).
cost(5, 22, 263886).
cost(5, 23, 135341).
cost(5, 24, 323316).
cost(5, 25, 231376).
cost(5, 26, 406697).
cost(5, 27, 363368).
cost(5, 28, 361975).
cost(5, 29, 246944).
cost(5, 30, 278065).
cost(6, 1, 381741).
cost(6, 2, 202628).
cost(6, 3, 404904).
cost(6, 4, 277581).
cost(6, 5, 219882).
cost(6, 7, 141301).
cost(6, 8, 451195).
cost(6, 9, 258740).
cost(6, 10, 371124).
cost(6, 11, 583558).
cost(6, 12, 518809).
cost(6, 13, 227393).
cost(6, 14, 230505).
cost(6, 15, 664203).
cost(6, 16, 169315).
cost(6, 17, 292083).
cost(6, 18, 201210).
cost(6, 19, 418702).
cost(6, 20, 285783).
cost(6, 21, 194061).
cost(6, 22, 427863).
cost(6, 23, 348325).
cost(6, 24, 344266).
cost(6, 25, 323377).
cost(6, 26, 255354).
cost(6, 27, 250195).
cost(6, 28, 226241).
cost(6, 29, 154270).
cost(6, 30, 431385).
cost(7, 1, 329443).
cost(7, 2, 184056).
cost(7, 3, 263652).
cost(7, 4, 242055).
cost(7, 5, 169330).
cost(7, 6, 141301).
cost(7, 8, 583183).
cost(7, 9, 163189).
cost(7, 10, 295744).
cost(7, 11, 588449).
cost(7, 12, 579979).
cost(7, 13, 311885).
cost(7, 14, 123635).
cost(7, 15, 727559).
cost(7, 16, 45269).
cost(7, 17, 341224).
cost(7, 18, 253002).
cost(7, 19, 380844).
cost(7, 20, 299243).
cost(7, 21, 315812).
cost(7, 22, 429251).
cost(7, 23, 259990).
cost(7, 24, 211316).
cost(7, 25, 366238).
cost(7, 26, 394615).
cost(7, 27, 380328).
cost(7, 28, 361616).
cost(7, 29, 268892).
cost(7, 30, 440745).
cost(8, 1, 630639).
cost(8, 2, 623818).
cost(8, 3, 839405).
cost(8, 4, 551598).
cost(8, 5, 552891).
cost(8, 6, 451195).
cost(8, 7, 583183).
cost(8, 9, 626823).
cost(8, 10, 667445).
cost(8, 11, 610710).
cost(8, 12, 393887).
cost(8, 13, 322888).
cost(8, 14, 621773).
cost(8, 15, 468241).
cost(8, 16, 595043).
cost(8, 17, 387878).
cost(8, 18, 400258).
cost(8, 19, 621958).
cost(8, 20, 466014).
cost(8, 21, 269878).
cost(8, 22, 535550).
cost(8, 23, 674953).
cost(8, 24, 793267).
cost(8, 25, 403111).
cost(8, 26, 207857).
cost(8, 27, 202856).
cost(8, 28, 225469).
cost(8, 29, 318446).
cost(8, 30, 516763).
cost(9, 1, 177655).
cost(9, 2, 345363).
cost(9, 3, 246396).
cost(9, 4, 122927).
cost(9, 5, 76537).
cost(9, 6, 258740).
cost(9, 7, 163189).
cost(9, 8, 626823).
cost(9, 10, 133894).
cost(9, 11, 464458).
cost(9, 12, 513408).
cost(9, 13, 310178).
cost(9, 14, 41162).
cost(9, 15, 655629).
cost(9, 16, 118172).
cost(9, 17, 290408).
cost(9, 18, 232354).
cost(9, 19, 235353).
cost(9, 20, 218188).
cost(9, 21, 362997).
cost(9, 22, 312849).
cost(9, 23, 96894).
cost(9, 24, 265457).
cost(9, 25, 303001).
cost(9, 26, 472149).
cost(9, 27, 433826).
cost(9, 28, 429162).
cost(9, 29, 315703).
cost(9, 30, 330860).
cost(10, 1, 66760).
cost(10, 2, 478947).
cost(10, 3, 324355).
cost(10, 4, 117467).
cost(10, 5, 151715).
cost(10, 6, 371124).
cost(10, 7, 295744).
cost(10, 8, 667445).
cost(10, 9, 133894).
cost(10, 11, 364356).
cost(10, 12, 468253).
cost(10, 13, 345675).
cost(10, 14, 175013).
cost(10, 15, 598135).
cost(10, 16, 251298).
cost(10, 17, 288329).
cost(10, 18, 271624).
cost(10, 19, 125357).
cost(10, 20, 205856).
cost(10, 21, 425359).
cost(10, 22, 234051).
cost(10, 23, 46372).
cost(10, 24, 376000).
cost(10, 25, 286183).
cost(10, 26, 545362).
cost(10, 27, 493493).
cost(10, 28, 498700).
cost(10, 29, 383973).
cost(10, 30, 257651).
cost(11, 1, 299072).
cost(11, 2, 761164).
cost(11, 3, 688263).
cost(11, 4, 350015).
cost(11, 5, 421748).
cost(11, 6, 583558).
cost(11, 7, 588449).
cost(11, 8, 610710).
cost(11, 9, 464458).
cost(11, 10, 364356).
cost(11, 12, 235528).
cost(11, 13, 398564).
cost(11, 14, 499559).
cost(11, 15, 294126).
cost(11, 16, 554655).
cost(11, 17, 305487).
cost(11, 18, 385738).
cost(11, 19, 239058).
cost(11, 20, 298915).
cost(11, 21, 498657).
cost(11, 22, 159520).
cost(11, 23, 408798).
cost(11, 24, 728981).
cost(11, 25, 273127).
cost(11, 26, 607000).
cost(11, 27, 534850).
cost(11, 28, 563833).
cost(11, 29, 488777).
cost(11, 30, 152265).
cost(12, 1, 405596).
cost(12, 2, 719435).
cost(12, 3, 759547).
cost(12, 4, 392397).
cost(12, 5, 445073).
cost(12, 6, 518809).
cost(12, 7, 579979).
cost(12, 8, 393887).
cost(12, 9, 513408).
cost(12, 10, 468253).
cost(12, 11, 235528).
cost(12, 13, 292761).
cost(12, 14, 535129).
cost(12, 15, 147650).
cost(12, 16, 561219).
cost(12, 17, 238758).
cost(12, 18, 328912).
cost(12, 19, 362684).
cost(12, 20, 295957).
cost(12, 21, 367265).
cost(12, 22, 243448).
cost(12, 23, 500887).
cost(12, 24, 766862).
cost(12, 25, 215635).
cost(12, 26, 445133).
cost(12, 27, 375107).
cost(12, 28, 411705).
cost(12, 29, 380313).
cost(12, 30, 217893).
cost(13, 1, 314683).
cost(13, 2, 429641).
cost(13, 3, 540906).
cost(13, 4, 229010).
cost(13, 5, 234168).
cost(13, 6, 227393).
cost(13, 7, 311885).
cost(13, 8, 322888).
cost(13, 9, 310178).
cost(13, 10, 345675).
cost(13, 11, 398564).
cost(13, 12, 292761).
cost(13, 14, 312399).
cost(13, 15, 437057).
cost(13, 16, 306772).
cost(13, 17, 95634).
cost(13, 18, 78375).
cost(13, 19, 317940).
cost(13, 20, 152520).
cost(13, 21, 102532).
cost(13, 22, 265509).
cost(13, 23, 352087).
cost(13, 24, 518010).
cost(13, 25, 126419).
cost(13, 26, 222000).
cost(13, 27, 156730).
cost(13, 28, 174841).
cost(13, 29, 92531).
cost(13, 30, 257417).
cost(14, 1, 217547).
cost(14, 2, 304611).
cost(14, 3, 230822).
cost(14, 4, 152123).
cost(14, 5, 90095).
cost(14, 6, 230505).
cost(14, 7, 123635).
cost(14, 8, 621773).
cost(14, 9, 41162).
cost(14, 10, 175013).
cost(14, 11, 499559).
cost(14, 12, 535129).
cost(14, 13, 312399).
cost(14, 15, 679410).
cost(14, 16, 78369).
cost(14, 17, 305148).
cost(14, 18, 236875).
cost(14, 19, 274191).
cost(14, 20, 239315).
cost(14, 21, 354049).
cost(14, 22, 345289).
cost(14, 23, 136774).
cost(14, 24, 234808).
cost(14, 25, 321363).
cost(14, 26, 457241).
cost(14, 27, 424481).
cost(14, 28, 416243).
cost(14, 29, 305732).
cost(14, 30, 361836).
cost(15, 1, 532784).
cost(15, 2, 865676).
cost(15, 3, 900651).
cost(15, 4, 533259).
cost(15, 5, 589637).
cost(15, 6, 664203).
cost(15, 7, 727559).
cost(15, 8, 468241).
cost(15, 9, 655629).
cost(15, 10, 598135).
cost(15, 11, 294126).
cost(15, 12, 147650).
cost(15, 13, 437057).
cost(15, 14, 679410).
cost(15, 16, 708205).
cost(15, 17, 386342).
cost(15, 18, 476492).
cost(15, 19, 482831).
cost(15, 20, 440224).
cost(15, 21, 503027).
cost(15, 22, 364979).
cost(15, 23, 634531).
cost(15, 24, 912455).
cost(15, 25, 362431).
cost(15, 26, 565150).
cost(15, 27, 499545).
cost(15, 28, 537894).
cost(15, 29, 521421).
cost(15, 30, 340665).
cost(16, 1, 287532).
cost(16, 2, 227713).
cost(16, 3, 244582).
cost(16, 4, 205368).
cost(16, 5, 132949).
cost(16, 6, 169315).
cost(16, 7, 45269).
cost(16, 8, 595043).
cost(16, 9, 118172).
cost(16, 10, 251298).
cost(16, 11, 554655).
cost(16, 12, 561219).
cost(16, 13, 306772).
cost(16, 14, 78369).
cost(16, 15, 708205).
cost(16, 17, 323439).
cost(16, 18, 240364).
cost(16, 19, 340672).
cost(16, 20, 272730).
cost(16, 21, 325331).
cost(16, 22, 396413).
cost(16, 23, 214852).
cost(16, 24, 211569).
cost(16, 25, 345774).
cost(16, 26, 414756).
cost(16, 27, 392983).
cost(16, 28, 378254).
cost(16, 29, 277019).
cost(16, 30, 409618).
cost(17, 1, 244165).
cost(17, 2, 487051).
cost(17, 3, 534971).
cost(17, 4, 181740).
cost(17, 5, 216165).
cost(17, 6, 292083).
cost(17, 7, 341224).
cost(17, 8, 387878).
cost(17, 9, 290408).
cost(17, 10, 288329).
cost(17, 11, 305487).
cost(17, 12, 238758).
cost(17, 13, 95634).
cost(17, 14, 305148).
cost(17, 15, 386342).
cost(17, 16, 323439).
cost(17, 18, 92576).
cost(17, 19, 235021).
cost(17, 20, 82545).
cost(17, 21, 198121).
cost(17, 22, 170230).
cost(17, 23, 305915).
cost(17, 24, 531704).
cost(17, 25, 32660).
cost(17, 26, 315793).
cost(17, 27, 247532).
cost(17, 28, 269295).
cost(17, 29, 183398).
cost(17, 30, 161826).
cost(18, 1, 247542).
cost(18, 2, 394484).
cost(18, 3, 466992).
cost(18, 4, 154170).
cost(18, 5, 156076).
cost(18, 6, 201210).
cost(18, 7, 253002).
cost(18, 8, 400258).
cost(18, 9, 232354).
cost(18, 10, 271624).
cost(18, 11, 385738).
cost(18, 12, 328912).
cost(18, 13, 78375).
cost(18, 14, 236875).
cost(18, 15, 476492).
cost(18, 16, 240364).
cost(18, 17, 92576).
cost(18, 19, 260802).
cost(18, 20, 98740).
cost(18, 21, 156404).
cost(18, 22, 235514).
cost(18, 23, 275039).
cost(18, 24, 451565).
cost(18, 25, 122648).
cost(18, 26, 278988).
cost(18, 27, 222412).
cost(18, 28, 231343).
cost(18, 29, 122067).
cost(18, 30, 234920).
cost(19, 1, 60523).
cost(19, 2, 563459).
cost(19, 3, 449286).
cost(19, 4, 143325).
cost(19, 5, 213091).
cost(19, 6, 418702).
cost(19, 7, 380844).
cost(19, 8, 621958).
cost(19, 9, 235353).
cost(19, 10, 125357).
cost(19, 11, 239058).
cost(19, 12, 362684).
cost(19, 13, 317940).
cost(19, 14, 274191).
cost(19, 15, 482831).
cost(19, 16, 340672).
cost(19, 17, 235021).
cost(19, 18, 260802).
cost(19, 20, 165940).
cost(19, 21, 414357).
cost(19, 22, 119547).
cost(19, 23, 169870).
cost(19, 24, 494749).
cost(19, 25, 219371).
cost(19, 26, 537170).
cost(19, 27, 474600).
cost(19, 28, 489391).
cost(19, 29, 382866).
cost(19, 30, 144984).
cost(20, 1, 164709).
cost(20, 2, 464040).
cost(20, 3, 464582).
cost(20, 4, 101634).
cost(20, 5, 149418).
cost(20, 6, 285783).
cost(20, 7, 299243).
cost(20, 8, 466014).
cost(20, 9, 218188).
cost(20, 10, 205856).
cost(20, 11, 298915).
cost(20, 12, 295957).
cost(20, 13, 152520).
cost(20, 14, 239315).
cost(20, 15, 440224).
cost(20, 16, 272730).
cost(20, 17, 82545).
cost(20, 18, 98740).
cost(20, 19, 165940).
cost(20, 21, 248654).
cost(20, 22, 142093).
cost(20, 23, 224045).
cost(20, 24, 472439).
cost(20, 25, 86084).
cost(20, 26, 371337).
cost(20, 27, 308892).
cost(20, 28, 323581).
cost(20, 29, 219555).
cost(20, 30, 146800).
cost(21, 1, 403942).
cost(21, 2, 389495).
cost(21, 3, 569552).
cost(21, 4, 308328).
cost(21, 5, 292766).
cost(21, 6, 194061).
cost(21, 7, 315812).
cost(21, 8, 269878).
cost(21, 9, 362997).
cost(21, 10, 425359).
cost(21, 11, 498657).
cost(21, 12, 367265).
cost(21, 13, 102532).
cost(21, 14, 354049).
cost(21, 15, 503027).
cost(21, 16, 325331).
cost(21, 17, 198121).
cost(21, 18, 156404).
cost(21, 19, 414357).
cost(21, 20, 248654).
cost(21, 22, 368015).
cost(21, 23, 423442).
cost(21, 24, 527024).
cost(21, 25, 228382).
cost(21, 26, 122933).
cost(21, 27, 70830).
cost(21, 28, 75149).
cost(21, 29, 48642).
cost(21, 30, 359788).
cost(22, 1, 168028).
cost(22, 2, 601812).
cost(22, 3, 548170).
cost(22, 4, 193596).
cost(22, 5, 263886).
cost(22, 6, 427863).
cost(22, 7, 429251).
cost(22, 8, 535550).
cost(22, 9, 312849).
cost(22, 10, 234051).
cost(22, 11, 159520).
cost(22, 12, 243448).
cost(22, 13, 265509).
cost(22, 14, 345289).
cost(22, 15, 364979).
cost(22, 16, 396413).
cost(22, 17, 170230).
cost(22, 18, 235514).
cost(22, 19, 119547).
cost(22, 20, 142093).
cost(22, 21, 368015).
cost(22, 23, 273039).
cost(22, 24, 578260).
cost(22, 25, 142455).
cost(22, 26, 485845).
cost(22, 27, 416716).
cost(22, 28, 439507).
cost(22, 29, 348847).
cost(22, 30, 25561).
cost(23, 1, 109761).
cost(23, 2, 441218).
cost(23, 3, 279465).
cost(23, 4, 125313).
cost(23, 5, 135341).
cost(23, 6, 348325).
cost(23, 7, 259990).
cost(23, 8, 674953).
cost(23, 9, 96894).
cost(23, 10, 46372).
cost(23, 11, 408798).
cost(23, 12, 500887).
cost(23, 13, 352087).
cost(23, 14, 136774).
cost(23, 15, 634531).
cost(23, 16, 214852).
cost(23, 17, 305915).
cost(23, 18, 275039).
cost(23, 19, 169870).
cost(23, 20, 224045).
cost(23, 21, 423442).
cost(23, 22, 273039).
cost(23, 24, 329678).
cost(23, 25, 308373).
cost(23, 26, 540320).
cost(23, 27, 493184).
cost(23, 28, 494760).
cost(23, 29, 379397).
cost(23, 30, 295564).
cost(24, 1, 434568).
cost(24, 2, 251636).
cost(24, 3, 109940).
cost(24, 4, 386413).
cost(24, 5, 323316).
cost(24, 6, 344266).
cost(24, 7, 211316).
cost(24, 8, 793267).
cost(24, 9, 265457).
cost(24, 10, 376000).
cost(24, 11, 728981).
cost(24, 12, 766862).
cost(24, 13, 518010).
cost(24, 14, 234808).
cost(24, 15, 912455).
cost(24, 16, 211569).
cost(24, 17, 531704).
cost(24, 18, 451565).
cost(24, 19, 494749).
cost(24, 20, 472439).
cost(24, 21, 527024).
cost(24, 22, 578260).
cost(24, 23, 329678).
cost(24, 25, 551501).
cost(24, 26, 599394).
cost(24, 27, 590585).
cost(24, 28, 569794).
cost(24, 29, 480208).
cost(24, 30, 595828).
cost(25, 1, 236213).
cost(25, 2, 516626).
cost(25, 3, 549117).
cost(25, 4, 187634).
cost(25, 5, 231376).
cost(25, 6, 323377).
cost(25, 7, 366238).
cost(25, 8, 403111).
cost(25, 9, 303001).
cost(25, 10, 286183).
cost(25, 11, 273127).
cost(25, 12, 215635).
cost(25, 13, 126419).
cost(25, 14, 321363).
cost(25, 15, 362431).
cost(25, 16, 345774).
cost(25, 17, 32660).
cost(25, 18, 122648).
cost(25, 19, 219371).
cost(25, 20, 86084).
cost(25, 21, 228382).
cost(25, 22, 142455).
cost(25, 23, 308373).
cost(25, 24, 551501).
cost(25, 26, 343934).
cost(25, 27, 274329).
cost(25, 28, 298079).
cost(25, 29, 215650).
cost(25, 30, 131703).
cost(26, 1, 526446).
cost(26, 2, 416400).
cost(26, 3, 657414).
cost(26, 4, 429132).
cost(26, 5, 406697).
cost(26, 6, 255354).
cost(26, 7, 394615).
cost(26, 8, 207857).
cost(26, 9, 472149).
cost(26, 10, 545362).
cost(26, 11, 607000).
cost(26, 12, 445133).
cost(26, 13, 222000).
cost(26, 14, 457241).
cost(26, 15, 565150).
cost(26, 16, 414756).
cost(26, 17, 315793).
cost(26, 18, 278988).
cost(26, 19, 537170).
cost(26, 20, 371337).
cost(26, 21, 122933).
cost(26, 22, 485845).
cost(26, 23, 540320).
cost(26, 24, 599394).
cost(26, 25, 343934).
cost(26, 27, 72491).
cost(26, 28, 47794).
cost(26, 29, 161429).
cost(26, 30, 475433).
cost(27, 1, 468697).
cost(27, 2, 434261).
cost(27, 3, 637552).
cost(27, 4, 376100).
cost(27, 5, 363368).
cost(27, 6, 250195).
cost(27, 7, 380328).
cost(27, 8, 202856).
cost(27, 9, 433826).
cost(27, 10, 493493).
cost(27, 11, 534850).
cost(27, 12, 375107).
cost(27, 13, 156730).
cost(27, 14, 424481).
cost(27, 15, 499545).
cost(27, 16, 392983).
cost(27, 17, 247532).
cost(27, 18, 222412).
cost(27, 19, 474600).
cost(27, 20, 308892).
cost(27, 21, 70830).
cost(27, 22, 416716).
cost(27, 23, 493184).
cost(27, 24, 590585).
cost(27, 25, 274329).
cost(27, 26, 72491).
cost(27, 28, 38952).
cost(27, 29, 118751).
cost(27, 30, 405264).
cost(28, 1, 478859).
cost(28, 2, 402425).
cost(28, 3, 622358).
cost(28, 4, 382142).
cost(28, 5, 361975).
cost(28, 6, 226241).
cost(28, 7, 361616).
cost(28, 8, 225469).
cost(28, 9, 429162).
cost(28, 10, 498700).
cost(28, 11, 563833).
cost(28, 12, 411705).
cost(28, 13, 174841).
cost(28, 14, 416243).
cost(28, 15, 537894).
cost(28, 16, 378254).
cost(28, 17, 269295).
cost(28, 18, 231343).
cost(28, 19, 489391).
cost(28, 20, 323581).
cost(28, 21, 75149).
cost(28, 22, 439507).
cost(28, 23, 494760).
cost(28, 24, 569794).
cost(28, 25, 298079).
cost(28, 26, 47794).
cost(28, 27, 38952).
cost(28, 29, 115363).
cost(28, 30, 429757).
cost(29, 1, 367232).
cost(29, 2, 354786).
cost(29, 3, 521066).
cost(29, 4, 268079).
cost(29, 5, 246944).
cost(29, 6, 154270).
cost(29, 7, 268892).
cost(29, 8, 318446).
cost(29, 9, 315703).
cost(29, 10, 383973).
cost(29, 11, 488777).
cost(29, 12, 380313).
cost(29, 13, 92531).
cost(29, 14, 305732).
cost(29, 15, 521421).
cost(29, 16, 277019).
cost(29, 17, 183398).
cost(29, 18, 122067).
cost(29, 19, 382866).
cost(29, 20, 219555).
cost(29, 21, 48642).
cost(29, 22, 348847).
cost(29, 23, 379397).
cost(29, 24, 480208).
cost(29, 25, 215650).
cost(29, 26, 161429).
cost(29, 27, 118751).
cost(29, 28, 115363).
cost(29, 30, 343771).
cost(30, 1, 192123).
cost(30, 2, 610189).
cost(30, 3, 568865).
cost(30, 4, 209713).
cost(30, 5, 278065).
cost(30, 6, 431385).
cost(30, 7, 440745).
cost(30, 8, 516763).
cost(30, 9, 330860).
cost(30, 10, 257651).
cost(30, 11, 152265).
cost(30, 12, 217893).
cost(30, 13, 257417).
cost(30, 14, 361836).
cost(30, 15, 340665).
cost(30, 16, 409618).
cost(30, 17, 161826).
cost(30, 18, 234920).
cost(30, 19, 144984).
cost(30, 20, 146800).
cost(30, 21, 359788).
cost(30, 22, 25561).
cost(30, 23, 295564).
cost(30, 24, 595828).
cost(30, 25, 131703).
cost(30, 26, 475433).
cost(30, 27, 405264).
cost(30, 28, 429757).
cost(30, 29, 343771).
nocross(1,5).
nocross(1,9).
nocross(1,10).
nocross(1,14).
nocross(1,16).
nocross(1,22).
nocross(1,23).
nocross(1,25).
nocross(2,3).
nocross(2,6).
nocross(2,7).
nocross(2,14).
nocross(2,16).
nocross(2,24).
nocross(2,26).
nocross(3,14).
nocross(4,1).
nocross(4,7).
nocross(4,9).
nocross(4,10).
nocross(4,14).
nocross(4,16).
nocross(4,19).
nocross(4,23).
nocross(5,1).
nocross(5,6).
nocross(5,7).
nocross(5,9).
nocross(5,14).
nocross(5,16).
nocross(5,29).
nocross(6,2).
nocross(6,3).
nocross(6,5).
nocross(6,7).
nocross(6,13).
nocross(6,14).
nocross(6,16).
nocross(6,24).
nocross(6,26).
nocross(6,27).
nocross(6,28).
nocross(6,29).
nocross(7,2).
nocross(7,5).
nocross(7,6).
nocross(7,9).
nocross(7,14).
nocross(7,16).
nocross(8,26).
nocross(8,27).
nocross(9,1).
nocross(9,4).
nocross(9,5).
nocross(9,7).
nocross(9,14).
nocross(9,16).
nocross(10,1).
nocross(10,3).
nocross(10,4).
nocross(10,5).
nocross(10,7).
nocross(10,9).
nocross(10,16).
nocross(10,19).
nocross(10,23).
nocross(10,25).
nocross(11,12).
nocross(11,19).
nocross(11,22).
nocross(11,25).
nocross(11,30).
nocross(12,1).
nocross(12,25).
nocross(12,27).
nocross(13,4).
nocross(13,16).
nocross(13,17).
nocross(13,18).
nocross(13,21).
nocross(13,27).
nocross(13,28).
nocross(13,29).
nocross(14,1).
nocross(14,3).
nocross(14,4).
nocross(14,5).
nocross(14,6).
nocross(14,9).
nocross(14,16).
nocross(14,24).
nocross(16,1).
nocross(16,3).
nocross(16,5).
nocross(16,6).
nocross(16,7).
nocross(16,9).
nocross(16,14).
nocross(16,24).
nocross(17,1).
nocross(17,13).
nocross(17,16).
nocross(17,18).
nocross(17,20).
nocross(17,25).
nocross(17,27).
nocross(18,1).
nocross(18,4).
nocross(18,7).
nocross(18,14).
nocross(18,16).
nocross(18,17).
nocross(18,20).
nocross(18,21).
nocross(18,25).
nocross(18,29).
nocross(19,1).
nocross(19,4).
nocross(19,10).
nocross(19,25).
nocross(20,1).
nocross(20,4).
nocross(20,5).
nocross(20,7).
nocross(20,9).
nocross(20,10).
nocross(20,13).
nocross(20,16).
nocross(20,17).
nocross(20,18).
nocross(20,25).
nocross(20,27).
nocross(21,16).
nocross(21,26).
nocross(21,27).
nocross(21,28).
nocross(22,1).
nocross(22,4).
nocross(22,10).
nocross(22,19).
nocross(22,25).
nocross(23,1).
nocross(23,3).
nocross(23,4).
nocross(23,5).
nocross(23,9).
nocross(23,10).
nocross(23,14).
nocross(23,16).
nocross(24,2).
nocross(24,7).
nocross(24,9).
nocross(24,14).
nocross(24,16).
nocross(24,23).
nocross(25,1).
nocross(25,16).
nocross(25,27).
nocross(26,27).
nocross(26,29).
nocross(27,26).
nocross(27,28).
nocross(28,21).
nocross(28,26).
nocross(28,27).
nocross(28,29).
nocross(29,13).
nocross(29,16).
nocross(29,21).
nocross(29,26).
nocross(29,28).
nocross(30,1).
nocross(30,10).
nocross(30,19).
nocross(30,25).
nocross(30,27).
