dimension(30).
point(1, -235067.0, -159979.0).
point(2, -15608.0, 417801.0).
point(3, 392323.0, -31041.0).
point(4, 209180.0, -76601.0).
point(5, -123536.0, -85740.0).
point(6, -216340.0, 77777.0).
point(7, -272849.0, -343259.0).
point(8, -36935.0, -38897.0).
point(9, 55203.0, -102491.0).
point(10, -249938.0, -249656.0).
point(11, -291115.0, 126126.0).
point(12, 197303.0, -58632.0).
point(13, 107516.0, 340108.0).
point(14, 122102.0, 84446.0).
point(15, 169216.0, 299431.0).
point(16, -20206.0, 155150.0).
point(17, -49468.0, -139102.0).
point(18, -104254.0, -9266.0).
point(19, -116320.0, 49130.0).
point(20, 66342.0, 127353.0).
point(21, 81831.0, 451960.0).
point(22, -313220.0, 133452.0).
point(23, -7375.0, 3960.0).
point(24, 251752.0, 208327.0).
point(25, 251436.0, -83340.0).
point(26, 99850.0, -4015.0).
point(27, 199434.0, 138401.0).
point(28, 119641.0, 190143.0).
point(29, 12687.0, 294018.0).
point(30, 112218.0, -14169.0).
cost(1, 2, 618055).
cost(1, 3, 640502).
cost(1, 4, 452004).
cost(1, 5, 133980).
cost(1, 6, 238492).
cost(1, 7, 187134).
cost(1, 8, 232201).
cost(1, 9, 295908).
cost(1, 10, 90902).
cost(1, 11, 291543).
cost(1, 12, 444089).
cost(1, 13, 606177).
cost(1, 14, 432797).
cost(1, 15, 611966).
cost(1, 16, 381407).
cost(1, 17, 186769).
cost(1, 18, 199566).
cost(1, 19, 240473).
cost(1, 20, 416422).
cost(1, 21, 689125).
cost(1, 22, 303660).
cost(1, 23, 280570).
cost(1, 24, 610444).
cost(1, 25, 492502).
cost(1, 26, 369451).
cost(1, 27, 527088).
cost(1, 28, 498401).
cost(1, 29, 517199).
cost(1, 30, 376653).
cost(2, 1, 618055).
cost(2, 3, 606520).
cost(2, 4, 543105).
cost(2, 5, 514978).
cost(2, 6, 394854).
cost(2, 7, 803359).
cost(2, 8, 457196).
cost(2, 9, 525089).
cost(2, 10, 707396).
cost(2, 11, 401221).
cost(2, 12, 521842).
cost(2, 13, 145588).
cost(2, 14, 360679).
cost(2, 15, 219480).
cost(2, 16, 262691).
cost(2, 17, 557931).
cost(2, 18, 436170).
cost(2, 19, 382180).
cost(2, 20, 301788).
cost(2, 21, 103253).
cost(2, 22, 411615).
cost(2, 23, 413923).
cost(2, 24, 339648).
cost(2, 25, 567851).
cost(2, 26, 437332).
cost(2, 27, 352573).
cost(2, 28, 264803).
cost(2, 29, 126976).
cost(2, 30, 450486).
cost(3, 1, 640502).
cost(3, 2, 606520).
cost(3, 4, 188725).
cost(3, 5, 518751).
cost(3, 6, 618314).
cost(3, 7, 734802).
cost(3, 8, 429330).
cost(3, 9, 344608).
cost(3, 10, 678448).
cost(3, 11, 701277).
cost(3, 12, 196962).
cost(3, 13, 467832).
cost(3, 14, 293865).
cost(3, 15, 398734).
cost(3, 16, 452601).
cost(3, 17, 454815).
cost(3, 18, 497054).
cost(3, 19, 514922).
cost(3, 20, 362426).
cost(3, 21, 574191).
cost(3, 22, 724465).
cost(3, 23, 401228).
cost(3, 24, 277592).
cost(3, 25, 150281).
cost(3, 26, 293719).
cost(3, 27, 256743).
cost(3, 28, 351109).
cost(3, 29, 499787).
cost(3, 30, 280613).
cost(4, 1, 452004).
cost(4, 2, 543105).
cost(4, 3, 188725).
cost(4, 5, 332841).
cost(4, 6, 452659).
cost(4, 7, 550871).
cost(4, 8, 248986).
cost(4, 9, 156138).
cost(4, 10, 490650).
cost(4, 11, 539809).
cost(4, 12, 21539).
cost(4, 13, 428931).
cost(4, 14, 183081).
cost(4, 15, 378150).
cost(4, 16, 326077).
cost(4, 17, 266092).
cost(4, 18, 320585).
cost(4, 19, 348939).
cost(4, 20, 248998).
cost(4, 21, 543686).
cost(4, 22, 563049).
cost(4, 23, 231054).
cost(4, 24, 288091).
cost(4, 25, 42790).
cost(4, 26, 131232).
cost(4, 27, 215223).
cost(4, 28, 281371).
cost(4, 29, 419485).
cost(4, 30, 115323).
cost(5, 1, 133980).
cost(5, 2, 514978).
cost(5, 3, 518751).
cost(5, 4, 332841).
cost(5, 6, 188017).
cost(5, 7, 297675).
cost(5, 8, 98458).
cost(5, 9, 179522).
cost(5, 10, 206993).
cost(5, 11, 270129).
cost(5, 12, 321982).
cost(5, 13, 484491).
cost(5, 14, 298833).
cost(5, 15, 483798).
cost(5, 16, 262117).
cost(5, 17, 91288).
cost(5, 18, 78867).
cost(5, 19, 135063).
cost(5, 20, 285416).
cost(5, 21, 575584).
cost(5, 22, 289871).
cost(5, 23, 146763).
cost(5, 24, 476777).
cost(5, 25, 374980).
cost(5, 26, 237866).
cost(5, 27, 393127).
cost(5, 28, 367759).
cost(5, 29, 403451).
cost(5, 30, 246378).
cost(6, 1, 238492).
cost(6, 2, 394854).
cost(6, 3, 618314).
cost(6, 4, 452659).
cost(6, 5, 188017).
cost(6, 7, 424811).
cost(6, 8, 214007).
cost(6, 9, 325933).
cost(6, 10, 329152).
cost(6, 11, 89045).
cost(6, 12, 435555).
cost(6, 13, 416774).
cost(6, 14, 338508).
cost(6, 15, 444729).
cost(6, 16, 210844).
cost(6, 17, 273647).
cost(6, 18, 141915).
cost(6, 19, 104042).
cost(6, 20, 286996).
cost(6, 21, 478455).
cost(6, 22, 111738).
cost(6, 23, 221620).
cost(6, 24, 485956).
cost(6, 25, 494745).
cost(6, 26, 326598).
cost(6, 27, 420171).
cost(6, 28, 354273).
cost(6, 29, 314982).
cost(6, 30, 341181).
cost(7, 1, 187134).
cost(7, 2, 803359).
cost(7, 3, 734802).
cost(7, 4, 550871).
cost(7, 5, 297675).
cost(7, 6, 424811).
cost(7, 8, 385087).
cost(7, 9, 406924).
cost(7, 10, 96366).
cost(7, 11, 469740).
cost(7, 12, 549596).
cost(7, 13, 782092).
cost(7, 14, 582167).
cost(7, 15, 780046).
cost(7, 16, 558784).
cost(7, 17, 302620).
cost(7, 18, 374133).
cost(7, 19, 422458).
cost(7, 20, 580109).
cost(7, 21, 870730).
cost(7, 22, 478417).
cost(7, 23, 437078).
cost(7, 24, 761218).
cost(7, 25, 585177).
cost(7, 26, 503975).
cost(7, 27, 674572).
cost(7, 28, 662243).
cost(7, 29, 698321).
cost(7, 30, 506534).
cost(8, 1, 232201).
cost(8, 2, 457196).
cost(8, 3, 429330).
cost(8, 4, 248986).
cost(8, 5, 98458).
cost(8, 6, 214007).
cost(8, 7, 385087).
cost(8, 9, 111954).
cost(8, 10, 299649).
cost(8, 11, 303051).
cost(8, 12, 235068).
cost(8, 13, 405599).
cost(8, 14, 201262).
cost(8, 15, 396187).
cost(8, 16, 194767).
cost(8, 17, 100986).
cost(8, 18, 73552).
cost(8, 19, 118536).
cost(8, 20, 195717).
cost(8, 21, 505021).
cost(8, 22, 325634).
cost(8, 23, 52063).
cost(8, 24, 380079).
cost(8, 25, 291776).
cost(8, 26, 141163).
cost(8, 27, 295474).
cost(8, 28, 277444).
cost(8, 29, 336593).
cost(8, 30, 151189).
cost(9, 1, 295908).
cost(9, 2, 525089).
cost(9, 3, 344608).
cost(9, 4, 156138).
cost(9, 5, 179522).
cost(9, 6, 325933).
cost(9, 7, 406924).
cost(9, 8, 111954).
cost(9, 10, 338775).
cost(9, 11, 414972).
cost(9, 12, 148715).
cost(9, 13, 445680).
cost(9, 14, 198547).
cost(9, 15, 417780).
cost(9, 16, 268450).
cost(9, 17, 110889).
cost(9, 18, 184709).
cost(9, 19, 228930).
cost(9, 20, 230114).
cost(9, 21, 555090).
cost(9, 22, 437498).
cost(9, 23, 123482).
cost(9, 24, 367749).
cost(9, 25, 197165).
cost(9, 26, 108124).
cost(9, 27, 280770).
cost(9, 28, 299645).
cost(9, 29, 398782).
cost(9, 30, 105126).
cost(10, 1, 90902).
cost(10, 2, 707396).
cost(10, 3, 678448).
cost(10, 4, 490650).
cost(10, 5, 206993).
cost(10, 6, 329152).
cost(10, 7, 96366).
cost(10, 8, 299649).
cost(10, 9, 338775).
cost(10, 11, 378031).
cost(10, 12, 486328).
cost(10, 13, 689634).
cost(10, 14, 500038).
cost(10, 15, 690787).
cost(10, 16, 465451).
cost(10, 17, 228933).
cost(10, 18, 281089).
cost(10, 19, 327302).
cost(10, 20, 492107).
cost(10, 21, 776103).
cost(10, 22, 388299).
cost(10, 23, 350939).
cost(10, 24, 679295).
cost(10, 25, 528239).
cost(10, 26, 427424).
cost(10, 27, 593737).
cost(10, 28, 574467).
cost(10, 29, 603783).
cost(10, 30, 431985).
cost(11, 1, 291543).
cost(11, 2, 401221).
cost(11, 3, 701277).
cost(11, 4, 539809).
cost(11, 5, 270129).
cost(11, 6, 89045).
cost(11, 7, 469740).
cost(11, 8, 303051).
cost(11, 9, 414972).
cost(11, 10, 378031).
cost(11, 12, 522195).
cost(11, 13, 452432).
cost(11, 14, 415314).
cost(11, 15, 491873).
cost(11, 16, 272459).
cost(11, 17, 358802).
cost(11, 18, 230755).
cost(11, 19, 191002).
cost(11, 20, 357459).
cost(11, 21, 495234).
cost(11, 22, 23287).
cost(11, 23, 308922).
cost(11, 24, 549055).
cost(11, 25, 581582).
cost(11, 26, 412056).
cost(11, 27, 490703).
cost(11, 28, 415715).
cost(11, 29, 347107).
cost(11, 30, 427037).
cost(12, 1, 444089).
cost(12, 2, 521842).
cost(12, 3, 196962).
cost(12, 4, 21539).
cost(12, 5, 321982).
cost(12, 6, 435555).
cost(12, 7, 549596).
cost(12, 8, 235068).
cost(12, 9, 148715).
cost(12, 10, 486328).
cost(12, 11, 522195).
cost(12, 13, 408724).
cost(12, 14, 161637).
cost(12, 15, 359163).
cost(12, 16, 304980).
cost(12, 17, 259560).
cost(12, 18, 305571).
cost(12, 19, 331620).
cost(12, 20, 227467).
cost(12, 21, 523486).
cost(12, 22, 545463).
cost(12, 23, 214035).
cost(12, 24, 272455).
cost(12, 25, 59505).
cost(12, 26, 111714).
cost(12, 27, 197045).
cost(12, 28, 260615).
cost(12, 29, 398052).
cost(12, 30, 96002).
cost(13, 1, 606177).
cost(13, 2, 145588).
cost(13, 3, 467832).
cost(13, 4, 428931).
cost(13, 5, 484491).
cost(13, 6, 416774).
cost(13, 7, 782092).
cost(13, 8, 405599).
cost(13, 9, 445680).
cost(13, 10, 689634).
cost(13, 11, 452432).
cost(13, 12, 408724).
cost(13, 14, 256078).
cost(13, 15, 73902).
cost(13, 16, 224772).
cost(13, 17, 504268).
cost(13, 18, 408545).
cost(13, 19, 367111).
cost(13, 20, 216703).
cost(13, 21, 114763).
cost(13, 22, 468749).
cost(13, 23, 355240).
cost(13, 24, 195372).
cost(13, 25, 447237).
cost(13, 26, 344208).
cost(13, 27, 221663).
cost(13, 28, 150454).
cost(13, 29, 105436).
cost(13, 30, 354308).
cost(14, 1, 432797).
cost(14, 2, 360679).
cost(14, 3, 293865).
cost(14, 4, 183081).
cost(14, 5, 298833).
cost(14, 6, 338508).
cost(14, 7, 582167).
cost(14, 8, 201262).
cost(14, 9, 198547).
cost(14, 10, 500038).
cost(14, 11, 415314).
cost(14, 12, 161637).
cost(14, 13, 256078).
cost(14, 15, 220087).
cost(14, 16, 158904).
cost(14, 17, 281798).
cost(14, 18, 244988).
cost(14, 19, 241023).
cost(14, 20, 70358).
cost(14, 21, 369714).
cost(14, 22, 438072).
cost(14, 23, 152454).
cost(14, 24, 179320).
cost(14, 25, 211848).
cost(14, 26, 91217).
cost(14, 27, 94294).
cost(14, 28, 105726).
cost(14, 29, 236415).
cost(14, 30, 99109).
cost(15, 1, 611966).
cost(15, 2, 219480).
cost(15, 3, 398734).
cost(15, 4, 378150).
cost(15, 5, 483798).
cost(15, 6, 444729).
cost(15, 7, 780046).
cost(15, 8, 396187).
cost(15, 9, 417780).
cost(15, 10, 690787).
cost(15, 11, 491873).
cost(15, 12, 359163).
cost(15, 13, 73902).
cost(15, 14, 220087).
cost(15, 16, 238113).
cost(15, 17, 490035).
cost(15, 18, 412407).
cost(15, 19, 379712).
cost(15, 20, 200484).
cost(15, 21, 175787).
cost(15, 22, 510190).
cost(15, 23, 344220).
cost(15, 24, 122931).
cost(15, 25, 391502).
cost(15, 26, 311273).
cost(15, 27, 163841).
cost(15, 28, 120006).
cost(15, 29, 156623).
cost(15, 30, 318738).
cost(16, 1, 381407).
cost(16, 2, 262691).
cost(16, 3, 452601).
cost(16, 4, 326077).
cost(16, 5, 262117).
cost(16, 6, 210844).
cost(16, 7, 558784).
cost(16, 8, 194767).
cost(16, 9, 268450).
cost(16, 10, 465451).
cost(16, 11, 272459).
cost(16, 12, 304980).
cost(16, 13, 224772).
cost(16, 14, 158904).
cost(16, 15, 238113).
cost(16, 17, 295703).
cost(16, 18, 184653).
cost(16, 19, 143102).
cost(16, 20, 90902).
cost(16, 21, 313859).
cost(16, 22, 293816).
cost(16, 23, 151733).
cost(16, 24, 277108).
cost(16, 25, 361479).
cost(16, 26, 199366).
cost(16, 27, 220278).
cost(16, 28, 144159).
cost(16, 29, 142710).
cost(16, 30, 214954).
cost(17, 1, 186769).
cost(17, 2, 557931).
cost(17, 3, 454815).
cost(17, 4, 266092).
cost(17, 5, 91288).
cost(17, 6, 273647).
cost(17, 7, 302620).
cost(17, 8, 100986).
cost(17, 9, 110889).
cost(17, 10, 228933).
cost(17, 11, 358802).
cost(17, 12, 259560).
cost(17, 13, 504268).
cost(17, 14, 281798).
cost(17, 15, 490035).
cost(17, 16, 295703).
cost(17, 18, 140922).
cost(17, 19, 199751).
cost(17, 20, 290534).
cost(17, 21, 605470).
cost(17, 22, 379277).
cost(17, 23, 149126).
cost(17, 24, 459826).
cost(17, 25, 306027).
cost(17, 26, 201356).
cost(17, 27, 372774).
cost(17, 28, 370135).
cost(17, 29, 437557).
cost(17, 30, 204330).
cost(18, 1, 199566).
cost(18, 2, 436170).
cost(18, 3, 497054).
cost(18, 4, 320585).
cost(18, 5, 78867).
cost(18, 6, 141915).
cost(18, 7, 374133).
cost(18, 8, 73552).
cost(18, 9, 184709).
cost(18, 10, 281089).
cost(18, 11, 230755).
cost(18, 12, 305571).
cost(18, 13, 408545).
cost(18, 14, 244988).
cost(18, 15, 412407).
cost(18, 16, 184653).
cost(18, 17, 140922).
cost(18, 19, 59630).
cost(18, 20, 218558).
cost(18, 21, 497350).
cost(18, 22, 253052).
cost(18, 23, 97778).
cost(18, 24, 417237).
cost(18, 25, 363321).
cost(18, 26, 204172).
cost(18, 27, 337686).
cost(18, 28, 299821).
cost(18, 29, 325048).
cost(18, 30, 216528).
cost(19, 1, 240473).
cost(19, 2, 382180).
cost(19, 3, 514922).
cost(19, 4, 348939).
cost(19, 5, 135063).
cost(19, 6, 104042).
cost(19, 7, 422458).
cost(19, 8, 118536).
cost(19, 9, 228930).
cost(19, 10, 327302).
cost(19, 11, 191002).
cost(19, 12, 331620).
cost(19, 13, 367111).
cost(19, 14, 241023).
cost(19, 15, 379712).
cost(19, 16, 143102).
cost(19, 17, 199751).
cost(19, 18, 59630).
cost(19, 20, 198706).
cost(19, 21, 448927).
cost(19, 22, 214196).
cost(19, 23, 117938).
cost(19, 24, 401025).
cost(19, 25, 390887).
cost(19, 26, 222607).
cost(19, 27, 328131).
cost(19, 28, 274886).
cost(19, 29, 276790).
cost(19, 30, 237142).
cost(20, 1, 416422).
cost(20, 2, 301788).
cost(20, 3, 362426).
cost(20, 4, 248998).
cost(20, 5, 285416).
cost(20, 6, 286996).
cost(20, 7, 580109).
cost(20, 8, 195717).
cost(20, 9, 230114).
cost(20, 10, 492107).
cost(20, 11, 357459).
cost(20, 12, 227467).
cost(20, 13, 216703).
cost(20, 14, 70358).
cost(20, 15, 200484).
cost(20, 16, 90902).
cost(20, 17, 290534).
cost(20, 18, 218558).
cost(20, 19, 198706).
cost(20, 21, 324976).
cost(20, 22, 379611).
cost(20, 23, 143736).
cost(20, 24, 202321).
cost(20, 25, 280448).
cost(20, 26, 135574).
cost(20, 27, 133550).
cost(20, 28, 82361).
cost(20, 29, 175089).
cost(20, 30, 148772).
cost(21, 1, 689125).
cost(21, 2, 103253).
cost(21, 3, 574191).
cost(21, 4, 543686).
cost(21, 5, 575584).
cost(21, 6, 478455).
cost(21, 7, 870730).
cost(21, 8, 505021).
cost(21, 9, 555090).
cost(21, 10, 776103).
cost(21, 11, 495234).
cost(21, 12, 523486).
cost(21, 13, 114763).
cost(21, 14, 369714).
cost(21, 15, 175787).
cost(21, 16, 313859).
cost(21, 17, 605470).
cost(21, 18, 497350).
cost(21, 19, 448927).
cost(21, 20, 324976).
cost(21, 22, 507457).
cost(21, 23, 456795).
cost(21, 24, 297036).
cost(21, 25, 561526).
cost(21, 26, 456331).
cost(21, 27, 334888).
cost(21, 28, 264533).
cost(21, 29, 172414).
cost(21, 30, 467118).
cost(22, 1, 303660).
cost(22, 2, 411615).
cost(22, 3, 724465).
cost(22, 4, 563049).
cost(22, 5, 289871).
cost(22, 6, 111738).
cost(22, 7, 478417).
cost(22, 8, 325634).
cost(22, 9, 437498).
cost(22, 10, 388299).
cost(22, 11, 23287).
cost(22, 12, 545463).
cost(22, 13, 468749).
cost(22, 14, 438072).
cost(22, 15, 510190).
cost(22, 16, 293816).
cost(22, 17, 379277).
cost(22, 18, 253052).
cost(22, 19, 214196).
cost(22, 20, 379611).
cost(22, 21, 507457).
cost(22, 23, 332129).
cost(22, 24, 569912).
cost(22, 25, 604843).
cost(22, 26, 435344).
cost(22, 27, 512678).
cost(22, 28, 436558).
cost(22, 29, 363314).
cost(22, 30, 450321).
cost(23, 1, 280570).
cost(23, 2, 413923).
cost(23, 3, 401228).
cost(23, 4, 231054).
cost(23, 5, 146763).
cost(23, 6, 221620).
cost(23, 7, 437078).
cost(23, 8, 52063).
cost(23, 9, 123482).
cost(23, 10, 350939).
cost(23, 11, 308922).
cost(23, 12, 214035).
cost(23, 13, 355240).
cost(23, 14, 152454).
cost(23, 15, 344220).
cost(23, 16, 151733).
cost(23, 17, 149126).
cost(23, 18, 97778).
cost(23, 19, 117938).
cost(23, 20, 143736).
cost(23, 21, 456795).
cost(23, 22, 332129).
cost(23, 24, 330019).
cost(23, 25, 273138).
cost(23, 26, 107521).
cost(23, 27, 246666).
cost(23, 28, 225382).
cost(23, 29, 290751).
cost(23, 30, 120959).
cost(24, 1, 610444).
cost(24, 2, 339648).
cost(24, 3, 277592).
cost(24, 4, 288091).
cost(24, 5, 476777).
cost(24, 6, 485956).
cost(24, 7, 761218).
cost(24, 8, 380079).
cost(24, 9, 367749).
cost(24, 10, 679295).
cost(24, 11, 549055).
cost(24, 12, 272455).
cost(24, 13, 195372).
cost(24, 14, 179320).
cost(24, 15, 122931).
cost(24, 16, 277108).
cost(24, 17, 459826).
cost(24, 18, 417237).
cost(24, 19, 401025).
cost(24, 20, 202321).
cost(24, 21, 297036).
cost(24, 22, 569912).
cost(24, 23, 330019).
cost(24, 25, 291667).
cost(24, 26, 261081).
cost(24, 27, 87332).
cost(24, 28, 133357).
cost(24, 29, 253959).
cost(24, 30, 262629).
cost(25, 1, 492502).
cost(25, 2, 567851).
cost(25, 3, 150281).
cost(25, 4, 42790).
cost(25, 5, 374980).
cost(25, 6, 494745).
cost(25, 7, 585177).
cost(25, 8, 291776).
cost(25, 9, 197165).
cost(25, 10, 528239).
cost(25, 11, 581582).
cost(25, 12, 59505).
cost(25, 13, 447237).
cost(25, 14, 211848).
cost(25, 15, 391502).
cost(25, 16, 361479).
cost(25, 17, 306027).
cost(25, 18, 363321).
cost(25, 19, 390887).
cost(25, 20, 280448).
cost(25, 21, 561526).
cost(25, 22, 604843).
cost(25, 23, 273138).
cost(25, 24, 291667).
cost(25, 26, 171087).
cost(25, 27, 227757).
cost(25, 28, 303583).
cost(25, 29, 446542).
cost(25, 30, 155455).
cost(26, 1, 369451).
cost(26, 2, 437332).
cost(26, 3, 293719).
cost(26, 4, 131232).
cost(26, 5, 237866).
cost(26, 6, 326598).
cost(26, 7, 503975).
cost(26, 8, 141163).
cost(26, 9, 108124).
cost(26, 10, 427424).
cost(26, 11, 412056).
cost(26, 12, 111714).
cost(26, 13, 344208).
cost(26, 14, 91217).
cost(26, 15, 311273).
cost(26, 16, 199366).
cost(26, 17, 201356).
cost(26, 18, 204172).
cost(26, 19, 222607).
cost(26, 20, 135574).
cost(26, 21, 456331).
cost(26, 22, 435344).
cost(26, 23, 107521).
cost(26, 24, 261081).
cost(26, 25, 171087).
cost(26, 27, 173779).
cost(26, 28, 195164).
cost(26, 29, 310517).
cost(26, 30, 16002).
cost(27, 1, 527088).
cost(27, 2, 352573).
cost(27, 3, 256743).
cost(27, 4, 215223).
cost(27, 5, 393127).
cost(27, 6, 420171).
cost(27, 7, 674572).
cost(27, 8, 295474).
cost(27, 9, 280770).
cost(27, 10, 593737).
cost(27, 11, 490703).
cost(27, 12, 197045).
cost(27, 13, 221663).
cost(27, 14, 94294).
cost(27, 15, 163841).
cost(27, 16, 220278).
cost(27, 17, 372774).
cost(27, 18, 337686).
cost(27, 19, 328131).
cost(27, 20, 133550).
cost(27, 21, 334888).
cost(27, 22, 512678).
cost(27, 23, 246666).
cost(27, 24, 87332).
cost(27, 25, 227757).
cost(27, 26, 173779).
cost(27, 28, 95101).
cost(27, 29, 243087).
cost(27, 30, 175739).
cost(28, 1, 498401).
cost(28, 2, 264803).
cost(28, 3, 351109).
cost(28, 4, 281371).
cost(28, 5, 367759).
cost(28, 6, 354273).
cost(28, 7, 662243).
cost(28, 8, 277444).
cost(28, 9, 299645).
cost(28, 10, 574467).
cost(28, 11, 415715).
cost(28, 12, 260615).
cost(28, 13, 150454).
cost(28, 14, 105726).
cost(28, 15, 120006).
cost(28, 16, 144159).
cost(28, 17, 370135).
cost(28, 18, 299821).
cost(28, 19, 274886).
cost(28, 20, 82361).
cost(28, 21, 264533).
cost(28, 22, 436558).
cost(28, 23, 225382).
cost(28, 24, 133357).
cost(28, 25, 303583).
cost(28, 26, 195164).
cost(28, 27, 95101).
cost(28, 29, 149095).
cost(28, 30, 204447).
cost(29, 1, 517199).
cost(29, 2, 126976).
cost(29, 3, 499787).
cost(29, 4, 419485).
cost(29, 5, 403451).
cost(29, 6, 314982).
cost(29, 7, 698321).
cost(29, 8, 336593).
cost(29, 9, 398782).
cost(29, 10, 603783).
cost(29, 11, 347107).
cost(29, 12, 398052).
cost(29, 13, 105436).
cost(29, 14, 236415).
cost(29, 15, 156623).
cost(29, 16, 142710).
cost(29, 17, 437557).
cost(29, 18, 325048).
cost(29, 19, 276790).
cost(29, 20, 175089).
cost(29, 21, 172414).
cost(29, 22, 363314).
cost(29, 23, 290751).
cost(29, 24, 253959).
cost(29, 25, 446542).
cost(29, 26, 310517).
cost(29, 27, 243087).
cost(29, 28, 149095).
cost(29, 30, 323861).
cost(30, 1, 376653).
cost(30, 2, 450486).
cost(30, 3, 280613).
cost(30, 4, 115323).
cost(30, 5, 246378).
cost(30, 6, 341181).
cost(30, 7, 506534).
cost(30, 8, 151189).
cost(30, 9, 105126).
cost(30, 10, 431985).
cost(30, 11, 427037).
cost(30, 12, 96002).
cost(30, 13, 354308).
cost(30, 14, 99109).
cost(30, 15, 318738).
cost(30, 16, 214954).
cost(30, 17, 204330).
cost(30, 18, 216528).
cost(30, 19, 237142).
cost(30, 20, 148772).
cost(30, 21, 467118).
cost(30, 22, 450321).
cost(30, 23, 120959).
cost(30, 24, 262629).
cost(30, 25, 155455).
cost(30, 26, 16002).
cost(30, 27, 175739).
cost(30, 28, 204447).
cost(30, 29, 323861).
nocross(2,1).
nocross(2,6).
nocross(2,29).
nocross(3,4).
nocross(3,12).
nocross(3,14).
nocross(3,24).
nocross(3,25).
nocross(3,26).
nocross(3,27).
nocross(4,11).
nocross(4,12).
nocross(4,14).
nocross(4,23).
nocross(4,25).
nocross(4,26).
nocross(4,27).
nocross(5,4).
nocross(5,6).
nocross(5,8).
nocross(5,17).
nocross(5,18).
nocross(5,19).
nocross(5,23).
nocross(6,8).
nocross(6,13).
nocross(6,18).
nocross(6,19).
nocross(6,23).
nocross(8,4).
nocross(8,5).
nocross(8,6).
nocross(8,12).
nocross(8,14).
nocross(8,17).
nocross(8,18).
nocross(8,19).
nocross(8,20).
nocross(8,23).
nocross(8,26).
nocross(8,30).
nocross(9,4).
nocross(9,8).
nocross(9,12).
nocross(9,14).
nocross(9,17).
nocross(9,18).
nocross(9,20).
nocross(9,23).
nocross(9,26).
nocross(9,30).
nocross(12,3).
nocross(12,4).
nocross(12,11).
nocross(12,14).
nocross(12,25).
nocross(12,26).
nocross(12,27).
nocross(12,30).
nocross(13,15).
nocross(13,16).
nocross(13,20).
nocross(13,21).
nocross(13,24).
nocross(13,28).
nocross(14,12).
nocross(14,13).
nocross(14,19).
nocross(14,20).
nocross(14,23).
nocross(14,25).
nocross(14,26).
nocross(14,27).
nocross(14,28).
nocross(14,29).
nocross(14,30).
nocross(15,13).
nocross(15,14).
nocross(15,20).
nocross(15,21).
nocross(15,24).
nocross(15,27).
nocross(15,28).
nocross(15,29).
nocross(16,6).
nocross(16,13).
nocross(16,14).
nocross(16,18).
nocross(16,19).
nocross(16,20).
nocross(16,23).
nocross(16,26).
nocross(16,28).
nocross(16,29).
nocross(17,4).
nocross(17,5).
nocross(17,8).
nocross(17,12).
nocross(17,14).
nocross(17,18).
nocross(17,19).
nocross(17,23).
nocross(17,26).
nocross(17,30).
nocross(18,1).
nocross(18,4).
nocross(18,6).
nocross(18,8).
nocross(18,14).
nocross(18,16).
nocross(18,19).
nocross(18,20).
nocross(19,1).
nocross(19,4).
nocross(19,6).
nocross(19,8).
nocross(19,11).
nocross(19,18).
nocross(19,20).
nocross(19,23).
nocross(20,12).
nocross(20,13).
nocross(20,14).
nocross(20,16).
nocross(20,18).
nocross(20,19).
nocross(20,23).
nocross(20,24).
nocross(20,26).
nocross(20,28).
nocross(20,29).
nocross(20,30).
nocross(21,13).
nocross(21,24).
nocross(21,29).
nocross(23,4).
nocross(23,11).
nocross(23,12).
nocross(23,14).
nocross(23,16).
nocross(23,20).
nocross(23,26).
nocross(24,3).
nocross(24,12).
nocross(24,13).
nocross(24,14).
nocross(24,15).
nocross(24,20).
nocross(24,27).
nocross(24,28).
nocross(24,29).
nocross(25,3).
nocross(25,4).
nocross(25,11).
nocross(25,12).
nocross(25,14).
nocross(25,24).
nocross(25,26).
nocross(25,27).
nocross(26,8).
nocross(26,11).
nocross(26,12).
nocross(26,14).
nocross(26,20).
nocross(26,23).
nocross(27,3).
nocross(27,12).
nocross(27,13).
nocross(27,14).
nocross(27,20).
nocross(27,24).
nocross(27,25).
nocross(27,26).
nocross(27,28).
nocross(27,30).
nocross(28,2).
nocross(28,13).
nocross(28,14).
nocross(28,16).
nocross(28,19).
nocross(28,20).
nocross(28,23).
nocross(28,24).
nocross(28,25).
nocross(28,26).
nocross(28,27).
nocross(28,29).
nocross(29,2).
nocross(29,6).
nocross(29,13).
nocross(29,14).
nocross(29,16).
nocross(29,19).
nocross(29,20).
nocross(29,24).
nocross(29,28).
nocross(30,4).
nocross(30,11).
nocross(30,12).
nocross(30,14).
nocross(30,23).
nocross(30,25).
