dimension(30).
point(1, -151518.0, -49368.0).
point(2, 131414.0, -199204.0).
point(3, -7452.0, -72738.0).
point(4, -193635.0, 301715.0).
point(5, -155559.0, 75298.0).
point(6, 153179.0, 5939.0).
point(7, -80460.0, 18860.0).
point(8, -301463.0, -90668.0).
point(9, 56812.0, 199123.0).
point(10, -42598.0, -308605.0).
point(11, -247720.0, 278137.0).
point(12, -133241.0, -57737.0).
point(13, -100484.0, 198310.0).
point(14, -141520.0, -240622.0).
point(15, 243202.0, -481029.0).
point(16, 36369.0, -182326.0).
point(17, 252020.0, 171235.0).
point(18, -156032.0, -278838.0).
point(19, 120245.0, 32879.0).
point(20, 254327.0, -77355.0).
point(21, -402820.0, 193818.0).
point(22, -103392.0, 162588.0).
point(23, 325272.0, -459110.0).
point(24, 363720.0, 199685.0).
point(25, -394255.0, -266616.0).
point(26, 50327.0, 341218.0).
point(27, 216327.0, -197546.0).
point(28, -332052.0, -221281.0).
point(29, -132262.0, -68082.0).
point(30, 32803.0, 59225.0).
cost(1, 2, 320158).
cost(1, 3, 145949).
cost(1, 4, 353600).
cost(1, 5, 124731).
cost(1, 6, 309676).
cost(1, 7, 98510).
cost(1, 8, 155529).
cost(1, 9, 324267).
cost(1, 10, 281189).
cost(1, 11, 341342).
cost(1, 12, 20102).
cost(1, 13, 252881).
cost(1, 14, 191515).
cost(1, 15, 584923).
cost(1, 16, 230172).
cost(1, 17, 459901).
cost(1, 18, 229514).
cost(1, 19, 283936).
cost(1, 20, 406809).
cost(1, 21, 349703).
cost(1, 22, 217351).
cost(1, 23, 628663).
cost(1, 24, 572274).
cost(1, 25, 325757).
cost(1, 26, 439658).
cost(1, 27, 396569).
cost(1, 28, 249292).
cost(1, 29, 26852).
cost(1, 30, 213931).
cost(2, 1, 320158).
cost(2, 3, 187823).
cost(2, 4, 597140).
cost(2, 5, 397121).
cost(2, 6, 206294).
cost(2, 7, 304044).
cost(2, 8, 446276).
cost(2, 9, 405253).
cost(2, 10, 205545).
cost(2, 11, 609588).
cost(2, 12, 300092).
cost(2, 13, 460211).
cost(2, 14, 276059).
cost(2, 15, 303186).
cost(2, 16, 96532).
cost(2, 17, 389578).
cost(2, 18, 298273).
cost(2, 19, 232352).
cost(2, 20, 173075).
cost(2, 21, 663229).
cost(2, 22, 431309).
cost(2, 23, 324241).
cost(2, 24, 461604).
cost(2, 25, 529974).
cost(2, 26, 546471).
cost(2, 27, 84929).
cost(2, 28, 463992).
cost(2, 29, 294479).
cost(2, 30, 276604).
cost(3, 1, 145949).
cost(3, 2, 187823).
cost(3, 4, 418186).
cost(3, 5, 209405).
cost(3, 6, 178864).
cost(3, 7, 117134).
cost(3, 8, 294557).
cost(3, 9, 279353).
cost(3, 10, 238471).
cost(3, 11, 425255).
cost(3, 12, 126680).
cost(3, 13, 286569).
cost(3, 14, 214847).
cost(3, 15, 479092).
cost(3, 16, 118025).
cost(3, 17, 356158).
cost(3, 18, 254073).
cost(3, 19, 165715).
cost(3, 20, 261820).
cost(3, 21, 476831).
cost(3, 22, 254131).
cost(3, 23, 509891).
cost(3, 24, 460416).
cost(3, 25, 432672).
cost(3, 26, 417969).
cost(3, 27, 256231).
cost(3, 28, 356974).
cost(3, 29, 124897).
cost(3, 30, 137966).
cost(4, 1, 353600).
cost(4, 2, 597140).
cost(4, 3, 418186).
cost(4, 5, 229596).
cost(4, 6, 455811).
cost(4, 7, 304656).
cost(4, 8, 406929).
cost(4, 9, 270645).
cost(4, 10, 628731).
cost(4, 11, 59001).
cost(4, 12, 364490).
cost(4, 13, 139175).
cost(4, 14, 544835).
cost(4, 15, 896390).
cost(4, 16, 535908).
cost(4, 17, 464363).
cost(4, 18, 581770).
cost(4, 19, 413272).
cost(4, 20, 586825).
cost(4, 21, 235372).
cost(4, 22, 165832).
cost(4, 23, 920934).
cost(4, 24, 566617).
cost(4, 25, 602701).
cost(4, 26, 247140).
cost(4, 27, 646011).
cost(4, 28, 541003).
cost(4, 29, 374855).
cost(4, 30, 331776).
cost(5, 1, 124731).
cost(5, 2, 397121).
cost(5, 3, 209405).
cost(5, 4, 229596).
cost(5, 6, 316433).
cost(5, 7, 93942).
cost(5, 8, 220981).
cost(5, 9, 245833).
cost(5, 10, 400177).
cost(5, 11, 222794).
cost(5, 12, 134894).
cost(5, 13, 134778).
cost(5, 14, 316232).
cost(5, 15, 684478).
cost(5, 16, 321258).
cost(5, 17, 418718).
cost(5, 18, 354136).
cost(5, 19, 279047).
cost(5, 20, 437389).
cost(5, 21, 274199).
cost(5, 22, 101690).
cost(5, 23, 718881).
cost(5, 24, 533969).
cost(5, 25, 416990).
cost(5, 26, 336307).
cost(5, 27, 461241).
cost(5, 28, 345122).
cost(5, 29, 145260).
cost(5, 30, 189047).
cost(6, 1, 309676).
cost(6, 2, 206294).
cost(6, 3, 178864).
cost(6, 4, 455811).
cost(6, 5, 316433).
cost(6, 7, 233996).
cost(6, 8, 464793).
cost(6, 9, 215886).
cost(6, 10, 370495).
cost(6, 11, 484574).
cost(6, 12, 293413).
cost(6, 13, 318358).
cost(6, 14, 384239).
cost(6, 15, 495219).
cost(6, 16, 221559).
cost(6, 17, 192594).
cost(6, 18, 420368).
cost(6, 19, 42549).
cost(6, 20, 131030).
cost(6, 21, 586884).
cost(6, 22, 300612).
cost(6, 23, 495870).
cost(6, 24, 286121).
cost(6, 25, 611531).
cost(6, 26, 350700).
cost(6, 27, 213058).
cost(6, 28, 535797).
cost(6, 29, 294882).
cost(6, 30, 131643).
cost(7, 1, 98510).
cost(7, 2, 304044).
cost(7, 3, 117134).
cost(7, 4, 304656).
cost(7, 5, 93942).
cost(7, 6, 233996).
cost(7, 8, 246655).
cost(7, 9, 226580).
cost(7, 10, 329647).
cost(7, 11, 308546).
cost(7, 12, 93021).
cost(7, 13, 180564).
cost(7, 14, 266569).
cost(7, 15, 595522).
cost(7, 16, 232647).
cost(7, 17, 365734).
cost(7, 18, 307140).
cost(7, 19, 201194).
cost(7, 20, 348338).
cost(7, 21, 366778).
cost(7, 22, 145546).
cost(7, 23, 626956).
cost(7, 24, 479576).
cost(7, 25, 424221).
cost(7, 26, 347879).
cost(7, 27, 367307).
cost(7, 28, 347802).
cost(7, 29, 101205).
cost(7, 30, 120241).
cost(8, 1, 155529).
cost(8, 2, 446276).
cost(8, 3, 294557).
cost(8, 4, 406929).
cost(8, 5, 220981).
cost(8, 6, 464793).
cost(8, 7, 246655).
cost(8, 9, 460803).
cost(8, 10, 338390).
cost(8, 11, 372700).
cost(8, 12, 171415).
cost(8, 13, 351996).
cost(8, 14, 219244).
cost(8, 15, 670106).
cost(8, 16, 350045).
cost(8, 17, 612321).
cost(8, 18, 237820).
cost(8, 19, 439433).
cost(8, 20, 555949).
cost(8, 21, 302003).
cost(8, 22, 321513).
cost(8, 23, 727012).
cost(8, 24, 725791).
cost(8, 25, 198917).
cost(8, 26, 557029).
cost(8, 27, 528705).
cost(8, 28, 134147).
cost(8, 29, 170702).
cost(8, 30, 366335).
cost(9, 1, 324267).
cost(9, 2, 405253).
cost(9, 3, 279353).
cost(9, 4, 270645).
cost(9, 5, 245833).
cost(9, 6, 215886).
cost(9, 7, 226580).
cost(9, 8, 460803).
cost(9, 10, 517368).
cost(9, 11, 314616).
cost(9, 12, 319527).
cost(9, 13, 157298).
cost(9, 14, 482402).
cost(9, 15, 705229).
cost(9, 16, 381996).
cost(9, 17, 197190).
cost(9, 18, 523211).
cost(9, 19, 177935).
cost(9, 20, 339783).
cost(9, 21, 459663).
cost(9, 22, 164317).
cost(9, 23, 710874).
cost(9, 24, 306909).
cost(9, 25, 648363).
cost(9, 26, 142243).
cost(9, 27, 427541).
cost(9, 28, 572673).
cost(9, 29, 327334).
cost(9, 30, 141943).
cost(10, 1, 281189).
cost(10, 2, 205545).
cost(10, 3, 238471).
cost(10, 4, 628731).
cost(10, 5, 400177).
cost(10, 6, 370495).
cost(10, 7, 329647).
cost(10, 8, 338390).
cost(10, 9, 517368).
cost(10, 11, 621564).
cost(10, 12, 266741).
cost(10, 13, 510209).
cost(10, 14, 120030).
cost(10, 15, 333784).
cost(10, 16, 148937).
cost(10, 17, 563069).
cost(10, 18, 117275).
cost(10, 19, 378324).
cost(10, 20, 376352).
cost(10, 21, 618214).
cost(10, 22, 475099).
cost(10, 23, 397467).
cost(10, 24, 650733).
cost(10, 25, 354155).
cost(10, 26, 656434).
cost(10, 27, 281738).
cost(10, 28, 302339).
cost(10, 29, 256692).
cost(10, 30, 375479).
cost(11, 1, 341342).
cost(11, 2, 609588).
cost(11, 3, 425255).
cost(11, 4, 59001).
cost(11, 5, 222794).
cost(11, 6, 484574).
cost(11, 7, 308546).
cost(11, 8, 372700).
cost(11, 9, 314616).
cost(11, 10, 621564).
cost(11, 12, 354848).
cost(11, 13, 167484).
cost(11, 14, 529518).
cost(11, 15, 904067).
cost(11, 16, 541048).
cost(11, 17, 511046).
cost(11, 18, 564471).
cost(11, 19, 442210).
cost(11, 20, 615163).
cost(11, 21, 176538).
cost(11, 22, 184884).
cost(11, 23, 933731).
cost(11, 24, 616452).
cost(11, 25, 564117).
cost(11, 26, 304649).
cost(11, 27, 664540).
cost(11, 28, 506488).
cost(11, 29, 364963).
cost(11, 30, 355831).
cost(12, 1, 20102).
cost(12, 2, 300092).
cost(12, 3, 126680).
cost(12, 4, 364490).
cost(12, 5, 134894).
cost(12, 6, 293413).
cost(12, 7, 93021).
cost(12, 8, 171415).
cost(12, 9, 319527).
cost(12, 10, 266741).
cost(12, 11, 354848).
cost(12, 13, 258134).
cost(12, 14, 183072).
cost(12, 15, 566468).
cost(12, 16, 210452).
cost(12, 17, 448168).
cost(12, 18, 222273).
cost(12, 19, 269196).
cost(12, 20, 388064).
cost(12, 21, 368718).
cost(12, 22, 222338).
cost(12, 23, 609372).
cost(12, 24, 559675).
cost(12, 25, 334303).
cost(12, 26, 439161).
cost(12, 27, 376489).
cost(12, 28, 257434).
cost(12, 29, 10391).
cost(12, 30, 203103).
cost(13, 1, 252881).
cost(13, 2, 460211).
cost(13, 3, 286569).
cost(13, 4, 139175).
cost(13, 5, 134778).
cost(13, 6, 318358).
cost(13, 7, 180564).
cost(13, 8, 351996).
cost(13, 9, 157298).
cost(13, 10, 510209).
cost(13, 11, 167484).
cost(13, 12, 258134).
cost(13, 14, 440846).
cost(13, 15, 761329).
cost(13, 16, 404490).
cost(13, 17, 353542).
cost(13, 18, 480370).
cost(13, 19, 275842).
cost(13, 20, 449313).
cost(13, 21, 302369).
cost(13, 22, 35840).
cost(13, 23, 783243).
cost(13, 24, 464206).
cost(13, 25, 549961).
cost(13, 26, 207766).
cost(13, 27, 507022).
cost(13, 28, 479250).
cost(13, 29, 268281).
cost(13, 30, 192640).
cost(14, 1, 191515).
cost(14, 2, 276059).
cost(14, 3, 214847).
cost(14, 4, 544835).
cost(14, 5, 316232).
cost(14, 6, 384239).
cost(14, 7, 266569).
cost(14, 8, 219244).
cost(14, 9, 482402).
cost(14, 10, 120030).
cost(14, 11, 529518).
cost(14, 12, 183072).
cost(14, 13, 440846).
cost(14, 15, 453659).
cost(14, 16, 187198).
cost(14, 17, 569649).
cost(14, 18, 40879).
cost(14, 19, 378581).
cost(14, 20, 428195).
cost(14, 21, 506967).
cost(14, 22, 405009).
cost(14, 23, 515395).
cost(14, 24, 670177).
cost(14, 25, 254068).
cost(14, 26, 612652).
cost(14, 27, 360430).
cost(14, 28, 191511).
cost(14, 29, 172788).
cost(14, 30, 346838).
cost(15, 1, 584923).
cost(15, 2, 303186).
cost(15, 3, 479092).
cost(15, 4, 896390).
cost(15, 5, 684478).
cost(15, 6, 495219).
cost(15, 7, 595522).
cost(15, 8, 670106).
cost(15, 9, 705229).
cost(15, 10, 333784).
cost(15, 11, 904067).
cost(15, 12, 566468).
cost(15, 13, 761329).
cost(15, 14, 453659).
cost(15, 16, 363323).
cost(15, 17, 652324).
cost(15, 18, 447514).
cost(15, 19, 528413).
cost(15, 20, 403827).
cost(15, 21, 934218).
cost(15, 22, 731006).
cost(15, 23, 84947).
cost(15, 24, 691300).
cost(15, 25, 672551).
cost(15, 26, 844566).
cost(15, 27, 284754).
cost(15, 28, 631178).
cost(15, 29, 558120).
cost(15, 30, 579778).
cost(16, 1, 230172).
cost(16, 2, 96532).
cost(16, 3, 118025).
cost(16, 4, 535908).
cost(16, 5, 321258).
cost(16, 6, 221559).
cost(16, 7, 232647).
cost(16, 8, 350045).
cost(16, 9, 381996).
cost(16, 10, 148937).
cost(16, 11, 541048).
cost(16, 12, 210452).
cost(16, 13, 404490).
cost(16, 14, 187198).
cost(16, 15, 363323).
cost(16, 17, 414139).
cost(16, 18, 215250).
cost(16, 19, 230973).
cost(16, 20, 241919).
cost(16, 21, 578248).
cost(16, 22, 372154).
cost(16, 23, 400093).
cost(16, 24, 503082).
cost(16, 25, 438796).
cost(16, 26, 523730).
cost(16, 27, 180600).
cost(16, 28, 370475).
cost(16, 29, 203686).
cost(16, 30, 241577).
cost(17, 1, 459901).
cost(17, 2, 389578).
cost(17, 3, 356158).
cost(17, 4, 464363).
cost(17, 5, 418718).
cost(17, 6, 192594).
cost(17, 7, 365734).
cost(17, 8, 612321).
cost(17, 9, 197190).
cost(17, 10, 563069).
cost(17, 11, 511046).
cost(17, 12, 448168).
cost(17, 13, 353542).
cost(17, 14, 569649).
cost(17, 15, 652324).
cost(17, 16, 414139).
cost(17, 18, 607513).
cost(17, 19, 191068).
cost(17, 20, 248601).
cost(17, 21, 655229).
cost(17, 22, 355517).
cost(17, 23, 634587).
cost(17, 24, 115266).
cost(17, 25, 780631).
cost(17, 26, 263769).
cost(17, 27, 370504).
cost(17, 28, 703711).
cost(17, 29, 452709).
cost(17, 30, 246175).
cost(18, 1, 229514).
cost(18, 2, 298273).
cost(18, 3, 254073).
cost(18, 4, 581770).
cost(18, 5, 354136).
cost(18, 6, 420368).
cost(18, 7, 307140).
cost(18, 8, 237820).
cost(18, 9, 523211).
cost(18, 10, 117275).
cost(18, 11, 564471).
cost(18, 12, 222273).
cost(18, 13, 480370).
cost(18, 14, 40879).
cost(18, 15, 447514).
cost(18, 16, 215250).
cost(18, 17, 607513).
cost(18, 19, 416529).
cost(18, 20, 457154).
cost(18, 21, 533205).
cost(18, 22, 444554).
cost(18, 23, 513957).
cost(18, 24, 706489).
cost(18, 25, 238536).
cost(18, 26, 653493).
cost(18, 27, 381129).
cost(18, 28, 185191).
cost(18, 29, 212092).
cost(18, 30, 387228).
cost(19, 1, 283936).
cost(19, 2, 232352).
cost(19, 3, 165715).
cost(19, 4, 413272).
cost(19, 5, 279047).
cost(19, 6, 42549).
cost(19, 7, 201194).
cost(19, 8, 439433).
cost(19, 9, 177935).
cost(19, 10, 378324).
cost(19, 11, 442210).
cost(19, 12, 269196).
cost(19, 13, 275842).
cost(19, 14, 378581).
cost(19, 15, 528413).
cost(19, 16, 230973).
cost(19, 17, 191068).
cost(19, 18, 416529).
cost(19, 20, 173579).
cost(19, 21, 547264).
cost(19, 22, 258530).
cost(19, 23, 533000).
cost(19, 24, 295134).
cost(19, 25, 595321).
cost(19, 26, 316167).
cost(19, 27, 249655).
cost(19, 28, 518816).
cost(19, 29, 271943).
cost(19, 30, 91325).
cost(20, 1, 406809).
cost(20, 2, 173075).
cost(20, 3, 261820).
cost(20, 4, 586825).
cost(20, 5, 437389).
cost(20, 6, 131030).
cost(20, 7, 348338).
cost(20, 8, 555949).
cost(20, 9, 339783).
cost(20, 10, 376352).
cost(20, 11, 615163).
cost(20, 12, 388064).
cost(20, 13, 449313).
cost(20, 14, 428195).
cost(20, 15, 403827).
cost(20, 16, 241919).
cost(20, 17, 248601).
cost(20, 18, 457154).
cost(20, 19, 173579).
cost(20, 21, 710899).
cost(20, 22, 430738).
cost(20, 23, 388291).
cost(20, 24, 297856).
cost(20, 25, 675632).
cost(20, 26, 465639).
cost(20, 27, 126055).
cost(20, 28, 603784).
cost(20, 29, 386700).
cost(20, 30, 260244).
cost(21, 1, 349703).
cost(21, 2, 663229).
cost(21, 3, 476831).
cost(21, 4, 235372).
cost(21, 5, 274199).
cost(21, 6, 586884).
cost(21, 7, 366778).
cost(21, 8, 302003).
cost(21, 9, 459663).
cost(21, 10, 618214).
cost(21, 11, 176538).
cost(21, 12, 368718).
cost(21, 13, 302369).
cost(21, 14, 506967).
cost(21, 15, 934218).
cost(21, 16, 578248).
cost(21, 17, 655229).
cost(21, 18, 533205).
cost(21, 19, 547264).
cost(21, 20, 710899).
cost(21, 22, 301052).
cost(21, 23, 977974).
cost(21, 24, 766562).
cost(21, 25, 460514).
cost(21, 26, 476518).
cost(21, 27, 732468).
cost(21, 28, 421088).
cost(21, 29, 376554).
cost(21, 30, 455942).
cost(22, 1, 217351).
cost(22, 2, 431309).
cost(22, 3, 254131).
cost(22, 4, 165832).
cost(22, 5, 101690).
cost(22, 6, 300612).
cost(22, 7, 145546).
cost(22, 8, 321513).
cost(22, 9, 164317).
cost(22, 10, 475099).
cost(22, 11, 184884).
cost(22, 12, 222338).
cost(22, 13, 35840).
cost(22, 14, 405009).
cost(22, 15, 731006).
cost(22, 16, 372154).
cost(22, 17, 355517).
cost(22, 18, 444554).
cost(22, 19, 258530).
cost(22, 20, 430738).
cost(22, 21, 301052).
cost(22, 23, 755156).
cost(22, 24, 468583).
cost(22, 25, 518476).
cost(22, 26, 235665).
cost(22, 27, 481577).
cost(22, 28, 446812).
cost(22, 29, 232470).
cost(22, 30, 170977).
cost(23, 1, 628663).
cost(23, 2, 324241).
cost(23, 3, 509891).
cost(23, 4, 920934).
cost(23, 5, 718881).
cost(23, 6, 495870).
cost(23, 7, 626956).
cost(23, 8, 727012).
cost(23, 9, 710874).
cost(23, 10, 397467).
cost(23, 11, 933731).
cost(23, 12, 609372).
cost(23, 13, 783243).
cost(23, 14, 515395).
cost(23, 15, 84947).
cost(23, 16, 400093).
cost(23, 17, 634587).
cost(23, 18, 513957).
cost(23, 19, 533000).
cost(23, 20, 388291).
cost(23, 21, 977974).
cost(23, 22, 755156).
cost(23, 24, 659916).
cost(23, 25, 744831).
cost(23, 26, 846239).
cost(23, 27, 283346).
cost(23, 28, 699026).
cost(23, 29, 601864).
cost(23, 30, 595155).
cost(24, 1, 572274).
cost(24, 2, 461604).
cost(24, 3, 460416).
cost(24, 4, 566617).
cost(24, 5, 533969).
cost(24, 6, 286121).
cost(24, 7, 479576).
cost(24, 8, 725791).
cost(24, 9, 306909).
cost(24, 10, 650733).
cost(24, 11, 616452).
cost(24, 12, 559675).
cost(24, 13, 464206).
cost(24, 14, 670177).
cost(24, 15, 691300).
cost(24, 16, 503082).
cost(24, 17, 115266).
cost(24, 18, 706489).
cost(24, 19, 295134).
cost(24, 20, 297856).
cost(24, 21, 766562).
cost(24, 22, 468583).
cost(24, 23, 659916).
cost(24, 25, 889923).
cost(24, 26, 343870).
cost(24, 27, 423695).
cost(24, 28, 813210).
cost(24, 29, 563646).
cost(24, 30, 359493).
cost(25, 1, 325757).
cost(25, 2, 529974).
cost(25, 3, 432672).
cost(25, 4, 602701).
cost(25, 5, 416990).
cost(25, 6, 611531).
cost(25, 7, 424221).
cost(25, 8, 198917).
cost(25, 9, 648363).
cost(25, 10, 354155).
cost(25, 11, 564117).
cost(25, 12, 334303).
cost(25, 13, 549961).
cost(25, 14, 254068).
cost(25, 15, 672551).
cost(25, 16, 438796).
cost(25, 17, 780631).
cost(25, 18, 238536).
cost(25, 19, 595321).
cost(25, 20, 675632).
cost(25, 21, 460514).
cost(25, 22, 518476).
cost(25, 23, 744831).
cost(25, 24, 889923).
cost(25, 26, 753071).
cost(25, 27, 614476).
cost(25, 28, 76971).
cost(25, 29, 328719).
cost(25, 30, 537169).
cost(26, 1, 439658).
cost(26, 2, 546471).
cost(26, 3, 417969).
cost(26, 4, 247140).
cost(26, 5, 336307).
cost(26, 6, 350700).
cost(26, 7, 347879).
cost(26, 8, 557029).
cost(26, 9, 142243).
cost(26, 10, 656434).
cost(26, 11, 304649).
cost(26, 12, 439161).
cost(26, 13, 207766).
cost(26, 14, 612652).
cost(26, 15, 844566).
cost(26, 16, 523730).
cost(26, 17, 263769).
cost(26, 18, 653493).
cost(26, 19, 316167).
cost(26, 20, 465639).
cost(26, 21, 476518).
cost(26, 22, 235665).
cost(26, 23, 846239).
cost(26, 24, 343870).
cost(26, 25, 753071).
cost(26, 27, 563758).
cost(26, 28, 680161).
cost(26, 29, 448180).
cost(26, 30, 282537).
cost(27, 1, 396569).
cost(27, 2, 84929).
cost(27, 3, 256231).
cost(27, 4, 646011).
cost(27, 5, 461241).
cost(27, 6, 213058).
cost(27, 7, 367307).
cost(27, 8, 528705).
cost(27, 9, 427541).
cost(27, 10, 281738).
cost(27, 11, 664540).
cost(27, 12, 376489).
cost(27, 13, 507022).
cost(27, 14, 360430).
cost(27, 15, 284754).
cost(27, 16, 180600).
cost(27, 17, 370504).
cost(27, 18, 381129).
cost(27, 19, 249655).
cost(27, 20, 126055).
cost(27, 21, 732468).
cost(27, 22, 481577).
cost(27, 23, 283346).
cost(27, 24, 423695).
cost(27, 25, 614476).
cost(27, 26, 563758).
cost(27, 28, 548892).
cost(27, 29, 371854).
cost(27, 30, 315614).
cost(28, 1, 249292).
cost(28, 2, 463992).
cost(28, 3, 356974).
cost(28, 4, 541003).
cost(28, 5, 345122).
cost(28, 6, 535797).
cost(28, 7, 347802).
cost(28, 8, 134147).
cost(28, 9, 572673).
cost(28, 10, 302339).
cost(28, 11, 506488).
cost(28, 12, 257434).
cost(28, 13, 479250).
cost(28, 14, 191511).
cost(28, 15, 631178).
cost(28, 16, 370475).
cost(28, 17, 703711).
cost(28, 18, 185191).
cost(28, 19, 518816).
cost(28, 20, 603784).
cost(28, 21, 421088).
cost(28, 22, 446812).
cost(28, 23, 699026).
cost(28, 24, 813210).
cost(28, 25, 76971).
cost(28, 26, 680161).
cost(28, 27, 548892).
cost(28, 29, 251766).
cost(28, 30, 460220).
cost(29, 1, 26852).
cost(29, 2, 294479).
cost(29, 3, 124897).
cost(29, 4, 374855).
cost(29, 5, 145260).
cost(29, 6, 294882).
cost(29, 7, 101205).
cost(29, 8, 170702).
cost(29, 9, 327334).
cost(29, 10, 256692).
cost(29, 11, 364963).
cost(29, 12, 10391).
cost(29, 13, 268281).
cost(29, 14, 172788).
cost(29, 15, 558120).
cost(29, 16, 203686).
cost(29, 17, 452709).
cost(29, 18, 212092).
cost(29, 19, 271943).
cost(29, 20, 386700).
cost(29, 21, 376554).
cost(29, 22, 232470).
cost(29, 23, 601864).
cost(29, 24, 563646).
cost(29, 25, 328719).
cost(29, 26, 448180).
cost(29, 27, 371854).
cost(29, 28, 251766).
cost(29, 30, 208455).
cost(30, 1, 213931).
cost(30, 2, 276604).
cost(30, 3, 137966).
cost(30, 4, 331776).
cost(30, 5, 189047).
cost(30, 6, 131643).
cost(30, 7, 120241).
cost(30, 8, 366335).
cost(30, 9, 141943).
cost(30, 10, 375479).
cost(30, 11, 355831).
cost(30, 12, 203103).
cost(30, 13, 192640).
cost(30, 14, 346838).
cost(30, 15, 579778).
cost(30, 16, 241577).
cost(30, 17, 246175).
cost(30, 18, 387228).
cost(30, 19, 91325).
cost(30, 20, 260244).
cost(30, 21, 455942).
cost(30, 22, 170977).
cost(30, 23, 595155).
cost(30, 24, 359493).
cost(30, 25, 537169).
cost(30, 26, 282537).
cost(30, 27, 315614).
cost(30, 28, 460220).
cost(30, 29, 208455).
nocross(1,19).
nocross(1,29).
nocross(1,30).
nocross(2,6).
nocross(2,10).
nocross(2,16).
nocross(2,19).
nocross(2,20).
nocross(2,23).
nocross(2,27).
nocross(2,30).
nocross(3,19).
nocross(3,20).
nocross(3,27).
nocross(4,13).
nocross(5,1).
nocross(5,9).
nocross(5,19).
nocross(5,22).
nocross(5,30).
nocross(6,2).
nocross(6,9).
nocross(6,13).
nocross(6,16).
nocross(6,19).
nocross(6,20).
nocross(6,22).
nocross(6,27).
nocross(6,30).
nocross(7,6).
nocross(7,9).
nocross(7,19).
nocross(7,27).
nocross(7,30).
nocross(8,10).
nocross(8,16).
nocross(8,29).
nocross(9,5).
nocross(9,6).
nocross(9,13).
nocross(9,16).
nocross(9,17).
nocross(9,19).
nocross(9,20).
nocross(9,22).
nocross(9,27).
nocross(9,30).
nocross(10,2).
nocross(10,16).
nocross(10,18).
nocross(10,23).
nocross(10,27).
nocross(12,19).
nocross(14,10).
nocross(14,16).
nocross(16,6).
nocross(16,10).
nocross(16,19).
nocross(16,20).
nocross(16,27).
nocross(16,29).
nocross(17,6).
nocross(17,9).
nocross(17,13).
nocross(17,19).
nocross(17,20).
nocross(17,22).
nocross(17,27).
nocross(17,30).
nocross(18,10).
nocross(18,16).
nocross(19,6).
nocross(19,9).
nocross(19,13).
nocross(19,16).
nocross(19,20).
nocross(19,22).
nocross(19,27).
nocross(19,30).
nocross(20,2).
nocross(20,6).
nocross(20,13).
nocross(20,16).
nocross(20,17).
nocross(20,19).
nocross(20,23).
nocross(20,27).
nocross(20,30).
nocross(21,13).
nocross(22,5).
nocross(22,6).
nocross(22,9).
nocross(22,19).
nocross(22,20).
nocross(22,27).
nocross(22,30).
nocross(23,2).
nocross(23,6).
nocross(23,10).
nocross(23,16).
nocross(23,19).
nocross(23,20).
nocross(23,27).
nocross(23,29).
nocross(26,4).
nocross(27,2).
nocross(27,6).
nocross(27,10).
nocross(27,16).
nocross(27,19).
nocross(27,20).
nocross(27,23).
nocross(28,8).
nocross(28,10).
nocross(29,1).
nocross(29,10).
nocross(29,16).
nocross(29,19).
nocross(29,30).
nocross(30,6).
nocross(30,9).
nocross(30,13).
nocross(30,16).
nocross(30,19).
nocross(30,20).
nocross(30,22).
nocross(30,27).
