dimension(30).
point(1, -42985.0, -147470.0).
point(2, -160986.0, 46080.0).
point(3, 45346.0, 300930.0).
point(4, -257729.0, 116972.0).
point(5, -186251.0, -60102.0).
point(6, 18611.0, -68494.0).
point(7, 319496.0, -48830.0).
point(8, 394639.0, 70016.0).
point(9, 4778.0, -75830.0).
point(10, 157407.0, 114374.0).
point(11, -361572.0, 161926.0).
point(12, -163474.0, 47170.0).
point(13, -29320.0, -435562.0).
point(14, -131853.0, 132100.0).
point(15, -232635.0, -2797.0).
point(16, 99935.0, 20370.0).
point(17, -116760.0, -215847.0).
point(18, -173507.0, 31505.0).
point(19, 194673.0, 284754.0).
point(20, -443223.0, -4230.0).
point(21, 85891.0, -115194.0).
point(22, -490668.0, -179858.0).
point(23, 127455.0, 45663.0).
point(24, 355205.0, 614250.0).
point(25, -87996.0, -140273.0).
point(26, -203367.0, -68805.0).
point(27, 28916.0, -153282.0).
point(28, 484530.0, -342343.0).
point(29, 143553.0, 106081.0).
point(30, -175288.0, 149966.0).
cost(1, 2, 226684).
cost(1, 3, 457017).
cost(1, 4, 340653).
cost(1, 5, 167804).
cost(1, 6, 100156).
cost(1, 7, 375663).
cost(1, 8, 488687).
cost(1, 9, 86102).
cost(1, 10, 329726).
cost(1, 11, 444099).
cost(1, 12, 228916).
cost(1, 13, 288416).
cost(1, 14, 293355).
cost(1, 15, 238532).
cost(1, 16, 220446).
cost(1, 17, 100589).
cost(1, 18, 221513).
cost(1, 19, 493253).
cost(1, 20, 425098).
cost(1, 21, 132856).
cost(1, 22, 448853).
cost(1, 23, 257585).
cost(1, 24, 859519).
cost(1, 25, 45583).
cost(1, 26, 178635).
cost(1, 27, 72136).
cost(1, 28, 562359).
cost(1, 29, 314777).
cost(1, 30, 325534).
cost(2, 1, 226684).
cost(2, 3, 327905).
cost(2, 4, 119937).
cost(2, 5, 109146).
cost(2, 6, 213031).
cost(2, 7, 489766).
cost(2, 8, 556140).
cost(2, 9, 205766).
cost(2, 10, 325635).
cost(2, 11, 231636).
cost(2, 12, 2716).
cost(2, 13, 499314).
cost(2, 14, 90819).
cost(2, 15, 86733).
cost(2, 16, 262185).
cost(2, 17, 265635).
cost(2, 18, 19215).
cost(2, 19, 428321).
cost(2, 20, 286686).
cost(2, 21, 294886).
cost(2, 22, 399673).
cost(2, 23, 288441).
cost(2, 24, 767639).
cost(2, 25, 200137).
cost(2, 26, 122453).
cost(2, 27, 275332).
cost(2, 28, 753368).
cost(2, 29, 310393).
cost(2, 30, 104866).
cost(3, 1, 457017).
cost(3, 2, 327905).
cost(3, 4, 354535).
cost(3, 5, 428930).
cost(3, 6, 370390).
cost(3, 7, 444399).
cost(3, 8, 418721).
cost(3, 9, 378938).
cost(3, 10, 217625).
cost(3, 11, 430005).
cost(3, 12, 328633).
cost(3, 13, 740267).
cost(3, 14, 244751).
cost(3, 15, 411732).
cost(3, 16, 285821).
cost(3, 17, 541606).
cost(3, 18, 347112).
cost(3, 19, 150201).
cost(3, 20, 576040).
cost(3, 21, 418095).
cost(3, 22, 720047).
cost(3, 23, 268148).
cost(3, 24, 440661).
cost(3, 25, 460912).
cost(3, 26, 445603).
cost(3, 27, 454509).
cost(3, 28, 778898).
cost(3, 29, 218199).
cost(3, 30, 267338).
cost(4, 1, 340653).
cost(4, 2, 119937).
cost(4, 3, 354535).
cost(4, 5, 190956).
cost(4, 6, 332808).
cost(4, 7, 600566).
cost(4, 8, 654056).
cost(4, 9, 325703).
cost(4, 10, 415144).
cost(4, 11, 113156).
cost(4, 12, 117287).
cost(4, 13, 597883).
cost(4, 14, 126782).
cost(4, 15, 122370).
cost(4, 16, 370480).
cost(4, 17, 361443).
cost(4, 18, 119991).
cost(4, 19, 482513).
cost(4, 20, 221581).
cost(4, 21, 414700).
cost(4, 22, 377318).
cost(4, 23, 391729).
cost(4, 24, 789287).
cost(4, 25, 308195).
cost(4, 26, 193567).
cost(4, 27, 393958).
cost(4, 28, 872880).
cost(4, 29, 401430).
cost(4, 30, 88798).
cost(5, 1, 167804).
cost(5, 2, 109146).
cost(5, 3, 428930).
cost(5, 4, 190956).
cost(5, 6, 205034).
cost(5, 7, 505873).
cost(5, 8, 595285).
cost(5, 9, 191675).
cost(5, 10, 385412).
cost(5, 11, 282903).
cost(5, 12, 109663).
cost(5, 13, 406937).
cost(5, 14, 199752).
cost(5, 15, 73725).
cost(5, 16, 297285).
cost(5, 17, 170545).
cost(5, 18, 92489).
cost(5, 19, 513837).
cost(5, 20, 262976).
cost(5, 21, 277662).
cost(5, 22, 327126).
cost(5, 23, 331055).
cost(5, 24, 864827).
cost(5, 25, 126813).
cost(5, 26, 19202).
cost(5, 27, 234477).
cost(5, 28, 727741).
cost(5, 29, 369307).
cost(5, 30, 210354).
cost(6, 1, 100156).
cost(6, 2, 213031).
cost(6, 3, 370390).
cost(6, 4, 332808).
cost(6, 5, 205034).
cost(6, 7, 301527).
cost(6, 8, 400727).
cost(6, 9, 15658).
cost(6, 10, 229576).
cost(6, 11, 444559).
cost(6, 12, 215715).
cost(6, 13, 370184).
cost(6, 14, 250754).
cost(6, 15, 259693).
cost(6, 16, 120459).
cost(6, 17, 200096).
cost(6, 18, 216585).
cost(6, 19, 394692).
cost(6, 20, 466284).
cost(6, 21, 81899).
cost(6, 22, 521313).
cost(6, 23, 157730).
cost(6, 24, 761206).
cost(6, 25, 128520).
cost(6, 26, 221978).
cost(6, 27, 85412).
cost(6, 28, 540439).
cost(6, 29, 214679).
cost(6, 30, 292099).
cost(7, 1, 375663).
cost(7, 2, 489766).
cost(7, 3, 444399).
cost(7, 4, 600566).
cost(7, 5, 505873).
cost(7, 6, 301527).
cost(7, 8, 140609).
cost(7, 9, 315874).
cost(7, 10, 230018).
cost(7, 11, 712932).
cost(7, 12, 492419).
cost(7, 13, 520802).
cost(7, 14, 486263).
cost(7, 15, 554047).
cost(7, 16, 230208).
cost(7, 17, 467134).
cost(7, 18, 499505).
cost(7, 19, 356173).
cost(7, 20, 764022).
cost(7, 21, 242849).
cost(7, 22, 820691).
cost(7, 23, 214030).
cost(7, 24, 664041).
cost(7, 25, 417626).
cost(7, 26, 523244).
cost(7, 27, 308783).
cost(7, 28, 336729).
cost(7, 29, 234421).
cost(7, 30, 533227).
cost(8, 1, 488687).
cost(8, 2, 556140).
cost(8, 3, 418721).
cost(8, 4, 654056).
cost(8, 5, 595285).
cost(8, 6, 400727).
cost(8, 7, 140609).
cost(8, 9, 416248).
cost(8, 10, 241343).
cost(8, 11, 761776).
cost(8, 12, 558580).
cost(8, 13, 659811).
cost(8, 14, 530140).
cost(8, 15, 631486).
cost(8, 16, 298856).
cost(8, 17, 585873).
cost(8, 18, 569450).
cost(8, 19, 293426).
cost(8, 20, 841145).
cost(8, 21, 360039).
cost(8, 22, 919894).
cost(8, 23, 268292).
cost(8, 24, 545661).
cost(8, 25, 526458).
cost(8, 26, 613908).
cost(8, 27, 428504).
cost(8, 28, 422043).
cost(8, 29, 253663).
cost(8, 30, 575507).
cost(9, 1, 86102).
cost(9, 2, 205766).
cost(9, 3, 378938).
cost(9, 4, 325703).
cost(9, 5, 191675).
cost(9, 6, 15658).
cost(9, 7, 315874).
cost(9, 8, 416248).
cost(9, 10, 243871).
cost(9, 11, 436738).
cost(9, 12, 208417).
cost(9, 13, 361344).
cost(9, 14, 248803).
cost(9, 15, 248392).
cost(9, 16, 135312).
cost(9, 17, 185408).
cost(9, 18, 208102).
cost(9, 19, 407530).
cost(9, 20, 453687).
cost(9, 21, 90160).
cost(9, 22, 506250).
cost(9, 23, 172656).
cost(9, 24, 773957).
cost(9, 25, 112960).
cost(9, 26, 208264).
cost(9, 27, 81126).
cost(9, 28, 548809).
cost(9, 29, 228801).
cost(9, 30, 288804).
cost(10, 1, 329726).
cost(10, 2, 325635).
cost(10, 3, 217625).
cost(10, 4, 415144).
cost(10, 5, 385412).
cost(10, 6, 229576).
cost(10, 7, 230018).
cost(10, 8, 241343).
cost(10, 9, 243871).
cost(10, 11, 521153).
cost(10, 12, 327843).
cost(10, 13, 580772).
cost(10, 14, 289803).
cost(10, 15, 407261).
cost(10, 16, 110181).
cost(10, 17, 429201).
cost(10, 18, 341132).
cost(10, 19, 174408).
cost(10, 20, 612228).
cost(10, 21, 240450).
cost(10, 22, 711740).
cost(10, 23, 74955).
cost(10, 24, 537587).
cost(10, 25, 353649).
cost(10, 26, 404614).
cost(10, 27, 296900).
cost(10, 28, 561783).
cost(10, 29, 16146).
cost(10, 30, 334593).
cost(11, 1, 444099).
cost(11, 2, 231636).
cost(11, 3, 430005).
cost(11, 4, 113156).
cost(11, 5, 282903).
cost(11, 6, 444559).
cost(11, 7, 712932).
cost(11, 8, 761776).
cost(11, 9, 436738).
cost(11, 10, 521153).
cost(11, 12, 228936).
cost(11, 13, 683654).
cost(11, 14, 231647).
cost(11, 15, 209185).
cost(11, 16, 482729).
cost(11, 17, 450161).
cost(11, 18, 228863).
cost(11, 19, 569645).
cost(11, 20, 185134).
cost(11, 21, 526326).
cost(11, 22, 365352).
cost(11, 23, 502657).
cost(11, 24, 847565).
cost(11, 25, 407637).
cost(11, 26, 279760).
cost(11, 27, 501834).
cost(11, 28, 984975).
cost(11, 29, 508203).
cost(11, 30, 186668).
cost(12, 1, 228916).
cost(12, 2, 2716).
cost(12, 3, 328633).
cost(12, 4, 117287).
cost(12, 5, 109663).
cost(12, 6, 215715).
cost(12, 7, 492419).
cost(12, 8, 558580).
cost(12, 9, 208417).
cost(12, 10, 327843).
cost(12, 11, 228936).
cost(12, 13, 501026).
cost(12, 14, 90626).
cost(12, 15, 85323).
cost(12, 16, 264769).
cost(12, 17, 267133).
cost(12, 18, 18603).
cost(12, 19, 429785).
cost(12, 20, 284432).
cost(12, 21, 297565).
cost(12, 22, 398243).
cost(12, 23, 290933).
cost(12, 24, 768510).
cost(12, 25, 202069).
cost(12, 26, 122644).
cost(12, 27, 277840).
cost(12, 28, 756062).
cost(12, 29, 312628).
cost(12, 30, 103473).
cost(13, 1, 288416).
cost(13, 2, 499314).
cost(13, 3, 740267).
cost(13, 4, 597883).
cost(13, 5, 406937).
cost(13, 6, 370184).
cost(13, 7, 520802).
cost(13, 8, 659811).
cost(13, 9, 361344).
cost(13, 10, 580772).
cost(13, 11, 683654).
cost(13, 12, 501026).
cost(13, 14, 576848).
cost(13, 15, 478145).
cost(13, 16, 473900).
cost(13, 17, 236475).
cost(13, 18, 488816).
cost(13, 19, 754339).
cost(13, 20, 597798).
cost(13, 21, 340454).
cost(13, 22, 527472).
cost(13, 23, 506118).
cost(13, 24, 1118018).
cost(13, 25, 301062).
cost(13, 26, 405959).
cost(13, 27, 288225).
cost(13, 28, 522237).
cost(13, 29, 568562).
cost(13, 30, 603448).
cost(14, 1, 293355).
cost(14, 2, 90819).
cost(14, 3, 244751).
cost(14, 4, 126782).
cost(14, 5, 199752).
cost(14, 6, 250754).
cost(14, 7, 486263).
cost(14, 8, 530140).
cost(14, 9, 248803).
cost(14, 10, 289803).
cost(14, 11, 231647).
cost(14, 12, 90626).
cost(14, 13, 576848).
cost(14, 15, 168387).
cost(14, 16, 257312).
cost(14, 17, 348274).
cost(14, 18, 108878).
cost(14, 19, 360448).
cost(14, 20, 339908).
cost(14, 21, 329495).
cost(14, 22, 475464).
cost(14, 23, 273335).
cost(14, 24, 685342).
cost(14, 25, 275881).
cost(14, 26, 213254).
cost(14, 27, 327551).
cost(14, 28, 777833).
cost(14, 29, 276632).
cost(14, 30, 46966).
cost(15, 1, 238532).
cost(15, 2, 86733).
cost(15, 3, 411732).
cost(15, 4, 122370).
cost(15, 5, 73725).
cost(15, 6, 259693).
cost(15, 7, 554047).
cost(15, 8, 631486).
cost(15, 9, 248392).
cost(15, 10, 407261).
cost(15, 11, 209185).
cost(15, 12, 85323).
cost(15, 13, 478145).
cost(15, 14, 168387).
cost(15, 16, 333376).
cost(15, 17, 242523).
cost(15, 18, 68357).
cost(15, 19, 515051).
cost(15, 20, 210593).
cost(15, 21, 337775).
cost(15, 22, 312940).
cost(15, 23, 363336).
cost(15, 24, 852234).
cost(15, 25, 199550).
cost(15, 26, 72206).
cost(15, 27, 301753).
cost(15, 28, 793484).
cost(15, 29, 391627).
cost(15, 30, 163172).
cost(16, 1, 220446).
cost(16, 2, 262185).
cost(16, 3, 285821).
cost(16, 4, 370480).
cost(16, 5, 297285).
cost(16, 6, 120459).
cost(16, 7, 230208).
cost(16, 8, 298856).
cost(16, 9, 135312).
cost(16, 10, 110181).
cost(16, 11, 482729).
cost(16, 12, 264769).
cost(16, 13, 473900).
cost(16, 14, 257312).
cost(16, 15, 333376).
cost(16, 17, 320555).
cost(16, 18, 273669).
cost(16, 19, 280845).
cost(16, 20, 543715).
cost(16, 21, 136290).
cost(16, 22, 623621).
cost(16, 23, 37378).
cost(16, 24, 646418).
cost(16, 25, 247233).
cost(16, 26, 316140).
cost(16, 27, 187613).
cost(16, 28, 528653).
cost(16, 29, 96171).
cost(16, 30, 304209).
cost(17, 1, 100589).
cost(17, 2, 265635).
cost(17, 3, 541606).
cost(17, 4, 361443).
cost(17, 5, 170545).
cost(17, 6, 200096).
cost(17, 7, 467134).
cost(17, 8, 585873).
cost(17, 9, 185408).
cost(17, 10, 429201).
cost(17, 11, 450161).
cost(17, 12, 267133).
cost(17, 13, 236475).
cost(17, 14, 348274).
cost(17, 15, 242523).
cost(17, 16, 320555).
cost(17, 18, 253778).
cost(17, 19, 589569).
cost(17, 20, 389050).
cost(17, 21, 226271).
cost(17, 22, 375636).
cost(17, 23, 357811).
cost(17, 24, 954888).
cost(17, 25, 80863).
cost(17, 26, 170652).
cost(17, 27, 158543).
cost(17, 28, 614452).
cost(17, 29, 414005).
cost(17, 30, 370465).
cost(18, 1, 221513).
cost(18, 2, 19215).
cost(18, 3, 347112).
cost(18, 4, 119991).
cost(18, 5, 92489).
cost(18, 6, 216585).
cost(18, 7, 499505).
cost(18, 8, 569450).
cost(18, 9, 208102).
cost(18, 10, 341132).
cost(18, 11, 228863).
cost(18, 12, 18603).
cost(18, 13, 488816).
cost(18, 14, 108878).
cost(18, 15, 68357).
cost(18, 16, 273669).
cost(18, 17, 253778).
cost(18, 19, 446869).
cost(18, 20, 272073).
cost(18, 21, 298007).
cost(18, 22, 381137).
cost(18, 23, 301295).
cost(18, 24, 786847).
cost(18, 25, 191885).
cost(18, 26, 104660).
cost(18, 27, 274083).
cost(18, 28, 756819).
cost(18, 29, 325712).
cost(18, 30, 118474).
cost(19, 1, 493253).
cost(19, 2, 428321).
cost(19, 3, 150201).
cost(19, 4, 482513).
cost(19, 5, 513837).
cost(19, 6, 394692).
cost(19, 7, 356173).
cost(19, 8, 293426).
cost(19, 9, 407530).
cost(19, 10, 174408).
cost(19, 11, 569645).
cost(19, 12, 429785).
cost(19, 13, 754339).
cost(19, 14, 360448).
cost(19, 15, 515051).
cost(19, 16, 280845).
cost(19, 17, 589569).
cost(19, 18, 446869).
cost(19, 20, 700302).
cost(19, 21, 414478).
cost(19, 22, 827983).
cost(19, 23, 248360).
cost(19, 24, 366522).
cost(19, 25, 510441).
cost(19, 26, 532391).
cost(19, 27, 468349).
cost(19, 28, 690846).
cost(19, 29, 185842).
cost(19, 30, 393750).
cost(20, 1, 425098).
cost(20, 2, 286686).
cost(20, 3, 576040).
cost(20, 4, 221581).
cost(20, 5, 262976).
cost(20, 6, 466284).
cost(20, 7, 764022).
cost(20, 8, 841145).
cost(20, 9, 453687).
cost(20, 10, 612228).
cost(20, 11, 185134).
cost(20, 12, 284432).
cost(20, 13, 597798).
cost(20, 14, 339908).
cost(20, 15, 210593).
cost(20, 16, 543715).
cost(20, 17, 389050).
cost(20, 18, 272073).
cost(20, 19, 700302).
cost(20, 21, 540624).
cost(20, 22, 181924).
cost(20, 23, 572855).
cost(20, 24, 1009953).
cost(20, 25, 380387).
cost(20, 26, 248397).
cost(20, 27, 495108).
cost(20, 28, 987444).
cost(20, 29, 597055).
cost(20, 30, 309137).
cost(21, 1, 132856).
cost(21, 2, 294886).
cost(21, 3, 418095).
cost(21, 4, 414700).
cost(21, 5, 277662).
cost(21, 6, 81899).
cost(21, 7, 242849).
cost(21, 8, 360039).
cost(21, 9, 90160).
cost(21, 10, 240450).
cost(21, 11, 526326).
cost(21, 12, 297565).
cost(21, 13, 340454).
cost(21, 14, 329495).
cost(21, 15, 337775).
cost(21, 16, 136290).
cost(21, 17, 226271).
cost(21, 18, 298007).
cost(21, 19, 414478).
cost(21, 20, 540624).
cost(21, 22, 580174).
cost(21, 23, 166140).
cost(21, 24, 777572).
cost(21, 25, 175686).
cost(21, 26, 292954).
cost(21, 27, 68534).
cost(21, 28, 458813).
cost(21, 29, 228665).
cost(21, 30, 372189).
cost(22, 1, 448853).
cost(22, 2, 399673).
cost(22, 3, 720047).
cost(22, 4, 377318).
cost(22, 5, 327126).
cost(22, 6, 521313).
cost(22, 7, 820691).
cost(22, 8, 919894).
cost(22, 9, 506250).
cost(22, 10, 711740).
cost(22, 11, 365352).
cost(22, 12, 398243).
cost(22, 13, 527472).
cost(22, 14, 475464).
cost(22, 15, 312940).
cost(22, 16, 623621).
cost(22, 17, 375636).
cost(22, 18, 381137).
cost(22, 19, 827983).
cost(22, 20, 181924).
cost(22, 21, 580174).
cost(22, 23, 657979).
cost(22, 24, 1160219).
cost(22, 25, 404613).
cost(22, 26, 308017).
cost(22, 27, 520263).
cost(22, 28, 988642).
cost(22, 29, 695699).
cost(22, 30, 456342).
cost(23, 1, 257585).
cost(23, 2, 288441).
cost(23, 3, 268148).
cost(23, 4, 391729).
cost(23, 5, 331055).
cost(23, 6, 157730).
cost(23, 7, 214030).
cost(23, 8, 268292).
cost(23, 9, 172656).
cost(23, 10, 74955).
cost(23, 11, 502657).
cost(23, 12, 290933).
cost(23, 13, 506118).
cost(23, 14, 273335).
cost(23, 15, 363336).
cost(23, 16, 37378).
cost(23, 17, 357811).
cost(23, 18, 301295).
cost(23, 19, 248360).
cost(23, 20, 572855).
cost(23, 21, 166140).
cost(23, 22, 657979).
cost(23, 24, 612504).
cost(23, 25, 284590).
cost(23, 26, 350066).
cost(23, 27, 222011).
cost(23, 28, 527306).
cost(23, 29, 62526).
cost(23, 30, 320207).
cost(24, 1, 859519).
cost(24, 2, 767639).
cost(24, 3, 440661).
cost(24, 4, 789287).
cost(24, 5, 864827).
cost(24, 6, 761206).
cost(24, 7, 664041).
cost(24, 8, 545661).
cost(24, 9, 773957).
cost(24, 10, 537587).
cost(24, 11, 847565).
cost(24, 12, 768510).
cost(24, 13, 1118018).
cost(24, 14, 685342).
cost(24, 15, 852234).
cost(24, 16, 646418).
cost(24, 17, 954888).
cost(24, 18, 786847).
cost(24, 19, 366522).
cost(24, 20, 1009953).
cost(24, 21, 777572).
cost(24, 22, 1160219).
cost(24, 23, 612504).
cost(24, 25, 875061).
cost(24, 26, 882364).
cost(24, 27, 834008).
cost(24, 28, 965295).
cost(24, 29, 550484).
cost(24, 30, 704970).
cost(25, 1, 45583).
cost(25, 2, 200137).
cost(25, 3, 460912).
cost(25, 4, 308195).
cost(25, 5, 126813).
cost(25, 6, 128520).
cost(25, 7, 417626).
cost(25, 8, 526458).
cost(25, 9, 112960).
cost(25, 10, 353649).
cost(25, 11, 407637).
cost(25, 12, 202069).
cost(25, 13, 301062).
cost(25, 14, 275881).
cost(25, 15, 199550).
cost(25, 16, 247233).
cost(25, 17, 80863).
cost(25, 18, 191885).
cost(25, 19, 510441).
cost(25, 20, 380387).
cost(25, 21, 175686).
cost(25, 22, 404613).
cost(25, 23, 284590).
cost(25, 24, 875061).
cost(25, 26, 135713).
cost(25, 27, 117634).
cost(25, 28, 607139).
cost(25, 29, 338091).
cost(25, 30, 303082).
cost(26, 1, 178635).
cost(26, 2, 122453).
cost(26, 3, 445603).
cost(26, 4, 193567).
cost(26, 5, 19202).
cost(26, 6, 221978).
cost(26, 7, 523244).
cost(26, 8, 613908).
cost(26, 9, 208264).
cost(26, 10, 404614).
cost(26, 11, 279760).
cost(26, 12, 122644).
cost(26, 13, 405959).
cost(26, 14, 213254).
cost(26, 15, 72206).
cost(26, 16, 316140).
cost(26, 17, 170652).
cost(26, 18, 104660).
cost(26, 19, 532391).
cost(26, 20, 248397).
cost(26, 21, 292954).
cost(26, 22, 308017).
cost(26, 23, 350066).
cost(26, 24, 882364).
cost(26, 25, 135713).
cost(26, 27, 247167).
cost(26, 28, 740287).
cost(26, 29, 388508).
cost(26, 30, 220566).
cost(27, 1, 72136).
cost(27, 2, 275332).
cost(27, 3, 454509).
cost(27, 4, 393958).
cost(27, 5, 234477).
cost(27, 6, 85412).
cost(27, 7, 308783).
cost(27, 8, 428504).
cost(27, 9, 81126).
cost(27, 10, 296900).
cost(27, 11, 501834).
cost(27, 12, 277840).
cost(27, 13, 288225).
cost(27, 14, 327551).
cost(27, 15, 301753).
cost(27, 16, 187613).
cost(27, 17, 158543).
cost(27, 18, 274083).
cost(27, 19, 468349).
cost(27, 20, 495108).
cost(27, 21, 68534).
cost(27, 22, 520263).
cost(27, 23, 222011).
cost(27, 24, 834008).
cost(27, 25, 117634).
cost(27, 26, 247167).
cost(27, 28, 493283).
cost(27, 29, 283568).
cost(27, 30, 365594).
cost(28, 1, 562359).
cost(28, 2, 753368).
cost(28, 3, 778898).
cost(28, 4, 872880).
cost(28, 5, 727741).
cost(28, 6, 540439).
cost(28, 7, 336729).
cost(28, 8, 422043).
cost(28, 9, 548809).
cost(28, 10, 561783).
cost(28, 11, 984975).
cost(28, 12, 756062).
cost(28, 13, 522237).
cost(28, 14, 777833).
cost(28, 15, 793484).
cost(28, 16, 528653).
cost(28, 17, 614452).
cost(28, 18, 756819).
cost(28, 19, 690846).
cost(28, 20, 987444).
cost(28, 21, 458813).
cost(28, 22, 988642).
cost(28, 23, 527306).
cost(28, 24, 965295).
cost(28, 25, 607139).
cost(28, 26, 740287).
cost(28, 27, 493283).
cost(28, 29, 563338).
cost(28, 30, 823242).
cost(29, 1, 314777).
cost(29, 2, 310393).
cost(29, 3, 218199).
cost(29, 4, 401430).
cost(29, 5, 369307).
cost(29, 6, 214679).
cost(29, 7, 234421).
cost(29, 8, 253663).
cost(29, 9, 228801).
cost(29, 10, 16146).
cost(29, 11, 508203).
cost(29, 12, 312628).
cost(29, 13, 568562).
cost(29, 14, 276632).
cost(29, 15, 391627).
cost(29, 16, 96171).
cost(29, 17, 414005).
cost(29, 18, 325712).
cost(29, 19, 185842).
cost(29, 20, 597055).
cost(29, 21, 228665).
cost(29, 22, 695699).
cost(29, 23, 62526).
cost(29, 24, 550484).
cost(29, 25, 338091).
cost(29, 26, 388508).
cost(29, 27, 283568).
cost(29, 28, 563338).
cost(29, 30, 321847).
cost(30, 1, 325534).
cost(30, 2, 104866).
cost(30, 3, 267338).
cost(30, 4, 88798).
cost(30, 5, 210354).
cost(30, 6, 292099).
cost(30, 7, 533227).
cost(30, 8, 575507).
cost(30, 9, 288804).
cost(30, 10, 334593).
cost(30, 11, 186668).
cost(30, 12, 103473).
cost(30, 13, 603448).
cost(30, 14, 46966).
cost(30, 15, 163172).
cost(30, 16, 304209).
cost(30, 17, 370465).
cost(30, 18, 118474).
cost(30, 19, 393750).
cost(30, 20, 309137).
cost(30, 21, 372189).
cost(30, 22, 456342).
cost(30, 23, 320207).
cost(30, 24, 704970).
cost(30, 25, 303082).
cost(30, 26, 220566).
cost(30, 27, 365594).
cost(30, 28, 823242).
cost(30, 29, 321847).
nocross(1,2).
nocross(1,5).
nocross(1,6).
nocross(1,9).
nocross(1,17).
nocross(1,21).
nocross(1,26).
nocross(1,27).
nocross(2,1).
nocross(2,5).
nocross(2,6).
nocross(2,15).
nocross(2,29).
nocross(3,2).
nocross(3,5).
nocross(3,6).
nocross(3,14).
nocross(3,19).
nocross(4,5).
nocross(4,6).
nocross(4,12).
nocross(4,14).
nocross(4,15).
nocross(4,18).
nocross(4,26).
nocross(4,29).
nocross(4,30).
nocross(5,2).
nocross(5,26).
nocross(7,5).
nocross(7,13).
nocross(7,16).
nocross(7,19).
nocross(7,21).
nocross(7,23).
nocross(7,28).
nocross(9,2).
nocross(9,5).
nocross(9,14).
nocross(9,21).
nocross(9,27).
nocross(9,29).
nocross(10,6).
nocross(12,2).
nocross(12,5).
nocross(12,6).
nocross(12,29).
nocross(13,1).
nocross(13,6).
nocross(13,17).
nocross(13,26).
nocross(13,27).
nocross(13,28).
nocross(14,2).
nocross(14,3).
nocross(14,29).
nocross(15,5).
nocross(15,12).
nocross(15,16).
nocross(15,18).
nocross(15,26).
nocross(16,6).
nocross(17,1).
nocross(17,2).
nocross(17,6).
nocross(17,13).
nocross(17,25).
nocross(17,26).
nocross(17,27).
nocross(17,29).
nocross(18,2).
nocross(18,5).
nocross(18,6).
nocross(18,26).
nocross(18,29).
nocross(19,3).
nocross(19,7).
nocross(19,8).
nocross(19,10).
nocross(19,16).
nocross(20,1).
nocross(20,5).
nocross(20,12).
nocross(20,26).
nocross(21,1).
nocross(21,5).
nocross(21,6).
nocross(21,9).
nocross(21,23).
nocross(21,26).
nocross(21,27).
nocross(21,28).
nocross(23,7).
nocross(23,10).
nocross(23,21).
nocross(23,27).
nocross(23,28).
nocross(23,29).
nocross(25,1).
nocross(25,2).
nocross(25,5).
nocross(25,17).
nocross(25,29).
nocross(26,1).
nocross(26,2).
nocross(26,5).
nocross(26,15).
nocross(26,20).
nocross(27,1).
nocross(27,2).
nocross(27,5).
nocross(27,9).
nocross(27,13).
nocross(27,16).
nocross(27,17).
nocross(27,21).
nocross(27,26).
nocross(28,1).
nocross(28,2).
nocross(28,7).
nocross(28,8).
nocross(28,13).
nocross(28,19).
nocross(28,23).
nocross(29,6).
nocross(29,16).
nocross(30,3).
nocross(30,14).
nocross(30,29).
