dimension(30).
point(1, 217842.0, 228081.0).
point(2, -345457.0, -326886.0).
point(3, 83843.0, -294276.0).
point(4, -54511.0, -404928.0).
point(5, 385391.0, 332159.0).
point(6, 262695.0, -107515.0).
point(7, -170529.0, 126385.0).
point(8, 160859.0, 29200.0).
point(9, 76571.0, -30123.0).
point(10, -932.0, -305428.0).
point(11, -11971.0, 88148.0).
point(12, -213613.0, 529870.0).
point(13, -65957.0, -126896.0).
point(14, 179136.0, 138815.0).
point(15, -36979.0, -206072.0).
point(16, -292656.0, 198145.0).
point(17, -89729.0, -87493.0).
point(18, -17960.0, 222144.0).
point(19, -90722.0, -21619.0).
point(20, 158791.0, -235944.0).
point(21, -245636.0, 48115.0).
point(22, 103448.0, 2234.0).
point(23, -292835.0, -6113.0).
point(24, -51724.0, 351457.0).
point(25, 214447.0, 57434.0).
point(26, 119399.0, -151355.0).
point(27, 192433.0, -90987.0).
point(28, 145356.0, -65663.0).
point(29, 106095.0, -381696.0).
point(30, -136550.0, -50130.0).
cost(1, 2, 790755).
cost(1, 3, 539270).
cost(1, 4, 689113).
cost(1, 5, 197243).
cost(1, 6, 338580).
cost(1, 7, 401465).
cost(1, 8, 206883).
cost(1, 9, 294324).
cost(1, 10, 576623).
cost(1, 11, 269064).
cost(1, 12, 526526).
cost(1, 13, 454478).
cost(1, 14, 97296).
cost(1, 15, 503411).
cost(1, 16, 511375).
cost(1, 17, 440666).
cost(1, 18, 235877).
cost(1, 19, 396941).
cost(1, 20, 467767).
cost(1, 21, 497192).
cost(1, 22, 253166).
cost(1, 23, 561817).
cost(1, 24, 296458).
cost(1, 25, 170681).
cost(1, 26, 391998).
cost(1, 27, 320078).
cost(1, 28, 302555).
cost(1, 29, 619932).
cost(1, 30, 450550).
cost(2, 1, 790755).
cost(2, 3, 430537).
cost(2, 4, 301231).
cost(2, 5, 984113).
cost(2, 6, 646508).
cost(2, 7, 485854).
cost(2, 8, 618994).
cost(2, 9, 515922).
cost(2, 10, 345193).
cost(2, 11, 532415).
cost(2, 12, 866841).
cost(2, 13, 343680).
cost(2, 14, 701481).
cost(2, 15, 331292).
cost(2, 16, 527679).
cost(2, 17, 350294).
cost(2, 18, 639287).
cost(2, 19, 397590).
cost(2, 20, 512383).
cost(2, 21, 388059).
cost(2, 22, 556629).
cost(2, 23, 325061).
cost(2, 24, 739208).
cost(2, 25, 679113).
cost(2, 26, 496893).
cost(2, 27, 587345).
cost(2, 28, 555999).
cost(2, 29, 454866).
cost(2, 30, 346751).
cost(3, 1, 539270).
cost(3, 2, 430537).
cost(3, 4, 177160).
cost(3, 5, 695235).
cost(3, 6, 258588).
cost(3, 7, 491590).
cost(3, 8, 332518).
cost(3, 9, 264253).
cost(3, 10, 85505).
cost(3, 11, 394244).
cost(3, 12, 876183).
cost(3, 13, 224624).
cost(3, 14, 443451).
cost(3, 15, 149592).
cost(3, 16, 619863).
cost(3, 17, 269975).
cost(3, 18, 526359).
cost(3, 19, 323751).
cost(3, 20, 94973).
cost(3, 21, 475172).
cost(3, 22, 297157).
cost(3, 23, 474262).
cost(3, 24, 659810).
cost(3, 25, 375176).
cost(3, 26, 147277).
cost(3, 27, 230474).
cost(3, 28, 236744).
cost(3, 29, 90208).
cost(3, 30, 328908).
cost(4, 1, 689113).
cost(4, 2, 301231).
cost(4, 3, 177160).
cost(4, 5, 858377).
cost(4, 6, 434827).
cost(4, 7, 543832).
cost(4, 8, 484615).
cost(4, 9, 397066).
cost(4, 10, 113009).
cost(4, 11, 494908).
cost(4, 12, 948241).
cost(4, 13, 278268).
cost(4, 14, 591817).
cost(4, 15, 199627).
cost(4, 16, 648390).
cost(4, 17, 319383).
cost(4, 18, 628136).
cost(4, 19, 385016).
cost(4, 20, 272127).
cost(4, 21, 491708).
cost(4, 22, 436729).
cost(4, 23, 464598).
cost(4, 24, 756390).
cost(4, 25, 534899).
cost(4, 26, 307480).
cost(4, 27, 399425).
cost(4, 28, 393761).
cost(4, 29, 162278).
cost(4, 30, 364159).
cost(5, 1, 197243).
cost(5, 2, 984113).
cost(5, 3, 695235).
cost(5, 4, 858377).
cost(5, 6, 456473).
cost(5, 7, 592782).
cost(5, 8, 377093).
cost(5, 9, 476044).
cost(5, 10, 745495).
cost(5, 11, 466302).
cost(5, 12, 630790).
cost(5, 13, 643775).
cost(5, 14, 282707).
cost(5, 15, 684170).
cost(5, 16, 691164).
cost(5, 17, 633914).
cost(5, 18, 418085).
cost(5, 19, 593163).
cost(5, 20, 611628).
cost(5, 21, 692009).
cost(5, 22, 433984).
cost(5, 23, 757904).
cost(5, 24, 437541).
cost(5, 25, 323567).
cost(5, 26, 551849).
cost(5, 27, 465065).
cost(5, 28, 464628).
cost(5, 29, 766548).
cost(5, 30, 646968).
cost(6, 1, 338580).
cost(6, 2, 646508).
cost(6, 3, 258588).
cost(6, 4, 434827).
cost(6, 5, 456473).
cost(6, 7, 492333).
cost(6, 8, 170475).
cost(6, 9, 201573).
cost(6, 10, 329649).
cost(6, 11, 337232).
cost(6, 12, 795694).
cost(6, 13, 329223).
cost(6, 14, 260116).
cost(6, 15, 315465).
cost(6, 16, 633911).
cost(6, 17, 352992).
cost(6, 18, 432946).
cost(6, 19, 363706).
cost(6, 20, 165197).
cost(6, 21, 531621).
cost(6, 22, 193402).
cost(6, 23, 564709).
cost(6, 24, 556340).
cost(6, 25, 171861).
cost(6, 26, 149852).
cost(6, 27, 72180).
cost(6, 28, 124579).
cost(6, 29, 315751).
cost(6, 30, 403348).
cost(7, 1, 401465).
cost(7, 2, 485854).
cost(7, 3, 491590).
cost(7, 4, 543832).
cost(7, 5, 592782).
cost(7, 6, 492333).
cost(7, 8, 345345).
cost(7, 9, 292495).
cost(7, 10, 463924).
cost(7, 11, 163103).
cost(7, 12, 405779).
cost(7, 13, 274019).
cost(7, 14, 349886).
cost(7, 15, 358278).
cost(7, 16, 141649).
cost(7, 17, 228632).
cost(7, 18, 180131).
cost(7, 19, 168150).
cost(7, 20, 489626).
cost(7, 21, 108477).
cost(7, 22, 300794).
cost(7, 23, 180318).
cost(7, 24, 254504).
cost(7, 25, 391102).
cost(7, 26, 401494).
cost(7, 27, 423074).
cost(7, 28, 369683).
cost(7, 29, 578504).
cost(7, 30, 179756).
cost(8, 1, 206883).
cost(8, 2, 618994).
cost(8, 3, 332518).
cost(8, 4, 484615).
cost(8, 5, 377093).
cost(8, 6, 170475).
cost(8, 7, 345345).
cost(8, 9, 103071).
cost(8, 10, 371688).
cost(8, 11, 182606).
cost(8, 12, 625220).
cost(8, 13, 275339).
cost(8, 14, 111128).
cost(8, 15, 307397).
cost(8, 16, 483961).
cost(8, 17, 276426).
cost(8, 18, 263066).
cost(8, 19, 256662).
cost(8, 20, 265152).
cost(8, 21, 406935).
cost(8, 22, 63429).
cost(8, 23, 455066).
cost(8, 24, 386058).
cost(8, 25, 60571).
cost(8, 26, 185254).
cost(8, 27, 124265).
cost(8, 28, 96121).
cost(8, 29, 414529).
cost(8, 30, 307807).
cost(9, 1, 294324).
cost(9, 2, 515922).
cost(9, 3, 264253).
cost(9, 4, 397066).
cost(9, 5, 476044).
cost(9, 6, 201573).
cost(9, 7, 292495).
cost(9, 8, 103071).
cost(9, 10, 286006).
cost(9, 11, 147742).
cost(9, 12, 630713).
cost(9, 13, 172277).
cost(9, 14, 197635).
cost(9, 15, 209408).
cost(9, 16, 434091).
cost(9, 17, 175918).
cost(9, 18, 269397).
cost(9, 19, 167509).
cost(9, 20, 221636).
cost(9, 21, 331570).
cost(9, 22, 42064).
cost(9, 23, 370185).
cost(9, 24, 402570).
cost(9, 25, 163328).
cost(9, 26, 128575).
cost(9, 27, 130876).
cost(9, 28, 77424).
cost(9, 29, 352810).
cost(9, 30, 214058).
cost(10, 1, 576623).
cost(10, 2, 345193).
cost(10, 3, 85505).
cost(10, 4, 113009).
cost(10, 5, 745495).
cost(10, 6, 329649).
cost(10, 7, 463924).
cost(10, 8, 371688).
cost(10, 9, 286006).
cost(10, 11, 393731).
cost(10, 12, 861949).
cost(10, 13, 190005).
cost(10, 14, 479350).
cost(10, 15, 105693).
cost(10, 16, 581970).
cost(10, 17, 235331).
cost(10, 18, 527847).
cost(10, 19, 297674).
cost(10, 20, 174182).
cost(10, 21, 429968).
cost(10, 22, 324886).
cost(10, 23, 418087).
cost(10, 24, 658846).
cost(10, 25, 421968).
cost(10, 26, 195494).
cost(10, 27, 288747).
cost(10, 28, 280869).
cost(10, 29, 131421).
cost(10, 30, 289084).
cost(11, 1, 269064).
cost(11, 2, 532415).
cost(11, 3, 394244).
cost(11, 4, 494908).
cost(11, 5, 466302).
cost(11, 6, 337232).
cost(11, 7, 163103).
cost(11, 8, 182606).
cost(11, 9, 147742).
cost(11, 10, 393731).
cost(11, 12, 485570).
cost(11, 13, 221717).
cost(11, 14, 197709).
cost(11, 15, 295281).
cost(11, 16, 301469).
cost(11, 17, 192083).
cost(11, 18, 134130).
cost(11, 19, 135094).
cost(11, 20, 366327).
cost(11, 21, 237070).
cost(11, 22, 143885).
cost(11, 23, 296260).
cost(11, 24, 266293).
cost(11, 25, 228492).
cost(11, 26, 273166).
cost(11, 27, 271791).
cost(11, 28, 220022).
cost(11, 29, 484451).
cost(11, 30, 186120).
cost(12, 1, 526526).
cost(12, 2, 866841).
cost(12, 3, 876183).
cost(12, 4, 948241).
cost(12, 5, 630790).
cost(12, 6, 795694).
cost(12, 7, 405779).
cost(12, 8, 625220).
cost(12, 9, 630713).
cost(12, 10, 861949).
cost(12, 11, 485570).
cost(12, 13, 673160).
cost(12, 14, 554234).
cost(12, 15, 756842).
cost(12, 16, 341012).
cost(12, 17, 629670).
cost(12, 18, 364658).
cost(12, 19, 565015).
cost(12, 20, 851561).
cost(12, 21, 482818).
cost(12, 22, 615571).
cost(12, 23, 541806).
cost(12, 24, 240913).
cost(12, 25, 637520).
cost(12, 26, 758264).
cost(12, 27, 741847).
cost(12, 28, 695355).
cost(12, 29, 966005).
cost(12, 30, 585097).
cost(13, 1, 454478).
cost(13, 2, 343680).
cost(13, 3, 224624).
cost(13, 4, 278268).
cost(13, 5, 643775).
cost(13, 6, 329223).
cost(13, 7, 274019).
cost(13, 8, 275339).
cost(13, 9, 172277).
cost(13, 10, 190005).
cost(13, 11, 221717).
cost(13, 12, 673160).
cost(13, 14, 361487).
cost(13, 15, 84312).
cost(13, 16, 396288).
cost(13, 17, 46019).
cost(13, 18, 352325).
cost(13, 19, 108151).
cost(13, 20, 249806).
cost(13, 21, 250825).
cost(13, 22, 213008).
cost(13, 23, 257026).
cost(13, 24, 478565).
cost(13, 25, 335565).
cost(13, 26, 186963).
cost(13, 27, 260873).
cost(13, 28, 220006).
cost(13, 29, 307449).
cost(13, 30, 104290).
cost(14, 1, 97296).
cost(14, 2, 701481).
cost(14, 3, 443451).
cost(14, 4, 591817).
cost(14, 5, 282707).
cost(14, 6, 260116).
cost(14, 7, 349886).
cost(14, 8, 111128).
cost(14, 9, 197635).
cost(14, 10, 479350).
cost(14, 11, 197709).
cost(14, 12, 554234).
cost(14, 13, 361487).
cost(14, 15, 407005).
cost(14, 16, 475508).
cost(14, 17, 351431).
cost(14, 18, 213987).
cost(14, 19, 313947).
cost(14, 20, 375311).
cost(14, 21, 434347).
cost(14, 22, 156151).
cost(14, 23, 493721).
cost(14, 24, 313868).
cost(14, 25, 88712).
cost(14, 26, 296255).
cost(14, 27, 230186).
cost(14, 28, 207249).
cost(14, 29, 525611).
cost(14, 30, 367910).
cost(15, 1, 503411).
cost(15, 2, 331292).
cost(15, 3, 149592).
cost(15, 4, 199627).
cost(15, 5, 684170).
cost(15, 6, 315465).
cost(15, 7, 358278).
cost(15, 8, 307397).
cost(15, 9, 209408).
cost(15, 10, 105693).
cost(15, 11, 295281).
cost(15, 12, 756842).
cost(15, 13, 84312).
cost(15, 14, 407005).
cost(15, 16, 478291).
cost(15, 17, 129783).
cost(15, 18, 428638).
cost(15, 19, 192123).
cost(15, 20, 198036).
cost(15, 21, 328860).
cost(15, 22, 251219).
cost(15, 23, 324724).
cost(15, 24, 557724).
cost(15, 25, 364212).
cost(15, 26, 165674).
cost(15, 27, 256660).
cost(15, 28, 230132).
cost(15, 29, 226526).
cost(15, 30, 185020).
cost(16, 1, 511375).
cost(16, 2, 527679).
cost(16, 3, 619863).
cost(16, 4, 648390).
cost(16, 5, 691164).
cost(16, 6, 633911).
cost(16, 7, 141649).
cost(16, 8, 483961).
cost(16, 9, 434091).
cost(16, 10, 581970).
cost(16, 11, 301469).
cost(16, 12, 341012).
cost(16, 13, 396288).
cost(16, 14, 475508).
cost(16, 15, 478291).
cost(16, 17, 350383).
cost(16, 18, 275742).
cost(16, 19, 298452).
cost(16, 20, 626289).
cost(16, 21, 157226).
cost(16, 22, 441904).
cost(16, 23, 204258).
cost(16, 24, 285575).
cost(16, 25, 526263).
cost(16, 26, 540314).
cost(16, 27, 564720).
cost(16, 28, 511321).
cost(16, 29, 703717).
cost(16, 30, 293274).
cost(17, 1, 440666).
cost(17, 2, 350294).
cost(17, 3, 269975).
cost(17, 4, 319383).
cost(17, 5, 633914).
cost(17, 6, 352992).
cost(17, 7, 228632).
cost(17, 8, 276426).
cost(17, 9, 175918).
cost(17, 10, 235331).
cost(17, 11, 192083).
cost(17, 12, 629670).
cost(17, 13, 46019).
cost(17, 14, 351431).
cost(17, 15, 129783).
cost(17, 16, 350383).
cost(17, 18, 317846).
cost(17, 19, 65881).
cost(17, 20, 289482).
cost(17, 21, 206631).
cost(17, 22, 212998).
cost(17, 23, 218803).
cost(17, 24, 440592).
cost(17, 25, 336937).
cost(17, 26, 218662).
cost(17, 27, 282184).
cost(17, 28, 236096).
cost(17, 29, 353415).
cost(17, 30, 59902).
cost(18, 1, 235877).
cost(18, 2, 639287).
cost(18, 3, 526359).
cost(18, 4, 628136).
cost(18, 5, 418085).
cost(18, 6, 432946).
cost(18, 7, 180131).
cost(18, 8, 263066).
cost(18, 9, 269397).
cost(18, 10, 527847).
cost(18, 11, 134130).
cost(18, 12, 364658).
cost(18, 13, 352325).
cost(18, 14, 213987).
cost(18, 15, 428638).
cost(18, 16, 275742).
cost(18, 17, 317846).
cost(18, 19, 254391).
cost(18, 20, 491005).
cost(18, 21, 286570).
cost(18, 22, 251198).
cost(18, 23, 357292).
cost(18, 24, 133648).
cost(18, 25, 284855).
cost(18, 26, 397956).
cost(18, 27, 377248).
cost(18, 28, 330915).
cost(18, 29, 616451).
cost(18, 30, 296979).
cost(19, 1, 396941).
cost(19, 2, 397590).
cost(19, 3, 323751).
cost(19, 4, 385016).
cost(19, 5, 593163).
cost(19, 6, 363706).
cost(19, 7, 168150).
cost(19, 8, 256662).
cost(19, 9, 167509).
cost(19, 10, 297674).
cost(19, 11, 135094).
cost(19, 12, 565015).
cost(19, 13, 108151).
cost(19, 14, 313947).
cost(19, 15, 192123).
cost(19, 16, 298452).
cost(19, 17, 65881).
cost(19, 18, 254391).
cost(19, 20, 328925).
cost(19, 21, 169886).
cost(19, 22, 195630).
cost(19, 23, 202707).
cost(19, 24, 375109).
cost(19, 25, 315242).
cost(19, 26, 246946).
cost(19, 27, 291528).
cost(19, 28, 240151).
cost(19, 29, 410356).
cost(19, 30, 53973).
cost(20, 1, 467767).
cost(20, 2, 512383).
cost(20, 3, 94973).
cost(20, 4, 272127).
cost(20, 5, 611628).
cost(20, 6, 165197).
cost(20, 7, 489626).
cost(20, 8, 265152).
cost(20, 9, 221636).
cost(20, 10, 174182).
cost(20, 11, 366327).
cost(20, 12, 851561).
cost(20, 13, 249806).
cost(20, 14, 375311).
cost(20, 15, 198036).
cost(20, 16, 626289).
cost(20, 17, 289482).
cost(20, 18, 491005).
cost(20, 19, 328925).
cost(20, 21, 494217).
cost(20, 22, 244523).
cost(20, 23, 506743).
cost(20, 24, 623984).
cost(20, 25, 298611).
cost(20, 26, 93311).
cost(20, 27, 148810).
cost(20, 28, 170810).
cost(20, 29, 154986).
cost(20, 30, 348931).
cost(21, 1, 497192).
cost(21, 2, 388059).
cost(21, 3, 475172).
cost(21, 4, 491708).
cost(21, 5, 692009).
cost(21, 6, 531621).
cost(21, 7, 108477).
cost(21, 8, 406935).
cost(21, 9, 331570).
cost(21, 10, 429968).
cost(21, 11, 237070).
cost(21, 12, 482818).
cost(21, 13, 250825).
cost(21, 14, 434347).
cost(21, 15, 328860).
cost(21, 16, 157226).
cost(21, 17, 206631).
cost(21, 18, 286570).
cost(21, 19, 169886).
cost(21, 20, 494217).
cost(21, 22, 352086).
cost(21, 23, 71892).
cost(21, 24, 360025).
cost(21, 25, 460177).
cost(21, 26, 415979).
cost(21, 27, 459624).
cost(21, 28, 407210).
cost(21, 29, 555385).
cost(21, 30, 146805).
cost(22, 1, 253166).
cost(22, 2, 556629).
cost(22, 3, 297157).
cost(22, 4, 436729).
cost(22, 5, 433984).
cost(22, 6, 193402).
cost(22, 7, 300794).
cost(22, 8, 63429).
cost(22, 9, 42064).
cost(22, 10, 324886).
cost(22, 11, 143885).
cost(22, 12, 615571).
cost(22, 13, 213008).
cost(22, 14, 156151).
cost(22, 15, 251219).
cost(22, 16, 441904).
cost(22, 17, 212998).
cost(22, 18, 251198).
cost(22, 19, 195630).
cost(22, 20, 244523).
cost(22, 21, 352086).
cost(22, 23, 396371).
cost(22, 24, 382145).
cost(22, 25, 123967).
cost(22, 26, 154415).
cost(22, 27, 128874).
cost(22, 28, 79789).
cost(22, 29, 383939).
cost(22, 30, 245644).
cost(23, 1, 561817).
cost(23, 2, 325061).
cost(23, 3, 474262).
cost(23, 4, 464598).
cost(23, 5, 757904).
cost(23, 6, 564709).
cost(23, 7, 180318).
cost(23, 8, 455066).
cost(23, 9, 370185).
cost(23, 10, 418087).
cost(23, 11, 296260).
cost(23, 12, 541806).
cost(23, 13, 257026).
cost(23, 14, 493721).
cost(23, 15, 324724).
cost(23, 16, 204258).
cost(23, 17, 218803).
cost(23, 18, 357292).
cost(23, 19, 202707).
cost(23, 20, 506743).
cost(23, 21, 71892).
cost(23, 22, 396371).
cost(23, 24, 431267).
cost(23, 25, 511247).
cost(23, 26, 437072).
cost(23, 27, 492634).
cost(23, 28, 442219).
cost(23, 29, 547912).
cost(23, 30, 162365).
cost(24, 1, 296458).
cost(24, 2, 739208).
cost(24, 3, 659810).
cost(24, 4, 756390).
cost(24, 5, 437541).
cost(24, 6, 556340).
cost(24, 7, 254504).
cost(24, 8, 386058).
cost(24, 9, 402570).
cost(24, 10, 658846).
cost(24, 11, 266293).
cost(24, 12, 240913).
cost(24, 13, 478565).
cost(24, 14, 313868).
cost(24, 15, 557724).
cost(24, 16, 285575).
cost(24, 17, 440592).
cost(24, 18, 133648).
cost(24, 19, 375109).
cost(24, 20, 623984).
cost(24, 21, 360025).
cost(24, 22, 382145).
cost(24, 23, 431267).
cost(24, 25, 396606).
cost(24, 26, 531134).
cost(24, 27, 505341).
cost(24, 28, 461335).
cost(24, 29, 749947).
cost(24, 30, 410448).
cost(25, 1, 170681).
cost(25, 2, 679113).
cost(25, 3, 375176).
cost(25, 4, 534899).
cost(25, 5, 323567).
cost(25, 6, 171861).
cost(25, 7, 391102).
cost(25, 8, 60571).
cost(25, 9, 163328).
cost(25, 10, 421968).
cost(25, 11, 228492).
cost(25, 12, 637520).
cost(25, 13, 335565).
cost(25, 14, 88712).
cost(25, 15, 364212).
cost(25, 16, 526263).
cost(25, 17, 336937).
cost(25, 18, 284855).
cost(25, 19, 315242).
cost(25, 20, 298611).
cost(25, 21, 460177).
cost(25, 22, 123967).
cost(25, 23, 511247).
cost(25, 24, 396606).
cost(25, 26, 229406).
cost(25, 27, 150045).
cost(25, 28, 141161).
cost(25, 29, 452300).
cost(25, 30, 367109).
cost(26, 1, 391998).
cost(26, 2, 496893).
cost(26, 3, 147277).
cost(26, 4, 307480).
cost(26, 5, 551849).
cost(26, 6, 149852).
cost(26, 7, 401494).
cost(26, 8, 185254).
cost(26, 9, 128575).
cost(26, 10, 195494).
cost(26, 11, 273166).
cost(26, 12, 758264).
cost(26, 13, 186963).
cost(26, 14, 296255).
cost(26, 15, 165674).
cost(26, 16, 540314).
cost(26, 17, 218662).
cost(26, 18, 397956).
cost(26, 19, 246946).
cost(26, 20, 93311).
cost(26, 21, 415979).
cost(26, 22, 154415).
cost(26, 23, 437072).
cost(26, 24, 531134).
cost(26, 25, 229406).
cost(26, 27, 94754).
cost(26, 28, 89537).
cost(26, 29, 230725).
cost(26, 30, 275239).
cost(27, 1, 320078).
cost(27, 2, 587345).
cost(27, 3, 230474).
cost(27, 4, 399425).
cost(27, 5, 465065).
cost(27, 6, 72180).
cost(27, 7, 423074).
cost(27, 8, 124265).
cost(27, 9, 130876).
cost(27, 10, 288747).
cost(27, 11, 271791).
cost(27, 12, 741847).
cost(27, 13, 260873).
cost(27, 14, 230186).
cost(27, 15, 256660).
cost(27, 16, 564720).
cost(27, 17, 282184).
cost(27, 18, 377248).
cost(27, 19, 291528).
cost(27, 20, 148810).
cost(27, 21, 459624).
cost(27, 22, 128874).
cost(27, 23, 492634).
cost(27, 24, 505341).
cost(27, 25, 150045).
cost(27, 26, 94754).
cost(27, 28, 53456).
cost(27, 29, 303259).
cost(27, 30, 331510).
cost(28, 1, 302555).
cost(28, 2, 555999).
cost(28, 3, 236744).
cost(28, 4, 393761).
cost(28, 5, 464628).
cost(28, 6, 124579).
cost(28, 7, 369683).
cost(28, 8, 96121).
cost(28, 9, 77424).
cost(28, 10, 280869).
cost(28, 11, 220022).
cost(28, 12, 695355).
cost(28, 13, 220006).
cost(28, 14, 207249).
cost(28, 15, 230132).
cost(28, 16, 511321).
cost(28, 17, 236096).
cost(28, 18, 330915).
cost(28, 19, 240151).
cost(28, 20, 170810).
cost(28, 21, 407210).
cost(28, 22, 79789).
cost(28, 23, 442219).
cost(28, 24, 461335).
cost(28, 25, 141161).
cost(28, 26, 89537).
cost(28, 27, 53456).
cost(28, 29, 318462).
cost(28, 30, 282334).
cost(29, 1, 619932).
cost(29, 2, 454866).
cost(29, 3, 90208).
cost(29, 4, 162278).
cost(29, 5, 766548).
cost(29, 6, 315751).
cost(29, 7, 578504).
cost(29, 8, 414529).
cost(29, 9, 352810).
cost(29, 10, 131421).
cost(29, 11, 484451).
cost(29, 12, 966005).
cost(29, 13, 307449).
cost(29, 14, 525611).
cost(29, 15, 226526).
cost(29, 16, 703717).
cost(29, 17, 353415).
cost(29, 18, 616451).
cost(29, 19, 410356).
cost(29, 20, 154986).
cost(29, 21, 555385).
cost(29, 22, 383939).
cost(29, 23, 547912).
cost(29, 24, 749947).
cost(29, 25, 452300).
cost(29, 26, 230725).
cost(29, 27, 303259).
cost(29, 28, 318462).
cost(29, 30, 410868).
cost(30, 1, 450550).
cost(30, 2, 346751).
cost(30, 3, 328908).
cost(30, 4, 364159).
cost(30, 5, 646968).
cost(30, 6, 403348).
cost(30, 7, 179756).
cost(30, 8, 307807).
cost(30, 9, 214058).
cost(30, 10, 289084).
cost(30, 11, 186120).
cost(30, 12, 585097).
cost(30, 13, 104290).
cost(30, 14, 367910).
cost(30, 15, 185020).
cost(30, 16, 293274).
cost(30, 17, 59902).
cost(30, 18, 296979).
cost(30, 19, 53973).
cost(30, 20, 348931).
cost(30, 21, 146805).
cost(30, 22, 245644).
cost(30, 23, 162365).
cost(30, 24, 410448).
cost(30, 25, 367109).
cost(30, 26, 275239).
cost(30, 27, 331510).
cost(30, 28, 282334).
cost(30, 29, 410868).
nocross(1,6).
nocross(1,9).
nocross(1,11).
nocross(1,20).
nocross(1,25).
nocross(1,27).
nocross(1,28).
nocross(2,4).
nocross(2,10).
nocross(2,15).
nocross(3,10).
nocross(3,15).
nocross(4,10).
nocross(4,15).
nocross(4,29).
nocross(5,1).
nocross(5,24).
nocross(6,25).
nocross(6,26).
nocross(6,27).
nocross(6,28).
nocross(8,9).
nocross(8,14).
nocross(8,22).
nocross(8,24).
nocross(8,25).
nocross(10,4).
nocross(10,15).
nocross(11,14).
nocross(12,24).
nocross(13,15).
nocross(14,22).
nocross(14,25).
nocross(16,21).
nocross(16,24).
nocross(17,1).
nocross(17,19).
nocross(18,14).
nocross(18,16).
nocross(18,25).
nocross(19,14).
nocross(20,6).
nocross(20,29).
nocross(22,9).
nocross(25,6).
nocross(25,14).
nocross(25,24).
nocross(26,9).
nocross(27,6).
nocross(27,9).
nocross(27,24).
nocross(27,25).
nocross(27,26).
nocross(27,28).
nocross(28,9).
nocross(28,26).
nocross(29,10).
nocross(29,15).
nocross(30,4).
nocross(30,15).
nocross(30,19).
