dimension(27).
point(1, 992149.0, 823700.0).
point(2, 658503.0, 412865.0).
point(3, 995271.0, 541325.0).
point(4, 979486.0, 328279.0).
point(5, 154031.0, 473760.0).
point(6, 775588.0, 649034.0).
point(7, 674425.0, 372571.0).
point(8, 335733.0, 480068.0).
point(9, 930498.0, 336194.0).
point(10, 464482.0, 6117.0).
point(11, 935333.0, 999935.0).
point(12, 792896.0, 686725.0).
point(13, 493620.0, 406208.0).
point(14, 628704.0, 732102.0).
point(15, 226211.0, 760426.0).
point(16, 691774.0, 346851.0).
point(17, 457957.0, 960362.0).
point(18, 887792.0, 478162.0).
point(19, 840620.0, 595066.0).
point(20, 21976.0, 652734.0).
point(21, 4491.0, 867375.0).
point(22, 622651.0, 648120.0).
point(23, 157670.0, 49185.0).
point(24, 73941.0, 196136.0).
point(25, 686115.0, 456802.0).
point(26, 385620.0, 961709.0).
point(27, 597616.0, 321421.0).
cost(1, 2, 529250).
cost(1, 3, 282392).
cost(1, 4, 495583).
cost(1, 5, 908240).
cost(1, 6, 278221).
cost(1, 7, 551784).
cost(1, 8, 740922).
cost(1, 9, 491389).
cost(1, 10, 973075).
cost(1, 11, 185167).
cost(1, 12, 241793).
cost(1, 13, 650254).
cost(1, 14, 374810).
cost(1, 15, 768547).
cost(1, 16, 563569).
cost(1, 17, 551396).
cost(1, 18, 360953).
cost(1, 19, 274289).
cost(1, 20, 985122).
cost(1, 21, 988623).
cost(1, 22, 409093).
cost(1, 23, 1138520).
cost(1, 24, 1112179).
cost(1, 25, 477777).
cost(1, 26, 622032).
cost(1, 27, 638702).
cost(2, 1, 529250).
cost(2, 3, 360437).
cost(2, 4, 331941).
cost(2, 5, 508134).
cost(2, 6, 263599).
cost(2, 7, 43326).
cost(2, 8, 329692).
cost(2, 9, 282595).
cost(2, 10, 450653).
cost(2, 11, 649066).
cost(2, 12, 305059).
cost(2, 13, 165017).
cost(2, 14, 320625).
cost(2, 15, 554685).
cost(2, 16, 73924).
cost(2, 17, 583071).
cost(2, 18, 238405).
cost(2, 19, 257612).
cost(2, 20, 680223).
cost(2, 21, 796436).
cost(2, 22, 237971).
cost(2, 23, 618948).
cost(2, 24, 623445).
cost(2, 25, 51893).
cost(2, 26, 612940).
cost(2, 27, 109860).
cost(3, 1, 282392).
cost(3, 2, 360437).
cost(3, 4, 213630).
cost(3, 5, 843949).
cost(3, 6, 244667).
cost(3, 7, 362519).
cost(3, 8, 662377).
cost(3, 9, 215115).
cost(3, 10, 753780).
cost(3, 11, 462510).
cost(3, 12, 249192).
cost(3, 13, 519529).
cost(3, 14, 413240).
cost(3, 15, 799662).
cost(3, 16, 360459).
cost(3, 17, 681394).
cost(3, 18, 124665).
cost(3, 19, 163722).
cost(3, 20, 979651).
cost(3, 21, 1043050).
cost(3, 22, 387622).
cost(3, 23, 971482).
cost(3, 24, 983872).
cost(3, 25, 320502).
cost(3, 26, 740538).
cost(3, 27, 454409).
cost(4, 1, 495583).
cost(4, 2, 331941).
cost(4, 3, 213630).
cost(4, 5, 838177).
cost(4, 6, 380077).
cost(4, 7, 308260).
cost(4, 8, 661406).
cost(4, 9, 49623).
cost(4, 10, 607468).
cost(4, 11, 673106).
cost(4, 12, 404103).
cost(4, 13, 492076).
cost(4, 14, 534903).
cost(4, 15, 868432).
cost(4, 16, 288311).
cost(4, 17, 819464).
cost(4, 18, 175706).
cost(4, 19, 300764).
cost(4, 20, 1010988).
cost(4, 21, 1114109).
cost(4, 22, 479197).
cost(4, 23, 867914).
cost(4, 24, 915136).
cost(4, 25, 320288).
cost(4, 26, 868280).
cost(4, 27, 381932).
cost(5, 1, 908240).
cost(5, 2, 508134).
cost(5, 3, 843949).
cost(5, 4, 838177).
cost(5, 6, 645797).
cost(5, 7, 530141).
cost(5, 8, 181811).
cost(5, 9, 788559).
cost(5, 10, 561311).
cost(5, 11, 941962).
cost(5, 12, 673426).
cost(5, 13, 346243).
cost(5, 14, 540421).
cost(5, 15, 295614).
cost(5, 16, 552516).
cost(5, 17, 573718).
cost(5, 18, 733774).
cost(5, 19, 697223).
cost(5, 20, 222419).
cost(5, 21, 421064).
cost(5, 22, 500006).
cost(5, 23, 424591).
cost(5, 24, 288945).
cost(5, 25, 532354).
cost(5, 26, 540118).
cost(5, 27, 469015).
cost(6, 1, 278221).
cost(6, 2, 263599).
cost(6, 3, 244667).
cost(6, 4, 380077).
cost(6, 5, 645797).
cost(6, 7, 294390).
cost(6, 8, 471192).
cost(6, 9, 349093).
cost(6, 10, 714233).
cost(6, 11, 385552).
cost(6, 12, 41475).
cost(6, 13, 372116).
cost(6, 14, 168746).
cost(6, 15, 560556).
cost(6, 16, 313591).
cost(6, 17, 444764).
cost(6, 18, 204419).
cost(6, 19, 84509).
cost(6, 20, 753621).
cost(6, 21, 801413).
cost(6, 22, 152940).
cost(6, 23, 861186).
cost(6, 24, 835120).
cost(6, 25, 212034).
cost(6, 26, 499841).
cost(6, 27, 372833).
cost(7, 1, 551784).
cost(7, 2, 43326).
cost(7, 3, 362519).
cost(7, 4, 308260).
cost(7, 5, 530141).
cost(7, 6, 294390).
cost(7, 8, 355342).
cost(7, 9, 258644).
cost(7, 10, 422332).
cost(7, 11, 679455).
cost(7, 12, 335750).
cost(7, 13, 183907).
cost(7, 14, 362426).
cost(7, 15, 592729).
cost(7, 16, 31024).
cost(7, 17, 626384).
cost(7, 18, 238065).
cost(7, 19, 277714).
cost(7, 20, 710057).
cost(7, 21, 832852).
cost(7, 22, 280371).
cost(7, 23, 609602).
cost(7, 24, 625868).
cost(7, 25, 85038).
cost(7, 26, 656119).
cost(7, 27, 92282).
cost(8, 1, 740922).
cost(8, 2, 329692).
cost(8, 3, 662377).
cost(8, 4, 661406).
cost(8, 5, 181811).
cost(8, 6, 471192).
cost(8, 7, 355342).
cost(8, 9, 611919).
cost(8, 10, 491127).
cost(8, 11, 793588).
cost(8, 12, 501702).
cost(8, 13, 174309).
cost(8, 14, 386462).
cost(8, 15, 300991).
cost(8, 16, 380147).
cost(8, 17, 495602).
cost(8, 18, 552062).
cost(8, 19, 517818).
cost(8, 20, 358130).
cost(8, 21, 509635).
cost(8, 22, 332511).
cost(8, 23, 466226).
cost(8, 24, 386203).
cost(8, 25, 351154).
cost(8, 26, 484218).
cost(8, 27, 306189).
cost(9, 1, 491389).
cost(9, 2, 282595).
cost(9, 3, 215115).
cost(9, 4, 49623).
cost(9, 5, 788559).
cost(9, 6, 349093).
cost(9, 7, 258644).
cost(9, 8, 611919).
cost(9, 10, 571071).
cost(9, 11, 663759).
cost(9, 12, 376572).
cost(9, 13, 442453).
cost(9, 14, 497818).
cost(9, 15, 822188).
cost(9, 16, 238962).
cost(9, 17, 782867).
cost(9, 18, 148252).
cost(9, 19, 274031).
cost(9, 20, 962086).
cost(9, 21, 1067540).
cost(9, 22, 438255).
cost(9, 23, 824401).
cost(9, 24, 867932).
cost(9, 25, 272524).
cost(9, 26, 829555).
cost(9, 27, 333210).
cost(10, 1, 973075).
cost(10, 2, 450653).
cost(10, 3, 753780).
cost(10, 4, 607468).
cost(10, 5, 561311).
cost(10, 6, 714233).
cost(10, 7, 422332).
cost(10, 8, 491127).
cost(10, 9, 571071).
cost(10, 11, 1099716).
cost(10, 12, 755700).
cost(10, 13, 401151).
cost(10, 14, 744327).
cost(10, 15, 791047).
cost(10, 16, 409587).
cost(10, 17, 954267).
cost(10, 18, 634049).
cost(10, 19, 698814).
cost(10, 20, 783534).
cost(10, 21, 976400).
cost(10, 22, 661200).
cost(10, 23, 309820).
cost(10, 24, 434315).
cost(10, 25, 502233).
cost(10, 26, 958841).
cost(10, 27, 342259).
cost(11, 1, 185167).
cost(11, 2, 649066).
cost(11, 3, 462510).
cost(11, 4, 673106).
cost(11, 5, 941962).
cost(11, 6, 385552).
cost(11, 7, 679455).
cost(11, 8, 793588).
cost(11, 9, 663759).
cost(11, 10, 1099716).
cost(11, 12, 344077).
cost(11, 13, 740015).
cost(11, 14, 407131).
cost(11, 15, 748478).
cost(11, 16, 697022).
cost(11, 17, 479013).
cost(11, 18, 523934).
cost(11, 19, 415800).
cost(11, 20, 977123).
cost(11, 21, 940233).
cost(11, 22, 470684).
cost(11, 23, 1228286).
cost(11, 24, 1178172).
cost(11, 25, 597581).
cost(11, 26, 551040).
cost(11, 27, 757914).
cost(12, 1, 241793).
cost(12, 2, 305059).
cost(12, 3, 249192).
cost(12, 4, 404103).
cost(12, 5, 673426).
cost(12, 6, 41475).
cost(12, 7, 335750).
cost(12, 8, 501702).
cost(12, 9, 376572).
cost(12, 10, 755700).
cost(12, 11, 344077).
cost(12, 13, 410190).
cost(12, 14, 170347).
cost(12, 15, 571458).
cost(12, 16, 354598).
cost(12, 17, 432506).
cost(12, 18, 229137).
cost(12, 19, 103339).
cost(12, 20, 771669).
cost(12, 21, 808837).
cost(12, 22, 174567).
cost(12, 23, 899983).
cost(12, 24, 870387).
cost(12, 25, 253509).
cost(12, 26, 491416).
cost(12, 27, 414224).
cost(13, 1, 650254).
cost(13, 2, 165017).
cost(13, 3, 519529).
cost(13, 4, 492076).
cost(13, 5, 346243).
cost(13, 6, 372116).
cost(13, 7, 183907).
cost(13, 8, 174309).
cost(13, 9, 442453).
cost(13, 10, 401151).
cost(13, 11, 740015).
cost(13, 12, 410190).
cost(13, 14, 352781).
cost(13, 15, 443822).
cost(13, 16, 206853).
cost(13, 17, 555300).
cost(13, 18, 400686).
cost(13, 19, 395065).
cost(13, 20, 532187).
cost(13, 21, 672252).
cost(13, 22, 274172).
cost(13, 23, 490232).
cost(13, 24, 469319).
cost(13, 25, 199033).
cost(13, 26, 565902).
cost(13, 27, 134179).
cost(14, 1, 374810).
cost(14, 2, 320625).
cost(14, 3, 413240).
cost(14, 4, 534903).
cost(14, 5, 540421).
cost(14, 6, 168746).
cost(14, 7, 362426).
cost(14, 8, 386462).
cost(14, 9, 497818).
cost(14, 10, 744327).
cost(14, 11, 407131).
cost(14, 12, 170347).
cost(14, 13, 352781).
cost(14, 15, 403488).
cost(14, 16, 390380).
cost(14, 17, 285056).
cost(14, 18, 362784).
cost(14, 19, 252363).
cost(14, 20, 611897).
cost(14, 21, 638702).
cost(14, 22, 84200).
cost(14, 23, 829608).
cost(14, 24, 771376).
cost(14, 25, 281223).
cost(14, 26, 334379).
cost(14, 27, 411856).
cost(15, 1, 768547).
cost(15, 2, 554685).
cost(15, 3, 799662).
cost(15, 4, 868432).
cost(15, 5, 295614).
cost(15, 6, 560556).
cost(15, 7, 592729).
cost(15, 8, 300991).
cost(15, 9, 822188).
cost(15, 10, 791047).
cost(15, 11, 748478).
cost(15, 12, 571458).
cost(15, 13, 443822).
cost(15, 14, 403488).
cost(15, 16, 622730).
cost(15, 17, 306073).
cost(15, 18, 719279).
cost(15, 19, 636272).
cost(15, 20, 230889).
cost(15, 21, 246166).
cost(15, 22, 412040).
cost(15, 23, 714536).
cost(15, 24, 584474).
cost(15, 25, 551089).
cost(15, 26, 256761).
cost(15, 27, 575037).
cost(16, 1, 563569).
cost(16, 2, 73924).
cost(16, 3, 360459).
cost(16, 4, 288311).
cost(16, 5, 552516).
cost(16, 6, 313591).
cost(16, 7, 31024).
cost(16, 8, 380147).
cost(16, 9, 238962).
cost(16, 10, 409587).
cost(16, 11, 697022).
cost(16, 12, 354598).
cost(16, 13, 206853).
cost(16, 14, 390380).
cost(16, 15, 622730).
cost(16, 17, 656556).
cost(16, 18, 235936).
cost(16, 19, 289423).
cost(16, 20, 736338).
cost(16, 21, 862150).
cost(16, 22, 309097).
cost(16, 23, 611451).
cost(16, 24, 635950).
cost(16, 25, 110097).
cost(16, 26, 686863).
cost(16, 27, 97532).
cost(17, 1, 551396).
cost(17, 2, 583071).
cost(17, 3, 681394).
cost(17, 4, 819464).
cost(17, 5, 573718).
cost(17, 6, 444764).
cost(17, 7, 626384).
cost(17, 8, 495602).
cost(17, 9, 782867).
cost(17, 10, 954267).
cost(17, 11, 479013).
cost(17, 12, 432506).
cost(17, 13, 555300).
cost(17, 14, 285056).
cost(17, 15, 306073).
cost(17, 16, 656556).
cost(17, 18, 645968).
cost(17, 19, 529029).
cost(17, 20, 533586).
cost(17, 21, 462902).
cost(17, 22, 353014).
cost(17, 23, 959383).
cost(17, 24, 855283).
cost(17, 25, 552837).
cost(17, 26, 72350).
cost(17, 27, 654026).
cost(18, 1, 360953).
cost(18, 2, 238405).
cost(18, 3, 124665).
cost(18, 4, 175706).
cost(18, 5, 733774).
cost(18, 6, 204419).
cost(18, 7, 238065).
cost(18, 8, 552062).
cost(18, 9, 148252).
cost(18, 10, 634049).
cost(18, 11, 523934).
cost(18, 12, 229137).
cost(18, 13, 400686).
cost(18, 14, 362784).
cost(18, 15, 719279).
cost(18, 16, 235936).
cost(18, 17, 645968).
cost(18, 19, 126062).
cost(18, 20, 883240).
cost(18, 21, 965250).
cost(18, 22, 314937).
cost(18, 23, 846817).
cost(18, 24, 861332).
cost(18, 25, 202805).
cost(18, 26, 697133).
cost(18, 27, 329803).
cost(19, 1, 274289).
cost(19, 2, 257612).
cost(19, 3, 163722).
cost(19, 4, 300764).
cost(19, 5, 697223).
cost(19, 6, 84509).
cost(19, 7, 277714).
cost(19, 8, 517818).
cost(19, 9, 274031).
cost(19, 10, 698814).
cost(19, 11, 415800).
cost(19, 12, 103339).
cost(19, 13, 395065).
cost(19, 14, 252363).
cost(19, 15, 636272).
cost(19, 16, 289423).
cost(19, 17, 529029).
cost(19, 18, 126062).
cost(19, 20, 820673).
cost(19, 21, 879354).
cost(19, 22, 224333).
cost(19, 23, 874304).
cost(19, 24, 864258).
cost(19, 25, 207337).
cost(19, 26, 584339).
cost(19, 27, 365968).
cost(20, 1, 985122).
cost(20, 2, 680223).
cost(20, 3, 979651).
cost(20, 4, 1010988).
cost(20, 5, 222419).
cost(20, 6, 753621).
cost(20, 7, 710057).
cost(20, 8, 358130).
cost(20, 9, 962086).
cost(20, 10, 783534).
cost(20, 11, 977123).
cost(20, 12, 771669).
cost(20, 13, 532187).
cost(20, 14, 611897).
cost(20, 15, 230889).
cost(20, 16, 736338).
cost(20, 17, 533586).
cost(20, 18, 883240).
cost(20, 19, 820673).
cost(20, 21, 215352).
cost(20, 22, 600693).
cost(20, 23, 618615).
cost(20, 24, 459546).
cost(20, 25, 692438).
cost(20, 26, 477182).
cost(20, 27, 664176).
cost(21, 1, 988623).
cost(21, 2, 796436).
cost(21, 3, 1043050).
cost(21, 4, 1114109).
cost(21, 5, 421064).
cost(21, 6, 801413).
cost(21, 7, 832852).
cost(21, 8, 509635).
cost(21, 9, 1067540).
cost(21, 10, 976400).
cost(21, 11, 940233).
cost(21, 12, 808837).
cost(21, 13, 672252).
cost(21, 14, 638702).
cost(21, 15, 246166).
cost(21, 16, 862150).
cost(21, 17, 462902).
cost(21, 18, 965250).
cost(21, 19, 879354).
cost(21, 20, 215352).
cost(21, 22, 655892).
cost(21, 23, 832405).
cost(21, 24, 674822).
cost(21, 25, 795727).
cost(21, 26, 392630).
cost(21, 27, 806141).
cost(22, 1, 409093).
cost(22, 2, 237971).
cost(22, 3, 387622).
cost(22, 4, 479197).
cost(22, 5, 500006).
cost(22, 6, 152940).
cost(22, 7, 280371).
cost(22, 8, 332511).
cost(22, 9, 438255).
cost(22, 10, 661200).
cost(22, 11, 470684).
cost(22, 12, 174567).
cost(22, 13, 274172).
cost(22, 14, 84200).
cost(22, 15, 412040).
cost(22, 16, 309097).
cost(22, 17, 353014).
cost(22, 18, 314937).
cost(22, 19, 224333).
cost(22, 20, 600693).
cost(22, 21, 655892).
cost(22, 23, 758242).
cost(22, 24, 710895).
cost(22, 25, 201569).
cost(22, 26, 393093).
cost(22, 27, 327657).
cost(23, 1, 1138520).
cost(23, 2, 618948).
cost(23, 3, 971482).
cost(23, 4, 867914).
cost(23, 5, 424591).
cost(23, 6, 861186).
cost(23, 7, 609602).
cost(23, 8, 466226).
cost(23, 9, 824401).
cost(23, 10, 309820).
cost(23, 11, 1228286).
cost(23, 12, 899983).
cost(23, 13, 490232).
cost(23, 14, 829608).
cost(23, 15, 714536).
cost(23, 16, 611451).
cost(23, 17, 959383).
cost(23, 18, 846817).
cost(23, 19, 874304).
cost(23, 20, 618615).
cost(23, 21, 832405).
cost(23, 22, 758242).
cost(23, 24, 169131).
cost(23, 25, 667387).
cost(23, 26, 940564).
cost(23, 27, 517363).
cost(24, 1, 1112179).
cost(24, 2, 623445).
cost(24, 3, 983872).
cost(24, 4, 915136).
cost(24, 5, 288945).
cost(24, 6, 835120).
cost(24, 7, 625868).
cost(24, 8, 386203).
cost(24, 9, 867932).
cost(24, 10, 434315).
cost(24, 11, 1178172).
cost(24, 12, 870387).
cost(24, 13, 469319).
cost(24, 14, 771376).
cost(24, 15, 584474).
cost(24, 16, 635950).
cost(24, 17, 855283).
cost(24, 18, 861332).
cost(24, 19, 864258).
cost(24, 20, 459546).
cost(24, 21, 674822).
cost(24, 22, 710895).
cost(24, 23, 169131).
cost(24, 25, 665360).
cost(24, 26, 826587).
cost(24, 27, 538453).
cost(25, 1, 477777).
cost(25, 2, 51893).
cost(25, 3, 320502).
cost(25, 4, 320288).
cost(25, 5, 532354).
cost(25, 6, 212034).
cost(25, 7, 85038).
cost(25, 8, 351154).
cost(25, 9, 272524).
cost(25, 10, 502233).
cost(25, 11, 597581).
cost(25, 12, 253509).
cost(25, 13, 199033).
cost(25, 14, 281223).
cost(25, 15, 551089).
cost(25, 16, 110097).
cost(25, 17, 552837).
cost(25, 18, 202805).
cost(25, 19, 207337).
cost(25, 20, 692438).
cost(25, 21, 795727).
cost(25, 22, 201569).
cost(25, 23, 667387).
cost(25, 24, 665360).
cost(25, 26, 587561).
cost(25, 27, 161741).
cost(26, 1, 622032).
cost(26, 2, 612940).
cost(26, 3, 740538).
cost(26, 4, 868280).
cost(26, 5, 540118).
cost(26, 6, 499841).
cost(26, 7, 656119).
cost(26, 8, 484218).
cost(26, 9, 829555).
cost(26, 10, 958841).
cost(26, 11, 551040).
cost(26, 12, 491416).
cost(26, 13, 565902).
cost(26, 14, 334379).
cost(26, 15, 256761).
cost(26, 16, 686863).
cost(26, 17, 72350).
cost(26, 18, 697133).
cost(26, 19, 584339).
cost(26, 20, 477182).
cost(26, 21, 392630).
cost(26, 22, 393093).
cost(26, 23, 940564).
cost(26, 24, 826587).
cost(26, 25, 587561).
cost(26, 27, 674471).
cost(27, 1, 638702).
cost(27, 2, 109860).
cost(27, 3, 454409).
cost(27, 4, 381932).
cost(27, 5, 469015).
cost(27, 6, 372833).
cost(27, 7, 92282).
cost(27, 8, 306189).
cost(27, 9, 333210).
cost(27, 10, 342259).
cost(27, 11, 757914).
cost(27, 12, 414224).
cost(27, 13, 134179).
cost(27, 14, 411856).
cost(27, 15, 575037).
cost(27, 16, 97532).
cost(27, 17, 654026).
cost(27, 18, 329803).
cost(27, 19, 365968).
cost(27, 20, 664176).
cost(27, 21, 806141).
cost(27, 22, 327657).
cost(27, 23, 517363).
cost(27, 24, 538453).
cost(27, 25, 161741).
cost(27, 26, 674471).
