dimension(27).
point(1, 381413.0, 123204.0).
point(2, 215229.0, 873526.0).
point(3, 204543.0, 295123.0).
point(4, 561950.0, 424603.0).
point(5, 801554.0, 773301.0).
point(6, 682861.0, 278344.0).
point(7, 241870.0, 522409.0).
point(8, 939870.0, 392656.0).
point(9, 561862.0, 359081.0).
point(10, 616900.0, 982902.0).
point(11, 815593.0, 833922.0).
point(12, 640487.0, 92921.0).
point(13, 791872.0, 615309.0).
point(14, 143793.0, 172157.0).
point(15, 223382.0, 785616.0).
point(16, 665398.0, 470350.0).
point(17, 258771.0, 819396.0).
point(18, 11005.0, 93519.0).
point(19, 709732.0, 462660.0).
point(20, 110062.0, 640048.0).
point(21, 854472.0, 603.0).
point(22, 136860.0, 550904.0).
point(23, 353765.0, 590218.0).
point(24, 127034.0, 956871.0).
point(25, 489689.0, 597576.0).
point(26, 568451.0, 252191.0).
point(27, 741016.0, 504605.0).
cost(1, 2, 768505).
cost(1, 3, 246656).
cost(1, 4, 351333).
cost(1, 5, 774044).
cost(1, 6, 339027).
cost(1, 7, 422891).
cost(1, 8, 620063).
cost(1, 9, 296985).
cost(1, 10, 891367).
cost(1, 11, 832846).
cost(1, 12, 260838).
cost(1, 13, 640815).
cost(1, 14, 242610).
cost(1, 15, 681002).
cost(1, 16, 448506).
cost(1, 17, 706912).
cost(1, 18, 371596).
cost(1, 19, 472254).
cost(1, 20, 583746).
cost(1, 21, 488688).
cost(1, 22, 492680).
cost(1, 23, 467832).
cost(1, 24, 871613).
cost(1, 25, 486572).
cost(1, 26, 227202).
cost(1, 27, 524196).
cost(2, 1, 768505).
cost(2, 3, 578502).
cost(2, 4, 567228).
cost(2, 5, 594829).
cost(2, 6, 756916).
cost(2, 7, 352126).
cost(2, 8, 869678).
cost(2, 9, 620329).
cost(2, 10, 416296).
cost(2, 11, 601669).
cost(2, 12, 888925).
cost(2, 13, 631817).
cost(2, 14, 704998).
cost(2, 15, 88287).
cost(2, 16, 604320).
cost(2, 17, 69469).
cost(2, 18, 806299).
cost(2, 19, 642918).
cost(2, 20, 256070).
cost(2, 21, 1081955).
cost(2, 22, 332004).
cost(2, 23, 315366).
cost(2, 24, 121346).
cost(2, 25, 389200).
cost(2, 26, 714719).
cost(2, 27, 642304).
cost(3, 1, 246656).
cost(3, 2, 578502).
cost(3, 4, 380138).
cost(3, 5, 764903).
cost(3, 6, 478612).
cost(3, 7, 230331).
cost(3, 8, 741767).
cost(3, 9, 362998).
cost(3, 10, 801922).
cost(3, 11, 814670).
cost(3, 12, 480555).
cost(3, 13, 668935).
cost(3, 14, 137154).
cost(3, 15, 490855).
cost(3, 16, 493043).
cost(3, 17, 527070).
cost(3, 18, 279466).
cost(3, 19, 532245).
cost(3, 20, 357631).
cost(3, 21, 713547).
cost(3, 22, 264584).
cost(3, 23, 330678).
cost(3, 24, 666272).
cost(3, 25, 415675).
cost(3, 26, 366432).
cost(3, 27, 575922).
cost(4, 1, 351333).
cost(4, 2, 567228).
cost(4, 3, 380138).
cost(4, 5, 423084).
cost(4, 6, 189766).
cost(4, 7, 334690).
cost(4, 8, 379268).
cost(4, 9, 65522).
cost(4, 10, 560997).
cost(4, 11, 481536).
cost(4, 12, 340853).
cost(4, 13, 298719).
cost(4, 14, 488451).
cost(4, 15, 494933).
cost(4, 16, 113112).
cost(4, 17, 497774).
cost(4, 18, 642773).
cost(4, 19, 152604).
cost(4, 20, 500619).
cost(4, 21, 515117).
cost(4, 22, 443456).
cost(4, 23, 266025).
cost(4, 24, 687358).
cost(4, 25, 187460).
cost(4, 26, 172535).
cost(4, 27, 196125).
cost(5, 1, 774044).
cost(5, 2, 594829).
cost(5, 3, 764903).
cost(5, 4, 423084).
cost(5, 6, 508990).
cost(5, 7, 613346).
cost(5, 8, 404996).
cost(5, 9, 478571).
cost(5, 10, 279338).
cost(5, 11, 62225).
cost(5, 12, 699185).
cost(5, 13, 158288).
cost(5, 14, 891080).
cost(5, 15, 578303).
cost(5, 16, 332141).
cost(5, 17, 544737).
cost(5, 18, 1042627).
cost(5, 19, 323928).
cost(5, 20, 704214).
cost(5, 21, 774508).
cost(5, 22, 700913).
cost(5, 23, 483771).
cost(5, 24, 699053).
cost(5, 25, 357965).
cost(5, 26, 570870).
cost(5, 27, 275431).
cost(6, 1, 339027).
cost(6, 2, 756916).
cost(6, 3, 478612).
cost(6, 4, 189766).
cost(6, 5, 508990).
cost(6, 7, 504025).
cost(6, 8, 281284).
cost(6, 9, 145462).
cost(6, 10, 707639).
cost(6, 11, 571213).
cost(6, 12, 190203).
cost(6, 13, 354159).
cost(6, 14, 549427).
cost(6, 15, 684431).
cost(6, 16, 192798).
cost(6, 17, 687452).
cost(6, 18, 696815).
cost(6, 19, 186264).
cost(6, 20, 677443).
cost(6, 21, 326482).
cost(6, 22, 610251).
cost(6, 23, 453398).
cost(6, 24, 877122).
cost(6, 25, 373128).
cost(6, 26, 117361).
cost(6, 27, 233615).
cost(7, 1, 422891).
cost(7, 2, 352126).
cost(7, 3, 230331).
cost(7, 4, 334690).
cost(7, 5, 613346).
cost(7, 6, 504025).
cost(7, 8, 709958).
cost(7, 9, 359264).
cost(7, 10, 593887).
cost(7, 11, 652839).
cost(7, 12, 585965).
cost(7, 13, 557793).
cost(7, 14, 363725).
cost(7, 15, 263856).
cost(7, 16, 426715).
cost(7, 17, 297468).
cost(7, 18, 487078).
cost(7, 19, 471662).
cost(7, 20, 176670).
cost(7, 21, 804713).
cost(7, 22, 108807).
cost(7, 23, 130838).
cost(7, 24, 449382).
cost(7, 25, 258968).
cost(7, 26, 423878).
cost(7, 27, 499463).
cost(8, 1, 620063).
cost(8, 2, 869678).
cost(8, 3, 741767).
cost(8, 4, 379268).
cost(8, 5, 404996).
cost(8, 6, 281284).
cost(8, 7, 709958).
cost(8, 9, 379496).
cost(8, 10, 672830).
cost(8, 11, 458433).
cost(8, 12, 423640).
cost(8, 13, 267353).
cost(8, 14, 826050).
cost(8, 15, 817174).
cost(8, 16, 285256).
cost(8, 17, 803743).
cost(8, 18, 975845).
cost(8, 19, 240549).
cost(8, 20, 865901).
cost(8, 21, 401246).
cost(8, 22, 818454).
cost(8, 23, 618506).
cost(8, 24, 989465).
cost(8, 25, 494626).
cost(8, 26, 397093).
cost(8, 27, 228201).
cost(9, 1, 296985).
cost(9, 2, 620329).
cost(9, 3, 362998).
cost(9, 4, 65522).
cost(9, 5, 478571).
cost(9, 6, 145462).
cost(9, 7, 359264).
cost(9, 8, 379496).
cost(9, 10, 626244).
cost(9, 11, 538380).
cost(9, 12, 277530).
cost(9, 13, 344322).
cost(9, 14, 457954).
cost(9, 15, 544519).
cost(9, 16, 151988).
cost(9, 17, 551139).
cost(9, 18, 611528).
cost(9, 19, 180538).
cost(9, 20, 532039).
cost(9, 21, 462739).
cost(9, 22, 466286).
cost(9, 23, 311012).
cost(9, 24, 739208).
cost(9, 25, 249176).
cost(9, 26, 107093).
cost(9, 27, 230810).
cost(10, 1, 891367).
cost(10, 2, 416296).
cost(10, 3, 801922).
cost(10, 4, 560997).
cost(10, 5, 279338).
cost(10, 6, 707639).
cost(10, 7, 593887).
cost(10, 8, 672830).
cost(10, 9, 626244).
cost(10, 11, 248342).
cost(10, 12, 890294).
cost(10, 13, 407112).
cost(10, 14, 938689).
cost(10, 15, 440202).
cost(10, 16, 514841).
cost(10, 17, 393688).
cost(10, 18, 1076156).
cost(10, 19, 528460).
cost(10, 20, 611910).
cost(10, 21, 1010620).
cost(10, 22, 645802).
cost(10, 23, 472695).
cost(10, 24, 490557).
cost(10, 25, 405782).
cost(10, 26, 732315).
cost(10, 27, 494138).
cost(11, 1, 832846).
cost(11, 2, 601669).
cost(11, 3, 814670).
cost(11, 4, 481536).
cost(11, 5, 62225).
cost(11, 6, 571213).
cost(11, 7, 652839).
cost(11, 8, 458433).
cost(11, 9, 538380).
cost(11, 10, 248342).
cost(11, 12, 761410).
cost(11, 13, 219896).
cost(11, 14, 943000).
cost(11, 15, 594178).
cost(11, 16, 393374).
cost(11, 17, 557011).
cost(11, 18, 1093416).
cost(11, 19, 386060).
cost(11, 20, 731684).
cost(11, 21, 834225).
cost(11, 22, 735376).
cost(11, 23, 522185).
cost(11, 24, 699450).
cost(11, 25, 402583).
cost(11, 26, 632052).
cost(11, 27, 337656).
cost(12, 1, 260838).
cost(12, 2, 888925).
cost(12, 3, 480555).
cost(12, 4, 340853).
cost(12, 5, 699185).
cost(12, 6, 190203).
cost(12, 7, 585965).
cost(12, 8, 423640).
cost(12, 9, 277530).
cost(12, 10, 890294).
cost(12, 11, 761410).
cost(12, 13, 543881).
cost(12, 14, 502974).
cost(12, 15, 808581).
cost(12, 16, 378250).
cost(12, 17, 820654).
cost(12, 18, 629482).
cost(12, 19, 376167).
cost(12, 20, 762036).
cost(12, 21, 233050).
cost(12, 22, 680727).
cost(12, 23, 574033).
cost(12, 24, 1005009).
cost(12, 25, 526704).
cost(12, 26, 174803).
cost(12, 27, 423780).
cost(13, 1, 640815).
cost(13, 2, 631817).
cost(13, 3, 668935).
cost(13, 4, 298719).
cost(13, 5, 158288).
cost(13, 6, 354159).
cost(13, 7, 557793).
cost(13, 8, 267353).
cost(13, 9, 344322).
cost(13, 10, 407112).
cost(13, 11, 219896).
cost(13, 12, 543881).
cost(13, 14, 785105).
cost(13, 15, 593452).
cost(13, 16, 192377).
cost(13, 17, 570831).
cost(13, 18, 939158).
cost(13, 19, 173346).
cost(13, 20, 682259).
cost(13, 21, 617885).
cost(13, 22, 658171).
cost(13, 23, 438825).
cost(13, 24, 747445).
cost(13, 25, 302703).
cost(13, 26, 426347).
cost(13, 27, 121827).
cost(14, 1, 242610).
cost(14, 2, 704998).
cost(14, 3, 137154).
cost(14, 4, 488451).
cost(14, 5, 891080).
cost(14, 6, 549427).
cost(14, 7, 363725).
cost(14, 8, 826050).
cost(14, 9, 457954).
cost(14, 10, 938689).
cost(14, 11, 943000).
cost(14, 12, 502974).
cost(14, 13, 785105).
cost(14, 15, 618600).
cost(14, 16, 600825).
cost(14, 17, 657372).
cost(14, 18, 154326).
cost(14, 19, 636144).
cost(14, 20, 469105).
cost(14, 21, 731092).
cost(14, 22, 378810).
cost(14, 23, 467828).
cost(14, 24, 784893).
cost(14, 25, 548293).
cost(14, 26, 432134).
cost(14, 27, 683518).
cost(15, 1, 681002).
cost(15, 2, 88287).
cost(15, 3, 490855).
cost(15, 4, 494933).
cost(15, 5, 578303).
cost(15, 6, 684431).
cost(15, 7, 263856).
cost(15, 8, 817174).
cost(15, 9, 544519).
cost(15, 10, 440202).
cost(15, 11, 594178).
cost(15, 12, 808581).
cost(15, 13, 593452).
cost(15, 14, 618600).
cost(15, 16, 542928).
cost(15, 17, 48923).
cost(15, 18, 723949).
cost(15, 19, 583812).
cost(15, 20, 184476).
cost(15, 21, 1007234).
cost(15, 22, 250152).
cost(15, 23, 234904).
cost(15, 24, 196497).
cost(15, 25, 326004).
cost(15, 26, 635307).
cost(15, 27, 588992).
cost(16, 1, 448506).
cost(16, 2, 604320).
cost(16, 3, 493043).
cost(16, 4, 113112).
cost(16, 5, 332141).
cost(16, 6, 192798).
cost(16, 7, 426715).
cost(16, 8, 285256).
cost(16, 9, 151988).
cost(16, 10, 514841).
cost(16, 11, 393374).
cost(16, 12, 378250).
cost(16, 13, 192377).
cost(16, 14, 600825).
cost(16, 15, 542928).
cost(16, 17, 535890).
cost(16, 18, 755137).
cost(16, 19, 44996).
cost(16, 20, 580685).
cost(16, 21, 506371).
cost(16, 22, 534641).
cost(16, 23, 333891).
cost(16, 24, 725630).
cost(16, 25, 216933).
cost(16, 26, 238730).
cost(16, 27, 83015).
cost(17, 1, 706912).
cost(17, 2, 69469).
cost(17, 3, 527070).
cost(17, 4, 497774).
cost(17, 5, 544737).
cost(17, 6, 687452).
cost(17, 7, 297468).
cost(17, 8, 803743).
cost(17, 9, 551139).
cost(17, 10, 393688).
cost(17, 11, 557011).
cost(17, 12, 820654).
cost(17, 13, 570831).
cost(17, 14, 657372).
cost(17, 15, 48923).
cost(17, 16, 535890).
cost(17, 18, 766998).
cost(17, 19, 575001).
cost(17, 20, 232981).
cost(17, 21, 1012562).
cost(17, 22, 294873).
cost(17, 23, 248086).
cost(17, 24, 190405).
cost(17, 25, 320199).
cost(17, 26, 646238).
cost(17, 27, 575894).
cost(18, 1, 371596).
cost(18, 2, 806299).
cost(18, 3, 279466).
cost(18, 4, 642773).
cost(18, 5, 1042627).
cost(18, 6, 696815).
cost(18, 7, 487078).
cost(18, 8, 975845).
cost(18, 9, 611528).
cost(18, 10, 1076156).
cost(18, 11, 1093416).
cost(18, 12, 629482).
cost(18, 13, 939158).
cost(18, 14, 154326).
cost(18, 15, 723949).
cost(18, 16, 755137).
cost(18, 17, 766998).
cost(18, 19, 790243).
cost(18, 20, 555433).
cost(18, 21, 848569).
cost(18, 22, 474384).
cost(18, 23, 603485).
cost(18, 24, 871114).
cost(18, 25, 695134).
cost(18, 26, 579589).
cost(18, 27, 837799).
cost(19, 1, 472254).
cost(19, 2, 642918).
cost(19, 3, 532245).
cost(19, 4, 152604).
cost(19, 5, 323928).
cost(19, 6, 186264).
cost(19, 7, 471662).
cost(19, 8, 240549).
cost(19, 9, 180538).
cost(19, 10, 528460).
cost(19, 11, 386060).
cost(19, 12, 376167).
cost(19, 13, 173346).
cost(19, 14, 636144).
cost(19, 15, 583812).
cost(19, 16, 44996).
cost(19, 17, 575001).
cost(19, 18, 790243).
cost(19, 20, 625356).
cost(19, 21, 484197).
cost(19, 22, 579629).
cost(19, 23, 378132).
cost(19, 24, 764056).
cost(19, 25, 258111).
cost(19, 26, 253491).
cost(19, 27, 52327).
cost(20, 1, 583746).
cost(20, 2, 256070).
cost(20, 3, 357631).
cost(20, 4, 500619).
cost(20, 5, 704214).
cost(20, 6, 677443).
cost(20, 7, 176670).
cost(20, 8, 865901).
cost(20, 9, 532039).
cost(20, 10, 611910).
cost(20, 11, 731684).
cost(20, 12, 762036).
cost(20, 13, 682259).
cost(20, 14, 469105).
cost(20, 15, 184476).
cost(20, 16, 580685).
cost(20, 17, 232981).
cost(20, 18, 555433).
cost(20, 19, 625356).
cost(20, 21, 981344).
cost(20, 22, 93085).
cost(20, 23, 248745).
cost(20, 24, 317277).
cost(20, 25, 381995).
cost(20, 26, 600461).
cost(20, 27, 645328).
cost(21, 1, 488688).
cost(21, 2, 1081955).
cost(21, 3, 713547).
cost(21, 4, 515117).
cost(21, 5, 774508).
cost(21, 6, 326482).
cost(21, 7, 804713).
cost(21, 8, 401246).
cost(21, 9, 462739).
cost(21, 10, 1010620).
cost(21, 11, 834225).
cost(21, 12, 233050).
cost(21, 13, 617885).
cost(21, 14, 731092).
cost(21, 15, 1007234).
cost(21, 16, 506371).
cost(21, 17, 1012562).
cost(21, 18, 848569).
cost(21, 19, 484197).
cost(21, 20, 981344).
cost(21, 22, 904322).
cost(21, 23, 773533).
cost(21, 24, 1201505).
cost(21, 25, 699602).
cost(21, 26, 380926).
cost(21, 27, 516614).
cost(22, 1, 492680).
cost(22, 2, 332004).
cost(22, 3, 264584).
cost(22, 4, 443456).
cost(22, 5, 700913).
cost(22, 6, 610251).
cost(22, 7, 108807).
cost(22, 8, 818454).
cost(22, 9, 466286).
cost(22, 10, 645802).
cost(22, 11, 735376).
cost(22, 12, 680727).
cost(22, 13, 658171).
cost(22, 14, 378810).
cost(22, 15, 250152).
cost(22, 16, 534641).
cost(22, 17, 294873).
cost(22, 18, 474384).
cost(22, 19, 579629).
cost(22, 20, 93085).
cost(22, 21, 904322).
cost(22, 23, 220439).
cost(22, 24, 406086).
cost(22, 25, 355902).
cost(22, 26, 524881).
cost(22, 27, 605927).
cost(23, 1, 467832).
cost(23, 2, 315366).
cost(23, 3, 330678).
cost(23, 4, 266025).
cost(23, 5, 483771).
cost(23, 6, 453398).
cost(23, 7, 130838).
cost(23, 8, 618506).
cost(23, 9, 311012).
cost(23, 10, 472695).
cost(23, 11, 522185).
cost(23, 12, 574033).
cost(23, 13, 438825).
cost(23, 14, 467828).
cost(23, 15, 234904).
cost(23, 16, 333891).
cost(23, 17, 248086).
cost(23, 18, 603485).
cost(23, 19, 378132).
cost(23, 20, 248745).
cost(23, 21, 773533).
cost(23, 22, 220439).
cost(23, 24, 431093).
cost(23, 25, 136123).
cost(23, 26, 400440).
cost(23, 27, 396602).
cost(24, 1, 871613).
cost(24, 2, 121346).
cost(24, 3, 666272).
cost(24, 4, 687358).
cost(24, 5, 699053).
cost(24, 6, 877122).
cost(24, 7, 449382).
cost(24, 8, 989465).
cost(24, 9, 739208).
cost(24, 10, 490557).
cost(24, 11, 699450).
cost(24, 12, 1005009).
cost(24, 13, 747445).
cost(24, 14, 784893).
cost(24, 15, 196497).
cost(24, 16, 725630).
cost(24, 17, 190405).
cost(24, 18, 871114).
cost(24, 19, 764056).
cost(24, 20, 317277).
cost(24, 21, 1201505).
cost(24, 22, 406086).
cost(24, 23, 431093).
cost(24, 25, 510501).
cost(24, 26, 831518).
cost(24, 27, 762574).
cost(25, 1, 486572).
cost(25, 2, 389200).
cost(25, 3, 415675).
cost(25, 4, 187460).
cost(25, 5, 357965).
cost(25, 6, 373128).
cost(25, 7, 258968).
cost(25, 8, 494626).
cost(25, 9, 249176).
cost(25, 10, 405782).
cost(25, 11, 402583).
cost(25, 12, 526704).
cost(25, 13, 302703).
cost(25, 14, 548293).
cost(25, 15, 326004).
cost(25, 16, 216933).
cost(25, 17, 320199).
cost(25, 18, 695134).
cost(25, 19, 258111).
cost(25, 20, 381995).
cost(25, 21, 699602).
cost(25, 22, 355902).
cost(25, 23, 136123).
cost(25, 24, 510501).
cost(25, 26, 354252).
cost(25, 27, 267972).
cost(26, 1, 227202).
cost(26, 2, 714719).
cost(26, 3, 366432).
cost(26, 4, 172535).
cost(26, 5, 570870).
cost(26, 6, 117361).
cost(26, 7, 423878).
cost(26, 8, 397093).
cost(26, 9, 107093).
cost(26, 10, 732315).
cost(26, 11, 632052).
cost(26, 12, 174803).
cost(26, 13, 426347).
cost(26, 14, 432134).
cost(26, 15, 635307).
cost(26, 16, 238730).
cost(26, 17, 646238).
cost(26, 18, 579589).
cost(26, 19, 253491).
cost(26, 20, 600461).
cost(26, 21, 380926).
cost(26, 22, 524881).
cost(26, 23, 400440).
cost(26, 24, 831518).
cost(26, 25, 354252).
cost(26, 27, 305764).
cost(27, 1, 524196).
cost(27, 2, 642304).
cost(27, 3, 575922).
cost(27, 4, 196125).
cost(27, 5, 275431).
cost(27, 6, 233615).
cost(27, 7, 499463).
cost(27, 8, 228201).
cost(27, 9, 230810).
cost(27, 10, 494138).
cost(27, 11, 337656).
cost(27, 12, 423780).
cost(27, 13, 121827).
cost(27, 14, 683518).
cost(27, 15, 588992).
cost(27, 16, 83015).
cost(27, 17, 575894).
cost(27, 18, 837799).
cost(27, 19, 52327).
cost(27, 20, 645328).
cost(27, 21, 516614).
cost(27, 22, 605927).
cost(27, 23, 396602).
cost(27, 24, 762574).
cost(27, 25, 267972).
cost(27, 26, 305764).
