dimension(27).
point(1, 213622.0, 224693.0).
point(2, 545051.0, 491543.0).
point(3, 576725.0, 33728.0).
point(4, 814556.0, 135630.0).
point(5, 858986.0, 874678.0).
point(6, 961043.0, 390416.0).
point(7, 539534.0, 72895.0).
point(8, 127459.0, 654894.0).
point(9, 667768.0, 290420.0).
point(10, 159647.0, 52546.0).
point(11, 174813.0, 331960.0).
point(12, 97712.0, 874332.0).
point(13, 897116.0, 988006.0).
point(14, 598527.0, 851992.0).
point(15, 231870.0, 710048.0).
point(16, 744526.0, 99853.0).
point(17, 856331.0, 242294.0).
point(18, 641366.0, 247446.0).
point(19, 102397.0, 859877.0).
point(20, 845803.0, 678106.0).
point(21, 304530.0, 600919.0).
point(22, 594234.0, 842552.0).
point(23, 765480.0, 967118.0).
point(24, 967757.0, 674667.0).
point(25, 78967.0, 175255.0).
point(26, 19960.0, 380746.0).
point(27, 310817.0, 955055.0).
cost(1, 2, 425505).
cost(1, 3, 410258).
cost(1, 4, 607498).
cost(1, 5, 915956).
cost(1, 6, 765573).
cost(1, 7, 359529).
cost(1, 8, 438745).
cost(1, 9, 458878).
cost(1, 10, 180410).
cost(1, 11, 114072).
cost(1, 12, 659898).
cost(1, 13, 1024603).
cost(1, 14, 735973).
cost(1, 15, 485698).
cost(1, 16, 545384).
cost(1, 17, 642950).
cost(1, 18, 428349).
cost(1, 19, 644849).
cost(1, 20, 777969).
cost(1, 21, 387053).
cost(1, 22, 725683).
cost(1, 23, 925063).
cost(1, 24, 878178).
cost(1, 25, 143444).
cost(1, 26, 248712).
cost(1, 27, 736801).
cost(2, 1, 425505).
cost(2, 3, 458909).
cost(2, 4, 446438).
cost(2, 5, 495326).
cost(2, 6, 428107).
cost(2, 7, 418684).
cost(2, 8, 448405).
cost(2, 9, 235605).
cost(2, 10, 584170).
cost(2, 11, 403166).
cost(2, 12, 588761).
cost(2, 13, 608626).
cost(2, 14, 364394).
cost(2, 15, 381873).
cost(2, 16, 439558).
cost(2, 17, 398773).
cost(2, 18, 262412).
cost(2, 19, 575858).
cost(2, 20, 353917).
cost(2, 21, 264222).
cost(2, 22, 354438).
cost(2, 23, 524176).
cost(2, 24, 460668).
cost(2, 25, 563269).
cost(2, 26, 536653).
cost(2, 27, 519335).
cost(3, 1, 410258).
cost(3, 2, 458909).
cost(3, 4, 258742).
cost(3, 5, 887056).
cost(3, 6, 524334).
cost(3, 7, 54011).
cost(3, 8, 766608).
cost(3, 9, 272359).
cost(3, 10, 417502).
cost(3, 11, 500475).
cost(3, 12, 967506).
cost(3, 13, 1006626).
cost(3, 14, 818554).
cost(3, 15, 759166).
cost(3, 16, 180360).
cost(3, 17, 348826).
cost(3, 18, 223280).
cost(3, 19, 952633).
cost(3, 20, 698302).
cost(3, 21, 629123).
cost(3, 22, 809013).
cost(3, 23, 952284).
cost(3, 24, 750805).
cost(3, 25, 517487).
cost(3, 26, 656055).
cost(3, 27, 958932).
cost(4, 1, 607498).
cost(4, 2, 446438).
cost(4, 3, 258742).
cost(4, 5, 740382).
cost(4, 6, 293895).
cost(4, 7, 282086).
cost(4, 8, 861242).
cost(4, 9, 213323).
cost(4, 10, 660158).
cost(4, 11, 669191).
cost(4, 12, 1029342).
cost(4, 13, 856365).
cost(4, 14, 748227).
cost(4, 15, 818217).
cost(4, 16, 78640).
cost(4, 17, 114553).
cost(4, 18, 206149).
cost(4, 19, 1015728).
cost(4, 20, 543375).
cost(4, 21, 690377).
cost(4, 22, 740460).
cost(4, 23, 832935).
cost(4, 24, 560385).
cost(4, 25, 736655).
cost(4, 26, 831544).
cost(4, 27, 961879).
cost(5, 1, 915956).
cost(5, 2, 495326).
cost(5, 3, 887056).
cost(5, 4, 740382).
cost(5, 6, 494899).
cost(5, 7, 863079).
cost(5, 8, 763830).
cost(5, 9, 614753).
cost(5, 10, 1079341).
cost(5, 11, 873290).
cost(5, 12, 761274).
cost(5, 13, 119571).
cost(5, 14, 261445).
cost(5, 15, 648365).
cost(5, 16, 783234).
cost(5, 17, 632390).
cost(5, 18, 663911).
cost(5, 19, 756734).
cost(5, 20, 197014).
cost(5, 21, 618357).
cost(5, 22, 266694).
cost(5, 23, 131486).
cost(5, 24, 227674).
cost(5, 25, 1047675).
cost(5, 26, 973619).
cost(5, 27, 554030).
cost(6, 1, 765573).
cost(6, 2, 428107).
cost(6, 3, 524334).
cost(6, 4, 293895).
cost(6, 5, 494899).
cost(6, 7, 527721).
cost(6, 8, 874535).
cost(6, 9, 309854).
cost(6, 10, 869708).
cost(6, 11, 788400).
cost(6, 12, 989705).
cost(6, 13, 601000).
cost(6, 14, 586916).
cost(6, 15, 796152).
cost(6, 16, 362362).
cost(6, 17, 181397).
cost(6, 18, 350191).
cost(6, 19, 978604).
cost(6, 20, 309913).
cost(6, 21, 689435).
cost(6, 22, 582216).
cost(6, 23, 608958).
cost(6, 24, 284330).
cost(6, 25, 907939).
cost(6, 26, 941133).
cost(6, 27, 861168).
cost(7, 1, 359529).
cost(7, 2, 418684).
cost(7, 3, 54011).
cost(7, 4, 282086).
cost(7, 5, 863079).
cost(7, 6, 527721).
cost(7, 8, 713112).
cost(7, 9, 252510).
cost(7, 10, 380432).
cost(7, 11, 447366).
cost(7, 12, 915155).
cost(7, 13, 982493).
cost(7, 14, 781327).
cost(7, 15, 707546).
cost(7, 16, 206757).
cost(7, 17, 359244).
cost(7, 18, 202084).
cost(7, 19, 900239).
cost(7, 20, 678293).
cost(7, 21, 577959).
cost(7, 22, 771598).
cost(7, 23, 922327).
cost(7, 24, 738583).
cost(7, 25, 471805).
cost(7, 26, 603928).
cost(7, 27, 911327).
cost(8, 1, 438745).
cost(8, 2, 448405).
cost(8, 3, 766608).
cost(8, 4, 861242).
cost(8, 5, 763830).
cost(8, 6, 874535).
cost(8, 7, 713112).
cost(8, 9, 651748).
cost(8, 10, 603207).
cost(8, 11, 326387).
cost(8, 12, 221445).
cost(8, 13, 838651).
cost(8, 14, 510639).
cost(8, 15, 118083).
cost(8, 16, 829965).
cost(8, 17, 837552).
cost(8, 18, 655831).
cost(8, 19, 206509).
cost(8, 20, 718719).
cost(8, 21, 185115).
cost(8, 22, 503085).
cost(8, 23, 710320).
cost(8, 24, 840531).
cost(8, 25, 482084).
cost(8, 26, 294471).
cost(8, 27, 351734).
cost(9, 1, 458878).
cost(9, 2, 235605).
cost(9, 3, 272359).
cost(9, 4, 213323).
cost(9, 5, 614753).
cost(9, 6, 309854).
cost(9, 7, 252510).
cost(9, 8, 651748).
cost(9, 10, 561045).
cost(9, 11, 494702).
cost(9, 12, 816037).
cost(9, 13, 734321).
cost(9, 14, 565825).
cost(9, 15, 605058).
cost(9, 16, 205445).
cost(9, 17, 194608).
cost(9, 18, 50436).
cost(9, 19, 802450).
cost(9, 20, 426611).
cost(9, 21, 477861).
cost(9, 22, 557007).
cost(9, 23, 683716).
cost(9, 24, 487482).
cost(9, 25, 599958).
cost(9, 26, 654075).
cost(9, 27, 754423).
cost(10, 1, 180410).
cost(10, 2, 584170).
cost(10, 3, 417502).
cost(10, 4, 660158).
cost(10, 5, 1079341).
cost(10, 6, 869708).
cost(10, 7, 380432).
cost(10, 8, 603207).
cost(10, 9, 561045).
cost(10, 11, 279825).
cost(10, 12, 824117).
cost(10, 13, 1191195).
cost(10, 14, 911992).
cost(10, 15, 661457).
cost(10, 16, 586789).
cost(10, 17, 722062).
cost(10, 18, 519653).
cost(10, 19, 809358).
cost(10, 20, 928512).
cost(10, 21, 567190).
cost(10, 22, 901651).
cost(10, 23, 1097030).
cost(10, 24, 1019841).
cost(10, 25, 146856).
cost(10, 26, 356690).
cost(10, 27, 915082).
cost(11, 1, 114072).
cost(11, 2, 403166).
cost(11, 3, 500475).
cost(11, 4, 669191).
cost(11, 5, 873290).
cost(11, 6, 788400).
cost(11, 7, 447366).
cost(11, 8, 326387).
cost(11, 9, 494702).
cost(11, 10, 279825).
cost(11, 12, 547825).
cost(11, 13, 975765).
cost(11, 14, 670796).
cost(11, 15, 382369).
cost(11, 16, 615180).
cost(11, 17, 687391).
cost(11, 18, 474146).
cost(11, 19, 532861).
cost(11, 20, 755013).
cost(11, 21, 298606).
cost(11, 22, 660771).
cost(11, 23, 867360).
cost(11, 24, 863833).
cost(11, 25, 183692).
cost(11, 26, 162356).
cost(11, 27, 637765).
cost(12, 1, 659898).
cost(12, 2, 588761).
cost(12, 3, 967506).
cost(12, 4, 1029342).
cost(12, 5, 761274).
cost(12, 6, 989705).
cost(12, 7, 915155).
cost(12, 8, 221445).
cost(12, 9, 816037).
cost(12, 10, 824117).
cost(12, 11, 547825).
cost(12, 13, 807446).
cost(12, 14, 501313).
cost(12, 15, 212103).
cost(12, 16, 1009052).
cost(12, 17, 987408).
cost(12, 18, 829787).
cost(12, 19, 15195).
cost(12, 20, 773398).
cost(12, 21, 342824).
cost(12, 22, 497538).
cost(12, 23, 674183).
cost(12, 24, 892661).
cost(12, 25, 699328).
cost(12, 26, 499672).
cost(12, 27, 227881).
cost(13, 1, 1024603).
cost(13, 2, 608626).
cost(13, 3, 1006626).
cost(13, 4, 856365).
cost(13, 5, 119571).
cost(13, 6, 601000).
cost(13, 7, 982493).
cost(13, 8, 838651).
cost(13, 9, 734321).
cost(13, 10, 1191195).
cost(13, 11, 975765).
cost(13, 12, 807446).
cost(13, 14, 328109).
cost(13, 15, 720981).
cost(13, 16, 901166).
cost(13, 17, 746826).
cost(13, 18, 783478).
cost(13, 19, 804982).
cost(13, 20, 314119).
cost(13, 21, 707810).
cost(13, 22, 335998).
cost(13, 23, 133283).
cost(13, 24, 321203).
cost(13, 25, 1153227).
cost(13, 26, 1066849).
cost(13, 27, 587224).
cost(14, 1, 735973).
cost(14, 2, 364394).
cost(14, 3, 818554).
cost(14, 4, 748227).
cost(14, 5, 261445).
cost(14, 6, 586916).
cost(14, 7, 781327).
cost(14, 8, 510639).
cost(14, 9, 565825).
cost(14, 10, 911992).
cost(14, 11, 670796).
cost(14, 12, 501313).
cost(14, 13, 328109).
cost(14, 15, 393174).
cost(14, 16, 766178).
cost(14, 17, 661963).
cost(14, 18, 606062).
cost(14, 19, 496193).
cost(14, 20, 302294).
cost(14, 21, 386616).
cost(14, 22, 10370).
cost(14, 23, 202799).
cost(14, 24, 409603).
cost(14, 25, 853180).
cost(14, 26, 746199).
cost(14, 27, 305613).
cost(15, 1, 485698).
cost(15, 2, 381873).
cost(15, 3, 759166).
cost(15, 4, 818217).
cost(15, 5, 648365).
cost(15, 6, 796152).
cost(15, 7, 707546).
cost(15, 8, 118083).
cost(15, 9, 605058).
cost(15, 10, 661457).
cost(15, 11, 382369).
cost(15, 12, 212103).
cost(15, 13, 720981).
cost(15, 14, 393174).
cost(15, 16, 796966).
cost(15, 17, 780221).
cost(15, 18, 617809).
cost(15, 19, 198020).
cost(15, 20, 614763).
cost(15, 21, 131105).
cost(15, 22, 385830).
cost(15, 23, 592304).
cost(15, 24, 736737).
cost(15, 25, 556222).
cost(15, 26, 391594).
cost(15, 27, 257412).
cost(16, 1, 545384).
cost(16, 2, 439558).
cost(16, 3, 180360).
cost(16, 4, 78640).
cost(16, 5, 783234).
cost(16, 6, 362362).
cost(16, 7, 206757).
cost(16, 8, 829965).
cost(16, 9, 205445).
cost(16, 10, 586789).
cost(16, 11, 615180).
cost(16, 12, 1009052).
cost(16, 13, 901166).
cost(16, 14, 766178).
cost(16, 15, 796966).
cost(16, 17, 181080).
cost(16, 18, 180071).
cost(16, 19, 994970).
cost(16, 20, 587055).
cost(16, 21, 666831).
cost(16, 22, 757753).
cost(16, 23, 867518).
cost(16, 24, 616639).
cost(16, 25, 669817).
cost(16, 26, 777108).
cost(16, 27, 958892).
cost(17, 1, 642950).
cost(17, 2, 398773).
cost(17, 3, 348826).
cost(17, 4, 114553).
cost(17, 5, 632390).
cost(17, 6, 181397).
cost(17, 7, 359244).
cost(17, 8, 837552).
cost(17, 9, 194608).
cost(17, 10, 722062).
cost(17, 11, 687391).
cost(17, 12, 987408).
cost(17, 13, 746826).
cost(17, 14, 661963).
cost(17, 15, 780221).
cost(17, 16, 181080).
cost(17, 18, 215027).
cost(17, 19, 974590).
cost(17, 20, 435939).
cost(17, 21, 658100).
cost(17, 22, 654984).
cost(17, 23, 730496).
cost(17, 24, 446500).
cost(17, 25, 780249).
cost(17, 26, 847753).
cost(17, 27, 897560).
cost(18, 1, 428349).
cost(18, 2, 262412).
cost(18, 3, 223280).
cost(18, 4, 206149).
cost(18, 5, 663911).
cost(18, 6, 350191).
cost(18, 7, 202084).
cost(18, 8, 655831).
cost(18, 9, 50436).
cost(18, 10, 519653).
cost(18, 11, 474146).
cost(18, 12, 829787).
cost(18, 13, 783478).
cost(18, 14, 606062).
cost(18, 15, 617809).
cost(18, 16, 180071).
cost(18, 17, 215027).
cost(18, 19, 815818).
cost(18, 20, 476721).
cost(18, 21, 488264).
cost(18, 22, 596969).
cost(18, 23, 730296).
cost(18, 24, 537633).
cost(18, 25, 567013).
cost(18, 26, 635543).
cost(18, 27, 781008).
cost(19, 1, 644849).
cost(19, 2, 575858).
cost(19, 3, 952633).
cost(19, 4, 1015728).
cost(19, 5, 756734).
cost(19, 6, 978604).
cost(19, 7, 900239).
cost(19, 8, 206509).
cost(19, 9, 802450).
cost(19, 10, 809358).
cost(19, 11, 532861).
cost(19, 12, 15195).
cost(19, 13, 804982).
cost(19, 14, 496193).
cost(19, 15, 198020).
cost(19, 16, 994970).
cost(19, 17, 974590).
cost(19, 18, 815818).
cost(19, 20, 765306).
cost(19, 21, 328507).
cost(19, 22, 492142).
cost(19, 23, 671699).
cost(19, 24, 884958).
cost(19, 25, 685023).
cost(19, 26, 486171).
cost(19, 27, 229124).
cost(20, 1, 777969).
cost(20, 2, 353917).
cost(20, 3, 698302).
cost(20, 4, 543375).
cost(20, 5, 197014).
cost(20, 6, 309913).
cost(20, 7, 678293).
cost(20, 8, 718719).
cost(20, 9, 426611).
cost(20, 10, 928512).
cost(20, 11, 755013).
cost(20, 12, 773398).
cost(20, 13, 314119).
cost(20, 14, 302294).
cost(20, 15, 614763).
cost(20, 16, 587055).
cost(20, 17, 435939).
cost(20, 18, 476721).
cost(20, 19, 765306).
cost(20, 21, 546749).
cost(20, 22, 300549).
cost(20, 23, 299966).
cost(20, 24, 122002).
cost(20, 25, 917004).
cost(20, 26, 877747).
cost(20, 27, 602421).
cost(21, 1, 387053).
cost(21, 2, 264222).
cost(21, 3, 629123).
cost(21, 4, 690377).
cost(21, 5, 618357).
cost(21, 6, 689435).
cost(21, 7, 577959).
cost(21, 8, 185115).
cost(21, 9, 477861).
cost(21, 10, 567190).
cost(21, 11, 298606).
cost(21, 12, 342824).
cost(21, 13, 707810).
cost(21, 14, 386616).
cost(21, 15, 131105).
cost(21, 16, 666831).
cost(21, 17, 658100).
cost(21, 18, 488264).
cost(21, 19, 328507).
cost(21, 20, 546749).
cost(21, 22, 377246).
cost(21, 23, 588708).
cost(21, 24, 667315).
cost(21, 25, 481735).
cost(21, 26, 359800).
cost(21, 27, 354192).
cost(22, 1, 725683).
cost(22, 2, 354438).
cost(22, 3, 809013).
cost(22, 4, 740460).
cost(22, 5, 266694).
cost(22, 6, 582216).
cost(22, 7, 771598).
cost(22, 8, 503085).
cost(22, 9, 557007).
cost(22, 10, 901651).
cost(22, 11, 660771).
cost(22, 12, 497538).
cost(22, 13, 335998).
cost(22, 14, 10370).
cost(22, 15, 385830).
cost(22, 16, 757753).
cost(22, 17, 654984).
cost(22, 18, 596969).
cost(22, 19, 492142).
cost(22, 20, 300549).
cost(22, 21, 377246).
cost(22, 23, 211759).
cost(22, 24, 409518).
cost(22, 25, 843081).
cost(22, 26, 736923).
cost(22, 27, 304930).
cost(23, 1, 925063).
cost(23, 2, 524176).
cost(23, 3, 952284).
cost(23, 4, 832935).
cost(23, 5, 131486).
cost(23, 6, 608958).
cost(23, 7, 922327).
cost(23, 8, 710320).
cost(23, 9, 683716).
cost(23, 10, 1097030).
cost(23, 11, 867360).
cost(23, 12, 674183).
cost(23, 13, 133283).
cost(23, 14, 202799).
cost(23, 15, 592304).
cost(23, 16, 867518).
cost(23, 17, 730496).
cost(23, 18, 730296).
cost(23, 19, 671699).
cost(23, 20, 299966).
cost(23, 21, 588708).
cost(23, 22, 211759).
cost(23, 24, 355589).
cost(23, 25, 1048021).
cost(23, 26, 948489).
cost(23, 27, 454823).
cost(24, 1, 878178).
cost(24, 2, 460668).
cost(24, 3, 750805).
cost(24, 4, 560385).
cost(24, 5, 227674).
cost(24, 6, 284330).
cost(24, 7, 738583).
cost(24, 8, 840531).
cost(24, 9, 487482).
cost(24, 10, 1019841).
cost(24, 11, 863833).
cost(24, 12, 892661).
cost(24, 13, 321203).
cost(24, 14, 409603).
cost(24, 15, 736737).
cost(24, 16, 616639).
cost(24, 17, 446500).
cost(24, 18, 537633).
cost(24, 19, 884958).
cost(24, 20, 122002).
cost(24, 21, 667315).
cost(24, 22, 409518).
cost(24, 23, 355589).
cost(24, 25, 1019490).
cost(24, 26, 992325).
cost(24, 27, 714274).
cost(25, 1, 143444).
cost(25, 2, 563269).
cost(25, 3, 517487).
cost(25, 4, 736655).
cost(25, 5, 1047675).
cost(25, 6, 907939).
cost(25, 7, 471805).
cost(25, 8, 482084).
cost(25, 9, 599958).
cost(25, 10, 146856).
cost(25, 11, 183692).
cost(25, 12, 699328).
cost(25, 13, 1153227).
cost(25, 14, 853180).
cost(25, 15, 556222).
cost(25, 16, 669817).
cost(25, 17, 780249).
cost(25, 18, 567013).
cost(25, 19, 685023).
cost(25, 20, 917004).
cost(25, 21, 481735).
cost(25, 22, 843081).
cost(25, 23, 1048021).
cost(25, 24, 1019490).
cost(25, 26, 213795).
cost(25, 27, 813537).
cost(26, 1, 248712).
cost(26, 2, 536653).
cost(26, 3, 656055).
cost(26, 4, 831544).
cost(26, 5, 973619).
cost(26, 6, 941133).
cost(26, 7, 603928).
cost(26, 8, 294471).
cost(26, 9, 654075).
cost(26, 10, 356690).
cost(26, 11, 162356).
cost(26, 12, 499672).
cost(26, 13, 1066849).
cost(26, 14, 746199).
cost(26, 15, 391594).
cost(26, 16, 777108).
cost(26, 17, 847753).
cost(26, 18, 635543).
cost(26, 19, 486171).
cost(26, 20, 877747).
cost(26, 21, 359800).
cost(26, 22, 736923).
cost(26, 23, 948489).
cost(26, 24, 992325).
cost(26, 25, 213795).
cost(26, 27, 643761).
cost(27, 1, 736801).
cost(27, 2, 519335).
cost(27, 3, 958932).
cost(27, 4, 961879).
cost(27, 5, 554030).
cost(27, 6, 861168).
cost(27, 7, 911327).
cost(27, 8, 351734).
cost(27, 9, 754423).
cost(27, 10, 915082).
cost(27, 11, 637765).
cost(27, 12, 227881).
cost(27, 13, 587224).
cost(27, 14, 305613).
cost(27, 15, 257412).
cost(27, 16, 958892).
cost(27, 17, 897560).
cost(27, 18, 781008).
cost(27, 19, 229124).
cost(27, 20, 602421).
cost(27, 21, 354192).
cost(27, 22, 304930).
cost(27, 23, 454823).
cost(27, 24, 714274).
cost(27, 25, 813537).
cost(27, 26, 643761).
