dimension(15).
point(1, 116306.0, 899817.0).
point(2, 155869.0, 626378.0).
point(3, 774407.0, 95279.0).
point(4, 168940.0, 361549.0).
point(5, 947105.0, 49793.0).
point(6, 984224.0, 733089.0).
point(7, 397673.0, 785436.0).
point(8, 726424.0, 426747.0).
point(9, 509927.0, 534698.0).
point(10, 121542.0, 558350.0).
point(11, 204748.0, 623463.0).
point(12, 135814.0, 22783.0).
point(13, 72553.0, 185731.0).
point(14, 469754.0, 241978.0).
point(15, 732577.0, 703750.0).
cost(1, 2, 276286).
cost(1, 3, 1039412).
cost(1, 4, 540835).
cost(1, 5, 1188599).
cost(1, 6, 883787).
cost(1, 7, 303728).
cost(1, 8, 772036).
cost(1, 9, 536889).
cost(1, 10, 341507).
cost(1, 11, 290161).
cost(1, 12, 877251).
cost(1, 13, 715425).
cost(1, 14, 746778).
cost(1, 15, 646709).
cost(2, 1, 276286).
cost(2, 3, 815264).
cost(2, 4, 265151).
cost(2, 5, 979033).
cost(2, 6, 835200).
cost(2, 7, 289428).
cost(2, 8, 604471).
cost(2, 9, 365735).
cost(2, 10, 76198).
cost(2, 11, 48966).
cost(2, 12, 603928).
cost(2, 13, 448454).
cost(2, 14, 496273).
cost(2, 15, 581875).
cost(3, 1, 1039412).
cost(3, 2, 815264).
cost(3, 4, 661430).
cost(3, 5, 178588).
cost(3, 6, 671435).
cost(3, 7, 786286).
cost(3, 8, 334923).
cost(3, 9, 512873).
cost(3, 10, 800417).
cost(3, 11, 776846).
cost(3, 12, 642695).
cost(3, 13, 707659).
cost(3, 14, 338133).
cost(3, 15, 609907).
cost(4, 1, 540835).
cost(4, 2, 265151).
cost(4, 3, 661430).
cost(4, 5, 838291).
cost(4, 6, 895952).
cost(4, 7, 481663).
cost(4, 8, 561284).
cost(4, 9, 382430).
cost(4, 10, 202428).
cost(4, 11, 264350).
cost(4, 12, 340382).
cost(4, 13, 200505).
cost(4, 14, 323707).
cost(4, 15, 659385).
cost(5, 1, 1188599).
cost(5, 2, 979033).
cost(5, 3, 178588).
cost(5, 4, 838291).
cost(5, 6, 684303).
cost(5, 7, 918175).
cost(5, 8, 436800).
cost(5, 9, 652884).
cost(5, 10, 969631).
cost(5, 11, 938185).
cost(5, 12, 811740).
cost(5, 13, 885054).
cost(5, 14, 514586).
cost(5, 15, 688246).
cost(6, 1, 883787).
cost(6, 2, 835200).
cost(6, 3, 671435).
cost(6, 4, 895952).
cost(6, 5, 684303).
cost(6, 7, 588882).
cost(6, 8, 400383).
cost(6, 9, 514117).
cost(6, 10, 880201).
cost(6, 11, 787147).
cost(6, 12, 1106496).
cost(6, 13, 1063365).
cost(6, 14, 711245).
cost(6, 15, 253352).
cost(7, 1, 303728).
cost(7, 2, 289428).
cost(7, 3, 786286).
cost(7, 4, 481663).
cost(7, 5, 918175).
cost(7, 6, 588882).
cost(7, 8, 486554).
cost(7, 9, 274719).
cost(7, 10, 357514).
cost(7, 11, 251903).
cost(7, 12, 806356).
cost(7, 13, 682165).
cost(7, 14, 548217).
cost(7, 15, 344722).
cost(8, 1, 772036).
cost(8, 2, 604471).
cost(8, 3, 334923).
cost(8, 4, 561284).
cost(8, 5, 436800).
cost(8, 6, 400383).
cost(8, 7, 486554).
cost(8, 9, 241918).
cost(8, 10, 619033).
cost(8, 11, 557533).
cost(8, 12, 715547).
cost(8, 13, 696876).
cost(8, 14, 316258).
cost(8, 15, 277071).
cost(9, 1, 536889).
cost(9, 2, 365735).
cost(9, 3, 512873).
cost(9, 4, 382430).
cost(9, 5, 652884).
cost(9, 6, 514117).
cost(9, 7, 274719).
cost(9, 8, 241918).
cost(9, 10, 389105).
cost(9, 11, 317826).
cost(9, 12, 634049).
cost(9, 13, 559530).
cost(9, 14, 295464).
cost(9, 15, 279556).
cost(10, 1, 341507).
cost(10, 2, 76198).
cost(10, 3, 800417).
cost(10, 4, 202428).
cost(10, 5, 969631).
cost(10, 6, 880201).
cost(10, 7, 357514).
cost(10, 8, 619033).
cost(10, 9, 389105).
cost(10, 11, 105655).
cost(10, 12, 535757).
cost(10, 13, 375826).
cost(10, 14, 470471).
cost(10, 15, 628096).
cost(11, 1, 290161).
cost(11, 2, 48966).
cost(11, 3, 776846).
cost(11, 4, 264350).
cost(11, 5, 938185).
cost(11, 6, 787147).
cost(11, 7, 251903).
cost(11, 8, 557533).
cost(11, 9, 317826).
cost(11, 10, 105655).
cost(11, 12, 604622).
cost(11, 13, 457258).
cost(11, 14, 464499).
cost(11, 15, 533900).
cost(12, 1, 877251).
cost(12, 2, 603928).
cost(12, 3, 642695).
cost(12, 4, 340382).
cost(12, 5, 811740).
cost(12, 6, 1106496).
cost(12, 7, 806356).
cost(12, 8, 715547).
cost(12, 9, 634049).
cost(12, 10, 535757).
cost(12, 11, 604622).
cost(12, 13, 174797).
cost(12, 14, 399453).
cost(12, 15, 905451).
cost(13, 1, 715425).
cost(13, 2, 448454).
cost(13, 3, 707659).
cost(13, 4, 200505).
cost(13, 5, 885054).
cost(13, 6, 1063365).
cost(13, 7, 682165).
cost(13, 8, 696876).
cost(13, 9, 559530).
cost(13, 10, 375826).
cost(13, 11, 457258).
cost(13, 12, 174797).
cost(13, 14, 401164).
cost(13, 15, 839032).
cost(14, 1, 746778).
cost(14, 2, 496273).
cost(14, 3, 338133).
cost(14, 4, 323707).
cost(14, 5, 514586).
cost(14, 6, 711245).
cost(14, 7, 548217).
cost(14, 8, 316258).
cost(14, 9, 295464).
cost(14, 10, 470471).
cost(14, 11, 464499).
cost(14, 12, 399453).
cost(14, 13, 401164).
cost(14, 15, 531328).
cost(15, 1, 646709).
cost(15, 2, 581875).
cost(15, 3, 609907).
cost(15, 4, 659385).
cost(15, 5, 688246).
cost(15, 6, 253352).
cost(15, 7, 344722).
cost(15, 8, 277071).
cost(15, 9, 279556).
cost(15, 10, 628096).
cost(15, 11, 533900).
cost(15, 12, 905451).
cost(15, 13, 839032).
cost(15, 14, 531328).
nocross(1,11).
nocross(2,11).
nocross(3,5).
nocross(3,6).
nocross(3,8).
nocross(3,12).
nocross(3,14).
nocross(4,3).
nocross(4,11).
nocross(4,12).
nocross(4,14).
nocross(5,6).
nocross(6,5).
nocross(7,8).
nocross(7,11).
nocross(7,15).
nocross(8,3).
nocross(8,5).
nocross(8,6).
nocross(8,14).
nocross(9,5).
nocross(9,8).
nocross(9,11).
nocross(9,12).
nocross(9,14).
nocross(9,15).
nocross(10,11).
nocross(10,13).
nocross(11,14).
nocross(12,14).
nocross(13,4).
nocross(13,12).
nocross(14,3).
nocross(14,6).
nocross(14,8).
nocross(14,11).
nocross(14,12).
nocross(15,5).
nocross(15,6).
nocross(15,8).
