dimension(15).
point(1, 284097.0, 798328.0).
point(2, 826047.0, 8361.0).
point(3, 402225.0, 356674.0).
point(4, 916334.0, 650522.0).
point(5, 889673.0, 948416.0).
point(6, 706043.0, 621016.0).
point(7, 100009.0, 234950.0).
point(8, 538835.0, 164509.0).
point(9, 404021.0, 603359.0).
point(10, 578795.0, 488706.0).
point(11, 845528.0, 125426.0).
point(12, 678589.0, 241372.0).
point(13, 967309.0, 813034.0).
point(14, 15021.0, 562143.0).
point(15, 724089.0, 779318.0).
cost(1, 2, 957997).
cost(1, 3, 457179).
cost(1, 4, 649284).
cost(1, 5, 623898).
cost(1, 6, 457688).
cost(1, 7, 592691).
cost(1, 8, 683094).
cost(1, 9, 228899).
cost(1, 10, 427449).
cost(1, 11, 876357).
cost(1, 12, 682513).
cost(1, 13, 683370).
cost(1, 14, 358030).
cost(1, 15, 440402).
cost(2, 1, 957997).
cost(2, 3, 548586).
cost(2, 4, 648477).
cost(2, 5, 942206).
cost(2, 6, 624297).
cost(2, 7, 760575).
cost(2, 8, 326914).
cost(2, 9, 729471).
cost(2, 10, 540245).
cost(2, 11, 118675).
cost(2, 12, 275750).
cost(2, 13, 816978).
cost(2, 14, 982058).
cost(2, 15, 777670).
cost(3, 1, 457179).
cost(3, 2, 548586).
cost(3, 4, 592161).
cost(3, 5, 766658).
cost(3, 6, 402718).
cost(3, 7, 325809).
cost(3, 8, 235775).
cost(3, 9, 246692).
cost(3, 10, 220475).
cost(3, 11, 499993).
cost(3, 12, 299452).
cost(3, 13, 726350).
cost(3, 14, 438343).
cost(3, 15, 531248).
cost(4, 1, 649284).
cost(4, 2, 648477).
cost(4, 3, 592161).
cost(4, 5, 299085).
cost(4, 6, 212351).
cost(4, 7, 916017).
cost(4, 8, 615398).
cost(4, 9, 514479).
cost(4, 10, 374322).
cost(4, 11, 529848).
cost(4, 12, 473209).
cost(4, 13, 170319).
cost(4, 14, 905636).
cost(4, 15, 231401).
cost(5, 1, 623898).
cost(5, 2, 942206).
cost(5, 3, 766658).
cost(5, 4, 299085).
cost(5, 6, 375381).
cost(5, 7, 1064238).
cost(5, 8, 858835).
cost(5, 9, 595753).
cost(5, 10, 554958).
cost(5, 11, 824173).
cost(5, 12, 737881).
cost(5, 13, 156063).
cost(5, 14, 956150).
cost(5, 15, 236669).
cost(6, 1, 457688).
cost(6, 2, 624297).
cost(6, 3, 402718).
cost(6, 4, 212351).
cost(6, 5, 375381).
cost(6, 7, 718557).
cost(6, 8, 486166).
cost(6, 9, 302538).
cost(6, 10, 183570).
cost(6, 11, 514845).
cost(6, 12, 380635).
cost(6, 13, 324239).
cost(6, 14, 693525).
cost(6, 15, 159327).
cost(7, 1, 592691).
cost(7, 2, 760575).
cost(7, 3, 325809).
cost(7, 4, 916017).
cost(7, 5, 1064238).
cost(7, 6, 718557).
cost(7, 8, 444444).
cost(7, 9, 477649).
cost(7, 10, 541875).
cost(7, 11, 753521).
cost(7, 12, 578616).
cost(7, 13, 1042301).
cost(7, 14, 338051).
cost(7, 15, 828138).
cost(8, 1, 683094).
cost(8, 2, 326914).
cost(8, 3, 235775).
cost(8, 4, 615398).
cost(8, 5, 858835).
cost(8, 6, 486166).
cost(8, 7, 444444).
cost(8, 9, 459091).
cost(8, 10, 326650).
cost(8, 11, 309173).
cost(8, 12, 159496).
cost(8, 13, 777287).
cost(8, 14, 657643).
cost(8, 15, 642113).
cost(9, 1, 228899).
cost(9, 2, 729471).
cost(9, 3, 246692).
cost(9, 4, 514479).
cost(9, 5, 595753).
cost(9, 6, 302538).
cost(9, 7, 477649).
cost(9, 8, 459091).
cost(9, 10, 209025).
cost(9, 11, 650652).
cost(9, 12, 454337).
cost(9, 13, 601047).
cost(9, 14, 391177).
cost(9, 15, 365247).
cost(10, 1, 427449).
cost(10, 2, 540245).
cost(10, 3, 220475).
cost(10, 4, 374322).
cost(10, 5, 554958).
cost(10, 6, 183570).
cost(10, 7, 541875).
cost(10, 8, 326650).
cost(10, 9, 209025).
cost(10, 11, 450687).
cost(10, 12, 266708).
cost(10, 13, 506095).
cost(10, 14, 568537).
cost(10, 15, 324909).
cost(11, 1, 876357).
cost(11, 2, 118675).
cost(11, 3, 499993).
cost(11, 4, 529848).
cost(11, 5, 824173).
cost(11, 6, 514845).
cost(11, 7, 753521).
cost(11, 8, 309173).
cost(11, 9, 650652).
cost(11, 10, 450687).
cost(11, 12, 203254).
cost(11, 13, 698309).
cost(11, 14, 938330).
cost(11, 15, 665073).
cost(12, 1, 682513).
cost(12, 2, 275750).
cost(12, 3, 299452).
cost(12, 4, 473209).
cost(12, 5, 737881).
cost(12, 6, 380635).
cost(12, 7, 578616).
cost(12, 8, 159496).
cost(12, 9, 454337).
cost(12, 10, 266708).
cost(12, 11, 203254).
cost(12, 13, 640435).
cost(12, 14, 737032).
cost(12, 15, 539867).
cost(13, 1, 683370).
cost(13, 2, 816978).
cost(13, 3, 726350).
cost(13, 4, 170319).
cost(13, 5, 156063).
cost(13, 6, 324239).
cost(13, 7, 1042301).
cost(13, 8, 777287).
cost(13, 9, 601047).
cost(13, 10, 506095).
cost(13, 11, 698309).
cost(13, 12, 640435).
cost(13, 14, 984784).
cost(13, 15, 245546).
cost(14, 1, 358030).
cost(14, 2, 982058).
cost(14, 3, 438343).
cost(14, 4, 905636).
cost(14, 5, 956150).
cost(14, 6, 693525).
cost(14, 7, 338051).
cost(14, 8, 657643).
cost(14, 9, 391177).
cost(14, 10, 568537).
cost(14, 11, 938330).
cost(14, 12, 737032).
cost(14, 13, 984784).
cost(14, 15, 741581).
cost(15, 1, 440402).
cost(15, 2, 777670).
cost(15, 3, 531248).
cost(15, 4, 231401).
cost(15, 5, 236669).
cost(15, 6, 159327).
cost(15, 7, 828138).
cost(15, 8, 642113).
cost(15, 9, 365247).
cost(15, 10, 324909).
cost(15, 11, 665073).
cost(15, 12, 539867).
cost(15, 13, 245546).
cost(15, 14, 741581).
nocross(1,15).
nocross(2,8).
nocross(2,11).
nocross(2,12).
nocross(3,8).
nocross(3,9).
nocross(3,11).
nocross(3,12).
nocross(3,15).
nocross(4,11).
nocross(4,13).
nocross(4,15).
nocross(5,1).
nocross(5,11).
nocross(5,15).
nocross(6,5).
nocross(6,11).
nocross(6,13).
nocross(7,8).
nocross(8,2).
nocross(8,11).
nocross(9,3).
nocross(9,15).
nocross(10,11).
nocross(10,15).
nocross(11,2).
nocross(11,8).
nocross(11,12).
nocross(12,2).
nocross(12,3).
nocross(12,8).
nocross(12,11).
nocross(13,4).
nocross(13,5).
nocross(14,1).
nocross(14,3).
nocross(14,8).
nocross(15,1).
nocross(15,11).
