dimension(22).
point(1, 315453.0, 88644.0).
point(2, 538605.0, 143625.0).
point(3, -30995.0, -53850.0).
point(4, -221827.0, -128510.0).
point(5, -112524.0, -146796.0).
point(6, 255969.0, -308442.0).
point(7, 222424.0, 170415.0).
point(8, -405680.0, -95504.0).
point(9, 285689.0, -69982.0).
point(10, -76898.0, 238191.0).
point(11, 72370.0, 32247.0).
point(12, 204577.0, 345643.0).
point(13, -187923.0, 169644.0).
point(14, -26341.0, -217745.0).
point(15, 27551.0, -38838.0).
point(16, 27334.0, -8934.0).
point(17, -83881.0, 180505.0).
point(18, 82398.0, -345942.0).
point(19, 478825.0, -75669.0).
point(20, -253857.0, 235511.0).
point(21, -194564.0, -192362.0).
point(22, 208429.0, 270768.0).
cost(1, 2, 229825).
cost(1, 3, 374607).
cost(1, 4, 579505).
cost(1, 5, 488463).
cost(1, 6, 401517).
cost(1, 7, 123858).
cost(1, 8, 744274).
cost(1, 9, 161394).
cost(1, 10, 419885).
cost(1, 11, 249540).
cost(1, 12, 279896).
cost(1, 13, 509851).
cost(1, 14, 459018).
cost(1, 15, 314864).
cost(1, 16, 304194).
cost(1, 17, 409763).
cost(1, 18, 493132).
cost(1, 19, 231709).
cost(1, 20, 587949).
cost(1, 21, 582307).
cost(1, 22, 211242).
cost(2, 1, 229825).
cost(2, 3, 602860).
cost(2, 4, 807660).
cost(2, 5, 712961).
cost(2, 6, 533149).
cost(2, 7, 317314).
cost(2, 8, 974093).
cost(2, 9, 331051).
cost(2, 10, 622725).
cost(2, 11, 479354).
cost(2, 12, 390366).
cost(2, 13, 726994).
cost(2, 14, 670636).
cost(2, 15, 542650).
cost(2, 16, 533547).
cost(2, 17, 623578).
cost(2, 18, 669179).
cost(2, 19, 227296).
cost(2, 20, 797771).
cost(2, 21, 806489).
cost(2, 22, 353810).
cost(3, 1, 374607).
cost(3, 2, 602860).
cost(3, 4, 204917).
cost(3, 5, 123636).
cost(3, 6, 383621).
cost(3, 7, 338402).
cost(3, 8, 376993).
cost(3, 9, 317095).
cost(3, 10, 295627).
cost(3, 11, 134525).
cost(3, 12, 463777).
cost(3, 13, 273086).
cost(3, 14, 163961).
cost(3, 15, 60440).
cost(3, 16, 73619).
cost(3, 17, 240248).
cost(3, 18, 313330).
cost(3, 19, 510287).
cost(3, 20, 365236).
cost(3, 21, 214337).
cost(3, 22, 403362).
cost(4, 1, 579505).
cost(4, 2, 807660).
cost(4, 3, 204917).
cost(4, 5, 110822).
cost(4, 6, 510553).
cost(4, 7, 535458).
cost(4, 8, 186792).
cost(4, 9, 510880).
cost(4, 10, 394302).
cost(4, 11, 335253).
cost(4, 12, 637684).
cost(4, 13, 300075).
cost(4, 14, 214890).
cost(4, 15, 265010).
cost(4, 16, 276369).
cost(4, 17, 338407).
cost(4, 18, 373938).
cost(4, 19, 702642).
cost(4, 20, 365427).
cost(4, 21, 69429).
cost(4, 22, 586978).
cost(5, 1, 488463).
cost(5, 2, 712961).
cost(5, 3, 123636).
cost(5, 4, 110822).
cost(5, 6, 402389).
cost(5, 7, 461317).
cost(5, 8, 297609).
cost(5, 9, 405554).
cost(5, 10, 386632).
cost(5, 11, 257376).
cost(5, 12, 585704).
cost(5, 13, 325299).
cost(5, 14, 111630).
cost(5, 15, 176850).
cost(5, 16, 196383).
cost(5, 17, 328552).
cost(5, 18, 278664).
cost(5, 19, 595611).
cost(5, 20, 407595).
cost(5, 21, 93845).
cost(5, 22, 526660).
cost(6, 1, 401517).
cost(6, 2, 533149).
cost(6, 3, 383621).
cost(6, 4, 510553).
cost(6, 5, 402389).
cost(6, 7, 480031).
cost(6, 8, 695070).
cost(6, 9, 240305).
cost(6, 10, 640006).
cost(6, 11, 387011).
cost(6, 12, 656101).
cost(6, 13, 652385).
cost(6, 14, 296521).
cost(6, 15, 353357).
cost(6, 16, 376801).
cost(6, 17, 595455).
cost(6, 18, 177576).
cost(6, 19, 322255).
cost(6, 20, 745525).
cost(6, 21, 465247).
cost(6, 22, 581158).
cost(7, 1, 123858).
cost(7, 2, 317314).
cost(7, 3, 338402).
cost(7, 4, 535458).
cost(7, 5, 461317).
cost(7, 6, 480031).
cost(7, 8, 682076).
cost(7, 9, 248582).
cost(7, 10, 306899).
cost(7, 11, 203977).
cost(7, 12, 176135).
cost(7, 13, 410348).
cost(7, 14, 461034).
cost(7, 15, 285941).
cost(7, 16, 265002).
cost(7, 17, 306471).
cost(7, 18, 535006).
cost(7, 19, 355385).
cost(7, 20, 480709).
cost(7, 21, 552708).
cost(7, 22, 101324).
cost(8, 1, 744274).
cost(8, 2, 974093).
cost(8, 3, 376993).
cost(8, 4, 186792).
cost(8, 5, 297609).
cost(8, 6, 695070).
cost(8, 7, 682076).
cost(8, 9, 691840).
cost(8, 10, 468455).
cost(8, 11, 494825).
cost(8, 12, 753010).
cost(8, 13, 343106).
cost(8, 14, 398549).
cost(8, 15, 436921).
cost(8, 16, 441583).
cost(8, 17, 423952).
cost(8, 18, 548579).
cost(8, 19, 884727).
cost(8, 20, 364172).
cost(8, 21, 232274).
cost(8, 22, 715042).
cost(9, 1, 161394).
cost(9, 2, 331051).
cost(9, 3, 317095).
cost(9, 4, 510880).
cost(9, 5, 405554).
cost(9, 6, 240305).
cost(9, 7, 248582).
cost(9, 8, 691840).
cost(9, 10, 475857).
cost(9, 11, 236550).
cost(9, 12, 423466).
cost(9, 13, 530781).
cost(9, 14, 345249).
cost(9, 15, 260010).
cost(9, 16, 265470).
cost(9, 17, 446459).
cost(9, 18, 342755).
cost(9, 19, 193220).
cost(9, 20, 620029).
cost(9, 21, 495600).
cost(9, 22, 349399).
cost(10, 1, 419885).
cost(10, 2, 622725).
cost(10, 3, 295627).
cost(10, 4, 394302).
cost(10, 5, 386632).
cost(10, 6, 640006).
cost(10, 7, 306899).
cost(10, 8, 468455).
cost(10, 9, 475857).
cost(10, 11, 254350).
cost(10, 12, 301287).
cost(10, 13, 130481).
cost(10, 14, 458730).
cost(10, 15, 296065).
cost(10, 16, 268207).
cost(10, 17, 58107).
cost(10, 18, 605464).
cost(10, 19, 638229).
cost(10, 20, 176979).
cost(10, 21, 446342).
cost(10, 22, 287181).
cost(11, 1, 249540).
cost(11, 2, 479354).
cost(11, 3, 134525).
cost(11, 4, 335253).
cost(11, 5, 257376).
cost(11, 6, 387011).
cost(11, 7, 203977).
cost(11, 8, 494825).
cost(11, 9, 236550).
cost(11, 10, 254350).
cost(11, 12, 340141).
cost(11, 13, 294330).
cost(11, 14, 268775).
cost(11, 15, 84035).
cost(11, 16, 61026).
cost(11, 17, 215395).
cost(11, 18, 378322).
cost(11, 19, 420537).
cost(11, 20, 384370).
cost(11, 21, 348860).
cost(11, 22, 274598).
cost(12, 1, 279896).
cost(12, 2, 390366).
cost(12, 3, 463777).
cost(12, 4, 637684).
cost(12, 5, 585704).
cost(12, 6, 656101).
cost(12, 7, 176135).
cost(12, 8, 753010).
cost(12, 9, 423466).
cost(12, 10, 301287).
cost(12, 11, 340141).
cost(12, 13, 430153).
cost(12, 14, 608875).
cost(12, 15, 423278).
cost(12, 16, 396409).
cost(12, 17, 332383).
cost(12, 18, 702294).
cost(12, 19, 502708).
cost(12, 20, 471477).
cost(12, 21, 669898).
cost(12, 22, 74974).
cost(13, 1, 509851).
cost(13, 2, 726994).
cost(13, 3, 273086).
cost(13, 4, 300075).
cost(13, 5, 325299).
cost(13, 6, 652385).
cost(13, 7, 410348).
cost(13, 8, 343106).
cost(13, 9, 530781).
cost(13, 10, 130481).
cost(13, 11, 294330).
cost(13, 12, 430153).
cost(13, 14, 419737).
cost(13, 15, 299823).
cost(13, 16, 279689).
cost(13, 17, 104607).
cost(13, 18, 582153).
cost(13, 19, 710444).
cost(13, 20, 93197).
cost(13, 21, 362067).
cost(13, 22, 409049).
cost(14, 1, 459018).
cost(14, 2, 670636).
cost(14, 3, 163961).
cost(14, 4, 214890).
cost(14, 5, 111630).
cost(14, 6, 296521).
cost(14, 7, 461034).
cost(14, 8, 398549).
cost(14, 9, 345249).
cost(14, 10, 458730).
cost(14, 11, 268775).
cost(14, 12, 608875).
cost(14, 13, 419737).
cost(14, 15, 186848).
cost(14, 16, 215599).
cost(14, 17, 402385).
cost(14, 18, 168103).
cost(14, 19, 524765).
cost(14, 20, 507153).
cost(14, 21, 170127).
cost(14, 22, 541998).
cost(15, 1, 314864).
cost(15, 2, 542650).
cost(15, 3, 60440).
cost(15, 4, 265010).
cost(15, 5, 176850).
cost(15, 6, 353357).
cost(15, 7, 285941).
cost(15, 8, 436921).
cost(15, 9, 260010).
cost(15, 10, 296065).
cost(15, 11, 84035).
cost(15, 12, 423278).
cost(15, 13, 299823).
cost(15, 14, 186848).
cost(15, 16, 29905).
cost(15, 17, 246025).
cost(15, 18, 311963).
cost(15, 19, 452774).
cost(15, 20, 393011).
cost(15, 21, 270009).
cost(15, 22, 358570).
cost(16, 1, 304194).
cost(16, 2, 533547).
cost(16, 3, 73619).
cost(16, 4, 276369).
cost(16, 5, 196383).
cost(16, 6, 376801).
cost(16, 7, 265002).
cost(16, 8, 441583).
cost(16, 9, 265470).
cost(16, 10, 268207).
cost(16, 11, 61026).
cost(16, 12, 396409).
cost(16, 13, 279689).
cost(16, 14, 215599).
cost(16, 15, 29905).
cost(16, 17, 219672).
cost(16, 18, 341477).
cost(16, 19, 456396).
cost(16, 20, 372588).
cost(16, 21, 287897).
cost(16, 22, 333210).
cost(17, 1, 409763).
cost(17, 2, 623578).
cost(17, 3, 240248).
cost(17, 4, 338407).
cost(17, 5, 328552).
cost(17, 6, 595455).
cost(17, 7, 306471).
cost(17, 8, 423952).
cost(17, 9, 446459).
cost(17, 10, 58107).
cost(17, 11, 215395).
cost(17, 12, 332383).
cost(17, 13, 104607).
cost(17, 14, 402385).
cost(17, 15, 246025).
cost(17, 16, 219672).
cost(17, 18, 552083).
cost(17, 19, 618274).
cost(17, 20, 178655).
cost(17, 21, 388948).
cost(17, 22, 305929).
cost(18, 1, 493132).
cost(18, 2, 669179).
cost(18, 3, 313330).
cost(18, 4, 373938).
cost(18, 5, 278664).
cost(18, 6, 177576).
cost(18, 7, 535006).
cost(18, 8, 548579).
cost(18, 9, 342755).
cost(18, 10, 605464).
cost(18, 11, 378322).
cost(18, 12, 702294).
cost(18, 13, 582153).
cost(18, 14, 168103).
cost(18, 15, 311963).
cost(18, 16, 341477).
cost(18, 17, 552083).
cost(18, 19, 479794).
cost(18, 20, 671681).
cost(18, 21, 316693).
cost(18, 22, 629456).
cost(19, 1, 231709).
cost(19, 2, 227296).
cost(19, 3, 510287).
cost(19, 4, 702642).
cost(19, 5, 595611).
cost(19, 6, 322255).
cost(19, 7, 355385).
cost(19, 8, 884727).
cost(19, 9, 193220).
cost(19, 10, 638229).
cost(19, 11, 420537).
cost(19, 12, 502708).
cost(19, 13, 710444).
cost(19, 14, 524765).
cost(19, 15, 452774).
cost(19, 16, 456396).
cost(19, 17, 618274).
cost(19, 18, 479794).
cost(19, 20, 796025).
cost(19, 21, 683425).
cost(19, 22, 439469).
cost(20, 1, 587949).
cost(20, 2, 797771).
cost(20, 3, 365236).
cost(20, 4, 365427).
cost(20, 5, 407595).
cost(20, 6, 745525).
cost(20, 7, 480709).
cost(20, 8, 364172).
cost(20, 9, 620029).
cost(20, 10, 176979).
cost(20, 11, 384370).
cost(20, 12, 471477).
cost(20, 13, 93197).
cost(20, 14, 507153).
cost(20, 15, 393011).
cost(20, 16, 372588).
cost(20, 17, 178655).
cost(20, 18, 671681).
cost(20, 19, 796025).
cost(20, 21, 431962).
cost(20, 22, 463629).
cost(21, 1, 582307).
cost(21, 2, 806489).
cost(21, 3, 214337).
cost(21, 4, 69429).
cost(21, 5, 93845).
cost(21, 6, 465247).
cost(21, 7, 552708).
cost(21, 8, 232274).
cost(21, 9, 495600).
cost(21, 10, 446342).
cost(21, 11, 348860).
cost(21, 12, 669898).
cost(21, 13, 362067).
cost(21, 14, 170127).
cost(21, 15, 270009).
cost(21, 16, 287897).
cost(21, 17, 388948).
cost(21, 18, 316693).
cost(21, 19, 683425).
cost(21, 20, 431962).
cost(21, 22, 613916).
cost(22, 1, 211242).
cost(22, 2, 353810).
cost(22, 3, 403362).
cost(22, 4, 586978).
cost(22, 5, 526660).
cost(22, 6, 581158).
cost(22, 7, 101324).
cost(22, 8, 715042).
cost(22, 9, 349399).
cost(22, 10, 287181).
cost(22, 11, 274598).
cost(22, 12, 74974).
cost(22, 13, 409049).
cost(22, 14, 541998).
cost(22, 15, 358570).
cost(22, 16, 333210).
cost(22, 17, 305929).
cost(22, 18, 629456).
cost(22, 19, 439469).
cost(22, 20, 463629).
cost(22, 21, 613916).
nocross(1,2).
nocross(1,7).
nocross(1,9).
nocross(1,19).
nocross(2,1).
nocross(2,7).
nocross(2,9).
nocross(2,12).
nocross(2,19).
nocross(2,22).
nocross(3,4).
nocross(3,6).
nocross(3,8).
nocross(3,12).
nocross(4,14).
nocross(4,21).
nocross(5,21).
nocross(6,14).
nocross(6,18).
nocross(6,19).
nocross(7,1).
nocross(7,2).
nocross(7,10).
nocross(7,22).
nocross(8,4).
nocross(9,1).
nocross(9,6).
nocross(9,7).
nocross(9,14).
nocross(10,7).
nocross(10,12).
nocross(10,13).
nocross(10,17).
nocross(10,20).
nocross(10,22).
nocross(11,1).
nocross(11,6).
nocross(11,17).
nocross(12,7).
nocross(12,10).
nocross(13,10).
nocross(13,12).
nocross(13,17).
nocross(13,22).
nocross(14,5).
nocross(15,6).
nocross(15,9).
nocross(15,11).
nocross(15,17).
nocross(16,1).
nocross(16,6).
nocross(16,9).
nocross(16,12).
nocross(16,15).
nocross(16,17).
nocross(17,7).
nocross(17,8).
nocross(17,12).
nocross(17,22).
nocross(18,6).
nocross(19,1).
nocross(19,2).
nocross(19,6).
nocross(19,12).
nocross(20,10).
nocross(20,13).
nocross(20,17).
nocross(21,4).
nocross(21,5).
nocross(21,14).
nocross(21,18).
nocross(22,2).
nocross(22,10).
nocross(22,12).
