dimension(22).
point(1, -202225.0, 12287.0).
point(2, 138331.0, 137595.0).
point(3, 8171.0, -336503.0).
point(4, -48407.0, -68617.0).
point(5, -374513.0, 125818.0).
point(6, -15909.0, 32280.0).
point(7, -45341.0, -35544.0).
point(8, 161013.0, -185464.0).
point(9, 141597.0, -249277.0).
point(10, 112966.0, 82381.0).
point(11, 53943.0, 28280.0).
point(12, 101679.0, -150030.0).
point(13, -87839.0, 1494.0).
point(14, -74781.0, 155496.0).
point(15, -112164.0, 419499.0).
point(16, -186177.0, 316919.0).
point(17, -261223.0, 219330.0).
point(18, -51182.0, 152145.0).
point(19, 53908.0, -319713.0).
point(20, -86510.0, 243204.0).
point(21, 68887.0, 280299.0).
point(22, -160191.0, -70375.0).
cost(1, 2, 362878).
cost(1, 3, 407334).
cost(1, 4, 173797).
cost(1, 5, 206331).
cost(1, 6, 187386).
cost(1, 7, 164013).
cost(1, 8, 413579).
cost(1, 9, 432006).
cost(1, 10, 322891).
cost(1, 11, 256667).
cost(1, 12, 344535).
cost(1, 13, 114894).
cost(1, 14, 191705).
cost(1, 15, 417052).
cost(1, 16, 305054).
cost(1, 17, 215285).
cost(1, 18, 205850).
cost(1, 19, 419319).
cost(1, 20, 258288).
cost(1, 21, 381225).
cost(1, 22, 92735).
cost(2, 1, 362878).
cost(2, 3, 491641).
cost(2, 4, 278199).
cost(2, 5, 512979).
cost(2, 6, 186765).
cost(2, 7, 252413).
cost(2, 8, 323854).
cost(2, 9, 386886).
cost(2, 10, 60762).
cost(2, 11, 138098).
cost(2, 12, 289951).
cost(2, 13, 263963).
cost(2, 14, 213863).
cost(2, 15, 377118).
cost(2, 16, 370759).
cost(2, 17, 407828).
cost(2, 18, 190071).
cost(2, 19, 465035).
cost(2, 20, 248408).
cost(2, 21, 158704).
cost(2, 22, 363823).
cost(3, 1, 407334).
cost(3, 2, 491641).
cost(3, 4, 273796).
cost(3, 5, 600156).
cost(3, 6, 369568).
cost(3, 7, 305679).
cost(3, 8, 214880).
cost(3, 9, 159408).
cost(3, 10, 431794).
cost(3, 11, 367643).
cost(3, 12, 208605).
cost(3, 13, 351369).
cost(3, 14, 498943).
cost(3, 15, 765519).
cost(3, 16, 681712).
cost(3, 17, 617676).
cost(3, 18, 492239).
cost(3, 19, 48721).
cost(3, 20, 587388).
cost(3, 21, 619783).
cost(3, 22, 314912).
cost(4, 1, 173797).
cost(4, 2, 278199).
cost(4, 3, 273796).
cost(4, 5, 379671).
cost(4, 6, 106002).
cost(4, 7, 33215).
cost(4, 8, 239812).
cost(4, 9, 262182).
cost(4, 10, 221001).
cost(4, 11, 140942).
cost(4, 12, 170745).
cost(4, 13, 80439).
cost(4, 14, 225660).
cost(4, 15, 492262).
cost(4, 16, 409412).
cost(4, 17, 358056).
cost(4, 18, 220779).
cost(4, 19, 271141).
cost(4, 20, 314140).
cost(4, 21, 368104).
cost(4, 22, 111798).
cost(5, 1, 206331).
cost(5, 2, 512979).
cost(5, 3, 600156).
cost(5, 4, 379671).
cost(5, 6, 370602).
cost(5, 7, 366595).
cost(5, 8, 619423).
cost(5, 9, 638017).
cost(5, 10, 489410).
cost(5, 11, 439418).
cost(5, 12, 550319).
cost(5, 13, 312472).
cost(5, 14, 301198).
cost(5, 15, 393796).
cost(5, 16, 268310).
cost(5, 17, 146898).
cost(5, 18, 324401).
cost(5, 19, 618096).
cost(5, 20, 311007).
cost(5, 21, 469540).
cost(5, 22, 290561).
cost(6, 1, 187386).
cost(6, 2, 186765).
cost(6, 3, 369568).
cost(6, 4, 106002).
cost(6, 5, 370602).
cost(6, 7, 73935).
cost(6, 8, 280560).
cost(6, 9, 322618).
cost(6, 10, 138271).
cost(6, 11, 69966).
cost(6, 12, 216942).
cost(6, 13, 78241).
cost(6, 14, 136558).
cost(6, 15, 399003).
cost(6, 16, 331678).
cost(6, 17, 308491).
cost(6, 18, 124947).
cost(6, 19, 358850).
cost(6, 20, 222426).
cost(6, 21, 262114).
cost(6, 22, 177074).
cost(7, 1, 164013).
cost(7, 2, 252413).
cost(7, 3, 305679).
cost(7, 4, 33215).
cost(7, 5, 366595).
cost(7, 6, 73935).
cost(7, 8, 255065).
cost(7, 9, 283950).
cost(7, 10, 197402).
cost(7, 11, 118029).
cost(7, 12, 186338).
cost(7, 13, 56373).
cost(7, 14, 193295).
cost(7, 15, 459923).
cost(7, 16, 379559).
cost(7, 17, 334015).
cost(7, 18, 187780).
cost(7, 19, 301002).
cost(7, 20, 281772).
cost(7, 21, 335864).
cost(7, 22, 120016).
cost(8, 1, 413579).
cost(8, 2, 323854).
cost(8, 3, 214880).
cost(8, 4, 239812).
cost(8, 5, 619423).
cost(8, 6, 280560).
cost(8, 7, 255065).
cost(8, 9, 66701).
cost(8, 10, 272120).
cost(8, 11, 239062).
cost(8, 12, 69109).
cost(8, 13, 311257).
cost(8, 14, 414551).
cost(8, 15, 663782).
cost(8, 16, 610680).
cost(8, 17, 584929).
cost(8, 18, 398756).
cost(8, 19, 171739).
cost(8, 20, 494999).
cost(8, 21, 474787).
cost(8, 22, 341200).
cost(9, 1, 432006).
cost(9, 2, 386886).
cost(9, 3, 159408).
cost(9, 4, 262182).
cost(9, 5, 638017).
cost(9, 6, 322618).
cost(9, 7, 283950).
cost(9, 8, 66701).
cost(9, 10, 332892).
cost(9, 11, 291069).
cost(9, 12, 106974).
cost(9, 13, 339893).
cost(9, 14, 458978).
cost(9, 15, 715301).
cost(9, 16, 654228).
cost(9, 17, 617945).
cost(9, 18, 445313).
cost(9, 19, 112475).
cost(9, 20, 542743).
cost(9, 21, 534544).
cost(9, 22, 350830).
cost(10, 1, 322891).
cost(10, 2, 60762).
cost(10, 3, 431794).
cost(10, 4, 221001).
cost(10, 5, 489410).
cost(10, 6, 138271).
cost(10, 7, 197402).
cost(10, 8, 272120).
cost(10, 9, 332892).
cost(10, 11, 80066).
cost(10, 12, 232685).
cost(10, 13, 216484).
cost(10, 14, 201481).
cost(10, 15, 405379).
cost(10, 16, 380124).
cost(10, 17, 398463).
cost(10, 18, 178358).
cost(10, 19, 406408).
cost(10, 20, 256232).
cost(10, 21, 202767).
cost(10, 22, 312968).
cost(11, 1, 256667).
cost(11, 2, 138098).
cost(11, 3, 367643).
cost(11, 4, 140942).
cost(11, 5, 439418).
cost(11, 6, 69966).
cost(11, 7, 118029).
cost(11, 8, 239062).
cost(11, 9, 291069).
cost(11, 10, 80066).
cost(11, 12, 184589).
cost(11, 13, 144290).
cost(11, 14, 180980).
cost(11, 15, 425022).
cost(11, 16, 375460).
cost(11, 17, 368551).
cost(11, 18, 162462).
cost(11, 19, 347993).
cost(11, 20, 256748).
cost(11, 21, 252462).
cost(11, 22, 235767).
cost(12, 1, 344535).
cost(12, 2, 289951).
cost(12, 3, 208605).
cost(12, 4, 170745).
cost(12, 5, 550319).
cost(12, 6, 216942).
cost(12, 7, 186338).
cost(12, 8, 69109).
cost(12, 9, 106974).
cost(12, 10, 232685).
cost(12, 11, 184589).
cost(12, 13, 242645).
cost(12, 14, 352823).
cost(12, 15, 608352).
cost(12, 16, 548546).
cost(12, 17, 517808).
cost(12, 18, 338639).
cost(12, 19, 176279).
cost(12, 20, 435945).
cost(12, 21, 431577).
cost(12, 22, 273717).
cost(13, 1, 114894).
cost(13, 2, 263963).
cost(13, 3, 351369).
cost(13, 4, 80439).
cost(13, 5, 312472).
cost(13, 6, 78241).
cost(13, 7, 56373).
cost(13, 8, 311257).
cost(13, 9, 339893).
cost(13, 10, 216484).
cost(13, 11, 144290).
cost(13, 12, 242645).
cost(13, 14, 154555).
cost(13, 15, 418712).
cost(13, 16, 330399).
cost(13, 17, 278414).
cost(13, 18, 155047).
cost(13, 19, 351093).
cost(13, 20, 241714).
cost(13, 21, 319836).
cost(13, 22, 101980).
cost(14, 1, 191705).
cost(14, 2, 213863).
cost(14, 3, 498943).
cost(14, 4, 225660).
cost(14, 5, 301198).
cost(14, 6, 136558).
cost(14, 7, 193295).
cost(14, 8, 414551).
cost(14, 9, 458978).
cost(14, 10, 201481).
cost(14, 11, 180980).
cost(14, 12, 352823).
cost(14, 13, 154555).
cost(14, 15, 266637).
cost(14, 16, 196129).
cost(14, 17, 197067).
cost(14, 18, 23836).
cost(14, 19, 492326).
cost(14, 20, 88489).
cost(14, 21, 190306).
cost(14, 22, 241480).
cost(15, 1, 417052).
cost(15, 2, 377118).
cost(15, 3, 765519).
cost(15, 4, 492262).
cost(15, 5, 393796).
cost(15, 6, 399003).
cost(15, 7, 459923).
cost(15, 8, 663782).
cost(15, 9, 715301).
cost(15, 10, 405379).
cost(15, 11, 425022).
cost(15, 12, 608352).
cost(15, 13, 418712).
cost(15, 14, 266637).
cost(15, 16, 126493).
cost(15, 17, 249572).
cost(15, 18, 274221).
cost(15, 19, 757637).
cost(15, 20, 178152).
cost(15, 21, 228377).
cost(15, 22, 492223).
cost(16, 1, 305054).
cost(16, 2, 370759).
cost(16, 3, 681712).
cost(16, 4, 409412).
cost(16, 5, 268310).
cost(16, 6, 331678).
cost(16, 7, 379559).
cost(16, 8, 610680).
cost(16, 9, 654228).
cost(16, 10, 380124).
cost(16, 11, 375460).
cost(16, 12, 548546).
cost(16, 13, 330399).
cost(16, 14, 196129).
cost(16, 15, 126493).
cost(16, 17, 123108).
cost(16, 18, 213012).
cost(16, 19, 680398).
cost(16, 20, 123965).
cost(16, 21, 257679).
cost(16, 22, 388165).
cost(17, 1, 215285).
cost(17, 2, 407828).
cost(17, 3, 617676).
cost(17, 4, 358056).
cost(17, 5, 146898).
cost(17, 6, 308491).
cost(17, 7, 334015).
cost(17, 8, 584929).
cost(17, 9, 617945).
cost(17, 10, 398463).
cost(17, 11, 368551).
cost(17, 12, 517808).
cost(17, 13, 278414).
cost(17, 14, 197067).
cost(17, 15, 249572).
cost(17, 16, 123108).
cost(17, 18, 220524).
cost(17, 19, 624400).
cost(17, 20, 176337).
cost(17, 21, 335693).
cost(17, 22, 306817).
cost(18, 1, 205850).
cost(18, 2, 190071).
cost(18, 3, 492239).
cost(18, 4, 220779).
cost(18, 5, 324401).
cost(18, 6, 124947).
cost(18, 7, 187780).
cost(18, 8, 398756).
cost(18, 9, 445313).
cost(18, 10, 178358).
cost(18, 11, 162462).
cost(18, 12, 338639).
cost(18, 13, 155047).
cost(18, 14, 23836).
cost(18, 15, 274221).
cost(18, 16, 213012).
cost(18, 17, 220524).
cost(18, 19, 483419).
cost(18, 20, 97672).
cost(18, 21, 175613).
cost(18, 22, 247786).
cost(19, 1, 419319).
cost(19, 2, 465035).
cost(19, 3, 48721).
cost(19, 4, 271141).
cost(19, 5, 618096).
cost(19, 6, 358850).
cost(19, 7, 301002).
cost(19, 8, 171739).
cost(19, 9, 112475).
cost(19, 10, 406408).
cost(19, 11, 347993).
cost(19, 12, 176279).
cost(19, 13, 351093).
cost(19, 14, 492326).
cost(19, 15, 757637).
cost(19, 16, 680398).
cost(19, 17, 624400).
cost(19, 18, 483419).
cost(19, 20, 580166).
cost(19, 21, 600199).
cost(19, 22, 328645).
cost(20, 1, 258288).
cost(20, 2, 248408).
cost(20, 3, 587388).
cost(20, 4, 314140).
cost(20, 5, 311007).
cost(20, 6, 222426).
cost(20, 7, 281772).
cost(20, 8, 494999).
cost(20, 9, 542743).
cost(20, 10, 256232).
cost(20, 11, 256748).
cost(20, 12, 435945).
cost(20, 13, 241714).
cost(20, 14, 88489).
cost(20, 15, 178152).
cost(20, 16, 123965).
cost(20, 17, 176337).
cost(20, 18, 97672).
cost(20, 19, 580166).
cost(20, 21, 159763).
cost(20, 22, 322119).
cost(21, 1, 381225).
cost(21, 2, 158704).
cost(21, 3, 619783).
cost(21, 4, 368104).
cost(21, 5, 469540).
cost(21, 6, 262114).
cost(21, 7, 335864).
cost(21, 8, 474787).
cost(21, 9, 534544).
cost(21, 10, 202767).
cost(21, 11, 252462).
cost(21, 12, 431577).
cost(21, 13, 319836).
cost(21, 14, 190306).
cost(21, 15, 228377).
cost(21, 16, 257679).
cost(21, 17, 335693).
cost(21, 18, 175613).
cost(21, 19, 600199).
cost(21, 20, 159763).
cost(21, 22, 418866).
cost(22, 1, 92735).
cost(22, 2, 363823).
cost(22, 3, 314912).
cost(22, 4, 111798).
cost(22, 5, 290561).
cost(22, 6, 177074).
cost(22, 7, 120016).
cost(22, 8, 341200).
cost(22, 9, 350830).
cost(22, 10, 312968).
cost(22, 11, 235767).
cost(22, 12, 273717).
cost(22, 13, 101980).
cost(22, 14, 241480).
cost(22, 15, 492223).
cost(22, 16, 388165).
cost(22, 17, 306817).
cost(22, 18, 247786).
cost(22, 19, 328645).
cost(22, 20, 322119).
cost(22, 21, 418866).
nocross(1,2).
nocross(1,3).
nocross(1,14).
nocross(1,22).
nocross(2,10).
nocross(2,11).
nocross(2,18).
nocross(4,1).
nocross(4,3).
nocross(4,7).
nocross(4,9).
nocross(4,11).
nocross(4,14).
nocross(5,1).
nocross(5,14).
nocross(6,2).
nocross(6,3).
nocross(6,7).
nocross(6,11).
nocross(6,14).
nocross(7,1).
nocross(7,2).
nocross(7,3).
nocross(7,6).
nocross(7,11).
nocross(7,14).
nocross(8,3).
nocross(8,9).
nocross(8,12).
nocross(9,12).
nocross(10,2).
nocross(10,3).
nocross(10,11).
nocross(11,3).
nocross(11,7).
nocross(11,10).
nocross(11,14).
nocross(11,18).
nocross(12,3).
nocross(12,11).
nocross(13,4).
nocross(13,6).
nocross(13,7).
nocross(13,14).
nocross(14,1).
nocross(14,2).
nocross(14,10).
nocross(14,11).
nocross(14,15).
nocross(14,16).
nocross(14,17).
nocross(14,18).
nocross(14,20).
nocross(15,1).
nocross(15,16).
nocross(15,20).
nocross(16,1).
nocross(16,14).
nocross(16,15).
nocross(16,17).
nocross(16,20).
nocross(17,1).
nocross(17,14).
nocross(17,15).
nocross(17,16).
nocross(17,18).
nocross(17,20).
nocross(18,1).
nocross(18,2).
nocross(18,11).
nocross(18,14).
nocross(18,20).
nocross(20,1).
nocross(20,14).
nocross(20,15).
nocross(20,16).
nocross(20,18).
nocross(21,1).
nocross(21,10).
nocross(21,11).
nocross(21,14).
nocross(21,15).
nocross(21,18).
nocross(21,20).
nocross(22,1).
nocross(22,3).
nocross(22,4).
nocross(22,7).
nocross(22,11).
nocross(22,13).
