dimension(22).
point(1, 155401.0, 17739.0).
point(2, 65925.0, -16887.0).
point(3, 31417.0, 47521.0).
point(4, -229902.0, 298640.0).
point(5, -244160.0, 32137.0).
point(6, 19627.0, -38265.0).
point(7, 145101.0, 185308.0).
point(8, 196956.0, 210446.0).
point(9, 34839.0, -227562.0).
point(10, 218208.0, 9669.0).
point(11, 23211.0, -155362.0).
point(12, 123572.0, 191809.0).
point(13, -102175.0, 354597.0).
point(14, -49861.0, 172118.0).
point(15, -72303.0, 78787.0).
point(16, 405923.0, 268912.0).
point(17, -215459.0, 194292.0).
point(18, -90054.0, 355786.0).
point(19, 301710.0, 42092.0).
point(20, 74521.0, 65967.0).
point(21, -82258.0, 174555.0).
point(22, 45186.0, -22411.0).
cost(1, 2, 95942).
cost(1, 3, 127511).
cost(1, 4, 476827).
cost(1, 5, 399820).
cost(1, 6, 146871).
cost(1, 7, 167885).
cost(1, 8, 197137).
cost(1, 9, 273327).
cost(1, 10, 63323).
cost(1, 11, 217803).
cost(1, 12, 176956).
cost(1, 13, 424050).
cost(1, 14, 256837).
cost(1, 15, 235746).
cost(1, 16, 354752).
cost(1, 17, 410741).
cost(1, 18, 417761).
cost(1, 19, 148322).
cost(1, 20, 94167).
cost(1, 21, 284733).
cost(1, 22, 117300).
cost(2, 1, 95942).
cost(2, 3, 73070).
cost(2, 4, 432517).
cost(2, 5, 313936).
cost(2, 6, 50995).
cost(2, 7, 217144).
cost(2, 8, 262392).
cost(2, 9, 212956).
cost(2, 10, 154581).
cost(2, 11, 144913).
cost(2, 12, 216511).
cost(2, 13, 407747).
cost(2, 14, 221651).
cost(2, 15, 168109).
cost(2, 16, 444162).
cost(2, 17, 351815).
cost(2, 18, 403998).
cost(2, 19, 243050).
cost(2, 20, 83299).
cost(2, 21, 242091).
cost(2, 22, 21462).
cost(3, 1, 127511).
cost(3, 2, 73070).
cost(3, 4, 362420).
cost(3, 5, 276006).
cost(3, 6, 86592).
cost(3, 7, 178632).
cost(3, 8, 232266).
cost(3, 9, 275104).
cost(3, 10, 190588).
cost(3, 11, 203049).
cost(3, 12, 171206).
cost(3, 13, 334877).
cost(3, 14, 148763).
cost(3, 15, 108330).
cost(3, 16, 435050).
cost(3, 17, 287210).
cost(3, 18, 331334).
cost(3, 19, 270348).
cost(3, 20, 46885).
cost(3, 21, 170469).
cost(3, 22, 71275).
cost(4, 1, 476827).
cost(4, 2, 432517).
cost(4, 3, 362420).
cost(4, 5, 266884).
cost(4, 6, 419249).
cost(4, 7, 391754).
cost(4, 8, 435874).
cost(4, 9, 589047).
cost(4, 10, 533204).
cost(4, 11, 519792).
cost(4, 12, 369265).
cost(4, 13, 139447).
cost(4, 14, 220051).
cost(4, 15, 270505).
cost(4, 16, 636520).
cost(4, 17, 105343).
cost(4, 18, 151073).
cost(4, 19, 590278).
cost(4, 20, 383158).
cost(4, 21, 192862).
cost(4, 22, 422785).
cost(5, 1, 399820).
cost(5, 2, 313936).
cost(5, 3, 276006).
cost(5, 4, 266884).
cost(5, 6, 273020).
cost(5, 7, 418313).
cost(5, 8, 475791).
cost(5, 9, 381161).
cost(5, 10, 462914).
cost(5, 11, 326563).
cost(5, 12, 400901).
cost(5, 13, 352335).
cost(5, 14, 239472).
cost(5, 15, 178076).
cost(5, 16, 691860).
cost(5, 17, 164675).
cost(5, 18, 358465).
cost(5, 19, 545961).
cost(5, 20, 320472).
cost(5, 21, 215627).
cost(5, 22, 294443).
cost(6, 1, 146871).
cost(6, 2, 50995).
cost(6, 3, 86592).
cost(6, 4, 419249).
cost(6, 5, 273020).
cost(6, 7, 256376).
cost(6, 8, 305455).
cost(6, 9, 189907).
cost(6, 10, 204284).
cost(6, 11, 117152).
cost(6, 12, 252465).
cost(6, 13, 411310).
cost(6, 14, 221562).
cost(6, 15, 148836).
cost(6, 16, 493541).
cost(6, 17, 330678).
cost(6, 18, 409031).
cost(6, 19, 293305).
cost(6, 20, 117803).
cost(6, 21, 235951).
cost(6, 22, 30077).
cost(7, 1, 167885).
cost(7, 2, 217144).
cost(7, 3, 178632).
cost(7, 4, 391754).
cost(7, 5, 418313).
cost(7, 6, 256376).
cost(7, 8, 57627).
cost(7, 9, 427340).
cost(7, 10, 190246).
cost(7, 11, 361819).
cost(7, 12, 22489).
cost(7, 13, 299673).
cost(7, 14, 195408).
cost(7, 15, 242098).
cost(7, 16, 273894).
cost(7, 17, 360672).
cost(7, 18, 290449).
cost(7, 19, 212220).
cost(7, 20, 138650).
cost(7, 21, 227613).
cost(7, 22, 230500).
cost(8, 1, 197137).
cost(8, 2, 262392).
cost(8, 3, 232266).
cost(8, 4, 435874).
cost(8, 5, 475791).
cost(8, 6, 305455).
cost(8, 7, 57627).
cost(8, 9, 467047).
cost(8, 10, 201899).
cost(8, 11, 404973).
cost(8, 12, 75714).
cost(8, 13, 332053).
cost(8, 14, 249775).
cost(8, 15, 299724).
cost(8, 16, 216992).
cost(8, 17, 412731).
cost(8, 18, 321712).
cost(8, 19, 198284).
cost(8, 20, 189379).
cost(8, 21, 281511).
cost(8, 22, 277951).
cost(9, 1, 273327).
cost(9, 2, 212956).
cost(9, 3, 275104).
cost(9, 4, 589047).
cost(9, 5, 381161).
cost(9, 6, 189907).
cost(9, 7, 427340).
cost(9, 8, 467047).
cost(9, 10, 299838).
cost(9, 11, 73130).
cost(9, 12, 428656).
cost(9, 13, 598065).
cost(9, 14, 408556).
cost(9, 15, 324544).
cost(9, 16, 619830).
cost(9, 17, 490520).
cost(9, 18, 596568).
cost(9, 19, 379386).
cost(9, 20, 296199).
cost(9, 21, 418820).
cost(9, 22, 205412).
cost(10, 1, 63323).
cost(10, 2, 154581).
cost(10, 3, 190588).
cost(10, 4, 533204).
cost(10, 5, 462914).
cost(10, 6, 204284).
cost(10, 7, 190246).
cost(10, 8, 201899).
cost(10, 9, 299838).
cost(10, 11, 255459).
cost(10, 12, 205258).
cost(10, 13, 470766).
cost(10, 14, 313450).
cost(10, 15, 298620).
cost(10, 16, 320069).
cost(10, 17, 471331).
cost(10, 18, 463489).
cost(10, 19, 89576).
cost(10, 20, 154322).
cost(10, 21, 342735).
cost(10, 22, 175971).
cost(11, 1, 217803).
cost(11, 2, 144913).
cost(11, 3, 203049).
cost(11, 4, 519792).
cost(11, 5, 326563).
cost(11, 6, 117152).
cost(11, 7, 361819).
cost(11, 8, 404973).
cost(11, 9, 73130).
cost(11, 10, 255459).
cost(11, 12, 361386).
cost(11, 13, 525147).
cost(11, 14, 335533).
cost(11, 15, 252881).
cost(11, 16, 571382).
cost(11, 17, 423345).
cost(11, 18, 523547).
cost(11, 19, 341394).
cost(11, 20, 227199).
cost(11, 21, 346365).
cost(11, 22, 134755).
cost(12, 1, 176956).
cost(12, 2, 216511).
cost(12, 3, 171206).
cost(12, 4, 369265).
cost(12, 5, 400901).
cost(12, 6, 252465).
cost(12, 7, 22489).
cost(12, 8, 75714).
cost(12, 9, 428656).
cost(12, 10, 205258).
cost(12, 11, 361386).
cost(12, 13, 278319).
cost(12, 14, 174547).
cost(12, 15, 226144).
cost(12, 16, 292689).
cost(12, 17, 339040).
cost(12, 18, 269304).
cost(12, 19, 232698).
cost(12, 20, 135064).
cost(12, 21, 206552).
cost(12, 22, 228111).
cost(13, 1, 424050).
cost(13, 2, 407747).
cost(13, 3, 334877).
cost(13, 4, 139447).
cost(13, 5, 352335).
cost(13, 6, 411310).
cost(13, 7, 299673).
cost(13, 8, 332053).
cost(13, 9, 598065).
cost(13, 10, 470766).
cost(13, 11, 525147).
cost(13, 12, 278319).
cost(13, 14, 189830).
cost(13, 15, 277423).
cost(13, 16, 515272).
cost(13, 17, 196293).
cost(13, 18, 12179).
cost(13, 19, 510669).
cost(13, 20, 338421).
cost(13, 21, 181140).
cost(13, 22, 404784).
cost(14, 1, 256837).
cost(14, 2, 221651).
cost(14, 3, 148763).
cost(14, 4, 220051).
cost(14, 5, 239472).
cost(14, 6, 221562).
cost(14, 7, 195408).
cost(14, 8, 249775).
cost(14, 9, 408556).
cost(14, 10, 313450).
cost(14, 11, 335533).
cost(14, 12, 174547).
cost(14, 13, 189830).
cost(14, 15, 95991).
cost(14, 16, 465949).
cost(14, 17, 167076).
cost(14, 18, 188014).
cost(14, 19, 374845).
cost(14, 20, 163520).
cost(14, 21, 32489).
cost(14, 22, 216507).
cost(15, 1, 235746).
cost(15, 2, 168109).
cost(15, 3, 108330).
cost(15, 4, 270505).
cost(15, 5, 178076).
cost(15, 6, 148836).
cost(15, 7, 242098).
cost(15, 8, 299724).
cost(15, 9, 324544).
cost(15, 10, 298620).
cost(15, 11, 252881).
cost(15, 12, 226144).
cost(15, 13, 277423).
cost(15, 14, 95991).
cost(15, 16, 514633).
cost(15, 17, 183943).
cost(15, 18, 277567).
cost(15, 19, 375809).
cost(15, 20, 147383).
cost(15, 21, 96284).
cost(15, 22, 155064).
cost(16, 1, 354752).
cost(16, 2, 444162).
cost(16, 3, 435050).
cost(16, 4, 636520).
cost(16, 5, 691860).
cost(16, 6, 493541).
cost(16, 7, 273894).
cost(16, 8, 216992).
cost(16, 9, 619830).
cost(16, 10, 320069).
cost(16, 11, 571382).
cost(16, 12, 292689).
cost(16, 13, 515272).
cost(16, 14, 465949).
cost(16, 15, 514633).
cost(16, 17, 625846).
cost(16, 18, 503528).
cost(16, 19, 249615).
cost(16, 20, 388605).
cost(16, 21, 497216).
cost(16, 22, 463681).
cost(17, 1, 410741).
cost(17, 2, 351815).
cost(17, 3, 287210).
cost(17, 4, 105343).
cost(17, 5, 164675).
cost(17, 6, 330678).
cost(17, 7, 360672).
cost(17, 8, 412731).
cost(17, 9, 490520).
cost(17, 10, 471331).
cost(17, 11, 423345).
cost(17, 12, 339040).
cost(17, 13, 196293).
cost(17, 14, 167076).
cost(17, 15, 183943).
cost(17, 16, 625846).
cost(17, 18, 204467).
cost(17, 19, 539100).
cost(17, 20, 317105).
cost(17, 21, 134655).
cost(17, 22, 338963).
cost(18, 1, 417761).
cost(18, 2, 403998).
cost(18, 3, 331334).
cost(18, 4, 151073).
cost(18, 5, 358465).
cost(18, 6, 409031).
cost(18, 7, 290449).
cost(18, 8, 321712).
cost(18, 9, 596568).
cost(18, 10, 463489).
cost(18, 11, 523547).
cost(18, 12, 269304).
cost(18, 13, 12179).
cost(18, 14, 188014).
cost(18, 15, 277567).
cost(18, 16, 503528).
cost(18, 17, 204467).
cost(18, 19, 501879).
cost(18, 20, 333287).
cost(18, 21, 181399).
cost(18, 22, 401650).
cost(19, 1, 148322).
cost(19, 2, 243050).
cost(19, 3, 270348).
cost(19, 4, 590278).
cost(19, 5, 545961).
cost(19, 6, 293305).
cost(19, 7, 212220).
cost(19, 8, 198284).
cost(19, 9, 379386).
cost(19, 10, 89576).
cost(19, 11, 341394).
cost(19, 12, 232698).
cost(19, 13, 510669).
cost(19, 14, 374845).
cost(19, 15, 375809).
cost(19, 16, 249615).
cost(19, 17, 539100).
cost(19, 18, 501879).
cost(19, 20, 228440).
cost(19, 21, 406175).
cost(19, 22, 264509).
cost(20, 1, 94167).
cost(20, 2, 83299).
cost(20, 3, 46885).
cost(20, 4, 383158).
cost(20, 5, 320472).
cost(20, 6, 117803).
cost(20, 7, 138650).
cost(20, 8, 189379).
cost(20, 9, 296199).
cost(20, 10, 154322).
cost(20, 11, 227199).
cost(20, 12, 135064).
cost(20, 13, 338421).
cost(20, 14, 163520).
cost(20, 15, 147383).
cost(20, 16, 388605).
cost(20, 17, 317105).
cost(20, 18, 333287).
cost(20, 19, 228440).
cost(20, 21, 190712).
cost(20, 22, 93119).
cost(21, 1, 284733).
cost(21, 2, 242091).
cost(21, 3, 170469).
cost(21, 4, 192862).
cost(21, 5, 215627).
cost(21, 6, 235951).
cost(21, 7, 227613).
cost(21, 8, 281511).
cost(21, 9, 418820).
cost(21, 10, 342735).
cost(21, 11, 346365).
cost(21, 12, 206552).
cost(21, 13, 181140).
cost(21, 14, 32489).
cost(21, 15, 96284).
cost(21, 16, 497216).
cost(21, 17, 134655).
cost(21, 18, 181399).
cost(21, 19, 406175).
cost(21, 20, 190712).
cost(21, 22, 234601).
cost(22, 1, 117300).
cost(22, 2, 21462).
cost(22, 3, 71275).
cost(22, 4, 422785).
cost(22, 5, 294443).
cost(22, 6, 30077).
cost(22, 7, 230500).
cost(22, 8, 277951).
cost(22, 9, 205412).
cost(22, 10, 175971).
cost(22, 11, 134755).
cost(22, 12, 228111).
cost(22, 13, 404784).
cost(22, 14, 216507).
cost(22, 15, 155064).
cost(22, 16, 463681).
cost(22, 17, 338963).
cost(22, 18, 401650).
cost(22, 19, 264509).
cost(22, 20, 93119).
cost(22, 21, 234601).
nocross(1,7).
nocross(1,12).
nocross(1,14).
nocross(1,20).
nocross(2,1).
nocross(2,14).
nocross(2,15).
nocross(3,12).
nocross(3,14).
nocross(3,15).
nocross(3,19).
nocross(3,21).
nocross(4,15).
nocross(4,17).
nocross(4,21).
nocross(5,12).
nocross(5,14).
nocross(5,15).
nocross(5,17).
nocross(5,21).
nocross(6,14).
nocross(6,15).
nocross(6,20).
nocross(7,8).
nocross(7,12).
nocross(7,14).
nocross(7,16).
nocross(7,19).
nocross(8,7).
nocross(8,16).
nocross(8,19).
nocross(10,7).
nocross(10,12).
nocross(10,20).
nocross(11,1).
nocross(11,2).
nocross(11,22).
nocross(12,7).
nocross(12,13).
nocross(12,14).
nocross(12,18).
nocross(12,20).
nocross(13,4).
nocross(13,12).
nocross(13,14).
nocross(13,20).
nocross(13,21).
nocross(14,7).
nocross(14,12).
nocross(14,13).
nocross(14,15).
nocross(14,18).
nocross(14,21).
nocross(15,5).
nocross(15,7).
nocross(15,12).
nocross(15,14).
nocross(15,20).
nocross(15,21).
nocross(16,19).
nocross(17,4).
nocross(17,5).
nocross(17,12).
nocross(17,13).
nocross(17,15).
nocross(17,18).
nocross(17,21).
nocross(18,4).
nocross(18,12).
nocross(18,13).
nocross(18,14).
nocross(18,20).
nocross(18,21).
nocross(19,1).
nocross(19,10).
nocross(19,12).
nocross(20,2).
nocross(20,14).
nocross(20,15).
nocross(20,19).
nocross(20,21).
nocross(21,4).
nocross(21,12).
nocross(21,13).
nocross(21,14).
nocross(21,15).
nocross(21,18).
nocross(22,6).
nocross(22,14).
nocross(22,15).
