dimension(22).
point(1, 136143.0, -192550.0).
point(2, -57838.0, 345173.0).
point(3, 166745.0, -64171.0).
point(4, -256014.0, -269994.0).
point(5, -360804.0, 91917.0).
point(6, -18508.0, -180523.0).
point(7, -412939.0, -227000.0).
point(8, 198008.0, 198707.0).
point(9, -10723.0, -240224.0).
point(10, 826.0, -38768.0).
point(11, 136905.0, -25214.0).
point(12, 24213.0, -333008.0).
point(13, -516788.0, 171503.0).
point(14, -315116.0, 213044.0).
point(15, 400556.0, 294903.0).
point(16, -98427.0, 130967.0).
point(17, -73677.0, -257536.0).
point(18, -34103.0, -229870.0).
point(19, -425438.0, -107046.0).
point(20, 295501.0, -150790.0).
point(21, 59652.0, 360813.0).
point(22, -62200.0, -237082.0).
cost(1, 2, 571642).
cost(1, 3, 131976).
cost(1, 4, 399731).
cost(1, 5, 572606).
cost(1, 6, 155118).
cost(1, 7, 550162).
cost(1, 8, 396118).
cost(1, 9, 154410).
cost(1, 10, 204840).
cost(1, 11, 167338).
cost(1, 12, 179602).
cost(1, 13, 747565).
cost(1, 14, 606746).
cost(1, 15, 554549).
cost(1, 16, 399608).
cost(1, 17, 219653).
cost(1, 18, 174289).
cost(1, 19, 568053).
cost(1, 20, 164739).
cost(1, 21, 558625).
cost(1, 22, 203281).
cost(2, 1, 571642).
cost(2, 3, 466905).
cost(2, 4, 646300).
cost(2, 5, 394876).
cost(2, 6, 527165).
cost(2, 7, 673408).
cost(2, 8, 294804).
cost(2, 9, 587290).
cost(2, 10, 388397).
cost(2, 11, 418463).
cost(2, 12, 683127).
cost(2, 13, 490710).
cost(2, 14, 289223).
cost(2, 15, 461142).
cost(2, 16, 218018).
cost(2, 17, 602917).
cost(2, 18, 575533).
cost(2, 19, 582779).
cost(2, 20, 608956).
cost(2, 21, 118526).
cost(2, 22, 582271).
cost(3, 1, 131976).
cost(3, 2, 466905).
cost(3, 4, 470200).
cost(3, 5, 550156).
cost(3, 6, 218761).
cost(3, 7, 602119).
cost(3, 8, 264730).
cost(3, 9, 249979).
cost(3, 10, 167852).
cost(3, 11, 49072).
cost(3, 12, 304284).
cost(3, 13, 723021).
cost(3, 14, 555912).
cost(3, 15, 428488).
cost(3, 16, 329234).
cost(3, 17, 308533).
cost(3, 18, 260377).
cost(3, 19, 593733).
cost(3, 20, 155180).
cost(3, 21, 438270).
cost(3, 22, 286904).
cost(4, 1, 399731).
cost(4, 2, 646300).
cost(4, 3, 470200).
cost(4, 5, 376776).
cost(4, 6, 253799).
cost(4, 7, 162708).
cost(4, 8, 652546).
cost(4, 9, 247091).
cost(4, 10, 345590).
cost(4, 11, 462928).
cost(4, 12, 287225).
cost(4, 13, 512760).
cost(4, 14, 486640).
cost(4, 15, 866137).
cost(4, 16, 430817).
cost(4, 17, 182762).
cost(4, 18, 225509).
cost(4, 19, 235067).
cost(4, 20, 564250).
cost(4, 21, 705381).
cost(4, 22, 196589).
cost(5, 1, 572606).
cost(5, 2, 394876).
cost(5, 3, 550156).
cost(5, 4, 376776).
cost(5, 6, 437482).
cost(5, 7, 323150).
cost(5, 8, 568924).
cost(5, 9, 482571).
cost(5, 10, 384519).
cost(5, 11, 511306).
cost(5, 12, 573410).
cost(5, 13, 175114).
cost(5, 14, 129457).
cost(5, 15, 787955).
cost(5, 16, 265267).
cost(5, 17, 452282).
cost(5, 18, 458563).
cost(5, 19, 209198).
cost(5, 20, 699745).
cost(5, 21, 499087).
cost(5, 22, 444302).
cost(6, 1, 155118).
cost(6, 2, 527165).
cost(6, 3, 218761).
cost(6, 4, 253799).
cost(6, 5, 437482).
cost(6, 7, 397160).
cost(6, 8, 436686).
cost(6, 9, 60206).
cost(6, 10, 143067).
cost(6, 11, 219714).
cost(6, 12, 158356).
cost(6, 13, 610086).
cost(6, 14, 492820).
cost(6, 15, 633754).
cost(6, 16, 321579).
cost(6, 17, 94734).
cost(6, 18, 51753).
cost(6, 19, 413510).
cost(6, 20, 315414).
cost(6, 21, 546949).
cost(6, 22, 71470).
cost(7, 1, 550162).
cost(7, 2, 673408).
cost(7, 3, 602119).
cost(7, 4, 162708).
cost(7, 5, 323150).
cost(7, 6, 397160).
cost(7, 8, 744636).
cost(7, 9, 402433).
cost(7, 10, 454569).
cost(7, 11, 585701).
cost(7, 12, 449822).
cost(7, 13, 411812).
cost(7, 14, 450786).
cost(7, 15, 966518).
cost(7, 16, 476506).
cost(7, 17, 340633).
cost(7, 18, 378847).
cost(7, 19, 120603).
cost(7, 20, 712527).
cost(7, 21, 754232).
cost(7, 22, 350884).
cost(8, 1, 396118).
cost(8, 2, 294804).
cost(8, 3, 264730).
cost(8, 4, 652546).
cost(8, 5, 568924).
cost(8, 6, 436686).
cost(8, 7, 744636).
cost(8, 9, 486034).
cost(8, 10, 308667).
cost(8, 11, 232108).
cost(8, 12, 559397).
cost(8, 13, 715313).
cost(8, 14, 513324).
cost(8, 15, 224231).
cost(8, 16, 304076).
cost(8, 17, 531009).
cost(8, 18, 487395).
cost(8, 19, 694384).
cost(8, 20, 362840).
cost(8, 21, 213121).
cost(8, 22, 507563).
cost(9, 1, 154410).
cost(9, 2, 587290).
cost(9, 3, 249979).
cost(9, 4, 247091).
cost(9, 5, 482571).
cost(9, 6, 60206).
cost(9, 7, 402433).
cost(9, 8, 486034).
cost(9, 10, 201787).
cost(9, 11, 260813).
cost(9, 12, 99143).
cost(9, 13, 652396).
cost(9, 14, 545992).
cost(9, 15, 674916).
cost(9, 16, 381412).
cost(9, 17, 65291).
cost(9, 18, 25570).
cost(9, 19, 435574).
cost(9, 20, 319017).
cost(9, 21, 605143).
cost(9, 22, 51573).
cost(10, 1, 204840).
cost(10, 2, 388397).
cost(10, 3, 167852).
cost(10, 4, 345590).
cost(10, 5, 384519).
cost(10, 6, 143067).
cost(10, 7, 454569).
cost(10, 8, 308667).
cost(10, 9, 201787).
cost(10, 11, 136752).
cost(10, 12, 295168).
cost(10, 13, 558693).
cost(10, 14, 404016).
cost(10, 15, 520692).
cost(10, 16, 196624).
cost(10, 17, 231106).
cost(10, 18, 194268).
cost(10, 19, 431698).
cost(10, 20, 315250).
cost(10, 21, 403888).
cost(10, 22, 208088).
cost(11, 1, 167338).
cost(11, 2, 418463).
cost(11, 3, 49072).
cost(11, 4, 462928).
cost(11, 5, 511306).
cost(11, 6, 219714).
cost(11, 7, 585701).
cost(11, 8, 232108).
cost(11, 9, 260813).
cost(11, 10, 136752).
cost(11, 12, 327775).
cost(11, 13, 682651).
cost(11, 14, 510970).
cost(11, 15, 414713).
cost(11, 16, 282442).
cost(11, 17, 313557).
cost(11, 18, 266698).
cost(11, 19, 568266).
cost(11, 20, 202292).
cost(11, 21, 393681).
cost(11, 22, 290742).
cost(12, 1, 179602).
cost(12, 2, 683127).
cost(12, 3, 304284).
cost(12, 4, 287225).
cost(12, 5, 573410).
cost(12, 6, 158356).
cost(12, 7, 449822).
cost(12, 8, 559397).
cost(12, 9, 99143).
cost(12, 10, 295168).
cost(12, 11, 327775).
cost(12, 13, 739739).
cost(12, 14, 642897).
cost(12, 15, 732056).
cost(12, 16, 479910).
cost(12, 17, 123606).
cost(12, 18, 118483).
cost(12, 19, 503234).
cost(12, 20, 326804).
cost(12, 21, 694725).
cost(12, 22, 129108).
cost(13, 1, 747565).
cost(13, 2, 490710).
cost(13, 3, 723021).
cost(13, 4, 512760).
cost(13, 5, 175114).
cost(13, 6, 610086).
cost(13, 7, 411812).
cost(13, 8, 715313).
cost(13, 9, 652396).
cost(13, 10, 558693).
cost(13, 11, 682651).
cost(13, 12, 739739).
cost(13, 14, 205906).
cost(13, 15, 925607).
cost(13, 16, 420320).
cost(13, 17, 616783).
cost(13, 18, 627762).
cost(13, 19, 293146).
cost(13, 20, 873891).
cost(13, 21, 606730).
cost(13, 22, 611222).
cost(14, 1, 606746).
cost(14, 2, 289223).
cost(14, 3, 555912).
cost(14, 4, 486640).
cost(14, 5, 129457).
cost(14, 6, 492820).
cost(14, 7, 450786).
cost(14, 8, 513324).
cost(14, 9, 545992).
cost(14, 10, 404016).
cost(14, 11, 510970).
cost(14, 12, 642897).
cost(14, 13, 205906).
cost(14, 15, 720338).
cost(14, 16, 231713).
cost(14, 17, 528903).
cost(14, 18, 524539).
cost(14, 19, 338568).
cost(14, 20, 710794).
cost(14, 21, 402848).
cost(14, 22, 516314).
cost(15, 1, 554549).
cost(15, 2, 461142).
cost(15, 3, 428488).
cost(15, 4, 866137).
cost(15, 5, 787955).
cost(15, 6, 633754).
cost(15, 7, 966518).
cost(15, 8, 224231).
cost(15, 9, 674916).
cost(15, 10, 520692).
cost(15, 11, 414713).
cost(15, 12, 732056).
cost(15, 13, 925607).
cost(15, 14, 720338).
cost(15, 16, 525223).
cost(15, 17, 728070).
cost(15, 18, 681407).
cost(15, 19, 918602).
cost(15, 20, 457907).
cost(15, 21, 347217).
cost(15, 22, 705089).
cost(16, 1, 399608).
cost(16, 2, 218018).
cost(16, 3, 329234).
cost(16, 4, 430817).
cost(16, 5, 265267).
cost(16, 6, 321579).
cost(16, 7, 476506).
cost(16, 8, 304076).
cost(16, 9, 381412).
cost(16, 10, 196624).
cost(16, 11, 282442).
cost(16, 12, 479910).
cost(16, 13, 420320).
cost(16, 14, 231713).
cost(16, 15, 525223).
cost(16, 17, 389291).
cost(16, 18, 366525).
cost(16, 19, 404458).
cost(16, 20, 484320).
cost(16, 21, 278959).
cost(16, 22, 369828).
cost(17, 1, 219653).
cost(17, 2, 602917).
cost(17, 3, 308533).
cost(17, 4, 182762).
cost(17, 5, 452282).
cost(17, 6, 94734).
cost(17, 7, 340633).
cost(17, 8, 531009).
cost(17, 9, 65291).
cost(17, 10, 231106).
cost(17, 11, 313557).
cost(17, 12, 123606).
cost(17, 13, 616783).
cost(17, 14, 528903).
cost(17, 15, 728070).
cost(17, 16, 389291).
cost(17, 18, 48286).
cost(17, 19, 382600).
cost(17, 20, 384301).
cost(17, 21, 632560).
cost(17, 22, 23454).
cost(18, 1, 174289).
cost(18, 2, 575533).
cost(18, 3, 260377).
cost(18, 4, 225509).
cost(18, 5, 458563).
cost(18, 6, 51753).
cost(18, 7, 378847).
cost(18, 8, 487395).
cost(18, 9, 25570).
cost(18, 10, 194268).
cost(18, 11, 266698).
cost(18, 12, 118483).
cost(18, 13, 627762).
cost(18, 14, 524539).
cost(18, 15, 681407).
cost(18, 16, 366525).
cost(18, 17, 48286).
cost(18, 19, 410157).
cost(18, 20, 338958).
cost(18, 21, 598077).
cost(18, 22, 29008).
cost(19, 1, 568053).
cost(19, 2, 582779).
cost(19, 3, 593733).
cost(19, 4, 235067).
cost(19, 5, 209198).
cost(19, 6, 413510).
cost(19, 7, 120603).
cost(19, 8, 694384).
cost(19, 9, 435574).
cost(19, 10, 431698).
cost(19, 11, 568266).
cost(19, 12, 503234).
cost(19, 13, 293146).
cost(19, 14, 338568).
cost(19, 15, 918602).
cost(19, 16, 404458).
cost(19, 17, 382600).
cost(19, 18, 410157).
cost(19, 20, 722265).
cost(19, 21, 673947).
cost(19, 22, 385812).
cost(20, 1, 164739).
cost(20, 2, 608956).
cost(20, 3, 155180).
cost(20, 4, 564250).
cost(20, 5, 699745).
cost(20, 6, 315414).
cost(20, 7, 712527).
cost(20, 8, 362840).
cost(20, 9, 319017).
cost(20, 10, 315250).
cost(20, 11, 202292).
cost(20, 12, 326804).
cost(20, 13, 873891).
cost(20, 14, 710794).
cost(20, 15, 457907).
cost(20, 16, 484320).
cost(20, 17, 384301).
cost(20, 18, 338958).
cost(20, 19, 722265).
cost(20, 21, 563349).
cost(20, 22, 367962).
cost(21, 1, 558625).
cost(21, 2, 118526).
cost(21, 3, 438270).
cost(21, 4, 705381).
cost(21, 5, 499087).
cost(21, 6, 546949).
cost(21, 7, 754232).
cost(21, 8, 213121).
cost(21, 9, 605143).
cost(21, 10, 403888).
cost(21, 11, 393681).
cost(21, 12, 694725).
cost(21, 13, 606730).
cost(21, 14, 402848).
cost(21, 15, 347217).
cost(21, 16, 278959).
cost(21, 17, 632560).
cost(21, 18, 598077).
cost(21, 19, 673947).
cost(21, 20, 563349).
cost(21, 22, 610185).
cost(22, 1, 203281).
cost(22, 2, 582271).
cost(22, 3, 286904).
cost(22, 4, 196589).
cost(22, 5, 444302).
cost(22, 6, 71470).
cost(22, 7, 350884).
cost(22, 8, 507563).
cost(22, 9, 51573).
cost(22, 10, 208088).
cost(22, 11, 290742).
cost(22, 12, 129108).
cost(22, 13, 611222).
cost(22, 14, 516314).
cost(22, 15, 705089).
cost(22, 16, 369828).
cost(22, 17, 23454).
cost(22, 18, 29008).
cost(22, 19, 385812).
cost(22, 20, 367962).
cost(22, 21, 610185).
nocross(1,3).
nocross(1,9).
nocross(1,11).
nocross(1,12).
nocross(2,4).
nocross(2,5).
nocross(2,8).
nocross(2,11).
nocross(2,14).
nocross(2,16).
nocross(3,11).
nocross(3,15).
nocross(3,21).
nocross(4,6).
nocross(4,17).
nocross(4,22).
nocross(5,2).
nocross(5,4).
nocross(5,6).
nocross(5,10).
nocross(5,11).
nocross(5,16).
nocross(5,17).
nocross(5,19).
nocross(5,22).
nocross(6,1).
nocross(6,4).
nocross(6,11).
nocross(6,19).
nocross(7,4).
nocross(7,17).
nocross(7,19).
nocross(8,2).
nocross(8,10).
nocross(8,11).
nocross(8,15).
nocross(8,16).
nocross(8,21).
nocross(9,6).
nocross(9,11).
nocross(9,12).
nocross(9,17).
nocross(9,22).
nocross(10,4).
nocross(10,6).
nocross(10,8).
nocross(10,11).
nocross(10,14).
nocross(10,16).
nocross(10,19).
nocross(10,21).
nocross(11,3).
nocross(11,6).
nocross(11,8).
nocross(11,10).
nocross(11,15).
nocross(11,16).
nocross(11,21).
nocross(12,1).
nocross(12,4).
nocross(12,9).
nocross(12,11).
nocross(12,17).
nocross(13,2).
nocross(13,5).
nocross(13,14).
nocross(13,19).
nocross(14,2).
nocross(14,5).
nocross(14,16).
nocross(15,2).
nocross(15,8).
nocross(15,21).
nocross(16,2).
nocross(16,4).
nocross(16,5).
nocross(16,6).
nocross(16,8).
nocross(16,10).
nocross(16,11).
nocross(16,14).
nocross(16,19).
nocross(16,21).
nocross(17,4).
nocross(17,9).
nocross(17,11).
nocross(17,19).
nocross(18,6).
nocross(18,9).
nocross(18,11).
nocross(18,17).
nocross(18,22).
nocross(20,1).
nocross(20,9).
nocross(20,11).
nocross(20,12).
nocross(20,15).
nocross(20,17).
nocross(21,2).
nocross(21,8).
nocross(22,4).
nocross(22,6).
nocross(22,9).
nocross(22,11).
nocross(22,17).
nocross(22,18).
nocross(22,19).
