dimension(22).
point(1, -554200.0, -233037.0).
point(2, -314263.0, 383945.0).
point(3, 78745.0, -129328.0).
point(4, 133290.0, -97319.0).
point(5, 348821.0, -133723.0).
point(6, 151496.0, -152707.0).
point(7, 226888.0, -57866.0).
point(8, 309610.0, -54808.0).
point(9, -47681.0, -239094.0).
point(10, -172672.0, -51843.0).
point(11, -141033.0, -63647.0).
point(12, 13990.0, 62403.0).
point(13, -261259.0, -70414.0).
point(14, 190142.0, 465731.0).
point(15, 107617.0, 236277.0).
point(16, 96589.0, 90474.0).
point(17, 146008.0, -356202.0).
point(18, 106601.0, -103293.0).
point(19, 109894.0, -139760.0).
point(20, -179452.0, 226336.0).
point(21, -269569.0, -349938.0).
point(22, -120313.0, -325709.0).
cost(1, 2, 661994).
cost(1, 3, 641385).
cost(1, 4, 700758).
cost(1, 5, 908466).
cost(1, 6, 710253).
cost(1, 7, 800489).
cost(1, 8, 882005).
cost(1, 9, 506555).
cost(1, 10, 422368).
cost(1, 11, 446542).
cost(1, 12, 640410).
cost(1, 13, 335053).
cost(1, 14, 1020942).
cost(1, 15, 811331).
cost(1, 16, 726764).
cost(1, 17, 710958).
cost(1, 18, 673418).
cost(1, 19, 670613).
cost(1, 20, 592840).
cost(1, 21, 307702).
cost(1, 22, 443673).
cost(2, 1, 661994).
cost(2, 3, 646455).
cost(2, 4, 657205).
cost(2, 5, 841226).
cost(2, 6, 710582).
cost(2, 7, 698600).
cost(2, 8, 762707).
cost(2, 9, 677675).
cost(2, 10, 458213).
cost(2, 11, 479945).
cost(2, 12, 459499).
cost(2, 13, 457440).
cost(2, 14, 510993).
cost(2, 15, 446977).
cost(2, 16, 504901).
cost(2, 17, 871589).
cost(2, 18, 643838).
cost(2, 19, 673926).
cost(2, 20, 207400).
cost(2, 21, 735243).
cost(2, 22, 735680).
cost(3, 1, 641385).
cost(3, 2, 646455).
cost(3, 4, 63243).
cost(3, 5, 270112).
cost(3, 6, 76415).
cost(3, 7, 164478).
cost(3, 8, 242594).
cost(3, 9, 167428).
cost(3, 10, 263086).
cost(3, 11, 229383).
cost(3, 12, 202371).
cost(3, 13, 345070).
cost(3, 14, 605396).
cost(3, 15, 366743).
cost(3, 16, 220525).
cost(3, 17, 236635).
cost(3, 18, 38128).
cost(3, 19, 32849).
cost(3, 20, 439503).
cost(3, 21, 412300).
cost(3, 22, 279624).
cost(4, 1, 700758).
cost(4, 2, 657205).
cost(4, 3, 63243).
cost(4, 5, 218584).
cost(4, 6, 58303).
cost(4, 7, 101573).
cost(4, 8, 181372).
cost(4, 9, 229893).
cost(4, 10, 309323).
cost(4, 11, 276382).
cost(4, 12, 199358).
cost(4, 13, 395465).
cost(4, 14, 565913).
cost(4, 15, 334582).
cost(4, 16, 191346).
cost(4, 17, 259195).
cost(4, 18, 27349).
cost(4, 19, 48462).
cost(4, 20, 450067).
cost(4, 21, 475512).
cost(4, 22, 341286).
cost(5, 1, 908466).
cost(5, 2, 841226).
cost(5, 3, 270112).
cost(5, 4, 218584).
cost(5, 6, 198236).
cost(5, 7, 143603).
cost(5, 8, 88120).
cost(5, 9, 410264).
cost(5, 10, 527882).
cost(5, 11, 494841).
cost(5, 12, 388043).
cost(5, 13, 613356).
cost(5, 14, 620100).
cost(5, 15, 441678).
cost(5, 16, 337469).
cost(5, 17, 301048).
cost(5, 18, 244124).
cost(5, 19, 239003).
cost(5, 20, 639308).
cost(5, 21, 655099).
cost(5, 22, 506898).
cost(6, 1, 710253).
cost(6, 2, 710582).
cost(6, 3, 76415).
cost(6, 4, 58303).
cost(6, 5, 198236).
cost(6, 7, 121156).
cost(6, 8, 185968).
cost(6, 9, 217104).
cost(6, 10, 339497).
cost(6, 11, 305786).
cost(6, 12, 255304).
cost(6, 13, 420879).
cost(6, 14, 619644).
cost(6, 15, 391451).
cost(6, 16, 249303).
cost(6, 17, 203569).
cost(6, 18, 66763).
cost(6, 19, 43570).
cost(6, 20, 503190).
cost(6, 21, 464969).
cost(6, 22, 322195).
cost(7, 1, 800489).
cost(7, 2, 698600).
cost(7, 3, 164478).
cost(7, 4, 101573).
cost(7, 5, 143603).
cost(7, 6, 121156).
cost(7, 8, 82779).
cost(7, 9, 328986).
cost(7, 10, 399605).
cost(7, 11, 367966).
cost(7, 12, 244520).
cost(7, 13, 488308).
cost(7, 14, 524885).
cost(7, 15, 317405).
cost(7, 16, 197440).
cost(7, 17, 309105).
cost(7, 18, 128579).
cost(7, 19, 142808).
cost(7, 20, 495866).
cost(7, 21, 576000).
cost(7, 22, 438507).
cost(8, 1, 882005).
cost(8, 2, 762707).
cost(8, 3, 242594).
cost(8, 4, 181372).
cost(8, 5, 88120).
cost(8, 6, 185968).
cost(8, 7, 82779).
cost(8, 9, 402018).
cost(8, 10, 482291).
cost(8, 11, 450730).
cost(8, 12, 318009).
cost(8, 13, 571082).
cost(8, 14, 534073).
cost(8, 15, 354304).
cost(8, 16, 257846).
cost(8, 17, 342934).
cost(8, 18, 208719).
cost(8, 19, 217033).
cost(8, 20, 564113).
cost(8, 21, 650038).
cost(8, 22, 508155).
cost(9, 1, 506555).
cost(9, 2, 677675).
cost(9, 3, 167428).
cost(9, 4, 229893).
cost(9, 5, 410264).
cost(9, 6, 217104).
cost(9, 7, 328986).
cost(9, 8, 402018).
cost(9, 10, 225135).
cost(9, 11, 198737).
cost(9, 12, 307740).
cost(9, 13, 272155).
cost(9, 14, 743867).
cost(9, 15, 500095).
cost(9, 16, 359762).
cost(9, 17, 226340).
cost(9, 18, 205536).
cost(9, 19, 186272).
cost(9, 20, 483724).
cost(9, 21, 248034).
cost(9, 22, 113038).
cost(10, 1, 422368).
cost(10, 2, 458213).
cost(10, 3, 263086).
cost(10, 4, 309323).
cost(10, 5, 527882).
cost(10, 6, 339497).
cost(10, 7, 399605).
cost(10, 8, 482291).
cost(10, 9, 225135).
cost(10, 11, 33769).
cost(10, 12, 218849).
cost(10, 13, 90513).
cost(10, 14, 632073).
cost(10, 15, 401964).
cost(10, 16, 304558).
cost(10, 17, 440671).
cost(10, 18, 283973).
cost(10, 19, 295927).
cost(10, 20, 278262).
cost(10, 21, 313448).
cost(10, 22, 278826).
cost(11, 1, 446542).
cost(11, 2, 479945).
cost(11, 3, 229383).
cost(11, 4, 276382).
cost(11, 5, 494841).
cost(11, 6, 305786).
cost(11, 7, 367966).
cost(11, 8, 450730).
cost(11, 9, 198737).
cost(11, 10, 33769).
cost(11, 12, 199802).
cost(11, 13, 120416).
cost(11, 14, 624434).
cost(11, 15, 389591).
cost(11, 16, 283227).
cost(11, 17, 409855).
cost(11, 18, 250788).
cost(11, 19, 262217).
cost(11, 20, 292517).
cost(11, 21, 313822).
cost(11, 22, 262880).
cost(12, 1, 640410).
cost(12, 2, 459499).
cost(12, 3, 202371).
cost(12, 4, 199358).
cost(12, 5, 388043).
cost(12, 6, 255304).
cost(12, 7, 244520).
cost(12, 8, 318009).
cost(12, 9, 307740).
cost(12, 10, 218849).
cost(12, 11, 199802).
cost(12, 13, 305618).
cost(12, 14, 440117).
cost(12, 15, 197480).
cost(12, 16, 87239).
cost(12, 17, 438929).
cost(12, 18, 189821).
cost(12, 19, 223758).
cost(12, 20, 253562).
cost(12, 21, 500431).
cost(12, 22, 410692).
cost(13, 1, 335053).
cost(13, 2, 457440).
cost(13, 3, 345070).
cost(13, 4, 395465).
cost(13, 5, 613356).
cost(13, 6, 420879).
cost(13, 7, 488308).
cost(13, 8, 571082).
cost(13, 9, 272155).
cost(13, 10, 90513).
cost(13, 11, 120416).
cost(13, 12, 305618).
cost(13, 14, 700867).
cost(13, 15, 479717).
cost(13, 16, 392352).
cost(13, 17, 497535).
cost(13, 18, 369326).
cost(13, 19, 377576).
cost(13, 20, 307820).
cost(13, 21, 279647).
cost(13, 22, 291618).
cost(14, 1, 1020942).
cost(14, 2, 510993).
cost(14, 3, 605396).
cost(14, 4, 565913).
cost(14, 5, 620100).
cost(14, 6, 619644).
cost(14, 7, 524885).
cost(14, 8, 534073).
cost(14, 9, 743867).
cost(14, 10, 632073).
cost(14, 11, 624434).
cost(14, 12, 440117).
cost(14, 13, 700867).
cost(14, 15, 243843).
cost(14, 16, 386743).
cost(14, 17, 823117).
cost(14, 18, 575124).
cost(14, 19, 610786).
cost(14, 20, 440352).
cost(14, 21, 936296).
cost(14, 22, 850153).
cost(15, 1, 811331).
cost(15, 2, 446977).
cost(15, 3, 366743).
cost(15, 4, 334582).
cost(15, 5, 441678).
cost(15, 6, 391451).
cost(15, 7, 317405).
cost(15, 8, 354304).
cost(15, 9, 500095).
cost(15, 10, 401964).
cost(15, 11, 389591).
cost(15, 12, 197480).
cost(15, 13, 479717).
cost(15, 14, 243843).
cost(15, 16, 146219).
cost(15, 17, 593722).
cost(15, 18, 339572).
cost(15, 19, 376044).
cost(15, 20, 287241).
cost(15, 21, 697078).
cost(15, 22, 606449).
cost(16, 1, 726764).
cost(16, 2, 504901).
cost(16, 3, 220525).
cost(16, 4, 191346).
cost(16, 5, 337469).
cost(16, 6, 249303).
cost(16, 7, 197440).
cost(16, 8, 257846).
cost(16, 9, 359762).
cost(16, 10, 304558).
cost(16, 11, 283227).
cost(16, 12, 87239).
cost(16, 13, 392352).
cost(16, 14, 386743).
cost(16, 15, 146219).
cost(16, 17, 449401).
cost(16, 18, 194025).
cost(16, 19, 230618).
cost(16, 20, 307664).
cost(16, 21, 572743).
cost(16, 22, 469313).
cost(17, 1, 710958).
cost(17, 2, 871589).
cost(17, 3, 236635).
cost(17, 4, 259195).
cost(17, 5, 301048).
cost(17, 6, 203569).
cost(17, 7, 309105).
cost(17, 8, 342934).
cost(17, 9, 226340).
cost(17, 10, 440671).
cost(17, 11, 409855).
cost(17, 12, 438929).
cost(17, 13, 497535).
cost(17, 14, 823117).
cost(17, 15, 593722).
cost(17, 16, 449401).
cost(17, 18, 255961).
cost(17, 19, 219434).
cost(17, 20, 667289).
cost(17, 21, 415624).
cost(17, 22, 268061).
cost(18, 1, 673418).
cost(18, 2, 643838).
cost(18, 3, 38128).
cost(18, 4, 27349).
cost(18, 5, 244124).
cost(18, 6, 66763).
cost(18, 7, 128579).
cost(18, 8, 208719).
cost(18, 9, 205536).
cost(18, 10, 283973).
cost(18, 11, 250788).
cost(18, 12, 189821).
cost(18, 13, 369326).
cost(18, 14, 575124).
cost(18, 15, 339572).
cost(18, 16, 194025).
cost(18, 17, 255961).
cost(18, 19, 36615).
cost(18, 20, 436442).
cost(18, 21, 449820).
cost(18, 22, 317740).
cost(19, 1, 670613).
cost(19, 2, 673926).
cost(19, 3, 32849).
cost(19, 4, 48462).
cost(19, 5, 239003).
cost(19, 6, 43570).
cost(19, 7, 142808).
cost(19, 8, 217033).
cost(19, 9, 186272).
cost(19, 10, 295927).
cost(19, 11, 262217).
cost(19, 12, 223758).
cost(19, 13, 377576).
cost(19, 14, 610786).
cost(19, 15, 376044).
cost(19, 16, 230618).
cost(19, 17, 219434).
cost(19, 18, 36615).
cost(19, 20, 466634).
cost(19, 21, 433782).
cost(19, 22, 295926).
cost(20, 1, 592840).
cost(20, 2, 207400).
cost(20, 3, 439503).
cost(20, 4, 450067).
cost(20, 5, 639308).
cost(20, 6, 503190).
cost(20, 7, 495866).
cost(20, 8, 564113).
cost(20, 9, 483724).
cost(20, 10, 278262).
cost(20, 11, 292517).
cost(20, 12, 253562).
cost(20, 13, 307820).
cost(20, 14, 440352).
cost(20, 15, 287241).
cost(20, 16, 307664).
cost(20, 17, 667289).
cost(20, 18, 436442).
cost(20, 19, 466634).
cost(20, 21, 583278).
cost(20, 22, 555204).
cost(21, 1, 307702).
cost(21, 2, 735243).
cost(21, 3, 412300).
cost(21, 4, 475512).
cost(21, 5, 655099).
cost(21, 6, 464969).
cost(21, 7, 576000).
cost(21, 8, 650038).
cost(21, 9, 248034).
cost(21, 10, 313448).
cost(21, 11, 313822).
cost(21, 12, 500431).
cost(21, 13, 279647).
cost(21, 14, 936296).
cost(21, 15, 697078).
cost(21, 16, 572743).
cost(21, 17, 415624).
cost(21, 18, 449820).
cost(21, 19, 433782).
cost(21, 20, 583278).
cost(21, 22, 151210).
cost(22, 1, 443673).
cost(22, 2, 735680).
cost(22, 3, 279624).
cost(22, 4, 341286).
cost(22, 5, 506898).
cost(22, 6, 322195).
cost(22, 7, 438507).
cost(22, 8, 508155).
cost(22, 9, 113038).
cost(22, 10, 278826).
cost(22, 11, 262880).
cost(22, 12, 410692).
cost(22, 13, 291618).
cost(22, 14, 850153).
cost(22, 15, 606449).
cost(22, 16, 469313).
cost(22, 17, 268061).
cost(22, 18, 317740).
cost(22, 19, 295926).
cost(22, 20, 555204).
cost(22, 21, 151210).
nocross(1,2).
nocross(1,9).
nocross(1,10).
nocross(1,11).
nocross(1,13).
nocross(1,21).
nocross(2,20).
nocross(3,4).
nocross(3,5).
nocross(3,9).
nocross(3,11).
nocross(3,18).
nocross(4,5).
nocross(4,6).
nocross(4,14).
nocross(5,4).
nocross(6,4).
nocross(6,5).
nocross(6,7).
nocross(6,9).
nocross(7,4).
nocross(7,5).
nocross(7,6).
nocross(7,8).
nocross(7,14).
nocross(8,4).
nocross(8,5).
nocross(8,6).
nocross(8,7).
nocross(8,14).
nocross(9,1).
nocross(9,3).
nocross(9,10).
nocross(9,11).
nocross(9,13).
nocross(9,17).
nocross(10,1).
nocross(10,4).
nocross(10,9).
nocross(10,11).
nocross(10,13).
nocross(10,14).
nocross(10,20).
nocross(10,21).
nocross(11,4).
nocross(11,9).
nocross(11,10).
nocross(11,21).
nocross(12,4).
nocross(12,7).
nocross(12,9).
nocross(12,10).
nocross(12,11).
nocross(13,1).
nocross(13,9).
nocross(13,10).
nocross(13,11).
nocross(14,2).
nocross(14,15).
nocross(15,4).
nocross(15,7).
nocross(15,8).
nocross(15,14).
nocross(15,20).
nocross(16,4).
nocross(16,7).
nocross(16,8).
nocross(16,11).
nocross(16,15).
nocross(17,5).
nocross(17,6).
nocross(17,9).
nocross(17,11).
nocross(18,3).
nocross(18,4).
nocross(18,6).
nocross(18,7).
nocross(18,10).
nocross(18,11).
nocross(18,14).
nocross(19,4).
nocross(19,5).
nocross(19,9).
nocross(19,14).
nocross(20,4).
nocross(20,9).
nocross(20,10).
nocross(20,11).
nocross(20,13).
nocross(20,14).
nocross(20,15).
nocross(21,9).
nocross(21,10).
nocross(21,11).
nocross(21,22).
nocross(22,1).
nocross(22,5).
nocross(22,9).
nocross(22,10).
nocross(22,11).
nocross(22,13).
nocross(22,17).
nocross(22,21).
