dimension(22).
point(1, -79018.0, 167556.0).
point(2, 67266.0, -144278.0).
point(3, 183265.0, 10805.0).
point(4, 103580.0, 226520.0).
point(5, -131811.0, 150634.0).
point(6, 68125.0, -105368.0).
point(7, 286124.0, 479097.0).
point(8, 162431.0, -196649.0).
point(9, -106208.0, -147744.0).
point(10, 55229.0, -297589.0).
point(11, 133449.0, -70627.0).
point(12, -162024.0, 111854.0).
point(13, -197639.0, -298410.0).
point(14, 3434.0, 30847.0).
point(15, 138337.0, 305107.0).
point(16, -105590.0, -27362.0).
point(17, 137077.0, -295040.0).
point(18, 7837.0, -29867.0).
point(19, 114630.0, 121715.0).
point(20, 140159.0, 167257.0).
point(21, -385282.0, 52356.0).
point(22, -39088.0, -209201.0).
cost(1, 2, 344441).
cost(1, 3, 305554).
cost(1, 4, 191882).
cost(1, 5, 55439).
cost(1, 6, 310062).
cost(1, 7, 479986).
cost(1, 8, 436970).
cost(1, 9, 316470).
cost(1, 10, 484130).
cost(1, 11, 319176).
cost(1, 12, 99964).
cost(1, 13, 480828).
cost(1, 14, 159649).
cost(1, 15, 257223).
cost(1, 16, 196721).
cost(1, 17, 510580).
cost(1, 18, 215684).
cost(1, 19, 199000).
cost(1, 20, 219177).
cost(1, 21, 327214).
cost(1, 22, 378867).
cost(2, 1, 344441).
cost(2, 3, 193666).
cost(2, 4, 372572).
cost(2, 5, 355816).
cost(2, 6, 38919).
cost(2, 7, 660678).
cost(2, 8, 108624).
cost(2, 9, 173509).
cost(2, 10, 153783).
cost(2, 11, 99018).
cost(2, 12, 343770).
cost(2, 13, 306482).
cost(2, 14, 186396).
cost(2, 15, 454970).
cost(2, 16, 208683).
cost(2, 17, 166141).
cost(2, 18, 128925).
cost(2, 19, 270177).
cost(2, 20, 319949).
cost(2, 21, 493421).
cost(2, 22, 124604).
cost(3, 1, 305554).
cost(3, 2, 193666).
cost(3, 4, 229962).
cost(3, 5, 344710).
cost(3, 6, 163565).
cost(3, 7, 479455).
cost(3, 8, 208498).
cost(3, 9, 330049).
cost(3, 10, 333916).
cost(3, 11, 95461).
cost(3, 12, 359771).
cost(3, 13, 490614).
cost(3, 14, 180944).
cost(3, 15, 297712).
cost(3, 16, 291366).
cost(3, 17, 309313).
cost(3, 18, 180081).
cost(3, 19, 130429).
cost(3, 20, 162282).
cost(3, 21, 570063).
cost(3, 22, 312799).
cost(4, 1, 191882).
cost(4, 2, 372572).
cost(4, 3, 229962).
cost(4, 5, 247321).
cost(4, 6, 333776).
cost(4, 7, 311637).
cost(4, 8, 427242).
cost(4, 9, 429051).
cost(4, 10, 526335).
cost(4, 11, 298644).
cost(4, 12, 289299).
cost(4, 13, 605214).
cost(4, 14, 219812).
cost(4, 15, 85930).
cost(4, 16, 328950).
cost(4, 17, 522635).
cost(4, 18, 273680).
cost(4, 19, 105386).
cost(4, 20, 69643).
cost(4, 21, 518960).
cost(4, 22, 458483).
cost(5, 1, 55439).
cost(5, 2, 355816).
cost(5, 3, 344710).
cost(5, 4, 247321).
cost(5, 6, 324825).
cost(5, 7, 531561).
cost(5, 8, 455175).
cost(5, 9, 299474).
cost(5, 10, 485683).
cost(5, 11, 345426).
cost(5, 12, 49160).
cost(5, 13, 453843).
cost(5, 14, 180666).
cost(5, 15, 311194).
cost(5, 16, 179917).
cost(5, 17, 520506).
cost(5, 18, 228215).
cost(5, 19, 248132).
cost(5, 20, 272478).
cost(5, 21, 271857).
cost(5, 22, 371590).
cost(6, 1, 310062).
cost(6, 2, 38919).
cost(6, 3, 163565).
cost(6, 4, 333776).
cost(6, 5, 324825).
cost(6, 7, 623797).
cost(6, 8, 131247).
cost(6, 9, 179409).
cost(6, 10, 192653).
cost(6, 11, 73988).
cost(6, 12, 316471).
cost(6, 13, 328475).
cost(6, 14, 150796).
cost(6, 15, 416437).
cost(6, 16, 190425).
cost(6, 17, 201816).
cost(6, 18, 96618).
cost(6, 19, 231796).
cost(6, 20, 281981).
cost(6, 21, 480057).
cost(6, 22, 149251).
cost(7, 1, 479986).
cost(7, 2, 660678).
cost(7, 3, 479455).
cost(7, 4, 311637).
cost(7, 5, 531561).
cost(7, 6, 623797).
cost(7, 8, 686974).
cost(7, 9, 739496).
cost(7, 10, 810280).
cost(7, 11, 570531).
cost(7, 12, 579400).
cost(7, 13, 915720).
cost(7, 14, 529945).
cost(7, 15, 228284).
cost(7, 16, 640266).
cost(7, 17, 788355).
cost(7, 18, 580076).
cost(7, 19, 396399).
cost(7, 20, 344311).
cost(7, 21, 795546).
cost(7, 22, 761260).
cost(8, 1, 436970).
cost(8, 2, 108624).
cost(8, 3, 208498).
cost(8, 4, 427242).
cost(8, 5, 455175).
cost(8, 6, 131247).
cost(8, 7, 686974).
cost(8, 9, 273054).
cost(8, 10, 147245).
cost(8, 11, 129312).
cost(8, 12, 447711).
cost(8, 13, 374173).
cost(8, 14, 277551).
cost(8, 15, 502334).
cost(8, 16, 317007).
cost(8, 17, 101605).
cost(8, 18, 227411).
cost(8, 19, 321933).
cost(8, 20, 364587).
cost(8, 21, 601659).
cost(8, 22, 201910).
cost(9, 1, 316470).
cost(9, 2, 173509).
cost(9, 3, 330049).
cost(9, 4, 429051).
cost(9, 5, 299474).
cost(9, 6, 179409).
cost(9, 7, 739496).
cost(9, 8, 273054).
cost(9, 10, 220262).
cost(9, 11, 251759).
cost(9, 12, 265531).
cost(9, 13, 176238).
cost(9, 14, 209562).
cost(9, 15, 514661).
cost(9, 16, 120384).
cost(9, 17, 284401).
cost(9, 18, 164016).
cost(9, 19, 348393).
cost(9, 20, 399903).
cost(9, 21, 343398).
cost(9, 22, 91006).
cost(10, 1, 484130).
cost(10, 2, 153783).
cost(10, 3, 333916).
cost(10, 4, 526335).
cost(10, 5, 485683).
cost(10, 6, 192653).
cost(10, 7, 810280).
cost(10, 8, 147245).
cost(10, 9, 220262).
cost(10, 11, 240063).
cost(10, 12, 463511).
cost(10, 13, 252869).
cost(10, 14, 332495).
cost(10, 15, 608399).
cost(10, 16, 314460).
cost(10, 17, 81888).
cost(10, 18, 271884).
cost(10, 19, 423491).
cost(10, 20, 472541).
cost(10, 21, 562593).
cost(10, 22, 129260).
cost(11, 1, 319176).
cost(11, 2, 99018).
cost(11, 3, 95461).
cost(11, 4, 298644).
cost(11, 5, 345426).
cost(11, 6, 73988).
cost(11, 7, 570531).
cost(11, 8, 129312).
cost(11, 9, 251759).
cost(11, 10, 240063).
cost(11, 12, 347280).
cost(11, 13, 401876).
cost(11, 14, 164927).
cost(11, 15, 375766).
cost(11, 16, 242923).
cost(11, 17, 224442).
cost(11, 18, 132060).
cost(11, 19, 193260).
cost(11, 20, 237979).
cost(11, 21, 533110).
cost(11, 22, 221296).
cost(12, 1, 99964).
cost(12, 2, 343770).
cost(12, 3, 359771).
cost(12, 4, 289299).
cost(12, 5, 49160).
cost(12, 6, 316471).
cost(12, 7, 579400).
cost(12, 8, 447711).
cost(12, 9, 265531).
cost(12, 10, 463511).
cost(12, 11, 347280).
cost(12, 13, 411807).
cost(12, 14, 184224).
cost(12, 15, 357160).
cost(12, 16, 150219).
cost(12, 17, 504999).
cost(12, 18, 221218).
cost(12, 19, 276830).
cost(12, 20, 307220).
cost(12, 21, 231050).
cost(12, 22, 343787).
cost(13, 1, 480828).
cost(13, 2, 306482).
cost(13, 3, 490614).
cost(13, 4, 605214).
cost(13, 5, 453843).
cost(13, 6, 328475).
cost(13, 7, 915720).
cost(13, 8, 374173).
cost(13, 9, 176238).
cost(13, 10, 252869).
cost(13, 11, 401876).
cost(13, 12, 411807).
cost(13, 14, 385799).
cost(13, 15, 690733).
cost(13, 16, 286252).
cost(13, 17, 334733).
cost(13, 18, 338136).
cost(13, 19, 523466).
cost(13, 20, 575285).
cost(13, 21, 397802).
cost(13, 22, 181925).
cost(14, 1, 159649).
cost(14, 2, 186396).
cost(14, 3, 180944).
cost(14, 4, 219812).
cost(14, 5, 180666).
cost(14, 6, 150796).
cost(14, 7, 529945).
cost(14, 8, 277551).
cost(14, 9, 209562).
cost(14, 10, 332495).
cost(14, 11, 164927).
cost(14, 12, 184224).
cost(14, 13, 385799).
cost(14, 15, 305643).
cost(14, 16, 123590).
cost(14, 17, 352225).
cost(14, 18, 60873).
cost(14, 19, 143602).
cost(14, 20, 193136).
cost(14, 21, 389311).
cost(14, 22, 243785).
cost(15, 1, 257223).
cost(15, 2, 454970).
cost(15, 3, 297712).
cost(15, 4, 85930).
cost(15, 5, 311194).
cost(15, 6, 416437).
cost(15, 7, 228284).
cost(15, 8, 502334).
cost(15, 9, 514661).
cost(15, 10, 608399).
cost(15, 11, 375766).
cost(15, 12, 357160).
cost(15, 13, 690733).
cost(15, 14, 305643).
cost(15, 16, 412354).
cost(15, 17, 600148).
cost(15, 18, 359497).
cost(15, 19, 184918).
cost(15, 20, 137862).
cost(15, 21, 581429).
cost(15, 22, 544052).
cost(16, 1, 196721).
cost(16, 2, 208683).
cost(16, 3, 291366).
cost(16, 4, 328950).
cost(16, 5, 179917).
cost(16, 6, 190425).
cost(16, 7, 640266).
cost(16, 8, 317007).
cost(16, 9, 120384).
cost(16, 10, 314460).
cost(16, 11, 242923).
cost(16, 12, 150219).
cost(16, 13, 286252).
cost(16, 14, 123590).
cost(16, 15, 412354).
cost(16, 17, 361302).
cost(16, 18, 113455).
cost(16, 19, 265934).
cost(16, 20, 313479).
cost(16, 21, 290831).
cost(16, 22, 193618).
cost(17, 1, 510580).
cost(17, 2, 166141).
cost(17, 3, 309313).
cost(17, 4, 522635).
cost(17, 5, 520506).
cost(17, 6, 201816).
cost(17, 7, 788355).
cost(17, 8, 101605).
cost(17, 9, 284401).
cost(17, 10, 81888).
cost(17, 11, 224442).
cost(17, 12, 504999).
cost(17, 13, 334733).
cost(17, 14, 352225).
cost(17, 15, 600148).
cost(17, 16, 361302).
cost(17, 18, 294991).
cost(17, 19, 417359).
cost(17, 20, 462307).
cost(17, 21, 627330).
cost(17, 22, 195965).
cost(18, 1, 215684).
cost(18, 2, 128925).
cost(18, 3, 180081).
cost(18, 4, 273680).
cost(18, 5, 228215).
cost(18, 6, 96618).
cost(18, 7, 580076).
cost(18, 8, 227411).
cost(18, 9, 164016).
cost(18, 10, 271884).
cost(18, 11, 132060).
cost(18, 12, 221218).
cost(18, 13, 338136).
cost(18, 14, 60873).
cost(18, 15, 359497).
cost(18, 16, 113455).
cost(18, 17, 294991).
cost(18, 19, 185423).
cost(18, 20, 237417).
cost(18, 21, 401626).
cost(18, 22, 185372).
cost(19, 1, 199000).
cost(19, 2, 270177).
cost(19, 3, 130429).
cost(19, 4, 105386).
cost(19, 5, 248132).
cost(19, 6, 231796).
cost(19, 7, 396399).
cost(19, 8, 321933).
cost(19, 9, 348393).
cost(19, 10, 423491).
cost(19, 11, 193260).
cost(19, 12, 276830).
cost(19, 13, 523466).
cost(19, 14, 143602).
cost(19, 15, 184918).
cost(19, 16, 265934).
cost(19, 17, 417359).
cost(19, 18, 185423).
cost(19, 20, 52209).
cost(19, 21, 504701).
cost(19, 22, 364876).
cost(20, 1, 219177).
cost(20, 2, 319949).
cost(20, 3, 162282).
cost(20, 4, 69643).
cost(20, 5, 272478).
cost(20, 6, 281981).
cost(20, 7, 344311).
cost(20, 8, 364587).
cost(20, 9, 399903).
cost(20, 10, 472541).
cost(20, 11, 237979).
cost(20, 12, 307220).
cost(20, 13, 575285).
cost(20, 14, 193136).
cost(20, 15, 137862).
cost(20, 16, 313479).
cost(20, 17, 462307).
cost(20, 18, 237417).
cost(20, 19, 52209).
cost(20, 21, 537857).
cost(20, 22, 416953).
cost(21, 1, 327214).
cost(21, 2, 493421).
cost(21, 3, 570063).
cost(21, 4, 518960).
cost(21, 5, 271857).
cost(21, 6, 480057).
cost(21, 7, 795546).
cost(21, 8, 601659).
cost(21, 9, 343398).
cost(21, 10, 562593).
cost(21, 11, 533110).
cost(21, 12, 231050).
cost(21, 13, 397802).
cost(21, 14, 389311).
cost(21, 15, 581429).
cost(21, 16, 290831).
cost(21, 17, 627330).
cost(21, 18, 401626).
cost(21, 19, 504701).
cost(21, 20, 537857).
cost(21, 22, 433892).
cost(22, 1, 378867).
cost(22, 2, 124604).
cost(22, 3, 312799).
cost(22, 4, 458483).
cost(22, 5, 371590).
cost(22, 6, 149251).
cost(22, 7, 761260).
cost(22, 8, 201910).
cost(22, 9, 91006).
cost(22, 10, 129260).
cost(22, 11, 221296).
cost(22, 12, 343787).
cost(22, 13, 181925).
cost(22, 14, 243785).
cost(22, 15, 544052).
cost(22, 16, 193618).
cost(22, 17, 195965).
cost(22, 18, 185372).
cost(22, 19, 364876).
cost(22, 20, 416953).
cost(22, 21, 433892).
nocross(1,5).
nocross(1,12).
nocross(1,14).
nocross(1,18).
nocross(1,19).
nocross(2,6).
nocross(2,9).
nocross(2,22).
nocross(3,1).
nocross(3,6).
nocross(3,7).
nocross(3,11).
nocross(3,18).
nocross(4,1).
nocross(4,7).
nocross(4,15).
nocross(4,20).
nocross(5,1).
nocross(5,12).
nocross(5,14).
nocross(5,16).
nocross(5,18).
nocross(5,21).
nocross(6,9).
nocross(6,18).
nocross(7,15).
nocross(8,2).
nocross(8,3).
nocross(8,6).
nocross(8,11).
nocross(8,17).
nocross(9,12).
nocross(9,13).
nocross(9,18).
nocross(9,21).
nocross(11,1).
nocross(11,6).
nocross(12,1).
nocross(12,5).
nocross(12,16).
nocross(12,18).
nocross(12,21).
nocross(13,9).
nocross(13,12).
nocross(13,21).
nocross(13,22).
nocross(14,1).
nocross(14,5).
nocross(14,6).
nocross(14,12).
nocross(14,18).
nocross(15,1).
nocross(15,4).
nocross(15,7).
nocross(15,20).
nocross(16,1).
nocross(16,5).
nocross(16,6).
nocross(16,12).
nocross(16,18).
nocross(16,21).
nocross(17,6).
nocross(18,1).
nocross(18,9).
nocross(18,12).
nocross(18,14).
nocross(18,15).
nocross(18,16).
nocross(19,1).
nocross(19,3).
nocross(19,4).
nocross(19,7).
nocross(19,15).
nocross(19,18).
nocross(20,1).
nocross(20,3).
nocross(20,4).
nocross(20,7).
nocross(20,15).
nocross(20,19).
nocross(21,5).
nocross(21,12).
nocross(22,1).
nocross(22,6).
nocross(22,16).
nocross(22,18).
