dimension(22).
point(1, -6615.0, 255396.0).
point(2, 337717.0, 131987.0).
point(3, -243161.0, 171415.0).
point(4, 64706.0, -80409.0).
point(5, -42358.0, -121840.0).
point(6, 77019.0, -49348.0).
point(7, -174357.0, 146001.0).
point(8, -121824.0, -40050.0).
point(9, 153557.0, 5824.0).
point(10, -121256.0, 88615.0).
point(11, 47334.0, 213078.0).
point(12, -59072.0, 310271.0).
point(13, 310874.0, -85869.0).
point(14, -38655.0, 27633.0).
point(15, 491215.0, 22834.0).
point(16, -237345.0, 203020.0).
point(17, -99708.0, 563312.0).
point(18, -107042.0, 5716.0).
point(19, -188246.0, 276960.0).
point(20, 287156.0, 6925.0).
point(21, 80200.0, 27653.0).
point(22, 95091.0, -80115.0).
cost(1, 2, 365779).
cost(1, 3, 251012).
cost(1, 4, 343295).
cost(1, 5, 378926).
cost(1, 6, 316012).
cost(1, 7, 200261).
cost(1, 8, 317114).
cost(1, 9, 296549).
cost(1, 10, 202382).
cost(1, 11, 68566).
cost(1, 12, 75914).
cost(1, 13, 466113).
cost(1, 14, 230006).
cost(1, 15, 549472).
cost(1, 16, 236600).
cost(1, 17, 321681).
cost(1, 18, 269120).
cost(1, 19, 182907).
cost(1, 20, 384759).
cost(1, 21, 243729).
cost(1, 22, 350588).
cost(2, 1, 365779).
cost(2, 3, 582215).
cost(2, 4, 345900).
cost(2, 5, 457040).
cost(2, 6, 317562).
cost(2, 7, 512266).
cost(2, 8, 490688).
cost(2, 9, 223231).
cost(2, 10, 461018).
cost(2, 11, 301493).
cost(2, 12, 435002).
cost(2, 13, 219503).
cost(2, 14, 390571).
cost(2, 15, 188351).
cost(2, 16, 579432).
cost(2, 17, 614314).
cost(2, 18, 462336).
cost(2, 19, 545577).
cost(2, 20, 134896).
cost(2, 21, 277850).
cost(2, 22, 322265).
cost(3, 1, 251012).
cost(3, 2, 582215).
cost(3, 4, 397740).
cost(3, 5, 355416).
cost(3, 6, 388911).
cost(3, 7, 73348).
cost(3, 8, 243803).
cost(3, 9, 429890).
cost(3, 10, 147366).
cost(3, 11, 293467).
cost(3, 12, 230586).
cost(3, 13, 610860).
cost(3, 14, 249992).
cost(3, 15, 749256).
cost(3, 16, 32136).
cost(3, 17, 417327).
cost(3, 18, 214440).
cost(3, 19, 118976).
cost(3, 20, 555241).
cost(3, 21, 353878).
cost(3, 22, 421523).
cost(4, 1, 343295).
cost(4, 2, 345900).
cost(4, 3, 397740).
cost(4, 5, 114801).
cost(4, 6, 33413).
cost(4, 7, 329261).
cost(4, 8, 190846).
cost(4, 9, 123817).
cost(4, 10, 251299).
cost(4, 11, 294001).
cost(4, 12, 409819).
cost(4, 13, 246229).
cost(4, 14, 149521).
cost(4, 15, 438827).
cost(4, 16, 414206).
cost(4, 17, 664386).
cost(4, 18, 192132).
cost(4, 19, 437833).
cost(4, 20, 238980).
cost(4, 21, 109167).
cost(4, 22, 30386).
cost(5, 1, 378926).
cost(5, 2, 457040).
cost(5, 3, 355416).
cost(5, 4, 114801).
cost(5, 6, 139664).
cost(5, 7, 298601).
cost(5, 8, 114037).
cost(5, 9, 233839).
cost(5, 10, 224758).
cost(5, 11, 346720).
cost(5, 12, 432434).
cost(5, 13, 355059).
cost(5, 14, 149519).
cost(5, 15, 552839).
cost(5, 16, 378885).
cost(5, 17, 687548).
cost(5, 18, 143019).
cost(5, 19, 424647).
cost(5, 20, 353779).
cost(5, 21, 193310).
cost(5, 22, 143643).
cost(6, 1, 316012).
cost(6, 2, 317562).
cost(6, 3, 388911).
cost(6, 4, 33413).
cost(6, 5, 139664).
cost(6, 7, 318357).
cost(6, 8, 199060).
cost(6, 9, 94350).
cost(6, 10, 241551).
cost(6, 11, 264100).
cost(6, 12, 384508).
cost(6, 13, 236690).
cost(6, 14, 138948).
cost(6, 15, 420439).
cost(6, 16, 403131).
cost(6, 17, 637640).
cost(6, 18, 192121).
cost(6, 19, 420526).
cost(6, 20, 217541).
cost(6, 21, 77067).
cost(6, 22, 35682).
cost(7, 1, 200261).
cost(7, 2, 512266).
cost(7, 3, 73348).
cost(7, 4, 329261).
cost(7, 5, 298601).
cost(7, 6, 318357).
cost(7, 8, 193325).
cost(7, 9, 356619).
cost(7, 10, 78185).
cost(7, 11, 231617).
cost(7, 12, 200687).
cost(7, 13, 537785).
cost(7, 14, 180072).
cost(7, 15, 676872).
cost(7, 16, 84963).
cost(7, 17, 423935).
cost(7, 18, 155599).
cost(7, 19, 131693).
cost(7, 20, 482013).
cost(7, 21, 280723).
cost(7, 22, 351754).
cost(8, 1, 317114).
cost(8, 2, 490688).
cost(8, 3, 243803).
cost(8, 4, 190846).
cost(8, 5, 114037).
cost(8, 6, 199060).
cost(8, 7, 193325).
cost(8, 9, 279176).
cost(8, 10, 128666).
cost(8, 11, 304447).
cost(8, 12, 355897).
cost(8, 13, 435117).
cost(8, 14, 107229).
cost(8, 15, 616256).
cost(8, 16, 269125).
cost(8, 17, 603767).
cost(8, 18, 48094).
cost(8, 19, 323894).
cost(8, 20, 411669).
cost(8, 21, 213067).
cost(8, 22, 220584).
cost(9, 1, 296549).
cost(9, 2, 223231).
cost(9, 3, 429890).
cost(9, 4, 123817).
cost(9, 5, 233839).
cost(9, 6, 94350).
cost(9, 7, 356619).
cost(9, 8, 279176).
cost(9, 10, 287013).
cost(9, 11, 232890).
cost(9, 12, 371348).
cost(9, 13, 182089).
cost(9, 14, 193445).
cost(9, 15, 338086).
cost(9, 16, 437825).
cost(9, 17, 612320).
cost(9, 18, 260599).
cost(9, 19, 436284).
cost(9, 20, 133604).
cost(9, 21, 76536).
cost(9, 22, 103941).
cost(10, 1, 202382).
cost(10, 2, 461018).
cost(10, 3, 147366).
cost(10, 4, 251299).
cost(10, 5, 224758).
cost(10, 6, 241551).
cost(10, 7, 78185).
cost(10, 8, 128666).
cost(10, 9, 287013).
cost(10, 11, 209556).
cost(10, 12, 230213).
cost(10, 13, 466027).
cost(10, 14, 102673).
cost(10, 15, 615993).
cost(10, 16, 162988).
cost(10, 17, 475186).
cost(10, 18, 84109).
cost(10, 19, 199904).
cost(10, 20, 416502).
cost(10, 21, 210478).
cost(10, 22, 274364).
cost(11, 1, 68566).
cost(11, 2, 301493).
cost(11, 3, 293467).
cost(11, 4, 294001).
cost(11, 5, 346720).
cost(11, 6, 264100).
cost(11, 7, 231617).
cost(11, 8, 304447).
cost(11, 9, 232890).
cost(11, 10, 209556).
cost(11, 12, 144114).
cost(11, 13, 398526).
cost(11, 14, 204411).
cost(11, 15, 482932).
cost(11, 16, 284857).
cost(11, 17, 379849).
cost(11, 18, 258517).
cost(11, 19, 244088).
cost(11, 20, 316249).
cost(11, 21, 188315).
cost(11, 22, 297057).
cost(12, 1, 75914).
cost(12, 2, 435002).
cost(12, 3, 230586).
cost(12, 4, 409819).
cost(12, 5, 432434).
cost(12, 6, 384508).
cost(12, 7, 200687).
cost(12, 8, 355897).
cost(12, 9, 371348).
cost(12, 10, 230213).
cost(12, 11, 144114).
cost(12, 13, 542021).
cost(12, 14, 283374).
cost(12, 15, 620835).
cost(12, 16, 208048).
cost(12, 17, 256283).
cost(12, 18, 308310).
cost(12, 19, 133400).
cost(12, 20, 460318).
cost(12, 21, 315071).
cost(12, 22, 419723).
cost(13, 1, 466113).
cost(13, 2, 219503).
cost(13, 3, 610860).
cost(13, 4, 246229).
cost(13, 5, 355059).
cost(13, 6, 236690).
cost(13, 7, 537785).
cost(13, 8, 435117).
cost(13, 9, 182089).
cost(13, 10, 466027).
cost(13, 11, 398526).
cost(13, 12, 542021).
cost(13, 14, 367496).
cost(13, 15, 210569).
cost(13, 16, 619678).
cost(13, 17, 768123).
cost(13, 18, 427834).
cost(13, 19, 617062).
cost(13, 20, 95777).
cost(13, 21, 257095).
cost(13, 22, 215860).
cost(14, 1, 230006).
cost(14, 2, 390571).
cost(14, 3, 249992).
cost(14, 4, 149521).
cost(14, 5, 149519).
cost(14, 6, 138948).
cost(14, 7, 180072).
cost(14, 8, 107229).
cost(14, 9, 193445).
cost(14, 10, 102673).
cost(14, 11, 204411).
cost(14, 12, 283374).
cost(14, 13, 367496).
cost(14, 15, 529892).
cost(14, 16, 265025).
cost(14, 17, 539147).
cost(14, 18, 71813).
cost(14, 19, 290760).
cost(14, 20, 326468).
cost(14, 21, 118855).
cost(14, 22, 171749).
cost(15, 1, 549472).
cost(15, 2, 188351).
cost(15, 3, 749256).
cost(15, 4, 438827).
cost(15, 5, 552839).
cost(15, 6, 420439).
cost(15, 7, 676872).
cost(15, 8, 616256).
cost(15, 9, 338086).
cost(15, 10, 615993).
cost(15, 11, 482932).
cost(15, 12, 620835).
cost(15, 13, 210569).
cost(15, 14, 529892).
cost(15, 16, 750511).
cost(15, 17, 800816).
cost(15, 18, 598502).
cost(15, 19, 725429).
cost(15, 20, 204678).
cost(15, 21, 411043).
cost(15, 22, 409283).
cost(16, 1, 236600).
cost(16, 2, 579432).
cost(16, 3, 32136).
cost(16, 4, 414206).
cost(16, 5, 378885).
cost(16, 6, 403131).
cost(16, 7, 84963).
cost(16, 8, 269125).
cost(16, 9, 437825).
cost(16, 10, 162988).
cost(16, 11, 284857).
cost(16, 12, 208048).
cost(16, 13, 619678).
cost(16, 14, 265025).
cost(16, 15, 750511).
cost(16, 17, 385687).
cost(16, 18, 236448).
cost(16, 19, 88757).
cost(16, 20, 559959).
cost(16, 21, 362751).
cost(16, 22, 436668).
cost(17, 1, 321681).
cost(17, 2, 614314).
cost(17, 3, 417327).
cost(17, 4, 664386).
cost(17, 5, 687548).
cost(17, 6, 637640).
cost(17, 7, 423935).
cost(17, 8, 603767).
cost(17, 9, 612320).
cost(17, 10, 475186).
cost(17, 11, 379849).
cost(17, 12, 256283).
cost(17, 13, 768123).
cost(17, 14, 539147).
cost(17, 15, 800816).
cost(17, 16, 385687).
cost(17, 18, 557644).
cost(17, 19, 299727).
cost(17, 20, 677665).
cost(17, 21, 565064).
cost(17, 22, 672269).
cost(18, 1, 269120).
cost(18, 2, 462336).
cost(18, 3, 214440).
cost(18, 4, 192132).
cost(18, 5, 143019).
cost(18, 6, 192121).
cost(18, 7, 155599).
cost(18, 8, 48094).
cost(18, 9, 260599).
cost(18, 10, 84109).
cost(18, 11, 258517).
cost(18, 12, 308310).
cost(18, 13, 427834).
cost(18, 14, 71813).
cost(18, 15, 598502).
cost(18, 16, 236448).
cost(18, 17, 557644).
cost(18, 19, 283138).
cost(18, 20, 394200).
cost(18, 21, 188523).
cost(18, 22, 219601).
cost(19, 1, 182907).
cost(19, 2, 545577).
cost(19, 3, 118976).
cost(19, 4, 437833).
cost(19, 5, 424647).
cost(19, 6, 420526).
cost(19, 7, 131693).
cost(19, 8, 323894).
cost(19, 9, 436284).
cost(19, 10, 199904).
cost(19, 11, 244088).
cost(19, 12, 133400).
cost(19, 13, 617062).
cost(19, 14, 290760).
cost(19, 15, 725429).
cost(19, 16, 88757).
cost(19, 17, 299727).
cost(19, 18, 283138).
cost(19, 20, 546741).
cost(19, 21, 366357).
cost(19, 22, 455832).
cost(20, 1, 384759).
cost(20, 2, 134896).
cost(20, 3, 555241).
cost(20, 4, 238980).
cost(20, 5, 353779).
cost(20, 6, 217541).
cost(20, 7, 482013).
cost(20, 8, 411669).
cost(20, 9, 133604).
cost(20, 10, 416502).
cost(20, 11, 316249).
cost(20, 12, 460318).
cost(20, 13, 95777).
cost(20, 14, 326468).
cost(20, 15, 204678).
cost(20, 16, 559959).
cost(20, 17, 677665).
cost(20, 18, 394200).
cost(20, 19, 546741).
cost(20, 21, 207991).
cost(20, 22, 210867).
cost(21, 1, 243729).
cost(21, 2, 277850).
cost(21, 3, 353878).
cost(21, 4, 109167).
cost(21, 5, 193310).
cost(21, 6, 77067).
cost(21, 7, 280723).
cost(21, 8, 213067).
cost(21, 9, 76536).
cost(21, 10, 210478).
cost(21, 11, 188315).
cost(21, 12, 315071).
cost(21, 13, 257095).
cost(21, 14, 118855).
cost(21, 15, 411043).
cost(21, 16, 362751).
cost(21, 17, 565064).
cost(21, 18, 188523).
cost(21, 19, 366357).
cost(21, 20, 207991).
cost(21, 22, 108792).
cost(22, 1, 350588).
cost(22, 2, 322265).
cost(22, 3, 421523).
cost(22, 4, 30386).
cost(22, 5, 143643).
cost(22, 6, 35682).
cost(22, 7, 351754).
cost(22, 8, 220584).
cost(22, 9, 103941).
cost(22, 10, 274364).
cost(22, 11, 297057).
cost(22, 12, 419723).
cost(22, 13, 215860).
cost(22, 14, 171749).
cost(22, 15, 409283).
cost(22, 16, 436668).
cost(22, 17, 672269).
cost(22, 18, 219601).
cost(22, 19, 455832).
cost(22, 20, 210867).
cost(22, 21, 108792).
nocross(1,3).
nocross(1,7).
nocross(1,10).
nocross(1,11).
nocross(1,12).
nocross(1,14).
nocross(1,18).
nocross(1,19).
nocross(2,1).
nocross(2,9).
nocross(2,13).
nocross(2,20).
nocross(3,7).
nocross(3,10).
nocross(3,14).
nocross(3,18).
nocross(4,1).
nocross(4,6).
nocross(4,14).
nocross(4,18).
nocross(4,20).
nocross(4,22).
nocross(5,1).
nocross(5,8).
nocross(5,10).
nocross(5,14).
nocross(5,18).
nocross(5,21).
nocross(6,1).
nocross(6,13).
nocross(6,14).
nocross(6,20).
nocross(7,3).
nocross(7,10).
nocross(7,14).
nocross(7,16).
nocross(7,18).
nocross(7,19).
nocross(8,3).
nocross(8,14).
nocross(8,18).
nocross(9,2).
nocross(9,11).
nocross(9,21).
nocross(10,1).
nocross(10,3).
nocross(10,7).
nocross(10,14).
nocross(10,18).
nocross(10,19).
nocross(11,1).
nocross(11,14).
nocross(11,21).
nocross(12,1).
nocross(12,3).
nocross(12,14).
nocross(12,16).
nocross(12,19).
nocross(13,20).
nocross(14,1).
nocross(14,10).
nocross(14,18).
nocross(14,19).
nocross(14,21).
nocross(15,13).
nocross(15,20).
nocross(16,1).
nocross(16,3).
nocross(16,19).
nocross(17,1).
nocross(17,11).
nocross(17,12).
nocross(17,19).
nocross(18,1).
nocross(18,3).
nocross(18,7).
nocross(18,10).
nocross(18,14).
nocross(18,21).
nocross(19,1).
nocross(19,7).
nocross(19,10).
nocross(19,12).
nocross(19,16).
nocross(20,1).
nocross(20,2).
nocross(20,9).
nocross(20,13).
nocross(20,21).
nocross(21,1).
nocross(21,2).
nocross(21,9).
nocross(21,14).
nocross(21,18).
nocross(22,6).
nocross(22,13).
nocross(22,14).
nocross(22,18).
nocross(22,20).
nocross(22,21).
