dimension(22).
point(1, 186496.0, -139105.0).
point(2, -173461.0, 54573.0).
point(3, 220432.0, -175847.0).
point(4, 112906.0, 223149.0).
point(5, -107964.0, 54607.0).
point(6, 117678.0, 970541.0).
point(7, 213375.0, 174550.0).
point(8, -221622.0, -138224.0).
point(9, 269847.0, -188929.0).
point(10, -96699.0, -248972.0).
point(11, 55541.0, -66382.0).
point(12, -108020.0, -87516.0).
point(13, -123517.0, 55190.0).
point(14, -295894.0, -129585.0).
point(15, -147857.0, -86999.0).
point(16, 61896.0, -117351.0).
point(17, 264077.0, 254414.0).
point(18, 38966.0, -160248.0).
point(19, 28949.0, 62995.0).
point(20, -182338.0, 459828.0).
point(21, -183717.0, -242984.0).
point(22, -405797.0, 270591.0).
cost(1, 2, 408754).
cost(1, 3, 50016).
cost(1, 4, 369653).
cost(1, 5, 352464).
cost(1, 6, 1111778).
cost(1, 7, 314805).
cost(1, 8, 408119).
cost(1, 9, 97107).
cost(1, 10, 303760).
cost(1, 11, 149793).
cost(1, 12, 299000).
cost(1, 13, 365867).
cost(1, 14, 482484).
cost(1, 15, 338389).
cost(1, 16, 126485).
cost(1, 17, 401094).
cost(1, 18, 149037).
cost(1, 19, 256253).
cost(1, 20, 703391).
cost(1, 21, 384511).
cost(1, 22, 720182).
cost(2, 1, 408754).
cost(2, 3, 456339).
cost(2, 4, 332301).
cost(2, 5, 65497).
cost(2, 6, 961124).
cost(2, 7, 405014).
cost(2, 8, 198721).
cost(2, 9, 505782).
cost(2, 10, 313101).
cost(2, 11, 258983).
cost(2, 12, 156435).
cost(2, 13, 49948).
cost(2, 14, 221143).
cost(2, 15, 143869).
cost(2, 16, 291463).
cost(2, 17, 481016).
cost(2, 18, 302115).
cost(2, 19, 202585).
cost(2, 20, 405352).
cost(2, 21, 297734).
cost(2, 22, 317244).
cost(3, 1, 50016).
cost(3, 2, 456339).
cost(3, 4, 413231).
cost(3, 5, 401189).
cost(3, 6, 1150984).
cost(3, 7, 350468).
cost(3, 8, 443652).
cost(3, 9, 51117).
cost(3, 10, 325453).
cost(3, 11, 197918).
cost(3, 12, 340122).
cost(3, 13, 414342).
cost(3, 14, 518394).
cost(3, 15, 378855).
cost(3, 16, 168984).
cost(3, 17, 432469).
cost(3, 18, 182135).
cost(3, 19, 306123).
cost(3, 20, 752533).
cost(3, 21, 409687).
cost(3, 22, 769071).
cost(4, 1, 369653).
cost(4, 2, 332301).
cost(4, 3, 413231).
cost(4, 5, 277831).
cost(4, 6, 747407).
cost(4, 7, 111606).
cost(4, 8, 492442).
cost(4, 9, 440952).
cost(4, 10, 516558).
cost(4, 11, 295159).
cost(4, 12, 381210).
cost(4, 13, 290010).
cost(4, 14, 539943).
cost(4, 15, 405203).
cost(4, 16, 344300).
cost(4, 17, 154370).
cost(4, 18, 390462).
cost(4, 19, 180826).
cost(4, 20, 378399).
cost(4, 21, 552508).
cost(4, 22, 520868).
cost(5, 1, 352464).
cost(5, 2, 65497).
cost(5, 3, 401189).
cost(5, 4, 277831).
cost(5, 6, 943318).
cost(5, 7, 342994).
cost(5, 8, 223835).
cost(5, 9, 449501).
cost(5, 10, 303788).
cost(5, 11, 203402).
cost(5, 12, 142123).
cost(5, 13, 15564).
cost(5, 14, 263143).
cost(5, 15, 147118).
cost(5, 16, 241706).
cost(5, 17, 422300).
cost(5, 18, 260290).
cost(5, 19, 137170).
cost(5, 20, 411990).
cost(5, 21, 307081).
cost(5, 22, 367904).
cost(6, 1, 1111778).
cost(6, 2, 961124).
cost(6, 3, 1150984).
cost(6, 4, 747407).
cost(6, 5, 943318).
cost(6, 7, 801723).
cost(6, 8, 1159519).
cost(6, 9, 1169413).
cost(6, 10, 1238212).
cost(6, 11, 1038783).
cost(6, 12, 1081861).
cost(6, 13, 946595).
cost(6, 14, 1175295).
cost(6, 15, 1090367).
cost(6, 16, 1089321).
cost(6, 17, 730938).
cost(6, 18, 1133525).
cost(6, 19, 911873).
cost(6, 20, 592315).
cost(6, 21, 1250393).
cost(6, 22, 874046).
cost(7, 1, 314805).
cost(7, 2, 405014).
cost(7, 3, 350468).
cost(7, 4, 111606).
cost(7, 5, 342994).
cost(7, 6, 801723).
cost(7, 8, 535770).
cost(7, 9, 367840).
cost(7, 10, 524897).
cost(7, 11, 288027).
cost(7, 12, 414697).
cost(7, 13, 357412).
cost(7, 14, 593172).
cost(7, 15, 445978).
cost(7, 16, 328865).
cost(7, 17, 94599).
cost(7, 18, 377503).
cost(7, 19, 215540).
cost(7, 20, 487824).
cost(7, 21, 576209).
cost(7, 22, 626576).
cost(8, 1, 408119).
cost(8, 2, 198721).
cost(8, 3, 443652).
cost(8, 4, 492442).
cost(8, 5, 223835).
cost(8, 6, 1159519).
cost(8, 7, 535770).
cost(8, 9, 494078).
cost(8, 10, 166946).
cost(8, 11, 286323).
cost(8, 12, 124405).
cost(8, 13, 216872).
cost(8, 14, 74773).
cost(8, 15, 89807).
cost(8, 16, 284285).
cost(8, 17, 624554).
cost(8, 18, 261517).
cost(8, 19, 321364).
cost(8, 20, 599341).
cost(8, 21, 111407).
cost(8, 22, 448386).
cost(9, 1, 97107).
cost(9, 2, 505782).
cost(9, 3, 51117).
cost(9, 4, 440952).
cost(9, 5, 449501).
cost(9, 6, 1169413).
cost(9, 7, 367840).
cost(9, 8, 494078).
cost(9, 10, 371431).
cost(9, 11, 246870).
cost(9, 12, 391239).
cost(9, 13, 462957).
cost(9, 14, 568845).
cost(9, 15, 429961).
cost(9, 16, 219925).
cost(9, 17, 443381).
cost(9, 18, 232656).
cost(9, 19, 348565).
cost(9, 20, 790795).
cost(9, 21, 456774).
cost(9, 22, 817101).
cost(10, 1, 303760).
cost(10, 2, 313101).
cost(10, 3, 325453).
cost(10, 4, 516558).
cost(10, 5, 303788).
cost(10, 6, 1238212).
cost(10, 7, 524897).
cost(10, 8, 166946).
cost(10, 9, 371431).
cost(10, 11, 237731).
cost(10, 12, 161852).
cost(10, 13, 305342).
cost(10, 14, 232232).
cost(10, 15, 169860).
cost(10, 16, 206098).
cost(10, 17, 619320).
cost(10, 18, 162102).
cost(10, 19, 336320).
cost(10, 20, 713955).
cost(10, 21, 87224).
cost(10, 22, 604555).
cost(11, 1, 149793).
cost(11, 2, 258983).
cost(11, 3, 197918).
cost(11, 4, 295159).
cost(11, 5, 203402).
cost(11, 6, 1038783).
cost(11, 7, 288027).
cost(11, 8, 286323).
cost(11, 9, 246870).
cost(11, 10, 237731).
cost(11, 12, 164921).
cost(11, 13, 216429).
cost(11, 14, 357073).
cost(11, 15, 204440).
cost(11, 16, 51364).
cost(11, 17, 382619).
cost(11, 18, 95318).
cost(11, 19, 132082).
cost(11, 20, 577480).
cost(11, 21, 297376).
cost(11, 22, 571300).
cost(12, 1, 299000).
cost(12, 2, 156435).
cost(12, 3, 340122).
cost(12, 4, 381210).
cost(12, 5, 142123).
cost(12, 6, 1081861).
cost(12, 7, 414697).
cost(12, 8, 124405).
cost(12, 9, 391239).
cost(12, 10, 161852).
cost(12, 11, 164921).
cost(12, 13, 143545).
cost(12, 14, 192526).
cost(12, 15, 39840).
cost(12, 16, 172515).
cost(12, 17, 505344).
cost(12, 18, 163996).
cost(12, 19, 203504).
cost(12, 20, 552366).
cost(12, 21, 172917).
cost(12, 22, 465738).
cost(13, 1, 365867).
cost(13, 2, 49948).
cost(13, 3, 414342).
cost(13, 4, 290010).
cost(13, 5, 15564).
cost(13, 6, 946595).
cost(13, 7, 357412).
cost(13, 8, 216872).
cost(13, 9, 462957).
cost(13, 10, 305342).
cost(13, 11, 216429).
cost(13, 12, 143545).
cost(13, 14, 252697).
cost(13, 15, 144257).
cost(13, 16, 253275).
cost(13, 17, 435797).
cost(13, 18, 269841).
cost(13, 19, 152666).
cost(13, 20, 408891).
cost(13, 21, 304190).
cost(13, 22, 355077).
cost(14, 1, 482484).
cost(14, 2, 221143).
cost(14, 3, 518394).
cost(14, 4, 539943).
cost(14, 5, 263143).
cost(14, 6, 1175295).
cost(14, 7, 593172).
cost(14, 8, 74773).
cost(14, 9, 568845).
cost(14, 10, 232232).
cost(14, 11, 357073).
cost(14, 12, 192526).
cost(14, 13, 252697).
cost(14, 15, 154041).
cost(14, 16, 357999).
cost(14, 17, 678987).
cost(14, 18, 336261).
cost(14, 19, 377637).
cost(14, 20, 600252).
cost(14, 21, 159509).
cost(14, 22, 414993).
cost(15, 1, 338389).
cost(15, 2, 143869).
cost(15, 3, 378855).
cost(15, 4, 405203).
cost(15, 5, 147118).
cost(15, 6, 1090367).
cost(15, 7, 445978).
cost(15, 8, 89807).
cost(15, 9, 429961).
cost(15, 10, 169860).
cost(15, 11, 204440).
cost(15, 12, 39840).
cost(15, 13, 144257).
cost(15, 14, 154041).
cost(15, 16, 211938).
cost(15, 17, 535026).
cost(15, 18, 200670).
cost(15, 19, 231859).
cost(15, 20, 547913).
cost(15, 21, 160054).
cost(15, 22, 440912).
cost(16, 1, 126485).
cost(16, 2, 291463).
cost(16, 3, 168984).
cost(16, 4, 344300).
cost(16, 5, 241706).
cost(16, 6, 1089321).
cost(16, 7, 328865).
cost(16, 8, 284285).
cost(16, 9, 219925).
cost(16, 10, 206098).
cost(16, 11, 51364).
cost(16, 12, 172515).
cost(16, 13, 253275).
cost(16, 14, 357999).
cost(16, 15, 211938).
cost(16, 17, 423186).
cost(16, 18, 48641).
cost(16, 19, 183331).
cost(16, 20, 626726).
cost(16, 21, 275879).
cost(16, 22, 607648).
cost(17, 1, 401094).
cost(17, 2, 481016).
cost(17, 3, 432469).
cost(17, 4, 154370).
cost(17, 5, 422300).
cost(17, 6, 730938).
cost(17, 7, 94599).
cost(17, 8, 624554).
cost(17, 9, 443381).
cost(17, 10, 619320).
cost(17, 11, 382619).
cost(17, 12, 505344).
cost(17, 13, 435797).
cost(17, 14, 678987).
cost(17, 15, 535026).
cost(17, 16, 423186).
cost(17, 18, 471826).
cost(17, 19, 303194).
cost(17, 20, 491407).
cost(17, 21, 669271).
cost(17, 22, 670069).
cost(18, 1, 149037).
cost(18, 2, 302115).
cost(18, 3, 182135).
cost(18, 4, 390462).
cost(18, 5, 260290).
cost(18, 6, 1133525).
cost(18, 7, 377503).
cost(18, 8, 261517).
cost(18, 9, 232656).
cost(18, 10, 162102).
cost(18, 11, 95318).
cost(18, 12, 163996).
cost(18, 13, 269841).
cost(18, 14, 336261).
cost(18, 15, 200670).
cost(18, 16, 48641).
cost(18, 17, 471826).
cost(18, 19, 223468).
cost(18, 20, 658384).
cost(18, 21, 237556).
cost(18, 22, 619222).
cost(19, 1, 256253).
cost(19, 2, 202585).
cost(19, 3, 306123).
cost(19, 4, 180826).
cost(19, 5, 137170).
cost(19, 6, 911873).
cost(19, 7, 215540).
cost(19, 8, 321364).
cost(19, 9, 348565).
cost(19, 10, 336320).
cost(19, 11, 132082).
cost(19, 12, 203504).
cost(19, 13, 152666).
cost(19, 14, 377637).
cost(19, 15, 231859).
cost(19, 16, 183331).
cost(19, 17, 303194).
cost(19, 18, 223468).
cost(19, 20, 449576).
cost(19, 21, 372626).
cost(19, 22, 481768).
cost(20, 1, 703391).
cost(20, 2, 405352).
cost(20, 3, 752533).
cost(20, 4, 378399).
cost(20, 5, 411990).
cost(20, 6, 592315).
cost(20, 7, 487824).
cost(20, 8, 599341).
cost(20, 9, 790795).
cost(20, 10, 713955).
cost(20, 11, 577480).
cost(20, 12, 552366).
cost(20, 13, 408891).
cost(20, 14, 600252).
cost(20, 15, 547913).
cost(20, 16, 626726).
cost(20, 17, 491407).
cost(20, 18, 658384).
cost(20, 19, 449576).
cost(20, 21, 702813).
cost(20, 22, 292822).
cost(21, 1, 384511).
cost(21, 2, 297734).
cost(21, 3, 409687).
cost(21, 4, 552508).
cost(21, 5, 307081).
cost(21, 6, 1250393).
cost(21, 7, 576209).
cost(21, 8, 111407).
cost(21, 9, 456774).
cost(21, 10, 87224).
cost(21, 11, 297376).
cost(21, 12, 172917).
cost(21, 13, 304190).
cost(21, 14, 159509).
cost(21, 15, 160054).
cost(21, 16, 275879).
cost(21, 17, 669271).
cost(21, 18, 237556).
cost(21, 19, 372626).
cost(21, 20, 702813).
cost(21, 22, 559534).
cost(22, 1, 720182).
cost(22, 2, 317244).
cost(22, 3, 769071).
cost(22, 4, 520868).
cost(22, 5, 367904).
cost(22, 6, 874046).
cost(22, 7, 626576).
cost(22, 8, 448386).
cost(22, 9, 817101).
cost(22, 10, 604555).
cost(22, 11, 571300).
cost(22, 12, 465738).
cost(22, 13, 355077).
cost(22, 14, 414993).
cost(22, 15, 440912).
cost(22, 16, 607648).
cost(22, 17, 670069).
cost(22, 18, 619222).
cost(22, 19, 481768).
cost(22, 20, 292822).
cost(22, 21, 559534).
nocross(1,5).
nocross(1,11).
nocross(1,16).
nocross(1,18).
nocross(2,5).
nocross(2,13).
nocross(2,18).
nocross(2,22).
nocross(3,1).
nocross(3,5).
nocross(3,11).
nocross(3,16).
nocross(3,18).
nocross(4,5).
nocross(4,7).
nocross(4,11).
nocross(4,13).
nocross(4,16).
nocross(4,17).
nocross(4,19).
nocross(5,4).
nocross(5,18).
nocross(6,5).
nocross(6,13).
nocross(6,17).
nocross(6,20).
nocross(7,4).
nocross(7,9).
nocross(7,11).
nocross(7,13).
nocross(7,16).
nocross(7,17).
nocross(7,19).
nocross(8,2).
nocross(8,5).
nocross(8,10).
nocross(8,14).
nocross(8,18).
nocross(8,21).
nocross(9,1).
nocross(9,5).
nocross(9,18).
nocross(10,18).
nocross(10,19).
nocross(11,1).
nocross(11,5).
nocross(12,5).
nocross(12,11).
nocross(12,16).
nocross(12,18).
nocross(12,19).
nocross(13,2).
nocross(13,5).
nocross(13,18).
nocross(13,22).
nocross(14,2).
nocross(14,5).
nocross(14,8).
nocross(14,15).
nocross(14,18).
nocross(14,21).
nocross(15,2).
nocross(15,5).
nocross(15,8).
nocross(15,11).
nocross(15,14).
nocross(15,16).
nocross(15,18).
nocross(15,19).
nocross(15,21).
nocross(16,1).
nocross(16,5).
nocross(16,11).
nocross(16,18).
nocross(17,4).
nocross(17,7).
nocross(17,9).
nocross(17,13).
nocross(17,19).
nocross(17,20).
nocross(18,5).
nocross(18,11).
nocross(19,5).
nocross(19,18).
nocross(20,2).
nocross(20,4).
nocross(20,5).
nocross(20,13).
nocross(20,18).
nocross(20,22).
nocross(21,8).
nocross(21,10).
nocross(21,15).
nocross(21,18).
nocross(22,2).
nocross(22,5).
nocross(22,13).
nocross(22,14).
